alpha,cost,performance,perf_per_cost,actual_pods,excess_pods,instance_types
0.0,2.981930000000001,7839135,2628879.9535871046,400,0,"{'D16pds_v5_US East_3': 5, 'D16ps_v5_US East_3': 5, 'D2pds_v5_US East_1': 5, 'D2pds_v5_US East_2': 5, 'D2pds_v5_US East_3': 5, 'D2ps_v5_US East_1': 5, 'D2ps_v5_US East_2': 5, 'D2ps_v5_US East_3': 5, 'D4ps_v5_US East_1': 5, 'D4ps_v5_US East_2': 5, 'D4ps_v5_US East_3': 5, 'D8ps_v5_US East_1': 5, 'D8ps_v5_US East_2': 5, 'D8ps_v5_US East_3': 5}"
0.01,2.981930000000001,7839135,2628879.9535871046,400,0,"{'D16pds_v5_US East_3': 5, 'D16ps_v5_US East_3': 5, 'D2pds_v5_US East_1': 5, 'D2pds_v5_US East_2': 5, 'D2pds_v5_US East_3': 5, 'D2ps_v5_US East_1': 5, 'D2ps_v5_US East_2': 5, 'D2ps_v5_US East_3': 5, 'D4ps_v5_US East_1': 5, 'D4ps_v5_US East_2': 5, 'D4ps_v5_US East_3': 5, 'D8ps_v5_US East_1': 5, 'D8ps_v5_US East_2': 5, 'D8ps_v5_US East_3': 5}"
0.02,2.981930000000001,7839135,2628879.9535871046,400,0,"{'D16pds_v5_US East_3': 5, 'D16ps_v5_US East_3': 5, 'D2pds_v5_US East_1': 5, 'D2pds_v5_US East_2': 5, 'D2pds_v5_US East_3': 5, 'D2ps_v5_US East_1': 5, 'D2ps_v5_US East_2': 5, 'D2ps_v5_US East_3': 5, 'D4ps_v5_US East_1': 5, 'D4ps_v5_US East_2': 5, 'D4ps_v5_US East_3': 5, 'D8ps_v5_US East_1': 5, 'D8ps_v5_US East_2': 5, 'D8ps_v5_US East_3': 5}"
0.03,2.981930000000001,7839135,2628879.9535871046,400,0,"{'D16pds_v5_US East_3': 5, 'D16ps_v5_US East_3': 5, 'D2pds_v5_US East_1': 5, 'D2pds_v5_US East_2': 5, 'D2pds_v5_US East_3': 5, 'D2ps_v5_US East_1': 5, 'D2ps_v5_US East_2': 5, 'D2ps_v5_US East_3': 5, 'D4ps_v5_US East_1': 5, 'D4ps_v5_US East_2': 5, 'D4ps_v5_US East_3': 5, 'D8ps_v5_US East_1': 5, 'D8ps_v5_US East_2': 5, 'D8ps_v5_US East_3': 5}"
0.04,2.981930000000001,7839135,2628879.9535871046,400,0,"{'D16pds_v5_US East_3': 5, 'D16ps_v5_US East_3': 5, 'D2pds_v5_US East_1': 5, 'D2pds_v5_US East_2': 5, 'D2pds_v5_US East_3': 5, 'D2ps_v5_US East_1': 5, 'D2ps_v5_US East_2': 5, 'D2ps_v5_US East_3': 5, 'D4ps_v5_US East_1': 5, 'D4ps_v5_US East_2': 5, 'D4ps_v5_US East_3': 5, 'D8ps_v5_US East_1': 5, 'D8ps_v5_US East_2': 5, 'D8ps_v5_US East_3': 5}"
0.05,2.981930000000001,7839135,2628879.9535871046,400,0,"{'D16pds_v5_US East_3': 5, 'D16ps_v5_US East_3': 5, 'D2pds_v5_US East_1': 5, 'D2pds_v5_US East_2': 5, 'D2pds_v5_US East_3': 5, 'D2ps_v5_US East_1': 5, 'D2ps_v5_US East_2': 5, 'D2ps_v5_US East_3': 5, 'D4ps_v5_US East_1': 5, 'D4ps_v5_US East_2': 5, 'D4ps_v5_US East_3': 5, 'D8ps_v5_US East_1': 5, 'D8ps_v5_US East_2': 5, 'D8ps_v5_US East_3': 5}"
0.06,2.981930000000001,7839135,2628879.9535871046,400,0,"{'D16pds_v5_US East_3': 5, 'D16ps_v5_US East_3': 5, 'D2pds_v5_US East_1': 5, 'D2pds_v5_US East_2': 5, 'D2pds_v5_US East_3': 5, 'D2ps_v5_US East_1': 5, 'D2ps_v5_US East_2': 5, 'D2ps_v5_US East_3': 5, 'D4ps_v5_US East_1': 5, 'D4ps_v5_US East_2': 5, 'D4ps_v5_US East_3': 5, 'D8ps_v5_US East_1': 5, 'D8ps_v5_US East_2': 5, 'D8ps_v5_US East_3': 5}"
0.07,3.0416050000000006,9209338,3027789.2428504024,400,0,"{'D16as_v6_US East_1': 5, 'D16as_v6_US East_3': 1, 'D16ps_v5_US East_3': 5, 'D2as_v6_US East_3': 3, 'D2ps_v5_US East_1': 5, 'D2ps_v5_US East_2': 5, 'D2ps_v5_US East_3': 5, 'D4ps_v5_US East_1': 5, 'D4ps_v5_US East_2': 5, 'D4ps_v5_US East_3': 5, 'D8as_v6_US East_3': 1, 'D8ps_v5_US East_1': 5, 'D8ps_v5_US East_2': 5, 'D8ps_v5_US East_3': 5}"
0.08,3.0416050000000006,9209338,3027789.2428504024,400,0,"{'D16as_v6_US East_1': 5, 'D16as_v6_US East_3': 1, 'D16ps_v5_US East_3': 5, 'D2as_v6_US East_3': 3, 'D2ps_v5_US East_1': 5, 'D2ps_v5_US East_2': 5, 'D2ps_v5_US East_3': 5, 'D4ps_v5_US East_1': 5, 'D4ps_v5_US East_2': 5, 'D4ps_v5_US East_3': 5, 'D8as_v6_US East_3': 1, 'D8ps_v5_US East_1': 5, 'D8ps_v5_US East_2': 5, 'D8ps_v5_US East_3': 5}"
0.09,3.0416050000000006,9209338,3027789.242850402,400,0,"{'D16ps_v5_US East_3': 5, 'D2as_v6_US East_3': 3, 'D2ps_v5_US East_1': 5, 'D2ps_v5_US East_2': 5, 'D2ps_v5_US East_3': 5, 'D4ps_v5_US East_1': 5, 'D4ps_v5_US East_2': 5, 'D4ps_v5_US East_3': 5, 'D8as_v6_US East_1': 5, 'D8as_v6_US East_2': 5, 'D8as_v6_US East_3': 3, 'D8ps_v5_US East_1': 5, 'D8ps_v5_US East_2': 5, 'D8ps_v5_US East_3': 5}"
0.1,3.0416050000000006,9209338,3027789.2428504024,400,0,"{'D16as_v6_US East_1': 5, 'D16as_v6_US East_3': 1, 'D16ps_v5_US East_3': 5, 'D2as_v6_US East_3': 3, 'D2ps_v5_US East_1': 5, 'D2ps_v5_US East_2': 5, 'D2ps_v5_US East_3': 5, 'D4ps_v5_US East_1': 5, 'D4ps_v5_US East_2': 5, 'D4ps_v5_US East_3': 5, 'D8as_v6_US East_3': 1, 'D8ps_v5_US East_1': 5, 'D8ps_v5_US East_2': 5, 'D8ps_v5_US East_3': 5}"
0.11,3.0416050000000006,9209338,3027789.2428504024,400,0,"{'D16as_v6_US East_1': 5, 'D16as_v6_US East_3': 1, 'D16ps_v5_US East_3': 5, 'D2as_v6_US East_3': 3, 'D2ps_v5_US East_1': 5, 'D2ps_v5_US East_2': 5, 'D2ps_v5_US East_3': 5, 'D4ps_v5_US East_1': 5, 'D4ps_v5_US East_2': 5, 'D4ps_v5_US East_3': 5, 'D8as_v6_US East_3': 1, 'D8ps_v5_US East_1': 5, 'D8ps_v5_US East_2': 5, 'D8ps_v5_US East_3': 5}"
0.12,3.0416050000000006,9209338,3027789.2428504024,400,0,"{'D16as_v6_US East_1': 5, 'D16as_v6_US East_3': 1, 'D16ps_v5_US East_3': 5, 'D2as_v6_US East_3': 3, 'D2ps_v5_US East_1': 5, 'D2ps_v5_US East_2': 5, 'D2ps_v5_US East_3': 5, 'D4ps_v5_US East_1': 5, 'D4ps_v5_US East_2': 5, 'D4ps_v5_US East_3': 5, 'D8as_v6_US East_3': 1, 'D8ps_v5_US East_1': 5, 'D8ps_v5_US East_2': 5, 'D8ps_v5_US East_3': 5}"
0.13,3.0416050000000006,9209338,3027789.2428504024,400,0,"{'D16as_v6_US East_1': 5, 'D16as_v6_US East_3': 1, 'D16ps_v5_US East_3': 5, 'D2as_v6_US East_3': 3, 'D2ps_v5_US East_1': 5, 'D2ps_v5_US East_2': 5, 'D2ps_v5_US East_3': 5, 'D4ps_v5_US East_1': 5, 'D4ps_v5_US East_2': 5, 'D4ps_v5_US East_3': 5, 'D8as_v6_US East_3': 1, 'D8ps_v5_US East_1': 5, 'D8ps_v5_US East_2': 5, 'D8ps_v5_US East_3': 5}"
0.14,3.0416050000000006,9209338,3027789.242850402,400,0,"{'D16ps_v5_US East_3': 5, 'D2as_v6_US East_3': 3, 'D2ps_v5_US East_1': 5, 'D2ps_v5_US East_2': 5, 'D2ps_v5_US East_3': 5, 'D4ps_v5_US East_1': 5, 'D4ps_v5_US East_2': 5, 'D4ps_v5_US East_3': 5, 'D8as_v6_US East_1': 5, 'D8as_v6_US East_2': 5, 'D8as_v6_US East_3': 3, 'D8ps_v5_US East_1': 5, 'D8ps_v5_US East_2': 5, 'D8ps_v5_US East_3': 5}"
0.15,3.0416050000000006,9209338,3027789.2428504024,400,0,"{'D16as_v6_US East_1': 5, 'D16as_v6_US East_3': 1, 'D16ps_v5_US East_3': 5, 'D2as_v6_US East_3': 3, 'D2ps_v5_US East_1': 5, 'D2ps_v5_US East_2': 5, 'D2ps_v5_US East_3': 5, 'D4ps_v5_US East_1': 5, 'D4ps_v5_US East_2': 5, 'D4ps_v5_US East_3': 5, 'D8as_v6_US East_3': 1, 'D8ps_v5_US East_1': 5, 'D8ps_v5_US East_2': 5, 'D8ps_v5_US East_3': 5}"
0.16,3.0416050000000006,9209338,3027789.2428504024,400,0,"{'D16as_v6_US East_1': 5, 'D16as_v6_US East_3': 1, 'D16ps_v5_US East_3': 5, 'D2as_v6_US East_3': 3, 'D2ps_v5_US East_1': 5, 'D2ps_v5_US East_2': 5, 'D2ps_v5_US East_3': 5, 'D4ps_v5_US East_1': 5, 'D4ps_v5_US East_2': 5, 'D4ps_v5_US East_3': 5, 'D8as_v6_US East_3': 1, 'D8ps_v5_US East_1': 5, 'D8ps_v5_US East_2': 5, 'D8ps_v5_US East_3': 5}"
0.17,3.0416050000000006,9209338,3027789.242850402,400,0,"{'D16ps_v5_US East_3': 5, 'D2as_v6_US East_3': 3, 'D2ps_v5_US East_1': 5, 'D2ps_v5_US East_2': 5, 'D2ps_v5_US East_3': 5, 'D4ps_v5_US East_1': 5, 'D4ps_v5_US East_2': 5, 'D4ps_v5_US East_3': 5, 'D8as_v6_US East_1': 5, 'D8as_v6_US East_2': 5, 'D8as_v6_US East_3': 3, 'D8ps_v5_US East_1': 5, 'D8ps_v5_US East_2': 5, 'D8ps_v5_US East_3': 5}"
0.18,3.0416050000000006,9209338,3027789.2428504024,400,0,"{'D16as_v6_US East_1': 5, 'D16as_v6_US East_3': 1, 'D16ps_v5_US East_3': 5, 'D2as_v6_US East_3': 3, 'D2ps_v5_US East_1': 5, 'D2ps_v5_US East_2': 5, 'D2ps_v5_US East_3': 5, 'D4ps_v5_US East_1': 5, 'D4ps_v5_US East_2': 5, 'D4ps_v5_US East_3': 5, 'D8as_v6_US East_3': 1, 'D8ps_v5_US East_1': 5, 'D8ps_v5_US East_2': 5, 'D8ps_v5_US East_3': 5}"
0.19,3.557912,12821691,3603712.514530994,400,0,"{'D16as_v6_US East_1': 5, 'D16as_v6_US East_3': 5, 'D2as_v6_US East_1': 5, 'D2as_v6_US East_2': 5, 'D2as_v6_US East_3': 2, 'D8as_v6_US East_1': 5, 'D8as_v6_US East_2': 5, 'D8as_v6_US East_3': 5, 'D96as_v6_US East_3': 1}"
0.2,3.557912,12821691,3603712.514530994,400,0,"{'D16as_v6_US East_1': 5, 'D16as_v6_US East_3': 5, 'D2as_v6_US East_1': 5, 'D2as_v6_US East_2': 5, 'D2as_v6_US East_3': 2, 'D8as_v6_US East_1': 5, 'D8as_v6_US East_2': 5, 'D8as_v6_US East_3': 5, 'D96as_v6_US East_3': 1}"
0.21,3.557912,12821691,3603712.514530994,400,0,"{'D16as_v6_US East_1': 5, 'D16as_v6_US East_3': 5, 'D2as_v6_US East_1': 5, 'D2as_v6_US East_2': 5, 'D2as_v6_US East_3': 2, 'D8as_v6_US East_1': 5, 'D8as_v6_US East_2': 5, 'D8as_v6_US East_3': 5, 'D96as_v6_US East_3': 1}"
0.22,3.557912,12821691,3603712.514530994,400,0,"{'D16as_v6_US East_1': 5, 'D16as_v6_US East_3': 5, 'D2as_v6_US East_1': 5, 'D2as_v6_US East_2': 5, 'D2as_v6_US East_3': 2, 'D8as_v6_US East_1': 5, 'D8as_v6_US East_2': 5, 'D8as_v6_US East_3': 5, 'D96as_v6_US East_3': 1}"
0.23,3.557912,12821691,3603712.514530994,400,0,"{'D16as_v6_US East_1': 5, 'D16as_v6_US East_3': 5, 'D2as_v6_US East_1': 5, 'D2as_v6_US East_2': 5, 'D2as_v6_US East_3': 2, 'D8as_v6_US East_1': 5, 'D8as_v6_US East_2': 5, 'D8as_v6_US East_3': 5, 'D96as_v6_US East_3': 1}"
0.24,3.557912,12821691,3603712.514530994,400,0,"{'D16as_v6_US East_1': 5, 'D16as_v6_US East_3': 5, 'D2as_v6_US East_1': 5, 'D2as_v6_US East_2': 5, 'D2as_v6_US East_3': 2, 'D8as_v6_US East_1': 5, 'D8as_v6_US East_2': 5, 'D8as_v6_US East_3': 5, 'D96as_v6_US East_3': 1}"
0.25,3.557912,12821691,3603712.514530994,400,0,"{'D16as_v6_US East_1': 5, 'D16as_v6_US East_3': 5, 'D2as_v6_US East_1': 5, 'D2as_v6_US East_2': 5, 'D2as_v6_US East_3': 2, 'D8as_v6_US East_1': 5, 'D8as_v6_US East_2': 5, 'D8as_v6_US East_3': 5, 'D96as_v6_US East_3': 1}"
0.26,3.557912,12821691,3603712.514530994,400,0,"{'D16as_v6_US East_1': 5, 'D16as_v6_US East_3': 5, 'D2as_v6_US East_1': 5, 'D2as_v6_US East_2': 5, 'D2as_v6_US East_3': 2, 'D8as_v6_US East_1': 5, 'D8as_v6_US East_2': 5, 'D8as_v6_US East_3': 5, 'D96as_v6_US East_3': 1}"
0.27,3.557912,12821691,3603712.514530994,400,0,"{'D16as_v6_US East_1': 5, 'D16as_v6_US East_3': 5, 'D2as_v6_US East_1': 5, 'D2as_v6_US East_2': 5, 'D2as_v6_US East_3': 2, 'D8as_v6_US East_1': 5, 'D8as_v6_US East_2': 5, 'D8as_v6_US East_3': 5, 'D96as_v6_US East_3': 1}"
0.28,3.557912,12821691,3603712.514530994,400,0,"{'D16as_v6_US East_1': 5, 'D16as_v6_US East_3': 5, 'D2as_v6_US East_1': 5, 'D2as_v6_US East_2': 5, 'D2as_v6_US East_3': 2, 'D8as_v6_US East_1': 5, 'D8as_v6_US East_2': 5, 'D8as_v6_US East_3': 5, 'D96as_v6_US East_3': 1}"
0.29,3.557912,12821691,3603712.514530994,400,0,"{'D16as_v6_US East_1': 5, 'D16as_v6_US East_3': 5, 'D2as_v6_US East_1': 5, 'D2as_v6_US East_2': 5, 'D2as_v6_US East_3': 2, 'D8as_v6_US East_1': 5, 'D8as_v6_US East_2': 5, 'D8as_v6_US East_3': 5, 'D96as_v6_US East_3': 1}"
0.3,3.557912,12821691,3603712.514530994,400,0,"{'D16as_v6_US East_1': 5, 'D16as_v6_US East_3': 5, 'D2as_v6_US East_1': 5, 'D2as_v6_US East_2': 5, 'D2as_v6_US East_3': 2, 'D8as_v6_US East_1': 5, 'D8as_v6_US East_2': 5, 'D8as_v6_US East_3': 5, 'D96as_v6_US East_3': 1}"
0.31,13.258815,47760802,3602192.4055807404,1490,1090,"{'D16as_v6_US East_1': 5, 'D16as_v6_US East_3': 5, 'D2as_v6_US East_1': 5, 'D2as_v6_US East_2': 5, 'D2as_v6_US East_3': 5, 'D32as_v6_US East_1': 5, 'D32as_v6_US East_3': 5, 'D4as_v6_US East_1': 5, 'D4as_v6_US East_2': 5, 'D4as_v6_US East_3': 5, 'D64as_v6_US East_2': 5, 'D8as_v6_US East_1': 5, 'D8as_v6_US East_2': 5, 'D8as_v6_US East_3': 5, 'D96as_v6_US East_3': 5}"
0.32,13.258815,47760802,3602192.4055807404,1490,1090,"{'D16as_v6_US East_1': 5, 'D16as_v6_US East_3': 5, 'D2as_v6_US East_1': 5, 'D2as_v6_US East_2': 5, 'D2as_v6_US East_3': 5, 'D32as_v6_US East_1': 5, 'D32as_v6_US East_3': 5, 'D4as_v6_US East_1': 5, 'D4as_v6_US East_2': 5, 'D4as_v6_US East_3': 5, 'D64as_v6_US East_2': 5, 'D8as_v6_US East_1': 5, 'D8as_v6_US East_2': 5, 'D8as_v6_US East_3': 5, 'D96as_v6_US East_3': 5}"
0.33,13.258815,47760802,3602192.4055807404,1490,1090,"{'D16as_v6_US East_1': 5, 'D16as_v6_US East_3': 5, 'D2as_v6_US East_1': 5, 'D2as_v6_US East_2': 5, 'D2as_v6_US East_3': 5, 'D32as_v6_US East_1': 5, 'D32as_v6_US East_3': 5, 'D4as_v6_US East_1': 5, 'D4as_v6_US East_2': 5, 'D4as_v6_US East_3': 5, 'D64as_v6_US East_2': 5, 'D8as_v6_US East_1': 5, 'D8as_v6_US East_2': 5, 'D8as_v6_US East_3': 5, 'D96as_v6_US East_3': 5}"
0.34,13.258815,47760802,3602192.4055807404,1490,1090,"{'D16as_v6_US East_1': 5, 'D16as_v6_US East_3': 5, 'D2as_v6_US East_1': 5, 'D2as_v6_US East_2': 5, 'D2as_v6_US East_3': 5, 'D32as_v6_US East_1': 5, 'D32as_v6_US East_3': 5, 'D4as_v6_US East_1': 5, 'D4as_v6_US East_2': 5, 'D4as_v6_US East_3': 5, 'D64as_v6_US East_2': 5, 'D8as_v6_US East_1': 5, 'D8as_v6_US East_2': 5, 'D8as_v6_US East_3': 5, 'D96as_v6_US East_3': 5}"
0.35000000000000003,13.258815,47760802,3602192.4055807404,1490,1090,"{'D16as_v6_US East_1': 5, 'D16as_v6_US East_3': 5, 'D2as_v6_US East_1': 5, 'D2as_v6_US East_2': 5, 'D2as_v6_US East_3': 5, 'D32as_v6_US East_1': 5, 'D32as_v6_US East_3': 5, 'D4as_v6_US East_1': 5, 'D4as_v6_US East_2': 5, 'D4as_v6_US East_3': 5, 'D64as_v6_US East_2': 5, 'D8as_v6_US East_1': 5, 'D8as_v6_US East_2': 5, 'D8as_v6_US East_3': 5, 'D96as_v6_US East_3': 5}"
0.36,33.099149999999995,103214620,3118346.5617697146,3220,2820,"{'D16ads_v6_US East_1': 5, 'D16ads_v6_US East_2': 5, 'D16as_v6_US East_1': 5, 'D16as_v6_US East_3': 5, 'D2ads_v6_US East_1': 5, 'D2ads_v6_US East_2': 5, 'D2ads_v6_US East_3': 5, 'D2as_v6_US East_1': 5, 'D2as_v6_US East_2': 5, 'D2as_v6_US East_3': 5, 'D32ads_v6_US East_1': 5, 'D32ads_v6_US East_3': 5, 'D32as_v6_US East_1': 5, 'D32as_v6_US East_3': 5, 'D48ads_v6_US East_2': 5, 'D4ads_v6_US East_1': 5, 'D4ads_v6_US East_2': 5, 'D4ads_v6_US East_3': 5, 'D4as_v6_US East_1': 5, 'D4as_v6_US East_2': 5, 'D4as_v6_US East_3': 5, 'D64ads_v6_US East_2': 5, 'D64as_v6_US East_2': 5, 'D8ads_v6_US East_1': 5, 'D8ads_v6_US East_2': 5, 'D8ads_v6_US East_3': 5, 'D8as_v6_US East_1': 5, 'D8as_v6_US East_2': 5, 'D8as_v6_US East_3': 5, 'D96ads_v6_US East_3': 5, 'D96as_v6_US East_3': 5}"
0.37,55.37102000000001,164351812,2968191.8826852012,5240,4840,"{'D16ads_v6_US East_1': 5, 'D16ads_v6_US East_2': 5, 'D16as_v6_US East_1': 5, 'D16as_v6_US East_3': 5, 'D16ps_v5_US East_3': 5, 'D2ads_v6_US East_1': 5, 'D2ads_v6_US East_2': 5, 'D2ads_v6_US East_3': 5, 'D2as_v6_US East_1': 5, 'D2as_v6_US East_2': 5, 'D2as_v6_US East_3': 5, 'D2ps_v5_US East_1': 5, 'D2ps_v5_US East_2': 5, 'D2ps_v5_US East_3': 5, 'D32ads_v6_US East_1': 5, 'D32ads_v6_US East_3': 5, 'D32as_v6_US East_1': 5, 'D32as_v6_US East_3': 5, 'D48ads_v6_US East_2': 5, 'D4ads_v6_US East_1': 5, 'D4ads_v6_US East_2': 5, 'D4ads_v6_US East_3': 5, 'D4as_v6_US East_1': 5, 'D4as_v6_US East_2': 5, 'D4as_v6_US East_3': 5, 'D4ps_v5_US East_1': 5, 'D4ps_v5_US East_2': 5, 'D4ps_v5_US East_3': 5, 'D64ads_v6_US East_2': 5, 'D64as_v6_US East_2': 5, 'D8ads_v6_US East_1': 5, 'D8ads_v6_US East_2': 5, 'D8ads_v6_US East_3': 5, 'D8as_v6_US East_1': 5, 'D8as_v6_US East_2': 5, 'D8as_v6_US East_3': 5, 'D8ps_v5_US East_1': 5, 'D8ps_v5_US East_2': 5, 'D8ps_v5_US East_3': 5, 'D96ads_v6_US East_3': 5, 'D96as_v6_US East_3': 5, 'E16as_v6_US East_1': 5, 'E16as_v6_US East_3': 5, 'E20as_v6_US East_1': 5, 'E20as_v6_US East_3': 5, 'E2as_v6_US East_1': 5, 'E2as_v6_US East_2': 5, 'E2as_v6_US East_3': 5, 'E32as_v6_US East_3': 5, 'E48as_v6_US East_2': 5, 'E4as_v6_US East_1': 5, 'E4as_v6_US East_2': 5, 'E4as_v6_US East_3': 5, 'E64as_v6_US East_3': 5, 'E8as_v6_US East_2': 5, 'E8as_v6_US East_3': 5, 'E96as_v6_US East_3': 5}"
0.38,55.37102000000001,164351812,2968191.8826852012,5240,4840,"{'D16ads_v6_US East_1': 5, 'D16ads_v6_US East_2': 5, 'D16as_v6_US East_1': 5, 'D16as_v6_US East_3': 5, 'D16ps_v5_US East_3': 5, 'D2ads_v6_US East_1': 5, 'D2ads_v6_US East_2': 5, 'D2ads_v6_US East_3': 5, 'D2as_v6_US East_1': 5, 'D2as_v6_US East_2': 5, 'D2as_v6_US East_3': 5, 'D2ps_v5_US East_1': 5, 'D2ps_v5_US East_2': 5, 'D2ps_v5_US East_3': 5, 'D32ads_v6_US East_1': 5, 'D32ads_v6_US East_3': 5, 'D32as_v6_US East_1': 5, 'D32as_v6_US East_3': 5, 'D48ads_v6_US East_2': 5, 'D4ads_v6_US East_1': 5, 'D4ads_v6_US East_2': 5, 'D4ads_v6_US East_3': 5, 'D4as_v6_US East_1': 5, 'D4as_v6_US East_2': 5, 'D4as_v6_US East_3': 5, 'D4ps_v5_US East_1': 5, 'D4ps_v5_US East_2': 5, 'D4ps_v5_US East_3': 5, 'D64ads_v6_US East_2': 5, 'D64as_v6_US East_2': 5, 'D8ads_v6_US East_1': 5, 'D8ads_v6_US East_2': 5, 'D8ads_v6_US East_3': 5, 'D8as_v6_US East_1': 5, 'D8as_v6_US East_2': 5, 'D8as_v6_US East_3': 5, 'D8ps_v5_US East_1': 5, 'D8ps_v5_US East_2': 5, 'D8ps_v5_US East_3': 5, 'D96ads_v6_US East_3': 5, 'D96as_v6_US East_3': 5, 'E16as_v6_US East_1': 5, 'E16as_v6_US East_3': 5, 'E20as_v6_US East_1': 5, 'E20as_v6_US East_3': 5, 'E2as_v6_US East_1': 5, 'E2as_v6_US East_2': 5, 'E2as_v6_US East_3': 5, 'E32as_v6_US East_3': 5, 'E48as_v6_US East_2': 5, 'E4as_v6_US East_1': 5, 'E4as_v6_US East_2': 5, 'E4as_v6_US East_3': 5, 'E64as_v6_US East_3': 5, 'E8as_v6_US East_2': 5, 'E8as_v6_US East_3': 5, 'E96as_v6_US East_3': 5}"
0.39,55.37102000000001,164351812,2968191.8826852012,5240,4840,"{'D16ads_v6_US East_1': 5, 'D16ads_v6_US East_2': 5, 'D16as_v6_US East_1': 5, 'D16as_v6_US East_3': 5, 'D16ps_v5_US East_3': 5, 'D2ads_v6_US East_1': 5, 'D2ads_v6_US East_2': 5, 'D2ads_v6_US East_3': 5, 'D2as_v6_US East_1': 5, 'D2as_v6_US East_2': 5, 'D2as_v6_US East_3': 5, 'D2ps_v5_US East_1': 5, 'D2ps_v5_US East_2': 5, 'D2ps_v5_US East_3': 5, 'D32ads_v6_US East_1': 5, 'D32ads_v6_US East_3': 5, 'D32as_v6_US East_1': 5, 'D32as_v6_US East_3': 5, 'D48ads_v6_US East_2': 5, 'D4ads_v6_US East_1': 5, 'D4ads_v6_US East_2': 5, 'D4ads_v6_US East_3': 5, 'D4as_v6_US East_1': 5, 'D4as_v6_US East_2': 5, 'D4as_v6_US East_3': 5, 'D4ps_v5_US East_1': 5, 'D4ps_v5_US East_2': 5, 'D4ps_v5_US East_3': 5, 'D64ads_v6_US East_2': 5, 'D64as_v6_US East_2': 5, 'D8ads_v6_US East_1': 5, 'D8ads_v6_US East_2': 5, 'D8ads_v6_US East_3': 5, 'D8as_v6_US East_1': 5, 'D8as_v6_US East_2': 5, 'D8as_v6_US East_3': 5, 'D8ps_v5_US East_1': 5, 'D8ps_v5_US East_2': 5, 'D8ps_v5_US East_3': 5, 'D96ads_v6_US East_3': 5, 'D96as_v6_US East_3': 5, 'E16as_v6_US East_1': 5, 'E16as_v6_US East_3': 5, 'E20as_v6_US East_1': 5, 'E20as_v6_US East_3': 5, 'E2as_v6_US East_1': 5, 'E2as_v6_US East_2': 5, 'E2as_v6_US East_3': 5, 'E32as_v6_US East_3': 5, 'E48as_v6_US East_2': 5, 'E4as_v6_US East_1': 5, 'E4as_v6_US East_2': 5, 'E4as_v6_US East_3': 5, 'E64as_v6_US East_3': 5, 'E8as_v6_US East_2': 5, 'E8as_v6_US East_3': 5, 'E96as_v6_US East_3': 5}"
0.4,56.791395000000016,167683444,2952620.6373342285,5410,5010,"{'D16ads_v6_US East_1': 5, 'D16ads_v6_US East_2': 5, 'D16as_v6_US East_1': 5, 'D16as_v6_US East_3': 5, 'D16pds_v5_US East_3': 5, 'D16ps_v5_US East_3': 5, 'D2ads_v6_US East_1': 5, 'D2ads_v6_US East_2': 5, 'D2ads_v6_US East_3': 5, 'D2as_v6_US East_1': 5, 'D2as_v6_US East_2': 5, 'D2as_v6_US East_3': 5, 'D2pds_v5_US East_1': 5, 'D2pds_v5_US East_2': 5, 'D2pds_v5_US East_3': 5, 'D2ps_v5_US East_1': 5, 'D2ps_v5_US East_2': 5, 'D2ps_v5_US East_3': 5, 'D32ads_v6_US East_1': 5, 'D32ads_v6_US East_3': 5, 'D32as_v6_US East_1': 5, 'D32as_v6_US East_3': 5, 'D48ads_v6_US East_2': 5, 'D4ads_v6_US East_1': 5, 'D4ads_v6_US East_2': 5, 'D4ads_v6_US East_3': 5, 'D4as_v6_US East_1': 5, 'D4as_v6_US East_2': 5, 'D4as_v6_US East_3': 5, 'D4pds_v5_US East_1': 5, 'D4pds_v5_US East_2': 5, 'D4pds_v5_US East_3': 5, 'D4ps_v5_US East_1': 5, 'D4ps_v5_US East_2': 5, 'D4ps_v5_US East_3': 5, 'D64ads_v6_US East_2': 5, 'D64as_v6_US East_2': 5, 'D8ads_v6_US East_1': 5, 'D8ads_v6_US East_2': 5, 'D8ads_v6_US East_3': 5, 'D8as_v6_US East_1': 5, 'D8as_v6_US East_2': 5, 'D8as_v6_US East_3': 5, 'D8ps_v5_US East_1': 5, 'D8ps_v5_US East_2': 5, 'D8ps_v5_US East_3': 5, 'D96ads_v6_US East_3': 5, 'D96as_v6_US East_3': 5, 'E16as_v6_US East_1': 5, 'E16as_v6_US East_3': 5, 'E20as_v6_US East_1': 5, 'E20as_v6_US East_3': 5, 'E2as_v6_US East_1': 5, 'E2as_v6_US East_2': 5, 'E2as_v6_US East_3': 5, 'E32as_v6_US East_3': 5, 'E48as_v6_US East_2': 5, 'E4as_v6_US East_1': 5, 'E4as_v6_US East_2': 5, 'E4as_v6_US East_3': 5, 'E64as_v6_US East_3': 5, 'E8as_v6_US East_2': 5, 'E8as_v6_US East_3': 5, 'E96as_v6_US East_3': 5}"
0.41000000000000003,81.408015,223137262,2740974.1264419723,7140,6740,"{'D16ads_v6_US East_1': 5, 'D16ads_v6_US East_2': 5, 'D16as_v6_US East_1': 5, 'D16as_v6_US East_3': 5, 'D16pds_v5_US East_3': 5, 'D16ps_v5_US East_3': 5, 'D2ads_v6_US East_1': 5, 'D2ads_v6_US East_2': 5, 'D2ads_v6_US East_3': 5, 'D2as_v6_US East_1': 5, 'D2as_v6_US East_2': 5, 'D2as_v6_US East_3': 5, 'D2pds_v5_US East_1': 5, 'D2pds_v5_US East_2': 5, 'D2pds_v5_US East_3': 5, 'D2ps_v5_US East_1': 5, 'D2ps_v5_US East_2': 5, 'D2ps_v5_US East_3': 5, 'D32ads_v6_US East_1': 5, 'D32ads_v6_US East_3': 5, 'D32as_v6_US East_1': 5, 'D32as_v6_US East_3': 5, 'D48ads_v6_US East_2': 5, 'D4ads_v6_US East_1': 5, 'D4ads_v6_US East_2': 5, 'D4ads_v6_US East_3': 5, 'D4as_v6_US East_1': 5, 'D4as_v6_US East_2': 5, 'D4as_v6_US East_3': 5, 'D4pds_v5_US East_1': 5, 'D4pds_v5_US East_2': 5, 'D4pds_v5_US East_3': 5, 'D4ps_v5_US East_1': 5, 'D4ps_v5_US East_2': 5, 'D4ps_v5_US East_3': 5, 'D64ads_v6_US East_2': 5, 'D64as_v6_US East_2': 5, 'D8ads_v6_US East_1': 5, 'D8ads_v6_US East_2': 5, 'D8ads_v6_US East_3': 5, 'D8as_v6_US East_1': 5, 'D8as_v6_US East_2': 5, 'D8as_v6_US East_3': 5, 'D8ps_v5_US East_1': 5, 'D8ps_v5_US East_2': 5, 'D8ps_v5_US East_3': 5, 'D96ads_v6_US East_3': 5, 'D96as_v6_US East_3': 5, 'E16ads_v6_US East_2': 5, 'E16ads_v6_US East_3': 5, 'E16as_v6_US East_1': 5, 'E16as_v6_US East_3': 5, 'E20ads_v6_US East_1': 5, 'E20ads_v6_US East_2': 5, 'E20as_v6_US East_1': 5, 'E20as_v6_US East_3': 5, 'E2ads_v6_US East_1': 5, 'E2ads_v6_US East_2': 5, 'E2ads_v6_US East_3': 5, 'E2as_v6_US East_1': 5, 'E2as_v6_US East_2': 5, 'E2as_v6_US East_3': 5, 'E32ads_v6_US East_3': 5, 'E32as_v6_US East_3': 5, 'E48ads_v6_US East_3': 5, 'E48as_v6_US East_2': 5, 'E4ads_v6_US East_1': 5, 'E4ads_v6_US East_2': 5, 'E4ads_v6_US East_3': 5, 'E4as_v6_US East_1': 5, 'E4as_v6_US East_2': 5, 'E4as_v6_US East_3': 5, 'E64ads_v6_US East_3': 5, 'E64as_v6_US East_3': 5, 'E8ads_v6_US East_2': 5, 'E8ads_v6_US East_3': 5, 'E8as_v6_US East_2': 5, 'E8as_v6_US East_3': 5, 'E96ads_v6_US East_3': 5, 'E96as_v6_US East_3': 5}"
0.42,96.711985,256794204,2655246.9613771243,8190,7790,"{'D16ads_v6_US East_1': 5, 'D16ads_v6_US East_2': 5, 'D16as_v6_US East_1': 5, 'D16as_v6_US East_3': 5, 'D16pds_v5_US East_3': 5, 'D16ps_v5_US East_3': 5, 'D2ads_v6_US East_1': 5, 'D2ads_v6_US East_2': 5, 'D2ads_v6_US East_3': 5, 'D2as_v6_US East_1': 5, 'D2as_v6_US East_2': 5, 'D2as_v6_US East_3': 5, 'D2pds_v5_US East_1': 5, 'D2pds_v5_US East_2': 5, 'D2pds_v5_US East_3': 5, 'D2ps_v5_US East_1': 5, 'D2ps_v5_US East_2': 5, 'D2ps_v5_US East_3': 5, 'D32ads_v6_US East_1': 5, 'D32ads_v6_US East_3': 5, 'D32as_v6_US East_1': 5, 'D32as_v6_US East_3': 5, 'D48ads_v6_US East_2': 5, 'D4ads_v6_US East_1': 5, 'D4ads_v6_US East_2': 5, 'D4ads_v6_US East_3': 5, 'D4as_v6_US East_1': 5, 'D4as_v6_US East_2': 5, 'D4as_v6_US East_3': 5, 'D4pds_v5_US East_1': 5, 'D4pds_v5_US East_2': 5, 'D4pds_v5_US East_3': 5, 'D4ps_v5_US East_1': 5, 'D4ps_v5_US East_2': 5, 'D4ps_v5_US East_3': 5, 'D64ads_v6_US East_2': 5, 'D64as_v6_US East_2': 5, 'D8ads_v6_US East_1': 5, 'D8ads_v6_US East_2': 5, 'D8ads_v6_US East_3': 5, 'D8as_v6_US East_1': 5, 'D8as_v6_US East_2': 5, 'D8as_v6_US East_3': 5, 'D8ps_v5_US East_1': 5, 'D8ps_v5_US East_2': 5, 'D8ps_v5_US East_3': 5, 'D96ads_v6_US East_3': 5, 'D96as_v6_US East_3': 5, 'E16ads_v6_US East_2': 5, 'E16ads_v6_US East_3': 5, 'E16as_v6_US East_1': 5, 'E16as_v6_US East_3': 5, 'E20ads_v6_US East_1': 5, 'E20ads_v6_US East_2': 5, 'E20as_v6_US East_1': 5, 'E20as_v6_US East_3': 5, 'E2ads_v6_US East_1': 5, 'E2ads_v6_US East_2': 5, 'E2ads_v6_US East_3': 5, 'E2as_v6_US East_1': 5, 'E2as_v6_US East_2': 5, 'E2as_v6_US East_3': 5, 'E32ads_v6_US East_3': 5, 'E32as_v6_US East_3': 5, 'E48ads_v6_US East_3': 5, 'E48as_v6_US East_2': 5, 'E4ads_v6_US East_1': 5, 'E4ads_v6_US East_2': 5, 'E4ads_v6_US East_3': 5, 'E4as_v6_US East_1': 5, 'E4as_v6_US East_2': 5, 'E4as_v6_US East_3': 5, 'E64ads_v6_US East_3': 5, 'E64as_v6_US East_3': 5, 'E8ads_v6_US East_2': 5, 'E8ads_v6_US East_3': 5, 'E8as_v6_US East_2': 5, 'E8as_v6_US East_3': 5, 'E96ads_v6_US East_3': 5, 'E96as_v6_US East_3': 5, 'F16as_v6_US East_1': 5, 'F16as_v6_US East_2': 5, 'F2as_v6_US East_1': 5, 'F2as_v6_US East_2': 5, 'F2as_v6_US East_3': 5, 'F32as_v6_US East_3': 5, 'F48as_v6_US East_2': 5, 'F4as_v6_US East_1': 5, 'F4as_v6_US East_2': 5, 'F4as_v6_US East_3': 5, 'F64as_v6_US East_1': 5, 'F8as_v6_US East_1': 5, 'F8as_v6_US East_2': 5}"
0.43,97.92428000000001,259341923,2648392.4466945278,8320,7920,"{'D16ads_v6_US East_1': 5, 'D16ads_v6_US East_2': 5, 'D16as_v6_US East_1': 5, 'D16as_v6_US East_3': 5, 'D16pds_v5_US East_3': 5, 'D16ps_v5_US East_3': 5, 'D2ads_v6_US East_1': 5, 'D2ads_v6_US East_2': 5, 'D2ads_v6_US East_3': 5, 'D2as_v6_US East_1': 5, 'D2as_v6_US East_2': 5, 'D2as_v6_US East_3': 5, 'D2pds_v5_US East_1': 5, 'D2pds_v5_US East_2': 5, 'D2pds_v5_US East_3': 5, 'D2ps_v5_US East_1': 5, 'D2ps_v5_US East_2': 5, 'D2ps_v5_US East_3': 5, 'D32ads_v6_US East_1': 5, 'D32ads_v6_US East_3': 5, 'D32as_v6_US East_1': 5, 'D32as_v6_US East_3': 5, 'D48ads_v6_US East_2': 5, 'D4ads_v6_US East_1': 5, 'D4ads_v6_US East_2': 5, 'D4ads_v6_US East_3': 5, 'D4as_v6_US East_1': 5, 'D4as_v6_US East_2': 5, 'D4as_v6_US East_3': 5, 'D4pds_v5_US East_1': 5, 'D4pds_v5_US East_2': 5, 'D4pds_v5_US East_3': 5, 'D4ps_v5_US East_1': 5, 'D4ps_v5_US East_2': 5, 'D4ps_v5_US East_3': 5, 'D64ads_v6_US East_2': 5, 'D64as_v6_US East_2': 5, 'D8ads_v6_US East_1': 5, 'D8ads_v6_US East_2': 5, 'D8ads_v6_US East_3': 5, 'D8as_v6_US East_1': 5, 'D8as_v6_US East_2': 5, 'D8as_v6_US East_3': 5, 'D8ps_v5_US East_1': 5, 'D8ps_v5_US East_2': 5, 'D8ps_v5_US East_3': 5, 'D96ads_v6_US East_3': 5, 'D96as_v6_US East_3': 5, 'E16ads_v6_US East_2': 5, 'E16ads_v6_US East_3': 5, 'E16as_v6_US East_1': 5, 'E16as_v6_US East_3': 5, 'E20ads_v6_US East_1': 5, 'E20ads_v6_US East_2': 5, 'E20as_v6_US East_1': 5, 'E20as_v6_US East_3': 5, 'E2ads_v6_US East_1': 5, 'E2ads_v6_US East_2': 5, 'E2ads_v6_US East_3': 5, 'E2as_v6_US East_1': 5, 'E2as_v6_US East_2': 5, 'E2as_v6_US East_3': 5, 'E2ps_v5_US East_1': 5, 'E2ps_v5_US East_2': 5, 'E2ps_v5_US East_3': 5, 'E32ads_v6_US East_3': 5, 'E32as_v6_US East_3': 5, 'E48ads_v6_US East_3': 5, 'E48as_v6_US East_2': 5, 'E4ads_v6_US East_1': 5, 'E4ads_v6_US East_2': 5, 'E4ads_v6_US East_3': 5, 'E4as_v6_US East_1': 5, 'E4as_v6_US East_2': 5, 'E4as_v6_US East_3': 5, 'E4ps_v5_US East_1': 5, 'E4ps_v5_US East_2': 5, 'E4ps_v5_US East_3': 5, 'E64ads_v6_US East_3': 5, 'E64as_v6_US East_3': 5, 'E8ads_v6_US East_2': 5, 'E8ads_v6_US East_3': 5, 'E8as_v6_US East_2': 5, 'E8as_v6_US East_3': 5, 'E8ps_v5_US East_3': 5, 'E96ads_v6_US East_3': 5, 'E96as_v6_US East_3': 5, 'F16as_v6_US East_1': 5, 'F16as_v6_US East_2': 5, 'F2as_v6_US East_1': 5, 'F2as_v6_US East_2': 5, 'F2as_v6_US East_3': 5, 'F32as_v6_US East_3': 5, 'F48as_v6_US East_2': 5, 'F4as_v6_US East_1': 5, 'F4as_v6_US East_2': 5, 'F4as_v6_US East_3': 5, 'F64as_v6_US East_1': 5, 'F8as_v6_US East_1': 5, 'F8as_v6_US East_2': 5}"
0.44,113.44766999999995,290915340,2564313.0445076595,9305,8905,"{'D16ads_v6_US East_1': 5, 'D16ads_v6_US East_2': 5, 'D16als_v6_US East_2': 5, 'D16als_v6_US East_3': 5, 'D16as_v6_US East_1': 5, 'D16as_v6_US East_3': 5, 'D16pds_v5_US East_3': 5, 'D16ps_v5_US East_3': 5, 'D2ads_v6_US East_1': 5, 'D2ads_v6_US East_2': 5, 'D2ads_v6_US East_3': 5, 'D2als_v6_US East_1': 5, 'D2als_v6_US East_2': 5, 'D2als_v6_US East_3': 5, 'D2as_v6_US East_1': 5, 'D2as_v6_US East_2': 5, 'D2as_v6_US East_3': 5, 'D2pds_v5_US East_1': 5, 'D2pds_v5_US East_2': 5, 'D2pds_v5_US East_3': 5, 'D2ps_v5_US East_1': 5, 'D2ps_v5_US East_2': 5, 'D2ps_v5_US East_3': 5, 'D32ads_v6_US East_1': 5, 'D32ads_v6_US East_3': 5, 'D32als_v6_US East_1': 5, 'D32als_v6_US East_2': 5, 'D32as_v6_US East_1': 5, 'D32as_v6_US East_3': 5, 'D48ads_v6_US East_2': 5, 'D48als_v6_US East_1': 5, 'D48als_v6_US East_3': 5, 'D4ads_v6_US East_1': 5, 'D4ads_v6_US East_2': 5, 'D4ads_v6_US East_3': 5, 'D4als_v6_US East_1': 5, 'D4als_v6_US East_2': 5, 'D4als_v6_US East_3': 5, 'D4as_v6_US East_1': 5, 'D4as_v6_US East_2': 5, 'D4as_v6_US East_3': 5, 'D4pds_v5_US East_1': 5, 'D4pds_v5_US East_2': 5, 'D4pds_v5_US East_3': 5, 'D4ps_v5_US East_1': 5, 'D4ps_v5_US East_2': 5, 'D4ps_v5_US East_3': 5, 'D64ads_v6_US East_2': 5, 'D64als_v6_US East_3': 5, 'D64as_v6_US East_2': 5, 'D8ads_v6_US East_1': 5, 'D8ads_v6_US East_2': 5, 'D8ads_v6_US East_3': 5, 'D8als_v6_US East_1': 5, 'D8als_v6_US East_2': 5, 'D8als_v6_US East_3': 5, 'D8as_v6_US East_1': 5, 'D8as_v6_US East_2': 5, 'D8as_v6_US East_3': 5, 'D8ps_v5_US East_1': 5, 'D8ps_v5_US East_2': 5, 'D8ps_v5_US East_3': 5, 'D96ads_v6_US East_3': 5, 'D96als_v6_US East_3': 5, 'D96as_v6_US East_3': 5, 'E16ads_v6_US East_2': 5, 'E16ads_v6_US East_3': 5, 'E16as_v6_US East_1': 5, 'E16as_v6_US East_3': 5, 'E20ads_v6_US East_1': 5, 'E20ads_v6_US East_2': 5, 'E20as_v6_US East_1': 5, 'E20as_v6_US East_3': 5, 'E2ads_v6_US East_1': 5, 'E2ads_v6_US East_2': 5, 'E2ads_v6_US East_3': 5, 'E2as_v6_US East_1': 5, 'E2as_v6_US East_2': 5, 'E2as_v6_US East_3': 5, 'E2ps_v5_US East_1': 5, 'E2ps_v5_US East_2': 5, 'E2ps_v5_US East_3': 5, 'E32ads_v6_US East_3': 5, 'E32as_v6_US East_3': 5, 'E48ads_v6_US East_3': 5, 'E48as_v6_US East_2': 5, 'E4ads_v6_US East_1': 5, 'E4ads_v6_US East_2': 5, 'E4ads_v6_US East_3': 5, 'E4as_v6_US East_1': 5, 'E4as_v6_US East_2': 5, 'E4as_v6_US East_3': 5, 'E4ps_v5_US East_1': 5, 'E4ps_v5_US East_2': 5, 'E4ps_v5_US East_3': 5, 'E64ads_v6_US East_3': 5, 'E64as_v6_US East_3': 5, 'E8ads_v6_US East_2': 5, 'E8ads_v6_US East_3': 5, 'E8as_v6_US East_2': 5, 'E8as_v6_US East_3': 5, 'E8ps_v5_US East_3': 5, 'E96ads_v6_US East_3': 5, 'E96as_v6_US East_3': 5, 'F16as_v6_US East_1': 5, 'F16as_v6_US East_2': 5, 'F2as_v6_US East_1': 5, 'F2as_v6_US East_2': 5, 'F2as_v6_US East_3': 5, 'F32as_v6_US East_3': 5, 'F48as_v6_US East_2': 5, 'F4as_v6_US East_1': 5, 'F4as_v6_US East_2': 5, 'F4as_v6_US East_3': 5, 'F64as_v6_US East_1': 5, 'F8as_v6_US East_1': 5, 'F8as_v6_US East_2': 5}"
0.45,113.71378499999994,291430240,2562840.029025507,9320,8920,"{'D16ads_v6_US East_1': 5, 'D16ads_v6_US East_2': 5, 'D16als_v6_US East_2': 5, 'D16als_v6_US East_3': 5, 'D16as_v6_US East_1': 5, 'D16as_v6_US East_3': 5, 'D16pds_v5_US East_3': 5, 'D16ps_v5_US East_3': 5, 'D2ads_v6_US East_1': 5, 'D2ads_v6_US East_2': 5, 'D2ads_v6_US East_3': 5, 'D2als_v6_US East_1': 5, 'D2als_v6_US East_2': 5, 'D2als_v6_US East_3': 5, 'D2as_v6_US East_1': 5, 'D2as_v6_US East_2': 5, 'D2as_v6_US East_3': 5, 'D2pds_v5_US East_1': 5, 'D2pds_v5_US East_2': 5, 'D2pds_v5_US East_3': 5, 'D2ps_v5_US East_1': 5, 'D2ps_v5_US East_2': 5, 'D2ps_v5_US East_3': 5, 'D32ads_v6_US East_1': 5, 'D32ads_v6_US East_3': 5, 'D32als_v6_US East_1': 5, 'D32als_v6_US East_2': 5, 'D32as_v6_US East_1': 5, 'D32as_v6_US East_3': 5, 'D48ads_v6_US East_2': 5, 'D48als_v6_US East_1': 5, 'D48als_v6_US East_3': 5, 'D4ads_v6_US East_1': 5, 'D4ads_v6_US East_2': 5, 'D4ads_v6_US East_3': 5, 'D4als_v6_US East_1': 5, 'D4als_v6_US East_2': 5, 'D4als_v6_US East_3': 5, 'D4as_v6_US East_1': 5, 'D4as_v6_US East_2': 5, 'D4as_v6_US East_3': 5, 'D4pds_v5_US East_1': 5, 'D4pds_v5_US East_2': 5, 'D4pds_v5_US East_3': 5, 'D4ps_v5_US East_1': 5, 'D4ps_v5_US East_2': 5, 'D4ps_v5_US East_3': 5, 'D64ads_v6_US East_2': 5, 'D64als_v6_US East_3': 5, 'D64as_v6_US East_2': 5, 'D8ads_v6_US East_1': 5, 'D8ads_v6_US East_2': 5, 'D8ads_v6_US East_3': 5, 'D8als_v6_US East_1': 5, 'D8als_v6_US East_2': 5, 'D8als_v6_US East_3': 5, 'D8as_v6_US East_1': 5, 'D8as_v6_US East_2': 5, 'D8as_v6_US East_3': 5, 'D8ps_v5_US East_1': 5, 'D8ps_v5_US East_2': 5, 'D8ps_v5_US East_3': 5, 'D96ads_v6_US East_3': 5, 'D96als_v6_US East_3': 5, 'D96as_v6_US East_3': 5, 'DC1s_v2_US East_1': 5, 'DC2s_v2_US East_2': 5, 'E16ads_v6_US East_2': 5, 'E16ads_v6_US East_3': 5, 'E16as_v6_US East_1': 5, 'E16as_v6_US East_3': 5, 'E20ads_v6_US East_1': 5, 'E20ads_v6_US East_2': 5, 'E20as_v6_US East_1': 5, 'E20as_v6_US East_3': 5, 'E2ads_v6_US East_1': 5, 'E2ads_v6_US East_2': 5, 'E2ads_v6_US East_3': 5, 'E2as_v6_US East_1': 5, 'E2as_v6_US East_2': 5, 'E2as_v6_US East_3': 5, 'E2ps_v5_US East_1': 5, 'E2ps_v5_US East_2': 5, 'E2ps_v5_US East_3': 5, 'E32ads_v6_US East_3': 5, 'E32as_v6_US East_3': 5, 'E48ads_v6_US East_3': 5, 'E48as_v6_US East_2': 5, 'E4ads_v6_US East_1': 5, 'E4ads_v6_US East_2': 5, 'E4ads_v6_US East_3': 5, 'E4as_v6_US East_1': 5, 'E4as_v6_US East_2': 5, 'E4as_v6_US East_3': 5, 'E4ps_v5_US East_1': 5, 'E4ps_v5_US East_2': 5, 'E4ps_v5_US East_3': 5, 'E64ads_v6_US East_3': 5, 'E64as_v6_US East_3': 5, 'E8ads_v6_US East_2': 5, 'E8ads_v6_US East_3': 5, 'E8as_v6_US East_2': 5, 'E8as_v6_US East_3': 5, 'E8ps_v5_US East_3': 5, 'E96ads_v6_US East_3': 5, 'E96as_v6_US East_3': 5, 'F16as_v6_US East_1': 5, 'F16as_v6_US East_2': 5, 'F2as_v6_US East_1': 5, 'F2as_v6_US East_2': 5, 'F2as_v6_US East_3': 5, 'F32as_v6_US East_3': 5, 'F48as_v6_US East_2': 5, 'F4as_v6_US East_1': 5, 'F4as_v6_US East_2': 5, 'F4as_v6_US East_3': 5, 'F64as_v6_US East_1': 5, 'F8as_v6_US East_1': 5, 'F8as_v6_US East_2': 5}"
0.46,113.71378499999994,291430240,2562840.029025507,9320,8920,"{'D16ads_v6_US East_1': 5, 'D16ads_v6_US East_2': 5, 'D16als_v6_US East_2': 5, 'D16als_v6_US East_3': 5, 'D16as_v6_US East_1': 5, 'D16as_v6_US East_3': 5, 'D16pds_v5_US East_3': 5, 'D16ps_v5_US East_3': 5, 'D2ads_v6_US East_1': 5, 'D2ads_v6_US East_2': 5, 'D2ads_v6_US East_3': 5, 'D2als_v6_US East_1': 5, 'D2als_v6_US East_2': 5, 'D2als_v6_US East_3': 5, 'D2as_v6_US East_1': 5, 'D2as_v6_US East_2': 5, 'D2as_v6_US East_3': 5, 'D2pds_v5_US East_1': 5, 'D2pds_v5_US East_2': 5, 'D2pds_v5_US East_3': 5, 'D2ps_v5_US East_1': 5, 'D2ps_v5_US East_2': 5, 'D2ps_v5_US East_3': 5, 'D32ads_v6_US East_1': 5, 'D32ads_v6_US East_3': 5, 'D32als_v6_US East_1': 5, 'D32als_v6_US East_2': 5, 'D32as_v6_US East_1': 5, 'D32as_v6_US East_3': 5, 'D48ads_v6_US East_2': 5, 'D48als_v6_US East_1': 5, 'D48als_v6_US East_3': 5, 'D4ads_v6_US East_1': 5, 'D4ads_v6_US East_2': 5, 'D4ads_v6_US East_3': 5, 'D4als_v6_US East_1': 5, 'D4als_v6_US East_2': 5, 'D4als_v6_US East_3': 5, 'D4as_v6_US East_1': 5, 'D4as_v6_US East_2': 5, 'D4as_v6_US East_3': 5, 'D4pds_v5_US East_1': 5, 'D4pds_v5_US East_2': 5, 'D4pds_v5_US East_3': 5, 'D4ps_v5_US East_1': 5, 'D4ps_v5_US East_2': 5, 'D4ps_v5_US East_3': 5, 'D64ads_v6_US East_2': 5, 'D64als_v6_US East_3': 5, 'D64as_v6_US East_2': 5, 'D8ads_v6_US East_1': 5, 'D8ads_v6_US East_2': 5, 'D8ads_v6_US East_3': 5, 'D8als_v6_US East_1': 5, 'D8als_v6_US East_2': 5, 'D8als_v6_US East_3': 5, 'D8as_v6_US East_1': 5, 'D8as_v6_US East_2': 5, 'D8as_v6_US East_3': 5, 'D8ps_v5_US East_1': 5, 'D8ps_v5_US East_2': 5, 'D8ps_v5_US East_3': 5, 'D96ads_v6_US East_3': 5, 'D96als_v6_US East_3': 5, 'D96as_v6_US East_3': 5, 'DC1s_v2_US East_1': 5, 'DC2s_v2_US East_2': 5, 'E16ads_v6_US East_2': 5, 'E16ads_v6_US East_3': 5, 'E16as_v6_US East_1': 5, 'E16as_v6_US East_3': 5, 'E20ads_v6_US East_1': 5, 'E20ads_v6_US East_2': 5, 'E20as_v6_US East_1': 5, 'E20as_v6_US East_3': 5, 'E2ads_v6_US East_1': 5, 'E2ads_v6_US East_2': 5, 'E2ads_v6_US East_3': 5, 'E2as_v6_US East_1': 5, 'E2as_v6_US East_2': 5, 'E2as_v6_US East_3': 5, 'E2ps_v5_US East_1': 5, 'E2ps_v5_US East_2': 5, 'E2ps_v5_US East_3': 5, 'E32ads_v6_US East_3': 5, 'E32as_v6_US East_3': 5, 'E48ads_v6_US East_3': 5, 'E48as_v6_US East_2': 5, 'E4ads_v6_US East_1': 5, 'E4ads_v6_US East_2': 5, 'E4ads_v6_US East_3': 5, 'E4as_v6_US East_1': 5, 'E4as_v6_US East_2': 5, 'E4as_v6_US East_3': 5, 'E4ps_v5_US East_1': 5, 'E4ps_v5_US East_2': 5, 'E4ps_v5_US East_3': 5, 'E64ads_v6_US East_3': 5, 'E64as_v6_US East_3': 5, 'E8ads_v6_US East_2': 5, 'E8ads_v6_US East_3': 5, 'E8as_v6_US East_2': 5, 'E8as_v6_US East_3': 5, 'E8ps_v5_US East_3': 5, 'E96ads_v6_US East_3': 5, 'E96as_v6_US East_3': 5, 'F16as_v6_US East_1': 5, 'F16as_v6_US East_2': 5, 'F2as_v6_US East_1': 5, 'F2as_v6_US East_2': 5, 'F2as_v6_US East_3': 5, 'F32as_v6_US East_3': 5, 'F48as_v6_US East_2': 5, 'F4as_v6_US East_1': 5, 'F4as_v6_US East_2': 5, 'F4as_v6_US East_3': 5, 'F64as_v6_US East_1': 5, 'F8as_v6_US East_1': 5, 'F8as_v6_US East_2': 5}"
0.47000000000000003,113.71378499999994,291430240,2562840.029025507,9320,8920,"{'D16ads_v6_US East_1': 5, 'D16ads_v6_US East_2': 5, 'D16als_v6_US East_2': 5, 'D16als_v6_US East_3': 5, 'D16as_v6_US East_1': 5, 'D16as_v6_US East_3': 5, 'D16pds_v5_US East_3': 5, 'D16ps_v5_US East_3': 5, 'D2ads_v6_US East_1': 5, 'D2ads_v6_US East_2': 5, 'D2ads_v6_US East_3': 5, 'D2als_v6_US East_1': 5, 'D2als_v6_US East_2': 5, 'D2als_v6_US East_3': 5, 'D2as_v6_US East_1': 5, 'D2as_v6_US East_2': 5, 'D2as_v6_US East_3': 5, 'D2pds_v5_US East_1': 5, 'D2pds_v5_US East_2': 5, 'D2pds_v5_US East_3': 5, 'D2ps_v5_US East_1': 5, 'D2ps_v5_US East_2': 5, 'D2ps_v5_US East_3': 5, 'D32ads_v6_US East_1': 5, 'D32ads_v6_US East_3': 5, 'D32als_v6_US East_1': 5, 'D32als_v6_US East_2': 5, 'D32as_v6_US East_1': 5, 'D32as_v6_US East_3': 5, 'D48ads_v6_US East_2': 5, 'D48als_v6_US East_1': 5, 'D48als_v6_US East_3': 5, 'D4ads_v6_US East_1': 5, 'D4ads_v6_US East_2': 5, 'D4ads_v6_US East_3': 5, 'D4als_v6_US East_1': 5, 'D4als_v6_US East_2': 5, 'D4als_v6_US East_3': 5, 'D4as_v6_US East_1': 5, 'D4as_v6_US East_2': 5, 'D4as_v6_US East_3': 5, 'D4pds_v5_US East_1': 5, 'D4pds_v5_US East_2': 5, 'D4pds_v5_US East_3': 5, 'D4ps_v5_US East_1': 5, 'D4ps_v5_US East_2': 5, 'D4ps_v5_US East_3': 5, 'D64ads_v6_US East_2': 5, 'D64als_v6_US East_3': 5, 'D64as_v6_US East_2': 5, 'D8ads_v6_US East_1': 5, 'D8ads_v6_US East_2': 5, 'D8ads_v6_US East_3': 5, 'D8als_v6_US East_1': 5, 'D8als_v6_US East_2': 5, 'D8als_v6_US East_3': 5, 'D8as_v6_US East_1': 5, 'D8as_v6_US East_2': 5, 'D8as_v6_US East_3': 5, 'D8ps_v5_US East_1': 5, 'D8ps_v5_US East_2': 5, 'D8ps_v5_US East_3': 5, 'D96ads_v6_US East_3': 5, 'D96als_v6_US East_3': 5, 'D96as_v6_US East_3': 5, 'DC1s_v2_US East_1': 5, 'DC2s_v2_US East_2': 5, 'E16ads_v6_US East_2': 5, 'E16ads_v6_US East_3': 5, 'E16as_v6_US East_1': 5, 'E16as_v6_US East_3': 5, 'E20ads_v6_US East_1': 5, 'E20ads_v6_US East_2': 5, 'E20as_v6_US East_1': 5, 'E20as_v6_US East_3': 5, 'E2ads_v6_US East_1': 5, 'E2ads_v6_US East_2': 5, 'E2ads_v6_US East_3': 5, 'E2as_v6_US East_1': 5, 'E2as_v6_US East_2': 5, 'E2as_v6_US East_3': 5, 'E2ps_v5_US East_1': 5, 'E2ps_v5_US East_2': 5, 'E2ps_v5_US East_3': 5, 'E32ads_v6_US East_3': 5, 'E32as_v6_US East_3': 5, 'E48ads_v6_US East_3': 5, 'E48as_v6_US East_2': 5, 'E4ads_v6_US East_1': 5, 'E4ads_v6_US East_2': 5, 'E4ads_v6_US East_3': 5, 'E4as_v6_US East_1': 5, 'E4as_v6_US East_2': 5, 'E4as_v6_US East_3': 5, 'E4ps_v5_US East_1': 5, 'E4ps_v5_US East_2': 5, 'E4ps_v5_US East_3': 5, 'E64ads_v6_US East_3': 5, 'E64as_v6_US East_3': 5, 'E8ads_v6_US East_2': 5, 'E8ads_v6_US East_3': 5, 'E8as_v6_US East_2': 5, 'E8as_v6_US East_3': 5, 'E8ps_v5_US East_3': 5, 'E96ads_v6_US East_3': 5, 'E96as_v6_US East_3': 5, 'F16as_v6_US East_1': 5, 'F16as_v6_US East_2': 5, 'F2as_v6_US East_1': 5, 'F2as_v6_US East_2': 5, 'F2as_v6_US East_3': 5, 'F32as_v6_US East_3': 5, 'F48as_v6_US East_2': 5, 'F4as_v6_US East_1': 5, 'F4as_v6_US East_2': 5, 'F4as_v6_US East_3': 5, 'F64as_v6_US East_1': 5, 'F8as_v6_US East_1': 5, 'F8as_v6_US East_2': 5}"
0.48,113.71378499999994,291430240,2562840.029025507,9320,8920,"{'D16ads_v6_US East_1': 5, 'D16ads_v6_US East_2': 5, 'D16als_v6_US East_2': 5, 'D16als_v6_US East_3': 5, 'D16as_v6_US East_1': 5, 'D16as_v6_US East_3': 5, 'D16pds_v5_US East_3': 5, 'D16ps_v5_US East_3': 5, 'D2ads_v6_US East_1': 5, 'D2ads_v6_US East_2': 5, 'D2ads_v6_US East_3': 5, 'D2als_v6_US East_1': 5, 'D2als_v6_US East_2': 5, 'D2als_v6_US East_3': 5, 'D2as_v6_US East_1': 5, 'D2as_v6_US East_2': 5, 'D2as_v6_US East_3': 5, 'D2pds_v5_US East_1': 5, 'D2pds_v5_US East_2': 5, 'D2pds_v5_US East_3': 5, 'D2ps_v5_US East_1': 5, 'D2ps_v5_US East_2': 5, 'D2ps_v5_US East_3': 5, 'D32ads_v6_US East_1': 5, 'D32ads_v6_US East_3': 5, 'D32als_v6_US East_1': 5, 'D32als_v6_US East_2': 5, 'D32as_v6_US East_1': 5, 'D32as_v6_US East_3': 5, 'D48ads_v6_US East_2': 5, 'D48als_v6_US East_1': 5, 'D48als_v6_US East_3': 5, 'D4ads_v6_US East_1': 5, 'D4ads_v6_US East_2': 5, 'D4ads_v6_US East_3': 5, 'D4als_v6_US East_1': 5, 'D4als_v6_US East_2': 5, 'D4als_v6_US East_3': 5, 'D4as_v6_US East_1': 5, 'D4as_v6_US East_2': 5, 'D4as_v6_US East_3': 5, 'D4pds_v5_US East_1': 5, 'D4pds_v5_US East_2': 5, 'D4pds_v5_US East_3': 5, 'D4ps_v5_US East_1': 5, 'D4ps_v5_US East_2': 5, 'D4ps_v5_US East_3': 5, 'D64ads_v6_US East_2': 5, 'D64als_v6_US East_3': 5, 'D64as_v6_US East_2': 5, 'D8ads_v6_US East_1': 5, 'D8ads_v6_US East_2': 5, 'D8ads_v6_US East_3': 5, 'D8als_v6_US East_1': 5, 'D8als_v6_US East_2': 5, 'D8als_v6_US East_3': 5, 'D8as_v6_US East_1': 5, 'D8as_v6_US East_2': 5, 'D8as_v6_US East_3': 5, 'D8ps_v5_US East_1': 5, 'D8ps_v5_US East_2': 5, 'D8ps_v5_US East_3': 5, 'D96ads_v6_US East_3': 5, 'D96als_v6_US East_3': 5, 'D96as_v6_US East_3': 5, 'DC1s_v2_US East_1': 5, 'DC2s_v2_US East_2': 5, 'E16ads_v6_US East_2': 5, 'E16ads_v6_US East_3': 5, 'E16as_v6_US East_1': 5, 'E16as_v6_US East_3': 5, 'E20ads_v6_US East_1': 5, 'E20ads_v6_US East_2': 5, 'E20as_v6_US East_1': 5, 'E20as_v6_US East_3': 5, 'E2ads_v6_US East_1': 5, 'E2ads_v6_US East_2': 5, 'E2ads_v6_US East_3': 5, 'E2as_v6_US East_1': 5, 'E2as_v6_US East_2': 5, 'E2as_v6_US East_3': 5, 'E2ps_v5_US East_1': 5, 'E2ps_v5_US East_2': 5, 'E2ps_v5_US East_3': 5, 'E32ads_v6_US East_3': 5, 'E32as_v6_US East_3': 5, 'E48ads_v6_US East_3': 5, 'E48as_v6_US East_2': 5, 'E4ads_v6_US East_1': 5, 'E4ads_v6_US East_2': 5, 'E4ads_v6_US East_3': 5, 'E4as_v6_US East_1': 5, 'E4as_v6_US East_2': 5, 'E4as_v6_US East_3': 5, 'E4ps_v5_US East_1': 5, 'E4ps_v5_US East_2': 5, 'E4ps_v5_US East_3': 5, 'E64ads_v6_US East_3': 5, 'E64as_v6_US East_3': 5, 'E8ads_v6_US East_2': 5, 'E8ads_v6_US East_3': 5, 'E8as_v6_US East_2': 5, 'E8as_v6_US East_3': 5, 'E8ps_v5_US East_3': 5, 'E96ads_v6_US East_3': 5, 'E96as_v6_US East_3': 5, 'F16as_v6_US East_1': 5, 'F16as_v6_US East_2': 5, 'F2as_v6_US East_1': 5, 'F2as_v6_US East_2': 5, 'F2as_v6_US East_3': 5, 'F32as_v6_US East_3': 5, 'F48as_v6_US East_2': 5, 'F4as_v6_US East_1': 5, 'F4as_v6_US East_2': 5, 'F4as_v6_US East_3': 5, 'F64as_v6_US East_1': 5, 'F8as_v6_US East_1': 5, 'F8as_v6_US East_2': 5}"
0.49,150.33645999999996,352814090,2346829.8408782543,11235,10835,"{'D16ads_v6_US East_1': 5, 'D16ads_v6_US East_2': 5, 'D16alds_v6_US East_1': 5, 'D16alds_v6_US East_3': 5, 'D16als_v6_US East_2': 5, 'D16als_v6_US East_3': 5, 'D16as_v6_US East_1': 5, 'D16as_v6_US East_3': 5, 'D16pds_v5_US East_3': 5, 'D16ps_v5_US East_3': 5, 'D2ads_v6_US East_1': 5, 'D2ads_v6_US East_2': 5, 'D2ads_v6_US East_3': 5, 'D2alds_v6_US East_1': 5, 'D2alds_v6_US East_2': 5, 'D2alds_v6_US East_3': 5, 'D2als_v6_US East_1': 5, 'D2als_v6_US East_2': 5, 'D2als_v6_US East_3': 5, 'D2as_v6_US East_1': 5, 'D2as_v6_US East_2': 5, 'D2as_v6_US East_3': 5, 'D2pds_v5_US East_1': 5, 'D2pds_v5_US East_2': 5, 'D2pds_v5_US East_3': 5, 'D2ps_v5_US East_1': 5, 'D2ps_v5_US East_2': 5, 'D2ps_v5_US East_3': 5, 'D32ads_v6_US East_1': 5, 'D32ads_v6_US East_3': 5, 'D32alds_v6_US East_1': 5, 'D32alds_v6_US East_2': 5, 'D32als_v6_US East_1': 5, 'D32als_v6_US East_2': 5, 'D32as_v6_US East_1': 5, 'D32as_v6_US East_3': 5, 'D48ads_v6_US East_2': 5, 'D48alds_v6_US East_2': 5, 'D48als_v6_US East_1': 5, 'D48als_v6_US East_3': 5, 'D4ads_v6_US East_1': 5, 'D4ads_v6_US East_2': 5, 'D4ads_v6_US East_3': 5, 'D4alds_v6_US East_1': 5, 'D4alds_v6_US East_2': 5, 'D4alds_v6_US East_3': 5, 'D4als_v6_US East_1': 5, 'D4als_v6_US East_2': 5, 'D4als_v6_US East_3': 5, 'D4as_v6_US East_1': 5, 'D4as_v6_US East_2': 5, 'D4as_v6_US East_3': 5, 'D4pds_v5_US East_1': 5, 'D4pds_v5_US East_2': 5, 'D4pds_v5_US East_3': 5, 'D4ps_v5_US East_1': 5, 'D4ps_v5_US East_2': 5, 'D4ps_v5_US East_3': 5, 'D64ads_v6_US East_2': 5, 'D64alds_v6_US East_1': 5, 'D64als_v6_US East_3': 5, 'D64as_v6_US East_2': 5, 'D8ads_v6_US East_1': 5, 'D8ads_v6_US East_2': 5, 'D8ads_v6_US East_3': 5, 'D8alds_v6_US East_1': 5, 'D8alds_v6_US East_2': 5, 'D8alds_v6_US East_3': 5, 'D8als_v6_US East_1': 5, 'D8als_v6_US East_2': 5, 'D8als_v6_US East_3': 5, 'D8as_v6_US East_1': 5, 'D8as_v6_US East_2': 5, 'D8as_v6_US East_3': 5, 'D8ps_v5_US East_1': 5, 'D8ps_v5_US East_2': 5, 'D8ps_v5_US East_3': 5, 'D96ads_v6_US East_3': 5, 'D96alds_v6_US East_3': 5, 'D96als_v6_US East_3': 5, 'D96as_v6_US East_3': 5, 'DC1s_v2_US East_1': 5, 'DC2s_v2_US East_2': 5, 'E16ads_v6_US East_2': 5, 'E16ads_v6_US East_3': 5, 'E16as_v6_US East_1': 5, 'E16as_v6_US East_3': 5, 'E20ads_v6_US East_1': 5, 'E20ads_v6_US East_2': 5, 'E20as_v6_US East_1': 5, 'E20as_v6_US East_3': 5, 'E2ads_v6_US East_1': 5, 'E2ads_v6_US East_2': 5, 'E2ads_v6_US East_3': 5, 'E2as_v6_US East_1': 5, 'E2as_v6_US East_2': 5, 'E2as_v6_US East_3': 5, 'E2ps_v5_US East_1': 5, 'E2ps_v5_US East_2': 5, 'E2ps_v5_US East_3': 5, 'E32ads_v6_US East_3': 5, 'E32as_v6_US East_3': 5, 'E48ads_v6_US East_3': 5, 'E48as_v6_US East_2': 5, 'E4ads_v6_US East_1': 5, 'E4ads_v6_US East_2': 5, 'E4ads_v6_US East_3': 5, 'E4as_v6_US East_1': 5, 'E4as_v6_US East_2': 5, 'E4as_v6_US East_3': 5, 'E4ps_v5_US East_1': 5, 'E4ps_v5_US East_2': 5, 'E4ps_v5_US East_3': 5, 'E64ads_v6_US East_3': 5, 'E64as_v6_US East_3': 5, 'E8ads_v6_US East_2': 5, 'E8ads_v6_US East_3': 5, 'E8as_v6_US East_2': 5, 'E8as_v6_US East_3': 5, 'E8ps_v5_US East_3': 5, 'E96ads_v6_US East_3': 5, 'E96as_v6_US East_3': 5, 'F16ams_v6_US East_2': 5, 'F16ams_v6_US East_3': 5, 'F16as_v6_US East_1': 5, 'F16as_v6_US East_2': 5, 'F2ams_v6_US East_1': 5, 'F2ams_v6_US East_2': 5, 'F2ams_v6_US East_3': 5, 'F2as_v6_US East_1': 5, 'F2as_v6_US East_2': 5, 'F2as_v6_US East_3': 5, 'F32ams_v6_US East_2': 5, 'F32as_v6_US East_3': 5, 'F48ams_v6_US East_2': 5, 'F48as_v6_US East_2': 5, 'F4ams_v6_US East_1': 5, 'F4ams_v6_US East_2': 5, 'F4ams_v6_US East_3': 5, 'F4as_v6_US East_1': 5, 'F4as_v6_US East_2': 5, 'F4as_v6_US East_3': 5, 'F64ams_v6_US East_3': 5, 'F64as_v6_US East_1': 5, 'F8ams_v6_US East_2': 5, 'F8ams_v6_US East_3': 5, 'F8as_v6_US East_1': 5, 'F8as_v6_US East_2': 5}"
0.5,150.52494999999996,353108058,2345844.048445125,11250,10850,"{'D16ads_v6_US East_1': 5, 'D16ads_v6_US East_2': 5, 'D16alds_v6_US East_1': 5, 'D16alds_v6_US East_3': 5, 'D16als_v6_US East_2': 5, 'D16als_v6_US East_3': 5, 'D16as_v6_US East_1': 5, 'D16as_v6_US East_3': 5, 'D16pds_v5_US East_3': 5, 'D16ps_v5_US East_3': 5, 'D2ads_v6_US East_1': 5, 'D2ads_v6_US East_2': 5, 'D2ads_v6_US East_3': 5, 'D2alds_v6_US East_1': 5, 'D2alds_v6_US East_2': 5, 'D2alds_v6_US East_3': 5, 'D2als_v6_US East_1': 5, 'D2als_v6_US East_2': 5, 'D2als_v6_US East_3': 5, 'D2as_v6_US East_1': 5, 'D2as_v6_US East_2': 5, 'D2as_v6_US East_3': 5, 'D2pds_v5_US East_1': 5, 'D2pds_v5_US East_2': 5, 'D2pds_v5_US East_3': 5, 'D2pls_v5_US East_1': 5, 'D2pls_v5_US East_2': 5, 'D2pls_v5_US East_3': 5, 'D2ps_v5_US East_1': 5, 'D2ps_v5_US East_2': 5, 'D2ps_v5_US East_3': 5, 'D32ads_v6_US East_1': 5, 'D32ads_v6_US East_3': 5, 'D32alds_v6_US East_1': 5, 'D32alds_v6_US East_2': 5, 'D32als_v6_US East_1': 5, 'D32als_v6_US East_2': 5, 'D32as_v6_US East_1': 5, 'D32as_v6_US East_3': 5, 'D48ads_v6_US East_2': 5, 'D48alds_v6_US East_2': 5, 'D48als_v6_US East_1': 5, 'D48als_v6_US East_3': 5, 'D4ads_v6_US East_1': 5, 'D4ads_v6_US East_2': 5, 'D4ads_v6_US East_3': 5, 'D4alds_v6_US East_1': 5, 'D4alds_v6_US East_2': 5, 'D4alds_v6_US East_3': 5, 'D4als_v6_US East_1': 5, 'D4als_v6_US East_2': 5, 'D4als_v6_US East_3': 5, 'D4as_v6_US East_1': 5, 'D4as_v6_US East_2': 5, 'D4as_v6_US East_3': 5, 'D4pds_v5_US East_1': 5, 'D4pds_v5_US East_2': 5, 'D4pds_v5_US East_3': 5, 'D4ps_v5_US East_1': 5, 'D4ps_v5_US East_2': 5, 'D4ps_v5_US East_3': 5, 'D64ads_v6_US East_2': 5, 'D64alds_v6_US East_1': 5, 'D64als_v6_US East_3': 5, 'D64as_v6_US East_2': 5, 'D8ads_v6_US East_1': 5, 'D8ads_v6_US East_2': 5, 'D8ads_v6_US East_3': 5, 'D8alds_v6_US East_1': 5, 'D8alds_v6_US East_2': 5, 'D8alds_v6_US East_3': 5, 'D8als_v6_US East_1': 5, 'D8als_v6_US East_2': 5, 'D8als_v6_US East_3': 5, 'D8as_v6_US East_1': 5, 'D8as_v6_US East_2': 5, 'D8as_v6_US East_3': 5, 'D8ps_v5_US East_1': 5, 'D8ps_v5_US East_2': 5, 'D8ps_v5_US East_3': 5, 'D96ads_v6_US East_3': 5, 'D96alds_v6_US East_3': 5, 'D96als_v6_US East_3': 5, 'D96as_v6_US East_3': 5, 'DC1s_v2_US East_1': 5, 'DC2s_v2_US East_2': 5, 'E16ads_v6_US East_2': 5, 'E16ads_v6_US East_3': 5, 'E16as_v6_US East_1': 5, 'E16as_v6_US East_3': 5, 'E20ads_v6_US East_1': 5, 'E20ads_v6_US East_2': 5, 'E20as_v6_US East_1': 5, 'E20as_v6_US East_3': 5, 'E2ads_v6_US East_1': 5, 'E2ads_v6_US East_2': 5, 'E2ads_v6_US East_3': 5, 'E2as_v6_US East_1': 5, 'E2as_v6_US East_2': 5, 'E2as_v6_US East_3': 5, 'E2ps_v5_US East_1': 5, 'E2ps_v5_US East_2': 5, 'E2ps_v5_US East_3': 5, 'E32ads_v6_US East_3': 5, 'E32as_v6_US East_3': 5, 'E48ads_v6_US East_3': 5, 'E48as_v6_US East_2': 5, 'E4ads_v6_US East_1': 5, 'E4ads_v6_US East_2': 5, 'E4ads_v6_US East_3': 5, 'E4as_v6_US East_1': 5, 'E4as_v6_US East_2': 5, 'E4as_v6_US East_3': 5, 'E4ps_v5_US East_1': 5, 'E4ps_v5_US East_2': 5, 'E4ps_v5_US East_3': 5, 'E64ads_v6_US East_3': 5, 'E64as_v6_US East_3': 5, 'E8ads_v6_US East_2': 5, 'E8ads_v6_US East_3': 5, 'E8as_v6_US East_2': 5, 'E8as_v6_US East_3': 5, 'E8ps_v5_US East_3': 5, 'E96ads_v6_US East_3': 5, 'E96as_v6_US East_3': 5, 'F16ams_v6_US East_2': 5, 'F16ams_v6_US East_3': 5, 'F16as_v6_US East_1': 5, 'F16as_v6_US East_2': 5, 'F2ams_v6_US East_1': 5, 'F2ams_v6_US East_2': 5, 'F2ams_v6_US East_3': 5, 'F2as_v6_US East_1': 5, 'F2as_v6_US East_2': 5, 'F2as_v6_US East_3': 5, 'F32ams_v6_US East_2': 5, 'F32as_v6_US East_3': 5, 'F48ams_v6_US East_2': 5, 'F48as_v6_US East_2': 5, 'F4ams_v6_US East_1': 5, 'F4ams_v6_US East_2': 5, 'F4ams_v6_US East_3': 5, 'F4as_v6_US East_1': 5, 'F4as_v6_US East_2': 5, 'F4as_v6_US East_3': 5, 'F64ams_v6_US East_3': 5, 'F64as_v6_US East_1': 5, 'F8ams_v6_US East_2': 5, 'F8ams_v6_US East_3': 5, 'F8as_v6_US East_1': 5, 'F8as_v6_US East_2': 5}"
0.51,155.81948,361250681,2318392.290232261,11675,11275,"{'D16ads_v6_US East_1': 5, 'D16ads_v6_US East_2': 5, 'D16alds_v6_US East_1': 5, 'D16alds_v6_US East_3': 5, 'D16als_v6_US East_2': 5, 'D16als_v6_US East_3': 5, 'D16as_v6_US East_1': 5, 'D16as_v6_US East_3': 5, 'D16pds_v5_US East_3': 5, 'D16pls_v5_US East_1': 5, 'D16pls_v5_US East_2': 5, 'D16ps_v5_US East_3': 5, 'D2ads_v6_US East_1': 5, 'D2ads_v6_US East_2': 5, 'D2ads_v6_US East_3': 5, 'D2alds_v6_US East_1': 5, 'D2alds_v6_US East_2': 5, 'D2alds_v6_US East_3': 5, 'D2als_v6_US East_1': 5, 'D2als_v6_US East_2': 5, 'D2als_v6_US East_3': 5, 'D2as_v6_US East_1': 5, 'D2as_v6_US East_2': 5, 'D2as_v6_US East_3': 5, 'D2pds_v5_US East_1': 5, 'D2pds_v5_US East_2': 5, 'D2pds_v5_US East_3': 5, 'D2pls_v5_US East_1': 5, 'D2pls_v5_US East_2': 5, 'D2pls_v5_US East_3': 5, 'D2ps_v5_US East_1': 5, 'D2ps_v5_US East_2': 5, 'D2ps_v5_US East_3': 5, 'D32ads_v6_US East_1': 5, 'D32ads_v6_US East_3': 5, 'D32alds_v6_US East_1': 5, 'D32alds_v6_US East_2': 5, 'D32als_v6_US East_1': 5, 'D32als_v6_US East_2': 5, 'D32as_v6_US East_1': 5, 'D32as_v6_US East_3': 5, 'D32pls_v5_US East_2': 5, 'D48ads_v6_US East_2': 5, 'D48alds_v6_US East_2': 5, 'D48als_v6_US East_1': 5, 'D48als_v6_US East_3': 5, 'D4ads_v6_US East_1': 5, 'D4ads_v6_US East_2': 5, 'D4ads_v6_US East_3': 5, 'D4alds_v6_US East_1': 5, 'D4alds_v6_US East_2': 5, 'D4alds_v6_US East_3': 5, 'D4als_v6_US East_1': 5, 'D4als_v6_US East_2': 5, 'D4als_v6_US East_3': 5, 'D4as_v6_US East_1': 5, 'D4as_v6_US East_2': 5, 'D4as_v6_US East_3': 5, 'D4pds_v5_US East_1': 5, 'D4pds_v5_US East_2': 5, 'D4pds_v5_US East_3': 5, 'D4pls_v5_US East_1': 5, 'D4pls_v5_US East_2': 5, 'D4pls_v5_US East_3': 5, 'D4ps_v5_US East_1': 5, 'D4ps_v5_US East_2': 5, 'D4ps_v5_US East_3': 5, 'D64ads_v6_US East_2': 5, 'D64alds_v6_US East_1': 5, 'D64als_v6_US East_3': 5, 'D64as_v6_US East_2': 5, 'D8ads_v6_US East_1': 5, 'D8ads_v6_US East_2': 5, 'D8ads_v6_US East_3': 5, 'D8alds_v6_US East_1': 5, 'D8alds_v6_US East_2': 5, 'D8alds_v6_US East_3': 5, 'D8als_v6_US East_1': 5, 'D8als_v6_US East_2': 5, 'D8als_v6_US East_3': 5, 'D8as_v6_US East_1': 5, 'D8as_v6_US East_2': 5, 'D8as_v6_US East_3': 5, 'D8pls_v5_US East_1': 5, 'D8pls_v5_US East_2': 5, 'D8pls_v5_US East_3': 5, 'D8ps_v5_US East_1': 5, 'D8ps_v5_US East_2': 5, 'D8ps_v5_US East_3': 5, 'D96ads_v6_US East_3': 5, 'D96alds_v6_US East_3': 5, 'D96als_v6_US East_3': 5, 'D96as_v6_US East_3': 5, 'DC1s_v2_US East_1': 5, 'DC2s_v2_US East_2': 5, 'E16ads_v6_US East_2': 5, 'E16ads_v6_US East_3': 5, 'E16as_v6_US East_1': 5, 'E16as_v6_US East_3': 5, 'E20ads_v6_US East_1': 5, 'E20ads_v6_US East_2': 5, 'E20as_v6_US East_1': 5, 'E20as_v6_US East_3': 5, 'E2ads_v6_US East_1': 5, 'E2ads_v6_US East_2': 5, 'E2ads_v6_US East_3': 5, 'E2as_v6_US East_1': 5, 'E2as_v6_US East_2': 5, 'E2as_v6_US East_3': 5, 'E2ps_v5_US East_1': 5, 'E2ps_v5_US East_2': 5, 'E2ps_v5_US East_3': 5, 'E32ads_v6_US East_3': 5, 'E32as_v6_US East_3': 5, 'E48ads_v6_US East_3': 5, 'E48as_v6_US East_2': 5, 'E4ads_v6_US East_1': 5, 'E4ads_v6_US East_2': 5, 'E4ads_v6_US East_3': 5, 'E4as_v6_US East_1': 5, 'E4as_v6_US East_2': 5, 'E4as_v6_US East_3': 5, 'E4ps_v5_US East_1': 5, 'E4ps_v5_US East_2': 5, 'E4ps_v5_US East_3': 5, 'E64ads_v6_US East_3': 5, 'E64as_v6_US East_3': 5, 'E8ads_v6_US East_2': 5, 'E8ads_v6_US East_3': 5, 'E8as_v6_US East_2': 5, 'E8as_v6_US East_3': 5, 'E8ps_v5_US East_3': 5, 'E96ads_v6_US East_3': 5, 'E96as_v6_US East_3': 5, 'F16ams_v6_US East_2': 5, 'F16ams_v6_US East_3': 5, 'F16as_v6_US East_1': 5, 'F16as_v6_US East_2': 5, 'F2ams_v6_US East_1': 5, 'F2ams_v6_US East_2': 5, 'F2ams_v6_US East_3': 5, 'F2as_v6_US East_1': 5, 'F2as_v6_US East_2': 5, 'F2as_v6_US East_3': 5, 'F32ams_v6_US East_2': 5, 'F32as_v6_US East_3': 5, 'F48ams_v6_US East_2': 5, 'F48as_v6_US East_2': 5, 'F4ams_v6_US East_1': 5, 'F4ams_v6_US East_2': 5, 'F4ams_v6_US East_3': 5, 'F4as_v6_US East_1': 5, 'F4as_v6_US East_2': 5, 'F4as_v6_US East_3': 5, 'F64ams_v6_US East_3': 5, 'F64as_v6_US East_1': 5, 'F8ams_v6_US East_2': 5, 'F8ams_v6_US East_3': 5, 'F8as_v6_US East_1': 5, 'F8as_v6_US East_2': 5, 'NV16as_v4_US East_2': 5, 'NV8as_v4_US East_1': 5, 'NV8as_v4_US East_2': 5, 'NV8as_v4_US East_3': 5}"
0.52,156.65847000000002,362482392,2313838.4557183534,11735,11335,"{'D16ads_v6_US East_1': 5, 'D16ads_v6_US East_2': 5, 'D16alds_v6_US East_1': 5, 'D16alds_v6_US East_3': 5, 'D16als_v6_US East_2': 5, 'D16als_v6_US East_3': 5, 'D16as_v6_US East_1': 5, 'D16as_v6_US East_3': 5, 'D16pds_v5_US East_3': 5, 'D16pls_v5_US East_1': 5, 'D16pls_v5_US East_2': 5, 'D16ps_v5_US East_3': 5, 'D2ads_v6_US East_1': 5, 'D2ads_v6_US East_2': 5, 'D2ads_v6_US East_3': 5, 'D2alds_v6_US East_1': 5, 'D2alds_v6_US East_2': 5, 'D2alds_v6_US East_3': 5, 'D2als_v6_US East_1': 5, 'D2als_v6_US East_2': 5, 'D2als_v6_US East_3': 5, 'D2as_v6_US East_1': 5, 'D2as_v6_US East_2': 5, 'D2as_v6_US East_3': 5, 'D2pds_v5_US East_1': 5, 'D2pds_v5_US East_2': 5, 'D2pds_v5_US East_3': 5, 'D2pls_v5_US East_1': 5, 'D2pls_v5_US East_2': 5, 'D2pls_v5_US East_3': 5, 'D2ps_v5_US East_1': 5, 'D2ps_v5_US East_2': 5, 'D2ps_v5_US East_3': 5, 'D32ads_v6_US East_1': 5, 'D32ads_v6_US East_3': 5, 'D32alds_v6_US East_1': 5, 'D32alds_v6_US East_2': 5, 'D32als_v6_US East_1': 5, 'D32als_v6_US East_2': 5, 'D32as_v6_US East_1': 5, 'D32as_v6_US East_3': 5, 'D32pls_v5_US East_2': 5, 'D48ads_v6_US East_2': 5, 'D48alds_v6_US East_2': 5, 'D48als_v6_US East_1': 5, 'D48als_v6_US East_3': 5, 'D4ads_v6_US East_1': 5, 'D4ads_v6_US East_2': 5, 'D4ads_v6_US East_3': 5, 'D4alds_v6_US East_1': 5, 'D4alds_v6_US East_2': 5, 'D4alds_v6_US East_3': 5, 'D4als_v6_US East_1': 5, 'D4als_v6_US East_2': 5, 'D4als_v6_US East_3': 5, 'D4as_v6_US East_1': 5, 'D4as_v6_US East_2': 5, 'D4as_v6_US East_3': 5, 'D4pds_v5_US East_1': 5, 'D4pds_v5_US East_2': 5, 'D4pds_v5_US East_3': 5, 'D4pls_v5_US East_1': 5, 'D4pls_v5_US East_2': 5, 'D4pls_v5_US East_3': 5, 'D4ps_v5_US East_1': 5, 'D4ps_v5_US East_2': 5, 'D4ps_v5_US East_3': 5, 'D64ads_v6_US East_2': 5, 'D64alds_v6_US East_1': 5, 'D64als_v6_US East_3': 5, 'D64as_v6_US East_2': 5, 'D8ads_v6_US East_1': 5, 'D8ads_v6_US East_2': 5, 'D8ads_v6_US East_3': 5, 'D8alds_v6_US East_1': 5, 'D8alds_v6_US East_2': 5, 'D8alds_v6_US East_3': 5, 'D8als_v6_US East_1': 5, 'D8als_v6_US East_2': 5, 'D8als_v6_US East_3': 5, 'D8as_v6_US East_1': 5, 'D8as_v6_US East_2': 5, 'D8as_v6_US East_3': 5, 'D8pls_v5_US East_1': 5, 'D8pls_v5_US East_2': 5, 'D8pls_v5_US East_3': 5, 'D8ps_v5_US East_1': 5, 'D8ps_v5_US East_2': 5, 'D8ps_v5_US East_3': 5, 'D96ads_v6_US East_3': 5, 'D96alds_v6_US East_3': 5, 'D96als_v6_US East_3': 5, 'D96as_v6_US East_3': 5, 'DC1s_v2_US East_1': 5, 'DC2s_v2_US East_2': 5, 'E16ads_v6_US East_2': 5, 'E16ads_v6_US East_3': 5, 'E16as_v6_US East_1': 5, 'E16as_v6_US East_3': 5, 'E20ads_v6_US East_1': 5, 'E20ads_v6_US East_2': 5, 'E20as_v6_US East_1': 5, 'E20as_v6_US East_3': 5, 'E2ads_v6_US East_1': 5, 'E2ads_v6_US East_2': 5, 'E2ads_v6_US East_3': 5, 'E2as_v6_US East_1': 5, 'E2as_v6_US East_2': 5, 'E2as_v6_US East_3': 5, 'E2ps_v5_US East_1': 5, 'E2ps_v5_US East_2': 5, 'E2ps_v5_US East_3': 5, 'E32ads_v6_US East_3': 5, 'E32as_v6_US East_3': 5, 'E48ads_v6_US East_3': 5, 'E48as_v6_US East_2': 5, 'E4ads_v6_US East_1': 5, 'E4ads_v6_US East_2': 5, 'E4ads_v6_US East_3': 5, 'E4as_v6_US East_1': 5, 'E4as_v6_US East_2': 5, 'E4as_v6_US East_3': 5, 'E4ps_v5_US East_1': 5, 'E4ps_v5_US East_2': 5, 'E4ps_v5_US East_3': 5, 'E64ads_v6_US East_3': 5, 'E64as_v6_US East_3': 5, 'E8ads_v6_US East_2': 5, 'E8ads_v6_US East_3': 5, 'E8as_v6_US East_2': 5, 'E8as_v6_US East_3': 5, 'E8ps_v5_US East_3': 5, 'E96ads_v6_US East_3': 5, 'E96as_v6_US East_3': 5, 'F16ams_v6_US East_2': 5, 'F16ams_v6_US East_3': 5, 'F16as_v6_US East_1': 5, 'F16as_v6_US East_2': 5, 'F2ams_v6_US East_1': 5, 'F2ams_v6_US East_2': 5, 'F2ams_v6_US East_3': 5, 'F2as_v6_US East_1': 5, 'F2as_v6_US East_2': 5, 'F2as_v6_US East_3': 5, 'F32ams_v6_US East_2': 5, 'F32as_v6_US East_3': 5, 'F48ams_v6_US East_2': 5, 'F48as_v6_US East_2': 5, 'F4ams_v6_US East_1': 5, 'F4ams_v6_US East_2': 5, 'F4ams_v6_US East_3': 5, 'F4as_v6_US East_1': 5, 'F4as_v6_US East_2': 5, 'F4as_v6_US East_3': 5, 'F64ams_v6_US East_3': 5, 'F64as_v6_US East_1': 5, 'F8ams_v6_US East_2': 5, 'F8ams_v6_US East_3': 5, 'F8as_v6_US East_1': 5, 'F8as_v6_US East_2': 5, 'NV16as_v4_US East_2': 5, 'NV6ads_A10_v5_US East_1': 5, 'NV6ads_A10_v5_US East_2': 5, 'NV8as_v4_US East_1': 5, 'NV8as_v4_US East_2': 5, 'NV8as_v4_US East_3': 5}"
0.53,156.65847000000002,362482392,2313838.4557183534,11735,11335,"{'D16ads_v6_US East_1': 5, 'D16ads_v6_US East_2': 5, 'D16alds_v6_US East_1': 5, 'D16alds_v6_US East_3': 5, 'D16als_v6_US East_2': 5, 'D16als_v6_US East_3': 5, 'D16as_v6_US East_1': 5, 'D16as_v6_US East_3': 5, 'D16pds_v5_US East_3': 5, 'D16pls_v5_US East_1': 5, 'D16pls_v5_US East_2': 5, 'D16ps_v5_US East_3': 5, 'D2ads_v6_US East_1': 5, 'D2ads_v6_US East_2': 5, 'D2ads_v6_US East_3': 5, 'D2alds_v6_US East_1': 5, 'D2alds_v6_US East_2': 5, 'D2alds_v6_US East_3': 5, 'D2als_v6_US East_1': 5, 'D2als_v6_US East_2': 5, 'D2als_v6_US East_3': 5, 'D2as_v6_US East_1': 5, 'D2as_v6_US East_2': 5, 'D2as_v6_US East_3': 5, 'D2pds_v5_US East_1': 5, 'D2pds_v5_US East_2': 5, 'D2pds_v5_US East_3': 5, 'D2pls_v5_US East_1': 5, 'D2pls_v5_US East_2': 5, 'D2pls_v5_US East_3': 5, 'D2ps_v5_US East_1': 5, 'D2ps_v5_US East_2': 5, 'D2ps_v5_US East_3': 5, 'D32ads_v6_US East_1': 5, 'D32ads_v6_US East_3': 5, 'D32alds_v6_US East_1': 5, 'D32alds_v6_US East_2': 5, 'D32als_v6_US East_1': 5, 'D32als_v6_US East_2': 5, 'D32as_v6_US East_1': 5, 'D32as_v6_US East_3': 5, 'D32pls_v5_US East_2': 5, 'D48ads_v6_US East_2': 5, 'D48alds_v6_US East_2': 5, 'D48als_v6_US East_1': 5, 'D48als_v6_US East_3': 5, 'D4ads_v6_US East_1': 5, 'D4ads_v6_US East_2': 5, 'D4ads_v6_US East_3': 5, 'D4alds_v6_US East_1': 5, 'D4alds_v6_US East_2': 5, 'D4alds_v6_US East_3': 5, 'D4als_v6_US East_1': 5, 'D4als_v6_US East_2': 5, 'D4als_v6_US East_3': 5, 'D4as_v6_US East_1': 5, 'D4as_v6_US East_2': 5, 'D4as_v6_US East_3': 5, 'D4pds_v5_US East_1': 5, 'D4pds_v5_US East_2': 5, 'D4pds_v5_US East_3': 5, 'D4pls_v5_US East_1': 5, 'D4pls_v5_US East_2': 5, 'D4pls_v5_US East_3': 5, 'D4ps_v5_US East_1': 5, 'D4ps_v5_US East_2': 5, 'D4ps_v5_US East_3': 5, 'D64ads_v6_US East_2': 5, 'D64alds_v6_US East_1': 5, 'D64als_v6_US East_3': 5, 'D64as_v6_US East_2': 5, 'D8ads_v6_US East_1': 5, 'D8ads_v6_US East_2': 5, 'D8ads_v6_US East_3': 5, 'D8alds_v6_US East_1': 5, 'D8alds_v6_US East_2': 5, 'D8alds_v6_US East_3': 5, 'D8als_v6_US East_1': 5, 'D8als_v6_US East_2': 5, 'D8als_v6_US East_3': 5, 'D8as_v6_US East_1': 5, 'D8as_v6_US East_2': 5, 'D8as_v6_US East_3': 5, 'D8pls_v5_US East_1': 5, 'D8pls_v5_US East_2': 5, 'D8pls_v5_US East_3': 5, 'D8ps_v5_US East_1': 5, 'D8ps_v5_US East_2': 5, 'D8ps_v5_US East_3': 5, 'D96ads_v6_US East_3': 5, 'D96alds_v6_US East_3': 5, 'D96als_v6_US East_3': 5, 'D96as_v6_US East_3': 5, 'DC1s_v2_US East_1': 5, 'DC2s_v2_US East_2': 5, 'E16ads_v6_US East_2': 5, 'E16ads_v6_US East_3': 5, 'E16as_v6_US East_1': 5, 'E16as_v6_US East_3': 5, 'E20ads_v6_US East_1': 5, 'E20ads_v6_US East_2': 5, 'E20as_v6_US East_1': 5, 'E20as_v6_US East_3': 5, 'E2ads_v6_US East_1': 5, 'E2ads_v6_US East_2': 5, 'E2ads_v6_US East_3': 5, 'E2as_v6_US East_1': 5, 'E2as_v6_US East_2': 5, 'E2as_v6_US East_3': 5, 'E2ps_v5_US East_1': 5, 'E2ps_v5_US East_2': 5, 'E2ps_v5_US East_3': 5, 'E32ads_v6_US East_3': 5, 'E32as_v6_US East_3': 5, 'E48ads_v6_US East_3': 5, 'E48as_v6_US East_2': 5, 'E4ads_v6_US East_1': 5, 'E4ads_v6_US East_2': 5, 'E4ads_v6_US East_3': 5, 'E4as_v6_US East_1': 5, 'E4as_v6_US East_2': 5, 'E4as_v6_US East_3': 5, 'E4ps_v5_US East_1': 5, 'E4ps_v5_US East_2': 5, 'E4ps_v5_US East_3': 5, 'E64ads_v6_US East_3': 5, 'E64as_v6_US East_3': 5, 'E8ads_v6_US East_2': 5, 'E8ads_v6_US East_3': 5, 'E8as_v6_US East_2': 5, 'E8as_v6_US East_3': 5, 'E8ps_v5_US East_3': 5, 'E96ads_v6_US East_3': 5, 'E96as_v6_US East_3': 5, 'F16ams_v6_US East_2': 5, 'F16ams_v6_US East_3': 5, 'F16as_v6_US East_1': 5, 'F16as_v6_US East_2': 5, 'F2ams_v6_US East_1': 5, 'F2ams_v6_US East_2': 5, 'F2ams_v6_US East_3': 5, 'F2as_v6_US East_1': 5, 'F2as_v6_US East_2': 5, 'F2as_v6_US East_3': 5, 'F32ams_v6_US East_2': 5, 'F32as_v6_US East_3': 5, 'F48ams_v6_US East_2': 5, 'F48as_v6_US East_2': 5, 'F4ams_v6_US East_1': 5, 'F4ams_v6_US East_2': 5, 'F4ams_v6_US East_3': 5, 'F4as_v6_US East_1': 5, 'F4as_v6_US East_2': 5, 'F4as_v6_US East_3': 5, 'F64ams_v6_US East_3': 5, 'F64as_v6_US East_1': 5, 'F8ams_v6_US East_2': 5, 'F8ams_v6_US East_3': 5, 'F8as_v6_US East_1': 5, 'F8as_v6_US East_2': 5, 'NV16as_v4_US East_2': 5, 'NV6ads_A10_v5_US East_1': 5, 'NV6ads_A10_v5_US East_2': 5, 'NV8as_v4_US East_1': 5, 'NV8as_v4_US East_2': 5, 'NV8as_v4_US East_3': 5}"
0.54,160.41952499999994,367675819,2291964.2724288097,12000,11600,"{'D16ads_v6_US East_1': 5, 'D16ads_v6_US East_2': 5, 'D16alds_v6_US East_1': 5, 'D16alds_v6_US East_3': 5, 'D16als_v6_US East_2': 5, 'D16als_v6_US East_3': 5, 'D16as_v6_US East_1': 5, 'D16as_v6_US East_3': 5, 'D16pds_v5_US East_3': 5, 'D16plds_v5_US East_1': 5, 'D16plds_v5_US East_2': 5, 'D16pls_v5_US East_1': 5, 'D16pls_v5_US East_2': 5, 'D16ps_v5_US East_3': 5, 'D2ads_v6_US East_1': 5, 'D2ads_v6_US East_2': 5, 'D2ads_v6_US East_3': 5, 'D2alds_v6_US East_1': 5, 'D2alds_v6_US East_2': 5, 'D2alds_v6_US East_3': 5, 'D2als_v6_US East_1': 5, 'D2als_v6_US East_2': 5, 'D2als_v6_US East_3': 5, 'D2as_v6_US East_1': 5, 'D2as_v6_US East_2': 5, 'D2as_v6_US East_3': 5, 'D2pds_v5_US East_1': 5, 'D2pds_v5_US East_2': 5, 'D2pds_v5_US East_3': 5, 'D2plds_v5_US East_1': 5, 'D2plds_v5_US East_2': 5, 'D2plds_v5_US East_3': 5, 'D2pls_v5_US East_1': 5, 'D2pls_v5_US East_2': 5, 'D2pls_v5_US East_3': 5, 'D2ps_v5_US East_1': 5, 'D2ps_v5_US East_2': 5, 'D2ps_v5_US East_3': 5, 'D32ads_v6_US East_1': 5, 'D32ads_v6_US East_3': 5, 'D32alds_v6_US East_1': 5, 'D32alds_v6_US East_2': 5, 'D32als_v6_US East_1': 5, 'D32als_v6_US East_2': 5, 'D32as_v6_US East_1': 5, 'D32as_v6_US East_3': 5, 'D32plds_v5_US East_2': 5, 'D32pls_v5_US East_2': 5, 'D48ads_v6_US East_2': 5, 'D48alds_v6_US East_2': 5, 'D48als_v6_US East_1': 5, 'D48als_v6_US East_3': 5, 'D4ads_v6_US East_1': 5, 'D4ads_v6_US East_2': 5, 'D4ads_v6_US East_3': 5, 'D4alds_v6_US East_1': 5, 'D4alds_v6_US East_2': 5, 'D4alds_v6_US East_3': 5, 'D4als_v6_US East_1': 5, 'D4als_v6_US East_2': 5, 'D4als_v6_US East_3': 5, 'D4as_v6_US East_1': 5, 'D4as_v6_US East_2': 5, 'D4as_v6_US East_3': 5, 'D4pds_v5_US East_1': 5, 'D4pds_v5_US East_2': 5, 'D4pds_v5_US East_3': 5, 'D4plds_v5_US East_1': 5, 'D4plds_v5_US East_2': 5, 'D4plds_v5_US East_3': 5, 'D4pls_v5_US East_1': 5, 'D4pls_v5_US East_2': 5, 'D4pls_v5_US East_3': 5, 'D4ps_v5_US East_1': 5, 'D4ps_v5_US East_2': 5, 'D4ps_v5_US East_3': 5, 'D64ads_v6_US East_2': 5, 'D64alds_v6_US East_1': 5, 'D64als_v6_US East_3': 5, 'D64as_v6_US East_2': 5, 'D8ads_v6_US East_1': 5, 'D8ads_v6_US East_2': 5, 'D8ads_v6_US East_3': 5, 'D8alds_v6_US East_1': 5, 'D8alds_v6_US East_2': 5, 'D8alds_v6_US East_3': 5, 'D8als_v6_US East_1': 5, 'D8als_v6_US East_2': 5, 'D8als_v6_US East_3': 5, 'D8as_v6_US East_1': 5, 'D8as_v6_US East_2': 5, 'D8as_v6_US East_3': 5, 'D8plds_v5_US East_1': 5, 'D8plds_v5_US East_2': 5, 'D8plds_v5_US East_3': 5, 'D8pls_v5_US East_1': 5, 'D8pls_v5_US East_2': 5, 'D8pls_v5_US East_3': 5, 'D8ps_v5_US East_1': 5, 'D8ps_v5_US East_2': 5, 'D8ps_v5_US East_3': 5, 'D96ads_v6_US East_3': 5, 'D96alds_v6_US East_3': 5, 'D96als_v6_US East_3': 5, 'D96as_v6_US East_3': 5, 'DC1s_v2_US East_1': 5, 'DC2s_v2_US East_2': 5, 'E16ads_v6_US East_2': 5, 'E16ads_v6_US East_3': 5, 'E16as_v6_US East_1': 5, 'E16as_v6_US East_3': 5, 'E20ads_v6_US East_1': 5, 'E20ads_v6_US East_2': 5, 'E20as_v6_US East_1': 5, 'E20as_v6_US East_3': 5, 'E2ads_v6_US East_1': 5, 'E2ads_v6_US East_2': 5, 'E2ads_v6_US East_3': 5, 'E2as_v6_US East_1': 5, 'E2as_v6_US East_2': 5, 'E2as_v6_US East_3': 5, 'E2ps_v5_US East_1': 5, 'E2ps_v5_US East_2': 5, 'E2ps_v5_US East_3': 5, 'E32ads_v6_US East_3': 5, 'E32as_v6_US East_3': 5, 'E48ads_v6_US East_3': 5, 'E48as_v6_US East_2': 5, 'E4ads_v6_US East_1': 5, 'E4ads_v6_US East_2': 5, 'E4ads_v6_US East_3': 5, 'E4as_v6_US East_1': 5, 'E4as_v6_US East_2': 5, 'E4as_v6_US East_3': 5, 'E4ps_v5_US East_1': 5, 'E4ps_v5_US East_2': 5, 'E4ps_v5_US East_3': 5, 'E64ads_v6_US East_3': 5, 'E64as_v6_US East_3': 5, 'E8ads_v6_US East_2': 5, 'E8ads_v6_US East_3': 5, 'E8as_v6_US East_2': 5, 'E8as_v6_US East_3': 5, 'E8ps_v5_US East_3': 5, 'E96ads_v6_US East_3': 5, 'E96as_v6_US East_3': 5, 'F16ams_v6_US East_2': 5, 'F16ams_v6_US East_3': 5, 'F16as_v6_US East_1': 5, 'F16as_v6_US East_2': 5, 'F2ams_v6_US East_1': 5, 'F2ams_v6_US East_2': 5, 'F2ams_v6_US East_3': 5, 'F2as_v6_US East_1': 5, 'F2as_v6_US East_2': 5, 'F2as_v6_US East_3': 5, 'F32ams_v6_US East_2': 5, 'F32as_v6_US East_3': 5, 'F48ams_v6_US East_2': 5, 'F48as_v6_US East_2': 5, 'F4ams_v6_US East_1': 5, 'F4ams_v6_US East_2': 5, 'F4ams_v6_US East_3': 5, 'F4as_v6_US East_1': 5, 'F4as_v6_US East_2': 5, 'F4as_v6_US East_3': 5, 'F64ams_v6_US East_3': 5, 'F64as_v6_US East_1': 5, 'F8ams_v6_US East_2': 5, 'F8ams_v6_US East_3': 5, 'F8as_v6_US East_1': 5, 'F8as_v6_US East_2': 5, 'NV16as_v4_US East_2': 5, 'NV6ads_A10_v5_US East_1': 5, 'NV6ads_A10_v5_US East_2': 5, 'NV8as_v4_US East_1': 5, 'NV8as_v4_US East_2': 5, 'NV8as_v4_US East_3': 5}"
0.55,161.06539499999997,368509776,2287951.2765606795,12045,11645,"{'D16ads_v6_US East_1': 5, 'D16ads_v6_US East_2': 5, 'D16alds_v6_US East_1': 5, 'D16alds_v6_US East_3': 5, 'D16als_v6_US East_2': 5, 'D16als_v6_US East_3': 5, 'D16as_v6_US East_1': 5, 'D16as_v6_US East_3': 5, 'D16pds_v5_US East_3': 5, 'D16plds_v5_US East_1': 5, 'D16plds_v5_US East_2': 5, 'D16pls_v5_US East_1': 5, 'D16pls_v5_US East_2': 5, 'D16ps_v5_US East_3': 5, 'D2ads_v6_US East_1': 5, 'D2ads_v6_US East_2': 5, 'D2ads_v6_US East_3': 5, 'D2alds_v6_US East_1': 5, 'D2alds_v6_US East_2': 5, 'D2alds_v6_US East_3': 5, 'D2als_v6_US East_1': 5, 'D2als_v6_US East_2': 5, 'D2als_v6_US East_3': 5, 'D2as_v6_US East_1': 5, 'D2as_v6_US East_2': 5, 'D2as_v6_US East_3': 5, 'D2pds_v5_US East_1': 5, 'D2pds_v5_US East_2': 5, 'D2pds_v5_US East_3': 5, 'D2plds_v5_US East_1': 5, 'D2plds_v5_US East_2': 5, 'D2plds_v5_US East_3': 5, 'D2pls_v5_US East_1': 5, 'D2pls_v5_US East_2': 5, 'D2pls_v5_US East_3': 5, 'D2ps_v5_US East_1': 5, 'D2ps_v5_US East_2': 5, 'D2ps_v5_US East_3': 5, 'D32ads_v6_US East_1': 5, 'D32ads_v6_US East_3': 5, 'D32alds_v6_US East_1': 5, 'D32alds_v6_US East_2': 5, 'D32als_v6_US East_1': 5, 'D32als_v6_US East_2': 5, 'D32as_v6_US East_1': 5, 'D32as_v6_US East_3': 5, 'D32plds_v5_US East_2': 5, 'D32pls_v5_US East_2': 5, 'D48ads_v6_US East_2': 5, 'D48alds_v6_US East_2': 5, 'D48als_v6_US East_1': 5, 'D48als_v6_US East_3': 5, 'D4ads_v6_US East_1': 5, 'D4ads_v6_US East_2': 5, 'D4ads_v6_US East_3': 5, 'D4alds_v6_US East_1': 5, 'D4alds_v6_US East_2': 5, 'D4alds_v6_US East_3': 5, 'D4als_v6_US East_1': 5, 'D4als_v6_US East_2': 5, 'D4als_v6_US East_3': 5, 'D4as_v6_US East_1': 5, 'D4as_v6_US East_2': 5, 'D4as_v6_US East_3': 5, 'D4pds_v5_US East_1': 5, 'D4pds_v5_US East_2': 5, 'D4pds_v5_US East_3': 5, 'D4plds_v5_US East_1': 5, 'D4plds_v5_US East_2': 5, 'D4plds_v5_US East_3': 5, 'D4pls_v5_US East_1': 5, 'D4pls_v5_US East_2': 5, 'D4pls_v5_US East_3': 5, 'D4ps_v5_US East_1': 5, 'D4ps_v5_US East_2': 5, 'D4ps_v5_US East_3': 5, 'D64ads_v6_US East_2': 5, 'D64alds_v6_US East_1': 5, 'D64als_v6_US East_3': 5, 'D64as_v6_US East_2': 5, 'D8ads_v6_US East_1': 5, 'D8ads_v6_US East_2': 5, 'D8ads_v6_US East_3': 5, 'D8alds_v6_US East_1': 5, 'D8alds_v6_US East_2': 5, 'D8alds_v6_US East_3': 5, 'D8als_v6_US East_1': 5, 'D8als_v6_US East_2': 5, 'D8als_v6_US East_3': 5, 'D8as_v6_US East_1': 5, 'D8as_v6_US East_2': 5, 'D8as_v6_US East_3': 5, 'D8plds_v5_US East_1': 5, 'D8plds_v5_US East_2': 5, 'D8plds_v5_US East_3': 5, 'D8pls_v5_US East_1': 5, 'D8pls_v5_US East_2': 5, 'D8pls_v5_US East_3': 5, 'D8ps_v5_US East_1': 5, 'D8ps_v5_US East_2': 5, 'D8ps_v5_US East_3': 5, 'D96ads_v6_US East_3': 5, 'D96alds_v6_US East_3': 5, 'D96als_v6_US East_3': 5, 'D96as_v6_US East_3': 5, 'DC1s_v2_US East_1': 5, 'DC2s_v2_US East_2': 5, 'E16ads_v6_US East_2': 5, 'E16ads_v6_US East_3': 5, 'E16as_v6_US East_1': 5, 'E16as_v6_US East_3': 5, 'E20ads_v6_US East_1': 5, 'E20ads_v6_US East_2': 5, 'E20as_v6_US East_1': 5, 'E20as_v6_US East_3': 5, 'E2ads_v6_US East_1': 5, 'E2ads_v6_US East_2': 5, 'E2ads_v6_US East_3': 5, 'E2as_v6_US East_1': 5, 'E2as_v6_US East_2': 5, 'E2as_v6_US East_3': 5, 'E2ps_v5_US East_1': 5, 'E2ps_v5_US East_2': 5, 'E2ps_v5_US East_3': 5, 'E32ads_v6_US East_3': 5, 'E32as_v6_US East_3': 5, 'E48ads_v6_US East_3': 5, 'E48as_v6_US East_2': 5, 'E4ads_v6_US East_1': 5, 'E4ads_v6_US East_2': 5, 'E4ads_v6_US East_3': 5, 'E4as_v6_US East_1': 5, 'E4as_v6_US East_2': 5, 'E4as_v6_US East_3': 5, 'E4ps_v5_US East_1': 5, 'E4ps_v5_US East_2': 5, 'E4ps_v5_US East_3': 5, 'E64ads_v6_US East_3': 5, 'E64as_v6_US East_3': 5, 'E8ads_v6_US East_2': 5, 'E8ads_v6_US East_3': 5, 'E8as_v6_US East_2': 5, 'E8as_v6_US East_3': 5, 'E8ps_v5_US East_3': 5, 'E96ads_v6_US East_3': 5, 'E96as_v6_US East_3': 5, 'F16ams_v6_US East_2': 5, 'F16ams_v6_US East_3': 5, 'F16as_v6_US East_1': 5, 'F16as_v6_US East_2': 5, 'F2ams_v6_US East_1': 5, 'F2ams_v6_US East_2': 5, 'F2ams_v6_US East_3': 5, 'F2as_v6_US East_1': 5, 'F2as_v6_US East_2': 5, 'F2as_v6_US East_3': 5, 'F32ams_v6_US East_2': 5, 'F32as_v6_US East_3': 5, 'F48ams_v6_US East_2': 5, 'F48as_v6_US East_2': 5, 'F4ams_v6_US East_1': 5, 'F4ams_v6_US East_2': 5, 'F4ams_v6_US East_3': 5, 'F4as_v6_US East_1': 5, 'F4as_v6_US East_2': 5, 'F4as_v6_US East_3': 5, 'F64ams_v6_US East_3': 5, 'F64as_v6_US East_1': 5, 'F8ams_v6_US East_2': 5, 'F8ams_v6_US East_3': 5, 'F8as_v6_US East_1': 5, 'F8as_v6_US East_2': 5, 'NV16as_v4_US East_2': 5, 'NV4as_v4_US East_1': 5, 'NV4as_v4_US East_2': 5, 'NV4as_v4_US East_3': 5, 'NV6ads_A10_v5_US East_1': 5, 'NV6ads_A10_v5_US East_2': 5, 'NV8as_v4_US East_1': 5, 'NV8as_v4_US East_2': 5, 'NV8as_v4_US East_3': 5}"
0.56,174.62163,385338246,2206703.9853539336,12570,12170,"{'D16ads_v6_US East_1': 5, 'D16ads_v6_US East_2': 5, 'D16alds_v6_US East_1': 5, 'D16alds_v6_US East_3': 5, 'D16als_v6_US East_2': 5, 'D16als_v6_US East_3': 5, 'D16as_v6_US East_1': 5, 'D16as_v6_US East_3': 5, 'D16pds_v5_US East_3': 5, 'D16plds_v5_US East_1': 5, 'D16plds_v5_US East_2': 5, 'D16pls_v5_US East_1': 5, 'D16pls_v5_US East_2': 5, 'D16ps_v5_US East_3': 5, 'D2ads_v6_US East_1': 5, 'D2ads_v6_US East_2': 5, 'D2ads_v6_US East_3': 5, 'D2alds_v6_US East_1': 5, 'D2alds_v6_US East_2': 5, 'D2alds_v6_US East_3': 5, 'D2als_v6_US East_1': 5, 'D2als_v6_US East_2': 5, 'D2als_v6_US East_3': 5, 'D2as_v6_US East_1': 5, 'D2as_v6_US East_2': 5, 'D2as_v6_US East_3': 5, 'D2pds_v5_US East_1': 5, 'D2pds_v5_US East_2': 5, 'D2pds_v5_US East_3': 5, 'D2plds_v5_US East_1': 5, 'D2plds_v5_US East_2': 5, 'D2plds_v5_US East_3': 5, 'D2pls_v5_US East_1': 5, 'D2pls_v5_US East_2': 5, 'D2pls_v5_US East_3': 5, 'D2ps_v5_US East_1': 5, 'D2ps_v5_US East_2': 5, 'D2ps_v5_US East_3': 5, 'D32ads_v6_US East_1': 5, 'D32ads_v6_US East_3': 5, 'D32alds_v6_US East_1': 5, 'D32alds_v6_US East_2': 5, 'D32als_v6_US East_1': 5, 'D32als_v6_US East_2': 5, 'D32as_v6_US East_1': 5, 'D32as_v6_US East_3': 5, 'D32plds_v5_US East_2': 5, 'D32pls_v5_US East_2': 5, 'D48ads_v6_US East_2': 5, 'D48alds_v6_US East_2': 5, 'D48als_v6_US East_1': 5, 'D48als_v6_US East_3': 5, 'D4ads_v6_US East_1': 5, 'D4ads_v6_US East_2': 5, 'D4ads_v6_US East_3': 5, 'D4alds_v6_US East_1': 5, 'D4alds_v6_US East_2': 5, 'D4alds_v6_US East_3': 5, 'D4als_v6_US East_1': 5, 'D4als_v6_US East_2': 5, 'D4als_v6_US East_3': 5, 'D4as_v6_US East_1': 5, 'D4as_v6_US East_2': 5, 'D4as_v6_US East_3': 5, 'D4pds_v5_US East_1': 5, 'D4pds_v5_US East_2': 5, 'D4pds_v5_US East_3': 5, 'D4plds_v5_US East_1': 5, 'D4plds_v5_US East_2': 5, 'D4plds_v5_US East_3': 5, 'D4pls_v5_US East_1': 5, 'D4pls_v5_US East_2': 5, 'D4pls_v5_US East_3': 5, 'D4ps_v5_US East_1': 5, 'D4ps_v5_US East_2': 5, 'D4ps_v5_US East_3': 5, 'D64ads_v6_US East_2': 5, 'D64alds_v6_US East_1': 5, 'D64als_v6_US East_3': 5, 'D64as_v6_US East_2': 5, 'D8ads_v6_US East_1': 5, 'D8ads_v6_US East_2': 5, 'D8ads_v6_US East_3': 5, 'D8alds_v6_US East_1': 5, 'D8alds_v6_US East_2': 5, 'D8alds_v6_US East_3': 5, 'D8als_v6_US East_1': 5, 'D8als_v6_US East_2': 5, 'D8als_v6_US East_3': 5, 'D8as_v6_US East_1': 5, 'D8as_v6_US East_2': 5, 'D8as_v6_US East_3': 5, 'D8plds_v5_US East_1': 5, 'D8plds_v5_US East_2': 5, 'D8plds_v5_US East_3': 5, 'D8pls_v5_US East_1': 5, 'D8pls_v5_US East_2': 5, 'D8pls_v5_US East_3': 5, 'D8ps_v5_US East_1': 5, 'D8ps_v5_US East_2': 5, 'D8ps_v5_US East_3': 5, 'D96ads_v6_US East_3': 5, 'D96alds_v6_US East_3': 5, 'D96als_v6_US East_3': 5, 'D96as_v6_US East_3': 5, 'DC1s_v2_US East_1': 5, 'DC2s_v2_US East_2': 5, 'E16ads_v6_US East_2': 5, 'E16ads_v6_US East_3': 5, 'E16as_v6_US East_1': 5, 'E16as_v6_US East_3': 5, 'E20ads_v6_US East_1': 5, 'E20ads_v6_US East_2': 5, 'E20as_v6_US East_1': 5, 'E20as_v6_US East_3': 5, 'E2ads_v6_US East_1': 5, 'E2ads_v6_US East_2': 5, 'E2ads_v6_US East_3': 5, 'E2as_v6_US East_1': 5, 'E2as_v6_US East_2': 5, 'E2as_v6_US East_3': 5, 'E2ps_v5_US East_1': 5, 'E2ps_v5_US East_2': 5, 'E2ps_v5_US East_3': 5, 'E32ads_v6_US East_3': 5, 'E32as_v6_US East_3': 5, 'E48ads_v6_US East_3': 5, 'E48as_v6_US East_2': 5, 'E4ads_v6_US East_1': 5, 'E4ads_v6_US East_2': 5, 'E4ads_v6_US East_3': 5, 'E4as_v6_US East_1': 5, 'E4as_v6_US East_2': 5, 'E4as_v6_US East_3': 5, 'E4ps_v5_US East_1': 5, 'E4ps_v5_US East_2': 5, 'E4ps_v5_US East_3': 5, 'E64ads_v6_US East_3': 5, 'E64as_v6_US East_3': 5, 'E8ads_v6_US East_2': 5, 'E8ads_v6_US East_3': 5, 'E8as_v6_US East_2': 5, 'E8as_v6_US East_3': 5, 'E8ps_v5_US East_3': 5, 'E96ads_v6_US East_3': 5, 'E96as_v6_US East_3': 5, 'F16als_v6_US East_2': 5, 'F16als_v6_US East_3': 5, 'F16ams_v6_US East_2': 5, 'F16ams_v6_US East_3': 5, 'F16as_v6_US East_1': 5, 'F16as_v6_US East_2': 5, 'F2als_v6_US East_1': 5, 'F2als_v6_US East_2': 5, 'F2als_v6_US East_3': 5, 'F2ams_v6_US East_1': 5, 'F2ams_v6_US East_2': 5, 'F2ams_v6_US East_3': 5, 'F2as_v6_US East_1': 5, 'F2as_v6_US East_2': 5, 'F2as_v6_US East_3': 5, 'F32als_v6_US East_2': 5, 'F32ams_v6_US East_2': 5, 'F32as_v6_US East_3': 5, 'F48als_v6_US East_3': 5, 'F48ams_v6_US East_2': 5, 'F48as_v6_US East_2': 5, 'F4als_v6_US East_1': 5, 'F4als_v6_US East_2': 5, 'F4als_v6_US East_3': 5, 'F4ams_v6_US East_1': 5, 'F4ams_v6_US East_2': 5, 'F4ams_v6_US East_3': 5, 'F4as_v6_US East_1': 5, 'F4as_v6_US East_2': 5, 'F4as_v6_US East_3': 5, 'F64als_v6_US East_3': 5, 'F64ams_v6_US East_3': 5, 'F64as_v6_US East_1': 5, 'F8als_v6_US East_1': 5, 'F8als_v6_US East_3': 5, 'F8ams_v6_US East_2': 5, 'F8ams_v6_US East_3': 5, 'F8as_v6_US East_1': 5, 'F8as_v6_US East_2': 5, 'NV16as_v4_US East_2': 5, 'NV4as_v4_US East_1': 5, 'NV4as_v4_US East_2': 5, 'NV4as_v4_US East_3': 5, 'NV6ads_A10_v5_US East_1': 5, 'NV6ads_A10_v5_US East_2': 5, 'NV8as_v4_US East_1': 5, 'NV8as_v4_US East_2': 5, 'NV8as_v4_US East_3': 5}"
0.5700000000000001,174.62163,385338246,2206703.9853539336,12570,12170,"{'D16ads_v6_US East_1': 5, 'D16ads_v6_US East_2': 5, 'D16alds_v6_US East_1': 5, 'D16alds_v6_US East_3': 5, 'D16als_v6_US East_2': 5, 'D16als_v6_US East_3': 5, 'D16as_v6_US East_1': 5, 'D16as_v6_US East_3': 5, 'D16pds_v5_US East_3': 5, 'D16plds_v5_US East_1': 5, 'D16plds_v5_US East_2': 5, 'D16pls_v5_US East_1': 5, 'D16pls_v5_US East_2': 5, 'D16ps_v5_US East_3': 5, 'D2ads_v6_US East_1': 5, 'D2ads_v6_US East_2': 5, 'D2ads_v6_US East_3': 5, 'D2alds_v6_US East_1': 5, 'D2alds_v6_US East_2': 5, 'D2alds_v6_US East_3': 5, 'D2als_v6_US East_1': 5, 'D2als_v6_US East_2': 5, 'D2als_v6_US East_3': 5, 'D2as_v6_US East_1': 5, 'D2as_v6_US East_2': 5, 'D2as_v6_US East_3': 5, 'D2pds_v5_US East_1': 5, 'D2pds_v5_US East_2': 5, 'D2pds_v5_US East_3': 5, 'D2plds_v5_US East_1': 5, 'D2plds_v5_US East_2': 5, 'D2plds_v5_US East_3': 5, 'D2pls_v5_US East_1': 5, 'D2pls_v5_US East_2': 5, 'D2pls_v5_US East_3': 5, 'D2ps_v5_US East_1': 5, 'D2ps_v5_US East_2': 5, 'D2ps_v5_US East_3': 5, 'D32ads_v6_US East_1': 5, 'D32ads_v6_US East_3': 5, 'D32alds_v6_US East_1': 5, 'D32alds_v6_US East_2': 5, 'D32als_v6_US East_1': 5, 'D32als_v6_US East_2': 5, 'D32as_v6_US East_1': 5, 'D32as_v6_US East_3': 5, 'D32plds_v5_US East_2': 5, 'D32pls_v5_US East_2': 5, 'D48ads_v6_US East_2': 5, 'D48alds_v6_US East_2': 5, 'D48als_v6_US East_1': 5, 'D48als_v6_US East_3': 5, 'D4ads_v6_US East_1': 5, 'D4ads_v6_US East_2': 5, 'D4ads_v6_US East_3': 5, 'D4alds_v6_US East_1': 5, 'D4alds_v6_US East_2': 5, 'D4alds_v6_US East_3': 5, 'D4als_v6_US East_1': 5, 'D4als_v6_US East_2': 5, 'D4als_v6_US East_3': 5, 'D4as_v6_US East_1': 5, 'D4as_v6_US East_2': 5, 'D4as_v6_US East_3': 5, 'D4pds_v5_US East_1': 5, 'D4pds_v5_US East_2': 5, 'D4pds_v5_US East_3': 5, 'D4plds_v5_US East_1': 5, 'D4plds_v5_US East_2': 5, 'D4plds_v5_US East_3': 5, 'D4pls_v5_US East_1': 5, 'D4pls_v5_US East_2': 5, 'D4pls_v5_US East_3': 5, 'D4ps_v5_US East_1': 5, 'D4ps_v5_US East_2': 5, 'D4ps_v5_US East_3': 5, 'D64ads_v6_US East_2': 5, 'D64alds_v6_US East_1': 5, 'D64als_v6_US East_3': 5, 'D64as_v6_US East_2': 5, 'D8ads_v6_US East_1': 5, 'D8ads_v6_US East_2': 5, 'D8ads_v6_US East_3': 5, 'D8alds_v6_US East_1': 5, 'D8alds_v6_US East_2': 5, 'D8alds_v6_US East_3': 5, 'D8als_v6_US East_1': 5, 'D8als_v6_US East_2': 5, 'D8als_v6_US East_3': 5, 'D8as_v6_US East_1': 5, 'D8as_v6_US East_2': 5, 'D8as_v6_US East_3': 5, 'D8plds_v5_US East_1': 5, 'D8plds_v5_US East_2': 5, 'D8plds_v5_US East_3': 5, 'D8pls_v5_US East_1': 5, 'D8pls_v5_US East_2': 5, 'D8pls_v5_US East_3': 5, 'D8ps_v5_US East_1': 5, 'D8ps_v5_US East_2': 5, 'D8ps_v5_US East_3': 5, 'D96ads_v6_US East_3': 5, 'D96alds_v6_US East_3': 5, 'D96als_v6_US East_3': 5, 'D96as_v6_US East_3': 5, 'DC1s_v2_US East_1': 5, 'DC2s_v2_US East_2': 5, 'E16ads_v6_US East_2': 5, 'E16ads_v6_US East_3': 5, 'E16as_v6_US East_1': 5, 'E16as_v6_US East_3': 5, 'E20ads_v6_US East_1': 5, 'E20ads_v6_US East_2': 5, 'E20as_v6_US East_1': 5, 'E20as_v6_US East_3': 5, 'E2ads_v6_US East_1': 5, 'E2ads_v6_US East_2': 5, 'E2ads_v6_US East_3': 5, 'E2as_v6_US East_1': 5, 'E2as_v6_US East_2': 5, 'E2as_v6_US East_3': 5, 'E2ps_v5_US East_1': 5, 'E2ps_v5_US East_2': 5, 'E2ps_v5_US East_3': 5, 'E32ads_v6_US East_3': 5, 'E32as_v6_US East_3': 5, 'E48ads_v6_US East_3': 5, 'E48as_v6_US East_2': 5, 'E4ads_v6_US East_1': 5, 'E4ads_v6_US East_2': 5, 'E4ads_v6_US East_3': 5, 'E4as_v6_US East_1': 5, 'E4as_v6_US East_2': 5, 'E4as_v6_US East_3': 5, 'E4ps_v5_US East_1': 5, 'E4ps_v5_US East_2': 5, 'E4ps_v5_US East_3': 5, 'E64ads_v6_US East_3': 5, 'E64as_v6_US East_3': 5, 'E8ads_v6_US East_2': 5, 'E8ads_v6_US East_3': 5, 'E8as_v6_US East_2': 5, 'E8as_v6_US East_3': 5, 'E8ps_v5_US East_3': 5, 'E96ads_v6_US East_3': 5, 'E96as_v6_US East_3': 5, 'F16als_v6_US East_2': 5, 'F16als_v6_US East_3': 5, 'F16ams_v6_US East_2': 5, 'F16ams_v6_US East_3': 5, 'F16as_v6_US East_1': 5, 'F16as_v6_US East_2': 5, 'F2als_v6_US East_1': 5, 'F2als_v6_US East_2': 5, 'F2als_v6_US East_3': 5, 'F2ams_v6_US East_1': 5, 'F2ams_v6_US East_2': 5, 'F2ams_v6_US East_3': 5, 'F2as_v6_US East_1': 5, 'F2as_v6_US East_2': 5, 'F2as_v6_US East_3': 5, 'F32als_v6_US East_2': 5, 'F32ams_v6_US East_2': 5, 'F32as_v6_US East_3': 5, 'F48als_v6_US East_3': 5, 'F48ams_v6_US East_2': 5, 'F48as_v6_US East_2': 5, 'F4als_v6_US East_1': 5, 'F4als_v6_US East_2': 5, 'F4als_v6_US East_3': 5, 'F4ams_v6_US East_1': 5, 'F4ams_v6_US East_2': 5, 'F4ams_v6_US East_3': 5, 'F4as_v6_US East_1': 5, 'F4as_v6_US East_2': 5, 'F4as_v6_US East_3': 5, 'F64als_v6_US East_3': 5, 'F64ams_v6_US East_3': 5, 'F64as_v6_US East_1': 5, 'F8als_v6_US East_1': 5, 'F8als_v6_US East_3': 5, 'F8ams_v6_US East_2': 5, 'F8ams_v6_US East_3': 5, 'F8as_v6_US East_1': 5, 'F8as_v6_US East_2': 5, 'NV16as_v4_US East_2': 5, 'NV4as_v4_US East_1': 5, 'NV4as_v4_US East_2': 5, 'NV4as_v4_US East_3': 5, 'NV6ads_A10_v5_US East_1': 5, 'NV6ads_A10_v5_US East_2': 5, 'NV8as_v4_US East_1': 5, 'NV8as_v4_US East_2': 5, 'NV8as_v4_US East_3': 5}"
0.58,174.62163,385338246,2206703.9853539336,12570,12170,"{'D16ads_v6_US East_1': 5, 'D16ads_v6_US East_2': 5, 'D16alds_v6_US East_1': 5, 'D16alds_v6_US East_3': 5, 'D16als_v6_US East_2': 5, 'D16als_v6_US East_3': 5, 'D16as_v6_US East_1': 5, 'D16as_v6_US East_3': 5, 'D16pds_v5_US East_3': 5, 'D16plds_v5_US East_1': 5, 'D16plds_v5_US East_2': 5, 'D16pls_v5_US East_1': 5, 'D16pls_v5_US East_2': 5, 'D16ps_v5_US East_3': 5, 'D2ads_v6_US East_1': 5, 'D2ads_v6_US East_2': 5, 'D2ads_v6_US East_3': 5, 'D2alds_v6_US East_1': 5, 'D2alds_v6_US East_2': 5, 'D2alds_v6_US East_3': 5, 'D2als_v6_US East_1': 5, 'D2als_v6_US East_2': 5, 'D2als_v6_US East_3': 5, 'D2as_v6_US East_1': 5, 'D2as_v6_US East_2': 5, 'D2as_v6_US East_3': 5, 'D2pds_v5_US East_1': 5, 'D2pds_v5_US East_2': 5, 'D2pds_v5_US East_3': 5, 'D2plds_v5_US East_1': 5, 'D2plds_v5_US East_2': 5, 'D2plds_v5_US East_3': 5, 'D2pls_v5_US East_1': 5, 'D2pls_v5_US East_2': 5, 'D2pls_v5_US East_3': 5, 'D2ps_v5_US East_1': 5, 'D2ps_v5_US East_2': 5, 'D2ps_v5_US East_3': 5, 'D32ads_v6_US East_1': 5, 'D32ads_v6_US East_3': 5, 'D32alds_v6_US East_1': 5, 'D32alds_v6_US East_2': 5, 'D32als_v6_US East_1': 5, 'D32als_v6_US East_2': 5, 'D32as_v6_US East_1': 5, 'D32as_v6_US East_3': 5, 'D32plds_v5_US East_2': 5, 'D32pls_v5_US East_2': 5, 'D48ads_v6_US East_2': 5, 'D48alds_v6_US East_2': 5, 'D48als_v6_US East_1': 5, 'D48als_v6_US East_3': 5, 'D4ads_v6_US East_1': 5, 'D4ads_v6_US East_2': 5, 'D4ads_v6_US East_3': 5, 'D4alds_v6_US East_1': 5, 'D4alds_v6_US East_2': 5, 'D4alds_v6_US East_3': 5, 'D4als_v6_US East_1': 5, 'D4als_v6_US East_2': 5, 'D4als_v6_US East_3': 5, 'D4as_v6_US East_1': 5, 'D4as_v6_US East_2': 5, 'D4as_v6_US East_3': 5, 'D4pds_v5_US East_1': 5, 'D4pds_v5_US East_2': 5, 'D4pds_v5_US East_3': 5, 'D4plds_v5_US East_1': 5, 'D4plds_v5_US East_2': 5, 'D4plds_v5_US East_3': 5, 'D4pls_v5_US East_1': 5, 'D4pls_v5_US East_2': 5, 'D4pls_v5_US East_3': 5, 'D4ps_v5_US East_1': 5, 'D4ps_v5_US East_2': 5, 'D4ps_v5_US East_3': 5, 'D64ads_v6_US East_2': 5, 'D64alds_v6_US East_1': 5, 'D64als_v6_US East_3': 5, 'D64as_v6_US East_2': 5, 'D8ads_v6_US East_1': 5, 'D8ads_v6_US East_2': 5, 'D8ads_v6_US East_3': 5, 'D8alds_v6_US East_1': 5, 'D8alds_v6_US East_2': 5, 'D8alds_v6_US East_3': 5, 'D8als_v6_US East_1': 5, 'D8als_v6_US East_2': 5, 'D8als_v6_US East_3': 5, 'D8as_v6_US East_1': 5, 'D8as_v6_US East_2': 5, 'D8as_v6_US East_3': 5, 'D8plds_v5_US East_1': 5, 'D8plds_v5_US East_2': 5, 'D8plds_v5_US East_3': 5, 'D8pls_v5_US East_1': 5, 'D8pls_v5_US East_2': 5, 'D8pls_v5_US East_3': 5, 'D8ps_v5_US East_1': 5, 'D8ps_v5_US East_2': 5, 'D8ps_v5_US East_3': 5, 'D96ads_v6_US East_3': 5, 'D96alds_v6_US East_3': 5, 'D96als_v6_US East_3': 5, 'D96as_v6_US East_3': 5, 'DC1s_v2_US East_1': 5, 'DC2s_v2_US East_2': 5, 'E16ads_v6_US East_2': 5, 'E16ads_v6_US East_3': 5, 'E16as_v6_US East_1': 5, 'E16as_v6_US East_3': 5, 'E20ads_v6_US East_1': 5, 'E20ads_v6_US East_2': 5, 'E20as_v6_US East_1': 5, 'E20as_v6_US East_3': 5, 'E2ads_v6_US East_1': 5, 'E2ads_v6_US East_2': 5, 'E2ads_v6_US East_3': 5, 'E2as_v6_US East_1': 5, 'E2as_v6_US East_2': 5, 'E2as_v6_US East_3': 5, 'E2ps_v5_US East_1': 5, 'E2ps_v5_US East_2': 5, 'E2ps_v5_US East_3': 5, 'E32ads_v6_US East_3': 5, 'E32as_v6_US East_3': 5, 'E48ads_v6_US East_3': 5, 'E48as_v6_US East_2': 5, 'E4ads_v6_US East_1': 5, 'E4ads_v6_US East_2': 5, 'E4ads_v6_US East_3': 5, 'E4as_v6_US East_1': 5, 'E4as_v6_US East_2': 5, 'E4as_v6_US East_3': 5, 'E4ps_v5_US East_1': 5, 'E4ps_v5_US East_2': 5, 'E4ps_v5_US East_3': 5, 'E64ads_v6_US East_3': 5, 'E64as_v6_US East_3': 5, 'E8ads_v6_US East_2': 5, 'E8ads_v6_US East_3': 5, 'E8as_v6_US East_2': 5, 'E8as_v6_US East_3': 5, 'E8ps_v5_US East_3': 5, 'E96ads_v6_US East_3': 5, 'E96as_v6_US East_3': 5, 'F16als_v6_US East_2': 5, 'F16als_v6_US East_3': 5, 'F16ams_v6_US East_2': 5, 'F16ams_v6_US East_3': 5, 'F16as_v6_US East_1': 5, 'F16as_v6_US East_2': 5, 'F2als_v6_US East_1': 5, 'F2als_v6_US East_2': 5, 'F2als_v6_US East_3': 5, 'F2ams_v6_US East_1': 5, 'F2ams_v6_US East_2': 5, 'F2ams_v6_US East_3': 5, 'F2as_v6_US East_1': 5, 'F2as_v6_US East_2': 5, 'F2as_v6_US East_3': 5, 'F32als_v6_US East_2': 5, 'F32ams_v6_US East_2': 5, 'F32as_v6_US East_3': 5, 'F48als_v6_US East_3': 5, 'F48ams_v6_US East_2': 5, 'F48as_v6_US East_2': 5, 'F4als_v6_US East_1': 5, 'F4als_v6_US East_2': 5, 'F4als_v6_US East_3': 5, 'F4ams_v6_US East_1': 5, 'F4ams_v6_US East_2': 5, 'F4ams_v6_US East_3': 5, 'F4as_v6_US East_1': 5, 'F4as_v6_US East_2': 5, 'F4as_v6_US East_3': 5, 'F64als_v6_US East_3': 5, 'F64ams_v6_US East_3': 5, 'F64as_v6_US East_1': 5, 'F8als_v6_US East_1': 5, 'F8als_v6_US East_3': 5, 'F8ams_v6_US East_2': 5, 'F8ams_v6_US East_3': 5, 'F8as_v6_US East_1': 5, 'F8as_v6_US East_2': 5, 'NV16as_v4_US East_2': 5, 'NV4as_v4_US East_1': 5, 'NV4as_v4_US East_2': 5, 'NV4as_v4_US East_3': 5, 'NV6ads_A10_v5_US East_1': 5, 'NV6ads_A10_v5_US East_2': 5, 'NV8as_v4_US East_1': 5, 'NV8as_v4_US East_2': 5, 'NV8as_v4_US East_3': 5}"
0.59,181.45223000000001,393031262,2166031.5888650143,12810,12410,"{'D16ads_v6_US East_1': 5, 'D16ads_v6_US East_2': 5, 'D16alds_v6_US East_1': 5, 'D16alds_v6_US East_3': 5, 'D16als_v6_US East_2': 5, 'D16als_v6_US East_3': 5, 'D16as_v6_US East_1': 5, 'D16as_v6_US East_3': 5, 'D16pds_v5_US East_3': 5, 'D16plds_v5_US East_1': 5, 'D16plds_v5_US East_2': 5, 'D16pls_v5_US East_1': 5, 'D16pls_v5_US East_2': 5, 'D16ps_v5_US East_3': 5, 'D2ads_v6_US East_1': 5, 'D2ads_v6_US East_2': 5, 'D2ads_v6_US East_3': 5, 'D2alds_v6_US East_1': 5, 'D2alds_v6_US East_2': 5, 'D2alds_v6_US East_3': 5, 'D2als_v6_US East_1': 5, 'D2als_v6_US East_2': 5, 'D2als_v6_US East_3': 5, 'D2as_v6_US East_1': 5, 'D2as_v6_US East_2': 5, 'D2as_v6_US East_3': 5, 'D2pds_v5_US East_1': 5, 'D2pds_v5_US East_2': 5, 'D2pds_v5_US East_3': 5, 'D2plds_v5_US East_1': 5, 'D2plds_v5_US East_2': 5, 'D2plds_v5_US East_3': 5, 'D2pls_v5_US East_1': 5, 'D2pls_v5_US East_2': 5, 'D2pls_v5_US East_3': 5, 'D2ps_v5_US East_1': 5, 'D2ps_v5_US East_2': 5, 'D2ps_v5_US East_3': 5, 'D32ads_v6_US East_1': 5, 'D32ads_v6_US East_3': 5, 'D32alds_v6_US East_1': 5, 'D32alds_v6_US East_2': 5, 'D32als_v6_US East_1': 5, 'D32als_v6_US East_2': 5, 'D32as_v6_US East_1': 5, 'D32as_v6_US East_3': 5, 'D32plds_v5_US East_2': 5, 'D32pls_v5_US East_2': 5, 'D48ads_v6_US East_2': 5, 'D48alds_v6_US East_2': 5, 'D48als_v6_US East_1': 5, 'D48als_v6_US East_3': 5, 'D4ads_v6_US East_1': 5, 'D4ads_v6_US East_2': 5, 'D4ads_v6_US East_3': 5, 'D4alds_v6_US East_1': 5, 'D4alds_v6_US East_2': 5, 'D4alds_v6_US East_3': 5, 'D4als_v6_US East_1': 5, 'D4als_v6_US East_2': 5, 'D4als_v6_US East_3': 5, 'D4as_v6_US East_1': 5, 'D4as_v6_US East_2': 5, 'D4as_v6_US East_3': 5, 'D4pds_v5_US East_1': 5, 'D4pds_v5_US East_2': 5, 'D4pds_v5_US East_3': 5, 'D4plds_v5_US East_1': 5, 'D4plds_v5_US East_2': 5, 'D4plds_v5_US East_3': 5, 'D4pls_v5_US East_1': 5, 'D4pls_v5_US East_2': 5, 'D4pls_v5_US East_3': 5, 'D4ps_v5_US East_1': 5, 'D4ps_v5_US East_2': 5, 'D4ps_v5_US East_3': 5, 'D64ads_v6_US East_2': 5, 'D64alds_v6_US East_1': 5, 'D64als_v6_US East_3': 5, 'D64as_v6_US East_2': 5, 'D8ads_v6_US East_1': 5, 'D8ads_v6_US East_2': 5, 'D8ads_v6_US East_3': 5, 'D8alds_v6_US East_1': 5, 'D8alds_v6_US East_2': 5, 'D8alds_v6_US East_3': 5, 'D8als_v6_US East_1': 5, 'D8als_v6_US East_2': 5, 'D8als_v6_US East_3': 5, 'D8as_v6_US East_1': 5, 'D8as_v6_US East_2': 5, 'D8as_v6_US East_3': 5, 'D8plds_v5_US East_1': 5, 'D8plds_v5_US East_2': 5, 'D8plds_v5_US East_3': 5, 'D8pls_v5_US East_1': 5, 'D8pls_v5_US East_2': 5, 'D8pls_v5_US East_3': 5, 'D8ps_v5_US East_1': 5, 'D8ps_v5_US East_2': 5, 'D8ps_v5_US East_3': 5, 'D96ads_v6_US East_3': 5, 'D96alds_v6_US East_3': 5, 'D96als_v6_US East_3': 5, 'D96as_v6_US East_3': 5, 'DC1s_v2_US East_1': 5, 'DC2s_v2_US East_2': 5, 'E16ads_v6_US East_2': 5, 'E16ads_v6_US East_3': 5, 'E16as_v6_US East_1': 5, 'E16as_v6_US East_3': 5, 'E20ads_v6_US East_1': 5, 'E20ads_v6_US East_2': 5, 'E20as_v6_US East_1': 5, 'E20as_v6_US East_3': 5, 'E2ads_v6_US East_1': 5, 'E2ads_v6_US East_2': 5, 'E2ads_v6_US East_3': 5, 'E2as_v6_US East_1': 5, 'E2as_v6_US East_2': 5, 'E2as_v6_US East_3': 5, 'E2ps_v5_US East_1': 5, 'E2ps_v5_US East_2': 5, 'E2ps_v5_US East_3': 5, 'E32ads_v6_US East_3': 5, 'E32as_v6_US East_3': 5, 'E48ads_v6_US East_3': 5, 'E48as_v6_US East_2': 5, 'E4ads_v6_US East_1': 5, 'E4ads_v6_US East_2': 5, 'E4ads_v6_US East_3': 5, 'E4as_v6_US East_1': 5, 'E4as_v6_US East_2': 5, 'E4as_v6_US East_3': 5, 'E4ps_v5_US East_1': 5, 'E4ps_v5_US East_2': 5, 'E4ps_v5_US East_3': 5, 'E64ads_v6_US East_3': 5, 'E64as_v6_US East_3': 5, 'E8ads_v6_US East_2': 5, 'E8ads_v6_US East_3': 5, 'E8as_v6_US East_2': 5, 'E8as_v6_US East_3': 5, 'E8ps_v5_US East_3': 5, 'E96-48ads_v6_US East_3': 5, 'E96ads_v6_US East_3': 5, 'E96as_v6_US East_3': 5, 'F16als_v6_US East_2': 5, 'F16als_v6_US East_3': 5, 'F16ams_v6_US East_2': 5, 'F16ams_v6_US East_3': 5, 'F16as_v6_US East_1': 5, 'F16as_v6_US East_2': 5, 'F2als_v6_US East_1': 5, 'F2als_v6_US East_2': 5, 'F2als_v6_US East_3': 5, 'F2ams_v6_US East_1': 5, 'F2ams_v6_US East_2': 5, 'F2ams_v6_US East_3': 5, 'F2as_v6_US East_1': 5, 'F2as_v6_US East_2': 5, 'F2as_v6_US East_3': 5, 'F32als_v6_US East_2': 5, 'F32ams_v6_US East_2': 5, 'F32as_v6_US East_3': 5, 'F48als_v6_US East_3': 5, 'F48ams_v6_US East_2': 5, 'F48as_v6_US East_2': 5, 'F4als_v6_US East_1': 5, 'F4als_v6_US East_2': 5, 'F4als_v6_US East_3': 5, 'F4ams_v6_US East_1': 5, 'F4ams_v6_US East_2': 5, 'F4ams_v6_US East_3': 5, 'F4as_v6_US East_1': 5, 'F4as_v6_US East_2': 5, 'F4as_v6_US East_3': 5, 'F64als_v6_US East_3': 5, 'F64ams_v6_US East_3': 5, 'F64as_v6_US East_1': 5, 'F8als_v6_US East_1': 5, 'F8als_v6_US East_3': 5, 'F8ams_v6_US East_2': 5, 'F8ams_v6_US East_3': 5, 'F8as_v6_US East_1': 5, 'F8as_v6_US East_2': 5, 'NV16as_v4_US East_2': 5, 'NV4as_v4_US East_1': 5, 'NV4as_v4_US East_2': 5, 'NV4as_v4_US East_3': 5, 'NV6ads_A10_v5_US East_1': 5, 'NV6ads_A10_v5_US East_2': 5, 'NV8as_v4_US East_1': 5, 'NV8as_v4_US East_2': 5, 'NV8as_v4_US East_3': 5}"
0.6,181.45223000000001,393031262,2166031.5888650143,12810,12410,"{'D16ads_v6_US East_1': 5, 'D16ads_v6_US East_2': 5, 'D16alds_v6_US East_1': 5, 'D16alds_v6_US East_3': 5, 'D16als_v6_US East_2': 5, 'D16als_v6_US East_3': 5, 'D16as_v6_US East_1': 5, 'D16as_v6_US East_3': 5, 'D16pds_v5_US East_3': 5, 'D16plds_v5_US East_1': 5, 'D16plds_v5_US East_2': 5, 'D16pls_v5_US East_1': 5, 'D16pls_v5_US East_2': 5, 'D16ps_v5_US East_3': 5, 'D2ads_v6_US East_1': 5, 'D2ads_v6_US East_2': 5, 'D2ads_v6_US East_3': 5, 'D2alds_v6_US East_1': 5, 'D2alds_v6_US East_2': 5, 'D2alds_v6_US East_3': 5, 'D2als_v6_US East_1': 5, 'D2als_v6_US East_2': 5, 'D2als_v6_US East_3': 5, 'D2as_v6_US East_1': 5, 'D2as_v6_US East_2': 5, 'D2as_v6_US East_3': 5, 'D2pds_v5_US East_1': 5, 'D2pds_v5_US East_2': 5, 'D2pds_v5_US East_3': 5, 'D2plds_v5_US East_1': 5, 'D2plds_v5_US East_2': 5, 'D2plds_v5_US East_3': 5, 'D2pls_v5_US East_1': 5, 'D2pls_v5_US East_2': 5, 'D2pls_v5_US East_3': 5, 'D2ps_v5_US East_1': 5, 'D2ps_v5_US East_2': 5, 'D2ps_v5_US East_3': 5, 'D32ads_v6_US East_1': 5, 'D32ads_v6_US East_3': 5, 'D32alds_v6_US East_1': 5, 'D32alds_v6_US East_2': 5, 'D32als_v6_US East_1': 5, 'D32als_v6_US East_2': 5, 'D32as_v6_US East_1': 5, 'D32as_v6_US East_3': 5, 'D32plds_v5_US East_2': 5, 'D32pls_v5_US East_2': 5, 'D48ads_v6_US East_2': 5, 'D48alds_v6_US East_2': 5, 'D48als_v6_US East_1': 5, 'D48als_v6_US East_3': 5, 'D4ads_v6_US East_1': 5, 'D4ads_v6_US East_2': 5, 'D4ads_v6_US East_3': 5, 'D4alds_v6_US East_1': 5, 'D4alds_v6_US East_2': 5, 'D4alds_v6_US East_3': 5, 'D4als_v6_US East_1': 5, 'D4als_v6_US East_2': 5, 'D4als_v6_US East_3': 5, 'D4as_v6_US East_1': 5, 'D4as_v6_US East_2': 5, 'D4as_v6_US East_3': 5, 'D4pds_v5_US East_1': 5, 'D4pds_v5_US East_2': 5, 'D4pds_v5_US East_3': 5, 'D4plds_v5_US East_1': 5, 'D4plds_v5_US East_2': 5, 'D4plds_v5_US East_3': 5, 'D4pls_v5_US East_1': 5, 'D4pls_v5_US East_2': 5, 'D4pls_v5_US East_3': 5, 'D4ps_v5_US East_1': 5, 'D4ps_v5_US East_2': 5, 'D4ps_v5_US East_3': 5, 'D64ads_v6_US East_2': 5, 'D64alds_v6_US East_1': 5, 'D64als_v6_US East_3': 5, 'D64as_v6_US East_2': 5, 'D8ads_v6_US East_1': 5, 'D8ads_v6_US East_2': 5, 'D8ads_v6_US East_3': 5, 'D8alds_v6_US East_1': 5, 'D8alds_v6_US East_2': 5, 'D8alds_v6_US East_3': 5, 'D8als_v6_US East_1': 5, 'D8als_v6_US East_2': 5, 'D8als_v6_US East_3': 5, 'D8as_v6_US East_1': 5, 'D8as_v6_US East_2': 5, 'D8as_v6_US East_3': 5, 'D8plds_v5_US East_1': 5, 'D8plds_v5_US East_2': 5, 'D8plds_v5_US East_3': 5, 'D8pls_v5_US East_1': 5, 'D8pls_v5_US East_2': 5, 'D8pls_v5_US East_3': 5, 'D8ps_v5_US East_1': 5, 'D8ps_v5_US East_2': 5, 'D8ps_v5_US East_3': 5, 'D96ads_v6_US East_3': 5, 'D96alds_v6_US East_3': 5, 'D96als_v6_US East_3': 5, 'D96as_v6_US East_3': 5, 'DC1s_v2_US East_1': 5, 'DC2s_v2_US East_2': 5, 'E16ads_v6_US East_2': 5, 'E16ads_v6_US East_3': 5, 'E16as_v6_US East_1': 5, 'E16as_v6_US East_3': 5, 'E20ads_v6_US East_1': 5, 'E20ads_v6_US East_2': 5, 'E20as_v6_US East_1': 5, 'E20as_v6_US East_3': 5, 'E2ads_v6_US East_1': 5, 'E2ads_v6_US East_2': 5, 'E2ads_v6_US East_3': 5, 'E2as_v6_US East_1': 5, 'E2as_v6_US East_2': 5, 'E2as_v6_US East_3': 5, 'E2ps_v5_US East_1': 5, 'E2ps_v5_US East_2': 5, 'E2ps_v5_US East_3': 5, 'E32ads_v6_US East_3': 5, 'E32as_v6_US East_3': 5, 'E48ads_v6_US East_3': 5, 'E48as_v6_US East_2': 5, 'E4ads_v6_US East_1': 5, 'E4ads_v6_US East_2': 5, 'E4ads_v6_US East_3': 5, 'E4as_v6_US East_1': 5, 'E4as_v6_US East_2': 5, 'E4as_v6_US East_3': 5, 'E4ps_v5_US East_1': 5, 'E4ps_v5_US East_2': 5, 'E4ps_v5_US East_3': 5, 'E64ads_v6_US East_3': 5, 'E64as_v6_US East_3': 5, 'E8ads_v6_US East_2': 5, 'E8ads_v6_US East_3': 5, 'E8as_v6_US East_2': 5, 'E8as_v6_US East_3': 5, 'E8ps_v5_US East_3': 5, 'E96-48ads_v6_US East_3': 5, 'E96ads_v6_US East_3': 5, 'E96as_v6_US East_3': 5, 'F16als_v6_US East_2': 5, 'F16als_v6_US East_3': 5, 'F16ams_v6_US East_2': 5, 'F16ams_v6_US East_3': 5, 'F16as_v6_US East_1': 5, 'F16as_v6_US East_2': 5, 'F2als_v6_US East_1': 5, 'F2als_v6_US East_2': 5, 'F2als_v6_US East_3': 5, 'F2ams_v6_US East_1': 5, 'F2ams_v6_US East_2': 5, 'F2ams_v6_US East_3': 5, 'F2as_v6_US East_1': 5, 'F2as_v6_US East_2': 5, 'F2as_v6_US East_3': 5, 'F32als_v6_US East_2': 5, 'F32ams_v6_US East_2': 5, 'F32as_v6_US East_3': 5, 'F48als_v6_US East_3': 5, 'F48ams_v6_US East_2': 5, 'F48as_v6_US East_2': 5, 'F4als_v6_US East_1': 5, 'F4als_v6_US East_2': 5, 'F4als_v6_US East_3': 5, 'F4ams_v6_US East_1': 5, 'F4ams_v6_US East_2': 5, 'F4ams_v6_US East_3': 5, 'F4as_v6_US East_1': 5, 'F4as_v6_US East_2': 5, 'F4as_v6_US East_3': 5, 'F64als_v6_US East_3': 5, 'F64ams_v6_US East_3': 5, 'F64as_v6_US East_1': 5, 'F8als_v6_US East_1': 5, 'F8als_v6_US East_3': 5, 'F8ams_v6_US East_2': 5, 'F8ams_v6_US East_3': 5, 'F8as_v6_US East_1': 5, 'F8as_v6_US East_2': 5, 'NV16as_v4_US East_2': 5, 'NV4as_v4_US East_1': 5, 'NV4as_v4_US East_2': 5, 'NV4as_v4_US East_3': 5, 'NV6ads_A10_v5_US East_1': 5, 'NV6ads_A10_v5_US East_2': 5, 'NV8as_v4_US East_1': 5, 'NV8as_v4_US East_2': 5, 'NV8as_v4_US East_3': 5}"
0.61,181.45223000000001,393031262,2166031.5888650143,12810,12410,"{'D16ads_v6_US East_1': 5, 'D16ads_v6_US East_2': 5, 'D16alds_v6_US East_1': 5, 'D16alds_v6_US East_3': 5, 'D16als_v6_US East_2': 5, 'D16als_v6_US East_3': 5, 'D16as_v6_US East_1': 5, 'D16as_v6_US East_3': 5, 'D16pds_v5_US East_3': 5, 'D16plds_v5_US East_1': 5, 'D16plds_v5_US East_2': 5, 'D16pls_v5_US East_1': 5, 'D16pls_v5_US East_2': 5, 'D16ps_v5_US East_3': 5, 'D2ads_v6_US East_1': 5, 'D2ads_v6_US East_2': 5, 'D2ads_v6_US East_3': 5, 'D2alds_v6_US East_1': 5, 'D2alds_v6_US East_2': 5, 'D2alds_v6_US East_3': 5, 'D2als_v6_US East_1': 5, 'D2als_v6_US East_2': 5, 'D2als_v6_US East_3': 5, 'D2as_v6_US East_1': 5, 'D2as_v6_US East_2': 5, 'D2as_v6_US East_3': 5, 'D2pds_v5_US East_1': 5, 'D2pds_v5_US East_2': 5, 'D2pds_v5_US East_3': 5, 'D2plds_v5_US East_1': 5, 'D2plds_v5_US East_2': 5, 'D2plds_v5_US East_3': 5, 'D2pls_v5_US East_1': 5, 'D2pls_v5_US East_2': 5, 'D2pls_v5_US East_3': 5, 'D2ps_v5_US East_1': 5, 'D2ps_v5_US East_2': 5, 'D2ps_v5_US East_3': 5, 'D32ads_v6_US East_1': 5, 'D32ads_v6_US East_3': 5, 'D32alds_v6_US East_1': 5, 'D32alds_v6_US East_2': 5, 'D32als_v6_US East_1': 5, 'D32als_v6_US East_2': 5, 'D32as_v6_US East_1': 5, 'D32as_v6_US East_3': 5, 'D32plds_v5_US East_2': 5, 'D32pls_v5_US East_2': 5, 'D48ads_v6_US East_2': 5, 'D48alds_v6_US East_2': 5, 'D48als_v6_US East_1': 5, 'D48als_v6_US East_3': 5, 'D4ads_v6_US East_1': 5, 'D4ads_v6_US East_2': 5, 'D4ads_v6_US East_3': 5, 'D4alds_v6_US East_1': 5, 'D4alds_v6_US East_2': 5, 'D4alds_v6_US East_3': 5, 'D4als_v6_US East_1': 5, 'D4als_v6_US East_2': 5, 'D4als_v6_US East_3': 5, 'D4as_v6_US East_1': 5, 'D4as_v6_US East_2': 5, 'D4as_v6_US East_3': 5, 'D4pds_v5_US East_1': 5, 'D4pds_v5_US East_2': 5, 'D4pds_v5_US East_3': 5, 'D4plds_v5_US East_1': 5, 'D4plds_v5_US East_2': 5, 'D4plds_v5_US East_3': 5, 'D4pls_v5_US East_1': 5, 'D4pls_v5_US East_2': 5, 'D4pls_v5_US East_3': 5, 'D4ps_v5_US East_1': 5, 'D4ps_v5_US East_2': 5, 'D4ps_v5_US East_3': 5, 'D64ads_v6_US East_2': 5, 'D64alds_v6_US East_1': 5, 'D64als_v6_US East_3': 5, 'D64as_v6_US East_2': 5, 'D8ads_v6_US East_1': 5, 'D8ads_v6_US East_2': 5, 'D8ads_v6_US East_3': 5, 'D8alds_v6_US East_1': 5, 'D8alds_v6_US East_2': 5, 'D8alds_v6_US East_3': 5, 'D8als_v6_US East_1': 5, 'D8als_v6_US East_2': 5, 'D8als_v6_US East_3': 5, 'D8as_v6_US East_1': 5, 'D8as_v6_US East_2': 5, 'D8as_v6_US East_3': 5, 'D8plds_v5_US East_1': 5, 'D8plds_v5_US East_2': 5, 'D8plds_v5_US East_3': 5, 'D8pls_v5_US East_1': 5, 'D8pls_v5_US East_2': 5, 'D8pls_v5_US East_3': 5, 'D8ps_v5_US East_1': 5, 'D8ps_v5_US East_2': 5, 'D8ps_v5_US East_3': 5, 'D96ads_v6_US East_3': 5, 'D96alds_v6_US East_3': 5, 'D96als_v6_US East_3': 5, 'D96as_v6_US East_3': 5, 'DC1s_v2_US East_1': 5, 'DC2s_v2_US East_2': 5, 'E16ads_v6_US East_2': 5, 'E16ads_v6_US East_3': 5, 'E16as_v6_US East_1': 5, 'E16as_v6_US East_3': 5, 'E20ads_v6_US East_1': 5, 'E20ads_v6_US East_2': 5, 'E20as_v6_US East_1': 5, 'E20as_v6_US East_3': 5, 'E2ads_v6_US East_1': 5, 'E2ads_v6_US East_2': 5, 'E2ads_v6_US East_3': 5, 'E2as_v6_US East_1': 5, 'E2as_v6_US East_2': 5, 'E2as_v6_US East_3': 5, 'E2ps_v5_US East_1': 5, 'E2ps_v5_US East_2': 5, 'E2ps_v5_US East_3': 5, 'E32ads_v6_US East_3': 5, 'E32as_v6_US East_3': 5, 'E48ads_v6_US East_3': 5, 'E48as_v6_US East_2': 5, 'E4ads_v6_US East_1': 5, 'E4ads_v6_US East_2': 5, 'E4ads_v6_US East_3': 5, 'E4as_v6_US East_1': 5, 'E4as_v6_US East_2': 5, 'E4as_v6_US East_3': 5, 'E4ps_v5_US East_1': 5, 'E4ps_v5_US East_2': 5, 'E4ps_v5_US East_3': 5, 'E64ads_v6_US East_3': 5, 'E64as_v6_US East_3': 5, 'E8ads_v6_US East_2': 5, 'E8ads_v6_US East_3': 5, 'E8as_v6_US East_2': 5, 'E8as_v6_US East_3': 5, 'E8ps_v5_US East_3': 5, 'E96-48ads_v6_US East_3': 5, 'E96ads_v6_US East_3': 5, 'E96as_v6_US East_3': 5, 'F16als_v6_US East_2': 5, 'F16als_v6_US East_3': 5, 'F16ams_v6_US East_2': 5, 'F16ams_v6_US East_3': 5, 'F16as_v6_US East_1': 5, 'F16as_v6_US East_2': 5, 'F2als_v6_US East_1': 5, 'F2als_v6_US East_2': 5, 'F2als_v6_US East_3': 5, 'F2ams_v6_US East_1': 5, 'F2ams_v6_US East_2': 5, 'F2ams_v6_US East_3': 5, 'F2as_v6_US East_1': 5, 'F2as_v6_US East_2': 5, 'F2as_v6_US East_3': 5, 'F32als_v6_US East_2': 5, 'F32ams_v6_US East_2': 5, 'F32as_v6_US East_3': 5, 'F48als_v6_US East_3': 5, 'F48ams_v6_US East_2': 5, 'F48as_v6_US East_2': 5, 'F4als_v6_US East_1': 5, 'F4als_v6_US East_2': 5, 'F4als_v6_US East_3': 5, 'F4ams_v6_US East_1': 5, 'F4ams_v6_US East_2': 5, 'F4ams_v6_US East_3': 5, 'F4as_v6_US East_1': 5, 'F4as_v6_US East_2': 5, 'F4as_v6_US East_3': 5, 'F64als_v6_US East_3': 5, 'F64ams_v6_US East_3': 5, 'F64as_v6_US East_1': 5, 'F8als_v6_US East_1': 5, 'F8als_v6_US East_3': 5, 'F8ams_v6_US East_2': 5, 'F8ams_v6_US East_3': 5, 'F8as_v6_US East_1': 5, 'F8as_v6_US East_2': 5, 'NV16as_v4_US East_2': 5, 'NV4as_v4_US East_1': 5, 'NV4as_v4_US East_2': 5, 'NV4as_v4_US East_3': 5, 'NV6ads_A10_v5_US East_1': 5, 'NV6ads_A10_v5_US East_2': 5, 'NV8as_v4_US East_1': 5, 'NV8as_v4_US East_2': 5, 'NV8as_v4_US East_3': 5}"
0.62,181.45223000000001,393031262,2166031.5888650143,12810,12410,"{'D16ads_v6_US East_1': 5, 'D16ads_v6_US East_2': 5, 'D16alds_v6_US East_1': 5, 'D16alds_v6_US East_3': 5, 'D16als_v6_US East_2': 5, 'D16als_v6_US East_3': 5, 'D16as_v6_US East_1': 5, 'D16as_v6_US East_3': 5, 'D16pds_v5_US East_3': 5, 'D16plds_v5_US East_1': 5, 'D16plds_v5_US East_2': 5, 'D16pls_v5_US East_1': 5, 'D16pls_v5_US East_2': 5, 'D16ps_v5_US East_3': 5, 'D2ads_v6_US East_1': 5, 'D2ads_v6_US East_2': 5, 'D2ads_v6_US East_3': 5, 'D2alds_v6_US East_1': 5, 'D2alds_v6_US East_2': 5, 'D2alds_v6_US East_3': 5, 'D2als_v6_US East_1': 5, 'D2als_v6_US East_2': 5, 'D2als_v6_US East_3': 5, 'D2as_v6_US East_1': 5, 'D2as_v6_US East_2': 5, 'D2as_v6_US East_3': 5, 'D2pds_v5_US East_1': 5, 'D2pds_v5_US East_2': 5, 'D2pds_v5_US East_3': 5, 'D2plds_v5_US East_1': 5, 'D2plds_v5_US East_2': 5, 'D2plds_v5_US East_3': 5, 'D2pls_v5_US East_1': 5, 'D2pls_v5_US East_2': 5, 'D2pls_v5_US East_3': 5, 'D2ps_v5_US East_1': 5, 'D2ps_v5_US East_2': 5, 'D2ps_v5_US East_3': 5, 'D32ads_v6_US East_1': 5, 'D32ads_v6_US East_3': 5, 'D32alds_v6_US East_1': 5, 'D32alds_v6_US East_2': 5, 'D32als_v6_US East_1': 5, 'D32als_v6_US East_2': 5, 'D32as_v6_US East_1': 5, 'D32as_v6_US East_3': 5, 'D32plds_v5_US East_2': 5, 'D32pls_v5_US East_2': 5, 'D48ads_v6_US East_2': 5, 'D48alds_v6_US East_2': 5, 'D48als_v6_US East_1': 5, 'D48als_v6_US East_3': 5, 'D4ads_v6_US East_1': 5, 'D4ads_v6_US East_2': 5, 'D4ads_v6_US East_3': 5, 'D4alds_v6_US East_1': 5, 'D4alds_v6_US East_2': 5, 'D4alds_v6_US East_3': 5, 'D4als_v6_US East_1': 5, 'D4als_v6_US East_2': 5, 'D4als_v6_US East_3': 5, 'D4as_v6_US East_1': 5, 'D4as_v6_US East_2': 5, 'D4as_v6_US East_3': 5, 'D4pds_v5_US East_1': 5, 'D4pds_v5_US East_2': 5, 'D4pds_v5_US East_3': 5, 'D4plds_v5_US East_1': 5, 'D4plds_v5_US East_2': 5, 'D4plds_v5_US East_3': 5, 'D4pls_v5_US East_1': 5, 'D4pls_v5_US East_2': 5, 'D4pls_v5_US East_3': 5, 'D4ps_v5_US East_1': 5, 'D4ps_v5_US East_2': 5, 'D4ps_v5_US East_3': 5, 'D64ads_v6_US East_2': 5, 'D64alds_v6_US East_1': 5, 'D64als_v6_US East_3': 5, 'D64as_v6_US East_2': 5, 'D8ads_v6_US East_1': 5, 'D8ads_v6_US East_2': 5, 'D8ads_v6_US East_3': 5, 'D8alds_v6_US East_1': 5, 'D8alds_v6_US East_2': 5, 'D8alds_v6_US East_3': 5, 'D8als_v6_US East_1': 5, 'D8als_v6_US East_2': 5, 'D8als_v6_US East_3': 5, 'D8as_v6_US East_1': 5, 'D8as_v6_US East_2': 5, 'D8as_v6_US East_3': 5, 'D8plds_v5_US East_1': 5, 'D8plds_v5_US East_2': 5, 'D8plds_v5_US East_3': 5, 'D8pls_v5_US East_1': 5, 'D8pls_v5_US East_2': 5, 'D8pls_v5_US East_3': 5, 'D8ps_v5_US East_1': 5, 'D8ps_v5_US East_2': 5, 'D8ps_v5_US East_3': 5, 'D96ads_v6_US East_3': 5, 'D96alds_v6_US East_3': 5, 'D96als_v6_US East_3': 5, 'D96as_v6_US East_3': 5, 'DC1s_v2_US East_1': 5, 'DC2s_v2_US East_2': 5, 'E16ads_v6_US East_2': 5, 'E16ads_v6_US East_3': 5, 'E16as_v6_US East_1': 5, 'E16as_v6_US East_3': 5, 'E20ads_v6_US East_1': 5, 'E20ads_v6_US East_2': 5, 'E20as_v6_US East_1': 5, 'E20as_v6_US East_3': 5, 'E2ads_v6_US East_1': 5, 'E2ads_v6_US East_2': 5, 'E2ads_v6_US East_3': 5, 'E2as_v6_US East_1': 5, 'E2as_v6_US East_2': 5, 'E2as_v6_US East_3': 5, 'E2ps_v5_US East_1': 5, 'E2ps_v5_US East_2': 5, 'E2ps_v5_US East_3': 5, 'E32ads_v6_US East_3': 5, 'E32as_v6_US East_3': 5, 'E48ads_v6_US East_3': 5, 'E48as_v6_US East_2': 5, 'E4ads_v6_US East_1': 5, 'E4ads_v6_US East_2': 5, 'E4ads_v6_US East_3': 5, 'E4as_v6_US East_1': 5, 'E4as_v6_US East_2': 5, 'E4as_v6_US East_3': 5, 'E4ps_v5_US East_1': 5, 'E4ps_v5_US East_2': 5, 'E4ps_v5_US East_3': 5, 'E64ads_v6_US East_3': 5, 'E64as_v6_US East_3': 5, 'E8ads_v6_US East_2': 5, 'E8ads_v6_US East_3': 5, 'E8as_v6_US East_2': 5, 'E8as_v6_US East_3': 5, 'E8ps_v5_US East_3': 5, 'E96-48ads_v6_US East_3': 5, 'E96ads_v6_US East_3': 5, 'E96as_v6_US East_3': 5, 'F16als_v6_US East_2': 5, 'F16als_v6_US East_3': 5, 'F16ams_v6_US East_2': 5, 'F16ams_v6_US East_3': 5, 'F16as_v6_US East_1': 5, 'F16as_v6_US East_2': 5, 'F2als_v6_US East_1': 5, 'F2als_v6_US East_2': 5, 'F2als_v6_US East_3': 5, 'F2ams_v6_US East_1': 5, 'F2ams_v6_US East_2': 5, 'F2ams_v6_US East_3': 5, 'F2as_v6_US East_1': 5, 'F2as_v6_US East_2': 5, 'F2as_v6_US East_3': 5, 'F32als_v6_US East_2': 5, 'F32ams_v6_US East_2': 5, 'F32as_v6_US East_3': 5, 'F48als_v6_US East_3': 5, 'F48ams_v6_US East_2': 5, 'F48as_v6_US East_2': 5, 'F4als_v6_US East_1': 5, 'F4als_v6_US East_2': 5, 'F4als_v6_US East_3': 5, 'F4ams_v6_US East_1': 5, 'F4ams_v6_US East_2': 5, 'F4ams_v6_US East_3': 5, 'F4as_v6_US East_1': 5, 'F4as_v6_US East_2': 5, 'F4as_v6_US East_3': 5, 'F64als_v6_US East_3': 5, 'F64ams_v6_US East_3': 5, 'F64as_v6_US East_1': 5, 'F8als_v6_US East_1': 5, 'F8als_v6_US East_3': 5, 'F8ams_v6_US East_2': 5, 'F8ams_v6_US East_3': 5, 'F8as_v6_US East_1': 5, 'F8as_v6_US East_2': 5, 'NV16as_v4_US East_2': 5, 'NV4as_v4_US East_1': 5, 'NV4as_v4_US East_2': 5, 'NV4as_v4_US East_3': 5, 'NV6ads_A10_v5_US East_1': 5, 'NV6ads_A10_v5_US East_2': 5, 'NV8as_v4_US East_1': 5, 'NV8as_v4_US East_2': 5, 'NV8as_v4_US East_3': 5}"
0.63,182.87519,394347810,2156376.7663071193,12870,12470,"{'D16ads_v6_US East_1': 5, 'D16ads_v6_US East_2': 5, 'D16alds_v6_US East_1': 5, 'D16alds_v6_US East_3': 5, 'D16als_v6_US East_2': 5, 'D16als_v6_US East_3': 5, 'D16as_v6_US East_1': 5, 'D16as_v6_US East_3': 5, 'D16pds_v5_US East_3': 5, 'D16plds_v5_US East_1': 5, 'D16plds_v5_US East_2': 5, 'D16pls_v5_US East_1': 5, 'D16pls_v5_US East_2': 5, 'D16ps_v5_US East_3': 5, 'D2ads_v6_US East_1': 5, 'D2ads_v6_US East_2': 5, 'D2ads_v6_US East_3': 5, 'D2alds_v6_US East_1': 5, 'D2alds_v6_US East_2': 5, 'D2alds_v6_US East_3': 5, 'D2als_v6_US East_1': 5, 'D2als_v6_US East_2': 5, 'D2als_v6_US East_3': 5, 'D2as_v6_US East_1': 5, 'D2as_v6_US East_2': 5, 'D2as_v6_US East_3': 5, 'D2pds_v5_US East_1': 5, 'D2pds_v5_US East_2': 5, 'D2pds_v5_US East_3': 5, 'D2plds_v5_US East_1': 5, 'D2plds_v5_US East_2': 5, 'D2plds_v5_US East_3': 5, 'D2pls_v5_US East_1': 5, 'D2pls_v5_US East_2': 5, 'D2pls_v5_US East_3': 5, 'D2ps_v5_US East_1': 5, 'D2ps_v5_US East_2': 5, 'D2ps_v5_US East_3': 5, 'D32ads_v6_US East_1': 5, 'D32ads_v6_US East_3': 5, 'D32alds_v6_US East_1': 5, 'D32alds_v6_US East_2': 5, 'D32als_v6_US East_1': 5, 'D32als_v6_US East_2': 5, 'D32as_v6_US East_1': 5, 'D32as_v6_US East_3': 5, 'D32plds_v5_US East_2': 5, 'D32pls_v5_US East_2': 5, 'D48ads_v6_US East_2': 5, 'D48alds_v6_US East_2': 5, 'D48als_v6_US East_1': 5, 'D48als_v6_US East_3': 5, 'D4ads_v6_US East_1': 5, 'D4ads_v6_US East_2': 5, 'D4ads_v6_US East_3': 5, 'D4alds_v6_US East_1': 5, 'D4alds_v6_US East_2': 5, 'D4alds_v6_US East_3': 5, 'D4als_v6_US East_1': 5, 'D4als_v6_US East_2': 5, 'D4als_v6_US East_3': 5, 'D4as_v6_US East_1': 5, 'D4as_v6_US East_2': 5, 'D4as_v6_US East_3': 5, 'D4pds_v5_US East_1': 5, 'D4pds_v5_US East_2': 5, 'D4pds_v5_US East_3': 5, 'D4plds_v5_US East_1': 5, 'D4plds_v5_US East_2': 5, 'D4plds_v5_US East_3': 5, 'D4pls_v5_US East_1': 5, 'D4pls_v5_US East_2': 5, 'D4pls_v5_US East_3': 5, 'D4ps_v5_US East_1': 5, 'D4ps_v5_US East_2': 5, 'D4ps_v5_US East_3': 5, 'D64ads_v6_US East_2': 5, 'D64alds_v6_US East_1': 5, 'D64als_v6_US East_3': 5, 'D64as_v6_US East_2': 5, 'D8ads_v6_US East_1': 5, 'D8ads_v6_US East_2': 5, 'D8ads_v6_US East_3': 5, 'D8alds_v6_US East_1': 5, 'D8alds_v6_US East_2': 5, 'D8alds_v6_US East_3': 5, 'D8als_v6_US East_1': 5, 'D8als_v6_US East_2': 5, 'D8als_v6_US East_3': 5, 'D8as_v6_US East_1': 5, 'D8as_v6_US East_2': 5, 'D8as_v6_US East_3': 5, 'D8plds_v5_US East_1': 5, 'D8plds_v5_US East_2': 5, 'D8plds_v5_US East_3': 5, 'D8pls_v5_US East_1': 5, 'D8pls_v5_US East_2': 5, 'D8pls_v5_US East_3': 5, 'D8ps_v5_US East_1': 5, 'D8ps_v5_US East_2': 5, 'D8ps_v5_US East_3': 5, 'D96ads_v6_US East_3': 5, 'D96alds_v6_US East_3': 5, 'D96als_v6_US East_3': 5, 'D96as_v6_US East_3': 5, 'DC1s_v2_US East_1': 5, 'DC2s_v2_US East_2': 5, 'E16ads_v6_US East_2': 5, 'E16ads_v6_US East_3': 5, 'E16as_v6_US East_1': 5, 'E16as_v6_US East_3': 5, 'E20ads_v6_US East_1': 5, 'E20ads_v6_US East_2': 5, 'E20as_v6_US East_1': 5, 'E20as_v6_US East_3': 5, 'E2ads_v6_US East_1': 5, 'E2ads_v6_US East_2': 5, 'E2ads_v6_US East_3': 5, 'E2as_v6_US East_1': 5, 'E2as_v6_US East_2': 5, 'E2as_v6_US East_3': 5, 'E2ps_v5_US East_1': 5, 'E2ps_v5_US East_2': 5, 'E2ps_v5_US East_3': 5, 'E32ads_v6_US East_3': 5, 'E32as_v6_US East_3': 5, 'E48ads_v6_US East_3': 5, 'E48as_v6_US East_2': 5, 'E4ads_v6_US East_1': 5, 'E4ads_v6_US East_2': 5, 'E4ads_v6_US East_3': 5, 'E4as_v6_US East_1': 5, 'E4as_v6_US East_2': 5, 'E4as_v6_US East_3': 5, 'E4ps_v5_US East_1': 5, 'E4ps_v5_US East_2': 5, 'E4ps_v5_US East_3': 5, 'E64ads_v6_US East_3': 5, 'E64as_v6_US East_3': 5, 'E8ads_v6_US East_2': 5, 'E8ads_v6_US East_3': 5, 'E8as_v6_US East_2': 5, 'E8as_v6_US East_3': 5, 'E8ps_v5_US East_3': 5, 'E96-48ads_v6_US East_3': 5, 'E96ads_v6_US East_3': 5, 'E96as_v6_US East_3': 5, 'F16als_v6_US East_2': 5, 'F16als_v6_US East_3': 5, 'F16ams_v6_US East_2': 5, 'F16ams_v6_US East_3': 5, 'F16as_v6_US East_1': 5, 'F16as_v6_US East_2': 5, 'F2als_v6_US East_1': 5, 'F2als_v6_US East_2': 5, 'F2als_v6_US East_3': 5, 'F2ams_v6_US East_1': 5, 'F2ams_v6_US East_2': 5, 'F2ams_v6_US East_3': 5, 'F2as_v6_US East_1': 5, 'F2as_v6_US East_2': 5, 'F2as_v6_US East_3': 5, 'F32als_v6_US East_2': 5, 'F32ams_v6_US East_2': 5, 'F32as_v6_US East_3': 5, 'F48als_v6_US East_3': 5, 'F48ams_v6_US East_2': 5, 'F48as_v6_US East_2': 5, 'F4als_v6_US East_1': 5, 'F4als_v6_US East_2': 5, 'F4als_v6_US East_3': 5, 'F4ams_v6_US East_1': 5, 'F4ams_v6_US East_2': 5, 'F4ams_v6_US East_3': 5, 'F4as_v6_US East_1': 5, 'F4as_v6_US East_2': 5, 'F4as_v6_US East_3': 5, 'F64als_v6_US East_3': 5, 'F64ams_v6_US East_3': 5, 'F64as_v6_US East_1': 5, 'F8als_v6_US East_1': 5, 'F8als_v6_US East_3': 5, 'F8ams_v6_US East_2': 5, 'F8ams_v6_US East_3': 5, 'F8as_v6_US East_1': 5, 'F8as_v6_US East_2': 5, 'M12s_v3_US East_1': 5, 'NV16as_v4_US East_2': 5, 'NV4as_v4_US East_1': 5, 'NV4as_v4_US East_2': 5, 'NV4as_v4_US East_3': 5, 'NV6ads_A10_v5_US East_1': 5, 'NV6ads_A10_v5_US East_2': 5, 'NV8as_v4_US East_1': 5, 'NV8as_v4_US East_2': 5, 'NV8as_v4_US East_3': 5}"
0.64,182.87519,394347810,2156376.7663071193,12870,12470,"{'D16ads_v6_US East_1': 5, 'D16ads_v6_US East_2': 5, 'D16alds_v6_US East_1': 5, 'D16alds_v6_US East_3': 5, 'D16als_v6_US East_2': 5, 'D16als_v6_US East_3': 5, 'D16as_v6_US East_1': 5, 'D16as_v6_US East_3': 5, 'D16pds_v5_US East_3': 5, 'D16plds_v5_US East_1': 5, 'D16plds_v5_US East_2': 5, 'D16pls_v5_US East_1': 5, 'D16pls_v5_US East_2': 5, 'D16ps_v5_US East_3': 5, 'D2ads_v6_US East_1': 5, 'D2ads_v6_US East_2': 5, 'D2ads_v6_US East_3': 5, 'D2alds_v6_US East_1': 5, 'D2alds_v6_US East_2': 5, 'D2alds_v6_US East_3': 5, 'D2als_v6_US East_1': 5, 'D2als_v6_US East_2': 5, 'D2als_v6_US East_3': 5, 'D2as_v6_US East_1': 5, 'D2as_v6_US East_2': 5, 'D2as_v6_US East_3': 5, 'D2pds_v5_US East_1': 5, 'D2pds_v5_US East_2': 5, 'D2pds_v5_US East_3': 5, 'D2plds_v5_US East_1': 5, 'D2plds_v5_US East_2': 5, 'D2plds_v5_US East_3': 5, 'D2pls_v5_US East_1': 5, 'D2pls_v5_US East_2': 5, 'D2pls_v5_US East_3': 5, 'D2ps_v5_US East_1': 5, 'D2ps_v5_US East_2': 5, 'D2ps_v5_US East_3': 5, 'D32ads_v6_US East_1': 5, 'D32ads_v6_US East_3': 5, 'D32alds_v6_US East_1': 5, 'D32alds_v6_US East_2': 5, 'D32als_v6_US East_1': 5, 'D32als_v6_US East_2': 5, 'D32as_v6_US East_1': 5, 'D32as_v6_US East_3': 5, 'D32plds_v5_US East_2': 5, 'D32pls_v5_US East_2': 5, 'D48ads_v6_US East_2': 5, 'D48alds_v6_US East_2': 5, 'D48als_v6_US East_1': 5, 'D48als_v6_US East_3': 5, 'D4ads_v6_US East_1': 5, 'D4ads_v6_US East_2': 5, 'D4ads_v6_US East_3': 5, 'D4alds_v6_US East_1': 5, 'D4alds_v6_US East_2': 5, 'D4alds_v6_US East_3': 5, 'D4als_v6_US East_1': 5, 'D4als_v6_US East_2': 5, 'D4als_v6_US East_3': 5, 'D4as_v6_US East_1': 5, 'D4as_v6_US East_2': 5, 'D4as_v6_US East_3': 5, 'D4pds_v5_US East_1': 5, 'D4pds_v5_US East_2': 5, 'D4pds_v5_US East_3': 5, 'D4plds_v5_US East_1': 5, 'D4plds_v5_US East_2': 5, 'D4plds_v5_US East_3': 5, 'D4pls_v5_US East_1': 5, 'D4pls_v5_US East_2': 5, 'D4pls_v5_US East_3': 5, 'D4ps_v5_US East_1': 5, 'D4ps_v5_US East_2': 5, 'D4ps_v5_US East_3': 5, 'D64ads_v6_US East_2': 5, 'D64alds_v6_US East_1': 5, 'D64als_v6_US East_3': 5, 'D64as_v6_US East_2': 5, 'D8ads_v6_US East_1': 5, 'D8ads_v6_US East_2': 5, 'D8ads_v6_US East_3': 5, 'D8alds_v6_US East_1': 5, 'D8alds_v6_US East_2': 5, 'D8alds_v6_US East_3': 5, 'D8als_v6_US East_1': 5, 'D8als_v6_US East_2': 5, 'D8als_v6_US East_3': 5, 'D8as_v6_US East_1': 5, 'D8as_v6_US East_2': 5, 'D8as_v6_US East_3': 5, 'D8plds_v5_US East_1': 5, 'D8plds_v5_US East_2': 5, 'D8plds_v5_US East_3': 5, 'D8pls_v5_US East_1': 5, 'D8pls_v5_US East_2': 5, 'D8pls_v5_US East_3': 5, 'D8ps_v5_US East_1': 5, 'D8ps_v5_US East_2': 5, 'D8ps_v5_US East_3': 5, 'D96ads_v6_US East_3': 5, 'D96alds_v6_US East_3': 5, 'D96als_v6_US East_3': 5, 'D96as_v6_US East_3': 5, 'DC1s_v2_US East_1': 5, 'DC2s_v2_US East_2': 5, 'E16ads_v6_US East_2': 5, 'E16ads_v6_US East_3': 5, 'E16as_v6_US East_1': 5, 'E16as_v6_US East_3': 5, 'E20ads_v6_US East_1': 5, 'E20ads_v6_US East_2': 5, 'E20as_v6_US East_1': 5, 'E20as_v6_US East_3': 5, 'E2ads_v6_US East_1': 5, 'E2ads_v6_US East_2': 5, 'E2ads_v6_US East_3': 5, 'E2as_v6_US East_1': 5, 'E2as_v6_US East_2': 5, 'E2as_v6_US East_3': 5, 'E2ps_v5_US East_1': 5, 'E2ps_v5_US East_2': 5, 'E2ps_v5_US East_3': 5, 'E32ads_v6_US East_3': 5, 'E32as_v6_US East_3': 5, 'E48ads_v6_US East_3': 5, 'E48as_v6_US East_2': 5, 'E4ads_v6_US East_1': 5, 'E4ads_v6_US East_2': 5, 'E4ads_v6_US East_3': 5, 'E4as_v6_US East_1': 5, 'E4as_v6_US East_2': 5, 'E4as_v6_US East_3': 5, 'E4ps_v5_US East_1': 5, 'E4ps_v5_US East_2': 5, 'E4ps_v5_US East_3': 5, 'E64ads_v6_US East_3': 5, 'E64as_v6_US East_3': 5, 'E8ads_v6_US East_2': 5, 'E8ads_v6_US East_3': 5, 'E8as_v6_US East_2': 5, 'E8as_v6_US East_3': 5, 'E8ps_v5_US East_3': 5, 'E96-48ads_v6_US East_3': 5, 'E96ads_v6_US East_3': 5, 'E96as_v6_US East_3': 5, 'F16als_v6_US East_2': 5, 'F16als_v6_US East_3': 5, 'F16ams_v6_US East_2': 5, 'F16ams_v6_US East_3': 5, 'F16as_v6_US East_1': 5, 'F16as_v6_US East_2': 5, 'F2als_v6_US East_1': 5, 'F2als_v6_US East_2': 5, 'F2als_v6_US East_3': 5, 'F2ams_v6_US East_1': 5, 'F2ams_v6_US East_2': 5, 'F2ams_v6_US East_3': 5, 'F2as_v6_US East_1': 5, 'F2as_v6_US East_2': 5, 'F2as_v6_US East_3': 5, 'F32als_v6_US East_2': 5, 'F32ams_v6_US East_2': 5, 'F32as_v6_US East_3': 5, 'F48als_v6_US East_3': 5, 'F48ams_v6_US East_2': 5, 'F48as_v6_US East_2': 5, 'F4als_v6_US East_1': 5, 'F4als_v6_US East_2': 5, 'F4als_v6_US East_3': 5, 'F4ams_v6_US East_1': 5, 'F4ams_v6_US East_2': 5, 'F4ams_v6_US East_3': 5, 'F4as_v6_US East_1': 5, 'F4as_v6_US East_2': 5, 'F4as_v6_US East_3': 5, 'F64als_v6_US East_3': 5, 'F64ams_v6_US East_3': 5, 'F64as_v6_US East_1': 5, 'F8als_v6_US East_1': 5, 'F8als_v6_US East_3': 5, 'F8ams_v6_US East_2': 5, 'F8ams_v6_US East_3': 5, 'F8as_v6_US East_1': 5, 'F8as_v6_US East_2': 5, 'M12s_v3_US East_1': 5, 'NV16as_v4_US East_2': 5, 'NV4as_v4_US East_1': 5, 'NV4as_v4_US East_2': 5, 'NV4as_v4_US East_3': 5, 'NV6ads_A10_v5_US East_1': 5, 'NV6ads_A10_v5_US East_2': 5, 'NV8as_v4_US East_1': 5, 'NV8as_v4_US East_2': 5, 'NV8as_v4_US East_3': 5}"
0.65,191.88512000000003,402201134,2096051.7107840357,13410,13010,"{'D16ads_v6_US East_1': 5, 'D16ads_v6_US East_2': 5, 'D16alds_v6_US East_1': 5, 'D16alds_v6_US East_3': 5, 'D16als_v6_US East_2': 5, 'D16als_v6_US East_3': 5, 'D16as_v6_US East_1': 5, 'D16as_v6_US East_3': 5, 'D16pds_v5_US East_3': 5, 'D16plds_v5_US East_1': 5, 'D16plds_v5_US East_2': 5, 'D16pls_v5_US East_1': 5, 'D16pls_v5_US East_2': 5, 'D16ps_v5_US East_3': 5, 'D2ads_v6_US East_1': 5, 'D2ads_v6_US East_2': 5, 'D2ads_v6_US East_3': 5, 'D2alds_v6_US East_1': 5, 'D2alds_v6_US East_2': 5, 'D2alds_v6_US East_3': 5, 'D2als_v6_US East_1': 5, 'D2als_v6_US East_2': 5, 'D2als_v6_US East_3': 5, 'D2as_v6_US East_1': 5, 'D2as_v6_US East_2': 5, 'D2as_v6_US East_3': 5, 'D2pds_v5_US East_1': 5, 'D2pds_v5_US East_2': 5, 'D2pds_v5_US East_3': 5, 'D2plds_v5_US East_1': 5, 'D2plds_v5_US East_2': 5, 'D2plds_v5_US East_3': 5, 'D2pls_v5_US East_1': 5, 'D2pls_v5_US East_2': 5, 'D2pls_v5_US East_3': 5, 'D2ps_v5_US East_1': 5, 'D2ps_v5_US East_2': 5, 'D2ps_v5_US East_3': 5, 'D32ads_v6_US East_1': 5, 'D32ads_v6_US East_3': 5, 'D32alds_v6_US East_1': 5, 'D32alds_v6_US East_2': 5, 'D32als_v6_US East_1': 5, 'D32als_v6_US East_2': 5, 'D32as_v6_US East_1': 5, 'D32as_v6_US East_3': 5, 'D32plds_v5_US East_2': 5, 'D32pls_v5_US East_2': 5, 'D48ads_v6_US East_2': 5, 'D48alds_v6_US East_2': 5, 'D48als_v6_US East_1': 5, 'D48als_v6_US East_3': 5, 'D4ads_v6_US East_1': 5, 'D4ads_v6_US East_2': 5, 'D4ads_v6_US East_3': 5, 'D4alds_v6_US East_1': 5, 'D4alds_v6_US East_2': 5, 'D4alds_v6_US East_3': 5, 'D4als_v6_US East_1': 5, 'D4als_v6_US East_2': 5, 'D4als_v6_US East_3': 5, 'D4as_v6_US East_1': 5, 'D4as_v6_US East_2': 5, 'D4as_v6_US East_3': 5, 'D4pds_v5_US East_1': 5, 'D4pds_v5_US East_2': 5, 'D4pds_v5_US East_3': 5, 'D4plds_v5_US East_1': 5, 'D4plds_v5_US East_2': 5, 'D4plds_v5_US East_3': 5, 'D4pls_v5_US East_1': 5, 'D4pls_v5_US East_2': 5, 'D4pls_v5_US East_3': 5, 'D4ps_v5_US East_1': 5, 'D4ps_v5_US East_2': 5, 'D4ps_v5_US East_3': 5, 'D64ads_v6_US East_2': 5, 'D64alds_v6_US East_1': 5, 'D64als_v6_US East_3': 5, 'D64as_v6_US East_2': 5, 'D8ads_v6_US East_1': 5, 'D8ads_v6_US East_2': 5, 'D8ads_v6_US East_3': 5, 'D8alds_v6_US East_1': 5, 'D8alds_v6_US East_2': 5, 'D8alds_v6_US East_3': 5, 'D8als_v6_US East_1': 5, 'D8als_v6_US East_2': 5, 'D8als_v6_US East_3': 5, 'D8as_v6_US East_1': 5, 'D8as_v6_US East_2': 5, 'D8as_v6_US East_3': 5, 'D8plds_v5_US East_1': 5, 'D8plds_v5_US East_2': 5, 'D8plds_v5_US East_3': 5, 'D8pls_v5_US East_1': 5, 'D8pls_v5_US East_2': 5, 'D8pls_v5_US East_3': 5, 'D8ps_v5_US East_1': 5, 'D8ps_v5_US East_2': 5, 'D8ps_v5_US East_3': 5, 'D96ads_v6_US East_3': 5, 'D96alds_v6_US East_3': 5, 'D96als_v6_US East_3': 5, 'D96as_v6_US East_3': 5, 'DC1s_v2_US East_1': 5, 'DC2s_v2_US East_2': 5, 'E16ads_v6_US East_2': 5, 'E16ads_v6_US East_3': 5, 'E16as_v6_US East_1': 5, 'E16as_v6_US East_3': 5, 'E20ads_v6_US East_1': 5, 'E20ads_v6_US East_2': 5, 'E20as_v6_US East_1': 5, 'E20as_v6_US East_3': 5, 'E2ads_v6_US East_1': 5, 'E2ads_v6_US East_2': 5, 'E2ads_v6_US East_3': 5, 'E2as_v6_US East_1': 5, 'E2as_v6_US East_2': 5, 'E2as_v6_US East_3': 5, 'E2ps_v5_US East_1': 5, 'E2ps_v5_US East_2': 5, 'E2ps_v5_US East_3': 5, 'E32ads_v6_US East_3': 5, 'E32as_v6_US East_3': 5, 'E48ads_v6_US East_3': 5, 'E48as_v6_US East_2': 5, 'E4ads_v6_US East_1': 5, 'E4ads_v6_US East_2': 5, 'E4ads_v6_US East_3': 5, 'E4as_v6_US East_1': 5, 'E4as_v6_US East_2': 5, 'E4as_v6_US East_3': 5, 'E4ps_v5_US East_1': 5, 'E4ps_v5_US East_2': 5, 'E4ps_v5_US East_3': 5, 'E64ads_v6_US East_3': 5, 'E64as_v6_US East_3': 5, 'E8ads_v6_US East_2': 5, 'E8ads_v6_US East_3': 5, 'E8as_v6_US East_2': 5, 'E8as_v6_US East_3': 5, 'E8ps_v5_US East_3': 5, 'E96-48ads_v6_US East_3': 5, 'E96ads_v6_US East_3': 5, 'E96as_v6_US East_3': 5, 'F16als_v6_US East_2': 5, 'F16als_v6_US East_3': 5, 'F16ams_v6_US East_2': 5, 'F16ams_v6_US East_3': 5, 'F16as_v6_US East_1': 5, 'F16as_v6_US East_2': 5, 'F2als_v6_US East_1': 5, 'F2als_v6_US East_2': 5, 'F2als_v6_US East_3': 5, 'F2ams_v6_US East_1': 5, 'F2ams_v6_US East_2': 5, 'F2ams_v6_US East_3': 5, 'F2as_v6_US East_1': 5, 'F2as_v6_US East_2': 5, 'F2as_v6_US East_3': 5, 'F32als_v6_US East_2': 5, 'F32ams_v6_US East_2': 5, 'F32as_v6_US East_3': 5, 'F48als_v6_US East_3': 5, 'F48ams_v6_US East_2': 5, 'F48as_v6_US East_2': 5, 'F4als_v6_US East_1': 5, 'F4als_v6_US East_2': 5, 'F4als_v6_US East_3': 5, 'F4ams_v6_US East_1': 5, 'F4ams_v6_US East_2': 5, 'F4ams_v6_US East_3': 5, 'F4as_v6_US East_1': 5, 'F4as_v6_US East_2': 5, 'F4as_v6_US East_3': 5, 'F64als_v6_US East_3': 5, 'F64ams_v6_US East_3': 5, 'F64as_v6_US East_1': 5, 'F8als_v6_US East_1': 5, 'F8als_v6_US East_3': 5, 'F8ams_v6_US East_2': 5, 'F8ams_v6_US East_3': 5, 'F8as_v6_US East_1': 5, 'F8as_v6_US East_2': 5, 'M12ds_v3_US East_2': 5, 'M12s_v3_US East_1': 5, 'M32ts_US East_1': 5, 'M32ts_US East_2': 5, 'M32ts_US East_3': 5, 'NV16as_v4_US East_2': 5, 'NV4as_v4_US East_1': 5, 'NV4as_v4_US East_2': 5, 'NV4as_v4_US East_3': 5, 'NV6ads_A10_v5_US East_1': 5, 'NV6ads_A10_v5_US East_2': 5, 'NV8as_v4_US East_1': 5, 'NV8as_v4_US East_2': 5, 'NV8as_v4_US East_3': 5}"
0.66,211.78530000000006,418470993,1975920.8653763977,14530,14130,"{'D16ads_v6_US East_1': 5, 'D16ads_v6_US East_2': 5, 'D16alds_v6_US East_1': 5, 'D16alds_v6_US East_3': 5, 'D16als_v6_US East_2': 5, 'D16als_v6_US East_3': 5, 'D16as_v6_US East_1': 5, 'D16as_v6_US East_3': 5, 'D16pds_v5_US East_3': 5, 'D16plds_v5_US East_1': 5, 'D16plds_v5_US East_2': 5, 'D16pls_v5_US East_1': 5, 'D16pls_v5_US East_2': 5, 'D16ps_v5_US East_3': 5, 'D2ads_v6_US East_1': 5, 'D2ads_v6_US East_2': 5, 'D2ads_v6_US East_3': 5, 'D2alds_v6_US East_1': 5, 'D2alds_v6_US East_2': 5, 'D2alds_v6_US East_3': 5, 'D2als_v6_US East_1': 5, 'D2als_v6_US East_2': 5, 'D2als_v6_US East_3': 5, 'D2as_v6_US East_1': 5, 'D2as_v6_US East_2': 5, 'D2as_v6_US East_3': 5, 'D2pds_v5_US East_1': 5, 'D2pds_v5_US East_2': 5, 'D2pds_v5_US East_3': 5, 'D2plds_v5_US East_1': 5, 'D2plds_v5_US East_2': 5, 'D2plds_v5_US East_3': 5, 'D2pls_v5_US East_1': 5, 'D2pls_v5_US East_2': 5, 'D2pls_v5_US East_3': 5, 'D2ps_v5_US East_1': 5, 'D2ps_v5_US East_2': 5, 'D2ps_v5_US East_3': 5, 'D32ads_v6_US East_1': 5, 'D32ads_v6_US East_3': 5, 'D32alds_v6_US East_1': 5, 'D32alds_v6_US East_2': 5, 'D32als_v6_US East_1': 5, 'D32als_v6_US East_2': 5, 'D32as_v6_US East_1': 5, 'D32as_v6_US East_3': 5, 'D32plds_v5_US East_2': 5, 'D32pls_v5_US East_2': 5, 'D48ads_v6_US East_2': 5, 'D48alds_v6_US East_2': 5, 'D48als_v6_US East_1': 5, 'D48als_v6_US East_3': 5, 'D4ads_v6_US East_1': 5, 'D4ads_v6_US East_2': 5, 'D4ads_v6_US East_3': 5, 'D4alds_v6_US East_1': 5, 'D4alds_v6_US East_2': 5, 'D4alds_v6_US East_3': 5, 'D4als_v6_US East_1': 5, 'D4als_v6_US East_2': 5, 'D4als_v6_US East_3': 5, 'D4as_v6_US East_1': 5, 'D4as_v6_US East_2': 5, 'D4as_v6_US East_3': 5, 'D4pds_v5_US East_1': 5, 'D4pds_v5_US East_2': 5, 'D4pds_v5_US East_3': 5, 'D4plds_v5_US East_1': 5, 'D4plds_v5_US East_2': 5, 'D4plds_v5_US East_3': 5, 'D4pls_v5_US East_1': 5, 'D4pls_v5_US East_2': 5, 'D4pls_v5_US East_3': 5, 'D4ps_v5_US East_1': 5, 'D4ps_v5_US East_2': 5, 'D4ps_v5_US East_3': 5, 'D64ads_v6_US East_2': 5, 'D64alds_v6_US East_1': 5, 'D64als_v6_US East_3': 5, 'D64as_v6_US East_2': 5, 'D8ads_v6_US East_1': 5, 'D8ads_v6_US East_2': 5, 'D8ads_v6_US East_3': 5, 'D8alds_v6_US East_1': 5, 'D8alds_v6_US East_2': 5, 'D8alds_v6_US East_3': 5, 'D8als_v6_US East_1': 5, 'D8als_v6_US East_2': 5, 'D8als_v6_US East_3': 5, 'D8as_v6_US East_1': 5, 'D8as_v6_US East_2': 5, 'D8as_v6_US East_3': 5, 'D8plds_v5_US East_1': 5, 'D8plds_v5_US East_2': 5, 'D8plds_v5_US East_3': 5, 'D8pls_v5_US East_1': 5, 'D8pls_v5_US East_2': 5, 'D8pls_v5_US East_3': 5, 'D8ps_v5_US East_1': 5, 'D8ps_v5_US East_2': 5, 'D8ps_v5_US East_3': 5, 'D96ads_v6_US East_3': 5, 'D96alds_v6_US East_3': 5, 'D96als_v6_US East_3': 5, 'D96as_v6_US East_3': 5, 'DC1s_v2_US East_1': 5, 'DC2s_v2_US East_2': 5, 'E16ads_v6_US East_2': 5, 'E16ads_v6_US East_3': 5, 'E16as_v6_US East_1': 5, 'E16as_v6_US East_3': 5, 'E20ads_v6_US East_1': 5, 'E20ads_v6_US East_2': 5, 'E20as_v6_US East_1': 5, 'E20as_v6_US East_3': 5, 'E2ads_v6_US East_1': 5, 'E2ads_v6_US East_2': 5, 'E2ads_v6_US East_3': 5, 'E2as_v6_US East_1': 5, 'E2as_v6_US East_2': 5, 'E2as_v6_US East_3': 5, 'E2ps_v5_US East_1': 5, 'E2ps_v5_US East_2': 5, 'E2ps_v5_US East_3': 5, 'E32ads_v6_US East_3': 5, 'E32as_v6_US East_3': 5, 'E48ads_v6_US East_3': 5, 'E48as_v6_US East_2': 5, 'E4ads_v6_US East_1': 5, 'E4ads_v6_US East_2': 5, 'E4ads_v6_US East_3': 5, 'E4as_v6_US East_1': 5, 'E4as_v6_US East_2': 5, 'E4as_v6_US East_3': 5, 'E4ps_v5_US East_1': 5, 'E4ps_v5_US East_2': 5, 'E4ps_v5_US East_3': 5, 'E64ads_v6_US East_3': 5, 'E64as_v6_US East_3': 5, 'E8ads_v6_US East_2': 5, 'E8ads_v6_US East_3': 5, 'E8as_v6_US East_2': 5, 'E8as_v6_US East_3': 5, 'E8ps_v5_US East_3': 5, 'E96-48ads_v6_US East_3': 5, 'E96ads_v6_US East_3': 5, 'E96as_v6_US East_3': 5, 'F16als_v6_US East_2': 5, 'F16als_v6_US East_3': 5, 'F16ams_v6_US East_2': 5, 'F16ams_v6_US East_3': 5, 'F16as_v6_US East_1': 5, 'F16as_v6_US East_2': 5, 'F2als_v6_US East_1': 5, 'F2als_v6_US East_2': 5, 'F2als_v6_US East_3': 5, 'F2ams_v6_US East_1': 5, 'F2ams_v6_US East_2': 5, 'F2ams_v6_US East_3': 5, 'F2as_v6_US East_1': 5, 'F2as_v6_US East_2': 5, 'F2as_v6_US East_3': 5, 'F32als_v6_US East_2': 5, 'F32ams_v6_US East_2': 5, 'F32as_v6_US East_3': 5, 'F48als_v6_US East_3': 5, 'F48ams_v6_US East_2': 5, 'F48as_v6_US East_2': 5, 'F4als_v6_US East_1': 5, 'F4als_v6_US East_2': 5, 'F4als_v6_US East_3': 5, 'F4ams_v6_US East_1': 5, 'F4ams_v6_US East_2': 5, 'F4ams_v6_US East_3': 5, 'F4as_v6_US East_1': 5, 'F4as_v6_US East_2': 5, 'F4as_v6_US East_3': 5, 'F64als_v6_US East_3': 5, 'F64ams_v6_US East_3': 5, 'F64as_v6_US East_1': 5, 'F8als_v6_US East_1': 5, 'F8als_v6_US East_3': 5, 'F8ams_v6_US East_2': 5, 'F8ams_v6_US East_3': 5, 'F8as_v6_US East_1': 5, 'F8as_v6_US East_2': 5, 'M12ds_v3_US East_2': 5, 'M12s_v3_US East_1': 5, 'M32ls_US East_1': 5, 'M32ls_US East_2': 5, 'M32ls_US East_3': 5, 'M32ts_US East_1': 5, 'M32ts_US East_2': 5, 'M32ts_US East_3': 5, 'M64s_v2_US East_1': 5, 'M64s_v2_US East_3': 5, 'NV16as_v4_US East_2': 5, 'NV4as_v4_US East_1': 5, 'NV4as_v4_US East_2': 5, 'NV4as_v4_US East_3': 5, 'NV6ads_A10_v5_US East_1': 5, 'NV6ads_A10_v5_US East_2': 5, 'NV8as_v4_US East_1': 5, 'NV8as_v4_US East_2': 5, 'NV8as_v4_US East_3': 5}"
0.67,211.78530000000006,418470993,1975920.8653763977,14530,14130,"{'D16ads_v6_US East_1': 5, 'D16ads_v6_US East_2': 5, 'D16alds_v6_US East_1': 5, 'D16alds_v6_US East_3': 5, 'D16als_v6_US East_2': 5, 'D16als_v6_US East_3': 5, 'D16as_v6_US East_1': 5, 'D16as_v6_US East_3': 5, 'D16pds_v5_US East_3': 5, 'D16plds_v5_US East_1': 5, 'D16plds_v5_US East_2': 5, 'D16pls_v5_US East_1': 5, 'D16pls_v5_US East_2': 5, 'D16ps_v5_US East_3': 5, 'D2ads_v6_US East_1': 5, 'D2ads_v6_US East_2': 5, 'D2ads_v6_US East_3': 5, 'D2alds_v6_US East_1': 5, 'D2alds_v6_US East_2': 5, 'D2alds_v6_US East_3': 5, 'D2als_v6_US East_1': 5, 'D2als_v6_US East_2': 5, 'D2als_v6_US East_3': 5, 'D2as_v6_US East_1': 5, 'D2as_v6_US East_2': 5, 'D2as_v6_US East_3': 5, 'D2pds_v5_US East_1': 5, 'D2pds_v5_US East_2': 5, 'D2pds_v5_US East_3': 5, 'D2plds_v5_US East_1': 5, 'D2plds_v5_US East_2': 5, 'D2plds_v5_US East_3': 5, 'D2pls_v5_US East_1': 5, 'D2pls_v5_US East_2': 5, 'D2pls_v5_US East_3': 5, 'D2ps_v5_US East_1': 5, 'D2ps_v5_US East_2': 5, 'D2ps_v5_US East_3': 5, 'D32ads_v6_US East_1': 5, 'D32ads_v6_US East_3': 5, 'D32alds_v6_US East_1': 5, 'D32alds_v6_US East_2': 5, 'D32als_v6_US East_1': 5, 'D32als_v6_US East_2': 5, 'D32as_v6_US East_1': 5, 'D32as_v6_US East_3': 5, 'D32plds_v5_US East_2': 5, 'D32pls_v5_US East_2': 5, 'D48ads_v6_US East_2': 5, 'D48alds_v6_US East_2': 5, 'D48als_v6_US East_1': 5, 'D48als_v6_US East_3': 5, 'D4ads_v6_US East_1': 5, 'D4ads_v6_US East_2': 5, 'D4ads_v6_US East_3': 5, 'D4alds_v6_US East_1': 5, 'D4alds_v6_US East_2': 5, 'D4alds_v6_US East_3': 5, 'D4als_v6_US East_1': 5, 'D4als_v6_US East_2': 5, 'D4als_v6_US East_3': 5, 'D4as_v6_US East_1': 5, 'D4as_v6_US East_2': 5, 'D4as_v6_US East_3': 5, 'D4pds_v5_US East_1': 5, 'D4pds_v5_US East_2': 5, 'D4pds_v5_US East_3': 5, 'D4plds_v5_US East_1': 5, 'D4plds_v5_US East_2': 5, 'D4plds_v5_US East_3': 5, 'D4pls_v5_US East_1': 5, 'D4pls_v5_US East_2': 5, 'D4pls_v5_US East_3': 5, 'D4ps_v5_US East_1': 5, 'D4ps_v5_US East_2': 5, 'D4ps_v5_US East_3': 5, 'D64ads_v6_US East_2': 5, 'D64alds_v6_US East_1': 5, 'D64als_v6_US East_3': 5, 'D64as_v6_US East_2': 5, 'D8ads_v6_US East_1': 5, 'D8ads_v6_US East_2': 5, 'D8ads_v6_US East_3': 5, 'D8alds_v6_US East_1': 5, 'D8alds_v6_US East_2': 5, 'D8alds_v6_US East_3': 5, 'D8als_v6_US East_1': 5, 'D8als_v6_US East_2': 5, 'D8als_v6_US East_3': 5, 'D8as_v6_US East_1': 5, 'D8as_v6_US East_2': 5, 'D8as_v6_US East_3': 5, 'D8plds_v5_US East_1': 5, 'D8plds_v5_US East_2': 5, 'D8plds_v5_US East_3': 5, 'D8pls_v5_US East_1': 5, 'D8pls_v5_US East_2': 5, 'D8pls_v5_US East_3': 5, 'D8ps_v5_US East_1': 5, 'D8ps_v5_US East_2': 5, 'D8ps_v5_US East_3': 5, 'D96ads_v6_US East_3': 5, 'D96alds_v6_US East_3': 5, 'D96als_v6_US East_3': 5, 'D96as_v6_US East_3': 5, 'DC1s_v2_US East_1': 5, 'DC2s_v2_US East_2': 5, 'E16ads_v6_US East_2': 5, 'E16ads_v6_US East_3': 5, 'E16as_v6_US East_1': 5, 'E16as_v6_US East_3': 5, 'E20ads_v6_US East_1': 5, 'E20ads_v6_US East_2': 5, 'E20as_v6_US East_1': 5, 'E20as_v6_US East_3': 5, 'E2ads_v6_US East_1': 5, 'E2ads_v6_US East_2': 5, 'E2ads_v6_US East_3': 5, 'E2as_v6_US East_1': 5, 'E2as_v6_US East_2': 5, 'E2as_v6_US East_3': 5, 'E2ps_v5_US East_1': 5, 'E2ps_v5_US East_2': 5, 'E2ps_v5_US East_3': 5, 'E32ads_v6_US East_3': 5, 'E32as_v6_US East_3': 5, 'E48ads_v6_US East_3': 5, 'E48as_v6_US East_2': 5, 'E4ads_v6_US East_1': 5, 'E4ads_v6_US East_2': 5, 'E4ads_v6_US East_3': 5, 'E4as_v6_US East_1': 5, 'E4as_v6_US East_2': 5, 'E4as_v6_US East_3': 5, 'E4ps_v5_US East_1': 5, 'E4ps_v5_US East_2': 5, 'E4ps_v5_US East_3': 5, 'E64ads_v6_US East_3': 5, 'E64as_v6_US East_3': 5, 'E8ads_v6_US East_2': 5, 'E8ads_v6_US East_3': 5, 'E8as_v6_US East_2': 5, 'E8as_v6_US East_3': 5, 'E8ps_v5_US East_3': 5, 'E96-48ads_v6_US East_3': 5, 'E96ads_v6_US East_3': 5, 'E96as_v6_US East_3': 5, 'F16als_v6_US East_2': 5, 'F16als_v6_US East_3': 5, 'F16ams_v6_US East_2': 5, 'F16ams_v6_US East_3': 5, 'F16as_v6_US East_1': 5, 'F16as_v6_US East_2': 5, 'F2als_v6_US East_1': 5, 'F2als_v6_US East_2': 5, 'F2als_v6_US East_3': 5, 'F2ams_v6_US East_1': 5, 'F2ams_v6_US East_2': 5, 'F2ams_v6_US East_3': 5, 'F2as_v6_US East_1': 5, 'F2as_v6_US East_2': 5, 'F2as_v6_US East_3': 5, 'F32als_v6_US East_2': 5, 'F32ams_v6_US East_2': 5, 'F32as_v6_US East_3': 5, 'F48als_v6_US East_3': 5, 'F48ams_v6_US East_2': 5, 'F48as_v6_US East_2': 5, 'F4als_v6_US East_1': 5, 'F4als_v6_US East_2': 5, 'F4als_v6_US East_3': 5, 'F4ams_v6_US East_1': 5, 'F4ams_v6_US East_2': 5, 'F4ams_v6_US East_3': 5, 'F4as_v6_US East_1': 5, 'F4as_v6_US East_2': 5, 'F4as_v6_US East_3': 5, 'F64als_v6_US East_3': 5, 'F64ams_v6_US East_3': 5, 'F64as_v6_US East_1': 5, 'F8als_v6_US East_1': 5, 'F8als_v6_US East_3': 5, 'F8ams_v6_US East_2': 5, 'F8ams_v6_US East_3': 5, 'F8as_v6_US East_1': 5, 'F8as_v6_US East_2': 5, 'M12ds_v3_US East_2': 5, 'M12s_v3_US East_1': 5, 'M32ls_US East_1': 5, 'M32ls_US East_2': 5, 'M32ls_US East_3': 5, 'M32ts_US East_1': 5, 'M32ts_US East_2': 5, 'M32ts_US East_3': 5, 'M64s_v2_US East_1': 5, 'M64s_v2_US East_3': 5, 'NV16as_v4_US East_2': 5, 'NV4as_v4_US East_1': 5, 'NV4as_v4_US East_2': 5, 'NV4as_v4_US East_3': 5, 'NV6ads_A10_v5_US East_1': 5, 'NV6ads_A10_v5_US East_2': 5, 'NV8as_v4_US East_1': 5, 'NV8as_v4_US East_2': 5, 'NV8as_v4_US East_3': 5}"
0.68,211.78530000000006,418470993,1975920.8653763977,14530,14130,"{'D16ads_v6_US East_1': 5, 'D16ads_v6_US East_2': 5, 'D16alds_v6_US East_1': 5, 'D16alds_v6_US East_3': 5, 'D16als_v6_US East_2': 5, 'D16als_v6_US East_3': 5, 'D16as_v6_US East_1': 5, 'D16as_v6_US East_3': 5, 'D16pds_v5_US East_3': 5, 'D16plds_v5_US East_1': 5, 'D16plds_v5_US East_2': 5, 'D16pls_v5_US East_1': 5, 'D16pls_v5_US East_2': 5, 'D16ps_v5_US East_3': 5, 'D2ads_v6_US East_1': 5, 'D2ads_v6_US East_2': 5, 'D2ads_v6_US East_3': 5, 'D2alds_v6_US East_1': 5, 'D2alds_v6_US East_2': 5, 'D2alds_v6_US East_3': 5, 'D2als_v6_US East_1': 5, 'D2als_v6_US East_2': 5, 'D2als_v6_US East_3': 5, 'D2as_v6_US East_1': 5, 'D2as_v6_US East_2': 5, 'D2as_v6_US East_3': 5, 'D2pds_v5_US East_1': 5, 'D2pds_v5_US East_2': 5, 'D2pds_v5_US East_3': 5, 'D2plds_v5_US East_1': 5, 'D2plds_v5_US East_2': 5, 'D2plds_v5_US East_3': 5, 'D2pls_v5_US East_1': 5, 'D2pls_v5_US East_2': 5, 'D2pls_v5_US East_3': 5, 'D2ps_v5_US East_1': 5, 'D2ps_v5_US East_2': 5, 'D2ps_v5_US East_3': 5, 'D32ads_v6_US East_1': 5, 'D32ads_v6_US East_3': 5, 'D32alds_v6_US East_1': 5, 'D32alds_v6_US East_2': 5, 'D32als_v6_US East_1': 5, 'D32als_v6_US East_2': 5, 'D32as_v6_US East_1': 5, 'D32as_v6_US East_3': 5, 'D32plds_v5_US East_2': 5, 'D32pls_v5_US East_2': 5, 'D48ads_v6_US East_2': 5, 'D48alds_v6_US East_2': 5, 'D48als_v6_US East_1': 5, 'D48als_v6_US East_3': 5, 'D4ads_v6_US East_1': 5, 'D4ads_v6_US East_2': 5, 'D4ads_v6_US East_3': 5, 'D4alds_v6_US East_1': 5, 'D4alds_v6_US East_2': 5, 'D4alds_v6_US East_3': 5, 'D4als_v6_US East_1': 5, 'D4als_v6_US East_2': 5, 'D4als_v6_US East_3': 5, 'D4as_v6_US East_1': 5, 'D4as_v6_US East_2': 5, 'D4as_v6_US East_3': 5, 'D4pds_v5_US East_1': 5, 'D4pds_v5_US East_2': 5, 'D4pds_v5_US East_3': 5, 'D4plds_v5_US East_1': 5, 'D4plds_v5_US East_2': 5, 'D4plds_v5_US East_3': 5, 'D4pls_v5_US East_1': 5, 'D4pls_v5_US East_2': 5, 'D4pls_v5_US East_3': 5, 'D4ps_v5_US East_1': 5, 'D4ps_v5_US East_2': 5, 'D4ps_v5_US East_3': 5, 'D64ads_v6_US East_2': 5, 'D64alds_v6_US East_1': 5, 'D64als_v6_US East_3': 5, 'D64as_v6_US East_2': 5, 'D8ads_v6_US East_1': 5, 'D8ads_v6_US East_2': 5, 'D8ads_v6_US East_3': 5, 'D8alds_v6_US East_1': 5, 'D8alds_v6_US East_2': 5, 'D8alds_v6_US East_3': 5, 'D8als_v6_US East_1': 5, 'D8als_v6_US East_2': 5, 'D8als_v6_US East_3': 5, 'D8as_v6_US East_1': 5, 'D8as_v6_US East_2': 5, 'D8as_v6_US East_3': 5, 'D8plds_v5_US East_1': 5, 'D8plds_v5_US East_2': 5, 'D8plds_v5_US East_3': 5, 'D8pls_v5_US East_1': 5, 'D8pls_v5_US East_2': 5, 'D8pls_v5_US East_3': 5, 'D8ps_v5_US East_1': 5, 'D8ps_v5_US East_2': 5, 'D8ps_v5_US East_3': 5, 'D96ads_v6_US East_3': 5, 'D96alds_v6_US East_3': 5, 'D96als_v6_US East_3': 5, 'D96as_v6_US East_3': 5, 'DC1s_v2_US East_1': 5, 'DC2s_v2_US East_2': 5, 'E16ads_v6_US East_2': 5, 'E16ads_v6_US East_3': 5, 'E16as_v6_US East_1': 5, 'E16as_v6_US East_3': 5, 'E20ads_v6_US East_1': 5, 'E20ads_v6_US East_2': 5, 'E20as_v6_US East_1': 5, 'E20as_v6_US East_3': 5, 'E2ads_v6_US East_1': 5, 'E2ads_v6_US East_2': 5, 'E2ads_v6_US East_3': 5, 'E2as_v6_US East_1': 5, 'E2as_v6_US East_2': 5, 'E2as_v6_US East_3': 5, 'E2ps_v5_US East_1': 5, 'E2ps_v5_US East_2': 5, 'E2ps_v5_US East_3': 5, 'E32ads_v6_US East_3': 5, 'E32as_v6_US East_3': 5, 'E48ads_v6_US East_3': 5, 'E48as_v6_US East_2': 5, 'E4ads_v6_US East_1': 5, 'E4ads_v6_US East_2': 5, 'E4ads_v6_US East_3': 5, 'E4as_v6_US East_1': 5, 'E4as_v6_US East_2': 5, 'E4as_v6_US East_3': 5, 'E4ps_v5_US East_1': 5, 'E4ps_v5_US East_2': 5, 'E4ps_v5_US East_3': 5, 'E64ads_v6_US East_3': 5, 'E64as_v6_US East_3': 5, 'E8ads_v6_US East_2': 5, 'E8ads_v6_US East_3': 5, 'E8as_v6_US East_2': 5, 'E8as_v6_US East_3': 5, 'E8ps_v5_US East_3': 5, 'E96-48ads_v6_US East_3': 5, 'E96ads_v6_US East_3': 5, 'E96as_v6_US East_3': 5, 'F16als_v6_US East_2': 5, 'F16als_v6_US East_3': 5, 'F16ams_v6_US East_2': 5, 'F16ams_v6_US East_3': 5, 'F16as_v6_US East_1': 5, 'F16as_v6_US East_2': 5, 'F2als_v6_US East_1': 5, 'F2als_v6_US East_2': 5, 'F2als_v6_US East_3': 5, 'F2ams_v6_US East_1': 5, 'F2ams_v6_US East_2': 5, 'F2ams_v6_US East_3': 5, 'F2as_v6_US East_1': 5, 'F2as_v6_US East_2': 5, 'F2as_v6_US East_3': 5, 'F32als_v6_US East_2': 5, 'F32ams_v6_US East_2': 5, 'F32as_v6_US East_3': 5, 'F48als_v6_US East_3': 5, 'F48ams_v6_US East_2': 5, 'F48as_v6_US East_2': 5, 'F4als_v6_US East_1': 5, 'F4als_v6_US East_2': 5, 'F4als_v6_US East_3': 5, 'F4ams_v6_US East_1': 5, 'F4ams_v6_US East_2': 5, 'F4ams_v6_US East_3': 5, 'F4as_v6_US East_1': 5, 'F4as_v6_US East_2': 5, 'F4as_v6_US East_3': 5, 'F64als_v6_US East_3': 5, 'F64ams_v6_US East_3': 5, 'F64as_v6_US East_1': 5, 'F8als_v6_US East_1': 5, 'F8als_v6_US East_3': 5, 'F8ams_v6_US East_2': 5, 'F8ams_v6_US East_3': 5, 'F8as_v6_US East_1': 5, 'F8as_v6_US East_2': 5, 'M12ds_v3_US East_2': 5, 'M12s_v3_US East_1': 5, 'M32ls_US East_1': 5, 'M32ls_US East_2': 5, 'M32ls_US East_3': 5, 'M32ts_US East_1': 5, 'M32ts_US East_2': 5, 'M32ts_US East_3': 5, 'M64s_v2_US East_1': 5, 'M64s_v2_US East_3': 5, 'NV16as_v4_US East_2': 5, 'NV4as_v4_US East_1': 5, 'NV4as_v4_US East_2': 5, 'NV4as_v4_US East_3': 5, 'NV6ads_A10_v5_US East_1': 5, 'NV6ads_A10_v5_US East_2': 5, 'NV8as_v4_US East_1': 5, 'NV8as_v4_US East_2': 5, 'NV8as_v4_US East_3': 5}"
0.6900000000000001,211.78530000000006,418470993,1975920.8653763977,14530,14130,"{'D16ads_v6_US East_1': 5, 'D16ads_v6_US East_2': 5, 'D16alds_v6_US East_1': 5, 'D16alds_v6_US East_3': 5, 'D16als_v6_US East_2': 5, 'D16als_v6_US East_3': 5, 'D16as_v6_US East_1': 5, 'D16as_v6_US East_3': 5, 'D16pds_v5_US East_3': 5, 'D16plds_v5_US East_1': 5, 'D16plds_v5_US East_2': 5, 'D16pls_v5_US East_1': 5, 'D16pls_v5_US East_2': 5, 'D16ps_v5_US East_3': 5, 'D2ads_v6_US East_1': 5, 'D2ads_v6_US East_2': 5, 'D2ads_v6_US East_3': 5, 'D2alds_v6_US East_1': 5, 'D2alds_v6_US East_2': 5, 'D2alds_v6_US East_3': 5, 'D2als_v6_US East_1': 5, 'D2als_v6_US East_2': 5, 'D2als_v6_US East_3': 5, 'D2as_v6_US East_1': 5, 'D2as_v6_US East_2': 5, 'D2as_v6_US East_3': 5, 'D2pds_v5_US East_1': 5, 'D2pds_v5_US East_2': 5, 'D2pds_v5_US East_3': 5, 'D2plds_v5_US East_1': 5, 'D2plds_v5_US East_2': 5, 'D2plds_v5_US East_3': 5, 'D2pls_v5_US East_1': 5, 'D2pls_v5_US East_2': 5, 'D2pls_v5_US East_3': 5, 'D2ps_v5_US East_1': 5, 'D2ps_v5_US East_2': 5, 'D2ps_v5_US East_3': 5, 'D32ads_v6_US East_1': 5, 'D32ads_v6_US East_3': 5, 'D32alds_v6_US East_1': 5, 'D32alds_v6_US East_2': 5, 'D32als_v6_US East_1': 5, 'D32als_v6_US East_2': 5, 'D32as_v6_US East_1': 5, 'D32as_v6_US East_3': 5, 'D32plds_v5_US East_2': 5, 'D32pls_v5_US East_2': 5, 'D48ads_v6_US East_2': 5, 'D48alds_v6_US East_2': 5, 'D48als_v6_US East_1': 5, 'D48als_v6_US East_3': 5, 'D4ads_v6_US East_1': 5, 'D4ads_v6_US East_2': 5, 'D4ads_v6_US East_3': 5, 'D4alds_v6_US East_1': 5, 'D4alds_v6_US East_2': 5, 'D4alds_v6_US East_3': 5, 'D4als_v6_US East_1': 5, 'D4als_v6_US East_2': 5, 'D4als_v6_US East_3': 5, 'D4as_v6_US East_1': 5, 'D4as_v6_US East_2': 5, 'D4as_v6_US East_3': 5, 'D4pds_v5_US East_1': 5, 'D4pds_v5_US East_2': 5, 'D4pds_v5_US East_3': 5, 'D4plds_v5_US East_1': 5, 'D4plds_v5_US East_2': 5, 'D4plds_v5_US East_3': 5, 'D4pls_v5_US East_1': 5, 'D4pls_v5_US East_2': 5, 'D4pls_v5_US East_3': 5, 'D4ps_v5_US East_1': 5, 'D4ps_v5_US East_2': 5, 'D4ps_v5_US East_3': 5, 'D64ads_v6_US East_2': 5, 'D64alds_v6_US East_1': 5, 'D64als_v6_US East_3': 5, 'D64as_v6_US East_2': 5, 'D8ads_v6_US East_1': 5, 'D8ads_v6_US East_2': 5, 'D8ads_v6_US East_3': 5, 'D8alds_v6_US East_1': 5, 'D8alds_v6_US East_2': 5, 'D8alds_v6_US East_3': 5, 'D8als_v6_US East_1': 5, 'D8als_v6_US East_2': 5, 'D8als_v6_US East_3': 5, 'D8as_v6_US East_1': 5, 'D8as_v6_US East_2': 5, 'D8as_v6_US East_3': 5, 'D8plds_v5_US East_1': 5, 'D8plds_v5_US East_2': 5, 'D8plds_v5_US East_3': 5, 'D8pls_v5_US East_1': 5, 'D8pls_v5_US East_2': 5, 'D8pls_v5_US East_3': 5, 'D8ps_v5_US East_1': 5, 'D8ps_v5_US East_2': 5, 'D8ps_v5_US East_3': 5, 'D96ads_v6_US East_3': 5, 'D96alds_v6_US East_3': 5, 'D96als_v6_US East_3': 5, 'D96as_v6_US East_3': 5, 'DC1s_v2_US East_1': 5, 'DC2s_v2_US East_2': 5, 'E16ads_v6_US East_2': 5, 'E16ads_v6_US East_3': 5, 'E16as_v6_US East_1': 5, 'E16as_v6_US East_3': 5, 'E20ads_v6_US East_1': 5, 'E20ads_v6_US East_2': 5, 'E20as_v6_US East_1': 5, 'E20as_v6_US East_3': 5, 'E2ads_v6_US East_1': 5, 'E2ads_v6_US East_2': 5, 'E2ads_v6_US East_3': 5, 'E2as_v6_US East_1': 5, 'E2as_v6_US East_2': 5, 'E2as_v6_US East_3': 5, 'E2ps_v5_US East_1': 5, 'E2ps_v5_US East_2': 5, 'E2ps_v5_US East_3': 5, 'E32ads_v6_US East_3': 5, 'E32as_v6_US East_3': 5, 'E48ads_v6_US East_3': 5, 'E48as_v6_US East_2': 5, 'E4ads_v6_US East_1': 5, 'E4ads_v6_US East_2': 5, 'E4ads_v6_US East_3': 5, 'E4as_v6_US East_1': 5, 'E4as_v6_US East_2': 5, 'E4as_v6_US East_3': 5, 'E4ps_v5_US East_1': 5, 'E4ps_v5_US East_2': 5, 'E4ps_v5_US East_3': 5, 'E64ads_v6_US East_3': 5, 'E64as_v6_US East_3': 5, 'E8ads_v6_US East_2': 5, 'E8ads_v6_US East_3': 5, 'E8as_v6_US East_2': 5, 'E8as_v6_US East_3': 5, 'E8ps_v5_US East_3': 5, 'E96-48ads_v6_US East_3': 5, 'E96ads_v6_US East_3': 5, 'E96as_v6_US East_3': 5, 'F16als_v6_US East_2': 5, 'F16als_v6_US East_3': 5, 'F16ams_v6_US East_2': 5, 'F16ams_v6_US East_3': 5, 'F16as_v6_US East_1': 5, 'F16as_v6_US East_2': 5, 'F2als_v6_US East_1': 5, 'F2als_v6_US East_2': 5, 'F2als_v6_US East_3': 5, 'F2ams_v6_US East_1': 5, 'F2ams_v6_US East_2': 5, 'F2ams_v6_US East_3': 5, 'F2as_v6_US East_1': 5, 'F2as_v6_US East_2': 5, 'F2as_v6_US East_3': 5, 'F32als_v6_US East_2': 5, 'F32ams_v6_US East_2': 5, 'F32as_v6_US East_3': 5, 'F48als_v6_US East_3': 5, 'F48ams_v6_US East_2': 5, 'F48as_v6_US East_2': 5, 'F4als_v6_US East_1': 5, 'F4als_v6_US East_2': 5, 'F4als_v6_US East_3': 5, 'F4ams_v6_US East_1': 5, 'F4ams_v6_US East_2': 5, 'F4ams_v6_US East_3': 5, 'F4as_v6_US East_1': 5, 'F4as_v6_US East_2': 5, 'F4as_v6_US East_3': 5, 'F64als_v6_US East_3': 5, 'F64ams_v6_US East_3': 5, 'F64as_v6_US East_1': 5, 'F8als_v6_US East_1': 5, 'F8als_v6_US East_3': 5, 'F8ams_v6_US East_2': 5, 'F8ams_v6_US East_3': 5, 'F8as_v6_US East_1': 5, 'F8as_v6_US East_2': 5, 'M12ds_v3_US East_2': 5, 'M12s_v3_US East_1': 5, 'M32ls_US East_1': 5, 'M32ls_US East_2': 5, 'M32ls_US East_3': 5, 'M32ts_US East_1': 5, 'M32ts_US East_2': 5, 'M32ts_US East_3': 5, 'M64s_v2_US East_1': 5, 'M64s_v2_US East_3': 5, 'NV16as_v4_US East_2': 5, 'NV4as_v4_US East_1': 5, 'NV4as_v4_US East_2': 5, 'NV4as_v4_US East_3': 5, 'NV6ads_A10_v5_US East_1': 5, 'NV6ads_A10_v5_US East_2': 5, 'NV8as_v4_US East_1': 5, 'NV8as_v4_US East_2': 5, 'NV8as_v4_US East_3': 5}"
0.7000000000000001,211.78530000000006,418470993,1975920.8653763977,14530,14130,"{'D16ads_v6_US East_1': 5, 'D16ads_v6_US East_2': 5, 'D16alds_v6_US East_1': 5, 'D16alds_v6_US East_3': 5, 'D16als_v6_US East_2': 5, 'D16als_v6_US East_3': 5, 'D16as_v6_US East_1': 5, 'D16as_v6_US East_3': 5, 'D16pds_v5_US East_3': 5, 'D16plds_v5_US East_1': 5, 'D16plds_v5_US East_2': 5, 'D16pls_v5_US East_1': 5, 'D16pls_v5_US East_2': 5, 'D16ps_v5_US East_3': 5, 'D2ads_v6_US East_1': 5, 'D2ads_v6_US East_2': 5, 'D2ads_v6_US East_3': 5, 'D2alds_v6_US East_1': 5, 'D2alds_v6_US East_2': 5, 'D2alds_v6_US East_3': 5, 'D2als_v6_US East_1': 5, 'D2als_v6_US East_2': 5, 'D2als_v6_US East_3': 5, 'D2as_v6_US East_1': 5, 'D2as_v6_US East_2': 5, 'D2as_v6_US East_3': 5, 'D2pds_v5_US East_1': 5, 'D2pds_v5_US East_2': 5, 'D2pds_v5_US East_3': 5, 'D2plds_v5_US East_1': 5, 'D2plds_v5_US East_2': 5, 'D2plds_v5_US East_3': 5, 'D2pls_v5_US East_1': 5, 'D2pls_v5_US East_2': 5, 'D2pls_v5_US East_3': 5, 'D2ps_v5_US East_1': 5, 'D2ps_v5_US East_2': 5, 'D2ps_v5_US East_3': 5, 'D32ads_v6_US East_1': 5, 'D32ads_v6_US East_3': 5, 'D32alds_v6_US East_1': 5, 'D32alds_v6_US East_2': 5, 'D32als_v6_US East_1': 5, 'D32als_v6_US East_2': 5, 'D32as_v6_US East_1': 5, 'D32as_v6_US East_3': 5, 'D32plds_v5_US East_2': 5, 'D32pls_v5_US East_2': 5, 'D48ads_v6_US East_2': 5, 'D48alds_v6_US East_2': 5, 'D48als_v6_US East_1': 5, 'D48als_v6_US East_3': 5, 'D4ads_v6_US East_1': 5, 'D4ads_v6_US East_2': 5, 'D4ads_v6_US East_3': 5, 'D4alds_v6_US East_1': 5, 'D4alds_v6_US East_2': 5, 'D4alds_v6_US East_3': 5, 'D4als_v6_US East_1': 5, 'D4als_v6_US East_2': 5, 'D4als_v6_US East_3': 5, 'D4as_v6_US East_1': 5, 'D4as_v6_US East_2': 5, 'D4as_v6_US East_3': 5, 'D4pds_v5_US East_1': 5, 'D4pds_v5_US East_2': 5, 'D4pds_v5_US East_3': 5, 'D4plds_v5_US East_1': 5, 'D4plds_v5_US East_2': 5, 'D4plds_v5_US East_3': 5, 'D4pls_v5_US East_1': 5, 'D4pls_v5_US East_2': 5, 'D4pls_v5_US East_3': 5, 'D4ps_v5_US East_1': 5, 'D4ps_v5_US East_2': 5, 'D4ps_v5_US East_3': 5, 'D64ads_v6_US East_2': 5, 'D64alds_v6_US East_1': 5, 'D64als_v6_US East_3': 5, 'D64as_v6_US East_2': 5, 'D8ads_v6_US East_1': 5, 'D8ads_v6_US East_2': 5, 'D8ads_v6_US East_3': 5, 'D8alds_v6_US East_1': 5, 'D8alds_v6_US East_2': 5, 'D8alds_v6_US East_3': 5, 'D8als_v6_US East_1': 5, 'D8als_v6_US East_2': 5, 'D8als_v6_US East_3': 5, 'D8as_v6_US East_1': 5, 'D8as_v6_US East_2': 5, 'D8as_v6_US East_3': 5, 'D8plds_v5_US East_1': 5, 'D8plds_v5_US East_2': 5, 'D8plds_v5_US East_3': 5, 'D8pls_v5_US East_1': 5, 'D8pls_v5_US East_2': 5, 'D8pls_v5_US East_3': 5, 'D8ps_v5_US East_1': 5, 'D8ps_v5_US East_2': 5, 'D8ps_v5_US East_3': 5, 'D96ads_v6_US East_3': 5, 'D96alds_v6_US East_3': 5, 'D96als_v6_US East_3': 5, 'D96as_v6_US East_3': 5, 'DC1s_v2_US East_1': 5, 'DC2s_v2_US East_2': 5, 'E16ads_v6_US East_2': 5, 'E16ads_v6_US East_3': 5, 'E16as_v6_US East_1': 5, 'E16as_v6_US East_3': 5, 'E20ads_v6_US East_1': 5, 'E20ads_v6_US East_2': 5, 'E20as_v6_US East_1': 5, 'E20as_v6_US East_3': 5, 'E2ads_v6_US East_1': 5, 'E2ads_v6_US East_2': 5, 'E2ads_v6_US East_3': 5, 'E2as_v6_US East_1': 5, 'E2as_v6_US East_2': 5, 'E2as_v6_US East_3': 5, 'E2ps_v5_US East_1': 5, 'E2ps_v5_US East_2': 5, 'E2ps_v5_US East_3': 5, 'E32ads_v6_US East_3': 5, 'E32as_v6_US East_3': 5, 'E48ads_v6_US East_3': 5, 'E48as_v6_US East_2': 5, 'E4ads_v6_US East_1': 5, 'E4ads_v6_US East_2': 5, 'E4ads_v6_US East_3': 5, 'E4as_v6_US East_1': 5, 'E4as_v6_US East_2': 5, 'E4as_v6_US East_3': 5, 'E4ps_v5_US East_1': 5, 'E4ps_v5_US East_2': 5, 'E4ps_v5_US East_3': 5, 'E64ads_v6_US East_3': 5, 'E64as_v6_US East_3': 5, 'E8ads_v6_US East_2': 5, 'E8ads_v6_US East_3': 5, 'E8as_v6_US East_2': 5, 'E8as_v6_US East_3': 5, 'E8ps_v5_US East_3': 5, 'E96-48ads_v6_US East_3': 5, 'E96ads_v6_US East_3': 5, 'E96as_v6_US East_3': 5, 'F16als_v6_US East_2': 5, 'F16als_v6_US East_3': 5, 'F16ams_v6_US East_2': 5, 'F16ams_v6_US East_3': 5, 'F16as_v6_US East_1': 5, 'F16as_v6_US East_2': 5, 'F2als_v6_US East_1': 5, 'F2als_v6_US East_2': 5, 'F2als_v6_US East_3': 5, 'F2ams_v6_US East_1': 5, 'F2ams_v6_US East_2': 5, 'F2ams_v6_US East_3': 5, 'F2as_v6_US East_1': 5, 'F2as_v6_US East_2': 5, 'F2as_v6_US East_3': 5, 'F32als_v6_US East_2': 5, 'F32ams_v6_US East_2': 5, 'F32as_v6_US East_3': 5, 'F48als_v6_US East_3': 5, 'F48ams_v6_US East_2': 5, 'F48as_v6_US East_2': 5, 'F4als_v6_US East_1': 5, 'F4als_v6_US East_2': 5, 'F4als_v6_US East_3': 5, 'F4ams_v6_US East_1': 5, 'F4ams_v6_US East_2': 5, 'F4ams_v6_US East_3': 5, 'F4as_v6_US East_1': 5, 'F4as_v6_US East_2': 5, 'F4as_v6_US East_3': 5, 'F64als_v6_US East_3': 5, 'F64ams_v6_US East_3': 5, 'F64as_v6_US East_1': 5, 'F8als_v6_US East_1': 5, 'F8als_v6_US East_3': 5, 'F8ams_v6_US East_2': 5, 'F8ams_v6_US East_3': 5, 'F8as_v6_US East_1': 5, 'F8as_v6_US East_2': 5, 'M12ds_v3_US East_2': 5, 'M12s_v3_US East_1': 5, 'M32ls_US East_1': 5, 'M32ls_US East_2': 5, 'M32ls_US East_3': 5, 'M32ts_US East_1': 5, 'M32ts_US East_2': 5, 'M32ts_US East_3': 5, 'M64s_v2_US East_1': 5, 'M64s_v2_US East_3': 5, 'NV16as_v4_US East_2': 5, 'NV4as_v4_US East_1': 5, 'NV4as_v4_US East_2': 5, 'NV4as_v4_US East_3': 5, 'NV6ads_A10_v5_US East_1': 5, 'NV6ads_A10_v5_US East_2': 5, 'NV8as_v4_US East_1': 5, 'NV8as_v4_US East_2': 5, 'NV8as_v4_US East_3': 5}"
0.71,221.00760000000005,424448334,1920514.654020948,14835,14435,"{'B16ps_v2_US East_1': 5, 'B2pls_v2_US East_1': 5, 'B2pls_v2_US East_2': 5, 'B2pls_v2_US East_3': 5, 'B2ps_v2_US East_1': 5, 'B2ps_v2_US East_2': 5, 'B2ps_v2_US East_3': 5, 'B4ps_v2_US East_1': 5, 'B4ps_v2_US East_2': 5, 'B4ps_v2_US East_3': 5, 'B8ps_v2_US East_1': 5, 'B8ps_v2_US East_2': 5, 'B8ps_v2_US East_3': 5, 'D16ads_v6_US East_1': 5, 'D16ads_v6_US East_2': 5, 'D16alds_v6_US East_1': 5, 'D16alds_v6_US East_3': 5, 'D16als_v6_US East_2': 5, 'D16als_v6_US East_3': 5, 'D16as_v6_US East_1': 5, 'D16as_v6_US East_3': 5, 'D16pds_v5_US East_3': 5, 'D16plds_v5_US East_1': 5, 'D16plds_v5_US East_2': 5, 'D16pls_v5_US East_1': 5, 'D16pls_v5_US East_2': 5, 'D16ps_v5_US East_3': 5, 'D2ads_v6_US East_1': 5, 'D2ads_v6_US East_2': 5, 'D2ads_v6_US East_3': 5, 'D2alds_v6_US East_1': 5, 'D2alds_v6_US East_2': 5, 'D2alds_v6_US East_3': 5, 'D2als_v6_US East_1': 5, 'D2als_v6_US East_2': 5, 'D2als_v6_US East_3': 5, 'D2as_v6_US East_1': 5, 'D2as_v6_US East_2': 5, 'D2as_v6_US East_3': 5, 'D2pds_v5_US East_1': 5, 'D2pds_v5_US East_2': 5, 'D2pds_v5_US East_3': 5, 'D2plds_v5_US East_1': 5, 'D2plds_v5_US East_2': 5, 'D2plds_v5_US East_3': 5, 'D2pls_v5_US East_1': 5, 'D2pls_v5_US East_2': 5, 'D2pls_v5_US East_3': 5, 'D2ps_v5_US East_1': 5, 'D2ps_v5_US East_2': 5, 'D2ps_v5_US East_3': 5, 'D32ads_v6_US East_1': 5, 'D32ads_v6_US East_3': 5, 'D32alds_v6_US East_1': 5, 'D32alds_v6_US East_2': 5, 'D32als_v6_US East_1': 5, 'D32als_v6_US East_2': 5, 'D32as_v6_US East_1': 5, 'D32as_v6_US East_3': 5, 'D32plds_v5_US East_2': 5, 'D32pls_v5_US East_2': 5, 'D48ads_v6_US East_2': 5, 'D48alds_v6_US East_2': 5, 'D48als_v6_US East_1': 5, 'D48als_v6_US East_3': 5, 'D4ads_v6_US East_1': 5, 'D4ads_v6_US East_2': 5, 'D4ads_v6_US East_3': 5, 'D4alds_v6_US East_1': 5, 'D4alds_v6_US East_2': 5, 'D4alds_v6_US East_3': 5, 'D4als_v6_US East_1': 5, 'D4als_v6_US East_2': 5, 'D4als_v6_US East_3': 5, 'D4as_v6_US East_1': 5, 'D4as_v6_US East_2': 5, 'D4as_v6_US East_3': 5, 'D4pds_v5_US East_1': 5, 'D4pds_v5_US East_2': 5, 'D4pds_v5_US East_3': 5, 'D4plds_v5_US East_1': 5, 'D4plds_v5_US East_2': 5, 'D4plds_v5_US East_3': 5, 'D4pls_v5_US East_1': 5, 'D4pls_v5_US East_2': 5, 'D4pls_v5_US East_3': 5, 'D4ps_v5_US East_1': 5, 'D4ps_v5_US East_2': 5, 'D4ps_v5_US East_3': 5, 'D64ads_v6_US East_2': 5, 'D64alds_v6_US East_1': 5, 'D64als_v6_US East_3': 5, 'D64as_v6_US East_2': 5, 'D8ads_v6_US East_1': 5, 'D8ads_v6_US East_2': 5, 'D8ads_v6_US East_3': 5, 'D8alds_v6_US East_1': 5, 'D8alds_v6_US East_2': 5, 'D8alds_v6_US East_3': 5, 'D8als_v6_US East_1': 5, 'D8als_v6_US East_2': 5, 'D8als_v6_US East_3': 5, 'D8as_v6_US East_1': 5, 'D8as_v6_US East_2': 5, 'D8as_v6_US East_3': 5, 'D8plds_v5_US East_1': 5, 'D8plds_v5_US East_2': 5, 'D8plds_v5_US East_3': 5, 'D8pls_v5_US East_1': 5, 'D8pls_v5_US East_2': 5, 'D8pls_v5_US East_3': 5, 'D8ps_v5_US East_1': 5, 'D8ps_v5_US East_2': 5, 'D8ps_v5_US East_3': 5, 'D96ads_v6_US East_3': 5, 'D96alds_v6_US East_3': 5, 'D96als_v6_US East_3': 5, 'D96as_v6_US East_3': 5, 'DC1s_v2_US East_1': 5, 'DC2s_v2_US East_2': 5, 'E16ads_v6_US East_2': 5, 'E16ads_v6_US East_3': 5, 'E16as_v6_US East_1': 5, 'E16as_v6_US East_3': 5, 'E20ads_v6_US East_1': 5, 'E20ads_v6_US East_2': 5, 'E20as_v6_US East_1': 5, 'E20as_v6_US East_3': 5, 'E2ads_v6_US East_1': 5, 'E2ads_v6_US East_2': 5, 'E2ads_v6_US East_3': 5, 'E2as_v6_US East_1': 5, 'E2as_v6_US East_2': 5, 'E2as_v6_US East_3': 5, 'E2ps_v5_US East_1': 5, 'E2ps_v5_US East_2': 5, 'E2ps_v5_US East_3': 5, 'E32ads_v6_US East_3': 5, 'E32as_v6_US East_3': 5, 'E48ads_v6_US East_3': 5, 'E48as_v6_US East_2': 5, 'E4ads_v6_US East_1': 5, 'E4ads_v6_US East_2': 5, 'E4ads_v6_US East_3': 5, 'E4as_v6_US East_1': 5, 'E4as_v6_US East_2': 5, 'E4as_v6_US East_3': 5, 'E4ps_v5_US East_1': 5, 'E4ps_v5_US East_2': 5, 'E4ps_v5_US East_3': 5, 'E64ads_v6_US East_3': 5, 'E64as_v6_US East_3': 5, 'E8ads_v6_US East_2': 5, 'E8ads_v6_US East_3': 5, 'E8as_v6_US East_2': 5, 'E8as_v6_US East_3': 5, 'E8ps_v5_US East_3': 5, 'E96-48ads_v6_US East_3': 5, 'E96ads_v6_US East_3': 5, 'E96as_v6_US East_3': 5, 'F16als_v6_US East_2': 5, 'F16als_v6_US East_3': 5, 'F16ams_v6_US East_2': 5, 'F16ams_v6_US East_3': 5, 'F16as_v6_US East_1': 5, 'F16as_v6_US East_2': 5, 'F2als_v6_US East_1': 5, 'F2als_v6_US East_2': 5, 'F2als_v6_US East_3': 5, 'F2ams_v6_US East_1': 5, 'F2ams_v6_US East_2': 5, 'F2ams_v6_US East_3': 5, 'F2as_v6_US East_1': 5, 'F2as_v6_US East_2': 5, 'F2as_v6_US East_3': 5, 'F32als_v6_US East_2': 5, 'F32ams_v6_US East_2': 5, 'F32as_v6_US East_3': 5, 'F48als_v6_US East_3': 5, 'F48ams_v6_US East_2': 5, 'F48as_v6_US East_2': 5, 'F4als_v6_US East_1': 5, 'F4als_v6_US East_2': 5, 'F4als_v6_US East_3': 5, 'F4ams_v6_US East_1': 5, 'F4ams_v6_US East_2': 5, 'F4ams_v6_US East_3': 5, 'F4as_v6_US East_1': 5, 'F4as_v6_US East_2': 5, 'F4as_v6_US East_3': 5, 'F64als_v6_US East_3': 5, 'F64ams_v6_US East_3': 5, 'F64as_v6_US East_1': 5, 'F8als_v6_US East_1': 5, 'F8als_v6_US East_3': 5, 'F8ams_v6_US East_2': 5, 'F8ams_v6_US East_3': 5, 'F8as_v6_US East_1': 5, 'F8as_v6_US East_2': 5, 'M12ds_v3_US East_2': 5, 'M12s_v3_US East_1': 5, 'M32ls_US East_1': 5, 'M32ls_US East_2': 5, 'M32ls_US East_3': 5, 'M32ts_US East_1': 5, 'M32ts_US East_2': 5, 'M32ts_US East_3': 5, 'M64s_v2_US East_1': 5, 'M64s_v2_US East_3': 5, 'NV16as_v4_US East_2': 5, 'NV4as_v4_US East_1': 5, 'NV4as_v4_US East_2': 5, 'NV4as_v4_US East_3': 5, 'NV6ads_A10_v5_US East_1': 5, 'NV6ads_A10_v5_US East_2': 5, 'NV8as_v4_US East_1': 5, 'NV8as_v4_US East_2': 5, 'NV8as_v4_US East_3': 5}"
0.72,221.00760000000005,424448334,1920514.654020948,14835,14435,"{'B16ps_v2_US East_1': 5, 'B2pls_v2_US East_1': 5, 'B2pls_v2_US East_2': 5, 'B2pls_v2_US East_3': 5, 'B2ps_v2_US East_1': 5, 'B2ps_v2_US East_2': 5, 'B2ps_v2_US East_3': 5, 'B4ps_v2_US East_1': 5, 'B4ps_v2_US East_2': 5, 'B4ps_v2_US East_3': 5, 'B8ps_v2_US East_1': 5, 'B8ps_v2_US East_2': 5, 'B8ps_v2_US East_3': 5, 'D16ads_v6_US East_1': 5, 'D16ads_v6_US East_2': 5, 'D16alds_v6_US East_1': 5, 'D16alds_v6_US East_3': 5, 'D16als_v6_US East_2': 5, 'D16als_v6_US East_3': 5, 'D16as_v6_US East_1': 5, 'D16as_v6_US East_3': 5, 'D16pds_v5_US East_3': 5, 'D16plds_v5_US East_1': 5, 'D16plds_v5_US East_2': 5, 'D16pls_v5_US East_1': 5, 'D16pls_v5_US East_2': 5, 'D16ps_v5_US East_3': 5, 'D2ads_v6_US East_1': 5, 'D2ads_v6_US East_2': 5, 'D2ads_v6_US East_3': 5, 'D2alds_v6_US East_1': 5, 'D2alds_v6_US East_2': 5, 'D2alds_v6_US East_3': 5, 'D2als_v6_US East_1': 5, 'D2als_v6_US East_2': 5, 'D2als_v6_US East_3': 5, 'D2as_v6_US East_1': 5, 'D2as_v6_US East_2': 5, 'D2as_v6_US East_3': 5, 'D2pds_v5_US East_1': 5, 'D2pds_v5_US East_2': 5, 'D2pds_v5_US East_3': 5, 'D2plds_v5_US East_1': 5, 'D2plds_v5_US East_2': 5, 'D2plds_v5_US East_3': 5, 'D2pls_v5_US East_1': 5, 'D2pls_v5_US East_2': 5, 'D2pls_v5_US East_3': 5, 'D2ps_v5_US East_1': 5, 'D2ps_v5_US East_2': 5, 'D2ps_v5_US East_3': 5, 'D32ads_v6_US East_1': 5, 'D32ads_v6_US East_3': 5, 'D32alds_v6_US East_1': 5, 'D32alds_v6_US East_2': 5, 'D32als_v6_US East_1': 5, 'D32als_v6_US East_2': 5, 'D32as_v6_US East_1': 5, 'D32as_v6_US East_3': 5, 'D32plds_v5_US East_2': 5, 'D32pls_v5_US East_2': 5, 'D48ads_v6_US East_2': 5, 'D48alds_v6_US East_2': 5, 'D48als_v6_US East_1': 5, 'D48als_v6_US East_3': 5, 'D4ads_v6_US East_1': 5, 'D4ads_v6_US East_2': 5, 'D4ads_v6_US East_3': 5, 'D4alds_v6_US East_1': 5, 'D4alds_v6_US East_2': 5, 'D4alds_v6_US East_3': 5, 'D4als_v6_US East_1': 5, 'D4als_v6_US East_2': 5, 'D4als_v6_US East_3': 5, 'D4as_v6_US East_1': 5, 'D4as_v6_US East_2': 5, 'D4as_v6_US East_3': 5, 'D4pds_v5_US East_1': 5, 'D4pds_v5_US East_2': 5, 'D4pds_v5_US East_3': 5, 'D4plds_v5_US East_1': 5, 'D4plds_v5_US East_2': 5, 'D4plds_v5_US East_3': 5, 'D4pls_v5_US East_1': 5, 'D4pls_v5_US East_2': 5, 'D4pls_v5_US East_3': 5, 'D4ps_v5_US East_1': 5, 'D4ps_v5_US East_2': 5, 'D4ps_v5_US East_3': 5, 'D64ads_v6_US East_2': 5, 'D64alds_v6_US East_1': 5, 'D64als_v6_US East_3': 5, 'D64as_v6_US East_2': 5, 'D8ads_v6_US East_1': 5, 'D8ads_v6_US East_2': 5, 'D8ads_v6_US East_3': 5, 'D8alds_v6_US East_1': 5, 'D8alds_v6_US East_2': 5, 'D8alds_v6_US East_3': 5, 'D8als_v6_US East_1': 5, 'D8als_v6_US East_2': 5, 'D8als_v6_US East_3': 5, 'D8as_v6_US East_1': 5, 'D8as_v6_US East_2': 5, 'D8as_v6_US East_3': 5, 'D8plds_v5_US East_1': 5, 'D8plds_v5_US East_2': 5, 'D8plds_v5_US East_3': 5, 'D8pls_v5_US East_1': 5, 'D8pls_v5_US East_2': 5, 'D8pls_v5_US East_3': 5, 'D8ps_v5_US East_1': 5, 'D8ps_v5_US East_2': 5, 'D8ps_v5_US East_3': 5, 'D96ads_v6_US East_3': 5, 'D96alds_v6_US East_3': 5, 'D96als_v6_US East_3': 5, 'D96as_v6_US East_3': 5, 'DC1s_v2_US East_1': 5, 'DC2s_v2_US East_2': 5, 'E16ads_v6_US East_2': 5, 'E16ads_v6_US East_3': 5, 'E16as_v6_US East_1': 5, 'E16as_v6_US East_3': 5, 'E20ads_v6_US East_1': 5, 'E20ads_v6_US East_2': 5, 'E20as_v6_US East_1': 5, 'E20as_v6_US East_3': 5, 'E2ads_v6_US East_1': 5, 'E2ads_v6_US East_2': 5, 'E2ads_v6_US East_3': 5, 'E2as_v6_US East_1': 5, 'E2as_v6_US East_2': 5, 'E2as_v6_US East_3': 5, 'E2ps_v5_US East_1': 5, 'E2ps_v5_US East_2': 5, 'E2ps_v5_US East_3': 5, 'E32ads_v6_US East_3': 5, 'E32as_v6_US East_3': 5, 'E48ads_v6_US East_3': 5, 'E48as_v6_US East_2': 5, 'E4ads_v6_US East_1': 5, 'E4ads_v6_US East_2': 5, 'E4ads_v6_US East_3': 5, 'E4as_v6_US East_1': 5, 'E4as_v6_US East_2': 5, 'E4as_v6_US East_3': 5, 'E4ps_v5_US East_1': 5, 'E4ps_v5_US East_2': 5, 'E4ps_v5_US East_3': 5, 'E64ads_v6_US East_3': 5, 'E64as_v6_US East_3': 5, 'E8ads_v6_US East_2': 5, 'E8ads_v6_US East_3': 5, 'E8as_v6_US East_2': 5, 'E8as_v6_US East_3': 5, 'E8ps_v5_US East_3': 5, 'E96-48ads_v6_US East_3': 5, 'E96ads_v6_US East_3': 5, 'E96as_v6_US East_3': 5, 'F16als_v6_US East_2': 5, 'F16als_v6_US East_3': 5, 'F16ams_v6_US East_2': 5, 'F16ams_v6_US East_3': 5, 'F16as_v6_US East_1': 5, 'F16as_v6_US East_2': 5, 'F2als_v6_US East_1': 5, 'F2als_v6_US East_2': 5, 'F2als_v6_US East_3': 5, 'F2ams_v6_US East_1': 5, 'F2ams_v6_US East_2': 5, 'F2ams_v6_US East_3': 5, 'F2as_v6_US East_1': 5, 'F2as_v6_US East_2': 5, 'F2as_v6_US East_3': 5, 'F32als_v6_US East_2': 5, 'F32ams_v6_US East_2': 5, 'F32as_v6_US East_3': 5, 'F48als_v6_US East_3': 5, 'F48ams_v6_US East_2': 5, 'F48as_v6_US East_2': 5, 'F4als_v6_US East_1': 5, 'F4als_v6_US East_2': 5, 'F4als_v6_US East_3': 5, 'F4ams_v6_US East_1': 5, 'F4ams_v6_US East_2': 5, 'F4ams_v6_US East_3': 5, 'F4as_v6_US East_1': 5, 'F4as_v6_US East_2': 5, 'F4as_v6_US East_3': 5, 'F64als_v6_US East_3': 5, 'F64ams_v6_US East_3': 5, 'F64as_v6_US East_1': 5, 'F8als_v6_US East_1': 5, 'F8als_v6_US East_3': 5, 'F8ams_v6_US East_2': 5, 'F8ams_v6_US East_3': 5, 'F8as_v6_US East_1': 5, 'F8as_v6_US East_2': 5, 'M12ds_v3_US East_2': 5, 'M12s_v3_US East_1': 5, 'M32ls_US East_1': 5, 'M32ls_US East_2': 5, 'M32ls_US East_3': 5, 'M32ts_US East_1': 5, 'M32ts_US East_2': 5, 'M32ts_US East_3': 5, 'M64s_v2_US East_1': 5, 'M64s_v2_US East_3': 5, 'NV16as_v4_US East_2': 5, 'NV4as_v4_US East_1': 5, 'NV4as_v4_US East_2': 5, 'NV4as_v4_US East_3': 5, 'NV6ads_A10_v5_US East_1': 5, 'NV6ads_A10_v5_US East_2': 5, 'NV8as_v4_US East_1': 5, 'NV8as_v4_US East_2': 5, 'NV8as_v4_US East_3': 5}"
0.73,221.00760000000005,424448334,1920514.654020948,14835,14435,"{'B16ps_v2_US East_1': 5, 'B2pls_v2_US East_1': 5, 'B2pls_v2_US East_2': 5, 'B2pls_v2_US East_3': 5, 'B2ps_v2_US East_1': 5, 'B2ps_v2_US East_2': 5, 'B2ps_v2_US East_3': 5, 'B4ps_v2_US East_1': 5, 'B4ps_v2_US East_2': 5, 'B4ps_v2_US East_3': 5, 'B8ps_v2_US East_1': 5, 'B8ps_v2_US East_2': 5, 'B8ps_v2_US East_3': 5, 'D16ads_v6_US East_1': 5, 'D16ads_v6_US East_2': 5, 'D16alds_v6_US East_1': 5, 'D16alds_v6_US East_3': 5, 'D16als_v6_US East_2': 5, 'D16als_v6_US East_3': 5, 'D16as_v6_US East_1': 5, 'D16as_v6_US East_3': 5, 'D16pds_v5_US East_3': 5, 'D16plds_v5_US East_1': 5, 'D16plds_v5_US East_2': 5, 'D16pls_v5_US East_1': 5, 'D16pls_v5_US East_2': 5, 'D16ps_v5_US East_3': 5, 'D2ads_v6_US East_1': 5, 'D2ads_v6_US East_2': 5, 'D2ads_v6_US East_3': 5, 'D2alds_v6_US East_1': 5, 'D2alds_v6_US East_2': 5, 'D2alds_v6_US East_3': 5, 'D2als_v6_US East_1': 5, 'D2als_v6_US East_2': 5, 'D2als_v6_US East_3': 5, 'D2as_v6_US East_1': 5, 'D2as_v6_US East_2': 5, 'D2as_v6_US East_3': 5, 'D2pds_v5_US East_1': 5, 'D2pds_v5_US East_2': 5, 'D2pds_v5_US East_3': 5, 'D2plds_v5_US East_1': 5, 'D2plds_v5_US East_2': 5, 'D2plds_v5_US East_3': 5, 'D2pls_v5_US East_1': 5, 'D2pls_v5_US East_2': 5, 'D2pls_v5_US East_3': 5, 'D2ps_v5_US East_1': 5, 'D2ps_v5_US East_2': 5, 'D2ps_v5_US East_3': 5, 'D32ads_v6_US East_1': 5, 'D32ads_v6_US East_3': 5, 'D32alds_v6_US East_1': 5, 'D32alds_v6_US East_2': 5, 'D32als_v6_US East_1': 5, 'D32als_v6_US East_2': 5, 'D32as_v6_US East_1': 5, 'D32as_v6_US East_3': 5, 'D32plds_v5_US East_2': 5, 'D32pls_v5_US East_2': 5, 'D48ads_v6_US East_2': 5, 'D48alds_v6_US East_2': 5, 'D48als_v6_US East_1': 5, 'D48als_v6_US East_3': 5, 'D4ads_v6_US East_1': 5, 'D4ads_v6_US East_2': 5, 'D4ads_v6_US East_3': 5, 'D4alds_v6_US East_1': 5, 'D4alds_v6_US East_2': 5, 'D4alds_v6_US East_3': 5, 'D4als_v6_US East_1': 5, 'D4als_v6_US East_2': 5, 'D4als_v6_US East_3': 5, 'D4as_v6_US East_1': 5, 'D4as_v6_US East_2': 5, 'D4as_v6_US East_3': 5, 'D4pds_v5_US East_1': 5, 'D4pds_v5_US East_2': 5, 'D4pds_v5_US East_3': 5, 'D4plds_v5_US East_1': 5, 'D4plds_v5_US East_2': 5, 'D4plds_v5_US East_3': 5, 'D4pls_v5_US East_1': 5, 'D4pls_v5_US East_2': 5, 'D4pls_v5_US East_3': 5, 'D4ps_v5_US East_1': 5, 'D4ps_v5_US East_2': 5, 'D4ps_v5_US East_3': 5, 'D64ads_v6_US East_2': 5, 'D64alds_v6_US East_1': 5, 'D64als_v6_US East_3': 5, 'D64as_v6_US East_2': 5, 'D8ads_v6_US East_1': 5, 'D8ads_v6_US East_2': 5, 'D8ads_v6_US East_3': 5, 'D8alds_v6_US East_1': 5, 'D8alds_v6_US East_2': 5, 'D8alds_v6_US East_3': 5, 'D8als_v6_US East_1': 5, 'D8als_v6_US East_2': 5, 'D8als_v6_US East_3': 5, 'D8as_v6_US East_1': 5, 'D8as_v6_US East_2': 5, 'D8as_v6_US East_3': 5, 'D8plds_v5_US East_1': 5, 'D8plds_v5_US East_2': 5, 'D8plds_v5_US East_3': 5, 'D8pls_v5_US East_1': 5, 'D8pls_v5_US East_2': 5, 'D8pls_v5_US East_3': 5, 'D8ps_v5_US East_1': 5, 'D8ps_v5_US East_2': 5, 'D8ps_v5_US East_3': 5, 'D96ads_v6_US East_3': 5, 'D96alds_v6_US East_3': 5, 'D96als_v6_US East_3': 5, 'D96as_v6_US East_3': 5, 'DC1s_v2_US East_1': 5, 'DC2s_v2_US East_2': 5, 'E16ads_v6_US East_2': 5, 'E16ads_v6_US East_3': 5, 'E16as_v6_US East_1': 5, 'E16as_v6_US East_3': 5, 'E20ads_v6_US East_1': 5, 'E20ads_v6_US East_2': 5, 'E20as_v6_US East_1': 5, 'E20as_v6_US East_3': 5, 'E2ads_v6_US East_1': 5, 'E2ads_v6_US East_2': 5, 'E2ads_v6_US East_3': 5, 'E2as_v6_US East_1': 5, 'E2as_v6_US East_2': 5, 'E2as_v6_US East_3': 5, 'E2ps_v5_US East_1': 5, 'E2ps_v5_US East_2': 5, 'E2ps_v5_US East_3': 5, 'E32ads_v6_US East_3': 5, 'E32as_v6_US East_3': 5, 'E48ads_v6_US East_3': 5, 'E48as_v6_US East_2': 5, 'E4ads_v6_US East_1': 5, 'E4ads_v6_US East_2': 5, 'E4ads_v6_US East_3': 5, 'E4as_v6_US East_1': 5, 'E4as_v6_US East_2': 5, 'E4as_v6_US East_3': 5, 'E4ps_v5_US East_1': 5, 'E4ps_v5_US East_2': 5, 'E4ps_v5_US East_3': 5, 'E64ads_v6_US East_3': 5, 'E64as_v6_US East_3': 5, 'E8ads_v6_US East_2': 5, 'E8ads_v6_US East_3': 5, 'E8as_v6_US East_2': 5, 'E8as_v6_US East_3': 5, 'E8ps_v5_US East_3': 5, 'E96-48ads_v6_US East_3': 5, 'E96ads_v6_US East_3': 5, 'E96as_v6_US East_3': 5, 'F16als_v6_US East_2': 5, 'F16als_v6_US East_3': 5, 'F16ams_v6_US East_2': 5, 'F16ams_v6_US East_3': 5, 'F16as_v6_US East_1': 5, 'F16as_v6_US East_2': 5, 'F2als_v6_US East_1': 5, 'F2als_v6_US East_2': 5, 'F2als_v6_US East_3': 5, 'F2ams_v6_US East_1': 5, 'F2ams_v6_US East_2': 5, 'F2ams_v6_US East_3': 5, 'F2as_v6_US East_1': 5, 'F2as_v6_US East_2': 5, 'F2as_v6_US East_3': 5, 'F32als_v6_US East_2': 5, 'F32ams_v6_US East_2': 5, 'F32as_v6_US East_3': 5, 'F48als_v6_US East_3': 5, 'F48ams_v6_US East_2': 5, 'F48as_v6_US East_2': 5, 'F4als_v6_US East_1': 5, 'F4als_v6_US East_2': 5, 'F4als_v6_US East_3': 5, 'F4ams_v6_US East_1': 5, 'F4ams_v6_US East_2': 5, 'F4ams_v6_US East_3': 5, 'F4as_v6_US East_1': 5, 'F4as_v6_US East_2': 5, 'F4as_v6_US East_3': 5, 'F64als_v6_US East_3': 5, 'F64ams_v6_US East_3': 5, 'F64as_v6_US East_1': 5, 'F8als_v6_US East_1': 5, 'F8als_v6_US East_3': 5, 'F8ams_v6_US East_2': 5, 'F8ams_v6_US East_3': 5, 'F8as_v6_US East_1': 5, 'F8as_v6_US East_2': 5, 'M12ds_v3_US East_2': 5, 'M12s_v3_US East_1': 5, 'M32ls_US East_1': 5, 'M32ls_US East_2': 5, 'M32ls_US East_3': 5, 'M32ts_US East_1': 5, 'M32ts_US East_2': 5, 'M32ts_US East_3': 5, 'M64s_v2_US East_1': 5, 'M64s_v2_US East_3': 5, 'NV16as_v4_US East_2': 5, 'NV4as_v4_US East_1': 5, 'NV4as_v4_US East_2': 5, 'NV4as_v4_US East_3': 5, 'NV6ads_A10_v5_US East_1': 5, 'NV6ads_A10_v5_US East_2': 5, 'NV8as_v4_US East_1': 5, 'NV8as_v4_US East_2': 5, 'NV8as_v4_US East_3': 5}"
0.74,227.83820000000006,428294842,1879820.1620711545,14955,14555,"{'B16ps_v2_US East_1': 5, 'B2pls_v2_US East_1': 5, 'B2pls_v2_US East_2': 5, 'B2pls_v2_US East_3': 5, 'B2ps_v2_US East_1': 5, 'B2ps_v2_US East_2': 5, 'B2ps_v2_US East_3': 5, 'B4ps_v2_US East_1': 5, 'B4ps_v2_US East_2': 5, 'B4ps_v2_US East_3': 5, 'B8ps_v2_US East_1': 5, 'B8ps_v2_US East_2': 5, 'B8ps_v2_US East_3': 5, 'D16ads_v6_US East_1': 5, 'D16ads_v6_US East_2': 5, 'D16alds_v6_US East_1': 5, 'D16alds_v6_US East_3': 5, 'D16als_v6_US East_2': 5, 'D16als_v6_US East_3': 5, 'D16as_v6_US East_1': 5, 'D16as_v6_US East_3': 5, 'D16pds_v5_US East_3': 5, 'D16plds_v5_US East_1': 5, 'D16plds_v5_US East_2': 5, 'D16pls_v5_US East_1': 5, 'D16pls_v5_US East_2': 5, 'D16ps_v5_US East_3': 5, 'D2ads_v6_US East_1': 5, 'D2ads_v6_US East_2': 5, 'D2ads_v6_US East_3': 5, 'D2alds_v6_US East_1': 5, 'D2alds_v6_US East_2': 5, 'D2alds_v6_US East_3': 5, 'D2als_v6_US East_1': 5, 'D2als_v6_US East_2': 5, 'D2als_v6_US East_3': 5, 'D2as_v6_US East_1': 5, 'D2as_v6_US East_2': 5, 'D2as_v6_US East_3': 5, 'D2pds_v5_US East_1': 5, 'D2pds_v5_US East_2': 5, 'D2pds_v5_US East_3': 5, 'D2plds_v5_US East_1': 5, 'D2plds_v5_US East_2': 5, 'D2plds_v5_US East_3': 5, 'D2pls_v5_US East_1': 5, 'D2pls_v5_US East_2': 5, 'D2pls_v5_US East_3': 5, 'D2ps_v5_US East_1': 5, 'D2ps_v5_US East_2': 5, 'D2ps_v5_US East_3': 5, 'D32ads_v6_US East_1': 5, 'D32ads_v6_US East_3': 5, 'D32alds_v6_US East_1': 5, 'D32alds_v6_US East_2': 5, 'D32als_v6_US East_1': 5, 'D32als_v6_US East_2': 5, 'D32as_v6_US East_1': 5, 'D32as_v6_US East_3': 5, 'D32plds_v5_US East_2': 5, 'D32pls_v5_US East_2': 5, 'D48ads_v6_US East_2': 5, 'D48alds_v6_US East_2': 5, 'D48als_v6_US East_1': 5, 'D48als_v6_US East_3': 5, 'D4ads_v6_US East_1': 5, 'D4ads_v6_US East_2': 5, 'D4ads_v6_US East_3': 5, 'D4alds_v6_US East_1': 5, 'D4alds_v6_US East_2': 5, 'D4alds_v6_US East_3': 5, 'D4als_v6_US East_1': 5, 'D4als_v6_US East_2': 5, 'D4als_v6_US East_3': 5, 'D4as_v6_US East_1': 5, 'D4as_v6_US East_2': 5, 'D4as_v6_US East_3': 5, 'D4pds_v5_US East_1': 5, 'D4pds_v5_US East_2': 5, 'D4pds_v5_US East_3': 5, 'D4plds_v5_US East_1': 5, 'D4plds_v5_US East_2': 5, 'D4plds_v5_US East_3': 5, 'D4pls_v5_US East_1': 5, 'D4pls_v5_US East_2': 5, 'D4pls_v5_US East_3': 5, 'D4ps_v5_US East_1': 5, 'D4ps_v5_US East_2': 5, 'D4ps_v5_US East_3': 5, 'D64ads_v6_US East_2': 5, 'D64alds_v6_US East_1': 5, 'D64als_v6_US East_3': 5, 'D64as_v6_US East_2': 5, 'D8ads_v6_US East_1': 5, 'D8ads_v6_US East_2': 5, 'D8ads_v6_US East_3': 5, 'D8alds_v6_US East_1': 5, 'D8alds_v6_US East_2': 5, 'D8alds_v6_US East_3': 5, 'D8als_v6_US East_1': 5, 'D8als_v6_US East_2': 5, 'D8als_v6_US East_3': 5, 'D8as_v6_US East_1': 5, 'D8as_v6_US East_2': 5, 'D8as_v6_US East_3': 5, 'D8plds_v5_US East_1': 5, 'D8plds_v5_US East_2': 5, 'D8plds_v5_US East_3': 5, 'D8pls_v5_US East_1': 5, 'D8pls_v5_US East_2': 5, 'D8pls_v5_US East_3': 5, 'D8ps_v5_US East_1': 5, 'D8ps_v5_US East_2': 5, 'D8ps_v5_US East_3': 5, 'D96ads_v6_US East_3': 5, 'D96alds_v6_US East_3': 5, 'D96als_v6_US East_3': 5, 'D96as_v6_US East_3': 5, 'DC1s_v2_US East_1': 5, 'DC2s_v2_US East_2': 5, 'E16ads_v6_US East_2': 5, 'E16ads_v6_US East_3': 5, 'E16as_v6_US East_1': 5, 'E16as_v6_US East_3': 5, 'E20ads_v6_US East_1': 5, 'E20ads_v6_US East_2': 5, 'E20as_v6_US East_1': 5, 'E20as_v6_US East_3': 5, 'E2ads_v6_US East_1': 5, 'E2ads_v6_US East_2': 5, 'E2ads_v6_US East_3': 5, 'E2as_v6_US East_1': 5, 'E2as_v6_US East_2': 5, 'E2as_v6_US East_3': 5, 'E2ps_v5_US East_1': 5, 'E2ps_v5_US East_2': 5, 'E2ps_v5_US East_3': 5, 'E32ads_v6_US East_3': 5, 'E32as_v6_US East_3': 5, 'E48ads_v6_US East_3': 5, 'E48as_v6_US East_2': 5, 'E4ads_v6_US East_1': 5, 'E4ads_v6_US East_2': 5, 'E4ads_v6_US East_3': 5, 'E4as_v6_US East_1': 5, 'E4as_v6_US East_2': 5, 'E4as_v6_US East_3': 5, 'E4ps_v5_US East_1': 5, 'E4ps_v5_US East_2': 5, 'E4ps_v5_US East_3': 5, 'E64ads_v6_US East_3': 5, 'E64as_v6_US East_3': 5, 'E8ads_v6_US East_2': 5, 'E8ads_v6_US East_3': 5, 'E8as_v6_US East_2': 5, 'E8as_v6_US East_3': 5, 'E8ps_v5_US East_3': 5, 'E96-24ads_v6_US East_1': 5, 'E96-48ads_v6_US East_3': 5, 'E96ads_v6_US East_3': 5, 'E96as_v6_US East_3': 5, 'F16als_v6_US East_2': 5, 'F16als_v6_US East_3': 5, 'F16ams_v6_US East_2': 5, 'F16ams_v6_US East_3': 5, 'F16as_v6_US East_1': 5, 'F16as_v6_US East_2': 5, 'F2als_v6_US East_1': 5, 'F2als_v6_US East_2': 5, 'F2als_v6_US East_3': 5, 'F2ams_v6_US East_1': 5, 'F2ams_v6_US East_2': 5, 'F2ams_v6_US East_3': 5, 'F2as_v6_US East_1': 5, 'F2as_v6_US East_2': 5, 'F2as_v6_US East_3': 5, 'F32als_v6_US East_2': 5, 'F32ams_v6_US East_2': 5, 'F32as_v6_US East_3': 5, 'F48als_v6_US East_3': 5, 'F48ams_v6_US East_2': 5, 'F48as_v6_US East_2': 5, 'F4als_v6_US East_1': 5, 'F4als_v6_US East_2': 5, 'F4als_v6_US East_3': 5, 'F4ams_v6_US East_1': 5, 'F4ams_v6_US East_2': 5, 'F4ams_v6_US East_3': 5, 'F4as_v6_US East_1': 5, 'F4as_v6_US East_2': 5, 'F4as_v6_US East_3': 5, 'F64als_v6_US East_3': 5, 'F64ams_v6_US East_3': 5, 'F64as_v6_US East_1': 5, 'F8als_v6_US East_1': 5, 'F8als_v6_US East_3': 5, 'F8ams_v6_US East_2': 5, 'F8ams_v6_US East_3': 5, 'F8as_v6_US East_1': 5, 'F8as_v6_US East_2': 5, 'M12ds_v3_US East_2': 5, 'M12s_v3_US East_1': 5, 'M32ls_US East_1': 5, 'M32ls_US East_2': 5, 'M32ls_US East_3': 5, 'M32ts_US East_1': 5, 'M32ts_US East_2': 5, 'M32ts_US East_3': 5, 'M64s_v2_US East_1': 5, 'M64s_v2_US East_3': 5, 'NV16as_v4_US East_2': 5, 'NV4as_v4_US East_1': 5, 'NV4as_v4_US East_2': 5, 'NV4as_v4_US East_3': 5, 'NV6ads_A10_v5_US East_1': 5, 'NV6ads_A10_v5_US East_2': 5, 'NV8as_v4_US East_1': 5, 'NV8as_v4_US East_2': 5, 'NV8as_v4_US East_3': 5}"
0.75,227.83820000000006,428294842,1879820.1620711545,14955,14555,"{'B16ps_v2_US East_1': 5, 'B2pls_v2_US East_1': 5, 'B2pls_v2_US East_2': 5, 'B2pls_v2_US East_3': 5, 'B2ps_v2_US East_1': 5, 'B2ps_v2_US East_2': 5, 'B2ps_v2_US East_3': 5, 'B4ps_v2_US East_1': 5, 'B4ps_v2_US East_2': 5, 'B4ps_v2_US East_3': 5, 'B8ps_v2_US East_1': 5, 'B8ps_v2_US East_2': 5, 'B8ps_v2_US East_3': 5, 'D16ads_v6_US East_1': 5, 'D16ads_v6_US East_2': 5, 'D16alds_v6_US East_1': 5, 'D16alds_v6_US East_3': 5, 'D16als_v6_US East_2': 5, 'D16als_v6_US East_3': 5, 'D16as_v6_US East_1': 5, 'D16as_v6_US East_3': 5, 'D16pds_v5_US East_3': 5, 'D16plds_v5_US East_1': 5, 'D16plds_v5_US East_2': 5, 'D16pls_v5_US East_1': 5, 'D16pls_v5_US East_2': 5, 'D16ps_v5_US East_3': 5, 'D2ads_v6_US East_1': 5, 'D2ads_v6_US East_2': 5, 'D2ads_v6_US East_3': 5, 'D2alds_v6_US East_1': 5, 'D2alds_v6_US East_2': 5, 'D2alds_v6_US East_3': 5, 'D2als_v6_US East_1': 5, 'D2als_v6_US East_2': 5, 'D2als_v6_US East_3': 5, 'D2as_v6_US East_1': 5, 'D2as_v6_US East_2': 5, 'D2as_v6_US East_3': 5, 'D2pds_v5_US East_1': 5, 'D2pds_v5_US East_2': 5, 'D2pds_v5_US East_3': 5, 'D2plds_v5_US East_1': 5, 'D2plds_v5_US East_2': 5, 'D2plds_v5_US East_3': 5, 'D2pls_v5_US East_1': 5, 'D2pls_v5_US East_2': 5, 'D2pls_v5_US East_3': 5, 'D2ps_v5_US East_1': 5, 'D2ps_v5_US East_2': 5, 'D2ps_v5_US East_3': 5, 'D32ads_v6_US East_1': 5, 'D32ads_v6_US East_3': 5, 'D32alds_v6_US East_1': 5, 'D32alds_v6_US East_2': 5, 'D32als_v6_US East_1': 5, 'D32als_v6_US East_2': 5, 'D32as_v6_US East_1': 5, 'D32as_v6_US East_3': 5, 'D32plds_v5_US East_2': 5, 'D32pls_v5_US East_2': 5, 'D48ads_v6_US East_2': 5, 'D48alds_v6_US East_2': 5, 'D48als_v6_US East_1': 5, 'D48als_v6_US East_3': 5, 'D4ads_v6_US East_1': 5, 'D4ads_v6_US East_2': 5, 'D4ads_v6_US East_3': 5, 'D4alds_v6_US East_1': 5, 'D4alds_v6_US East_2': 5, 'D4alds_v6_US East_3': 5, 'D4als_v6_US East_1': 5, 'D4als_v6_US East_2': 5, 'D4als_v6_US East_3': 5, 'D4as_v6_US East_1': 5, 'D4as_v6_US East_2': 5, 'D4as_v6_US East_3': 5, 'D4pds_v5_US East_1': 5, 'D4pds_v5_US East_2': 5, 'D4pds_v5_US East_3': 5, 'D4plds_v5_US East_1': 5, 'D4plds_v5_US East_2': 5, 'D4plds_v5_US East_3': 5, 'D4pls_v5_US East_1': 5, 'D4pls_v5_US East_2': 5, 'D4pls_v5_US East_3': 5, 'D4ps_v5_US East_1': 5, 'D4ps_v5_US East_2': 5, 'D4ps_v5_US East_3': 5, 'D64ads_v6_US East_2': 5, 'D64alds_v6_US East_1': 5, 'D64als_v6_US East_3': 5, 'D64as_v6_US East_2': 5, 'D8ads_v6_US East_1': 5, 'D8ads_v6_US East_2': 5, 'D8ads_v6_US East_3': 5, 'D8alds_v6_US East_1': 5, 'D8alds_v6_US East_2': 5, 'D8alds_v6_US East_3': 5, 'D8als_v6_US East_1': 5, 'D8als_v6_US East_2': 5, 'D8als_v6_US East_3': 5, 'D8as_v6_US East_1': 5, 'D8as_v6_US East_2': 5, 'D8as_v6_US East_3': 5, 'D8plds_v5_US East_1': 5, 'D8plds_v5_US East_2': 5, 'D8plds_v5_US East_3': 5, 'D8pls_v5_US East_1': 5, 'D8pls_v5_US East_2': 5, 'D8pls_v5_US East_3': 5, 'D8ps_v5_US East_1': 5, 'D8ps_v5_US East_2': 5, 'D8ps_v5_US East_3': 5, 'D96ads_v6_US East_3': 5, 'D96alds_v6_US East_3': 5, 'D96als_v6_US East_3': 5, 'D96as_v6_US East_3': 5, 'DC1s_v2_US East_1': 5, 'DC2s_v2_US East_2': 5, 'E16ads_v6_US East_2': 5, 'E16ads_v6_US East_3': 5, 'E16as_v6_US East_1': 5, 'E16as_v6_US East_3': 5, 'E20ads_v6_US East_1': 5, 'E20ads_v6_US East_2': 5, 'E20as_v6_US East_1': 5, 'E20as_v6_US East_3': 5, 'E2ads_v6_US East_1': 5, 'E2ads_v6_US East_2': 5, 'E2ads_v6_US East_3': 5, 'E2as_v6_US East_1': 5, 'E2as_v6_US East_2': 5, 'E2as_v6_US East_3': 5, 'E2ps_v5_US East_1': 5, 'E2ps_v5_US East_2': 5, 'E2ps_v5_US East_3': 5, 'E32ads_v6_US East_3': 5, 'E32as_v6_US East_3': 5, 'E48ads_v6_US East_3': 5, 'E48as_v6_US East_2': 5, 'E4ads_v6_US East_1': 5, 'E4ads_v6_US East_2': 5, 'E4ads_v6_US East_3': 5, 'E4as_v6_US East_1': 5, 'E4as_v6_US East_2': 5, 'E4as_v6_US East_3': 5, 'E4ps_v5_US East_1': 5, 'E4ps_v5_US East_2': 5, 'E4ps_v5_US East_3': 5, 'E64ads_v6_US East_3': 5, 'E64as_v6_US East_3': 5, 'E8ads_v6_US East_2': 5, 'E8ads_v6_US East_3': 5, 'E8as_v6_US East_2': 5, 'E8as_v6_US East_3': 5, 'E8ps_v5_US East_3': 5, 'E96-24ads_v6_US East_1': 5, 'E96-48ads_v6_US East_3': 5, 'E96ads_v6_US East_3': 5, 'E96as_v6_US East_3': 5, 'F16als_v6_US East_2': 5, 'F16als_v6_US East_3': 5, 'F16ams_v6_US East_2': 5, 'F16ams_v6_US East_3': 5, 'F16as_v6_US East_1': 5, 'F16as_v6_US East_2': 5, 'F2als_v6_US East_1': 5, 'F2als_v6_US East_2': 5, 'F2als_v6_US East_3': 5, 'F2ams_v6_US East_1': 5, 'F2ams_v6_US East_2': 5, 'F2ams_v6_US East_3': 5, 'F2as_v6_US East_1': 5, 'F2as_v6_US East_2': 5, 'F2as_v6_US East_3': 5, 'F32als_v6_US East_2': 5, 'F32ams_v6_US East_2': 5, 'F32as_v6_US East_3': 5, 'F48als_v6_US East_3': 5, 'F48ams_v6_US East_2': 5, 'F48as_v6_US East_2': 5, 'F4als_v6_US East_1': 5, 'F4als_v6_US East_2': 5, 'F4als_v6_US East_3': 5, 'F4ams_v6_US East_1': 5, 'F4ams_v6_US East_2': 5, 'F4ams_v6_US East_3': 5, 'F4as_v6_US East_1': 5, 'F4as_v6_US East_2': 5, 'F4as_v6_US East_3': 5, 'F64als_v6_US East_3': 5, 'F64ams_v6_US East_3': 5, 'F64as_v6_US East_1': 5, 'F8als_v6_US East_1': 5, 'F8als_v6_US East_3': 5, 'F8ams_v6_US East_2': 5, 'F8ams_v6_US East_3': 5, 'F8as_v6_US East_1': 5, 'F8as_v6_US East_2': 5, 'M12ds_v3_US East_2': 5, 'M12s_v3_US East_1': 5, 'M32ls_US East_1': 5, 'M32ls_US East_2': 5, 'M32ls_US East_3': 5, 'M32ts_US East_1': 5, 'M32ts_US East_2': 5, 'M32ts_US East_3': 5, 'M64s_v2_US East_1': 5, 'M64s_v2_US East_3': 5, 'NV16as_v4_US East_2': 5, 'NV4as_v4_US East_1': 5, 'NV4as_v4_US East_2': 5, 'NV4as_v4_US East_3': 5, 'NV6ads_A10_v5_US East_1': 5, 'NV6ads_A10_v5_US East_2': 5, 'NV8as_v4_US East_1': 5, 'NV8as_v4_US East_2': 5, 'NV8as_v4_US East_3': 5}"
0.76,227.83820000000006,428294842,1879820.1620711545,14955,14555,"{'B16ps_v2_US East_1': 5, 'B2pls_v2_US East_1': 5, 'B2pls_v2_US East_2': 5, 'B2pls_v2_US East_3': 5, 'B2ps_v2_US East_1': 5, 'B2ps_v2_US East_2': 5, 'B2ps_v2_US East_3': 5, 'B4ps_v2_US East_1': 5, 'B4ps_v2_US East_2': 5, 'B4ps_v2_US East_3': 5, 'B8ps_v2_US East_1': 5, 'B8ps_v2_US East_2': 5, 'B8ps_v2_US East_3': 5, 'D16ads_v6_US East_1': 5, 'D16ads_v6_US East_2': 5, 'D16alds_v6_US East_1': 5, 'D16alds_v6_US East_3': 5, 'D16als_v6_US East_2': 5, 'D16als_v6_US East_3': 5, 'D16as_v6_US East_1': 5, 'D16as_v6_US East_3': 5, 'D16pds_v5_US East_3': 5, 'D16plds_v5_US East_1': 5, 'D16plds_v5_US East_2': 5, 'D16pls_v5_US East_1': 5, 'D16pls_v5_US East_2': 5, 'D16ps_v5_US East_3': 5, 'D2ads_v6_US East_1': 5, 'D2ads_v6_US East_2': 5, 'D2ads_v6_US East_3': 5, 'D2alds_v6_US East_1': 5, 'D2alds_v6_US East_2': 5, 'D2alds_v6_US East_3': 5, 'D2als_v6_US East_1': 5, 'D2als_v6_US East_2': 5, 'D2als_v6_US East_3': 5, 'D2as_v6_US East_1': 5, 'D2as_v6_US East_2': 5, 'D2as_v6_US East_3': 5, 'D2pds_v5_US East_1': 5, 'D2pds_v5_US East_2': 5, 'D2pds_v5_US East_3': 5, 'D2plds_v5_US East_1': 5, 'D2plds_v5_US East_2': 5, 'D2plds_v5_US East_3': 5, 'D2pls_v5_US East_1': 5, 'D2pls_v5_US East_2': 5, 'D2pls_v5_US East_3': 5, 'D2ps_v5_US East_1': 5, 'D2ps_v5_US East_2': 5, 'D2ps_v5_US East_3': 5, 'D32ads_v6_US East_1': 5, 'D32ads_v6_US East_3': 5, 'D32alds_v6_US East_1': 5, 'D32alds_v6_US East_2': 5, 'D32als_v6_US East_1': 5, 'D32als_v6_US East_2': 5, 'D32as_v6_US East_1': 5, 'D32as_v6_US East_3': 5, 'D32plds_v5_US East_2': 5, 'D32pls_v5_US East_2': 5, 'D48ads_v6_US East_2': 5, 'D48alds_v6_US East_2': 5, 'D48als_v6_US East_1': 5, 'D48als_v6_US East_3': 5, 'D4ads_v6_US East_1': 5, 'D4ads_v6_US East_2': 5, 'D4ads_v6_US East_3': 5, 'D4alds_v6_US East_1': 5, 'D4alds_v6_US East_2': 5, 'D4alds_v6_US East_3': 5, 'D4als_v6_US East_1': 5, 'D4als_v6_US East_2': 5, 'D4als_v6_US East_3': 5, 'D4as_v6_US East_1': 5, 'D4as_v6_US East_2': 5, 'D4as_v6_US East_3': 5, 'D4pds_v5_US East_1': 5, 'D4pds_v5_US East_2': 5, 'D4pds_v5_US East_3': 5, 'D4plds_v5_US East_1': 5, 'D4plds_v5_US East_2': 5, 'D4plds_v5_US East_3': 5, 'D4pls_v5_US East_1': 5, 'D4pls_v5_US East_2': 5, 'D4pls_v5_US East_3': 5, 'D4ps_v5_US East_1': 5, 'D4ps_v5_US East_2': 5, 'D4ps_v5_US East_3': 5, 'D64ads_v6_US East_2': 5, 'D64alds_v6_US East_1': 5, 'D64als_v6_US East_3': 5, 'D64as_v6_US East_2': 5, 'D8ads_v6_US East_1': 5, 'D8ads_v6_US East_2': 5, 'D8ads_v6_US East_3': 5, 'D8alds_v6_US East_1': 5, 'D8alds_v6_US East_2': 5, 'D8alds_v6_US East_3': 5, 'D8als_v6_US East_1': 5, 'D8als_v6_US East_2': 5, 'D8als_v6_US East_3': 5, 'D8as_v6_US East_1': 5, 'D8as_v6_US East_2': 5, 'D8as_v6_US East_3': 5, 'D8plds_v5_US East_1': 5, 'D8plds_v5_US East_2': 5, 'D8plds_v5_US East_3': 5, 'D8pls_v5_US East_1': 5, 'D8pls_v5_US East_2': 5, 'D8pls_v5_US East_3': 5, 'D8ps_v5_US East_1': 5, 'D8ps_v5_US East_2': 5, 'D8ps_v5_US East_3': 5, 'D96ads_v6_US East_3': 5, 'D96alds_v6_US East_3': 5, 'D96als_v6_US East_3': 5, 'D96as_v6_US East_3': 5, 'DC1s_v2_US East_1': 5, 'DC2s_v2_US East_2': 5, 'E16ads_v6_US East_2': 5, 'E16ads_v6_US East_3': 5, 'E16as_v6_US East_1': 5, 'E16as_v6_US East_3': 5, 'E20ads_v6_US East_1': 5, 'E20ads_v6_US East_2': 5, 'E20as_v6_US East_1': 5, 'E20as_v6_US East_3': 5, 'E2ads_v6_US East_1': 5, 'E2ads_v6_US East_2': 5, 'E2ads_v6_US East_3': 5, 'E2as_v6_US East_1': 5, 'E2as_v6_US East_2': 5, 'E2as_v6_US East_3': 5, 'E2ps_v5_US East_1': 5, 'E2ps_v5_US East_2': 5, 'E2ps_v5_US East_3': 5, 'E32ads_v6_US East_3': 5, 'E32as_v6_US East_3': 5, 'E48ads_v6_US East_3': 5, 'E48as_v6_US East_2': 5, 'E4ads_v6_US East_1': 5, 'E4ads_v6_US East_2': 5, 'E4ads_v6_US East_3': 5, 'E4as_v6_US East_1': 5, 'E4as_v6_US East_2': 5, 'E4as_v6_US East_3': 5, 'E4ps_v5_US East_1': 5, 'E4ps_v5_US East_2': 5, 'E4ps_v5_US East_3': 5, 'E64ads_v6_US East_3': 5, 'E64as_v6_US East_3': 5, 'E8ads_v6_US East_2': 5, 'E8ads_v6_US East_3': 5, 'E8as_v6_US East_2': 5, 'E8as_v6_US East_3': 5, 'E8ps_v5_US East_3': 5, 'E96-24ads_v6_US East_1': 5, 'E96-48ads_v6_US East_3': 5, 'E96ads_v6_US East_3': 5, 'E96as_v6_US East_3': 5, 'F16als_v6_US East_2': 5, 'F16als_v6_US East_3': 5, 'F16ams_v6_US East_2': 5, 'F16ams_v6_US East_3': 5, 'F16as_v6_US East_1': 5, 'F16as_v6_US East_2': 5, 'F2als_v6_US East_1': 5, 'F2als_v6_US East_2': 5, 'F2als_v6_US East_3': 5, 'F2ams_v6_US East_1': 5, 'F2ams_v6_US East_2': 5, 'F2ams_v6_US East_3': 5, 'F2as_v6_US East_1': 5, 'F2as_v6_US East_2': 5, 'F2as_v6_US East_3': 5, 'F32als_v6_US East_2': 5, 'F32ams_v6_US East_2': 5, 'F32as_v6_US East_3': 5, 'F48als_v6_US East_3': 5, 'F48ams_v6_US East_2': 5, 'F48as_v6_US East_2': 5, 'F4als_v6_US East_1': 5, 'F4als_v6_US East_2': 5, 'F4als_v6_US East_3': 5, 'F4ams_v6_US East_1': 5, 'F4ams_v6_US East_2': 5, 'F4ams_v6_US East_3': 5, 'F4as_v6_US East_1': 5, 'F4as_v6_US East_2': 5, 'F4as_v6_US East_3': 5, 'F64als_v6_US East_3': 5, 'F64ams_v6_US East_3': 5, 'F64as_v6_US East_1': 5, 'F8als_v6_US East_1': 5, 'F8als_v6_US East_3': 5, 'F8ams_v6_US East_2': 5, 'F8ams_v6_US East_3': 5, 'F8as_v6_US East_1': 5, 'F8as_v6_US East_2': 5, 'M12ds_v3_US East_2': 5, 'M12s_v3_US East_1': 5, 'M32ls_US East_1': 5, 'M32ls_US East_2': 5, 'M32ls_US East_3': 5, 'M32ts_US East_1': 5, 'M32ts_US East_2': 5, 'M32ts_US East_3': 5, 'M64s_v2_US East_1': 5, 'M64s_v2_US East_3': 5, 'NV16as_v4_US East_2': 5, 'NV4as_v4_US East_1': 5, 'NV4as_v4_US East_2': 5, 'NV4as_v4_US East_3': 5, 'NV6ads_A10_v5_US East_1': 5, 'NV6ads_A10_v5_US East_2': 5, 'NV8as_v4_US East_1': 5, 'NV8as_v4_US East_2': 5, 'NV8as_v4_US East_3': 5}"
0.77,227.83820000000006,428294842,1879820.1620711545,14955,14555,"{'B16ps_v2_US East_1': 5, 'B2pls_v2_US East_1': 5, 'B2pls_v2_US East_2': 5, 'B2pls_v2_US East_3': 5, 'B2ps_v2_US East_1': 5, 'B2ps_v2_US East_2': 5, 'B2ps_v2_US East_3': 5, 'B4ps_v2_US East_1': 5, 'B4ps_v2_US East_2': 5, 'B4ps_v2_US East_3': 5, 'B8ps_v2_US East_1': 5, 'B8ps_v2_US East_2': 5, 'B8ps_v2_US East_3': 5, 'D16ads_v6_US East_1': 5, 'D16ads_v6_US East_2': 5, 'D16alds_v6_US East_1': 5, 'D16alds_v6_US East_3': 5, 'D16als_v6_US East_2': 5, 'D16als_v6_US East_3': 5, 'D16as_v6_US East_1': 5, 'D16as_v6_US East_3': 5, 'D16pds_v5_US East_3': 5, 'D16plds_v5_US East_1': 5, 'D16plds_v5_US East_2': 5, 'D16pls_v5_US East_1': 5, 'D16pls_v5_US East_2': 5, 'D16ps_v5_US East_3': 5, 'D2ads_v6_US East_1': 5, 'D2ads_v6_US East_2': 5, 'D2ads_v6_US East_3': 5, 'D2alds_v6_US East_1': 5, 'D2alds_v6_US East_2': 5, 'D2alds_v6_US East_3': 5, 'D2als_v6_US East_1': 5, 'D2als_v6_US East_2': 5, 'D2als_v6_US East_3': 5, 'D2as_v6_US East_1': 5, 'D2as_v6_US East_2': 5, 'D2as_v6_US East_3': 5, 'D2pds_v5_US East_1': 5, 'D2pds_v5_US East_2': 5, 'D2pds_v5_US East_3': 5, 'D2plds_v5_US East_1': 5, 'D2plds_v5_US East_2': 5, 'D2plds_v5_US East_3': 5, 'D2pls_v5_US East_1': 5, 'D2pls_v5_US East_2': 5, 'D2pls_v5_US East_3': 5, 'D2ps_v5_US East_1': 5, 'D2ps_v5_US East_2': 5, 'D2ps_v5_US East_3': 5, 'D32ads_v6_US East_1': 5, 'D32ads_v6_US East_3': 5, 'D32alds_v6_US East_1': 5, 'D32alds_v6_US East_2': 5, 'D32als_v6_US East_1': 5, 'D32als_v6_US East_2': 5, 'D32as_v6_US East_1': 5, 'D32as_v6_US East_3': 5, 'D32plds_v5_US East_2': 5, 'D32pls_v5_US East_2': 5, 'D48ads_v6_US East_2': 5, 'D48alds_v6_US East_2': 5, 'D48als_v6_US East_1': 5, 'D48als_v6_US East_3': 5, 'D4ads_v6_US East_1': 5, 'D4ads_v6_US East_2': 5, 'D4ads_v6_US East_3': 5, 'D4alds_v6_US East_1': 5, 'D4alds_v6_US East_2': 5, 'D4alds_v6_US East_3': 5, 'D4als_v6_US East_1': 5, 'D4als_v6_US East_2': 5, 'D4als_v6_US East_3': 5, 'D4as_v6_US East_1': 5, 'D4as_v6_US East_2': 5, 'D4as_v6_US East_3': 5, 'D4pds_v5_US East_1': 5, 'D4pds_v5_US East_2': 5, 'D4pds_v5_US East_3': 5, 'D4plds_v5_US East_1': 5, 'D4plds_v5_US East_2': 5, 'D4plds_v5_US East_3': 5, 'D4pls_v5_US East_1': 5, 'D4pls_v5_US East_2': 5, 'D4pls_v5_US East_3': 5, 'D4ps_v5_US East_1': 5, 'D4ps_v5_US East_2': 5, 'D4ps_v5_US East_3': 5, 'D64ads_v6_US East_2': 5, 'D64alds_v6_US East_1': 5, 'D64als_v6_US East_3': 5, 'D64as_v6_US East_2': 5, 'D8ads_v6_US East_1': 5, 'D8ads_v6_US East_2': 5, 'D8ads_v6_US East_3': 5, 'D8alds_v6_US East_1': 5, 'D8alds_v6_US East_2': 5, 'D8alds_v6_US East_3': 5, 'D8als_v6_US East_1': 5, 'D8als_v6_US East_2': 5, 'D8als_v6_US East_3': 5, 'D8as_v6_US East_1': 5, 'D8as_v6_US East_2': 5, 'D8as_v6_US East_3': 5, 'D8plds_v5_US East_1': 5, 'D8plds_v5_US East_2': 5, 'D8plds_v5_US East_3': 5, 'D8pls_v5_US East_1': 5, 'D8pls_v5_US East_2': 5, 'D8pls_v5_US East_3': 5, 'D8ps_v5_US East_1': 5, 'D8ps_v5_US East_2': 5, 'D8ps_v5_US East_3': 5, 'D96ads_v6_US East_3': 5, 'D96alds_v6_US East_3': 5, 'D96als_v6_US East_3': 5, 'D96as_v6_US East_3': 5, 'DC1s_v2_US East_1': 5, 'DC2s_v2_US East_2': 5, 'E16ads_v6_US East_2': 5, 'E16ads_v6_US East_3': 5, 'E16as_v6_US East_1': 5, 'E16as_v6_US East_3': 5, 'E20ads_v6_US East_1': 5, 'E20ads_v6_US East_2': 5, 'E20as_v6_US East_1': 5, 'E20as_v6_US East_3': 5, 'E2ads_v6_US East_1': 5, 'E2ads_v6_US East_2': 5, 'E2ads_v6_US East_3': 5, 'E2as_v6_US East_1': 5, 'E2as_v6_US East_2': 5, 'E2as_v6_US East_3': 5, 'E2ps_v5_US East_1': 5, 'E2ps_v5_US East_2': 5, 'E2ps_v5_US East_3': 5, 'E32ads_v6_US East_3': 5, 'E32as_v6_US East_3': 5, 'E48ads_v6_US East_3': 5, 'E48as_v6_US East_2': 5, 'E4ads_v6_US East_1': 5, 'E4ads_v6_US East_2': 5, 'E4ads_v6_US East_3': 5, 'E4as_v6_US East_1': 5, 'E4as_v6_US East_2': 5, 'E4as_v6_US East_3': 5, 'E4ps_v5_US East_1': 5, 'E4ps_v5_US East_2': 5, 'E4ps_v5_US East_3': 5, 'E64ads_v6_US East_3': 5, 'E64as_v6_US East_3': 5, 'E8ads_v6_US East_2': 5, 'E8ads_v6_US East_3': 5, 'E8as_v6_US East_2': 5, 'E8as_v6_US East_3': 5, 'E8ps_v5_US East_3': 5, 'E96-24ads_v6_US East_1': 5, 'E96-48ads_v6_US East_3': 5, 'E96ads_v6_US East_3': 5, 'E96as_v6_US East_3': 5, 'F16als_v6_US East_2': 5, 'F16als_v6_US East_3': 5, 'F16ams_v6_US East_2': 5, 'F16ams_v6_US East_3': 5, 'F16as_v6_US East_1': 5, 'F16as_v6_US East_2': 5, 'F2als_v6_US East_1': 5, 'F2als_v6_US East_2': 5, 'F2als_v6_US East_3': 5, 'F2ams_v6_US East_1': 5, 'F2ams_v6_US East_2': 5, 'F2ams_v6_US East_3': 5, 'F2as_v6_US East_1': 5, 'F2as_v6_US East_2': 5, 'F2as_v6_US East_3': 5, 'F32als_v6_US East_2': 5, 'F32ams_v6_US East_2': 5, 'F32as_v6_US East_3': 5, 'F48als_v6_US East_3': 5, 'F48ams_v6_US East_2': 5, 'F48as_v6_US East_2': 5, 'F4als_v6_US East_1': 5, 'F4als_v6_US East_2': 5, 'F4als_v6_US East_3': 5, 'F4ams_v6_US East_1': 5, 'F4ams_v6_US East_2': 5, 'F4ams_v6_US East_3': 5, 'F4as_v6_US East_1': 5, 'F4as_v6_US East_2': 5, 'F4as_v6_US East_3': 5, 'F64als_v6_US East_3': 5, 'F64ams_v6_US East_3': 5, 'F64as_v6_US East_1': 5, 'F8als_v6_US East_1': 5, 'F8als_v6_US East_3': 5, 'F8ams_v6_US East_2': 5, 'F8ams_v6_US East_3': 5, 'F8as_v6_US East_1': 5, 'F8as_v6_US East_2': 5, 'M12ds_v3_US East_2': 5, 'M12s_v3_US East_1': 5, 'M32ls_US East_1': 5, 'M32ls_US East_2': 5, 'M32ls_US East_3': 5, 'M32ts_US East_1': 5, 'M32ts_US East_2': 5, 'M32ts_US East_3': 5, 'M64s_v2_US East_1': 5, 'M64s_v2_US East_3': 5, 'NV16as_v4_US East_2': 5, 'NV4as_v4_US East_1': 5, 'NV4as_v4_US East_2': 5, 'NV4as_v4_US East_3': 5, 'NV6ads_A10_v5_US East_1': 5, 'NV6ads_A10_v5_US East_2': 5, 'NV8as_v4_US East_1': 5, 'NV8as_v4_US East_2': 5, 'NV8as_v4_US East_3': 5}"
0.78,261.6205699999999,443432496,1694945.0742730217,15915,15515,"{'B16ps_v2_US East_1': 5, 'B2pls_v2_US East_1': 5, 'B2pls_v2_US East_2': 5, 'B2pls_v2_US East_3': 5, 'B2ps_v2_US East_1': 5, 'B2ps_v2_US East_2': 5, 'B2ps_v2_US East_3': 5, 'B4ps_v2_US East_1': 5, 'B4ps_v2_US East_2': 5, 'B4ps_v2_US East_3': 5, 'B8ps_v2_US East_1': 5, 'B8ps_v2_US East_2': 5, 'B8ps_v2_US East_3': 5, 'D16ads_v6_US East_1': 5, 'D16ads_v6_US East_2': 5, 'D16alds_v6_US East_1': 5, 'D16alds_v6_US East_3': 5, 'D16als_v6_US East_2': 5, 'D16als_v6_US East_3': 5, 'D16as_v6_US East_1': 5, 'D16as_v6_US East_3': 5, 'D16pds_v5_US East_3': 5, 'D16plds_v5_US East_1': 5, 'D16plds_v5_US East_2': 5, 'D16pls_v5_US East_1': 5, 'D16pls_v5_US East_2': 5, 'D16ps_v5_US East_3': 5, 'D2ads_v6_US East_1': 5, 'D2ads_v6_US East_2': 5, 'D2ads_v6_US East_3': 5, 'D2alds_v6_US East_1': 5, 'D2alds_v6_US East_2': 5, 'D2alds_v6_US East_3': 5, 'D2als_v6_US East_1': 5, 'D2als_v6_US East_2': 5, 'D2als_v6_US East_3': 5, 'D2as_v6_US East_1': 5, 'D2as_v6_US East_2': 5, 'D2as_v6_US East_3': 5, 'D2pds_v5_US East_1': 5, 'D2pds_v5_US East_2': 5, 'D2pds_v5_US East_3': 5, 'D2plds_v5_US East_1': 5, 'D2plds_v5_US East_2': 5, 'D2plds_v5_US East_3': 5, 'D2pls_v5_US East_1': 5, 'D2pls_v5_US East_2': 5, 'D2pls_v5_US East_3': 5, 'D2ps_v5_US East_1': 5, 'D2ps_v5_US East_2': 5, 'D2ps_v5_US East_3': 5, 'D32ads_v6_US East_1': 5, 'D32ads_v6_US East_3': 5, 'D32alds_v6_US East_1': 5, 'D32alds_v6_US East_2': 5, 'D32als_v6_US East_1': 5, 'D32als_v6_US East_2': 5, 'D32as_v6_US East_1': 5, 'D32as_v6_US East_3': 5, 'D32plds_v5_US East_2': 5, 'D32pls_v5_US East_2': 5, 'D48ads_v6_US East_2': 5, 'D48alds_v6_US East_2': 5, 'D48als_v6_US East_1': 5, 'D48als_v6_US East_3': 5, 'D4ads_v6_US East_1': 5, 'D4ads_v6_US East_2': 5, 'D4ads_v6_US East_3': 5, 'D4alds_v6_US East_1': 5, 'D4alds_v6_US East_2': 5, 'D4alds_v6_US East_3': 5, 'D4als_v6_US East_1': 5, 'D4als_v6_US East_2': 5, 'D4als_v6_US East_3': 5, 'D4as_v6_US East_1': 5, 'D4as_v6_US East_2': 5, 'D4as_v6_US East_3': 5, 'D4pds_v5_US East_1': 5, 'D4pds_v5_US East_2': 5, 'D4pds_v5_US East_3': 5, 'D4plds_v5_US East_1': 5, 'D4plds_v5_US East_2': 5, 'D4plds_v5_US East_3': 5, 'D4pls_v5_US East_1': 5, 'D4pls_v5_US East_2': 5, 'D4pls_v5_US East_3': 5, 'D4ps_v5_US East_1': 5, 'D4ps_v5_US East_2': 5, 'D4ps_v5_US East_3': 5, 'D64ads_v6_US East_2': 5, 'D64alds_v6_US East_1': 5, 'D64als_v6_US East_3': 5, 'D64as_v6_US East_2': 5, 'D8ads_v6_US East_1': 5, 'D8ads_v6_US East_2': 5, 'D8ads_v6_US East_3': 5, 'D8alds_v6_US East_1': 5, 'D8alds_v6_US East_2': 5, 'D8alds_v6_US East_3': 5, 'D8als_v6_US East_1': 5, 'D8als_v6_US East_2': 5, 'D8als_v6_US East_3': 5, 'D8as_v6_US East_1': 5, 'D8as_v6_US East_2': 5, 'D8as_v6_US East_3': 5, 'D8plds_v5_US East_1': 5, 'D8plds_v5_US East_2': 5, 'D8plds_v5_US East_3': 5, 'D8pls_v5_US East_1': 5, 'D8pls_v5_US East_2': 5, 'D8pls_v5_US East_3': 5, 'D8ps_v5_US East_1': 5, 'D8ps_v5_US East_2': 5, 'D8ps_v5_US East_3': 5, 'D96ads_v6_US East_3': 5, 'D96alds_v6_US East_3': 5, 'D96als_v6_US East_3': 5, 'D96as_v6_US East_3': 5, 'DC1s_v2_US East_1': 5, 'DC2s_v2_US East_2': 5, 'E16ads_v6_US East_2': 5, 'E16ads_v6_US East_3': 5, 'E16as_v6_US East_1': 5, 'E16as_v6_US East_3': 5, 'E20ads_v6_US East_1': 5, 'E20ads_v6_US East_2': 5, 'E20as_v6_US East_1': 5, 'E20as_v6_US East_3': 5, 'E2ads_v6_US East_1': 5, 'E2ads_v6_US East_2': 5, 'E2ads_v6_US East_3': 5, 'E2as_v6_US East_1': 5, 'E2as_v6_US East_2': 5, 'E2as_v6_US East_3': 5, 'E2ps_v5_US East_1': 5, 'E2ps_v5_US East_2': 5, 'E2ps_v5_US East_3': 5, 'E32ads_v6_US East_3': 5, 'E32as_v6_US East_3': 5, 'E48ads_v6_US East_3': 5, 'E48as_v6_US East_2': 5, 'E4ads_v6_US East_1': 5, 'E4ads_v6_US East_2': 5, 'E4ads_v6_US East_3': 5, 'E4as_v6_US East_1': 5, 'E4as_v6_US East_2': 5, 'E4as_v6_US East_3': 5, 'E4ps_v5_US East_1': 5, 'E4ps_v5_US East_2': 5, 'E4ps_v5_US East_3': 5, 'E64ads_v6_US East_3': 5, 'E64as_v6_US East_3': 5, 'E8ads_v6_US East_2': 5, 'E8ads_v6_US East_3': 5, 'E8as_v6_US East_2': 5, 'E8as_v6_US East_3': 5, 'E8ps_v5_US East_3': 5, 'E96-24ads_v6_US East_1': 5, 'E96-48ads_v6_US East_3': 5, 'E96ads_v6_US East_3': 5, 'E96as_v6_US East_3': 5, 'F16als_v6_US East_2': 5, 'F16als_v6_US East_3': 5, 'F16ams_v6_US East_2': 5, 'F16ams_v6_US East_3': 5, 'F16as_v6_US East_1': 5, 'F16as_v6_US East_2': 5, 'F2als_v6_US East_1': 5, 'F2als_v6_US East_2': 5, 'F2als_v6_US East_3': 5, 'F2ams_v6_US East_1': 5, 'F2ams_v6_US East_2': 5, 'F2ams_v6_US East_3': 5, 'F2as_v6_US East_1': 5, 'F2as_v6_US East_2': 5, 'F2as_v6_US East_3': 5, 'F32als_v6_US East_2': 5, 'F32ams_v6_US East_2': 5, 'F32as_v6_US East_3': 5, 'F48als_v6_US East_3': 5, 'F48ams_v6_US East_2': 5, 'F48as_v6_US East_2': 5, 'F4als_v6_US East_1': 5, 'F4als_v6_US East_2': 5, 'F4als_v6_US East_3': 5, 'F4ams_v6_US East_1': 5, 'F4ams_v6_US East_2': 5, 'F4ams_v6_US East_3': 5, 'F4as_v6_US East_1': 5, 'F4as_v6_US East_2': 5, 'F4as_v6_US East_3': 5, 'F64als_v6_US East_3': 5, 'F64ams_v6_US East_3': 5, 'F64as_v6_US East_1': 5, 'F8als_v6_US East_1': 5, 'F8als_v6_US East_3': 5, 'F8ams_v6_US East_2': 5, 'F8ams_v6_US East_3': 5, 'F8as_v6_US East_1': 5, 'F8as_v6_US East_2': 5, 'M12ds_v3_US East_2': 5, 'M12s_v3_US East_1': 5, 'M32dms_v2_US East_1': 5, 'M32dms_v2_US East_2': 5, 'M32dms_v2_US East_3': 5, 'M32ls_US East_1': 5, 'M32ls_US East_2': 5, 'M32ls_US East_3': 5, 'M32ms_v2_US East_1': 5, 'M32ms_v2_US East_2': 5, 'M32ms_v2_US East_3': 5, 'M32ts_US East_1': 5, 'M32ts_US East_2': 5, 'M32ts_US East_3': 5, 'M64s_v2_US East_1': 5, 'M64s_v2_US East_3': 5, 'NV16as_v4_US East_2': 5, 'NV4as_v4_US East_1': 5, 'NV4as_v4_US East_2': 5, 'NV4as_v4_US East_3': 5, 'NV6ads_A10_v5_US East_1': 5, 'NV6ads_A10_v5_US East_2': 5, 'NV8as_v4_US East_1': 5, 'NV8as_v4_US East_2': 5, 'NV8as_v4_US East_3': 5}"
0.79,261.6205699999999,443432496,1694945.0742730217,15915,15515,"{'B16ps_v2_US East_1': 5, 'B2pls_v2_US East_1': 5, 'B2pls_v2_US East_2': 5, 'B2pls_v2_US East_3': 5, 'B2ps_v2_US East_1': 5, 'B2ps_v2_US East_2': 5, 'B2ps_v2_US East_3': 5, 'B4ps_v2_US East_1': 5, 'B4ps_v2_US East_2': 5, 'B4ps_v2_US East_3': 5, 'B8ps_v2_US East_1': 5, 'B8ps_v2_US East_2': 5, 'B8ps_v2_US East_3': 5, 'D16ads_v6_US East_1': 5, 'D16ads_v6_US East_2': 5, 'D16alds_v6_US East_1': 5, 'D16alds_v6_US East_3': 5, 'D16als_v6_US East_2': 5, 'D16als_v6_US East_3': 5, 'D16as_v6_US East_1': 5, 'D16as_v6_US East_3': 5, 'D16pds_v5_US East_3': 5, 'D16plds_v5_US East_1': 5, 'D16plds_v5_US East_2': 5, 'D16pls_v5_US East_1': 5, 'D16pls_v5_US East_2': 5, 'D16ps_v5_US East_3': 5, 'D2ads_v6_US East_1': 5, 'D2ads_v6_US East_2': 5, 'D2ads_v6_US East_3': 5, 'D2alds_v6_US East_1': 5, 'D2alds_v6_US East_2': 5, 'D2alds_v6_US East_3': 5, 'D2als_v6_US East_1': 5, 'D2als_v6_US East_2': 5, 'D2als_v6_US East_3': 5, 'D2as_v6_US East_1': 5, 'D2as_v6_US East_2': 5, 'D2as_v6_US East_3': 5, 'D2pds_v5_US East_1': 5, 'D2pds_v5_US East_2': 5, 'D2pds_v5_US East_3': 5, 'D2plds_v5_US East_1': 5, 'D2plds_v5_US East_2': 5, 'D2plds_v5_US East_3': 5, 'D2pls_v5_US East_1': 5, 'D2pls_v5_US East_2': 5, 'D2pls_v5_US East_3': 5, 'D2ps_v5_US East_1': 5, 'D2ps_v5_US East_2': 5, 'D2ps_v5_US East_3': 5, 'D32ads_v6_US East_1': 5, 'D32ads_v6_US East_3': 5, 'D32alds_v6_US East_1': 5, 'D32alds_v6_US East_2': 5, 'D32als_v6_US East_1': 5, 'D32als_v6_US East_2': 5, 'D32as_v6_US East_1': 5, 'D32as_v6_US East_3': 5, 'D32plds_v5_US East_2': 5, 'D32pls_v5_US East_2': 5, 'D48ads_v6_US East_2': 5, 'D48alds_v6_US East_2': 5, 'D48als_v6_US East_1': 5, 'D48als_v6_US East_3': 5, 'D4ads_v6_US East_1': 5, 'D4ads_v6_US East_2': 5, 'D4ads_v6_US East_3': 5, 'D4alds_v6_US East_1': 5, 'D4alds_v6_US East_2': 5, 'D4alds_v6_US East_3': 5, 'D4als_v6_US East_1': 5, 'D4als_v6_US East_2': 5, 'D4als_v6_US East_3': 5, 'D4as_v6_US East_1': 5, 'D4as_v6_US East_2': 5, 'D4as_v6_US East_3': 5, 'D4pds_v5_US East_1': 5, 'D4pds_v5_US East_2': 5, 'D4pds_v5_US East_3': 5, 'D4plds_v5_US East_1': 5, 'D4plds_v5_US East_2': 5, 'D4plds_v5_US East_3': 5, 'D4pls_v5_US East_1': 5, 'D4pls_v5_US East_2': 5, 'D4pls_v5_US East_3': 5, 'D4ps_v5_US East_1': 5, 'D4ps_v5_US East_2': 5, 'D4ps_v5_US East_3': 5, 'D64ads_v6_US East_2': 5, 'D64alds_v6_US East_1': 5, 'D64als_v6_US East_3': 5, 'D64as_v6_US East_2': 5, 'D8ads_v6_US East_1': 5, 'D8ads_v6_US East_2': 5, 'D8ads_v6_US East_3': 5, 'D8alds_v6_US East_1': 5, 'D8alds_v6_US East_2': 5, 'D8alds_v6_US East_3': 5, 'D8als_v6_US East_1': 5, 'D8als_v6_US East_2': 5, 'D8als_v6_US East_3': 5, 'D8as_v6_US East_1': 5, 'D8as_v6_US East_2': 5, 'D8as_v6_US East_3': 5, 'D8plds_v5_US East_1': 5, 'D8plds_v5_US East_2': 5, 'D8plds_v5_US East_3': 5, 'D8pls_v5_US East_1': 5, 'D8pls_v5_US East_2': 5, 'D8pls_v5_US East_3': 5, 'D8ps_v5_US East_1': 5, 'D8ps_v5_US East_2': 5, 'D8ps_v5_US East_3': 5, 'D96ads_v6_US East_3': 5, 'D96alds_v6_US East_3': 5, 'D96als_v6_US East_3': 5, 'D96as_v6_US East_3': 5, 'DC1s_v2_US East_1': 5, 'DC2s_v2_US East_2': 5, 'E16ads_v6_US East_2': 5, 'E16ads_v6_US East_3': 5, 'E16as_v6_US East_1': 5, 'E16as_v6_US East_3': 5, 'E20ads_v6_US East_1': 5, 'E20ads_v6_US East_2': 5, 'E20as_v6_US East_1': 5, 'E20as_v6_US East_3': 5, 'E2ads_v6_US East_1': 5, 'E2ads_v6_US East_2': 5, 'E2ads_v6_US East_3': 5, 'E2as_v6_US East_1': 5, 'E2as_v6_US East_2': 5, 'E2as_v6_US East_3': 5, 'E2ps_v5_US East_1': 5, 'E2ps_v5_US East_2': 5, 'E2ps_v5_US East_3': 5, 'E32ads_v6_US East_3': 5, 'E32as_v6_US East_3': 5, 'E48ads_v6_US East_3': 5, 'E48as_v6_US East_2': 5, 'E4ads_v6_US East_1': 5, 'E4ads_v6_US East_2': 5, 'E4ads_v6_US East_3': 5, 'E4as_v6_US East_1': 5, 'E4as_v6_US East_2': 5, 'E4as_v6_US East_3': 5, 'E4ps_v5_US East_1': 5, 'E4ps_v5_US East_2': 5, 'E4ps_v5_US East_3': 5, 'E64ads_v6_US East_3': 5, 'E64as_v6_US East_3': 5, 'E8ads_v6_US East_2': 5, 'E8ads_v6_US East_3': 5, 'E8as_v6_US East_2': 5, 'E8as_v6_US East_3': 5, 'E8ps_v5_US East_3': 5, 'E96-24ads_v6_US East_1': 5, 'E96-48ads_v6_US East_3': 5, 'E96ads_v6_US East_3': 5, 'E96as_v6_US East_3': 5, 'F16als_v6_US East_2': 5, 'F16als_v6_US East_3': 5, 'F16ams_v6_US East_2': 5, 'F16ams_v6_US East_3': 5, 'F16as_v6_US East_1': 5, 'F16as_v6_US East_2': 5, 'F2als_v6_US East_1': 5, 'F2als_v6_US East_2': 5, 'F2als_v6_US East_3': 5, 'F2ams_v6_US East_1': 5, 'F2ams_v6_US East_2': 5, 'F2ams_v6_US East_3': 5, 'F2as_v6_US East_1': 5, 'F2as_v6_US East_2': 5, 'F2as_v6_US East_3': 5, 'F32als_v6_US East_2': 5, 'F32ams_v6_US East_2': 5, 'F32as_v6_US East_3': 5, 'F48als_v6_US East_3': 5, 'F48ams_v6_US East_2': 5, 'F48as_v6_US East_2': 5, 'F4als_v6_US East_1': 5, 'F4als_v6_US East_2': 5, 'F4als_v6_US East_3': 5, 'F4ams_v6_US East_1': 5, 'F4ams_v6_US East_2': 5, 'F4ams_v6_US East_3': 5, 'F4as_v6_US East_1': 5, 'F4as_v6_US East_2': 5, 'F4as_v6_US East_3': 5, 'F64als_v6_US East_3': 5, 'F64ams_v6_US East_3': 5, 'F64as_v6_US East_1': 5, 'F8als_v6_US East_1': 5, 'F8als_v6_US East_3': 5, 'F8ams_v6_US East_2': 5, 'F8ams_v6_US East_3': 5, 'F8as_v6_US East_1': 5, 'F8as_v6_US East_2': 5, 'M12ds_v3_US East_2': 5, 'M12s_v3_US East_1': 5, 'M32dms_v2_US East_1': 5, 'M32dms_v2_US East_2': 5, 'M32dms_v2_US East_3': 5, 'M32ls_US East_1': 5, 'M32ls_US East_2': 5, 'M32ls_US East_3': 5, 'M32ms_v2_US East_1': 5, 'M32ms_v2_US East_2': 5, 'M32ms_v2_US East_3': 5, 'M32ts_US East_1': 5, 'M32ts_US East_2': 5, 'M32ts_US East_3': 5, 'M64s_v2_US East_1': 5, 'M64s_v2_US East_3': 5, 'NV16as_v4_US East_2': 5, 'NV4as_v4_US East_1': 5, 'NV4as_v4_US East_2': 5, 'NV4as_v4_US East_3': 5, 'NV6ads_A10_v5_US East_1': 5, 'NV6ads_A10_v5_US East_2': 5, 'NV8as_v4_US East_1': 5, 'NV8as_v4_US East_2': 5, 'NV8as_v4_US East_3': 5}"
0.8,265.87974499999996,445119426,1674138.157647173,16035,15635,"{'B16ps_v2_US East_1': 5, 'B2pls_v2_US East_1': 5, 'B2pls_v2_US East_2': 5, 'B2pls_v2_US East_3': 5, 'B2ps_v2_US East_1': 5, 'B2ps_v2_US East_2': 5, 'B2ps_v2_US East_3': 5, 'B4ps_v2_US East_1': 5, 'B4ps_v2_US East_2': 5, 'B4ps_v2_US East_3': 5, 'B8ps_v2_US East_1': 5, 'B8ps_v2_US East_2': 5, 'B8ps_v2_US East_3': 5, 'D16ads_v6_US East_1': 5, 'D16ads_v6_US East_2': 5, 'D16alds_v6_US East_1': 5, 'D16alds_v6_US East_3': 5, 'D16als_v6_US East_2': 5, 'D16als_v6_US East_3': 5, 'D16as_v6_US East_1': 5, 'D16as_v6_US East_3': 5, 'D16pds_v5_US East_3': 5, 'D16plds_v5_US East_1': 5, 'D16plds_v5_US East_2': 5, 'D16pls_v5_US East_1': 5, 'D16pls_v5_US East_2': 5, 'D16ps_v5_US East_3': 5, 'D2ads_v6_US East_1': 5, 'D2ads_v6_US East_2': 5, 'D2ads_v6_US East_3': 5, 'D2alds_v6_US East_1': 5, 'D2alds_v6_US East_2': 5, 'D2alds_v6_US East_3': 5, 'D2als_v6_US East_1': 5, 'D2als_v6_US East_2': 5, 'D2als_v6_US East_3': 5, 'D2as_v6_US East_1': 5, 'D2as_v6_US East_2': 5, 'D2as_v6_US East_3': 5, 'D2pds_v5_US East_1': 5, 'D2pds_v5_US East_2': 5, 'D2pds_v5_US East_3': 5, 'D2plds_v5_US East_1': 5, 'D2plds_v5_US East_2': 5, 'D2plds_v5_US East_3': 5, 'D2pls_v5_US East_1': 5, 'D2pls_v5_US East_2': 5, 'D2pls_v5_US East_3': 5, 'D2ps_v5_US East_1': 5, 'D2ps_v5_US East_2': 5, 'D2ps_v5_US East_3': 5, 'D32ads_v6_US East_1': 5, 'D32ads_v6_US East_3': 5, 'D32alds_v6_US East_1': 5, 'D32alds_v6_US East_2': 5, 'D32als_v6_US East_1': 5, 'D32als_v6_US East_2': 5, 'D32as_v6_US East_1': 5, 'D32as_v6_US East_3': 5, 'D32plds_v5_US East_2': 5, 'D32pls_v5_US East_2': 5, 'D48ads_v6_US East_2': 5, 'D48alds_v6_US East_2': 5, 'D48als_v6_US East_1': 5, 'D48als_v6_US East_3': 5, 'D4ads_v6_US East_1': 5, 'D4ads_v6_US East_2': 5, 'D4ads_v6_US East_3': 5, 'D4alds_v6_US East_1': 5, 'D4alds_v6_US East_2': 5, 'D4alds_v6_US East_3': 5, 'D4als_v6_US East_1': 5, 'D4als_v6_US East_2': 5, 'D4als_v6_US East_3': 5, 'D4as_v6_US East_1': 5, 'D4as_v6_US East_2': 5, 'D4as_v6_US East_3': 5, 'D4pds_v5_US East_1': 5, 'D4pds_v5_US East_2': 5, 'D4pds_v5_US East_3': 5, 'D4plds_v5_US East_1': 5, 'D4plds_v5_US East_2': 5, 'D4plds_v5_US East_3': 5, 'D4pls_v5_US East_1': 5, 'D4pls_v5_US East_2': 5, 'D4pls_v5_US East_3': 5, 'D4ps_v5_US East_1': 5, 'D4ps_v5_US East_2': 5, 'D4ps_v5_US East_3': 5, 'D64ads_v6_US East_2': 5, 'D64alds_v6_US East_1': 5, 'D64als_v6_US East_3': 5, 'D64as_v6_US East_2': 5, 'D8ads_v6_US East_1': 5, 'D8ads_v6_US East_2': 5, 'D8ads_v6_US East_3': 5, 'D8alds_v6_US East_1': 5, 'D8alds_v6_US East_2': 5, 'D8alds_v6_US East_3': 5, 'D8als_v6_US East_1': 5, 'D8als_v6_US East_2': 5, 'D8als_v6_US East_3': 5, 'D8as_v6_US East_1': 5, 'D8as_v6_US East_2': 5, 'D8as_v6_US East_3': 5, 'D8plds_v5_US East_1': 5, 'D8plds_v5_US East_2': 5, 'D8plds_v5_US East_3': 5, 'D8pls_v5_US East_1': 5, 'D8pls_v5_US East_2': 5, 'D8pls_v5_US East_3': 5, 'D8ps_v5_US East_1': 5, 'D8ps_v5_US East_2': 5, 'D8ps_v5_US East_3': 5, 'D96ads_v6_US East_3': 5, 'D96alds_v6_US East_3': 5, 'D96als_v6_US East_3': 5, 'D96as_v6_US East_3': 5, 'DC1s_v2_US East_1': 5, 'DC2s_v2_US East_2': 5, 'E16ads_v6_US East_2': 5, 'E16ads_v6_US East_3': 5, 'E16as_v6_US East_1': 5, 'E16as_v6_US East_3': 5, 'E20ads_v6_US East_1': 5, 'E20ads_v6_US East_2': 5, 'E20as_v6_US East_1': 5, 'E20as_v6_US East_3': 5, 'E2ads_v6_US East_1': 5, 'E2ads_v6_US East_2': 5, 'E2ads_v6_US East_3': 5, 'E2as_v6_US East_1': 5, 'E2as_v6_US East_2': 5, 'E2as_v6_US East_3': 5, 'E2ps_v5_US East_1': 5, 'E2ps_v5_US East_2': 5, 'E2ps_v5_US East_3': 5, 'E32ads_v6_US East_3': 5, 'E32as_v6_US East_3': 5, 'E48ads_v6_US East_3': 5, 'E48as_v6_US East_2': 5, 'E4ads_v6_US East_1': 5, 'E4ads_v6_US East_2': 5, 'E4ads_v6_US East_3': 5, 'E4as_v6_US East_1': 5, 'E4as_v6_US East_2': 5, 'E4as_v6_US East_3': 5, 'E4ps_v5_US East_1': 5, 'E4ps_v5_US East_2': 5, 'E4ps_v5_US East_3': 5, 'E64ads_v6_US East_3': 5, 'E64as_v6_US East_3': 5, 'E8ads_v6_US East_2': 5, 'E8ads_v6_US East_3': 5, 'E8as_v6_US East_2': 5, 'E8as_v6_US East_3': 5, 'E8ps_v5_US East_3': 5, 'E96-24ads_v6_US East_1': 5, 'E96-48ads_v6_US East_3': 5, 'E96ads_v6_US East_3': 5, 'E96as_v6_US East_3': 5, 'F16als_v6_US East_2': 5, 'F16als_v6_US East_3': 5, 'F16ams_v6_US East_2': 5, 'F16ams_v6_US East_3': 5, 'F16as_v6_US East_1': 5, 'F16as_v6_US East_2': 5, 'F2als_v6_US East_1': 5, 'F2als_v6_US East_2': 5, 'F2als_v6_US East_3': 5, 'F2ams_v6_US East_1': 5, 'F2ams_v6_US East_2': 5, 'F2ams_v6_US East_3': 5, 'F2as_v6_US East_1': 5, 'F2as_v6_US East_2': 5, 'F2as_v6_US East_3': 5, 'F32als_v6_US East_2': 5, 'F32ams_v6_US East_2': 5, 'F32as_v6_US East_3': 5, 'F48als_v6_US East_3': 5, 'F48ams_v6_US East_2': 5, 'F48as_v6_US East_2': 5, 'F4als_v6_US East_1': 5, 'F4als_v6_US East_2': 5, 'F4als_v6_US East_3': 5, 'F4ams_v6_US East_1': 5, 'F4ams_v6_US East_2': 5, 'F4ams_v6_US East_3': 5, 'F4as_v6_US East_1': 5, 'F4as_v6_US East_2': 5, 'F4as_v6_US East_3': 5, 'F64als_v6_US East_3': 5, 'F64ams_v6_US East_3': 5, 'F64as_v6_US East_1': 5, 'F8als_v6_US East_1': 5, 'F8als_v6_US East_3': 5, 'F8ams_v6_US East_2': 5, 'F8ams_v6_US East_3': 5, 'F8as_v6_US East_1': 5, 'F8as_v6_US East_2': 5, 'M12ds_v3_US East_2': 5, 'M12s_v3_US East_1': 5, 'M32dms_v2_US East_1': 5, 'M32dms_v2_US East_2': 5, 'M32dms_v2_US East_3': 5, 'M32ls_US East_1': 5, 'M32ls_US East_2': 5, 'M32ls_US East_3': 5, 'M32ms_v2_US East_1': 5, 'M32ms_v2_US East_2': 5, 'M32ms_v2_US East_3': 5, 'M32ts_US East_1': 5, 'M32ts_US East_2': 5, 'M32ts_US East_3': 5, 'M64s_v2_US East_1': 5, 'M64s_v2_US East_3': 5, 'M8-4ms_US East_1': 5, 'M8-4ms_US East_2': 5, 'M8-4ms_US East_3': 5, 'NV16as_v4_US East_2': 5, 'NV4as_v4_US East_1': 5, 'NV4as_v4_US East_2': 5, 'NV4as_v4_US East_3': 5, 'NV6ads_A10_v5_US East_1': 5, 'NV6ads_A10_v5_US East_2': 5, 'NV8as_v4_US East_1': 5, 'NV8as_v4_US East_2': 5, 'NV8as_v4_US East_3': 5}"
0.81,332.49454999999995,470655737,1415529.1785985671,17805,17405,"{'B16pls_v2_US East_1': 5, 'B16pls_v2_US East_2': 5, 'B16pls_v2_US East_3': 5, 'B16ps_v2_US East_1': 5, 'B2pls_v2_US East_1': 5, 'B2pls_v2_US East_2': 5, 'B2pls_v2_US East_3': 5, 'B2ps_v2_US East_1': 5, 'B2ps_v2_US East_2': 5, 'B2ps_v2_US East_3': 5, 'B4pls_v2_US East_1': 5, 'B4pls_v2_US East_2': 5, 'B4pls_v2_US East_3': 5, 'B4ps_v2_US East_1': 5, 'B4ps_v2_US East_2': 5, 'B4ps_v2_US East_3': 5, 'B8pls_v2_US East_1': 5, 'B8pls_v2_US East_2': 5, 'B8pls_v2_US East_3': 5, 'B8ps_v2_US East_1': 5, 'B8ps_v2_US East_2': 5, 'B8ps_v2_US East_3': 5, 'D16ads_v6_US East_1': 5, 'D16ads_v6_US East_2': 5, 'D16alds_v6_US East_1': 5, 'D16alds_v6_US East_3': 5, 'D16als_v6_US East_2': 5, 'D16als_v6_US East_3': 5, 'D16as_v6_US East_1': 5, 'D16as_v6_US East_3': 5, 'D16pds_v5_US East_3': 5, 'D16plds_v5_US East_1': 5, 'D16plds_v5_US East_2': 5, 'D16pls_v5_US East_1': 5, 'D16pls_v5_US East_2': 5, 'D16ps_v5_US East_3': 5, 'D2ads_v6_US East_1': 5, 'D2ads_v6_US East_2': 5, 'D2ads_v6_US East_3': 5, 'D2alds_v6_US East_1': 5, 'D2alds_v6_US East_2': 5, 'D2alds_v6_US East_3': 5, 'D2als_v6_US East_1': 5, 'D2als_v6_US East_2': 5, 'D2als_v6_US East_3': 5, 'D2as_v6_US East_1': 5, 'D2as_v6_US East_2': 5, 'D2as_v6_US East_3': 5, 'D2pds_v5_US East_1': 5, 'D2pds_v5_US East_2': 5, 'D2pds_v5_US East_3': 5, 'D2plds_v5_US East_1': 5, 'D2plds_v5_US East_2': 5, 'D2plds_v5_US East_3': 5, 'D2pls_v5_US East_1': 5, 'D2pls_v5_US East_2': 5, 'D2pls_v5_US East_3': 5, 'D2ps_v5_US East_1': 5, 'D2ps_v5_US East_2': 5, 'D2ps_v5_US East_3': 5, 'D32ads_v6_US East_1': 5, 'D32ads_v6_US East_3': 5, 'D32alds_v6_US East_1': 5, 'D32alds_v6_US East_2': 5, 'D32als_v6_US East_1': 5, 'D32als_v6_US East_2': 5, 'D32as_v6_US East_1': 5, 'D32as_v6_US East_3': 5, 'D32plds_v5_US East_2': 5, 'D32pls_v5_US East_2': 5, 'D48ads_v6_US East_2': 5, 'D48alds_v6_US East_2': 5, 'D48als_v6_US East_1': 5, 'D48als_v6_US East_3': 5, 'D4ads_v6_US East_1': 5, 'D4ads_v6_US East_2': 5, 'D4ads_v6_US East_3': 5, 'D4alds_v6_US East_1': 5, 'D4alds_v6_US East_2': 5, 'D4alds_v6_US East_3': 5, 'D4als_v6_US East_1': 5, 'D4als_v6_US East_2': 5, 'D4als_v6_US East_3': 5, 'D4as_v6_US East_1': 5, 'D4as_v6_US East_2': 5, 'D4as_v6_US East_3': 5, 'D4pds_v5_US East_1': 5, 'D4pds_v5_US East_2': 5, 'D4pds_v5_US East_3': 5, 'D4plds_v5_US East_1': 5, 'D4plds_v5_US East_2': 5, 'D4plds_v5_US East_3': 5, 'D4pls_v5_US East_1': 5, 'D4pls_v5_US East_2': 5, 'D4pls_v5_US East_3': 5, 'D4ps_v5_US East_1': 5, 'D4ps_v5_US East_2': 5, 'D4ps_v5_US East_3': 5, 'D64ads_v6_US East_2': 5, 'D64alds_v6_US East_1': 5, 'D64als_v6_US East_3': 5, 'D64as_v6_US East_2': 5, 'D8ads_v6_US East_1': 5, 'D8ads_v6_US East_2': 5, 'D8ads_v6_US East_3': 5, 'D8alds_v6_US East_1': 5, 'D8alds_v6_US East_2': 5, 'D8alds_v6_US East_3': 5, 'D8als_v6_US East_1': 5, 'D8als_v6_US East_2': 5, 'D8als_v6_US East_3': 5, 'D8as_v6_US East_1': 5, 'D8as_v6_US East_2': 5, 'D8as_v6_US East_3': 5, 'D8plds_v5_US East_1': 5, 'D8plds_v5_US East_2': 5, 'D8plds_v5_US East_3': 5, 'D8pls_v5_US East_1': 5, 'D8pls_v5_US East_2': 5, 'D8pls_v5_US East_3': 5, 'D8ps_v5_US East_1': 5, 'D8ps_v5_US East_2': 5, 'D8ps_v5_US East_3': 5, 'D96ads_v6_US East_3': 5, 'D96alds_v6_US East_3': 5, 'D96als_v6_US East_3': 5, 'D96as_v6_US East_3': 5, 'DC1s_v2_US East_1': 5, 'DC2s_v2_US East_2': 5, 'E16ads_v6_US East_2': 5, 'E16ads_v6_US East_3': 5, 'E16as_v6_US East_1': 5, 'E16as_v6_US East_3': 5, 'E20ads_v6_US East_1': 5, 'E20ads_v6_US East_2': 5, 'E20as_v6_US East_1': 5, 'E20as_v6_US East_3': 5, 'E2ads_v6_US East_1': 5, 'E2ads_v6_US East_2': 5, 'E2ads_v6_US East_3': 5, 'E2as_v6_US East_1': 5, 'E2as_v6_US East_2': 5, 'E2as_v6_US East_3': 5, 'E2ps_v5_US East_1': 5, 'E2ps_v5_US East_2': 5, 'E2ps_v5_US East_3': 5, 'E32ads_v6_US East_3': 5, 'E32as_v6_US East_3': 5, 'E48ads_v6_US East_3': 5, 'E48as_v6_US East_2': 5, 'E4ads_v6_US East_1': 5, 'E4ads_v6_US East_2': 5, 'E4ads_v6_US East_3': 5, 'E4as_v6_US East_1': 5, 'E4as_v6_US East_2': 5, 'E4as_v6_US East_3': 5, 'E4ps_v5_US East_1': 5, 'E4ps_v5_US East_2': 5, 'E4ps_v5_US East_3': 5, 'E64ads_v6_US East_3': 5, 'E64as_v6_US East_3': 5, 'E8ads_v6_US East_2': 5, 'E8ads_v6_US East_3': 5, 'E8as_v6_US East_2': 5, 'E8as_v6_US East_3': 5, 'E8ps_v5_US East_3': 5, 'E96-24ads_v6_US East_1': 5, 'E96-48ads_v6_US East_3': 5, 'E96ads_v6_US East_3': 5, 'E96as_v6_US East_3': 5, 'F16als_v6_US East_2': 5, 'F16als_v6_US East_3': 5, 'F16ams_v6_US East_2': 5, 'F16ams_v6_US East_3': 5, 'F16as_v6_US East_1': 5, 'F16as_v6_US East_2': 5, 'F2als_v6_US East_1': 5, 'F2als_v6_US East_2': 5, 'F2als_v6_US East_3': 5, 'F2ams_v6_US East_1': 5, 'F2ams_v6_US East_2': 5, 'F2ams_v6_US East_3': 5, 'F2as_v6_US East_1': 5, 'F2as_v6_US East_2': 5, 'F2as_v6_US East_3': 5, 'F32als_v6_US East_2': 5, 'F32ams_v6_US East_2': 5, 'F32as_v6_US East_3': 5, 'F48als_v6_US East_3': 5, 'F48ams_v6_US East_2': 5, 'F48as_v6_US East_2': 5, 'F4als_v6_US East_1': 5, 'F4als_v6_US East_2': 5, 'F4als_v6_US East_3': 5, 'F4ams_v6_US East_1': 5, 'F4ams_v6_US East_2': 5, 'F4ams_v6_US East_3': 5, 'F4as_v6_US East_1': 5, 'F4as_v6_US East_2': 5, 'F4as_v6_US East_3': 5, 'F64als_v6_US East_3': 5, 'F64ams_v6_US East_3': 5, 'F64as_v6_US East_1': 5, 'F8als_v6_US East_1': 5, 'F8als_v6_US East_3': 5, 'F8ams_v6_US East_2': 5, 'F8ams_v6_US East_3': 5, 'F8as_v6_US East_1': 5, 'F8as_v6_US East_2': 5, 'M12ds_v3_US East_2': 5, 'M12s_v3_US East_1': 5, 'M16-8ms_US East_1': 5, 'M16-8ms_US East_2': 5, 'M16-8ms_US East_3': 5, 'M16ms_US East_1': 5, 'M16ms_US East_2': 5, 'M16ms_US East_3': 5, 'M32-8ms_US East_1': 5, 'M32-8ms_US East_2': 5, 'M32-8ms_US East_3': 5, 'M32dms_v2_US East_1': 5, 'M32dms_v2_US East_2': 5, 'M32dms_v2_US East_3': 5, 'M32ls_US East_1': 5, 'M32ls_US East_2': 5, 'M32ls_US East_3': 5, 'M32ms_US East_1': 5, 'M32ms_US East_2': 5, 'M32ms_US East_3': 5, 'M32ms_v2_US East_1': 5, 'M32ms_v2_US East_2': 5, 'M32ms_v2_US East_3': 5, 'M32ts_US East_1': 5, 'M32ts_US East_2': 5, 'M32ts_US East_3': 5, 'M64s_v2_US East_1': 5, 'M64s_v2_US East_3': 5, 'M8-4ms_US East_1': 5, 'M8-4ms_US East_2': 5, 'M8-4ms_US East_3': 5, 'M8ms_US East_1': 5, 'M8ms_US East_2': 5, 'M8ms_US East_3': 5, 'NV16as_v4_US East_2': 5, 'NV4as_v4_US East_1': 5, 'NV4as_v4_US East_2': 5, 'NV4as_v4_US East_3': 5, 'NV6ads_A10_v5_US East_1': 5, 'NV6ads_A10_v5_US East_2': 5, 'NV8as_v4_US East_1': 5, 'NV8as_v4_US East_2': 5, 'NV8as_v4_US East_3': 5}"
0.8200000000000001,332.49454999999995,470655737,1415529.1785985671,17805,17405,"{'B16pls_v2_US East_1': 5, 'B16pls_v2_US East_2': 5, 'B16pls_v2_US East_3': 5, 'B16ps_v2_US East_1': 5, 'B2pls_v2_US East_1': 5, 'B2pls_v2_US East_2': 5, 'B2pls_v2_US East_3': 5, 'B2ps_v2_US East_1': 5, 'B2ps_v2_US East_2': 5, 'B2ps_v2_US East_3': 5, 'B4pls_v2_US East_1': 5, 'B4pls_v2_US East_2': 5, 'B4pls_v2_US East_3': 5, 'B4ps_v2_US East_1': 5, 'B4ps_v2_US East_2': 5, 'B4ps_v2_US East_3': 5, 'B8pls_v2_US East_1': 5, 'B8pls_v2_US East_2': 5, 'B8pls_v2_US East_3': 5, 'B8ps_v2_US East_1': 5, 'B8ps_v2_US East_2': 5, 'B8ps_v2_US East_3': 5, 'D16ads_v6_US East_1': 5, 'D16ads_v6_US East_2': 5, 'D16alds_v6_US East_1': 5, 'D16alds_v6_US East_3': 5, 'D16als_v6_US East_2': 5, 'D16als_v6_US East_3': 5, 'D16as_v6_US East_1': 5, 'D16as_v6_US East_3': 5, 'D16pds_v5_US East_3': 5, 'D16plds_v5_US East_1': 5, 'D16plds_v5_US East_2': 5, 'D16pls_v5_US East_1': 5, 'D16pls_v5_US East_2': 5, 'D16ps_v5_US East_3': 5, 'D2ads_v6_US East_1': 5, 'D2ads_v6_US East_2': 5, 'D2ads_v6_US East_3': 5, 'D2alds_v6_US East_1': 5, 'D2alds_v6_US East_2': 5, 'D2alds_v6_US East_3': 5, 'D2als_v6_US East_1': 5, 'D2als_v6_US East_2': 5, 'D2als_v6_US East_3': 5, 'D2as_v6_US East_1': 5, 'D2as_v6_US East_2': 5, 'D2as_v6_US East_3': 5, 'D2pds_v5_US East_1': 5, 'D2pds_v5_US East_2': 5, 'D2pds_v5_US East_3': 5, 'D2plds_v5_US East_1': 5, 'D2plds_v5_US East_2': 5, 'D2plds_v5_US East_3': 5, 'D2pls_v5_US East_1': 5, 'D2pls_v5_US East_2': 5, 'D2pls_v5_US East_3': 5, 'D2ps_v5_US East_1': 5, 'D2ps_v5_US East_2': 5, 'D2ps_v5_US East_3': 5, 'D32ads_v6_US East_1': 5, 'D32ads_v6_US East_3': 5, 'D32alds_v6_US East_1': 5, 'D32alds_v6_US East_2': 5, 'D32als_v6_US East_1': 5, 'D32als_v6_US East_2': 5, 'D32as_v6_US East_1': 5, 'D32as_v6_US East_3': 5, 'D32plds_v5_US East_2': 5, 'D32pls_v5_US East_2': 5, 'D48ads_v6_US East_2': 5, 'D48alds_v6_US East_2': 5, 'D48als_v6_US East_1': 5, 'D48als_v6_US East_3': 5, 'D4ads_v6_US East_1': 5, 'D4ads_v6_US East_2': 5, 'D4ads_v6_US East_3': 5, 'D4alds_v6_US East_1': 5, 'D4alds_v6_US East_2': 5, 'D4alds_v6_US East_3': 5, 'D4als_v6_US East_1': 5, 'D4als_v6_US East_2': 5, 'D4als_v6_US East_3': 5, 'D4as_v6_US East_1': 5, 'D4as_v6_US East_2': 5, 'D4as_v6_US East_3': 5, 'D4pds_v5_US East_1': 5, 'D4pds_v5_US East_2': 5, 'D4pds_v5_US East_3': 5, 'D4plds_v5_US East_1': 5, 'D4plds_v5_US East_2': 5, 'D4plds_v5_US East_3': 5, 'D4pls_v5_US East_1': 5, 'D4pls_v5_US East_2': 5, 'D4pls_v5_US East_3': 5, 'D4ps_v5_US East_1': 5, 'D4ps_v5_US East_2': 5, 'D4ps_v5_US East_3': 5, 'D64ads_v6_US East_2': 5, 'D64alds_v6_US East_1': 5, 'D64als_v6_US East_3': 5, 'D64as_v6_US East_2': 5, 'D8ads_v6_US East_1': 5, 'D8ads_v6_US East_2': 5, 'D8ads_v6_US East_3': 5, 'D8alds_v6_US East_1': 5, 'D8alds_v6_US East_2': 5, 'D8alds_v6_US East_3': 5, 'D8als_v6_US East_1': 5, 'D8als_v6_US East_2': 5, 'D8als_v6_US East_3': 5, 'D8as_v6_US East_1': 5, 'D8as_v6_US East_2': 5, 'D8as_v6_US East_3': 5, 'D8plds_v5_US East_1': 5, 'D8plds_v5_US East_2': 5, 'D8plds_v5_US East_3': 5, 'D8pls_v5_US East_1': 5, 'D8pls_v5_US East_2': 5, 'D8pls_v5_US East_3': 5, 'D8ps_v5_US East_1': 5, 'D8ps_v5_US East_2': 5, 'D8ps_v5_US East_3': 5, 'D96ads_v6_US East_3': 5, 'D96alds_v6_US East_3': 5, 'D96als_v6_US East_3': 5, 'D96as_v6_US East_3': 5, 'DC1s_v2_US East_1': 5, 'DC2s_v2_US East_2': 5, 'E16ads_v6_US East_2': 5, 'E16ads_v6_US East_3': 5, 'E16as_v6_US East_1': 5, 'E16as_v6_US East_3': 5, 'E20ads_v6_US East_1': 5, 'E20ads_v6_US East_2': 5, 'E20as_v6_US East_1': 5, 'E20as_v6_US East_3': 5, 'E2ads_v6_US East_1': 5, 'E2ads_v6_US East_2': 5, 'E2ads_v6_US East_3': 5, 'E2as_v6_US East_1': 5, 'E2as_v6_US East_2': 5, 'E2as_v6_US East_3': 5, 'E2ps_v5_US East_1': 5, 'E2ps_v5_US East_2': 5, 'E2ps_v5_US East_3': 5, 'E32ads_v6_US East_3': 5, 'E32as_v6_US East_3': 5, 'E48ads_v6_US East_3': 5, 'E48as_v6_US East_2': 5, 'E4ads_v6_US East_1': 5, 'E4ads_v6_US East_2': 5, 'E4ads_v6_US East_3': 5, 'E4as_v6_US East_1': 5, 'E4as_v6_US East_2': 5, 'E4as_v6_US East_3': 5, 'E4ps_v5_US East_1': 5, 'E4ps_v5_US East_2': 5, 'E4ps_v5_US East_3': 5, 'E64ads_v6_US East_3': 5, 'E64as_v6_US East_3': 5, 'E8ads_v6_US East_2': 5, 'E8ads_v6_US East_3': 5, 'E8as_v6_US East_2': 5, 'E8as_v6_US East_3': 5, 'E8ps_v5_US East_3': 5, 'E96-24ads_v6_US East_1': 5, 'E96-48ads_v6_US East_3': 5, 'E96ads_v6_US East_3': 5, 'E96as_v6_US East_3': 5, 'F16als_v6_US East_2': 5, 'F16als_v6_US East_3': 5, 'F16ams_v6_US East_2': 5, 'F16ams_v6_US East_3': 5, 'F16as_v6_US East_1': 5, 'F16as_v6_US East_2': 5, 'F2als_v6_US East_1': 5, 'F2als_v6_US East_2': 5, 'F2als_v6_US East_3': 5, 'F2ams_v6_US East_1': 5, 'F2ams_v6_US East_2': 5, 'F2ams_v6_US East_3': 5, 'F2as_v6_US East_1': 5, 'F2as_v6_US East_2': 5, 'F2as_v6_US East_3': 5, 'F32als_v6_US East_2': 5, 'F32ams_v6_US East_2': 5, 'F32as_v6_US East_3': 5, 'F48als_v6_US East_3': 5, 'F48ams_v6_US East_2': 5, 'F48as_v6_US East_2': 5, 'F4als_v6_US East_1': 5, 'F4als_v6_US East_2': 5, 'F4als_v6_US East_3': 5, 'F4ams_v6_US East_1': 5, 'F4ams_v6_US East_2': 5, 'F4ams_v6_US East_3': 5, 'F4as_v6_US East_1': 5, 'F4as_v6_US East_2': 5, 'F4as_v6_US East_3': 5, 'F64als_v6_US East_3': 5, 'F64ams_v6_US East_3': 5, 'F64as_v6_US East_1': 5, 'F8als_v6_US East_1': 5, 'F8als_v6_US East_3': 5, 'F8ams_v6_US East_2': 5, 'F8ams_v6_US East_3': 5, 'F8as_v6_US East_1': 5, 'F8as_v6_US East_2': 5, 'M12ds_v3_US East_2': 5, 'M12s_v3_US East_1': 5, 'M16-8ms_US East_1': 5, 'M16-8ms_US East_2': 5, 'M16-8ms_US East_3': 5, 'M16ms_US East_1': 5, 'M16ms_US East_2': 5, 'M16ms_US East_3': 5, 'M32-8ms_US East_1': 5, 'M32-8ms_US East_2': 5, 'M32-8ms_US East_3': 5, 'M32dms_v2_US East_1': 5, 'M32dms_v2_US East_2': 5, 'M32dms_v2_US East_3': 5, 'M32ls_US East_1': 5, 'M32ls_US East_2': 5, 'M32ls_US East_3': 5, 'M32ms_US East_1': 5, 'M32ms_US East_2': 5, 'M32ms_US East_3': 5, 'M32ms_v2_US East_1': 5, 'M32ms_v2_US East_2': 5, 'M32ms_v2_US East_3': 5, 'M32ts_US East_1': 5, 'M32ts_US East_2': 5, 'M32ts_US East_3': 5, 'M64s_v2_US East_1': 5, 'M64s_v2_US East_3': 5, 'M8-4ms_US East_1': 5, 'M8-4ms_US East_2': 5, 'M8-4ms_US East_3': 5, 'M8ms_US East_1': 5, 'M8ms_US East_2': 5, 'M8ms_US East_3': 5, 'NV16as_v4_US East_2': 5, 'NV4as_v4_US East_1': 5, 'NV4as_v4_US East_2': 5, 'NV4as_v4_US East_3': 5, 'NV6ads_A10_v5_US East_1': 5, 'NV6ads_A10_v5_US East_2': 5, 'NV8as_v4_US East_1': 5, 'NV8as_v4_US East_2': 5, 'NV8as_v4_US East_3': 5}"
0.8300000000000001,332.49454999999995,470655737,1415529.1785985671,17805,17405,"{'B16pls_v2_US East_1': 5, 'B16pls_v2_US East_2': 5, 'B16pls_v2_US East_3': 5, 'B16ps_v2_US East_1': 5, 'B2pls_v2_US East_1': 5, 'B2pls_v2_US East_2': 5, 'B2pls_v2_US East_3': 5, 'B2ps_v2_US East_1': 5, 'B2ps_v2_US East_2': 5, 'B2ps_v2_US East_3': 5, 'B4pls_v2_US East_1': 5, 'B4pls_v2_US East_2': 5, 'B4pls_v2_US East_3': 5, 'B4ps_v2_US East_1': 5, 'B4ps_v2_US East_2': 5, 'B4ps_v2_US East_3': 5, 'B8pls_v2_US East_1': 5, 'B8pls_v2_US East_2': 5, 'B8pls_v2_US East_3': 5, 'B8ps_v2_US East_1': 5, 'B8ps_v2_US East_2': 5, 'B8ps_v2_US East_3': 5, 'D16ads_v6_US East_1': 5, 'D16ads_v6_US East_2': 5, 'D16alds_v6_US East_1': 5, 'D16alds_v6_US East_3': 5, 'D16als_v6_US East_2': 5, 'D16als_v6_US East_3': 5, 'D16as_v6_US East_1': 5, 'D16as_v6_US East_3': 5, 'D16pds_v5_US East_3': 5, 'D16plds_v5_US East_1': 5, 'D16plds_v5_US East_2': 5, 'D16pls_v5_US East_1': 5, 'D16pls_v5_US East_2': 5, 'D16ps_v5_US East_3': 5, 'D2ads_v6_US East_1': 5, 'D2ads_v6_US East_2': 5, 'D2ads_v6_US East_3': 5, 'D2alds_v6_US East_1': 5, 'D2alds_v6_US East_2': 5, 'D2alds_v6_US East_3': 5, 'D2als_v6_US East_1': 5, 'D2als_v6_US East_2': 5, 'D2als_v6_US East_3': 5, 'D2as_v6_US East_1': 5, 'D2as_v6_US East_2': 5, 'D2as_v6_US East_3': 5, 'D2pds_v5_US East_1': 5, 'D2pds_v5_US East_2': 5, 'D2pds_v5_US East_3': 5, 'D2plds_v5_US East_1': 5, 'D2plds_v5_US East_2': 5, 'D2plds_v5_US East_3': 5, 'D2pls_v5_US East_1': 5, 'D2pls_v5_US East_2': 5, 'D2pls_v5_US East_3': 5, 'D2ps_v5_US East_1': 5, 'D2ps_v5_US East_2': 5, 'D2ps_v5_US East_3': 5, 'D32ads_v6_US East_1': 5, 'D32ads_v6_US East_3': 5, 'D32alds_v6_US East_1': 5, 'D32alds_v6_US East_2': 5, 'D32als_v6_US East_1': 5, 'D32als_v6_US East_2': 5, 'D32as_v6_US East_1': 5, 'D32as_v6_US East_3': 5, 'D32plds_v5_US East_2': 5, 'D32pls_v5_US East_2': 5, 'D48ads_v6_US East_2': 5, 'D48alds_v6_US East_2': 5, 'D48als_v6_US East_1': 5, 'D48als_v6_US East_3': 5, 'D4ads_v6_US East_1': 5, 'D4ads_v6_US East_2': 5, 'D4ads_v6_US East_3': 5, 'D4alds_v6_US East_1': 5, 'D4alds_v6_US East_2': 5, 'D4alds_v6_US East_3': 5, 'D4als_v6_US East_1': 5, 'D4als_v6_US East_2': 5, 'D4als_v6_US East_3': 5, 'D4as_v6_US East_1': 5, 'D4as_v6_US East_2': 5, 'D4as_v6_US East_3': 5, 'D4pds_v5_US East_1': 5, 'D4pds_v5_US East_2': 5, 'D4pds_v5_US East_3': 5, 'D4plds_v5_US East_1': 5, 'D4plds_v5_US East_2': 5, 'D4plds_v5_US East_3': 5, 'D4pls_v5_US East_1': 5, 'D4pls_v5_US East_2': 5, 'D4pls_v5_US East_3': 5, 'D4ps_v5_US East_1': 5, 'D4ps_v5_US East_2': 5, 'D4ps_v5_US East_3': 5, 'D64ads_v6_US East_2': 5, 'D64alds_v6_US East_1': 5, 'D64als_v6_US East_3': 5, 'D64as_v6_US East_2': 5, 'D8ads_v6_US East_1': 5, 'D8ads_v6_US East_2': 5, 'D8ads_v6_US East_3': 5, 'D8alds_v6_US East_1': 5, 'D8alds_v6_US East_2': 5, 'D8alds_v6_US East_3': 5, 'D8als_v6_US East_1': 5, 'D8als_v6_US East_2': 5, 'D8als_v6_US East_3': 5, 'D8as_v6_US East_1': 5, 'D8as_v6_US East_2': 5, 'D8as_v6_US East_3': 5, 'D8plds_v5_US East_1': 5, 'D8plds_v5_US East_2': 5, 'D8plds_v5_US East_3': 5, 'D8pls_v5_US East_1': 5, 'D8pls_v5_US East_2': 5, 'D8pls_v5_US East_3': 5, 'D8ps_v5_US East_1': 5, 'D8ps_v5_US East_2': 5, 'D8ps_v5_US East_3': 5, 'D96ads_v6_US East_3': 5, 'D96alds_v6_US East_3': 5, 'D96als_v6_US East_3': 5, 'D96as_v6_US East_3': 5, 'DC1s_v2_US East_1': 5, 'DC2s_v2_US East_2': 5, 'E16ads_v6_US East_2': 5, 'E16ads_v6_US East_3': 5, 'E16as_v6_US East_1': 5, 'E16as_v6_US East_3': 5, 'E20ads_v6_US East_1': 5, 'E20ads_v6_US East_2': 5, 'E20as_v6_US East_1': 5, 'E20as_v6_US East_3': 5, 'E2ads_v6_US East_1': 5, 'E2ads_v6_US East_2': 5, 'E2ads_v6_US East_3': 5, 'E2as_v6_US East_1': 5, 'E2as_v6_US East_2': 5, 'E2as_v6_US East_3': 5, 'E2ps_v5_US East_1': 5, 'E2ps_v5_US East_2': 5, 'E2ps_v5_US East_3': 5, 'E32ads_v6_US East_3': 5, 'E32as_v6_US East_3': 5, 'E48ads_v6_US East_3': 5, 'E48as_v6_US East_2': 5, 'E4ads_v6_US East_1': 5, 'E4ads_v6_US East_2': 5, 'E4ads_v6_US East_3': 5, 'E4as_v6_US East_1': 5, 'E4as_v6_US East_2': 5, 'E4as_v6_US East_3': 5, 'E4ps_v5_US East_1': 5, 'E4ps_v5_US East_2': 5, 'E4ps_v5_US East_3': 5, 'E64ads_v6_US East_3': 5, 'E64as_v6_US East_3': 5, 'E8ads_v6_US East_2': 5, 'E8ads_v6_US East_3': 5, 'E8as_v6_US East_2': 5, 'E8as_v6_US East_3': 5, 'E8ps_v5_US East_3': 5, 'E96-24ads_v6_US East_1': 5, 'E96-48ads_v6_US East_3': 5, 'E96ads_v6_US East_3': 5, 'E96as_v6_US East_3': 5, 'F16als_v6_US East_2': 5, 'F16als_v6_US East_3': 5, 'F16ams_v6_US East_2': 5, 'F16ams_v6_US East_3': 5, 'F16as_v6_US East_1': 5, 'F16as_v6_US East_2': 5, 'F2als_v6_US East_1': 5, 'F2als_v6_US East_2': 5, 'F2als_v6_US East_3': 5, 'F2ams_v6_US East_1': 5, 'F2ams_v6_US East_2': 5, 'F2ams_v6_US East_3': 5, 'F2as_v6_US East_1': 5, 'F2as_v6_US East_2': 5, 'F2as_v6_US East_3': 5, 'F32als_v6_US East_2': 5, 'F32ams_v6_US East_2': 5, 'F32as_v6_US East_3': 5, 'F48als_v6_US East_3': 5, 'F48ams_v6_US East_2': 5, 'F48as_v6_US East_2': 5, 'F4als_v6_US East_1': 5, 'F4als_v6_US East_2': 5, 'F4als_v6_US East_3': 5, 'F4ams_v6_US East_1': 5, 'F4ams_v6_US East_2': 5, 'F4ams_v6_US East_3': 5, 'F4as_v6_US East_1': 5, 'F4as_v6_US East_2': 5, 'F4as_v6_US East_3': 5, 'F64als_v6_US East_3': 5, 'F64ams_v6_US East_3': 5, 'F64as_v6_US East_1': 5, 'F8als_v6_US East_1': 5, 'F8als_v6_US East_3': 5, 'F8ams_v6_US East_2': 5, 'F8ams_v6_US East_3': 5, 'F8as_v6_US East_1': 5, 'F8as_v6_US East_2': 5, 'M12ds_v3_US East_2': 5, 'M12s_v3_US East_1': 5, 'M16-8ms_US East_1': 5, 'M16-8ms_US East_2': 5, 'M16-8ms_US East_3': 5, 'M16ms_US East_1': 5, 'M16ms_US East_2': 5, 'M16ms_US East_3': 5, 'M32-8ms_US East_1': 5, 'M32-8ms_US East_2': 5, 'M32-8ms_US East_3': 5, 'M32dms_v2_US East_1': 5, 'M32dms_v2_US East_2': 5, 'M32dms_v2_US East_3': 5, 'M32ls_US East_1': 5, 'M32ls_US East_2': 5, 'M32ls_US East_3': 5, 'M32ms_US East_1': 5, 'M32ms_US East_2': 5, 'M32ms_US East_3': 5, 'M32ms_v2_US East_1': 5, 'M32ms_v2_US East_2': 5, 'M32ms_v2_US East_3': 5, 'M32ts_US East_1': 5, 'M32ts_US East_2': 5, 'M32ts_US East_3': 5, 'M64s_v2_US East_1': 5, 'M64s_v2_US East_3': 5, 'M8-4ms_US East_1': 5, 'M8-4ms_US East_2': 5, 'M8-4ms_US East_3': 5, 'M8ms_US East_1': 5, 'M8ms_US East_2': 5, 'M8ms_US East_3': 5, 'NV16as_v4_US East_2': 5, 'NV4as_v4_US East_1': 5, 'NV4as_v4_US East_2': 5, 'NV4as_v4_US East_3': 5, 'NV6ads_A10_v5_US East_1': 5, 'NV6ads_A10_v5_US East_2': 5, 'NV8as_v4_US East_1': 5, 'NV8as_v4_US East_2': 5, 'NV8as_v4_US East_3': 5}"
0.84,332.49454999999995,470655737,1415529.1785985671,17805,17405,"{'B16pls_v2_US East_1': 5, 'B16pls_v2_US East_2': 5, 'B16pls_v2_US East_3': 5, 'B16ps_v2_US East_1': 5, 'B2pls_v2_US East_1': 5, 'B2pls_v2_US East_2': 5, 'B2pls_v2_US East_3': 5, 'B2ps_v2_US East_1': 5, 'B2ps_v2_US East_2': 5, 'B2ps_v2_US East_3': 5, 'B4pls_v2_US East_1': 5, 'B4pls_v2_US East_2': 5, 'B4pls_v2_US East_3': 5, 'B4ps_v2_US East_1': 5, 'B4ps_v2_US East_2': 5, 'B4ps_v2_US East_3': 5, 'B8pls_v2_US East_1': 5, 'B8pls_v2_US East_2': 5, 'B8pls_v2_US East_3': 5, 'B8ps_v2_US East_1': 5, 'B8ps_v2_US East_2': 5, 'B8ps_v2_US East_3': 5, 'D16ads_v6_US East_1': 5, 'D16ads_v6_US East_2': 5, 'D16alds_v6_US East_1': 5, 'D16alds_v6_US East_3': 5, 'D16als_v6_US East_2': 5, 'D16als_v6_US East_3': 5, 'D16as_v6_US East_1': 5, 'D16as_v6_US East_3': 5, 'D16pds_v5_US East_3': 5, 'D16plds_v5_US East_1': 5, 'D16plds_v5_US East_2': 5, 'D16pls_v5_US East_1': 5, 'D16pls_v5_US East_2': 5, 'D16ps_v5_US East_3': 5, 'D2ads_v6_US East_1': 5, 'D2ads_v6_US East_2': 5, 'D2ads_v6_US East_3': 5, 'D2alds_v6_US East_1': 5, 'D2alds_v6_US East_2': 5, 'D2alds_v6_US East_3': 5, 'D2als_v6_US East_1': 5, 'D2als_v6_US East_2': 5, 'D2als_v6_US East_3': 5, 'D2as_v6_US East_1': 5, 'D2as_v6_US East_2': 5, 'D2as_v6_US East_3': 5, 'D2pds_v5_US East_1': 5, 'D2pds_v5_US East_2': 5, 'D2pds_v5_US East_3': 5, 'D2plds_v5_US East_1': 5, 'D2plds_v5_US East_2': 5, 'D2plds_v5_US East_3': 5, 'D2pls_v5_US East_1': 5, 'D2pls_v5_US East_2': 5, 'D2pls_v5_US East_3': 5, 'D2ps_v5_US East_1': 5, 'D2ps_v5_US East_2': 5, 'D2ps_v5_US East_3': 5, 'D32ads_v6_US East_1': 5, 'D32ads_v6_US East_3': 5, 'D32alds_v6_US East_1': 5, 'D32alds_v6_US East_2': 5, 'D32als_v6_US East_1': 5, 'D32als_v6_US East_2': 5, 'D32as_v6_US East_1': 5, 'D32as_v6_US East_3': 5, 'D32plds_v5_US East_2': 5, 'D32pls_v5_US East_2': 5, 'D48ads_v6_US East_2': 5, 'D48alds_v6_US East_2': 5, 'D48als_v6_US East_1': 5, 'D48als_v6_US East_3': 5, 'D4ads_v6_US East_1': 5, 'D4ads_v6_US East_2': 5, 'D4ads_v6_US East_3': 5, 'D4alds_v6_US East_1': 5, 'D4alds_v6_US East_2': 5, 'D4alds_v6_US East_3': 5, 'D4als_v6_US East_1': 5, 'D4als_v6_US East_2': 5, 'D4als_v6_US East_3': 5, 'D4as_v6_US East_1': 5, 'D4as_v6_US East_2': 5, 'D4as_v6_US East_3': 5, 'D4pds_v5_US East_1': 5, 'D4pds_v5_US East_2': 5, 'D4pds_v5_US East_3': 5, 'D4plds_v5_US East_1': 5, 'D4plds_v5_US East_2': 5, 'D4plds_v5_US East_3': 5, 'D4pls_v5_US East_1': 5, 'D4pls_v5_US East_2': 5, 'D4pls_v5_US East_3': 5, 'D4ps_v5_US East_1': 5, 'D4ps_v5_US East_2': 5, 'D4ps_v5_US East_3': 5, 'D64ads_v6_US East_2': 5, 'D64alds_v6_US East_1': 5, 'D64als_v6_US East_3': 5, 'D64as_v6_US East_2': 5, 'D8ads_v6_US East_1': 5, 'D8ads_v6_US East_2': 5, 'D8ads_v6_US East_3': 5, 'D8alds_v6_US East_1': 5, 'D8alds_v6_US East_2': 5, 'D8alds_v6_US East_3': 5, 'D8als_v6_US East_1': 5, 'D8als_v6_US East_2': 5, 'D8als_v6_US East_3': 5, 'D8as_v6_US East_1': 5, 'D8as_v6_US East_2': 5, 'D8as_v6_US East_3': 5, 'D8plds_v5_US East_1': 5, 'D8plds_v5_US East_2': 5, 'D8plds_v5_US East_3': 5, 'D8pls_v5_US East_1': 5, 'D8pls_v5_US East_2': 5, 'D8pls_v5_US East_3': 5, 'D8ps_v5_US East_1': 5, 'D8ps_v5_US East_2': 5, 'D8ps_v5_US East_3': 5, 'D96ads_v6_US East_3': 5, 'D96alds_v6_US East_3': 5, 'D96als_v6_US East_3': 5, 'D96as_v6_US East_3': 5, 'DC1s_v2_US East_1': 5, 'DC2s_v2_US East_2': 5, 'E16ads_v6_US East_2': 5, 'E16ads_v6_US East_3': 5, 'E16as_v6_US East_1': 5, 'E16as_v6_US East_3': 5, 'E20ads_v6_US East_1': 5, 'E20ads_v6_US East_2': 5, 'E20as_v6_US East_1': 5, 'E20as_v6_US East_3': 5, 'E2ads_v6_US East_1': 5, 'E2ads_v6_US East_2': 5, 'E2ads_v6_US East_3': 5, 'E2as_v6_US East_1': 5, 'E2as_v6_US East_2': 5, 'E2as_v6_US East_3': 5, 'E2ps_v5_US East_1': 5, 'E2ps_v5_US East_2': 5, 'E2ps_v5_US East_3': 5, 'E32ads_v6_US East_3': 5, 'E32as_v6_US East_3': 5, 'E48ads_v6_US East_3': 5, 'E48as_v6_US East_2': 5, 'E4ads_v6_US East_1': 5, 'E4ads_v6_US East_2': 5, 'E4ads_v6_US East_3': 5, 'E4as_v6_US East_1': 5, 'E4as_v6_US East_2': 5, 'E4as_v6_US East_3': 5, 'E4ps_v5_US East_1': 5, 'E4ps_v5_US East_2': 5, 'E4ps_v5_US East_3': 5, 'E64ads_v6_US East_3': 5, 'E64as_v6_US East_3': 5, 'E8ads_v6_US East_2': 5, 'E8ads_v6_US East_3': 5, 'E8as_v6_US East_2': 5, 'E8as_v6_US East_3': 5, 'E8ps_v5_US East_3': 5, 'E96-24ads_v6_US East_1': 5, 'E96-48ads_v6_US East_3': 5, 'E96ads_v6_US East_3': 5, 'E96as_v6_US East_3': 5, 'F16als_v6_US East_2': 5, 'F16als_v6_US East_3': 5, 'F16ams_v6_US East_2': 5, 'F16ams_v6_US East_3': 5, 'F16as_v6_US East_1': 5, 'F16as_v6_US East_2': 5, 'F2als_v6_US East_1': 5, 'F2als_v6_US East_2': 5, 'F2als_v6_US East_3': 5, 'F2ams_v6_US East_1': 5, 'F2ams_v6_US East_2': 5, 'F2ams_v6_US East_3': 5, 'F2as_v6_US East_1': 5, 'F2as_v6_US East_2': 5, 'F2as_v6_US East_3': 5, 'F32als_v6_US East_2': 5, 'F32ams_v6_US East_2': 5, 'F32as_v6_US East_3': 5, 'F48als_v6_US East_3': 5, 'F48ams_v6_US East_2': 5, 'F48as_v6_US East_2': 5, 'F4als_v6_US East_1': 5, 'F4als_v6_US East_2': 5, 'F4als_v6_US East_3': 5, 'F4ams_v6_US East_1': 5, 'F4ams_v6_US East_2': 5, 'F4ams_v6_US East_3': 5, 'F4as_v6_US East_1': 5, 'F4as_v6_US East_2': 5, 'F4as_v6_US East_3': 5, 'F64als_v6_US East_3': 5, 'F64ams_v6_US East_3': 5, 'F64as_v6_US East_1': 5, 'F8als_v6_US East_1': 5, 'F8als_v6_US East_3': 5, 'F8ams_v6_US East_2': 5, 'F8ams_v6_US East_3': 5, 'F8as_v6_US East_1': 5, 'F8as_v6_US East_2': 5, 'M12ds_v3_US East_2': 5, 'M12s_v3_US East_1': 5, 'M16-8ms_US East_1': 5, 'M16-8ms_US East_2': 5, 'M16-8ms_US East_3': 5, 'M16ms_US East_1': 5, 'M16ms_US East_2': 5, 'M16ms_US East_3': 5, 'M32-8ms_US East_1': 5, 'M32-8ms_US East_2': 5, 'M32-8ms_US East_3': 5, 'M32dms_v2_US East_1': 5, 'M32dms_v2_US East_2': 5, 'M32dms_v2_US East_3': 5, 'M32ls_US East_1': 5, 'M32ls_US East_2': 5, 'M32ls_US East_3': 5, 'M32ms_US East_1': 5, 'M32ms_US East_2': 5, 'M32ms_US East_3': 5, 'M32ms_v2_US East_1': 5, 'M32ms_v2_US East_2': 5, 'M32ms_v2_US East_3': 5, 'M32ts_US East_1': 5, 'M32ts_US East_2': 5, 'M32ts_US East_3': 5, 'M64s_v2_US East_1': 5, 'M64s_v2_US East_3': 5, 'M8-4ms_US East_1': 5, 'M8-4ms_US East_2': 5, 'M8-4ms_US East_3': 5, 'M8ms_US East_1': 5, 'M8ms_US East_2': 5, 'M8ms_US East_3': 5, 'NV16as_v4_US East_2': 5, 'NV4as_v4_US East_1': 5, 'NV4as_v4_US East_2': 5, 'NV4as_v4_US East_3': 5, 'NV6ads_A10_v5_US East_1': 5, 'NV6ads_A10_v5_US East_2': 5, 'NV8as_v4_US East_1': 5, 'NV8as_v4_US East_2': 5, 'NV8as_v4_US East_3': 5}"
0.85,332.49454999999995,470655737,1415529.1785985671,17805,17405,"{'B16pls_v2_US East_1': 5, 'B16pls_v2_US East_2': 5, 'B16pls_v2_US East_3': 5, 'B16ps_v2_US East_1': 5, 'B2pls_v2_US East_1': 5, 'B2pls_v2_US East_2': 5, 'B2pls_v2_US East_3': 5, 'B2ps_v2_US East_1': 5, 'B2ps_v2_US East_2': 5, 'B2ps_v2_US East_3': 5, 'B4pls_v2_US East_1': 5, 'B4pls_v2_US East_2': 5, 'B4pls_v2_US East_3': 5, 'B4ps_v2_US East_1': 5, 'B4ps_v2_US East_2': 5, 'B4ps_v2_US East_3': 5, 'B8pls_v2_US East_1': 5, 'B8pls_v2_US East_2': 5, 'B8pls_v2_US East_3': 5, 'B8ps_v2_US East_1': 5, 'B8ps_v2_US East_2': 5, 'B8ps_v2_US East_3': 5, 'D16ads_v6_US East_1': 5, 'D16ads_v6_US East_2': 5, 'D16alds_v6_US East_1': 5, 'D16alds_v6_US East_3': 5, 'D16als_v6_US East_2': 5, 'D16als_v6_US East_3': 5, 'D16as_v6_US East_1': 5, 'D16as_v6_US East_3': 5, 'D16pds_v5_US East_3': 5, 'D16plds_v5_US East_1': 5, 'D16plds_v5_US East_2': 5, 'D16pls_v5_US East_1': 5, 'D16pls_v5_US East_2': 5, 'D16ps_v5_US East_3': 5, 'D2ads_v6_US East_1': 5, 'D2ads_v6_US East_2': 5, 'D2ads_v6_US East_3': 5, 'D2alds_v6_US East_1': 5, 'D2alds_v6_US East_2': 5, 'D2alds_v6_US East_3': 5, 'D2als_v6_US East_1': 5, 'D2als_v6_US East_2': 5, 'D2als_v6_US East_3': 5, 'D2as_v6_US East_1': 5, 'D2as_v6_US East_2': 5, 'D2as_v6_US East_3': 5, 'D2pds_v5_US East_1': 5, 'D2pds_v5_US East_2': 5, 'D2pds_v5_US East_3': 5, 'D2plds_v5_US East_1': 5, 'D2plds_v5_US East_2': 5, 'D2plds_v5_US East_3': 5, 'D2pls_v5_US East_1': 5, 'D2pls_v5_US East_2': 5, 'D2pls_v5_US East_3': 5, 'D2ps_v5_US East_1': 5, 'D2ps_v5_US East_2': 5, 'D2ps_v5_US East_3': 5, 'D32ads_v6_US East_1': 5, 'D32ads_v6_US East_3': 5, 'D32alds_v6_US East_1': 5, 'D32alds_v6_US East_2': 5, 'D32als_v6_US East_1': 5, 'D32als_v6_US East_2': 5, 'D32as_v6_US East_1': 5, 'D32as_v6_US East_3': 5, 'D32plds_v5_US East_2': 5, 'D32pls_v5_US East_2': 5, 'D48ads_v6_US East_2': 5, 'D48alds_v6_US East_2': 5, 'D48als_v6_US East_1': 5, 'D48als_v6_US East_3': 5, 'D4ads_v6_US East_1': 5, 'D4ads_v6_US East_2': 5, 'D4ads_v6_US East_3': 5, 'D4alds_v6_US East_1': 5, 'D4alds_v6_US East_2': 5, 'D4alds_v6_US East_3': 5, 'D4als_v6_US East_1': 5, 'D4als_v6_US East_2': 5, 'D4als_v6_US East_3': 5, 'D4as_v6_US East_1': 5, 'D4as_v6_US East_2': 5, 'D4as_v6_US East_3': 5, 'D4pds_v5_US East_1': 5, 'D4pds_v5_US East_2': 5, 'D4pds_v5_US East_3': 5, 'D4plds_v5_US East_1': 5, 'D4plds_v5_US East_2': 5, 'D4plds_v5_US East_3': 5, 'D4pls_v5_US East_1': 5, 'D4pls_v5_US East_2': 5, 'D4pls_v5_US East_3': 5, 'D4ps_v5_US East_1': 5, 'D4ps_v5_US East_2': 5, 'D4ps_v5_US East_3': 5, 'D64ads_v6_US East_2': 5, 'D64alds_v6_US East_1': 5, 'D64als_v6_US East_3': 5, 'D64as_v6_US East_2': 5, 'D8ads_v6_US East_1': 5, 'D8ads_v6_US East_2': 5, 'D8ads_v6_US East_3': 5, 'D8alds_v6_US East_1': 5, 'D8alds_v6_US East_2': 5, 'D8alds_v6_US East_3': 5, 'D8als_v6_US East_1': 5, 'D8als_v6_US East_2': 5, 'D8als_v6_US East_3': 5, 'D8as_v6_US East_1': 5, 'D8as_v6_US East_2': 5, 'D8as_v6_US East_3': 5, 'D8plds_v5_US East_1': 5, 'D8plds_v5_US East_2': 5, 'D8plds_v5_US East_3': 5, 'D8pls_v5_US East_1': 5, 'D8pls_v5_US East_2': 5, 'D8pls_v5_US East_3': 5, 'D8ps_v5_US East_1': 5, 'D8ps_v5_US East_2': 5, 'D8ps_v5_US East_3': 5, 'D96ads_v6_US East_3': 5, 'D96alds_v6_US East_3': 5, 'D96als_v6_US East_3': 5, 'D96as_v6_US East_3': 5, 'DC1s_v2_US East_1': 5, 'DC2s_v2_US East_2': 5, 'E16ads_v6_US East_2': 5, 'E16ads_v6_US East_3': 5, 'E16as_v6_US East_1': 5, 'E16as_v6_US East_3': 5, 'E20ads_v6_US East_1': 5, 'E20ads_v6_US East_2': 5, 'E20as_v6_US East_1': 5, 'E20as_v6_US East_3': 5, 'E2ads_v6_US East_1': 5, 'E2ads_v6_US East_2': 5, 'E2ads_v6_US East_3': 5, 'E2as_v6_US East_1': 5, 'E2as_v6_US East_2': 5, 'E2as_v6_US East_3': 5, 'E2ps_v5_US East_1': 5, 'E2ps_v5_US East_2': 5, 'E2ps_v5_US East_3': 5, 'E32ads_v6_US East_3': 5, 'E32as_v6_US East_3': 5, 'E48ads_v6_US East_3': 5, 'E48as_v6_US East_2': 5, 'E4ads_v6_US East_1': 5, 'E4ads_v6_US East_2': 5, 'E4ads_v6_US East_3': 5, 'E4as_v6_US East_1': 5, 'E4as_v6_US East_2': 5, 'E4as_v6_US East_3': 5, 'E4ps_v5_US East_1': 5, 'E4ps_v5_US East_2': 5, 'E4ps_v5_US East_3': 5, 'E64ads_v6_US East_3': 5, 'E64as_v6_US East_3': 5, 'E8ads_v6_US East_2': 5, 'E8ads_v6_US East_3': 5, 'E8as_v6_US East_2': 5, 'E8as_v6_US East_3': 5, 'E8ps_v5_US East_3': 5, 'E96-24ads_v6_US East_1': 5, 'E96-48ads_v6_US East_3': 5, 'E96ads_v6_US East_3': 5, 'E96as_v6_US East_3': 5, 'F16als_v6_US East_2': 5, 'F16als_v6_US East_3': 5, 'F16ams_v6_US East_2': 5, 'F16ams_v6_US East_3': 5, 'F16as_v6_US East_1': 5, 'F16as_v6_US East_2': 5, 'F2als_v6_US East_1': 5, 'F2als_v6_US East_2': 5, 'F2als_v6_US East_3': 5, 'F2ams_v6_US East_1': 5, 'F2ams_v6_US East_2': 5, 'F2ams_v6_US East_3': 5, 'F2as_v6_US East_1': 5, 'F2as_v6_US East_2': 5, 'F2as_v6_US East_3': 5, 'F32als_v6_US East_2': 5, 'F32ams_v6_US East_2': 5, 'F32as_v6_US East_3': 5, 'F48als_v6_US East_3': 5, 'F48ams_v6_US East_2': 5, 'F48as_v6_US East_2': 5, 'F4als_v6_US East_1': 5, 'F4als_v6_US East_2': 5, 'F4als_v6_US East_3': 5, 'F4ams_v6_US East_1': 5, 'F4ams_v6_US East_2': 5, 'F4ams_v6_US East_3': 5, 'F4as_v6_US East_1': 5, 'F4as_v6_US East_2': 5, 'F4as_v6_US East_3': 5, 'F64als_v6_US East_3': 5, 'F64ams_v6_US East_3': 5, 'F64as_v6_US East_1': 5, 'F8als_v6_US East_1': 5, 'F8als_v6_US East_3': 5, 'F8ams_v6_US East_2': 5, 'F8ams_v6_US East_3': 5, 'F8as_v6_US East_1': 5, 'F8as_v6_US East_2': 5, 'M12ds_v3_US East_2': 5, 'M12s_v3_US East_1': 5, 'M16-8ms_US East_1': 5, 'M16-8ms_US East_2': 5, 'M16-8ms_US East_3': 5, 'M16ms_US East_1': 5, 'M16ms_US East_2': 5, 'M16ms_US East_3': 5, 'M32-8ms_US East_1': 5, 'M32-8ms_US East_2': 5, 'M32-8ms_US East_3': 5, 'M32dms_v2_US East_1': 5, 'M32dms_v2_US East_2': 5, 'M32dms_v2_US East_3': 5, 'M32ls_US East_1': 5, 'M32ls_US East_2': 5, 'M32ls_US East_3': 5, 'M32ms_US East_1': 5, 'M32ms_US East_2': 5, 'M32ms_US East_3': 5, 'M32ms_v2_US East_1': 5, 'M32ms_v2_US East_2': 5, 'M32ms_v2_US East_3': 5, 'M32ts_US East_1': 5, 'M32ts_US East_2': 5, 'M32ts_US East_3': 5, 'M64s_v2_US East_1': 5, 'M64s_v2_US East_3': 5, 'M8-4ms_US East_1': 5, 'M8-4ms_US East_2': 5, 'M8-4ms_US East_3': 5, 'M8ms_US East_1': 5, 'M8ms_US East_2': 5, 'M8ms_US East_3': 5, 'NV16as_v4_US East_2': 5, 'NV4as_v4_US East_1': 5, 'NV4as_v4_US East_2': 5, 'NV4as_v4_US East_3': 5, 'NV6ads_A10_v5_US East_1': 5, 'NV6ads_A10_v5_US East_2': 5, 'NV8as_v4_US East_1': 5, 'NV8as_v4_US East_2': 5, 'NV8as_v4_US East_3': 5}"
0.86,332.49454999999995,470655737,1415529.1785985671,17805,17405,"{'B16pls_v2_US East_1': 5, 'B16pls_v2_US East_2': 5, 'B16pls_v2_US East_3': 5, 'B16ps_v2_US East_1': 5, 'B2pls_v2_US East_1': 5, 'B2pls_v2_US East_2': 5, 'B2pls_v2_US East_3': 5, 'B2ps_v2_US East_1': 5, 'B2ps_v2_US East_2': 5, 'B2ps_v2_US East_3': 5, 'B4pls_v2_US East_1': 5, 'B4pls_v2_US East_2': 5, 'B4pls_v2_US East_3': 5, 'B4ps_v2_US East_1': 5, 'B4ps_v2_US East_2': 5, 'B4ps_v2_US East_3': 5, 'B8pls_v2_US East_1': 5, 'B8pls_v2_US East_2': 5, 'B8pls_v2_US East_3': 5, 'B8ps_v2_US East_1': 5, 'B8ps_v2_US East_2': 5, 'B8ps_v2_US East_3': 5, 'D16ads_v6_US East_1': 5, 'D16ads_v6_US East_2': 5, 'D16alds_v6_US East_1': 5, 'D16alds_v6_US East_3': 5, 'D16als_v6_US East_2': 5, 'D16als_v6_US East_3': 5, 'D16as_v6_US East_1': 5, 'D16as_v6_US East_3': 5, 'D16pds_v5_US East_3': 5, 'D16plds_v5_US East_1': 5, 'D16plds_v5_US East_2': 5, 'D16pls_v5_US East_1': 5, 'D16pls_v5_US East_2': 5, 'D16ps_v5_US East_3': 5, 'D2ads_v6_US East_1': 5, 'D2ads_v6_US East_2': 5, 'D2ads_v6_US East_3': 5, 'D2alds_v6_US East_1': 5, 'D2alds_v6_US East_2': 5, 'D2alds_v6_US East_3': 5, 'D2als_v6_US East_1': 5, 'D2als_v6_US East_2': 5, 'D2als_v6_US East_3': 5, 'D2as_v6_US East_1': 5, 'D2as_v6_US East_2': 5, 'D2as_v6_US East_3': 5, 'D2pds_v5_US East_1': 5, 'D2pds_v5_US East_2': 5, 'D2pds_v5_US East_3': 5, 'D2plds_v5_US East_1': 5, 'D2plds_v5_US East_2': 5, 'D2plds_v5_US East_3': 5, 'D2pls_v5_US East_1': 5, 'D2pls_v5_US East_2': 5, 'D2pls_v5_US East_3': 5, 'D2ps_v5_US East_1': 5, 'D2ps_v5_US East_2': 5, 'D2ps_v5_US East_3': 5, 'D32ads_v6_US East_1': 5, 'D32ads_v6_US East_3': 5, 'D32alds_v6_US East_1': 5, 'D32alds_v6_US East_2': 5, 'D32als_v6_US East_1': 5, 'D32als_v6_US East_2': 5, 'D32as_v6_US East_1': 5, 'D32as_v6_US East_3': 5, 'D32plds_v5_US East_2': 5, 'D32pls_v5_US East_2': 5, 'D48ads_v6_US East_2': 5, 'D48alds_v6_US East_2': 5, 'D48als_v6_US East_1': 5, 'D48als_v6_US East_3': 5, 'D4ads_v6_US East_1': 5, 'D4ads_v6_US East_2': 5, 'D4ads_v6_US East_3': 5, 'D4alds_v6_US East_1': 5, 'D4alds_v6_US East_2': 5, 'D4alds_v6_US East_3': 5, 'D4als_v6_US East_1': 5, 'D4als_v6_US East_2': 5, 'D4als_v6_US East_3': 5, 'D4as_v6_US East_1': 5, 'D4as_v6_US East_2': 5, 'D4as_v6_US East_3': 5, 'D4pds_v5_US East_1': 5, 'D4pds_v5_US East_2': 5, 'D4pds_v5_US East_3': 5, 'D4plds_v5_US East_1': 5, 'D4plds_v5_US East_2': 5, 'D4plds_v5_US East_3': 5, 'D4pls_v5_US East_1': 5, 'D4pls_v5_US East_2': 5, 'D4pls_v5_US East_3': 5, 'D4ps_v5_US East_1': 5, 'D4ps_v5_US East_2': 5, 'D4ps_v5_US East_3': 5, 'D64ads_v6_US East_2': 5, 'D64alds_v6_US East_1': 5, 'D64als_v6_US East_3': 5, 'D64as_v6_US East_2': 5, 'D8ads_v6_US East_1': 5, 'D8ads_v6_US East_2': 5, 'D8ads_v6_US East_3': 5, 'D8alds_v6_US East_1': 5, 'D8alds_v6_US East_2': 5, 'D8alds_v6_US East_3': 5, 'D8als_v6_US East_1': 5, 'D8als_v6_US East_2': 5, 'D8als_v6_US East_3': 5, 'D8as_v6_US East_1': 5, 'D8as_v6_US East_2': 5, 'D8as_v6_US East_3': 5, 'D8plds_v5_US East_1': 5, 'D8plds_v5_US East_2': 5, 'D8plds_v5_US East_3': 5, 'D8pls_v5_US East_1': 5, 'D8pls_v5_US East_2': 5, 'D8pls_v5_US East_3': 5, 'D8ps_v5_US East_1': 5, 'D8ps_v5_US East_2': 5, 'D8ps_v5_US East_3': 5, 'D96ads_v6_US East_3': 5, 'D96alds_v6_US East_3': 5, 'D96als_v6_US East_3': 5, 'D96as_v6_US East_3': 5, 'DC1s_v2_US East_1': 5, 'DC2s_v2_US East_2': 5, 'E16ads_v6_US East_2': 5, 'E16ads_v6_US East_3': 5, 'E16as_v6_US East_1': 5, 'E16as_v6_US East_3': 5, 'E20ads_v6_US East_1': 5, 'E20ads_v6_US East_2': 5, 'E20as_v6_US East_1': 5, 'E20as_v6_US East_3': 5, 'E2ads_v6_US East_1': 5, 'E2ads_v6_US East_2': 5, 'E2ads_v6_US East_3': 5, 'E2as_v6_US East_1': 5, 'E2as_v6_US East_2': 5, 'E2as_v6_US East_3': 5, 'E2ps_v5_US East_1': 5, 'E2ps_v5_US East_2': 5, 'E2ps_v5_US East_3': 5, 'E32ads_v6_US East_3': 5, 'E32as_v6_US East_3': 5, 'E48ads_v6_US East_3': 5, 'E48as_v6_US East_2': 5, 'E4ads_v6_US East_1': 5, 'E4ads_v6_US East_2': 5, 'E4ads_v6_US East_3': 5, 'E4as_v6_US East_1': 5, 'E4as_v6_US East_2': 5, 'E4as_v6_US East_3': 5, 'E4ps_v5_US East_1': 5, 'E4ps_v5_US East_2': 5, 'E4ps_v5_US East_3': 5, 'E64ads_v6_US East_3': 5, 'E64as_v6_US East_3': 5, 'E8ads_v6_US East_2': 5, 'E8ads_v6_US East_3': 5, 'E8as_v6_US East_2': 5, 'E8as_v6_US East_3': 5, 'E8ps_v5_US East_3': 5, 'E96-24ads_v6_US East_1': 5, 'E96-48ads_v6_US East_3': 5, 'E96ads_v6_US East_3': 5, 'E96as_v6_US East_3': 5, 'F16als_v6_US East_2': 5, 'F16als_v6_US East_3': 5, 'F16ams_v6_US East_2': 5, 'F16ams_v6_US East_3': 5, 'F16as_v6_US East_1': 5, 'F16as_v6_US East_2': 5, 'F2als_v6_US East_1': 5, 'F2als_v6_US East_2': 5, 'F2als_v6_US East_3': 5, 'F2ams_v6_US East_1': 5, 'F2ams_v6_US East_2': 5, 'F2ams_v6_US East_3': 5, 'F2as_v6_US East_1': 5, 'F2as_v6_US East_2': 5, 'F2as_v6_US East_3': 5, 'F32als_v6_US East_2': 5, 'F32ams_v6_US East_2': 5, 'F32as_v6_US East_3': 5, 'F48als_v6_US East_3': 5, 'F48ams_v6_US East_2': 5, 'F48as_v6_US East_2': 5, 'F4als_v6_US East_1': 5, 'F4als_v6_US East_2': 5, 'F4als_v6_US East_3': 5, 'F4ams_v6_US East_1': 5, 'F4ams_v6_US East_2': 5, 'F4ams_v6_US East_3': 5, 'F4as_v6_US East_1': 5, 'F4as_v6_US East_2': 5, 'F4as_v6_US East_3': 5, 'F64als_v6_US East_3': 5, 'F64ams_v6_US East_3': 5, 'F64as_v6_US East_1': 5, 'F8als_v6_US East_1': 5, 'F8als_v6_US East_3': 5, 'F8ams_v6_US East_2': 5, 'F8ams_v6_US East_3': 5, 'F8as_v6_US East_1': 5, 'F8as_v6_US East_2': 5, 'M12ds_v3_US East_2': 5, 'M12s_v3_US East_1': 5, 'M16-8ms_US East_1': 5, 'M16-8ms_US East_2': 5, 'M16-8ms_US East_3': 5, 'M16ms_US East_1': 5, 'M16ms_US East_2': 5, 'M16ms_US East_3': 5, 'M32-8ms_US East_1': 5, 'M32-8ms_US East_2': 5, 'M32-8ms_US East_3': 5, 'M32dms_v2_US East_1': 5, 'M32dms_v2_US East_2': 5, 'M32dms_v2_US East_3': 5, 'M32ls_US East_1': 5, 'M32ls_US East_2': 5, 'M32ls_US East_3': 5, 'M32ms_US East_1': 5, 'M32ms_US East_2': 5, 'M32ms_US East_3': 5, 'M32ms_v2_US East_1': 5, 'M32ms_v2_US East_2': 5, 'M32ms_v2_US East_3': 5, 'M32ts_US East_1': 5, 'M32ts_US East_2': 5, 'M32ts_US East_3': 5, 'M64s_v2_US East_1': 5, 'M64s_v2_US East_3': 5, 'M8-4ms_US East_1': 5, 'M8-4ms_US East_2': 5, 'M8-4ms_US East_3': 5, 'M8ms_US East_1': 5, 'M8ms_US East_2': 5, 'M8ms_US East_3': 5, 'NV16as_v4_US East_2': 5, 'NV4as_v4_US East_1': 5, 'NV4as_v4_US East_2': 5, 'NV4as_v4_US East_3': 5, 'NV6ads_A10_v5_US East_1': 5, 'NV6ads_A10_v5_US East_2': 5, 'NV8as_v4_US East_1': 5, 'NV8as_v4_US East_2': 5, 'NV8as_v4_US East_3': 5}"
0.87,332.49454999999995,470655737,1415529.1785985671,17805,17405,"{'B16pls_v2_US East_1': 5, 'B16pls_v2_US East_2': 5, 'B16pls_v2_US East_3': 5, 'B16ps_v2_US East_1': 5, 'B2pls_v2_US East_1': 5, 'B2pls_v2_US East_2': 5, 'B2pls_v2_US East_3': 5, 'B2ps_v2_US East_1': 5, 'B2ps_v2_US East_2': 5, 'B2ps_v2_US East_3': 5, 'B4pls_v2_US East_1': 5, 'B4pls_v2_US East_2': 5, 'B4pls_v2_US East_3': 5, 'B4ps_v2_US East_1': 5, 'B4ps_v2_US East_2': 5, 'B4ps_v2_US East_3': 5, 'B8pls_v2_US East_1': 5, 'B8pls_v2_US East_2': 5, 'B8pls_v2_US East_3': 5, 'B8ps_v2_US East_1': 5, 'B8ps_v2_US East_2': 5, 'B8ps_v2_US East_3': 5, 'D16ads_v6_US East_1': 5, 'D16ads_v6_US East_2': 5, 'D16alds_v6_US East_1': 5, 'D16alds_v6_US East_3': 5, 'D16als_v6_US East_2': 5, 'D16als_v6_US East_3': 5, 'D16as_v6_US East_1': 5, 'D16as_v6_US East_3': 5, 'D16pds_v5_US East_3': 5, 'D16plds_v5_US East_1': 5, 'D16plds_v5_US East_2': 5, 'D16pls_v5_US East_1': 5, 'D16pls_v5_US East_2': 5, 'D16ps_v5_US East_3': 5, 'D2ads_v6_US East_1': 5, 'D2ads_v6_US East_2': 5, 'D2ads_v6_US East_3': 5, 'D2alds_v6_US East_1': 5, 'D2alds_v6_US East_2': 5, 'D2alds_v6_US East_3': 5, 'D2als_v6_US East_1': 5, 'D2als_v6_US East_2': 5, 'D2als_v6_US East_3': 5, 'D2as_v6_US East_1': 5, 'D2as_v6_US East_2': 5, 'D2as_v6_US East_3': 5, 'D2pds_v5_US East_1': 5, 'D2pds_v5_US East_2': 5, 'D2pds_v5_US East_3': 5, 'D2plds_v5_US East_1': 5, 'D2plds_v5_US East_2': 5, 'D2plds_v5_US East_3': 5, 'D2pls_v5_US East_1': 5, 'D2pls_v5_US East_2': 5, 'D2pls_v5_US East_3': 5, 'D2ps_v5_US East_1': 5, 'D2ps_v5_US East_2': 5, 'D2ps_v5_US East_3': 5, 'D32ads_v6_US East_1': 5, 'D32ads_v6_US East_3': 5, 'D32alds_v6_US East_1': 5, 'D32alds_v6_US East_2': 5, 'D32als_v6_US East_1': 5, 'D32als_v6_US East_2': 5, 'D32as_v6_US East_1': 5, 'D32as_v6_US East_3': 5, 'D32plds_v5_US East_2': 5, 'D32pls_v5_US East_2': 5, 'D48ads_v6_US East_2': 5, 'D48alds_v6_US East_2': 5, 'D48als_v6_US East_1': 5, 'D48als_v6_US East_3': 5, 'D4ads_v6_US East_1': 5, 'D4ads_v6_US East_2': 5, 'D4ads_v6_US East_3': 5, 'D4alds_v6_US East_1': 5, 'D4alds_v6_US East_2': 5, 'D4alds_v6_US East_3': 5, 'D4als_v6_US East_1': 5, 'D4als_v6_US East_2': 5, 'D4als_v6_US East_3': 5, 'D4as_v6_US East_1': 5, 'D4as_v6_US East_2': 5, 'D4as_v6_US East_3': 5, 'D4pds_v5_US East_1': 5, 'D4pds_v5_US East_2': 5, 'D4pds_v5_US East_3': 5, 'D4plds_v5_US East_1': 5, 'D4plds_v5_US East_2': 5, 'D4plds_v5_US East_3': 5, 'D4pls_v5_US East_1': 5, 'D4pls_v5_US East_2': 5, 'D4pls_v5_US East_3': 5, 'D4ps_v5_US East_1': 5, 'D4ps_v5_US East_2': 5, 'D4ps_v5_US East_3': 5, 'D64ads_v6_US East_2': 5, 'D64alds_v6_US East_1': 5, 'D64als_v6_US East_3': 5, 'D64as_v6_US East_2': 5, 'D8ads_v6_US East_1': 5, 'D8ads_v6_US East_2': 5, 'D8ads_v6_US East_3': 5, 'D8alds_v6_US East_1': 5, 'D8alds_v6_US East_2': 5, 'D8alds_v6_US East_3': 5, 'D8als_v6_US East_1': 5, 'D8als_v6_US East_2': 5, 'D8als_v6_US East_3': 5, 'D8as_v6_US East_1': 5, 'D8as_v6_US East_2': 5, 'D8as_v6_US East_3': 5, 'D8plds_v5_US East_1': 5, 'D8plds_v5_US East_2': 5, 'D8plds_v5_US East_3': 5, 'D8pls_v5_US East_1': 5, 'D8pls_v5_US East_2': 5, 'D8pls_v5_US East_3': 5, 'D8ps_v5_US East_1': 5, 'D8ps_v5_US East_2': 5, 'D8ps_v5_US East_3': 5, 'D96ads_v6_US East_3': 5, 'D96alds_v6_US East_3': 5, 'D96als_v6_US East_3': 5, 'D96as_v6_US East_3': 5, 'DC1s_v2_US East_1': 5, 'DC2s_v2_US East_2': 5, 'E16ads_v6_US East_2': 5, 'E16ads_v6_US East_3': 5, 'E16as_v6_US East_1': 5, 'E16as_v6_US East_3': 5, 'E20ads_v6_US East_1': 5, 'E20ads_v6_US East_2': 5, 'E20as_v6_US East_1': 5, 'E20as_v6_US East_3': 5, 'E2ads_v6_US East_1': 5, 'E2ads_v6_US East_2': 5, 'E2ads_v6_US East_3': 5, 'E2as_v6_US East_1': 5, 'E2as_v6_US East_2': 5, 'E2as_v6_US East_3': 5, 'E2ps_v5_US East_1': 5, 'E2ps_v5_US East_2': 5, 'E2ps_v5_US East_3': 5, 'E32ads_v6_US East_3': 5, 'E32as_v6_US East_3': 5, 'E48ads_v6_US East_3': 5, 'E48as_v6_US East_2': 5, 'E4ads_v6_US East_1': 5, 'E4ads_v6_US East_2': 5, 'E4ads_v6_US East_3': 5, 'E4as_v6_US East_1': 5, 'E4as_v6_US East_2': 5, 'E4as_v6_US East_3': 5, 'E4ps_v5_US East_1': 5, 'E4ps_v5_US East_2': 5, 'E4ps_v5_US East_3': 5, 'E64ads_v6_US East_3': 5, 'E64as_v6_US East_3': 5, 'E8ads_v6_US East_2': 5, 'E8ads_v6_US East_3': 5, 'E8as_v6_US East_2': 5, 'E8as_v6_US East_3': 5, 'E8ps_v5_US East_3': 5, 'E96-24ads_v6_US East_1': 5, 'E96-48ads_v6_US East_3': 5, 'E96ads_v6_US East_3': 5, 'E96as_v6_US East_3': 5, 'F16als_v6_US East_2': 5, 'F16als_v6_US East_3': 5, 'F16ams_v6_US East_2': 5, 'F16ams_v6_US East_3': 5, 'F16as_v6_US East_1': 5, 'F16as_v6_US East_2': 5, 'F2als_v6_US East_1': 5, 'F2als_v6_US East_2': 5, 'F2als_v6_US East_3': 5, 'F2ams_v6_US East_1': 5, 'F2ams_v6_US East_2': 5, 'F2ams_v6_US East_3': 5, 'F2as_v6_US East_1': 5, 'F2as_v6_US East_2': 5, 'F2as_v6_US East_3': 5, 'F32als_v6_US East_2': 5, 'F32ams_v6_US East_2': 5, 'F32as_v6_US East_3': 5, 'F48als_v6_US East_3': 5, 'F48ams_v6_US East_2': 5, 'F48as_v6_US East_2': 5, 'F4als_v6_US East_1': 5, 'F4als_v6_US East_2': 5, 'F4als_v6_US East_3': 5, 'F4ams_v6_US East_1': 5, 'F4ams_v6_US East_2': 5, 'F4ams_v6_US East_3': 5, 'F4as_v6_US East_1': 5, 'F4as_v6_US East_2': 5, 'F4as_v6_US East_3': 5, 'F64als_v6_US East_3': 5, 'F64ams_v6_US East_3': 5, 'F64as_v6_US East_1': 5, 'F8als_v6_US East_1': 5, 'F8als_v6_US East_3': 5, 'F8ams_v6_US East_2': 5, 'F8ams_v6_US East_3': 5, 'F8as_v6_US East_1': 5, 'F8as_v6_US East_2': 5, 'M12ds_v3_US East_2': 5, 'M12s_v3_US East_1': 5, 'M16-8ms_US East_1': 5, 'M16-8ms_US East_2': 5, 'M16-8ms_US East_3': 5, 'M16ms_US East_1': 5, 'M16ms_US East_2': 5, 'M16ms_US East_3': 5, 'M32-8ms_US East_1': 5, 'M32-8ms_US East_2': 5, 'M32-8ms_US East_3': 5, 'M32dms_v2_US East_1': 5, 'M32dms_v2_US East_2': 5, 'M32dms_v2_US East_3': 5, 'M32ls_US East_1': 5, 'M32ls_US East_2': 5, 'M32ls_US East_3': 5, 'M32ms_US East_1': 5, 'M32ms_US East_2': 5, 'M32ms_US East_3': 5, 'M32ms_v2_US East_1': 5, 'M32ms_v2_US East_2': 5, 'M32ms_v2_US East_3': 5, 'M32ts_US East_1': 5, 'M32ts_US East_2': 5, 'M32ts_US East_3': 5, 'M64s_v2_US East_1': 5, 'M64s_v2_US East_3': 5, 'M8-4ms_US East_1': 5, 'M8-4ms_US East_2': 5, 'M8-4ms_US East_3': 5, 'M8ms_US East_1': 5, 'M8ms_US East_2': 5, 'M8ms_US East_3': 5, 'NV16as_v4_US East_2': 5, 'NV4as_v4_US East_1': 5, 'NV4as_v4_US East_2': 5, 'NV4as_v4_US East_3': 5, 'NV6ads_A10_v5_US East_1': 5, 'NV6ads_A10_v5_US East_2': 5, 'NV8as_v4_US East_1': 5, 'NV8as_v4_US East_2': 5, 'NV8as_v4_US East_3': 5}"
0.88,332.49454999999995,470655737,1415529.1785985671,17805,17405,"{'B16pls_v2_US East_1': 5, 'B16pls_v2_US East_2': 5, 'B16pls_v2_US East_3': 5, 'B16ps_v2_US East_1': 5, 'B2pls_v2_US East_1': 5, 'B2pls_v2_US East_2': 5, 'B2pls_v2_US East_3': 5, 'B2ps_v2_US East_1': 5, 'B2ps_v2_US East_2': 5, 'B2ps_v2_US East_3': 5, 'B4pls_v2_US East_1': 5, 'B4pls_v2_US East_2': 5, 'B4pls_v2_US East_3': 5, 'B4ps_v2_US East_1': 5, 'B4ps_v2_US East_2': 5, 'B4ps_v2_US East_3': 5, 'B8pls_v2_US East_1': 5, 'B8pls_v2_US East_2': 5, 'B8pls_v2_US East_3': 5, 'B8ps_v2_US East_1': 5, 'B8ps_v2_US East_2': 5, 'B8ps_v2_US East_3': 5, 'D16ads_v6_US East_1': 5, 'D16ads_v6_US East_2': 5, 'D16alds_v6_US East_1': 5, 'D16alds_v6_US East_3': 5, 'D16als_v6_US East_2': 5, 'D16als_v6_US East_3': 5, 'D16as_v6_US East_1': 5, 'D16as_v6_US East_3': 5, 'D16pds_v5_US East_3': 5, 'D16plds_v5_US East_1': 5, 'D16plds_v5_US East_2': 5, 'D16pls_v5_US East_1': 5, 'D16pls_v5_US East_2': 5, 'D16ps_v5_US East_3': 5, 'D2ads_v6_US East_1': 5, 'D2ads_v6_US East_2': 5, 'D2ads_v6_US East_3': 5, 'D2alds_v6_US East_1': 5, 'D2alds_v6_US East_2': 5, 'D2alds_v6_US East_3': 5, 'D2als_v6_US East_1': 5, 'D2als_v6_US East_2': 5, 'D2als_v6_US East_3': 5, 'D2as_v6_US East_1': 5, 'D2as_v6_US East_2': 5, 'D2as_v6_US East_3': 5, 'D2pds_v5_US East_1': 5, 'D2pds_v5_US East_2': 5, 'D2pds_v5_US East_3': 5, 'D2plds_v5_US East_1': 5, 'D2plds_v5_US East_2': 5, 'D2plds_v5_US East_3': 5, 'D2pls_v5_US East_1': 5, 'D2pls_v5_US East_2': 5, 'D2pls_v5_US East_3': 5, 'D2ps_v5_US East_1': 5, 'D2ps_v5_US East_2': 5, 'D2ps_v5_US East_3': 5, 'D32ads_v6_US East_1': 5, 'D32ads_v6_US East_3': 5, 'D32alds_v6_US East_1': 5, 'D32alds_v6_US East_2': 5, 'D32als_v6_US East_1': 5, 'D32als_v6_US East_2': 5, 'D32as_v6_US East_1': 5, 'D32as_v6_US East_3': 5, 'D32plds_v5_US East_2': 5, 'D32pls_v5_US East_2': 5, 'D48ads_v6_US East_2': 5, 'D48alds_v6_US East_2': 5, 'D48als_v6_US East_1': 5, 'D48als_v6_US East_3': 5, 'D4ads_v6_US East_1': 5, 'D4ads_v6_US East_2': 5, 'D4ads_v6_US East_3': 5, 'D4alds_v6_US East_1': 5, 'D4alds_v6_US East_2': 5, 'D4alds_v6_US East_3': 5, 'D4als_v6_US East_1': 5, 'D4als_v6_US East_2': 5, 'D4als_v6_US East_3': 5, 'D4as_v6_US East_1': 5, 'D4as_v6_US East_2': 5, 'D4as_v6_US East_3': 5, 'D4pds_v5_US East_1': 5, 'D4pds_v5_US East_2': 5, 'D4pds_v5_US East_3': 5, 'D4plds_v5_US East_1': 5, 'D4plds_v5_US East_2': 5, 'D4plds_v5_US East_3': 5, 'D4pls_v5_US East_1': 5, 'D4pls_v5_US East_2': 5, 'D4pls_v5_US East_3': 5, 'D4ps_v5_US East_1': 5, 'D4ps_v5_US East_2': 5, 'D4ps_v5_US East_3': 5, 'D64ads_v6_US East_2': 5, 'D64alds_v6_US East_1': 5, 'D64als_v6_US East_3': 5, 'D64as_v6_US East_2': 5, 'D8ads_v6_US East_1': 5, 'D8ads_v6_US East_2': 5, 'D8ads_v6_US East_3': 5, 'D8alds_v6_US East_1': 5, 'D8alds_v6_US East_2': 5, 'D8alds_v6_US East_3': 5, 'D8als_v6_US East_1': 5, 'D8als_v6_US East_2': 5, 'D8als_v6_US East_3': 5, 'D8as_v6_US East_1': 5, 'D8as_v6_US East_2': 5, 'D8as_v6_US East_3': 5, 'D8plds_v5_US East_1': 5, 'D8plds_v5_US East_2': 5, 'D8plds_v5_US East_3': 5, 'D8pls_v5_US East_1': 5, 'D8pls_v5_US East_2': 5, 'D8pls_v5_US East_3': 5, 'D8ps_v5_US East_1': 5, 'D8ps_v5_US East_2': 5, 'D8ps_v5_US East_3': 5, 'D96ads_v6_US East_3': 5, 'D96alds_v6_US East_3': 5, 'D96als_v6_US East_3': 5, 'D96as_v6_US East_3': 5, 'DC1s_v2_US East_1': 5, 'DC2s_v2_US East_2': 5, 'E16ads_v6_US East_2': 5, 'E16ads_v6_US East_3': 5, 'E16as_v6_US East_1': 5, 'E16as_v6_US East_3': 5, 'E20ads_v6_US East_1': 5, 'E20ads_v6_US East_2': 5, 'E20as_v6_US East_1': 5, 'E20as_v6_US East_3': 5, 'E2ads_v6_US East_1': 5, 'E2ads_v6_US East_2': 5, 'E2ads_v6_US East_3': 5, 'E2as_v6_US East_1': 5, 'E2as_v6_US East_2': 5, 'E2as_v6_US East_3': 5, 'E2ps_v5_US East_1': 5, 'E2ps_v5_US East_2': 5, 'E2ps_v5_US East_3': 5, 'E32ads_v6_US East_3': 5, 'E32as_v6_US East_3': 5, 'E48ads_v6_US East_3': 5, 'E48as_v6_US East_2': 5, 'E4ads_v6_US East_1': 5, 'E4ads_v6_US East_2': 5, 'E4ads_v6_US East_3': 5, 'E4as_v6_US East_1': 5, 'E4as_v6_US East_2': 5, 'E4as_v6_US East_3': 5, 'E4ps_v5_US East_1': 5, 'E4ps_v5_US East_2': 5, 'E4ps_v5_US East_3': 5, 'E64ads_v6_US East_3': 5, 'E64as_v6_US East_3': 5, 'E8ads_v6_US East_2': 5, 'E8ads_v6_US East_3': 5, 'E8as_v6_US East_2': 5, 'E8as_v6_US East_3': 5, 'E8ps_v5_US East_3': 5, 'E96-24ads_v6_US East_1': 5, 'E96-48ads_v6_US East_3': 5, 'E96ads_v6_US East_3': 5, 'E96as_v6_US East_3': 5, 'F16als_v6_US East_2': 5, 'F16als_v6_US East_3': 5, 'F16ams_v6_US East_2': 5, 'F16ams_v6_US East_3': 5, 'F16as_v6_US East_1': 5, 'F16as_v6_US East_2': 5, 'F2als_v6_US East_1': 5, 'F2als_v6_US East_2': 5, 'F2als_v6_US East_3': 5, 'F2ams_v6_US East_1': 5, 'F2ams_v6_US East_2': 5, 'F2ams_v6_US East_3': 5, 'F2as_v6_US East_1': 5, 'F2as_v6_US East_2': 5, 'F2as_v6_US East_3': 5, 'F32als_v6_US East_2': 5, 'F32ams_v6_US East_2': 5, 'F32as_v6_US East_3': 5, 'F48als_v6_US East_3': 5, 'F48ams_v6_US East_2': 5, 'F48as_v6_US East_2': 5, 'F4als_v6_US East_1': 5, 'F4als_v6_US East_2': 5, 'F4als_v6_US East_3': 5, 'F4ams_v6_US East_1': 5, 'F4ams_v6_US East_2': 5, 'F4ams_v6_US East_3': 5, 'F4as_v6_US East_1': 5, 'F4as_v6_US East_2': 5, 'F4as_v6_US East_3': 5, 'F64als_v6_US East_3': 5, 'F64ams_v6_US East_3': 5, 'F64as_v6_US East_1': 5, 'F8als_v6_US East_1': 5, 'F8als_v6_US East_3': 5, 'F8ams_v6_US East_2': 5, 'F8ams_v6_US East_3': 5, 'F8as_v6_US East_1': 5, 'F8as_v6_US East_2': 5, 'M12ds_v3_US East_2': 5, 'M12s_v3_US East_1': 5, 'M16-8ms_US East_1': 5, 'M16-8ms_US East_2': 5, 'M16-8ms_US East_3': 5, 'M16ms_US East_1': 5, 'M16ms_US East_2': 5, 'M16ms_US East_3': 5, 'M32-8ms_US East_1': 5, 'M32-8ms_US East_2': 5, 'M32-8ms_US East_3': 5, 'M32dms_v2_US East_1': 5, 'M32dms_v2_US East_2': 5, 'M32dms_v2_US East_3': 5, 'M32ls_US East_1': 5, 'M32ls_US East_2': 5, 'M32ls_US East_3': 5, 'M32ms_US East_1': 5, 'M32ms_US East_2': 5, 'M32ms_US East_3': 5, 'M32ms_v2_US East_1': 5, 'M32ms_v2_US East_2': 5, 'M32ms_v2_US East_3': 5, 'M32ts_US East_1': 5, 'M32ts_US East_2': 5, 'M32ts_US East_3': 5, 'M64s_v2_US East_1': 5, 'M64s_v2_US East_3': 5, 'M8-4ms_US East_1': 5, 'M8-4ms_US East_2': 5, 'M8-4ms_US East_3': 5, 'M8ms_US East_1': 5, 'M8ms_US East_2': 5, 'M8ms_US East_3': 5, 'NV16as_v4_US East_2': 5, 'NV4as_v4_US East_1': 5, 'NV4as_v4_US East_2': 5, 'NV4as_v4_US East_3': 5, 'NV6ads_A10_v5_US East_1': 5, 'NV6ads_A10_v5_US East_2': 5, 'NV8as_v4_US East_1': 5, 'NV8as_v4_US East_2': 5, 'NV8as_v4_US East_3': 5}"
0.89,349.5312649999999,473963162,1355996.4738776665,18045,17645,"{'B16pls_v2_US East_1': 5, 'B16pls_v2_US East_2': 5, 'B16pls_v2_US East_3': 5, 'B16ps_v2_US East_1': 5, 'B2pls_v2_US East_1': 5, 'B2pls_v2_US East_2': 5, 'B2pls_v2_US East_3': 5, 'B2ps_v2_US East_1': 5, 'B2ps_v2_US East_2': 5, 'B2ps_v2_US East_3': 5, 'B4pls_v2_US East_1': 5, 'B4pls_v2_US East_2': 5, 'B4pls_v2_US East_3': 5, 'B4ps_v2_US East_1': 5, 'B4ps_v2_US East_2': 5, 'B4ps_v2_US East_3': 5, 'B8pls_v2_US East_1': 5, 'B8pls_v2_US East_2': 5, 'B8pls_v2_US East_3': 5, 'B8ps_v2_US East_1': 5, 'B8ps_v2_US East_2': 5, 'B8ps_v2_US East_3': 5, 'D16ads_v6_US East_1': 5, 'D16ads_v6_US East_2': 5, 'D16alds_v6_US East_1': 5, 'D16alds_v6_US East_3': 5, 'D16als_v6_US East_2': 5, 'D16als_v6_US East_3': 5, 'D16as_v6_US East_1': 5, 'D16as_v6_US East_3': 5, 'D16pds_v5_US East_3': 5, 'D16plds_v5_US East_1': 5, 'D16plds_v5_US East_2': 5, 'D16pls_v5_US East_1': 5, 'D16pls_v5_US East_2': 5, 'D16ps_v5_US East_3': 5, 'D2ads_v6_US East_1': 5, 'D2ads_v6_US East_2': 5, 'D2ads_v6_US East_3': 5, 'D2alds_v6_US East_1': 5, 'D2alds_v6_US East_2': 5, 'D2alds_v6_US East_3': 5, 'D2als_v6_US East_1': 5, 'D2als_v6_US East_2': 5, 'D2als_v6_US East_3': 5, 'D2as_v6_US East_1': 5, 'D2as_v6_US East_2': 5, 'D2as_v6_US East_3': 5, 'D2pds_v5_US East_1': 5, 'D2pds_v5_US East_2': 5, 'D2pds_v5_US East_3': 5, 'D2plds_v5_US East_1': 5, 'D2plds_v5_US East_2': 5, 'D2plds_v5_US East_3': 5, 'D2pls_v5_US East_1': 5, 'D2pls_v5_US East_2': 5, 'D2pls_v5_US East_3': 5, 'D2ps_v5_US East_1': 5, 'D2ps_v5_US East_2': 5, 'D2ps_v5_US East_3': 5, 'D32ads_v6_US East_1': 5, 'D32ads_v6_US East_3': 5, 'D32alds_v6_US East_1': 5, 'D32alds_v6_US East_2': 5, 'D32als_v6_US East_1': 5, 'D32als_v6_US East_2': 5, 'D32as_v6_US East_1': 5, 'D32as_v6_US East_3': 5, 'D32plds_v5_US East_2': 5, 'D32pls_v5_US East_2': 5, 'D48ads_v6_US East_2': 5, 'D48alds_v6_US East_2': 5, 'D48als_v6_US East_1': 5, 'D48als_v6_US East_3': 5, 'D4ads_v6_US East_1': 5, 'D4ads_v6_US East_2': 5, 'D4ads_v6_US East_3': 5, 'D4alds_v6_US East_1': 5, 'D4alds_v6_US East_2': 5, 'D4alds_v6_US East_3': 5, 'D4als_v6_US East_1': 5, 'D4als_v6_US East_2': 5, 'D4als_v6_US East_3': 5, 'D4as_v6_US East_1': 5, 'D4as_v6_US East_2': 5, 'D4as_v6_US East_3': 5, 'D4pds_v5_US East_1': 5, 'D4pds_v5_US East_2': 5, 'D4pds_v5_US East_3': 5, 'D4plds_v5_US East_1': 5, 'D4plds_v5_US East_2': 5, 'D4plds_v5_US East_3': 5, 'D4pls_v5_US East_1': 5, 'D4pls_v5_US East_2': 5, 'D4pls_v5_US East_3': 5, 'D4ps_v5_US East_1': 5, 'D4ps_v5_US East_2': 5, 'D4ps_v5_US East_3': 5, 'D64ads_v6_US East_2': 5, 'D64alds_v6_US East_1': 5, 'D64als_v6_US East_3': 5, 'D64as_v6_US East_2': 5, 'D8ads_v6_US East_1': 5, 'D8ads_v6_US East_2': 5, 'D8ads_v6_US East_3': 5, 'D8alds_v6_US East_1': 5, 'D8alds_v6_US East_2': 5, 'D8alds_v6_US East_3': 5, 'D8als_v6_US East_1': 5, 'D8als_v6_US East_2': 5, 'D8als_v6_US East_3': 5, 'D8as_v6_US East_1': 5, 'D8as_v6_US East_2': 5, 'D8as_v6_US East_3': 5, 'D8plds_v5_US East_1': 5, 'D8plds_v5_US East_2': 5, 'D8plds_v5_US East_3': 5, 'D8pls_v5_US East_1': 5, 'D8pls_v5_US East_2': 5, 'D8pls_v5_US East_3': 5, 'D8ps_v5_US East_1': 5, 'D8ps_v5_US East_2': 5, 'D8ps_v5_US East_3': 5, 'D96ads_v6_US East_3': 5, 'D96alds_v6_US East_3': 5, 'D96als_v6_US East_3': 5, 'D96as_v6_US East_3': 5, 'DC1s_v2_US East_1': 5, 'DC2s_v2_US East_2': 5, 'E16ads_v6_US East_2': 5, 'E16ads_v6_US East_3': 5, 'E16as_v6_US East_1': 5, 'E16as_v6_US East_3': 5, 'E20ads_v6_US East_1': 5, 'E20ads_v6_US East_2': 5, 'E20as_v6_US East_1': 5, 'E20as_v6_US East_3': 5, 'E2ads_v6_US East_1': 5, 'E2ads_v6_US East_2': 5, 'E2ads_v6_US East_3': 5, 'E2as_v6_US East_1': 5, 'E2as_v6_US East_2': 5, 'E2as_v6_US East_3': 5, 'E2ps_v5_US East_1': 5, 'E2ps_v5_US East_2': 5, 'E2ps_v5_US East_3': 5, 'E32ads_v6_US East_3': 5, 'E32as_v6_US East_3': 5, 'E48ads_v6_US East_3': 5, 'E48as_v6_US East_2': 5, 'E4ads_v6_US East_1': 5, 'E4ads_v6_US East_2': 5, 'E4ads_v6_US East_3': 5, 'E4as_v6_US East_1': 5, 'E4as_v6_US East_2': 5, 'E4as_v6_US East_3': 5, 'E4ps_v5_US East_1': 5, 'E4ps_v5_US East_2': 5, 'E4ps_v5_US East_3': 5, 'E64ads_v6_US East_3': 5, 'E64as_v6_US East_3': 5, 'E8ads_v6_US East_2': 5, 'E8ads_v6_US East_3': 5, 'E8as_v6_US East_2': 5, 'E8as_v6_US East_3': 5, 'E8ps_v5_US East_3': 5, 'E96-24ads_v6_US East_1': 5, 'E96-48ads_v6_US East_3': 5, 'E96ads_v6_US East_3': 5, 'E96as_v6_US East_3': 5, 'F16als_v6_US East_2': 5, 'F16als_v6_US East_3': 5, 'F16ams_v6_US East_2': 5, 'F16ams_v6_US East_3': 5, 'F16as_v6_US East_1': 5, 'F16as_v6_US East_2': 5, 'F2als_v6_US East_1': 5, 'F2als_v6_US East_2': 5, 'F2als_v6_US East_3': 5, 'F2ams_v6_US East_1': 5, 'F2ams_v6_US East_2': 5, 'F2ams_v6_US East_3': 5, 'F2as_v6_US East_1': 5, 'F2as_v6_US East_2': 5, 'F2as_v6_US East_3': 5, 'F32als_v6_US East_2': 5, 'F32ams_v6_US East_2': 5, 'F32as_v6_US East_3': 5, 'F48als_v6_US East_3': 5, 'F48ams_v6_US East_2': 5, 'F48as_v6_US East_2': 5, 'F4als_v6_US East_1': 5, 'F4als_v6_US East_2': 5, 'F4als_v6_US East_3': 5, 'F4ams_v6_US East_1': 5, 'F4ams_v6_US East_2': 5, 'F4ams_v6_US East_3': 5, 'F4as_v6_US East_1': 5, 'F4as_v6_US East_2': 5, 'F4as_v6_US East_3': 5, 'F64als_v6_US East_3': 5, 'F64ams_v6_US East_3': 5, 'F64as_v6_US East_1': 5, 'F8als_v6_US East_1': 5, 'F8als_v6_US East_3': 5, 'F8ams_v6_US East_2': 5, 'F8ams_v6_US East_3': 5, 'F8as_v6_US East_1': 5, 'F8as_v6_US East_2': 5, 'M12ds_v3_US East_2': 5, 'M12s_v3_US East_1': 5, 'M16-8ms_US East_1': 5, 'M16-8ms_US East_2': 5, 'M16-8ms_US East_3': 5, 'M16ms_US East_1': 5, 'M16ms_US East_2': 5, 'M16ms_US East_3': 5, 'M32-16ms_US East_1': 5, 'M32-16ms_US East_2': 5, 'M32-16ms_US East_3': 5, 'M32-8ms_US East_1': 5, 'M32-8ms_US East_2': 5, 'M32-8ms_US East_3': 5, 'M32dms_v2_US East_1': 5, 'M32dms_v2_US East_2': 5, 'M32dms_v2_US East_3': 5, 'M32ls_US East_1': 5, 'M32ls_US East_2': 5, 'M32ls_US East_3': 5, 'M32ms_US East_1': 5, 'M32ms_US East_2': 5, 'M32ms_US East_3': 5, 'M32ms_v2_US East_1': 5, 'M32ms_v2_US East_2': 5, 'M32ms_v2_US East_3': 5, 'M32ts_US East_1': 5, 'M32ts_US East_2': 5, 'M32ts_US East_3': 5, 'M64s_v2_US East_1': 5, 'M64s_v2_US East_3': 5, 'M8-4ms_US East_1': 5, 'M8-4ms_US East_2': 5, 'M8-4ms_US East_3': 5, 'M8ms_US East_1': 5, 'M8ms_US East_2': 5, 'M8ms_US East_3': 5, 'NV16as_v4_US East_2': 5, 'NV4as_v4_US East_1': 5, 'NV4as_v4_US East_2': 5, 'NV4as_v4_US East_3': 5, 'NV6ads_A10_v5_US East_1': 5, 'NV6ads_A10_v5_US East_2': 5, 'NV8as_v4_US East_1': 5, 'NV8as_v4_US East_2': 5, 'NV8as_v4_US East_3': 5}"
0.9,349.5312649999999,473963162,1355996.4738776665,18045,17645,"{'B16pls_v2_US East_1': 5, 'B16pls_v2_US East_2': 5, 'B16pls_v2_US East_3': 5, 'B16ps_v2_US East_1': 5, 'B2pls_v2_US East_1': 5, 'B2pls_v2_US East_2': 5, 'B2pls_v2_US East_3': 5, 'B2ps_v2_US East_1': 5, 'B2ps_v2_US East_2': 5, 'B2ps_v2_US East_3': 5, 'B4pls_v2_US East_1': 5, 'B4pls_v2_US East_2': 5, 'B4pls_v2_US East_3': 5, 'B4ps_v2_US East_1': 5, 'B4ps_v2_US East_2': 5, 'B4ps_v2_US East_3': 5, 'B8pls_v2_US East_1': 5, 'B8pls_v2_US East_2': 5, 'B8pls_v2_US East_3': 5, 'B8ps_v2_US East_1': 5, 'B8ps_v2_US East_2': 5, 'B8ps_v2_US East_3': 5, 'D16ads_v6_US East_1': 5, 'D16ads_v6_US East_2': 5, 'D16alds_v6_US East_1': 5, 'D16alds_v6_US East_3': 5, 'D16als_v6_US East_2': 5, 'D16als_v6_US East_3': 5, 'D16as_v6_US East_1': 5, 'D16as_v6_US East_3': 5, 'D16pds_v5_US East_3': 5, 'D16plds_v5_US East_1': 5, 'D16plds_v5_US East_2': 5, 'D16pls_v5_US East_1': 5, 'D16pls_v5_US East_2': 5, 'D16ps_v5_US East_3': 5, 'D2ads_v6_US East_1': 5, 'D2ads_v6_US East_2': 5, 'D2ads_v6_US East_3': 5, 'D2alds_v6_US East_1': 5, 'D2alds_v6_US East_2': 5, 'D2alds_v6_US East_3': 5, 'D2als_v6_US East_1': 5, 'D2als_v6_US East_2': 5, 'D2als_v6_US East_3': 5, 'D2as_v6_US East_1': 5, 'D2as_v6_US East_2': 5, 'D2as_v6_US East_3': 5, 'D2pds_v5_US East_1': 5, 'D2pds_v5_US East_2': 5, 'D2pds_v5_US East_3': 5, 'D2plds_v5_US East_1': 5, 'D2plds_v5_US East_2': 5, 'D2plds_v5_US East_3': 5, 'D2pls_v5_US East_1': 5, 'D2pls_v5_US East_2': 5, 'D2pls_v5_US East_3': 5, 'D2ps_v5_US East_1': 5, 'D2ps_v5_US East_2': 5, 'D2ps_v5_US East_3': 5, 'D32ads_v6_US East_1': 5, 'D32ads_v6_US East_3': 5, 'D32alds_v6_US East_1': 5, 'D32alds_v6_US East_2': 5, 'D32als_v6_US East_1': 5, 'D32als_v6_US East_2': 5, 'D32as_v6_US East_1': 5, 'D32as_v6_US East_3': 5, 'D32plds_v5_US East_2': 5, 'D32pls_v5_US East_2': 5, 'D48ads_v6_US East_2': 5, 'D48alds_v6_US East_2': 5, 'D48als_v6_US East_1': 5, 'D48als_v6_US East_3': 5, 'D4ads_v6_US East_1': 5, 'D4ads_v6_US East_2': 5, 'D4ads_v6_US East_3': 5, 'D4alds_v6_US East_1': 5, 'D4alds_v6_US East_2': 5, 'D4alds_v6_US East_3': 5, 'D4als_v6_US East_1': 5, 'D4als_v6_US East_2': 5, 'D4als_v6_US East_3': 5, 'D4as_v6_US East_1': 5, 'D4as_v6_US East_2': 5, 'D4as_v6_US East_3': 5, 'D4pds_v5_US East_1': 5, 'D4pds_v5_US East_2': 5, 'D4pds_v5_US East_3': 5, 'D4plds_v5_US East_1': 5, 'D4plds_v5_US East_2': 5, 'D4plds_v5_US East_3': 5, 'D4pls_v5_US East_1': 5, 'D4pls_v5_US East_2': 5, 'D4pls_v5_US East_3': 5, 'D4ps_v5_US East_1': 5, 'D4ps_v5_US East_2': 5, 'D4ps_v5_US East_3': 5, 'D64ads_v6_US East_2': 5, 'D64alds_v6_US East_1': 5, 'D64als_v6_US East_3': 5, 'D64as_v6_US East_2': 5, 'D8ads_v6_US East_1': 5, 'D8ads_v6_US East_2': 5, 'D8ads_v6_US East_3': 5, 'D8alds_v6_US East_1': 5, 'D8alds_v6_US East_2': 5, 'D8alds_v6_US East_3': 5, 'D8als_v6_US East_1': 5, 'D8als_v6_US East_2': 5, 'D8als_v6_US East_3': 5, 'D8as_v6_US East_1': 5, 'D8as_v6_US East_2': 5, 'D8as_v6_US East_3': 5, 'D8plds_v5_US East_1': 5, 'D8plds_v5_US East_2': 5, 'D8plds_v5_US East_3': 5, 'D8pls_v5_US East_1': 5, 'D8pls_v5_US East_2': 5, 'D8pls_v5_US East_3': 5, 'D8ps_v5_US East_1': 5, 'D8ps_v5_US East_2': 5, 'D8ps_v5_US East_3': 5, 'D96ads_v6_US East_3': 5, 'D96alds_v6_US East_3': 5, 'D96als_v6_US East_3': 5, 'D96as_v6_US East_3': 5, 'DC1s_v2_US East_1': 5, 'DC2s_v2_US East_2': 5, 'E16ads_v6_US East_2': 5, 'E16ads_v6_US East_3': 5, 'E16as_v6_US East_1': 5, 'E16as_v6_US East_3': 5, 'E20ads_v6_US East_1': 5, 'E20ads_v6_US East_2': 5, 'E20as_v6_US East_1': 5, 'E20as_v6_US East_3': 5, 'E2ads_v6_US East_1': 5, 'E2ads_v6_US East_2': 5, 'E2ads_v6_US East_3': 5, 'E2as_v6_US East_1': 5, 'E2as_v6_US East_2': 5, 'E2as_v6_US East_3': 5, 'E2ps_v5_US East_1': 5, 'E2ps_v5_US East_2': 5, 'E2ps_v5_US East_3': 5, 'E32ads_v6_US East_3': 5, 'E32as_v6_US East_3': 5, 'E48ads_v6_US East_3': 5, 'E48as_v6_US East_2': 5, 'E4ads_v6_US East_1': 5, 'E4ads_v6_US East_2': 5, 'E4ads_v6_US East_3': 5, 'E4as_v6_US East_1': 5, 'E4as_v6_US East_2': 5, 'E4as_v6_US East_3': 5, 'E4ps_v5_US East_1': 5, 'E4ps_v5_US East_2': 5, 'E4ps_v5_US East_3': 5, 'E64ads_v6_US East_3': 5, 'E64as_v6_US East_3': 5, 'E8ads_v6_US East_2': 5, 'E8ads_v6_US East_3': 5, 'E8as_v6_US East_2': 5, 'E8as_v6_US East_3': 5, 'E8ps_v5_US East_3': 5, 'E96-24ads_v6_US East_1': 5, 'E96-48ads_v6_US East_3': 5, 'E96ads_v6_US East_3': 5, 'E96as_v6_US East_3': 5, 'F16als_v6_US East_2': 5, 'F16als_v6_US East_3': 5, 'F16ams_v6_US East_2': 5, 'F16ams_v6_US East_3': 5, 'F16as_v6_US East_1': 5, 'F16as_v6_US East_2': 5, 'F2als_v6_US East_1': 5, 'F2als_v6_US East_2': 5, 'F2als_v6_US East_3': 5, 'F2ams_v6_US East_1': 5, 'F2ams_v6_US East_2': 5, 'F2ams_v6_US East_3': 5, 'F2as_v6_US East_1': 5, 'F2as_v6_US East_2': 5, 'F2as_v6_US East_3': 5, 'F32als_v6_US East_2': 5, 'F32ams_v6_US East_2': 5, 'F32as_v6_US East_3': 5, 'F48als_v6_US East_3': 5, 'F48ams_v6_US East_2': 5, 'F48as_v6_US East_2': 5, 'F4als_v6_US East_1': 5, 'F4als_v6_US East_2': 5, 'F4als_v6_US East_3': 5, 'F4ams_v6_US East_1': 5, 'F4ams_v6_US East_2': 5, 'F4ams_v6_US East_3': 5, 'F4as_v6_US East_1': 5, 'F4as_v6_US East_2': 5, 'F4as_v6_US East_3': 5, 'F64als_v6_US East_3': 5, 'F64ams_v6_US East_3': 5, 'F64as_v6_US East_1': 5, 'F8als_v6_US East_1': 5, 'F8als_v6_US East_3': 5, 'F8ams_v6_US East_2': 5, 'F8ams_v6_US East_3': 5, 'F8as_v6_US East_1': 5, 'F8as_v6_US East_2': 5, 'M12ds_v3_US East_2': 5, 'M12s_v3_US East_1': 5, 'M16-8ms_US East_1': 5, 'M16-8ms_US East_2': 5, 'M16-8ms_US East_3': 5, 'M16ms_US East_1': 5, 'M16ms_US East_2': 5, 'M16ms_US East_3': 5, 'M32-16ms_US East_1': 5, 'M32-16ms_US East_2': 5, 'M32-16ms_US East_3': 5, 'M32-8ms_US East_1': 5, 'M32-8ms_US East_2': 5, 'M32-8ms_US East_3': 5, 'M32dms_v2_US East_1': 5, 'M32dms_v2_US East_2': 5, 'M32dms_v2_US East_3': 5, 'M32ls_US East_1': 5, 'M32ls_US East_2': 5, 'M32ls_US East_3': 5, 'M32ms_US East_1': 5, 'M32ms_US East_2': 5, 'M32ms_US East_3': 5, 'M32ms_v2_US East_1': 5, 'M32ms_v2_US East_2': 5, 'M32ms_v2_US East_3': 5, 'M32ts_US East_1': 5, 'M32ts_US East_2': 5, 'M32ts_US East_3': 5, 'M64s_v2_US East_1': 5, 'M64s_v2_US East_3': 5, 'M8-4ms_US East_1': 5, 'M8-4ms_US East_2': 5, 'M8-4ms_US East_3': 5, 'M8ms_US East_1': 5, 'M8ms_US East_2': 5, 'M8ms_US East_3': 5, 'NV16as_v4_US East_2': 5, 'NV4as_v4_US East_1': 5, 'NV4as_v4_US East_2': 5, 'NV4as_v4_US East_3': 5, 'NV6ads_A10_v5_US East_1': 5, 'NV6ads_A10_v5_US East_2': 5, 'NV8as_v4_US East_1': 5, 'NV8as_v4_US East_2': 5, 'NV8as_v4_US East_3': 5}"
0.91,349.5312649999999,473963162,1355996.4738776665,18045,17645,"{'B16pls_v2_US East_1': 5, 'B16pls_v2_US East_2': 5, 'B16pls_v2_US East_3': 5, 'B16ps_v2_US East_1': 5, 'B2pls_v2_US East_1': 5, 'B2pls_v2_US East_2': 5, 'B2pls_v2_US East_3': 5, 'B2ps_v2_US East_1': 5, 'B2ps_v2_US East_2': 5, 'B2ps_v2_US East_3': 5, 'B4pls_v2_US East_1': 5, 'B4pls_v2_US East_2': 5, 'B4pls_v2_US East_3': 5, 'B4ps_v2_US East_1': 5, 'B4ps_v2_US East_2': 5, 'B4ps_v2_US East_3': 5, 'B8pls_v2_US East_1': 5, 'B8pls_v2_US East_2': 5, 'B8pls_v2_US East_3': 5, 'B8ps_v2_US East_1': 5, 'B8ps_v2_US East_2': 5, 'B8ps_v2_US East_3': 5, 'D16ads_v6_US East_1': 5, 'D16ads_v6_US East_2': 5, 'D16alds_v6_US East_1': 5, 'D16alds_v6_US East_3': 5, 'D16als_v6_US East_2': 5, 'D16als_v6_US East_3': 5, 'D16as_v6_US East_1': 5, 'D16as_v6_US East_3': 5, 'D16pds_v5_US East_3': 5, 'D16plds_v5_US East_1': 5, 'D16plds_v5_US East_2': 5, 'D16pls_v5_US East_1': 5, 'D16pls_v5_US East_2': 5, 'D16ps_v5_US East_3': 5, 'D2ads_v6_US East_1': 5, 'D2ads_v6_US East_2': 5, 'D2ads_v6_US East_3': 5, 'D2alds_v6_US East_1': 5, 'D2alds_v6_US East_2': 5, 'D2alds_v6_US East_3': 5, 'D2als_v6_US East_1': 5, 'D2als_v6_US East_2': 5, 'D2als_v6_US East_3': 5, 'D2as_v6_US East_1': 5, 'D2as_v6_US East_2': 5, 'D2as_v6_US East_3': 5, 'D2pds_v5_US East_1': 5, 'D2pds_v5_US East_2': 5, 'D2pds_v5_US East_3': 5, 'D2plds_v5_US East_1': 5, 'D2plds_v5_US East_2': 5, 'D2plds_v5_US East_3': 5, 'D2pls_v5_US East_1': 5, 'D2pls_v5_US East_2': 5, 'D2pls_v5_US East_3': 5, 'D2ps_v5_US East_1': 5, 'D2ps_v5_US East_2': 5, 'D2ps_v5_US East_3': 5, 'D32ads_v6_US East_1': 5, 'D32ads_v6_US East_3': 5, 'D32alds_v6_US East_1': 5, 'D32alds_v6_US East_2': 5, 'D32als_v6_US East_1': 5, 'D32als_v6_US East_2': 5, 'D32as_v6_US East_1': 5, 'D32as_v6_US East_3': 5, 'D32plds_v5_US East_2': 5, 'D32pls_v5_US East_2': 5, 'D48ads_v6_US East_2': 5, 'D48alds_v6_US East_2': 5, 'D48als_v6_US East_1': 5, 'D48als_v6_US East_3': 5, 'D4ads_v6_US East_1': 5, 'D4ads_v6_US East_2': 5, 'D4ads_v6_US East_3': 5, 'D4alds_v6_US East_1': 5, 'D4alds_v6_US East_2': 5, 'D4alds_v6_US East_3': 5, 'D4als_v6_US East_1': 5, 'D4als_v6_US East_2': 5, 'D4als_v6_US East_3': 5, 'D4as_v6_US East_1': 5, 'D4as_v6_US East_2': 5, 'D4as_v6_US East_3': 5, 'D4pds_v5_US East_1': 5, 'D4pds_v5_US East_2': 5, 'D4pds_v5_US East_3': 5, 'D4plds_v5_US East_1': 5, 'D4plds_v5_US East_2': 5, 'D4plds_v5_US East_3': 5, 'D4pls_v5_US East_1': 5, 'D4pls_v5_US East_2': 5, 'D4pls_v5_US East_3': 5, 'D4ps_v5_US East_1': 5, 'D4ps_v5_US East_2': 5, 'D4ps_v5_US East_3': 5, 'D64ads_v6_US East_2': 5, 'D64alds_v6_US East_1': 5, 'D64als_v6_US East_3': 5, 'D64as_v6_US East_2': 5, 'D8ads_v6_US East_1': 5, 'D8ads_v6_US East_2': 5, 'D8ads_v6_US East_3': 5, 'D8alds_v6_US East_1': 5, 'D8alds_v6_US East_2': 5, 'D8alds_v6_US East_3': 5, 'D8als_v6_US East_1': 5, 'D8als_v6_US East_2': 5, 'D8als_v6_US East_3': 5, 'D8as_v6_US East_1': 5, 'D8as_v6_US East_2': 5, 'D8as_v6_US East_3': 5, 'D8plds_v5_US East_1': 5, 'D8plds_v5_US East_2': 5, 'D8plds_v5_US East_3': 5, 'D8pls_v5_US East_1': 5, 'D8pls_v5_US East_2': 5, 'D8pls_v5_US East_3': 5, 'D8ps_v5_US East_1': 5, 'D8ps_v5_US East_2': 5, 'D8ps_v5_US East_3': 5, 'D96ads_v6_US East_3': 5, 'D96alds_v6_US East_3': 5, 'D96als_v6_US East_3': 5, 'D96as_v6_US East_3': 5, 'DC1s_v2_US East_1': 5, 'DC2s_v2_US East_2': 5, 'E16ads_v6_US East_2': 5, 'E16ads_v6_US East_3': 5, 'E16as_v6_US East_1': 5, 'E16as_v6_US East_3': 5, 'E20ads_v6_US East_1': 5, 'E20ads_v6_US East_2': 5, 'E20as_v6_US East_1': 5, 'E20as_v6_US East_3': 5, 'E2ads_v6_US East_1': 5, 'E2ads_v6_US East_2': 5, 'E2ads_v6_US East_3': 5, 'E2as_v6_US East_1': 5, 'E2as_v6_US East_2': 5, 'E2as_v6_US East_3': 5, 'E2ps_v5_US East_1': 5, 'E2ps_v5_US East_2': 5, 'E2ps_v5_US East_3': 5, 'E32ads_v6_US East_3': 5, 'E32as_v6_US East_3': 5, 'E48ads_v6_US East_3': 5, 'E48as_v6_US East_2': 5, 'E4ads_v6_US East_1': 5, 'E4ads_v6_US East_2': 5, 'E4ads_v6_US East_3': 5, 'E4as_v6_US East_1': 5, 'E4as_v6_US East_2': 5, 'E4as_v6_US East_3': 5, 'E4ps_v5_US East_1': 5, 'E4ps_v5_US East_2': 5, 'E4ps_v5_US East_3': 5, 'E64ads_v6_US East_3': 5, 'E64as_v6_US East_3': 5, 'E8ads_v6_US East_2': 5, 'E8ads_v6_US East_3': 5, 'E8as_v6_US East_2': 5, 'E8as_v6_US East_3': 5, 'E8ps_v5_US East_3': 5, 'E96-24ads_v6_US East_1': 5, 'E96-48ads_v6_US East_3': 5, 'E96ads_v6_US East_3': 5, 'E96as_v6_US East_3': 5, 'F16als_v6_US East_2': 5, 'F16als_v6_US East_3': 5, 'F16ams_v6_US East_2': 5, 'F16ams_v6_US East_3': 5, 'F16as_v6_US East_1': 5, 'F16as_v6_US East_2': 5, 'F2als_v6_US East_1': 5, 'F2als_v6_US East_2': 5, 'F2als_v6_US East_3': 5, 'F2ams_v6_US East_1': 5, 'F2ams_v6_US East_2': 5, 'F2ams_v6_US East_3': 5, 'F2as_v6_US East_1': 5, 'F2as_v6_US East_2': 5, 'F2as_v6_US East_3': 5, 'F32als_v6_US East_2': 5, 'F32ams_v6_US East_2': 5, 'F32as_v6_US East_3': 5, 'F48als_v6_US East_3': 5, 'F48ams_v6_US East_2': 5, 'F48as_v6_US East_2': 5, 'F4als_v6_US East_1': 5, 'F4als_v6_US East_2': 5, 'F4als_v6_US East_3': 5, 'F4ams_v6_US East_1': 5, 'F4ams_v6_US East_2': 5, 'F4ams_v6_US East_3': 5, 'F4as_v6_US East_1': 5, 'F4as_v6_US East_2': 5, 'F4as_v6_US East_3': 5, 'F64als_v6_US East_3': 5, 'F64ams_v6_US East_3': 5, 'F64as_v6_US East_1': 5, 'F8als_v6_US East_1': 5, 'F8als_v6_US East_3': 5, 'F8ams_v6_US East_2': 5, 'F8ams_v6_US East_3': 5, 'F8as_v6_US East_1': 5, 'F8as_v6_US East_2': 5, 'M12ds_v3_US East_2': 5, 'M12s_v3_US East_1': 5, 'M16-8ms_US East_1': 5, 'M16-8ms_US East_2': 5, 'M16-8ms_US East_3': 5, 'M16ms_US East_1': 5, 'M16ms_US East_2': 5, 'M16ms_US East_3': 5, 'M32-16ms_US East_1': 5, 'M32-16ms_US East_2': 5, 'M32-16ms_US East_3': 5, 'M32-8ms_US East_1': 5, 'M32-8ms_US East_2': 5, 'M32-8ms_US East_3': 5, 'M32dms_v2_US East_1': 5, 'M32dms_v2_US East_2': 5, 'M32dms_v2_US East_3': 5, 'M32ls_US East_1': 5, 'M32ls_US East_2': 5, 'M32ls_US East_3': 5, 'M32ms_US East_1': 5, 'M32ms_US East_2': 5, 'M32ms_US East_3': 5, 'M32ms_v2_US East_1': 5, 'M32ms_v2_US East_2': 5, 'M32ms_v2_US East_3': 5, 'M32ts_US East_1': 5, 'M32ts_US East_2': 5, 'M32ts_US East_3': 5, 'M64s_v2_US East_1': 5, 'M64s_v2_US East_3': 5, 'M8-4ms_US East_1': 5, 'M8-4ms_US East_2': 5, 'M8-4ms_US East_3': 5, 'M8ms_US East_1': 5, 'M8ms_US East_2': 5, 'M8ms_US East_3': 5, 'NV16as_v4_US East_2': 5, 'NV4as_v4_US East_1': 5, 'NV4as_v4_US East_2': 5, 'NV4as_v4_US East_3': 5, 'NV6ads_A10_v5_US East_1': 5, 'NV6ads_A10_v5_US East_2': 5, 'NV8as_v4_US East_1': 5, 'NV8as_v4_US East_2': 5, 'NV8as_v4_US East_3': 5}"
0.92,349.5312649999999,473963162,1355996.4738776665,18045,17645,"{'B16pls_v2_US East_1': 5, 'B16pls_v2_US East_2': 5, 'B16pls_v2_US East_3': 5, 'B16ps_v2_US East_1': 5, 'B2pls_v2_US East_1': 5, 'B2pls_v2_US East_2': 5, 'B2pls_v2_US East_3': 5, 'B2ps_v2_US East_1': 5, 'B2ps_v2_US East_2': 5, 'B2ps_v2_US East_3': 5, 'B4pls_v2_US East_1': 5, 'B4pls_v2_US East_2': 5, 'B4pls_v2_US East_3': 5, 'B4ps_v2_US East_1': 5, 'B4ps_v2_US East_2': 5, 'B4ps_v2_US East_3': 5, 'B8pls_v2_US East_1': 5, 'B8pls_v2_US East_2': 5, 'B8pls_v2_US East_3': 5, 'B8ps_v2_US East_1': 5, 'B8ps_v2_US East_2': 5, 'B8ps_v2_US East_3': 5, 'D16ads_v6_US East_1': 5, 'D16ads_v6_US East_2': 5, 'D16alds_v6_US East_1': 5, 'D16alds_v6_US East_3': 5, 'D16als_v6_US East_2': 5, 'D16als_v6_US East_3': 5, 'D16as_v6_US East_1': 5, 'D16as_v6_US East_3': 5, 'D16pds_v5_US East_3': 5, 'D16plds_v5_US East_1': 5, 'D16plds_v5_US East_2': 5, 'D16pls_v5_US East_1': 5, 'D16pls_v5_US East_2': 5, 'D16ps_v5_US East_3': 5, 'D2ads_v6_US East_1': 5, 'D2ads_v6_US East_2': 5, 'D2ads_v6_US East_3': 5, 'D2alds_v6_US East_1': 5, 'D2alds_v6_US East_2': 5, 'D2alds_v6_US East_3': 5, 'D2als_v6_US East_1': 5, 'D2als_v6_US East_2': 5, 'D2als_v6_US East_3': 5, 'D2as_v6_US East_1': 5, 'D2as_v6_US East_2': 5, 'D2as_v6_US East_3': 5, 'D2pds_v5_US East_1': 5, 'D2pds_v5_US East_2': 5, 'D2pds_v5_US East_3': 5, 'D2plds_v5_US East_1': 5, 'D2plds_v5_US East_2': 5, 'D2plds_v5_US East_3': 5, 'D2pls_v5_US East_1': 5, 'D2pls_v5_US East_2': 5, 'D2pls_v5_US East_3': 5, 'D2ps_v5_US East_1': 5, 'D2ps_v5_US East_2': 5, 'D2ps_v5_US East_3': 5, 'D32ads_v6_US East_1': 5, 'D32ads_v6_US East_3': 5, 'D32alds_v6_US East_1': 5, 'D32alds_v6_US East_2': 5, 'D32als_v6_US East_1': 5, 'D32als_v6_US East_2': 5, 'D32as_v6_US East_1': 5, 'D32as_v6_US East_3': 5, 'D32plds_v5_US East_2': 5, 'D32pls_v5_US East_2': 5, 'D48ads_v6_US East_2': 5, 'D48alds_v6_US East_2': 5, 'D48als_v6_US East_1': 5, 'D48als_v6_US East_3': 5, 'D4ads_v6_US East_1': 5, 'D4ads_v6_US East_2': 5, 'D4ads_v6_US East_3': 5, 'D4alds_v6_US East_1': 5, 'D4alds_v6_US East_2': 5, 'D4alds_v6_US East_3': 5, 'D4als_v6_US East_1': 5, 'D4als_v6_US East_2': 5, 'D4als_v6_US East_3': 5, 'D4as_v6_US East_1': 5, 'D4as_v6_US East_2': 5, 'D4as_v6_US East_3': 5, 'D4pds_v5_US East_1': 5, 'D4pds_v5_US East_2': 5, 'D4pds_v5_US East_3': 5, 'D4plds_v5_US East_1': 5, 'D4plds_v5_US East_2': 5, 'D4plds_v5_US East_3': 5, 'D4pls_v5_US East_1': 5, 'D4pls_v5_US East_2': 5, 'D4pls_v5_US East_3': 5, 'D4ps_v5_US East_1': 5, 'D4ps_v5_US East_2': 5, 'D4ps_v5_US East_3': 5, 'D64ads_v6_US East_2': 5, 'D64alds_v6_US East_1': 5, 'D64als_v6_US East_3': 5, 'D64as_v6_US East_2': 5, 'D8ads_v6_US East_1': 5, 'D8ads_v6_US East_2': 5, 'D8ads_v6_US East_3': 5, 'D8alds_v6_US East_1': 5, 'D8alds_v6_US East_2': 5, 'D8alds_v6_US East_3': 5, 'D8als_v6_US East_1': 5, 'D8als_v6_US East_2': 5, 'D8als_v6_US East_3': 5, 'D8as_v6_US East_1': 5, 'D8as_v6_US East_2': 5, 'D8as_v6_US East_3': 5, 'D8plds_v5_US East_1': 5, 'D8plds_v5_US East_2': 5, 'D8plds_v5_US East_3': 5, 'D8pls_v5_US East_1': 5, 'D8pls_v5_US East_2': 5, 'D8pls_v5_US East_3': 5, 'D8ps_v5_US East_1': 5, 'D8ps_v5_US East_2': 5, 'D8ps_v5_US East_3': 5, 'D96ads_v6_US East_3': 5, 'D96alds_v6_US East_3': 5, 'D96als_v6_US East_3': 5, 'D96as_v6_US East_3': 5, 'DC1s_v2_US East_1': 5, 'DC2s_v2_US East_2': 5, 'E16ads_v6_US East_2': 5, 'E16ads_v6_US East_3': 5, 'E16as_v6_US East_1': 5, 'E16as_v6_US East_3': 5, 'E20ads_v6_US East_1': 5, 'E20ads_v6_US East_2': 5, 'E20as_v6_US East_1': 5, 'E20as_v6_US East_3': 5, 'E2ads_v6_US East_1': 5, 'E2ads_v6_US East_2': 5, 'E2ads_v6_US East_3': 5, 'E2as_v6_US East_1': 5, 'E2as_v6_US East_2': 5, 'E2as_v6_US East_3': 5, 'E2ps_v5_US East_1': 5, 'E2ps_v5_US East_2': 5, 'E2ps_v5_US East_3': 5, 'E32ads_v6_US East_3': 5, 'E32as_v6_US East_3': 5, 'E48ads_v6_US East_3': 5, 'E48as_v6_US East_2': 5, 'E4ads_v6_US East_1': 5, 'E4ads_v6_US East_2': 5, 'E4ads_v6_US East_3': 5, 'E4as_v6_US East_1': 5, 'E4as_v6_US East_2': 5, 'E4as_v6_US East_3': 5, 'E4ps_v5_US East_1': 5, 'E4ps_v5_US East_2': 5, 'E4ps_v5_US East_3': 5, 'E64ads_v6_US East_3': 5, 'E64as_v6_US East_3': 5, 'E8ads_v6_US East_2': 5, 'E8ads_v6_US East_3': 5, 'E8as_v6_US East_2': 5, 'E8as_v6_US East_3': 5, 'E8ps_v5_US East_3': 5, 'E96-24ads_v6_US East_1': 5, 'E96-48ads_v6_US East_3': 5, 'E96ads_v6_US East_3': 5, 'E96as_v6_US East_3': 5, 'F16als_v6_US East_2': 5, 'F16als_v6_US East_3': 5, 'F16ams_v6_US East_2': 5, 'F16ams_v6_US East_3': 5, 'F16as_v6_US East_1': 5, 'F16as_v6_US East_2': 5, 'F2als_v6_US East_1': 5, 'F2als_v6_US East_2': 5, 'F2als_v6_US East_3': 5, 'F2ams_v6_US East_1': 5, 'F2ams_v6_US East_2': 5, 'F2ams_v6_US East_3': 5, 'F2as_v6_US East_1': 5, 'F2as_v6_US East_2': 5, 'F2as_v6_US East_3': 5, 'F32als_v6_US East_2': 5, 'F32ams_v6_US East_2': 5, 'F32as_v6_US East_3': 5, 'F48als_v6_US East_3': 5, 'F48ams_v6_US East_2': 5, 'F48as_v6_US East_2': 5, 'F4als_v6_US East_1': 5, 'F4als_v6_US East_2': 5, 'F4als_v6_US East_3': 5, 'F4ams_v6_US East_1': 5, 'F4ams_v6_US East_2': 5, 'F4ams_v6_US East_3': 5, 'F4as_v6_US East_1': 5, 'F4as_v6_US East_2': 5, 'F4as_v6_US East_3': 5, 'F64als_v6_US East_3': 5, 'F64ams_v6_US East_3': 5, 'F64as_v6_US East_1': 5, 'F8als_v6_US East_1': 5, 'F8als_v6_US East_3': 5, 'F8ams_v6_US East_2': 5, 'F8ams_v6_US East_3': 5, 'F8as_v6_US East_1': 5, 'F8as_v6_US East_2': 5, 'M12ds_v3_US East_2': 5, 'M12s_v3_US East_1': 5, 'M16-8ms_US East_1': 5, 'M16-8ms_US East_2': 5, 'M16-8ms_US East_3': 5, 'M16ms_US East_1': 5, 'M16ms_US East_2': 5, 'M16ms_US East_3': 5, 'M32-16ms_US East_1': 5, 'M32-16ms_US East_2': 5, 'M32-16ms_US East_3': 5, 'M32-8ms_US East_1': 5, 'M32-8ms_US East_2': 5, 'M32-8ms_US East_3': 5, 'M32dms_v2_US East_1': 5, 'M32dms_v2_US East_2': 5, 'M32dms_v2_US East_3': 5, 'M32ls_US East_1': 5, 'M32ls_US East_2': 5, 'M32ls_US East_3': 5, 'M32ms_US East_1': 5, 'M32ms_US East_2': 5, 'M32ms_US East_3': 5, 'M32ms_v2_US East_1': 5, 'M32ms_v2_US East_2': 5, 'M32ms_v2_US East_3': 5, 'M32ts_US East_1': 5, 'M32ts_US East_2': 5, 'M32ts_US East_3': 5, 'M64s_v2_US East_1': 5, 'M64s_v2_US East_3': 5, 'M8-4ms_US East_1': 5, 'M8-4ms_US East_2': 5, 'M8-4ms_US East_3': 5, 'M8ms_US East_1': 5, 'M8ms_US East_2': 5, 'M8ms_US East_3': 5, 'NV16as_v4_US East_2': 5, 'NV4as_v4_US East_1': 5, 'NV4as_v4_US East_2': 5, 'NV4as_v4_US East_3': 5, 'NV6ads_A10_v5_US East_1': 5, 'NV6ads_A10_v5_US East_2': 5, 'NV8as_v4_US East_1': 5, 'NV8as_v4_US East_2': 5, 'NV8as_v4_US East_3': 5}"
0.93,349.5312649999999,473963162,1355996.4738776665,18045,17645,"{'B16pls_v2_US East_1': 5, 'B16pls_v2_US East_2': 5, 'B16pls_v2_US East_3': 5, 'B16ps_v2_US East_1': 5, 'B2pls_v2_US East_1': 5, 'B2pls_v2_US East_2': 5, 'B2pls_v2_US East_3': 5, 'B2ps_v2_US East_1': 5, 'B2ps_v2_US East_2': 5, 'B2ps_v2_US East_3': 5, 'B4pls_v2_US East_1': 5, 'B4pls_v2_US East_2': 5, 'B4pls_v2_US East_3': 5, 'B4ps_v2_US East_1': 5, 'B4ps_v2_US East_2': 5, 'B4ps_v2_US East_3': 5, 'B8pls_v2_US East_1': 5, 'B8pls_v2_US East_2': 5, 'B8pls_v2_US East_3': 5, 'B8ps_v2_US East_1': 5, 'B8ps_v2_US East_2': 5, 'B8ps_v2_US East_3': 5, 'D16ads_v6_US East_1': 5, 'D16ads_v6_US East_2': 5, 'D16alds_v6_US East_1': 5, 'D16alds_v6_US East_3': 5, 'D16als_v6_US East_2': 5, 'D16als_v6_US East_3': 5, 'D16as_v6_US East_1': 5, 'D16as_v6_US East_3': 5, 'D16pds_v5_US East_3': 5, 'D16plds_v5_US East_1': 5, 'D16plds_v5_US East_2': 5, 'D16pls_v5_US East_1': 5, 'D16pls_v5_US East_2': 5, 'D16ps_v5_US East_3': 5, 'D2ads_v6_US East_1': 5, 'D2ads_v6_US East_2': 5, 'D2ads_v6_US East_3': 5, 'D2alds_v6_US East_1': 5, 'D2alds_v6_US East_2': 5, 'D2alds_v6_US East_3': 5, 'D2als_v6_US East_1': 5, 'D2als_v6_US East_2': 5, 'D2als_v6_US East_3': 5, 'D2as_v6_US East_1': 5, 'D2as_v6_US East_2': 5, 'D2as_v6_US East_3': 5, 'D2pds_v5_US East_1': 5, 'D2pds_v5_US East_2': 5, 'D2pds_v5_US East_3': 5, 'D2plds_v5_US East_1': 5, 'D2plds_v5_US East_2': 5, 'D2plds_v5_US East_3': 5, 'D2pls_v5_US East_1': 5, 'D2pls_v5_US East_2': 5, 'D2pls_v5_US East_3': 5, 'D2ps_v5_US East_1': 5, 'D2ps_v5_US East_2': 5, 'D2ps_v5_US East_3': 5, 'D32ads_v6_US East_1': 5, 'D32ads_v6_US East_3': 5, 'D32alds_v6_US East_1': 5, 'D32alds_v6_US East_2': 5, 'D32als_v6_US East_1': 5, 'D32als_v6_US East_2': 5, 'D32as_v6_US East_1': 5, 'D32as_v6_US East_3': 5, 'D32plds_v5_US East_2': 5, 'D32pls_v5_US East_2': 5, 'D48ads_v6_US East_2': 5, 'D48alds_v6_US East_2': 5, 'D48als_v6_US East_1': 5, 'D48als_v6_US East_3': 5, 'D4ads_v6_US East_1': 5, 'D4ads_v6_US East_2': 5, 'D4ads_v6_US East_3': 5, 'D4alds_v6_US East_1': 5, 'D4alds_v6_US East_2': 5, 'D4alds_v6_US East_3': 5, 'D4als_v6_US East_1': 5, 'D4als_v6_US East_2': 5, 'D4als_v6_US East_3': 5, 'D4as_v6_US East_1': 5, 'D4as_v6_US East_2': 5, 'D4as_v6_US East_3': 5, 'D4pds_v5_US East_1': 5, 'D4pds_v5_US East_2': 5, 'D4pds_v5_US East_3': 5, 'D4plds_v5_US East_1': 5, 'D4plds_v5_US East_2': 5, 'D4plds_v5_US East_3': 5, 'D4pls_v5_US East_1': 5, 'D4pls_v5_US East_2': 5, 'D4pls_v5_US East_3': 5, 'D4ps_v5_US East_1': 5, 'D4ps_v5_US East_2': 5, 'D4ps_v5_US East_3': 5, 'D64ads_v6_US East_2': 5, 'D64alds_v6_US East_1': 5, 'D64als_v6_US East_3': 5, 'D64as_v6_US East_2': 5, 'D8ads_v6_US East_1': 5, 'D8ads_v6_US East_2': 5, 'D8ads_v6_US East_3': 5, 'D8alds_v6_US East_1': 5, 'D8alds_v6_US East_2': 5, 'D8alds_v6_US East_3': 5, 'D8als_v6_US East_1': 5, 'D8als_v6_US East_2': 5, 'D8als_v6_US East_3': 5, 'D8as_v6_US East_1': 5, 'D8as_v6_US East_2': 5, 'D8as_v6_US East_3': 5, 'D8plds_v5_US East_1': 5, 'D8plds_v5_US East_2': 5, 'D8plds_v5_US East_3': 5, 'D8pls_v5_US East_1': 5, 'D8pls_v5_US East_2': 5, 'D8pls_v5_US East_3': 5, 'D8ps_v5_US East_1': 5, 'D8ps_v5_US East_2': 5, 'D8ps_v5_US East_3': 5, 'D96ads_v6_US East_3': 5, 'D96alds_v6_US East_3': 5, 'D96als_v6_US East_3': 5, 'D96as_v6_US East_3': 5, 'DC1s_v2_US East_1': 5, 'DC2s_v2_US East_2': 5, 'E16ads_v6_US East_2': 5, 'E16ads_v6_US East_3': 5, 'E16as_v6_US East_1': 5, 'E16as_v6_US East_3': 5, 'E20ads_v6_US East_1': 5, 'E20ads_v6_US East_2': 5, 'E20as_v6_US East_1': 5, 'E20as_v6_US East_3': 5, 'E2ads_v6_US East_1': 5, 'E2ads_v6_US East_2': 5, 'E2ads_v6_US East_3': 5, 'E2as_v6_US East_1': 5, 'E2as_v6_US East_2': 5, 'E2as_v6_US East_3': 5, 'E2ps_v5_US East_1': 5, 'E2ps_v5_US East_2': 5, 'E2ps_v5_US East_3': 5, 'E32ads_v6_US East_3': 5, 'E32as_v6_US East_3': 5, 'E48ads_v6_US East_3': 5, 'E48as_v6_US East_2': 5, 'E4ads_v6_US East_1': 5, 'E4ads_v6_US East_2': 5, 'E4ads_v6_US East_3': 5, 'E4as_v6_US East_1': 5, 'E4as_v6_US East_2': 5, 'E4as_v6_US East_3': 5, 'E4ps_v5_US East_1': 5, 'E4ps_v5_US East_2': 5, 'E4ps_v5_US East_3': 5, 'E64ads_v6_US East_3': 5, 'E64as_v6_US East_3': 5, 'E8ads_v6_US East_2': 5, 'E8ads_v6_US East_3': 5, 'E8as_v6_US East_2': 5, 'E8as_v6_US East_3': 5, 'E8ps_v5_US East_3': 5, 'E96-24ads_v6_US East_1': 5, 'E96-48ads_v6_US East_3': 5, 'E96ads_v6_US East_3': 5, 'E96as_v6_US East_3': 5, 'F16als_v6_US East_2': 5, 'F16als_v6_US East_3': 5, 'F16ams_v6_US East_2': 5, 'F16ams_v6_US East_3': 5, 'F16as_v6_US East_1': 5, 'F16as_v6_US East_2': 5, 'F2als_v6_US East_1': 5, 'F2als_v6_US East_2': 5, 'F2als_v6_US East_3': 5, 'F2ams_v6_US East_1': 5, 'F2ams_v6_US East_2': 5, 'F2ams_v6_US East_3': 5, 'F2as_v6_US East_1': 5, 'F2as_v6_US East_2': 5, 'F2as_v6_US East_3': 5, 'F32als_v6_US East_2': 5, 'F32ams_v6_US East_2': 5, 'F32as_v6_US East_3': 5, 'F48als_v6_US East_3': 5, 'F48ams_v6_US East_2': 5, 'F48as_v6_US East_2': 5, 'F4als_v6_US East_1': 5, 'F4als_v6_US East_2': 5, 'F4als_v6_US East_3': 5, 'F4ams_v6_US East_1': 5, 'F4ams_v6_US East_2': 5, 'F4ams_v6_US East_3': 5, 'F4as_v6_US East_1': 5, 'F4as_v6_US East_2': 5, 'F4as_v6_US East_3': 5, 'F64als_v6_US East_3': 5, 'F64ams_v6_US East_3': 5, 'F64as_v6_US East_1': 5, 'F8als_v6_US East_1': 5, 'F8als_v6_US East_3': 5, 'F8ams_v6_US East_2': 5, 'F8ams_v6_US East_3': 5, 'F8as_v6_US East_1': 5, 'F8as_v6_US East_2': 5, 'M12ds_v3_US East_2': 5, 'M12s_v3_US East_1': 5, 'M16-8ms_US East_1': 5, 'M16-8ms_US East_2': 5, 'M16-8ms_US East_3': 5, 'M16ms_US East_1': 5, 'M16ms_US East_2': 5, 'M16ms_US East_3': 5, 'M32-16ms_US East_1': 5, 'M32-16ms_US East_2': 5, 'M32-16ms_US East_3': 5, 'M32-8ms_US East_1': 5, 'M32-8ms_US East_2': 5, 'M32-8ms_US East_3': 5, 'M32dms_v2_US East_1': 5, 'M32dms_v2_US East_2': 5, 'M32dms_v2_US East_3': 5, 'M32ls_US East_1': 5, 'M32ls_US East_2': 5, 'M32ls_US East_3': 5, 'M32ms_US East_1': 5, 'M32ms_US East_2': 5, 'M32ms_US East_3': 5, 'M32ms_v2_US East_1': 5, 'M32ms_v2_US East_2': 5, 'M32ms_v2_US East_3': 5, 'M32ts_US East_1': 5, 'M32ts_US East_2': 5, 'M32ts_US East_3': 5, 'M64s_v2_US East_1': 5, 'M64s_v2_US East_3': 5, 'M8-4ms_US East_1': 5, 'M8-4ms_US East_2': 5, 'M8-4ms_US East_3': 5, 'M8ms_US East_1': 5, 'M8ms_US East_2': 5, 'M8ms_US East_3': 5, 'NV16as_v4_US East_2': 5, 'NV4as_v4_US East_1': 5, 'NV4as_v4_US East_2': 5, 'NV4as_v4_US East_3': 5, 'NV6ads_A10_v5_US East_1': 5, 'NV6ads_A10_v5_US East_2': 5, 'NV8as_v4_US East_1': 5, 'NV8as_v4_US East_2': 5, 'NV8as_v4_US East_3': 5}"
0.9400000000000001,349.5312649999999,473963162,1355996.4738776665,18045,17645,"{'B16pls_v2_US East_1': 5, 'B16pls_v2_US East_2': 5, 'B16pls_v2_US East_3': 5, 'B16ps_v2_US East_1': 5, 'B2pls_v2_US East_1': 5, 'B2pls_v2_US East_2': 5, 'B2pls_v2_US East_3': 5, 'B2ps_v2_US East_1': 5, 'B2ps_v2_US East_2': 5, 'B2ps_v2_US East_3': 5, 'B4pls_v2_US East_1': 5, 'B4pls_v2_US East_2': 5, 'B4pls_v2_US East_3': 5, 'B4ps_v2_US East_1': 5, 'B4ps_v2_US East_2': 5, 'B4ps_v2_US East_3': 5, 'B8pls_v2_US East_1': 5, 'B8pls_v2_US East_2': 5, 'B8pls_v2_US East_3': 5, 'B8ps_v2_US East_1': 5, 'B8ps_v2_US East_2': 5, 'B8ps_v2_US East_3': 5, 'D16ads_v6_US East_1': 5, 'D16ads_v6_US East_2': 5, 'D16alds_v6_US East_1': 5, 'D16alds_v6_US East_3': 5, 'D16als_v6_US East_2': 5, 'D16als_v6_US East_3': 5, 'D16as_v6_US East_1': 5, 'D16as_v6_US East_3': 5, 'D16pds_v5_US East_3': 5, 'D16plds_v5_US East_1': 5, 'D16plds_v5_US East_2': 5, 'D16pls_v5_US East_1': 5, 'D16pls_v5_US East_2': 5, 'D16ps_v5_US East_3': 5, 'D2ads_v6_US East_1': 5, 'D2ads_v6_US East_2': 5, 'D2ads_v6_US East_3': 5, 'D2alds_v6_US East_1': 5, 'D2alds_v6_US East_2': 5, 'D2alds_v6_US East_3': 5, 'D2als_v6_US East_1': 5, 'D2als_v6_US East_2': 5, 'D2als_v6_US East_3': 5, 'D2as_v6_US East_1': 5, 'D2as_v6_US East_2': 5, 'D2as_v6_US East_3': 5, 'D2pds_v5_US East_1': 5, 'D2pds_v5_US East_2': 5, 'D2pds_v5_US East_3': 5, 'D2plds_v5_US East_1': 5, 'D2plds_v5_US East_2': 5, 'D2plds_v5_US East_3': 5, 'D2pls_v5_US East_1': 5, 'D2pls_v5_US East_2': 5, 'D2pls_v5_US East_3': 5, 'D2ps_v5_US East_1': 5, 'D2ps_v5_US East_2': 5, 'D2ps_v5_US East_3': 5, 'D32ads_v6_US East_1': 5, 'D32ads_v6_US East_3': 5, 'D32alds_v6_US East_1': 5, 'D32alds_v6_US East_2': 5, 'D32als_v6_US East_1': 5, 'D32als_v6_US East_2': 5, 'D32as_v6_US East_1': 5, 'D32as_v6_US East_3': 5, 'D32plds_v5_US East_2': 5, 'D32pls_v5_US East_2': 5, 'D48ads_v6_US East_2': 5, 'D48alds_v6_US East_2': 5, 'D48als_v6_US East_1': 5, 'D48als_v6_US East_3': 5, 'D4ads_v6_US East_1': 5, 'D4ads_v6_US East_2': 5, 'D4ads_v6_US East_3': 5, 'D4alds_v6_US East_1': 5, 'D4alds_v6_US East_2': 5, 'D4alds_v6_US East_3': 5, 'D4als_v6_US East_1': 5, 'D4als_v6_US East_2': 5, 'D4als_v6_US East_3': 5, 'D4as_v6_US East_1': 5, 'D4as_v6_US East_2': 5, 'D4as_v6_US East_3': 5, 'D4pds_v5_US East_1': 5, 'D4pds_v5_US East_2': 5, 'D4pds_v5_US East_3': 5, 'D4plds_v5_US East_1': 5, 'D4plds_v5_US East_2': 5, 'D4plds_v5_US East_3': 5, 'D4pls_v5_US East_1': 5, 'D4pls_v5_US East_2': 5, 'D4pls_v5_US East_3': 5, 'D4ps_v5_US East_1': 5, 'D4ps_v5_US East_2': 5, 'D4ps_v5_US East_3': 5, 'D64ads_v6_US East_2': 5, 'D64alds_v6_US East_1': 5, 'D64als_v6_US East_3': 5, 'D64as_v6_US East_2': 5, 'D8ads_v6_US East_1': 5, 'D8ads_v6_US East_2': 5, 'D8ads_v6_US East_3': 5, 'D8alds_v6_US East_1': 5, 'D8alds_v6_US East_2': 5, 'D8alds_v6_US East_3': 5, 'D8als_v6_US East_1': 5, 'D8als_v6_US East_2': 5, 'D8als_v6_US East_3': 5, 'D8as_v6_US East_1': 5, 'D8as_v6_US East_2': 5, 'D8as_v6_US East_3': 5, 'D8plds_v5_US East_1': 5, 'D8plds_v5_US East_2': 5, 'D8plds_v5_US East_3': 5, 'D8pls_v5_US East_1': 5, 'D8pls_v5_US East_2': 5, 'D8pls_v5_US East_3': 5, 'D8ps_v5_US East_1': 5, 'D8ps_v5_US East_2': 5, 'D8ps_v5_US East_3': 5, 'D96ads_v6_US East_3': 5, 'D96alds_v6_US East_3': 5, 'D96als_v6_US East_3': 5, 'D96as_v6_US East_3': 5, 'DC1s_v2_US East_1': 5, 'DC2s_v2_US East_2': 5, 'E16ads_v6_US East_2': 5, 'E16ads_v6_US East_3': 5, 'E16as_v6_US East_1': 5, 'E16as_v6_US East_3': 5, 'E20ads_v6_US East_1': 5, 'E20ads_v6_US East_2': 5, 'E20as_v6_US East_1': 5, 'E20as_v6_US East_3': 5, 'E2ads_v6_US East_1': 5, 'E2ads_v6_US East_2': 5, 'E2ads_v6_US East_3': 5, 'E2as_v6_US East_1': 5, 'E2as_v6_US East_2': 5, 'E2as_v6_US East_3': 5, 'E2ps_v5_US East_1': 5, 'E2ps_v5_US East_2': 5, 'E2ps_v5_US East_3': 5, 'E32ads_v6_US East_3': 5, 'E32as_v6_US East_3': 5, 'E48ads_v6_US East_3': 5, 'E48as_v6_US East_2': 5, 'E4ads_v6_US East_1': 5, 'E4ads_v6_US East_2': 5, 'E4ads_v6_US East_3': 5, 'E4as_v6_US East_1': 5, 'E4as_v6_US East_2': 5, 'E4as_v6_US East_3': 5, 'E4ps_v5_US East_1': 5, 'E4ps_v5_US East_2': 5, 'E4ps_v5_US East_3': 5, 'E64ads_v6_US East_3': 5, 'E64as_v6_US East_3': 5, 'E8ads_v6_US East_2': 5, 'E8ads_v6_US East_3': 5, 'E8as_v6_US East_2': 5, 'E8as_v6_US East_3': 5, 'E8ps_v5_US East_3': 5, 'E96-24ads_v6_US East_1': 5, 'E96-48ads_v6_US East_3': 5, 'E96ads_v6_US East_3': 5, 'E96as_v6_US East_3': 5, 'F16als_v6_US East_2': 5, 'F16als_v6_US East_3': 5, 'F16ams_v6_US East_2': 5, 'F16ams_v6_US East_3': 5, 'F16as_v6_US East_1': 5, 'F16as_v6_US East_2': 5, 'F2als_v6_US East_1': 5, 'F2als_v6_US East_2': 5, 'F2als_v6_US East_3': 5, 'F2ams_v6_US East_1': 5, 'F2ams_v6_US East_2': 5, 'F2ams_v6_US East_3': 5, 'F2as_v6_US East_1': 5, 'F2as_v6_US East_2': 5, 'F2as_v6_US East_3': 5, 'F32als_v6_US East_2': 5, 'F32ams_v6_US East_2': 5, 'F32as_v6_US East_3': 5, 'F48als_v6_US East_3': 5, 'F48ams_v6_US East_2': 5, 'F48as_v6_US East_2': 5, 'F4als_v6_US East_1': 5, 'F4als_v6_US East_2': 5, 'F4als_v6_US East_3': 5, 'F4ams_v6_US East_1': 5, 'F4ams_v6_US East_2': 5, 'F4ams_v6_US East_3': 5, 'F4as_v6_US East_1': 5, 'F4as_v6_US East_2': 5, 'F4as_v6_US East_3': 5, 'F64als_v6_US East_3': 5, 'F64ams_v6_US East_3': 5, 'F64as_v6_US East_1': 5, 'F8als_v6_US East_1': 5, 'F8als_v6_US East_3': 5, 'F8ams_v6_US East_2': 5, 'F8ams_v6_US East_3': 5, 'F8as_v6_US East_1': 5, 'F8as_v6_US East_2': 5, 'M12ds_v3_US East_2': 5, 'M12s_v3_US East_1': 5, 'M16-8ms_US East_1': 5, 'M16-8ms_US East_2': 5, 'M16-8ms_US East_3': 5, 'M16ms_US East_1': 5, 'M16ms_US East_2': 5, 'M16ms_US East_3': 5, 'M32-16ms_US East_1': 5, 'M32-16ms_US East_2': 5, 'M32-16ms_US East_3': 5, 'M32-8ms_US East_1': 5, 'M32-8ms_US East_2': 5, 'M32-8ms_US East_3': 5, 'M32dms_v2_US East_1': 5, 'M32dms_v2_US East_2': 5, 'M32dms_v2_US East_3': 5, 'M32ls_US East_1': 5, 'M32ls_US East_2': 5, 'M32ls_US East_3': 5, 'M32ms_US East_1': 5, 'M32ms_US East_2': 5, 'M32ms_US East_3': 5, 'M32ms_v2_US East_1': 5, 'M32ms_v2_US East_2': 5, 'M32ms_v2_US East_3': 5, 'M32ts_US East_1': 5, 'M32ts_US East_2': 5, 'M32ts_US East_3': 5, 'M64s_v2_US East_1': 5, 'M64s_v2_US East_3': 5, 'M8-4ms_US East_1': 5, 'M8-4ms_US East_2': 5, 'M8-4ms_US East_3': 5, 'M8ms_US East_1': 5, 'M8ms_US East_2': 5, 'M8ms_US East_3': 5, 'NV16as_v4_US East_2': 5, 'NV4as_v4_US East_1': 5, 'NV4as_v4_US East_2': 5, 'NV4as_v4_US East_3': 5, 'NV6ads_A10_v5_US East_1': 5, 'NV6ads_A10_v5_US East_2': 5, 'NV8as_v4_US East_1': 5, 'NV8as_v4_US East_2': 5, 'NV8as_v4_US East_3': 5}"
0.9500000000000001,362.30879,475227047,1311663.0370739836,18135,17735,"{'B16pls_v2_US East_1': 5, 'B16pls_v2_US East_2': 5, 'B16pls_v2_US East_3': 5, 'B16ps_v2_US East_1': 5, 'B2pls_v2_US East_1': 5, 'B2pls_v2_US East_2': 5, 'B2pls_v2_US East_3': 5, 'B2ps_v2_US East_1': 5, 'B2ps_v2_US East_2': 5, 'B2ps_v2_US East_3': 5, 'B4pls_v2_US East_1': 5, 'B4pls_v2_US East_2': 5, 'B4pls_v2_US East_3': 5, 'B4ps_v2_US East_1': 5, 'B4ps_v2_US East_2': 5, 'B4ps_v2_US East_3': 5, 'B8pls_v2_US East_1': 5, 'B8pls_v2_US East_2': 5, 'B8pls_v2_US East_3': 5, 'B8ps_v2_US East_1': 5, 'B8ps_v2_US East_2': 5, 'B8ps_v2_US East_3': 5, 'D16ads_v6_US East_1': 5, 'D16ads_v6_US East_2': 5, 'D16alds_v6_US East_1': 5, 'D16alds_v6_US East_3': 5, 'D16als_v6_US East_2': 5, 'D16als_v6_US East_3': 5, 'D16as_v6_US East_1': 5, 'D16as_v6_US East_3': 5, 'D16pds_v5_US East_3': 5, 'D16plds_v5_US East_1': 5, 'D16plds_v5_US East_2': 5, 'D16pls_v5_US East_1': 5, 'D16pls_v5_US East_2': 5, 'D16ps_v5_US East_3': 5, 'D2ads_v6_US East_1': 5, 'D2ads_v6_US East_2': 5, 'D2ads_v6_US East_3': 5, 'D2alds_v6_US East_1': 5, 'D2alds_v6_US East_2': 5, 'D2alds_v6_US East_3': 5, 'D2als_v6_US East_1': 5, 'D2als_v6_US East_2': 5, 'D2als_v6_US East_3': 5, 'D2as_v6_US East_1': 5, 'D2as_v6_US East_2': 5, 'D2as_v6_US East_3': 5, 'D2pds_v5_US East_1': 5, 'D2pds_v5_US East_2': 5, 'D2pds_v5_US East_3': 5, 'D2plds_v5_US East_1': 5, 'D2plds_v5_US East_2': 5, 'D2plds_v5_US East_3': 5, 'D2pls_v5_US East_1': 5, 'D2pls_v5_US East_2': 5, 'D2pls_v5_US East_3': 5, 'D2ps_v5_US East_1': 5, 'D2ps_v5_US East_2': 5, 'D2ps_v5_US East_3': 5, 'D32ads_v6_US East_1': 5, 'D32ads_v6_US East_3': 5, 'D32alds_v6_US East_1': 5, 'D32alds_v6_US East_2': 5, 'D32als_v6_US East_1': 5, 'D32als_v6_US East_2': 5, 'D32as_v6_US East_1': 5, 'D32as_v6_US East_3': 5, 'D32plds_v5_US East_2': 5, 'D32pls_v5_US East_2': 5, 'D48ads_v6_US East_2': 5, 'D48alds_v6_US East_2': 5, 'D48als_v6_US East_1': 5, 'D48als_v6_US East_3': 5, 'D4ads_v6_US East_1': 5, 'D4ads_v6_US East_2': 5, 'D4ads_v6_US East_3': 5, 'D4alds_v6_US East_1': 5, 'D4alds_v6_US East_2': 5, 'D4alds_v6_US East_3': 5, 'D4als_v6_US East_1': 5, 'D4als_v6_US East_2': 5, 'D4als_v6_US East_3': 5, 'D4as_v6_US East_1': 5, 'D4as_v6_US East_2': 5, 'D4as_v6_US East_3': 5, 'D4pds_v5_US East_1': 5, 'D4pds_v5_US East_2': 5, 'D4pds_v5_US East_3': 5, 'D4plds_v5_US East_1': 5, 'D4plds_v5_US East_2': 5, 'D4plds_v5_US East_3': 5, 'D4pls_v5_US East_1': 5, 'D4pls_v5_US East_2': 5, 'D4pls_v5_US East_3': 5, 'D4ps_v5_US East_1': 5, 'D4ps_v5_US East_2': 5, 'D4ps_v5_US East_3': 5, 'D64ads_v6_US East_2': 5, 'D64alds_v6_US East_1': 5, 'D64als_v6_US East_3': 5, 'D64as_v6_US East_2': 5, 'D8ads_v6_US East_1': 5, 'D8ads_v6_US East_2': 5, 'D8ads_v6_US East_3': 5, 'D8alds_v6_US East_1': 5, 'D8alds_v6_US East_2': 5, 'D8alds_v6_US East_3': 5, 'D8als_v6_US East_1': 5, 'D8als_v6_US East_2': 5, 'D8als_v6_US East_3': 5, 'D8as_v6_US East_1': 5, 'D8as_v6_US East_2': 5, 'D8as_v6_US East_3': 5, 'D8plds_v5_US East_1': 5, 'D8plds_v5_US East_2': 5, 'D8plds_v5_US East_3': 5, 'D8pls_v5_US East_1': 5, 'D8pls_v5_US East_2': 5, 'D8pls_v5_US East_3': 5, 'D8ps_v5_US East_1': 5, 'D8ps_v5_US East_2': 5, 'D8ps_v5_US East_3': 5, 'D96ads_v6_US East_3': 5, 'D96alds_v6_US East_3': 5, 'D96als_v6_US East_3': 5, 'D96as_v6_US East_3': 5, 'DC1s_v2_US East_1': 5, 'DC2s_v2_US East_2': 5, 'E16ads_v6_US East_2': 5, 'E16ads_v6_US East_3': 5, 'E16as_v6_US East_1': 5, 'E16as_v6_US East_3': 5, 'E20ads_v6_US East_1': 5, 'E20ads_v6_US East_2': 5, 'E20as_v6_US East_1': 5, 'E20as_v6_US East_3': 5, 'E2ads_v6_US East_1': 5, 'E2ads_v6_US East_2': 5, 'E2ads_v6_US East_3': 5, 'E2as_v6_US East_1': 5, 'E2as_v6_US East_2': 5, 'E2as_v6_US East_3': 5, 'E2ps_v5_US East_1': 5, 'E2ps_v5_US East_2': 5, 'E2ps_v5_US East_3': 5, 'E32ads_v6_US East_3': 5, 'E32as_v6_US East_3': 5, 'E48ads_v6_US East_3': 5, 'E48as_v6_US East_2': 5, 'E4ads_v6_US East_1': 5, 'E4ads_v6_US East_2': 5, 'E4ads_v6_US East_3': 5, 'E4as_v6_US East_1': 5, 'E4as_v6_US East_2': 5, 'E4as_v6_US East_3': 5, 'E4ps_v5_US East_1': 5, 'E4ps_v5_US East_2': 5, 'E4ps_v5_US East_3': 5, 'E64ads_v6_US East_3': 5, 'E64as_v6_US East_3': 5, 'E8ads_v6_US East_2': 5, 'E8ads_v6_US East_3': 5, 'E8as_v6_US East_2': 5, 'E8as_v6_US East_3': 5, 'E8ps_v5_US East_3': 5, 'E96-24ads_v6_US East_1': 5, 'E96-48ads_v6_US East_3': 5, 'E96ads_v6_US East_3': 5, 'E96as_v6_US East_3': 5, 'F16als_v6_US East_2': 5, 'F16als_v6_US East_3': 5, 'F16ams_v6_US East_2': 5, 'F16ams_v6_US East_3': 5, 'F16as_v6_US East_1': 5, 'F16as_v6_US East_2': 5, 'F2als_v6_US East_1': 5, 'F2als_v6_US East_2': 5, 'F2als_v6_US East_3': 5, 'F2ams_v6_US East_1': 5, 'F2ams_v6_US East_2': 5, 'F2ams_v6_US East_3': 5, 'F2as_v6_US East_1': 5, 'F2as_v6_US East_2': 5, 'F2as_v6_US East_3': 5, 'F32als_v6_US East_2': 5, 'F32ams_v6_US East_2': 5, 'F32as_v6_US East_3': 5, 'F48als_v6_US East_3': 5, 'F48ams_v6_US East_2': 5, 'F48as_v6_US East_2': 5, 'F4als_v6_US East_1': 5, 'F4als_v6_US East_2': 5, 'F4als_v6_US East_3': 5, 'F4ams_v6_US East_1': 5, 'F4ams_v6_US East_2': 5, 'F4ams_v6_US East_3': 5, 'F4as_v6_US East_1': 5, 'F4as_v6_US East_2': 5, 'F4as_v6_US East_3': 5, 'F64als_v6_US East_3': 5, 'F64ams_v6_US East_3': 5, 'F64as_v6_US East_1': 5, 'F8als_v6_US East_1': 5, 'F8als_v6_US East_3': 5, 'F8ams_v6_US East_2': 5, 'F8ams_v6_US East_3': 5, 'F8as_v6_US East_1': 5, 'F8as_v6_US East_2': 5, 'M12ds_v3_US East_2': 5, 'M12s_v3_US East_1': 5, 'M16-4ms_US East_1': 5, 'M16-4ms_US East_2': 5, 'M16-4ms_US East_3': 5, 'M16-8ms_US East_1': 5, 'M16-8ms_US East_2': 5, 'M16-8ms_US East_3': 5, 'M16ms_US East_1': 5, 'M16ms_US East_2': 5, 'M16ms_US East_3': 5, 'M32-16ms_US East_1': 5, 'M32-16ms_US East_2': 5, 'M32-16ms_US East_3': 5, 'M32-8ms_US East_1': 5, 'M32-8ms_US East_2': 5, 'M32-8ms_US East_3': 5, 'M32dms_v2_US East_1': 5, 'M32dms_v2_US East_2': 5, 'M32dms_v2_US East_3': 5, 'M32ls_US East_1': 5, 'M32ls_US East_2': 5, 'M32ls_US East_3': 5, 'M32ms_US East_1': 5, 'M32ms_US East_2': 5, 'M32ms_US East_3': 5, 'M32ms_v2_US East_1': 5, 'M32ms_v2_US East_2': 5, 'M32ms_v2_US East_3': 5, 'M32ts_US East_1': 5, 'M32ts_US East_2': 5, 'M32ts_US East_3': 5, 'M64s_v2_US East_1': 5, 'M64s_v2_US East_3': 5, 'M8-2ms_US East_1': 5, 'M8-2ms_US East_2': 5, 'M8-2ms_US East_3': 5, 'M8-4ms_US East_1': 5, 'M8-4ms_US East_2': 5, 'M8-4ms_US East_3': 5, 'M8ms_US East_1': 5, 'M8ms_US East_2': 5, 'M8ms_US East_3': 5, 'NV16as_v4_US East_2': 5, 'NV4as_v4_US East_1': 5, 'NV4as_v4_US East_2': 5, 'NV4as_v4_US East_3': 5, 'NV6ads_A10_v5_US East_1': 5, 'NV6ads_A10_v5_US East_2': 5, 'NV8as_v4_US East_1': 5, 'NV8as_v4_US East_2': 5, 'NV8as_v4_US East_3': 5}"
0.96,362.30879,475227047,1311663.0370739836,18135,17735,"{'B16pls_v2_US East_1': 5, 'B16pls_v2_US East_2': 5, 'B16pls_v2_US East_3': 5, 'B16ps_v2_US East_1': 5, 'B2pls_v2_US East_1': 5, 'B2pls_v2_US East_2': 5, 'B2pls_v2_US East_3': 5, 'B2ps_v2_US East_1': 5, 'B2ps_v2_US East_2': 5, 'B2ps_v2_US East_3': 5, 'B4pls_v2_US East_1': 5, 'B4pls_v2_US East_2': 5, 'B4pls_v2_US East_3': 5, 'B4ps_v2_US East_1': 5, 'B4ps_v2_US East_2': 5, 'B4ps_v2_US East_3': 5, 'B8pls_v2_US East_1': 5, 'B8pls_v2_US East_2': 5, 'B8pls_v2_US East_3': 5, 'B8ps_v2_US East_1': 5, 'B8ps_v2_US East_2': 5, 'B8ps_v2_US East_3': 5, 'D16ads_v6_US East_1': 5, 'D16ads_v6_US East_2': 5, 'D16alds_v6_US East_1': 5, 'D16alds_v6_US East_3': 5, 'D16als_v6_US East_2': 5, 'D16als_v6_US East_3': 5, 'D16as_v6_US East_1': 5, 'D16as_v6_US East_3': 5, 'D16pds_v5_US East_3': 5, 'D16plds_v5_US East_1': 5, 'D16plds_v5_US East_2': 5, 'D16pls_v5_US East_1': 5, 'D16pls_v5_US East_2': 5, 'D16ps_v5_US East_3': 5, 'D2ads_v6_US East_1': 5, 'D2ads_v6_US East_2': 5, 'D2ads_v6_US East_3': 5, 'D2alds_v6_US East_1': 5, 'D2alds_v6_US East_2': 5, 'D2alds_v6_US East_3': 5, 'D2als_v6_US East_1': 5, 'D2als_v6_US East_2': 5, 'D2als_v6_US East_3': 5, 'D2as_v6_US East_1': 5, 'D2as_v6_US East_2': 5, 'D2as_v6_US East_3': 5, 'D2pds_v5_US East_1': 5, 'D2pds_v5_US East_2': 5, 'D2pds_v5_US East_3': 5, 'D2plds_v5_US East_1': 5, 'D2plds_v5_US East_2': 5, 'D2plds_v5_US East_3': 5, 'D2pls_v5_US East_1': 5, 'D2pls_v5_US East_2': 5, 'D2pls_v5_US East_3': 5, 'D2ps_v5_US East_1': 5, 'D2ps_v5_US East_2': 5, 'D2ps_v5_US East_3': 5, 'D32ads_v6_US East_1': 5, 'D32ads_v6_US East_3': 5, 'D32alds_v6_US East_1': 5, 'D32alds_v6_US East_2': 5, 'D32als_v6_US East_1': 5, 'D32als_v6_US East_2': 5, 'D32as_v6_US East_1': 5, 'D32as_v6_US East_3': 5, 'D32plds_v5_US East_2': 5, 'D32pls_v5_US East_2': 5, 'D48ads_v6_US East_2': 5, 'D48alds_v6_US East_2': 5, 'D48als_v6_US East_1': 5, 'D48als_v6_US East_3': 5, 'D4ads_v6_US East_1': 5, 'D4ads_v6_US East_2': 5, 'D4ads_v6_US East_3': 5, 'D4alds_v6_US East_1': 5, 'D4alds_v6_US East_2': 5, 'D4alds_v6_US East_3': 5, 'D4als_v6_US East_1': 5, 'D4als_v6_US East_2': 5, 'D4als_v6_US East_3': 5, 'D4as_v6_US East_1': 5, 'D4as_v6_US East_2': 5, 'D4as_v6_US East_3': 5, 'D4pds_v5_US East_1': 5, 'D4pds_v5_US East_2': 5, 'D4pds_v5_US East_3': 5, 'D4plds_v5_US East_1': 5, 'D4plds_v5_US East_2': 5, 'D4plds_v5_US East_3': 5, 'D4pls_v5_US East_1': 5, 'D4pls_v5_US East_2': 5, 'D4pls_v5_US East_3': 5, 'D4ps_v5_US East_1': 5, 'D4ps_v5_US East_2': 5, 'D4ps_v5_US East_3': 5, 'D64ads_v6_US East_2': 5, 'D64alds_v6_US East_1': 5, 'D64als_v6_US East_3': 5, 'D64as_v6_US East_2': 5, 'D8ads_v6_US East_1': 5, 'D8ads_v6_US East_2': 5, 'D8ads_v6_US East_3': 5, 'D8alds_v6_US East_1': 5, 'D8alds_v6_US East_2': 5, 'D8alds_v6_US East_3': 5, 'D8als_v6_US East_1': 5, 'D8als_v6_US East_2': 5, 'D8als_v6_US East_3': 5, 'D8as_v6_US East_1': 5, 'D8as_v6_US East_2': 5, 'D8as_v6_US East_3': 5, 'D8plds_v5_US East_1': 5, 'D8plds_v5_US East_2': 5, 'D8plds_v5_US East_3': 5, 'D8pls_v5_US East_1': 5, 'D8pls_v5_US East_2': 5, 'D8pls_v5_US East_3': 5, 'D8ps_v5_US East_1': 5, 'D8ps_v5_US East_2': 5, 'D8ps_v5_US East_3': 5, 'D96ads_v6_US East_3': 5, 'D96alds_v6_US East_3': 5, 'D96als_v6_US East_3': 5, 'D96as_v6_US East_3': 5, 'DC1s_v2_US East_1': 5, 'DC2s_v2_US East_2': 5, 'E16ads_v6_US East_2': 5, 'E16ads_v6_US East_3': 5, 'E16as_v6_US East_1': 5, 'E16as_v6_US East_3': 5, 'E20ads_v6_US East_1': 5, 'E20ads_v6_US East_2': 5, 'E20as_v6_US East_1': 5, 'E20as_v6_US East_3': 5, 'E2ads_v6_US East_1': 5, 'E2ads_v6_US East_2': 5, 'E2ads_v6_US East_3': 5, 'E2as_v6_US East_1': 5, 'E2as_v6_US East_2': 5, 'E2as_v6_US East_3': 5, 'E2ps_v5_US East_1': 5, 'E2ps_v5_US East_2': 5, 'E2ps_v5_US East_3': 5, 'E32ads_v6_US East_3': 5, 'E32as_v6_US East_3': 5, 'E48ads_v6_US East_3': 5, 'E48as_v6_US East_2': 5, 'E4ads_v6_US East_1': 5, 'E4ads_v6_US East_2': 5, 'E4ads_v6_US East_3': 5, 'E4as_v6_US East_1': 5, 'E4as_v6_US East_2': 5, 'E4as_v6_US East_3': 5, 'E4ps_v5_US East_1': 5, 'E4ps_v5_US East_2': 5, 'E4ps_v5_US East_3': 5, 'E64ads_v6_US East_3': 5, 'E64as_v6_US East_3': 5, 'E8ads_v6_US East_2': 5, 'E8ads_v6_US East_3': 5, 'E8as_v6_US East_2': 5, 'E8as_v6_US East_3': 5, 'E8ps_v5_US East_3': 5, 'E96-24ads_v6_US East_1': 5, 'E96-48ads_v6_US East_3': 5, 'E96ads_v6_US East_3': 5, 'E96as_v6_US East_3': 5, 'F16als_v6_US East_2': 5, 'F16als_v6_US East_3': 5, 'F16ams_v6_US East_2': 5, 'F16ams_v6_US East_3': 5, 'F16as_v6_US East_1': 5, 'F16as_v6_US East_2': 5, 'F2als_v6_US East_1': 5, 'F2als_v6_US East_2': 5, 'F2als_v6_US East_3': 5, 'F2ams_v6_US East_1': 5, 'F2ams_v6_US East_2': 5, 'F2ams_v6_US East_3': 5, 'F2as_v6_US East_1': 5, 'F2as_v6_US East_2': 5, 'F2as_v6_US East_3': 5, 'F32als_v6_US East_2': 5, 'F32ams_v6_US East_2': 5, 'F32as_v6_US East_3': 5, 'F48als_v6_US East_3': 5, 'F48ams_v6_US East_2': 5, 'F48as_v6_US East_2': 5, 'F4als_v6_US East_1': 5, 'F4als_v6_US East_2': 5, 'F4als_v6_US East_3': 5, 'F4ams_v6_US East_1': 5, 'F4ams_v6_US East_2': 5, 'F4ams_v6_US East_3': 5, 'F4as_v6_US East_1': 5, 'F4as_v6_US East_2': 5, 'F4as_v6_US East_3': 5, 'F64als_v6_US East_3': 5, 'F64ams_v6_US East_3': 5, 'F64as_v6_US East_1': 5, 'F8als_v6_US East_1': 5, 'F8als_v6_US East_3': 5, 'F8ams_v6_US East_2': 5, 'F8ams_v6_US East_3': 5, 'F8as_v6_US East_1': 5, 'F8as_v6_US East_2': 5, 'M12ds_v3_US East_2': 5, 'M12s_v3_US East_1': 5, 'M16-4ms_US East_1': 5, 'M16-4ms_US East_2': 5, 'M16-4ms_US East_3': 5, 'M16-8ms_US East_1': 5, 'M16-8ms_US East_2': 5, 'M16-8ms_US East_3': 5, 'M16ms_US East_1': 5, 'M16ms_US East_2': 5, 'M16ms_US East_3': 5, 'M32-16ms_US East_1': 5, 'M32-16ms_US East_2': 5, 'M32-16ms_US East_3': 5, 'M32-8ms_US East_1': 5, 'M32-8ms_US East_2': 5, 'M32-8ms_US East_3': 5, 'M32dms_v2_US East_1': 5, 'M32dms_v2_US East_2': 5, 'M32dms_v2_US East_3': 5, 'M32ls_US East_1': 5, 'M32ls_US East_2': 5, 'M32ls_US East_3': 5, 'M32ms_US East_1': 5, 'M32ms_US East_2': 5, 'M32ms_US East_3': 5, 'M32ms_v2_US East_1': 5, 'M32ms_v2_US East_2': 5, 'M32ms_v2_US East_3': 5, 'M32ts_US East_1': 5, 'M32ts_US East_2': 5, 'M32ts_US East_3': 5, 'M64s_v2_US East_1': 5, 'M64s_v2_US East_3': 5, 'M8-2ms_US East_1': 5, 'M8-2ms_US East_2': 5, 'M8-2ms_US East_3': 5, 'M8-4ms_US East_1': 5, 'M8-4ms_US East_2': 5, 'M8-4ms_US East_3': 5, 'M8ms_US East_1': 5, 'M8ms_US East_2': 5, 'M8ms_US East_3': 5, 'NV16as_v4_US East_2': 5, 'NV4as_v4_US East_1': 5, 'NV4as_v4_US East_2': 5, 'NV4as_v4_US East_3': 5, 'NV6ads_A10_v5_US East_1': 5, 'NV6ads_A10_v5_US East_2': 5, 'NV8as_v4_US East_1': 5, 'NV8as_v4_US East_2': 5, 'NV8as_v4_US East_3': 5}"
0.97,362.30879,475227047,1311663.0370739836,18135,17735,"{'B16pls_v2_US East_1': 5, 'B16pls_v2_US East_2': 5, 'B16pls_v2_US East_3': 5, 'B16ps_v2_US East_1': 5, 'B2pls_v2_US East_1': 5, 'B2pls_v2_US East_2': 5, 'B2pls_v2_US East_3': 5, 'B2ps_v2_US East_1': 5, 'B2ps_v2_US East_2': 5, 'B2ps_v2_US East_3': 5, 'B4pls_v2_US East_1': 5, 'B4pls_v2_US East_2': 5, 'B4pls_v2_US East_3': 5, 'B4ps_v2_US East_1': 5, 'B4ps_v2_US East_2': 5, 'B4ps_v2_US East_3': 5, 'B8pls_v2_US East_1': 5, 'B8pls_v2_US East_2': 5, 'B8pls_v2_US East_3': 5, 'B8ps_v2_US East_1': 5, 'B8ps_v2_US East_2': 5, 'B8ps_v2_US East_3': 5, 'D16ads_v6_US East_1': 5, 'D16ads_v6_US East_2': 5, 'D16alds_v6_US East_1': 5, 'D16alds_v6_US East_3': 5, 'D16als_v6_US East_2': 5, 'D16als_v6_US East_3': 5, 'D16as_v6_US East_1': 5, 'D16as_v6_US East_3': 5, 'D16pds_v5_US East_3': 5, 'D16plds_v5_US East_1': 5, 'D16plds_v5_US East_2': 5, 'D16pls_v5_US East_1': 5, 'D16pls_v5_US East_2': 5, 'D16ps_v5_US East_3': 5, 'D2ads_v6_US East_1': 5, 'D2ads_v6_US East_2': 5, 'D2ads_v6_US East_3': 5, 'D2alds_v6_US East_1': 5, 'D2alds_v6_US East_2': 5, 'D2alds_v6_US East_3': 5, 'D2als_v6_US East_1': 5, 'D2als_v6_US East_2': 5, 'D2als_v6_US East_3': 5, 'D2as_v6_US East_1': 5, 'D2as_v6_US East_2': 5, 'D2as_v6_US East_3': 5, 'D2pds_v5_US East_1': 5, 'D2pds_v5_US East_2': 5, 'D2pds_v5_US East_3': 5, 'D2plds_v5_US East_1': 5, 'D2plds_v5_US East_2': 5, 'D2plds_v5_US East_3': 5, 'D2pls_v5_US East_1': 5, 'D2pls_v5_US East_2': 5, 'D2pls_v5_US East_3': 5, 'D2ps_v5_US East_1': 5, 'D2ps_v5_US East_2': 5, 'D2ps_v5_US East_3': 5, 'D32ads_v6_US East_1': 5, 'D32ads_v6_US East_3': 5, 'D32alds_v6_US East_1': 5, 'D32alds_v6_US East_2': 5, 'D32als_v6_US East_1': 5, 'D32als_v6_US East_2': 5, 'D32as_v6_US East_1': 5, 'D32as_v6_US East_3': 5, 'D32plds_v5_US East_2': 5, 'D32pls_v5_US East_2': 5, 'D48ads_v6_US East_2': 5, 'D48alds_v6_US East_2': 5, 'D48als_v6_US East_1': 5, 'D48als_v6_US East_3': 5, 'D4ads_v6_US East_1': 5, 'D4ads_v6_US East_2': 5, 'D4ads_v6_US East_3': 5, 'D4alds_v6_US East_1': 5, 'D4alds_v6_US East_2': 5, 'D4alds_v6_US East_3': 5, 'D4als_v6_US East_1': 5, 'D4als_v6_US East_2': 5, 'D4als_v6_US East_3': 5, 'D4as_v6_US East_1': 5, 'D4as_v6_US East_2': 5, 'D4as_v6_US East_3': 5, 'D4pds_v5_US East_1': 5, 'D4pds_v5_US East_2': 5, 'D4pds_v5_US East_3': 5, 'D4plds_v5_US East_1': 5, 'D4plds_v5_US East_2': 5, 'D4plds_v5_US East_3': 5, 'D4pls_v5_US East_1': 5, 'D4pls_v5_US East_2': 5, 'D4pls_v5_US East_3': 5, 'D4ps_v5_US East_1': 5, 'D4ps_v5_US East_2': 5, 'D4ps_v5_US East_3': 5, 'D64ads_v6_US East_2': 5, 'D64alds_v6_US East_1': 5, 'D64als_v6_US East_3': 5, 'D64as_v6_US East_2': 5, 'D8ads_v6_US East_1': 5, 'D8ads_v6_US East_2': 5, 'D8ads_v6_US East_3': 5, 'D8alds_v6_US East_1': 5, 'D8alds_v6_US East_2': 5, 'D8alds_v6_US East_3': 5, 'D8als_v6_US East_1': 5, 'D8als_v6_US East_2': 5, 'D8als_v6_US East_3': 5, 'D8as_v6_US East_1': 5, 'D8as_v6_US East_2': 5, 'D8as_v6_US East_3': 5, 'D8plds_v5_US East_1': 5, 'D8plds_v5_US East_2': 5, 'D8plds_v5_US East_3': 5, 'D8pls_v5_US East_1': 5, 'D8pls_v5_US East_2': 5, 'D8pls_v5_US East_3': 5, 'D8ps_v5_US East_1': 5, 'D8ps_v5_US East_2': 5, 'D8ps_v5_US East_3': 5, 'D96ads_v6_US East_3': 5, 'D96alds_v6_US East_3': 5, 'D96als_v6_US East_3': 5, 'D96as_v6_US East_3': 5, 'DC1s_v2_US East_1': 5, 'DC2s_v2_US East_2': 5, 'E16ads_v6_US East_2': 5, 'E16ads_v6_US East_3': 5, 'E16as_v6_US East_1': 5, 'E16as_v6_US East_3': 5, 'E20ads_v6_US East_1': 5, 'E20ads_v6_US East_2': 5, 'E20as_v6_US East_1': 5, 'E20as_v6_US East_3': 5, 'E2ads_v6_US East_1': 5, 'E2ads_v6_US East_2': 5, 'E2ads_v6_US East_3': 5, 'E2as_v6_US East_1': 5, 'E2as_v6_US East_2': 5, 'E2as_v6_US East_3': 5, 'E2ps_v5_US East_1': 5, 'E2ps_v5_US East_2': 5, 'E2ps_v5_US East_3': 5, 'E32ads_v6_US East_3': 5, 'E32as_v6_US East_3': 5, 'E48ads_v6_US East_3': 5, 'E48as_v6_US East_2': 5, 'E4ads_v6_US East_1': 5, 'E4ads_v6_US East_2': 5, 'E4ads_v6_US East_3': 5, 'E4as_v6_US East_1': 5, 'E4as_v6_US East_2': 5, 'E4as_v6_US East_3': 5, 'E4ps_v5_US East_1': 5, 'E4ps_v5_US East_2': 5, 'E4ps_v5_US East_3': 5, 'E64ads_v6_US East_3': 5, 'E64as_v6_US East_3': 5, 'E8ads_v6_US East_2': 5, 'E8ads_v6_US East_3': 5, 'E8as_v6_US East_2': 5, 'E8as_v6_US East_3': 5, 'E8ps_v5_US East_3': 5, 'E96-24ads_v6_US East_1': 5, 'E96-48ads_v6_US East_3': 5, 'E96ads_v6_US East_3': 5, 'E96as_v6_US East_3': 5, 'F16als_v6_US East_2': 5, 'F16als_v6_US East_3': 5, 'F16ams_v6_US East_2': 5, 'F16ams_v6_US East_3': 5, 'F16as_v6_US East_1': 5, 'F16as_v6_US East_2': 5, 'F2als_v6_US East_1': 5, 'F2als_v6_US East_2': 5, 'F2als_v6_US East_3': 5, 'F2ams_v6_US East_1': 5, 'F2ams_v6_US East_2': 5, 'F2ams_v6_US East_3': 5, 'F2as_v6_US East_1': 5, 'F2as_v6_US East_2': 5, 'F2as_v6_US East_3': 5, 'F32als_v6_US East_2': 5, 'F32ams_v6_US East_2': 5, 'F32as_v6_US East_3': 5, 'F48als_v6_US East_3': 5, 'F48ams_v6_US East_2': 5, 'F48as_v6_US East_2': 5, 'F4als_v6_US East_1': 5, 'F4als_v6_US East_2': 5, 'F4als_v6_US East_3': 5, 'F4ams_v6_US East_1': 5, 'F4ams_v6_US East_2': 5, 'F4ams_v6_US East_3': 5, 'F4as_v6_US East_1': 5, 'F4as_v6_US East_2': 5, 'F4as_v6_US East_3': 5, 'F64als_v6_US East_3': 5, 'F64ams_v6_US East_3': 5, 'F64as_v6_US East_1': 5, 'F8als_v6_US East_1': 5, 'F8als_v6_US East_3': 5, 'F8ams_v6_US East_2': 5, 'F8ams_v6_US East_3': 5, 'F8as_v6_US East_1': 5, 'F8as_v6_US East_2': 5, 'M12ds_v3_US East_2': 5, 'M12s_v3_US East_1': 5, 'M16-4ms_US East_1': 5, 'M16-4ms_US East_2': 5, 'M16-4ms_US East_3': 5, 'M16-8ms_US East_1': 5, 'M16-8ms_US East_2': 5, 'M16-8ms_US East_3': 5, 'M16ms_US East_1': 5, 'M16ms_US East_2': 5, 'M16ms_US East_3': 5, 'M32-16ms_US East_1': 5, 'M32-16ms_US East_2': 5, 'M32-16ms_US East_3': 5, 'M32-8ms_US East_1': 5, 'M32-8ms_US East_2': 5, 'M32-8ms_US East_3': 5, 'M32dms_v2_US East_1': 5, 'M32dms_v2_US East_2': 5, 'M32dms_v2_US East_3': 5, 'M32ls_US East_1': 5, 'M32ls_US East_2': 5, 'M32ls_US East_3': 5, 'M32ms_US East_1': 5, 'M32ms_US East_2': 5, 'M32ms_US East_3': 5, 'M32ms_v2_US East_1': 5, 'M32ms_v2_US East_2': 5, 'M32ms_v2_US East_3': 5, 'M32ts_US East_1': 5, 'M32ts_US East_2': 5, 'M32ts_US East_3': 5, 'M64s_v2_US East_1': 5, 'M64s_v2_US East_3': 5, 'M8-2ms_US East_1': 5, 'M8-2ms_US East_2': 5, 'M8-2ms_US East_3': 5, 'M8-4ms_US East_1': 5, 'M8-4ms_US East_2': 5, 'M8-4ms_US East_3': 5, 'M8ms_US East_1': 5, 'M8ms_US East_2': 5, 'M8ms_US East_3': 5, 'NV16as_v4_US East_2': 5, 'NV4as_v4_US East_1': 5, 'NV4as_v4_US East_2': 5, 'NV4as_v4_US East_3': 5, 'NV6ads_A10_v5_US East_1': 5, 'NV6ads_A10_v5_US East_2': 5, 'NV8as_v4_US East_1': 5, 'NV8as_v4_US East_2': 5, 'NV8as_v4_US East_3': 5}"
0.98,362.30879,475227047,1311663.0370739836,18135,17735,"{'B16pls_v2_US East_1': 5, 'B16pls_v2_US East_2': 5, 'B16pls_v2_US East_3': 5, 'B16ps_v2_US East_1': 5, 'B2pls_v2_US East_1': 5, 'B2pls_v2_US East_2': 5, 'B2pls_v2_US East_3': 5, 'B2ps_v2_US East_1': 5, 'B2ps_v2_US East_2': 5, 'B2ps_v2_US East_3': 5, 'B4pls_v2_US East_1': 5, 'B4pls_v2_US East_2': 5, 'B4pls_v2_US East_3': 5, 'B4ps_v2_US East_1': 5, 'B4ps_v2_US East_2': 5, 'B4ps_v2_US East_3': 5, 'B8pls_v2_US East_1': 5, 'B8pls_v2_US East_2': 5, 'B8pls_v2_US East_3': 5, 'B8ps_v2_US East_1': 5, 'B8ps_v2_US East_2': 5, 'B8ps_v2_US East_3': 5, 'D16ads_v6_US East_1': 5, 'D16ads_v6_US East_2': 5, 'D16alds_v6_US East_1': 5, 'D16alds_v6_US East_3': 5, 'D16als_v6_US East_2': 5, 'D16als_v6_US East_3': 5, 'D16as_v6_US East_1': 5, 'D16as_v6_US East_3': 5, 'D16pds_v5_US East_3': 5, 'D16plds_v5_US East_1': 5, 'D16plds_v5_US East_2': 5, 'D16pls_v5_US East_1': 5, 'D16pls_v5_US East_2': 5, 'D16ps_v5_US East_3': 5, 'D2ads_v6_US East_1': 5, 'D2ads_v6_US East_2': 5, 'D2ads_v6_US East_3': 5, 'D2alds_v6_US East_1': 5, 'D2alds_v6_US East_2': 5, 'D2alds_v6_US East_3': 5, 'D2als_v6_US East_1': 5, 'D2als_v6_US East_2': 5, 'D2als_v6_US East_3': 5, 'D2as_v6_US East_1': 5, 'D2as_v6_US East_2': 5, 'D2as_v6_US East_3': 5, 'D2pds_v5_US East_1': 5, 'D2pds_v5_US East_2': 5, 'D2pds_v5_US East_3': 5, 'D2plds_v5_US East_1': 5, 'D2plds_v5_US East_2': 5, 'D2plds_v5_US East_3': 5, 'D2pls_v5_US East_1': 5, 'D2pls_v5_US East_2': 5, 'D2pls_v5_US East_3': 5, 'D2ps_v5_US East_1': 5, 'D2ps_v5_US East_2': 5, 'D2ps_v5_US East_3': 5, 'D32ads_v6_US East_1': 5, 'D32ads_v6_US East_3': 5, 'D32alds_v6_US East_1': 5, 'D32alds_v6_US East_2': 5, 'D32als_v6_US East_1': 5, 'D32als_v6_US East_2': 5, 'D32as_v6_US East_1': 5, 'D32as_v6_US East_3': 5, 'D32plds_v5_US East_2': 5, 'D32pls_v5_US East_2': 5, 'D48ads_v6_US East_2': 5, 'D48alds_v6_US East_2': 5, 'D48als_v6_US East_1': 5, 'D48als_v6_US East_3': 5, 'D4ads_v6_US East_1': 5, 'D4ads_v6_US East_2': 5, 'D4ads_v6_US East_3': 5, 'D4alds_v6_US East_1': 5, 'D4alds_v6_US East_2': 5, 'D4alds_v6_US East_3': 5, 'D4als_v6_US East_1': 5, 'D4als_v6_US East_2': 5, 'D4als_v6_US East_3': 5, 'D4as_v6_US East_1': 5, 'D4as_v6_US East_2': 5, 'D4as_v6_US East_3': 5, 'D4pds_v5_US East_1': 5, 'D4pds_v5_US East_2': 5, 'D4pds_v5_US East_3': 5, 'D4plds_v5_US East_1': 5, 'D4plds_v5_US East_2': 5, 'D4plds_v5_US East_3': 5, 'D4pls_v5_US East_1': 5, 'D4pls_v5_US East_2': 5, 'D4pls_v5_US East_3': 5, 'D4ps_v5_US East_1': 5, 'D4ps_v5_US East_2': 5, 'D4ps_v5_US East_3': 5, 'D64ads_v6_US East_2': 5, 'D64alds_v6_US East_1': 5, 'D64als_v6_US East_3': 5, 'D64as_v6_US East_2': 5, 'D8ads_v6_US East_1': 5, 'D8ads_v6_US East_2': 5, 'D8ads_v6_US East_3': 5, 'D8alds_v6_US East_1': 5, 'D8alds_v6_US East_2': 5, 'D8alds_v6_US East_3': 5, 'D8als_v6_US East_1': 5, 'D8als_v6_US East_2': 5, 'D8als_v6_US East_3': 5, 'D8as_v6_US East_1': 5, 'D8as_v6_US East_2': 5, 'D8as_v6_US East_3': 5, 'D8plds_v5_US East_1': 5, 'D8plds_v5_US East_2': 5, 'D8plds_v5_US East_3': 5, 'D8pls_v5_US East_1': 5, 'D8pls_v5_US East_2': 5, 'D8pls_v5_US East_3': 5, 'D8ps_v5_US East_1': 5, 'D8ps_v5_US East_2': 5, 'D8ps_v5_US East_3': 5, 'D96ads_v6_US East_3': 5, 'D96alds_v6_US East_3': 5, 'D96als_v6_US East_3': 5, 'D96as_v6_US East_3': 5, 'DC1s_v2_US East_1': 5, 'DC2s_v2_US East_2': 5, 'E16ads_v6_US East_2': 5, 'E16ads_v6_US East_3': 5, 'E16as_v6_US East_1': 5, 'E16as_v6_US East_3': 5, 'E20ads_v6_US East_1': 5, 'E20ads_v6_US East_2': 5, 'E20as_v6_US East_1': 5, 'E20as_v6_US East_3': 5, 'E2ads_v6_US East_1': 5, 'E2ads_v6_US East_2': 5, 'E2ads_v6_US East_3': 5, 'E2as_v6_US East_1': 5, 'E2as_v6_US East_2': 5, 'E2as_v6_US East_3': 5, 'E2ps_v5_US East_1': 5, 'E2ps_v5_US East_2': 5, 'E2ps_v5_US East_3': 5, 'E32ads_v6_US East_3': 5, 'E32as_v6_US East_3': 5, 'E48ads_v6_US East_3': 5, 'E48as_v6_US East_2': 5, 'E4ads_v6_US East_1': 5, 'E4ads_v6_US East_2': 5, 'E4ads_v6_US East_3': 5, 'E4as_v6_US East_1': 5, 'E4as_v6_US East_2': 5, 'E4as_v6_US East_3': 5, 'E4ps_v5_US East_1': 5, 'E4ps_v5_US East_2': 5, 'E4ps_v5_US East_3': 5, 'E64ads_v6_US East_3': 5, 'E64as_v6_US East_3': 5, 'E8ads_v6_US East_2': 5, 'E8ads_v6_US East_3': 5, 'E8as_v6_US East_2': 5, 'E8as_v6_US East_3': 5, 'E8ps_v5_US East_3': 5, 'E96-24ads_v6_US East_1': 5, 'E96-48ads_v6_US East_3': 5, 'E96ads_v6_US East_3': 5, 'E96as_v6_US East_3': 5, 'F16als_v6_US East_2': 5, 'F16als_v6_US East_3': 5, 'F16ams_v6_US East_2': 5, 'F16ams_v6_US East_3': 5, 'F16as_v6_US East_1': 5, 'F16as_v6_US East_2': 5, 'F2als_v6_US East_1': 5, 'F2als_v6_US East_2': 5, 'F2als_v6_US East_3': 5, 'F2ams_v6_US East_1': 5, 'F2ams_v6_US East_2': 5, 'F2ams_v6_US East_3': 5, 'F2as_v6_US East_1': 5, 'F2as_v6_US East_2': 5, 'F2as_v6_US East_3': 5, 'F32als_v6_US East_2': 5, 'F32ams_v6_US East_2': 5, 'F32as_v6_US East_3': 5, 'F48als_v6_US East_3': 5, 'F48ams_v6_US East_2': 5, 'F48as_v6_US East_2': 5, 'F4als_v6_US East_1': 5, 'F4als_v6_US East_2': 5, 'F4als_v6_US East_3': 5, 'F4ams_v6_US East_1': 5, 'F4ams_v6_US East_2': 5, 'F4ams_v6_US East_3': 5, 'F4as_v6_US East_1': 5, 'F4as_v6_US East_2': 5, 'F4as_v6_US East_3': 5, 'F64als_v6_US East_3': 5, 'F64ams_v6_US East_3': 5, 'F64as_v6_US East_1': 5, 'F8als_v6_US East_1': 5, 'F8als_v6_US East_3': 5, 'F8ams_v6_US East_2': 5, 'F8ams_v6_US East_3': 5, 'F8as_v6_US East_1': 5, 'F8as_v6_US East_2': 5, 'M12ds_v3_US East_2': 5, 'M12s_v3_US East_1': 5, 'M16-4ms_US East_1': 5, 'M16-4ms_US East_2': 5, 'M16-4ms_US East_3': 5, 'M16-8ms_US East_1': 5, 'M16-8ms_US East_2': 5, 'M16-8ms_US East_3': 5, 'M16ms_US East_1': 5, 'M16ms_US East_2': 5, 'M16ms_US East_3': 5, 'M32-16ms_US East_1': 5, 'M32-16ms_US East_2': 5, 'M32-16ms_US East_3': 5, 'M32-8ms_US East_1': 5, 'M32-8ms_US East_2': 5, 'M32-8ms_US East_3': 5, 'M32dms_v2_US East_1': 5, 'M32dms_v2_US East_2': 5, 'M32dms_v2_US East_3': 5, 'M32ls_US East_1': 5, 'M32ls_US East_2': 5, 'M32ls_US East_3': 5, 'M32ms_US East_1': 5, 'M32ms_US East_2': 5, 'M32ms_US East_3': 5, 'M32ms_v2_US East_1': 5, 'M32ms_v2_US East_2': 5, 'M32ms_v2_US East_3': 5, 'M32ts_US East_1': 5, 'M32ts_US East_2': 5, 'M32ts_US East_3': 5, 'M64s_v2_US East_1': 5, 'M64s_v2_US East_3': 5, 'M8-2ms_US East_1': 5, 'M8-2ms_US East_2': 5, 'M8-2ms_US East_3': 5, 'M8-4ms_US East_1': 5, 'M8-4ms_US East_2': 5, 'M8-4ms_US East_3': 5, 'M8ms_US East_1': 5, 'M8ms_US East_2': 5, 'M8ms_US East_3': 5, 'NV16as_v4_US East_2': 5, 'NV4as_v4_US East_1': 5, 'NV4as_v4_US East_2': 5, 'NV4as_v4_US East_3': 5, 'NV6ads_A10_v5_US East_1': 5, 'NV6ads_A10_v5_US East_2': 5, 'NV8as_v4_US East_1': 5, 'NV8as_v4_US East_2': 5, 'NV8as_v4_US East_3': 5}"
0.99,362.30879,475227047,1311663.0370739836,18135,17735,"{'B16pls_v2_US East_1': 5, 'B16pls_v2_US East_2': 5, 'B16pls_v2_US East_3': 5, 'B16ps_v2_US East_1': 5, 'B2pls_v2_US East_1': 5, 'B2pls_v2_US East_2': 5, 'B2pls_v2_US East_3': 5, 'B2ps_v2_US East_1': 5, 'B2ps_v2_US East_2': 5, 'B2ps_v2_US East_3': 5, 'B4pls_v2_US East_1': 5, 'B4pls_v2_US East_2': 5, 'B4pls_v2_US East_3': 5, 'B4ps_v2_US East_1': 5, 'B4ps_v2_US East_2': 5, 'B4ps_v2_US East_3': 5, 'B8pls_v2_US East_1': 5, 'B8pls_v2_US East_2': 5, 'B8pls_v2_US East_3': 5, 'B8ps_v2_US East_1': 5, 'B8ps_v2_US East_2': 5, 'B8ps_v2_US East_3': 5, 'D16ads_v6_US East_1': 5, 'D16ads_v6_US East_2': 5, 'D16alds_v6_US East_1': 5, 'D16alds_v6_US East_3': 5, 'D16als_v6_US East_2': 5, 'D16als_v6_US East_3': 5, 'D16as_v6_US East_1': 5, 'D16as_v6_US East_3': 5, 'D16pds_v5_US East_3': 5, 'D16plds_v5_US East_1': 5, 'D16plds_v5_US East_2': 5, 'D16pls_v5_US East_1': 5, 'D16pls_v5_US East_2': 5, 'D16ps_v5_US East_3': 5, 'D2ads_v6_US East_1': 5, 'D2ads_v6_US East_2': 5, 'D2ads_v6_US East_3': 5, 'D2alds_v6_US East_1': 5, 'D2alds_v6_US East_2': 5, 'D2alds_v6_US East_3': 5, 'D2als_v6_US East_1': 5, 'D2als_v6_US East_2': 5, 'D2als_v6_US East_3': 5, 'D2as_v6_US East_1': 5, 'D2as_v6_US East_2': 5, 'D2as_v6_US East_3': 5, 'D2pds_v5_US East_1': 5, 'D2pds_v5_US East_2': 5, 'D2pds_v5_US East_3': 5, 'D2plds_v5_US East_1': 5, 'D2plds_v5_US East_2': 5, 'D2plds_v5_US East_3': 5, 'D2pls_v5_US East_1': 5, 'D2pls_v5_US East_2': 5, 'D2pls_v5_US East_3': 5, 'D2ps_v5_US East_1': 5, 'D2ps_v5_US East_2': 5, 'D2ps_v5_US East_3': 5, 'D32ads_v6_US East_1': 5, 'D32ads_v6_US East_3': 5, 'D32alds_v6_US East_1': 5, 'D32alds_v6_US East_2': 5, 'D32als_v6_US East_1': 5, 'D32als_v6_US East_2': 5, 'D32as_v6_US East_1': 5, 'D32as_v6_US East_3': 5, 'D32plds_v5_US East_2': 5, 'D32pls_v5_US East_2': 5, 'D48ads_v6_US East_2': 5, 'D48alds_v6_US East_2': 5, 'D48als_v6_US East_1': 5, 'D48als_v6_US East_3': 5, 'D4ads_v6_US East_1': 5, 'D4ads_v6_US East_2': 5, 'D4ads_v6_US East_3': 5, 'D4alds_v6_US East_1': 5, 'D4alds_v6_US East_2': 5, 'D4alds_v6_US East_3': 5, 'D4als_v6_US East_1': 5, 'D4als_v6_US East_2': 5, 'D4als_v6_US East_3': 5, 'D4as_v6_US East_1': 5, 'D4as_v6_US East_2': 5, 'D4as_v6_US East_3': 5, 'D4pds_v5_US East_1': 5, 'D4pds_v5_US East_2': 5, 'D4pds_v5_US East_3': 5, 'D4plds_v5_US East_1': 5, 'D4plds_v5_US East_2': 5, 'D4plds_v5_US East_3': 5, 'D4pls_v5_US East_1': 5, 'D4pls_v5_US East_2': 5, 'D4pls_v5_US East_3': 5, 'D4ps_v5_US East_1': 5, 'D4ps_v5_US East_2': 5, 'D4ps_v5_US East_3': 5, 'D64ads_v6_US East_2': 5, 'D64alds_v6_US East_1': 5, 'D64als_v6_US East_3': 5, 'D64as_v6_US East_2': 5, 'D8ads_v6_US East_1': 5, 'D8ads_v6_US East_2': 5, 'D8ads_v6_US East_3': 5, 'D8alds_v6_US East_1': 5, 'D8alds_v6_US East_2': 5, 'D8alds_v6_US East_3': 5, 'D8als_v6_US East_1': 5, 'D8als_v6_US East_2': 5, 'D8als_v6_US East_3': 5, 'D8as_v6_US East_1': 5, 'D8as_v6_US East_2': 5, 'D8as_v6_US East_3': 5, 'D8plds_v5_US East_1': 5, 'D8plds_v5_US East_2': 5, 'D8plds_v5_US East_3': 5, 'D8pls_v5_US East_1': 5, 'D8pls_v5_US East_2': 5, 'D8pls_v5_US East_3': 5, 'D8ps_v5_US East_1': 5, 'D8ps_v5_US East_2': 5, 'D8ps_v5_US East_3': 5, 'D96ads_v6_US East_3': 5, 'D96alds_v6_US East_3': 5, 'D96als_v6_US East_3': 5, 'D96as_v6_US East_3': 5, 'DC1s_v2_US East_1': 5, 'DC2s_v2_US East_2': 5, 'E16ads_v6_US East_2': 5, 'E16ads_v6_US East_3': 5, 'E16as_v6_US East_1': 5, 'E16as_v6_US East_3': 5, 'E20ads_v6_US East_1': 5, 'E20ads_v6_US East_2': 5, 'E20as_v6_US East_1': 5, 'E20as_v6_US East_3': 5, 'E2ads_v6_US East_1': 5, 'E2ads_v6_US East_2': 5, 'E2ads_v6_US East_3': 5, 'E2as_v6_US East_1': 5, 'E2as_v6_US East_2': 5, 'E2as_v6_US East_3': 5, 'E2ps_v5_US East_1': 5, 'E2ps_v5_US East_2': 5, 'E2ps_v5_US East_3': 5, 'E32ads_v6_US East_3': 5, 'E32as_v6_US East_3': 5, 'E48ads_v6_US East_3': 5, 'E48as_v6_US East_2': 5, 'E4ads_v6_US East_1': 5, 'E4ads_v6_US East_2': 5, 'E4ads_v6_US East_3': 5, 'E4as_v6_US East_1': 5, 'E4as_v6_US East_2': 5, 'E4as_v6_US East_3': 5, 'E4ps_v5_US East_1': 5, 'E4ps_v5_US East_2': 5, 'E4ps_v5_US East_3': 5, 'E64ads_v6_US East_3': 5, 'E64as_v6_US East_3': 5, 'E8ads_v6_US East_2': 5, 'E8ads_v6_US East_3': 5, 'E8as_v6_US East_2': 5, 'E8as_v6_US East_3': 5, 'E8ps_v5_US East_3': 5, 'E96-24ads_v6_US East_1': 5, 'E96-48ads_v6_US East_3': 5, 'E96ads_v6_US East_3': 5, 'E96as_v6_US East_3': 5, 'F16als_v6_US East_2': 5, 'F16als_v6_US East_3': 5, 'F16ams_v6_US East_2': 5, 'F16ams_v6_US East_3': 5, 'F16as_v6_US East_1': 5, 'F16as_v6_US East_2': 5, 'F2als_v6_US East_1': 5, 'F2als_v6_US East_2': 5, 'F2als_v6_US East_3': 5, 'F2ams_v6_US East_1': 5, 'F2ams_v6_US East_2': 5, 'F2ams_v6_US East_3': 5, 'F2as_v6_US East_1': 5, 'F2as_v6_US East_2': 5, 'F2as_v6_US East_3': 5, 'F32als_v6_US East_2': 5, 'F32ams_v6_US East_2': 5, 'F32as_v6_US East_3': 5, 'F48als_v6_US East_3': 5, 'F48ams_v6_US East_2': 5, 'F48as_v6_US East_2': 5, 'F4als_v6_US East_1': 5, 'F4als_v6_US East_2': 5, 'F4als_v6_US East_3': 5, 'F4ams_v6_US East_1': 5, 'F4ams_v6_US East_2': 5, 'F4ams_v6_US East_3': 5, 'F4as_v6_US East_1': 5, 'F4as_v6_US East_2': 5, 'F4as_v6_US East_3': 5, 'F64als_v6_US East_3': 5, 'F64ams_v6_US East_3': 5, 'F64as_v6_US East_1': 5, 'F8als_v6_US East_1': 5, 'F8als_v6_US East_3': 5, 'F8ams_v6_US East_2': 5, 'F8ams_v6_US East_3': 5, 'F8as_v6_US East_1': 5, 'F8as_v6_US East_2': 5, 'M12ds_v3_US East_2': 5, 'M12s_v3_US East_1': 5, 'M16-4ms_US East_1': 5, 'M16-4ms_US East_2': 5, 'M16-4ms_US East_3': 5, 'M16-8ms_US East_1': 5, 'M16-8ms_US East_2': 5, 'M16-8ms_US East_3': 5, 'M16ms_US East_1': 5, 'M16ms_US East_2': 5, 'M16ms_US East_3': 5, 'M32-16ms_US East_1': 5, 'M32-16ms_US East_2': 5, 'M32-16ms_US East_3': 5, 'M32-8ms_US East_1': 5, 'M32-8ms_US East_2': 5, 'M32-8ms_US East_3': 5, 'M32dms_v2_US East_1': 5, 'M32dms_v2_US East_2': 5, 'M32dms_v2_US East_3': 5, 'M32ls_US East_1': 5, 'M32ls_US East_2': 5, 'M32ls_US East_3': 5, 'M32ms_US East_1': 5, 'M32ms_US East_2': 5, 'M32ms_US East_3': 5, 'M32ms_v2_US East_1': 5, 'M32ms_v2_US East_2': 5, 'M32ms_v2_US East_3': 5, 'M32ts_US East_1': 5, 'M32ts_US East_2': 5, 'M32ts_US East_3': 5, 'M64s_v2_US East_1': 5, 'M64s_v2_US East_3': 5, 'M8-2ms_US East_1': 5, 'M8-2ms_US East_2': 5, 'M8-2ms_US East_3': 5, 'M8-4ms_US East_1': 5, 'M8-4ms_US East_2': 5, 'M8-4ms_US East_3': 5, 'M8ms_US East_1': 5, 'M8ms_US East_2': 5, 'M8ms_US East_3': 5, 'NV16as_v4_US East_2': 5, 'NV4as_v4_US East_1': 5, 'NV4as_v4_US East_2': 5, 'NV4as_v4_US East_3': 5, 'NV6ads_A10_v5_US East_1': 5, 'NV6ads_A10_v5_US East_2': 5, 'NV8as_v4_US East_1': 5, 'NV8as_v4_US East_2': 5, 'NV8as_v4_US East_3': 5}"
1.0,362.30879,475227047,1311663.0370739836,18135,17735,"{'B16pls_v2_US East_1': 5, 'B16pls_v2_US East_2': 5, 'B16pls_v2_US East_3': 5, 'B16ps_v2_US East_1': 5, 'B2pls_v2_US East_1': 5, 'B2pls_v2_US East_2': 5, 'B2pls_v2_US East_3': 5, 'B2ps_v2_US East_1': 5, 'B2ps_v2_US East_2': 5, 'B2ps_v2_US East_3': 5, 'B4pls_v2_US East_1': 5, 'B4pls_v2_US East_2': 5, 'B4pls_v2_US East_3': 5, 'B4ps_v2_US East_1': 5, 'B4ps_v2_US East_2': 5, 'B4ps_v2_US East_3': 5, 'B8pls_v2_US East_1': 5, 'B8pls_v2_US East_2': 5, 'B8pls_v2_US East_3': 5, 'B8ps_v2_US East_1': 5, 'B8ps_v2_US East_2': 5, 'B8ps_v2_US East_3': 5, 'D16ads_v6_US East_1': 5, 'D16ads_v6_US East_2': 5, 'D16alds_v6_US East_1': 5, 'D16alds_v6_US East_3': 5, 'D16als_v6_US East_2': 5, 'D16als_v6_US East_3': 5, 'D16as_v6_US East_1': 5, 'D16as_v6_US East_3': 5, 'D16pds_v5_US East_3': 5, 'D16plds_v5_US East_1': 5, 'D16plds_v5_US East_2': 5, 'D16pls_v5_US East_1': 5, 'D16pls_v5_US East_2': 5, 'D16ps_v5_US East_3': 5, 'D2ads_v6_US East_1': 5, 'D2ads_v6_US East_2': 5, 'D2ads_v6_US East_3': 5, 'D2alds_v6_US East_1': 5, 'D2alds_v6_US East_2': 5, 'D2alds_v6_US East_3': 5, 'D2als_v6_US East_1': 5, 'D2als_v6_US East_2': 5, 'D2als_v6_US East_3': 5, 'D2as_v6_US East_1': 5, 'D2as_v6_US East_2': 5, 'D2as_v6_US East_3': 5, 'D2pds_v5_US East_1': 5, 'D2pds_v5_US East_2': 5, 'D2pds_v5_US East_3': 5, 'D2plds_v5_US East_1': 5, 'D2plds_v5_US East_2': 5, 'D2plds_v5_US East_3': 5, 'D2pls_v5_US East_1': 5, 'D2pls_v5_US East_2': 5, 'D2pls_v5_US East_3': 5, 'D2ps_v5_US East_1': 5, 'D2ps_v5_US East_2': 5, 'D2ps_v5_US East_3': 5, 'D32ads_v6_US East_1': 5, 'D32ads_v6_US East_3': 5, 'D32alds_v6_US East_1': 5, 'D32alds_v6_US East_2': 5, 'D32als_v6_US East_1': 5, 'D32als_v6_US East_2': 5, 'D32as_v6_US East_1': 5, 'D32as_v6_US East_3': 5, 'D32plds_v5_US East_2': 5, 'D32pls_v5_US East_2': 5, 'D48ads_v6_US East_2': 5, 'D48alds_v6_US East_2': 5, 'D48als_v6_US East_1': 5, 'D48als_v6_US East_3': 5, 'D4ads_v6_US East_1': 5, 'D4ads_v6_US East_2': 5, 'D4ads_v6_US East_3': 5, 'D4alds_v6_US East_1': 5, 'D4alds_v6_US East_2': 5, 'D4alds_v6_US East_3': 5, 'D4als_v6_US East_1': 5, 'D4als_v6_US East_2': 5, 'D4als_v6_US East_3': 5, 'D4as_v6_US East_1': 5, 'D4as_v6_US East_2': 5, 'D4as_v6_US East_3': 5, 'D4pds_v5_US East_1': 5, 'D4pds_v5_US East_2': 5, 'D4pds_v5_US East_3': 5, 'D4plds_v5_US East_1': 5, 'D4plds_v5_US East_2': 5, 'D4plds_v5_US East_3': 5, 'D4pls_v5_US East_1': 5, 'D4pls_v5_US East_2': 5, 'D4pls_v5_US East_3': 5, 'D4ps_v5_US East_1': 5, 'D4ps_v5_US East_2': 5, 'D4ps_v5_US East_3': 5, 'D64ads_v6_US East_2': 5, 'D64alds_v6_US East_1': 5, 'D64als_v6_US East_3': 5, 'D64as_v6_US East_2': 5, 'D8ads_v6_US East_1': 5, 'D8ads_v6_US East_2': 5, 'D8ads_v6_US East_3': 5, 'D8alds_v6_US East_1': 5, 'D8alds_v6_US East_2': 5, 'D8alds_v6_US East_3': 5, 'D8als_v6_US East_1': 5, 'D8als_v6_US East_2': 5, 'D8als_v6_US East_3': 5, 'D8as_v6_US East_1': 5, 'D8as_v6_US East_2': 5, 'D8as_v6_US East_3': 5, 'D8plds_v5_US East_1': 5, 'D8plds_v5_US East_2': 5, 'D8plds_v5_US East_3': 5, 'D8pls_v5_US East_1': 5, 'D8pls_v5_US East_2': 5, 'D8pls_v5_US East_3': 5, 'D8ps_v5_US East_1': 5, 'D8ps_v5_US East_2': 5, 'D8ps_v5_US East_3': 5, 'D96ads_v6_US East_3': 5, 'D96alds_v6_US East_3': 5, 'D96als_v6_US East_3': 5, 'D96as_v6_US East_3': 5, 'DC1s_v2_US East_1': 5, 'DC2s_v2_US East_2': 5, 'E16ads_v6_US East_2': 5, 'E16ads_v6_US East_3': 5, 'E16as_v6_US East_1': 5, 'E16as_v6_US East_3': 5, 'E20ads_v6_US East_1': 5, 'E20ads_v6_US East_2': 5, 'E20as_v6_US East_1': 5, 'E20as_v6_US East_3': 5, 'E2ads_v6_US East_1': 5, 'E2ads_v6_US East_2': 5, 'E2ads_v6_US East_3': 5, 'E2as_v6_US East_1': 5, 'E2as_v6_US East_2': 5, 'E2as_v6_US East_3': 5, 'E2ps_v5_US East_1': 5, 'E2ps_v5_US East_2': 5, 'E2ps_v5_US East_3': 5, 'E32ads_v6_US East_3': 5, 'E32as_v6_US East_3': 5, 'E48ads_v6_US East_3': 5, 'E48as_v6_US East_2': 5, 'E4ads_v6_US East_1': 5, 'E4ads_v6_US East_2': 5, 'E4ads_v6_US East_3': 5, 'E4as_v6_US East_1': 5, 'E4as_v6_US East_2': 5, 'E4as_v6_US East_3': 5, 'E4ps_v5_US East_1': 5, 'E4ps_v5_US East_2': 5, 'E4ps_v5_US East_3': 5, 'E64ads_v6_US East_3': 5, 'E64as_v6_US East_3': 5, 'E8ads_v6_US East_2': 5, 'E8ads_v6_US East_3': 5, 'E8as_v6_US East_2': 5, 'E8as_v6_US East_3': 5, 'E8ps_v5_US East_3': 5, 'E96-24ads_v6_US East_1': 5, 'E96-48ads_v6_US East_3': 5, 'E96ads_v6_US East_3': 5, 'E96as_v6_US East_3': 5, 'F16als_v6_US East_2': 5, 'F16als_v6_US East_3': 5, 'F16ams_v6_US East_2': 5, 'F16ams_v6_US East_3': 5, 'F16as_v6_US East_1': 5, 'F16as_v6_US East_2': 5, 'F2als_v6_US East_1': 5, 'F2als_v6_US East_2': 5, 'F2als_v6_US East_3': 5, 'F2ams_v6_US East_1': 5, 'F2ams_v6_US East_2': 5, 'F2ams_v6_US East_3': 5, 'F2as_v6_US East_1': 5, 'F2as_v6_US East_2': 5, 'F2as_v6_US East_3': 5, 'F32als_v6_US East_2': 5, 'F32ams_v6_US East_2': 5, 'F32as_v6_US East_3': 5, 'F48als_v6_US East_3': 5, 'F48ams_v6_US East_2': 5, 'F48as_v6_US East_2': 5, 'F4als_v6_US East_1': 5, 'F4als_v6_US East_2': 5, 'F4als_v6_US East_3': 5, 'F4ams_v6_US East_1': 5, 'F4ams_v6_US East_2': 5, 'F4ams_v6_US East_3': 5, 'F4as_v6_US East_1': 5, 'F4as_v6_US East_2': 5, 'F4as_v6_US East_3': 5, 'F64als_v6_US East_3': 5, 'F64ams_v6_US East_3': 5, 'F64as_v6_US East_1': 5, 'F8als_v6_US East_1': 5, 'F8als_v6_US East_3': 5, 'F8ams_v6_US East_2': 5, 'F8ams_v6_US East_3': 5, 'F8as_v6_US East_1': 5, 'F8as_v6_US East_2': 5, 'M12ds_v3_US East_2': 5, 'M12s_v3_US East_1': 5, 'M16-4ms_US East_1': 5, 'M16-4ms_US East_2': 5, 'M16-4ms_US East_3': 5, 'M16-8ms_US East_1': 5, 'M16-8ms_US East_2': 5, 'M16-8ms_US East_3': 5, 'M16ms_US East_1': 5, 'M16ms_US East_2': 5, 'M16ms_US East_3': 5, 'M32-16ms_US East_1': 5, 'M32-16ms_US East_2': 5, 'M32-16ms_US East_3': 5, 'M32-8ms_US East_1': 5, 'M32-8ms_US East_2': 5, 'M32-8ms_US East_3': 5, 'M32dms_v2_US East_1': 5, 'M32dms_v2_US East_2': 5, 'M32dms_v2_US East_3': 5, 'M32ls_US East_1': 5, 'M32ls_US East_2': 5, 'M32ls_US East_3': 5, 'M32ms_US East_1': 5, 'M32ms_US East_2': 5, 'M32ms_US East_3': 5, 'M32ms_v2_US East_1': 5, 'M32ms_v2_US East_2': 5, 'M32ms_v2_US East_3': 5, 'M32ts_US East_1': 5, 'M32ts_US East_2': 5, 'M32ts_US East_3': 5, 'M64s_v2_US East_1': 5, 'M64s_v2_US East_3': 5, 'M8-2ms_US East_1': 5, 'M8-2ms_US East_2': 5, 'M8-2ms_US East_3': 5, 'M8-4ms_US East_1': 5, 'M8-4ms_US East_2': 5, 'M8-4ms_US East_3': 5, 'M8ms_US East_1': 5, 'M8ms_US East_2': 5, 'M8ms_US East_3': 5, 'NV16as_v4_US East_2': 5, 'NV4as_v4_US East_1': 5, 'NV4as_v4_US East_2': 5, 'NV4as_v4_US East_3': 5, 'NV6ads_A10_v5_US East_1': 5, 'NV6ads_A10_v5_US East_2': 5, 'NV8as_v4_US East_1': 5, 'NV8as_v4_US East_2': 5, 'NV8as_v4_US East_3': 5}"
