alpha,cost,performance,perf_per_cost,actual_pods,excess_pods,instance_types
0.0,0.5430999999999999,1962812,3614090.0018412815,100,0,"{'c6gd.2xlarge_use1-az6': 1, 'r6g.8xlarge_use1-az5': 3}"
0.01,0.5430999999999999,1962812,3614090.0018412815,100,0,"{'c6gd.2xlarge_use1-az6': 1, 'r6g.8xlarge_use1-az5': 3}"
0.02,0.5430999999999999,1962812,3614090.0018412815,100,0,"{'c6gd.2xlarge_use1-az6': 1, 'r6g.8xlarge_use1-az5': 3}"
0.03,0.5430999999999999,1962812,3614090.0018412815,100,0,"{'c6gd.2xlarge_use1-az6': 1, 'r6g.8xlarge_use1-az5': 3}"
0.04,0.5430999999999999,1962812,3614090.0018412815,100,0,"{'c6gd.2xlarge_use1-az6': 1, 'r6g.8xlarge_use1-az5': 3}"
0.05,0.5430999999999999,1962812,3614090.0018412815,100,0,"{'c6gd.2xlarge_use1-az6': 1, 'r6g.8xlarge_use1-az5': 3}"
0.06,0.5430999999999999,1962812,3614090.0018412815,100,0,"{'c6gd.2xlarge_use1-az6': 1, 'r6g.8xlarge_use1-az5': 3}"
0.07,0.5430999999999999,1962812,3614090.0018412815,100,0,"{'c6gd.2xlarge_use1-az6': 1, 'r6g.8xlarge_use1-az5': 3}"
0.08,0.5430999999999999,1962812,3614090.0018412815,100,0,"{'c6gd.2xlarge_use1-az6': 1, 'r6g.8xlarge_use1-az5': 3}"
0.09,0.5430999999999999,1962812,3614090.0018412815,100,0,"{'c6gd.2xlarge_use1-az6': 1, 'r6g.8xlarge_use1-az5': 3}"
0.1,0.5430999999999999,1962812,3614090.0018412815,100,0,"{'c6gd.2xlarge_use1-az6': 1, 'r6g.8xlarge_use1-az5': 3}"
0.11,0.5430999999999999,1962812,3614090.0018412815,100,0,"{'c6gd.2xlarge_use1-az6': 1, 'r6g.8xlarge_use1-az5': 3}"
0.12,0.5430999999999999,1962812,3614090.0018412815,100,0,"{'c6gd.2xlarge_use1-az6': 1, 'r6g.8xlarge_use1-az5': 3}"
0.13,0.5430999999999999,1962812,3614090.0018412815,100,0,"{'c6gd.2xlarge_use1-az6': 1, 'r6g.8xlarge_use1-az5': 3}"
0.14,0.5430999999999999,1962812,3614090.0018412815,100,0,"{'c6gd.2xlarge_use1-az6': 1, 'r6g.8xlarge_use1-az5': 3}"
0.15,0.5430999999999999,1962812,3614090.0018412815,100,0,"{'c6gd.2xlarge_use1-az6': 1, 'r6g.8xlarge_use1-az5': 3}"
0.16,0.6174999999999999,2391466,3872820.891983806,100,0,"{'m7g.metal_use1-az5': 1, 'm8g.xlarge_use1-az5': 1, 'r6g.8xlarge_use1-az5': 1}"
0.17,0.6174999999999999,2391466,3872820.891983806,100,0,"{'m7g.metal_use1-az5': 1, 'm8g.xlarge_use1-az5': 1, 'r6g.8xlarge_use1-az5': 1}"
0.18,0.6174999999999999,2391466,3872820.891983806,100,0,"{'m7g.metal_use1-az5': 1, 'm8g.xlarge_use1-az5': 1, 'r6g.8xlarge_use1-az5': 1}"
0.19,0.6174999999999999,2391466,3872820.891983806,100,0,"{'m7g.metal_use1-az5': 1, 'm8g.xlarge_use1-az5': 1, 'r6g.8xlarge_use1-az5': 1}"
0.2,0.6174999999999999,2391466,3872820.891983806,100,0,"{'m7g.metal_use1-az5': 1, 'm8g.xlarge_use1-az5': 1, 'r6g.8xlarge_use1-az5': 1}"
0.21,0.6174999999999999,2391466,3872820.891983806,100,0,"{'m7g.metal_use1-az5': 1, 'm8g.xlarge_use1-az5': 1, 'r6g.8xlarge_use1-az5': 1}"
0.22,0.6174999999999999,2391466,3872820.891983806,100,0,"{'m7g.metal_use1-az5': 1, 'm8g.xlarge_use1-az5': 1, 'r6g.8xlarge_use1-az5': 1}"
0.23,8.948200000000002,33041165,3692492.957689814,1664,1564,"{'m7g.metal_use1-az5': 1, 'r6g.8xlarge_use1-az5': 50}"
0.24,8.948200000000002,33041165,3692492.957689814,1664,1564,"{'m7g.metal_use1-az5': 1, 'r6g.8xlarge_use1-az5': 50}"
0.25,17.837200000000003,62816217,3521641.128203978,2624,2524,"{'m7g.metal_use1-az5': 1, 'r6g.8xlarge_use1-az5': 50, 'r8g.48xlarge_use1-az4': 5}"
0.26,102.87,329455137,3202635.7297560023,11388,11288,"{'inf2.48xlarge_use1-az6': 15, 'm7g.16xlarge_use1-az5': 1, 'm7g.metal_use1-az5': 1, 'm8g.metal-48xl_use1-az2': 5, 'm8g.metal-48xl_use1-az6': 25, 'm8g.xlarge_use1-az5': 15, 'r6g.8xlarge_use1-az5': 50, 'r8g.48xlarge_use1-az4': 5}"
0.27,105.5475,337620985,3198758.718491674,11708,11608,"{'inf2.48xlarge_use1-az6': 15, 'm7g.16xlarge_use1-az5': 1, 'm7g.metal_use1-az5': 1, 'm8g.metal-48xl_use1-az2': 5, 'm8g.metal-48xl_use1-az6': 25, 'm8g.xlarge_use1-az5': 15, 'r6g.8xlarge_use1-az5': 50, 'r7g.16xlarge_use1-az5': 5, 'r8g.48xlarge_use1-az4': 5}"
0.28,172.1894,530997884,3083801.2349749748,18500,18400,"{'inf2.48xlarge_use1-az6': 15, 'm7g.16xlarge_use1-az5': 1, 'm7g.metal_use1-az5': 1, 'm7g.metal_use1-az6': 50, 'm8g.metal-48xl_use1-az2': 5, 'm8g.metal-48xl_use1-az6': 25, 'm8g.xlarge_use1-az5': 15, 'm8g.xlarge_use1-az6': 50, 'r6g.8xlarge_use1-az5': 50, 'r7g.16xlarge_use1-az5': 5, 'r8g.16xlarge_use1-az6': 50, 'r8g.48xlarge_use1-az4': 5, 'r8gd.metal-48xl_use1-az6': 1}"
0.29,175.70250000000001,540566882,3076603.249292412,18820,18720,"{'inf2.48xlarge_use1-az6': 15, 'm7g.16xlarge_use1-az5': 1, 'm7g.metal_use1-az1': 1, 'm7g.metal_use1-az5': 1, 'm7g.metal_use1-az6': 50, 'm8g.24xlarge_use1-az5': 1, 'm8g.metal-48xl_use1-az2': 5, 'm8g.metal-48xl_use1-az6': 25, 'm8g.xlarge_use1-az5': 15, 'm8g.xlarge_use1-az6': 50, 'm8gd.8xlarge_use1-az6': 5, 'r6g.8xlarge_use1-az5': 50, 'r7g.16xlarge_use1-az5': 5, 'r8g.16xlarge_use1-az6': 50, 'r8g.48xlarge_use1-az4': 5, 'r8gd.metal-48xl_use1-az6': 1}"
0.3,307.688,882476316,2868088.1823791997,31035,30935,"{'c6gd.2xlarge_use1-az6': 50, 'i8ge.metal-24xl_use1-az4': 1, 'i8ge.metal-48xl_use1-az6': 1, 'inf2.48xlarge_use1-az6': 15, 'm7g.16xlarge_use1-az5': 1, 'm7g.metal_use1-az1': 1, 'm7g.metal_use1-az2': 25, 'm7g.metal_use1-az4': 10, 'm7g.metal_use1-az5': 1, 'm7g.metal_use1-az6': 50, 'm7gd.metal_use1-az6': 15, 'm8g.12xlarge_use1-az2': 10, 'm8g.16xlarge_use1-az5': 5, 'm8g.24xlarge_use1-az5': 1, 'm8g.24xlarge_use1-az6': 25, 'm8g.48xlarge_use1-az2': 5, 'm8g.48xlarge_use1-az4': 5, 'm8g.metal-48xl_use1-az2': 5, 'm8g.metal-48xl_use1-az6': 25, 'm8g.xlarge_use1-az5': 15, 'm8g.xlarge_use1-az6': 50, 'm8gd.8xlarge_use1-az6': 5, 'm8i.metal-48xl_use1-az6': 1, 'r6g.8xlarge_use1-az5': 50, 'r7g.16xlarge_use1-az5': 5, 'r7gd.16xlarge_use1-az6': 50, 'r8g.16xlarge_use1-az6': 50, 'r8g.48xlarge_use1-az4': 5, 'r8g.medium_use1-az6': 15, 'r8gd.metal-48xl_use1-az6': 1}"
0.31,410.51120000000003,1141794251,2781396.101998413,39496,39396,"{'c6gd.2xlarge_use1-az2': 50, 'c6gd.2xlarge_use1-az6': 50, 'i8ge.metal-24xl_use1-az4': 1, 'i8ge.metal-48xl_use1-az6': 1, 'inf2.48xlarge_use1-az6': 15, 'm7g.16xlarge_use1-az5': 1, 'm7g.metal_use1-az1': 1, 'm7g.metal_use1-az2': 25, 'm7g.metal_use1-az4': 10, 'm7g.metal_use1-az5': 1, 'm7g.metal_use1-az6': 50, 'm7gd.metal_use1-az6': 15, 'm8g.12xlarge_use1-az2': 10, 'm8g.16xlarge_use1-az5': 5, 'm8g.24xlarge_use1-az5': 1, 'm8g.24xlarge_use1-az6': 25, 'm8g.48xlarge_use1-az2': 5, 'm8g.48xlarge_use1-az4': 5, 'm8g.48xlarge_use1-az6': 20, 'm8g.metal-48xl_use1-az2': 5, 'm8g.metal-48xl_use1-az6': 25, 'm8g.xlarge_use1-az5': 15, 'm8g.xlarge_use1-az6': 50, 'm8gd.8xlarge_use1-az6': 5, 'm8i.metal-48xl_use1-az6': 1, 'r6a.16xlarge_use1-az5': 15, 'r6g.8xlarge_use1-az5': 50, 'r7g.16xlarge_use1-az5': 5, 'r7gd.16xlarge_use1-az6': 50, 'r8g.16xlarge_use1-az6': 50, 'r8g.24xlarge_use1-az6': 35, 'r8g.48xlarge_use1-az4': 5, 'r8g.medium_use1-az5': 5, 'r8g.medium_use1-az6': 15, 'r8gd.metal-24xl_use1-az6': 1, 'r8gd.metal-48xl_use1-az6': 1}"
0.32,582.0238000000002,1549557321,2662360.7510817973,53504,53404,"{'c6gd.2xlarge_use1-az2': 50, 'c6gd.2xlarge_use1-az4': 50, 'c6gd.2xlarge_use1-az6': 50, 'i8ge.metal-24xl_use1-az4': 1, 'i8ge.metal-48xl_use1-az6': 1, 'inf2.48xlarge_use1-az6': 15, 'm6i.24xlarge_use1-az4': 5, 'm7g.12xlarge_use1-az1': 1, 'm7g.12xlarge_use1-az4': 45, 'm7g.12xlarge_use1-az5': 1, 'm7g.16xlarge_use1-az5': 1, 'm7g.8xlarge_use1-az6': 50, 'm7g.metal_use1-az1': 1, 'm7g.metal_use1-az2': 25, 'm7g.metal_use1-az4': 10, 'm7g.metal_use1-az5': 1, 'm7g.metal_use1-az6': 50, 'm7gd.metal_use1-az4': 1, 'm7gd.metal_use1-az6': 15, 'm7i-flex.large_use1-az4': 25, 'm8g.12xlarge_use1-az2': 10, 'm8g.12xlarge_use1-az4': 10, 'm8g.12xlarge_use1-az6': 35, 'm8g.16xlarge_use1-az5': 5, 'm8g.24xlarge_use1-az4': 1, 'm8g.24xlarge_use1-az5': 1, 'm8g.24xlarge_use1-az6': 25, 'm8g.48xlarge_use1-az2': 5, 'm8g.48xlarge_use1-az4': 5, 'm8g.48xlarge_use1-az6': 20, 'm8g.4xlarge_use1-az5': 1, 'm8g.8xlarge_use1-az6': 40, 'm8g.medium_use1-az2': 15, 'm8g.metal-48xl_use1-az2': 5, 'm8g.metal-48xl_use1-az6': 25, 'm8g.xlarge_use1-az5': 15, 'm8g.xlarge_use1-az6': 50, 'm8gd.8xlarge_use1-az6': 5, 'm8gd.medium_use1-az6': 1, 'm8i.metal-48xl_use1-az6': 1, 'r6a.16xlarge_use1-az5': 15, 'r6a.8xlarge_use1-az4': 50, 'r6g.8xlarge_use1-az5': 50, 'r7g.16xlarge_use1-az5': 5, 'r7gd.16xlarge_use1-az6': 50, 'r8g.16xlarge_use1-az2': 50, 'r8g.16xlarge_use1-az6': 50, 'r8g.24xlarge_use1-az6': 35, 'r8g.48xlarge_use1-az4': 5, 'r8g.48xlarge_use1-az6': 5, 'r8g.medium_use1-az2': 30, 'r8g.medium_use1-az5': 5, 'r8g.medium_use1-az6': 15, 'r8gd.metal-24xl_use1-az6': 1, 'r8gd.metal-48xl_use1-az6': 1}"
0.33,867.5761000000001,2205889086,2542588.5831956477,74316,74216,"{'c6gd.2xlarge_use1-az2': 50, 'c6gd.2xlarge_use1-az4': 50, 'c6gd.2xlarge_use1-az6': 50, 'g6.16xlarge_use1-az1': 1, 'i7i.metal-24xl_use1-az6': 35, 'i8ge.metal-24xl_use1-az4': 1, 'i8ge.metal-48xl_use1-az6': 1, 'inf2.48xlarge_use1-az6': 15, 'm6i.24xlarge_use1-az4': 5, 'm6i.24xlarge_use1-az5': 1, 'm7a.medium_use1-az2': 50, 'm7a.medium_use1-az4': 50, 'm7a.medium_use1-az6': 50, 'm7g.12xlarge_use1-az1': 1, 'm7g.12xlarge_use1-az4': 45, 'm7g.12xlarge_use1-az5': 1, 'm7g.12xlarge_use1-az6': 50, 'm7g.16xlarge_use1-az5': 1, 'm7g.8xlarge_use1-az2': 15, 'm7g.8xlarge_use1-az6': 50, 'm7g.metal_use1-az1': 1, 'm7g.metal_use1-az2': 25, 'm7g.metal_use1-az4': 10, 'm7g.metal_use1-az5': 1, 'm7g.metal_use1-az6': 50, 'm7gd.medium_use1-az5': 20, 'm7gd.metal_use1-az4': 1, 'm7gd.metal_use1-az6': 15, 'm7i-flex.large_use1-az4': 25, 'm7i-flex.large_use1-az5': 25, 'm8g.12xlarge_use1-az2': 10, 'm8g.12xlarge_use1-az4': 10, 'm8g.12xlarge_use1-az6': 35, 'm8g.16xlarge_use1-az5': 5, 'm8g.24xlarge_use1-az2': 5, 'm8g.24xlarge_use1-az4': 1, 'm8g.24xlarge_use1-az5': 1, 'm8g.24xlarge_use1-az6': 25, 'm8g.2xlarge_use1-az5': 10, 'm8g.48xlarge_use1-az2': 5, 'm8g.48xlarge_use1-az4': 5, 'm8g.48xlarge_use1-az6': 20, 'm8g.4xlarge_use1-az5': 1, 'm8g.4xlarge_use1-az6': 40, 'm8g.8xlarge_use1-az6': 40, 'm8g.medium_use1-az2': 15, 'm8g.metal-48xl_use1-az2': 5, 'm8g.metal-48xl_use1-az6': 25, 'm8g.xlarge_use1-az5': 15, 'm8g.xlarge_use1-az6': 50, 'm8gd.8xlarge_use1-az6': 5, 'm8gd.medium_use1-az6': 1, 'm8i.metal-48xl_use1-az6': 1, 'r6a.16xlarge_use1-az5': 15, 'r6a.32xlarge_use1-az6': 5, 'r6a.48xlarge_use1-az6': 1, 'r6a.8xlarge_use1-az4': 50, 'r6a.8xlarge_use1-az5': 50, 'r6g.8xlarge_use1-az5': 50, 'r7a.48xlarge_use1-az6': 50, 'r7g.16xlarge_use1-az5': 5, 'r7gd.16xlarge_use1-az6': 50, 'r8g.16xlarge_use1-az2': 50, 'r8g.16xlarge_use1-az6': 50, 'r8g.24xlarge_use1-az2': 10, 'r8g.24xlarge_use1-az6': 35, 'r8g.48xlarge_use1-az4': 5, 'r8g.48xlarge_use1-az6': 5, 'r8g.medium_use1-az2': 30, 'r8g.medium_use1-az5': 5, 'r8g.medium_use1-az6': 15, 'r8gd.metal-24xl_use1-az6': 1, 'r8gd.metal-48xl_use1-az6': 1}"
0.34,1056.8877,2618327332,2477394.080833979,88124,88024,"{'c6gd.2xlarge_use1-az2': 50, 'c6gd.2xlarge_use1-az4': 50, 'c6gd.2xlarge_use1-az6': 50, 'g5g.16xlarge_use1-az6': 5, 'g6.16xlarge_use1-az1': 1, 'g6.16xlarge_use1-az2': 1, 'g6.16xlarge_use1-az4': 1, 'i7i.metal-24xl_use1-az6': 35, 'i8ge.metal-24xl_use1-az4': 1, 'i8ge.metal-48xl_use1-az6': 1, 'inf2.48xlarge_use1-az6': 15, 'm6a.12xlarge_use1-az1': 5, 'm6a.24xlarge_use1-az6': 1, 'm6a.32xlarge_use1-az6': 1, 'm6i.12xlarge_use1-az4': 50, 'm6i.24xlarge_use1-az4': 5, 'm6i.24xlarge_use1-az5': 1, 'm7a.medium_use1-az2': 50, 'm7a.medium_use1-az4': 50, 'm7a.medium_use1-az6': 50, 'm7g.12xlarge_use1-az1': 1, 'm7g.12xlarge_use1-az4': 45, 'm7g.12xlarge_use1-az5': 1, 'm7g.12xlarge_use1-az6': 50, 'm7g.16xlarge_use1-az5': 1, 'm7g.8xlarge_use1-az2': 15, 'm7g.8xlarge_use1-az6': 50, 'm7g.metal_use1-az1': 1, 'm7g.metal_use1-az2': 25, 'm7g.metal_use1-az4': 10, 'm7g.metal_use1-az5': 1, 'm7g.metal_use1-az6': 50, 'm7gd.medium_use1-az5': 20, 'm7gd.metal_use1-az4': 1, 'm7gd.metal_use1-az6': 15, 'm7i-flex.large_use1-az4': 25, 'm7i-flex.large_use1-az5': 25, 'm7i.16xlarge_use1-az1': 5, 'm8g.12xlarge_use1-az2': 10, 'm8g.12xlarge_use1-az4': 10, 'm8g.12xlarge_use1-az6': 35, 'm8g.16xlarge_use1-az2': 5, 'm8g.16xlarge_use1-az5': 5, 'm8g.16xlarge_use1-az6': 45, 'm8g.24xlarge_use1-az2': 5, 'm8g.24xlarge_use1-az4': 1, 'm8g.24xlarge_use1-az5': 1, 'm8g.24xlarge_use1-az6': 25, 'm8g.2xlarge_use1-az4': 10, 'm8g.2xlarge_use1-az5': 10, 'm8g.48xlarge_use1-az2': 5, 'm8g.48xlarge_use1-az4': 5, 'm8g.48xlarge_use1-az6': 20, 'm8g.4xlarge_use1-az4': 5, 'm8g.4xlarge_use1-az5': 1, 'm8g.4xlarge_use1-az6': 40, 'm8g.8xlarge_use1-az6': 40, 'm8g.medium_use1-az1': 1, 'm8g.medium_use1-az2': 15, 'm8g.metal-48xl_use1-az2': 5, 'm8g.metal-48xl_use1-az6': 25, 'm8g.xlarge_use1-az5': 15, 'm8g.xlarge_use1-az6': 50, 'm8gd.8xlarge_use1-az6': 5, 'm8gd.medium_use1-az6': 1, 'm8i.metal-48xl_use1-az6': 1, 'r6a.16xlarge_use1-az4': 30, 'r6a.16xlarge_use1-az5': 15, 'r6a.16xlarge_use1-az6': 40, 'r6a.32xlarge_use1-az6': 5, 'r6a.48xlarge_use1-az6': 1, 'r6a.8xlarge_use1-az4': 50, 'r6a.8xlarge_use1-az5': 50, 'r6g.8xlarge_use1-az5': 50, 'r7a.48xlarge_use1-az6': 50, 'r7g.16xlarge_use1-az5': 5, 'r7gd.16xlarge_use1-az6': 50, 'r8g.16xlarge_use1-az2': 50, 'r8g.16xlarge_use1-az5': 5, 'r8g.16xlarge_use1-az6': 50, 'r8g.24xlarge_use1-az2': 10, 'r8g.24xlarge_use1-az4': 5, 'r8g.24xlarge_use1-az6': 35, 'r8g.48xlarge_use1-az4': 5, 'r8g.48xlarge_use1-az6': 5, 'r8g.8xlarge_use1-az6': 50, 'r8g.medium_use1-az1': 15, 'r8g.medium_use1-az2': 30, 'r8g.medium_use1-az5': 5, 'r8g.medium_use1-az6': 15, 'r8gd.metal-24xl_use1-az6': 1, 'r8gd.metal-48xl_use1-az6': 1, 't4g.2xlarge_use1-az5': 10}"
0.35000000000000003,1344.3359,3216905443,2392932.780969152,108654,108554,"{'c6gd.16xlarge_use1-az4': 30, 'c6gd.2xlarge_use1-az2': 50, 'c6gd.2xlarge_use1-az4': 50, 'c6gd.2xlarge_use1-az6': 50, 'g5g.16xlarge_use1-az6': 5, 'g6.16xlarge_use1-az1': 1, 'g6.16xlarge_use1-az2': 1, 'g6.16xlarge_use1-az4': 1, 'g6.16xlarge_use1-az6': 5, 'i7i.metal-24xl_use1-az6': 35, 'i8ge.metal-24xl_use1-az4': 1, 'i8ge.metal-48xl_use1-az6': 1, 'inf2.48xlarge_use1-az6': 15, 'm6a.12xlarge_use1-az1': 5, 'm6a.16xlarge_use1-az6': 5, 'm6a.24xlarge_use1-az1': 1, 'm6a.24xlarge_use1-az6': 1, 'm6a.32xlarge_use1-az6': 1, 'm6i.12xlarge_use1-az4': 50, 'm6i.24xlarge_use1-az4': 5, 'm6i.24xlarge_use1-az5': 1, 'm6i.24xlarge_use1-az6': 50, 'm7a.32xlarge_use1-az6': 20, 'm7a.medium_use1-az2': 50, 'm7a.medium_use1-az4': 50, 'm7a.medium_use1-az6': 50, 'm7g.12xlarge_use1-az1': 1, 'm7g.12xlarge_use1-az4': 45, 'm7g.12xlarge_use1-az5': 1, 'm7g.12xlarge_use1-az6': 50, 'm7g.16xlarge_use1-az5': 1, 'm7g.8xlarge_use1-az2': 15, 'm7g.8xlarge_use1-az6': 50, 'm7g.metal_use1-az1': 1, 'm7g.metal_use1-az2': 25, 'm7g.metal_use1-az4': 10, 'm7g.metal_use1-az5': 1, 'm7g.metal_use1-az6': 50, 'm7gd.medium_use1-az5': 20, 'm7gd.metal_use1-az2': 15, 'm7gd.metal_use1-az4': 1, 'm7gd.metal_use1-az6': 15, 'm7i-flex.large_use1-az2': 50, 'm7i-flex.large_use1-az4': 25, 'm7i-flex.large_use1-az5': 25, 'm7i.12xlarge_use1-az1': 1, 'm7i.16xlarge_use1-az1': 5, 'm7i.24xlarge_use1-az2': 5, 'm8g.12xlarge_use1-az2': 10, 'm8g.12xlarge_use1-az4': 10, 'm8g.12xlarge_use1-az6': 35, 'm8g.16xlarge_use1-az2': 5, 'm8g.16xlarge_use1-az5': 5, 'm8g.16xlarge_use1-az6': 45, 'm8g.24xlarge_use1-az2': 5, 'm8g.24xlarge_use1-az4': 1, 'm8g.24xlarge_use1-az5': 1, 'm8g.24xlarge_use1-az6': 25, 'm8g.2xlarge_use1-az4': 10, 'm8g.2xlarge_use1-az5': 10, 'm8g.48xlarge_use1-az2': 5, 'm8g.48xlarge_use1-az4': 5, 'm8g.48xlarge_use1-az6': 20, 'm8g.4xlarge_use1-az4': 5, 'm8g.4xlarge_use1-az5': 1, 'm8g.4xlarge_use1-az6': 40, 'm8g.8xlarge_use1-az5': 1, 'm8g.8xlarge_use1-az6': 40, 'm8g.medium_use1-az1': 1, 'm8g.medium_use1-az2': 15, 'm8g.metal-48xl_use1-az2': 5, 'm8g.metal-48xl_use1-az6': 25, 'm8g.xlarge_use1-az5': 15, 'm8g.xlarge_use1-az6': 50, 'm8gd.8xlarge_use1-az5': 1, 'm8gd.8xlarge_use1-az6': 5, 'm8gd.medium_use1-az6': 1, 'm8i-flex.large_use1-az2': 5, 'm8i.metal-48xl_use1-az6': 1, 'r6a.16xlarge_use1-az1': 5, 'r6a.16xlarge_use1-az4': 30, 'r6a.16xlarge_use1-az5': 15, 'r6a.16xlarge_use1-az6': 40, 'r6a.32xlarge_use1-az4': 5, 'r6a.32xlarge_use1-az6': 5, 'r6a.48xlarge_use1-az4': 5, 'r6a.48xlarge_use1-az5': 5, 'r6a.48xlarge_use1-az6': 1, 'r6a.8xlarge_use1-az4': 50, 'r6a.8xlarge_use1-az5': 50, 'r6g.8xlarge_use1-az5': 50, 'r7a.24xlarge_use1-az2': 10, 'r7a.24xlarge_use1-az4': 10, 'r7a.48xlarge_use1-az6': 50, 'r7g.16xlarge_use1-az1': 5, 'r7g.16xlarge_use1-az5': 5, 'r7gd.16xlarge_use1-az6': 50, 'r8g.16xlarge_use1-az2': 50, 'r8g.16xlarge_use1-az4': 50, 'r8g.16xlarge_use1-az5': 5, 'r8g.16xlarge_use1-az6': 50, 'r8g.24xlarge_use1-az2': 10, 'r8g.24xlarge_use1-az4': 5, 'r8g.24xlarge_use1-az5': 5, 'r8g.24xlarge_use1-az6': 35, 'r8g.48xlarge_use1-az4': 5, 'r8g.48xlarge_use1-az6': 5, 'r8g.8xlarge_use1-az6': 50, 'r8g.medium_use1-az1': 15, 'r8g.medium_use1-az2': 30, 'r8g.medium_use1-az4': 20, 'r8g.medium_use1-az5': 5, 'r8g.medium_use1-az6': 15, 'r8gd.metal-24xl_use1-az6': 1, 'r8gd.metal-48xl_use1-az6': 1, 't2.2xlarge_use1-az5': 50, 't3.2xlarge_use1-az5': 50, 't4g.2xlarge_use1-az5': 10, 'x8g.48xlarge_use1-az1': 1}"
0.36,1915.2637000000007,4361363708,2277160.9510973403,148708,148608,"{'c6gd.16xlarge_use1-az4': 30, 'c6gd.2xlarge_use1-az2': 50, 'c6gd.2xlarge_use1-az4': 50, 'c6gd.2xlarge_use1-az6': 50, 'g5g.16xlarge_use1-az6': 5, 'g6.16xlarge_use1-az1': 1, 'g6.16xlarge_use1-az2': 1, 'g6.16xlarge_use1-az4': 1, 'g6.16xlarge_use1-az6': 5, 'i7i.metal-24xl_use1-az6': 35, 'i8ge.metal-24xl_use1-az4': 1, 'i8ge.metal-48xl_use1-az6': 1, 'inf2.24xlarge_use1-az4': 1, 'inf2.48xlarge_use1-az6': 15, 'm5.24xlarge_use1-az5': 1, 'm6a.12xlarge_use1-az1': 5, 'm6a.16xlarge_use1-az6': 5, 'm6a.24xlarge_use1-az1': 1, 'm6a.24xlarge_use1-az2': 1, 'm6a.24xlarge_use1-az6': 1, 'm6a.2xlarge_use1-az5': 15, 'm6a.32xlarge_use1-az6': 1, 'm6a.large_use1-az5': 30, 'm6g.12xlarge_use1-az4': 50, 'm6g.16xlarge_use1-az2': 5, 'm6g.16xlarge_use1-az4': 25, 'm6g.16xlarge_use1-az6': 50, 'm6i.12xlarge_use1-az4': 50, 'm6i.24xlarge_use1-az2': 10, 'm6i.24xlarge_use1-az4': 5, 'm6i.24xlarge_use1-az5': 1, 'm6i.24xlarge_use1-az6': 50, 'm6i.4xlarge_use1-az5': 50, 'm7a.32xlarge_use1-az6': 20, 'm7a.medium_use1-az1': 10, 'm7a.medium_use1-az2': 50, 'm7a.medium_use1-az4': 50, 'm7a.medium_use1-az6': 50, 'm7g.12xlarge_use1-az1': 1, 'm7g.12xlarge_use1-az2': 10, 'm7g.12xlarge_use1-az4': 45, 'm7g.12xlarge_use1-az5': 1, 'm7g.12xlarge_use1-az6': 50, 'm7g.16xlarge_use1-az5': 1, 'm7g.16xlarge_use1-az6': 50, 'm7g.8xlarge_use1-az2': 15, 'm7g.8xlarge_use1-az6': 50, 'm7g.medium_use1-az6': 50, 'm7g.metal_use1-az1': 1, 'm7g.metal_use1-az2': 25, 'm7g.metal_use1-az4': 10, 'm7g.metal_use1-az5': 1, 'm7g.metal_use1-az6': 50, 'm7gd.12xlarge_use1-az4': 1, 'm7gd.medium_use1-az5': 20, 'm7gd.metal_use1-az2': 15, 'm7gd.metal_use1-az4': 1, 'm7gd.metal_use1-az6': 15, 'm7i-flex.large_use1-az2': 50, 'm7i-flex.large_use1-az4': 25, 'm7i-flex.large_use1-az5': 25, 'm7i.12xlarge_use1-az1': 1, 'm7i.12xlarge_use1-az4': 15, 'm7i.16xlarge_use1-az1': 5, 'm7i.24xlarge_use1-az2': 5, 'm7i.24xlarge_use1-az6': 50, 'm7i.48xlarge_use1-az6': 50, 'm8g.12xlarge_use1-az2': 10, 'm8g.12xlarge_use1-az4': 10, 'm8g.12xlarge_use1-az6': 35, 'm8g.16xlarge_use1-az2': 5, 'm8g.16xlarge_use1-az5': 5, 'm8g.16xlarge_use1-az6': 45, 'm8g.24xlarge_use1-az2': 5, 'm8g.24xlarge_use1-az4': 1, 'm8g.24xlarge_use1-az5': 1, 'm8g.24xlarge_use1-az6': 25, 'm8g.2xlarge_use1-az4': 10, 'm8g.2xlarge_use1-az5': 10, 'm8g.48xlarge_use1-az2': 5, 'm8g.48xlarge_use1-az4': 5, 'm8g.48xlarge_use1-az6': 20, 'm8g.4xlarge_use1-az2': 5, 'm8g.4xlarge_use1-az4': 5, 'm8g.4xlarge_use1-az5': 1, 'm8g.4xlarge_use1-az6': 40, 'm8g.8xlarge_use1-az5': 1, 'm8g.8xlarge_use1-az6': 40, 'm8g.medium_use1-az1': 1, 'm8g.medium_use1-az2': 15, 'm8g.metal-48xl_use1-az2': 5, 'm8g.metal-48xl_use1-az6': 25, 'm8g.xlarge_use1-az5': 15, 'm8g.xlarge_use1-az6': 50, 'm8gd.8xlarge_use1-az5': 1, 'm8gd.8xlarge_use1-az6': 5, 'm8gd.medium_use1-az6': 1, 'm8gd.xlarge_use1-az5': 1, 'm8i-flex.large_use1-az2': 5, 'm8i.48xlarge_use1-az6': 5, 'm8i.metal-48xl_use1-az6': 1, 'r6a.16xlarge_use1-az1': 5, 'r6a.16xlarge_use1-az4': 30, 'r6a.16xlarge_use1-az5': 15, 'r6a.16xlarge_use1-az6': 40, 'r6a.24xlarge_use1-az4': 1, 'r6a.32xlarge_use1-az4': 5, 'r6a.32xlarge_use1-az5': 5, 'r6a.32xlarge_use1-az6': 5, 'r6a.48xlarge_use1-az2': 5, 'r6a.48xlarge_use1-az4': 5, 'r6a.48xlarge_use1-az5': 5, 'r6a.48xlarge_use1-az6': 1, 'r6a.8xlarge_use1-az4': 50, 'r6a.8xlarge_use1-az5': 50, 'r6g.12xlarge_use1-az5': 10, 'r6g.8xlarge_use1-az5': 50, 'r6i.16xlarge_use1-az5': 10, 'r7a.24xlarge_use1-az2': 10, 'r7a.24xlarge_use1-az4': 10, 'r7a.32xlarge_use1-az2': 1, 'r7a.32xlarge_use1-az6': 50, 'r7a.48xlarge_use1-az6': 50, 'r7g.12xlarge_use1-az5': 1, 'r7g.16xlarge_use1-az1': 5, 'r7g.16xlarge_use1-az5': 5, 'r7gd.16xlarge_use1-az6': 50, 'r7i.24xlarge_use1-az6': 5, 'r8g.12xlarge_use1-az2': 5, 'r8g.16xlarge_use1-az2': 50, 'r8g.16xlarge_use1-az4': 50, 'r8g.16xlarge_use1-az5': 5, 'r8g.16xlarge_use1-az6': 50, 'r8g.24xlarge_use1-az2': 10, 'r8g.24xlarge_use1-az4': 5, 'r8g.24xlarge_use1-az5': 5, 'r8g.24xlarge_use1-az6': 35, 'r8g.48xlarge_use1-az2': 1, 'r8g.48xlarge_use1-az4': 5, 'r8g.48xlarge_use1-az6': 5, 'r8g.8xlarge_use1-az6': 50, 'r8g.medium_use1-az1': 15, 'r8g.medium_use1-az2': 30, 'r8g.medium_use1-az4': 20, 'r8g.medium_use1-az5': 5, 'r8g.medium_use1-az6': 15, 'r8gd.metal-24xl_use1-az6': 1, 'r8gd.metal-48xl_use1-az6': 1, 't2.2xlarge_use1-az5': 50, 't3.2xlarge_use1-az5': 50, 't4g.2xlarge_use1-az5': 10, 't4g.large_use1-az5': 25, 'x8g.48xlarge_use1-az1': 1}"
0.37,2290.7968000000005,5076205927,2215912.7897680905,172540,172440,"{'c6gd.12xlarge_use1-az4': 30, 'c6gd.16xlarge_use1-az4': 30, 'c6gd.2xlarge_use1-az2': 50, 'c6gd.2xlarge_use1-az4': 50, 'c6gd.2xlarge_use1-az6': 50, 'g5g.16xlarge_use1-az6': 5, 'g6.16xlarge_use1-az1': 1, 'g6.16xlarge_use1-az2': 1, 'g6.16xlarge_use1-az4': 1, 'g6.16xlarge_use1-az6': 5, 'g6f.xlarge_use1-az2': 1, 'i7i.metal-24xl_use1-az6': 35, 'i8ge.metal-24xl_use1-az4': 1, 'i8ge.metal-48xl_use1-az6': 1, 'inf2.24xlarge_use1-az4': 1, 'inf2.48xlarge_use1-az6': 15, 'm5.24xlarge_use1-az2': 5, 'm5.24xlarge_use1-az5': 1, 'm6a.12xlarge_use1-az1': 5, 'm6a.16xlarge_use1-az1': 5, 'm6a.16xlarge_use1-az2': 5, 'm6a.16xlarge_use1-az6': 5, 'm6a.24xlarge_use1-az1': 1, 'm6a.24xlarge_use1-az2': 1, 'm6a.24xlarge_use1-az4': 1, 'm6a.24xlarge_use1-az6': 1, 'm6a.2xlarge_use1-az5': 15, 'm6a.32xlarge_use1-az6': 1, 'm6a.large_use1-az5': 30, 'm6g.12xlarge_use1-az4': 50, 'm6g.12xlarge_use1-az6': 50, 'm6g.16xlarge_use1-az2': 5, 'm6g.16xlarge_use1-az4': 25, 'm6g.16xlarge_use1-az6': 50, 'm6i.12xlarge_use1-az4': 50, 'm6i.24xlarge_use1-az2': 10, 'm6i.24xlarge_use1-az4': 5, 'm6i.24xlarge_use1-az5': 1, 'm6i.24xlarge_use1-az6': 50, 'm6i.4xlarge_use1-az5': 50, 'm7a.32xlarge_use1-az6': 20, 'm7a.48xlarge_use1-az6': 40, 'm7a.medium_use1-az1': 10, 'm7a.medium_use1-az2': 50, 'm7a.medium_use1-az4': 50, 'm7a.medium_use1-az6': 50, 'm7g.12xlarge_use1-az1': 1, 'm7g.12xlarge_use1-az2': 10, 'm7g.12xlarge_use1-az4': 45, 'm7g.12xlarge_use1-az5': 1, 'm7g.12xlarge_use1-az6': 50, 'm7g.16xlarge_use1-az5': 1, 'm7g.16xlarge_use1-az6': 50, 'm7g.8xlarge_use1-az1': 1, 'm7g.8xlarge_use1-az2': 15, 'm7g.8xlarge_use1-az6': 50, 'm7g.medium_use1-az1': 30, 'm7g.medium_use1-az4': 50, 'm7g.medium_use1-az6': 50, 'm7g.metal_use1-az1': 1, 'm7g.metal_use1-az2': 25, 'm7g.metal_use1-az4': 10, 'm7g.metal_use1-az5': 1, 'm7g.metal_use1-az6': 50, 'm7gd.12xlarge_use1-az4': 1, 'm7gd.medium_use1-az2': 20, 'm7gd.medium_use1-az5': 20, 'm7gd.metal_use1-az2': 15, 'm7gd.metal_use1-az4': 1, 'm7gd.metal_use1-az6': 15, 'm7i-flex.large_use1-az2': 50, 'm7i-flex.large_use1-az4': 25, 'm7i-flex.large_use1-az5': 25, 'm7i.12xlarge_use1-az1': 1, 'm7i.12xlarge_use1-az4': 15, 'm7i.16xlarge_use1-az1': 5, 'm7i.24xlarge_use1-az2': 5, 'm7i.24xlarge_use1-az4': 5, 'm7i.24xlarge_use1-az6': 50, 'm7i.48xlarge_use1-az6': 50, 'm7i.large_use1-az5': 1, 'm8g.12xlarge_use1-az2': 10, 'm8g.12xlarge_use1-az4': 10, 'm8g.12xlarge_use1-az6': 35, 'm8g.16xlarge_use1-az2': 5, 'm8g.16xlarge_use1-az5': 5, 'm8g.16xlarge_use1-az6': 45, 'm8g.24xlarge_use1-az2': 5, 'm8g.24xlarge_use1-az4': 1, 'm8g.24xlarge_use1-az5': 1, 'm8g.24xlarge_use1-az6': 25, 'm8g.2xlarge_use1-az4': 10, 'm8g.2xlarge_use1-az5': 10, 'm8g.48xlarge_use1-az2': 5, 'm8g.48xlarge_use1-az4': 5, 'm8g.48xlarge_use1-az6': 20, 'm8g.4xlarge_use1-az2': 5, 'm8g.4xlarge_use1-az4': 5, 'm8g.4xlarge_use1-az5': 1, 'm8g.4xlarge_use1-az6': 40, 'm8g.8xlarge_use1-az5': 1, 'm8g.8xlarge_use1-az6': 40, 'm8g.medium_use1-az1': 1, 'm8g.medium_use1-az2': 15, 'm8g.metal-48xl_use1-az2': 5, 'm8g.metal-48xl_use1-az6': 25, 'm8g.xlarge_use1-az5': 15, 'm8g.xlarge_use1-az6': 50, 'm8gd.8xlarge_use1-az5': 1, 'm8gd.8xlarge_use1-az6': 5, 'm8gd.large_use1-az6': 1, 'm8gd.medium_use1-az6': 1, 'm8gd.xlarge_use1-az5': 1, 'm8i-flex.large_use1-az2': 5, 'm8i.48xlarge_use1-az6': 5, 'm8i.metal-48xl_use1-az6': 1, 'r6a.16xlarge_use1-az1': 5, 'r6a.16xlarge_use1-az2': 15, 'r6a.16xlarge_use1-az4': 30, 'r6a.16xlarge_use1-az5': 15, 'r6a.16xlarge_use1-az6': 40, 'r6a.24xlarge_use1-az4': 1, 'r6a.24xlarge_use1-az5': 1, 'r6a.32xlarge_use1-az4': 5, 'r6a.32xlarge_use1-az5': 5, 'r6a.32xlarge_use1-az6': 5, 'r6a.48xlarge_use1-az2': 5, 'r6a.48xlarge_use1-az4': 5, 'r6a.48xlarge_use1-az5': 5, 'r6a.48xlarge_use1-az6': 1, 'r6a.8xlarge_use1-az4': 50, 'r6a.8xlarge_use1-az5': 50, 'r6a.8xlarge_use1-az6': 50, 'r6g.12xlarge_use1-az5': 10, 'r6g.8xlarge_use1-az5': 50, 'r6i.16xlarge_use1-az5': 10, 'r7a.24xlarge_use1-az2': 10, 'r7a.24xlarge_use1-az4': 10, 'r7a.24xlarge_use1-az6': 35, 'r7a.32xlarge_use1-az2': 1, 'r7a.32xlarge_use1-az6': 50, 'r7a.48xlarge_use1-az4': 5, 'r7a.48xlarge_use1-az6': 50, 'r7g.12xlarge_use1-az5': 1, 'r7g.16xlarge_use1-az1': 5, 'r7g.16xlarge_use1-az5': 5, 'r7g.medium_use1-az4': 50, 'r7g.medium_use1-az6': 50, 'r7gd.16xlarge_use1-az6': 50, 'r7i.24xlarge_use1-az6': 5, 'r7i.8xlarge_use1-az6': 50, 'r8g.12xlarge_use1-az2': 5, 'r8g.16xlarge_use1-az2': 50, 'r8g.16xlarge_use1-az4': 50, 'r8g.16xlarge_use1-az5': 5, 'r8g.16xlarge_use1-az6': 50, 'r8g.24xlarge_use1-az2': 10, 'r8g.24xlarge_use1-az4': 5, 'r8g.24xlarge_use1-az5': 5, 'r8g.24xlarge_use1-az6': 35, 'r8g.48xlarge_use1-az2': 1, 'r8g.48xlarge_use1-az4': 5, 'r8g.48xlarge_use1-az6': 5, 'r8g.8xlarge_use1-az6': 50, 'r8g.large_use1-az5': 10, 'r8g.medium_use1-az1': 15, 'r8g.medium_use1-az2': 30, 'r8g.medium_use1-az4': 20, 'r8g.medium_use1-az5': 5, 'r8g.medium_use1-az6': 15, 'r8gd.medium_use1-az5': 10, 'r8gd.metal-24xl_use1-az6': 1, 'r8gd.metal-48xl_use1-az6': 1, 't2.2xlarge_use1-az5': 50, 't2.medium_use1-az4': 50, 't3.2xlarge_use1-az5': 50, 't3a.2xlarge_use1-az5': 50, 't3a.xlarge_use1-az5': 15, 't4g.2xlarge_use1-az5': 10, 't4g.large_use1-az5': 25, 't4g.xlarge_use1-az5': 5, 't4g.xlarge_use1-az6': 10, 'x8g.48xlarge_use1-az1': 1, 'x8g.48xlarge_use1-az4': 10}"
0.38,2807.335800000001,6021091827,2144770.7921123803,205213,205113,"{'c6gd.12xlarge_use1-az4': 30, 'c6gd.16xlarge_use1-az4': 30, 'c6gd.2xlarge_use1-az2': 50, 'c6gd.2xlarge_use1-az4': 50, 'c6gd.2xlarge_use1-az6': 50, 'g5g.16xlarge_use1-az6': 5, 'g6.16xlarge_use1-az1': 1, 'g6.16xlarge_use1-az2': 1, 'g6.16xlarge_use1-az4': 1, 'g6.16xlarge_use1-az6': 5, 'g6f.xlarge_use1-az2': 1, 'g6f.xlarge_use1-az4': 5, 'i7i.metal-24xl_use1-az6': 35, 'i8ge.metal-24xl_use1-az4': 1, 'i8ge.metal-48xl_use1-az6': 1, 'inf2.24xlarge_use1-az4': 1, 'inf2.24xlarge_use1-az6': 10, 'inf2.48xlarge_use1-az6': 15, 'm5.24xlarge_use1-az2': 5, 'm5.24xlarge_use1-az5': 1, 'm5.8xlarge_use1-az1': 50, 'm6a.12xlarge_use1-az1': 5, 'm6a.12xlarge_use1-az4': 15, 'm6a.16xlarge_use1-az1': 5, 'm6a.16xlarge_use1-az2': 5, 'm6a.16xlarge_use1-az6': 5, 'm6a.24xlarge_use1-az1': 1, 'm6a.24xlarge_use1-az2': 1, 'm6a.24xlarge_use1-az4': 1, 'm6a.24xlarge_use1-az6': 1, 'm6a.2xlarge_use1-az5': 15, 'm6a.32xlarge_use1-az2': 1, 'm6a.32xlarge_use1-az4': 1, 'm6a.32xlarge_use1-az6': 1, 'm6a.48xlarge_use1-az2': 1, 'm6a.48xlarge_use1-az4': 1, 'm6a.48xlarge_use1-az6': 1, 'm6a.large_use1-az5': 30, 'm6g.12xlarge_use1-az2': 5, 'm6g.12xlarge_use1-az4': 50, 'm6g.12xlarge_use1-az6': 50, 'm6g.16xlarge_use1-az2': 5, 'm6g.16xlarge_use1-az4': 25, 'm6g.16xlarge_use1-az6': 50, 'm6g.medium_use1-az5': 1, 'm6i.12xlarge_use1-az4': 50, 'm6i.12xlarge_use1-az5': 1, 'm6i.24xlarge_use1-az2': 10, 'm6i.24xlarge_use1-az4': 5, 'm6i.24xlarge_use1-az5': 1, 'm6i.24xlarge_use1-az6': 50, 'm6i.4xlarge_use1-az5': 50, 'm7a.24xlarge_use1-az2': 1, 'm7a.32xlarge_use1-az6': 20, 'm7a.48xlarge_use1-az6': 40, 'm7a.medium_use1-az1': 10, 'm7a.medium_use1-az2': 50, 'm7a.medium_use1-az4': 50, 'm7a.medium_use1-az6': 50, 'm7g.12xlarge_use1-az1': 1, 'm7g.12xlarge_use1-az2': 10, 'm7g.12xlarge_use1-az4': 45, 'm7g.12xlarge_use1-az5': 1, 'm7g.12xlarge_use1-az6': 50, 'm7g.16xlarge_use1-az5': 1, 'm7g.16xlarge_use1-az6': 50, 'm7g.8xlarge_use1-az1': 1, 'm7g.8xlarge_use1-az2': 15, 'm7g.8xlarge_use1-az4': 40, 'm7g.8xlarge_use1-az6': 50, 'm7g.large_use1-az4': 50, 'm7g.medium_use1-az1': 30, 'm7g.medium_use1-az4': 50, 'm7g.medium_use1-az6': 50, 'm7g.metal_use1-az1': 1, 'm7g.metal_use1-az2': 25, 'm7g.metal_use1-az4': 10, 'm7g.metal_use1-az5': 1, 'm7g.metal_use1-az6': 50, 'm7gd.12xlarge_use1-az4': 1, 'm7gd.medium_use1-az2': 20, 'm7gd.medium_use1-az4': 15, 'm7gd.medium_use1-az5': 20, 'm7gd.metal_use1-az1': 5, 'm7gd.metal_use1-az2': 15, 'm7gd.metal_use1-az4': 1, 'm7gd.metal_use1-az6': 15, 'm7i-flex.8xlarge_use1-az4': 5, 'm7i-flex.large_use1-az2': 50, 'm7i-flex.large_use1-az4': 25, 'm7i-flex.large_use1-az5': 25, 'm7i-flex.xlarge_use1-az4': 50, 'm7i.12xlarge_use1-az1': 1, 'm7i.12xlarge_use1-az2': 5, 'm7i.12xlarge_use1-az4': 15, 'm7i.16xlarge_use1-az1': 5, 'm7i.24xlarge_use1-az2': 5, 'm7i.24xlarge_use1-az4': 5, 'm7i.24xlarge_use1-az6': 50, 'm7i.48xlarge_use1-az6': 50, 'm7i.large_use1-az5': 1, 'm8g.12xlarge_use1-az2': 10, 'm8g.12xlarge_use1-az4': 10, 'm8g.12xlarge_use1-az6': 35, 'm8g.16xlarge_use1-az2': 5, 'm8g.16xlarge_use1-az5': 5, 'm8g.16xlarge_use1-az6': 45, 'm8g.24xlarge_use1-az2': 5, 'm8g.24xlarge_use1-az4': 1, 'm8g.24xlarge_use1-az5': 1, 'm8g.24xlarge_use1-az6': 25, 'm8g.2xlarge_use1-az4': 10, 'm8g.2xlarge_use1-az5': 10, 'm8g.48xlarge_use1-az2': 5, 'm8g.48xlarge_use1-az4': 5, 'm8g.48xlarge_use1-az6': 20, 'm8g.4xlarge_use1-az2': 5, 'm8g.4xlarge_use1-az4': 5, 'm8g.4xlarge_use1-az5': 1, 'm8g.4xlarge_use1-az6': 40, 'm8g.8xlarge_use1-az2': 10, 'm8g.8xlarge_use1-az4': 20, 'm8g.8xlarge_use1-az5': 1, 'm8g.8xlarge_use1-az6': 40, 'm8g.large_use1-az2': 20, 'm8g.large_use1-az6': 45, 'm8g.medium_use1-az1': 1, 'm8g.medium_use1-az2': 15, 'm8g.metal-48xl_use1-az2': 5, 'm8g.metal-48xl_use1-az6': 25, 'm8g.xlarge_use1-az1': 1, 'm8g.xlarge_use1-az5': 15, 'm8g.xlarge_use1-az6': 50, 'm8gd.8xlarge_use1-az5': 1, 'm8gd.8xlarge_use1-az6': 5, 'm8gd.large_use1-az6': 1, 'm8gd.medium_use1-az6': 1, 'm8gd.xlarge_use1-az1': 1, 'm8gd.xlarge_use1-az5': 1, 'm8i-flex.large_use1-az2': 5, 'm8i.48xlarge_use1-az6': 5, 'm8i.metal-48xl_use1-az6': 1, 'r6a.12xlarge_use1-az6': 10, 'r6a.16xlarge_use1-az1': 5, 'r6a.16xlarge_use1-az2': 15, 'r6a.16xlarge_use1-az4': 30, 'r6a.16xlarge_use1-az5': 15, 'r6a.16xlarge_use1-az6': 40, 'r6a.24xlarge_use1-az4': 1, 'r6a.24xlarge_use1-az5': 1, 'r6a.24xlarge_use1-az6': 5, 'r6a.32xlarge_use1-az2': 5, 'r6a.32xlarge_use1-az4': 5, 'r6a.32xlarge_use1-az5': 5, 'r6a.32xlarge_use1-az6': 5, 'r6a.48xlarge_use1-az2': 5, 'r6a.48xlarge_use1-az4': 5, 'r6a.48xlarge_use1-az5': 5, 'r6a.48xlarge_use1-az6': 1, 'r6a.8xlarge_use1-az4': 50, 'r6a.8xlarge_use1-az5': 50, 'r6a.8xlarge_use1-az6': 50, 'r6a.xlarge_use1-az6': 50, 'r6g.12xlarge_use1-az4': 45, 'r6g.12xlarge_use1-az5': 10, 'r6g.12xlarge_use1-az6': 50, 'r6g.8xlarge_use1-az5': 50, 'r6i.16xlarge_use1-az5': 10, 'r7a.16xlarge_use1-az6': 50, 'r7a.24xlarge_use1-az2': 10, 'r7a.24xlarge_use1-az4': 10, 'r7a.24xlarge_use1-az6': 35, 'r7a.32xlarge_use1-az2': 1, 'r7a.32xlarge_use1-az4': 1, 'r7a.32xlarge_use1-az6': 50, 'r7a.48xlarge_use1-az2': 5, 'r7a.48xlarge_use1-az4': 5, 'r7a.48xlarge_use1-az6': 50, 'r7a.8xlarge_use1-az4': 50, 'r7g.12xlarge_use1-az5': 1, 'r7g.16xlarge_use1-az1': 5, 'r7g.16xlarge_use1-az5': 5, 'r7g.4xlarge_use1-az2': 5, 'r7g.medium_use1-az4': 50, 'r7g.medium_use1-az6': 50, 'r7g.xlarge_use1-az2': 50, 'r7gd.16xlarge_use1-az6': 50, 'r7i.24xlarge_use1-az4': 5, 'r7i.24xlarge_use1-az6': 5, 'r7i.8xlarge_use1-az4': 25, 'r7i.8xlarge_use1-az6': 50, 'r8g.12xlarge_use1-az2': 5, 'r8g.16xlarge_use1-az1': 1, 'r8g.16xlarge_use1-az2': 50, 'r8g.16xlarge_use1-az4': 50, 'r8g.16xlarge_use1-az5': 5, 'r8g.16xlarge_use1-az6': 50, 'r8g.24xlarge_use1-az2': 10, 'r8g.24xlarge_use1-az4': 5, 'r8g.24xlarge_use1-az5': 5, 'r8g.24xlarge_use1-az6': 35, 'r8g.48xlarge_use1-az2': 1, 'r8g.48xlarge_use1-az4': 5, 'r8g.48xlarge_use1-az6': 5, 'r8g.4xlarge_use1-az4': 35, 'r8g.8xlarge_use1-az6': 50, 'r8g.large_use1-az4': 15, 'r8g.large_use1-az5': 10, 'r8g.medium_use1-az1': 15, 'r8g.medium_use1-az2': 30, 'r8g.medium_use1-az4': 20, 'r8g.medium_use1-az5': 5, 'r8g.medium_use1-az6': 15, 'r8gd.48xlarge_use1-az6': 50, 'r8gd.medium_use1-az2': 5, 'r8gd.medium_use1-az5': 10, 'r8gd.metal-24xl_use1-az6': 1, 'r8gd.metal-48xl_use1-az6': 1, 't2.2xlarge_use1-az5': 50, 't2.medium_use1-az4': 50, 't3.2xlarge_use1-az5': 50, 't3a.2xlarge_use1-az5': 50, 't3a.large_use1-az2': 50, 't3a.xlarge_use1-az5': 15, 't4g.2xlarge_use1-az5': 10, 't4g.large_use1-az5': 25, 't4g.xlarge_use1-az5': 5, 't4g.xlarge_use1-az6': 10, 'x8g.48xlarge_use1-az1': 1, 'x8g.48xlarge_use1-az2': 1, 'x8g.48xlarge_use1-az4': 10, 'x8g.metal-48xl_use1-az4': 1, 'x8g.metal-48xl_use1-az6': 1}"
0.39,3283.269400000001,6856334897,2088264.4896380696,238010,237910,"{'c6gd.12xlarge_use1-az4': 30, 'c6gd.16xlarge_use1-az4': 30, 'c6gd.16xlarge_use1-az6': 50, 'c6gd.2xlarge_use1-az2': 50, 'c6gd.2xlarge_use1-az4': 50, 'c6gd.2xlarge_use1-az6': 50, 'c8g.metal-48xl_use1-az1': 1, 'c8g.metal-48xl_use1-az6': 50, 'g5g.16xlarge_use1-az6': 5, 'g6.16xlarge_use1-az1': 1, 'g6.16xlarge_use1-az2': 1, 'g6.16xlarge_use1-az4': 1, 'g6.16xlarge_use1-az6': 5, 'g6f.xlarge_use1-az2': 1, 'g6f.xlarge_use1-az4': 5, 'i7i.metal-24xl_use1-az6': 35, 'i8ge.metal-24xl_use1-az4': 1, 'i8ge.metal-48xl_use1-az6': 1, 'inf2.24xlarge_use1-az4': 1, 'inf2.24xlarge_use1-az6': 10, 'inf2.48xlarge_use1-az6': 15, 'm5.16xlarge_use1-az2': 50, 'm5.24xlarge_use1-az2': 5, 'm5.24xlarge_use1-az5': 1, 'm5.24xlarge_use1-az6': 35, 'm5.8xlarge_use1-az1': 50, 'm6a.12xlarge_use1-az1': 5, 'm6a.12xlarge_use1-az4': 15, 'm6a.16xlarge_use1-az1': 5, 'm6a.16xlarge_use1-az2': 5, 'm6a.16xlarge_use1-az6': 5, 'm6a.24xlarge_use1-az1': 1, 'm6a.24xlarge_use1-az2': 1, 'm6a.24xlarge_use1-az4': 1, 'm6a.24xlarge_use1-az6': 1, 'm6a.2xlarge_use1-az5': 15, 'm6a.32xlarge_use1-az2': 1, 'm6a.32xlarge_use1-az4': 1, 'm6a.32xlarge_use1-az6': 1, 'm6a.48xlarge_use1-az2': 1, 'm6a.48xlarge_use1-az4': 1, 'm6a.48xlarge_use1-az6': 1, 'm6a.large_use1-az5': 30, 'm6a.xlarge_use1-az1': 50, 'm6g.12xlarge_use1-az2': 5, 'm6g.12xlarge_use1-az4': 50, 'm6g.12xlarge_use1-az6': 50, 'm6g.16xlarge_use1-az2': 5, 'm6g.16xlarge_use1-az4': 25, 'm6g.16xlarge_use1-az6': 50, 'm6g.medium_use1-az5': 1, 'm6gd.12xlarge_use1-az2': 40, 'm6i.12xlarge_use1-az4': 50, 'm6i.12xlarge_use1-az5': 1, 'm6i.24xlarge_use1-az2': 10, 'm6i.24xlarge_use1-az4': 5, 'm6i.24xlarge_use1-az5': 1, 'm6i.24xlarge_use1-az6': 50, 'm6i.4xlarge_use1-az5': 50, 'm6i.large_use1-az5': 50, 'm6id.8xlarge_use1-az5': 1, 'm7a.24xlarge_use1-az2': 1, 'm7a.32xlarge_use1-az6': 20, 'm7a.48xlarge_use1-az6': 40, 'm7a.medium_use1-az1': 10, 'm7a.medium_use1-az2': 50, 'm7a.medium_use1-az4': 50, 'm7a.medium_use1-az6': 50, 'm7g.12xlarge_use1-az1': 1, 'm7g.12xlarge_use1-az2': 10, 'm7g.12xlarge_use1-az4': 45, 'm7g.12xlarge_use1-az5': 1, 'm7g.12xlarge_use1-az6': 50, 'm7g.16xlarge_use1-az5': 1, 'm7g.16xlarge_use1-az6': 50, 'm7g.8xlarge_use1-az1': 1, 'm7g.8xlarge_use1-az2': 15, 'm7g.8xlarge_use1-az4': 40, 'm7g.8xlarge_use1-az6': 50, 'm7g.large_use1-az4': 50, 'm7g.medium_use1-az1': 30, 'm7g.medium_use1-az2': 40, 'm7g.medium_use1-az4': 50, 'm7g.medium_use1-az5': 35, 'm7g.medium_use1-az6': 50, 'm7g.metal_use1-az1': 1, 'm7g.metal_use1-az2': 25, 'm7g.metal_use1-az4': 10, 'm7g.metal_use1-az5': 1, 'm7g.metal_use1-az6': 50, 'm7gd.12xlarge_use1-az4': 1, 'm7gd.12xlarge_use1-az6': 35, 'm7gd.medium_use1-az2': 20, 'm7gd.medium_use1-az4': 15, 'm7gd.medium_use1-az5': 20, 'm7gd.medium_use1-az6': 25, 'm7gd.metal_use1-az1': 5, 'm7gd.metal_use1-az2': 15, 'm7gd.metal_use1-az4': 1, 'm7gd.metal_use1-az6': 15, 'm7i-flex.8xlarge_use1-az4': 5, 'm7i-flex.large_use1-az2': 50, 'm7i-flex.large_use1-az4': 25, 'm7i-flex.large_use1-az5': 25, 'm7i-flex.xlarge_use1-az4': 50, 'm7i.12xlarge_use1-az1': 1, 'm7i.12xlarge_use1-az2': 5, 'm7i.12xlarge_use1-az4': 15, 'm7i.16xlarge_use1-az1': 5, 'm7i.16xlarge_use1-az2': 10, 'm7i.24xlarge_use1-az2': 5, 'm7i.24xlarge_use1-az4': 5, 'm7i.24xlarge_use1-az6': 50, 'm7i.48xlarge_use1-az2': 5, 'm7i.48xlarge_use1-az6': 50, 'm7i.large_use1-az5': 1, 'm8g.12xlarge_use1-az2': 10, 'm8g.12xlarge_use1-az4': 10, 'm8g.12xlarge_use1-az5': 1, 'm8g.12xlarge_use1-az6': 35, 'm8g.16xlarge_use1-az2': 5, 'm8g.16xlarge_use1-az5': 5, 'm8g.16xlarge_use1-az6': 45, 'm8g.24xlarge_use1-az2': 5, 'm8g.24xlarge_use1-az4': 1, 'm8g.24xlarge_use1-az5': 1, 'm8g.24xlarge_use1-az6': 25, 'm8g.2xlarge_use1-az4': 10, 'm8g.2xlarge_use1-az5': 10, 'm8g.48xlarge_use1-az2': 5, 'm8g.48xlarge_use1-az4': 5, 'm8g.48xlarge_use1-az6': 20, 'm8g.4xlarge_use1-az2': 5, 'm8g.4xlarge_use1-az4': 5, 'm8g.4xlarge_use1-az5': 1, 'm8g.4xlarge_use1-az6': 40, 'm8g.8xlarge_use1-az2': 10, 'm8g.8xlarge_use1-az4': 20, 'm8g.8xlarge_use1-az5': 1, 'm8g.8xlarge_use1-az6': 40, 'm8g.large_use1-az2': 20, 'm8g.large_use1-az6': 45, 'm8g.medium_use1-az1': 1, 'm8g.medium_use1-az2': 15, 'm8g.metal-48xl_use1-az2': 5, 'm8g.metal-48xl_use1-az6': 25, 'm8g.xlarge_use1-az1': 1, 'm8g.xlarge_use1-az5': 15, 'm8g.xlarge_use1-az6': 50, 'm8gd.8xlarge_use1-az5': 1, 'm8gd.8xlarge_use1-az6': 5, 'm8gd.large_use1-az5': 1, 'm8gd.large_use1-az6': 1, 'm8gd.medium_use1-az6': 1, 'm8gd.xlarge_use1-az1': 1, 'm8gd.xlarge_use1-az5': 1, 'm8i-flex.large_use1-az2': 5, 'm8i.48xlarge_use1-az2': 1, 'm8i.48xlarge_use1-az6': 5, 'm8i.large_use1-az4': 25, 'm8i.metal-48xl_use1-az6': 1, 'r6a.12xlarge_use1-az6': 10, 'r6a.16xlarge_use1-az1': 5, 'r6a.16xlarge_use1-az2': 15, 'r6a.16xlarge_use1-az4': 30, 'r6a.16xlarge_use1-az5': 15, 'r6a.16xlarge_use1-az6': 40, 'r6a.24xlarge_use1-az2': 5, 'r6a.24xlarge_use1-az4': 1, 'r6a.24xlarge_use1-az5': 1, 'r6a.24xlarge_use1-az6': 5, 'r6a.32xlarge_use1-az2': 5, 'r6a.32xlarge_use1-az4': 5, 'r6a.32xlarge_use1-az5': 5, 'r6a.32xlarge_use1-az6': 5, 'r6a.48xlarge_use1-az2': 5, 'r6a.48xlarge_use1-az4': 5, 'r6a.48xlarge_use1-az5': 5, 'r6a.48xlarge_use1-az6': 1, 'r6a.8xlarge_use1-az4': 50, 'r6a.8xlarge_use1-az5': 50, 'r6a.8xlarge_use1-az6': 50, 'r6a.xlarge_use1-az5': 50, 'r6a.xlarge_use1-az6': 50, 'r6g.12xlarge_use1-az2': 50, 'r6g.12xlarge_use1-az4': 45, 'r6g.12xlarge_use1-az5': 10, 'r6g.12xlarge_use1-az6': 50, 'r6g.8xlarge_use1-az4': 50, 'r6g.8xlarge_use1-az5': 50, 'r6g.8xlarge_use1-az6': 50, 'r6g.medium_use1-az5': 15, 'r6i.16xlarge_use1-az5': 10, 'r7a.16xlarge_use1-az6': 50, 'r7a.24xlarge_use1-az2': 10, 'r7a.24xlarge_use1-az4': 10, 'r7a.24xlarge_use1-az6': 35, 'r7a.32xlarge_use1-az2': 1, 'r7a.32xlarge_use1-az4': 1, 'r7a.32xlarge_use1-az6': 50, 'r7a.48xlarge_use1-az2': 5, 'r7a.48xlarge_use1-az4': 5, 'r7a.48xlarge_use1-az6': 50, 'r7a.8xlarge_use1-az2': 20, 'r7a.8xlarge_use1-az4': 50, 'r7a.8xlarge_use1-az6': 50, 'r7g.12xlarge_use1-az4': 50, 'r7g.12xlarge_use1-az5': 1, 'r7g.16xlarge_use1-az1': 5, 'r7g.16xlarge_use1-az5': 5, 'r7g.4xlarge_use1-az2': 5, 'r7g.4xlarge_use1-az6': 15, 'r7g.medium_use1-az4': 50, 'r7g.medium_use1-az6': 50, 'r7g.xlarge_use1-az2': 50, 'r7g.xlarge_use1-az6': 50, 'r7gd.16xlarge_use1-az6': 50, 'r7i.24xlarge_use1-az4': 5, 'r7i.24xlarge_use1-az6': 5, 'r7i.48xlarge_use1-az2': 1, 'r7i.8xlarge_use1-az1': 5, 'r7i.8xlarge_use1-az2': 25, 'r7i.8xlarge_use1-az4': 25, 'r7i.8xlarge_use1-az6': 50, 'r8g.12xlarge_use1-az2': 5, 'r8g.16xlarge_use1-az1': 1, 'r8g.16xlarge_use1-az2': 50, 'r8g.16xlarge_use1-az4': 50, 'r8g.16xlarge_use1-az5': 5, 'r8g.16xlarge_use1-az6': 50, 'r8g.24xlarge_use1-az2': 10, 'r8g.24xlarge_use1-az4': 5, 'r8g.24xlarge_use1-az5': 5, 'r8g.24xlarge_use1-az6': 35, 'r8g.48xlarge_use1-az2': 1, 'r8g.48xlarge_use1-az4': 5, 'r8g.48xlarge_use1-az6': 5, 'r8g.4xlarge_use1-az4': 35, 'r8g.4xlarge_use1-az6': 50, 'r8g.8xlarge_use1-az6': 50, 'r8g.large_use1-az4': 15, 'r8g.large_use1-az5': 10, 'r8g.medium_use1-az1': 15, 'r8g.medium_use1-az2': 30, 'r8g.medium_use1-az4': 20, 'r8g.medium_use1-az5': 5, 'r8g.medium_use1-az6': 15, 'r8gd.48xlarge_use1-az6': 50, 'r8gd.medium_use1-az2': 5, 'r8gd.medium_use1-az5': 10, 'r8gd.metal-24xl_use1-az6': 1, 'r8gd.metal-48xl_use1-az6': 1, 'r8i-flex.large_use1-az6': 5, 't2.2xlarge_use1-az5': 50, 't2.medium_use1-az4': 50, 't3.2xlarge_use1-az5': 50, 't3a.2xlarge_use1-az5': 50, 't3a.large_use1-az2': 50, 't3a.xlarge_use1-az5': 15, 't4g.2xlarge_use1-az5': 10, 't4g.large_use1-az5': 25, 't4g.xlarge_use1-az5': 5, 't4g.xlarge_use1-az6': 10, 'x8g.24xlarge_use1-az4': 5, 'x8g.48xlarge_use1-az1': 1, 'x8g.48xlarge_use1-az2': 1, 'x8g.48xlarge_use1-az4': 10, 'x8g.metal-48xl_use1-az4': 1, 'x8g.metal-48xl_use1-az6': 1}"
0.4,3836.045100000001,7782309623,2028732.5672403357,270599,270499,"{'c6gd.12xlarge_use1-az4': 30, 'c6gd.16xlarge_use1-az4': 30, 'c6gd.16xlarge_use1-az6': 50, 'c6gd.2xlarge_use1-az2': 50, 'c6gd.2xlarge_use1-az4': 50, 'c6gd.2xlarge_use1-az6': 50, 'c8g.2xlarge_use1-az2': 5, 'c8g.metal-48xl_use1-az1': 1, 'c8g.metal-48xl_use1-az2': 1, 'c8g.metal-48xl_use1-az6': 50, 'g5g.16xlarge_use1-az6': 5, 'g6.16xlarge_use1-az1': 1, 'g6.16xlarge_use1-az2': 1, 'g6.16xlarge_use1-az4': 1, 'g6.16xlarge_use1-az6': 5, 'g6f.xlarge_use1-az2': 1, 'g6f.xlarge_use1-az4': 5, 'i7i.metal-24xl_use1-az6': 35, 'i8g.12xlarge_use1-az6': 1, 'i8ge.24xlarge_use1-az4': 1, 'i8ge.metal-24xl_use1-az4': 1, 'i8ge.metal-48xl_use1-az6': 1, 'inf2.24xlarge_use1-az4': 1, 'inf2.24xlarge_use1-az6': 10, 'inf2.48xlarge_use1-az6': 15, 'inf2.8xlarge_use1-az2': 5, 'inf2.8xlarge_use1-az4': 5, 'inf2.8xlarge_use1-az5': 1, 'inf2.8xlarge_use1-az6': 1, 'm5.16xlarge_use1-az2': 50, 'm5.16xlarge_use1-az5': 1, 'm5.24xlarge_use1-az2': 5, 'm5.24xlarge_use1-az5': 1, 'm5.24xlarge_use1-az6': 35, 'm5.8xlarge_use1-az1': 50, 'm6a.12xlarge_use1-az1': 5, 'm6a.12xlarge_use1-az4': 15, 'm6a.12xlarge_use1-az6': 10, 'm6a.16xlarge_use1-az1': 5, 'm6a.16xlarge_use1-az2': 5, 'm6a.16xlarge_use1-az4': 5, 'm6a.16xlarge_use1-az6': 5, 'm6a.24xlarge_use1-az1': 1, 'm6a.24xlarge_use1-az2': 1, 'm6a.24xlarge_use1-az4': 1, 'm6a.24xlarge_use1-az6': 1, 'm6a.2xlarge_use1-az5': 15, 'm6a.32xlarge_use1-az2': 1, 'm6a.32xlarge_use1-az4': 1, 'm6a.32xlarge_use1-az6': 1, 'm6a.48xlarge_use1-az2': 1, 'm6a.48xlarge_use1-az4': 1, 'm6a.48xlarge_use1-az6': 1, 'm6a.8xlarge_use1-az4': 50, 'm6a.large_use1-az5': 30, 'm6a.xlarge_use1-az1': 50, 'm6a.xlarge_use1-az5': 35, 'm6g.12xlarge_use1-az2': 5, 'm6g.12xlarge_use1-az4': 50, 'm6g.12xlarge_use1-az6': 50, 'm6g.16xlarge_use1-az2': 5, 'm6g.16xlarge_use1-az4': 25, 'm6g.16xlarge_use1-az6': 50, 'm6g.medium_use1-az4': 10, 'm6g.medium_use1-az5': 1, 'm6gd.12xlarge_use1-az2': 40, 'm6gd.12xlarge_use1-az5': 5, 'm6gd.medium_use1-az5': 5, 'm6i.12xlarge_use1-az4': 50, 'm6i.12xlarge_use1-az5': 1, 'm6i.24xlarge_use1-az2': 10, 'm6i.24xlarge_use1-az4': 5, 'm6i.24xlarge_use1-az5': 1, 'm6i.24xlarge_use1-az6': 50, 'm6i.4xlarge_use1-az5': 50, 'm6i.large_use1-az5': 50, 'm6id.12xlarge_use1-az4': 1, 'm6id.8xlarge_use1-az5': 1, 'm7a.24xlarge_use1-az2': 1, 'm7a.24xlarge_use1-az6': 50, 'm7a.32xlarge_use1-az6': 20, 'm7a.48xlarge_use1-az6': 40, 'm7a.medium_use1-az1': 10, 'm7a.medium_use1-az2': 50, 'm7a.medium_use1-az4': 50, 'm7a.medium_use1-az6': 50, 'm7g.12xlarge_use1-az1': 1, 'm7g.12xlarge_use1-az2': 10, 'm7g.12xlarge_use1-az4': 45, 'm7g.12xlarge_use1-az5': 1, 'm7g.12xlarge_use1-az6': 50, 'm7g.16xlarge_use1-az1': 1, 'm7g.16xlarge_use1-az5': 1, 'm7g.16xlarge_use1-az6': 50, 'm7g.8xlarge_use1-az1': 1, 'm7g.8xlarge_use1-az2': 15, 'm7g.8xlarge_use1-az4': 40, 'm7g.8xlarge_use1-az6': 50, 'm7g.large_use1-az4': 50, 'm7g.medium_use1-az1': 30, 'm7g.medium_use1-az2': 40, 'm7g.medium_use1-az4': 50, 'm7g.medium_use1-az5': 35, 'm7g.medium_use1-az6': 50, 'm7g.metal_use1-az1': 1, 'm7g.metal_use1-az2': 25, 'm7g.metal_use1-az4': 10, 'm7g.metal_use1-az5': 1, 'm7g.metal_use1-az6': 50, 'm7gd.12xlarge_use1-az4': 1, 'm7gd.12xlarge_use1-az6': 35, 'm7gd.2xlarge_use1-az2': 50, 'm7gd.medium_use1-az2': 20, 'm7gd.medium_use1-az4': 15, 'm7gd.medium_use1-az5': 20, 'm7gd.medium_use1-az6': 25, 'm7gd.metal_use1-az1': 5, 'm7gd.metal_use1-az2': 15, 'm7gd.metal_use1-az4': 1, 'm7gd.metal_use1-az6': 15, 'm7i-flex.8xlarge_use1-az4': 5, 'm7i-flex.large_use1-az1': 20, 'm7i-flex.large_use1-az2': 50, 'm7i-flex.large_use1-az4': 25, 'm7i-flex.large_use1-az5': 25, 'm7i-flex.xlarge_use1-az4': 50, 'm7i-flex.xlarge_use1-az5': 15, 'm7i.12xlarge_use1-az1': 1, 'm7i.12xlarge_use1-az2': 5, 'm7i.12xlarge_use1-az4': 15, 'm7i.12xlarge_use1-az6': 50, 'm7i.16xlarge_use1-az1': 5, 'm7i.16xlarge_use1-az2': 10, 'm7i.16xlarge_use1-az6': 50, 'm7i.24xlarge_use1-az2': 5, 'm7i.24xlarge_use1-az4': 5, 'm7i.24xlarge_use1-az6': 50, 'm7i.48xlarge_use1-az2': 5, 'm7i.48xlarge_use1-az6': 50, 'm7i.large_use1-az5': 1, 'm8g.12xlarge_use1-az2': 10, 'm8g.12xlarge_use1-az4': 10, 'm8g.12xlarge_use1-az5': 1, 'm8g.12xlarge_use1-az6': 35, 'm8g.16xlarge_use1-az2': 5, 'm8g.16xlarge_use1-az5': 5, 'm8g.16xlarge_use1-az6': 45, 'm8g.24xlarge_use1-az2': 5, 'm8g.24xlarge_use1-az4': 1, 'm8g.24xlarge_use1-az5': 1, 'm8g.24xlarge_use1-az6': 25, 'm8g.2xlarge_use1-az4': 10, 'm8g.2xlarge_use1-az5': 10, 'm8g.48xlarge_use1-az2': 5, 'm8g.48xlarge_use1-az4': 5, 'm8g.48xlarge_use1-az6': 20, 'm8g.4xlarge_use1-az2': 5, 'm8g.4xlarge_use1-az4': 5, 'm8g.4xlarge_use1-az5': 1, 'm8g.4xlarge_use1-az6': 40, 'm8g.8xlarge_use1-az2': 10, 'm8g.8xlarge_use1-az4': 20, 'm8g.8xlarge_use1-az5': 1, 'm8g.8xlarge_use1-az6': 40, 'm8g.large_use1-az2': 20, 'm8g.large_use1-az6': 45, 'm8g.medium_use1-az1': 1, 'm8g.medium_use1-az2': 15, 'm8g.metal-48xl_use1-az2': 5, 'm8g.metal-48xl_use1-az6': 25, 'm8g.xlarge_use1-az1': 1, 'm8g.xlarge_use1-az5': 15, 'm8g.xlarge_use1-az6': 50, 'm8gd.8xlarge_use1-az5': 1, 'm8gd.8xlarge_use1-az6': 5, 'm8gd.large_use1-az5': 1, 'm8gd.large_use1-az6': 1, 'm8gd.medium_use1-az6': 1, 'm8gd.xlarge_use1-az1': 1, 'm8gd.xlarge_use1-az5': 1, 'm8i-flex.8xlarge_use1-az6': 1, 'm8i-flex.large_use1-az2': 5, 'm8i.48xlarge_use1-az2': 1, 'm8i.48xlarge_use1-az6': 5, 'm8i.large_use1-az4': 25, 'm8i.metal-48xl_use1-az6': 1, 'm8i.metal-96xl_use1-az6': 1, 'r6a.12xlarge_use1-az6': 10, 'r6a.16xlarge_use1-az1': 5, 'r6a.16xlarge_use1-az2': 15, 'r6a.16xlarge_use1-az4': 30, 'r6a.16xlarge_use1-az5': 15, 'r6a.16xlarge_use1-az6': 40, 'r6a.24xlarge_use1-az2': 5, 'r6a.24xlarge_use1-az4': 1, 'r6a.24xlarge_use1-az5': 1, 'r6a.24xlarge_use1-az6': 5, 'r6a.32xlarge_use1-az2': 5, 'r6a.32xlarge_use1-az4': 5, 'r6a.32xlarge_use1-az5': 5, 'r6a.32xlarge_use1-az6': 5, 'r6a.48xlarge_use1-az2': 5, 'r6a.48xlarge_use1-az4': 5, 'r6a.48xlarge_use1-az5': 5, 'r6a.48xlarge_use1-az6': 1, 'r6a.8xlarge_use1-az1': 20, 'r6a.8xlarge_use1-az4': 50, 'r6a.8xlarge_use1-az5': 50, 'r6a.8xlarge_use1-az6': 50, 'r6a.large_use1-az5': 50, 'r6a.xlarge_use1-az1': 50, 'r6a.xlarge_use1-az2': 50, 'r6a.xlarge_use1-az4': 50, 'r6a.xlarge_use1-az5': 50, 'r6a.xlarge_use1-az6': 50, 'r6g.12xlarge_use1-az2': 50, 'r6g.12xlarge_use1-az4': 45, 'r6g.12xlarge_use1-az5': 10, 'r6g.12xlarge_use1-az6': 50, 'r6g.16xlarge_use1-az6': 50, 'r6g.8xlarge_use1-az4': 50, 'r6g.8xlarge_use1-az5': 50, 'r6g.8xlarge_use1-az6': 50, 'r6g.medium_use1-az5': 15, 'r6i.16xlarge_use1-az4': 10, 'r6i.16xlarge_use1-az5': 10, 'r6i.32xlarge_use1-az6': 1, 'r7a.16xlarge_use1-az6': 50, 'r7a.24xlarge_use1-az2': 10, 'r7a.24xlarge_use1-az4': 10, 'r7a.24xlarge_use1-az6': 35, 'r7a.32xlarge_use1-az2': 1, 'r7a.32xlarge_use1-az4': 1, 'r7a.32xlarge_use1-az6': 50, 'r7a.48xlarge_use1-az2': 5, 'r7a.48xlarge_use1-az4': 5, 'r7a.48xlarge_use1-az6': 50, 'r7a.8xlarge_use1-az2': 20, 'r7a.8xlarge_use1-az4': 50, 'r7a.8xlarge_use1-az6': 50, 'r7g.12xlarge_use1-az4': 50, 'r7g.12xlarge_use1-az5': 1, 'r7g.12xlarge_use1-az6': 5, 'r7g.16xlarge_use1-az1': 5, 'r7g.16xlarge_use1-az4': 50, 'r7g.16xlarge_use1-az5': 5, 'r7g.4xlarge_use1-az2': 5, 'r7g.4xlarge_use1-az4': 50, 'r7g.4xlarge_use1-az6': 15, 'r7g.medium_use1-az4': 50, 'r7g.medium_use1-az6': 50, 'r7g.xlarge_use1-az2': 50, 'r7g.xlarge_use1-az4': 50, 'r7g.xlarge_use1-az5': 10, 'r7g.xlarge_use1-az6': 50, 'r7gd.16xlarge_use1-az6': 50, 'r7i.16xlarge_use1-az1': 5, 'r7i.24xlarge_use1-az1': 1, 'r7i.24xlarge_use1-az2': 1, 'r7i.24xlarge_use1-az4': 5, 'r7i.24xlarge_use1-az6': 5, 'r7i.48xlarge_use1-az2': 1, 'r7i.8xlarge_use1-az1': 5, 'r7i.8xlarge_use1-az2': 25, 'r7i.8xlarge_use1-az4': 25, 'r7i.8xlarge_use1-az6': 50, 'r8g.12xlarge_use1-az2': 5, 'r8g.16xlarge_use1-az1': 1, 'r8g.16xlarge_use1-az2': 50, 'r8g.16xlarge_use1-az4': 50, 'r8g.16xlarge_use1-az5': 5, 'r8g.16xlarge_use1-az6': 50, 'r8g.24xlarge_use1-az2': 10, 'r8g.24xlarge_use1-az4': 5, 'r8g.24xlarge_use1-az5': 5, 'r8g.24xlarge_use1-az6': 35, 'r8g.48xlarge_use1-az2': 1, 'r8g.48xlarge_use1-az4': 5, 'r8g.48xlarge_use1-az6': 5, 'r8g.4xlarge_use1-az4': 35, 'r8g.4xlarge_use1-az6': 50, 'r8g.8xlarge_use1-az4': 15, 'r8g.8xlarge_use1-az6': 50, 'r8g.large_use1-az4': 15, 'r8g.large_use1-az5': 10, 'r8g.medium_use1-az1': 15, 'r8g.medium_use1-az2': 30, 'r8g.medium_use1-az4': 20, 'r8g.medium_use1-az5': 5, 'r8g.medium_use1-az6': 15, 'r8g.xlarge_use1-az2': 10, 'r8g.xlarge_use1-az4': 5, 'r8gb.metal-24xl_use1-az6': 1, 'r8gd.48xlarge_use1-az6': 50, 'r8gd.medium_use1-az1': 5, 'r8gd.medium_use1-az2': 5, 'r8gd.medium_use1-az5': 10, 'r8gd.metal-24xl_use1-az6': 1, 'r8gd.metal-48xl_use1-az6': 1, 'r8i-flex.large_use1-az2': 1, 'r8i-flex.large_use1-az6': 5, 't2.2xlarge_use1-az5': 50, 't2.medium_use1-az2': 50, 't2.medium_use1-az4': 50, 't2.xlarge_use1-az3': 20, 't3.2xlarge_use1-az5': 50, 't3a.2xlarge_use1-az5': 50, 't3a.large_use1-az2': 50, 't3a.xlarge_use1-az5': 15, 't4g.2xlarge_use1-az4': 5, 't4g.2xlarge_use1-az5': 10, 't4g.2xlarge_use1-az6': 10, 't4g.large_use1-az2': 15, 't4g.large_use1-az5': 25, 't4g.medium_use1-az5': 35, 't4g.xlarge_use1-az5': 5, 't4g.xlarge_use1-az6': 10, 'trn1.32xlarge_use1-az6': 50, 'x8g.24xlarge_use1-az4': 5, 'x8g.48xlarge_use1-az1': 1, 'x8g.48xlarge_use1-az2': 1, 'x8g.48xlarge_use1-az4': 10, 'x8g.metal-48xl_use1-az4': 1, 'x8g.metal-48xl_use1-az6': 1}"
0.41000000000000003,4713.277700000001,9196913490,1951277.662009291,322688,322588,"{'c6gd.12xlarge_use1-az2': 50, 'c6gd.12xlarge_use1-az4': 30, 'c6gd.16xlarge_use1-az2': 50, 'c6gd.16xlarge_use1-az4': 30, 'c6gd.16xlarge_use1-az6': 50, 'c6gd.2xlarge_use1-az2': 50, 'c6gd.2xlarge_use1-az4': 50, 'c6gd.2xlarge_use1-az6': 50, 'c8g.2xlarge_use1-az2': 5, 'c8g.metal-48xl_use1-az1': 1, 'c8g.metal-48xl_use1-az2': 1, 'c8g.metal-48xl_use1-az6': 50, 'f2.48xlarge_use1-az4': 5, 'f2.48xlarge_use1-az6': 1, 'g4dn.16xlarge_use1-az2': 10, 'g4dn.16xlarge_use1-az5': 5, 'g5g.16xlarge_use1-az6': 5, 'g6.16xlarge_use1-az1': 1, 'g6.16xlarge_use1-az2': 1, 'g6.16xlarge_use1-az4': 1, 'g6.16xlarge_use1-az6': 5, 'g6.48xlarge_use1-az6': 50, 'g6f.xlarge_use1-az2': 1, 'g6f.xlarge_use1-az4': 5, 'g6f.xlarge_use1-az6': 10, 'i7i.metal-24xl_use1-az6': 35, 'i8g.12xlarge_use1-az6': 1, 'i8ge.24xlarge_use1-az4': 1, 'i8ge.48xlarge_use1-az4': 5, 'i8ge.metal-24xl_use1-az4': 1, 'i8ge.metal-48xl_use1-az6': 1, 'inf2.24xlarge_use1-az4': 1, 'inf2.24xlarge_use1-az6': 10, 'inf2.48xlarge_use1-az6': 15, 'inf2.8xlarge_use1-az2': 5, 'inf2.8xlarge_use1-az4': 5, 'inf2.8xlarge_use1-az5': 1, 'inf2.8xlarge_use1-az6': 1, 'm5.16xlarge_use1-az2': 50, 'm5.16xlarge_use1-az4': 50, 'm5.16xlarge_use1-az5': 1, 'm5.16xlarge_use1-az6': 50, 'm5.24xlarge_use1-az1': 5, 'm5.24xlarge_use1-az2': 5, 'm5.24xlarge_use1-az5': 1, 'm5.24xlarge_use1-az6': 35, 'm5.8xlarge_use1-az1': 50, 'm6a.12xlarge_use1-az1': 5, 'm6a.12xlarge_use1-az4': 15, 'm6a.12xlarge_use1-az6': 10, 'm6a.16xlarge_use1-az1': 5, 'm6a.16xlarge_use1-az2': 5, 'm6a.16xlarge_use1-az4': 5, 'm6a.16xlarge_use1-az6': 5, 'm6a.24xlarge_use1-az1': 1, 'm6a.24xlarge_use1-az2': 1, 'm6a.24xlarge_use1-az4': 1, 'm6a.24xlarge_use1-az6': 1, 'm6a.2xlarge_use1-az5': 15, 'm6a.32xlarge_use1-az2': 1, 'm6a.32xlarge_use1-az4': 1, 'm6a.32xlarge_use1-az6': 1, 'm6a.48xlarge_use1-az2': 1, 'm6a.48xlarge_use1-az4': 1, 'm6a.48xlarge_use1-az6': 1, 'm6a.4xlarge_use1-az1': 45, 'm6a.4xlarge_use1-az5': 5, 'm6a.8xlarge_use1-az4': 50, 'm6a.large_use1-az5': 30, 'm6a.xlarge_use1-az1': 50, 'm6a.xlarge_use1-az2': 50, 'm6a.xlarge_use1-az4': 50, 'm6a.xlarge_use1-az5': 35, 'm6g.12xlarge_use1-az1': 1, 'm6g.12xlarge_use1-az2': 5, 'm6g.12xlarge_use1-az4': 50, 'm6g.12xlarge_use1-az6': 50, 'm6g.16xlarge_use1-az2': 5, 'm6g.16xlarge_use1-az4': 25, 'm6g.16xlarge_use1-az6': 50, 'm6g.4xlarge_use1-az6': 50, 'm6g.medium_use1-az4': 10, 'm6g.medium_use1-az5': 1, 'm6g.medium_use1-az6': 15, 'm6gd.12xlarge_use1-az2': 40, 'm6gd.12xlarge_use1-az5': 5, 'm6gd.8xlarge_use1-az4': 15, 'm6gd.medium_use1-az5': 5, 'm6i.12xlarge_use1-az1': 1, 'm6i.12xlarge_use1-az4': 50, 'm6i.12xlarge_use1-az5': 1, 'm6i.12xlarge_use1-az6': 30, 'm6i.24xlarge_use1-az2': 10, 'm6i.24xlarge_use1-az4': 5, 'm6i.24xlarge_use1-az5': 1, 'm6i.24xlarge_use1-az6': 50, 'm6i.32xlarge_use1-az6': 15, 'm6i.4xlarge_use1-az5': 50, 'm6i.8xlarge_use1-az6': 50, 'm6i.large_use1-az5': 50, 'm6id.12xlarge_use1-az4': 1, 'm6id.12xlarge_use1-az6': 1, 'm6id.16xlarge_use1-az1': 1, 'm6id.8xlarge_use1-az5': 1, 'm7a.16xlarge_use1-az2': 1, 'm7a.24xlarge_use1-az2': 1, 'm7a.24xlarge_use1-az6': 50, 'm7a.32xlarge_use1-az6': 20, 'm7a.48xlarge_use1-az6': 40, 'm7a.medium_use1-az1': 10, 'm7a.medium_use1-az2': 50, 'm7a.medium_use1-az4': 50, 'm7a.medium_use1-az6': 50, 'm7a.xlarge_use1-az2': 40, 'm7g.12xlarge_use1-az1': 1, 'm7g.12xlarge_use1-az2': 10, 'm7g.12xlarge_use1-az4': 45, 'm7g.12xlarge_use1-az5': 1, 'm7g.12xlarge_use1-az6': 50, 'm7g.16xlarge_use1-az1': 1, 'm7g.16xlarge_use1-az5': 1, 'm7g.16xlarge_use1-az6': 50, 'm7g.2xlarge_use1-az6': 50, 'm7g.8xlarge_use1-az1': 1, 'm7g.8xlarge_use1-az2': 15, 'm7g.8xlarge_use1-az4': 40, 'm7g.8xlarge_use1-az5': 1, 'm7g.8xlarge_use1-az6': 50, 'm7g.large_use1-az4': 50, 'm7g.large_use1-az5': 30, 'm7g.medium_use1-az1': 30, 'm7g.medium_use1-az2': 40, 'm7g.medium_use1-az4': 50, 'm7g.medium_use1-az5': 35, 'm7g.medium_use1-az6': 50, 'm7g.metal_use1-az1': 1, 'm7g.metal_use1-az2': 25, 'm7g.metal_use1-az4': 10, 'm7g.metal_use1-az5': 1, 'm7g.metal_use1-az6': 50, 'm7gd.12xlarge_use1-az4': 1, 'm7gd.12xlarge_use1-az6': 35, 'm7gd.2xlarge_use1-az2': 50, 'm7gd.medium_use1-az1': 15, 'm7gd.medium_use1-az2': 20, 'm7gd.medium_use1-az4': 15, 'm7gd.medium_use1-az5': 20, 'm7gd.medium_use1-az6': 25, 'm7gd.metal_use1-az1': 5, 'm7gd.metal_use1-az2': 15, 'm7gd.metal_use1-az4': 1, 'm7gd.metal_use1-az6': 15, 'm7i-flex.8xlarge_use1-az4': 5, 'm7i-flex.large_use1-az1': 20, 'm7i-flex.large_use1-az2': 50, 'm7i-flex.large_use1-az4': 25, 'm7i-flex.large_use1-az5': 25, 'm7i-flex.xlarge_use1-az4': 50, 'm7i-flex.xlarge_use1-az5': 15, 'm7i.12xlarge_use1-az1': 1, 'm7i.12xlarge_use1-az2': 5, 'm7i.12xlarge_use1-az4': 15, 'm7i.12xlarge_use1-az6': 50, 'm7i.16xlarge_use1-az1': 5, 'm7i.16xlarge_use1-az2': 10, 'm7i.16xlarge_use1-az4': 10, 'm7i.16xlarge_use1-az6': 50, 'm7i.24xlarge_use1-az2': 5, 'm7i.24xlarge_use1-az4': 5, 'm7i.24xlarge_use1-az6': 50, 'm7i.48xlarge_use1-az2': 5, 'm7i.48xlarge_use1-az4': 20, 'm7i.48xlarge_use1-az6': 50, 'm7i.large_use1-az2': 50, 'm7i.large_use1-az4': 50, 'm7i.large_use1-az5': 1, 'm7i.xlarge_use1-az4': 50, 'm8g.12xlarge_use1-az2': 10, 'm8g.12xlarge_use1-az4': 10, 'm8g.12xlarge_use1-az5': 1, 'm8g.12xlarge_use1-az6': 35, 'm8g.16xlarge_use1-az2': 5, 'm8g.16xlarge_use1-az5': 5, 'm8g.16xlarge_use1-az6': 45, 'm8g.24xlarge_use1-az2': 5, 'm8g.24xlarge_use1-az4': 1, 'm8g.24xlarge_use1-az5': 1, 'm8g.24xlarge_use1-az6': 25, 'm8g.2xlarge_use1-az4': 10, 'm8g.2xlarge_use1-az5': 10, 'm8g.48xlarge_use1-az2': 5, 'm8g.48xlarge_use1-az4': 5, 'm8g.48xlarge_use1-az6': 20, 'm8g.4xlarge_use1-az2': 5, 'm8g.4xlarge_use1-az4': 5, 'm8g.4xlarge_use1-az5': 1, 'm8g.4xlarge_use1-az6': 40, 'm8g.8xlarge_use1-az2': 10, 'm8g.8xlarge_use1-az4': 20, 'm8g.8xlarge_use1-az5': 1, 'm8g.8xlarge_use1-az6': 40, 'm8g.large_use1-az2': 20, 'm8g.large_use1-az6': 45, 'm8g.medium_use1-az1': 1, 'm8g.medium_use1-az2': 15, 'm8g.metal-48xl_use1-az2': 5, 'm8g.metal-48xl_use1-az6': 25, 'm8g.xlarge_use1-az1': 1, 'm8g.xlarge_use1-az5': 15, 'm8g.xlarge_use1-az6': 50, 'm8gd.8xlarge_use1-az5': 1, 'm8gd.8xlarge_use1-az6': 5, 'm8gd.large_use1-az5': 1, 'm8gd.large_use1-az6': 1, 'm8gd.medium_use1-az6': 1, 'm8gd.xlarge_use1-az1': 1, 'm8gd.xlarge_use1-az5': 1, 'm8i-flex.16xlarge_use1-az6': 5, 'm8i-flex.2xlarge_use1-az2': 10, 'm8i-flex.8xlarge_use1-az6': 1, 'm8i-flex.large_use1-az2': 5, 'm8i.48xlarge_use1-az2': 1, 'm8i.48xlarge_use1-az6': 5, 'm8i.96xlarge_use1-az6': 1, 'm8i.large_use1-az4': 25, 'm8i.metal-48xl_use1-az6': 1, 'm8i.metal-96xl_use1-az6': 1, 'm8i.xlarge_use1-az2': 30, 'r5.16xlarge_use1-az6': 5, 'r6a.12xlarge_use1-az6': 10, 'r6a.16xlarge_use1-az1': 5, 'r6a.16xlarge_use1-az2': 15, 'r6a.16xlarge_use1-az4': 30, 'r6a.16xlarge_use1-az5': 15, 'r6a.16xlarge_use1-az6': 40, 'r6a.24xlarge_use1-az2': 5, 'r6a.24xlarge_use1-az4': 1, 'r6a.24xlarge_use1-az5': 1, 'r6a.24xlarge_use1-az6': 5, 'r6a.32xlarge_use1-az2': 5, 'r6a.32xlarge_use1-az4': 5, 'r6a.32xlarge_use1-az5': 5, 'r6a.32xlarge_use1-az6': 5, 'r6a.48xlarge_use1-az2': 5, 'r6a.48xlarge_use1-az4': 5, 'r6a.48xlarge_use1-az5': 5, 'r6a.48xlarge_use1-az6': 1, 'r6a.8xlarge_use1-az1': 20, 'r6a.8xlarge_use1-az2': 50, 'r6a.8xlarge_use1-az4': 50, 'r6a.8xlarge_use1-az5': 50, 'r6a.8xlarge_use1-az6': 50, 'r6a.large_use1-az5': 50, 'r6a.xlarge_use1-az1': 50, 'r6a.xlarge_use1-az2': 50, 'r6a.xlarge_use1-az4': 50, 'r6a.xlarge_use1-az5': 50, 'r6a.xlarge_use1-az6': 50, 'r6g.12xlarge_use1-az2': 50, 'r6g.12xlarge_use1-az4': 45, 'r6g.12xlarge_use1-az5': 10, 'r6g.12xlarge_use1-az6': 50, 'r6g.16xlarge_use1-az6': 50, 'r6g.4xlarge_use1-az5': 50, 'r6g.8xlarge_use1-az4': 50, 'r6g.8xlarge_use1-az5': 50, 'r6g.8xlarge_use1-az6': 50, 'r6g.medium_use1-az5': 15, 'r6i.16xlarge_use1-az4': 10, 'r6i.16xlarge_use1-az5': 10, 'r6i.24xlarge_use1-az4': 10, 'r6i.32xlarge_use1-az4': 1, 'r6i.32xlarge_use1-az6': 1, 'r7a.12xlarge_use1-az6': 20, 'r7a.16xlarge_use1-az6': 50, 'r7a.24xlarge_use1-az2': 10, 'r7a.24xlarge_use1-az4': 10, 'r7a.24xlarge_use1-az6': 35, 'r7a.32xlarge_use1-az2': 1, 'r7a.32xlarge_use1-az4': 1, 'r7a.32xlarge_use1-az6': 50, 'r7a.48xlarge_use1-az2': 5, 'r7a.48xlarge_use1-az4': 5, 'r7a.48xlarge_use1-az6': 50, 'r7a.8xlarge_use1-az2': 20, 'r7a.8xlarge_use1-az4': 50, 'r7a.8xlarge_use1-az6': 50, 'r7g.12xlarge_use1-az4': 50, 'r7g.12xlarge_use1-az5': 1, 'r7g.12xlarge_use1-az6': 5, 'r7g.16xlarge_use1-az1': 5, 'r7g.16xlarge_use1-az4': 50, 'r7g.16xlarge_use1-az5': 5, 'r7g.4xlarge_use1-az2': 5, 'r7g.4xlarge_use1-az4': 50, 'r7g.4xlarge_use1-az6': 15, 'r7g.large_use1-az6': 40, 'r7g.medium_use1-az1': 50, 'r7g.medium_use1-az4': 50, 'r7g.medium_use1-az5': 25, 'r7g.medium_use1-az6': 50, 'r7g.xlarge_use1-az2': 50, 'r7g.xlarge_use1-az4': 50, 'r7g.xlarge_use1-az5': 10, 'r7g.xlarge_use1-az6': 50, 'r7gd.12xlarge_use1-az6': 50, 'r7gd.16xlarge_use1-az2': 50, 'r7gd.16xlarge_use1-az6': 50, 'r7gd.medium_use1-az1': 35, 'r7gd.medium_use1-az4': 25, 'r7gd.medium_use1-az5': 15, 'r7i.16xlarge_use1-az1': 5, 'r7i.24xlarge_use1-az1': 1, 'r7i.24xlarge_use1-az2': 1, 'r7i.24xlarge_use1-az4': 5, 'r7i.24xlarge_use1-az6': 5, 'r7i.48xlarge_use1-az2': 1, 'r7i.8xlarge_use1-az1': 5, 'r7i.8xlarge_use1-az2': 25, 'r7i.8xlarge_use1-az4': 25, 'r7i.8xlarge_use1-az6': 50, 'r8g.12xlarge_use1-az2': 5, 'r8g.16xlarge_use1-az1': 1, 'r8g.16xlarge_use1-az2': 50, 'r8g.16xlarge_use1-az4': 50, 'r8g.16xlarge_use1-az5': 5, 'r8g.16xlarge_use1-az6': 50, 'r8g.24xlarge_use1-az2': 10, 'r8g.24xlarge_use1-az4': 5, 'r8g.24xlarge_use1-az5': 5, 'r8g.24xlarge_use1-az6': 35, 'r8g.48xlarge_use1-az2': 1, 'r8g.48xlarge_use1-az4': 5, 'r8g.48xlarge_use1-az6': 5, 'r8g.4xlarge_use1-az4': 35, 'r8g.4xlarge_use1-az6': 50, 'r8g.8xlarge_use1-az2': 40, 'r8g.8xlarge_use1-az4': 15, 'r8g.8xlarge_use1-az6': 50, 'r8g.large_use1-az4': 15, 'r8g.large_use1-az5': 10, 'r8g.large_use1-az6': 20, 'r8g.medium_use1-az1': 15, 'r8g.medium_use1-az2': 30, 'r8g.medium_use1-az4': 20, 'r8g.medium_use1-az5': 5, 'r8g.medium_use1-az6': 15, 'r8g.xlarge_use1-az2': 10, 'r8g.xlarge_use1-az4': 5, 'r8g.xlarge_use1-az5': 5, 'r8g.xlarge_use1-az6': 10, 'r8gb.metal-24xl_use1-az6': 1, 'r8gd.24xlarge_use1-az6': 25, 'r8gd.48xlarge_use1-az6': 50, 'r8gd.medium_use1-az1': 5, 'r8gd.medium_use1-az2': 5, 'r8gd.medium_use1-az4': 5, 'r8gd.medium_use1-az5': 10, 'r8gd.metal-24xl_use1-az6': 1, 'r8gd.metal-48xl_use1-az6': 1, 'r8gn.metal-24xl_use1-az2': 1, 'r8i-flex.large_use1-az2': 1, 'r8i-flex.large_use1-az6': 5, 't2.2xlarge_use1-az3': 15, 't2.2xlarge_use1-az4': 50, 't2.2xlarge_use1-az5': 50, 't2.2xlarge_use1-az6': 50, 't2.medium_use1-az2': 50, 't2.medium_use1-az4': 50, 't2.medium_use1-az6': 50, 't2.xlarge_use1-az3': 20, 't3.2xlarge_use1-az5': 50, 't3a.2xlarge_use1-az5': 50, 't3a.large_use1-az2': 50, 't3a.xlarge_use1-az5': 15, 't4g.2xlarge_use1-az4': 5, 't4g.2xlarge_use1-az5': 10, 't4g.2xlarge_use1-az6': 10, 't4g.large_use1-az2': 15, 't4g.large_use1-az5': 25, 't4g.large_use1-az6': 35, 't4g.medium_use1-az5': 35, 't4g.xlarge_use1-az5': 5, 't4g.xlarge_use1-az6': 10, 'trn1.32xlarge_use1-az6': 50, 'x8g.24xlarge_use1-az4': 5, 'x8g.48xlarge_use1-az1': 1, 'x8g.48xlarge_use1-az2': 1, 'x8g.48xlarge_use1-az4': 10, 'x8g.metal-48xl_use1-az4': 1, 'x8g.metal-48xl_use1-az6': 1}"
0.42,5217.933199999998,9981240760,1912872.468377309,352079,351979,"{'c6gd.12xlarge_use1-az2': 50, 'c6gd.12xlarge_use1-az4': 30, 'c6gd.16xlarge_use1-az2': 50, 'c6gd.16xlarge_use1-az4': 30, 'c6gd.16xlarge_use1-az6': 50, 'c6gd.2xlarge_use1-az2': 50, 'c6gd.2xlarge_use1-az4': 50, 'c6gd.2xlarge_use1-az6': 50, 'c8g.16xlarge_use1-az1': 10, 'c8g.2xlarge_use1-az2': 5, 'c8g.metal-48xl_use1-az1': 1, 'c8g.metal-48xl_use1-az2': 1, 'c8g.metal-48xl_use1-az6': 50, 'c8i.metal-96xl_use1-az6': 5, 'f2.48xlarge_use1-az4': 5, 'f2.48xlarge_use1-az6': 1, 'g4dn.16xlarge_use1-az2': 10, 'g4dn.16xlarge_use1-az5': 5, 'g5g.16xlarge_use1-az6': 5, 'g6.16xlarge_use1-az1': 1, 'g6.16xlarge_use1-az2': 1, 'g6.16xlarge_use1-az4': 1, 'g6.16xlarge_use1-az6': 5, 'g6.48xlarge_use1-az4': 30, 'g6.48xlarge_use1-az6': 50, 'g6f.xlarge_use1-az2': 1, 'g6f.xlarge_use1-az4': 5, 'g6f.xlarge_use1-az6': 10, 'i7i.metal-24xl_use1-az6': 35, 'i8g.12xlarge_use1-az6': 1, 'i8g.24xlarge_use1-az6': 10, 'i8ge.24xlarge_use1-az4': 1, 'i8ge.48xlarge_use1-az4': 5, 'i8ge.metal-24xl_use1-az4': 1, 'i8ge.metal-48xl_use1-az6': 1, 'inf2.24xlarge_use1-az4': 1, 'inf2.24xlarge_use1-az6': 10, 'inf2.48xlarge_use1-az6': 15, 'inf2.8xlarge_use1-az2': 5, 'inf2.8xlarge_use1-az4': 5, 'inf2.8xlarge_use1-az5': 1, 'inf2.8xlarge_use1-az6': 1, 'm5.12xlarge_use1-az5': 1, 'm5.16xlarge_use1-az2': 50, 'm5.16xlarge_use1-az4': 50, 'm5.16xlarge_use1-az5': 1, 'm5.16xlarge_use1-az6': 50, 'm5.24xlarge_use1-az1': 5, 'm5.24xlarge_use1-az2': 5, 'm5.24xlarge_use1-az4': 5, 'm5.24xlarge_use1-az5': 1, 'm5.24xlarge_use1-az6': 35, 'm5.8xlarge_use1-az1': 50, 'm6a.12xlarge_use1-az1': 5, 'm6a.12xlarge_use1-az4': 15, 'm6a.12xlarge_use1-az6': 10, 'm6a.16xlarge_use1-az1': 5, 'm6a.16xlarge_use1-az2': 5, 'm6a.16xlarge_use1-az4': 5, 'm6a.16xlarge_use1-az6': 5, 'm6a.24xlarge_use1-az1': 1, 'm6a.24xlarge_use1-az2': 1, 'm6a.24xlarge_use1-az4': 1, 'm6a.24xlarge_use1-az6': 1, 'm6a.2xlarge_use1-az5': 15, 'm6a.32xlarge_use1-az2': 1, 'm6a.32xlarge_use1-az4': 1, 'm6a.32xlarge_use1-az6': 1, 'm6a.48xlarge_use1-az2': 1, 'm6a.48xlarge_use1-az4': 1, 'm6a.48xlarge_use1-az6': 1, 'm6a.4xlarge_use1-az1': 45, 'm6a.4xlarge_use1-az5': 5, 'm6a.8xlarge_use1-az1': 25, 'm6a.8xlarge_use1-az4': 50, 'm6a.8xlarge_use1-az5': 10, 'm6a.large_use1-az1': 50, 'm6a.large_use1-az5': 30, 'm6a.xlarge_use1-az1': 50, 'm6a.xlarge_use1-az2': 50, 'm6a.xlarge_use1-az4': 50, 'm6a.xlarge_use1-az5': 35, 'm6g.12xlarge_use1-az1': 1, 'm6g.12xlarge_use1-az2': 5, 'm6g.12xlarge_use1-az4': 50, 'm6g.12xlarge_use1-az6': 50, 'm6g.16xlarge_use1-az2': 5, 'm6g.16xlarge_use1-az4': 25, 'm6g.16xlarge_use1-az6': 50, 'm6g.4xlarge_use1-az6': 50, 'm6g.8xlarge_use1-az4': 50, 'm6g.medium_use1-az4': 10, 'm6g.medium_use1-az5': 1, 'm6g.medium_use1-az6': 15, 'm6gd.12xlarge_use1-az2': 40, 'm6gd.12xlarge_use1-az5': 5, 'm6gd.12xlarge_use1-az6': 50, 'm6gd.8xlarge_use1-az4': 15, 'm6gd.medium_use1-az5': 5, 'm6i.12xlarge_use1-az1': 1, 'm6i.12xlarge_use1-az4': 50, 'm6i.12xlarge_use1-az5': 1, 'm6i.12xlarge_use1-az6': 30, 'm6i.24xlarge_use1-az2': 10, 'm6i.24xlarge_use1-az4': 5, 'm6i.24xlarge_use1-az5': 1, 'm6i.24xlarge_use1-az6': 50, 'm6i.32xlarge_use1-az6': 15, 'm6i.4xlarge_use1-az5': 50, 'm6i.8xlarge_use1-az6': 50, 'm6i.large_use1-az5': 50, 'm6id.12xlarge_use1-az4': 1, 'm6id.12xlarge_use1-az6': 1, 'm6id.16xlarge_use1-az1': 1, 'm6id.24xlarge_use1-az5': 5, 'm6id.8xlarge_use1-az5': 1, 'm7a.16xlarge_use1-az2': 1, 'm7a.24xlarge_use1-az2': 1, 'm7a.24xlarge_use1-az6': 50, 'm7a.32xlarge_use1-az6': 20, 'm7a.48xlarge_use1-az6': 40, 'm7a.large_use1-az2': 50, 'm7a.large_use1-az4': 50, 'm7a.large_use1-az6': 50, 'm7a.medium_use1-az1': 10, 'm7a.medium_use1-az2': 50, 'm7a.medium_use1-az4': 50, 'm7a.medium_use1-az6': 50, 'm7a.xlarge_use1-az2': 40, 'm7a.xlarge_use1-az4': 50, 'm7g.12xlarge_use1-az1': 1, 'm7g.12xlarge_use1-az2': 10, 'm7g.12xlarge_use1-az4': 45, 'm7g.12xlarge_use1-az5': 1, 'm7g.12xlarge_use1-az6': 50, 'm7g.16xlarge_use1-az1': 1, 'm7g.16xlarge_use1-az2': 30, 'm7g.16xlarge_use1-az5': 1, 'm7g.16xlarge_use1-az6': 50, 'm7g.2xlarge_use1-az4': 50, 'm7g.2xlarge_use1-az6': 50, 'm7g.8xlarge_use1-az1': 1, 'm7g.8xlarge_use1-az2': 15, 'm7g.8xlarge_use1-az4': 40, 'm7g.8xlarge_use1-az5': 1, 'm7g.8xlarge_use1-az6': 50, 'm7g.large_use1-az4': 50, 'm7g.large_use1-az5': 30, 'm7g.medium_use1-az1': 30, 'm7g.medium_use1-az2': 40, 'm7g.medium_use1-az4': 50, 'm7g.medium_use1-az5': 35, 'm7g.medium_use1-az6': 50, 'm7g.metal_use1-az1': 1, 'm7g.metal_use1-az2': 25, 'm7g.metal_use1-az4': 10, 'm7g.metal_use1-az5': 1, 'm7g.metal_use1-az6': 50, 'm7g.xlarge_use1-az5': 50, 'm7g.xlarge_use1-az6': 50, 'm7gd.12xlarge_use1-az2': 10, 'm7gd.12xlarge_use1-az4': 1, 'm7gd.12xlarge_use1-az6': 35, 'm7gd.2xlarge_use1-az2': 50, 'm7gd.medium_use1-az1': 15, 'm7gd.medium_use1-az2': 20, 'm7gd.medium_use1-az4': 15, 'm7gd.medium_use1-az5': 20, 'm7gd.medium_use1-az6': 25, 'm7gd.metal_use1-az1': 5, 'm7gd.metal_use1-az2': 15, 'm7gd.metal_use1-az4': 1, 'm7gd.metal_use1-az6': 15, 'm7gd.xlarge_use1-az5': 1, 'm7i-flex.8xlarge_use1-az4': 5, 'm7i-flex.8xlarge_use1-az5': 1, 'm7i-flex.large_use1-az1': 20, 'm7i-flex.large_use1-az2': 50, 'm7i-flex.large_use1-az4': 25, 'm7i-flex.large_use1-az5': 25, 'm7i-flex.xlarge_use1-az2': 50, 'm7i-flex.xlarge_use1-az4': 50, 'm7i-flex.xlarge_use1-az5': 15, 'm7i.12xlarge_use1-az1': 1, 'm7i.12xlarge_use1-az2': 5, 'm7i.12xlarge_use1-az4': 15, 'm7i.12xlarge_use1-az6': 50, 'm7i.16xlarge_use1-az1': 5, 'm7i.16xlarge_use1-az2': 10, 'm7i.16xlarge_use1-az4': 10, 'm7i.16xlarge_use1-az6': 50, 'm7i.24xlarge_use1-az2': 5, 'm7i.24xlarge_use1-az4': 5, 'm7i.24xlarge_use1-az6': 50, 'm7i.2xlarge_use1-az2': 50, 'm7i.48xlarge_use1-az1': 1, 'm7i.48xlarge_use1-az2': 5, 'm7i.48xlarge_use1-az4': 20, 'm7i.48xlarge_use1-az6': 50, 'm7i.large_use1-az2': 50, 'm7i.large_use1-az4': 50, 'm7i.large_use1-az5': 1, 'm7i.xlarge_use1-az4': 50, 'm8g.12xlarge_use1-az2': 10, 'm8g.12xlarge_use1-az4': 10, 'm8g.12xlarge_use1-az5': 1, 'm8g.12xlarge_use1-az6': 35, 'm8g.16xlarge_use1-az2': 5, 'm8g.16xlarge_use1-az5': 5, 'm8g.16xlarge_use1-az6': 45, 'm8g.24xlarge_use1-az2': 5, 'm8g.24xlarge_use1-az4': 1, 'm8g.24xlarge_use1-az5': 1, 'm8g.24xlarge_use1-az6': 25, 'm8g.2xlarge_use1-az4': 10, 'm8g.2xlarge_use1-az5': 10, 'm8g.48xlarge_use1-az2': 5, 'm8g.48xlarge_use1-az4': 5, 'm8g.48xlarge_use1-az6': 20, 'm8g.4xlarge_use1-az2': 5, 'm8g.4xlarge_use1-az4': 5, 'm8g.4xlarge_use1-az5': 1, 'm8g.4xlarge_use1-az6': 40, 'm8g.8xlarge_use1-az2': 10, 'm8g.8xlarge_use1-az4': 20, 'm8g.8xlarge_use1-az5': 1, 'm8g.8xlarge_use1-az6': 40, 'm8g.large_use1-az2': 20, 'm8g.large_use1-az6': 45, 'm8g.medium_use1-az1': 1, 'm8g.medium_use1-az2': 15, 'm8g.metal-48xl_use1-az2': 5, 'm8g.metal-48xl_use1-az6': 25, 'm8g.xlarge_use1-az1': 1, 'm8g.xlarge_use1-az5': 15, 'm8g.xlarge_use1-az6': 50, 'm8gd.8xlarge_use1-az5': 1, 'm8gd.8xlarge_use1-az6': 5, 'm8gd.large_use1-az5': 1, 'm8gd.large_use1-az6': 1, 'm8gd.medium_use1-az6': 1, 'm8gd.xlarge_use1-az1': 1, 'm8gd.xlarge_use1-az5': 1, 'm8i-flex.16xlarge_use1-az6': 5, 'm8i-flex.2xlarge_use1-az2': 10, 'm8i-flex.2xlarge_use1-az6': 50, 'm8i-flex.8xlarge_use1-az6': 1, 'm8i-flex.large_use1-az2': 5, 'm8i.48xlarge_use1-az2': 1, 'm8i.48xlarge_use1-az6': 5, 'm8i.96xlarge_use1-az6': 1, 'm8i.large_use1-az4': 25, 'm8i.metal-48xl_use1-az6': 1, 'm8i.metal-96xl_use1-az6': 1, 'm8i.xlarge_use1-az2': 30, 'r5.16xlarge_use1-az1': 5, 'r5.16xlarge_use1-az6': 5, 'r6a.12xlarge_use1-az6': 10, 'r6a.16xlarge_use1-az1': 5, 'r6a.16xlarge_use1-az2': 15, 'r6a.16xlarge_use1-az4': 30, 'r6a.16xlarge_use1-az5': 15, 'r6a.16xlarge_use1-az6': 40, 'r6a.24xlarge_use1-az2': 5, 'r6a.24xlarge_use1-az4': 1, 'r6a.24xlarge_use1-az5': 1, 'r6a.24xlarge_use1-az6': 5, 'r6a.32xlarge_use1-az2': 5, 'r6a.32xlarge_use1-az4': 5, 'r6a.32xlarge_use1-az5': 5, 'r6a.32xlarge_use1-az6': 5, 'r6a.48xlarge_use1-az2': 5, 'r6a.48xlarge_use1-az4': 5, 'r6a.48xlarge_use1-az5': 5, 'r6a.48xlarge_use1-az6': 1, 'r6a.8xlarge_use1-az1': 20, 'r6a.8xlarge_use1-az2': 50, 'r6a.8xlarge_use1-az4': 50, 'r6a.8xlarge_use1-az5': 50, 'r6a.8xlarge_use1-az6': 50, 'r6a.large_use1-az5': 50, 'r6a.xlarge_use1-az1': 50, 'r6a.xlarge_use1-az2': 50, 'r6a.xlarge_use1-az4': 50, 'r6a.xlarge_use1-az5': 50, 'r6a.xlarge_use1-az6': 50, 'r6g.12xlarge_use1-az2': 50, 'r6g.12xlarge_use1-az4': 45, 'r6g.12xlarge_use1-az5': 10, 'r6g.12xlarge_use1-az6': 50, 'r6g.16xlarge_use1-az6': 50, 'r6g.4xlarge_use1-az5': 50, 'r6g.8xlarge_use1-az4': 50, 'r6g.8xlarge_use1-az5': 50, 'r6g.8xlarge_use1-az6': 50, 'r6g.medium_use1-az2': 10, 'r6g.medium_use1-az5': 15, 'r6i.16xlarge_use1-az4': 10, 'r6i.16xlarge_use1-az5': 10, 'r6i.24xlarge_use1-az4': 10, 'r6i.24xlarge_use1-az6': 5, 'r6i.32xlarge_use1-az4': 1, 'r6i.32xlarge_use1-az6': 1, 'r7a.12xlarge_use1-az6': 20, 'r7a.16xlarge_use1-az6': 50, 'r7a.24xlarge_use1-az2': 10, 'r7a.24xlarge_use1-az4': 10, 'r7a.24xlarge_use1-az6': 35, 'r7a.32xlarge_use1-az2': 1, 'r7a.32xlarge_use1-az4': 1, 'r7a.32xlarge_use1-az6': 50, 'r7a.48xlarge_use1-az2': 5, 'r7a.48xlarge_use1-az4': 5, 'r7a.48xlarge_use1-az6': 50, 'r7a.8xlarge_use1-az2': 20, 'r7a.8xlarge_use1-az4': 50, 'r7a.8xlarge_use1-az6': 50, 'r7g.12xlarge_use1-az2': 5, 'r7g.12xlarge_use1-az4': 50, 'r7g.12xlarge_use1-az5': 1, 'r7g.12xlarge_use1-az6': 5, 'r7g.16xlarge_use1-az1': 5, 'r7g.16xlarge_use1-az4': 50, 'r7g.16xlarge_use1-az5': 5, 'r7g.16xlarge_use1-az6': 50, 'r7g.4xlarge_use1-az2': 5, 'r7g.4xlarge_use1-az4': 50, 'r7g.4xlarge_use1-az6': 15, 'r7g.large_use1-az4': 50, 'r7g.large_use1-az6': 40, 'r7g.medium_use1-az1': 50, 'r7g.medium_use1-az2': 50, 'r7g.medium_use1-az4': 50, 'r7g.medium_use1-az5': 25, 'r7g.medium_use1-az6': 50, 'r7g.xlarge_use1-az2': 50, 'r7g.xlarge_use1-az4': 50, 'r7g.xlarge_use1-az5': 10, 'r7g.xlarge_use1-az6': 50, 'r7gd.12xlarge_use1-az4': 35, 'r7gd.12xlarge_use1-az6': 50, 'r7gd.16xlarge_use1-az2': 50, 'r7gd.16xlarge_use1-az6': 50, 'r7gd.medium_use1-az1': 35, 'r7gd.medium_use1-az2': 15, 'r7gd.medium_use1-az4': 25, 'r7gd.medium_use1-az5': 15, 'r7gd.medium_use1-az6': 20, 'r7i.16xlarge_use1-az1': 5, 'r7i.16xlarge_use1-az5': 5, 'r7i.24xlarge_use1-az1': 1, 'r7i.24xlarge_use1-az2': 1, 'r7i.24xlarge_use1-az4': 5, 'r7i.24xlarge_use1-az6': 5, 'r7i.48xlarge_use1-az2': 1, 'r7i.8xlarge_use1-az1': 5, 'r7i.8xlarge_use1-az2': 25, 'r7i.8xlarge_use1-az4': 25, 'r7i.8xlarge_use1-az6': 50, 'r8g.12xlarge_use1-az2': 5, 'r8g.12xlarge_use1-az6': 15, 'r8g.16xlarge_use1-az1': 1, 'r8g.16xlarge_use1-az2': 50, 'r8g.16xlarge_use1-az4': 50, 'r8g.16xlarge_use1-az5': 5, 'r8g.16xlarge_use1-az6': 50, 'r8g.24xlarge_use1-az2': 10, 'r8g.24xlarge_use1-az4': 5, 'r8g.24xlarge_use1-az5': 5, 'r8g.24xlarge_use1-az6': 35, 'r8g.48xlarge_use1-az2': 1, 'r8g.48xlarge_use1-az4': 5, 'r8g.48xlarge_use1-az6': 5, 'r8g.4xlarge_use1-az4': 35, 'r8g.4xlarge_use1-az6': 50, 'r8g.8xlarge_use1-az2': 40, 'r8g.8xlarge_use1-az4': 15, 'r8g.8xlarge_use1-az6': 50, 'r8g.large_use1-az2': 30, 'r8g.large_use1-az4': 15, 'r8g.large_use1-az5': 10, 'r8g.large_use1-az6': 20, 'r8g.medium_use1-az1': 15, 'r8g.medium_use1-az2': 30, 'r8g.medium_use1-az4': 20, 'r8g.medium_use1-az5': 5, 'r8g.medium_use1-az6': 15, 'r8g.xlarge_use1-az2': 10, 'r8g.xlarge_use1-az4': 5, 'r8g.xlarge_use1-az5': 5, 'r8g.xlarge_use1-az6': 10, 'r8gb.metal-24xl_use1-az6': 1, 'r8gd.24xlarge_use1-az6': 25, 'r8gd.48xlarge_use1-az6': 50, 'r8gd.large_use1-az2': 50, 'r8gd.large_use1-az5': 1, 'r8gd.medium_use1-az1': 5, 'r8gd.medium_use1-az2': 5, 'r8gd.medium_use1-az4': 5, 'r8gd.medium_use1-az5': 10, 'r8gd.metal-24xl_use1-az6': 1, 'r8gd.metal-48xl_use1-az6': 1, 'r8gn.metal-24xl_use1-az2': 1, 'r8i-flex.2xlarge_use1-az6': 5, 'r8i-flex.large_use1-az2': 1, 'r8i-flex.large_use1-az6': 5, 'r8i.96xlarge_use1-az2': 1, 'r8i.96xlarge_use1-az6': 1, 't2.2xlarge_use1-az3': 15, 't2.2xlarge_use1-az4': 50, 't2.2xlarge_use1-az5': 50, 't2.2xlarge_use1-az6': 50, 't2.medium_use1-az2': 50, 't2.medium_use1-az4': 50, 't2.medium_use1-az5': 50, 't2.medium_use1-az6': 50, 't2.xlarge_use1-az3': 20, 't3.2xlarge_use1-az2': 50, 't3.2xlarge_use1-az4': 50, 't3.2xlarge_use1-az5': 50, 't3.2xlarge_use1-az6': 50, 't3a.2xlarge_use1-az2': 50, 't3a.2xlarge_use1-az5': 50, 't3a.large_use1-az2': 50, 't3a.xlarge_use1-az2': 50, 't3a.xlarge_use1-az5': 15, 't3a.xlarge_use1-az6': 50, 't4g.2xlarge_use1-az4': 5, 't4g.2xlarge_use1-az5': 10, 't4g.2xlarge_use1-az6': 10, 't4g.large_use1-az2': 15, 't4g.large_use1-az5': 25, 't4g.large_use1-az6': 35, 't4g.medium_use1-az5': 35, 't4g.xlarge_use1-az2': 15, 't4g.xlarge_use1-az5': 5, 't4g.xlarge_use1-az6': 10, 'trn1.32xlarge_use1-az6': 50, 'x8g.24xlarge_use1-az4': 5, 'x8g.48xlarge_use1-az1': 1, 'x8g.48xlarge_use1-az2': 1, 'x8g.48xlarge_use1-az4': 10, 'x8g.metal-48xl_use1-az4': 1, 'x8g.metal-48xl_use1-az6': 1}"
0.43,5809.974199999994,10860875283,1869350.002265151,386234,386134,"{'c6gd.12xlarge_use1-az2': 50, 'c6gd.12xlarge_use1-az4': 30, 'c6gd.16xlarge_use1-az2': 50, 'c6gd.16xlarge_use1-az4': 30, 'c6gd.16xlarge_use1-az6': 50, 'c6gd.2xlarge_use1-az2': 50, 'c6gd.2xlarge_use1-az4': 50, 'c6gd.2xlarge_use1-az6': 50, 'c7g.12xlarge_use1-az1': 15, 'c8g.12xlarge_use1-az4': 1, 'c8g.16xlarge_use1-az1': 10, 'c8g.24xlarge_use1-az1': 5, 'c8g.24xlarge_use1-az4': 1, 'c8g.2xlarge_use1-az2': 5, 'c8g.48xlarge_use1-az1': 1, 'c8g.48xlarge_use1-az2': 5, 'c8g.48xlarge_use1-az6': 50, 'c8g.metal-48xl_use1-az1': 1, 'c8g.metal-48xl_use1-az2': 1, 'c8g.metal-48xl_use1-az6': 50, 'c8i.metal-96xl_use1-az6': 5, 'f2.48xlarge_use1-az4': 5, 'f2.48xlarge_use1-az6': 1, 'g4ad.16xlarge_use1-az6': 10, 'g4dn.16xlarge_use1-az2': 10, 'g4dn.16xlarge_use1-az5': 5, 'g4dn.16xlarge_use1-az6': 15, 'g5g.16xlarge_use1-az6': 5, 'g6.16xlarge_use1-az1': 1, 'g6.16xlarge_use1-az2': 1, 'g6.16xlarge_use1-az4': 1, 'g6.16xlarge_use1-az6': 5, 'g6.48xlarge_use1-az4': 30, 'g6.48xlarge_use1-az6': 50, 'g6f.xlarge_use1-az2': 1, 'g6f.xlarge_use1-az4': 5, 'g6f.xlarge_use1-az6': 10, 'i7i.metal-24xl_use1-az6': 35, 'i8g.12xlarge_use1-az6': 1, 'i8g.24xlarge_use1-az6': 10, 'i8ge.24xlarge_use1-az4': 1, 'i8ge.48xlarge_use1-az4': 5, 'i8ge.metal-24xl_use1-az4': 1, 'i8ge.metal-48xl_use1-az6': 1, 'inf2.24xlarge_use1-az4': 1, 'inf2.24xlarge_use1-az6': 10, 'inf2.48xlarge_use1-az6': 15, 'inf2.8xlarge_use1-az2': 5, 'inf2.8xlarge_use1-az4': 5, 'inf2.8xlarge_use1-az5': 1, 'inf2.8xlarge_use1-az6': 1, 'm5.12xlarge_use1-az5': 1, 'm5.16xlarge_use1-az2': 50, 'm5.16xlarge_use1-az4': 50, 'm5.16xlarge_use1-az5': 1, 'm5.16xlarge_use1-az6': 50, 'm5.24xlarge_use1-az1': 5, 'm5.24xlarge_use1-az2': 5, 'm5.24xlarge_use1-az4': 5, 'm5.24xlarge_use1-az5': 1, 'm5.24xlarge_use1-az6': 35, 'm5.8xlarge_use1-az1': 50, 'm5.8xlarge_use1-az6': 50, 'm6a.12xlarge_use1-az1': 5, 'm6a.12xlarge_use1-az4': 15, 'm6a.12xlarge_use1-az6': 10, 'm6a.16xlarge_use1-az1': 5, 'm6a.16xlarge_use1-az2': 5, 'm6a.16xlarge_use1-az4': 5, 'm6a.16xlarge_use1-az6': 5, 'm6a.24xlarge_use1-az1': 1, 'm6a.24xlarge_use1-az2': 1, 'm6a.24xlarge_use1-az4': 1, 'm6a.24xlarge_use1-az6': 1, 'm6a.2xlarge_use1-az2': 35, 'm6a.2xlarge_use1-az5': 15, 'm6a.32xlarge_use1-az2': 1, 'm6a.32xlarge_use1-az4': 1, 'm6a.32xlarge_use1-az6': 1, 'm6a.48xlarge_use1-az2': 1, 'm6a.48xlarge_use1-az4': 1, 'm6a.48xlarge_use1-az6': 1, 'm6a.4xlarge_use1-az1': 45, 'm6a.4xlarge_use1-az5': 5, 'm6a.8xlarge_use1-az1': 25, 'm6a.8xlarge_use1-az4': 50, 'm6a.8xlarge_use1-az5': 10, 'm6a.large_use1-az1': 50, 'm6a.large_use1-az4': 50, 'm6a.large_use1-az5': 30, 'm6a.xlarge_use1-az1': 50, 'm6a.xlarge_use1-az2': 50, 'm6a.xlarge_use1-az4': 50, 'm6a.xlarge_use1-az5': 35, 'm6g.12xlarge_use1-az1': 1, 'm6g.12xlarge_use1-az2': 5, 'm6g.12xlarge_use1-az4': 50, 'm6g.12xlarge_use1-az6': 50, 'm6g.16xlarge_use1-az1': 1, 'm6g.16xlarge_use1-az2': 5, 'm6g.16xlarge_use1-az4': 25, 'm6g.16xlarge_use1-az6': 50, 'm6g.4xlarge_use1-az6': 50, 'm6g.8xlarge_use1-az4': 50, 'm6g.medium_use1-az2': 5, 'm6g.medium_use1-az4': 10, 'm6g.medium_use1-az5': 1, 'm6g.medium_use1-az6': 15, 'm6gd.12xlarge_use1-az2': 40, 'm6gd.12xlarge_use1-az5': 5, 'm6gd.12xlarge_use1-az6': 50, 'm6gd.8xlarge_use1-az4': 15, 'm6gd.8xlarge_use1-az5': 1, 'm6gd.medium_use1-az5': 5, 'm6i.12xlarge_use1-az1': 1, 'm6i.12xlarge_use1-az4': 50, 'm6i.12xlarge_use1-az5': 1, 'm6i.12xlarge_use1-az6': 30, 'm6i.24xlarge_use1-az2': 10, 'm6i.24xlarge_use1-az4': 5, 'm6i.24xlarge_use1-az5': 1, 'm6i.24xlarge_use1-az6': 50, 'm6i.32xlarge_use1-az6': 15, 'm6i.4xlarge_use1-az5': 50, 'm6i.8xlarge_use1-az2': 50, 'm6i.8xlarge_use1-az5': 20, 'm6i.8xlarge_use1-az6': 50, 'm6i.large_use1-az5': 50, 'm6id.12xlarge_use1-az2': 1, 'm6id.12xlarge_use1-az4': 1, 'm6id.12xlarge_use1-az6': 1, 'm6id.16xlarge_use1-az1': 1, 'm6id.24xlarge_use1-az5': 5, 'm6id.8xlarge_use1-az5': 1, 'm6in.large_use1-az5': 1, 'm7a.16xlarge_use1-az2': 1, 'm7a.24xlarge_use1-az2': 1, 'm7a.24xlarge_use1-az6': 50, 'm7a.32xlarge_use1-az6': 20, 'm7a.48xlarge_use1-az6': 40, 'm7a.8xlarge_use1-az1': 1, 'm7a.large_use1-az2': 50, 'm7a.large_use1-az4': 50, 'm7a.large_use1-az6': 50, 'm7a.medium_use1-az1': 10, 'm7a.medium_use1-az2': 50, 'm7a.medium_use1-az4': 50, 'm7a.medium_use1-az6': 50, 'm7a.xlarge_use1-az2': 40, 'm7a.xlarge_use1-az4': 50, 'm7g.12xlarge_use1-az1': 1, 'm7g.12xlarge_use1-az2': 10, 'm7g.12xlarge_use1-az4': 45, 'm7g.12xlarge_use1-az5': 1, 'm7g.12xlarge_use1-az6': 50, 'm7g.16xlarge_use1-az1': 1, 'm7g.16xlarge_use1-az2': 30, 'm7g.16xlarge_use1-az4': 35, 'm7g.16xlarge_use1-az5': 1, 'm7g.16xlarge_use1-az6': 50, 'm7g.2xlarge_use1-az4': 50, 'm7g.2xlarge_use1-az6': 50, 'm7g.4xlarge_use1-az6': 50, 'm7g.8xlarge_use1-az1': 1, 'm7g.8xlarge_use1-az2': 15, 'm7g.8xlarge_use1-az4': 40, 'm7g.8xlarge_use1-az5': 1, 'm7g.8xlarge_use1-az6': 50, 'm7g.large_use1-az4': 50, 'm7g.large_use1-az5': 30, 'm7g.medium_use1-az1': 30, 'm7g.medium_use1-az2': 40, 'm7g.medium_use1-az4': 50, 'm7g.medium_use1-az5': 35, 'm7g.medium_use1-az6': 50, 'm7g.metal_use1-az1': 1, 'm7g.metal_use1-az2': 25, 'm7g.metal_use1-az4': 10, 'm7g.metal_use1-az5': 1, 'm7g.metal_use1-az6': 50, 'm7g.xlarge_use1-az2': 50, 'm7g.xlarge_use1-az4': 50, 'm7g.xlarge_use1-az5': 50, 'm7g.xlarge_use1-az6': 50, 'm7gd.12xlarge_use1-az1': 5, 'm7gd.12xlarge_use1-az2': 10, 'm7gd.12xlarge_use1-az4': 1, 'm7gd.12xlarge_use1-az6': 35, 'm7gd.16xlarge_use1-az6': 40, 'm7gd.2xlarge_use1-az2': 50, 'm7gd.medium_use1-az1': 15, 'm7gd.medium_use1-az2': 20, 'm7gd.medium_use1-az4': 15, 'm7gd.medium_use1-az5': 20, 'm7gd.medium_use1-az6': 25, 'm7gd.metal_use1-az1': 5, 'm7gd.metal_use1-az2': 15, 'm7gd.metal_use1-az4': 1, 'm7gd.metal_use1-az6': 15, 'm7gd.xlarge_use1-az5': 1, 'm7i-flex.2xlarge_use1-az5': 10, 'm7i-flex.8xlarge_use1-az4': 5, 'm7i-flex.8xlarge_use1-az5': 1, 'm7i-flex.large_use1-az1': 20, 'm7i-flex.large_use1-az2': 50, 'm7i-flex.large_use1-az4': 25, 'm7i-flex.large_use1-az5': 25, 'm7i-flex.xlarge_use1-az2': 50, 'm7i-flex.xlarge_use1-az4': 50, 'm7i-flex.xlarge_use1-az5': 15, 'm7i.12xlarge_use1-az1': 1, 'm7i.12xlarge_use1-az2': 5, 'm7i.12xlarge_use1-az4': 15, 'm7i.12xlarge_use1-az6': 50, 'm7i.16xlarge_use1-az1': 5, 'm7i.16xlarge_use1-az2': 10, 'm7i.16xlarge_use1-az4': 10, 'm7i.16xlarge_use1-az6': 50, 'm7i.24xlarge_use1-az2': 5, 'm7i.24xlarge_use1-az4': 5, 'm7i.24xlarge_use1-az6': 50, 'm7i.2xlarge_use1-az2': 50, 'm7i.2xlarge_use1-az4': 50, 'm7i.48xlarge_use1-az1': 1, 'm7i.48xlarge_use1-az2': 5, 'm7i.48xlarge_use1-az4': 20, 'm7i.48xlarge_use1-az6': 50, 'm7i.large_use1-az1': 50, 'm7i.large_use1-az2': 50, 'm7i.large_use1-az4': 50, 'm7i.large_use1-az5': 1, 'm7i.xlarge_use1-az4': 50, 'm7i.xlarge_use1-az6': 50, 'm8g.12xlarge_use1-az2': 10, 'm8g.12xlarge_use1-az4': 10, 'm8g.12xlarge_use1-az5': 1, 'm8g.12xlarge_use1-az6': 35, 'm8g.16xlarge_use1-az2': 5, 'm8g.16xlarge_use1-az4': 5, 'm8g.16xlarge_use1-az5': 5, 'm8g.16xlarge_use1-az6': 45, 'm8g.24xlarge_use1-az2': 5, 'm8g.24xlarge_use1-az4': 1, 'm8g.24xlarge_use1-az5': 1, 'm8g.24xlarge_use1-az6': 25, 'm8g.2xlarge_use1-az4': 10, 'm8g.2xlarge_use1-az5': 10, 'm8g.48xlarge_use1-az2': 5, 'm8g.48xlarge_use1-az4': 5, 'm8g.48xlarge_use1-az6': 20, 'm8g.4xlarge_use1-az2': 5, 'm8g.4xlarge_use1-az4': 5, 'm8g.4xlarge_use1-az5': 1, 'm8g.4xlarge_use1-az6': 40, 'm8g.8xlarge_use1-az2': 10, 'm8g.8xlarge_use1-az4': 20, 'm8g.8xlarge_use1-az5': 1, 'm8g.8xlarge_use1-az6': 40, 'm8g.large_use1-az2': 20, 'm8g.large_use1-az6': 45, 'm8g.medium_use1-az1': 1, 'm8g.medium_use1-az2': 15, 'm8g.metal-48xl_use1-az2': 5, 'm8g.metal-48xl_use1-az6': 25, 'm8g.xlarge_use1-az1': 1, 'm8g.xlarge_use1-az5': 15, 'm8g.xlarge_use1-az6': 50, 'm8gd.8xlarge_use1-az5': 1, 'm8gd.8xlarge_use1-az6': 5, 'm8gd.large_use1-az5': 1, 'm8gd.large_use1-az6': 1, 'm8gd.medium_use1-az6': 1, 'm8gd.xlarge_use1-az1': 1, 'm8gd.xlarge_use1-az5': 1, 'm8i-flex.16xlarge_use1-az6': 5, 'm8i-flex.2xlarge_use1-az2': 10, 'm8i-flex.2xlarge_use1-az6': 50, 'm8i-flex.8xlarge_use1-az6': 1, 'm8i-flex.large_use1-az2': 5, 'm8i.48xlarge_use1-az2': 1, 'm8i.48xlarge_use1-az6': 5, 'm8i.96xlarge_use1-az6': 1, 'm8i.large_use1-az4': 25, 'm8i.metal-48xl_use1-az6': 1, 'm8i.metal-96xl_use1-az6': 1, 'm8i.xlarge_use1-az2': 30, 'm8i.xlarge_use1-az4': 10, 'r5.16xlarge_use1-az1': 5, 'r5.16xlarge_use1-az6': 5, 'r6a.12xlarge_use1-az6': 10, 'r6a.16xlarge_use1-az1': 5, 'r6a.16xlarge_use1-az2': 15, 'r6a.16xlarge_use1-az4': 30, 'r6a.16xlarge_use1-az5': 15, 'r6a.16xlarge_use1-az6': 40, 'r6a.24xlarge_use1-az2': 5, 'r6a.24xlarge_use1-az4': 1, 'r6a.24xlarge_use1-az5': 1, 'r6a.24xlarge_use1-az6': 5, 'r6a.32xlarge_use1-az2': 5, 'r6a.32xlarge_use1-az4': 5, 'r6a.32xlarge_use1-az5': 5, 'r6a.32xlarge_use1-az6': 5, 'r6a.48xlarge_use1-az2': 5, 'r6a.48xlarge_use1-az4': 5, 'r6a.48xlarge_use1-az5': 5, 'r6a.48xlarge_use1-az6': 1, 'r6a.4xlarge_use1-az6': 50, 'r6a.8xlarge_use1-az1': 20, 'r6a.8xlarge_use1-az2': 50, 'r6a.8xlarge_use1-az4': 50, 'r6a.8xlarge_use1-az5': 50, 'r6a.8xlarge_use1-az6': 50, 'r6a.large_use1-az5': 50, 'r6a.xlarge_use1-az1': 50, 'r6a.xlarge_use1-az2': 50, 'r6a.xlarge_use1-az4': 50, 'r6a.xlarge_use1-az5': 50, 'r6a.xlarge_use1-az6': 50, 'r6g.12xlarge_use1-az2': 50, 'r6g.12xlarge_use1-az4': 45, 'r6g.12xlarge_use1-az5': 10, 'r6g.12xlarge_use1-az6': 50, 'r6g.16xlarge_use1-az4': 50, 'r6g.16xlarge_use1-az5': 50, 'r6g.16xlarge_use1-az6': 50, 'r6g.4xlarge_use1-az5': 50, 'r6g.8xlarge_use1-az4': 50, 'r6g.8xlarge_use1-az5': 50, 'r6g.8xlarge_use1-az6': 50, 'r6g.medium_use1-az2': 10, 'r6g.medium_use1-az5': 15, 'r6g.medium_use1-az6': 35, 'r6i.16xlarge_use1-az4': 10, 'r6i.16xlarge_use1-az5': 10, 'r6i.24xlarge_use1-az4': 10, 'r6i.24xlarge_use1-az6': 5, 'r6i.32xlarge_use1-az4': 1, 'r6i.32xlarge_use1-az6': 1, 'r6i.8xlarge_use1-az5': 5, 'r7a.12xlarge_use1-az6': 20, 'r7a.16xlarge_use1-az6': 50, 'r7a.24xlarge_use1-az2': 10, 'r7a.24xlarge_use1-az4': 10, 'r7a.24xlarge_use1-az6': 35, 'r7a.32xlarge_use1-az2': 1, 'r7a.32xlarge_use1-az4': 1, 'r7a.32xlarge_use1-az6': 50, 'r7a.48xlarge_use1-az2': 5, 'r7a.48xlarge_use1-az4': 5, 'r7a.48xlarge_use1-az6': 50, 'r7a.8xlarge_use1-az2': 20, 'r7a.8xlarge_use1-az4': 50, 'r7a.8xlarge_use1-az6': 50, 'r7g.12xlarge_use1-az2': 5, 'r7g.12xlarge_use1-az4': 50, 'r7g.12xlarge_use1-az5': 1, 'r7g.12xlarge_use1-az6': 5, 'r7g.16xlarge_use1-az1': 5, 'r7g.16xlarge_use1-az2': 30, 'r7g.16xlarge_use1-az4': 50, 'r7g.16xlarge_use1-az5': 5, 'r7g.16xlarge_use1-az6': 50, 'r7g.4xlarge_use1-az2': 5, 'r7g.4xlarge_use1-az4': 50, 'r7g.4xlarge_use1-az6': 15, 'r7g.large_use1-az2': 50, 'r7g.large_use1-az4': 50, 'r7g.large_use1-az6': 40, 'r7g.medium_use1-az1': 50, 'r7g.medium_use1-az2': 50, 'r7g.medium_use1-az4': 50, 'r7g.medium_use1-az5': 25, 'r7g.medium_use1-az6': 50, 'r7g.xlarge_use1-az2': 50, 'r7g.xlarge_use1-az4': 50, 'r7g.xlarge_use1-az5': 10, 'r7g.xlarge_use1-az6': 50, 'r7gd.12xlarge_use1-az4': 35, 'r7gd.12xlarge_use1-az6': 50, 'r7gd.16xlarge_use1-az2': 50, 'r7gd.16xlarge_use1-az4': 50, 'r7gd.16xlarge_use1-az6': 50, 'r7gd.medium_use1-az1': 35, 'r7gd.medium_use1-az2': 15, 'r7gd.medium_use1-az4': 25, 'r7gd.medium_use1-az5': 15, 'r7gd.medium_use1-az6': 20, 'r7i.12xlarge_use1-az6': 10, 'r7i.16xlarge_use1-az1': 5, 'r7i.16xlarge_use1-az5': 5, 'r7i.24xlarge_use1-az1': 1, 'r7i.24xlarge_use1-az2': 1, 'r7i.24xlarge_use1-az4': 5, 'r7i.24xlarge_use1-az6': 5, 'r7i.48xlarge_use1-az2': 1, 'r7i.8xlarge_use1-az1': 5, 'r7i.8xlarge_use1-az2': 25, 'r7i.8xlarge_use1-az4': 25, 'r7i.8xlarge_use1-az6': 50, 'r7i.xlarge_use1-az6': 50, 'r8g.12xlarge_use1-az2': 5, 'r8g.12xlarge_use1-az6': 15, 'r8g.16xlarge_use1-az1': 1, 'r8g.16xlarge_use1-az2': 50, 'r8g.16xlarge_use1-az4': 50, 'r8g.16xlarge_use1-az5': 5, 'r8g.16xlarge_use1-az6': 50, 'r8g.24xlarge_use1-az2': 10, 'r8g.24xlarge_use1-az4': 5, 'r8g.24xlarge_use1-az5': 5, 'r8g.24xlarge_use1-az6': 35, 'r8g.2xlarge_use1-az5': 1, 'r8g.48xlarge_use1-az2': 1, 'r8g.48xlarge_use1-az4': 5, 'r8g.48xlarge_use1-az6': 5, 'r8g.4xlarge_use1-az4': 35, 'r8g.4xlarge_use1-az6': 50, 'r8g.8xlarge_use1-az2': 40, 'r8g.8xlarge_use1-az4': 15, 'r8g.8xlarge_use1-az5': 1, 'r8g.8xlarge_use1-az6': 50, 'r8g.large_use1-az2': 30, 'r8g.large_use1-az4': 15, 'r8g.large_use1-az5': 10, 'r8g.large_use1-az6': 20, 'r8g.medium_use1-az1': 15, 'r8g.medium_use1-az2': 30, 'r8g.medium_use1-az4': 20, 'r8g.medium_use1-az5': 5, 'r8g.medium_use1-az6': 15, 'r8g.xlarge_use1-az2': 10, 'r8g.xlarge_use1-az4': 5, 'r8g.xlarge_use1-az5': 5, 'r8g.xlarge_use1-az6': 10, 'r8gb.metal-24xl_use1-az6': 1, 'r8gd.12xlarge_use1-az5': 1, 'r8gd.24xlarge_use1-az6': 25, 'r8gd.48xlarge_use1-az6': 50, 'r8gd.large_use1-az2': 50, 'r8gd.large_use1-az5': 1, 'r8gd.medium_use1-az1': 5, 'r8gd.medium_use1-az2': 5, 'r8gd.medium_use1-az4': 5, 'r8gd.medium_use1-az5': 10, 'r8gd.metal-24xl_use1-az6': 1, 'r8gd.metal-48xl_use1-az6': 1, 'r8gn.medium_use1-az2': 35, 'r8gn.metal-24xl_use1-az2': 1, 'r8i-flex.2xlarge_use1-az6': 5, 'r8i-flex.large_use1-az2': 1, 'r8i-flex.large_use1-az6': 5, 'r8i.96xlarge_use1-az2': 1, 'r8i.96xlarge_use1-az6': 1, 't2.2xlarge_use1-az3': 15, 't2.2xlarge_use1-az4': 50, 't2.2xlarge_use1-az5': 50, 't2.2xlarge_use1-az6': 50, 't2.large_use1-az5': 25, 't2.medium_use1-az2': 50, 't2.medium_use1-az4': 50, 't2.medium_use1-az5': 50, 't2.medium_use1-az6': 50, 't2.xlarge_use1-az3': 20, 't2.xlarge_use1-az4': 50, 't3.2xlarge_use1-az2': 50, 't3.2xlarge_use1-az4': 50, 't3.2xlarge_use1-az5': 50, 't3.2xlarge_use1-az6': 50, 't3a.2xlarge_use1-az2': 50, 't3a.2xlarge_use1-az5': 50, 't3a.large_use1-az2': 50, 't3a.xlarge_use1-az2': 50, 't3a.xlarge_use1-az5': 15, 't3a.xlarge_use1-az6': 50, 't4g.2xlarge_use1-az4': 5, 't4g.2xlarge_use1-az5': 10, 't4g.2xlarge_use1-az6': 10, 't4g.large_use1-az2': 15, 't4g.large_use1-az5': 25, 't4g.large_use1-az6': 35, 't4g.medium_use1-az5': 35, 't4g.xlarge_use1-az2': 15, 't4g.xlarge_use1-az5': 5, 't4g.xlarge_use1-az6': 10, 'trn1.32xlarge_use1-az6': 50, 'x8g.24xlarge_use1-az4': 5, 'x8g.48xlarge_use1-az1': 1, 'x8g.48xlarge_use1-az2': 1, 'x8g.48xlarge_use1-az4': 10, 'x8g.metal-24xl_use1-az1': 1, 'x8g.metal-24xl_use1-az6': 10, 'x8g.metal-48xl_use1-az4': 1, 'x8g.metal-48xl_use1-az6': 1}"
0.44,6545.723999999992,11909115506,1819373.3048916368,425804,425704,"{'c6a.48xlarge_use1-az2': 1, 'c6gd.12xlarge_use1-az2': 50, 'c6gd.12xlarge_use1-az4': 30, 'c6gd.16xlarge_use1-az2': 50, 'c6gd.16xlarge_use1-az4': 30, 'c6gd.16xlarge_use1-az6': 50, 'c6gd.2xlarge_use1-az2': 50, 'c6gd.2xlarge_use1-az4': 50, 'c6gd.2xlarge_use1-az6': 50, 'c7g.12xlarge_use1-az1': 15, 'c8g.12xlarge_use1-az4': 1, 'c8g.16xlarge_use1-az1': 10, 'c8g.24xlarge_use1-az1': 5, 'c8g.24xlarge_use1-az4': 1, 'c8g.2xlarge_use1-az2': 5, 'c8g.2xlarge_use1-az4': 50, 'c8g.48xlarge_use1-az1': 1, 'c8g.48xlarge_use1-az2': 5, 'c8g.48xlarge_use1-az6': 50, 'c8g.metal-24xl_use1-az6': 20, 'c8g.metal-48xl_use1-az1': 1, 'c8g.metal-48xl_use1-az2': 1, 'c8g.metal-48xl_use1-az6': 50, 'c8i.metal-96xl_use1-az6': 5, 'f2.48xlarge_use1-az4': 5, 'f2.48xlarge_use1-az6': 1, 'g4ad.16xlarge_use1-az6': 10, 'g4dn.16xlarge_use1-az2': 10, 'g4dn.16xlarge_use1-az4': 1, 'g4dn.16xlarge_use1-az5': 5, 'g4dn.16xlarge_use1-az6': 15, 'g5.16xlarge_use1-az4': 5, 'g5g.16xlarge_use1-az6': 5, 'g6.16xlarge_use1-az1': 1, 'g6.16xlarge_use1-az2': 1, 'g6.16xlarge_use1-az4': 1, 'g6.16xlarge_use1-az6': 5, 'g6.24xlarge_use1-az2': 1, 'g6.48xlarge_use1-az4': 30, 'g6.48xlarge_use1-az6': 50, 'g6f.xlarge_use1-az1': 1, 'g6f.xlarge_use1-az2': 1, 'g6f.xlarge_use1-az4': 5, 'g6f.xlarge_use1-az6': 10, 'i7i.metal-24xl_use1-az6': 35, 'i7ie.metal-48xl_use1-az6': 10, 'i8g.12xlarge_use1-az6': 1, 'i8g.24xlarge_use1-az6': 10, 'i8ge.24xlarge_use1-az4': 1, 'i8ge.48xlarge_use1-az4': 5, 'i8ge.metal-24xl_use1-az4': 1, 'i8ge.metal-48xl_use1-az6': 1, 'inf2.24xlarge_use1-az4': 1, 'inf2.24xlarge_use1-az6': 10, 'inf2.48xlarge_use1-az6': 15, 'inf2.8xlarge_use1-az2': 5, 'inf2.8xlarge_use1-az4': 5, 'inf2.8xlarge_use1-az5': 1, 'inf2.8xlarge_use1-az6': 1, 'm5.12xlarge_use1-az2': 25, 'm5.12xlarge_use1-az4': 50, 'm5.12xlarge_use1-az5': 1, 'm5.16xlarge_use1-az2': 50, 'm5.16xlarge_use1-az4': 50, 'm5.16xlarge_use1-az5': 1, 'm5.16xlarge_use1-az6': 50, 'm5.24xlarge_use1-az1': 5, 'm5.24xlarge_use1-az2': 5, 'm5.24xlarge_use1-az4': 5, 'm5.24xlarge_use1-az5': 1, 'm5.24xlarge_use1-az6': 35, 'm5.8xlarge_use1-az1': 50, 'm5.8xlarge_use1-az5': 1, 'm5.8xlarge_use1-az6': 50, 'm5.large_use1-az5': 50, 'm6a.12xlarge_use1-az1': 5, 'm6a.12xlarge_use1-az2': 5, 'm6a.12xlarge_use1-az4': 15, 'm6a.12xlarge_use1-az6': 10, 'm6a.16xlarge_use1-az1': 5, 'm6a.16xlarge_use1-az2': 5, 'm6a.16xlarge_use1-az4': 5, 'm6a.16xlarge_use1-az6': 5, 'm6a.24xlarge_use1-az1': 1, 'm6a.24xlarge_use1-az2': 1, 'm6a.24xlarge_use1-az4': 1, 'm6a.24xlarge_use1-az6': 1, 'm6a.2xlarge_use1-az2': 35, 'm6a.2xlarge_use1-az5': 15, 'm6a.2xlarge_use1-az6': 50, 'm6a.32xlarge_use1-az2': 1, 'm6a.32xlarge_use1-az4': 1, 'm6a.32xlarge_use1-az6': 1, 'm6a.48xlarge_use1-az2': 1, 'm6a.48xlarge_use1-az4': 1, 'm6a.48xlarge_use1-az6': 1, 'm6a.4xlarge_use1-az1': 45, 'm6a.4xlarge_use1-az2': 40, 'm6a.4xlarge_use1-az5': 5, 'm6a.8xlarge_use1-az1': 25, 'm6a.8xlarge_use1-az2': 15, 'm6a.8xlarge_use1-az4': 50, 'm6a.8xlarge_use1-az5': 10, 'm6a.8xlarge_use1-az6': 50, 'm6a.large_use1-az1': 50, 'm6a.large_use1-az2': 50, 'm6a.large_use1-az4': 50, 'm6a.large_use1-az5': 30, 'm6a.large_use1-az6': 50, 'm6a.xlarge_use1-az1': 50, 'm6a.xlarge_use1-az2': 50, 'm6a.xlarge_use1-az4': 50, 'm6a.xlarge_use1-az5': 35, 'm6a.xlarge_use1-az6': 50, 'm6g.12xlarge_use1-az1': 1, 'm6g.12xlarge_use1-az2': 5, 'm6g.12xlarge_use1-az4': 50, 'm6g.12xlarge_use1-az6': 50, 'm6g.16xlarge_use1-az1': 1, 'm6g.16xlarge_use1-az2': 5, 'm6g.16xlarge_use1-az4': 25, 'm6g.16xlarge_use1-az6': 50, 'm6g.4xlarge_use1-az6': 50, 'm6g.8xlarge_use1-az4': 50, 'm6g.8xlarge_use1-az6': 50, 'm6g.medium_use1-az2': 5, 'm6g.medium_use1-az4': 10, 'm6g.medium_use1-az5': 1, 'm6g.medium_use1-az6': 15, 'm6g.xlarge_use1-az6': 50, 'm6gd.12xlarge_use1-az2': 40, 'm6gd.12xlarge_use1-az4': 20, 'm6gd.12xlarge_use1-az5': 5, 'm6gd.12xlarge_use1-az6': 50, 'm6gd.16xlarge_use1-az5': 10, 'm6gd.8xlarge_use1-az4': 15, 'm6gd.8xlarge_use1-az5': 1, 'm6gd.medium_use1-az5': 5, 'm6i.12xlarge_use1-az1': 1, 'm6i.12xlarge_use1-az4': 50, 'm6i.12xlarge_use1-az5': 1, 'm6i.12xlarge_use1-az6': 30, 'm6i.24xlarge_use1-az2': 10, 'm6i.24xlarge_use1-az4': 5, 'm6i.24xlarge_use1-az5': 1, 'm6i.24xlarge_use1-az6': 50, 'm6i.32xlarge_use1-az6': 15, 'm6i.4xlarge_use1-az5': 50, 'm6i.8xlarge_use1-az2': 50, 'm6i.8xlarge_use1-az4': 50, 'm6i.8xlarge_use1-az5': 20, 'm6i.8xlarge_use1-az6': 50, 'm6i.large_use1-az5': 50, 'm6id.12xlarge_use1-az1': 1, 'm6id.12xlarge_use1-az2': 1, 'm6id.12xlarge_use1-az4': 1, 'm6id.12xlarge_use1-az6': 1, 'm6id.16xlarge_use1-az1': 1, 'm6id.24xlarge_use1-az4': 35, 'm6id.24xlarge_use1-az5': 5, 'm6id.4xlarge_use1-az1': 15, 'm6id.8xlarge_use1-az5': 1, 'm6id.xlarge_use1-az1': 20, 'm6id.xlarge_use1-az2': 45, 'm6id.xlarge_use1-az4': 15, 'm6in.large_use1-az5': 1, 'm7a.16xlarge_use1-az2': 1, 'm7a.24xlarge_use1-az2': 1, 'm7a.24xlarge_use1-az6': 50, 'm7a.2xlarge_use1-az4': 10, 'm7a.32xlarge_use1-az6': 20, 'm7a.48xlarge_use1-az6': 40, 'm7a.4xlarge_use1-az1': 10, 'm7a.8xlarge_use1-az1': 1, 'm7a.8xlarge_use1-az4': 1, 'm7a.large_use1-az1': 15, 'm7a.large_use1-az2': 50, 'm7a.large_use1-az4': 50, 'm7a.large_use1-az5': 5, 'm7a.large_use1-az6': 50, 'm7a.medium_use1-az1': 10, 'm7a.medium_use1-az2': 50, 'm7a.medium_use1-az4': 50, 'm7a.medium_use1-az6': 50, 'm7a.xlarge_use1-az2': 40, 'm7a.xlarge_use1-az4': 50, 'm7g.12xlarge_use1-az1': 1, 'm7g.12xlarge_use1-az2': 10, 'm7g.12xlarge_use1-az4': 45, 'm7g.12xlarge_use1-az5': 1, 'm7g.12xlarge_use1-az6': 50, 'm7g.16xlarge_use1-az1': 1, 'm7g.16xlarge_use1-az2': 30, 'm7g.16xlarge_use1-az4': 35, 'm7g.16xlarge_use1-az5': 1, 'm7g.16xlarge_use1-az6': 50, 'm7g.2xlarge_use1-az2': 50, 'm7g.2xlarge_use1-az4': 50, 'm7g.2xlarge_use1-az6': 50, 'm7g.4xlarge_use1-az6': 50, 'm7g.8xlarge_use1-az1': 1, 'm7g.8xlarge_use1-az2': 15, 'm7g.8xlarge_use1-az4': 40, 'm7g.8xlarge_use1-az5': 1, 'm7g.8xlarge_use1-az6': 50, 'm7g.large_use1-az2': 50, 'm7g.large_use1-az4': 50, 'm7g.large_use1-az5': 30, 'm7g.medium_use1-az1': 30, 'm7g.medium_use1-az2': 40, 'm7g.medium_use1-az4': 50, 'm7g.medium_use1-az5': 35, 'm7g.medium_use1-az6': 50, 'm7g.metal_use1-az1': 1, 'm7g.metal_use1-az2': 25, 'm7g.metal_use1-az4': 10, 'm7g.metal_use1-az5': 1, 'm7g.metal_use1-az6': 50, 'm7g.xlarge_use1-az2': 50, 'm7g.xlarge_use1-az4': 50, 'm7g.xlarge_use1-az5': 50, 'm7g.xlarge_use1-az6': 50, 'm7gd.12xlarge_use1-az1': 5, 'm7gd.12xlarge_use1-az2': 10, 'm7gd.12xlarge_use1-az4': 1, 'm7gd.12xlarge_use1-az6': 35, 'm7gd.16xlarge_use1-az2': 30, 'm7gd.16xlarge_use1-az6': 40, 'm7gd.2xlarge_use1-az2': 50, 'm7gd.8xlarge_use1-az5': 45, 'm7gd.medium_use1-az1': 15, 'm7gd.medium_use1-az2': 20, 'm7gd.medium_use1-az4': 15, 'm7gd.medium_use1-az5': 20, 'm7gd.medium_use1-az6': 25, 'm7gd.metal_use1-az1': 5, 'm7gd.metal_use1-az2': 15, 'm7gd.metal_use1-az4': 1, 'm7gd.metal_use1-az6': 15, 'm7gd.xlarge_use1-az5': 1, 'm7i-flex.2xlarge_use1-az5': 10, 'm7i-flex.4xlarge_use1-az4': 5, 'm7i-flex.8xlarge_use1-az4': 5, 'm7i-flex.8xlarge_use1-az5': 1, 'm7i-flex.large_use1-az1': 20, 'm7i-flex.large_use1-az2': 50, 'm7i-flex.large_use1-az4': 25, 'm7i-flex.large_use1-az5': 25, 'm7i-flex.large_use1-az6': 50, 'm7i-flex.xlarge_use1-az2': 50, 'm7i-flex.xlarge_use1-az4': 50, 'm7i-flex.xlarge_use1-az5': 15, 'm7i.12xlarge_use1-az1': 1, 'm7i.12xlarge_use1-az2': 5, 'm7i.12xlarge_use1-az4': 15, 'm7i.12xlarge_use1-az6': 50, 'm7i.16xlarge_use1-az1': 5, 'm7i.16xlarge_use1-az2': 10, 'm7i.16xlarge_use1-az4': 10, 'm7i.16xlarge_use1-az6': 50, 'm7i.24xlarge_use1-az2': 5, 'm7i.24xlarge_use1-az4': 5, 'm7i.24xlarge_use1-az6': 50, 'm7i.2xlarge_use1-az1': 1, 'm7i.2xlarge_use1-az2': 50, 'm7i.2xlarge_use1-az4': 50, 'm7i.48xlarge_use1-az1': 1, 'm7i.48xlarge_use1-az2': 5, 'm7i.48xlarge_use1-az4': 20, 'm7i.48xlarge_use1-az6': 50, 'm7i.4xlarge_use1-az6': 50, 'm7i.8xlarge_use1-az2': 20, 'm7i.large_use1-az1': 50, 'm7i.large_use1-az2': 50, 'm7i.large_use1-az4': 50, 'm7i.large_use1-az5': 1, 'm7i.xlarge_use1-az2': 35, 'm7i.xlarge_use1-az4': 50, 'm7i.xlarge_use1-az6': 50, 'm8g.12xlarge_use1-az2': 10, 'm8g.12xlarge_use1-az4': 10, 'm8g.12xlarge_use1-az5': 1, 'm8g.12xlarge_use1-az6': 35, 'm8g.16xlarge_use1-az2': 5, 'm8g.16xlarge_use1-az4': 5, 'm8g.16xlarge_use1-az5': 5, 'm8g.16xlarge_use1-az6': 45, 'm8g.24xlarge_use1-az2': 5, 'm8g.24xlarge_use1-az4': 1, 'm8g.24xlarge_use1-az5': 1, 'm8g.24xlarge_use1-az6': 25, 'm8g.2xlarge_use1-az4': 10, 'm8g.2xlarge_use1-az5': 10, 'm8g.48xlarge_use1-az2': 5, 'm8g.48xlarge_use1-az4': 5, 'm8g.48xlarge_use1-az6': 20, 'm8g.4xlarge_use1-az2': 5, 'm8g.4xlarge_use1-az4': 5, 'm8g.4xlarge_use1-az5': 1, 'm8g.4xlarge_use1-az6': 40, 'm8g.8xlarge_use1-az2': 10, 'm8g.8xlarge_use1-az4': 20, 'm8g.8xlarge_use1-az5': 1, 'm8g.8xlarge_use1-az6': 40, 'm8g.large_use1-az2': 20, 'm8g.large_use1-az6': 45, 'm8g.medium_use1-az1': 1, 'm8g.medium_use1-az2': 15, 'm8g.metal-48xl_use1-az2': 5, 'm8g.metal-48xl_use1-az6': 25, 'm8g.xlarge_use1-az1': 1, 'm8g.xlarge_use1-az5': 15, 'm8g.xlarge_use1-az6': 50, 'm8gd.8xlarge_use1-az5': 1, 'm8gd.8xlarge_use1-az6': 5, 'm8gd.large_use1-az5': 1, 'm8gd.large_use1-az6': 1, 'm8gd.medium_use1-az6': 1, 'm8gd.xlarge_use1-az1': 1, 'm8gd.xlarge_use1-az5': 1, 'm8i-flex.16xlarge_use1-az6': 5, 'm8i-flex.2xlarge_use1-az2': 10, 'm8i-flex.2xlarge_use1-az6': 50, 'm8i-flex.8xlarge_use1-az6': 1, 'm8i-flex.large_use1-az2': 5, 'm8i.2xlarge_use1-az2': 10, 'm8i.32xlarge_use1-az6': 5, 'm8i.48xlarge_use1-az2': 1, 'm8i.48xlarge_use1-az6': 5, 'm8i.96xlarge_use1-az6': 1, 'm8i.large_use1-az4': 25, 'm8i.metal-48xl_use1-az6': 1, 'm8i.metal-96xl_use1-az6': 1, 'm8i.xlarge_use1-az2': 30, 'm8i.xlarge_use1-az4': 10, 'r5.16xlarge_use1-az1': 5, 'r5.16xlarge_use1-az5': 30, 'r5.16xlarge_use1-az6': 5, 'r6a.12xlarge_use1-az6': 10, 'r6a.16xlarge_use1-az1': 5, 'r6a.16xlarge_use1-az2': 15, 'r6a.16xlarge_use1-az4': 30, 'r6a.16xlarge_use1-az5': 15, 'r6a.16xlarge_use1-az6': 40, 'r6a.24xlarge_use1-az2': 5, 'r6a.24xlarge_use1-az4': 1, 'r6a.24xlarge_use1-az5': 1, 'r6a.24xlarge_use1-az6': 5, 'r6a.32xlarge_use1-az2': 5, 'r6a.32xlarge_use1-az4': 5, 'r6a.32xlarge_use1-az5': 5, 'r6a.32xlarge_use1-az6': 5, 'r6a.48xlarge_use1-az2': 5, 'r6a.48xlarge_use1-az4': 5, 'r6a.48xlarge_use1-az5': 5, 'r6a.48xlarge_use1-az6': 1, 'r6a.4xlarge_use1-az6': 50, 'r6a.8xlarge_use1-az1': 20, 'r6a.8xlarge_use1-az2': 50, 'r6a.8xlarge_use1-az4': 50, 'r6a.8xlarge_use1-az5': 50, 'r6a.8xlarge_use1-az6': 50, 'r6a.large_use1-az5': 50, 'r6a.xlarge_use1-az1': 50, 'r6a.xlarge_use1-az2': 50, 'r6a.xlarge_use1-az4': 50, 'r6a.xlarge_use1-az5': 50, 'r6a.xlarge_use1-az6': 50, 'r6g.12xlarge_use1-az2': 50, 'r6g.12xlarge_use1-az4': 45, 'r6g.12xlarge_use1-az5': 10, 'r6g.12xlarge_use1-az6': 50, 'r6g.16xlarge_use1-az4': 50, 'r6g.16xlarge_use1-az5': 50, 'r6g.16xlarge_use1-az6': 50, 'r6g.4xlarge_use1-az5': 50, 'r6g.8xlarge_use1-az4': 50, 'r6g.8xlarge_use1-az5': 50, 'r6g.8xlarge_use1-az6': 50, 'r6g.medium_use1-az1': 1, 'r6g.medium_use1-az2': 10, 'r6g.medium_use1-az5': 15, 'r6g.medium_use1-az6': 35, 'r6i.16xlarge_use1-az4': 10, 'r6i.16xlarge_use1-az5': 10, 'r6i.24xlarge_use1-az4': 10, 'r6i.24xlarge_use1-az5': 1, 'r6i.24xlarge_use1-az6': 5, 'r6i.32xlarge_use1-az4': 1, 'r6i.32xlarge_use1-az6': 1, 'r6i.8xlarge_use1-az5': 5, 'r6i.large_use1-az5': 20, 'r6id.16xlarge_use1-az1': 5, 'r6in.16xlarge_use1-az5': 1, 'r7a.12xlarge_use1-az2': 1, 'r7a.12xlarge_use1-az6': 20, 'r7a.16xlarge_use1-az6': 50, 'r7a.24xlarge_use1-az2': 10, 'r7a.24xlarge_use1-az4': 10, 'r7a.24xlarge_use1-az6': 35, 'r7a.32xlarge_use1-az2': 1, 'r7a.32xlarge_use1-az4': 1, 'r7a.32xlarge_use1-az6': 50, 'r7a.48xlarge_use1-az2': 5, 'r7a.48xlarge_use1-az4': 5, 'r7a.48xlarge_use1-az6': 50, 'r7a.8xlarge_use1-az2': 20, 'r7a.8xlarge_use1-az4': 50, 'r7a.8xlarge_use1-az6': 50, 'r7a.medium_use1-az2': 25, 'r7g.12xlarge_use1-az2': 5, 'r7g.12xlarge_use1-az4': 50, 'r7g.12xlarge_use1-az5': 1, 'r7g.12xlarge_use1-az6': 5, 'r7g.16xlarge_use1-az1': 5, 'r7g.16xlarge_use1-az2': 30, 'r7g.16xlarge_use1-az4': 50, 'r7g.16xlarge_use1-az5': 5, 'r7g.16xlarge_use1-az6': 50, 'r7g.4xlarge_use1-az2': 5, 'r7g.4xlarge_use1-az4': 50, 'r7g.4xlarge_use1-az6': 15, 'r7g.large_use1-az2': 50, 'r7g.large_use1-az4': 50, 'r7g.large_use1-az6': 40, 'r7g.medium_use1-az1': 50, 'r7g.medium_use1-az2': 50, 'r7g.medium_use1-az4': 50, 'r7g.medium_use1-az5': 25, 'r7g.medium_use1-az6': 50, 'r7g.xlarge_use1-az1': 50, 'r7g.xlarge_use1-az2': 50, 'r7g.xlarge_use1-az4': 50, 'r7g.xlarge_use1-az5': 10, 'r7g.xlarge_use1-az6': 50, 'r7gd.12xlarge_use1-az4': 35, 'r7gd.12xlarge_use1-az6': 50, 'r7gd.16xlarge_use1-az2': 50, 'r7gd.16xlarge_use1-az4': 50, 'r7gd.16xlarge_use1-az6': 50, 'r7gd.medium_use1-az1': 35, 'r7gd.medium_use1-az2': 15, 'r7gd.medium_use1-az4': 25, 'r7gd.medium_use1-az5': 15, 'r7gd.medium_use1-az6': 20, 'r7i.12xlarge_use1-az6': 10, 'r7i.16xlarge_use1-az1': 5, 'r7i.16xlarge_use1-az5': 5, 'r7i.24xlarge_use1-az1': 1, 'r7i.24xlarge_use1-az2': 1, 'r7i.24xlarge_use1-az4': 5, 'r7i.24xlarge_use1-az6': 5, 'r7i.48xlarge_use1-az2': 1, 'r7i.4xlarge_use1-az6': 50, 'r7i.8xlarge_use1-az1': 5, 'r7i.8xlarge_use1-az2': 25, 'r7i.8xlarge_use1-az4': 25, 'r7i.8xlarge_use1-az6': 50, 'r7i.xlarge_use1-az6': 50, 'r8g.12xlarge_use1-az2': 5, 'r8g.12xlarge_use1-az6': 15, 'r8g.16xlarge_use1-az1': 1, 'r8g.16xlarge_use1-az2': 50, 'r8g.16xlarge_use1-az4': 50, 'r8g.16xlarge_use1-az5': 5, 'r8g.16xlarge_use1-az6': 50, 'r8g.24xlarge_use1-az2': 10, 'r8g.24xlarge_use1-az4': 5, 'r8g.24xlarge_use1-az5': 5, 'r8g.24xlarge_use1-az6': 35, 'r8g.2xlarge_use1-az5': 1, 'r8g.48xlarge_use1-az2': 1, 'r8g.48xlarge_use1-az4': 5, 'r8g.48xlarge_use1-az6': 5, 'r8g.4xlarge_use1-az2': 10, 'r8g.4xlarge_use1-az4': 35, 'r8g.4xlarge_use1-az6': 50, 'r8g.8xlarge_use1-az2': 40, 'r8g.8xlarge_use1-az4': 15, 'r8g.8xlarge_use1-az5': 1, 'r8g.8xlarge_use1-az6': 50, 'r8g.large_use1-az2': 30, 'r8g.large_use1-az4': 15, 'r8g.large_use1-az5': 10, 'r8g.large_use1-az6': 20, 'r8g.medium_use1-az1': 15, 'r8g.medium_use1-az2': 30, 'r8g.medium_use1-az4': 20, 'r8g.medium_use1-az5': 5, 'r8g.medium_use1-az6': 15, 'r8g.xlarge_use1-az2': 10, 'r8g.xlarge_use1-az4': 5, 'r8g.xlarge_use1-az5': 5, 'r8g.xlarge_use1-az6': 10, 'r8gb.medium_use1-az2': 50, 'r8gb.metal-24xl_use1-az6': 1, 'r8gd.12xlarge_use1-az5': 1, 'r8gd.24xlarge_use1-az6': 25, 'r8gd.48xlarge_use1-az6': 50, 'r8gd.large_use1-az2': 50, 'r8gd.large_use1-az5': 1, 'r8gd.medium_use1-az1': 5, 'r8gd.medium_use1-az2': 5, 'r8gd.medium_use1-az4': 5, 'r8gd.medium_use1-az5': 10, 'r8gd.metal-24xl_use1-az6': 1, 'r8gd.metal-48xl_use1-az6': 1, 'r8gd.xlarge_use1-az4': 1, 'r8gd.xlarge_use1-az5': 50, 'r8gn.medium_use1-az2': 35, 'r8gn.metal-24xl_use1-az2': 1, 'r8i-flex.2xlarge_use1-az6': 5, 'r8i-flex.large_use1-az2': 1, 'r8i-flex.large_use1-az6': 5, 'r8i.96xlarge_use1-az2': 1, 'r8i.96xlarge_use1-az6': 1, 'r8i.large_use1-az2': 20, 'r8i.large_use1-az6': 20, 't2.2xlarge_use1-az2': 50, 't2.2xlarge_use1-az3': 15, 't2.2xlarge_use1-az4': 50, 't2.2xlarge_use1-az5': 50, 't2.2xlarge_use1-az6': 50, 't2.large_use1-az2': 50, 't2.large_use1-az4': 50, 't2.large_use1-az5': 25, 't2.medium_use1-az2': 50, 't2.medium_use1-az4': 50, 't2.medium_use1-az5': 50, 't2.medium_use1-az6': 50, 't2.xlarge_use1-az3': 20, 't2.xlarge_use1-az4': 50, 't3.2xlarge_use1-az1': 50, 't3.2xlarge_use1-az2': 50, 't3.2xlarge_use1-az4': 50, 't3.2xlarge_use1-az5': 50, 't3.2xlarge_use1-az6': 50, 't3.large_use1-az5': 50, 't3.xlarge_use1-az5': 50, 't3a.2xlarge_use1-az2': 50, 't3a.2xlarge_use1-az4': 50, 't3a.2xlarge_use1-az5': 50, 't3a.large_use1-az2': 50, 't3a.large_use1-az5': 5, 't3a.xlarge_use1-az2': 50, 't3a.xlarge_use1-az4': 50, 't3a.xlarge_use1-az5': 15, 't3a.xlarge_use1-az6': 50, 't4g.2xlarge_use1-az1': 5, 't4g.2xlarge_use1-az2': 15, 't4g.2xlarge_use1-az4': 5, 't4g.2xlarge_use1-az5': 10, 't4g.2xlarge_use1-az6': 10, 't4g.large_use1-az2': 15, 't4g.large_use1-az5': 25, 't4g.large_use1-az6': 35, 't4g.medium_use1-az4': 50, 't4g.medium_use1-az5': 35, 't4g.xlarge_use1-az2': 15, 't4g.xlarge_use1-az5': 5, 't4g.xlarge_use1-az6': 10, 'trn1.32xlarge_use1-az6': 50, 'trn1n.32xlarge_use1-az6': 50, 'x8g.24xlarge_use1-az4': 5, 'x8g.48xlarge_use1-az1': 1, 'x8g.48xlarge_use1-az2': 1, 'x8g.48xlarge_use1-az4': 10, 'x8g.medium_use1-az6': 50, 'x8g.metal-24xl_use1-az1': 1, 'x8g.metal-24xl_use1-az6': 10, 'x8g.metal-48xl_use1-az2': 1, 'x8g.metal-48xl_use1-az4': 1, 'x8g.metal-48xl_use1-az6': 1, 'z1d.large_use1-az5': 10}"
0.45,7152.486399999988,12739603315,1781143.3120163141,456111,456011,"{'c6a.48xlarge_use1-az2': 1, 'c6a.48xlarge_use1-az6': 25, 'c6gd.12xlarge_use1-az2': 50, 'c6gd.12xlarge_use1-az4': 30, 'c6gd.12xlarge_use1-az6': 50, 'c6gd.16xlarge_use1-az2': 50, 'c6gd.16xlarge_use1-az4': 30, 'c6gd.16xlarge_use1-az6': 50, 'c6gd.2xlarge_use1-az2': 50, 'c6gd.2xlarge_use1-az4': 50, 'c6gd.2xlarge_use1-az6': 50, 'c6gd.8xlarge_use1-az4': 45, 'c7g.12xlarge_use1-az1': 15, 'c7g.12xlarge_use1-az5': 1, 'c8g.12xlarge_use1-az4': 1, 'c8g.16xlarge_use1-az1': 10, 'c8g.16xlarge_use1-az2': 5, 'c8g.24xlarge_use1-az1': 5, 'c8g.24xlarge_use1-az4': 1, 'c8g.24xlarge_use1-az6': 25, 'c8g.2xlarge_use1-az2': 5, 'c8g.2xlarge_use1-az4': 50, 'c8g.48xlarge_use1-az1': 1, 'c8g.48xlarge_use1-az2': 5, 'c8g.48xlarge_use1-az6': 50, 'c8g.8xlarge_use1-az6': 50, 'c8g.metal-24xl_use1-az6': 20, 'c8g.metal-48xl_use1-az1': 1, 'c8g.metal-48xl_use1-az2': 1, 'c8g.metal-48xl_use1-az6': 50, 'c8i.metal-96xl_use1-az6': 5, 'f2.48xlarge_use1-az4': 5, 'f2.48xlarge_use1-az6': 1, 'g4ad.16xlarge_use1-az6': 10, 'g4dn.16xlarge_use1-az2': 10, 'g4dn.16xlarge_use1-az4': 1, 'g4dn.16xlarge_use1-az5': 5, 'g4dn.16xlarge_use1-az6': 15, 'g5.16xlarge_use1-az2': 1, 'g5.16xlarge_use1-az4': 5, 'g5.16xlarge_use1-az6': 10, 'g5g.16xlarge_use1-az6': 5, 'g6.16xlarge_use1-az1': 1, 'g6.16xlarge_use1-az2': 1, 'g6.16xlarge_use1-az4': 1, 'g6.16xlarge_use1-az6': 5, 'g6.24xlarge_use1-az2': 1, 'g6.48xlarge_use1-az4': 30, 'g6.48xlarge_use1-az6': 50, 'g6f.xlarge_use1-az1': 1, 'g6f.xlarge_use1-az2': 1, 'g6f.xlarge_use1-az4': 5, 'g6f.xlarge_use1-az6': 10, 'gr6.8xlarge_use1-az1': 1, 'gr6.8xlarge_use1-az2': 1, 'i4i.large_use1-az5': 50, 'i7i.metal-24xl_use1-az4': 50, 'i7i.metal-24xl_use1-az6': 35, 'i7ie.metal-48xl_use1-az6': 10, 'i8g.12xlarge_use1-az6': 1, 'i8g.24xlarge_use1-az6': 10, 'i8g.2xlarge_use1-az2': 1, 'i8g.xlarge_use1-az6': 1, 'i8ge.24xlarge_use1-az4': 1, 'i8ge.48xlarge_use1-az4': 5, 'i8ge.metal-24xl_use1-az4': 1, 'i8ge.metal-48xl_use1-az6': 1, 'inf2.24xlarge_use1-az4': 1, 'inf2.24xlarge_use1-az6': 10, 'inf2.48xlarge_use1-az6': 15, 'inf2.8xlarge_use1-az2': 5, 'inf2.8xlarge_use1-az4': 5, 'inf2.8xlarge_use1-az5': 1, 'inf2.8xlarge_use1-az6': 1, 'is4gen.medium_use1-az6': 30, 'm5.12xlarge_use1-az2': 25, 'm5.12xlarge_use1-az4': 50, 'm5.12xlarge_use1-az5': 1, 'm5.12xlarge_use1-az6': 40, 'm5.16xlarge_use1-az2': 50, 'm5.16xlarge_use1-az4': 50, 'm5.16xlarge_use1-az5': 1, 'm5.16xlarge_use1-az6': 50, 'm5.24xlarge_use1-az1': 5, 'm5.24xlarge_use1-az2': 5, 'm5.24xlarge_use1-az4': 5, 'm5.24xlarge_use1-az5': 1, 'm5.24xlarge_use1-az6': 35, 'm5.8xlarge_use1-az1': 50, 'm5.8xlarge_use1-az2': 40, 'm5.8xlarge_use1-az5': 1, 'm5.8xlarge_use1-az6': 50, 'm5.large_use1-az5': 50, 'm5a.24xlarge_use1-az1': 1, 'm5a.24xlarge_use1-az4': 1, 'm6a.12xlarge_use1-az1': 5, 'm6a.12xlarge_use1-az2': 5, 'm6a.12xlarge_use1-az4': 15, 'm6a.12xlarge_use1-az6': 10, 'm6a.16xlarge_use1-az1': 5, 'm6a.16xlarge_use1-az2': 5, 'm6a.16xlarge_use1-az4': 5, 'm6a.16xlarge_use1-az6': 5, 'm6a.24xlarge_use1-az1': 1, 'm6a.24xlarge_use1-az2': 1, 'm6a.24xlarge_use1-az4': 1, 'm6a.24xlarge_use1-az6': 1, 'm6a.2xlarge_use1-az1': 50, 'm6a.2xlarge_use1-az2': 35, 'm6a.2xlarge_use1-az5': 15, 'm6a.2xlarge_use1-az6': 50, 'm6a.32xlarge_use1-az2': 1, 'm6a.32xlarge_use1-az4': 1, 'm6a.32xlarge_use1-az6': 1, 'm6a.48xlarge_use1-az2': 1, 'm6a.48xlarge_use1-az4': 1, 'm6a.48xlarge_use1-az6': 1, 'm6a.4xlarge_use1-az1': 45, 'm6a.4xlarge_use1-az2': 40, 'm6a.4xlarge_use1-az5': 5, 'm6a.8xlarge_use1-az1': 25, 'm6a.8xlarge_use1-az2': 15, 'm6a.8xlarge_use1-az4': 50, 'm6a.8xlarge_use1-az5': 10, 'm6a.8xlarge_use1-az6': 50, 'm6a.large_use1-az1': 50, 'm6a.large_use1-az2': 50, 'm6a.large_use1-az4': 50, 'm6a.large_use1-az5': 30, 'm6a.large_use1-az6': 50, 'm6a.xlarge_use1-az1': 50, 'm6a.xlarge_use1-az2': 50, 'm6a.xlarge_use1-az4': 50, 'm6a.xlarge_use1-az5': 35, 'm6a.xlarge_use1-az6': 50, 'm6g.12xlarge_use1-az1': 1, 'm6g.12xlarge_use1-az2': 5, 'm6g.12xlarge_use1-az4': 50, 'm6g.12xlarge_use1-az6': 50, 'm6g.16xlarge_use1-az1': 1, 'm6g.16xlarge_use1-az2': 5, 'm6g.16xlarge_use1-az4': 25, 'm6g.16xlarge_use1-az6': 50, 'm6g.4xlarge_use1-az6': 50, 'm6g.8xlarge_use1-az4': 50, 'm6g.8xlarge_use1-az6': 50, 'm6g.medium_use1-az1': 5, 'm6g.medium_use1-az2': 5, 'm6g.medium_use1-az4': 10, 'm6g.medium_use1-az5': 1, 'm6g.medium_use1-az6': 15, 'm6g.xlarge_use1-az2': 50, 'm6g.xlarge_use1-az6': 50, 'm6gd.12xlarge_use1-az2': 40, 'm6gd.12xlarge_use1-az4': 20, 'm6gd.12xlarge_use1-az5': 5, 'm6gd.12xlarge_use1-az6': 50, 'm6gd.16xlarge_use1-az5': 10, 'm6gd.8xlarge_use1-az4': 15, 'm6gd.8xlarge_use1-az5': 1, 'm6gd.medium_use1-az5': 5, 'm6i.12xlarge_use1-az1': 1, 'm6i.12xlarge_use1-az4': 50, 'm6i.12xlarge_use1-az5': 1, 'm6i.12xlarge_use1-az6': 30, 'm6i.24xlarge_use1-az2': 10, 'm6i.24xlarge_use1-az4': 5, 'm6i.24xlarge_use1-az5': 1, 'm6i.24xlarge_use1-az6': 50, 'm6i.32xlarge_use1-az5': 1, 'm6i.32xlarge_use1-az6': 15, 'm6i.4xlarge_use1-az2': 50, 'm6i.4xlarge_use1-az5': 50, 'm6i.8xlarge_use1-az2': 50, 'm6i.8xlarge_use1-az4': 50, 'm6i.8xlarge_use1-az5': 20, 'm6i.8xlarge_use1-az6': 50, 'm6i.large_use1-az4': 50, 'm6i.large_use1-az5': 50, 'm6id.12xlarge_use1-az1': 1, 'm6id.12xlarge_use1-az2': 1, 'm6id.12xlarge_use1-az4': 1, 'm6id.12xlarge_use1-az6': 1, 'm6id.16xlarge_use1-az1': 1, 'm6id.24xlarge_use1-az4': 35, 'm6id.24xlarge_use1-az5': 5, 'm6id.4xlarge_use1-az1': 15, 'm6id.8xlarge_use1-az5': 1, 'm6id.xlarge_use1-az1': 20, 'm6id.xlarge_use1-az2': 45, 'm6id.xlarge_use1-az4': 15, 'm6in.large_use1-az5': 1, 'm7a.12xlarge_use1-az2': 1, 'm7a.16xlarge_use1-az2': 1, 'm7a.16xlarge_use1-az6': 40, 'm7a.24xlarge_use1-az2': 1, 'm7a.24xlarge_use1-az6': 50, 'm7a.2xlarge_use1-az4': 10, 'm7a.32xlarge_use1-az6': 20, 'm7a.48xlarge_use1-az6': 40, 'm7a.4xlarge_use1-az1': 10, 'm7a.4xlarge_use1-az4': 10, 'm7a.8xlarge_use1-az1': 1, 'm7a.8xlarge_use1-az4': 1, 'm7a.large_use1-az1': 15, 'm7a.large_use1-az2': 50, 'm7a.large_use1-az4': 50, 'm7a.large_use1-az5': 5, 'm7a.large_use1-az6': 50, 'm7a.medium_use1-az1': 10, 'm7a.medium_use1-az2': 50, 'm7a.medium_use1-az4': 50, 'm7a.medium_use1-az6': 50, 'm7a.xlarge_use1-az2': 40, 'm7a.xlarge_use1-az4': 50, 'm7g.12xlarge_use1-az1': 1, 'm7g.12xlarge_use1-az2': 10, 'm7g.12xlarge_use1-az4': 45, 'm7g.12xlarge_use1-az5': 1, 'm7g.12xlarge_use1-az6': 50, 'm7g.16xlarge_use1-az1': 1, 'm7g.16xlarge_use1-az2': 30, 'm7g.16xlarge_use1-az4': 35, 'm7g.16xlarge_use1-az5': 1, 'm7g.16xlarge_use1-az6': 50, 'm7g.2xlarge_use1-az2': 50, 'm7g.2xlarge_use1-az4': 50, 'm7g.2xlarge_use1-az6': 50, 'm7g.4xlarge_use1-az2': 30, 'm7g.4xlarge_use1-az4': 50, 'm7g.4xlarge_use1-az6': 50, 'm7g.8xlarge_use1-az1': 1, 'm7g.8xlarge_use1-az2': 15, 'm7g.8xlarge_use1-az4': 40, 'm7g.8xlarge_use1-az5': 1, 'm7g.8xlarge_use1-az6': 50, 'm7g.large_use1-az2': 50, 'm7g.large_use1-az4': 50, 'm7g.large_use1-az5': 30, 'm7g.medium_use1-az1': 30, 'm7g.medium_use1-az2': 40, 'm7g.medium_use1-az4': 50, 'm7g.medium_use1-az5': 35, 'm7g.medium_use1-az6': 50, 'm7g.metal_use1-az1': 1, 'm7g.metal_use1-az2': 25, 'm7g.metal_use1-az4': 10, 'm7g.metal_use1-az5': 1, 'm7g.metal_use1-az6': 50, 'm7g.xlarge_use1-az2': 50, 'm7g.xlarge_use1-az4': 50, 'm7g.xlarge_use1-az5': 50, 'm7g.xlarge_use1-az6': 50, 'm7gd.12xlarge_use1-az1': 5, 'm7gd.12xlarge_use1-az2': 10, 'm7gd.12xlarge_use1-az4': 1, 'm7gd.12xlarge_use1-az6': 35, 'm7gd.16xlarge_use1-az2': 30, 'm7gd.16xlarge_use1-az6': 40, 'm7gd.2xlarge_use1-az2': 50, 'm7gd.8xlarge_use1-az5': 45, 'm7gd.large_use1-az6': 50, 'm7gd.medium_use1-az1': 15, 'm7gd.medium_use1-az2': 20, 'm7gd.medium_use1-az4': 15, 'm7gd.medium_use1-az5': 20, 'm7gd.medium_use1-az6': 25, 'm7gd.metal_use1-az1': 5, 'm7gd.metal_use1-az2': 15, 'm7gd.metal_use1-az4': 1, 'm7gd.metal_use1-az6': 15, 'm7gd.xlarge_use1-az5': 1, 'm7i-flex.2xlarge_use1-az4': 15, 'm7i-flex.2xlarge_use1-az5': 10, 'm7i-flex.4xlarge_use1-az4': 5, 'm7i-flex.8xlarge_use1-az2': 5, 'm7i-flex.8xlarge_use1-az4': 5, 'm7i-flex.8xlarge_use1-az5': 1, 'm7i-flex.large_use1-az1': 20, 'm7i-flex.large_use1-az2': 50, 'm7i-flex.large_use1-az4': 25, 'm7i-flex.large_use1-az5': 25, 'm7i-flex.large_use1-az6': 50, 'm7i-flex.xlarge_use1-az2': 50, 'm7i-flex.xlarge_use1-az4': 50, 'm7i-flex.xlarge_use1-az5': 15, 'm7i-flex.xlarge_use1-az6': 50, 'm7i.12xlarge_use1-az1': 1, 'm7i.12xlarge_use1-az2': 5, 'm7i.12xlarge_use1-az4': 15, 'm7i.12xlarge_use1-az6': 50, 'm7i.16xlarge_use1-az1': 5, 'm7i.16xlarge_use1-az2': 10, 'm7i.16xlarge_use1-az4': 10, 'm7i.16xlarge_use1-az6': 50, 'm7i.24xlarge_use1-az2': 5, 'm7i.24xlarge_use1-az4': 5, 'm7i.24xlarge_use1-az6': 50, 'm7i.2xlarge_use1-az1': 1, 'm7i.2xlarge_use1-az2': 50, 'm7i.2xlarge_use1-az4': 50, 'm7i.48xlarge_use1-az1': 1, 'm7i.48xlarge_use1-az2': 5, 'm7i.48xlarge_use1-az4': 20, 'm7i.48xlarge_use1-az6': 50, 'm7i.4xlarge_use1-az2': 25, 'm7i.4xlarge_use1-az6': 50, 'm7i.8xlarge_use1-az2': 20, 'm7i.large_use1-az1': 50, 'm7i.large_use1-az2': 50, 'm7i.large_use1-az4': 50, 'm7i.large_use1-az5': 1, 'm7i.xlarge_use1-az2': 35, 'm7i.xlarge_use1-az4': 50, 'm7i.xlarge_use1-az6': 50, 'm8g.12xlarge_use1-az2': 10, 'm8g.12xlarge_use1-az4': 10, 'm8g.12xlarge_use1-az5': 1, 'm8g.12xlarge_use1-az6': 35, 'm8g.16xlarge_use1-az2': 5, 'm8g.16xlarge_use1-az4': 5, 'm8g.16xlarge_use1-az5': 5, 'm8g.16xlarge_use1-az6': 45, 'm8g.24xlarge_use1-az2': 5, 'm8g.24xlarge_use1-az4': 1, 'm8g.24xlarge_use1-az5': 1, 'm8g.24xlarge_use1-az6': 25, 'm8g.2xlarge_use1-az4': 10, 'm8g.2xlarge_use1-az5': 10, 'm8g.48xlarge_use1-az2': 5, 'm8g.48xlarge_use1-az4': 5, 'm8g.48xlarge_use1-az6': 20, 'm8g.4xlarge_use1-az2': 5, 'm8g.4xlarge_use1-az4': 5, 'm8g.4xlarge_use1-az5': 1, 'm8g.4xlarge_use1-az6': 40, 'm8g.8xlarge_use1-az2': 10, 'm8g.8xlarge_use1-az4': 20, 'm8g.8xlarge_use1-az5': 1, 'm8g.8xlarge_use1-az6': 40, 'm8g.large_use1-az2': 20, 'm8g.large_use1-az6': 45, 'm8g.medium_use1-az1': 1, 'm8g.medium_use1-az2': 15, 'm8g.metal-48xl_use1-az2': 5, 'm8g.metal-48xl_use1-az6': 25, 'm8g.xlarge_use1-az1': 1, 'm8g.xlarge_use1-az5': 15, 'm8g.xlarge_use1-az6': 50, 'm8gd.16xlarge_use1-az5': 1, 'm8gd.8xlarge_use1-az5': 1, 'm8gd.8xlarge_use1-az6': 5, 'm8gd.large_use1-az5': 1, 'm8gd.large_use1-az6': 1, 'm8gd.medium_use1-az6': 1, 'm8gd.xlarge_use1-az1': 1, 'm8gd.xlarge_use1-az5': 1, 'm8i-flex.16xlarge_use1-az6': 5, 'm8i-flex.2xlarge_use1-az2': 10, 'm8i-flex.2xlarge_use1-az6': 50, 'm8i-flex.8xlarge_use1-az6': 1, 'm8i-flex.large_use1-az2': 5, 'm8i.16xlarge_use1-az4': 1, 'm8i.16xlarge_use1-az6': 1, 'm8i.2xlarge_use1-az2': 10, 'm8i.2xlarge_use1-az4': 1, 'm8i.32xlarge_use1-az6': 5, 'm8i.48xlarge_use1-az2': 1, 'm8i.48xlarge_use1-az6': 5, 'm8i.4xlarge_use1-az4': 1, 'm8i.96xlarge_use1-az6': 1, 'm8i.large_use1-az4': 25, 'm8i.metal-48xl_use1-az6': 1, 'm8i.metal-96xl_use1-az6': 1, 'm8i.xlarge_use1-az2': 30, 'm8i.xlarge_use1-az4': 10, 'r5.16xlarge_use1-az1': 5, 'r5.16xlarge_use1-az5': 30, 'r5.16xlarge_use1-az6': 5, 'r6a.12xlarge_use1-az6': 10, 'r6a.16xlarge_use1-az1': 5, 'r6a.16xlarge_use1-az2': 15, 'r6a.16xlarge_use1-az4': 30, 'r6a.16xlarge_use1-az5': 15, 'r6a.16xlarge_use1-az6': 40, 'r6a.24xlarge_use1-az2': 5, 'r6a.24xlarge_use1-az4': 1, 'r6a.24xlarge_use1-az5': 1, 'r6a.24xlarge_use1-az6': 5, 'r6a.32xlarge_use1-az2': 5, 'r6a.32xlarge_use1-az4': 5, 'r6a.32xlarge_use1-az5': 5, 'r6a.32xlarge_use1-az6': 5, 'r6a.48xlarge_use1-az2': 5, 'r6a.48xlarge_use1-az4': 5, 'r6a.48xlarge_use1-az5': 5, 'r6a.48xlarge_use1-az6': 1, 'r6a.4xlarge_use1-az6': 50, 'r6a.8xlarge_use1-az1': 20, 'r6a.8xlarge_use1-az2': 50, 'r6a.8xlarge_use1-az4': 50, 'r6a.8xlarge_use1-az5': 50, 'r6a.8xlarge_use1-az6': 50, 'r6a.large_use1-az5': 50, 'r6a.xlarge_use1-az1': 50, 'r6a.xlarge_use1-az2': 50, 'r6a.xlarge_use1-az4': 50, 'r6a.xlarge_use1-az5': 50, 'r6a.xlarge_use1-az6': 50, 'r6g.12xlarge_use1-az2': 50, 'r6g.12xlarge_use1-az4': 45, 'r6g.12xlarge_use1-az5': 10, 'r6g.12xlarge_use1-az6': 50, 'r6g.16xlarge_use1-az4': 50, 'r6g.16xlarge_use1-az5': 50, 'r6g.16xlarge_use1-az6': 50, 'r6g.4xlarge_use1-az5': 50, 'r6g.8xlarge_use1-az4': 50, 'r6g.8xlarge_use1-az5': 50, 'r6g.8xlarge_use1-az6': 50, 'r6g.large_use1-az6': 50, 'r6g.medium_use1-az1': 1, 'r6g.medium_use1-az2': 10, 'r6g.medium_use1-az5': 15, 'r6g.medium_use1-az6': 35, 'r6gd.12xlarge_use1-az4': 10, 'r6i.12xlarge_use1-az4': 5, 'r6i.16xlarge_use1-az4': 10, 'r6i.16xlarge_use1-az5': 10, 'r6i.16xlarge_use1-az6': 1, 'r6i.24xlarge_use1-az4': 10, 'r6i.24xlarge_use1-az5': 1, 'r6i.24xlarge_use1-az6': 5, 'r6i.32xlarge_use1-az4': 1, 'r6i.32xlarge_use1-az6': 1, 'r6i.8xlarge_use1-az5': 5, 'r6i.8xlarge_use1-az6': 10, 'r6i.large_use1-az5': 20, 'r6id.16xlarge_use1-az1': 5, 'r6id.16xlarge_use1-az6': 20, 'r6id.32xlarge_use1-az6': 10, 'r6in.16xlarge_use1-az4': 1, 'r6in.16xlarge_use1-az5': 1, 'r6in.16xlarge_use1-az6': 5, 'r7a.12xlarge_use1-az2': 1, 'r7a.12xlarge_use1-az6': 20, 'r7a.16xlarge_use1-az6': 50, 'r7a.24xlarge_use1-az2': 10, 'r7a.24xlarge_use1-az4': 10, 'r7a.24xlarge_use1-az6': 35, 'r7a.32xlarge_use1-az2': 1, 'r7a.32xlarge_use1-az4': 1, 'r7a.32xlarge_use1-az6': 50, 'r7a.48xlarge_use1-az2': 5, 'r7a.48xlarge_use1-az4': 5, 'r7a.48xlarge_use1-az6': 50, 'r7a.8xlarge_use1-az2': 20, 'r7a.8xlarge_use1-az4': 50, 'r7a.8xlarge_use1-az6': 50, 'r7a.medium_use1-az2': 25, 'r7g.12xlarge_use1-az2': 5, 'r7g.12xlarge_use1-az4': 50, 'r7g.12xlarge_use1-az5': 1, 'r7g.12xlarge_use1-az6': 5, 'r7g.16xlarge_use1-az1': 5, 'r7g.16xlarge_use1-az2': 30, 'r7g.16xlarge_use1-az4': 50, 'r7g.16xlarge_use1-az5': 5, 'r7g.16xlarge_use1-az6': 50, 'r7g.4xlarge_use1-az2': 5, 'r7g.4xlarge_use1-az4': 50, 'r7g.4xlarge_use1-az6': 15, 'r7g.8xlarge_use1-az6': 50, 'r7g.large_use1-az2': 50, 'r7g.large_use1-az4': 50, 'r7g.large_use1-az5': 40, 'r7g.large_use1-az6': 40, 'r7g.medium_use1-az1': 50, 'r7g.medium_use1-az2': 50, 'r7g.medium_use1-az4': 50, 'r7g.medium_use1-az5': 25, 'r7g.medium_use1-az6': 50, 'r7g.xlarge_use1-az1': 50, 'r7g.xlarge_use1-az2': 50, 'r7g.xlarge_use1-az4': 50, 'r7g.xlarge_use1-az5': 10, 'r7g.xlarge_use1-az6': 50, 'r7gd.12xlarge_use1-az4': 35, 'r7gd.12xlarge_use1-az6': 50, 'r7gd.16xlarge_use1-az2': 50, 'r7gd.16xlarge_use1-az4': 50, 'r7gd.16xlarge_use1-az6': 50, 'r7gd.large_use1-az4': 50, 'r7gd.medium_use1-az1': 35, 'r7gd.medium_use1-az2': 15, 'r7gd.medium_use1-az4': 25, 'r7gd.medium_use1-az5': 15, 'r7gd.medium_use1-az6': 20, 'r7i.12xlarge_use1-az4': 1, 'r7i.12xlarge_use1-az6': 10, 'r7i.16xlarge_use1-az1': 5, 'r7i.16xlarge_use1-az5': 5, 'r7i.24xlarge_use1-az1': 1, 'r7i.24xlarge_use1-az2': 1, 'r7i.24xlarge_use1-az4': 5, 'r7i.24xlarge_use1-az6': 5, 'r7i.48xlarge_use1-az2': 1, 'r7i.4xlarge_use1-az6': 50, 'r7i.8xlarge_use1-az1': 5, 'r7i.8xlarge_use1-az2': 25, 'r7i.8xlarge_use1-az4': 25, 'r7i.8xlarge_use1-az6': 50, 'r7i.xlarge_use1-az6': 50, 'r8g.12xlarge_use1-az2': 5, 'r8g.12xlarge_use1-az6': 15, 'r8g.16xlarge_use1-az1': 1, 'r8g.16xlarge_use1-az2': 50, 'r8g.16xlarge_use1-az4': 50, 'r8g.16xlarge_use1-az5': 5, 'r8g.16xlarge_use1-az6': 50, 'r8g.24xlarge_use1-az2': 10, 'r8g.24xlarge_use1-az4': 5, 'r8g.24xlarge_use1-az5': 5, 'r8g.24xlarge_use1-az6': 35, 'r8g.2xlarge_use1-az5': 1, 'r8g.48xlarge_use1-az2': 1, 'r8g.48xlarge_use1-az4': 5, 'r8g.48xlarge_use1-az6': 5, 'r8g.4xlarge_use1-az2': 10, 'r8g.4xlarge_use1-az4': 35, 'r8g.4xlarge_use1-az6': 50, 'r8g.8xlarge_use1-az2': 40, 'r8g.8xlarge_use1-az4': 15, 'r8g.8xlarge_use1-az5': 1, 'r8g.8xlarge_use1-az6': 50, 'r8g.large_use1-az2': 30, 'r8g.large_use1-az4': 15, 'r8g.large_use1-az5': 10, 'r8g.large_use1-az6': 20, 'r8g.medium_use1-az1': 15, 'r8g.medium_use1-az2': 30, 'r8g.medium_use1-az4': 20, 'r8g.medium_use1-az5': 5, 'r8g.medium_use1-az6': 15, 'r8g.xlarge_use1-az2': 10, 'r8g.xlarge_use1-az4': 5, 'r8g.xlarge_use1-az5': 5, 'r8g.xlarge_use1-az6': 10, 'r8gb.medium_use1-az2': 50, 'r8gb.metal-24xl_use1-az6': 1, 'r8gd.12xlarge_use1-az5': 1, 'r8gd.24xlarge_use1-az5': 1, 'r8gd.24xlarge_use1-az6': 25, 'r8gd.48xlarge_use1-az6': 50, 'r8gd.large_use1-az2': 50, 'r8gd.large_use1-az5': 1, 'r8gd.large_use1-az6': 50, 'r8gd.medium_use1-az1': 5, 'r8gd.medium_use1-az2': 5, 'r8gd.medium_use1-az4': 5, 'r8gd.medium_use1-az5': 10, 'r8gd.metal-24xl_use1-az6': 1, 'r8gd.metal-48xl_use1-az6': 1, 'r8gd.xlarge_use1-az4': 1, 'r8gd.xlarge_use1-az5': 50, 'r8gn.medium_use1-az2': 35, 'r8gn.medium_use1-az4': 40, 'r8gn.metal-24xl_use1-az2': 1, 'r8gn.metal-24xl_use1-az6': 1, 'r8i-flex.2xlarge_use1-az6': 5, 'r8i-flex.large_use1-az2': 1, 'r8i-flex.large_use1-az6': 5, 'r8i.96xlarge_use1-az2': 1, 'r8i.96xlarge_use1-az6': 1, 'r8i.large_use1-az2': 20, 'r8i.large_use1-az6': 20, 't2.2xlarge_use1-az1': 50, 't2.2xlarge_use1-az2': 50, 't2.2xlarge_use1-az3': 15, 't2.2xlarge_use1-az4': 50, 't2.2xlarge_use1-az5': 50, 't2.2xlarge_use1-az6': 50, 't2.large_use1-az2': 50, 't2.large_use1-az4': 50, 't2.large_use1-az5': 25, 't2.medium_use1-az2': 50, 't2.medium_use1-az4': 50, 't2.medium_use1-az5': 50, 't2.medium_use1-az6': 50, 't2.xlarge_use1-az3': 20, 't2.xlarge_use1-az4': 50, 't2.xlarge_use1-az5': 5, 't2.xlarge_use1-az6': 50, 't3.2xlarge_use1-az1': 50, 't3.2xlarge_use1-az2': 50, 't3.2xlarge_use1-az4': 50, 't3.2xlarge_use1-az5': 50, 't3.2xlarge_use1-az6': 50, 't3.large_use1-az5': 50, 't3.medium_use1-az5': 50, 't3.xlarge_use1-az5': 50, 't3a.2xlarge_use1-az2': 50, 't3a.2xlarge_use1-az4': 50, 't3a.2xlarge_use1-az5': 50, 't3a.2xlarge_use1-az6': 50, 't3a.large_use1-az2': 50, 't3a.large_use1-az4': 50, 't3a.large_use1-az5': 5, 't3a.xlarge_use1-az2': 50, 't3a.xlarge_use1-az4': 50, 't3a.xlarge_use1-az5': 15, 't3a.xlarge_use1-az6': 50, 't4g.2xlarge_use1-az1': 5, 't4g.2xlarge_use1-az2': 15, 't4g.2xlarge_use1-az4': 5, 't4g.2xlarge_use1-az5': 10, 't4g.2xlarge_use1-az6': 10, 't4g.large_use1-az2': 15, 't4g.large_use1-az4': 50, 't4g.large_use1-az5': 25, 't4g.large_use1-az6': 35, 't4g.medium_use1-az2': 50, 't4g.medium_use1-az4': 50, 't4g.medium_use1-az5': 35, 't4g.medium_use1-az6': 50, 't4g.xlarge_use1-az2': 15, 't4g.xlarge_use1-az5': 5, 't4g.xlarge_use1-az6': 10, 'trn1.32xlarge_use1-az6': 50, 'trn1n.32xlarge_use1-az6': 50, 'x8g.24xlarge_use1-az4': 5, 'x8g.48xlarge_use1-az1': 1, 'x8g.48xlarge_use1-az2': 1, 'x8g.48xlarge_use1-az4': 10, 'x8g.medium_use1-az1': 50, 'x8g.medium_use1-az6': 50, 'x8g.metal-24xl_use1-az1': 1, 'x8g.metal-24xl_use1-az2': 1, 'x8g.metal-24xl_use1-az6': 10, 'x8g.metal-48xl_use1-az2': 1, 'x8g.metal-48xl_use1-az4': 1, 'x8g.metal-48xl_use1-az6': 1, 'z1d.large_use1-az5': 10}"
0.46,7704.75839999999,13466463675,1747811.2844426178,484283,484183,"{'c6a.48xlarge_use1-az2': 1, 'c6a.48xlarge_use1-az5': 5, 'c6a.48xlarge_use1-az6': 25, 'c6gd.12xlarge_use1-az2': 50, 'c6gd.12xlarge_use1-az4': 30, 'c6gd.12xlarge_use1-az6': 50, 'c6gd.16xlarge_use1-az2': 50, 'c6gd.16xlarge_use1-az4': 30, 'c6gd.16xlarge_use1-az6': 50, 'c6gd.2xlarge_use1-az2': 50, 'c6gd.2xlarge_use1-az4': 50, 'c6gd.2xlarge_use1-az6': 50, 'c6gd.8xlarge_use1-az4': 45, 'c7a.48xlarge_use1-az1': 1, 'c7g.12xlarge_use1-az1': 15, 'c7g.12xlarge_use1-az4': 15, 'c7g.12xlarge_use1-az5': 1, 'c7g.12xlarge_use1-az6': 50, 'c7g.16xlarge_use1-az5': 10, 'c7g.16xlarge_use1-az6': 50, 'c7g.2xlarge_use1-az5': 50, 'c7i.large_use1-az2': 50, 'c8g.12xlarge_use1-az1': 1, 'c8g.12xlarge_use1-az4': 1, 'c8g.16xlarge_use1-az1': 10, 'c8g.16xlarge_use1-az2': 5, 'c8g.24xlarge_use1-az1': 5, 'c8g.24xlarge_use1-az4': 1, 'c8g.24xlarge_use1-az6': 25, 'c8g.2xlarge_use1-az2': 5, 'c8g.2xlarge_use1-az4': 50, 'c8g.48xlarge_use1-az1': 1, 'c8g.48xlarge_use1-az2': 5, 'c8g.48xlarge_use1-az6': 50, 'c8g.8xlarge_use1-az6': 50, 'c8g.metal-24xl_use1-az6': 20, 'c8g.metal-48xl_use1-az1': 1, 'c8g.metal-48xl_use1-az2': 1, 'c8g.metal-48xl_use1-az6': 50, 'c8gd.metal-48xl_use1-az2': 1, 'c8i.metal-96xl_use1-az6': 5, 'f2.48xlarge_use1-az4': 5, 'f2.48xlarge_use1-az6': 1, 'g4ad.16xlarge_use1-az6': 10, 'g4dn.16xlarge_use1-az1': 1, 'g4dn.16xlarge_use1-az2': 10, 'g4dn.16xlarge_use1-az4': 1, 'g4dn.16xlarge_use1-az5': 5, 'g4dn.16xlarge_use1-az6': 15, 'g5.16xlarge_use1-az2': 1, 'g5.16xlarge_use1-az4': 5, 'g5.16xlarge_use1-az6': 10, 'g5g.16xlarge_use1-az6': 5, 'g6.16xlarge_use1-az1': 1, 'g6.16xlarge_use1-az2': 1, 'g6.16xlarge_use1-az4': 1, 'g6.16xlarge_use1-az6': 5, 'g6.24xlarge_use1-az2': 1, 'g6.48xlarge_use1-az4': 30, 'g6.48xlarge_use1-az6': 50, 'g6.8xlarge_use1-az1': 5, 'g6.8xlarge_use1-az2': 5, 'g6f.2xlarge_use1-az1': 1, 'g6f.large_use1-az2': 15, 'g6f.large_use1-az6': 20, 'g6f.xlarge_use1-az1': 1, 'g6f.xlarge_use1-az2': 1, 'g6f.xlarge_use1-az4': 5, 'g6f.xlarge_use1-az6': 10, 'gr6.8xlarge_use1-az1': 1, 'gr6.8xlarge_use1-az2': 1, 'gr6.8xlarge_use1-az4': 1, 'gr6.8xlarge_use1-az6': 1, 'i4i.large_use1-az2': 50, 'i4i.large_use1-az5': 50, 'i4i.large_use1-az6': 50, 'i7i.metal-24xl_use1-az4': 50, 'i7i.metal-24xl_use1-az6': 35, 'i7ie.metal-48xl_use1-az6': 10, 'i8g.12xlarge_use1-az6': 1, 'i8g.24xlarge_use1-az6': 10, 'i8g.2xlarge_use1-az2': 1, 'i8g.large_use1-az6': 5, 'i8g.xlarge_use1-az4': 1, 'i8g.xlarge_use1-az6': 1, 'i8ge.18xlarge_use1-az4': 1, 'i8ge.24xlarge_use1-az4': 1, 'i8ge.48xlarge_use1-az4': 5, 'i8ge.metal-24xl_use1-az4': 1, 'i8ge.metal-48xl_use1-az6': 1, 'inf2.24xlarge_use1-az4': 1, 'inf2.24xlarge_use1-az6': 10, 'inf2.48xlarge_use1-az6': 15, 'inf2.8xlarge_use1-az2': 5, 'inf2.8xlarge_use1-az4': 5, 'inf2.8xlarge_use1-az5': 1, 'inf2.8xlarge_use1-az6': 1, 'is4gen.medium_use1-az6': 30, 'm5.12xlarge_use1-az2': 25, 'm5.12xlarge_use1-az4': 50, 'm5.12xlarge_use1-az5': 1, 'm5.12xlarge_use1-az6': 40, 'm5.16xlarge_use1-az1': 10, 'm5.16xlarge_use1-az2': 50, 'm5.16xlarge_use1-az4': 50, 'm5.16xlarge_use1-az5': 1, 'm5.16xlarge_use1-az6': 50, 'm5.24xlarge_use1-az1': 5, 'm5.24xlarge_use1-az2': 5, 'm5.24xlarge_use1-az4': 5, 'm5.24xlarge_use1-az5': 1, 'm5.24xlarge_use1-az6': 35, 'm5.8xlarge_use1-az1': 50, 'm5.8xlarge_use1-az2': 40, 'm5.8xlarge_use1-az4': 50, 'm5.8xlarge_use1-az5': 1, 'm5.8xlarge_use1-az6': 50, 'm5.large_use1-az5': 50, 'm5a.16xlarge_use1-az4': 1, 'm5a.24xlarge_use1-az1': 1, 'm5a.24xlarge_use1-az4': 1, 'm6a.12xlarge_use1-az1': 5, 'm6a.12xlarge_use1-az2': 5, 'm6a.12xlarge_use1-az4': 15, 'm6a.12xlarge_use1-az6': 10, 'm6a.16xlarge_use1-az1': 5, 'm6a.16xlarge_use1-az2': 5, 'm6a.16xlarge_use1-az4': 5, 'm6a.16xlarge_use1-az6': 5, 'm6a.24xlarge_use1-az1': 1, 'm6a.24xlarge_use1-az2': 1, 'm6a.24xlarge_use1-az4': 1, 'm6a.24xlarge_use1-az6': 1, 'm6a.2xlarge_use1-az1': 50, 'm6a.2xlarge_use1-az2': 35, 'm6a.2xlarge_use1-az4': 45, 'm6a.2xlarge_use1-az5': 15, 'm6a.2xlarge_use1-az6': 50, 'm6a.32xlarge_use1-az2': 1, 'm6a.32xlarge_use1-az4': 1, 'm6a.32xlarge_use1-az6': 1, 'm6a.48xlarge_use1-az2': 1, 'm6a.48xlarge_use1-az4': 1, 'm6a.48xlarge_use1-az6': 1, 'm6a.4xlarge_use1-az1': 45, 'm6a.4xlarge_use1-az2': 40, 'm6a.4xlarge_use1-az5': 5, 'm6a.4xlarge_use1-az6': 50, 'm6a.8xlarge_use1-az1': 25, 'm6a.8xlarge_use1-az2': 15, 'm6a.8xlarge_use1-az4': 50, 'm6a.8xlarge_use1-az5': 10, 'm6a.8xlarge_use1-az6': 50, 'm6a.large_use1-az1': 50, 'm6a.large_use1-az2': 50, 'm6a.large_use1-az4': 50, 'm6a.large_use1-az5': 30, 'm6a.large_use1-az6': 50, 'm6a.xlarge_use1-az1': 50, 'm6a.xlarge_use1-az2': 50, 'm6a.xlarge_use1-az4': 50, 'm6a.xlarge_use1-az5': 35, 'm6a.xlarge_use1-az6': 50, 'm6g.12xlarge_use1-az1': 1, 'm6g.12xlarge_use1-az2': 5, 'm6g.12xlarge_use1-az4': 50, 'm6g.12xlarge_use1-az6': 50, 'm6g.16xlarge_use1-az1': 1, 'm6g.16xlarge_use1-az2': 5, 'm6g.16xlarge_use1-az4': 25, 'm6g.16xlarge_use1-az6': 50, 'm6g.4xlarge_use1-az6': 50, 'm6g.8xlarge_use1-az4': 50, 'm6g.8xlarge_use1-az6': 50, 'm6g.medium_use1-az1': 5, 'm6g.medium_use1-az2': 5, 'm6g.medium_use1-az4': 10, 'm6g.medium_use1-az5': 1, 'm6g.medium_use1-az6': 15, 'm6g.xlarge_use1-az2': 50, 'm6g.xlarge_use1-az4': 50, 'm6g.xlarge_use1-az6': 50, 'm6gd.12xlarge_use1-az2': 40, 'm6gd.12xlarge_use1-az4': 20, 'm6gd.12xlarge_use1-az5': 5, 'm6gd.12xlarge_use1-az6': 50, 'm6gd.16xlarge_use1-az5': 10, 'm6gd.8xlarge_use1-az4': 15, 'm6gd.8xlarge_use1-az5': 1, 'm6gd.medium_use1-az1': 1, 'm6gd.medium_use1-az2': 1, 'm6gd.medium_use1-az4': 1, 'm6gd.medium_use1-az5': 5, 'm6i.12xlarge_use1-az1': 1, 'm6i.12xlarge_use1-az2': 10, 'm6i.12xlarge_use1-az4': 50, 'm6i.12xlarge_use1-az5': 1, 'm6i.12xlarge_use1-az6': 30, 'm6i.24xlarge_use1-az2': 10, 'm6i.24xlarge_use1-az4': 5, 'm6i.24xlarge_use1-az5': 1, 'm6i.24xlarge_use1-az6': 50, 'm6i.2xlarge_use1-az1': 25, 'm6i.32xlarge_use1-az2': 1, 'm6i.32xlarge_use1-az5': 1, 'm6i.32xlarge_use1-az6': 15, 'm6i.4xlarge_use1-az2': 50, 'm6i.4xlarge_use1-az5': 50, 'm6i.8xlarge_use1-az2': 50, 'm6i.8xlarge_use1-az4': 50, 'm6i.8xlarge_use1-az5': 20, 'm6i.8xlarge_use1-az6': 50, 'm6i.large_use1-az4': 50, 'm6i.large_use1-az5': 50, 'm6id.12xlarge_use1-az1': 1, 'm6id.12xlarge_use1-az2': 1, 'm6id.12xlarge_use1-az4': 1, 'm6id.12xlarge_use1-az6': 1, 'm6id.16xlarge_use1-az1': 1, 'm6id.16xlarge_use1-az6': 1, 'm6id.24xlarge_use1-az4': 35, 'm6id.24xlarge_use1-az5': 5, 'm6id.32xlarge_use1-az4': 5, 'm6id.32xlarge_use1-az5': 1, 'm6id.4xlarge_use1-az1': 15, 'm6id.4xlarge_use1-az4': 5, 'm6id.8xlarge_use1-az1': 1, 'm6id.8xlarge_use1-az5': 1, 'm6id.xlarge_use1-az1': 20, 'm6id.xlarge_use1-az2': 45, 'm6id.xlarge_use1-az4': 15, 'm6in.large_use1-az2': 10, 'm6in.large_use1-az5': 1, 'm7a.12xlarge_use1-az2': 1, 'm7a.12xlarge_use1-az6': 20, 'm7a.16xlarge_use1-az2': 1, 'm7a.16xlarge_use1-az6': 40, 'm7a.24xlarge_use1-az2': 1, 'm7a.24xlarge_use1-az6': 50, 'm7a.2xlarge_use1-az2': 15, 'm7a.2xlarge_use1-az4': 10, 'm7a.32xlarge_use1-az6': 20, 'm7a.48xlarge_use1-az6': 40, 'm7a.4xlarge_use1-az1': 10, 'm7a.4xlarge_use1-az2': 5, 'm7a.4xlarge_use1-az4': 10, 'm7a.8xlarge_use1-az1': 1, 'm7a.8xlarge_use1-az2': 5, 'm7a.8xlarge_use1-az4': 1, 'm7a.large_use1-az1': 15, 'm7a.large_use1-az2': 50, 'm7a.large_use1-az4': 50, 'm7a.large_use1-az5': 5, 'm7a.large_use1-az6': 50, 'm7a.medium_use1-az1': 10, 'm7a.medium_use1-az2': 50, 'm7a.medium_use1-az4': 50, 'm7a.medium_use1-az6': 50, 'm7a.xlarge_use1-az2': 40, 'm7a.xlarge_use1-az4': 50, 'm7g.12xlarge_use1-az1': 1, 'm7g.12xlarge_use1-az2': 10, 'm7g.12xlarge_use1-az4': 45, 'm7g.12xlarge_use1-az5': 1, 'm7g.12xlarge_use1-az6': 50, 'm7g.16xlarge_use1-az1': 1, 'm7g.16xlarge_use1-az2': 30, 'm7g.16xlarge_use1-az4': 35, 'm7g.16xlarge_use1-az5': 1, 'm7g.16xlarge_use1-az6': 50, 'm7g.2xlarge_use1-az2': 50, 'm7g.2xlarge_use1-az4': 50, 'm7g.2xlarge_use1-az5': 15, 'm7g.2xlarge_use1-az6': 50, 'm7g.4xlarge_use1-az2': 30, 'm7g.4xlarge_use1-az4': 50, 'm7g.4xlarge_use1-az5': 10, 'm7g.4xlarge_use1-az6': 50, 'm7g.8xlarge_use1-az1': 1, 'm7g.8xlarge_use1-az2': 15, 'm7g.8xlarge_use1-az4': 40, 'm7g.8xlarge_use1-az5': 1, 'm7g.8xlarge_use1-az6': 50, 'm7g.large_use1-az2': 50, 'm7g.large_use1-az4': 50, 'm7g.large_use1-az5': 30, 'm7g.large_use1-az6': 50, 'm7g.medium_use1-az1': 30, 'm7g.medium_use1-az2': 40, 'm7g.medium_use1-az4': 50, 'm7g.medium_use1-az5': 35, 'm7g.medium_use1-az6': 50, 'm7g.metal_use1-az1': 1, 'm7g.metal_use1-az2': 25, 'm7g.metal_use1-az4': 10, 'm7g.metal_use1-az5': 1, 'm7g.metal_use1-az6': 50, 'm7g.xlarge_use1-az1': 50, 'm7g.xlarge_use1-az2': 50, 'm7g.xlarge_use1-az4': 50, 'm7g.xlarge_use1-az5': 50, 'm7g.xlarge_use1-az6': 50, 'm7gd.12xlarge_use1-az1': 5, 'm7gd.12xlarge_use1-az2': 10, 'm7gd.12xlarge_use1-az4': 1, 'm7gd.12xlarge_use1-az6': 35, 'm7gd.16xlarge_use1-az2': 30, 'm7gd.16xlarge_use1-az6': 40, 'm7gd.2xlarge_use1-az2': 50, 'm7gd.4xlarge_use1-az2': 10, 'm7gd.4xlarge_use1-az6': 40, 'm7gd.8xlarge_use1-az5': 45, 'm7gd.8xlarge_use1-az6': 50, 'm7gd.large_use1-az6': 50, 'm7gd.medium_use1-az1': 15, 'm7gd.medium_use1-az2': 20, 'm7gd.medium_use1-az4': 15, 'm7gd.medium_use1-az5': 20, 'm7gd.medium_use1-az6': 25, 'm7gd.metal_use1-az1': 5, 'm7gd.metal_use1-az2': 15, 'm7gd.metal_use1-az4': 1, 'm7gd.metal_use1-az6': 15, 'm7gd.xlarge_use1-az5': 1, 'm7i-flex.2xlarge_use1-az4': 15, 'm7i-flex.2xlarge_use1-az5': 10, 'm7i-flex.4xlarge_use1-az2': 5, 'm7i-flex.4xlarge_use1-az4': 5, 'm7i-flex.8xlarge_use1-az2': 5, 'm7i-flex.8xlarge_use1-az4': 5, 'm7i-flex.8xlarge_use1-az5': 1, 'm7i-flex.large_use1-az1': 20, 'm7i-flex.large_use1-az2': 50, 'm7i-flex.large_use1-az4': 25, 'm7i-flex.large_use1-az5': 25, 'm7i-flex.large_use1-az6': 50, 'm7i-flex.xlarge_use1-az2': 50, 'm7i-flex.xlarge_use1-az4': 50, 'm7i-flex.xlarge_use1-az5': 15, 'm7i-flex.xlarge_use1-az6': 50, 'm7i.12xlarge_use1-az1': 1, 'm7i.12xlarge_use1-az2': 5, 'm7i.12xlarge_use1-az4': 15, 'm7i.12xlarge_use1-az6': 50, 'm7i.16xlarge_use1-az1': 5, 'm7i.16xlarge_use1-az2': 10, 'm7i.16xlarge_use1-az4': 10, 'm7i.16xlarge_use1-az6': 50, 'm7i.24xlarge_use1-az2': 5, 'm7i.24xlarge_use1-az4': 5, 'm7i.24xlarge_use1-az6': 50, 'm7i.2xlarge_use1-az1': 1, 'm7i.2xlarge_use1-az2': 50, 'm7i.2xlarge_use1-az4': 50, 'm7i.2xlarge_use1-az6': 50, 'm7i.48xlarge_use1-az1': 1, 'm7i.48xlarge_use1-az2': 5, 'm7i.48xlarge_use1-az4': 20, 'm7i.48xlarge_use1-az6': 50, 'm7i.4xlarge_use1-az1': 1, 'm7i.4xlarge_use1-az2': 25, 'm7i.4xlarge_use1-az4': 10, 'm7i.4xlarge_use1-az6': 50, 'm7i.8xlarge_use1-az2': 20, 'm7i.large_use1-az1': 50, 'm7i.large_use1-az2': 50, 'm7i.large_use1-az4': 50, 'm7i.large_use1-az5': 1, 'm7i.large_use1-az6': 50, 'm7i.xlarge_use1-az2': 35, 'm7i.xlarge_use1-az4': 50, 'm7i.xlarge_use1-az6': 50, 'm8g.12xlarge_use1-az2': 10, 'm8g.12xlarge_use1-az4': 10, 'm8g.12xlarge_use1-az5': 1, 'm8g.12xlarge_use1-az6': 35, 'm8g.16xlarge_use1-az2': 5, 'm8g.16xlarge_use1-az4': 5, 'm8g.16xlarge_use1-az5': 5, 'm8g.16xlarge_use1-az6': 45, 'm8g.24xlarge_use1-az2': 5, 'm8g.24xlarge_use1-az4': 1, 'm8g.24xlarge_use1-az5': 1, 'm8g.24xlarge_use1-az6': 25, 'm8g.2xlarge_use1-az4': 10, 'm8g.2xlarge_use1-az5': 10, 'm8g.48xlarge_use1-az2': 5, 'm8g.48xlarge_use1-az4': 5, 'm8g.48xlarge_use1-az6': 20, 'm8g.4xlarge_use1-az2': 5, 'm8g.4xlarge_use1-az4': 5, 'm8g.4xlarge_use1-az5': 1, 'm8g.4xlarge_use1-az6': 40, 'm8g.8xlarge_use1-az2': 10, 'm8g.8xlarge_use1-az4': 20, 'm8g.8xlarge_use1-az5': 1, 'm8g.8xlarge_use1-az6': 40, 'm8g.large_use1-az2': 20, 'm8g.large_use1-az6': 45, 'm8g.medium_use1-az1': 1, 'm8g.medium_use1-az2': 15, 'm8g.metal-48xl_use1-az2': 5, 'm8g.metal-48xl_use1-az6': 25, 'm8g.xlarge_use1-az1': 1, 'm8g.xlarge_use1-az5': 15, 'm8g.xlarge_use1-az6': 50, 'm8gd.16xlarge_use1-az5': 1, 'm8gd.8xlarge_use1-az5': 1, 'm8gd.8xlarge_use1-az6': 5, 'm8gd.large_use1-az5': 1, 'm8gd.large_use1-az6': 1, 'm8gd.medium_use1-az6': 1, 'm8gd.xlarge_use1-az1': 1, 'm8gd.xlarge_use1-az5': 1, 'm8i-flex.16xlarge_use1-az6': 5, 'm8i-flex.2xlarge_use1-az2': 10, 'm8i-flex.2xlarge_use1-az6': 50, 'm8i-flex.8xlarge_use1-az6': 1, 'm8i-flex.large_use1-az2': 5, 'm8i-flex.xlarge_use1-az2': 10, 'm8i-flex.xlarge_use1-az6': 50, 'm8i.16xlarge_use1-az4': 1, 'm8i.16xlarge_use1-az6': 1, 'm8i.24xlarge_use1-az6': 1, 'm8i.2xlarge_use1-az2': 10, 'm8i.2xlarge_use1-az4': 1, 'm8i.2xlarge_use1-az6': 10, 'm8i.32xlarge_use1-az6': 5, 'm8i.48xlarge_use1-az2': 1, 'm8i.48xlarge_use1-az6': 5, 'm8i.4xlarge_use1-az4': 1, 'm8i.8xlarge_use1-az6': 20, 'm8i.96xlarge_use1-az6': 1, 'm8i.large_use1-az4': 25, 'm8i.metal-48xl_use1-az6': 1, 'm8i.metal-96xl_use1-az6': 1, 'm8i.xlarge_use1-az2': 30, 'm8i.xlarge_use1-az4': 10, 'r5.16xlarge_use1-az1': 5, 'r5.16xlarge_use1-az5': 30, 'r5.16xlarge_use1-az6': 5, 'r5.8xlarge_use1-az5': 5, 'r6a.12xlarge_use1-az4': 5, 'r6a.12xlarge_use1-az6': 10, 'r6a.16xlarge_use1-az1': 5, 'r6a.16xlarge_use1-az2': 15, 'r6a.16xlarge_use1-az4': 30, 'r6a.16xlarge_use1-az5': 15, 'r6a.16xlarge_use1-az6': 40, 'r6a.24xlarge_use1-az2': 5, 'r6a.24xlarge_use1-az4': 1, 'r6a.24xlarge_use1-az5': 1, 'r6a.24xlarge_use1-az6': 5, 'r6a.32xlarge_use1-az2': 5, 'r6a.32xlarge_use1-az4': 5, 'r6a.32xlarge_use1-az5': 5, 'r6a.32xlarge_use1-az6': 5, 'r6a.48xlarge_use1-az2': 5, 'r6a.48xlarge_use1-az4': 5, 'r6a.48xlarge_use1-az5': 5, 'r6a.48xlarge_use1-az6': 1, 'r6a.4xlarge_use1-az6': 50, 'r6a.8xlarge_use1-az1': 20, 'r6a.8xlarge_use1-az2': 50, 'r6a.8xlarge_use1-az4': 50, 'r6a.8xlarge_use1-az5': 50, 'r6a.8xlarge_use1-az6': 50, 'r6a.large_use1-az4': 50, 'r6a.large_use1-az5': 50, 'r6a.xlarge_use1-az1': 50, 'r6a.xlarge_use1-az2': 50, 'r6a.xlarge_use1-az4': 50, 'r6a.xlarge_use1-az5': 50, 'r6a.xlarge_use1-az6': 50, 'r6g.12xlarge_use1-az2': 50, 'r6g.12xlarge_use1-az4': 45, 'r6g.12xlarge_use1-az5': 10, 'r6g.12xlarge_use1-az6': 50, 'r6g.16xlarge_use1-az2': 50, 'r6g.16xlarge_use1-az4': 50, 'r6g.16xlarge_use1-az5': 50, 'r6g.16xlarge_use1-az6': 50, 'r6g.2xlarge_use1-az5': 10, 'r6g.4xlarge_use1-az2': 50, 'r6g.4xlarge_use1-az5': 50, 'r6g.8xlarge_use1-az4': 50, 'r6g.8xlarge_use1-az5': 50, 'r6g.8xlarge_use1-az6': 50, 'r6g.large_use1-az6': 50, 'r6g.medium_use1-az1': 1, 'r6g.medium_use1-az2': 10, 'r6g.medium_use1-az4': 15, 'r6g.medium_use1-az5': 15, 'r6g.medium_use1-az6': 35, 'r6gd.12xlarge_use1-az4': 10, 'r6gd.12xlarge_use1-az6': 10, 'r6i.12xlarge_use1-az4': 5, 'r6i.12xlarge_use1-az6': 10, 'r6i.16xlarge_use1-az4': 10, 'r6i.16xlarge_use1-az5': 10, 'r6i.16xlarge_use1-az6': 1, 'r6i.24xlarge_use1-az4': 10, 'r6i.24xlarge_use1-az5': 1, 'r6i.24xlarge_use1-az6': 5, 'r6i.32xlarge_use1-az4': 1, 'r6i.32xlarge_use1-az5': 1, 'r6i.32xlarge_use1-az6': 1, 'r6i.8xlarge_use1-az1': 5, 'r6i.8xlarge_use1-az5': 5, 'r6i.8xlarge_use1-az6': 10, 'r6i.large_use1-az5': 20, 'r6id.16xlarge_use1-az1': 5, 'r6id.16xlarge_use1-az5': 1, 'r6id.16xlarge_use1-az6': 20, 'r6id.32xlarge_use1-az6': 10, 'r6in.16xlarge_use1-az4': 1, 'r6in.16xlarge_use1-az5': 1, 'r6in.16xlarge_use1-az6': 5, 'r6in.large_use1-az1': 45, 'r6in.large_use1-az2': 50, 'r6in.large_use1-az5': 40, 'r6in.large_use1-az6': 50, 'r7a.12xlarge_use1-az2': 1, 'r7a.12xlarge_use1-az6': 20, 'r7a.16xlarge_use1-az6': 50, 'r7a.24xlarge_use1-az2': 10, 'r7a.24xlarge_use1-az4': 10, 'r7a.24xlarge_use1-az6': 35, 'r7a.32xlarge_use1-az2': 1, 'r7a.32xlarge_use1-az4': 1, 'r7a.32xlarge_use1-az6': 50, 'r7a.48xlarge_use1-az2': 5, 'r7a.48xlarge_use1-az4': 5, 'r7a.48xlarge_use1-az6': 50, 'r7a.8xlarge_use1-az1': 5, 'r7a.8xlarge_use1-az2': 20, 'r7a.8xlarge_use1-az4': 50, 'r7a.8xlarge_use1-az6': 50, 'r7a.medium_use1-az2': 25, 'r7a.medium_use1-az6': 50, 'r7g.12xlarge_use1-az1': 1, 'r7g.12xlarge_use1-az2': 5, 'r7g.12xlarge_use1-az4': 50, 'r7g.12xlarge_use1-az5': 1, 'r7g.12xlarge_use1-az6': 5, 'r7g.16xlarge_use1-az1': 5, 'r7g.16xlarge_use1-az2': 30, 'r7g.16xlarge_use1-az4': 50, 'r7g.16xlarge_use1-az5': 5, 'r7g.16xlarge_use1-az6': 50, 'r7g.4xlarge_use1-az2': 5, 'r7g.4xlarge_use1-az4': 50, 'r7g.4xlarge_use1-az6': 15, 'r7g.8xlarge_use1-az1': 1, 'r7g.8xlarge_use1-az4': 50, 'r7g.8xlarge_use1-az6': 50, 'r7g.large_use1-az2': 50, 'r7g.large_use1-az4': 50, 'r7g.large_use1-az5': 40, 'r7g.large_use1-az6': 40, 'r7g.medium_use1-az1': 50, 'r7g.medium_use1-az2': 50, 'r7g.medium_use1-az4': 50, 'r7g.medium_use1-az5': 25, 'r7g.medium_use1-az6': 50, 'r7g.xlarge_use1-az1': 50, 'r7g.xlarge_use1-az2': 50, 'r7g.xlarge_use1-az4': 50, 'r7g.xlarge_use1-az5': 10, 'r7g.xlarge_use1-az6': 50, 'r7gd.12xlarge_use1-az4': 35, 'r7gd.12xlarge_use1-az6': 50, 'r7gd.16xlarge_use1-az2': 50, 'r7gd.16xlarge_use1-az4': 50, 'r7gd.16xlarge_use1-az6': 50, 'r7gd.8xlarge_use1-az6': 50, 'r7gd.large_use1-az4': 50, 'r7gd.medium_use1-az1': 35, 'r7gd.medium_use1-az2': 15, 'r7gd.medium_use1-az4': 25, 'r7gd.medium_use1-az5': 15, 'r7gd.medium_use1-az6': 20, 'r7i.12xlarge_use1-az4': 1, 'r7i.12xlarge_use1-az6': 10, 'r7i.16xlarge_use1-az1': 5, 'r7i.16xlarge_use1-az5': 5, 'r7i.24xlarge_use1-az1': 1, 'r7i.24xlarge_use1-az2': 1, 'r7i.24xlarge_use1-az4': 5, 'r7i.24xlarge_use1-az6': 5, 'r7i.48xlarge_use1-az2': 1, 'r7i.4xlarge_use1-az5': 1, 'r7i.4xlarge_use1-az6': 50, 'r7i.8xlarge_use1-az1': 5, 'r7i.8xlarge_use1-az2': 25, 'r7i.8xlarge_use1-az4': 25, 'r7i.8xlarge_use1-az6': 50, 'r7i.large_use1-az6': 50, 'r7i.xlarge_use1-az6': 50, 'r8g.12xlarge_use1-az2': 5, 'r8g.12xlarge_use1-az4': 5, 'r8g.12xlarge_use1-az6': 15, 'r8g.16xlarge_use1-az1': 1, 'r8g.16xlarge_use1-az2': 50, 'r8g.16xlarge_use1-az4': 50, 'r8g.16xlarge_use1-az5': 5, 'r8g.16xlarge_use1-az6': 50, 'r8g.24xlarge_use1-az2': 10, 'r8g.24xlarge_use1-az4': 5, 'r8g.24xlarge_use1-az5': 5, 'r8g.24xlarge_use1-az6': 35, 'r8g.2xlarge_use1-az5': 1, 'r8g.48xlarge_use1-az2': 1, 'r8g.48xlarge_use1-az4': 5, 'r8g.48xlarge_use1-az6': 5, 'r8g.4xlarge_use1-az2': 10, 'r8g.4xlarge_use1-az4': 35, 'r8g.4xlarge_use1-az5': 5, 'r8g.4xlarge_use1-az6': 50, 'r8g.8xlarge_use1-az2': 40, 'r8g.8xlarge_use1-az4': 15, 'r8g.8xlarge_use1-az5': 1, 'r8g.8xlarge_use1-az6': 50, 'r8g.large_use1-az2': 30, 'r8g.large_use1-az4': 15, 'r8g.large_use1-az5': 10, 'r8g.large_use1-az6': 20, 'r8g.medium_use1-az1': 15, 'r8g.medium_use1-az2': 30, 'r8g.medium_use1-az4': 20, 'r8g.medium_use1-az5': 5, 'r8g.medium_use1-az6': 15, 'r8g.xlarge_use1-az2': 10, 'r8g.xlarge_use1-az4': 5, 'r8g.xlarge_use1-az5': 5, 'r8g.xlarge_use1-az6': 10, 'r8gb.medium_use1-az2': 50, 'r8gb.metal-24xl_use1-az6': 1, 'r8gd.12xlarge_use1-az5': 1, 'r8gd.24xlarge_use1-az2': 1, 'r8gd.24xlarge_use1-az5': 1, 'r8gd.24xlarge_use1-az6': 25, 'r8gd.48xlarge_use1-az6': 50, 'r8gd.large_use1-az2': 50, 'r8gd.large_use1-az5': 1, 'r8gd.large_use1-az6': 50, 'r8gd.medium_use1-az1': 5, 'r8gd.medium_use1-az2': 5, 'r8gd.medium_use1-az4': 5, 'r8gd.medium_use1-az5': 10, 'r8gd.metal-24xl_use1-az6': 1, 'r8gd.metal-48xl_use1-az6': 1, 'r8gd.xlarge_use1-az4': 1, 'r8gd.xlarge_use1-az5': 50, 'r8gn.48xlarge_use1-az6': 1, 'r8gn.medium_use1-az2': 35, 'r8gn.medium_use1-az4': 40, 'r8gn.metal-24xl_use1-az2': 1, 'r8gn.metal-24xl_use1-az6': 1, 'r8i-flex.2xlarge_use1-az6': 5, 'r8i-flex.large_use1-az2': 1, 'r8i-flex.large_use1-az6': 5, 'r8i.96xlarge_use1-az2': 1, 'r8i.96xlarge_use1-az6': 1, 'r8i.large_use1-az2': 20, 'r8i.large_use1-az6': 20, 't2.2xlarge_use1-az1': 50, 't2.2xlarge_use1-az2': 50, 't2.2xlarge_use1-az3': 15, 't2.2xlarge_use1-az4': 50, 't2.2xlarge_use1-az5': 50, 't2.2xlarge_use1-az6': 50, 't2.large_use1-az2': 50, 't2.large_use1-az4': 50, 't2.large_use1-az5': 25, 't2.large_use1-az6': 50, 't2.medium_use1-az2': 50, 't2.medium_use1-az4': 50, 't2.medium_use1-az5': 50, 't2.medium_use1-az6': 50, 't2.xlarge_use1-az2': 50, 't2.xlarge_use1-az3': 20, 't2.xlarge_use1-az4': 50, 't2.xlarge_use1-az5': 5, 't2.xlarge_use1-az6': 50, 't3.2xlarge_use1-az1': 50, 't3.2xlarge_use1-az2': 50, 't3.2xlarge_use1-az4': 50, 't3.2xlarge_use1-az5': 50, 't3.2xlarge_use1-az6': 50, 't3.large_use1-az1': 50, 't3.large_use1-az5': 50, 't3.medium_use1-az2': 50, 't3.medium_use1-az5': 50, 't3.xlarge_use1-az5': 50, 't3a.2xlarge_use1-az2': 50, 't3a.2xlarge_use1-az4': 50, 't3a.2xlarge_use1-az5': 50, 't3a.2xlarge_use1-az6': 50, 't3a.large_use1-az2': 50, 't3a.large_use1-az4': 50, 't3a.large_use1-az5': 5, 't3a.xlarge_use1-az2': 50, 't3a.xlarge_use1-az4': 50, 't3a.xlarge_use1-az5': 15, 't3a.xlarge_use1-az6': 50, 't4g.2xlarge_use1-az1': 5, 't4g.2xlarge_use1-az2': 15, 't4g.2xlarge_use1-az4': 5, 't4g.2xlarge_use1-az5': 10, 't4g.2xlarge_use1-az6': 10, 't4g.large_use1-az2': 15, 't4g.large_use1-az4': 50, 't4g.large_use1-az5': 25, 't4g.large_use1-az6': 35, 't4g.medium_use1-az2': 50, 't4g.medium_use1-az4': 50, 't4g.medium_use1-az5': 35, 't4g.medium_use1-az6': 50, 't4g.xlarge_use1-az2': 15, 't4g.xlarge_use1-az4': 50, 't4g.xlarge_use1-az5': 5, 't4g.xlarge_use1-az6': 10, 'trn1.32xlarge_use1-az6': 50, 'trn1n.32xlarge_use1-az6': 50, 'x8g.24xlarge_use1-az4': 5, 'x8g.48xlarge_use1-az1': 1, 'x8g.48xlarge_use1-az2': 1, 'x8g.48xlarge_use1-az4': 10, 'x8g.48xlarge_use1-az6': 1, 'x8g.medium_use1-az1': 50, 'x8g.medium_use1-az4': 50, 'x8g.medium_use1-az6': 50, 'x8g.metal-24xl_use1-az1': 1, 'x8g.metal-24xl_use1-az2': 1, 'x8g.metal-24xl_use1-az6': 10, 'x8g.metal-48xl_use1-az2': 1, 'x8g.metal-48xl_use1-az4': 1, 'x8g.metal-48xl_use1-az6': 1, 'z1d.large_use1-az5': 10}"
0.47000000000000003,8413.472999999987,14356505513,1706370.9022194475,516865,516765,"{'c6a.48xlarge_use1-az2': 1, 'c6a.48xlarge_use1-az4': 10, 'c6a.48xlarge_use1-az5': 5, 'c6a.48xlarge_use1-az6': 25, 'c6g.16xlarge_use1-az5': 5, 'c6gd.12xlarge_use1-az2': 50, 'c6gd.12xlarge_use1-az4': 30, 'c6gd.12xlarge_use1-az6': 50, 'c6gd.16xlarge_use1-az2': 50, 'c6gd.16xlarge_use1-az4': 30, 'c6gd.16xlarge_use1-az6': 50, 'c6gd.2xlarge_use1-az2': 50, 'c6gd.2xlarge_use1-az4': 50, 'c6gd.2xlarge_use1-az6': 50, 'c6gd.8xlarge_use1-az4': 45, 'c7a.48xlarge_use1-az1': 1, 'c7g.12xlarge_use1-az1': 15, 'c7g.12xlarge_use1-az4': 15, 'c7g.12xlarge_use1-az5': 1, 'c7g.12xlarge_use1-az6': 50, 'c7g.16xlarge_use1-az5': 10, 'c7g.16xlarge_use1-az6': 50, 'c7g.2xlarge_use1-az5': 50, 'c7gd.2xlarge_use1-az4': 50, 'c7i.48xlarge_use1-az5': 1, 'c7i.large_use1-az2': 50, 'c7i.large_use1-az6': 50, 'c8g.12xlarge_use1-az1': 1, 'c8g.12xlarge_use1-az4': 1, 'c8g.16xlarge_use1-az1': 10, 'c8g.16xlarge_use1-az2': 5, 'c8g.24xlarge_use1-az1': 5, 'c8g.24xlarge_use1-az4': 1, 'c8g.24xlarge_use1-az6': 25, 'c8g.2xlarge_use1-az2': 5, 'c8g.2xlarge_use1-az4': 50, 'c8g.48xlarge_use1-az1': 1, 'c8g.48xlarge_use1-az2': 5, 'c8g.48xlarge_use1-az6': 50, 'c8g.4xlarge_use1-az2': 15, 'c8g.4xlarge_use1-az4': 20, 'c8g.4xlarge_use1-az6': 50, 'c8g.8xlarge_use1-az6': 50, 'c8g.large_use1-az5': 1, 'c8g.metal-24xl_use1-az6': 20, 'c8g.metal-48xl_use1-az1': 1, 'c8g.metal-48xl_use1-az2': 1, 'c8g.metal-48xl_use1-az6': 50, 'c8gd.metal-24xl_use1-az6': 5, 'c8gd.metal-48xl_use1-az2': 1, 'c8i.metal-96xl_use1-az6': 5, 'f2.48xlarge_use1-az4': 5, 'f2.48xlarge_use1-az6': 1, 'g4ad.16xlarge_use1-az6': 10, 'g4dn.16xlarge_use1-az1': 1, 'g4dn.16xlarge_use1-az2': 10, 'g4dn.16xlarge_use1-az4': 1, 'g4dn.16xlarge_use1-az5': 5, 'g4dn.16xlarge_use1-az6': 15, 'g5.16xlarge_use1-az2': 1, 'g5.16xlarge_use1-az4': 5, 'g5.16xlarge_use1-az5': 5, 'g5.16xlarge_use1-az6': 10, 'g5g.16xlarge_use1-az6': 5, 'g6.16xlarge_use1-az1': 1, 'g6.16xlarge_use1-az2': 1, 'g6.16xlarge_use1-az4': 1, 'g6.16xlarge_use1-az6': 5, 'g6.24xlarge_use1-az2': 1, 'g6.48xlarge_use1-az4': 30, 'g6.48xlarge_use1-az6': 50, 'g6.8xlarge_use1-az1': 5, 'g6.8xlarge_use1-az2': 5, 'g6f.2xlarge_use1-az1': 1, 'g6f.2xlarge_use1-az6': 5, 'g6f.large_use1-az1': 10, 'g6f.large_use1-az2': 15, 'g6f.large_use1-az6': 20, 'g6f.xlarge_use1-az1': 1, 'g6f.xlarge_use1-az2': 1, 'g6f.xlarge_use1-az4': 5, 'g6f.xlarge_use1-az6': 10, 'gr6.8xlarge_use1-az1': 1, 'gr6.8xlarge_use1-az2': 1, 'gr6.8xlarge_use1-az4': 1, 'gr6.8xlarge_use1-az6': 1, 'i4i.large_use1-az2': 50, 'i4i.large_use1-az4': 50, 'i4i.large_use1-az5': 50, 'i4i.large_use1-az6': 50, 'i7i.metal-24xl_use1-az4': 50, 'i7i.metal-24xl_use1-az6': 35, 'i7i.xlarge_use1-az6': 20, 'i7ie.metal-48xl_use1-az6': 10, 'i8g.12xlarge_use1-az6': 1, 'i8g.24xlarge_use1-az6': 10, 'i8g.2xlarge_use1-az2': 1, 'i8g.8xlarge_use1-az6': 5, 'i8g.large_use1-az6': 5, 'i8g.xlarge_use1-az4': 1, 'i8g.xlarge_use1-az6': 1, 'i8ge.18xlarge_use1-az4': 1, 'i8ge.24xlarge_use1-az4': 1, 'i8ge.48xlarge_use1-az4': 5, 'i8ge.metal-24xl_use1-az4': 1, 'i8ge.metal-48xl_use1-az6': 1, 'inf2.24xlarge_use1-az4': 1, 'inf2.24xlarge_use1-az6': 10, 'inf2.48xlarge_use1-az6': 15, 'inf2.8xlarge_use1-az2': 5, 'inf2.8xlarge_use1-az4': 5, 'inf2.8xlarge_use1-az5': 1, 'inf2.8xlarge_use1-az6': 1, 'is4gen.medium_use1-az6': 30, 'm4.10xlarge_use1-az3': 1, 'm5.12xlarge_use1-az2': 25, 'm5.12xlarge_use1-az4': 50, 'm5.12xlarge_use1-az5': 1, 'm5.12xlarge_use1-az6': 40, 'm5.16xlarge_use1-az1': 10, 'm5.16xlarge_use1-az2': 50, 'm5.16xlarge_use1-az4': 50, 'm5.16xlarge_use1-az5': 1, 'm5.16xlarge_use1-az6': 50, 'm5.24xlarge_use1-az1': 5, 'm5.24xlarge_use1-az2': 5, 'm5.24xlarge_use1-az4': 5, 'm5.24xlarge_use1-az5': 1, 'm5.24xlarge_use1-az6': 35, 'm5.8xlarge_use1-az1': 50, 'm5.8xlarge_use1-az2': 40, 'm5.8xlarge_use1-az4': 50, 'm5.8xlarge_use1-az5': 1, 'm5.8xlarge_use1-az6': 50, 'm5.large_use1-az5': 50, 'm5.xlarge_use1-az6': 50, 'm5a.16xlarge_use1-az4': 1, 'm5a.24xlarge_use1-az1': 1, 'm5a.24xlarge_use1-az2': 1, 'm5a.24xlarge_use1-az4': 1, 'm5a.24xlarge_use1-az5': 5, 'm6a.12xlarge_use1-az1': 5, 'm6a.12xlarge_use1-az2': 5, 'm6a.12xlarge_use1-az4': 15, 'm6a.12xlarge_use1-az6': 10, 'm6a.16xlarge_use1-az1': 5, 'm6a.16xlarge_use1-az2': 5, 'm6a.16xlarge_use1-az4': 5, 'm6a.16xlarge_use1-az6': 5, 'm6a.24xlarge_use1-az1': 1, 'm6a.24xlarge_use1-az2': 1, 'm6a.24xlarge_use1-az4': 1, 'm6a.24xlarge_use1-az6': 1, 'm6a.2xlarge_use1-az1': 50, 'm6a.2xlarge_use1-az2': 35, 'm6a.2xlarge_use1-az4': 45, 'm6a.2xlarge_use1-az5': 15, 'm6a.2xlarge_use1-az6': 50, 'm6a.32xlarge_use1-az2': 1, 'm6a.32xlarge_use1-az4': 1, 'm6a.32xlarge_use1-az5': 1, 'm6a.32xlarge_use1-az6': 1, 'm6a.48xlarge_use1-az2': 1, 'm6a.48xlarge_use1-az4': 1, 'm6a.48xlarge_use1-az6': 1, 'm6a.4xlarge_use1-az1': 45, 'm6a.4xlarge_use1-az2': 40, 'm6a.4xlarge_use1-az5': 5, 'm6a.4xlarge_use1-az6': 50, 'm6a.8xlarge_use1-az1': 25, 'm6a.8xlarge_use1-az2': 15, 'm6a.8xlarge_use1-az4': 50, 'm6a.8xlarge_use1-az5': 10, 'm6a.8xlarge_use1-az6': 50, 'm6a.large_use1-az1': 50, 'm6a.large_use1-az2': 50, 'm6a.large_use1-az4': 50, 'm6a.large_use1-az5': 30, 'm6a.large_use1-az6': 50, 'm6a.xlarge_use1-az1': 50, 'm6a.xlarge_use1-az2': 50, 'm6a.xlarge_use1-az4': 50, 'm6a.xlarge_use1-az5': 35, 'm6a.xlarge_use1-az6': 50, 'm6g.12xlarge_use1-az1': 1, 'm6g.12xlarge_use1-az2': 5, 'm6g.12xlarge_use1-az4': 50, 'm6g.12xlarge_use1-az6': 50, 'm6g.16xlarge_use1-az1': 1, 'm6g.16xlarge_use1-az2': 5, 'm6g.16xlarge_use1-az4': 25, 'm6g.16xlarge_use1-az6': 50, 'm6g.2xlarge_use1-az2': 50, 'm6g.2xlarge_use1-az4': 50, 'm6g.2xlarge_use1-az6': 50, 'm6g.4xlarge_use1-az4': 50, 'm6g.4xlarge_use1-az6': 50, 'm6g.8xlarge_use1-az4': 50, 'm6g.8xlarge_use1-az6': 50, 'm6g.medium_use1-az1': 5, 'm6g.medium_use1-az2': 5, 'm6g.medium_use1-az4': 10, 'm6g.medium_use1-az5': 1, 'm6g.medium_use1-az6': 15, 'm6g.xlarge_use1-az2': 50, 'm6g.xlarge_use1-az4': 50, 'm6g.xlarge_use1-az6': 50, 'm6gd.12xlarge_use1-az2': 40, 'm6gd.12xlarge_use1-az4': 20, 'm6gd.12xlarge_use1-az5': 5, 'm6gd.12xlarge_use1-az6': 50, 'm6gd.16xlarge_use1-az5': 10, 'm6gd.8xlarge_use1-az4': 15, 'm6gd.8xlarge_use1-az5': 1, 'm6gd.medium_use1-az1': 1, 'm6gd.medium_use1-az2': 1, 'm6gd.medium_use1-az4': 1, 'm6gd.medium_use1-az5': 5, 'm6gd.medium_use1-az6': 1, 'm6i.12xlarge_use1-az1': 1, 'm6i.12xlarge_use1-az2': 10, 'm6i.12xlarge_use1-az4': 50, 'm6i.12xlarge_use1-az5': 1, 'm6i.12xlarge_use1-az6': 30, 'm6i.24xlarge_use1-az2': 10, 'm6i.24xlarge_use1-az4': 5, 'm6i.24xlarge_use1-az5': 1, 'm6i.24xlarge_use1-az6': 50, 'm6i.2xlarge_use1-az1': 25, 'm6i.32xlarge_use1-az2': 1, 'm6i.32xlarge_use1-az5': 1, 'm6i.32xlarge_use1-az6': 15, 'm6i.4xlarge_use1-az2': 50, 'm6i.4xlarge_use1-az4': 50, 'm6i.4xlarge_use1-az5': 50, 'm6i.4xlarge_use1-az6': 50, 'm6i.8xlarge_use1-az2': 50, 'm6i.8xlarge_use1-az4': 50, 'm6i.8xlarge_use1-az5': 20, 'm6i.8xlarge_use1-az6': 50, 'm6i.large_use1-az1': 25, 'm6i.large_use1-az2': 50, 'm6i.large_use1-az4': 50, 'm6i.large_use1-az5': 50, 'm6i.large_use1-az6': 50, 'm6i.xlarge_use1-az2': 50, 'm6i.xlarge_use1-az4': 50, 'm6i.xlarge_use1-az6': 50, 'm6id.12xlarge_use1-az1': 1, 'm6id.12xlarge_use1-az2': 1, 'm6id.12xlarge_use1-az4': 1, 'm6id.12xlarge_use1-az6': 1, 'm6id.16xlarge_use1-az1': 1, 'm6id.16xlarge_use1-az6': 1, 'm6id.24xlarge_use1-az1': 10, 'm6id.24xlarge_use1-az2': 15, 'm6id.24xlarge_use1-az4': 35, 'm6id.24xlarge_use1-az5': 5, 'm6id.2xlarge_use1-az5': 1, 'm6id.32xlarge_use1-az1': 10, 'm6id.32xlarge_use1-az4': 5, 'm6id.32xlarge_use1-az5': 1, 'm6id.4xlarge_use1-az1': 15, 'm6id.4xlarge_use1-az4': 5, 'm6id.8xlarge_use1-az1': 1, 'm6id.8xlarge_use1-az5': 1, 'm6id.xlarge_use1-az1': 20, 'm6id.xlarge_use1-az2': 45, 'm6id.xlarge_use1-az4': 15, 'm6idn.large_use1-az5': 10, 'm6in.large_use1-az1': 5, 'm6in.large_use1-az2': 10, 'm6in.large_use1-az4': 5, 'm6in.large_use1-az5': 1, 'm6in.large_use1-az6': 1, 'm7a.12xlarge_use1-az2': 1, 'm7a.12xlarge_use1-az6': 20, 'm7a.16xlarge_use1-az2': 1, 'm7a.16xlarge_use1-az6': 40, 'm7a.24xlarge_use1-az2': 1, 'm7a.24xlarge_use1-az6': 50, 'm7a.2xlarge_use1-az2': 15, 'm7a.2xlarge_use1-az4': 10, 'm7a.2xlarge_use1-az6': 50, 'm7a.32xlarge_use1-az6': 20, 'm7a.48xlarge_use1-az6': 40, 'm7a.4xlarge_use1-az1': 10, 'm7a.4xlarge_use1-az2': 5, 'm7a.4xlarge_use1-az4': 10, 'm7a.4xlarge_use1-az6': 25, 'm7a.8xlarge_use1-az1': 1, 'm7a.8xlarge_use1-az2': 5, 'm7a.8xlarge_use1-az4': 1, 'm7a.8xlarge_use1-az6': 50, 'm7a.large_use1-az1': 15, 'm7a.large_use1-az2': 50, 'm7a.large_use1-az4': 50, 'm7a.large_use1-az5': 5, 'm7a.large_use1-az6': 50, 'm7a.medium_use1-az1': 10, 'm7a.medium_use1-az2': 50, 'm7a.medium_use1-az4': 50, 'm7a.medium_use1-az6': 50, 'm7a.xlarge_use1-az1': 5, 'm7a.xlarge_use1-az2': 40, 'm7a.xlarge_use1-az4': 50, 'm7a.xlarge_use1-az6': 50, 'm7g.12xlarge_use1-az1': 1, 'm7g.12xlarge_use1-az2': 10, 'm7g.12xlarge_use1-az4': 45, 'm7g.12xlarge_use1-az5': 1, 'm7g.12xlarge_use1-az6': 50, 'm7g.16xlarge_use1-az1': 1, 'm7g.16xlarge_use1-az2': 30, 'm7g.16xlarge_use1-az4': 35, 'm7g.16xlarge_use1-az5': 1, 'm7g.16xlarge_use1-az6': 50, 'm7g.2xlarge_use1-az2': 50, 'm7g.2xlarge_use1-az4': 50, 'm7g.2xlarge_use1-az5': 15, 'm7g.2xlarge_use1-az6': 50, 'm7g.4xlarge_use1-az2': 30, 'm7g.4xlarge_use1-az4': 50, 'm7g.4xlarge_use1-az5': 10, 'm7g.4xlarge_use1-az6': 50, 'm7g.8xlarge_use1-az1': 1, 'm7g.8xlarge_use1-az2': 15, 'm7g.8xlarge_use1-az4': 40, 'm7g.8xlarge_use1-az5': 1, 'm7g.8xlarge_use1-az6': 50, 'm7g.large_use1-az2': 50, 'm7g.large_use1-az4': 50, 'm7g.large_use1-az5': 30, 'm7g.large_use1-az6': 50, 'm7g.medium_use1-az1': 30, 'm7g.medium_use1-az2': 40, 'm7g.medium_use1-az4': 50, 'm7g.medium_use1-az5': 35, 'm7g.medium_use1-az6': 50, 'm7g.metal_use1-az1': 1, 'm7g.metal_use1-az2': 25, 'm7g.metal_use1-az4': 10, 'm7g.metal_use1-az5': 1, 'm7g.metal_use1-az6': 50, 'm7g.xlarge_use1-az1': 50, 'm7g.xlarge_use1-az2': 50, 'm7g.xlarge_use1-az4': 50, 'm7g.xlarge_use1-az5': 50, 'm7g.xlarge_use1-az6': 50, 'm7gd.12xlarge_use1-az1': 5, 'm7gd.12xlarge_use1-az2': 10, 'm7gd.12xlarge_use1-az4': 1, 'm7gd.12xlarge_use1-az6': 35, 'm7gd.16xlarge_use1-az1': 1, 'm7gd.16xlarge_use1-az2': 30, 'm7gd.16xlarge_use1-az6': 40, 'm7gd.2xlarge_use1-az2': 50, 'm7gd.4xlarge_use1-az2': 10, 'm7gd.4xlarge_use1-az6': 40, 'm7gd.8xlarge_use1-az5': 45, 'm7gd.8xlarge_use1-az6': 50, 'm7gd.large_use1-az6': 50, 'm7gd.medium_use1-az1': 15, 'm7gd.medium_use1-az2': 20, 'm7gd.medium_use1-az4': 15, 'm7gd.medium_use1-az5': 20, 'm7gd.medium_use1-az6': 25, 'm7gd.metal_use1-az1': 5, 'm7gd.metal_use1-az2': 15, 'm7gd.metal_use1-az4': 1, 'm7gd.metal_use1-az6': 15, 'm7gd.xlarge_use1-az5': 1, 'm7i-flex.2xlarge_use1-az1': 50, 'm7i-flex.2xlarge_use1-az2': 50, 'm7i-flex.2xlarge_use1-az4': 15, 'm7i-flex.2xlarge_use1-az5': 10, 'm7i-flex.2xlarge_use1-az6': 50, 'm7i-flex.4xlarge_use1-az2': 5, 'm7i-flex.4xlarge_use1-az4': 5, 'm7i-flex.8xlarge_use1-az1': 1, 'm7i-flex.8xlarge_use1-az2': 5, 'm7i-flex.8xlarge_use1-az4': 5, 'm7i-flex.8xlarge_use1-az5': 1, 'm7i-flex.8xlarge_use1-az6': 10, 'm7i-flex.large_use1-az1': 20, 'm7i-flex.large_use1-az2': 50, 'm7i-flex.large_use1-az4': 25, 'm7i-flex.large_use1-az5': 25, 'm7i-flex.large_use1-az6': 50, 'm7i-flex.xlarge_use1-az2': 50, 'm7i-flex.xlarge_use1-az4': 50, 'm7i-flex.xlarge_use1-az5': 15, 'm7i-flex.xlarge_use1-az6': 50, 'm7i.12xlarge_use1-az1': 1, 'm7i.12xlarge_use1-az2': 5, 'm7i.12xlarge_use1-az4': 15, 'm7i.12xlarge_use1-az6': 50, 'm7i.16xlarge_use1-az1': 5, 'm7i.16xlarge_use1-az2': 10, 'm7i.16xlarge_use1-az4': 10, 'm7i.16xlarge_use1-az6': 50, 'm7i.24xlarge_use1-az2': 5, 'm7i.24xlarge_use1-az4': 5, 'm7i.24xlarge_use1-az6': 50, 'm7i.2xlarge_use1-az1': 1, 'm7i.2xlarge_use1-az2': 50, 'm7i.2xlarge_use1-az4': 50, 'm7i.2xlarge_use1-az6': 50, 'm7i.48xlarge_use1-az1': 1, 'm7i.48xlarge_use1-az2': 5, 'm7i.48xlarge_use1-az4': 20, 'm7i.48xlarge_use1-az6': 50, 'm7i.4xlarge_use1-az1': 1, 'm7i.4xlarge_use1-az2': 25, 'm7i.4xlarge_use1-az4': 10, 'm7i.4xlarge_use1-az6': 50, 'm7i.8xlarge_use1-az2': 20, 'm7i.large_use1-az1': 50, 'm7i.large_use1-az2': 50, 'm7i.large_use1-az4': 50, 'm7i.large_use1-az5': 1, 'm7i.large_use1-az6': 50, 'm7i.xlarge_use1-az2': 35, 'm7i.xlarge_use1-az4': 50, 'm7i.xlarge_use1-az6': 50, 'm8g.12xlarge_use1-az2': 10, 'm8g.12xlarge_use1-az4': 10, 'm8g.12xlarge_use1-az5': 1, 'm8g.12xlarge_use1-az6': 35, 'm8g.16xlarge_use1-az2': 5, 'm8g.16xlarge_use1-az4': 5, 'm8g.16xlarge_use1-az5': 5, 'm8g.16xlarge_use1-az6': 45, 'm8g.24xlarge_use1-az2': 5, 'm8g.24xlarge_use1-az4': 1, 'm8g.24xlarge_use1-az5': 1, 'm8g.24xlarge_use1-az6': 25, 'm8g.2xlarge_use1-az4': 10, 'm8g.2xlarge_use1-az5': 10, 'm8g.48xlarge_use1-az2': 5, 'm8g.48xlarge_use1-az4': 5, 'm8g.48xlarge_use1-az6': 20, 'm8g.4xlarge_use1-az2': 5, 'm8g.4xlarge_use1-az4': 5, 'm8g.4xlarge_use1-az5': 1, 'm8g.4xlarge_use1-az6': 40, 'm8g.8xlarge_use1-az2': 10, 'm8g.8xlarge_use1-az4': 20, 'm8g.8xlarge_use1-az5': 1, 'm8g.8xlarge_use1-az6': 40, 'm8g.large_use1-az2': 20, 'm8g.large_use1-az6': 45, 'm8g.medium_use1-az1': 1, 'm8g.medium_use1-az2': 15, 'm8g.metal-48xl_use1-az2': 5, 'm8g.metal-48xl_use1-az6': 25, 'm8g.xlarge_use1-az1': 1, 'm8g.xlarge_use1-az5': 15, 'm8g.xlarge_use1-az6': 50, 'm8gd.16xlarge_use1-az5': 1, 'm8gd.8xlarge_use1-az5': 1, 'm8gd.8xlarge_use1-az6': 5, 'm8gd.large_use1-az5': 1, 'm8gd.large_use1-az6': 1, 'm8gd.medium_use1-az6': 1, 'm8gd.xlarge_use1-az1': 1, 'm8gd.xlarge_use1-az5': 1, 'm8i-flex.16xlarge_use1-az6': 5, 'm8i-flex.2xlarge_use1-az2': 10, 'm8i-flex.2xlarge_use1-az6': 50, 'm8i-flex.4xlarge_use1-az6': 5, 'm8i-flex.8xlarge_use1-az6': 1, 'm8i-flex.large_use1-az2': 5, 'm8i-flex.xlarge_use1-az2': 10, 'm8i-flex.xlarge_use1-az6': 50, 'm8i.16xlarge_use1-az4': 1, 'm8i.16xlarge_use1-az6': 1, 'm8i.24xlarge_use1-az6': 1, 'm8i.2xlarge_use1-az2': 10, 'm8i.2xlarge_use1-az4': 1, 'm8i.2xlarge_use1-az6': 10, 'm8i.32xlarge_use1-az6': 5, 'm8i.48xlarge_use1-az2': 1, 'm8i.48xlarge_use1-az6': 5, 'm8i.4xlarge_use1-az4': 1, 'm8i.8xlarge_use1-az2': 1, 'm8i.8xlarge_use1-az4': 1, 'm8i.8xlarge_use1-az6': 20, 'm8i.96xlarge_use1-az6': 1, 'm8i.large_use1-az4': 25, 'm8i.metal-48xl_use1-az6': 1, 'm8i.metal-96xl_use1-az6': 1, 'm8i.xlarge_use1-az2': 30, 'm8i.xlarge_use1-az4': 10, 'r5.16xlarge_use1-az1': 5, 'r5.16xlarge_use1-az4': 35, 'r5.16xlarge_use1-az5': 30, 'r5.16xlarge_use1-az6': 5, 'r5.24xlarge_use1-az5': 5, 'r5.8xlarge_use1-az5': 5, 'r5.xlarge_use1-az4': 50, 'r6a.12xlarge_use1-az1': 1, 'r6a.12xlarge_use1-az4': 5, 'r6a.12xlarge_use1-az6': 10, 'r6a.16xlarge_use1-az1': 5, 'r6a.16xlarge_use1-az2': 15, 'r6a.16xlarge_use1-az4': 30, 'r6a.16xlarge_use1-az5': 15, 'r6a.16xlarge_use1-az6': 40, 'r6a.24xlarge_use1-az2': 5, 'r6a.24xlarge_use1-az4': 1, 'r6a.24xlarge_use1-az5': 1, 'r6a.24xlarge_use1-az6': 5, 'r6a.32xlarge_use1-az2': 5, 'r6a.32xlarge_use1-az4': 5, 'r6a.32xlarge_use1-az5': 5, 'r6a.32xlarge_use1-az6': 5, 'r6a.48xlarge_use1-az2': 5, 'r6a.48xlarge_use1-az4': 5, 'r6a.48xlarge_use1-az5': 5, 'r6a.48xlarge_use1-az6': 1, 'r6a.4xlarge_use1-az6': 50, 'r6a.8xlarge_use1-az1': 20, 'r6a.8xlarge_use1-az2': 50, 'r6a.8xlarge_use1-az4': 50, 'r6a.8xlarge_use1-az5': 50, 'r6a.8xlarge_use1-az6': 50, 'r6a.large_use1-az1': 50, 'r6a.large_use1-az2': 50, 'r6a.large_use1-az4': 50, 'r6a.large_use1-az5': 50, 'r6a.large_use1-az6': 50, 'r6a.xlarge_use1-az1': 50, 'r6a.xlarge_use1-az2': 50, 'r6a.xlarge_use1-az4': 50, 'r6a.xlarge_use1-az5': 50, 'r6a.xlarge_use1-az6': 50, 'r6g.12xlarge_use1-az2': 50, 'r6g.12xlarge_use1-az4': 45, 'r6g.12xlarge_use1-az5': 10, 'r6g.12xlarge_use1-az6': 50, 'r6g.16xlarge_use1-az2': 50, 'r6g.16xlarge_use1-az4': 50, 'r6g.16xlarge_use1-az5': 50, 'r6g.16xlarge_use1-az6': 50, 'r6g.2xlarge_use1-az5': 10, 'r6g.4xlarge_use1-az2': 50, 'r6g.4xlarge_use1-az5': 50, 'r6g.8xlarge_use1-az4': 50, 'r6g.8xlarge_use1-az5': 50, 'r6g.8xlarge_use1-az6': 50, 'r6g.large_use1-az6': 50, 'r6g.medium_use1-az1': 1, 'r6g.medium_use1-az2': 10, 'r6g.medium_use1-az4': 15, 'r6g.medium_use1-az5': 15, 'r6g.medium_use1-az6': 35, 'r6gd.12xlarge_use1-az4': 10, 'r6gd.12xlarge_use1-az5': 1, 'r6gd.12xlarge_use1-az6': 10, 'r6gd.16xlarge_use1-az6': 45, 'r6i.12xlarge_use1-az2': 5, 'r6i.12xlarge_use1-az4': 5, 'r6i.12xlarge_use1-az6': 10, 'r6i.16xlarge_use1-az4': 10, 'r6i.16xlarge_use1-az5': 10, 'r6i.16xlarge_use1-az6': 1, 'r6i.24xlarge_use1-az4': 10, 'r6i.24xlarge_use1-az5': 1, 'r6i.24xlarge_use1-az6': 5, 'r6i.32xlarge_use1-az4': 1, 'r6i.32xlarge_use1-az5': 1, 'r6i.32xlarge_use1-az6': 1, 'r6i.8xlarge_use1-az1': 5, 'r6i.8xlarge_use1-az4': 10, 'r6i.8xlarge_use1-az5': 5, 'r6i.8xlarge_use1-az6': 10, 'r6i.large_use1-az5': 20, 'r6id.16xlarge_use1-az1': 5, 'r6id.16xlarge_use1-az5': 1, 'r6id.16xlarge_use1-az6': 20, 'r6id.32xlarge_use1-az1': 1, 'r6id.32xlarge_use1-az6': 10, 'r6in.16xlarge_use1-az4': 1, 'r6in.16xlarge_use1-az5': 1, 'r6in.16xlarge_use1-az6': 5, 'r6in.large_use1-az1': 45, 'r6in.large_use1-az2': 50, 'r6in.large_use1-az5': 40, 'r6in.large_use1-az6': 50, 'r7a.12xlarge_use1-az1': 1, 'r7a.12xlarge_use1-az2': 1, 'r7a.12xlarge_use1-az4': 5, 'r7a.12xlarge_use1-az6': 20, 'r7a.16xlarge_use1-az2': 15, 'r7a.16xlarge_use1-az4': 30, 'r7a.16xlarge_use1-az6': 50, 'r7a.24xlarge_use1-az2': 10, 'r7a.24xlarge_use1-az4': 10, 'r7a.24xlarge_use1-az6': 35, 'r7a.32xlarge_use1-az2': 1, 'r7a.32xlarge_use1-az4': 1, 'r7a.32xlarge_use1-az6': 50, 'r7a.48xlarge_use1-az2': 5, 'r7a.48xlarge_use1-az4': 5, 'r7a.48xlarge_use1-az6': 50, 'r7a.8xlarge_use1-az1': 5, 'r7a.8xlarge_use1-az2': 20, 'r7a.8xlarge_use1-az4': 50, 'r7a.8xlarge_use1-az6': 50, 'r7a.medium_use1-az2': 25, 'r7a.medium_use1-az6': 50, 'r7g.12xlarge_use1-az1': 1, 'r7g.12xlarge_use1-az2': 5, 'r7g.12xlarge_use1-az4': 50, 'r7g.12xlarge_use1-az5': 1, 'r7g.12xlarge_use1-az6': 5, 'r7g.16xlarge_use1-az1': 5, 'r7g.16xlarge_use1-az2': 30, 'r7g.16xlarge_use1-az4': 50, 'r7g.16xlarge_use1-az5': 5, 'r7g.16xlarge_use1-az6': 50, 'r7g.2xlarge_use1-az5': 5, 'r7g.4xlarge_use1-az2': 5, 'r7g.4xlarge_use1-az4': 50, 'r7g.4xlarge_use1-az6': 15, 'r7g.8xlarge_use1-az1': 1, 'r7g.8xlarge_use1-az4': 50, 'r7g.8xlarge_use1-az6': 50, 'r7g.large_use1-az2': 50, 'r7g.large_use1-az4': 50, 'r7g.large_use1-az5': 40, 'r7g.large_use1-az6': 40, 'r7g.medium_use1-az1': 50, 'r7g.medium_use1-az2': 50, 'r7g.medium_use1-az4': 50, 'r7g.medium_use1-az5': 25, 'r7g.medium_use1-az6': 50, 'r7g.xlarge_use1-az1': 50, 'r7g.xlarge_use1-az2': 50, 'r7g.xlarge_use1-az4': 50, 'r7g.xlarge_use1-az5': 10, 'r7g.xlarge_use1-az6': 50, 'r7gd.12xlarge_use1-az4': 35, 'r7gd.12xlarge_use1-az5': 10, 'r7gd.12xlarge_use1-az6': 50, 'r7gd.16xlarge_use1-az1': 5, 'r7gd.16xlarge_use1-az2': 50, 'r7gd.16xlarge_use1-az4': 50, 'r7gd.16xlarge_use1-az6': 50, 'r7gd.8xlarge_use1-az6': 50, 'r7gd.large_use1-az4': 50, 'r7gd.large_use1-az5': 15, 'r7gd.large_use1-az6': 35, 'r7gd.medium_use1-az1': 35, 'r7gd.medium_use1-az2': 15, 'r7gd.medium_use1-az4': 25, 'r7gd.medium_use1-az5': 15, 'r7gd.medium_use1-az6': 20, 'r7i.12xlarge_use1-az4': 1, 'r7i.12xlarge_use1-az6': 10, 'r7i.16xlarge_use1-az1': 5, 'r7i.16xlarge_use1-az5': 5, 'r7i.16xlarge_use1-az6': 50, 'r7i.24xlarge_use1-az1': 1, 'r7i.24xlarge_use1-az2': 1, 'r7i.24xlarge_use1-az4': 5, 'r7i.24xlarge_use1-az6': 5, 'r7i.48xlarge_use1-az2': 1, 'r7i.4xlarge_use1-az5': 1, 'r7i.4xlarge_use1-az6': 50, 'r7i.8xlarge_use1-az1': 5, 'r7i.8xlarge_use1-az2': 25, 'r7i.8xlarge_use1-az4': 25, 'r7i.8xlarge_use1-az6': 50, 'r7i.large_use1-az2': 50, 'r7i.large_use1-az5': 15, 'r7i.large_use1-az6': 50, 'r7i.xlarge_use1-az6': 50, 'r8g.12xlarge_use1-az2': 5, 'r8g.12xlarge_use1-az4': 5, 'r8g.12xlarge_use1-az6': 15, 'r8g.16xlarge_use1-az1': 1, 'r8g.16xlarge_use1-az2': 50, 'r8g.16xlarge_use1-az4': 50, 'r8g.16xlarge_use1-az5': 5, 'r8g.16xlarge_use1-az6': 50, 'r8g.24xlarge_use1-az2': 10, 'r8g.24xlarge_use1-az4': 5, 'r8g.24xlarge_use1-az5': 5, 'r8g.24xlarge_use1-az6': 35, 'r8g.2xlarge_use1-az5': 1, 'r8g.2xlarge_use1-az6': 5, 'r8g.48xlarge_use1-az2': 1, 'r8g.48xlarge_use1-az4': 5, 'r8g.48xlarge_use1-az6': 5, 'r8g.4xlarge_use1-az2': 10, 'r8g.4xlarge_use1-az4': 35, 'r8g.4xlarge_use1-az5': 5, 'r8g.4xlarge_use1-az6': 50, 'r8g.8xlarge_use1-az2': 40, 'r8g.8xlarge_use1-az4': 15, 'r8g.8xlarge_use1-az5': 1, 'r8g.8xlarge_use1-az6': 50, 'r8g.large_use1-az1': 5, 'r8g.large_use1-az2': 30, 'r8g.large_use1-az4': 15, 'r8g.large_use1-az5': 10, 'r8g.large_use1-az6': 20, 'r8g.medium_use1-az1': 15, 'r8g.medium_use1-az2': 30, 'r8g.medium_use1-az4': 20, 'r8g.medium_use1-az5': 5, 'r8g.medium_use1-az6': 15, 'r8g.xlarge_use1-az2': 10, 'r8g.xlarge_use1-az4': 5, 'r8g.xlarge_use1-az5': 5, 'r8g.xlarge_use1-az6': 10, 'r8gb.medium_use1-az2': 50, 'r8gb.metal-24xl_use1-az6': 1, 'r8gd.12xlarge_use1-az5': 1, 'r8gd.24xlarge_use1-az2': 1, 'r8gd.24xlarge_use1-az5': 1, 'r8gd.24xlarge_use1-az6': 25, 'r8gd.48xlarge_use1-az6': 50, 'r8gd.large_use1-az2': 50, 'r8gd.large_use1-az5': 1, 'r8gd.large_use1-az6': 50, 'r8gd.medium_use1-az1': 5, 'r8gd.medium_use1-az2': 5, 'r8gd.medium_use1-az4': 5, 'r8gd.medium_use1-az5': 10, 'r8gd.metal-24xl_use1-az6': 1, 'r8gd.metal-48xl_use1-az6': 1, 'r8gd.xlarge_use1-az4': 1, 'r8gd.xlarge_use1-az5': 50, 'r8gn.48xlarge_use1-az6': 1, 'r8gn.medium_use1-az2': 35, 'r8gn.medium_use1-az4': 40, 'r8gn.metal-24xl_use1-az2': 1, 'r8gn.metal-24xl_use1-az6': 1, 'r8i-flex.2xlarge_use1-az6': 5, 'r8i-flex.large_use1-az2': 1, 'r8i-flex.large_use1-az6': 5, 'r8i.12xlarge_use1-az6': 1, 'r8i.48xlarge_use1-az6': 1, 'r8i.96xlarge_use1-az2': 1, 'r8i.96xlarge_use1-az6': 1, 'r8i.large_use1-az2': 20, 'r8i.large_use1-az6': 20, 't2.2xlarge_use1-az1': 50, 't2.2xlarge_use1-az2': 50, 't2.2xlarge_use1-az3': 15, 't2.2xlarge_use1-az4': 50, 't2.2xlarge_use1-az5': 50, 't2.2xlarge_use1-az6': 50, 't2.large_use1-az2': 50, 't2.large_use1-az4': 50, 't2.large_use1-az5': 25, 't2.large_use1-az6': 50, 't2.medium_use1-az2': 50, 't2.medium_use1-az3': 50, 't2.medium_use1-az4': 50, 't2.medium_use1-az5': 50, 't2.medium_use1-az6': 50, 't2.xlarge_use1-az1': 35, 't2.xlarge_use1-az2': 50, 't2.xlarge_use1-az3': 20, 't2.xlarge_use1-az4': 50, 't2.xlarge_use1-az5': 5, 't2.xlarge_use1-az6': 50, 't3.2xlarge_use1-az1': 50, 't3.2xlarge_use1-az2': 50, 't3.2xlarge_use1-az4': 50, 't3.2xlarge_use1-az5': 50, 't3.2xlarge_use1-az6': 50, 't3.large_use1-az1': 50, 't3.large_use1-az5': 50, 't3.medium_use1-az2': 50, 't3.medium_use1-az5': 50, 't3.xlarge_use1-az5': 50, 't3a.2xlarge_use1-az2': 50, 't3a.2xlarge_use1-az4': 50, 't3a.2xlarge_use1-az5': 50, 't3a.2xlarge_use1-az6': 50, 't3a.large_use1-az2': 50, 't3a.large_use1-az4': 50, 't3a.large_use1-az5': 5, 't3a.large_use1-az6': 50, 't3a.xlarge_use1-az2': 50, 't3a.xlarge_use1-az4': 50, 't3a.xlarge_use1-az5': 15, 't3a.xlarge_use1-az6': 50, 't4g.2xlarge_use1-az1': 5, 't4g.2xlarge_use1-az2': 15, 't4g.2xlarge_use1-az4': 5, 't4g.2xlarge_use1-az5': 10, 't4g.2xlarge_use1-az6': 10, 't4g.large_use1-az1': 1, 't4g.large_use1-az2': 15, 't4g.large_use1-az4': 50, 't4g.large_use1-az5': 25, 't4g.large_use1-az6': 35, 't4g.medium_use1-az2': 50, 't4g.medium_use1-az4': 50, 't4g.medium_use1-az5': 35, 't4g.medium_use1-az6': 50, 't4g.xlarge_use1-az2': 15, 't4g.xlarge_use1-az4': 50, 't4g.xlarge_use1-az5': 5, 't4g.xlarge_use1-az6': 10, 'trn1.32xlarge_use1-az6': 50, 'trn1n.32xlarge_use1-az6': 50, 'x8g.24xlarge_use1-az4': 5, 'x8g.24xlarge_use1-az6': 10, 'x8g.48xlarge_use1-az1': 1, 'x8g.48xlarge_use1-az2': 1, 'x8g.48xlarge_use1-az4': 10, 'x8g.48xlarge_use1-az6': 1, 'x8g.medium_use1-az1': 50, 'x8g.medium_use1-az4': 50, 'x8g.medium_use1-az6': 50, 'x8g.metal-24xl_use1-az1': 1, 'x8g.metal-24xl_use1-az2': 1, 'x8g.metal-24xl_use1-az4': 1, 'x8g.metal-24xl_use1-az6': 10, 'x8g.metal-48xl_use1-az2': 1, 'x8g.metal-48xl_use1-az4': 1, 'x8g.metal-48xl_use1-az6': 1, 'z1d.large_use1-az2': 5, 'z1d.large_use1-az5': 10}"
0.48,9125.914299999988,15221232225,1667913.1236074825,552227,552127,"{'c6a.12xlarge_use1-az2': 50, 'c6a.24xlarge_use1-az2': 5, 'c6a.48xlarge_use1-az2': 1, 'c6a.48xlarge_use1-az4': 10, 'c6a.48xlarge_use1-az5': 5, 'c6a.48xlarge_use1-az6': 25, 'c6g.16xlarge_use1-az4': 50, 'c6g.16xlarge_use1-az5': 5, 'c6gd.12xlarge_use1-az2': 50, 'c6gd.12xlarge_use1-az4': 30, 'c6gd.12xlarge_use1-az6': 50, 'c6gd.16xlarge_use1-az2': 50, 'c6gd.16xlarge_use1-az4': 30, 'c6gd.16xlarge_use1-az6': 50, 'c6gd.2xlarge_use1-az2': 50, 'c6gd.2xlarge_use1-az4': 50, 'c6gd.2xlarge_use1-az6': 50, 'c6gd.8xlarge_use1-az4': 45, 'c7a.48xlarge_use1-az1': 1, 'c7a.48xlarge_use1-az2': 1, 'c7g.12xlarge_use1-az1': 15, 'c7g.12xlarge_use1-az4': 15, 'c7g.12xlarge_use1-az5': 1, 'c7g.12xlarge_use1-az6': 50, 'c7g.16xlarge_use1-az5': 10, 'c7g.16xlarge_use1-az6': 50, 'c7g.2xlarge_use1-az5': 50, 'c7gd.2xlarge_use1-az4': 50, 'c7i.48xlarge_use1-az4': 5, 'c7i.48xlarge_use1-az5': 1, 'c7i.large_use1-az2': 50, 'c7i.large_use1-az4': 50, 'c7i.large_use1-az5': 5, 'c7i.large_use1-az6': 50, 'c8g.12xlarge_use1-az1': 1, 'c8g.12xlarge_use1-az4': 1, 'c8g.12xlarge_use1-az6': 25, 'c8g.16xlarge_use1-az1': 10, 'c8g.16xlarge_use1-az2': 5, 'c8g.24xlarge_use1-az1': 5, 'c8g.24xlarge_use1-az2': 10, 'c8g.24xlarge_use1-az4': 1, 'c8g.24xlarge_use1-az6': 25, 'c8g.2xlarge_use1-az1': 5, 'c8g.2xlarge_use1-az2': 5, 'c8g.2xlarge_use1-az4': 50, 'c8g.48xlarge_use1-az1': 1, 'c8g.48xlarge_use1-az2': 5, 'c8g.48xlarge_use1-az6': 50, 'c8g.4xlarge_use1-az2': 15, 'c8g.4xlarge_use1-az4': 20, 'c8g.4xlarge_use1-az6': 50, 'c8g.8xlarge_use1-az6': 50, 'c8g.large_use1-az5': 1, 'c8g.metal-24xl_use1-az6': 20, 'c8g.metal-48xl_use1-az1': 1, 'c8g.metal-48xl_use1-az2': 1, 'c8g.metal-48xl_use1-az6': 50, 'c8gd.2xlarge_use1-az6': 50, 'c8gd.metal-24xl_use1-az6': 5, 'c8gd.metal-48xl_use1-az2': 1, 'c8i.metal-96xl_use1-az6': 5, 'f2.12xlarge_use1-az6': 1, 'f2.48xlarge_use1-az2': 5, 'f2.48xlarge_use1-az4': 5, 'f2.48xlarge_use1-az6': 1, 'g4ad.16xlarge_use1-az1': 5, 'g4ad.16xlarge_use1-az6': 10, 'g4dn.16xlarge_use1-az1': 1, 'g4dn.16xlarge_use1-az2': 10, 'g4dn.16xlarge_use1-az4': 1, 'g4dn.16xlarge_use1-az5': 5, 'g4dn.16xlarge_use1-az6': 15, 'g5.16xlarge_use1-az1': 1, 'g5.16xlarge_use1-az2': 1, 'g5.16xlarge_use1-az4': 5, 'g5.16xlarge_use1-az5': 5, 'g5.16xlarge_use1-az6': 10, 'g5g.16xlarge_use1-az6': 5, 'g6.16xlarge_use1-az1': 1, 'g6.16xlarge_use1-az2': 1, 'g6.16xlarge_use1-az4': 1, 'g6.16xlarge_use1-az6': 5, 'g6.24xlarge_use1-az2': 1, 'g6.48xlarge_use1-az4': 30, 'g6.48xlarge_use1-az6': 50, 'g6.8xlarge_use1-az1': 5, 'g6.8xlarge_use1-az2': 5, 'g6.8xlarge_use1-az4': 10, 'g6f.2xlarge_use1-az1': 1, 'g6f.2xlarge_use1-az6': 5, 'g6f.large_use1-az1': 10, 'g6f.large_use1-az2': 15, 'g6f.large_use1-az6': 20, 'g6f.xlarge_use1-az1': 1, 'g6f.xlarge_use1-az2': 1, 'g6f.xlarge_use1-az4': 5, 'g6f.xlarge_use1-az6': 10, 'gr6.8xlarge_use1-az1': 1, 'gr6.8xlarge_use1-az2': 1, 'gr6.8xlarge_use1-az4': 1, 'gr6.8xlarge_use1-az6': 1, 'i3.large_use1-az2': 50, 'i3.large_use1-az3': 50, 'i3.large_use1-az5': 50, 'i3.large_use1-az6': 50, 'i4i.large_use1-az2': 50, 'i4i.large_use1-az4': 50, 'i4i.large_use1-az5': 50, 'i4i.large_use1-az6': 50, 'i7i.metal-24xl_use1-az2': 1, 'i7i.metal-24xl_use1-az4': 50, 'i7i.metal-24xl_use1-az6': 35, 'i7i.xlarge_use1-az6': 20, 'i7ie.metal-48xl_use1-az6': 10, 'i8g.12xlarge_use1-az6': 1, 'i8g.24xlarge_use1-az6': 10, 'i8g.2xlarge_use1-az2': 1, 'i8g.8xlarge_use1-az6': 5, 'i8g.large_use1-az6': 5, 'i8g.xlarge_use1-az4': 1, 'i8g.xlarge_use1-az6': 1, 'i8ge.18xlarge_use1-az4': 1, 'i8ge.24xlarge_use1-az4': 1, 'i8ge.48xlarge_use1-az4': 5, 'i8ge.metal-24xl_use1-az4': 1, 'i8ge.metal-48xl_use1-az6': 1, 'inf2.24xlarge_use1-az4': 1, 'inf2.24xlarge_use1-az6': 10, 'inf2.48xlarge_use1-az6': 15, 'inf2.8xlarge_use1-az2': 5, 'inf2.8xlarge_use1-az4': 5, 'inf2.8xlarge_use1-az5': 1, 'inf2.8xlarge_use1-az6': 1, 'is4gen.medium_use1-az6': 30, 'm4.10xlarge_use1-az3': 1, 'm4.4xlarge_use1-az3': 50, 'm5.12xlarge_use1-az1': 5, 'm5.12xlarge_use1-az2': 25, 'm5.12xlarge_use1-az4': 50, 'm5.12xlarge_use1-az5': 1, 'm5.12xlarge_use1-az6': 40, 'm5.16xlarge_use1-az1': 10, 'm5.16xlarge_use1-az2': 50, 'm5.16xlarge_use1-az4': 50, 'm5.16xlarge_use1-az5': 1, 'm5.16xlarge_use1-az6': 50, 'm5.24xlarge_use1-az1': 5, 'm5.24xlarge_use1-az2': 5, 'm5.24xlarge_use1-az4': 5, 'm5.24xlarge_use1-az5': 1, 'm5.24xlarge_use1-az6': 35, 'm5.8xlarge_use1-az1': 50, 'm5.8xlarge_use1-az2': 40, 'm5.8xlarge_use1-az4': 50, 'm5.8xlarge_use1-az5': 1, 'm5.8xlarge_use1-az6': 50, 'm5.large_use1-az1': 50, 'm5.large_use1-az2': 50, 'm5.large_use1-az5': 50, 'm5.xlarge_use1-az2': 50, 'm5.xlarge_use1-az4': 50, 'm5.xlarge_use1-az6': 50, 'm5a.16xlarge_use1-az4': 1, 'm5a.24xlarge_use1-az1': 1, 'm5a.24xlarge_use1-az2': 1, 'm5a.24xlarge_use1-az4': 1, 'm5a.24xlarge_use1-az5': 5, 'm5d.12xlarge_use1-az6': 15, 'm6a.12xlarge_use1-az1': 5, 'm6a.12xlarge_use1-az2': 5, 'm6a.12xlarge_use1-az4': 15, 'm6a.12xlarge_use1-az6': 10, 'm6a.16xlarge_use1-az1': 5, 'm6a.16xlarge_use1-az2': 5, 'm6a.16xlarge_use1-az4': 5, 'm6a.16xlarge_use1-az6': 5, 'm6a.24xlarge_use1-az1': 1, 'm6a.24xlarge_use1-az2': 1, 'm6a.24xlarge_use1-az4': 1, 'm6a.24xlarge_use1-az6': 1, 'm6a.2xlarge_use1-az1': 50, 'm6a.2xlarge_use1-az2': 35, 'm6a.2xlarge_use1-az4': 45, 'm6a.2xlarge_use1-az5': 15, 'm6a.2xlarge_use1-az6': 50, 'm6a.32xlarge_use1-az2': 1, 'm6a.32xlarge_use1-az4': 1, 'm6a.32xlarge_use1-az5': 1, 'm6a.32xlarge_use1-az6': 1, 'm6a.48xlarge_use1-az2': 1, 'm6a.48xlarge_use1-az4': 1, 'm6a.48xlarge_use1-az6': 1, 'm6a.4xlarge_use1-az1': 45, 'm6a.4xlarge_use1-az2': 40, 'm6a.4xlarge_use1-az4': 25, 'm6a.4xlarge_use1-az5': 5, 'm6a.4xlarge_use1-az6': 50, 'm6a.8xlarge_use1-az1': 25, 'm6a.8xlarge_use1-az2': 15, 'm6a.8xlarge_use1-az4': 50, 'm6a.8xlarge_use1-az5': 10, 'm6a.8xlarge_use1-az6': 50, 'm6a.large_use1-az1': 50, 'm6a.large_use1-az2': 50, 'm6a.large_use1-az4': 50, 'm6a.large_use1-az5': 30, 'm6a.large_use1-az6': 50, 'm6a.xlarge_use1-az1': 50, 'm6a.xlarge_use1-az2': 50, 'm6a.xlarge_use1-az4': 50, 'm6a.xlarge_use1-az5': 35, 'm6a.xlarge_use1-az6': 50, 'm6g.12xlarge_use1-az1': 1, 'm6g.12xlarge_use1-az2': 5, 'm6g.12xlarge_use1-az4': 50, 'm6g.12xlarge_use1-az6': 50, 'm6g.16xlarge_use1-az1': 1, 'm6g.16xlarge_use1-az2': 5, 'm6g.16xlarge_use1-az4': 25, 'm6g.16xlarge_use1-az6': 50, 'm6g.2xlarge_use1-az2': 50, 'm6g.2xlarge_use1-az4': 50, 'm6g.2xlarge_use1-az6': 50, 'm6g.4xlarge_use1-az2': 50, 'm6g.4xlarge_use1-az4': 50, 'm6g.4xlarge_use1-az6': 50, 'm6g.8xlarge_use1-az4': 50, 'm6g.8xlarge_use1-az6': 50, 'm6g.medium_use1-az1': 5, 'm6g.medium_use1-az2': 5, 'm6g.medium_use1-az4': 10, 'm6g.medium_use1-az5': 1, 'm6g.medium_use1-az6': 15, 'm6g.xlarge_use1-az2': 50, 'm6g.xlarge_use1-az4': 50, 'm6g.xlarge_use1-az5': 50, 'm6g.xlarge_use1-az6': 50, 'm6gd.12xlarge_use1-az2': 40, 'm6gd.12xlarge_use1-az4': 20, 'm6gd.12xlarge_use1-az5': 5, 'm6gd.12xlarge_use1-az6': 50, 'm6gd.16xlarge_use1-az5': 10, 'm6gd.16xlarge_use1-az6': 35, 'm6gd.8xlarge_use1-az2': 10, 'm6gd.8xlarge_use1-az4': 15, 'm6gd.8xlarge_use1-az5': 1, 'm6gd.8xlarge_use1-az6': 20, 'm6gd.medium_use1-az1': 1, 'm6gd.medium_use1-az2': 1, 'm6gd.medium_use1-az4': 1, 'm6gd.medium_use1-az5': 5, 'm6gd.medium_use1-az6': 1, 'm6i.12xlarge_use1-az1': 1, 'm6i.12xlarge_use1-az2': 10, 'm6i.12xlarge_use1-az4': 50, 'm6i.12xlarge_use1-az5': 1, 'm6i.12xlarge_use1-az6': 30, 'm6i.24xlarge_use1-az2': 10, 'm6i.24xlarge_use1-az4': 5, 'm6i.24xlarge_use1-az5': 1, 'm6i.24xlarge_use1-az6': 50, 'm6i.2xlarge_use1-az1': 25, 'm6i.2xlarge_use1-az6': 50, 'm6i.32xlarge_use1-az2': 1, 'm6i.32xlarge_use1-az5': 1, 'm6i.32xlarge_use1-az6': 15, 'm6i.4xlarge_use1-az2': 50, 'm6i.4xlarge_use1-az4': 50, 'm6i.4xlarge_use1-az5': 50, 'm6i.4xlarge_use1-az6': 50, 'm6i.8xlarge_use1-az2': 50, 'm6i.8xlarge_use1-az4': 50, 'm6i.8xlarge_use1-az5': 20, 'm6i.8xlarge_use1-az6': 50, 'm6i.large_use1-az1': 25, 'm6i.large_use1-az2': 50, 'm6i.large_use1-az4': 50, 'm6i.large_use1-az5': 50, 'm6i.large_use1-az6': 50, 'm6i.xlarge_use1-az2': 50, 'm6i.xlarge_use1-az4': 50, 'm6i.xlarge_use1-az6': 50, 'm6id.12xlarge_use1-az1': 1, 'm6id.12xlarge_use1-az2': 1, 'm6id.12xlarge_use1-az4': 1, 'm6id.12xlarge_use1-az6': 1, 'm6id.16xlarge_use1-az1': 1, 'm6id.16xlarge_use1-az6': 1, 'm6id.24xlarge_use1-az1': 10, 'm6id.24xlarge_use1-az2': 15, 'm6id.24xlarge_use1-az4': 35, 'm6id.24xlarge_use1-az5': 5, 'm6id.2xlarge_use1-az5': 1, 'm6id.32xlarge_use1-az1': 10, 'm6id.32xlarge_use1-az2': 15, 'm6id.32xlarge_use1-az4': 5, 'm6id.32xlarge_use1-az5': 1, 'm6id.4xlarge_use1-az1': 15, 'm6id.4xlarge_use1-az4': 5, 'm6id.8xlarge_use1-az1': 1, 'm6id.8xlarge_use1-az5': 1, 'm6id.large_use1-az2': 35, 'm6id.xlarge_use1-az1': 20, 'm6id.xlarge_use1-az2': 45, 'm6id.xlarge_use1-az4': 15, 'm6id.xlarge_use1-az5': 5, 'm6idn.24xlarge_use1-az2': 1, 'm6idn.24xlarge_use1-az4': 1, 'm6idn.large_use1-az5': 10, 'm6in.large_use1-az1': 5, 'm6in.large_use1-az2': 10, 'm6in.large_use1-az4': 5, 'm6in.large_use1-az5': 1, 'm6in.large_use1-az6': 1, 'm6in.xlarge_use1-az2': 10, 'm7a.12xlarge_use1-az2': 1, 'm7a.12xlarge_use1-az6': 20, 'm7a.16xlarge_use1-az2': 1, 'm7a.16xlarge_use1-az6': 40, 'm7a.24xlarge_use1-az2': 1, 'm7a.24xlarge_use1-az6': 50, 'm7a.2xlarge_use1-az1': 5, 'm7a.2xlarge_use1-az2': 15, 'm7a.2xlarge_use1-az4': 10, 'm7a.2xlarge_use1-az6': 50, 'm7a.32xlarge_use1-az6': 20, 'm7a.48xlarge_use1-az6': 40, 'm7a.4xlarge_use1-az1': 10, 'm7a.4xlarge_use1-az2': 5, 'm7a.4xlarge_use1-az4': 10, 'm7a.4xlarge_use1-az6': 25, 'm7a.8xlarge_use1-az1': 1, 'm7a.8xlarge_use1-az2': 5, 'm7a.8xlarge_use1-az4': 1, 'm7a.8xlarge_use1-az6': 50, 'm7a.large_use1-az1': 15, 'm7a.large_use1-az2': 50, 'm7a.large_use1-az4': 50, 'm7a.large_use1-az5': 5, 'm7a.large_use1-az6': 50, 'm7a.medium_use1-az1': 10, 'm7a.medium_use1-az2': 50, 'm7a.medium_use1-az4': 50, 'm7a.medium_use1-az6': 50, 'm7a.xlarge_use1-az1': 5, 'm7a.xlarge_use1-az2': 40, 'm7a.xlarge_use1-az4': 50, 'm7a.xlarge_use1-az6': 50, 'm7g.12xlarge_use1-az1': 1, 'm7g.12xlarge_use1-az2': 10, 'm7g.12xlarge_use1-az4': 45, 'm7g.12xlarge_use1-az5': 1, 'm7g.12xlarge_use1-az6': 50, 'm7g.16xlarge_use1-az1': 1, 'm7g.16xlarge_use1-az2': 30, 'm7g.16xlarge_use1-az4': 35, 'm7g.16xlarge_use1-az5': 1, 'm7g.16xlarge_use1-az6': 50, 'm7g.2xlarge_use1-az2': 50, 'm7g.2xlarge_use1-az4': 50, 'm7g.2xlarge_use1-az5': 15, 'm7g.2xlarge_use1-az6': 50, 'm7g.4xlarge_use1-az2': 30, 'm7g.4xlarge_use1-az4': 50, 'm7g.4xlarge_use1-az5': 10, 'm7g.4xlarge_use1-az6': 50, 'm7g.8xlarge_use1-az1': 1, 'm7g.8xlarge_use1-az2': 15, 'm7g.8xlarge_use1-az4': 40, 'm7g.8xlarge_use1-az5': 1, 'm7g.8xlarge_use1-az6': 50, 'm7g.large_use1-az2': 50, 'm7g.large_use1-az4': 50, 'm7g.large_use1-az5': 30, 'm7g.large_use1-az6': 50, 'm7g.medium_use1-az1': 30, 'm7g.medium_use1-az2': 40, 'm7g.medium_use1-az4': 50, 'm7g.medium_use1-az5': 35, 'm7g.medium_use1-az6': 50, 'm7g.metal_use1-az1': 1, 'm7g.metal_use1-az2': 25, 'm7g.metal_use1-az4': 10, 'm7g.metal_use1-az5': 1, 'm7g.metal_use1-az6': 50, 'm7g.xlarge_use1-az1': 50, 'm7g.xlarge_use1-az2': 50, 'm7g.xlarge_use1-az4': 50, 'm7g.xlarge_use1-az5': 50, 'm7g.xlarge_use1-az6': 50, 'm7gd.12xlarge_use1-az1': 5, 'm7gd.12xlarge_use1-az2': 10, 'm7gd.12xlarge_use1-az4': 1, 'm7gd.12xlarge_use1-az6': 35, 'm7gd.16xlarge_use1-az1': 1, 'm7gd.16xlarge_use1-az2': 30, 'm7gd.16xlarge_use1-az6': 40, 'm7gd.2xlarge_use1-az2': 50, 'm7gd.4xlarge_use1-az2': 10, 'm7gd.4xlarge_use1-az6': 40, 'm7gd.8xlarge_use1-az5': 45, 'm7gd.8xlarge_use1-az6': 50, 'm7gd.large_use1-az6': 50, 'm7gd.medium_use1-az1': 15, 'm7gd.medium_use1-az2': 20, 'm7gd.medium_use1-az4': 15, 'm7gd.medium_use1-az5': 20, 'm7gd.medium_use1-az6': 25, 'm7gd.metal_use1-az1': 5, 'm7gd.metal_use1-az2': 15, 'm7gd.metal_use1-az4': 1, 'm7gd.metal_use1-az6': 15, 'm7gd.xlarge_use1-az2': 10, 'm7gd.xlarge_use1-az5': 1, 'm7i-flex.2xlarge_use1-az1': 50, 'm7i-flex.2xlarge_use1-az2': 50, 'm7i-flex.2xlarge_use1-az4': 15, 'm7i-flex.2xlarge_use1-az5': 10, 'm7i-flex.2xlarge_use1-az6': 50, 'm7i-flex.4xlarge_use1-az2': 5, 'm7i-flex.4xlarge_use1-az4': 5, 'm7i-flex.8xlarge_use1-az1': 1, 'm7i-flex.8xlarge_use1-az2': 5, 'm7i-flex.8xlarge_use1-az4': 5, 'm7i-flex.8xlarge_use1-az5': 1, 'm7i-flex.8xlarge_use1-az6': 10, 'm7i-flex.large_use1-az1': 20, 'm7i-flex.large_use1-az2': 50, 'm7i-flex.large_use1-az4': 25, 'm7i-flex.large_use1-az5': 25, 'm7i-flex.large_use1-az6': 50, 'm7i-flex.xlarge_use1-az2': 50, 'm7i-flex.xlarge_use1-az4': 50, 'm7i-flex.xlarge_use1-az5': 15, 'm7i-flex.xlarge_use1-az6': 50, 'm7i.12xlarge_use1-az1': 1, 'm7i.12xlarge_use1-az2': 5, 'm7i.12xlarge_use1-az4': 15, 'm7i.12xlarge_use1-az6': 50, 'm7i.16xlarge_use1-az1': 5, 'm7i.16xlarge_use1-az2': 10, 'm7i.16xlarge_use1-az4': 10, 'm7i.16xlarge_use1-az6': 50, 'm7i.24xlarge_use1-az2': 5, 'm7i.24xlarge_use1-az4': 5, 'm7i.24xlarge_use1-az6': 50, 'm7i.2xlarge_use1-az1': 1, 'm7i.2xlarge_use1-az2': 50, 'm7i.2xlarge_use1-az4': 50, 'm7i.2xlarge_use1-az6': 50, 'm7i.48xlarge_use1-az1': 1, 'm7i.48xlarge_use1-az2': 5, 'm7i.48xlarge_use1-az4': 20, 'm7i.48xlarge_use1-az6': 50, 'm7i.4xlarge_use1-az1': 1, 'm7i.4xlarge_use1-az2': 25, 'm7i.4xlarge_use1-az4': 10, 'm7i.4xlarge_use1-az6': 50, 'm7i.8xlarge_use1-az2': 20, 'm7i.large_use1-az1': 50, 'm7i.large_use1-az2': 50, 'm7i.large_use1-az4': 50, 'm7i.large_use1-az5': 1, 'm7i.large_use1-az6': 50, 'm7i.xlarge_use1-az2': 35, 'm7i.xlarge_use1-az4': 50, 'm7i.xlarge_use1-az6': 50, 'm8g.12xlarge_use1-az2': 10, 'm8g.12xlarge_use1-az4': 10, 'm8g.12xlarge_use1-az5': 1, 'm8g.12xlarge_use1-az6': 35, 'm8g.16xlarge_use1-az2': 5, 'm8g.16xlarge_use1-az4': 5, 'm8g.16xlarge_use1-az5': 5, 'm8g.16xlarge_use1-az6': 45, 'm8g.24xlarge_use1-az2': 5, 'm8g.24xlarge_use1-az4': 1, 'm8g.24xlarge_use1-az5': 1, 'm8g.24xlarge_use1-az6': 25, 'm8g.2xlarge_use1-az4': 10, 'm8g.2xlarge_use1-az5': 10, 'm8g.48xlarge_use1-az2': 5, 'm8g.48xlarge_use1-az4': 5, 'm8g.48xlarge_use1-az6': 20, 'm8g.4xlarge_use1-az2': 5, 'm8g.4xlarge_use1-az4': 5, 'm8g.4xlarge_use1-az5': 1, 'm8g.4xlarge_use1-az6': 40, 'm8g.8xlarge_use1-az2': 10, 'm8g.8xlarge_use1-az4': 20, 'm8g.8xlarge_use1-az5': 1, 'm8g.8xlarge_use1-az6': 40, 'm8g.large_use1-az2': 20, 'm8g.large_use1-az6': 45, 'm8g.medium_use1-az1': 1, 'm8g.medium_use1-az2': 15, 'm8g.metal-48xl_use1-az2': 5, 'm8g.metal-48xl_use1-az6': 25, 'm8g.xlarge_use1-az1': 1, 'm8g.xlarge_use1-az5': 15, 'm8g.xlarge_use1-az6': 50, 'm8gd.16xlarge_use1-az5': 1, 'm8gd.8xlarge_use1-az5': 1, 'm8gd.8xlarge_use1-az6': 5, 'm8gd.large_use1-az5': 1, 'm8gd.large_use1-az6': 1, 'm8gd.medium_use1-az6': 1, 'm8gd.xlarge_use1-az1': 1, 'm8gd.xlarge_use1-az5': 1, 'm8i-flex.16xlarge_use1-az6': 5, 'm8i-flex.2xlarge_use1-az2': 10, 'm8i-flex.2xlarge_use1-az6': 50, 'm8i-flex.4xlarge_use1-az6': 5, 'm8i-flex.8xlarge_use1-az6': 1, 'm8i-flex.large_use1-az2': 5, 'm8i-flex.xlarge_use1-az2': 10, 'm8i-flex.xlarge_use1-az6': 50, 'm8i.12xlarge_use1-az6': 1, 'm8i.16xlarge_use1-az4': 1, 'm8i.16xlarge_use1-az6': 1, 'm8i.24xlarge_use1-az6': 1, 'm8i.2xlarge_use1-az2': 10, 'm8i.2xlarge_use1-az4': 1, 'm8i.2xlarge_use1-az6': 10, 'm8i.32xlarge_use1-az2': 1, 'm8i.32xlarge_use1-az6': 5, 'm8i.48xlarge_use1-az2': 1, 'm8i.48xlarge_use1-az6': 5, 'm8i.4xlarge_use1-az4': 1, 'm8i.8xlarge_use1-az2': 1, 'm8i.8xlarge_use1-az4': 1, 'm8i.8xlarge_use1-az6': 20, 'm8i.96xlarge_use1-az6': 1, 'm8i.large_use1-az4': 25, 'm8i.metal-48xl_use1-az6': 1, 'm8i.metal-96xl_use1-az6': 1, 'm8i.xlarge_use1-az2': 30, 'm8i.xlarge_use1-az4': 10, 'r4.8xlarge_use1-az2': 50, 'r5.12xlarge_use1-az2': 5, 'r5.12xlarge_use1-az6': 5, 'r5.16xlarge_use1-az1': 5, 'r5.16xlarge_use1-az4': 35, 'r5.16xlarge_use1-az5': 30, 'r5.16xlarge_use1-az6': 5, 'r5.24xlarge_use1-az5': 5, 'r5.8xlarge_use1-az5': 5, 'r5.8xlarge_use1-az6': 5, 'r5.xlarge_use1-az2': 50, 'r5.xlarge_use1-az4': 50, 'r5.xlarge_use1-az5': 50, 'r5.xlarge_use1-az6': 50, 'r5n.16xlarge_use1-az4': 35, 'r6a.12xlarge_use1-az1': 1, 'r6a.12xlarge_use1-az4': 5, 'r6a.12xlarge_use1-az6': 10, 'r6a.16xlarge_use1-az1': 5, 'r6a.16xlarge_use1-az2': 15, 'r6a.16xlarge_use1-az4': 30, 'r6a.16xlarge_use1-az5': 15, 'r6a.16xlarge_use1-az6': 40, 'r6a.24xlarge_use1-az2': 5, 'r6a.24xlarge_use1-az4': 1, 'r6a.24xlarge_use1-az5': 1, 'r6a.24xlarge_use1-az6': 5, 'r6a.2xlarge_use1-az2': 50, 'r6a.32xlarge_use1-az2': 5, 'r6a.32xlarge_use1-az4': 5, 'r6a.32xlarge_use1-az5': 5, 'r6a.32xlarge_use1-az6': 5, 'r6a.48xlarge_use1-az2': 5, 'r6a.48xlarge_use1-az4': 5, 'r6a.48xlarge_use1-az5': 5, 'r6a.48xlarge_use1-az6': 1, 'r6a.4xlarge_use1-az2': 50, 'r6a.4xlarge_use1-az6': 50, 'r6a.8xlarge_use1-az1': 20, 'r6a.8xlarge_use1-az2': 50, 'r6a.8xlarge_use1-az4': 50, 'r6a.8xlarge_use1-az5': 50, 'r6a.8xlarge_use1-az6': 50, 'r6a.large_use1-az1': 50, 'r6a.large_use1-az2': 50, 'r6a.large_use1-az4': 50, 'r6a.large_use1-az5': 50, 'r6a.large_use1-az6': 50, 'r6a.xlarge_use1-az1': 50, 'r6a.xlarge_use1-az2': 50, 'r6a.xlarge_use1-az4': 50, 'r6a.xlarge_use1-az5': 50, 'r6a.xlarge_use1-az6': 50, 'r6g.12xlarge_use1-az2': 50, 'r6g.12xlarge_use1-az4': 45, 'r6g.12xlarge_use1-az5': 10, 'r6g.12xlarge_use1-az6': 50, 'r6g.16xlarge_use1-az2': 50, 'r6g.16xlarge_use1-az4': 50, 'r6g.16xlarge_use1-az5': 50, 'r6g.16xlarge_use1-az6': 50, 'r6g.2xlarge_use1-az5': 10, 'r6g.4xlarge_use1-az2': 50, 'r6g.4xlarge_use1-az4': 50, 'r6g.4xlarge_use1-az5': 50, 'r6g.4xlarge_use1-az6': 50, 'r6g.8xlarge_use1-az4': 50, 'r6g.8xlarge_use1-az5': 50, 'r6g.8xlarge_use1-az6': 50, 'r6g.large_use1-az6': 50, 'r6g.medium_use1-az1': 1, 'r6g.medium_use1-az2': 10, 'r6g.medium_use1-az4': 15, 'r6g.medium_use1-az5': 15, 'r6g.medium_use1-az6': 35, 'r6g.xlarge_use1-az5': 50, 'r6gd.12xlarge_use1-az4': 10, 'r6gd.12xlarge_use1-az5': 1, 'r6gd.12xlarge_use1-az6': 10, 'r6gd.16xlarge_use1-az4': 50, 'r6gd.16xlarge_use1-az5': 1, 'r6gd.16xlarge_use1-az6': 45, 'r6gd.large_use1-az5': 50, 'r6gd.medium_use1-az4': 5, 'r6gd.medium_use1-az5': 5, 'r6gd.medium_use1-az6': 1, 'r6i.12xlarge_use1-az1': 5, 'r6i.12xlarge_use1-az2': 5, 'r6i.12xlarge_use1-az4': 5, 'r6i.12xlarge_use1-az6': 10, 'r6i.16xlarge_use1-az4': 10, 'r6i.16xlarge_use1-az5': 10, 'r6i.16xlarge_use1-az6': 1, 'r6i.24xlarge_use1-az4': 10, 'r6i.24xlarge_use1-az5': 1, 'r6i.24xlarge_use1-az6': 5, 'r6i.32xlarge_use1-az4': 1, 'r6i.32xlarge_use1-az5': 1, 'r6i.32xlarge_use1-az6': 1, 'r6i.4xlarge_use1-az6': 40, 'r6i.8xlarge_use1-az1': 5, 'r6i.8xlarge_use1-az4': 10, 'r6i.8xlarge_use1-az5': 5, 'r6i.8xlarge_use1-az6': 10, 'r6i.large_use1-az5': 20, 'r6id.16xlarge_use1-az1': 5, 'r6id.16xlarge_use1-az5': 1, 'r6id.16xlarge_use1-az6': 20, 'r6id.24xlarge_use1-az4': 5, 'r6id.32xlarge_use1-az1': 1, 'r6id.32xlarge_use1-az6': 10, 'r6idn.16xlarge_use1-az5': 1, 'r6idn.16xlarge_use1-az6': 1, 'r6in.16xlarge_use1-az4': 1, 'r6in.16xlarge_use1-az5': 1, 'r6in.16xlarge_use1-az6': 5, 'r6in.large_use1-az1': 45, 'r6in.large_use1-az2': 50, 'r6in.large_use1-az4': 50, 'r6in.large_use1-az5': 40, 'r6in.large_use1-az6': 50, 'r7a.12xlarge_use1-az1': 1, 'r7a.12xlarge_use1-az2': 1, 'r7a.12xlarge_use1-az4': 5, 'r7a.12xlarge_use1-az6': 20, 'r7a.16xlarge_use1-az2': 15, 'r7a.16xlarge_use1-az4': 30, 'r7a.16xlarge_use1-az6': 50, 'r7a.24xlarge_use1-az2': 10, 'r7a.24xlarge_use1-az4': 10, 'r7a.24xlarge_use1-az6': 35, 'r7a.2xlarge_use1-az6': 1, 'r7a.32xlarge_use1-az2': 1, 'r7a.32xlarge_use1-az4': 1, 'r7a.32xlarge_use1-az6': 50, 'r7a.48xlarge_use1-az2': 5, 'r7a.48xlarge_use1-az4': 5, 'r7a.48xlarge_use1-az6': 50, 'r7a.4xlarge_use1-az2': 25, 'r7a.8xlarge_use1-az1': 5, 'r7a.8xlarge_use1-az2': 20, 'r7a.8xlarge_use1-az4': 50, 'r7a.8xlarge_use1-az6': 50, 'r7a.large_use1-az6': 50, 'r7a.medium_use1-az2': 25, 'r7a.medium_use1-az6': 50, 'r7g.12xlarge_use1-az1': 1, 'r7g.12xlarge_use1-az2': 5, 'r7g.12xlarge_use1-az4': 50, 'r7g.12xlarge_use1-az5': 1, 'r7g.12xlarge_use1-az6': 5, 'r7g.16xlarge_use1-az1': 5, 'r7g.16xlarge_use1-az2': 30, 'r7g.16xlarge_use1-az4': 50, 'r7g.16xlarge_use1-az5': 5, 'r7g.16xlarge_use1-az6': 50, 'r7g.2xlarge_use1-az5': 5, 'r7g.2xlarge_use1-az6': 15, 'r7g.4xlarge_use1-az2': 5, 'r7g.4xlarge_use1-az4': 50, 'r7g.4xlarge_use1-az6': 15, 'r7g.8xlarge_use1-az1': 1, 'r7g.8xlarge_use1-az2': 50, 'r7g.8xlarge_use1-az4': 50, 'r7g.8xlarge_use1-az6': 50, 'r7g.large_use1-az2': 50, 'r7g.large_use1-az4': 50, 'r7g.large_use1-az5': 40, 'r7g.large_use1-az6': 40, 'r7g.medium_use1-az1': 50, 'r7g.medium_use1-az2': 50, 'r7g.medium_use1-az4': 50, 'r7g.medium_use1-az5': 25, 'r7g.medium_use1-az6': 50, 'r7g.xlarge_use1-az1': 50, 'r7g.xlarge_use1-az2': 50, 'r7g.xlarge_use1-az4': 50, 'r7g.xlarge_use1-az5': 10, 'r7g.xlarge_use1-az6': 50, 'r7gd.12xlarge_use1-az4': 35, 'r7gd.12xlarge_use1-az5': 10, 'r7gd.12xlarge_use1-az6': 50, 'r7gd.16xlarge_use1-az1': 5, 'r7gd.16xlarge_use1-az2': 50, 'r7gd.16xlarge_use1-az4': 50, 'r7gd.16xlarge_use1-az6': 50, 'r7gd.8xlarge_use1-az4': 30, 'r7gd.8xlarge_use1-az6': 50, 'r7gd.large_use1-az2': 10, 'r7gd.large_use1-az4': 50, 'r7gd.large_use1-az5': 15, 'r7gd.large_use1-az6': 35, 'r7gd.medium_use1-az1': 35, 'r7gd.medium_use1-az2': 15, 'r7gd.medium_use1-az4': 25, 'r7gd.medium_use1-az5': 15, 'r7gd.medium_use1-az6': 20, 'r7i.12xlarge_use1-az4': 1, 'r7i.12xlarge_use1-az6': 10, 'r7i.16xlarge_use1-az1': 5, 'r7i.16xlarge_use1-az5': 5, 'r7i.16xlarge_use1-az6': 50, 'r7i.24xlarge_use1-az1': 1, 'r7i.24xlarge_use1-az2': 1, 'r7i.24xlarge_use1-az4': 5, 'r7i.24xlarge_use1-az6': 5, 'r7i.2xlarge_use1-az6': 50, 'r7i.48xlarge_use1-az2': 1, 'r7i.4xlarge_use1-az4': 10, 'r7i.4xlarge_use1-az5': 1, 'r7i.4xlarge_use1-az6': 50, 'r7i.8xlarge_use1-az1': 5, 'r7i.8xlarge_use1-az2': 25, 'r7i.8xlarge_use1-az4': 25, 'r7i.8xlarge_use1-az6': 50, 'r7i.large_use1-az2': 50, 'r7i.large_use1-az4': 50, 'r7i.large_use1-az5': 15, 'r7i.large_use1-az6': 50, 'r7i.xlarge_use1-az4': 10, 'r7i.xlarge_use1-az5': 15, 'r7i.xlarge_use1-az6': 50, 'r8g.12xlarge_use1-az2': 5, 'r8g.12xlarge_use1-az4': 5, 'r8g.12xlarge_use1-az6': 15, 'r8g.16xlarge_use1-az1': 1, 'r8g.16xlarge_use1-az2': 50, 'r8g.16xlarge_use1-az4': 50, 'r8g.16xlarge_use1-az5': 5, 'r8g.16xlarge_use1-az6': 50, 'r8g.24xlarge_use1-az2': 10, 'r8g.24xlarge_use1-az4': 5, 'r8g.24xlarge_use1-az5': 5, 'r8g.24xlarge_use1-az6': 35, 'r8g.2xlarge_use1-az5': 1, 'r8g.2xlarge_use1-az6': 5, 'r8g.48xlarge_use1-az2': 1, 'r8g.48xlarge_use1-az4': 5, 'r8g.48xlarge_use1-az6': 5, 'r8g.4xlarge_use1-az2': 10, 'r8g.4xlarge_use1-az4': 35, 'r8g.4xlarge_use1-az5': 5, 'r8g.4xlarge_use1-az6': 50, 'r8g.8xlarge_use1-az2': 40, 'r8g.8xlarge_use1-az4': 15, 'r8g.8xlarge_use1-az5': 1, 'r8g.8xlarge_use1-az6': 50, 'r8g.large_use1-az1': 5, 'r8g.large_use1-az2': 30, 'r8g.large_use1-az4': 15, 'r8g.large_use1-az5': 10, 'r8g.large_use1-az6': 20, 'r8g.medium_use1-az1': 15, 'r8g.medium_use1-az2': 30, 'r8g.medium_use1-az4': 20, 'r8g.medium_use1-az5': 5, 'r8g.medium_use1-az6': 15, 'r8g.xlarge_use1-az2': 10, 'r8g.xlarge_use1-az4': 5, 'r8g.xlarge_use1-az5': 5, 'r8g.xlarge_use1-az6': 10, 'r8gb.medium_use1-az2': 50, 'r8gb.metal-24xl_use1-az6': 1, 'r8gd.12xlarge_use1-az5': 1, 'r8gd.24xlarge_use1-az2': 1, 'r8gd.24xlarge_use1-az5': 1, 'r8gd.24xlarge_use1-az6': 25, 'r8gd.48xlarge_use1-az6': 50, 'r8gd.large_use1-az2': 50, 'r8gd.large_use1-az5': 1, 'r8gd.large_use1-az6': 50, 'r8gd.medium_use1-az1': 5, 'r8gd.medium_use1-az2': 5, 'r8gd.medium_use1-az4': 5, 'r8gd.medium_use1-az5': 10, 'r8gd.metal-24xl_use1-az6': 1, 'r8gd.metal-48xl_use1-az6': 1, 'r8gd.xlarge_use1-az2': 25, 'r8gd.xlarge_use1-az4': 1, 'r8gd.xlarge_use1-az5': 50, 'r8gd.xlarge_use1-az6': 40, 'r8gn.48xlarge_use1-az6': 1, 'r8gn.medium_use1-az2': 35, 'r8gn.medium_use1-az4': 40, 'r8gn.metal-24xl_use1-az2': 1, 'r8gn.metal-24xl_use1-az6': 1, 'r8i-flex.2xlarge_use1-az6': 5, 'r8i-flex.large_use1-az2': 1, 'r8i-flex.large_use1-az6': 5, 'r8i.12xlarge_use1-az6': 1, 'r8i.16xlarge_use1-az6': 1, 'r8i.48xlarge_use1-az2': 1, 'r8i.48xlarge_use1-az6': 1, 'r8i.96xlarge_use1-az2': 1, 'r8i.96xlarge_use1-az6': 1, 'r8i.large_use1-az2': 20, 'r8i.large_use1-az6': 20, 't2.2xlarge_use1-az1': 50, 't2.2xlarge_use1-az2': 50, 't2.2xlarge_use1-az3': 15, 't2.2xlarge_use1-az4': 50, 't2.2xlarge_use1-az5': 50, 't2.2xlarge_use1-az6': 50, 't2.large_use1-az2': 50, 't2.large_use1-az3': 50, 't2.large_use1-az4': 50, 't2.large_use1-az5': 25, 't2.large_use1-az6': 50, 't2.medium_use1-az2': 50, 't2.medium_use1-az3': 50, 't2.medium_use1-az4': 50, 't2.medium_use1-az5': 50, 't2.medium_use1-az6': 50, 't2.xlarge_use1-az1': 35, 't2.xlarge_use1-az2': 50, 't2.xlarge_use1-az3': 20, 't2.xlarge_use1-az4': 50, 't2.xlarge_use1-az5': 5, 't2.xlarge_use1-az6': 50, 't3.2xlarge_use1-az1': 50, 't3.2xlarge_use1-az2': 50, 't3.2xlarge_use1-az4': 50, 't3.2xlarge_use1-az5': 50, 't3.2xlarge_use1-az6': 50, 't3.large_use1-az1': 50, 't3.large_use1-az5': 50, 't3.medium_use1-az2': 50, 't3.medium_use1-az5': 50, 't3.medium_use1-az6': 50, 't3.xlarge_use1-az5': 50, 't3a.2xlarge_use1-az2': 50, 't3a.2xlarge_use1-az4': 50, 't3a.2xlarge_use1-az5': 50, 't3a.2xlarge_use1-az6': 50, 't3a.large_use1-az2': 50, 't3a.large_use1-az4': 50, 't3a.large_use1-az5': 5, 't3a.large_use1-az6': 50, 't3a.xlarge_use1-az2': 50, 't3a.xlarge_use1-az4': 50, 't3a.xlarge_use1-az5': 15, 't3a.xlarge_use1-az6': 50, 't4g.2xlarge_use1-az1': 5, 't4g.2xlarge_use1-az2': 15, 't4g.2xlarge_use1-az4': 5, 't4g.2xlarge_use1-az5': 10, 't4g.2xlarge_use1-az6': 10, 't4g.large_use1-az1': 1, 't4g.large_use1-az2': 15, 't4g.large_use1-az4': 50, 't4g.large_use1-az5': 25, 't4g.large_use1-az6': 35, 't4g.medium_use1-az2': 50, 't4g.medium_use1-az4': 50, 't4g.medium_use1-az5': 35, 't4g.medium_use1-az6': 50, 't4g.xlarge_use1-az1': 30, 't4g.xlarge_use1-az2': 15, 't4g.xlarge_use1-az4': 50, 't4g.xlarge_use1-az5': 5, 't4g.xlarge_use1-az6': 10, 'trn1.32xlarge_use1-az6': 50, 'trn1n.32xlarge_use1-az6': 50, 'x8g.16xlarge_use1-az6': 5, 'x8g.24xlarge_use1-az4': 5, 'x8g.24xlarge_use1-az6': 10, 'x8g.48xlarge_use1-az1': 1, 'x8g.48xlarge_use1-az2': 1, 'x8g.48xlarge_use1-az4': 10, 'x8g.48xlarge_use1-az6': 1, 'x8g.large_use1-az6': 50, 'x8g.medium_use1-az1': 50, 'x8g.medium_use1-az4': 50, 'x8g.medium_use1-az6': 50, 'x8g.metal-24xl_use1-az1': 1, 'x8g.metal-24xl_use1-az2': 1, 'x8g.metal-24xl_use1-az4': 1, 'x8g.metal-24xl_use1-az6': 10, 'x8g.metal-48xl_use1-az2': 1, 'x8g.metal-48xl_use1-az4': 1, 'x8g.metal-48xl_use1-az6': 1, 'z1d.12xlarge_use1-az5': 1, 'z1d.3xlarge_use1-az5': 5, 'z1d.large_use1-az2': 5, 'z1d.large_use1-az5': 10}"
0.49,9898.041599999995,16119907735,1628595.6744707413,587605,587505,"{'c6a.12xlarge_use1-az2': 50, 'c6a.24xlarge_use1-az2': 5, 'c6a.32xlarge_use1-az2': 1, 'c6a.48xlarge_use1-az2': 1, 'c6a.48xlarge_use1-az4': 10, 'c6a.48xlarge_use1-az5': 5, 'c6a.48xlarge_use1-az6': 25, 'c6g.12xlarge_use1-az1': 15, 'c6g.12xlarge_use1-az4': 50, 'c6g.16xlarge_use1-az4': 50, 'c6g.16xlarge_use1-az5': 5, 'c6gd.12xlarge_use1-az2': 50, 'c6gd.12xlarge_use1-az4': 30, 'c6gd.12xlarge_use1-az6': 50, 'c6gd.16xlarge_use1-az2': 50, 'c6gd.16xlarge_use1-az4': 30, 'c6gd.16xlarge_use1-az6': 50, 'c6gd.2xlarge_use1-az2': 50, 'c6gd.2xlarge_use1-az4': 50, 'c6gd.2xlarge_use1-az6': 50, 'c6gd.8xlarge_use1-az4': 45, 'c7a.48xlarge_use1-az1': 1, 'c7a.48xlarge_use1-az2': 1, 'c7a.48xlarge_use1-az5': 1, 'c7g.12xlarge_use1-az1': 15, 'c7g.12xlarge_use1-az4': 15, 'c7g.12xlarge_use1-az5': 1, 'c7g.12xlarge_use1-az6': 50, 'c7g.16xlarge_use1-az4': 50, 'c7g.16xlarge_use1-az5': 10, 'c7g.16xlarge_use1-az6': 50, 'c7g.2xlarge_use1-az5': 50, 'c7g.4xlarge_use1-az6': 50, 'c7gd.16xlarge_use1-az5': 1, 'c7gd.2xlarge_use1-az2': 50, 'c7gd.2xlarge_use1-az4': 50, 'c7gd.8xlarge_use1-az5': 5, 'c7i-flex.large_use1-az5': 1, 'c7i.48xlarge_use1-az1': 10, 'c7i.48xlarge_use1-az4': 5, 'c7i.48xlarge_use1-az5': 1, 'c7i.large_use1-az2': 50, 'c7i.large_use1-az4': 50, 'c7i.large_use1-az5': 5, 'c7i.large_use1-az6': 50, 'c8g.12xlarge_use1-az1': 1, 'c8g.12xlarge_use1-az4': 1, 'c8g.12xlarge_use1-az6': 25, 'c8g.16xlarge_use1-az1': 10, 'c8g.16xlarge_use1-az2': 5, 'c8g.16xlarge_use1-az6': 50, 'c8g.24xlarge_use1-az1': 5, 'c8g.24xlarge_use1-az2': 10, 'c8g.24xlarge_use1-az4': 1, 'c8g.24xlarge_use1-az6': 25, 'c8g.2xlarge_use1-az1': 5, 'c8g.2xlarge_use1-az2': 5, 'c8g.2xlarge_use1-az4': 50, 'c8g.48xlarge_use1-az1': 1, 'c8g.48xlarge_use1-az2': 5, 'c8g.48xlarge_use1-az6': 50, 'c8g.4xlarge_use1-az2': 15, 'c8g.4xlarge_use1-az4': 20, 'c8g.4xlarge_use1-az6': 50, 'c8g.8xlarge_use1-az6': 50, 'c8g.large_use1-az5': 1, 'c8g.metal-24xl_use1-az6': 20, 'c8g.metal-48xl_use1-az1': 1, 'c8g.metal-48xl_use1-az2': 1, 'c8g.metal-48xl_use1-az6': 50, 'c8gd.2xlarge_use1-az6': 50, 'c8gd.metal-24xl_use1-az5': 1, 'c8gd.metal-24xl_use1-az6': 5, 'c8gd.metal-48xl_use1-az2': 1, 'c8i.metal-96xl_use1-az6': 5, 'f2.12xlarge_use1-az6': 1, 'f2.48xlarge_use1-az2': 5, 'f2.48xlarge_use1-az4': 5, 'f2.48xlarge_use1-az6': 1, 'g4ad.16xlarge_use1-az1': 5, 'g4ad.16xlarge_use1-az4': 5, 'g4ad.16xlarge_use1-az6': 10, 'g4dn.16xlarge_use1-az1': 1, 'g4dn.16xlarge_use1-az2': 10, 'g4dn.16xlarge_use1-az4': 1, 'g4dn.16xlarge_use1-az5': 5, 'g4dn.16xlarge_use1-az6': 15, 'g5.16xlarge_use1-az1': 1, 'g5.16xlarge_use1-az2': 1, 'g5.16xlarge_use1-az4': 5, 'g5.16xlarge_use1-az5': 5, 'g5.16xlarge_use1-az6': 10, 'g5g.16xlarge_use1-az6': 5, 'g6.16xlarge_use1-az1': 1, 'g6.16xlarge_use1-az2': 1, 'g6.16xlarge_use1-az4': 1, 'g6.16xlarge_use1-az6': 5, 'g6.24xlarge_use1-az2': 1, 'g6.24xlarge_use1-az4': 1, 'g6.48xlarge_use1-az4': 30, 'g6.48xlarge_use1-az6': 50, 'g6.8xlarge_use1-az1': 5, 'g6.8xlarge_use1-az2': 5, 'g6.8xlarge_use1-az4': 10, 'g6.8xlarge_use1-az6': 15, 'g6f.2xlarge_use1-az1': 1, 'g6f.2xlarge_use1-az4': 1, 'g6f.2xlarge_use1-az6': 5, 'g6f.4xlarge_use1-az1': 1, 'g6f.4xlarge_use1-az4': 1, 'g6f.large_use1-az1': 10, 'g6f.large_use1-az2': 15, 'g6f.large_use1-az6': 20, 'g6f.xlarge_use1-az1': 1, 'g6f.xlarge_use1-az2': 1, 'g6f.xlarge_use1-az4': 5, 'g6f.xlarge_use1-az6': 10, 'gr6.8xlarge_use1-az1': 1, 'gr6.8xlarge_use1-az2': 1, 'gr6.8xlarge_use1-az4': 1, 'gr6.8xlarge_use1-az6': 1, 'i3.large_use1-az2': 50, 'i3.large_use1-az3': 50, 'i3.large_use1-az4': 50, 'i3.large_use1-az5': 50, 'i3.large_use1-az6': 50, 'i4i.large_use1-az2': 50, 'i4i.large_use1-az4': 50, 'i4i.large_use1-az5': 50, 'i4i.large_use1-az6': 50, 'i7i.24xlarge_use1-az6': 1, 'i7i.2xlarge_use1-az5': 20, 'i7i.metal-24xl_use1-az2': 1, 'i7i.metal-24xl_use1-az4': 50, 'i7i.metal-24xl_use1-az6': 35, 'i7i.xlarge_use1-az6': 20, 'i7ie.metal-48xl_use1-az6': 10, 'i8g.12xlarge_use1-az6': 1, 'i8g.24xlarge_use1-az6': 10, 'i8g.2xlarge_use1-az2': 1, 'i8g.8xlarge_use1-az6': 5, 'i8g.large_use1-az6': 5, 'i8g.xlarge_use1-az2': 1, 'i8g.xlarge_use1-az4': 1, 'i8g.xlarge_use1-az6': 1, 'i8ge.18xlarge_use1-az4': 1, 'i8ge.18xlarge_use1-az6': 5, 'i8ge.24xlarge_use1-az4': 1, 'i8ge.48xlarge_use1-az4': 5, 'i8ge.metal-24xl_use1-az4': 1, 'i8ge.metal-48xl_use1-az6': 1, 'inf1.24xlarge_use1-az6': 20, 'inf2.24xlarge_use1-az4': 1, 'inf2.24xlarge_use1-az6': 10, 'inf2.48xlarge_use1-az6': 15, 'inf2.8xlarge_use1-az2': 5, 'inf2.8xlarge_use1-az4': 5, 'inf2.8xlarge_use1-az5': 1, 'inf2.8xlarge_use1-az6': 1, 'is4gen.medium_use1-az6': 30, 'm2.xlarge_use1-az1': 5, 'm4.10xlarge_use1-az3': 1, 'm4.2xlarge_use1-az3': 50, 'm4.4xlarge_use1-az3': 50, 'm5.12xlarge_use1-az1': 5, 'm5.12xlarge_use1-az2': 25, 'm5.12xlarge_use1-az4': 50, 'm5.12xlarge_use1-az5': 1, 'm5.12xlarge_use1-az6': 40, 'm5.16xlarge_use1-az1': 10, 'm5.16xlarge_use1-az2': 50, 'm5.16xlarge_use1-az4': 50, 'm5.16xlarge_use1-az5': 1, 'm5.16xlarge_use1-az6': 50, 'm5.24xlarge_use1-az1': 5, 'm5.24xlarge_use1-az2': 5, 'm5.24xlarge_use1-az4': 5, 'm5.24xlarge_use1-az5': 1, 'm5.24xlarge_use1-az6': 35, 'm5.8xlarge_use1-az1': 50, 'm5.8xlarge_use1-az2': 40, 'm5.8xlarge_use1-az4': 50, 'm5.8xlarge_use1-az5': 1, 'm5.8xlarge_use1-az6': 50, 'm5.large_use1-az1': 50, 'm5.large_use1-az2': 50, 'm5.large_use1-az5': 50, 'm5.xlarge_use1-az2': 50, 'm5.xlarge_use1-az4': 50, 'm5.xlarge_use1-az6': 50, 'm5a.16xlarge_use1-az4': 1, 'm5a.24xlarge_use1-az1': 1, 'm5a.24xlarge_use1-az2': 1, 'm5a.24xlarge_use1-az4': 1, 'm5a.24xlarge_use1-az5': 5, 'm5d.12xlarge_use1-az2': 25, 'm5d.12xlarge_use1-az6': 15, 'm5d.16xlarge_use1-az6': 50, 'm5zn.large_use1-az5': 15, 'm6a.12xlarge_use1-az1': 5, 'm6a.12xlarge_use1-az2': 5, 'm6a.12xlarge_use1-az4': 15, 'm6a.12xlarge_use1-az6': 10, 'm6a.16xlarge_use1-az1': 5, 'm6a.16xlarge_use1-az2': 5, 'm6a.16xlarge_use1-az4': 5, 'm6a.16xlarge_use1-az6': 5, 'm6a.24xlarge_use1-az1': 1, 'm6a.24xlarge_use1-az2': 1, 'm6a.24xlarge_use1-az4': 1, 'm6a.24xlarge_use1-az6': 1, 'm6a.2xlarge_use1-az1': 50, 'm6a.2xlarge_use1-az2': 35, 'm6a.2xlarge_use1-az4': 45, 'm6a.2xlarge_use1-az5': 15, 'm6a.2xlarge_use1-az6': 50, 'm6a.32xlarge_use1-az2': 1, 'm6a.32xlarge_use1-az4': 1, 'm6a.32xlarge_use1-az5': 1, 'm6a.32xlarge_use1-az6': 1, 'm6a.48xlarge_use1-az2': 1, 'm6a.48xlarge_use1-az4': 1, 'm6a.48xlarge_use1-az6': 1, 'm6a.4xlarge_use1-az1': 45, 'm6a.4xlarge_use1-az2': 40, 'm6a.4xlarge_use1-az4': 25, 'm6a.4xlarge_use1-az5': 5, 'm6a.4xlarge_use1-az6': 50, 'm6a.8xlarge_use1-az1': 25, 'm6a.8xlarge_use1-az2': 15, 'm6a.8xlarge_use1-az4': 50, 'm6a.8xlarge_use1-az5': 10, 'm6a.8xlarge_use1-az6': 50, 'm6a.large_use1-az1': 50, 'm6a.large_use1-az2': 50, 'm6a.large_use1-az4': 50, 'm6a.large_use1-az5': 30, 'm6a.large_use1-az6': 50, 'm6a.xlarge_use1-az1': 50, 'm6a.xlarge_use1-az2': 50, 'm6a.xlarge_use1-az4': 50, 'm6a.xlarge_use1-az5': 35, 'm6a.xlarge_use1-az6': 50, 'm6g.12xlarge_use1-az1': 1, 'm6g.12xlarge_use1-az2': 5, 'm6g.12xlarge_use1-az4': 50, 'm6g.12xlarge_use1-az6': 50, 'm6g.16xlarge_use1-az1': 1, 'm6g.16xlarge_use1-az2': 5, 'm6g.16xlarge_use1-az4': 25, 'm6g.16xlarge_use1-az6': 50, 'm6g.2xlarge_use1-az2': 50, 'm6g.2xlarge_use1-az4': 50, 'm6g.2xlarge_use1-az6': 50, 'm6g.4xlarge_use1-az2': 50, 'm6g.4xlarge_use1-az4': 50, 'm6g.4xlarge_use1-az6': 50, 'm6g.8xlarge_use1-az4': 50, 'm6g.8xlarge_use1-az6': 50, 'm6g.large_use1-az5': 5, 'm6g.medium_use1-az1': 5, 'm6g.medium_use1-az2': 5, 'm6g.medium_use1-az4': 10, 'm6g.medium_use1-az5': 1, 'm6g.medium_use1-az6': 15, 'm6g.xlarge_use1-az2': 50, 'm6g.xlarge_use1-az4': 50, 'm6g.xlarge_use1-az5': 50, 'm6g.xlarge_use1-az6': 50, 'm6gd.12xlarge_use1-az2': 40, 'm6gd.12xlarge_use1-az4': 20, 'm6gd.12xlarge_use1-az5': 5, 'm6gd.12xlarge_use1-az6': 50, 'm6gd.16xlarge_use1-az2': 10, 'm6gd.16xlarge_use1-az5': 10, 'm6gd.16xlarge_use1-az6': 35, 'm6gd.2xlarge_use1-az2': 50, 'm6gd.8xlarge_use1-az2': 10, 'm6gd.8xlarge_use1-az4': 15, 'm6gd.8xlarge_use1-az5': 1, 'm6gd.8xlarge_use1-az6': 20, 'm6gd.medium_use1-az1': 1, 'm6gd.medium_use1-az2': 1, 'm6gd.medium_use1-az4': 1, 'm6gd.medium_use1-az5': 5, 'm6gd.medium_use1-az6': 1, 'm6i.12xlarge_use1-az1': 1, 'm6i.12xlarge_use1-az2': 10, 'm6i.12xlarge_use1-az4': 50, 'm6i.12xlarge_use1-az5': 1, 'm6i.12xlarge_use1-az6': 30, 'm6i.16xlarge_use1-az6': 10, 'm6i.24xlarge_use1-az2': 10, 'm6i.24xlarge_use1-az4': 5, 'm6i.24xlarge_use1-az5': 1, 'm6i.24xlarge_use1-az6': 50, 'm6i.2xlarge_use1-az1': 25, 'm6i.2xlarge_use1-az4': 50, 'm6i.2xlarge_use1-az5': 25, 'm6i.2xlarge_use1-az6': 50, 'm6i.32xlarge_use1-az2': 1, 'm6i.32xlarge_use1-az4': 5, 'm6i.32xlarge_use1-az5': 1, 'm6i.32xlarge_use1-az6': 15, 'm6i.4xlarge_use1-az2': 50, 'm6i.4xlarge_use1-az4': 50, 'm6i.4xlarge_use1-az5': 50, 'm6i.4xlarge_use1-az6': 50, 'm6i.8xlarge_use1-az2': 50, 'm6i.8xlarge_use1-az4': 50, 'm6i.8xlarge_use1-az5': 20, 'm6i.8xlarge_use1-az6': 50, 'm6i.large_use1-az1': 25, 'm6i.large_use1-az2': 50, 'm6i.large_use1-az4': 50, 'm6i.large_use1-az5': 50, 'm6i.large_use1-az6': 50, 'm6i.xlarge_use1-az2': 50, 'm6i.xlarge_use1-az4': 50, 'm6i.xlarge_use1-az6': 50, 'm6id.12xlarge_use1-az1': 1, 'm6id.12xlarge_use1-az2': 1, 'm6id.12xlarge_use1-az4': 1, 'm6id.12xlarge_use1-az6': 1, 'm6id.16xlarge_use1-az1': 1, 'm6id.16xlarge_use1-az6': 1, 'm6id.24xlarge_use1-az1': 10, 'm6id.24xlarge_use1-az2': 15, 'm6id.24xlarge_use1-az4': 35, 'm6id.24xlarge_use1-az5': 5, 'm6id.2xlarge_use1-az5': 1, 'm6id.32xlarge_use1-az1': 10, 'm6id.32xlarge_use1-az2': 15, 'm6id.32xlarge_use1-az4': 5, 'm6id.32xlarge_use1-az5': 1, 'm6id.4xlarge_use1-az1': 15, 'm6id.4xlarge_use1-az4': 5, 'm6id.8xlarge_use1-az1': 1, 'm6id.8xlarge_use1-az5': 1, 'm6id.large_use1-az2': 35, 'm6id.large_use1-az5': 5, 'm6id.xlarge_use1-az1': 20, 'm6id.xlarge_use1-az2': 45, 'm6id.xlarge_use1-az4': 15, 'm6id.xlarge_use1-az5': 5, 'm6idn.24xlarge_use1-az1': 1, 'm6idn.24xlarge_use1-az2': 1, 'm6idn.24xlarge_use1-az4': 1, 'm6idn.large_use1-az5': 10, 'm6in.8xlarge_use1-az2': 1, 'm6in.large_use1-az1': 5, 'm6in.large_use1-az2': 10, 'm6in.large_use1-az4': 5, 'm6in.large_use1-az5': 1, 'm6in.large_use1-az6': 1, 'm6in.xlarge_use1-az2': 10, 'm7a.12xlarge_use1-az2': 1, 'm7a.12xlarge_use1-az6': 20, 'm7a.16xlarge_use1-az2': 1, 'm7a.16xlarge_use1-az6': 40, 'm7a.24xlarge_use1-az2': 1, 'm7a.24xlarge_use1-az6': 50, 'm7a.2xlarge_use1-az1': 5, 'm7a.2xlarge_use1-az2': 15, 'm7a.2xlarge_use1-az4': 10, 'm7a.2xlarge_use1-az6': 50, 'm7a.32xlarge_use1-az6': 20, 'm7a.48xlarge_use1-az6': 40, 'm7a.4xlarge_use1-az1': 10, 'm7a.4xlarge_use1-az2': 5, 'm7a.4xlarge_use1-az4': 10, 'm7a.4xlarge_use1-az6': 25, 'm7a.8xlarge_use1-az1': 1, 'm7a.8xlarge_use1-az2': 5, 'm7a.8xlarge_use1-az4': 1, 'm7a.8xlarge_use1-az6': 50, 'm7a.large_use1-az1': 15, 'm7a.large_use1-az2': 50, 'm7a.large_use1-az4': 50, 'm7a.large_use1-az5': 5, 'm7a.large_use1-az6': 50, 'm7a.medium_use1-az1': 10, 'm7a.medium_use1-az2': 50, 'm7a.medium_use1-az4': 50, 'm7a.medium_use1-az6': 50, 'm7a.xlarge_use1-az1': 5, 'm7a.xlarge_use1-az2': 40, 'm7a.xlarge_use1-az4': 50, 'm7a.xlarge_use1-az6': 50, 'm7g.12xlarge_use1-az1': 1, 'm7g.12xlarge_use1-az2': 10, 'm7g.12xlarge_use1-az4': 45, 'm7g.12xlarge_use1-az5': 1, 'm7g.12xlarge_use1-az6': 50, 'm7g.16xlarge_use1-az1': 1, 'm7g.16xlarge_use1-az2': 30, 'm7g.16xlarge_use1-az4': 35, 'm7g.16xlarge_use1-az5': 1, 'm7g.16xlarge_use1-az6': 50, 'm7g.2xlarge_use1-az2': 50, 'm7g.2xlarge_use1-az4': 50, 'm7g.2xlarge_use1-az5': 15, 'm7g.2xlarge_use1-az6': 50, 'm7g.4xlarge_use1-az2': 30, 'm7g.4xlarge_use1-az4': 50, 'm7g.4xlarge_use1-az5': 10, 'm7g.4xlarge_use1-az6': 50, 'm7g.8xlarge_use1-az1': 1, 'm7g.8xlarge_use1-az2': 15, 'm7g.8xlarge_use1-az4': 40, 'm7g.8xlarge_use1-az5': 1, 'm7g.8xlarge_use1-az6': 50, 'm7g.large_use1-az2': 50, 'm7g.large_use1-az4': 50, 'm7g.large_use1-az5': 30, 'm7g.large_use1-az6': 50, 'm7g.medium_use1-az1': 30, 'm7g.medium_use1-az2': 40, 'm7g.medium_use1-az4': 50, 'm7g.medium_use1-az5': 35, 'm7g.medium_use1-az6': 50, 'm7g.metal_use1-az1': 1, 'm7g.metal_use1-az2': 25, 'm7g.metal_use1-az4': 10, 'm7g.metal_use1-az5': 1, 'm7g.metal_use1-az6': 50, 'm7g.xlarge_use1-az1': 50, 'm7g.xlarge_use1-az2': 50, 'm7g.xlarge_use1-az4': 50, 'm7g.xlarge_use1-az5': 50, 'm7g.xlarge_use1-az6': 50, 'm7gd.12xlarge_use1-az1': 5, 'm7gd.12xlarge_use1-az2': 10, 'm7gd.12xlarge_use1-az4': 1, 'm7gd.12xlarge_use1-az6': 35, 'm7gd.16xlarge_use1-az1': 1, 'm7gd.16xlarge_use1-az2': 30, 'm7gd.16xlarge_use1-az6': 40, 'm7gd.2xlarge_use1-az2': 50, 'm7gd.2xlarge_use1-az4': 15, 'm7gd.4xlarge_use1-az2': 10, 'm7gd.4xlarge_use1-az6': 40, 'm7gd.8xlarge_use1-az5': 45, 'm7gd.8xlarge_use1-az6': 50, 'm7gd.large_use1-az6': 50, 'm7gd.medium_use1-az1': 15, 'm7gd.medium_use1-az2': 20, 'm7gd.medium_use1-az4': 15, 'm7gd.medium_use1-az5': 20, 'm7gd.medium_use1-az6': 25, 'm7gd.metal_use1-az1': 5, 'm7gd.metal_use1-az2': 15, 'm7gd.metal_use1-az4': 1, 'm7gd.metal_use1-az6': 15, 'm7gd.xlarge_use1-az1': 5, 'm7gd.xlarge_use1-az2': 10, 'm7gd.xlarge_use1-az5': 1, 'm7i-flex.2xlarge_use1-az1': 50, 'm7i-flex.2xlarge_use1-az2': 50, 'm7i-flex.2xlarge_use1-az4': 15, 'm7i-flex.2xlarge_use1-az5': 10, 'm7i-flex.2xlarge_use1-az6': 50, 'm7i-flex.4xlarge_use1-az2': 5, 'm7i-flex.4xlarge_use1-az4': 5, 'm7i-flex.8xlarge_use1-az1': 1, 'm7i-flex.8xlarge_use1-az2': 5, 'm7i-flex.8xlarge_use1-az4': 5, 'm7i-flex.8xlarge_use1-az5': 1, 'm7i-flex.8xlarge_use1-az6': 10, 'm7i-flex.large_use1-az1': 20, 'm7i-flex.large_use1-az2': 50, 'm7i-flex.large_use1-az4': 25, 'm7i-flex.large_use1-az5': 25, 'm7i-flex.large_use1-az6': 50, 'm7i-flex.xlarge_use1-az2': 50, 'm7i-flex.xlarge_use1-az4': 50, 'm7i-flex.xlarge_use1-az5': 15, 'm7i-flex.xlarge_use1-az6': 50, 'm7i.12xlarge_use1-az1': 1, 'm7i.12xlarge_use1-az2': 5, 'm7i.12xlarge_use1-az4': 15, 'm7i.12xlarge_use1-az6': 50, 'm7i.16xlarge_use1-az1': 5, 'm7i.16xlarge_use1-az2': 10, 'm7i.16xlarge_use1-az4': 10, 'm7i.16xlarge_use1-az6': 50, 'm7i.24xlarge_use1-az2': 5, 'm7i.24xlarge_use1-az4': 5, 'm7i.24xlarge_use1-az6': 50, 'm7i.2xlarge_use1-az1': 1, 'm7i.2xlarge_use1-az2': 50, 'm7i.2xlarge_use1-az4': 50, 'm7i.2xlarge_use1-az6': 50, 'm7i.48xlarge_use1-az1': 1, 'm7i.48xlarge_use1-az2': 5, 'm7i.48xlarge_use1-az4': 20, 'm7i.48xlarge_use1-az6': 50, 'm7i.4xlarge_use1-az1': 1, 'm7i.4xlarge_use1-az2': 25, 'm7i.4xlarge_use1-az4': 10, 'm7i.4xlarge_use1-az6': 50, 'm7i.8xlarge_use1-az2': 20, 'm7i.large_use1-az1': 50, 'm7i.large_use1-az2': 50, 'm7i.large_use1-az4': 50, 'm7i.large_use1-az5': 1, 'm7i.large_use1-az6': 50, 'm7i.xlarge_use1-az2': 35, 'm7i.xlarge_use1-az4': 50, 'm7i.xlarge_use1-az6': 50, 'm8g.12xlarge_use1-az2': 10, 'm8g.12xlarge_use1-az4': 10, 'm8g.12xlarge_use1-az5': 1, 'm8g.12xlarge_use1-az6': 35, 'm8g.16xlarge_use1-az2': 5, 'm8g.16xlarge_use1-az4': 5, 'm8g.16xlarge_use1-az5': 5, 'm8g.16xlarge_use1-az6': 45, 'm8g.24xlarge_use1-az2': 5, 'm8g.24xlarge_use1-az4': 1, 'm8g.24xlarge_use1-az5': 1, 'm8g.24xlarge_use1-az6': 25, 'm8g.2xlarge_use1-az4': 10, 'm8g.2xlarge_use1-az5': 10, 'm8g.48xlarge_use1-az2': 5, 'm8g.48xlarge_use1-az4': 5, 'm8g.48xlarge_use1-az6': 20, 'm8g.4xlarge_use1-az2': 5, 'm8g.4xlarge_use1-az4': 5, 'm8g.4xlarge_use1-az5': 1, 'm8g.4xlarge_use1-az6': 40, 'm8g.8xlarge_use1-az2': 10, 'm8g.8xlarge_use1-az4': 20, 'm8g.8xlarge_use1-az5': 1, 'm8g.8xlarge_use1-az6': 40, 'm8g.large_use1-az2': 20, 'm8g.large_use1-az6': 45, 'm8g.medium_use1-az1': 1, 'm8g.medium_use1-az2': 15, 'm8g.metal-48xl_use1-az2': 5, 'm8g.metal-48xl_use1-az6': 25, 'm8g.xlarge_use1-az1': 1, 'm8g.xlarge_use1-az5': 15, 'm8g.xlarge_use1-az6': 50, 'm8gd.16xlarge_use1-az5': 1, 'm8gd.8xlarge_use1-az5': 1, 'm8gd.8xlarge_use1-az6': 5, 'm8gd.large_use1-az1': 20, 'm8gd.large_use1-az2': 15, 'm8gd.large_use1-az5': 1, 'm8gd.large_use1-az6': 1, 'm8gd.medium_use1-az6': 1, 'm8gd.xlarge_use1-az1': 1, 'm8gd.xlarge_use1-az5': 1, 'm8i-flex.16xlarge_use1-az6': 5, 'm8i-flex.2xlarge_use1-az2': 10, 'm8i-flex.2xlarge_use1-az6': 50, 'm8i-flex.4xlarge_use1-az6': 5, 'm8i-flex.8xlarge_use1-az6': 1, 'm8i-flex.large_use1-az2': 5, 'm8i-flex.xlarge_use1-az2': 10, 'm8i-flex.xlarge_use1-az6': 50, 'm8i.12xlarge_use1-az6': 1, 'm8i.16xlarge_use1-az4': 1, 'm8i.16xlarge_use1-az6': 1, 'm8i.24xlarge_use1-az6': 1, 'm8i.2xlarge_use1-az2': 10, 'm8i.2xlarge_use1-az4': 1, 'm8i.2xlarge_use1-az6': 10, 'm8i.32xlarge_use1-az2': 1, 'm8i.32xlarge_use1-az6': 5, 'm8i.48xlarge_use1-az2': 1, 'm8i.48xlarge_use1-az6': 5, 'm8i.4xlarge_use1-az2': 5, 'm8i.4xlarge_use1-az4': 1, 'm8i.8xlarge_use1-az2': 1, 'm8i.8xlarge_use1-az4': 1, 'm8i.8xlarge_use1-az6': 20, 'm8i.96xlarge_use1-az6': 1, 'm8i.large_use1-az4': 25, 'm8i.metal-48xl_use1-az6': 1, 'm8i.metal-96xl_use1-az6': 1, 'm8i.xlarge_use1-az2': 30, 'm8i.xlarge_use1-az4': 10, 'r4.8xlarge_use1-az2': 50, 'r4.8xlarge_use1-az6': 50, 'r5.12xlarge_use1-az2': 5, 'r5.12xlarge_use1-az6': 5, 'r5.16xlarge_use1-az1': 5, 'r5.16xlarge_use1-az4': 35, 'r5.16xlarge_use1-az5': 30, 'r5.16xlarge_use1-az6': 5, 'r5.24xlarge_use1-az5': 5, 'r5.8xlarge_use1-az2': 50, 'r5.8xlarge_use1-az5': 5, 'r5.8xlarge_use1-az6': 5, 'r5.xlarge_use1-az1': 50, 'r5.xlarge_use1-az2': 50, 'r5.xlarge_use1-az4': 50, 'r5.xlarge_use1-az5': 50, 'r5.xlarge_use1-az6': 50, 'r5d.16xlarge_use1-az2': 50, 'r5n.16xlarge_use1-az2': 10, 'r5n.16xlarge_use1-az4': 35, 'r6a.12xlarge_use1-az1': 1, 'r6a.12xlarge_use1-az2': 10, 'r6a.12xlarge_use1-az4': 5, 'r6a.12xlarge_use1-az6': 10, 'r6a.16xlarge_use1-az1': 5, 'r6a.16xlarge_use1-az2': 15, 'r6a.16xlarge_use1-az4': 30, 'r6a.16xlarge_use1-az5': 15, 'r6a.16xlarge_use1-az6': 40, 'r6a.24xlarge_use1-az2': 5, 'r6a.24xlarge_use1-az4': 1, 'r6a.24xlarge_use1-az5': 1, 'r6a.24xlarge_use1-az6': 5, 'r6a.2xlarge_use1-az2': 50, 'r6a.2xlarge_use1-az4': 40, 'r6a.2xlarge_use1-az6': 50, 'r6a.32xlarge_use1-az2': 5, 'r6a.32xlarge_use1-az4': 5, 'r6a.32xlarge_use1-az5': 5, 'r6a.32xlarge_use1-az6': 5, 'r6a.48xlarge_use1-az2': 5, 'r6a.48xlarge_use1-az4': 5, 'r6a.48xlarge_use1-az5': 5, 'r6a.48xlarge_use1-az6': 1, 'r6a.4xlarge_use1-az1': 50, 'r6a.4xlarge_use1-az2': 50, 'r6a.4xlarge_use1-az4': 50, 'r6a.4xlarge_use1-az6': 50, 'r6a.8xlarge_use1-az1': 20, 'r6a.8xlarge_use1-az2': 50, 'r6a.8xlarge_use1-az4': 50, 'r6a.8xlarge_use1-az5': 50, 'r6a.8xlarge_use1-az6': 50, 'r6a.large_use1-az1': 50, 'r6a.large_use1-az2': 50, 'r6a.large_use1-az4': 50, 'r6a.large_use1-az5': 50, 'r6a.large_use1-az6': 50, 'r6a.xlarge_use1-az1': 50, 'r6a.xlarge_use1-az2': 50, 'r6a.xlarge_use1-az4': 50, 'r6a.xlarge_use1-az5': 50, 'r6a.xlarge_use1-az6': 50, 'r6g.12xlarge_use1-az2': 50, 'r6g.12xlarge_use1-az4': 45, 'r6g.12xlarge_use1-az5': 10, 'r6g.12xlarge_use1-az6': 50, 'r6g.16xlarge_use1-az2': 50, 'r6g.16xlarge_use1-az4': 50, 'r6g.16xlarge_use1-az5': 50, 'r6g.16xlarge_use1-az6': 50, 'r6g.2xlarge_use1-az5': 10, 'r6g.4xlarge_use1-az2': 50, 'r6g.4xlarge_use1-az4': 50, 'r6g.4xlarge_use1-az5': 50, 'r6g.4xlarge_use1-az6': 50, 'r6g.8xlarge_use1-az2': 10, 'r6g.8xlarge_use1-az4': 50, 'r6g.8xlarge_use1-az5': 50, 'r6g.8xlarge_use1-az6': 50, 'r6g.large_use1-az6': 50, 'r6g.medium_use1-az1': 1, 'r6g.medium_use1-az2': 10, 'r6g.medium_use1-az4': 15, 'r6g.medium_use1-az5': 15, 'r6g.medium_use1-az6': 35, 'r6g.xlarge_use1-az5': 50, 'r6gd.12xlarge_use1-az4': 10, 'r6gd.12xlarge_use1-az5': 1, 'r6gd.12xlarge_use1-az6': 10, 'r6gd.16xlarge_use1-az4': 50, 'r6gd.16xlarge_use1-az5': 1, 'r6gd.16xlarge_use1-az6': 45, 'r6gd.8xlarge_use1-az4': 20, 'r6gd.large_use1-az4': 50, 'r6gd.large_use1-az5': 50, 'r6gd.medium_use1-az2': 1, 'r6gd.medium_use1-az4': 5, 'r6gd.medium_use1-az5': 5, 'r6gd.medium_use1-az6': 1, 'r6i.12xlarge_use1-az1': 5, 'r6i.12xlarge_use1-az2': 5, 'r6i.12xlarge_use1-az4': 5, 'r6i.12xlarge_use1-az6': 10, 'r6i.16xlarge_use1-az2': 1, 'r6i.16xlarge_use1-az4': 10, 'r6i.16xlarge_use1-az5': 10, 'r6i.16xlarge_use1-az6': 1, 'r6i.24xlarge_use1-az4': 10, 'r6i.24xlarge_use1-az5': 1, 'r6i.24xlarge_use1-az6': 5, 'r6i.32xlarge_use1-az4': 1, 'r6i.32xlarge_use1-az5': 1, 'r6i.32xlarge_use1-az6': 1, 'r6i.4xlarge_use1-az6': 40, 'r6i.8xlarge_use1-az1': 5, 'r6i.8xlarge_use1-az4': 10, 'r6i.8xlarge_use1-az5': 5, 'r6i.8xlarge_use1-az6': 10, 'r6i.large_use1-az5': 20, 'r6id.16xlarge_use1-az1': 5, 'r6id.16xlarge_use1-az5': 1, 'r6id.16xlarge_use1-az6': 20, 'r6id.24xlarge_use1-az4': 5, 'r6id.32xlarge_use1-az1': 1, 'r6id.32xlarge_use1-az6': 10, 'r6idn.16xlarge_use1-az5': 1, 'r6idn.16xlarge_use1-az6': 1, 'r6in.16xlarge_use1-az4': 1, 'r6in.16xlarge_use1-az5': 1, 'r6in.16xlarge_use1-az6': 5, 'r6in.8xlarge_use1-az6': 5, 'r6in.large_use1-az1': 45, 'r6in.large_use1-az2': 50, 'r6in.large_use1-az4': 50, 'r6in.large_use1-az5': 40, 'r6in.large_use1-az6': 50, 'r7a.12xlarge_use1-az1': 1, 'r7a.12xlarge_use1-az2': 1, 'r7a.12xlarge_use1-az4': 5, 'r7a.12xlarge_use1-az6': 20, 'r7a.16xlarge_use1-az2': 15, 'r7a.16xlarge_use1-az4': 30, 'r7a.16xlarge_use1-az6': 50, 'r7a.24xlarge_use1-az2': 10, 'r7a.24xlarge_use1-az4': 10, 'r7a.24xlarge_use1-az6': 35, 'r7a.2xlarge_use1-az6': 1, 'r7a.32xlarge_use1-az2': 1, 'r7a.32xlarge_use1-az4': 1, 'r7a.32xlarge_use1-az6': 50, 'r7a.48xlarge_use1-az2': 5, 'r7a.48xlarge_use1-az4': 5, 'r7a.48xlarge_use1-az6': 50, 'r7a.4xlarge_use1-az1': 5, 'r7a.4xlarge_use1-az2': 25, 'r7a.4xlarge_use1-az4': 50, 'r7a.4xlarge_use1-az6': 50, 'r7a.8xlarge_use1-az1': 5, 'r7a.8xlarge_use1-az2': 20, 'r7a.8xlarge_use1-az4': 50, 'r7a.8xlarge_use1-az6': 50, 'r7a.large_use1-az6': 50, 'r7a.medium_use1-az2': 25, 'r7a.medium_use1-az6': 50, 'r7a.xlarge_use1-az6': 25, 'r7g.12xlarge_use1-az1': 1, 'r7g.12xlarge_use1-az2': 5, 'r7g.12xlarge_use1-az4': 50, 'r7g.12xlarge_use1-az5': 1, 'r7g.12xlarge_use1-az6': 5, 'r7g.16xlarge_use1-az1': 5, 'r7g.16xlarge_use1-az2': 30, 'r7g.16xlarge_use1-az4': 50, 'r7g.16xlarge_use1-az5': 5, 'r7g.16xlarge_use1-az6': 50, 'r7g.2xlarge_use1-az5': 5, 'r7g.2xlarge_use1-az6': 15, 'r7g.4xlarge_use1-az2': 5, 'r7g.4xlarge_use1-az4': 50, 'r7g.4xlarge_use1-az6': 15, 'r7g.8xlarge_use1-az1': 1, 'r7g.8xlarge_use1-az2': 50, 'r7g.8xlarge_use1-az4': 50, 'r7g.8xlarge_use1-az6': 50, 'r7g.large_use1-az2': 50, 'r7g.large_use1-az4': 50, 'r7g.large_use1-az5': 40, 'r7g.large_use1-az6': 40, 'r7g.medium_use1-az1': 50, 'r7g.medium_use1-az2': 50, 'r7g.medium_use1-az4': 50, 'r7g.medium_use1-az5': 25, 'r7g.medium_use1-az6': 50, 'r7g.xlarge_use1-az1': 50, 'r7g.xlarge_use1-az2': 50, 'r7g.xlarge_use1-az4': 50, 'r7g.xlarge_use1-az5': 10, 'r7g.xlarge_use1-az6': 50, 'r7gd.12xlarge_use1-az2': 10, 'r7gd.12xlarge_use1-az4': 35, 'r7gd.12xlarge_use1-az5': 10, 'r7gd.12xlarge_use1-az6': 50, 'r7gd.16xlarge_use1-az1': 5, 'r7gd.16xlarge_use1-az2': 50, 'r7gd.16xlarge_use1-az4': 50, 'r7gd.16xlarge_use1-az6': 50, 'r7gd.8xlarge_use1-az4': 30, 'r7gd.8xlarge_use1-az6': 50, 'r7gd.large_use1-az2': 10, 'r7gd.large_use1-az4': 50, 'r7gd.large_use1-az5': 15, 'r7gd.large_use1-az6': 35, 'r7gd.medium_use1-az1': 35, 'r7gd.medium_use1-az2': 15, 'r7gd.medium_use1-az4': 25, 'r7gd.medium_use1-az5': 15, 'r7gd.medium_use1-az6': 20, 'r7gd.xlarge_use1-az6': 50, 'r7i.12xlarge_use1-az4': 1, 'r7i.12xlarge_use1-az6': 10, 'r7i.16xlarge_use1-az1': 5, 'r7i.16xlarge_use1-az5': 5, 'r7i.16xlarge_use1-az6': 50, 'r7i.24xlarge_use1-az1': 1, 'r7i.24xlarge_use1-az2': 1, 'r7i.24xlarge_use1-az4': 5, 'r7i.24xlarge_use1-az6': 5, 'r7i.2xlarge_use1-az6': 50, 'r7i.48xlarge_use1-az2': 1, 'r7i.48xlarge_use1-az6': 5, 'r7i.4xlarge_use1-az2': 20, 'r7i.4xlarge_use1-az4': 10, 'r7i.4xlarge_use1-az5': 1, 'r7i.4xlarge_use1-az6': 50, 'r7i.8xlarge_use1-az1': 5, 'r7i.8xlarge_use1-az2': 25, 'r7i.8xlarge_use1-az4': 25, 'r7i.8xlarge_use1-az6': 50, 'r7i.large_use1-az1': 15, 'r7i.large_use1-az2': 50, 'r7i.large_use1-az4': 50, 'r7i.large_use1-az5': 15, 'r7i.large_use1-az6': 50, 'r7i.xlarge_use1-az4': 10, 'r7i.xlarge_use1-az5': 15, 'r7i.xlarge_use1-az6': 50, 'r8g.12xlarge_use1-az2': 5, 'r8g.12xlarge_use1-az4': 5, 'r8g.12xlarge_use1-az6': 15, 'r8g.16xlarge_use1-az1': 1, 'r8g.16xlarge_use1-az2': 50, 'r8g.16xlarge_use1-az4': 50, 'r8g.16xlarge_use1-az5': 5, 'r8g.16xlarge_use1-az6': 50, 'r8g.24xlarge_use1-az2': 10, 'r8g.24xlarge_use1-az4': 5, 'r8g.24xlarge_use1-az5': 5, 'r8g.24xlarge_use1-az6': 35, 'r8g.2xlarge_use1-az5': 1, 'r8g.2xlarge_use1-az6': 5, 'r8g.48xlarge_use1-az2': 1, 'r8g.48xlarge_use1-az4': 5, 'r8g.48xlarge_use1-az6': 5, 'r8g.4xlarge_use1-az2': 10, 'r8g.4xlarge_use1-az4': 35, 'r8g.4xlarge_use1-az5': 5, 'r8g.4xlarge_use1-az6': 50, 'r8g.8xlarge_use1-az2': 40, 'r8g.8xlarge_use1-az4': 15, 'r8g.8xlarge_use1-az5': 1, 'r8g.8xlarge_use1-az6': 50, 'r8g.large_use1-az1': 5, 'r8g.large_use1-az2': 30, 'r8g.large_use1-az4': 15, 'r8g.large_use1-az5': 10, 'r8g.large_use1-az6': 20, 'r8g.medium_use1-az1': 15, 'r8g.medium_use1-az2': 30, 'r8g.medium_use1-az4': 20, 'r8g.medium_use1-az5': 5, 'r8g.medium_use1-az6': 15, 'r8g.xlarge_use1-az2': 10, 'r8g.xlarge_use1-az4': 5, 'r8g.xlarge_use1-az5': 5, 'r8g.xlarge_use1-az6': 10, 'r8gb.medium_use1-az2': 50, 'r8gb.metal-24xl_use1-az6': 1, 'r8gd.12xlarge_use1-az5': 1, 'r8gd.12xlarge_use1-az6': 1, 'r8gd.24xlarge_use1-az2': 1, 'r8gd.24xlarge_use1-az5': 1, 'r8gd.24xlarge_use1-az6': 25, 'r8gd.2xlarge_use1-az6': 50, 'r8gd.48xlarge_use1-az6': 50, 'r8gd.large_use1-az2': 50, 'r8gd.large_use1-az5': 1, 'r8gd.large_use1-az6': 50, 'r8gd.medium_use1-az1': 5, 'r8gd.medium_use1-az2': 5, 'r8gd.medium_use1-az4': 5, 'r8gd.medium_use1-az5': 10, 'r8gd.metal-24xl_use1-az6': 1, 'r8gd.metal-48xl_use1-az6': 1, 'r8gd.xlarge_use1-az2': 25, 'r8gd.xlarge_use1-az4': 1, 'r8gd.xlarge_use1-az5': 50, 'r8gd.xlarge_use1-az6': 40, 'r8gn.48xlarge_use1-az6': 1, 'r8gn.medium_use1-az2': 35, 'r8gn.medium_use1-az4': 40, 'r8gn.metal-24xl_use1-az2': 1, 'r8gn.metal-24xl_use1-az6': 1, 'r8i-flex.2xlarge_use1-az6': 5, 'r8i-flex.4xlarge_use1-az6': 1, 'r8i-flex.large_use1-az2': 1, 'r8i-flex.large_use1-az6': 5, 'r8i.12xlarge_use1-az6': 1, 'r8i.16xlarge_use1-az6': 1, 'r8i.24xlarge_use1-az6': 1, 'r8i.48xlarge_use1-az2': 1, 'r8i.48xlarge_use1-az6': 1, 'r8i.96xlarge_use1-az2': 1, 'r8i.96xlarge_use1-az6': 1, 'r8i.large_use1-az2': 20, 'r8i.large_use1-az6': 20, 't2.2xlarge_use1-az1': 50, 't2.2xlarge_use1-az2': 50, 't2.2xlarge_use1-az3': 15, 't2.2xlarge_use1-az4': 50, 't2.2xlarge_use1-az5': 50, 't2.2xlarge_use1-az6': 50, 't2.large_use1-az1': 20, 't2.large_use1-az2': 50, 't2.large_use1-az3': 50, 't2.large_use1-az4': 50, 't2.large_use1-az5': 25, 't2.large_use1-az6': 50, 't2.medium_use1-az1': 50, 't2.medium_use1-az2': 50, 't2.medium_use1-az3': 50, 't2.medium_use1-az4': 50, 't2.medium_use1-az5': 50, 't2.medium_use1-az6': 50, 't2.xlarge_use1-az1': 35, 't2.xlarge_use1-az2': 50, 't2.xlarge_use1-az3': 20, 't2.xlarge_use1-az4': 50, 't2.xlarge_use1-az5': 5, 't2.xlarge_use1-az6': 50, 't3.2xlarge_use1-az1': 50, 't3.2xlarge_use1-az2': 50, 't3.2xlarge_use1-az4': 50, 't3.2xlarge_use1-az5': 50, 't3.2xlarge_use1-az6': 50, 't3.large_use1-az1': 50, 't3.large_use1-az4': 50, 't3.large_use1-az5': 50, 't3.large_use1-az6': 50, 't3.medium_use1-az2': 50, 't3.medium_use1-az5': 50, 't3.medium_use1-az6': 50, 't3.xlarge_use1-az1': 50, 't3.xlarge_use1-az2': 50, 't3.xlarge_use1-az4': 50, 't3.xlarge_use1-az5': 50, 't3.xlarge_use1-az6': 50, 't3a.2xlarge_use1-az1': 50, 't3a.2xlarge_use1-az2': 50, 't3a.2xlarge_use1-az4': 50, 't3a.2xlarge_use1-az5': 50, 't3a.2xlarge_use1-az6': 50, 't3a.large_use1-az2': 50, 't3a.large_use1-az4': 50, 't3a.large_use1-az5': 5, 't3a.large_use1-az6': 50, 't3a.xlarge_use1-az2': 50, 't3a.xlarge_use1-az4': 50, 't3a.xlarge_use1-az5': 15, 't3a.xlarge_use1-az6': 50, 't4g.2xlarge_use1-az1': 5, 't4g.2xlarge_use1-az2': 15, 't4g.2xlarge_use1-az4': 5, 't4g.2xlarge_use1-az5': 10, 't4g.2xlarge_use1-az6': 10, 't4g.large_use1-az1': 1, 't4g.large_use1-az2': 15, 't4g.large_use1-az4': 50, 't4g.large_use1-az5': 25, 't4g.large_use1-az6': 35, 't4g.medium_use1-az2': 50, 't4g.medium_use1-az4': 50, 't4g.medium_use1-az5': 35, 't4g.medium_use1-az6': 50, 't4g.xlarge_use1-az1': 30, 't4g.xlarge_use1-az2': 15, 't4g.xlarge_use1-az4': 50, 't4g.xlarge_use1-az5': 5, 't4g.xlarge_use1-az6': 10, 'trn1.32xlarge_use1-az6': 50, 'trn1n.32xlarge_use1-az6': 50, 'x8g.16xlarge_use1-az6': 5, 'x8g.24xlarge_use1-az2': 5, 'x8g.24xlarge_use1-az4': 5, 'x8g.24xlarge_use1-az6': 10, 'x8g.48xlarge_use1-az1': 1, 'x8g.48xlarge_use1-az2': 1, 'x8g.48xlarge_use1-az4': 10, 'x8g.48xlarge_use1-az6': 1, 'x8g.large_use1-az6': 50, 'x8g.medium_use1-az1': 50, 'x8g.medium_use1-az4': 50, 'x8g.medium_use1-az6': 50, 'x8g.metal-24xl_use1-az1': 1, 'x8g.metal-24xl_use1-az2': 1, 'x8g.metal-24xl_use1-az4': 1, 'x8g.metal-24xl_use1-az6': 10, 'x8g.metal-48xl_use1-az2': 1, 'x8g.metal-48xl_use1-az4': 1, 'x8g.metal-48xl_use1-az6': 1, 'z1d.12xlarge_use1-az2': 1, 'z1d.12xlarge_use1-az5': 1, 'z1d.12xlarge_use1-az6': 5, 'z1d.3xlarge_use1-az5': 5, 'z1d.large_use1-az2': 5, 'z1d.large_use1-az5': 10}"
0.5,10775.2232,17100100408,1586983.4054391114,629054,628954,"{'c5.18xlarge_use1-az6': 1, 'c6a.12xlarge_use1-az2': 50, 'c6a.24xlarge_use1-az1': 1, 'c6a.24xlarge_use1-az2': 5, 'c6a.24xlarge_use1-az4': 5, 'c6a.24xlarge_use1-az5': 5, 'c6a.24xlarge_use1-az6': 20, 'c6a.32xlarge_use1-az2': 1, 'c6a.32xlarge_use1-az4': 1, 'c6a.48xlarge_use1-az2': 1, 'c6a.48xlarge_use1-az4': 10, 'c6a.48xlarge_use1-az5': 5, 'c6a.48xlarge_use1-az6': 25, 'c6g.12xlarge_use1-az1': 15, 'c6g.12xlarge_use1-az4': 50, 'c6g.16xlarge_use1-az4': 50, 'c6g.16xlarge_use1-az5': 5, 'c6g.16xlarge_use1-az6': 50, 'c6g.2xlarge_use1-az5': 15, 'c6g.4xlarge_use1-az6': 50, 'c6gd.12xlarge_use1-az2': 50, 'c6gd.12xlarge_use1-az4': 30, 'c6gd.12xlarge_use1-az5': 1, 'c6gd.12xlarge_use1-az6': 50, 'c6gd.16xlarge_use1-az2': 50, 'c6gd.16xlarge_use1-az4': 30, 'c6gd.16xlarge_use1-az6': 50, 'c6gd.2xlarge_use1-az1': 15, 'c6gd.2xlarge_use1-az2': 50, 'c6gd.2xlarge_use1-az4': 50, 'c6gd.2xlarge_use1-az6': 50, 'c6gd.8xlarge_use1-az4': 45, 'c6gd.8xlarge_use1-az5': 1, 'c6gd.8xlarge_use1-az6': 50, 'c6id.24xlarge_use1-az6': 10, 'c7a.32xlarge_use1-az1': 1, 'c7a.32xlarge_use1-az2': 1, 'c7a.48xlarge_use1-az1': 1, 'c7a.48xlarge_use1-az2': 1, 'c7a.48xlarge_use1-az5': 1, 'c7g.12xlarge_use1-az1': 15, 'c7g.12xlarge_use1-az4': 15, 'c7g.12xlarge_use1-az5': 1, 'c7g.12xlarge_use1-az6': 50, 'c7g.16xlarge_use1-az4': 50, 'c7g.16xlarge_use1-az5': 10, 'c7g.16xlarge_use1-az6': 50, 'c7g.2xlarge_use1-az5': 50, 'c7g.4xlarge_use1-az2': 50, 'c7g.4xlarge_use1-az4': 50, 'c7g.4xlarge_use1-az6': 50, 'c7gd.12xlarge_use1-az5': 15, 'c7gd.16xlarge_use1-az4': 40, 'c7gd.16xlarge_use1-az5': 1, 'c7gd.16xlarge_use1-az6': 50, 'c7gd.2xlarge_use1-az2': 50, 'c7gd.2xlarge_use1-az4': 50, 'c7gd.2xlarge_use1-az6': 50, 'c7gd.8xlarge_use1-az5': 5, 'c7i-flex.large_use1-az5': 1, 'c7i.48xlarge_use1-az1': 10, 'c7i.48xlarge_use1-az4': 5, 'c7i.48xlarge_use1-az5': 1, 'c7i.large_use1-az2': 50, 'c7i.large_use1-az4': 50, 'c7i.large_use1-az5': 5, 'c7i.large_use1-az6': 50, 'c8g.12xlarge_use1-az1': 1, 'c8g.12xlarge_use1-az4': 1, 'c8g.12xlarge_use1-az6': 25, 'c8g.16xlarge_use1-az1': 10, 'c8g.16xlarge_use1-az2': 5, 'c8g.16xlarge_use1-az4': 1, 'c8g.16xlarge_use1-az6': 50, 'c8g.24xlarge_use1-az1': 5, 'c8g.24xlarge_use1-az2': 10, 'c8g.24xlarge_use1-az4': 1, 'c8g.24xlarge_use1-az6': 25, 'c8g.2xlarge_use1-az1': 5, 'c8g.2xlarge_use1-az2': 5, 'c8g.2xlarge_use1-az4': 50, 'c8g.2xlarge_use1-az6': 50, 'c8g.48xlarge_use1-az1': 1, 'c8g.48xlarge_use1-az2': 5, 'c8g.48xlarge_use1-az6': 50, 'c8g.4xlarge_use1-az2': 15, 'c8g.4xlarge_use1-az4': 20, 'c8g.4xlarge_use1-az6': 50, 'c8g.8xlarge_use1-az6': 50, 'c8g.large_use1-az5': 1, 'c8g.metal-24xl_use1-az6': 20, 'c8g.metal-48xl_use1-az1': 1, 'c8g.metal-48xl_use1-az2': 1, 'c8g.metal-48xl_use1-az6': 50, 'c8gd.2xlarge_use1-az6': 50, 'c8gd.metal-24xl_use1-az4': 1, 'c8gd.metal-24xl_use1-az5': 1, 'c8gd.metal-24xl_use1-az6': 5, 'c8gd.metal-48xl_use1-az2': 1, 'c8i.2xlarge_use1-az2': 10, 'c8i.metal-96xl_use1-az6': 5, 'f2.12xlarge_use1-az6': 1, 'f2.48xlarge_use1-az2': 5, 'f2.48xlarge_use1-az4': 5, 'f2.48xlarge_use1-az6': 1, 'g4ad.16xlarge_use1-az1': 5, 'g4ad.16xlarge_use1-az4': 5, 'g4ad.16xlarge_use1-az6': 10, 'g4dn.16xlarge_use1-az1': 1, 'g4dn.16xlarge_use1-az2': 10, 'g4dn.16xlarge_use1-az4': 1, 'g4dn.16xlarge_use1-az5': 5, 'g4dn.16xlarge_use1-az6': 15, 'g5.16xlarge_use1-az1': 1, 'g5.16xlarge_use1-az2': 1, 'g5.16xlarge_use1-az4': 5, 'g5.16xlarge_use1-az5': 5, 'g5.16xlarge_use1-az6': 10, 'g5g.16xlarge_use1-az6': 5, 'g6.16xlarge_use1-az1': 1, 'g6.16xlarge_use1-az2': 1, 'g6.16xlarge_use1-az4': 1, 'g6.16xlarge_use1-az6': 5, 'g6.24xlarge_use1-az2': 1, 'g6.24xlarge_use1-az4': 1, 'g6.48xlarge_use1-az2': 5, 'g6.48xlarge_use1-az4': 30, 'g6.48xlarge_use1-az6': 50, 'g6.8xlarge_use1-az1': 5, 'g6.8xlarge_use1-az2': 5, 'g6.8xlarge_use1-az4': 10, 'g6.8xlarge_use1-az6': 15, 'g6f.2xlarge_use1-az1': 1, 'g6f.2xlarge_use1-az4': 1, 'g6f.2xlarge_use1-az6': 5, 'g6f.4xlarge_use1-az1': 1, 'g6f.4xlarge_use1-az4': 1, 'g6f.large_use1-az1': 10, 'g6f.large_use1-az2': 15, 'g6f.large_use1-az4': 40, 'g6f.large_use1-az6': 20, 'g6f.xlarge_use1-az1': 1, 'g6f.xlarge_use1-az2': 1, 'g6f.xlarge_use1-az4': 5, 'g6f.xlarge_use1-az6': 10, 'gr6.8xlarge_use1-az1': 1, 'gr6.8xlarge_use1-az2': 1, 'gr6.8xlarge_use1-az4': 1, 'gr6.8xlarge_use1-az6': 1, 'i3.large_use1-az2': 50, 'i3.large_use1-az3': 50, 'i3.large_use1-az4': 50, 'i3.large_use1-az5': 50, 'i3.large_use1-az6': 50, 'i4g.16xlarge_use1-az6': 50, 'i4i.large_use1-az1': 50, 'i4i.large_use1-az2': 50, 'i4i.large_use1-az4': 50, 'i4i.large_use1-az5': 50, 'i4i.large_use1-az6': 50, 'i7i.24xlarge_use1-az6': 1, 'i7i.2xlarge_use1-az5': 20, 'i7i.metal-24xl_use1-az2': 1, 'i7i.metal-24xl_use1-az4': 50, 'i7i.metal-24xl_use1-az6': 35, 'i7i.xlarge_use1-az6': 20, 'i7ie.metal-48xl_use1-az6': 10, 'i8g.12xlarge_use1-az6': 1, 'i8g.24xlarge_use1-az6': 10, 'i8g.2xlarge_use1-az2': 1, 'i8g.8xlarge_use1-az6': 5, 'i8g.large_use1-az6': 5, 'i8g.xlarge_use1-az2': 1, 'i8g.xlarge_use1-az4': 1, 'i8g.xlarge_use1-az6': 1, 'i8ge.18xlarge_use1-az4': 1, 'i8ge.18xlarge_use1-az6': 5, 'i8ge.24xlarge_use1-az4': 1, 'i8ge.24xlarge_use1-az6': 5, 'i8ge.48xlarge_use1-az4': 5, 'i8ge.metal-24xl_use1-az4': 1, 'i8ge.metal-48xl_use1-az6': 1, 'inf1.24xlarge_use1-az5': 5, 'inf1.24xlarge_use1-az6': 20, 'inf2.24xlarge_use1-az4': 1, 'inf2.24xlarge_use1-az6': 10, 'inf2.48xlarge_use1-az6': 15, 'inf2.8xlarge_use1-az2': 5, 'inf2.8xlarge_use1-az4': 5, 'inf2.8xlarge_use1-az5': 1, 'inf2.8xlarge_use1-az6': 1, 'is4gen.medium_use1-az6': 30, 'm2.xlarge_use1-az1': 5, 'm2.xlarge_use1-az2': 20, 'm4.10xlarge_use1-az3': 1, 'm4.10xlarge_use1-az4': 50, 'm4.10xlarge_use1-az5': 1, 'm4.10xlarge_use1-az6': 50, 'm4.2xlarge_use1-az3': 50, 'm4.4xlarge_use1-az3': 50, 'm4.4xlarge_use1-az5': 10, 'm4.large_use1-az5': 10, 'm5.12xlarge_use1-az1': 5, 'm5.12xlarge_use1-az2': 25, 'm5.12xlarge_use1-az4': 50, 'm5.12xlarge_use1-az5': 1, 'm5.12xlarge_use1-az6': 40, 'm5.16xlarge_use1-az1': 10, 'm5.16xlarge_use1-az2': 50, 'm5.16xlarge_use1-az4': 50, 'm5.16xlarge_use1-az5': 1, 'm5.16xlarge_use1-az6': 50, 'm5.24xlarge_use1-az1': 5, 'm5.24xlarge_use1-az2': 5, 'm5.24xlarge_use1-az4': 5, 'm5.24xlarge_use1-az5': 1, 'm5.24xlarge_use1-az6': 35, 'm5.8xlarge_use1-az1': 50, 'm5.8xlarge_use1-az2': 40, 'm5.8xlarge_use1-az4': 50, 'm5.8xlarge_use1-az5': 1, 'm5.8xlarge_use1-az6': 50, 'm5.large_use1-az1': 50, 'm5.large_use1-az2': 50, 'm5.large_use1-az5': 50, 'm5.xlarge_use1-az2': 50, 'm5.xlarge_use1-az4': 50, 'm5.xlarge_use1-az5': 50, 'm5.xlarge_use1-az6': 50, 'm5a.16xlarge_use1-az4': 1, 'm5a.24xlarge_use1-az1': 1, 'm5a.24xlarge_use1-az2': 1, 'm5a.24xlarge_use1-az4': 1, 'm5a.24xlarge_use1-az5': 5, 'm5d.12xlarge_use1-az2': 25, 'm5d.12xlarge_use1-az4': 30, 'm5d.12xlarge_use1-az6': 15, 'm5d.16xlarge_use1-az6': 50, 'm5n.large_use1-az5': 5, 'm5zn.large_use1-az5': 15, 'm6a.12xlarge_use1-az1': 5, 'm6a.12xlarge_use1-az2': 5, 'm6a.12xlarge_use1-az4': 15, 'm6a.12xlarge_use1-az6': 10, 'm6a.16xlarge_use1-az1': 5, 'm6a.16xlarge_use1-az2': 5, 'm6a.16xlarge_use1-az4': 5, 'm6a.16xlarge_use1-az6': 5, 'm6a.24xlarge_use1-az1': 1, 'm6a.24xlarge_use1-az2': 1, 'm6a.24xlarge_use1-az4': 1, 'm6a.24xlarge_use1-az6': 1, 'm6a.2xlarge_use1-az1': 50, 'm6a.2xlarge_use1-az2': 35, 'm6a.2xlarge_use1-az4': 45, 'm6a.2xlarge_use1-az5': 15, 'm6a.2xlarge_use1-az6': 50, 'm6a.32xlarge_use1-az2': 1, 'm6a.32xlarge_use1-az4': 1, 'm6a.32xlarge_use1-az5': 1, 'm6a.32xlarge_use1-az6': 1, 'm6a.48xlarge_use1-az2': 1, 'm6a.48xlarge_use1-az4': 1, 'm6a.48xlarge_use1-az6': 1, 'm6a.4xlarge_use1-az1': 45, 'm6a.4xlarge_use1-az2': 40, 'm6a.4xlarge_use1-az4': 25, 'm6a.4xlarge_use1-az5': 5, 'm6a.4xlarge_use1-az6': 50, 'm6a.8xlarge_use1-az1': 25, 'm6a.8xlarge_use1-az2': 15, 'm6a.8xlarge_use1-az4': 50, 'm6a.8xlarge_use1-az5': 10, 'm6a.8xlarge_use1-az6': 50, 'm6a.large_use1-az1': 50, 'm6a.large_use1-az2': 50, 'm6a.large_use1-az4': 50, 'm6a.large_use1-az5': 30, 'm6a.large_use1-az6': 50, 'm6a.xlarge_use1-az1': 50, 'm6a.xlarge_use1-az2': 50, 'm6a.xlarge_use1-az4': 50, 'm6a.xlarge_use1-az5': 35, 'm6a.xlarge_use1-az6': 50, 'm6g.12xlarge_use1-az1': 1, 'm6g.12xlarge_use1-az2': 5, 'm6g.12xlarge_use1-az4': 50, 'm6g.12xlarge_use1-az6': 50, 'm6g.16xlarge_use1-az1': 1, 'm6g.16xlarge_use1-az2': 5, 'm6g.16xlarge_use1-az4': 25, 'm6g.16xlarge_use1-az6': 50, 'm6g.2xlarge_use1-az1': 15, 'm6g.2xlarge_use1-az2': 50, 'm6g.2xlarge_use1-az4': 50, 'm6g.2xlarge_use1-az5': 5, 'm6g.2xlarge_use1-az6': 50, 'm6g.4xlarge_use1-az2': 50, 'm6g.4xlarge_use1-az4': 50, 'm6g.4xlarge_use1-az5': 10, 'm6g.4xlarge_use1-az6': 50, 'm6g.8xlarge_use1-az4': 50, 'm6g.8xlarge_use1-az6': 50, 'm6g.large_use1-az4': 50, 'm6g.large_use1-az5': 5, 'm6g.medium_use1-az1': 5, 'm6g.medium_use1-az2': 5, 'm6g.medium_use1-az4': 10, 'm6g.medium_use1-az5': 1, 'm6g.medium_use1-az6': 15, 'm6g.xlarge_use1-az2': 50, 'm6g.xlarge_use1-az4': 50, 'm6g.xlarge_use1-az5': 50, 'm6g.xlarge_use1-az6': 50, 'm6gd.12xlarge_use1-az2': 40, 'm6gd.12xlarge_use1-az4': 20, 'm6gd.12xlarge_use1-az5': 5, 'm6gd.12xlarge_use1-az6': 50, 'm6gd.16xlarge_use1-az2': 10, 'm6gd.16xlarge_use1-az5': 10, 'm6gd.16xlarge_use1-az6': 35, 'm6gd.2xlarge_use1-az2': 50, 'm6gd.2xlarge_use1-az4': 45, 'm6gd.8xlarge_use1-az2': 10, 'm6gd.8xlarge_use1-az4': 15, 'm6gd.8xlarge_use1-az5': 1, 'm6gd.8xlarge_use1-az6': 20, 'm6gd.medium_use1-az1': 1, 'm6gd.medium_use1-az2': 1, 'm6gd.medium_use1-az4': 1, 'm6gd.medium_use1-az5': 5, 'm6gd.medium_use1-az6': 1, 'm6i.12xlarge_use1-az1': 1, 'm6i.12xlarge_use1-az2': 10, 'm6i.12xlarge_use1-az4': 50, 'm6i.12xlarge_use1-az5': 1, 'm6i.12xlarge_use1-az6': 30, 'm6i.16xlarge_use1-az6': 10, 'm6i.24xlarge_use1-az2': 10, 'm6i.24xlarge_use1-az4': 5, 'm6i.24xlarge_use1-az5': 1, 'm6i.24xlarge_use1-az6': 50, 'm6i.2xlarge_use1-az1': 25, 'm6i.2xlarge_use1-az2': 50, 'm6i.2xlarge_use1-az4': 50, 'm6i.2xlarge_use1-az5': 25, 'm6i.2xlarge_use1-az6': 50, 'm6i.32xlarge_use1-az2': 1, 'm6i.32xlarge_use1-az4': 5, 'm6i.32xlarge_use1-az5': 1, 'm6i.32xlarge_use1-az6': 15, 'm6i.4xlarge_use1-az2': 50, 'm6i.4xlarge_use1-az4': 50, 'm6i.4xlarge_use1-az5': 50, 'm6i.4xlarge_use1-az6': 50, 'm6i.8xlarge_use1-az1': 1, 'm6i.8xlarge_use1-az2': 50, 'm6i.8xlarge_use1-az4': 50, 'm6i.8xlarge_use1-az5': 20, 'm6i.8xlarge_use1-az6': 50, 'm6i.large_use1-az1': 25, 'm6i.large_use1-az2': 50, 'm6i.large_use1-az4': 50, 'm6i.large_use1-az5': 50, 'm6i.large_use1-az6': 50, 'm6i.xlarge_use1-az2': 50, 'm6i.xlarge_use1-az4': 50, 'm6i.xlarge_use1-az5': 25, 'm6i.xlarge_use1-az6': 50, 'm6id.12xlarge_use1-az1': 1, 'm6id.12xlarge_use1-az2': 1, 'm6id.12xlarge_use1-az4': 1, 'm6id.12xlarge_use1-az6': 1, 'm6id.16xlarge_use1-az1': 1, 'm6id.16xlarge_use1-az4': 1, 'm6id.16xlarge_use1-az6': 1, 'm6id.24xlarge_use1-az1': 10, 'm6id.24xlarge_use1-az2': 15, 'm6id.24xlarge_use1-az4': 35, 'm6id.24xlarge_use1-az5': 5, 'm6id.24xlarge_use1-az6': 15, 'm6id.2xlarge_use1-az5': 1, 'm6id.32xlarge_use1-az1': 10, 'm6id.32xlarge_use1-az2': 15, 'm6id.32xlarge_use1-az4': 5, 'm6id.32xlarge_use1-az5': 1, 'm6id.4xlarge_use1-az1': 15, 'm6id.4xlarge_use1-az4': 5, 'm6id.4xlarge_use1-az6': 10, 'm6id.8xlarge_use1-az1': 1, 'm6id.8xlarge_use1-az5': 1, 'm6id.large_use1-az2': 35, 'm6id.large_use1-az4': 15, 'm6id.large_use1-az5': 5, 'm6id.xlarge_use1-az1': 20, 'm6id.xlarge_use1-az2': 45, 'm6id.xlarge_use1-az4': 15, 'm6id.xlarge_use1-az5': 5, 'm6id.xlarge_use1-az6': 25, 'm6idn.24xlarge_use1-az1': 1, 'm6idn.24xlarge_use1-az2': 1, 'm6idn.24xlarge_use1-az4': 1, 'm6idn.large_use1-az5': 10, 'm6idn.large_use1-az6': 10, 'm6in.16xlarge_use1-az4': 1, 'm6in.8xlarge_use1-az2': 1, 'm6in.large_use1-az1': 5, 'm6in.large_use1-az2': 10, 'm6in.large_use1-az4': 5, 'm6in.large_use1-az5': 1, 'm6in.large_use1-az6': 1, 'm6in.xlarge_use1-az2': 10, 'm7a.12xlarge_use1-az2': 1, 'm7a.12xlarge_use1-az6': 20, 'm7a.16xlarge_use1-az2': 1, 'm7a.16xlarge_use1-az6': 40, 'm7a.24xlarge_use1-az2': 1, 'm7a.24xlarge_use1-az6': 50, 'm7a.2xlarge_use1-az1': 5, 'm7a.2xlarge_use1-az2': 15, 'm7a.2xlarge_use1-az4': 10, 'm7a.2xlarge_use1-az6': 50, 'm7a.32xlarge_use1-az6': 20, 'm7a.48xlarge_use1-az6': 40, 'm7a.4xlarge_use1-az1': 10, 'm7a.4xlarge_use1-az2': 5, 'm7a.4xlarge_use1-az4': 10, 'm7a.4xlarge_use1-az6': 25, 'm7a.8xlarge_use1-az1': 1, 'm7a.8xlarge_use1-az2': 5, 'm7a.8xlarge_use1-az4': 1, 'm7a.8xlarge_use1-az6': 50, 'm7a.large_use1-az1': 15, 'm7a.large_use1-az2': 50, 'm7a.large_use1-az4': 50, 'm7a.large_use1-az5': 5, 'm7a.large_use1-az6': 50, 'm7a.medium_use1-az1': 10, 'm7a.medium_use1-az2': 50, 'm7a.medium_use1-az4': 50, 'm7a.medium_use1-az6': 50, 'm7a.xlarge_use1-az1': 5, 'm7a.xlarge_use1-az2': 40, 'm7a.xlarge_use1-az4': 50, 'm7a.xlarge_use1-az6': 50, 'm7g.12xlarge_use1-az1': 1, 'm7g.12xlarge_use1-az2': 10, 'm7g.12xlarge_use1-az4': 45, 'm7g.12xlarge_use1-az5': 1, 'm7g.12xlarge_use1-az6': 50, 'm7g.16xlarge_use1-az1': 1, 'm7g.16xlarge_use1-az2': 30, 'm7g.16xlarge_use1-az4': 35, 'm7g.16xlarge_use1-az5': 1, 'm7g.16xlarge_use1-az6': 50, 'm7g.2xlarge_use1-az2': 50, 'm7g.2xlarge_use1-az4': 50, 'm7g.2xlarge_use1-az5': 15, 'm7g.2xlarge_use1-az6': 50, 'm7g.4xlarge_use1-az1': 10, 'm7g.4xlarge_use1-az2': 30, 'm7g.4xlarge_use1-az4': 50, 'm7g.4xlarge_use1-az5': 10, 'm7g.4xlarge_use1-az6': 50, 'm7g.8xlarge_use1-az1': 1, 'm7g.8xlarge_use1-az2': 15, 'm7g.8xlarge_use1-az4': 40, 'm7g.8xlarge_use1-az5': 1, 'm7g.8xlarge_use1-az6': 50, 'm7g.large_use1-az2': 50, 'm7g.large_use1-az4': 50, 'm7g.large_use1-az5': 30, 'm7g.large_use1-az6': 50, 'm7g.medium_use1-az1': 30, 'm7g.medium_use1-az2': 40, 'm7g.medium_use1-az4': 50, 'm7g.medium_use1-az5': 35, 'm7g.medium_use1-az6': 50, 'm7g.metal_use1-az1': 1, 'm7g.metal_use1-az2': 25, 'm7g.metal_use1-az4': 10, 'm7g.metal_use1-az5': 1, 'm7g.metal_use1-az6': 50, 'm7g.xlarge_use1-az1': 50, 'm7g.xlarge_use1-az2': 50, 'm7g.xlarge_use1-az4': 50, 'm7g.xlarge_use1-az5': 50, 'm7g.xlarge_use1-az6': 50, 'm7gd.12xlarge_use1-az1': 5, 'm7gd.12xlarge_use1-az2': 10, 'm7gd.12xlarge_use1-az4': 1, 'm7gd.12xlarge_use1-az6': 35, 'm7gd.16xlarge_use1-az1': 1, 'm7gd.16xlarge_use1-az2': 30, 'm7gd.16xlarge_use1-az6': 40, 'm7gd.2xlarge_use1-az1': 15, 'm7gd.2xlarge_use1-az2': 50, 'm7gd.2xlarge_use1-az4': 15, 'm7gd.4xlarge_use1-az2': 10, 'm7gd.4xlarge_use1-az6': 40, 'm7gd.8xlarge_use1-az5': 45, 'm7gd.8xlarge_use1-az6': 50, 'm7gd.large_use1-az2': 50, 'm7gd.large_use1-az4': 5, 'm7gd.large_use1-az6': 50, 'm7gd.medium_use1-az1': 15, 'm7gd.medium_use1-az2': 20, 'm7gd.medium_use1-az4': 15, 'm7gd.medium_use1-az5': 20, 'm7gd.medium_use1-az6': 25, 'm7gd.metal_use1-az1': 5, 'm7gd.metal_use1-az2': 15, 'm7gd.metal_use1-az4': 1, 'm7gd.metal_use1-az6': 15, 'm7gd.xlarge_use1-az1': 5, 'm7gd.xlarge_use1-az2': 10, 'm7gd.xlarge_use1-az4': 10, 'm7gd.xlarge_use1-az5': 1, 'm7i-flex.2xlarge_use1-az1': 50, 'm7i-flex.2xlarge_use1-az2': 50, 'm7i-flex.2xlarge_use1-az4': 15, 'm7i-flex.2xlarge_use1-az5': 10, 'm7i-flex.2xlarge_use1-az6': 50, 'm7i-flex.4xlarge_use1-az2': 5, 'm7i-flex.4xlarge_use1-az4': 5, 'm7i-flex.4xlarge_use1-az6': 25, 'm7i-flex.8xlarge_use1-az1': 1, 'm7i-flex.8xlarge_use1-az2': 5, 'm7i-flex.8xlarge_use1-az4': 5, 'm7i-flex.8xlarge_use1-az5': 1, 'm7i-flex.8xlarge_use1-az6': 10, 'm7i-flex.large_use1-az1': 20, 'm7i-flex.large_use1-az2': 50, 'm7i-flex.large_use1-az4': 25, 'm7i-flex.large_use1-az5': 25, 'm7i-flex.large_use1-az6': 50, 'm7i-flex.xlarge_use1-az2': 50, 'm7i-flex.xlarge_use1-az4': 50, 'm7i-flex.xlarge_use1-az5': 15, 'm7i-flex.xlarge_use1-az6': 50, 'm7i.12xlarge_use1-az1': 1, 'm7i.12xlarge_use1-az2': 5, 'm7i.12xlarge_use1-az4': 15, 'm7i.12xlarge_use1-az6': 50, 'm7i.16xlarge_use1-az1': 5, 'm7i.16xlarge_use1-az2': 10, 'm7i.16xlarge_use1-az4': 10, 'm7i.16xlarge_use1-az6': 50, 'm7i.24xlarge_use1-az2': 5, 'm7i.24xlarge_use1-az4': 5, 'm7i.24xlarge_use1-az6': 50, 'm7i.2xlarge_use1-az1': 1, 'm7i.2xlarge_use1-az2': 50, 'm7i.2xlarge_use1-az4': 50, 'm7i.2xlarge_use1-az6': 50, 'm7i.48xlarge_use1-az1': 1, 'm7i.48xlarge_use1-az2': 5, 'm7i.48xlarge_use1-az4': 20, 'm7i.48xlarge_use1-az6': 50, 'm7i.4xlarge_use1-az1': 1, 'm7i.4xlarge_use1-az2': 25, 'm7i.4xlarge_use1-az4': 10, 'm7i.4xlarge_use1-az6': 50, 'm7i.8xlarge_use1-az2': 20, 'm7i.large_use1-az1': 50, 'm7i.large_use1-az2': 50, 'm7i.large_use1-az4': 50, 'm7i.large_use1-az5': 1, 'm7i.large_use1-az6': 50, 'm7i.xlarge_use1-az2': 35, 'm7i.xlarge_use1-az4': 50, 'm7i.xlarge_use1-az6': 50, 'm8g.12xlarge_use1-az2': 10, 'm8g.12xlarge_use1-az4': 10, 'm8g.12xlarge_use1-az5': 1, 'm8g.12xlarge_use1-az6': 35, 'm8g.16xlarge_use1-az2': 5, 'm8g.16xlarge_use1-az4': 5, 'm8g.16xlarge_use1-az5': 5, 'm8g.16xlarge_use1-az6': 45, 'm8g.24xlarge_use1-az2': 5, 'm8g.24xlarge_use1-az4': 1, 'm8g.24xlarge_use1-az5': 1, 'm8g.24xlarge_use1-az6': 25, 'm8g.2xlarge_use1-az4': 10, 'm8g.2xlarge_use1-az5': 10, 'm8g.48xlarge_use1-az2': 5, 'm8g.48xlarge_use1-az4': 5, 'm8g.48xlarge_use1-az6': 20, 'm8g.4xlarge_use1-az2': 5, 'm8g.4xlarge_use1-az4': 5, 'm8g.4xlarge_use1-az5': 1, 'm8g.4xlarge_use1-az6': 40, 'm8g.8xlarge_use1-az2': 10, 'm8g.8xlarge_use1-az4': 20, 'm8g.8xlarge_use1-az5': 1, 'm8g.8xlarge_use1-az6': 40, 'm8g.large_use1-az1': 1, 'm8g.large_use1-az2': 20, 'm8g.large_use1-az6': 45, 'm8g.medium_use1-az1': 1, 'm8g.medium_use1-az2': 15, 'm8g.metal-48xl_use1-az2': 5, 'm8g.metal-48xl_use1-az6': 25, 'm8g.xlarge_use1-az1': 1, 'm8g.xlarge_use1-az5': 15, 'm8g.xlarge_use1-az6': 50, 'm8gd.16xlarge_use1-az5': 1, 'm8gd.4xlarge_use1-az2': 5, 'm8gd.8xlarge_use1-az5': 1, 'm8gd.8xlarge_use1-az6': 5, 'm8gd.large_use1-az1': 20, 'm8gd.large_use1-az2': 15, 'm8gd.large_use1-az5': 1, 'm8gd.large_use1-az6': 1, 'm8gd.medium_use1-az6': 1, 'm8gd.xlarge_use1-az1': 1, 'm8gd.xlarge_use1-az5': 1, 'm8i-flex.16xlarge_use1-az6': 5, 'm8i-flex.2xlarge_use1-az2': 10, 'm8i-flex.2xlarge_use1-az4': 1, 'm8i-flex.2xlarge_use1-az6': 50, 'm8i-flex.4xlarge_use1-az6': 5, 'm8i-flex.8xlarge_use1-az6': 1, 'm8i-flex.large_use1-az2': 5, 'm8i-flex.xlarge_use1-az2': 10, 'm8i-flex.xlarge_use1-az6': 50, 'm8i.12xlarge_use1-az6': 1, 'm8i.16xlarge_use1-az4': 1, 'm8i.16xlarge_use1-az6': 1, 'm8i.24xlarge_use1-az6': 1, 'm8i.2xlarge_use1-az2': 10, 'm8i.2xlarge_use1-az4': 1, 'm8i.2xlarge_use1-az6': 10, 'm8i.32xlarge_use1-az2': 1, 'm8i.32xlarge_use1-az6': 5, 'm8i.48xlarge_use1-az2': 1, 'm8i.48xlarge_use1-az6': 5, 'm8i.4xlarge_use1-az2': 5, 'm8i.4xlarge_use1-az4': 1, 'm8i.8xlarge_use1-az2': 1, 'm8i.8xlarge_use1-az4': 1, 'm8i.8xlarge_use1-az6': 20, 'm8i.96xlarge_use1-az6': 1, 'm8i.large_use1-az4': 25, 'm8i.metal-48xl_use1-az6': 1, 'm8i.metal-96xl_use1-az6': 1, 'm8i.xlarge_use1-az2': 30, 'm8i.xlarge_use1-az4': 10, 'r4.8xlarge_use1-az1': 50, 'r4.8xlarge_use1-az2': 50, 'r4.8xlarge_use1-az4': 50, 'r4.8xlarge_use1-az6': 50, 'r5.12xlarge_use1-az2': 5, 'r5.12xlarge_use1-az6': 5, 'r5.16xlarge_use1-az1': 5, 'r5.16xlarge_use1-az4': 35, 'r5.16xlarge_use1-az5': 30, 'r5.16xlarge_use1-az6': 5, 'r5.24xlarge_use1-az5': 5, 'r5.4xlarge_use1-az2': 50, 'r5.8xlarge_use1-az2': 50, 'r5.8xlarge_use1-az4': 50, 'r5.8xlarge_use1-az5': 5, 'r5.8xlarge_use1-az6': 5, 'r5.xlarge_use1-az1': 50, 'r5.xlarge_use1-az2': 50, 'r5.xlarge_use1-az4': 50, 'r5.xlarge_use1-az5': 50, 'r5.xlarge_use1-az6': 50, 'r5a.8xlarge_use1-az5': 30, 'r5d.16xlarge_use1-az2': 50, 'r5d.16xlarge_use1-az6': 50, 'r5dn.16xlarge_use1-az5': 10, 'r5dn.large_use1-az5': 50, 'r5n.16xlarge_use1-az2': 10, 'r5n.16xlarge_use1-az4': 35, 'r5n.8xlarge_use1-az4': 35, 'r6a.12xlarge_use1-az1': 1, 'r6a.12xlarge_use1-az2': 10, 'r6a.12xlarge_use1-az4': 5, 'r6a.12xlarge_use1-az6': 10, 'r6a.16xlarge_use1-az1': 5, 'r6a.16xlarge_use1-az2': 15, 'r6a.16xlarge_use1-az4': 30, 'r6a.16xlarge_use1-az5': 15, 'r6a.16xlarge_use1-az6': 40, 'r6a.24xlarge_use1-az2': 5, 'r6a.24xlarge_use1-az4': 1, 'r6a.24xlarge_use1-az5': 1, 'r6a.24xlarge_use1-az6': 5, 'r6a.2xlarge_use1-az2': 50, 'r6a.2xlarge_use1-az4': 40, 'r6a.2xlarge_use1-az6': 50, 'r6a.32xlarge_use1-az2': 5, 'r6a.32xlarge_use1-az4': 5, 'r6a.32xlarge_use1-az5': 5, 'r6a.32xlarge_use1-az6': 5, 'r6a.48xlarge_use1-az2': 5, 'r6a.48xlarge_use1-az4': 5, 'r6a.48xlarge_use1-az5': 5, 'r6a.48xlarge_use1-az6': 1, 'r6a.4xlarge_use1-az1': 50, 'r6a.4xlarge_use1-az2': 50, 'r6a.4xlarge_use1-az4': 50, 'r6a.4xlarge_use1-az6': 50, 'r6a.8xlarge_use1-az1': 20, 'r6a.8xlarge_use1-az2': 50, 'r6a.8xlarge_use1-az4': 50, 'r6a.8xlarge_use1-az5': 50, 'r6a.8xlarge_use1-az6': 50, 'r6a.large_use1-az1': 50, 'r6a.large_use1-az2': 50, 'r6a.large_use1-az4': 50, 'r6a.large_use1-az5': 50, 'r6a.large_use1-az6': 50, 'r6a.xlarge_use1-az1': 50, 'r6a.xlarge_use1-az2': 50, 'r6a.xlarge_use1-az4': 50, 'r6a.xlarge_use1-az5': 50, 'r6a.xlarge_use1-az6': 50, 'r6g.12xlarge_use1-az2': 50, 'r6g.12xlarge_use1-az4': 45, 'r6g.12xlarge_use1-az5': 10, 'r6g.12xlarge_use1-az6': 50, 'r6g.16xlarge_use1-az2': 50, 'r6g.16xlarge_use1-az4': 50, 'r6g.16xlarge_use1-az5': 50, 'r6g.16xlarge_use1-az6': 50, 'r6g.2xlarge_use1-az5': 10, 'r6g.4xlarge_use1-az2': 50, 'r6g.4xlarge_use1-az4': 50, 'r6g.4xlarge_use1-az5': 50, 'r6g.4xlarge_use1-az6': 50, 'r6g.8xlarge_use1-az2': 10, 'r6g.8xlarge_use1-az4': 50, 'r6g.8xlarge_use1-az5': 50, 'r6g.8xlarge_use1-az6': 50, 'r6g.large_use1-az4': 50, 'r6g.large_use1-az6': 50, 'r6g.medium_use1-az1': 1, 'r6g.medium_use1-az2': 10, 'r6g.medium_use1-az4': 15, 'r6g.medium_use1-az5': 15, 'r6g.medium_use1-az6': 35, 'r6g.xlarge_use1-az5': 50, 'r6gd.12xlarge_use1-az4': 10, 'r6gd.12xlarge_use1-az5': 1, 'r6gd.12xlarge_use1-az6': 10, 'r6gd.16xlarge_use1-az4': 50, 'r6gd.16xlarge_use1-az5': 1, 'r6gd.16xlarge_use1-az6': 45, 'r6gd.8xlarge_use1-az4': 20, 'r6gd.8xlarge_use1-az6': 30, 'r6gd.large_use1-az4': 50, 'r6gd.large_use1-az5': 50, 'r6gd.medium_use1-az1': 5, 'r6gd.medium_use1-az2': 1, 'r6gd.medium_use1-az4': 5, 'r6gd.medium_use1-az5': 5, 'r6gd.medium_use1-az6': 1, 'r6i.12xlarge_use1-az1': 5, 'r6i.12xlarge_use1-az2': 5, 'r6i.12xlarge_use1-az4': 5, 'r6i.12xlarge_use1-az5': 1, 'r6i.12xlarge_use1-az6': 10, 'r6i.16xlarge_use1-az1': 1, 'r6i.16xlarge_use1-az2': 1, 'r6i.16xlarge_use1-az4': 10, 'r6i.16xlarge_use1-az5': 10, 'r6i.16xlarge_use1-az6': 1, 'r6i.24xlarge_use1-az4': 10, 'r6i.24xlarge_use1-az5': 1, 'r6i.24xlarge_use1-az6': 5, 'r6i.32xlarge_use1-az4': 1, 'r6i.32xlarge_use1-az5': 1, 'r6i.32xlarge_use1-az6': 1, 'r6i.4xlarge_use1-az6': 40, 'r6i.8xlarge_use1-az1': 5, 'r6i.8xlarge_use1-az4': 10, 'r6i.8xlarge_use1-az5': 5, 'r6i.8xlarge_use1-az6': 10, 'r6i.large_use1-az5': 20, 'r6i.xlarge_use1-az5': 10, 'r6i.xlarge_use1-az6': 50, 'r6id.16xlarge_use1-az1': 5, 'r6id.16xlarge_use1-az4': 15, 'r6id.16xlarge_use1-az5': 1, 'r6id.16xlarge_use1-az6': 20, 'r6id.24xlarge_use1-az4': 5, 'r6id.32xlarge_use1-az1': 1, 'r6id.32xlarge_use1-az6': 10, 'r6id.large_use1-az4': 5, 'r6idn.16xlarge_use1-az5': 1, 'r6idn.16xlarge_use1-az6': 1, 'r6in.16xlarge_use1-az4': 1, 'r6in.16xlarge_use1-az5': 1, 'r6in.16xlarge_use1-az6': 5, 'r6in.8xlarge_use1-az6': 5, 'r6in.large_use1-az1': 45, 'r6in.large_use1-az2': 50, 'r6in.large_use1-az4': 50, 'r6in.large_use1-az5': 40, 'r6in.large_use1-az6': 50, 'r7a.12xlarge_use1-az1': 1, 'r7a.12xlarge_use1-az2': 1, 'r7a.12xlarge_use1-az4': 5, 'r7a.12xlarge_use1-az6': 20, 'r7a.16xlarge_use1-az2': 15, 'r7a.16xlarge_use1-az4': 30, 'r7a.16xlarge_use1-az6': 50, 'r7a.24xlarge_use1-az2': 10, 'r7a.24xlarge_use1-az4': 10, 'r7a.24xlarge_use1-az6': 35, 'r7a.2xlarge_use1-az6': 1, 'r7a.32xlarge_use1-az2': 1, 'r7a.32xlarge_use1-az4': 1, 'r7a.32xlarge_use1-az6': 50, 'r7a.48xlarge_use1-az2': 5, 'r7a.48xlarge_use1-az4': 5, 'r7a.48xlarge_use1-az6': 50, 'r7a.4xlarge_use1-az1': 5, 'r7a.4xlarge_use1-az2': 25, 'r7a.4xlarge_use1-az4': 50, 'r7a.4xlarge_use1-az6': 50, 'r7a.8xlarge_use1-az1': 5, 'r7a.8xlarge_use1-az2': 20, 'r7a.8xlarge_use1-az4': 50, 'r7a.8xlarge_use1-az6': 50, 'r7a.large_use1-az6': 50, 'r7a.medium_use1-az2': 25, 'r7a.medium_use1-az6': 50, 'r7a.xlarge_use1-az2': 50, 'r7a.xlarge_use1-az6': 25, 'r7g.12xlarge_use1-az1': 1, 'r7g.12xlarge_use1-az2': 5, 'r7g.12xlarge_use1-az4': 50, 'r7g.12xlarge_use1-az5': 1, 'r7g.12xlarge_use1-az6': 5, 'r7g.16xlarge_use1-az1': 5, 'r7g.16xlarge_use1-az2': 30, 'r7g.16xlarge_use1-az4': 50, 'r7g.16xlarge_use1-az5': 5, 'r7g.16xlarge_use1-az6': 50, 'r7g.2xlarge_use1-az5': 5, 'r7g.2xlarge_use1-az6': 15, 'r7g.4xlarge_use1-az2': 5, 'r7g.4xlarge_use1-az4': 50, 'r7g.4xlarge_use1-az5': 5, 'r7g.4xlarge_use1-az6': 15, 'r7g.8xlarge_use1-az1': 1, 'r7g.8xlarge_use1-az2': 50, 'r7g.8xlarge_use1-az4': 50, 'r7g.8xlarge_use1-az6': 50, 'r7g.large_use1-az2': 50, 'r7g.large_use1-az4': 50, 'r7g.large_use1-az5': 40, 'r7g.large_use1-az6': 40, 'r7g.medium_use1-az1': 50, 'r7g.medium_use1-az2': 50, 'r7g.medium_use1-az4': 50, 'r7g.medium_use1-az5': 25, 'r7g.medium_use1-az6': 50, 'r7g.xlarge_use1-az1': 50, 'r7g.xlarge_use1-az2': 50, 'r7g.xlarge_use1-az4': 50, 'r7g.xlarge_use1-az5': 10, 'r7g.xlarge_use1-az6': 50, 'r7gd.12xlarge_use1-az2': 10, 'r7gd.12xlarge_use1-az4': 35, 'r7gd.12xlarge_use1-az5': 10, 'r7gd.12xlarge_use1-az6': 50, 'r7gd.16xlarge_use1-az1': 5, 'r7gd.16xlarge_use1-az2': 50, 'r7gd.16xlarge_use1-az4': 50, 'r7gd.16xlarge_use1-az6': 50, 'r7gd.8xlarge_use1-az4': 30, 'r7gd.8xlarge_use1-az6': 50, 'r7gd.large_use1-az2': 10, 'r7gd.large_use1-az4': 50, 'r7gd.large_use1-az5': 15, 'r7gd.large_use1-az6': 35, 'r7gd.medium_use1-az1': 35, 'r7gd.medium_use1-az2': 15, 'r7gd.medium_use1-az4': 25, 'r7gd.medium_use1-az5': 15, 'r7gd.medium_use1-az6': 20, 'r7gd.xlarge_use1-az6': 50, 'r7i.12xlarge_use1-az4': 1, 'r7i.12xlarge_use1-az6': 10, 'r7i.16xlarge_use1-az1': 5, 'r7i.16xlarge_use1-az5': 5, 'r7i.16xlarge_use1-az6': 50, 'r7i.24xlarge_use1-az1': 1, 'r7i.24xlarge_use1-az2': 1, 'r7i.24xlarge_use1-az4': 5, 'r7i.24xlarge_use1-az6': 5, 'r7i.2xlarge_use1-az2': 5, 'r7i.2xlarge_use1-az4': 10, 'r7i.2xlarge_use1-az6': 50, 'r7i.48xlarge_use1-az2': 1, 'r7i.48xlarge_use1-az5': 1, 'r7i.48xlarge_use1-az6': 5, 'r7i.4xlarge_use1-az1': 5, 'r7i.4xlarge_use1-az2': 20, 'r7i.4xlarge_use1-az4': 10, 'r7i.4xlarge_use1-az5': 1, 'r7i.4xlarge_use1-az6': 50, 'r7i.8xlarge_use1-az1': 5, 'r7i.8xlarge_use1-az2': 25, 'r7i.8xlarge_use1-az4': 25, 'r7i.8xlarge_use1-az6': 50, 'r7i.large_use1-az1': 15, 'r7i.large_use1-az2': 50, 'r7i.large_use1-az4': 50, 'r7i.large_use1-az5': 15, 'r7i.large_use1-az6': 50, 'r7i.xlarge_use1-az4': 10, 'r7i.xlarge_use1-az5': 15, 'r7i.xlarge_use1-az6': 50, 'r8g.12xlarge_use1-az2': 5, 'r8g.12xlarge_use1-az4': 5, 'r8g.12xlarge_use1-az6': 15, 'r8g.16xlarge_use1-az1': 1, 'r8g.16xlarge_use1-az2': 50, 'r8g.16xlarge_use1-az4': 50, 'r8g.16xlarge_use1-az5': 5, 'r8g.16xlarge_use1-az6': 50, 'r8g.24xlarge_use1-az2': 10, 'r8g.24xlarge_use1-az4': 5, 'r8g.24xlarge_use1-az5': 5, 'r8g.24xlarge_use1-az6': 35, 'r8g.2xlarge_use1-az5': 1, 'r8g.2xlarge_use1-az6': 5, 'r8g.48xlarge_use1-az2': 1, 'r8g.48xlarge_use1-az4': 5, 'r8g.48xlarge_use1-az6': 5, 'r8g.4xlarge_use1-az2': 10, 'r8g.4xlarge_use1-az4': 35, 'r8g.4xlarge_use1-az5': 5, 'r8g.4xlarge_use1-az6': 50, 'r8g.8xlarge_use1-az2': 40, 'r8g.8xlarge_use1-az4': 15, 'r8g.8xlarge_use1-az5': 1, 'r8g.8xlarge_use1-az6': 50, 'r8g.large_use1-az1': 5, 'r8g.large_use1-az2': 30, 'r8g.large_use1-az4': 15, 'r8g.large_use1-az5': 10, 'r8g.large_use1-az6': 20, 'r8g.medium_use1-az1': 15, 'r8g.medium_use1-az2': 30, 'r8g.medium_use1-az4': 20, 'r8g.medium_use1-az5': 5, 'r8g.medium_use1-az6': 15, 'r8g.xlarge_use1-az1': 1, 'r8g.xlarge_use1-az2': 10, 'r8g.xlarge_use1-az4': 5, 'r8g.xlarge_use1-az5': 5, 'r8g.xlarge_use1-az6': 10, 'r8gb.medium_use1-az2': 50, 'r8gb.metal-24xl_use1-az6': 1, 'r8gd.12xlarge_use1-az5': 1, 'r8gd.12xlarge_use1-az6': 1, 'r8gd.16xlarge_use1-az4': 1, 'r8gd.16xlarge_use1-az5': 1, 'r8gd.24xlarge_use1-az2': 1, 'r8gd.24xlarge_use1-az5': 1, 'r8gd.24xlarge_use1-az6': 25, 'r8gd.2xlarge_use1-az6': 50, 'r8gd.48xlarge_use1-az6': 50, 'r8gd.large_use1-az2': 50, 'r8gd.large_use1-az5': 1, 'r8gd.large_use1-az6': 50, 'r8gd.medium_use1-az1': 5, 'r8gd.medium_use1-az2': 5, 'r8gd.medium_use1-az4': 5, 'r8gd.medium_use1-az5': 10, 'r8gd.metal-24xl_use1-az6': 1, 'r8gd.metal-48xl_use1-az6': 1, 'r8gd.xlarge_use1-az2': 25, 'r8gd.xlarge_use1-az4': 1, 'r8gd.xlarge_use1-az5': 50, 'r8gd.xlarge_use1-az6': 40, 'r8gn.48xlarge_use1-az6': 1, 'r8gn.medium_use1-az2': 35, 'r8gn.medium_use1-az4': 40, 'r8gn.metal-24xl_use1-az2': 1, 'r8gn.metal-24xl_use1-az6': 1, 'r8i-flex.2xlarge_use1-az2': 1, 'r8i-flex.2xlarge_use1-az6': 5, 'r8i-flex.4xlarge_use1-az6': 1, 'r8i-flex.large_use1-az2': 1, 'r8i-flex.large_use1-az6': 5, 'r8i-flex.xlarge_use1-az2': 5, 'r8i.12xlarge_use1-az6': 1, 'r8i.16xlarge_use1-az2': 1, 'r8i.16xlarge_use1-az6': 1, 'r8i.24xlarge_use1-az6': 1, 'r8i.32xlarge_use1-az2': 1, 'r8i.32xlarge_use1-az6': 1, 'r8i.48xlarge_use1-az2': 1, 'r8i.48xlarge_use1-az6': 1, 'r8i.96xlarge_use1-az2': 1, 'r8i.96xlarge_use1-az6': 1, 'r8i.large_use1-az2': 20, 'r8i.large_use1-az6': 20, 't2.2xlarge_use1-az1': 50, 't2.2xlarge_use1-az2': 50, 't2.2xlarge_use1-az3': 15, 't2.2xlarge_use1-az4': 50, 't2.2xlarge_use1-az5': 50, 't2.2xlarge_use1-az6': 50, 't2.large_use1-az1': 20, 't2.large_use1-az2': 50, 't2.large_use1-az3': 50, 't2.large_use1-az4': 50, 't2.large_use1-az5': 25, 't2.large_use1-az6': 50, 't2.medium_use1-az1': 50, 't2.medium_use1-az2': 50, 't2.medium_use1-az3': 50, 't2.medium_use1-az4': 50, 't2.medium_use1-az5': 50, 't2.medium_use1-az6': 50, 't2.xlarge_use1-az1': 35, 't2.xlarge_use1-az2': 50, 't2.xlarge_use1-az3': 20, 't2.xlarge_use1-az4': 50, 't2.xlarge_use1-az5': 5, 't2.xlarge_use1-az6': 50, 't3.2xlarge_use1-az1': 50, 't3.2xlarge_use1-az2': 50, 't3.2xlarge_use1-az4': 50, 't3.2xlarge_use1-az5': 50, 't3.2xlarge_use1-az6': 50, 't3.large_use1-az1': 50, 't3.large_use1-az2': 50, 't3.large_use1-az4': 50, 't3.large_use1-az5': 50, 't3.large_use1-az6': 50, 't3.medium_use1-az2': 50, 't3.medium_use1-az4': 50, 't3.medium_use1-az5': 50, 't3.medium_use1-az6': 50, 't3.xlarge_use1-az1': 50, 't3.xlarge_use1-az2': 50, 't3.xlarge_use1-az4': 50, 't3.xlarge_use1-az5': 50, 't3.xlarge_use1-az6': 50, 't3a.2xlarge_use1-az1': 50, 't3a.2xlarge_use1-az2': 50, 't3a.2xlarge_use1-az4': 50, 't3a.2xlarge_use1-az5': 50, 't3a.2xlarge_use1-az6': 50, 't3a.large_use1-az2': 50, 't3a.large_use1-az4': 50, 't3a.large_use1-az5': 5, 't3a.large_use1-az6': 50, 't3a.xlarge_use1-az2': 50, 't3a.xlarge_use1-az4': 50, 't3a.xlarge_use1-az5': 15, 't3a.xlarge_use1-az6': 50, 't4g.2xlarge_use1-az1': 5, 't4g.2xlarge_use1-az2': 15, 't4g.2xlarge_use1-az4': 5, 't4g.2xlarge_use1-az5': 10, 't4g.2xlarge_use1-az6': 10, 't4g.large_use1-az1': 1, 't4g.large_use1-az2': 15, 't4g.large_use1-az4': 50, 't4g.large_use1-az5': 25, 't4g.large_use1-az6': 35, 't4g.medium_use1-az2': 50, 't4g.medium_use1-az4': 50, 't4g.medium_use1-az5': 35, 't4g.medium_use1-az6': 50, 't4g.xlarge_use1-az1': 30, 't4g.xlarge_use1-az2': 15, 't4g.xlarge_use1-az4': 50, 't4g.xlarge_use1-az5': 5, 't4g.xlarge_use1-az6': 10, 'trn1.32xlarge_use1-az6': 50, 'trn1n.32xlarge_use1-az6': 50, 'x2gd.12xlarge_use1-az5': 5, 'x2gd.medium_use1-az5': 50, 'x8g.12xlarge_use1-az4': 20, 'x8g.16xlarge_use1-az6': 5, 'x8g.24xlarge_use1-az2': 5, 'x8g.24xlarge_use1-az4': 5, 'x8g.24xlarge_use1-az6': 10, 'x8g.48xlarge_use1-az1': 1, 'x8g.48xlarge_use1-az2': 1, 'x8g.48xlarge_use1-az4': 10, 'x8g.48xlarge_use1-az6': 1, 'x8g.large_use1-az6': 50, 'x8g.medium_use1-az1': 50, 'x8g.medium_use1-az4': 50, 'x8g.medium_use1-az6': 50, 'x8g.metal-24xl_use1-az1': 1, 'x8g.metal-24xl_use1-az2': 1, 'x8g.metal-24xl_use1-az4': 1, 'x8g.metal-24xl_use1-az6': 10, 'x8g.metal-48xl_use1-az2': 1, 'x8g.metal-48xl_use1-az4': 1, 'x8g.metal-48xl_use1-az6': 1, 'z1d.12xlarge_use1-az2': 1, 'z1d.12xlarge_use1-az5': 1, 'z1d.12xlarge_use1-az6': 5, 'z1d.3xlarge_use1-az5': 5, 'z1d.large_use1-az2': 5, 'z1d.large_use1-az5': 10, 'z1d.large_use1-az6': 25, 'z1d.xlarge_use1-az5': 1}"
0.51,11647.330000000014,18033211553,1548269.9943653988,667600,667500,"{'c5.18xlarge_use1-az2': 50, 'c5.18xlarge_use1-az6': 1, 'c5.24xlarge_use1-az1': 1, 'c5.24xlarge_use1-az4': 5, 'c5.24xlarge_use1-az6': 5, 'c5.4xlarge_use1-az2': 50, 'c5.4xlarge_use1-az4': 50, 'c6a.12xlarge_use1-az2': 50, 'c6a.16xlarge_use1-az4': 10, 'c6a.24xlarge_use1-az1': 1, 'c6a.24xlarge_use1-az2': 5, 'c6a.24xlarge_use1-az4': 5, 'c6a.24xlarge_use1-az5': 5, 'c6a.24xlarge_use1-az6': 20, 'c6a.32xlarge_use1-az2': 1, 'c6a.32xlarge_use1-az4': 1, 'c6a.32xlarge_use1-az5': 1, 'c6a.32xlarge_use1-az6': 5, 'c6a.48xlarge_use1-az2': 1, 'c6a.48xlarge_use1-az4': 10, 'c6a.48xlarge_use1-az5': 5, 'c6a.48xlarge_use1-az6': 25, 'c6g.12xlarge_use1-az1': 15, 'c6g.12xlarge_use1-az4': 50, 'c6g.16xlarge_use1-az1': 1, 'c6g.16xlarge_use1-az4': 50, 'c6g.16xlarge_use1-az5': 5, 'c6g.16xlarge_use1-az6': 50, 'c6g.2xlarge_use1-az5': 15, 'c6g.4xlarge_use1-az6': 50, 'c6gd.12xlarge_use1-az2': 50, 'c6gd.12xlarge_use1-az4': 30, 'c6gd.12xlarge_use1-az5': 1, 'c6gd.12xlarge_use1-az6': 50, 'c6gd.16xlarge_use1-az2': 50, 'c6gd.16xlarge_use1-az4': 30, 'c6gd.16xlarge_use1-az6': 50, 'c6gd.2xlarge_use1-az1': 15, 'c6gd.2xlarge_use1-az2': 50, 'c6gd.2xlarge_use1-az4': 50, 'c6gd.2xlarge_use1-az6': 50, 'c6gd.4xlarge_use1-az4': 50, 'c6gd.8xlarge_use1-az2': 45, 'c6gd.8xlarge_use1-az4': 45, 'c6gd.8xlarge_use1-az5': 1, 'c6gd.8xlarge_use1-az6': 50, 'c6id.24xlarge_use1-az6': 10, 'c6id.32xlarge_use1-az6': 5, 'c7a.24xlarge_use1-az1': 1, 'c7a.32xlarge_use1-az1': 1, 'c7a.32xlarge_use1-az2': 1, 'c7a.48xlarge_use1-az1': 1, 'c7a.48xlarge_use1-az2': 1, 'c7a.48xlarge_use1-az5': 1, 'c7g.12xlarge_use1-az1': 15, 'c7g.12xlarge_use1-az4': 15, 'c7g.12xlarge_use1-az5': 1, 'c7g.12xlarge_use1-az6': 50, 'c7g.16xlarge_use1-az1': 25, 'c7g.16xlarge_use1-az4': 50, 'c7g.16xlarge_use1-az5': 10, 'c7g.16xlarge_use1-az6': 50, 'c7g.2xlarge_use1-az5': 50, 'c7g.2xlarge_use1-az6': 50, 'c7g.4xlarge_use1-az2': 50, 'c7g.4xlarge_use1-az4': 50, 'c7g.4xlarge_use1-az5': 50, 'c7g.4xlarge_use1-az6': 50, 'c7gd.12xlarge_use1-az4': 15, 'c7gd.12xlarge_use1-az5': 15, 'c7gd.16xlarge_use1-az4': 40, 'c7gd.16xlarge_use1-az5': 1, 'c7gd.16xlarge_use1-az6': 50, 'c7gd.2xlarge_use1-az2': 50, 'c7gd.2xlarge_use1-az4': 50, 'c7gd.2xlarge_use1-az6': 50, 'c7gd.8xlarge_use1-az1': 5, 'c7gd.8xlarge_use1-az5': 5, 'c7i-flex.large_use1-az2': 50, 'c7i-flex.large_use1-az5': 1, 'c7i.48xlarge_use1-az1': 10, 'c7i.48xlarge_use1-az4': 5, 'c7i.48xlarge_use1-az5': 1, 'c7i.large_use1-az2': 50, 'c7i.large_use1-az4': 50, 'c7i.large_use1-az5': 5, 'c7i.large_use1-az6': 50, 'c8g.12xlarge_use1-az1': 1, 'c8g.12xlarge_use1-az4': 1, 'c8g.12xlarge_use1-az6': 25, 'c8g.16xlarge_use1-az1': 10, 'c8g.16xlarge_use1-az2': 5, 'c8g.16xlarge_use1-az4': 1, 'c8g.16xlarge_use1-az6': 50, 'c8g.24xlarge_use1-az1': 5, 'c8g.24xlarge_use1-az2': 10, 'c8g.24xlarge_use1-az4': 1, 'c8g.24xlarge_use1-az6': 25, 'c8g.2xlarge_use1-az1': 5, 'c8g.2xlarge_use1-az2': 5, 'c8g.2xlarge_use1-az4': 50, 'c8g.2xlarge_use1-az6': 50, 'c8g.48xlarge_use1-az1': 1, 'c8g.48xlarge_use1-az2': 5, 'c8g.48xlarge_use1-az6': 50, 'c8g.4xlarge_use1-az2': 15, 'c8g.4xlarge_use1-az4': 20, 'c8g.4xlarge_use1-az6': 50, 'c8g.8xlarge_use1-az6': 50, 'c8g.large_use1-az5': 1, 'c8g.metal-24xl_use1-az6': 20, 'c8g.metal-48xl_use1-az1': 1, 'c8g.metal-48xl_use1-az2': 1, 'c8g.metal-48xl_use1-az6': 50, 'c8g.xlarge_use1-az2': 30, 'c8gd.16xlarge_use1-az4': 10, 'c8gd.2xlarge_use1-az2': 50, 'c8gd.2xlarge_use1-az4': 50, 'c8gd.2xlarge_use1-az6': 50, 'c8gd.4xlarge_use1-az6': 50, 'c8gd.metal-24xl_use1-az2': 1, 'c8gd.metal-24xl_use1-az4': 1, 'c8gd.metal-24xl_use1-az5': 1, 'c8gd.metal-24xl_use1-az6': 5, 'c8gd.metal-48xl_use1-az2': 1, 'c8i-flex.large_use1-az4': 20, 'c8i.2xlarge_use1-az2': 10, 'c8i.96xlarge_use1-az2': 1, 'c8i.metal-96xl_use1-az6': 5, 'f2.12xlarge_use1-az6': 1, 'f2.48xlarge_use1-az2': 5, 'f2.48xlarge_use1-az4': 5, 'f2.48xlarge_use1-az6': 1, 'g4ad.16xlarge_use1-az1': 5, 'g4ad.16xlarge_use1-az4': 5, 'g4ad.16xlarge_use1-az6': 10, 'g4ad.4xlarge_use1-az1': 10, 'g4dn.16xlarge_use1-az1': 1, 'g4dn.16xlarge_use1-az2': 10, 'g4dn.16xlarge_use1-az4': 1, 'g4dn.16xlarge_use1-az5': 5, 'g4dn.16xlarge_use1-az6': 15, 'g5.16xlarge_use1-az1': 1, 'g5.16xlarge_use1-az2': 1, 'g5.16xlarge_use1-az4': 5, 'g5.16xlarge_use1-az5': 5, 'g5.16xlarge_use1-az6': 10, 'g5g.16xlarge_use1-az6': 5, 'g6.16xlarge_use1-az1': 1, 'g6.16xlarge_use1-az2': 1, 'g6.16xlarge_use1-az4': 1, 'g6.16xlarge_use1-az6': 5, 'g6.24xlarge_use1-az2': 1, 'g6.24xlarge_use1-az4': 1, 'g6.24xlarge_use1-az6': 1, 'g6.48xlarge_use1-az2': 5, 'g6.48xlarge_use1-az4': 30, 'g6.48xlarge_use1-az6': 50, 'g6.4xlarge_use1-az1': 5, 'g6.8xlarge_use1-az1': 5, 'g6.8xlarge_use1-az2': 5, 'g6.8xlarge_use1-az4': 10, 'g6.8xlarge_use1-az6': 15, 'g6f.2xlarge_use1-az1': 1, 'g6f.2xlarge_use1-az4': 1, 'g6f.2xlarge_use1-az6': 5, 'g6f.4xlarge_use1-az1': 1, 'g6f.4xlarge_use1-az4': 1, 'g6f.4xlarge_use1-az6': 1, 'g6f.large_use1-az1': 10, 'g6f.large_use1-az2': 15, 'g6f.large_use1-az4': 40, 'g6f.large_use1-az6': 20, 'g6f.xlarge_use1-az1': 1, 'g6f.xlarge_use1-az2': 1, 'g6f.xlarge_use1-az4': 5, 'g6f.xlarge_use1-az6': 10, 'gr6.8xlarge_use1-az1': 1, 'gr6.8xlarge_use1-az2': 1, 'gr6.8xlarge_use1-az4': 1, 'gr6.8xlarge_use1-az6': 1, 'i3.large_use1-az2': 50, 'i3.large_use1-az3': 50, 'i3.large_use1-az4': 50, 'i3.large_use1-az5': 50, 'i3.large_use1-az6': 50, 'i4g.16xlarge_use1-az6': 50, 'i4i.large_use1-az1': 50, 'i4i.large_use1-az2': 50, 'i4i.large_use1-az4': 50, 'i4i.large_use1-az5': 50, 'i4i.large_use1-az6': 50, 'i7i.24xlarge_use1-az6': 1, 'i7i.2xlarge_use1-az5': 20, 'i7i.2xlarge_use1-az6': 10, 'i7i.metal-24xl_use1-az2': 1, 'i7i.metal-24xl_use1-az4': 50, 'i7i.metal-24xl_use1-az6': 35, 'i7i.xlarge_use1-az6': 20, 'i7ie.large_use1-az6': 50, 'i7ie.metal-24xl_use1-az6': 15, 'i7ie.metal-48xl_use1-az6': 10, 'i8g.12xlarge_use1-az6': 1, 'i8g.24xlarge_use1-az6': 10, 'i8g.2xlarge_use1-az2': 1, 'i8g.8xlarge_use1-az6': 5, 'i8g.large_use1-az2': 10, 'i8g.large_use1-az6': 5, 'i8g.xlarge_use1-az2': 1, 'i8g.xlarge_use1-az4': 1, 'i8g.xlarge_use1-az6': 1, 'i8ge.18xlarge_use1-az4': 1, 'i8ge.18xlarge_use1-az6': 5, 'i8ge.24xlarge_use1-az4': 1, 'i8ge.24xlarge_use1-az6': 5, 'i8ge.48xlarge_use1-az4': 5, 'i8ge.metal-24xl_use1-az4': 1, 'i8ge.metal-48xl_use1-az6': 1, 'inf1.24xlarge_use1-az2': 1, 'inf1.24xlarge_use1-az5': 5, 'inf1.24xlarge_use1-az6': 20, 'inf1.2xlarge_use1-az5': 40, 'inf1.6xlarge_use1-az5': 5, 'inf2.24xlarge_use1-az4': 1, 'inf2.24xlarge_use1-az6': 10, 'inf2.48xlarge_use1-az6': 15, 'inf2.8xlarge_use1-az2': 5, 'inf2.8xlarge_use1-az4': 5, 'inf2.8xlarge_use1-az5': 1, 'inf2.8xlarge_use1-az6': 1, 'is4gen.medium_use1-az6': 30, 'm2.xlarge_use1-az1': 5, 'm2.xlarge_use1-az2': 20, 'm4.10xlarge_use1-az1': 5, 'm4.10xlarge_use1-az3': 1, 'm4.10xlarge_use1-az4': 50, 'm4.10xlarge_use1-az5': 1, 'm4.10xlarge_use1-az6': 50, 'm4.2xlarge_use1-az3': 50, 'm4.4xlarge_use1-az1': 50, 'm4.4xlarge_use1-az3': 50, 'm4.4xlarge_use1-az5': 10, 'm4.large_use1-az5': 10, 'm4.xlarge_use1-az5': 30, 'm5.12xlarge_use1-az1': 5, 'm5.12xlarge_use1-az2': 25, 'm5.12xlarge_use1-az4': 50, 'm5.12xlarge_use1-az5': 1, 'm5.12xlarge_use1-az6': 40, 'm5.16xlarge_use1-az1': 10, 'm5.16xlarge_use1-az2': 50, 'm5.16xlarge_use1-az4': 50, 'm5.16xlarge_use1-az5': 1, 'm5.16xlarge_use1-az6': 50, 'm5.24xlarge_use1-az1': 5, 'm5.24xlarge_use1-az2': 5, 'm5.24xlarge_use1-az4': 5, 'm5.24xlarge_use1-az5': 1, 'm5.24xlarge_use1-az6': 35, 'm5.8xlarge_use1-az1': 50, 'm5.8xlarge_use1-az2': 40, 'm5.8xlarge_use1-az4': 50, 'm5.8xlarge_use1-az5': 1, 'm5.8xlarge_use1-az6': 50, 'm5.large_use1-az1': 50, 'm5.large_use1-az2': 50, 'm5.large_use1-az4': 50, 'm5.large_use1-az5': 50, 'm5.large_use1-az6': 50, 'm5.xlarge_use1-az1': 50, 'm5.xlarge_use1-az2': 50, 'm5.xlarge_use1-az4': 50, 'm5.xlarge_use1-az5': 50, 'm5.xlarge_use1-az6': 50, 'm5a.16xlarge_use1-az2': 1, 'm5a.16xlarge_use1-az4': 1, 'm5a.24xlarge_use1-az1': 1, 'm5a.24xlarge_use1-az2': 1, 'm5a.24xlarge_use1-az4': 1, 'm5a.24xlarge_use1-az5': 5, 'm5a.24xlarge_use1-az6': 5, 'm5a.2xlarge_use1-az1': 10, 'm5d.12xlarge_use1-az2': 25, 'm5d.12xlarge_use1-az4': 30, 'm5d.12xlarge_use1-az6': 15, 'm5d.16xlarge_use1-az6': 50, 'm5n.large_use1-az5': 5, 'm5n.xlarge_use1-az2': 50, 'm5zn.large_use1-az5': 15, 'm6a.12xlarge_use1-az1': 5, 'm6a.12xlarge_use1-az2': 5, 'm6a.12xlarge_use1-az4': 15, 'm6a.12xlarge_use1-az6': 10, 'm6a.16xlarge_use1-az1': 5, 'm6a.16xlarge_use1-az2': 5, 'm6a.16xlarge_use1-az4': 5, 'm6a.16xlarge_use1-az6': 5, 'm6a.24xlarge_use1-az1': 1, 'm6a.24xlarge_use1-az2': 1, 'm6a.24xlarge_use1-az4': 1, 'm6a.24xlarge_use1-az6': 1, 'm6a.2xlarge_use1-az1': 50, 'm6a.2xlarge_use1-az2': 35, 'm6a.2xlarge_use1-az4': 45, 'm6a.2xlarge_use1-az5': 15, 'm6a.2xlarge_use1-az6': 50, 'm6a.32xlarge_use1-az2': 1, 'm6a.32xlarge_use1-az4': 1, 'm6a.32xlarge_use1-az5': 1, 'm6a.32xlarge_use1-az6': 1, 'm6a.48xlarge_use1-az2': 1, 'm6a.48xlarge_use1-az4': 1, 'm6a.48xlarge_use1-az6': 1, 'm6a.4xlarge_use1-az1': 45, 'm6a.4xlarge_use1-az2': 40, 'm6a.4xlarge_use1-az4': 25, 'm6a.4xlarge_use1-az5': 5, 'm6a.4xlarge_use1-az6': 50, 'm6a.8xlarge_use1-az1': 25, 'm6a.8xlarge_use1-az2': 15, 'm6a.8xlarge_use1-az4': 50, 'm6a.8xlarge_use1-az5': 10, 'm6a.8xlarge_use1-az6': 50, 'm6a.large_use1-az1': 50, 'm6a.large_use1-az2': 50, 'm6a.large_use1-az4': 50, 'm6a.large_use1-az5': 30, 'm6a.large_use1-az6': 50, 'm6a.xlarge_use1-az1': 50, 'm6a.xlarge_use1-az2': 50, 'm6a.xlarge_use1-az4': 50, 'm6a.xlarge_use1-az5': 35, 'm6a.xlarge_use1-az6': 50, 'm6g.12xlarge_use1-az1': 1, 'm6g.12xlarge_use1-az2': 5, 'm6g.12xlarge_use1-az4': 50, 'm6g.12xlarge_use1-az6': 50, 'm6g.16xlarge_use1-az1': 1, 'm6g.16xlarge_use1-az2': 5, 'm6g.16xlarge_use1-az4': 25, 'm6g.16xlarge_use1-az6': 50, 'm6g.2xlarge_use1-az1': 15, 'm6g.2xlarge_use1-az2': 50, 'm6g.2xlarge_use1-az4': 50, 'm6g.2xlarge_use1-az5': 5, 'm6g.2xlarge_use1-az6': 50, 'm6g.4xlarge_use1-az2': 50, 'm6g.4xlarge_use1-az4': 50, 'm6g.4xlarge_use1-az5': 10, 'm6g.4xlarge_use1-az6': 50, 'm6g.8xlarge_use1-az2': 50, 'm6g.8xlarge_use1-az4': 50, 'm6g.8xlarge_use1-az6': 50, 'm6g.large_use1-az4': 50, 'm6g.large_use1-az5': 5, 'm6g.large_use1-az6': 50, 'm6g.medium_use1-az1': 5, 'm6g.medium_use1-az2': 5, 'm6g.medium_use1-az4': 10, 'm6g.medium_use1-az5': 1, 'm6g.medium_use1-az6': 15, 'm6g.xlarge_use1-az2': 50, 'm6g.xlarge_use1-az4': 50, 'm6g.xlarge_use1-az5': 50, 'm6g.xlarge_use1-az6': 50, 'm6gd.12xlarge_use1-az1': 10, 'm6gd.12xlarge_use1-az2': 40, 'm6gd.12xlarge_use1-az4': 20, 'm6gd.12xlarge_use1-az5': 5, 'm6gd.12xlarge_use1-az6': 50, 'm6gd.16xlarge_use1-az2': 10, 'm6gd.16xlarge_use1-az5': 10, 'm6gd.16xlarge_use1-az6': 35, 'm6gd.2xlarge_use1-az2': 50, 'm6gd.2xlarge_use1-az4': 45, 'm6gd.8xlarge_use1-az2': 10, 'm6gd.8xlarge_use1-az4': 15, 'm6gd.8xlarge_use1-az5': 1, 'm6gd.8xlarge_use1-az6': 20, 'm6gd.large_use1-az2': 5, 'm6gd.medium_use1-az1': 1, 'm6gd.medium_use1-az2': 1, 'm6gd.medium_use1-az4': 1, 'm6gd.medium_use1-az5': 5, 'm6gd.medium_use1-az6': 1, 'm6i.12xlarge_use1-az1': 1, 'm6i.12xlarge_use1-az2': 10, 'm6i.12xlarge_use1-az4': 50, 'm6i.12xlarge_use1-az5': 1, 'm6i.12xlarge_use1-az6': 30, 'm6i.16xlarge_use1-az2': 10, 'm6i.16xlarge_use1-az6': 10, 'm6i.24xlarge_use1-az2': 10, 'm6i.24xlarge_use1-az4': 5, 'm6i.24xlarge_use1-az5': 1, 'm6i.24xlarge_use1-az6': 50, 'm6i.2xlarge_use1-az1': 25, 'm6i.2xlarge_use1-az2': 50, 'm6i.2xlarge_use1-az4': 50, 'm6i.2xlarge_use1-az5': 25, 'm6i.2xlarge_use1-az6': 50, 'm6i.32xlarge_use1-az2': 1, 'm6i.32xlarge_use1-az4': 5, 'm6i.32xlarge_use1-az5': 1, 'm6i.32xlarge_use1-az6': 15, 'm6i.4xlarge_use1-az2': 50, 'm6i.4xlarge_use1-az4': 50, 'm6i.4xlarge_use1-az5': 50, 'm6i.4xlarge_use1-az6': 50, 'm6i.8xlarge_use1-az1': 1, 'm6i.8xlarge_use1-az2': 50, 'm6i.8xlarge_use1-az4': 50, 'm6i.8xlarge_use1-az5': 20, 'm6i.8xlarge_use1-az6': 50, 'm6i.large_use1-az1': 25, 'm6i.large_use1-az2': 50, 'm6i.large_use1-az4': 50, 'm6i.large_use1-az5': 50, 'm6i.large_use1-az6': 50, 'm6i.xlarge_use1-az1': 45, 'm6i.xlarge_use1-az2': 50, 'm6i.xlarge_use1-az4': 50, 'm6i.xlarge_use1-az5': 25, 'm6i.xlarge_use1-az6': 50, 'm6id.12xlarge_use1-az1': 1, 'm6id.12xlarge_use1-az2': 1, 'm6id.12xlarge_use1-az4': 1, 'm6id.12xlarge_use1-az6': 1, 'm6id.16xlarge_use1-az1': 1, 'm6id.16xlarge_use1-az4': 1, 'm6id.16xlarge_use1-az6': 1, 'm6id.24xlarge_use1-az1': 10, 'm6id.24xlarge_use1-az2': 15, 'm6id.24xlarge_use1-az4': 35, 'm6id.24xlarge_use1-az5': 5, 'm6id.24xlarge_use1-az6': 15, 'm6id.2xlarge_use1-az5': 1, 'm6id.32xlarge_use1-az1': 10, 'm6id.32xlarge_use1-az2': 15, 'm6id.32xlarge_use1-az4': 5, 'm6id.32xlarge_use1-az5': 1, 'm6id.4xlarge_use1-az1': 15, 'm6id.4xlarge_use1-az2': 10, 'm6id.4xlarge_use1-az4': 5, 'm6id.4xlarge_use1-az6': 10, 'm6id.8xlarge_use1-az1': 1, 'm6id.8xlarge_use1-az4': 5, 'm6id.8xlarge_use1-az5': 1, 'm6id.large_use1-az2': 35, 'm6id.large_use1-az4': 15, 'm6id.large_use1-az5': 5, 'm6id.large_use1-az6': 50, 'm6id.xlarge_use1-az1': 20, 'm6id.xlarge_use1-az2': 45, 'm6id.xlarge_use1-az4': 15, 'm6id.xlarge_use1-az5': 5, 'm6id.xlarge_use1-az6': 25, 'm6idn.24xlarge_use1-az1': 1, 'm6idn.24xlarge_use1-az2': 1, 'm6idn.24xlarge_use1-az4': 1, 'm6idn.large_use1-az5': 10, 'm6idn.large_use1-az6': 10, 'm6in.16xlarge_use1-az4': 1, 'm6in.2xlarge_use1-az5': 1, 'm6in.8xlarge_use1-az2': 1, 'm6in.large_use1-az1': 5, 'm6in.large_use1-az2': 10, 'm6in.large_use1-az4': 5, 'm6in.large_use1-az5': 1, 'm6in.large_use1-az6': 1, 'm6in.xlarge_use1-az2': 10, 'm7a.12xlarge_use1-az2': 1, 'm7a.12xlarge_use1-az6': 20, 'm7a.16xlarge_use1-az2': 1, 'm7a.16xlarge_use1-az6': 40, 'm7a.24xlarge_use1-az2': 1, 'm7a.24xlarge_use1-az6': 50, 'm7a.2xlarge_use1-az1': 5, 'm7a.2xlarge_use1-az2': 15, 'm7a.2xlarge_use1-az4': 10, 'm7a.2xlarge_use1-az6': 50, 'm7a.32xlarge_use1-az6': 20, 'm7a.48xlarge_use1-az6': 40, 'm7a.4xlarge_use1-az1': 10, 'm7a.4xlarge_use1-az2': 5, 'm7a.4xlarge_use1-az4': 10, 'm7a.4xlarge_use1-az6': 25, 'm7a.8xlarge_use1-az1': 1, 'm7a.8xlarge_use1-az2': 5, 'm7a.8xlarge_use1-az4': 1, 'm7a.8xlarge_use1-az6': 50, 'm7a.large_use1-az1': 15, 'm7a.large_use1-az2': 50, 'm7a.large_use1-az4': 50, 'm7a.large_use1-az5': 5, 'm7a.large_use1-az6': 50, 'm7a.medium_use1-az1': 10, 'm7a.medium_use1-az2': 50, 'm7a.medium_use1-az4': 50, 'm7a.medium_use1-az6': 50, 'm7a.xlarge_use1-az1': 5, 'm7a.xlarge_use1-az2': 40, 'm7a.xlarge_use1-az4': 50, 'm7a.xlarge_use1-az6': 50, 'm7g.12xlarge_use1-az1': 1, 'm7g.12xlarge_use1-az2': 10, 'm7g.12xlarge_use1-az4': 45, 'm7g.12xlarge_use1-az5': 1, 'm7g.12xlarge_use1-az6': 50, 'm7g.16xlarge_use1-az1': 1, 'm7g.16xlarge_use1-az2': 30, 'm7g.16xlarge_use1-az4': 35, 'm7g.16xlarge_use1-az5': 1, 'm7g.16xlarge_use1-az6': 50, 'm7g.2xlarge_use1-az1': 35, 'm7g.2xlarge_use1-az2': 50, 'm7g.2xlarge_use1-az4': 50, 'm7g.2xlarge_use1-az5': 15, 'm7g.2xlarge_use1-az6': 50, 'm7g.4xlarge_use1-az1': 10, 'm7g.4xlarge_use1-az2': 30, 'm7g.4xlarge_use1-az4': 50, 'm7g.4xlarge_use1-az5': 10, 'm7g.4xlarge_use1-az6': 50, 'm7g.8xlarge_use1-az1': 1, 'm7g.8xlarge_use1-az2': 15, 'm7g.8xlarge_use1-az4': 40, 'm7g.8xlarge_use1-az5': 1, 'm7g.8xlarge_use1-az6': 50, 'm7g.large_use1-az2': 50, 'm7g.large_use1-az4': 50, 'm7g.large_use1-az5': 30, 'm7g.large_use1-az6': 50, 'm7g.medium_use1-az1': 30, 'm7g.medium_use1-az2': 40, 'm7g.medium_use1-az4': 50, 'm7g.medium_use1-az5': 35, 'm7g.medium_use1-az6': 50, 'm7g.metal_use1-az1': 1, 'm7g.metal_use1-az2': 25, 'm7g.metal_use1-az4': 10, 'm7g.metal_use1-az5': 1, 'm7g.metal_use1-az6': 50, 'm7g.xlarge_use1-az1': 50, 'm7g.xlarge_use1-az2': 50, 'm7g.xlarge_use1-az4': 50, 'm7g.xlarge_use1-az5': 50, 'm7g.xlarge_use1-az6': 50, 'm7gd.12xlarge_use1-az1': 5, 'm7gd.12xlarge_use1-az2': 10, 'm7gd.12xlarge_use1-az4': 1, 'm7gd.12xlarge_use1-az6': 35, 'm7gd.16xlarge_use1-az1': 1, 'm7gd.16xlarge_use1-az2': 30, 'm7gd.16xlarge_use1-az6': 40, 'm7gd.2xlarge_use1-az1': 15, 'm7gd.2xlarge_use1-az2': 50, 'm7gd.2xlarge_use1-az4': 15, 'm7gd.2xlarge_use1-az6': 25, 'm7gd.4xlarge_use1-az1': 5, 'm7gd.4xlarge_use1-az2': 10, 'm7gd.4xlarge_use1-az6': 40, 'm7gd.8xlarge_use1-az5': 45, 'm7gd.8xlarge_use1-az6': 50, 'm7gd.large_use1-az2': 50, 'm7gd.large_use1-az4': 5, 'm7gd.large_use1-az6': 50, 'm7gd.medium_use1-az1': 15, 'm7gd.medium_use1-az2': 20, 'm7gd.medium_use1-az4': 15, 'm7gd.medium_use1-az5': 20, 'm7gd.medium_use1-az6': 25, 'm7gd.metal_use1-az1': 5, 'm7gd.metal_use1-az2': 15, 'm7gd.metal_use1-az4': 1, 'm7gd.metal_use1-az6': 15, 'm7gd.xlarge_use1-az1': 5, 'm7gd.xlarge_use1-az2': 10, 'm7gd.xlarge_use1-az4': 10, 'm7gd.xlarge_use1-az5': 1, 'm7i-flex.2xlarge_use1-az1': 50, 'm7i-flex.2xlarge_use1-az2': 50, 'm7i-flex.2xlarge_use1-az4': 15, 'm7i-flex.2xlarge_use1-az5': 10, 'm7i-flex.2xlarge_use1-az6': 50, 'm7i-flex.4xlarge_use1-az2': 5, 'm7i-flex.4xlarge_use1-az4': 5, 'm7i-flex.4xlarge_use1-az6': 25, 'm7i-flex.8xlarge_use1-az1': 1, 'm7i-flex.8xlarge_use1-az2': 5, 'm7i-flex.8xlarge_use1-az4': 5, 'm7i-flex.8xlarge_use1-az5': 1, 'm7i-flex.8xlarge_use1-az6': 10, 'm7i-flex.large_use1-az1': 20, 'm7i-flex.large_use1-az2': 50, 'm7i-flex.large_use1-az4': 25, 'm7i-flex.large_use1-az5': 25, 'm7i-flex.large_use1-az6': 50, 'm7i-flex.xlarge_use1-az2': 50, 'm7i-flex.xlarge_use1-az4': 50, 'm7i-flex.xlarge_use1-az5': 15, 'm7i-flex.xlarge_use1-az6': 50, 'm7i.12xlarge_use1-az1': 1, 'm7i.12xlarge_use1-az2': 5, 'm7i.12xlarge_use1-az4': 15, 'm7i.12xlarge_use1-az6': 50, 'm7i.16xlarge_use1-az1': 5, 'm7i.16xlarge_use1-az2': 10, 'm7i.16xlarge_use1-az4': 10, 'm7i.16xlarge_use1-az6': 50, 'm7i.24xlarge_use1-az2': 5, 'm7i.24xlarge_use1-az4': 5, 'm7i.24xlarge_use1-az6': 50, 'm7i.2xlarge_use1-az1': 1, 'm7i.2xlarge_use1-az2': 50, 'm7i.2xlarge_use1-az4': 50, 'm7i.2xlarge_use1-az6': 50, 'm7i.48xlarge_use1-az1': 1, 'm7i.48xlarge_use1-az2': 5, 'm7i.48xlarge_use1-az4': 20, 'm7i.48xlarge_use1-az6': 50, 'm7i.4xlarge_use1-az1': 1, 'm7i.4xlarge_use1-az2': 25, 'm7i.4xlarge_use1-az4': 10, 'm7i.4xlarge_use1-az6': 50, 'm7i.8xlarge_use1-az2': 20, 'm7i.large_use1-az1': 50, 'm7i.large_use1-az2': 50, 'm7i.large_use1-az4': 50, 'm7i.large_use1-az5': 1, 'm7i.large_use1-az6': 50, 'm7i.xlarge_use1-az2': 35, 'm7i.xlarge_use1-az4': 50, 'm7i.xlarge_use1-az6': 50, 'm8g.12xlarge_use1-az2': 10, 'm8g.12xlarge_use1-az4': 10, 'm8g.12xlarge_use1-az5': 1, 'm8g.12xlarge_use1-az6': 35, 'm8g.16xlarge_use1-az2': 5, 'm8g.16xlarge_use1-az4': 5, 'm8g.16xlarge_use1-az5': 5, 'm8g.16xlarge_use1-az6': 45, 'm8g.24xlarge_use1-az2': 5, 'm8g.24xlarge_use1-az4': 1, 'm8g.24xlarge_use1-az5': 1, 'm8g.24xlarge_use1-az6': 25, 'm8g.2xlarge_use1-az4': 10, 'm8g.2xlarge_use1-az5': 10, 'm8g.48xlarge_use1-az2': 5, 'm8g.48xlarge_use1-az4': 5, 'm8g.48xlarge_use1-az6': 20, 'm8g.4xlarge_use1-az2': 5, 'm8g.4xlarge_use1-az4': 5, 'm8g.4xlarge_use1-az5': 1, 'm8g.4xlarge_use1-az6': 40, 'm8g.8xlarge_use1-az2': 10, 'm8g.8xlarge_use1-az4': 20, 'm8g.8xlarge_use1-az5': 1, 'm8g.8xlarge_use1-az6': 40, 'm8g.large_use1-az1': 1, 'm8g.large_use1-az2': 20, 'm8g.large_use1-az6': 45, 'm8g.medium_use1-az1': 1, 'm8g.medium_use1-az2': 15, 'm8g.metal-48xl_use1-az2': 5, 'm8g.metal-48xl_use1-az6': 25, 'm8g.xlarge_use1-az1': 1, 'm8g.xlarge_use1-az5': 15, 'm8g.xlarge_use1-az6': 50, 'm8gd.16xlarge_use1-az5': 1, 'm8gd.4xlarge_use1-az2': 5, 'm8gd.8xlarge_use1-az5': 1, 'm8gd.8xlarge_use1-az6': 5, 'm8gd.large_use1-az1': 20, 'm8gd.large_use1-az2': 15, 'm8gd.large_use1-az5': 1, 'm8gd.large_use1-az6': 1, 'm8gd.medium_use1-az6': 1, 'm8gd.xlarge_use1-az1': 1, 'm8gd.xlarge_use1-az5': 1, 'm8i-flex.16xlarge_use1-az6': 5, 'm8i-flex.2xlarge_use1-az2': 10, 'm8i-flex.2xlarge_use1-az4': 1, 'm8i-flex.2xlarge_use1-az6': 50, 'm8i-flex.4xlarge_use1-az6': 5, 'm8i-flex.8xlarge_use1-az6': 1, 'm8i-flex.large_use1-az2': 5, 'm8i-flex.xlarge_use1-az2': 10, 'm8i-flex.xlarge_use1-az4': 25, 'm8i-flex.xlarge_use1-az6': 50, 'm8i.12xlarge_use1-az6': 1, 'm8i.16xlarge_use1-az4': 1, 'm8i.16xlarge_use1-az6': 1, 'm8i.24xlarge_use1-az6': 1, 'm8i.2xlarge_use1-az2': 10, 'm8i.2xlarge_use1-az4': 1, 'm8i.2xlarge_use1-az6': 10, 'm8i.32xlarge_use1-az2': 1, 'm8i.32xlarge_use1-az6': 5, 'm8i.48xlarge_use1-az2': 1, 'm8i.48xlarge_use1-az6': 5, 'm8i.4xlarge_use1-az2': 5, 'm8i.4xlarge_use1-az4': 1, 'm8i.8xlarge_use1-az2': 1, 'm8i.8xlarge_use1-az4': 1, 'm8i.8xlarge_use1-az6': 20, 'm8i.96xlarge_use1-az6': 1, 'm8i.large_use1-az4': 25, 'm8i.metal-48xl_use1-az6': 1, 'm8i.metal-96xl_use1-az6': 1, 'm8i.xlarge_use1-az2': 30, 'm8i.xlarge_use1-az4': 10, 'r4.16xlarge_use1-az2': 10, 'r4.16xlarge_use1-az6': 10, 'r4.8xlarge_use1-az1': 50, 'r4.8xlarge_use1-az2': 50, 'r4.8xlarge_use1-az4': 50, 'r4.8xlarge_use1-az6': 50, 'r5.12xlarge_use1-az2': 5, 'r5.12xlarge_use1-az6': 5, 'r5.16xlarge_use1-az1': 5, 'r5.16xlarge_use1-az4': 35, 'r5.16xlarge_use1-az5': 30, 'r5.16xlarge_use1-az6': 5, 'r5.24xlarge_use1-az4': 15, 'r5.24xlarge_use1-az5': 5, 'r5.4xlarge_use1-az2': 50, 'r5.4xlarge_use1-az4': 50, 'r5.4xlarge_use1-az5': 5, 'r5.4xlarge_use1-az6': 50, 'r5.8xlarge_use1-az1': 50, 'r5.8xlarge_use1-az2': 50, 'r5.8xlarge_use1-az4': 50, 'r5.8xlarge_use1-az5': 5, 'r5.8xlarge_use1-az6': 5, 'r5.large_use1-az6': 50, 'r5.xlarge_use1-az1': 50, 'r5.xlarge_use1-az2': 50, 'r5.xlarge_use1-az4': 50, 'r5.xlarge_use1-az5': 50, 'r5.xlarge_use1-az6': 50, 'r5a.16xlarge_use1-az2': 10, 'r5a.16xlarge_use1-az5': 5, 'r5a.8xlarge_use1-az5': 30, 'r5d.16xlarge_use1-az2': 50, 'r5d.16xlarge_use1-az4': 50, 'r5d.16xlarge_use1-az6': 50, 'r5d.24xlarge_use1-az6': 10, 'r5dn.16xlarge_use1-az5': 10, 'r5dn.24xlarge_use1-az6': 25, 'r5dn.large_use1-az5': 50, 'r5n.16xlarge_use1-az2': 10, 'r5n.16xlarge_use1-az4': 35, 'r5n.16xlarge_use1-az5': 1, 'r5n.8xlarge_use1-az4': 35, 'r6a.12xlarge_use1-az1': 1, 'r6a.12xlarge_use1-az2': 10, 'r6a.12xlarge_use1-az4': 5, 'r6a.12xlarge_use1-az6': 10, 'r6a.16xlarge_use1-az1': 5, 'r6a.16xlarge_use1-az2': 15, 'r6a.16xlarge_use1-az4': 30, 'r6a.16xlarge_use1-az5': 15, 'r6a.16xlarge_use1-az6': 40, 'r6a.24xlarge_use1-az2': 5, 'r6a.24xlarge_use1-az4': 1, 'r6a.24xlarge_use1-az5': 1, 'r6a.24xlarge_use1-az6': 5, 'r6a.2xlarge_use1-az1': 50, 'r6a.2xlarge_use1-az2': 50, 'r6a.2xlarge_use1-az4': 40, 'r6a.2xlarge_use1-az6': 50, 'r6a.32xlarge_use1-az2': 5, 'r6a.32xlarge_use1-az4': 5, 'r6a.32xlarge_use1-az5': 5, 'r6a.32xlarge_use1-az6': 5, 'r6a.48xlarge_use1-az2': 5, 'r6a.48xlarge_use1-az4': 5, 'r6a.48xlarge_use1-az5': 5, 'r6a.48xlarge_use1-az6': 1, 'r6a.4xlarge_use1-az1': 50, 'r6a.4xlarge_use1-az2': 50, 'r6a.4xlarge_use1-az4': 50, 'r6a.4xlarge_use1-az6': 50, 'r6a.8xlarge_use1-az1': 20, 'r6a.8xlarge_use1-az2': 50, 'r6a.8xlarge_use1-az4': 50, 'r6a.8xlarge_use1-az5': 50, 'r6a.8xlarge_use1-az6': 50, 'r6a.large_use1-az1': 50, 'r6a.large_use1-az2': 50, 'r6a.large_use1-az4': 50, 'r6a.large_use1-az5': 50, 'r6a.large_use1-az6': 50, 'r6a.xlarge_use1-az1': 50, 'r6a.xlarge_use1-az2': 50, 'r6a.xlarge_use1-az4': 50, 'r6a.xlarge_use1-az5': 50, 'r6a.xlarge_use1-az6': 50, 'r6g.12xlarge_use1-az2': 50, 'r6g.12xlarge_use1-az4': 45, 'r6g.12xlarge_use1-az5': 10, 'r6g.12xlarge_use1-az6': 50, 'r6g.16xlarge_use1-az2': 50, 'r6g.16xlarge_use1-az4': 50, 'r6g.16xlarge_use1-az5': 50, 'r6g.16xlarge_use1-az6': 50, 'r6g.2xlarge_use1-az5': 10, 'r6g.4xlarge_use1-az2': 50, 'r6g.4xlarge_use1-az4': 50, 'r6g.4xlarge_use1-az5': 50, 'r6g.4xlarge_use1-az6': 50, 'r6g.8xlarge_use1-az2': 10, 'r6g.8xlarge_use1-az4': 50, 'r6g.8xlarge_use1-az5': 50, 'r6g.8xlarge_use1-az6': 50, 'r6g.large_use1-az4': 50, 'r6g.large_use1-az6': 50, 'r6g.medium_use1-az1': 1, 'r6g.medium_use1-az2': 10, 'r6g.medium_use1-az4': 15, 'r6g.medium_use1-az5': 15, 'r6g.medium_use1-az6': 35, 'r6g.xlarge_use1-az5': 50, 'r6gd.12xlarge_use1-az4': 10, 'r6gd.12xlarge_use1-az5': 1, 'r6gd.12xlarge_use1-az6': 10, 'r6gd.16xlarge_use1-az4': 50, 'r6gd.16xlarge_use1-az5': 1, 'r6gd.16xlarge_use1-az6': 45, 'r6gd.8xlarge_use1-az2': 10, 'r6gd.8xlarge_use1-az4': 20, 'r6gd.8xlarge_use1-az6': 30, 'r6gd.large_use1-az2': 50, 'r6gd.large_use1-az4': 50, 'r6gd.large_use1-az5': 50, 'r6gd.medium_use1-az1': 5, 'r6gd.medium_use1-az2': 1, 'r6gd.medium_use1-az4': 5, 'r6gd.medium_use1-az5': 5, 'r6gd.medium_use1-az6': 1, 'r6i.12xlarge_use1-az1': 5, 'r6i.12xlarge_use1-az2': 5, 'r6i.12xlarge_use1-az4': 5, 'r6i.12xlarge_use1-az5': 1, 'r6i.12xlarge_use1-az6': 10, 'r6i.16xlarge_use1-az1': 1, 'r6i.16xlarge_use1-az2': 1, 'r6i.16xlarge_use1-az4': 10, 'r6i.16xlarge_use1-az5': 10, 'r6i.16xlarge_use1-az6': 1, 'r6i.24xlarge_use1-az4': 10, 'r6i.24xlarge_use1-az5': 1, 'r6i.24xlarge_use1-az6': 5, 'r6i.32xlarge_use1-az4': 1, 'r6i.32xlarge_use1-az5': 1, 'r6i.32xlarge_use1-az6': 1, 'r6i.4xlarge_use1-az4': 20, 'r6i.4xlarge_use1-az6': 40, 'r6i.8xlarge_use1-az1': 5, 'r6i.8xlarge_use1-az4': 10, 'r6i.8xlarge_use1-az5': 5, 'r6i.8xlarge_use1-az6': 10, 'r6i.large_use1-az5': 20, 'r6i.xlarge_use1-az5': 10, 'r6i.xlarge_use1-az6': 50, 'r6id.16xlarge_use1-az1': 5, 'r6id.16xlarge_use1-az4': 15, 'r6id.16xlarge_use1-az5': 1, 'r6id.16xlarge_use1-az6': 20, 'r6id.24xlarge_use1-az1': 10, 'r6id.24xlarge_use1-az4': 5, 'r6id.2xlarge_use1-az5': 1, 'r6id.32xlarge_use1-az1': 1, 'r6id.32xlarge_use1-az6': 10, 'r6id.large_use1-az4': 5, 'r6idn.16xlarge_use1-az5': 1, 'r6idn.16xlarge_use1-az6': 1, 'r6in.16xlarge_use1-az4': 1, 'r6in.16xlarge_use1-az5': 1, 'r6in.16xlarge_use1-az6': 5, 'r6in.8xlarge_use1-az6': 5, 'r6in.large_use1-az1': 45, 'r6in.large_use1-az2': 50, 'r6in.large_use1-az4': 50, 'r6in.large_use1-az5': 40, 'r6in.large_use1-az6': 50, 'r7a.12xlarge_use1-az1': 1, 'r7a.12xlarge_use1-az2': 1, 'r7a.12xlarge_use1-az4': 5, 'r7a.12xlarge_use1-az6': 20, 'r7a.16xlarge_use1-az2': 15, 'r7a.16xlarge_use1-az4': 30, 'r7a.16xlarge_use1-az6': 50, 'r7a.24xlarge_use1-az2': 10, 'r7a.24xlarge_use1-az4': 10, 'r7a.24xlarge_use1-az6': 35, 'r7a.2xlarge_use1-az6': 1, 'r7a.32xlarge_use1-az2': 1, 'r7a.32xlarge_use1-az4': 1, 'r7a.32xlarge_use1-az6': 50, 'r7a.48xlarge_use1-az2': 5, 'r7a.48xlarge_use1-az4': 5, 'r7a.48xlarge_use1-az6': 50, 'r7a.4xlarge_use1-az1': 5, 'r7a.4xlarge_use1-az2': 25, 'r7a.4xlarge_use1-az4': 50, 'r7a.4xlarge_use1-az6': 50, 'r7a.8xlarge_use1-az1': 5, 'r7a.8xlarge_use1-az2': 20, 'r7a.8xlarge_use1-az4': 50, 'r7a.8xlarge_use1-az6': 50, 'r7a.large_use1-az6': 50, 'r7a.medium_use1-az1': 10, 'r7a.medium_use1-az2': 25, 'r7a.medium_use1-az6': 50, 'r7a.xlarge_use1-az2': 50, 'r7a.xlarge_use1-az6': 25, 'r7g.12xlarge_use1-az1': 1, 'r7g.12xlarge_use1-az2': 5, 'r7g.12xlarge_use1-az4': 50, 'r7g.12xlarge_use1-az5': 1, 'r7g.12xlarge_use1-az6': 5, 'r7g.16xlarge_use1-az1': 5, 'r7g.16xlarge_use1-az2': 30, 'r7g.16xlarge_use1-az4': 50, 'r7g.16xlarge_use1-az5': 5, 'r7g.16xlarge_use1-az6': 50, 'r7g.2xlarge_use1-az5': 5, 'r7g.2xlarge_use1-az6': 15, 'r7g.4xlarge_use1-az2': 5, 'r7g.4xlarge_use1-az4': 50, 'r7g.4xlarge_use1-az5': 5, 'r7g.4xlarge_use1-az6': 15, 'r7g.8xlarge_use1-az1': 1, 'r7g.8xlarge_use1-az2': 50, 'r7g.8xlarge_use1-az4': 50, 'r7g.8xlarge_use1-az6': 50, 'r7g.large_use1-az1': 20, 'r7g.large_use1-az2': 50, 'r7g.large_use1-az4': 50, 'r7g.large_use1-az5': 40, 'r7g.large_use1-az6': 40, 'r7g.medium_use1-az1': 50, 'r7g.medium_use1-az2': 50, 'r7g.medium_use1-az4': 50, 'r7g.medium_use1-az5': 25, 'r7g.medium_use1-az6': 50, 'r7g.xlarge_use1-az1': 50, 'r7g.xlarge_use1-az2': 50, 'r7g.xlarge_use1-az4': 50, 'r7g.xlarge_use1-az5': 10, 'r7g.xlarge_use1-az6': 50, 'r7gd.12xlarge_use1-az2': 10, 'r7gd.12xlarge_use1-az4': 35, 'r7gd.12xlarge_use1-az5': 10, 'r7gd.12xlarge_use1-az6': 50, 'r7gd.16xlarge_use1-az1': 5, 'r7gd.16xlarge_use1-az2': 50, 'r7gd.16xlarge_use1-az4': 50, 'r7gd.16xlarge_use1-az5': 50, 'r7gd.16xlarge_use1-az6': 50, 'r7gd.8xlarge_use1-az4': 30, 'r7gd.8xlarge_use1-az6': 50, 'r7gd.large_use1-az2': 10, 'r7gd.large_use1-az4': 50, 'r7gd.large_use1-az5': 15, 'r7gd.large_use1-az6': 35, 'r7gd.medium_use1-az1': 35, 'r7gd.medium_use1-az2': 15, 'r7gd.medium_use1-az4': 25, 'r7gd.medium_use1-az5': 15, 'r7gd.medium_use1-az6': 20, 'r7gd.xlarge_use1-az5': 10, 'r7gd.xlarge_use1-az6': 50, 'r7i.12xlarge_use1-az4': 1, 'r7i.12xlarge_use1-az6': 10, 'r7i.16xlarge_use1-az1': 5, 'r7i.16xlarge_use1-az5': 5, 'r7i.16xlarge_use1-az6': 50, 'r7i.24xlarge_use1-az1': 1, 'r7i.24xlarge_use1-az2': 1, 'r7i.24xlarge_use1-az4': 5, 'r7i.24xlarge_use1-az6': 5, 'r7i.2xlarge_use1-az2': 5, 'r7i.2xlarge_use1-az4': 10, 'r7i.2xlarge_use1-az6': 50, 'r7i.48xlarge_use1-az2': 1, 'r7i.48xlarge_use1-az4': 5, 'r7i.48xlarge_use1-az5': 1, 'r7i.48xlarge_use1-az6': 5, 'r7i.4xlarge_use1-az1': 5, 'r7i.4xlarge_use1-az2': 20, 'r7i.4xlarge_use1-az4': 10, 'r7i.4xlarge_use1-az5': 1, 'r7i.4xlarge_use1-az6': 50, 'r7i.8xlarge_use1-az1': 5, 'r7i.8xlarge_use1-az2': 25, 'r7i.8xlarge_use1-az4': 25, 'r7i.8xlarge_use1-az5': 5, 'r7i.8xlarge_use1-az6': 50, 'r7i.large_use1-az1': 15, 'r7i.large_use1-az2': 50, 'r7i.large_use1-az4': 50, 'r7i.large_use1-az5': 15, 'r7i.large_use1-az6': 50, 'r7i.xlarge_use1-az2': 15, 'r7i.xlarge_use1-az4': 10, 'r7i.xlarge_use1-az5': 15, 'r7i.xlarge_use1-az6': 50, 'r8g.12xlarge_use1-az2': 5, 'r8g.12xlarge_use1-az4': 5, 'r8g.12xlarge_use1-az6': 15, 'r8g.16xlarge_use1-az1': 1, 'r8g.16xlarge_use1-az2': 50, 'r8g.16xlarge_use1-az4': 50, 'r8g.16xlarge_use1-az5': 5, 'r8g.16xlarge_use1-az6': 50, 'r8g.24xlarge_use1-az2': 10, 'r8g.24xlarge_use1-az4': 5, 'r8g.24xlarge_use1-az5': 5, 'r8g.24xlarge_use1-az6': 35, 'r8g.2xlarge_use1-az2': 5, 'r8g.2xlarge_use1-az5': 1, 'r8g.2xlarge_use1-az6': 5, 'r8g.48xlarge_use1-az2': 1, 'r8g.48xlarge_use1-az4': 5, 'r8g.48xlarge_use1-az6': 5, 'r8g.4xlarge_use1-az2': 10, 'r8g.4xlarge_use1-az4': 35, 'r8g.4xlarge_use1-az5': 5, 'r8g.4xlarge_use1-az6': 50, 'r8g.8xlarge_use1-az2': 40, 'r8g.8xlarge_use1-az4': 15, 'r8g.8xlarge_use1-az5': 1, 'r8g.8xlarge_use1-az6': 50, 'r8g.large_use1-az1': 5, 'r8g.large_use1-az2': 30, 'r8g.large_use1-az4': 15, 'r8g.large_use1-az5': 10, 'r8g.large_use1-az6': 20, 'r8g.medium_use1-az1': 15, 'r8g.medium_use1-az2': 30, 'r8g.medium_use1-az4': 20, 'r8g.medium_use1-az5': 5, 'r8g.medium_use1-az6': 15, 'r8g.xlarge_use1-az1': 1, 'r8g.xlarge_use1-az2': 10, 'r8g.xlarge_use1-az4': 5, 'r8g.xlarge_use1-az5': 5, 'r8g.xlarge_use1-az6': 10, 'r8gb.24xlarge_use1-az6': 1, 'r8gb.medium_use1-az2': 50, 'r8gb.metal-24xl_use1-az6': 1, 'r8gd.12xlarge_use1-az5': 1, 'r8gd.12xlarge_use1-az6': 1, 'r8gd.16xlarge_use1-az4': 1, 'r8gd.16xlarge_use1-az5': 1, 'r8gd.24xlarge_use1-az2': 1, 'r8gd.24xlarge_use1-az5': 1, 'r8gd.24xlarge_use1-az6': 25, 'r8gd.2xlarge_use1-az6': 50, 'r8gd.48xlarge_use1-az6': 50, 'r8gd.large_use1-az2': 50, 'r8gd.large_use1-az5': 1, 'r8gd.large_use1-az6': 50, 'r8gd.medium_use1-az1': 5, 'r8gd.medium_use1-az2': 5, 'r8gd.medium_use1-az4': 5, 'r8gd.medium_use1-az5': 10, 'r8gd.metal-24xl_use1-az6': 1, 'r8gd.metal-48xl_use1-az6': 1, 'r8gd.xlarge_use1-az2': 25, 'r8gd.xlarge_use1-az4': 1, 'r8gd.xlarge_use1-az5': 50, 'r8gd.xlarge_use1-az6': 40, 'r8gn.24xlarge_use1-az2': 1, 'r8gn.48xlarge_use1-az6': 1, 'r8gn.medium_use1-az2': 35, 'r8gn.medium_use1-az4': 40, 'r8gn.metal-24xl_use1-az2': 1, 'r8gn.metal-24xl_use1-az6': 1, 'r8i-flex.2xlarge_use1-az2': 1, 'r8i-flex.2xlarge_use1-az6': 5, 'r8i-flex.4xlarge_use1-az6': 1, 'r8i-flex.large_use1-az2': 1, 'r8i-flex.large_use1-az6': 5, 'r8i-flex.xlarge_use1-az2': 5, 'r8i.12xlarge_use1-az6': 1, 'r8i.16xlarge_use1-az2': 1, 'r8i.16xlarge_use1-az6': 1, 'r8i.24xlarge_use1-az6': 1, 'r8i.32xlarge_use1-az2': 1, 'r8i.32xlarge_use1-az6': 1, 'r8i.48xlarge_use1-az2': 1, 'r8i.48xlarge_use1-az6': 1, 'r8i.96xlarge_use1-az2': 1, 'r8i.96xlarge_use1-az6': 1, 'r8i.large_use1-az2': 20, 'r8i.large_use1-az6': 20, 't2.2xlarge_use1-az1': 50, 't2.2xlarge_use1-az2': 50, 't2.2xlarge_use1-az3': 15, 't2.2xlarge_use1-az4': 50, 't2.2xlarge_use1-az5': 50, 't2.2xlarge_use1-az6': 50, 't2.large_use1-az1': 20, 't2.large_use1-az2': 50, 't2.large_use1-az3': 50, 't2.large_use1-az4': 50, 't2.large_use1-az5': 25, 't2.large_use1-az6': 50, 't2.medium_use1-az1': 50, 't2.medium_use1-az2': 50, 't2.medium_use1-az3': 50, 't2.medium_use1-az4': 50, 't2.medium_use1-az5': 50, 't2.medium_use1-az6': 50, 't2.xlarge_use1-az1': 35, 't2.xlarge_use1-az2': 50, 't2.xlarge_use1-az3': 20, 't2.xlarge_use1-az4': 50, 't2.xlarge_use1-az5': 5, 't2.xlarge_use1-az6': 50, 't3.2xlarge_use1-az1': 50, 't3.2xlarge_use1-az2': 50, 't3.2xlarge_use1-az4': 50, 't3.2xlarge_use1-az5': 50, 't3.2xlarge_use1-az6': 50, 't3.large_use1-az1': 50, 't3.large_use1-az2': 50, 't3.large_use1-az4': 50, 't3.large_use1-az5': 50, 't3.large_use1-az6': 50, 't3.medium_use1-az2': 50, 't3.medium_use1-az4': 50, 't3.medium_use1-az5': 50, 't3.medium_use1-az6': 50, 't3.xlarge_use1-az1': 50, 't3.xlarge_use1-az2': 50, 't3.xlarge_use1-az4': 50, 't3.xlarge_use1-az5': 50, 't3.xlarge_use1-az6': 50, 't3a.2xlarge_use1-az1': 50, 't3a.2xlarge_use1-az2': 50, 't3a.2xlarge_use1-az4': 50, 't3a.2xlarge_use1-az5': 50, 't3a.2xlarge_use1-az6': 50, 't3a.large_use1-az1': 50, 't3a.large_use1-az2': 50, 't3a.large_use1-az4': 50, 't3a.large_use1-az5': 5, 't3a.large_use1-az6': 50, 't3a.xlarge_use1-az2': 50, 't3a.xlarge_use1-az4': 50, 't3a.xlarge_use1-az5': 15, 't3a.xlarge_use1-az6': 50, 't4g.2xlarge_use1-az1': 5, 't4g.2xlarge_use1-az2': 15, 't4g.2xlarge_use1-az4': 5, 't4g.2xlarge_use1-az5': 10, 't4g.2xlarge_use1-az6': 10, 't4g.large_use1-az1': 1, 't4g.large_use1-az2': 15, 't4g.large_use1-az4': 50, 't4g.large_use1-az5': 25, 't4g.large_use1-az6': 35, 't4g.medium_use1-az2': 50, 't4g.medium_use1-az4': 50, 't4g.medium_use1-az5': 35, 't4g.medium_use1-az6': 50, 't4g.xlarge_use1-az1': 30, 't4g.xlarge_use1-az2': 15, 't4g.xlarge_use1-az4': 50, 't4g.xlarge_use1-az5': 5, 't4g.xlarge_use1-az6': 10, 'trn1.32xlarge_use1-az6': 50, 'trn1n.32xlarge_use1-az6': 50, 'x1.32xlarge_use1-az6': 1, 'x2gd.12xlarge_use1-az5': 5, 'x2gd.medium_use1-az5': 50, 'x8g.12xlarge_use1-az4': 20, 'x8g.16xlarge_use1-az4': 5, 'x8g.16xlarge_use1-az6': 5, 'x8g.24xlarge_use1-az2': 5, 'x8g.24xlarge_use1-az4': 5, 'x8g.24xlarge_use1-az6': 10, 'x8g.48xlarge_use1-az1': 1, 'x8g.48xlarge_use1-az2': 1, 'x8g.48xlarge_use1-az4': 10, 'x8g.48xlarge_use1-az6': 1, 'x8g.large_use1-az6': 50, 'x8g.medium_use1-az1': 50, 'x8g.medium_use1-az4': 50, 'x8g.medium_use1-az6': 50, 'x8g.metal-24xl_use1-az1': 1, 'x8g.metal-24xl_use1-az2': 1, 'x8g.metal-24xl_use1-az4': 1, 'x8g.metal-24xl_use1-az6': 10, 'x8g.metal-48xl_use1-az2': 1, 'x8g.metal-48xl_use1-az4': 1, 'x8g.metal-48xl_use1-az6': 1, 'z1d.12xlarge_use1-az2': 1, 'z1d.12xlarge_use1-az5': 1, 'z1d.12xlarge_use1-az6': 5, 'z1d.3xlarge_use1-az5': 5, 'z1d.large_use1-az2': 5, 'z1d.large_use1-az5': 10, 'z1d.large_use1-az6': 25, 'z1d.xlarge_use1-az4': 30, 'z1d.xlarge_use1-az5': 1}"
0.52,13185.014600000011,19620017196,1488054.2639965229,725581,725481,"{'c5.18xlarge_use1-az2': 50, 'c5.18xlarge_use1-az4': 15, 'c5.18xlarge_use1-az6': 1, 'c5.24xlarge_use1-az1': 1, 'c5.24xlarge_use1-az4': 5, 'c5.24xlarge_use1-az6': 5, 'c5.4xlarge_use1-az2': 50, 'c5.4xlarge_use1-az4': 50, 'c6a.12xlarge_use1-az1': 5, 'c6a.12xlarge_use1-az2': 50, 'c6a.12xlarge_use1-az4': 50, 'c6a.16xlarge_use1-az4': 10, 'c6a.16xlarge_use1-az6': 15, 'c6a.24xlarge_use1-az1': 1, 'c6a.24xlarge_use1-az2': 5, 'c6a.24xlarge_use1-az4': 5, 'c6a.24xlarge_use1-az5': 5, 'c6a.24xlarge_use1-az6': 20, 'c6a.32xlarge_use1-az2': 1, 'c6a.32xlarge_use1-az4': 1, 'c6a.32xlarge_use1-az5': 1, 'c6a.32xlarge_use1-az6': 5, 'c6a.48xlarge_use1-az2': 1, 'c6a.48xlarge_use1-az4': 10, 'c6a.48xlarge_use1-az5': 5, 'c6a.48xlarge_use1-az6': 25, 'c6a.large_use1-az4': 50, 'c6g.12xlarge_use1-az1': 15, 'c6g.12xlarge_use1-az4': 50, 'c6g.16xlarge_use1-az1': 1, 'c6g.16xlarge_use1-az2': 15, 'c6g.16xlarge_use1-az4': 50, 'c6g.16xlarge_use1-az5': 5, 'c6g.16xlarge_use1-az6': 50, 'c6g.2xlarge_use1-az5': 15, 'c6g.4xlarge_use1-az2': 50, 'c6g.4xlarge_use1-az6': 50, 'c6gd.12xlarge_use1-az2': 50, 'c6gd.12xlarge_use1-az4': 30, 'c6gd.12xlarge_use1-az5': 1, 'c6gd.12xlarge_use1-az6': 50, 'c6gd.16xlarge_use1-az2': 50, 'c6gd.16xlarge_use1-az4': 30, 'c6gd.16xlarge_use1-az6': 50, 'c6gd.2xlarge_use1-az1': 15, 'c6gd.2xlarge_use1-az2': 50, 'c6gd.2xlarge_use1-az4': 50, 'c6gd.2xlarge_use1-az6': 50, 'c6gd.4xlarge_use1-az4': 50, 'c6gd.8xlarge_use1-az2': 45, 'c6gd.8xlarge_use1-az4': 45, 'c6gd.8xlarge_use1-az5': 1, 'c6gd.8xlarge_use1-az6': 50, 'c6i.16xlarge_use1-az5': 10, 'c6i.32xlarge_use1-az6': 40, 'c6id.12xlarge_use1-az6': 5, 'c6id.16xlarge_use1-az5': 1, 'c6id.24xlarge_use1-az4': 5, 'c6id.24xlarge_use1-az6': 10, 'c6id.32xlarge_use1-az4': 10, 'c6id.32xlarge_use1-az6': 5, 'c7a.24xlarge_use1-az1': 1, 'c7a.32xlarge_use1-az1': 1, 'c7a.32xlarge_use1-az2': 1, 'c7a.32xlarge_use1-az6': 15, 'c7a.48xlarge_use1-az1': 1, 'c7a.48xlarge_use1-az2': 1, 'c7a.48xlarge_use1-az5': 1, 'c7a.48xlarge_use1-az6': 20, 'c7a.large_use1-az5': 10, 'c7g.12xlarge_use1-az1': 15, 'c7g.12xlarge_use1-az4': 15, 'c7g.12xlarge_use1-az5': 1, 'c7g.12xlarge_use1-az6': 50, 'c7g.16xlarge_use1-az1': 25, 'c7g.16xlarge_use1-az4': 50, 'c7g.16xlarge_use1-az5': 10, 'c7g.16xlarge_use1-az6': 50, 'c7g.2xlarge_use1-az1': 50, 'c7g.2xlarge_use1-az4': 50, 'c7g.2xlarge_use1-az5': 50, 'c7g.2xlarge_use1-az6': 50, 'c7g.4xlarge_use1-az2': 50, 'c7g.4xlarge_use1-az4': 50, 'c7g.4xlarge_use1-az5': 50, 'c7g.4xlarge_use1-az6': 50, 'c7g.8xlarge_use1-az1': 50, 'c7g.8xlarge_use1-az2': 50, 'c7g.8xlarge_use1-az4': 50, 'c7g.8xlarge_use1-az5': 50, 'c7g.8xlarge_use1-az6': 50, 'c7gd.12xlarge_use1-az4': 15, 'c7gd.12xlarge_use1-az5': 15, 'c7gd.16xlarge_use1-az4': 40, 'c7gd.16xlarge_use1-az5': 1, 'c7gd.16xlarge_use1-az6': 50, 'c7gd.2xlarge_use1-az2': 50, 'c7gd.2xlarge_use1-az4': 50, 'c7gd.2xlarge_use1-az6': 50, 'c7gd.4xlarge_use1-az6': 50, 'c7gd.8xlarge_use1-az1': 5, 'c7gd.8xlarge_use1-az2': 15, 'c7gd.8xlarge_use1-az5': 5, 'c7i-flex.large_use1-az2': 50, 'c7i-flex.large_use1-az5': 1, 'c7i.48xlarge_use1-az1': 10, 'c7i.48xlarge_use1-az2': 10, 'c7i.48xlarge_use1-az4': 5, 'c7i.48xlarge_use1-az5': 1, 'c7i.48xlarge_use1-az6': 50, 'c7i.large_use1-az1': 45, 'c7i.large_use1-az2': 50, 'c7i.large_use1-az4': 50, 'c7i.large_use1-az5': 5, 'c7i.large_use1-az6': 50, 'c8g.12xlarge_use1-az1': 1, 'c8g.12xlarge_use1-az4': 1, 'c8g.12xlarge_use1-az6': 25, 'c8g.16xlarge_use1-az1': 10, 'c8g.16xlarge_use1-az2': 5, 'c8g.16xlarge_use1-az4': 1, 'c8g.16xlarge_use1-az6': 50, 'c8g.24xlarge_use1-az1': 5, 'c8g.24xlarge_use1-az2': 10, 'c8g.24xlarge_use1-az4': 1, 'c8g.24xlarge_use1-az6': 25, 'c8g.2xlarge_use1-az1': 5, 'c8g.2xlarge_use1-az2': 5, 'c8g.2xlarge_use1-az4': 50, 'c8g.2xlarge_use1-az6': 50, 'c8g.48xlarge_use1-az1': 1, 'c8g.48xlarge_use1-az2': 5, 'c8g.48xlarge_use1-az6': 50, 'c8g.4xlarge_use1-az1': 35, 'c8g.4xlarge_use1-az2': 15, 'c8g.4xlarge_use1-az4': 20, 'c8g.4xlarge_use1-az5': 10, 'c8g.4xlarge_use1-az6': 50, 'c8g.8xlarge_use1-az6': 50, 'c8g.large_use1-az5': 1, 'c8g.metal-24xl_use1-az2': 1, 'c8g.metal-24xl_use1-az6': 20, 'c8g.metal-48xl_use1-az1': 1, 'c8g.metal-48xl_use1-az2': 1, 'c8g.metal-48xl_use1-az6': 50, 'c8g.xlarge_use1-az2': 30, 'c8g.xlarge_use1-az4': 5, 'c8gd.16xlarge_use1-az4': 10, 'c8gd.16xlarge_use1-az6': 50, 'c8gd.24xlarge_use1-az4': 5, 'c8gd.2xlarge_use1-az2': 50, 'c8gd.2xlarge_use1-az4': 50, 'c8gd.2xlarge_use1-az6': 50, 'c8gd.4xlarge_use1-az2': 10, 'c8gd.4xlarge_use1-az4': 30, 'c8gd.4xlarge_use1-az6': 50, 'c8gd.metal-24xl_use1-az2': 1, 'c8gd.metal-24xl_use1-az4': 1, 'c8gd.metal-24xl_use1-az5': 1, 'c8gd.metal-24xl_use1-az6': 5, 'c8gd.metal-48xl_use1-az2': 1, 'c8i-flex.16xlarge_use1-az6': 1, 'c8i-flex.2xlarge_use1-az2': 25, 'c8i-flex.large_use1-az4': 20, 'c8i-flex.xlarge_use1-az4': 5, 'c8i.2xlarge_use1-az2': 10, 'c8i.2xlarge_use1-az4': 5, 'c8i.96xlarge_use1-az2': 1, 'c8i.metal-48xl_use1-az2': 1, 'c8i.metal-96xl_use1-az6': 5, 'c8i.xlarge_use1-az4': 15, 'f2.12xlarge_use1-az6': 1, 'f2.48xlarge_use1-az2': 5, 'f2.48xlarge_use1-az4': 5, 'f2.48xlarge_use1-az6': 1, 'g4ad.16xlarge_use1-az1': 5, 'g4ad.16xlarge_use1-az4': 5, 'g4ad.16xlarge_use1-az6': 10, 'g4ad.4xlarge_use1-az1': 10, 'g4ad.4xlarge_use1-az2': 15, 'g4ad.4xlarge_use1-az4': 15, 'g4ad.4xlarge_use1-az6': 5, 'g4ad.8xlarge_use1-az1': 1, 'g4ad.8xlarge_use1-az2': 5, 'g4ad.8xlarge_use1-az4': 5, 'g4dn.12xlarge_use1-az5': 15, 'g4dn.12xlarge_use1-az6': 50, 'g4dn.16xlarge_use1-az1': 1, 'g4dn.16xlarge_use1-az2': 10, 'g4dn.16xlarge_use1-az4': 1, 'g4dn.16xlarge_use1-az5': 5, 'g4dn.16xlarge_use1-az6': 15, 'g5.16xlarge_use1-az1': 1, 'g5.16xlarge_use1-az2': 1, 'g5.16xlarge_use1-az4': 5, 'g5.16xlarge_use1-az5': 5, 'g5.16xlarge_use1-az6': 10, 'g5.8xlarge_use1-az2': 5, 'g5g.16xlarge_use1-az6': 5, 'g6.16xlarge_use1-az1': 1, 'g6.16xlarge_use1-az2': 1, 'g6.16xlarge_use1-az4': 1, 'g6.16xlarge_use1-az6': 5, 'g6.24xlarge_use1-az2': 1, 'g6.24xlarge_use1-az4': 1, 'g6.24xlarge_use1-az6': 1, 'g6.48xlarge_use1-az2': 5, 'g6.48xlarge_use1-az4': 30, 'g6.48xlarge_use1-az6': 50, 'g6.4xlarge_use1-az1': 5, 'g6.8xlarge_use1-az1': 5, 'g6.8xlarge_use1-az2': 5, 'g6.8xlarge_use1-az4': 10, 'g6.8xlarge_use1-az6': 15, 'g6e.16xlarge_use1-az4': 40, 'g6f.2xlarge_use1-az1': 1, 'g6f.2xlarge_use1-az4': 1, 'g6f.2xlarge_use1-az6': 5, 'g6f.4xlarge_use1-az1': 1, 'g6f.4xlarge_use1-az4': 1, 'g6f.4xlarge_use1-az6': 1, 'g6f.large_use1-az1': 10, 'g6f.large_use1-az2': 15, 'g6f.large_use1-az4': 40, 'g6f.large_use1-az6': 20, 'g6f.xlarge_use1-az1': 1, 'g6f.xlarge_use1-az2': 1, 'g6f.xlarge_use1-az4': 5, 'g6f.xlarge_use1-az6': 10, 'gr6.8xlarge_use1-az1': 1, 'gr6.8xlarge_use1-az2': 1, 'gr6.8xlarge_use1-az4': 1, 'gr6.8xlarge_use1-az6': 1, 'i3.large_use1-az2': 50, 'i3.large_use1-az3': 50, 'i3.large_use1-az4': 50, 'i3.large_use1-az5': 50, 'i3.large_use1-az6': 50, 'i4g.16xlarge_use1-az6': 50, 'i4i.24xlarge_use1-az2': 1, 'i4i.large_use1-az1': 50, 'i4i.large_use1-az2': 50, 'i4i.large_use1-az4': 50, 'i4i.large_use1-az5': 50, 'i4i.large_use1-az6': 50, 'i4i.xlarge_use1-az2': 50, 'i4i.xlarge_use1-az6': 50, 'i7i.24xlarge_use1-az6': 1, 'i7i.2xlarge_use1-az1': 1, 'i7i.2xlarge_use1-az2': 50, 'i7i.2xlarge_use1-az5': 20, 'i7i.2xlarge_use1-az6': 10, 'i7i.metal-24xl_use1-az2': 1, 'i7i.metal-24xl_use1-az4': 50, 'i7i.metal-24xl_use1-az6': 35, 'i7i.xlarge_use1-az6': 20, 'i7ie.large_use1-az6': 50, 'i7ie.metal-24xl_use1-az6': 15, 'i7ie.metal-48xl_use1-az6': 10, 'i8g.12xlarge_use1-az6': 1, 'i8g.24xlarge_use1-az6': 10, 'i8g.2xlarge_use1-az2': 1, 'i8g.4xlarge_use1-az2': 1, 'i8g.8xlarge_use1-az6': 5, 'i8g.large_use1-az2': 10, 'i8g.large_use1-az6': 5, 'i8g.xlarge_use1-az2': 1, 'i8g.xlarge_use1-az4': 1, 'i8g.xlarge_use1-az6': 1, 'i8ge.12xlarge_use1-az4': 1, 'i8ge.18xlarge_use1-az2': 1, 'i8ge.18xlarge_use1-az4': 1, 'i8ge.18xlarge_use1-az6': 5, 'i8ge.24xlarge_use1-az4': 1, 'i8ge.24xlarge_use1-az6': 5, 'i8ge.48xlarge_use1-az4': 5, 'i8ge.metal-24xl_use1-az4': 1, 'i8ge.metal-48xl_use1-az6': 1, 'inf1.24xlarge_use1-az1': 1, 'inf1.24xlarge_use1-az2': 1, 'inf1.24xlarge_use1-az4': 10, 'inf1.24xlarge_use1-az5': 5, 'inf1.24xlarge_use1-az6': 20, 'inf1.2xlarge_use1-az2': 15, 'inf1.2xlarge_use1-az5': 40, 'inf1.2xlarge_use1-az6': 40, 'inf1.6xlarge_use1-az5': 5, 'inf2.24xlarge_use1-az4': 1, 'inf2.24xlarge_use1-az6': 10, 'inf2.48xlarge_use1-az6': 15, 'inf2.8xlarge_use1-az2': 5, 'inf2.8xlarge_use1-az4': 5, 'inf2.8xlarge_use1-az5': 1, 'inf2.8xlarge_use1-az6': 1, 'is4gen.medium_use1-az6': 30, 'm2.xlarge_use1-az1': 5, 'm2.xlarge_use1-az2': 20, 'm4.10xlarge_use1-az1': 5, 'm4.10xlarge_use1-az3': 1, 'm4.10xlarge_use1-az4': 50, 'm4.10xlarge_use1-az5': 1, 'm4.10xlarge_use1-az6': 50, 'm4.2xlarge_use1-az3': 50, 'm4.4xlarge_use1-az1': 50, 'm4.4xlarge_use1-az3': 50, 'm4.4xlarge_use1-az5': 10, 'm4.large_use1-az2': 50, 'm4.large_use1-az5': 10, 'm4.xlarge_use1-az5': 30, 'm5.12xlarge_use1-az1': 5, 'm5.12xlarge_use1-az2': 25, 'm5.12xlarge_use1-az4': 50, 'm5.12xlarge_use1-az5': 1, 'm5.12xlarge_use1-az6': 40, 'm5.16xlarge_use1-az1': 10, 'm5.16xlarge_use1-az2': 50, 'm5.16xlarge_use1-az4': 50, 'm5.16xlarge_use1-az5': 1, 'm5.16xlarge_use1-az6': 50, 'm5.24xlarge_use1-az1': 5, 'm5.24xlarge_use1-az2': 5, 'm5.24xlarge_use1-az4': 5, 'm5.24xlarge_use1-az5': 1, 'm5.24xlarge_use1-az6': 35, 'm5.2xlarge_use1-az2': 50, 'm5.2xlarge_use1-az6': 50, 'm5.8xlarge_use1-az1': 50, 'm5.8xlarge_use1-az2': 40, 'm5.8xlarge_use1-az4': 50, 'm5.8xlarge_use1-az5': 1, 'm5.8xlarge_use1-az6': 50, 'm5.large_use1-az1': 50, 'm5.large_use1-az2': 50, 'm5.large_use1-az4': 50, 'm5.large_use1-az5': 50, 'm5.large_use1-az6': 50, 'm5.xlarge_use1-az1': 50, 'm5.xlarge_use1-az2': 50, 'm5.xlarge_use1-az4': 50, 'm5.xlarge_use1-az5': 50, 'm5.xlarge_use1-az6': 50, 'm5a.16xlarge_use1-az2': 1, 'm5a.16xlarge_use1-az4': 1, 'm5a.24xlarge_use1-az1': 1, 'm5a.24xlarge_use1-az2': 1, 'm5a.24xlarge_use1-az4': 1, 'm5a.24xlarge_use1-az5': 5, 'm5a.24xlarge_use1-az6': 5, 'm5a.2xlarge_use1-az1': 10, 'm5d.12xlarge_use1-az2': 25, 'm5d.12xlarge_use1-az4': 30, 'm5d.12xlarge_use1-az6': 15, 'm5d.16xlarge_use1-az6': 50, 'm5d.24xlarge_use1-az4': 5, 'm5dn.24xlarge_use1-az2': 1, 'm5dn.large_use1-az5': 15, 'm5n.4xlarge_use1-az4': 50, 'm5n.large_use1-az2': 15, 'm5n.large_use1-az5': 5, 'm5n.xlarge_use1-az2': 50, 'm5zn.large_use1-az2': 5, 'm5zn.large_use1-az5': 15, 'm6a.12xlarge_use1-az1': 5, 'm6a.12xlarge_use1-az2': 5, 'm6a.12xlarge_use1-az4': 15, 'm6a.12xlarge_use1-az6': 10, 'm6a.16xlarge_use1-az1': 5, 'm6a.16xlarge_use1-az2': 5, 'm6a.16xlarge_use1-az4': 5, 'm6a.16xlarge_use1-az6': 5, 'm6a.24xlarge_use1-az1': 1, 'm6a.24xlarge_use1-az2': 1, 'm6a.24xlarge_use1-az4': 1, 'm6a.24xlarge_use1-az6': 1, 'm6a.2xlarge_use1-az1': 50, 'm6a.2xlarge_use1-az2': 35, 'm6a.2xlarge_use1-az4': 45, 'm6a.2xlarge_use1-az5': 15, 'm6a.2xlarge_use1-az6': 50, 'm6a.32xlarge_use1-az2': 1, 'm6a.32xlarge_use1-az4': 1, 'm6a.32xlarge_use1-az5': 1, 'm6a.32xlarge_use1-az6': 1, 'm6a.48xlarge_use1-az2': 1, 'm6a.48xlarge_use1-az4': 1, 'm6a.48xlarge_use1-az6': 1, 'm6a.4xlarge_use1-az1': 45, 'm6a.4xlarge_use1-az2': 40, 'm6a.4xlarge_use1-az4': 25, 'm6a.4xlarge_use1-az5': 5, 'm6a.4xlarge_use1-az6': 50, 'm6a.8xlarge_use1-az1': 25, 'm6a.8xlarge_use1-az2': 15, 'm6a.8xlarge_use1-az4': 50, 'm6a.8xlarge_use1-az5': 10, 'm6a.8xlarge_use1-az6': 50, 'm6a.large_use1-az1': 50, 'm6a.large_use1-az2': 50, 'm6a.large_use1-az4': 50, 'm6a.large_use1-az5': 30, 'm6a.large_use1-az6': 50, 'm6a.xlarge_use1-az1': 50, 'm6a.xlarge_use1-az2': 50, 'm6a.xlarge_use1-az4': 50, 'm6a.xlarge_use1-az5': 35, 'm6a.xlarge_use1-az6': 50, 'm6g.12xlarge_use1-az1': 1, 'm6g.12xlarge_use1-az2': 5, 'm6g.12xlarge_use1-az4': 50, 'm6g.12xlarge_use1-az6': 50, 'm6g.16xlarge_use1-az1': 1, 'm6g.16xlarge_use1-az2': 5, 'm6g.16xlarge_use1-az4': 25, 'm6g.16xlarge_use1-az6': 50, 'm6g.2xlarge_use1-az1': 15, 'm6g.2xlarge_use1-az2': 50, 'm6g.2xlarge_use1-az4': 50, 'm6g.2xlarge_use1-az5': 5, 'm6g.2xlarge_use1-az6': 50, 'm6g.4xlarge_use1-az2': 50, 'm6g.4xlarge_use1-az4': 50, 'm6g.4xlarge_use1-az5': 10, 'm6g.4xlarge_use1-az6': 50, 'm6g.8xlarge_use1-az2': 50, 'm6g.8xlarge_use1-az4': 50, 'm6g.8xlarge_use1-az6': 50, 'm6g.large_use1-az4': 50, 'm6g.large_use1-az5': 5, 'm6g.large_use1-az6': 50, 'm6g.medium_use1-az1': 5, 'm6g.medium_use1-az2': 5, 'm6g.medium_use1-az4': 10, 'm6g.medium_use1-az5': 1, 'm6g.medium_use1-az6': 15, 'm6g.xlarge_use1-az2': 50, 'm6g.xlarge_use1-az4': 50, 'm6g.xlarge_use1-az5': 50, 'm6g.xlarge_use1-az6': 50, 'm6gd.12xlarge_use1-az1': 10, 'm6gd.12xlarge_use1-az2': 40, 'm6gd.12xlarge_use1-az4': 20, 'm6gd.12xlarge_use1-az5': 5, 'm6gd.12xlarge_use1-az6': 50, 'm6gd.16xlarge_use1-az2': 10, 'm6gd.16xlarge_use1-az5': 10, 'm6gd.16xlarge_use1-az6': 35, 'm6gd.2xlarge_use1-az2': 50, 'm6gd.2xlarge_use1-az4': 45, 'm6gd.8xlarge_use1-az2': 10, 'm6gd.8xlarge_use1-az4': 15, 'm6gd.8xlarge_use1-az5': 1, 'm6gd.8xlarge_use1-az6': 20, 'm6gd.large_use1-az2': 5, 'm6gd.large_use1-az4': 5, 'm6gd.large_use1-az6': 15, 'm6gd.medium_use1-az1': 1, 'm6gd.medium_use1-az2': 1, 'm6gd.medium_use1-az4': 1, 'm6gd.medium_use1-az5': 5, 'm6gd.medium_use1-az6': 1, 'm6i.12xlarge_use1-az1': 1, 'm6i.12xlarge_use1-az2': 10, 'm6i.12xlarge_use1-az4': 50, 'm6i.12xlarge_use1-az5': 1, 'm6i.12xlarge_use1-az6': 30, 'm6i.16xlarge_use1-az2': 10, 'm6i.16xlarge_use1-az6': 10, 'm6i.24xlarge_use1-az2': 10, 'm6i.24xlarge_use1-az4': 5, 'm6i.24xlarge_use1-az5': 1, 'm6i.24xlarge_use1-az6': 50, 'm6i.2xlarge_use1-az1': 25, 'm6i.2xlarge_use1-az2': 50, 'm6i.2xlarge_use1-az4': 50, 'm6i.2xlarge_use1-az5': 25, 'm6i.2xlarge_use1-az6': 50, 'm6i.32xlarge_use1-az2': 1, 'm6i.32xlarge_use1-az4': 5, 'm6i.32xlarge_use1-az5': 1, 'm6i.32xlarge_use1-az6': 15, 'm6i.4xlarge_use1-az2': 50, 'm6i.4xlarge_use1-az4': 50, 'm6i.4xlarge_use1-az5': 50, 'm6i.4xlarge_use1-az6': 50, 'm6i.8xlarge_use1-az1': 1, 'm6i.8xlarge_use1-az2': 50, 'm6i.8xlarge_use1-az4': 50, 'm6i.8xlarge_use1-az5': 20, 'm6i.8xlarge_use1-az6': 50, 'm6i.large_use1-az1': 25, 'm6i.large_use1-az2': 50, 'm6i.large_use1-az4': 50, 'm6i.large_use1-az5': 50, 'm6i.large_use1-az6': 50, 'm6i.xlarge_use1-az1': 45, 'm6i.xlarge_use1-az2': 50, 'm6i.xlarge_use1-az4': 50, 'm6i.xlarge_use1-az5': 25, 'm6i.xlarge_use1-az6': 50, 'm6id.12xlarge_use1-az1': 1, 'm6id.12xlarge_use1-az2': 1, 'm6id.12xlarge_use1-az4': 1, 'm6id.12xlarge_use1-az6': 1, 'm6id.16xlarge_use1-az1': 1, 'm6id.16xlarge_use1-az4': 1, 'm6id.16xlarge_use1-az6': 1, 'm6id.24xlarge_use1-az1': 10, 'm6id.24xlarge_use1-az2': 15, 'm6id.24xlarge_use1-az4': 35, 'm6id.24xlarge_use1-az5': 5, 'm6id.24xlarge_use1-az6': 15, 'm6id.2xlarge_use1-az1': 5, 'm6id.2xlarge_use1-az5': 1, 'm6id.32xlarge_use1-az1': 10, 'm6id.32xlarge_use1-az2': 15, 'm6id.32xlarge_use1-az4': 5, 'm6id.32xlarge_use1-az5': 1, 'm6id.32xlarge_use1-az6': 50, 'm6id.4xlarge_use1-az1': 15, 'm6id.4xlarge_use1-az2': 10, 'm6id.4xlarge_use1-az4': 5, 'm6id.4xlarge_use1-az6': 10, 'm6id.8xlarge_use1-az1': 1, 'm6id.8xlarge_use1-az4': 5, 'm6id.8xlarge_use1-az5': 1, 'm6id.8xlarge_use1-az6': 1, 'm6id.large_use1-az2': 35, 'm6id.large_use1-az4': 15, 'm6id.large_use1-az5': 5, 'm6id.large_use1-az6': 50, 'm6id.xlarge_use1-az1': 20, 'm6id.xlarge_use1-az2': 45, 'm6id.xlarge_use1-az4': 15, 'm6id.xlarge_use1-az5': 5, 'm6id.xlarge_use1-az6': 25, 'm6idn.24xlarge_use1-az1': 1, 'm6idn.24xlarge_use1-az2': 1, 'm6idn.24xlarge_use1-az4': 1, 'm6idn.large_use1-az5': 10, 'm6idn.large_use1-az6': 10, 'm6in.16xlarge_use1-az2': 1, 'm6in.16xlarge_use1-az4': 1, 'm6in.2xlarge_use1-az5': 1, 'm6in.8xlarge_use1-az2': 1, 'm6in.large_use1-az1': 5, 'm6in.large_use1-az2': 10, 'm6in.large_use1-az4': 5, 'm6in.large_use1-az5': 1, 'm6in.large_use1-az6': 1, 'm6in.xlarge_use1-az1': 5, 'm6in.xlarge_use1-az2': 10, 'm7a.12xlarge_use1-az2': 1, 'm7a.12xlarge_use1-az6': 20, 'm7a.16xlarge_use1-az2': 1, 'm7a.16xlarge_use1-az6': 40, 'm7a.24xlarge_use1-az2': 1, 'm7a.24xlarge_use1-az6': 50, 'm7a.2xlarge_use1-az1': 5, 'm7a.2xlarge_use1-az2': 15, 'm7a.2xlarge_use1-az4': 10, 'm7a.2xlarge_use1-az6': 50, 'm7a.32xlarge_use1-az6': 20, 'm7a.48xlarge_use1-az6': 40, 'm7a.4xlarge_use1-az1': 10, 'm7a.4xlarge_use1-az2': 5, 'm7a.4xlarge_use1-az4': 10, 'm7a.4xlarge_use1-az6': 25, 'm7a.8xlarge_use1-az1': 1, 'm7a.8xlarge_use1-az2': 5, 'm7a.8xlarge_use1-az4': 1, 'm7a.8xlarge_use1-az6': 50, 'm7a.large_use1-az1': 15, 'm7a.large_use1-az2': 50, 'm7a.large_use1-az4': 50, 'm7a.large_use1-az5': 5, 'm7a.large_use1-az6': 50, 'm7a.medium_use1-az1': 10, 'm7a.medium_use1-az2': 50, 'm7a.medium_use1-az4': 50, 'm7a.medium_use1-az6': 50, 'm7a.xlarge_use1-az1': 5, 'm7a.xlarge_use1-az2': 40, 'm7a.xlarge_use1-az4': 50, 'm7a.xlarge_use1-az6': 50, 'm7g.12xlarge_use1-az1': 1, 'm7g.12xlarge_use1-az2': 10, 'm7g.12xlarge_use1-az4': 45, 'm7g.12xlarge_use1-az5': 1, 'm7g.12xlarge_use1-az6': 50, 'm7g.16xlarge_use1-az1': 1, 'm7g.16xlarge_use1-az2': 30, 'm7g.16xlarge_use1-az4': 35, 'm7g.16xlarge_use1-az5': 1, 'm7g.16xlarge_use1-az6': 50, 'm7g.2xlarge_use1-az1': 35, 'm7g.2xlarge_use1-az2': 50, 'm7g.2xlarge_use1-az4': 50, 'm7g.2xlarge_use1-az5': 15, 'm7g.2xlarge_use1-az6': 50, 'm7g.4xlarge_use1-az1': 10, 'm7g.4xlarge_use1-az2': 30, 'm7g.4xlarge_use1-az4': 50, 'm7g.4xlarge_use1-az5': 10, 'm7g.4xlarge_use1-az6': 50, 'm7g.8xlarge_use1-az1': 1, 'm7g.8xlarge_use1-az2': 15, 'm7g.8xlarge_use1-az4': 40, 'm7g.8xlarge_use1-az5': 1, 'm7g.8xlarge_use1-az6': 50, 'm7g.large_use1-az2': 50, 'm7g.large_use1-az4': 50, 'm7g.large_use1-az5': 30, 'm7g.large_use1-az6': 50, 'm7g.medium_use1-az1': 30, 'm7g.medium_use1-az2': 40, 'm7g.medium_use1-az4': 50, 'm7g.medium_use1-az5': 35, 'm7g.medium_use1-az6': 50, 'm7g.metal_use1-az1': 1, 'm7g.metal_use1-az2': 25, 'm7g.metal_use1-az4': 10, 'm7g.metal_use1-az5': 1, 'm7g.metal_use1-az6': 50, 'm7g.xlarge_use1-az1': 50, 'm7g.xlarge_use1-az2': 50, 'm7g.xlarge_use1-az4': 50, 'm7g.xlarge_use1-az5': 50, 'm7g.xlarge_use1-az6': 50, 'm7gd.12xlarge_use1-az1': 5, 'm7gd.12xlarge_use1-az2': 10, 'm7gd.12xlarge_use1-az4': 1, 'm7gd.12xlarge_use1-az6': 35, 'm7gd.16xlarge_use1-az1': 1, 'm7gd.16xlarge_use1-az2': 30, 'm7gd.16xlarge_use1-az4': 1, 'm7gd.16xlarge_use1-az6': 40, 'm7gd.2xlarge_use1-az1': 15, 'm7gd.2xlarge_use1-az2': 50, 'm7gd.2xlarge_use1-az4': 15, 'm7gd.2xlarge_use1-az6': 25, 'm7gd.4xlarge_use1-az1': 5, 'm7gd.4xlarge_use1-az2': 10, 'm7gd.4xlarge_use1-az6': 40, 'm7gd.8xlarge_use1-az4': 30, 'm7gd.8xlarge_use1-az5': 45, 'm7gd.8xlarge_use1-az6': 50, 'm7gd.large_use1-az2': 50, 'm7gd.large_use1-az4': 5, 'm7gd.large_use1-az6': 50, 'm7gd.medium_use1-az1': 15, 'm7gd.medium_use1-az2': 20, 'm7gd.medium_use1-az4': 15, 'm7gd.medium_use1-az5': 20, 'm7gd.medium_use1-az6': 25, 'm7gd.metal_use1-az1': 5, 'm7gd.metal_use1-az2': 15, 'm7gd.metal_use1-az4': 1, 'm7gd.metal_use1-az6': 15, 'm7gd.xlarge_use1-az1': 5, 'm7gd.xlarge_use1-az2': 10, 'm7gd.xlarge_use1-az4': 10, 'm7gd.xlarge_use1-az5': 1, 'm7i-flex.2xlarge_use1-az1': 50, 'm7i-flex.2xlarge_use1-az2': 50, 'm7i-flex.2xlarge_use1-az4': 15, 'm7i-flex.2xlarge_use1-az5': 10, 'm7i-flex.2xlarge_use1-az6': 50, 'm7i-flex.4xlarge_use1-az2': 5, 'm7i-flex.4xlarge_use1-az4': 5, 'm7i-flex.4xlarge_use1-az6': 25, 'm7i-flex.8xlarge_use1-az1': 1, 'm7i-flex.8xlarge_use1-az2': 5, 'm7i-flex.8xlarge_use1-az4': 5, 'm7i-flex.8xlarge_use1-az5': 1, 'm7i-flex.8xlarge_use1-az6': 10, 'm7i-flex.large_use1-az1': 20, 'm7i-flex.large_use1-az2': 50, 'm7i-flex.large_use1-az4': 25, 'm7i-flex.large_use1-az5': 25, 'm7i-flex.large_use1-az6': 50, 'm7i-flex.xlarge_use1-az2': 50, 'm7i-flex.xlarge_use1-az4': 50, 'm7i-flex.xlarge_use1-az5': 15, 'm7i-flex.xlarge_use1-az6': 50, 'm7i.12xlarge_use1-az1': 1, 'm7i.12xlarge_use1-az2': 5, 'm7i.12xlarge_use1-az4': 15, 'm7i.12xlarge_use1-az6': 50, 'm7i.16xlarge_use1-az1': 5, 'm7i.16xlarge_use1-az2': 10, 'm7i.16xlarge_use1-az4': 10, 'm7i.16xlarge_use1-az6': 50, 'm7i.24xlarge_use1-az2': 5, 'm7i.24xlarge_use1-az4': 5, 'm7i.24xlarge_use1-az6': 50, 'm7i.2xlarge_use1-az1': 1, 'm7i.2xlarge_use1-az2': 50, 'm7i.2xlarge_use1-az4': 50, 'm7i.2xlarge_use1-az6': 50, 'm7i.48xlarge_use1-az1': 1, 'm7i.48xlarge_use1-az2': 5, 'm7i.48xlarge_use1-az4': 20, 'm7i.48xlarge_use1-az6': 50, 'm7i.4xlarge_use1-az1': 1, 'm7i.4xlarge_use1-az2': 25, 'm7i.4xlarge_use1-az4': 10, 'm7i.4xlarge_use1-az6': 50, 'm7i.8xlarge_use1-az2': 20, 'm7i.8xlarge_use1-az6': 50, 'm7i.large_use1-az1': 50, 'm7i.large_use1-az2': 50, 'm7i.large_use1-az4': 50, 'm7i.large_use1-az5': 1, 'm7i.large_use1-az6': 50, 'm7i.xlarge_use1-az2': 35, 'm7i.xlarge_use1-az4': 50, 'm7i.xlarge_use1-az6': 50, 'm8g.12xlarge_use1-az2': 10, 'm8g.12xlarge_use1-az4': 10, 'm8g.12xlarge_use1-az5': 1, 'm8g.12xlarge_use1-az6': 35, 'm8g.16xlarge_use1-az2': 5, 'm8g.16xlarge_use1-az4': 5, 'm8g.16xlarge_use1-az5': 5, 'm8g.16xlarge_use1-az6': 45, 'm8g.24xlarge_use1-az2': 5, 'm8g.24xlarge_use1-az4': 1, 'm8g.24xlarge_use1-az5': 1, 'm8g.24xlarge_use1-az6': 25, 'm8g.2xlarge_use1-az4': 10, 'm8g.2xlarge_use1-az5': 10, 'm8g.48xlarge_use1-az2': 5, 'm8g.48xlarge_use1-az4': 5, 'm8g.48xlarge_use1-az6': 20, 'm8g.4xlarge_use1-az2': 5, 'm8g.4xlarge_use1-az4': 5, 'm8g.4xlarge_use1-az5': 1, 'm8g.4xlarge_use1-az6': 40, 'm8g.8xlarge_use1-az2': 10, 'm8g.8xlarge_use1-az4': 20, 'm8g.8xlarge_use1-az5': 1, 'm8g.8xlarge_use1-az6': 40, 'm8g.large_use1-az1': 1, 'm8g.large_use1-az2': 20, 'm8g.large_use1-az6': 45, 'm8g.medium_use1-az1': 1, 'm8g.medium_use1-az2': 15, 'm8g.metal-48xl_use1-az2': 5, 'm8g.metal-48xl_use1-az6': 25, 'm8g.xlarge_use1-az1': 1, 'm8g.xlarge_use1-az5': 15, 'm8g.xlarge_use1-az6': 50, 'm8gd.16xlarge_use1-az5': 1, 'm8gd.4xlarge_use1-az2': 5, 'm8gd.4xlarge_use1-az6': 1, 'm8gd.8xlarge_use1-az5': 1, 'm8gd.8xlarge_use1-az6': 5, 'm8gd.large_use1-az1': 20, 'm8gd.large_use1-az2': 15, 'm8gd.large_use1-az5': 1, 'm8gd.large_use1-az6': 1, 'm8gd.medium_use1-az6': 1, 'm8gd.xlarge_use1-az1': 1, 'm8gd.xlarge_use1-az5': 1, 'm8i-flex.16xlarge_use1-az6': 5, 'm8i-flex.2xlarge_use1-az2': 10, 'm8i-flex.2xlarge_use1-az4': 1, 'm8i-flex.2xlarge_use1-az6': 50, 'm8i-flex.4xlarge_use1-az4': 1, 'm8i-flex.4xlarge_use1-az6': 5, 'm8i-flex.8xlarge_use1-az6': 1, 'm8i-flex.large_use1-az2': 5, 'm8i-flex.xlarge_use1-az2': 10, 'm8i-flex.xlarge_use1-az4': 25, 'm8i-flex.xlarge_use1-az6': 50, 'm8i.12xlarge_use1-az6': 1, 'm8i.16xlarge_use1-az4': 1, 'm8i.16xlarge_use1-az6': 1, 'm8i.24xlarge_use1-az6': 1, 'm8i.2xlarge_use1-az2': 10, 'm8i.2xlarge_use1-az4': 1, 'm8i.2xlarge_use1-az6': 10, 'm8i.32xlarge_use1-az2': 1, 'm8i.32xlarge_use1-az6': 5, 'm8i.48xlarge_use1-az2': 1, 'm8i.48xlarge_use1-az6': 5, 'm8i.4xlarge_use1-az2': 5, 'm8i.4xlarge_use1-az4': 1, 'm8i.4xlarge_use1-az6': 5, 'm8i.8xlarge_use1-az2': 1, 'm8i.8xlarge_use1-az4': 1, 'm8i.8xlarge_use1-az6': 20, 'm8i.96xlarge_use1-az6': 1, 'm8i.large_use1-az4': 25, 'm8i.metal-48xl_use1-az6': 1, 'm8i.metal-96xl_use1-az6': 1, 'm8i.xlarge_use1-az2': 30, 'm8i.xlarge_use1-az4': 10, 'r4.16xlarge_use1-az2': 10, 'r4.16xlarge_use1-az6': 10, 'r4.8xlarge_use1-az1': 50, 'r4.8xlarge_use1-az2': 50, 'r4.8xlarge_use1-az4': 50, 'r4.8xlarge_use1-az6': 50, 'r5.12xlarge_use1-az1': 5, 'r5.12xlarge_use1-az2': 5, 'r5.12xlarge_use1-az6': 5, 'r5.16xlarge_use1-az1': 5, 'r5.16xlarge_use1-az4': 35, 'r5.16xlarge_use1-az5': 30, 'r5.16xlarge_use1-az6': 5, 'r5.24xlarge_use1-az4': 15, 'r5.24xlarge_use1-az5': 5, 'r5.24xlarge_use1-az6': 5, 'r5.4xlarge_use1-az2': 50, 'r5.4xlarge_use1-az4': 50, 'r5.4xlarge_use1-az5': 5, 'r5.4xlarge_use1-az6': 50, 'r5.8xlarge_use1-az1': 50, 'r5.8xlarge_use1-az2': 50, 'r5.8xlarge_use1-az4': 50, 'r5.8xlarge_use1-az5': 5, 'r5.8xlarge_use1-az6': 5, 'r5.large_use1-az6': 50, 'r5.xlarge_use1-az1': 50, 'r5.xlarge_use1-az2': 50, 'r5.xlarge_use1-az4': 50, 'r5.xlarge_use1-az5': 50, 'r5.xlarge_use1-az6': 50, 'r5a.16xlarge_use1-az2': 10, 'r5a.16xlarge_use1-az4': 10, 'r5a.16xlarge_use1-az5': 5, 'r5a.8xlarge_use1-az5': 30, 'r5d.16xlarge_use1-az1': 5, 'r5d.16xlarge_use1-az2': 50, 'r5d.16xlarge_use1-az4': 50, 'r5d.16xlarge_use1-az6': 50, 'r5d.24xlarge_use1-az6': 10, 'r5dn.16xlarge_use1-az4': 15, 'r5dn.16xlarge_use1-az5': 10, 'r5dn.24xlarge_use1-az6': 25, 'r5dn.large_use1-az5': 50, 'r5n.16xlarge_use1-az2': 10, 'r5n.16xlarge_use1-az4': 35, 'r5n.16xlarge_use1-az5': 1, 'r5n.16xlarge_use1-az6': 20, 'r5n.8xlarge_use1-az4': 35, 'r5n.large_use1-az5': 10, 'r6a.12xlarge_use1-az1': 1, 'r6a.12xlarge_use1-az2': 10, 'r6a.12xlarge_use1-az4': 5, 'r6a.12xlarge_use1-az6': 10, 'r6a.16xlarge_use1-az1': 5, 'r6a.16xlarge_use1-az2': 15, 'r6a.16xlarge_use1-az4': 30, 'r6a.16xlarge_use1-az5': 15, 'r6a.16xlarge_use1-az6': 40, 'r6a.24xlarge_use1-az2': 5, 'r6a.24xlarge_use1-az4': 1, 'r6a.24xlarge_use1-az5': 1, 'r6a.24xlarge_use1-az6': 5, 'r6a.2xlarge_use1-az1': 50, 'r6a.2xlarge_use1-az2': 50, 'r6a.2xlarge_use1-az4': 40, 'r6a.2xlarge_use1-az5': 1, 'r6a.2xlarge_use1-az6': 50, 'r6a.32xlarge_use1-az2': 5, 'r6a.32xlarge_use1-az4': 5, 'r6a.32xlarge_use1-az5': 5, 'r6a.32xlarge_use1-az6': 5, 'r6a.48xlarge_use1-az2': 5, 'r6a.48xlarge_use1-az4': 5, 'r6a.48xlarge_use1-az5': 5, 'r6a.48xlarge_use1-az6': 1, 'r6a.4xlarge_use1-az1': 50, 'r6a.4xlarge_use1-az2': 50, 'r6a.4xlarge_use1-az4': 50, 'r6a.4xlarge_use1-az6': 50, 'r6a.8xlarge_use1-az1': 20, 'r6a.8xlarge_use1-az2': 50, 'r6a.8xlarge_use1-az4': 50, 'r6a.8xlarge_use1-az5': 50, 'r6a.8xlarge_use1-az6': 50, 'r6a.large_use1-az1': 50, 'r6a.large_use1-az2': 50, 'r6a.large_use1-az4': 50, 'r6a.large_use1-az5': 50, 'r6a.large_use1-az6': 50, 'r6a.xlarge_use1-az1': 50, 'r6a.xlarge_use1-az2': 50, 'r6a.xlarge_use1-az4': 50, 'r6a.xlarge_use1-az5': 50, 'r6a.xlarge_use1-az6': 50, 'r6g.12xlarge_use1-az2': 50, 'r6g.12xlarge_use1-az4': 45, 'r6g.12xlarge_use1-az5': 10, 'r6g.12xlarge_use1-az6': 50, 'r6g.16xlarge_use1-az2': 50, 'r6g.16xlarge_use1-az4': 50, 'r6g.16xlarge_use1-az5': 50, 'r6g.16xlarge_use1-az6': 50, 'r6g.2xlarge_use1-az5': 10, 'r6g.2xlarge_use1-az6': 50, 'r6g.4xlarge_use1-az2': 50, 'r6g.4xlarge_use1-az4': 50, 'r6g.4xlarge_use1-az5': 50, 'r6g.4xlarge_use1-az6': 50, 'r6g.8xlarge_use1-az2': 10, 'r6g.8xlarge_use1-az4': 50, 'r6g.8xlarge_use1-az5': 50, 'r6g.8xlarge_use1-az6': 50, 'r6g.large_use1-az2': 40, 'r6g.large_use1-az4': 50, 'r6g.large_use1-az6': 50, 'r6g.medium_use1-az1': 1, 'r6g.medium_use1-az2': 10, 'r6g.medium_use1-az4': 15, 'r6g.medium_use1-az5': 15, 'r6g.medium_use1-az6': 35, 'r6g.xlarge_use1-az5': 50, 'r6g.xlarge_use1-az6': 50, 'r6gd.12xlarge_use1-az2': 5, 'r6gd.12xlarge_use1-az4': 10, 'r6gd.12xlarge_use1-az5': 1, 'r6gd.12xlarge_use1-az6': 10, 'r6gd.16xlarge_use1-az4': 50, 'r6gd.16xlarge_use1-az5': 1, 'r6gd.16xlarge_use1-az6': 45, 'r6gd.8xlarge_use1-az2': 10, 'r6gd.8xlarge_use1-az4': 20, 'r6gd.8xlarge_use1-az5': 1, 'r6gd.8xlarge_use1-az6': 30, 'r6gd.large_use1-az2': 50, 'r6gd.large_use1-az4': 50, 'r6gd.large_use1-az5': 50, 'r6gd.large_use1-az6': 50, 'r6gd.medium_use1-az1': 5, 'r6gd.medium_use1-az2': 1, 'r6gd.medium_use1-az4': 5, 'r6gd.medium_use1-az5': 5, 'r6gd.medium_use1-az6': 1, 'r6i.12xlarge_use1-az1': 5, 'r6i.12xlarge_use1-az2': 5, 'r6i.12xlarge_use1-az4': 5, 'r6i.12xlarge_use1-az5': 1, 'r6i.12xlarge_use1-az6': 10, 'r6i.16xlarge_use1-az1': 1, 'r6i.16xlarge_use1-az2': 1, 'r6i.16xlarge_use1-az4': 10, 'r6i.16xlarge_use1-az5': 10, 'r6i.16xlarge_use1-az6': 1, 'r6i.24xlarge_use1-az4': 10, 'r6i.24xlarge_use1-az5': 1, 'r6i.24xlarge_use1-az6': 5, 'r6i.32xlarge_use1-az4': 1, 'r6i.32xlarge_use1-az5': 1, 'r6i.32xlarge_use1-az6': 1, 'r6i.4xlarge_use1-az2': 20, 'r6i.4xlarge_use1-az4': 20, 'r6i.4xlarge_use1-az6': 40, 'r6i.8xlarge_use1-az1': 5, 'r6i.8xlarge_use1-az2': 10, 'r6i.8xlarge_use1-az4': 10, 'r6i.8xlarge_use1-az5': 5, 'r6i.8xlarge_use1-az6': 10, 'r6i.large_use1-az2': 50, 'r6i.large_use1-az5': 20, 'r6i.large_use1-az6': 50, 'r6i.xlarge_use1-az1': 15, 'r6i.xlarge_use1-az5': 10, 'r6i.xlarge_use1-az6': 50, 'r6id.16xlarge_use1-az1': 5, 'r6id.16xlarge_use1-az4': 15, 'r6id.16xlarge_use1-az5': 1, 'r6id.16xlarge_use1-az6': 20, 'r6id.24xlarge_use1-az1': 10, 'r6id.24xlarge_use1-az4': 5, 'r6id.2xlarge_use1-az5': 1, 'r6id.32xlarge_use1-az1': 1, 'r6id.32xlarge_use1-az6': 10, 'r6id.large_use1-az4': 5, 'r6idn.16xlarge_use1-az5': 1, 'r6idn.16xlarge_use1-az6': 1, 'r6idn.24xlarge_use1-az6': 1, 'r6idn.large_use1-az2': 1, 'r6in.16xlarge_use1-az4': 1, 'r6in.16xlarge_use1-az5': 1, 'r6in.16xlarge_use1-az6': 5, 'r6in.8xlarge_use1-az6': 5, 'r6in.large_use1-az1': 45, 'r6in.large_use1-az2': 50, 'r6in.large_use1-az4': 50, 'r6in.large_use1-az5': 40, 'r6in.large_use1-az6': 50, 'r7a.12xlarge_use1-az1': 1, 'r7a.12xlarge_use1-az2': 1, 'r7a.12xlarge_use1-az4': 5, 'r7a.12xlarge_use1-az6': 20, 'r7a.16xlarge_use1-az2': 15, 'r7a.16xlarge_use1-az4': 30, 'r7a.16xlarge_use1-az6': 50, 'r7a.24xlarge_use1-az2': 10, 'r7a.24xlarge_use1-az4': 10, 'r7a.24xlarge_use1-az6': 35, 'r7a.2xlarge_use1-az2': 5, 'r7a.2xlarge_use1-az6': 1, 'r7a.32xlarge_use1-az2': 1, 'r7a.32xlarge_use1-az4': 1, 'r7a.32xlarge_use1-az6': 50, 'r7a.48xlarge_use1-az2': 5, 'r7a.48xlarge_use1-az4': 5, 'r7a.48xlarge_use1-az6': 50, 'r7a.4xlarge_use1-az1': 5, 'r7a.4xlarge_use1-az2': 25, 'r7a.4xlarge_use1-az4': 50, 'r7a.4xlarge_use1-az6': 50, 'r7a.8xlarge_use1-az1': 5, 'r7a.8xlarge_use1-az2': 20, 'r7a.8xlarge_use1-az4': 50, 'r7a.8xlarge_use1-az6': 50, 'r7a.large_use1-az2': 50, 'r7a.large_use1-az6': 50, 'r7a.medium_use1-az1': 10, 'r7a.medium_use1-az2': 25, 'r7a.medium_use1-az6': 50, 'r7a.xlarge_use1-az2': 50, 'r7a.xlarge_use1-az4': 50, 'r7a.xlarge_use1-az6': 25, 'r7g.12xlarge_use1-az1': 1, 'r7g.12xlarge_use1-az2': 5, 'r7g.12xlarge_use1-az4': 50, 'r7g.12xlarge_use1-az5': 1, 'r7g.12xlarge_use1-az6': 5, 'r7g.16xlarge_use1-az1': 5, 'r7g.16xlarge_use1-az2': 30, 'r7g.16xlarge_use1-az4': 50, 'r7g.16xlarge_use1-az5': 5, 'r7g.16xlarge_use1-az6': 50, 'r7g.2xlarge_use1-az2': 10, 'r7g.2xlarge_use1-az5': 5, 'r7g.2xlarge_use1-az6': 15, 'r7g.4xlarge_use1-az2': 5, 'r7g.4xlarge_use1-az4': 50, 'r7g.4xlarge_use1-az5': 5, 'r7g.4xlarge_use1-az6': 15, 'r7g.8xlarge_use1-az1': 1, 'r7g.8xlarge_use1-az2': 50, 'r7g.8xlarge_use1-az4': 50, 'r7g.8xlarge_use1-az5': 50, 'r7g.8xlarge_use1-az6': 50, 'r7g.large_use1-az1': 20, 'r7g.large_use1-az2': 50, 'r7g.large_use1-az4': 50, 'r7g.large_use1-az5': 40, 'r7g.large_use1-az6': 40, 'r7g.medium_use1-az1': 50, 'r7g.medium_use1-az2': 50, 'r7g.medium_use1-az4': 50, 'r7g.medium_use1-az5': 25, 'r7g.medium_use1-az6': 50, 'r7g.xlarge_use1-az1': 50, 'r7g.xlarge_use1-az2': 50, 'r7g.xlarge_use1-az4': 50, 'r7g.xlarge_use1-az5': 10, 'r7g.xlarge_use1-az6': 50, 'r7gd.12xlarge_use1-az2': 10, 'r7gd.12xlarge_use1-az4': 35, 'r7gd.12xlarge_use1-az5': 10, 'r7gd.12xlarge_use1-az6': 50, 'r7gd.16xlarge_use1-az1': 5, 'r7gd.16xlarge_use1-az2': 50, 'r7gd.16xlarge_use1-az4': 50, 'r7gd.16xlarge_use1-az5': 50, 'r7gd.16xlarge_use1-az6': 50, 'r7gd.2xlarge_use1-az5': 40, 'r7gd.4xlarge_use1-az2': 20, 'r7gd.8xlarge_use1-az4': 30, 'r7gd.8xlarge_use1-az6': 50, 'r7gd.large_use1-az2': 10, 'r7gd.large_use1-az4': 50, 'r7gd.large_use1-az5': 15, 'r7gd.large_use1-az6': 35, 'r7gd.medium_use1-az1': 35, 'r7gd.medium_use1-az2': 15, 'r7gd.medium_use1-az4': 25, 'r7gd.medium_use1-az5': 15, 'r7gd.medium_use1-az6': 20, 'r7gd.xlarge_use1-az4': 25, 'r7gd.xlarge_use1-az5': 10, 'r7gd.xlarge_use1-az6': 50, 'r7i.12xlarge_use1-az4': 1, 'r7i.12xlarge_use1-az6': 10, 'r7i.16xlarge_use1-az1': 5, 'r7i.16xlarge_use1-az4': 45, 'r7i.16xlarge_use1-az5': 5, 'r7i.16xlarge_use1-az6': 50, 'r7i.24xlarge_use1-az1': 1, 'r7i.24xlarge_use1-az2': 1, 'r7i.24xlarge_use1-az4': 5, 'r7i.24xlarge_use1-az5': 5, 'r7i.24xlarge_use1-az6': 5, 'r7i.2xlarge_use1-az2': 5, 'r7i.2xlarge_use1-az4': 10, 'r7i.2xlarge_use1-az5': 5, 'r7i.2xlarge_use1-az6': 50, 'r7i.48xlarge_use1-az2': 1, 'r7i.48xlarge_use1-az4': 5, 'r7i.48xlarge_use1-az5': 1, 'r7i.48xlarge_use1-az6': 5, 'r7i.4xlarge_use1-az1': 5, 'r7i.4xlarge_use1-az2': 20, 'r7i.4xlarge_use1-az4': 10, 'r7i.4xlarge_use1-az5': 1, 'r7i.4xlarge_use1-az6': 50, 'r7i.8xlarge_use1-az1': 5, 'r7i.8xlarge_use1-az2': 25, 'r7i.8xlarge_use1-az4': 25, 'r7i.8xlarge_use1-az5': 5, 'r7i.8xlarge_use1-az6': 50, 'r7i.large_use1-az1': 15, 'r7i.large_use1-az2': 50, 'r7i.large_use1-az4': 50, 'r7i.large_use1-az5': 15, 'r7i.large_use1-az6': 50, 'r7i.xlarge_use1-az2': 15, 'r7i.xlarge_use1-az4': 10, 'r7i.xlarge_use1-az5': 15, 'r7i.xlarge_use1-az6': 50, 'r8g.12xlarge_use1-az2': 5, 'r8g.12xlarge_use1-az4': 5, 'r8g.12xlarge_use1-az6': 15, 'r8g.16xlarge_use1-az1': 1, 'r8g.16xlarge_use1-az2': 50, 'r8g.16xlarge_use1-az4': 50, 'r8g.16xlarge_use1-az5': 5, 'r8g.16xlarge_use1-az6': 50, 'r8g.24xlarge_use1-az2': 10, 'r8g.24xlarge_use1-az4': 5, 'r8g.24xlarge_use1-az5': 5, 'r8g.24xlarge_use1-az6': 35, 'r8g.2xlarge_use1-az2': 5, 'r8g.2xlarge_use1-az4': 5, 'r8g.2xlarge_use1-az5': 1, 'r8g.2xlarge_use1-az6': 5, 'r8g.48xlarge_use1-az2': 1, 'r8g.48xlarge_use1-az4': 5, 'r8g.48xlarge_use1-az6': 5, 'r8g.4xlarge_use1-az2': 10, 'r8g.4xlarge_use1-az4': 35, 'r8g.4xlarge_use1-az5': 5, 'r8g.4xlarge_use1-az6': 50, 'r8g.8xlarge_use1-az2': 40, 'r8g.8xlarge_use1-az4': 15, 'r8g.8xlarge_use1-az5': 1, 'r8g.8xlarge_use1-az6': 50, 'r8g.large_use1-az1': 5, 'r8g.large_use1-az2': 30, 'r8g.large_use1-az4': 15, 'r8g.large_use1-az5': 10, 'r8g.large_use1-az6': 20, 'r8g.medium_use1-az1': 15, 'r8g.medium_use1-az2': 30, 'r8g.medium_use1-az4': 20, 'r8g.medium_use1-az5': 5, 'r8g.medium_use1-az6': 15, 'r8g.xlarge_use1-az1': 1, 'r8g.xlarge_use1-az2': 10, 'r8g.xlarge_use1-az4': 5, 'r8g.xlarge_use1-az5': 5, 'r8g.xlarge_use1-az6': 10, 'r8gb.24xlarge_use1-az6': 1, 'r8gb.medium_use1-az2': 50, 'r8gb.metal-24xl_use1-az6': 1, 'r8gd.12xlarge_use1-az5': 1, 'r8gd.12xlarge_use1-az6': 1, 'r8gd.16xlarge_use1-az4': 1, 'r8gd.16xlarge_use1-az5': 1, 'r8gd.24xlarge_use1-az2': 1, 'r8gd.24xlarge_use1-az5': 1, 'r8gd.24xlarge_use1-az6': 25, 'r8gd.2xlarge_use1-az6': 50, 'r8gd.48xlarge_use1-az6': 50, 'r8gd.8xlarge_use1-az5': 1, 'r8gd.large_use1-az2': 50, 'r8gd.large_use1-az5': 1, 'r8gd.large_use1-az6': 50, 'r8gd.medium_use1-az1': 5, 'r8gd.medium_use1-az2': 5, 'r8gd.medium_use1-az4': 5, 'r8gd.medium_use1-az5': 10, 'r8gd.metal-24xl_use1-az6': 1, 'r8gd.metal-48xl_use1-az6': 1, 'r8gd.xlarge_use1-az2': 25, 'r8gd.xlarge_use1-az4': 1, 'r8gd.xlarge_use1-az5': 50, 'r8gd.xlarge_use1-az6': 40, 'r8gn.24xlarge_use1-az2': 1, 'r8gn.48xlarge_use1-az6': 1, 'r8gn.medium_use1-az2': 35, 'r8gn.medium_use1-az4': 40, 'r8gn.metal-24xl_use1-az2': 1, 'r8gn.metal-24xl_use1-az6': 1, 'r8i-flex.2xlarge_use1-az2': 1, 'r8i-flex.2xlarge_use1-az6': 5, 'r8i-flex.4xlarge_use1-az6': 1, 'r8i-flex.large_use1-az2': 1, 'r8i-flex.large_use1-az6': 5, 'r8i-flex.xlarge_use1-az2': 5, 'r8i.12xlarge_use1-az6': 1, 'r8i.16xlarge_use1-az2': 1, 'r8i.16xlarge_use1-az6': 1, 'r8i.24xlarge_use1-az6': 1, 'r8i.2xlarge_use1-az2': 5, 'r8i.2xlarge_use1-az6': 5, 'r8i.32xlarge_use1-az2': 1, 'r8i.32xlarge_use1-az6': 1, 'r8i.48xlarge_use1-az2': 1, 'r8i.48xlarge_use1-az6': 1, 'r8i.4xlarge_use1-az6': 5, 'r8i.8xlarge_use1-az6': 5, 'r8i.96xlarge_use1-az2': 1, 'r8i.96xlarge_use1-az6': 1, 'r8i.large_use1-az2': 20, 'r8i.large_use1-az6': 20, 'r8i.xlarge_use1-az2': 5, 'r8i.xlarge_use1-az6': 5, 't2.2xlarge_use1-az1': 50, 't2.2xlarge_use1-az2': 50, 't2.2xlarge_use1-az3': 15, 't2.2xlarge_use1-az4': 50, 't2.2xlarge_use1-az5': 50, 't2.2xlarge_use1-az6': 50, 't2.large_use1-az1': 20, 't2.large_use1-az2': 50, 't2.large_use1-az3': 50, 't2.large_use1-az4': 50, 't2.large_use1-az5': 25, 't2.large_use1-az6': 50, 't2.medium_use1-az1': 50, 't2.medium_use1-az2': 50, 't2.medium_use1-az3': 50, 't2.medium_use1-az4': 50, 't2.medium_use1-az5': 50, 't2.medium_use1-az6': 50, 't2.xlarge_use1-az1': 35, 't2.xlarge_use1-az2': 50, 't2.xlarge_use1-az3': 20, 't2.xlarge_use1-az4': 50, 't2.xlarge_use1-az5': 5, 't2.xlarge_use1-az6': 50, 't3.2xlarge_use1-az1': 50, 't3.2xlarge_use1-az2': 50, 't3.2xlarge_use1-az4': 50, 't3.2xlarge_use1-az5': 50, 't3.2xlarge_use1-az6': 50, 't3.large_use1-az1': 50, 't3.large_use1-az2': 50, 't3.large_use1-az4': 50, 't3.large_use1-az5': 50, 't3.large_use1-az6': 50, 't3.medium_use1-az1': 50, 't3.medium_use1-az2': 50, 't3.medium_use1-az4': 50, 't3.medium_use1-az5': 50, 't3.medium_use1-az6': 50, 't3.xlarge_use1-az1': 50, 't3.xlarge_use1-az2': 50, 't3.xlarge_use1-az4': 50, 't3.xlarge_use1-az5': 50, 't3.xlarge_use1-az6': 50, 't3a.2xlarge_use1-az1': 50, 't3a.2xlarge_use1-az2': 50, 't3a.2xlarge_use1-az4': 50, 't3a.2xlarge_use1-az5': 50, 't3a.2xlarge_use1-az6': 50, 't3a.large_use1-az1': 50, 't3a.large_use1-az2': 50, 't3a.large_use1-az4': 50, 't3a.large_use1-az5': 5, 't3a.large_use1-az6': 50, 't3a.medium_use1-az4': 50, 't3a.medium_use1-az6': 50, 't3a.xlarge_use1-az2': 50, 't3a.xlarge_use1-az4': 50, 't3a.xlarge_use1-az5': 15, 't3a.xlarge_use1-az6': 50, 't4g.2xlarge_use1-az1': 5, 't4g.2xlarge_use1-az2': 15, 't4g.2xlarge_use1-az4': 5, 't4g.2xlarge_use1-az5': 10, 't4g.2xlarge_use1-az6': 10, 't4g.large_use1-az1': 1, 't4g.large_use1-az2': 15, 't4g.large_use1-az4': 50, 't4g.large_use1-az5': 25, 't4g.large_use1-az6': 35, 't4g.medium_use1-az2': 50, 't4g.medium_use1-az4': 50, 't4g.medium_use1-az5': 35, 't4g.medium_use1-az6': 50, 't4g.xlarge_use1-az1': 30, 't4g.xlarge_use1-az2': 15, 't4g.xlarge_use1-az4': 50, 't4g.xlarge_use1-az5': 5, 't4g.xlarge_use1-az6': 10, 'trn1.32xlarge_use1-az6': 50, 'trn1n.32xlarge_use1-az6': 50, 'x1.32xlarge_use1-az6': 1, 'x2gd.12xlarge_use1-az5': 5, 'x2gd.medium_use1-az4': 50, 'x2gd.medium_use1-az5': 50, 'x8g.12xlarge_use1-az4': 20, 'x8g.16xlarge_use1-az2': 5, 'x8g.16xlarge_use1-az4': 5, 'x8g.16xlarge_use1-az6': 5, 'x8g.24xlarge_use1-az2': 5, 'x8g.24xlarge_use1-az4': 5, 'x8g.24xlarge_use1-az6': 10, 'x8g.48xlarge_use1-az1': 1, 'x8g.48xlarge_use1-az2': 1, 'x8g.48xlarge_use1-az4': 10, 'x8g.48xlarge_use1-az6': 1, 'x8g.8xlarge_use1-az2': 15, 'x8g.large_use1-az6': 50, 'x8g.medium_use1-az1': 50, 'x8g.medium_use1-az4': 50, 'x8g.medium_use1-az6': 50, 'x8g.metal-24xl_use1-az1': 1, 'x8g.metal-24xl_use1-az2': 1, 'x8g.metal-24xl_use1-az4': 1, 'x8g.metal-24xl_use1-az6': 10, 'x8g.metal-48xl_use1-az2': 1, 'x8g.metal-48xl_use1-az4': 1, 'x8g.metal-48xl_use1-az6': 1, 'x8g.xlarge_use1-az4': 40, 'x8g.xlarge_use1-az6': 50, 'z1d.12xlarge_use1-az2': 1, 'z1d.12xlarge_use1-az5': 1, 'z1d.12xlarge_use1-az6': 5, 'z1d.3xlarge_use1-az5': 5, 'z1d.large_use1-az1': 15, 'z1d.large_use1-az2': 5, 'z1d.large_use1-az5': 10, 'z1d.large_use1-az6': 25, 'z1d.xlarge_use1-az4': 30, 'z1d.xlarge_use1-az5': 1}"
0.53,14195.442900000007,20621238915,1452666.1169393037,765757,765657,"{'c5.18xlarge_use1-az2': 50, 'c5.18xlarge_use1-az4': 15, 'c5.18xlarge_use1-az6': 1, 'c5.24xlarge_use1-az1': 1, 'c5.24xlarge_use1-az2': 5, 'c5.24xlarge_use1-az4': 5, 'c5.24xlarge_use1-az6': 5, 'c5.4xlarge_use1-az2': 50, 'c5.4xlarge_use1-az4': 50, 'c5d.24xlarge_use1-az6': 50, 'c6a.12xlarge_use1-az1': 5, 'c6a.12xlarge_use1-az2': 50, 'c6a.12xlarge_use1-az4': 50, 'c6a.16xlarge_use1-az2': 5, 'c6a.16xlarge_use1-az4': 10, 'c6a.16xlarge_use1-az6': 15, 'c6a.24xlarge_use1-az1': 1, 'c6a.24xlarge_use1-az2': 5, 'c6a.24xlarge_use1-az4': 5, 'c6a.24xlarge_use1-az5': 5, 'c6a.24xlarge_use1-az6': 20, 'c6a.2xlarge_use1-az5': 10, 'c6a.32xlarge_use1-az2': 1, 'c6a.32xlarge_use1-az4': 1, 'c6a.32xlarge_use1-az5': 1, 'c6a.32xlarge_use1-az6': 5, 'c6a.48xlarge_use1-az2': 1, 'c6a.48xlarge_use1-az4': 10, 'c6a.48xlarge_use1-az5': 5, 'c6a.48xlarge_use1-az6': 25, 'c6a.large_use1-az2': 50, 'c6a.large_use1-az4': 50, 'c6a.large_use1-az5': 50, 'c6g.12xlarge_use1-az1': 15, 'c6g.12xlarge_use1-az2': 25, 'c6g.12xlarge_use1-az4': 50, 'c6g.12xlarge_use1-az5': 5, 'c6g.16xlarge_use1-az1': 1, 'c6g.16xlarge_use1-az2': 15, 'c6g.16xlarge_use1-az4': 50, 'c6g.16xlarge_use1-az5': 5, 'c6g.16xlarge_use1-az6': 50, 'c6g.2xlarge_use1-az5': 15, 'c6g.4xlarge_use1-az2': 50, 'c6g.4xlarge_use1-az4': 50, 'c6g.4xlarge_use1-az6': 50, 'c6gd.12xlarge_use1-az2': 50, 'c6gd.12xlarge_use1-az4': 30, 'c6gd.12xlarge_use1-az5': 1, 'c6gd.12xlarge_use1-az6': 50, 'c6gd.16xlarge_use1-az2': 50, 'c6gd.16xlarge_use1-az4': 30, 'c6gd.16xlarge_use1-az6': 50, 'c6gd.2xlarge_use1-az1': 15, 'c6gd.2xlarge_use1-az2': 50, 'c6gd.2xlarge_use1-az4': 50, 'c6gd.2xlarge_use1-az6': 50, 'c6gd.4xlarge_use1-az4': 50, 'c6gd.8xlarge_use1-az2': 45, 'c6gd.8xlarge_use1-az4': 45, 'c6gd.8xlarge_use1-az5': 1, 'c6gd.8xlarge_use1-az6': 50, 'c6i.16xlarge_use1-az5': 10, 'c6i.32xlarge_use1-az6': 40, 'c6id.12xlarge_use1-az6': 5, 'c6id.16xlarge_use1-az5': 1, 'c6id.24xlarge_use1-az4': 5, 'c6id.24xlarge_use1-az6': 10, 'c6id.32xlarge_use1-az4': 10, 'c6id.32xlarge_use1-az5': 1, 'c6id.32xlarge_use1-az6': 5, 'c7a.24xlarge_use1-az1': 1, 'c7a.24xlarge_use1-az2': 1, 'c7a.32xlarge_use1-az1': 1, 'c7a.32xlarge_use1-az2': 1, 'c7a.32xlarge_use1-az6': 15, 'c7a.48xlarge_use1-az1': 1, 'c7a.48xlarge_use1-az2': 1, 'c7a.48xlarge_use1-az5': 1, 'c7a.48xlarge_use1-az6': 20, 'c7a.large_use1-az2': 25, 'c7a.large_use1-az5': 10, 'c7g.12xlarge_use1-az1': 15, 'c7g.12xlarge_use1-az4': 15, 'c7g.12xlarge_use1-az5': 1, 'c7g.12xlarge_use1-az6': 50, 'c7g.16xlarge_use1-az1': 25, 'c7g.16xlarge_use1-az4': 50, 'c7g.16xlarge_use1-az5': 10, 'c7g.16xlarge_use1-az6': 50, 'c7g.2xlarge_use1-az1': 50, 'c7g.2xlarge_use1-az4': 50, 'c7g.2xlarge_use1-az5': 50, 'c7g.2xlarge_use1-az6': 50, 'c7g.4xlarge_use1-az2': 50, 'c7g.4xlarge_use1-az4': 50, 'c7g.4xlarge_use1-az5': 50, 'c7g.4xlarge_use1-az6': 50, 'c7g.8xlarge_use1-az1': 50, 'c7g.8xlarge_use1-az2': 50, 'c7g.8xlarge_use1-az4': 50, 'c7g.8xlarge_use1-az5': 50, 'c7g.8xlarge_use1-az6': 50, 'c7gd.12xlarge_use1-az4': 15, 'c7gd.12xlarge_use1-az5': 15, 'c7gd.12xlarge_use1-az6': 50, 'c7gd.16xlarge_use1-az4': 40, 'c7gd.16xlarge_use1-az5': 1, 'c7gd.16xlarge_use1-az6': 50, 'c7gd.2xlarge_use1-az2': 50, 'c7gd.2xlarge_use1-az4': 50, 'c7gd.2xlarge_use1-az6': 50, 'c7gd.4xlarge_use1-az2': 25, 'c7gd.4xlarge_use1-az4': 50, 'c7gd.4xlarge_use1-az6': 50, 'c7gd.8xlarge_use1-az1': 5, 'c7gd.8xlarge_use1-az2': 15, 'c7gd.8xlarge_use1-az5': 5, 'c7i-flex.large_use1-az2': 50, 'c7i-flex.large_use1-az5': 1, 'c7i-flex.large_use1-az6': 50, 'c7i.48xlarge_use1-az1': 10, 'c7i.48xlarge_use1-az2': 10, 'c7i.48xlarge_use1-az4': 5, 'c7i.48xlarge_use1-az5': 1, 'c7i.48xlarge_use1-az6': 50, 'c7i.8xlarge_use1-az2': 5, 'c7i.large_use1-az1': 45, 'c7i.large_use1-az2': 50, 'c7i.large_use1-az4': 50, 'c7i.large_use1-az5': 5, 'c7i.large_use1-az6': 50, 'c7i.xlarge_use1-az5': 1, 'c8g.12xlarge_use1-az1': 1, 'c8g.12xlarge_use1-az4': 1, 'c8g.12xlarge_use1-az6': 25, 'c8g.16xlarge_use1-az1': 10, 'c8g.16xlarge_use1-az2': 5, 'c8g.16xlarge_use1-az4': 1, 'c8g.16xlarge_use1-az6': 50, 'c8g.24xlarge_use1-az1': 5, 'c8g.24xlarge_use1-az2': 10, 'c8g.24xlarge_use1-az4': 1, 'c8g.24xlarge_use1-az6': 25, 'c8g.2xlarge_use1-az1': 5, 'c8g.2xlarge_use1-az2': 5, 'c8g.2xlarge_use1-az4': 50, 'c8g.2xlarge_use1-az6': 50, 'c8g.48xlarge_use1-az1': 1, 'c8g.48xlarge_use1-az2': 5, 'c8g.48xlarge_use1-az6': 50, 'c8g.4xlarge_use1-az1': 35, 'c8g.4xlarge_use1-az2': 15, 'c8g.4xlarge_use1-az4': 20, 'c8g.4xlarge_use1-az5': 10, 'c8g.4xlarge_use1-az6': 50, 'c8g.8xlarge_use1-az6': 50, 'c8g.large_use1-az4': 5, 'c8g.large_use1-az5': 1, 'c8g.metal-24xl_use1-az2': 1, 'c8g.metal-24xl_use1-az6': 20, 'c8g.metal-48xl_use1-az1': 1, 'c8g.metal-48xl_use1-az2': 1, 'c8g.metal-48xl_use1-az6': 50, 'c8g.xlarge_use1-az2': 30, 'c8g.xlarge_use1-az4': 5, 'c8g.xlarge_use1-az6': 50, 'c8gd.16xlarge_use1-az4': 10, 'c8gd.16xlarge_use1-az6': 50, 'c8gd.24xlarge_use1-az4': 5, 'c8gd.2xlarge_use1-az2': 50, 'c8gd.2xlarge_use1-az4': 50, 'c8gd.2xlarge_use1-az5': 10, 'c8gd.2xlarge_use1-az6': 50, 'c8gd.48xlarge_use1-az6': 15, 'c8gd.4xlarge_use1-az2': 10, 'c8gd.4xlarge_use1-az4': 30, 'c8gd.4xlarge_use1-az6': 50, 'c8gd.metal-24xl_use1-az2': 1, 'c8gd.metal-24xl_use1-az4': 1, 'c8gd.metal-24xl_use1-az5': 1, 'c8gd.metal-24xl_use1-az6': 5, 'c8gd.metal-48xl_use1-az2': 1, 'c8gd.metal-48xl_use1-az6': 1, 'c8i-flex.12xlarge_use1-az6': 1, 'c8i-flex.16xlarge_use1-az6': 1, 'c8i-flex.2xlarge_use1-az2': 25, 'c8i-flex.4xlarge_use1-az2': 5, 'c8i-flex.4xlarge_use1-az4': 1, 'c8i-flex.large_use1-az4': 20, 'c8i-flex.xlarge_use1-az4': 5, 'c8i.2xlarge_use1-az2': 10, 'c8i.2xlarge_use1-az4': 5, 'c8i.96xlarge_use1-az2': 1, 'c8i.metal-48xl_use1-az2': 1, 'c8i.metal-96xl_use1-az6': 5, 'c8i.xlarge_use1-az4': 15, 'f2.12xlarge_use1-az2': 1, 'f2.12xlarge_use1-az6': 1, 'f2.48xlarge_use1-az2': 5, 'f2.48xlarge_use1-az4': 5, 'f2.48xlarge_use1-az6': 1, 'g4ad.16xlarge_use1-az1': 5, 'g4ad.16xlarge_use1-az2': 5, 'g4ad.16xlarge_use1-az4': 5, 'g4ad.16xlarge_use1-az6': 10, 'g4ad.4xlarge_use1-az1': 10, 'g4ad.4xlarge_use1-az2': 15, 'g4ad.4xlarge_use1-az4': 15, 'g4ad.4xlarge_use1-az6': 5, 'g4ad.8xlarge_use1-az1': 1, 'g4ad.8xlarge_use1-az2': 5, 'g4ad.8xlarge_use1-az4': 5, 'g4ad.8xlarge_use1-az6': 5, 'g4dn.12xlarge_use1-az5': 15, 'g4dn.12xlarge_use1-az6': 50, 'g4dn.16xlarge_use1-az1': 1, 'g4dn.16xlarge_use1-az2': 10, 'g4dn.16xlarge_use1-az4': 1, 'g4dn.16xlarge_use1-az5': 5, 'g4dn.16xlarge_use1-az6': 15, 'g4dn.4xlarge_use1-az2': 40, 'g4dn.8xlarge_use1-az1': 1, 'g5.16xlarge_use1-az1': 1, 'g5.16xlarge_use1-az2': 1, 'g5.16xlarge_use1-az4': 5, 'g5.16xlarge_use1-az5': 5, 'g5.16xlarge_use1-az6': 10, 'g5.8xlarge_use1-az2': 5, 'g5.8xlarge_use1-az4': 10, 'g5g.16xlarge_use1-az1': 1, 'g5g.16xlarge_use1-az6': 5, 'g6.16xlarge_use1-az1': 1, 'g6.16xlarge_use1-az2': 1, 'g6.16xlarge_use1-az4': 1, 'g6.16xlarge_use1-az6': 5, 'g6.24xlarge_use1-az2': 1, 'g6.24xlarge_use1-az4': 1, 'g6.24xlarge_use1-az6': 1, 'g6.48xlarge_use1-az2': 5, 'g6.48xlarge_use1-az4': 30, 'g6.48xlarge_use1-az6': 50, 'g6.4xlarge_use1-az1': 5, 'g6.4xlarge_use1-az2': 10, 'g6.4xlarge_use1-az6': 50, 'g6.8xlarge_use1-az1': 5, 'g6.8xlarge_use1-az2': 5, 'g6.8xlarge_use1-az4': 10, 'g6.8xlarge_use1-az6': 15, 'g6e.16xlarge_use1-az4': 40, 'g6e.16xlarge_use1-az6': 20, 'g6f.2xlarge_use1-az1': 1, 'g6f.2xlarge_use1-az4': 1, 'g6f.2xlarge_use1-az6': 5, 'g6f.4xlarge_use1-az1': 1, 'g6f.4xlarge_use1-az4': 1, 'g6f.4xlarge_use1-az6': 1, 'g6f.large_use1-az1': 10, 'g6f.large_use1-az2': 15, 'g6f.large_use1-az4': 40, 'g6f.large_use1-az6': 20, 'g6f.xlarge_use1-az1': 1, 'g6f.xlarge_use1-az2': 1, 'g6f.xlarge_use1-az4': 5, 'g6f.xlarge_use1-az6': 10, 'gr6.8xlarge_use1-az1': 1, 'gr6.8xlarge_use1-az2': 1, 'gr6.8xlarge_use1-az4': 1, 'gr6.8xlarge_use1-az6': 1, 'i3.large_use1-az2': 50, 'i3.large_use1-az3': 50, 'i3.large_use1-az4': 50, 'i3.large_use1-az5': 50, 'i3.large_use1-az6': 50, 'i4g.16xlarge_use1-az6': 50, 'i4i.24xlarge_use1-az2': 1, 'i4i.large_use1-az1': 50, 'i4i.large_use1-az2': 50, 'i4i.large_use1-az4': 50, 'i4i.large_use1-az5': 50, 'i4i.large_use1-az6': 50, 'i4i.xlarge_use1-az2': 50, 'i4i.xlarge_use1-az4': 50, 'i4i.xlarge_use1-az6': 50, 'i7i.24xlarge_use1-az6': 1, 'i7i.2xlarge_use1-az1': 1, 'i7i.2xlarge_use1-az2': 50, 'i7i.2xlarge_use1-az5': 20, 'i7i.2xlarge_use1-az6': 10, 'i7i.4xlarge_use1-az6': 20, 'i7i.metal-24xl_use1-az2': 1, 'i7i.metal-24xl_use1-az4': 50, 'i7i.metal-24xl_use1-az6': 35, 'i7i.xlarge_use1-az6': 20, 'i7ie.large_use1-az4': 50, 'i7ie.large_use1-az6': 50, 'i7ie.metal-24xl_use1-az6': 15, 'i7ie.metal-48xl_use1-az6': 10, 'i8g.12xlarge_use1-az6': 1, 'i8g.24xlarge_use1-az6': 10, 'i8g.2xlarge_use1-az2': 1, 'i8g.4xlarge_use1-az2': 1, 'i8g.8xlarge_use1-az6': 5, 'i8g.large_use1-az2': 10, 'i8g.large_use1-az6': 5, 'i8g.xlarge_use1-az2': 1, 'i8g.xlarge_use1-az4': 1, 'i8g.xlarge_use1-az6': 1, 'i8ge.12xlarge_use1-az4': 1, 'i8ge.12xlarge_use1-az6': 5, 'i8ge.18xlarge_use1-az2': 1, 'i8ge.18xlarge_use1-az4': 1, 'i8ge.18xlarge_use1-az6': 5, 'i8ge.24xlarge_use1-az4': 1, 'i8ge.24xlarge_use1-az6': 5, 'i8ge.48xlarge_use1-az4': 5, 'i8ge.metal-24xl_use1-az4': 1, 'i8ge.metal-48xl_use1-az6': 1, 'i8ge.xlarge_use1-az4': 20, 'inf1.24xlarge_use1-az1': 1, 'inf1.24xlarge_use1-az2': 1, 'inf1.24xlarge_use1-az4': 10, 'inf1.24xlarge_use1-az5': 5, 'inf1.24xlarge_use1-az6': 20, 'inf1.2xlarge_use1-az1': 15, 'inf1.2xlarge_use1-az2': 15, 'inf1.2xlarge_use1-az4': 30, 'inf1.2xlarge_use1-az5': 40, 'inf1.2xlarge_use1-az6': 40, 'inf1.6xlarge_use1-az5': 5, 'inf1.6xlarge_use1-az6': 10, 'inf2.24xlarge_use1-az4': 1, 'inf2.24xlarge_use1-az6': 10, 'inf2.48xlarge_use1-az6': 15, 'inf2.8xlarge_use1-az2': 5, 'inf2.8xlarge_use1-az4': 5, 'inf2.8xlarge_use1-az5': 1, 'inf2.8xlarge_use1-az6': 1, 'is4gen.medium_use1-az6': 30, 'm2.xlarge_use1-az1': 5, 'm2.xlarge_use1-az2': 20, 'm2.xlarge_use1-az4': 20, 'm4.10xlarge_use1-az1': 5, 'm4.10xlarge_use1-az2': 10, 'm4.10xlarge_use1-az3': 1, 'm4.10xlarge_use1-az4': 50, 'm4.10xlarge_use1-az5': 1, 'm4.10xlarge_use1-az6': 50, 'm4.2xlarge_use1-az3': 50, 'm4.4xlarge_use1-az1': 50, 'm4.4xlarge_use1-az3': 50, 'm4.4xlarge_use1-az4': 25, 'm4.4xlarge_use1-az5': 10, 'm4.large_use1-az2': 50, 'm4.large_use1-az5': 10, 'm4.xlarge_use1-az3': 50, 'm4.xlarge_use1-az5': 30, 'm4.xlarge_use1-az6': 50, 'm5.12xlarge_use1-az1': 5, 'm5.12xlarge_use1-az2': 25, 'm5.12xlarge_use1-az4': 50, 'm5.12xlarge_use1-az5': 1, 'm5.12xlarge_use1-az6': 40, 'm5.16xlarge_use1-az1': 10, 'm5.16xlarge_use1-az2': 50, 'm5.16xlarge_use1-az4': 50, 'm5.16xlarge_use1-az5': 1, 'm5.16xlarge_use1-az6': 50, 'm5.24xlarge_use1-az1': 5, 'm5.24xlarge_use1-az2': 5, 'm5.24xlarge_use1-az4': 5, 'm5.24xlarge_use1-az5': 1, 'm5.24xlarge_use1-az6': 35, 'm5.2xlarge_use1-az2': 50, 'm5.2xlarge_use1-az4': 50, 'm5.2xlarge_use1-az6': 50, 'm5.4xlarge_use1-az2': 50, 'm5.8xlarge_use1-az1': 50, 'm5.8xlarge_use1-az2': 40, 'm5.8xlarge_use1-az4': 50, 'm5.8xlarge_use1-az5': 1, 'm5.8xlarge_use1-az6': 50, 'm5.large_use1-az1': 50, 'm5.large_use1-az2': 50, 'm5.large_use1-az4': 50, 'm5.large_use1-az5': 50, 'm5.large_use1-az6': 50, 'm5.xlarge_use1-az1': 50, 'm5.xlarge_use1-az2': 50, 'm5.xlarge_use1-az4': 50, 'm5.xlarge_use1-az5': 50, 'm5.xlarge_use1-az6': 50, 'm5a.12xlarge_use1-az2': 1, 'm5a.12xlarge_use1-az4': 1, 'm5a.16xlarge_use1-az2': 1, 'm5a.16xlarge_use1-az4': 1, 'm5a.16xlarge_use1-az6': 1, 'm5a.24xlarge_use1-az1': 1, 'm5a.24xlarge_use1-az2': 1, 'm5a.24xlarge_use1-az4': 1, 'm5a.24xlarge_use1-az5': 5, 'm5a.24xlarge_use1-az6': 5, 'm5a.2xlarge_use1-az1': 10, 'm5a.large_use1-az2': 50, 'm5d.12xlarge_use1-az2': 25, 'm5d.12xlarge_use1-az4': 30, 'm5d.12xlarge_use1-az6': 15, 'm5d.16xlarge_use1-az6': 50, 'm5d.24xlarge_use1-az2': 15, 'm5d.24xlarge_use1-az4': 5, 'm5d.24xlarge_use1-az6': 50, 'm5d.8xlarge_use1-az5': 1, 'm5dn.24xlarge_use1-az2': 1, 'm5dn.24xlarge_use1-az4': 1, 'm5dn.large_use1-az5': 15, 'm5n.24xlarge_use1-az2': 1, 'm5n.24xlarge_use1-az4': 1, 'm5n.4xlarge_use1-az2': 35, 'm5n.4xlarge_use1-az4': 50, 'm5n.large_use1-az2': 15, 'm5n.large_use1-az5': 5, 'm5n.xlarge_use1-az2': 50, 'm5n.xlarge_use1-az4': 50, 'm5zn.large_use1-az2': 5, 'm5zn.large_use1-az5': 15, 'm6a.12xlarge_use1-az1': 5, 'm6a.12xlarge_use1-az2': 5, 'm6a.12xlarge_use1-az4': 15, 'm6a.12xlarge_use1-az6': 10, 'm6a.16xlarge_use1-az1': 5, 'm6a.16xlarge_use1-az2': 5, 'm6a.16xlarge_use1-az4': 5, 'm6a.16xlarge_use1-az6': 5, 'm6a.24xlarge_use1-az1': 1, 'm6a.24xlarge_use1-az2': 1, 'm6a.24xlarge_use1-az4': 1, 'm6a.24xlarge_use1-az6': 1, 'm6a.2xlarge_use1-az1': 50, 'm6a.2xlarge_use1-az2': 35, 'm6a.2xlarge_use1-az4': 45, 'm6a.2xlarge_use1-az5': 15, 'm6a.2xlarge_use1-az6': 50, 'm6a.32xlarge_use1-az2': 1, 'm6a.32xlarge_use1-az4': 1, 'm6a.32xlarge_use1-az5': 1, 'm6a.32xlarge_use1-az6': 1, 'm6a.48xlarge_use1-az2': 1, 'm6a.48xlarge_use1-az4': 1, 'm6a.48xlarge_use1-az6': 1, 'm6a.4xlarge_use1-az1': 45, 'm6a.4xlarge_use1-az2': 40, 'm6a.4xlarge_use1-az4': 25, 'm6a.4xlarge_use1-az5': 5, 'm6a.4xlarge_use1-az6': 50, 'm6a.8xlarge_use1-az1': 25, 'm6a.8xlarge_use1-az2': 15, 'm6a.8xlarge_use1-az4': 50, 'm6a.8xlarge_use1-az5': 10, 'm6a.8xlarge_use1-az6': 50, 'm6a.large_use1-az1': 50, 'm6a.large_use1-az2': 50, 'm6a.large_use1-az4': 50, 'm6a.large_use1-az5': 30, 'm6a.large_use1-az6': 50, 'm6a.xlarge_use1-az1': 50, 'm6a.xlarge_use1-az2': 50, 'm6a.xlarge_use1-az4': 50, 'm6a.xlarge_use1-az5': 35, 'm6a.xlarge_use1-az6': 50, 'm6g.12xlarge_use1-az1': 1, 'm6g.12xlarge_use1-az2': 5, 'm6g.12xlarge_use1-az4': 50, 'm6g.12xlarge_use1-az6': 50, 'm6g.16xlarge_use1-az1': 1, 'm6g.16xlarge_use1-az2': 5, 'm6g.16xlarge_use1-az4': 25, 'm6g.16xlarge_use1-az6': 50, 'm6g.2xlarge_use1-az1': 15, 'm6g.2xlarge_use1-az2': 50, 'm6g.2xlarge_use1-az4': 50, 'm6g.2xlarge_use1-az5': 5, 'm6g.2xlarge_use1-az6': 50, 'm6g.4xlarge_use1-az2': 50, 'm6g.4xlarge_use1-az4': 50, 'm6g.4xlarge_use1-az5': 10, 'm6g.4xlarge_use1-az6': 50, 'm6g.8xlarge_use1-az2': 50, 'm6g.8xlarge_use1-az4': 50, 'm6g.8xlarge_use1-az6': 50, 'm6g.large_use1-az4': 50, 'm6g.large_use1-az5': 5, 'm6g.large_use1-az6': 50, 'm6g.medium_use1-az1': 5, 'm6g.medium_use1-az2': 5, 'm6g.medium_use1-az4': 10, 'm6g.medium_use1-az5': 1, 'm6g.medium_use1-az6': 15, 'm6g.xlarge_use1-az2': 50, 'm6g.xlarge_use1-az4': 50, 'm6g.xlarge_use1-az5': 50, 'm6g.xlarge_use1-az6': 50, 'm6gd.12xlarge_use1-az1': 10, 'm6gd.12xlarge_use1-az2': 40, 'm6gd.12xlarge_use1-az4': 20, 'm6gd.12xlarge_use1-az5': 5, 'm6gd.12xlarge_use1-az6': 50, 'm6gd.16xlarge_use1-az2': 10, 'm6gd.16xlarge_use1-az4': 10, 'm6gd.16xlarge_use1-az5': 10, 'm6gd.16xlarge_use1-az6': 35, 'm6gd.2xlarge_use1-az2': 50, 'm6gd.2xlarge_use1-az4': 45, 'm6gd.4xlarge_use1-az5': 1, 'm6gd.8xlarge_use1-az1': 5, 'm6gd.8xlarge_use1-az2': 10, 'm6gd.8xlarge_use1-az4': 15, 'm6gd.8xlarge_use1-az5': 1, 'm6gd.8xlarge_use1-az6': 20, 'm6gd.large_use1-az2': 5, 'm6gd.large_use1-az4': 5, 'm6gd.large_use1-az5': 1, 'm6gd.large_use1-az6': 15, 'm6gd.medium_use1-az1': 1, 'm6gd.medium_use1-az2': 1, 'm6gd.medium_use1-az4': 1, 'm6gd.medium_use1-az5': 5, 'm6gd.medium_use1-az6': 1, 'm6gd.xlarge_use1-az5': 1, 'm6i.12xlarge_use1-az1': 1, 'm6i.12xlarge_use1-az2': 10, 'm6i.12xlarge_use1-az4': 50, 'm6i.12xlarge_use1-az5': 1, 'm6i.12xlarge_use1-az6': 30, 'm6i.16xlarge_use1-az2': 10, 'm6i.16xlarge_use1-az6': 10, 'm6i.24xlarge_use1-az2': 10, 'm6i.24xlarge_use1-az4': 5, 'm6i.24xlarge_use1-az5': 1, 'm6i.24xlarge_use1-az6': 50, 'm6i.2xlarge_use1-az1': 25, 'm6i.2xlarge_use1-az2': 50, 'm6i.2xlarge_use1-az4': 50, 'm6i.2xlarge_use1-az5': 25, 'm6i.2xlarge_use1-az6': 50, 'm6i.32xlarge_use1-az2': 1, 'm6i.32xlarge_use1-az4': 5, 'm6i.32xlarge_use1-az5': 1, 'm6i.32xlarge_use1-az6': 15, 'm6i.4xlarge_use1-az2': 50, 'm6i.4xlarge_use1-az4': 50, 'm6i.4xlarge_use1-az5': 50, 'm6i.4xlarge_use1-az6': 50, 'm6i.8xlarge_use1-az1': 1, 'm6i.8xlarge_use1-az2': 50, 'm6i.8xlarge_use1-az4': 50, 'm6i.8xlarge_use1-az5': 20, 'm6i.8xlarge_use1-az6': 50, 'm6i.large_use1-az1': 25, 'm6i.large_use1-az2': 50, 'm6i.large_use1-az4': 50, 'm6i.large_use1-az5': 50, 'm6i.large_use1-az6': 50, 'm6i.xlarge_use1-az1': 45, 'm6i.xlarge_use1-az2': 50, 'm6i.xlarge_use1-az4': 50, 'm6i.xlarge_use1-az5': 25, 'm6i.xlarge_use1-az6': 50, 'm6id.12xlarge_use1-az1': 1, 'm6id.12xlarge_use1-az2': 1, 'm6id.12xlarge_use1-az4': 1, 'm6id.12xlarge_use1-az6': 1, 'm6id.16xlarge_use1-az1': 1, 'm6id.16xlarge_use1-az2': 1, 'm6id.16xlarge_use1-az4': 1, 'm6id.16xlarge_use1-az6': 1, 'm6id.24xlarge_use1-az1': 10, 'm6id.24xlarge_use1-az2': 15, 'm6id.24xlarge_use1-az4': 35, 'm6id.24xlarge_use1-az5': 5, 'm6id.24xlarge_use1-az6': 15, 'm6id.2xlarge_use1-az1': 5, 'm6id.2xlarge_use1-az2': 5, 'm6id.2xlarge_use1-az4': 5, 'm6id.2xlarge_use1-az5': 1, 'm6id.32xlarge_use1-az1': 10, 'm6id.32xlarge_use1-az2': 15, 'm6id.32xlarge_use1-az4': 5, 'm6id.32xlarge_use1-az5': 1, 'm6id.32xlarge_use1-az6': 50, 'm6id.4xlarge_use1-az1': 15, 'm6id.4xlarge_use1-az2': 10, 'm6id.4xlarge_use1-az4': 5, 'm6id.4xlarge_use1-az6': 10, 'm6id.8xlarge_use1-az1': 1, 'm6id.8xlarge_use1-az4': 5, 'm6id.8xlarge_use1-az5': 1, 'm6id.8xlarge_use1-az6': 1, 'm6id.large_use1-az1': 30, 'm6id.large_use1-az2': 35, 'm6id.large_use1-az4': 15, 'm6id.large_use1-az5': 5, 'm6id.large_use1-az6': 50, 'm6id.xlarge_use1-az1': 20, 'm6id.xlarge_use1-az2': 45, 'm6id.xlarge_use1-az4': 15, 'm6id.xlarge_use1-az5': 5, 'm6id.xlarge_use1-az6': 25, 'm6idn.16xlarge_use1-az4': 1, 'm6idn.24xlarge_use1-az1': 1, 'm6idn.24xlarge_use1-az2': 1, 'm6idn.24xlarge_use1-az4': 1, 'm6idn.large_use1-az5': 10, 'm6idn.large_use1-az6': 10, 'm6in.16xlarge_use1-az2': 1, 'm6in.16xlarge_use1-az4': 1, 'm6in.24xlarge_use1-az1': 1, 'm6in.2xlarge_use1-az5': 1, 'm6in.8xlarge_use1-az2': 1, 'm6in.large_use1-az1': 5, 'm6in.large_use1-az2': 10, 'm6in.large_use1-az4': 5, 'm6in.large_use1-az5': 1, 'm6in.large_use1-az6': 1, 'm6in.xlarge_use1-az1': 5, 'm6in.xlarge_use1-az2': 10, 'm6in.xlarge_use1-az4': 1, 'm7a.12xlarge_use1-az2': 1, 'm7a.12xlarge_use1-az6': 20, 'm7a.16xlarge_use1-az2': 1, 'm7a.16xlarge_use1-az6': 40, 'm7a.24xlarge_use1-az2': 1, 'm7a.24xlarge_use1-az6': 50, 'm7a.2xlarge_use1-az1': 5, 'm7a.2xlarge_use1-az2': 15, 'm7a.2xlarge_use1-az4': 10, 'm7a.2xlarge_use1-az6': 50, 'm7a.32xlarge_use1-az6': 20, 'm7a.48xlarge_use1-az6': 40, 'm7a.4xlarge_use1-az1': 10, 'm7a.4xlarge_use1-az2': 5, 'm7a.4xlarge_use1-az4': 10, 'm7a.4xlarge_use1-az6': 25, 'm7a.8xlarge_use1-az1': 1, 'm7a.8xlarge_use1-az2': 5, 'm7a.8xlarge_use1-az4': 1, 'm7a.8xlarge_use1-az6': 50, 'm7a.large_use1-az1': 15, 'm7a.large_use1-az2': 50, 'm7a.large_use1-az4': 50, 'm7a.large_use1-az5': 5, 'm7a.large_use1-az6': 50, 'm7a.medium_use1-az1': 10, 'm7a.medium_use1-az2': 50, 'm7a.medium_use1-az4': 50, 'm7a.medium_use1-az6': 50, 'm7a.xlarge_use1-az1': 5, 'm7a.xlarge_use1-az2': 40, 'm7a.xlarge_use1-az4': 50, 'm7a.xlarge_use1-az6': 50, 'm7g.12xlarge_use1-az1': 1, 'm7g.12xlarge_use1-az2': 10, 'm7g.12xlarge_use1-az4': 45, 'm7g.12xlarge_use1-az5': 1, 'm7g.12xlarge_use1-az6': 50, 'm7g.16xlarge_use1-az1': 1, 'm7g.16xlarge_use1-az2': 30, 'm7g.16xlarge_use1-az4': 35, 'm7g.16xlarge_use1-az5': 1, 'm7g.16xlarge_use1-az6': 50, 'm7g.2xlarge_use1-az1': 35, 'm7g.2xlarge_use1-az2': 50, 'm7g.2xlarge_use1-az4': 50, 'm7g.2xlarge_use1-az5': 15, 'm7g.2xlarge_use1-az6': 50, 'm7g.4xlarge_use1-az1': 10, 'm7g.4xlarge_use1-az2': 30, 'm7g.4xlarge_use1-az4': 50, 'm7g.4xlarge_use1-az5': 10, 'm7g.4xlarge_use1-az6': 50, 'm7g.8xlarge_use1-az1': 1, 'm7g.8xlarge_use1-az2': 15, 'm7g.8xlarge_use1-az4': 40, 'm7g.8xlarge_use1-az5': 1, 'm7g.8xlarge_use1-az6': 50, 'm7g.large_use1-az2': 50, 'm7g.large_use1-az4': 50, 'm7g.large_use1-az5': 30, 'm7g.large_use1-az6': 50, 'm7g.medium_use1-az1': 30, 'm7g.medium_use1-az2': 40, 'm7g.medium_use1-az4': 50, 'm7g.medium_use1-az5': 35, 'm7g.medium_use1-az6': 50, 'm7g.metal_use1-az1': 1, 'm7g.metal_use1-az2': 25, 'm7g.metal_use1-az4': 10, 'm7g.metal_use1-az5': 1, 'm7g.metal_use1-az6': 50, 'm7g.xlarge_use1-az1': 50, 'm7g.xlarge_use1-az2': 50, 'm7g.xlarge_use1-az4': 50, 'm7g.xlarge_use1-az5': 50, 'm7g.xlarge_use1-az6': 50, 'm7gd.12xlarge_use1-az1': 5, 'm7gd.12xlarge_use1-az2': 10, 'm7gd.12xlarge_use1-az4': 1, 'm7gd.12xlarge_use1-az6': 35, 'm7gd.16xlarge_use1-az1': 1, 'm7gd.16xlarge_use1-az2': 30, 'm7gd.16xlarge_use1-az4': 1, 'm7gd.16xlarge_use1-az6': 40, 'm7gd.2xlarge_use1-az1': 15, 'm7gd.2xlarge_use1-az2': 50, 'm7gd.2xlarge_use1-az4': 15, 'm7gd.2xlarge_use1-az6': 25, 'm7gd.4xlarge_use1-az1': 5, 'm7gd.4xlarge_use1-az2': 10, 'm7gd.4xlarge_use1-az6': 40, 'm7gd.8xlarge_use1-az1': 10, 'm7gd.8xlarge_use1-az2': 50, 'm7gd.8xlarge_use1-az4': 30, 'm7gd.8xlarge_use1-az5': 45, 'm7gd.8xlarge_use1-az6': 50, 'm7gd.large_use1-az1': 5, 'm7gd.large_use1-az2': 50, 'm7gd.large_use1-az4': 5, 'm7gd.large_use1-az6': 50, 'm7gd.medium_use1-az1': 15, 'm7gd.medium_use1-az2': 20, 'm7gd.medium_use1-az4': 15, 'm7gd.medium_use1-az5': 20, 'm7gd.medium_use1-az6': 25, 'm7gd.metal_use1-az1': 5, 'm7gd.metal_use1-az2': 15, 'm7gd.metal_use1-az4': 1, 'm7gd.metal_use1-az6': 15, 'm7gd.xlarge_use1-az1': 5, 'm7gd.xlarge_use1-az2': 10, 'm7gd.xlarge_use1-az4': 10, 'm7gd.xlarge_use1-az5': 1, 'm7i-flex.2xlarge_use1-az1': 50, 'm7i-flex.2xlarge_use1-az2': 50, 'm7i-flex.2xlarge_use1-az4': 15, 'm7i-flex.2xlarge_use1-az5': 10, 'm7i-flex.2xlarge_use1-az6': 50, 'm7i-flex.4xlarge_use1-az2': 5, 'm7i-flex.4xlarge_use1-az4': 5, 'm7i-flex.4xlarge_use1-az6': 25, 'm7i-flex.8xlarge_use1-az1': 1, 'm7i-flex.8xlarge_use1-az2': 5, 'm7i-flex.8xlarge_use1-az4': 5, 'm7i-flex.8xlarge_use1-az5': 1, 'm7i-flex.8xlarge_use1-az6': 10, 'm7i-flex.large_use1-az1': 20, 'm7i-flex.large_use1-az2': 50, 'm7i-flex.large_use1-az4': 25, 'm7i-flex.large_use1-az5': 25, 'm7i-flex.large_use1-az6': 50, 'm7i-flex.xlarge_use1-az1': 50, 'm7i-flex.xlarge_use1-az2': 50, 'm7i-flex.xlarge_use1-az4': 50, 'm7i-flex.xlarge_use1-az5': 15, 'm7i-flex.xlarge_use1-az6': 50, 'm7i.12xlarge_use1-az1': 1, 'm7i.12xlarge_use1-az2': 5, 'm7i.12xlarge_use1-az4': 15, 'm7i.12xlarge_use1-az6': 50, 'm7i.16xlarge_use1-az1': 5, 'm7i.16xlarge_use1-az2': 10, 'm7i.16xlarge_use1-az4': 10, 'm7i.16xlarge_use1-az6': 50, 'm7i.24xlarge_use1-az2': 5, 'm7i.24xlarge_use1-az4': 5, 'm7i.24xlarge_use1-az6': 50, 'm7i.2xlarge_use1-az1': 1, 'm7i.2xlarge_use1-az2': 50, 'm7i.2xlarge_use1-az4': 50, 'm7i.2xlarge_use1-az6': 50, 'm7i.48xlarge_use1-az1': 1, 'm7i.48xlarge_use1-az2': 5, 'm7i.48xlarge_use1-az4': 20, 'm7i.48xlarge_use1-az6': 50, 'm7i.4xlarge_use1-az1': 1, 'm7i.4xlarge_use1-az2': 25, 'm7i.4xlarge_use1-az4': 10, 'm7i.4xlarge_use1-az6': 50, 'm7i.8xlarge_use1-az2': 20, 'm7i.8xlarge_use1-az4': 50, 'm7i.8xlarge_use1-az6': 50, 'm7i.large_use1-az1': 50, 'm7i.large_use1-az2': 50, 'm7i.large_use1-az4': 50, 'm7i.large_use1-az5': 1, 'm7i.large_use1-az6': 50, 'm7i.xlarge_use1-az1': 30, 'm7i.xlarge_use1-az2': 35, 'm7i.xlarge_use1-az4': 50, 'm7i.xlarge_use1-az6': 50, 'm8g.12xlarge_use1-az2': 10, 'm8g.12xlarge_use1-az4': 10, 'm8g.12xlarge_use1-az5': 1, 'm8g.12xlarge_use1-az6': 35, 'm8g.16xlarge_use1-az2': 5, 'm8g.16xlarge_use1-az4': 5, 'm8g.16xlarge_use1-az5': 5, 'm8g.16xlarge_use1-az6': 45, 'm8g.24xlarge_use1-az2': 5, 'm8g.24xlarge_use1-az4': 1, 'm8g.24xlarge_use1-az5': 1, 'm8g.24xlarge_use1-az6': 25, 'm8g.2xlarge_use1-az4': 10, 'm8g.2xlarge_use1-az5': 10, 'm8g.48xlarge_use1-az2': 5, 'm8g.48xlarge_use1-az4': 5, 'm8g.48xlarge_use1-az6': 20, 'm8g.4xlarge_use1-az2': 5, 'm8g.4xlarge_use1-az4': 5, 'm8g.4xlarge_use1-az5': 1, 'm8g.4xlarge_use1-az6': 40, 'm8g.8xlarge_use1-az2': 10, 'm8g.8xlarge_use1-az4': 20, 'm8g.8xlarge_use1-az5': 1, 'm8g.8xlarge_use1-az6': 40, 'm8g.large_use1-az1': 1, 'm8g.large_use1-az2': 20, 'm8g.large_use1-az6': 45, 'm8g.medium_use1-az1': 1, 'm8g.medium_use1-az2': 15, 'm8g.metal-48xl_use1-az2': 5, 'm8g.metal-48xl_use1-az6': 25, 'm8g.xlarge_use1-az1': 1, 'm8g.xlarge_use1-az5': 15, 'm8g.xlarge_use1-az6': 50, 'm8gd.16xlarge_use1-az5': 1, 'm8gd.4xlarge_use1-az2': 5, 'm8gd.4xlarge_use1-az6': 1, 'm8gd.8xlarge_use1-az5': 1, 'm8gd.8xlarge_use1-az6': 5, 'm8gd.large_use1-az1': 20, 'm8gd.large_use1-az2': 15, 'm8gd.large_use1-az5': 1, 'm8gd.large_use1-az6': 1, 'm8gd.medium_use1-az6': 1, 'm8gd.xlarge_use1-az1': 1, 'm8gd.xlarge_use1-az5': 1, 'm8i-flex.16xlarge_use1-az6': 5, 'm8i-flex.2xlarge_use1-az2': 10, 'm8i-flex.2xlarge_use1-az4': 1, 'm8i-flex.2xlarge_use1-az6': 50, 'm8i-flex.4xlarge_use1-az4': 1, 'm8i-flex.4xlarge_use1-az6': 5, 'm8i-flex.8xlarge_use1-az6': 1, 'm8i-flex.large_use1-az2': 5, 'm8i-flex.xlarge_use1-az2': 10, 'm8i-flex.xlarge_use1-az4': 25, 'm8i-flex.xlarge_use1-az6': 50, 'm8i.12xlarge_use1-az6': 1, 'm8i.16xlarge_use1-az4': 1, 'm8i.16xlarge_use1-az6': 1, 'm8i.24xlarge_use1-az6': 1, 'm8i.2xlarge_use1-az2': 10, 'm8i.2xlarge_use1-az4': 1, 'm8i.2xlarge_use1-az6': 10, 'm8i.32xlarge_use1-az2': 1, 'm8i.32xlarge_use1-az6': 5, 'm8i.48xlarge_use1-az2': 1, 'm8i.48xlarge_use1-az6': 5, 'm8i.4xlarge_use1-az2': 5, 'm8i.4xlarge_use1-az4': 1, 'm8i.4xlarge_use1-az6': 5, 'm8i.8xlarge_use1-az2': 1, 'm8i.8xlarge_use1-az4': 1, 'm8i.8xlarge_use1-az6': 20, 'm8i.96xlarge_use1-az6': 1, 'm8i.large_use1-az4': 25, 'm8i.metal-48xl_use1-az6': 1, 'm8i.metal-96xl_use1-az6': 1, 'm8i.xlarge_use1-az2': 30, 'm8i.xlarge_use1-az4': 10, 'r4.16xlarge_use1-az2': 10, 'r4.16xlarge_use1-az6': 10, 'r4.8xlarge_use1-az1': 50, 'r4.8xlarge_use1-az2': 50, 'r4.8xlarge_use1-az4': 50, 'r4.8xlarge_use1-az6': 50, 'r5.12xlarge_use1-az1': 5, 'r5.12xlarge_use1-az2': 5, 'r5.12xlarge_use1-az6': 5, 'r5.16xlarge_use1-az1': 5, 'r5.16xlarge_use1-az4': 35, 'r5.16xlarge_use1-az5': 30, 'r5.16xlarge_use1-az6': 5, 'r5.24xlarge_use1-az4': 15, 'r5.24xlarge_use1-az5': 5, 'r5.24xlarge_use1-az6': 5, 'r5.4xlarge_use1-az2': 50, 'r5.4xlarge_use1-az4': 50, 'r5.4xlarge_use1-az5': 5, 'r5.4xlarge_use1-az6': 50, 'r5.8xlarge_use1-az1': 50, 'r5.8xlarge_use1-az2': 50, 'r5.8xlarge_use1-az4': 50, 'r5.8xlarge_use1-az5': 5, 'r5.8xlarge_use1-az6': 5, 'r5.large_use1-az6': 50, 'r5.xlarge_use1-az1': 50, 'r5.xlarge_use1-az2': 50, 'r5.xlarge_use1-az4': 50, 'r5.xlarge_use1-az5': 50, 'r5.xlarge_use1-az6': 50, 'r5a.16xlarge_use1-az2': 10, 'r5a.16xlarge_use1-az4': 10, 'r5a.16xlarge_use1-az5': 5, 'r5a.24xlarge_use1-az2': 15, 'r5a.24xlarge_use1-az4': 10, 'r5a.8xlarge_use1-az5': 30, 'r5d.16xlarge_use1-az1': 5, 'r5d.16xlarge_use1-az2': 50, 'r5d.16xlarge_use1-az4': 50, 'r5d.16xlarge_use1-az6': 50, 'r5d.24xlarge_use1-az6': 10, 'r5dn.16xlarge_use1-az4': 15, 'r5dn.16xlarge_use1-az5': 10, 'r5dn.16xlarge_use1-az6': 30, 'r5dn.24xlarge_use1-az6': 25, 'r5dn.large_use1-az5': 50, 'r5n.16xlarge_use1-az2': 10, 'r5n.16xlarge_use1-az4': 35, 'r5n.16xlarge_use1-az5': 1, 'r5n.16xlarge_use1-az6': 20, 'r5n.8xlarge_use1-az4': 35, 'r5n.large_use1-az5': 10, 'r6a.12xlarge_use1-az1': 1, 'r6a.12xlarge_use1-az2': 10, 'r6a.12xlarge_use1-az4': 5, 'r6a.12xlarge_use1-az6': 10, 'r6a.16xlarge_use1-az1': 5, 'r6a.16xlarge_use1-az2': 15, 'r6a.16xlarge_use1-az4': 30, 'r6a.16xlarge_use1-az5': 15, 'r6a.16xlarge_use1-az6': 40, 'r6a.24xlarge_use1-az2': 5, 'r6a.24xlarge_use1-az4': 1, 'r6a.24xlarge_use1-az5': 1, 'r6a.24xlarge_use1-az6': 5, 'r6a.2xlarge_use1-az1': 50, 'r6a.2xlarge_use1-az2': 50, 'r6a.2xlarge_use1-az4': 40, 'r6a.2xlarge_use1-az5': 1, 'r6a.2xlarge_use1-az6': 50, 'r6a.32xlarge_use1-az2': 5, 'r6a.32xlarge_use1-az4': 5, 'r6a.32xlarge_use1-az5': 5, 'r6a.32xlarge_use1-az6': 5, 'r6a.48xlarge_use1-az2': 5, 'r6a.48xlarge_use1-az4': 5, 'r6a.48xlarge_use1-az5': 5, 'r6a.48xlarge_use1-az6': 1, 'r6a.4xlarge_use1-az1': 50, 'r6a.4xlarge_use1-az2': 50, 'r6a.4xlarge_use1-az4': 50, 'r6a.4xlarge_use1-az6': 50, 'r6a.8xlarge_use1-az1': 20, 'r6a.8xlarge_use1-az2': 50, 'r6a.8xlarge_use1-az4': 50, 'r6a.8xlarge_use1-az5': 50, 'r6a.8xlarge_use1-az6': 50, 'r6a.large_use1-az1': 50, 'r6a.large_use1-az2': 50, 'r6a.large_use1-az4': 50, 'r6a.large_use1-az5': 50, 'r6a.large_use1-az6': 50, 'r6a.xlarge_use1-az1': 50, 'r6a.xlarge_use1-az2': 50, 'r6a.xlarge_use1-az4': 50, 'r6a.xlarge_use1-az5': 50, 'r6a.xlarge_use1-az6': 50, 'r6g.12xlarge_use1-az2': 50, 'r6g.12xlarge_use1-az4': 45, 'r6g.12xlarge_use1-az5': 10, 'r6g.12xlarge_use1-az6': 50, 'r6g.16xlarge_use1-az2': 50, 'r6g.16xlarge_use1-az4': 50, 'r6g.16xlarge_use1-az5': 50, 'r6g.16xlarge_use1-az6': 50, 'r6g.2xlarge_use1-az5': 10, 'r6g.2xlarge_use1-az6': 50, 'r6g.4xlarge_use1-az1': 10, 'r6g.4xlarge_use1-az2': 50, 'r6g.4xlarge_use1-az4': 50, 'r6g.4xlarge_use1-az5': 50, 'r6g.4xlarge_use1-az6': 50, 'r6g.8xlarge_use1-az2': 10, 'r6g.8xlarge_use1-az4': 50, 'r6g.8xlarge_use1-az5': 50, 'r6g.8xlarge_use1-az6': 50, 'r6g.large_use1-az2': 40, 'r6g.large_use1-az4': 50, 'r6g.large_use1-az6': 50, 'r6g.medium_use1-az1': 1, 'r6g.medium_use1-az2': 10, 'r6g.medium_use1-az4': 15, 'r6g.medium_use1-az5': 15, 'r6g.medium_use1-az6': 35, 'r6g.xlarge_use1-az5': 50, 'r6g.xlarge_use1-az6': 50, 'r6gd.12xlarge_use1-az2': 5, 'r6gd.12xlarge_use1-az4': 10, 'r6gd.12xlarge_use1-az5': 1, 'r6gd.12xlarge_use1-az6': 10, 'r6gd.16xlarge_use1-az4': 50, 'r6gd.16xlarge_use1-az5': 1, 'r6gd.16xlarge_use1-az6': 45, 'r6gd.8xlarge_use1-az2': 10, 'r6gd.8xlarge_use1-az4': 20, 'r6gd.8xlarge_use1-az5': 1, 'r6gd.8xlarge_use1-az6': 30, 'r6gd.large_use1-az2': 50, 'r6gd.large_use1-az4': 50, 'r6gd.large_use1-az5': 50, 'r6gd.large_use1-az6': 50, 'r6gd.medium_use1-az1': 5, 'r6gd.medium_use1-az2': 1, 'r6gd.medium_use1-az4': 5, 'r6gd.medium_use1-az5': 5, 'r6gd.medium_use1-az6': 1, 'r6i.12xlarge_use1-az1': 5, 'r6i.12xlarge_use1-az2': 5, 'r6i.12xlarge_use1-az4': 5, 'r6i.12xlarge_use1-az5': 1, 'r6i.12xlarge_use1-az6': 10, 'r6i.16xlarge_use1-az1': 1, 'r6i.16xlarge_use1-az2': 1, 'r6i.16xlarge_use1-az4': 10, 'r6i.16xlarge_use1-az5': 10, 'r6i.16xlarge_use1-az6': 1, 'r6i.24xlarge_use1-az4': 10, 'r6i.24xlarge_use1-az5': 1, 'r6i.24xlarge_use1-az6': 5, 'r6i.2xlarge_use1-az6': 50, 'r6i.32xlarge_use1-az4': 1, 'r6i.32xlarge_use1-az5': 1, 'r6i.32xlarge_use1-az6': 1, 'r6i.4xlarge_use1-az1': 30, 'r6i.4xlarge_use1-az2': 20, 'r6i.4xlarge_use1-az4': 20, 'r6i.4xlarge_use1-az5': 10, 'r6i.4xlarge_use1-az6': 40, 'r6i.8xlarge_use1-az1': 5, 'r6i.8xlarge_use1-az2': 10, 'r6i.8xlarge_use1-az4': 10, 'r6i.8xlarge_use1-az5': 5, 'r6i.8xlarge_use1-az6': 10, 'r6i.large_use1-az2': 50, 'r6i.large_use1-az4': 50, 'r6i.large_use1-az5': 20, 'r6i.large_use1-az6': 50, 'r6i.xlarge_use1-az1': 15, 'r6i.xlarge_use1-az5': 10, 'r6i.xlarge_use1-az6': 50, 'r6id.16xlarge_use1-az1': 5, 'r6id.16xlarge_use1-az4': 15, 'r6id.16xlarge_use1-az5': 1, 'r6id.16xlarge_use1-az6': 20, 'r6id.24xlarge_use1-az1': 10, 'r6id.24xlarge_use1-az4': 5, 'r6id.24xlarge_use1-az6': 25, 'r6id.2xlarge_use1-az5': 1, 'r6id.32xlarge_use1-az1': 1, 'r6id.32xlarge_use1-az2': 5, 'r6id.32xlarge_use1-az6': 10, 'r6id.large_use1-az4': 5, 'r6idn.16xlarge_use1-az5': 1, 'r6idn.16xlarge_use1-az6': 1, 'r6idn.24xlarge_use1-az6': 1, 'r6idn.large_use1-az2': 1, 'r6idn.large_use1-az4': 5, 'r6idn.large_use1-az5': 5, 'r6in.16xlarge_use1-az4': 1, 'r6in.16xlarge_use1-az5': 1, 'r6in.16xlarge_use1-az6': 5, 'r6in.8xlarge_use1-az6': 5, 'r6in.large_use1-az1': 45, 'r6in.large_use1-az2': 50, 'r6in.large_use1-az4': 50, 'r6in.large_use1-az5': 40, 'r6in.large_use1-az6': 50, 'r7a.12xlarge_use1-az1': 1, 'r7a.12xlarge_use1-az2': 1, 'r7a.12xlarge_use1-az4': 5, 'r7a.12xlarge_use1-az6': 20, 'r7a.16xlarge_use1-az2': 15, 'r7a.16xlarge_use1-az4': 30, 'r7a.16xlarge_use1-az6': 50, 'r7a.24xlarge_use1-az2': 10, 'r7a.24xlarge_use1-az4': 10, 'r7a.24xlarge_use1-az6': 35, 'r7a.2xlarge_use1-az1': 1, 'r7a.2xlarge_use1-az2': 5, 'r7a.2xlarge_use1-az6': 1, 'r7a.32xlarge_use1-az2': 1, 'r7a.32xlarge_use1-az4': 1, 'r7a.32xlarge_use1-az6': 50, 'r7a.48xlarge_use1-az2': 5, 'r7a.48xlarge_use1-az4': 5, 'r7a.48xlarge_use1-az6': 50, 'r7a.4xlarge_use1-az1': 5, 'r7a.4xlarge_use1-az2': 25, 'r7a.4xlarge_use1-az4': 50, 'r7a.4xlarge_use1-az6': 50, 'r7a.8xlarge_use1-az1': 5, 'r7a.8xlarge_use1-az2': 20, 'r7a.8xlarge_use1-az4': 50, 'r7a.8xlarge_use1-az6': 50, 'r7a.large_use1-az2': 50, 'r7a.large_use1-az6': 50, 'r7a.medium_use1-az1': 10, 'r7a.medium_use1-az2': 25, 'r7a.medium_use1-az6': 50, 'r7a.xlarge_use1-az2': 50, 'r7a.xlarge_use1-az4': 50, 'r7a.xlarge_use1-az6': 25, 'r7g.12xlarge_use1-az1': 1, 'r7g.12xlarge_use1-az2': 5, 'r7g.12xlarge_use1-az4': 50, 'r7g.12xlarge_use1-az5': 1, 'r7g.12xlarge_use1-az6': 5, 'r7g.16xlarge_use1-az1': 5, 'r7g.16xlarge_use1-az2': 30, 'r7g.16xlarge_use1-az4': 50, 'r7g.16xlarge_use1-az5': 5, 'r7g.16xlarge_use1-az6': 50, 'r7g.2xlarge_use1-az1': 5, 'r7g.2xlarge_use1-az2': 10, 'r7g.2xlarge_use1-az5': 5, 'r7g.2xlarge_use1-az6': 15, 'r7g.4xlarge_use1-az2': 5, 'r7g.4xlarge_use1-az4': 50, 'r7g.4xlarge_use1-az5': 5, 'r7g.4xlarge_use1-az6': 15, 'r7g.8xlarge_use1-az1': 1, 'r7g.8xlarge_use1-az2': 50, 'r7g.8xlarge_use1-az4': 50, 'r7g.8xlarge_use1-az5': 50, 'r7g.8xlarge_use1-az6': 50, 'r7g.large_use1-az1': 20, 'r7g.large_use1-az2': 50, 'r7g.large_use1-az4': 50, 'r7g.large_use1-az5': 40, 'r7g.large_use1-az6': 40, 'r7g.medium_use1-az1': 50, 'r7g.medium_use1-az2': 50, 'r7g.medium_use1-az4': 50, 'r7g.medium_use1-az5': 25, 'r7g.medium_use1-az6': 50, 'r7g.xlarge_use1-az1': 50, 'r7g.xlarge_use1-az2': 50, 'r7g.xlarge_use1-az4': 50, 'r7g.xlarge_use1-az5': 10, 'r7g.xlarge_use1-az6': 50, 'r7gd.12xlarge_use1-az2': 10, 'r7gd.12xlarge_use1-az4': 35, 'r7gd.12xlarge_use1-az5': 10, 'r7gd.12xlarge_use1-az6': 50, 'r7gd.16xlarge_use1-az1': 5, 'r7gd.16xlarge_use1-az2': 50, 'r7gd.16xlarge_use1-az4': 50, 'r7gd.16xlarge_use1-az5': 50, 'r7gd.16xlarge_use1-az6': 50, 'r7gd.2xlarge_use1-az5': 40, 'r7gd.4xlarge_use1-az2': 20, 'r7gd.8xlarge_use1-az4': 30, 'r7gd.8xlarge_use1-az5': 20, 'r7gd.8xlarge_use1-az6': 50, 'r7gd.large_use1-az2': 10, 'r7gd.large_use1-az4': 50, 'r7gd.large_use1-az5': 15, 'r7gd.large_use1-az6': 35, 'r7gd.medium_use1-az1': 35, 'r7gd.medium_use1-az2': 15, 'r7gd.medium_use1-az4': 25, 'r7gd.medium_use1-az5': 15, 'r7gd.medium_use1-az6': 20, 'r7gd.xlarge_use1-az4': 25, 'r7gd.xlarge_use1-az5': 10, 'r7gd.xlarge_use1-az6': 50, 'r7i.12xlarge_use1-az4': 1, 'r7i.12xlarge_use1-az6': 10, 'r7i.16xlarge_use1-az1': 5, 'r7i.16xlarge_use1-az2': 15, 'r7i.16xlarge_use1-az4': 45, 'r7i.16xlarge_use1-az5': 5, 'r7i.16xlarge_use1-az6': 50, 'r7i.24xlarge_use1-az1': 1, 'r7i.24xlarge_use1-az2': 1, 'r7i.24xlarge_use1-az4': 5, 'r7i.24xlarge_use1-az5': 5, 'r7i.24xlarge_use1-az6': 5, 'r7i.2xlarge_use1-az2': 5, 'r7i.2xlarge_use1-az4': 10, 'r7i.2xlarge_use1-az5': 5, 'r7i.2xlarge_use1-az6': 50, 'r7i.48xlarge_use1-az2': 1, 'r7i.48xlarge_use1-az4': 5, 'r7i.48xlarge_use1-az5': 1, 'r7i.48xlarge_use1-az6': 5, 'r7i.4xlarge_use1-az1': 5, 'r7i.4xlarge_use1-az2': 20, 'r7i.4xlarge_use1-az4': 10, 'r7i.4xlarge_use1-az5': 1, 'r7i.4xlarge_use1-az6': 50, 'r7i.8xlarge_use1-az1': 5, 'r7i.8xlarge_use1-az2': 25, 'r7i.8xlarge_use1-az4': 25, 'r7i.8xlarge_use1-az5': 5, 'r7i.8xlarge_use1-az6': 50, 'r7i.large_use1-az1': 15, 'r7i.large_use1-az2': 50, 'r7i.large_use1-az4': 50, 'r7i.large_use1-az5': 15, 'r7i.large_use1-az6': 50, 'r7i.xlarge_use1-az1': 5, 'r7i.xlarge_use1-az2': 15, 'r7i.xlarge_use1-az4': 10, 'r7i.xlarge_use1-az5': 15, 'r7i.xlarge_use1-az6': 50, 'r8g.12xlarge_use1-az2': 5, 'r8g.12xlarge_use1-az4': 5, 'r8g.12xlarge_use1-az6': 15, 'r8g.16xlarge_use1-az1': 1, 'r8g.16xlarge_use1-az2': 50, 'r8g.16xlarge_use1-az4': 50, 'r8g.16xlarge_use1-az5': 5, 'r8g.16xlarge_use1-az6': 50, 'r8g.24xlarge_use1-az2': 10, 'r8g.24xlarge_use1-az4': 5, 'r8g.24xlarge_use1-az5': 5, 'r8g.24xlarge_use1-az6': 35, 'r8g.2xlarge_use1-az2': 5, 'r8g.2xlarge_use1-az4': 5, 'r8g.2xlarge_use1-az5': 1, 'r8g.2xlarge_use1-az6': 5, 'r8g.48xlarge_use1-az2': 1, 'r8g.48xlarge_use1-az4': 5, 'r8g.48xlarge_use1-az6': 5, 'r8g.4xlarge_use1-az2': 10, 'r8g.4xlarge_use1-az4': 35, 'r8g.4xlarge_use1-az5': 5, 'r8g.4xlarge_use1-az6': 50, 'r8g.8xlarge_use1-az2': 40, 'r8g.8xlarge_use1-az4': 15, 'r8g.8xlarge_use1-az5': 1, 'r8g.8xlarge_use1-az6': 50, 'r8g.large_use1-az1': 5, 'r8g.large_use1-az2': 30, 'r8g.large_use1-az4': 15, 'r8g.large_use1-az5': 10, 'r8g.large_use1-az6': 20, 'r8g.medium_use1-az1': 15, 'r8g.medium_use1-az2': 30, 'r8g.medium_use1-az4': 20, 'r8g.medium_use1-az5': 5, 'r8g.medium_use1-az6': 15, 'r8g.xlarge_use1-az1': 1, 'r8g.xlarge_use1-az2': 10, 'r8g.xlarge_use1-az4': 5, 'r8g.xlarge_use1-az5': 5, 'r8g.xlarge_use1-az6': 10, 'r8gb.24xlarge_use1-az6': 1, 'r8gb.medium_use1-az2': 50, 'r8gb.metal-24xl_use1-az6': 1, 'r8gd.12xlarge_use1-az5': 1, 'r8gd.12xlarge_use1-az6': 1, 'r8gd.16xlarge_use1-az4': 1, 'r8gd.16xlarge_use1-az5': 1, 'r8gd.24xlarge_use1-az2': 1, 'r8gd.24xlarge_use1-az5': 1, 'r8gd.24xlarge_use1-az6': 25, 'r8gd.2xlarge_use1-az6': 50, 'r8gd.48xlarge_use1-az6': 50, 'r8gd.4xlarge_use1-az5': 1, 'r8gd.8xlarge_use1-az5': 1, 'r8gd.8xlarge_use1-az6': 1, 'r8gd.large_use1-az2': 50, 'r8gd.large_use1-az5': 1, 'r8gd.large_use1-az6': 50, 'r8gd.medium_use1-az1': 5, 'r8gd.medium_use1-az2': 5, 'r8gd.medium_use1-az4': 5, 'r8gd.medium_use1-az5': 10, 'r8gd.metal-24xl_use1-az6': 1, 'r8gd.metal-48xl_use1-az6': 1, 'r8gd.xlarge_use1-az2': 25, 'r8gd.xlarge_use1-az4': 1, 'r8gd.xlarge_use1-az5': 50, 'r8gd.xlarge_use1-az6': 40, 'r8gn.24xlarge_use1-az2': 1, 'r8gn.48xlarge_use1-az6': 1, 'r8gn.medium_use1-az2': 35, 'r8gn.medium_use1-az4': 40, 'r8gn.metal-24xl_use1-az2': 1, 'r8gn.metal-24xl_use1-az6': 1, 'r8gn.xlarge_use1-az6': 10, 'r8i-flex.2xlarge_use1-az2': 1, 'r8i-flex.2xlarge_use1-az6': 5, 'r8i-flex.4xlarge_use1-az2': 1, 'r8i-flex.4xlarge_use1-az6': 1, 'r8i-flex.large_use1-az2': 1, 'r8i-flex.large_use1-az6': 5, 'r8i-flex.xlarge_use1-az2': 5, 'r8i-flex.xlarge_use1-az6': 1, 'r8i.12xlarge_use1-az2': 1, 'r8i.12xlarge_use1-az6': 1, 'r8i.16xlarge_use1-az2': 1, 'r8i.16xlarge_use1-az6': 1, 'r8i.24xlarge_use1-az6': 1, 'r8i.2xlarge_use1-az2': 5, 'r8i.2xlarge_use1-az6': 5, 'r8i.32xlarge_use1-az2': 1, 'r8i.32xlarge_use1-az6': 1, 'r8i.48xlarge_use1-az2': 1, 'r8i.48xlarge_use1-az6': 1, 'r8i.4xlarge_use1-az2': 1, 'r8i.4xlarge_use1-az6': 5, 'r8i.8xlarge_use1-az6': 5, 'r8i.96xlarge_use1-az2': 1, 'r8i.96xlarge_use1-az6': 1, 'r8i.large_use1-az2': 20, 'r8i.large_use1-az6': 20, 'r8i.xlarge_use1-az2': 5, 'r8i.xlarge_use1-az6': 5, 't2.2xlarge_use1-az1': 50, 't2.2xlarge_use1-az2': 50, 't2.2xlarge_use1-az3': 15, 't2.2xlarge_use1-az4': 50, 't2.2xlarge_use1-az5': 50, 't2.2xlarge_use1-az6': 50, 't2.large_use1-az1': 20, 't2.large_use1-az2': 50, 't2.large_use1-az3': 50, 't2.large_use1-az4': 50, 't2.large_use1-az5': 25, 't2.large_use1-az6': 50, 't2.medium_use1-az1': 50, 't2.medium_use1-az2': 50, 't2.medium_use1-az3': 50, 't2.medium_use1-az4': 50, 't2.medium_use1-az5': 50, 't2.medium_use1-az6': 50, 't2.xlarge_use1-az1': 35, 't2.xlarge_use1-az2': 50, 't2.xlarge_use1-az3': 20, 't2.xlarge_use1-az4': 50, 't2.xlarge_use1-az5': 5, 't2.xlarge_use1-az6': 50, 't3.2xlarge_use1-az1': 50, 't3.2xlarge_use1-az2': 50, 't3.2xlarge_use1-az4': 50, 't3.2xlarge_use1-az5': 50, 't3.2xlarge_use1-az6': 50, 't3.large_use1-az1': 50, 't3.large_use1-az2': 50, 't3.large_use1-az4': 50, 't3.large_use1-az5': 50, 't3.large_use1-az6': 50, 't3.medium_use1-az1': 50, 't3.medium_use1-az2': 50, 't3.medium_use1-az4': 50, 't3.medium_use1-az5': 50, 't3.medium_use1-az6': 50, 't3.xlarge_use1-az1': 50, 't3.xlarge_use1-az2': 50, 't3.xlarge_use1-az4': 50, 't3.xlarge_use1-az5': 50, 't3.xlarge_use1-az6': 50, 't3a.2xlarge_use1-az1': 50, 't3a.2xlarge_use1-az2': 50, 't3a.2xlarge_use1-az4': 50, 't3a.2xlarge_use1-az5': 50, 't3a.2xlarge_use1-az6': 50, 't3a.large_use1-az1': 50, 't3a.large_use1-az2': 50, 't3a.large_use1-az4': 50, 't3a.large_use1-az5': 5, 't3a.large_use1-az6': 50, 't3a.medium_use1-az4': 50, 't3a.medium_use1-az6': 50, 't3a.xlarge_use1-az1': 25, 't3a.xlarge_use1-az2': 50, 't3a.xlarge_use1-az4': 50, 't3a.xlarge_use1-az5': 15, 't3a.xlarge_use1-az6': 50, 't4g.2xlarge_use1-az1': 5, 't4g.2xlarge_use1-az2': 15, 't4g.2xlarge_use1-az4': 5, 't4g.2xlarge_use1-az5': 10, 't4g.2xlarge_use1-az6': 10, 't4g.large_use1-az1': 1, 't4g.large_use1-az2': 15, 't4g.large_use1-az4': 50, 't4g.large_use1-az5': 25, 't4g.large_use1-az6': 35, 't4g.medium_use1-az2': 50, 't4g.medium_use1-az4': 50, 't4g.medium_use1-az5': 35, 't4g.medium_use1-az6': 50, 't4g.xlarge_use1-az1': 30, 't4g.xlarge_use1-az2': 15, 't4g.xlarge_use1-az4': 50, 't4g.xlarge_use1-az5': 5, 't4g.xlarge_use1-az6': 10, 'trn1.32xlarge_use1-az6': 50, 'trn1n.32xlarge_use1-az6': 50, 'x1.32xlarge_use1-az6': 1, 'x2gd.12xlarge_use1-az5': 5, 'x2gd.16xlarge_use1-az5': 1, 'x2gd.8xlarge_use1-az5': 1, 'x2gd.medium_use1-az4': 50, 'x2gd.medium_use1-az5': 50, 'x2gd.medium_use1-az6': 50, 'x2idn.24xlarge_use1-az5': 1, 'x8g.12xlarge_use1-az4': 20, 'x8g.16xlarge_use1-az2': 5, 'x8g.16xlarge_use1-az4': 5, 'x8g.16xlarge_use1-az6': 5, 'x8g.24xlarge_use1-az2': 5, 'x8g.24xlarge_use1-az4': 5, 'x8g.24xlarge_use1-az6': 10, 'x8g.2xlarge_use1-az6': 25, 'x8g.48xlarge_use1-az1': 1, 'x8g.48xlarge_use1-az2': 1, 'x8g.48xlarge_use1-az4': 10, 'x8g.48xlarge_use1-az6': 1, 'x8g.4xlarge_use1-az2': 5, 'x8g.4xlarge_use1-az6': 10, 'x8g.8xlarge_use1-az2': 15, 'x8g.8xlarge_use1-az4': 20, 'x8g.8xlarge_use1-az6': 5, 'x8g.large_use1-az1': 30, 'x8g.large_use1-az6': 50, 'x8g.medium_use1-az1': 50, 'x8g.medium_use1-az4': 50, 'x8g.medium_use1-az6': 50, 'x8g.metal-24xl_use1-az1': 1, 'x8g.metal-24xl_use1-az2': 1, 'x8g.metal-24xl_use1-az4': 1, 'x8g.metal-24xl_use1-az6': 10, 'x8g.metal-48xl_use1-az2': 1, 'x8g.metal-48xl_use1-az4': 1, 'x8g.metal-48xl_use1-az6': 1, 'x8g.xlarge_use1-az4': 40, 'x8g.xlarge_use1-az6': 50, 'z1d.12xlarge_use1-az2': 1, 'z1d.12xlarge_use1-az5': 1, 'z1d.12xlarge_use1-az6': 5, 'z1d.3xlarge_use1-az5': 5, 'z1d.large_use1-az1': 15, 'z1d.large_use1-az2': 5, 'z1d.large_use1-az5': 10, 'z1d.large_use1-az6': 25, 'z1d.xlarge_use1-az4': 30, 'z1d.xlarge_use1-az5': 1}"
0.54,15321.118500000008,21696697046,1416130.0982552075,809272,809172,"{'c5.18xlarge_use1-az2': 50, 'c5.18xlarge_use1-az4': 15, 'c5.18xlarge_use1-az6': 1, 'c5.24xlarge_use1-az1': 1, 'c5.24xlarge_use1-az2': 5, 'c5.24xlarge_use1-az4': 5, 'c5.24xlarge_use1-az6': 5, 'c5.4xlarge_use1-az2': 50, 'c5.4xlarge_use1-az4': 50, 'c5a.large_use1-az5': 45, 'c5d.24xlarge_use1-az6': 50, 'c6a.12xlarge_use1-az1': 5, 'c6a.12xlarge_use1-az2': 50, 'c6a.12xlarge_use1-az4': 50, 'c6a.16xlarge_use1-az2': 5, 'c6a.16xlarge_use1-az4': 10, 'c6a.16xlarge_use1-az6': 15, 'c6a.24xlarge_use1-az1': 1, 'c6a.24xlarge_use1-az2': 5, 'c6a.24xlarge_use1-az4': 5, 'c6a.24xlarge_use1-az5': 5, 'c6a.24xlarge_use1-az6': 20, 'c6a.2xlarge_use1-az4': 50, 'c6a.2xlarge_use1-az5': 10, 'c6a.32xlarge_use1-az2': 1, 'c6a.32xlarge_use1-az4': 1, 'c6a.32xlarge_use1-az5': 1, 'c6a.32xlarge_use1-az6': 5, 'c6a.48xlarge_use1-az2': 1, 'c6a.48xlarge_use1-az4': 10, 'c6a.48xlarge_use1-az5': 5, 'c6a.48xlarge_use1-az6': 25, 'c6a.8xlarge_use1-az4': 30, 'c6a.8xlarge_use1-az6': 50, 'c6a.large_use1-az2': 50, 'c6a.large_use1-az4': 50, 'c6a.large_use1-az5': 50, 'c6a.large_use1-az6': 20, 'c6g.12xlarge_use1-az1': 15, 'c6g.12xlarge_use1-az2': 25, 'c6g.12xlarge_use1-az4': 50, 'c6g.12xlarge_use1-az5': 5, 'c6g.12xlarge_use1-az6': 50, 'c6g.16xlarge_use1-az1': 1, 'c6g.16xlarge_use1-az2': 15, 'c6g.16xlarge_use1-az4': 50, 'c6g.16xlarge_use1-az5': 5, 'c6g.16xlarge_use1-az6': 50, 'c6g.2xlarge_use1-az5': 15, 'c6g.4xlarge_use1-az2': 50, 'c6g.4xlarge_use1-az4': 50, 'c6g.4xlarge_use1-az5': 50, 'c6g.4xlarge_use1-az6': 50, 'c6g.8xlarge_use1-az4': 50, 'c6g.8xlarge_use1-az5': 50, 'c6g.8xlarge_use1-az6': 50, 'c6gd.12xlarge_use1-az2': 50, 'c6gd.12xlarge_use1-az4': 30, 'c6gd.12xlarge_use1-az5': 1, 'c6gd.12xlarge_use1-az6': 50, 'c6gd.16xlarge_use1-az2': 50, 'c6gd.16xlarge_use1-az4': 30, 'c6gd.16xlarge_use1-az6': 50, 'c6gd.2xlarge_use1-az1': 15, 'c6gd.2xlarge_use1-az2': 50, 'c6gd.2xlarge_use1-az4': 50, 'c6gd.2xlarge_use1-az6': 50, 'c6gd.4xlarge_use1-az4': 50, 'c6gd.4xlarge_use1-az6': 50, 'c6gd.8xlarge_use1-az2': 45, 'c6gd.8xlarge_use1-az4': 45, 'c6gd.8xlarge_use1-az5': 1, 'c6gd.8xlarge_use1-az6': 50, 'c6i.16xlarge_use1-az2': 15, 'c6i.16xlarge_use1-az5': 10, 'c6i.32xlarge_use1-az1': 10, 'c6i.32xlarge_use1-az6': 40, 'c6id.12xlarge_use1-az6': 5, 'c6id.16xlarge_use1-az5': 1, 'c6id.24xlarge_use1-az4': 5, 'c6id.24xlarge_use1-az5': 1, 'c6id.24xlarge_use1-az6': 10, 'c6id.32xlarge_use1-az2': 5, 'c6id.32xlarge_use1-az4': 10, 'c6id.32xlarge_use1-az5': 1, 'c6id.32xlarge_use1-az6': 5, 'c7a.12xlarge_use1-az2': 5, 'c7a.12xlarge_use1-az4': 1, 'c7a.12xlarge_use1-az6': 15, 'c7a.16xlarge_use1-az2': 1, 'c7a.24xlarge_use1-az1': 1, 'c7a.24xlarge_use1-az2': 1, 'c7a.32xlarge_use1-az1': 1, 'c7a.32xlarge_use1-az2': 1, 'c7a.32xlarge_use1-az6': 15, 'c7a.48xlarge_use1-az1': 1, 'c7a.48xlarge_use1-az2': 1, 'c7a.48xlarge_use1-az5': 1, 'c7a.48xlarge_use1-az6': 20, 'c7a.large_use1-az1': 15, 'c7a.large_use1-az2': 25, 'c7a.large_use1-az5': 10, 'c7a.large_use1-az6': 50, 'c7g.12xlarge_use1-az1': 15, 'c7g.12xlarge_use1-az2': 50, 'c7g.12xlarge_use1-az4': 15, 'c7g.12xlarge_use1-az5': 1, 'c7g.12xlarge_use1-az6': 50, 'c7g.16xlarge_use1-az1': 25, 'c7g.16xlarge_use1-az4': 50, 'c7g.16xlarge_use1-az5': 10, 'c7g.16xlarge_use1-az6': 50, 'c7g.2xlarge_use1-az1': 50, 'c7g.2xlarge_use1-az4': 50, 'c7g.2xlarge_use1-az5': 50, 'c7g.2xlarge_use1-az6': 50, 'c7g.4xlarge_use1-az2': 50, 'c7g.4xlarge_use1-az4': 50, 'c7g.4xlarge_use1-az5': 50, 'c7g.4xlarge_use1-az6': 50, 'c7g.8xlarge_use1-az1': 50, 'c7g.8xlarge_use1-az2': 50, 'c7g.8xlarge_use1-az4': 50, 'c7g.8xlarge_use1-az5': 50, 'c7g.8xlarge_use1-az6': 50, 'c7gd.12xlarge_use1-az4': 15, 'c7gd.12xlarge_use1-az5': 15, 'c7gd.12xlarge_use1-az6': 50, 'c7gd.16xlarge_use1-az1': 5, 'c7gd.16xlarge_use1-az4': 40, 'c7gd.16xlarge_use1-az5': 1, 'c7gd.16xlarge_use1-az6': 50, 'c7gd.2xlarge_use1-az2': 50, 'c7gd.2xlarge_use1-az4': 50, 'c7gd.2xlarge_use1-az6': 50, 'c7gd.4xlarge_use1-az2': 25, 'c7gd.4xlarge_use1-az4': 50, 'c7gd.4xlarge_use1-az6': 50, 'c7gd.8xlarge_use1-az1': 5, 'c7gd.8xlarge_use1-az2': 15, 'c7gd.8xlarge_use1-az4': 10, 'c7gd.8xlarge_use1-az5': 5, 'c7gd.8xlarge_use1-az6': 20, 'c7i-flex.large_use1-az2': 50, 'c7i-flex.large_use1-az5': 1, 'c7i-flex.large_use1-az6': 50, 'c7i-flex.xlarge_use1-az5': 5, 'c7i.12xlarge_use1-az2': 15, 'c7i.48xlarge_use1-az1': 10, 'c7i.48xlarge_use1-az2': 10, 'c7i.48xlarge_use1-az4': 5, 'c7i.48xlarge_use1-az5': 1, 'c7i.48xlarge_use1-az6': 50, 'c7i.4xlarge_use1-az2': 5, 'c7i.8xlarge_use1-az2': 5, 'c7i.8xlarge_use1-az4': 5, 'c7i.large_use1-az1': 45, 'c7i.large_use1-az2': 50, 'c7i.large_use1-az4': 50, 'c7i.large_use1-az5': 5, 'c7i.large_use1-az6': 50, 'c7i.xlarge_use1-az5': 1, 'c8g.12xlarge_use1-az1': 1, 'c8g.12xlarge_use1-az4': 1, 'c8g.12xlarge_use1-az6': 25, 'c8g.16xlarge_use1-az1': 10, 'c8g.16xlarge_use1-az2': 5, 'c8g.16xlarge_use1-az4': 1, 'c8g.16xlarge_use1-az6': 50, 'c8g.24xlarge_use1-az1': 5, 'c8g.24xlarge_use1-az2': 10, 'c8g.24xlarge_use1-az4': 1, 'c8g.24xlarge_use1-az6': 25, 'c8g.2xlarge_use1-az1': 5, 'c8g.2xlarge_use1-az2': 5, 'c8g.2xlarge_use1-az4': 50, 'c8g.2xlarge_use1-az6': 50, 'c8g.48xlarge_use1-az1': 1, 'c8g.48xlarge_use1-az2': 5, 'c8g.48xlarge_use1-az6': 50, 'c8g.4xlarge_use1-az1': 35, 'c8g.4xlarge_use1-az2': 15, 'c8g.4xlarge_use1-az4': 20, 'c8g.4xlarge_use1-az5': 10, 'c8g.4xlarge_use1-az6': 50, 'c8g.8xlarge_use1-az2': 5, 'c8g.8xlarge_use1-az6': 50, 'c8g.large_use1-az4': 5, 'c8g.large_use1-az5': 1, 'c8g.metal-24xl_use1-az2': 1, 'c8g.metal-24xl_use1-az6': 20, 'c8g.metal-48xl_use1-az1': 1, 'c8g.metal-48xl_use1-az2': 1, 'c8g.metal-48xl_use1-az6': 50, 'c8g.xlarge_use1-az2': 30, 'c8g.xlarge_use1-az4': 5, 'c8g.xlarge_use1-az6': 50, 'c8gd.12xlarge_use1-az4': 5, 'c8gd.16xlarge_use1-az4': 10, 'c8gd.16xlarge_use1-az6': 50, 'c8gd.24xlarge_use1-az4': 5, 'c8gd.24xlarge_use1-az5': 1, 'c8gd.2xlarge_use1-az2': 50, 'c8gd.2xlarge_use1-az4': 50, 'c8gd.2xlarge_use1-az5': 10, 'c8gd.2xlarge_use1-az6': 50, 'c8gd.48xlarge_use1-az6': 15, 'c8gd.4xlarge_use1-az2': 10, 'c8gd.4xlarge_use1-az4': 30, 'c8gd.4xlarge_use1-az6': 50, 'c8gd.metal-24xl_use1-az2': 1, 'c8gd.metal-24xl_use1-az4': 1, 'c8gd.metal-24xl_use1-az5': 1, 'c8gd.metal-24xl_use1-az6': 5, 'c8gd.metal-48xl_use1-az2': 1, 'c8gd.metal-48xl_use1-az6': 1, 'c8gd.xlarge_use1-az5': 15, 'c8i-flex.12xlarge_use1-az6': 1, 'c8i-flex.16xlarge_use1-az6': 1, 'c8i-flex.2xlarge_use1-az2': 25, 'c8i-flex.4xlarge_use1-az2': 5, 'c8i-flex.4xlarge_use1-az4': 1, 'c8i-flex.large_use1-az4': 20, 'c8i-flex.xlarge_use1-az2': 40, 'c8i-flex.xlarge_use1-az4': 5, 'c8i.16xlarge_use1-az6': 1, 'c8i.2xlarge_use1-az2': 10, 'c8i.2xlarge_use1-az4': 5, 'c8i.48xlarge_use1-az2': 1, 'c8i.96xlarge_use1-az2': 1, 'c8i.metal-48xl_use1-az2': 1, 'c8i.metal-96xl_use1-az6': 5, 'c8i.xlarge_use1-az4': 15, 'f2.12xlarge_use1-az2': 1, 'f2.12xlarge_use1-az6': 1, 'f2.48xlarge_use1-az2': 5, 'f2.48xlarge_use1-az4': 5, 'f2.48xlarge_use1-az6': 1, 'g4ad.16xlarge_use1-az1': 5, 'g4ad.16xlarge_use1-az2': 5, 'g4ad.16xlarge_use1-az4': 5, 'g4ad.16xlarge_use1-az6': 10, 'g4ad.4xlarge_use1-az1': 10, 'g4ad.4xlarge_use1-az2': 15, 'g4ad.4xlarge_use1-az4': 15, 'g4ad.4xlarge_use1-az6': 5, 'g4ad.8xlarge_use1-az1': 1, 'g4ad.8xlarge_use1-az2': 5, 'g4ad.8xlarge_use1-az4': 5, 'g4ad.8xlarge_use1-az6': 5, 'g4dn.12xlarge_use1-az5': 15, 'g4dn.12xlarge_use1-az6': 50, 'g4dn.16xlarge_use1-az1': 1, 'g4dn.16xlarge_use1-az2': 10, 'g4dn.16xlarge_use1-az4': 1, 'g4dn.16xlarge_use1-az5': 5, 'g4dn.16xlarge_use1-az6': 15, 'g4dn.4xlarge_use1-az1': 5, 'g4dn.4xlarge_use1-az2': 40, 'g4dn.4xlarge_use1-az4': 25, 'g4dn.4xlarge_use1-az5': 40, 'g4dn.4xlarge_use1-az6': 40, 'g4dn.8xlarge_use1-az1': 1, 'g5.16xlarge_use1-az1': 1, 'g5.16xlarge_use1-az2': 1, 'g5.16xlarge_use1-az4': 5, 'g5.16xlarge_use1-az5': 5, 'g5.16xlarge_use1-az6': 10, 'g5.48xlarge_use1-az6': 25, 'g5.8xlarge_use1-az1': 1, 'g5.8xlarge_use1-az2': 5, 'g5.8xlarge_use1-az4': 10, 'g5.8xlarge_use1-az5': 20, 'g5.8xlarge_use1-az6': 10, 'g5g.16xlarge_use1-az1': 1, 'g5g.16xlarge_use1-az6': 5, 'g6.16xlarge_use1-az1': 1, 'g6.16xlarge_use1-az2': 1, 'g6.16xlarge_use1-az4': 1, 'g6.16xlarge_use1-az6': 5, 'g6.24xlarge_use1-az2': 1, 'g6.24xlarge_use1-az4': 1, 'g6.24xlarge_use1-az6': 1, 'g6.48xlarge_use1-az2': 5, 'g6.48xlarge_use1-az4': 30, 'g6.48xlarge_use1-az6': 50, 'g6.4xlarge_use1-az1': 5, 'g6.4xlarge_use1-az2': 10, 'g6.4xlarge_use1-az4': 35, 'g6.4xlarge_use1-az6': 50, 'g6.8xlarge_use1-az1': 5, 'g6.8xlarge_use1-az2': 5, 'g6.8xlarge_use1-az4': 10, 'g6.8xlarge_use1-az6': 15, 'g6e.16xlarge_use1-az4': 40, 'g6e.16xlarge_use1-az6': 20, 'g6f.2xlarge_use1-az1': 1, 'g6f.2xlarge_use1-az4': 1, 'g6f.2xlarge_use1-az6': 5, 'g6f.4xlarge_use1-az1': 1, 'g6f.4xlarge_use1-az4': 1, 'g6f.4xlarge_use1-az6': 1, 'g6f.large_use1-az1': 10, 'g6f.large_use1-az2': 15, 'g6f.large_use1-az4': 40, 'g6f.large_use1-az6': 20, 'g6f.xlarge_use1-az1': 1, 'g6f.xlarge_use1-az2': 1, 'g6f.xlarge_use1-az4': 5, 'g6f.xlarge_use1-az6': 10, 'gr6.4xlarge_use1-az2': 1, 'gr6.8xlarge_use1-az1': 1, 'gr6.8xlarge_use1-az2': 1, 'gr6.8xlarge_use1-az4': 1, 'gr6.8xlarge_use1-az6': 1, 'i3.large_use1-az2': 50, 'i3.large_use1-az3': 50, 'i3.large_use1-az4': 50, 'i3.large_use1-az5': 50, 'i3.large_use1-az6': 50, 'i4g.16xlarge_use1-az6': 50, 'i4g.2xlarge_use1-az6': 50, 'i4g.xlarge_use1-az5': 50, 'i4i.12xlarge_use1-az2': 5, 'i4i.24xlarge_use1-az2': 1, 'i4i.large_use1-az1': 50, 'i4i.large_use1-az2': 50, 'i4i.large_use1-az4': 50, 'i4i.large_use1-az5': 50, 'i4i.large_use1-az6': 50, 'i4i.xlarge_use1-az2': 50, 'i4i.xlarge_use1-az4': 50, 'i4i.xlarge_use1-az6': 50, 'i7i.16xlarge_use1-az6': 1, 'i7i.24xlarge_use1-az6': 1, 'i7i.2xlarge_use1-az1': 1, 'i7i.2xlarge_use1-az2': 50, 'i7i.2xlarge_use1-az4': 45, 'i7i.2xlarge_use1-az5': 20, 'i7i.2xlarge_use1-az6': 10, 'i7i.4xlarge_use1-az6': 20, 'i7i.metal-24xl_use1-az2': 1, 'i7i.metal-24xl_use1-az4': 50, 'i7i.metal-24xl_use1-az6': 35, 'i7i.xlarge_use1-az6': 20, 'i7ie.24xlarge_use1-az6': 50, 'i7ie.large_use1-az4': 50, 'i7ie.large_use1-az6': 50, 'i7ie.metal-24xl_use1-az6': 15, 'i7ie.metal-48xl_use1-az6': 10, 'i8g.12xlarge_use1-az6': 1, 'i8g.24xlarge_use1-az6': 10, 'i8g.2xlarge_use1-az2': 1, 'i8g.4xlarge_use1-az2': 1, 'i8g.8xlarge_use1-az6': 5, 'i8g.large_use1-az2': 10, 'i8g.large_use1-az6': 5, 'i8g.xlarge_use1-az2': 1, 'i8g.xlarge_use1-az4': 1, 'i8g.xlarge_use1-az6': 1, 'i8ge.12xlarge_use1-az4': 1, 'i8ge.12xlarge_use1-az6': 5, 'i8ge.18xlarge_use1-az2': 1, 'i8ge.18xlarge_use1-az4': 1, 'i8ge.18xlarge_use1-az6': 5, 'i8ge.24xlarge_use1-az4': 1, 'i8ge.24xlarge_use1-az6': 5, 'i8ge.48xlarge_use1-az4': 5, 'i8ge.large_use1-az2': 5, 'i8ge.metal-24xl_use1-az4': 1, 'i8ge.metal-48xl_use1-az6': 1, 'i8ge.xlarge_use1-az4': 20, 'im4gn.2xlarge_use1-az6': 15, 'im4gn.8xlarge_use1-az4': 5, 'inf1.24xlarge_use1-az1': 1, 'inf1.24xlarge_use1-az2': 1, 'inf1.24xlarge_use1-az4': 10, 'inf1.24xlarge_use1-az5': 5, 'inf1.24xlarge_use1-az6': 20, 'inf1.2xlarge_use1-az1': 15, 'inf1.2xlarge_use1-az2': 15, 'inf1.2xlarge_use1-az4': 30, 'inf1.2xlarge_use1-az5': 40, 'inf1.2xlarge_use1-az6': 40, 'inf1.6xlarge_use1-az4': 5, 'inf1.6xlarge_use1-az5': 5, 'inf1.6xlarge_use1-az6': 10, 'inf2.24xlarge_use1-az4': 1, 'inf2.24xlarge_use1-az6': 10, 'inf2.48xlarge_use1-az6': 15, 'inf2.8xlarge_use1-az2': 5, 'inf2.8xlarge_use1-az4': 5, 'inf2.8xlarge_use1-az5': 1, 'inf2.8xlarge_use1-az6': 1, 'is4gen.medium_use1-az6': 30, 'm2.xlarge_use1-az1': 5, 'm2.xlarge_use1-az2': 20, 'm2.xlarge_use1-az4': 20, 'm4.10xlarge_use1-az1': 5, 'm4.10xlarge_use1-az2': 10, 'm4.10xlarge_use1-az3': 1, 'm4.10xlarge_use1-az4': 50, 'm4.10xlarge_use1-az5': 1, 'm4.10xlarge_use1-az6': 50, 'm4.2xlarge_use1-az3': 50, 'm4.4xlarge_use1-az1': 50, 'm4.4xlarge_use1-az2': 50, 'm4.4xlarge_use1-az3': 50, 'm4.4xlarge_use1-az4': 25, 'm4.4xlarge_use1-az5': 10, 'm4.large_use1-az1': 30, 'm4.large_use1-az2': 50, 'm4.large_use1-az4': 50, 'm4.large_use1-az5': 10, 'm4.xlarge_use1-az2': 50, 'm4.xlarge_use1-az3': 50, 'm4.xlarge_use1-az4': 50, 'm4.xlarge_use1-az5': 30, 'm4.xlarge_use1-az6': 50, 'm5.12xlarge_use1-az1': 5, 'm5.12xlarge_use1-az2': 25, 'm5.12xlarge_use1-az4': 50, 'm5.12xlarge_use1-az5': 1, 'm5.12xlarge_use1-az6': 40, 'm5.16xlarge_use1-az1': 10, 'm5.16xlarge_use1-az2': 50, 'm5.16xlarge_use1-az4': 50, 'm5.16xlarge_use1-az5': 1, 'm5.16xlarge_use1-az6': 50, 'm5.24xlarge_use1-az1': 5, 'm5.24xlarge_use1-az2': 5, 'm5.24xlarge_use1-az4': 5, 'm5.24xlarge_use1-az5': 1, 'm5.24xlarge_use1-az6': 35, 'm5.2xlarge_use1-az2': 50, 'm5.2xlarge_use1-az4': 50, 'm5.2xlarge_use1-az6': 50, 'm5.4xlarge_use1-az1': 50, 'm5.4xlarge_use1-az2': 50, 'm5.4xlarge_use1-az4': 50, 'm5.4xlarge_use1-az6': 50, 'm5.8xlarge_use1-az1': 50, 'm5.8xlarge_use1-az2': 40, 'm5.8xlarge_use1-az4': 50, 'm5.8xlarge_use1-az5': 1, 'm5.8xlarge_use1-az6': 50, 'm5.large_use1-az1': 50, 'm5.large_use1-az2': 50, 'm5.large_use1-az4': 50, 'm5.large_use1-az5': 50, 'm5.large_use1-az6': 50, 'm5.xlarge_use1-az1': 50, 'm5.xlarge_use1-az2': 50, 'm5.xlarge_use1-az4': 50, 'm5.xlarge_use1-az5': 50, 'm5.xlarge_use1-az6': 50, 'm5a.12xlarge_use1-az2': 1, 'm5a.12xlarge_use1-az4': 1, 'm5a.16xlarge_use1-az2': 1, 'm5a.16xlarge_use1-az4': 1, 'm5a.16xlarge_use1-az6': 1, 'm5a.24xlarge_use1-az1': 1, 'm5a.24xlarge_use1-az2': 1, 'm5a.24xlarge_use1-az4': 1, 'm5a.24xlarge_use1-az5': 5, 'm5a.24xlarge_use1-az6': 5, 'm5a.2xlarge_use1-az1': 10, 'm5a.4xlarge_use1-az5': 10, 'm5a.large_use1-az2': 50, 'm5a.large_use1-az6': 50, 'm5a.xlarge_use1-az6': 50, 'm5ad.24xlarge_use1-az2': 1, 'm5d.12xlarge_use1-az2': 25, 'm5d.12xlarge_use1-az4': 30, 'm5d.12xlarge_use1-az6': 15, 'm5d.16xlarge_use1-az6': 50, 'm5d.24xlarge_use1-az2': 15, 'm5d.24xlarge_use1-az4': 5, 'm5d.24xlarge_use1-az6': 50, 'm5d.8xlarge_use1-az5': 1, 'm5dn.24xlarge_use1-az1': 1, 'm5dn.24xlarge_use1-az2': 1, 'm5dn.24xlarge_use1-az4': 1, 'm5dn.large_use1-az5': 15, 'm5n.12xlarge_use1-az2': 1, 'm5n.24xlarge_use1-az2': 1, 'm5n.24xlarge_use1-az4': 1, 'm5n.4xlarge_use1-az1': 25, 'm5n.4xlarge_use1-az2': 35, 'm5n.4xlarge_use1-az4': 50, 'm5n.large_use1-az2': 15, 'm5n.large_use1-az5': 5, 'm5n.xlarge_use1-az1': 20, 'm5n.xlarge_use1-az2': 50, 'm5n.xlarge_use1-az4': 50, 'm5n.xlarge_use1-az6': 50, 'm5zn.large_use1-az2': 5, 'm5zn.large_use1-az5': 15, 'm5zn.large_use1-az6': 20, 'm6a.12xlarge_use1-az1': 5, 'm6a.12xlarge_use1-az2': 5, 'm6a.12xlarge_use1-az4': 15, 'm6a.12xlarge_use1-az6': 10, 'm6a.16xlarge_use1-az1': 5, 'm6a.16xlarge_use1-az2': 5, 'm6a.16xlarge_use1-az4': 5, 'm6a.16xlarge_use1-az6': 5, 'm6a.24xlarge_use1-az1': 1, 'm6a.24xlarge_use1-az2': 1, 'm6a.24xlarge_use1-az4': 1, 'm6a.24xlarge_use1-az6': 1, 'm6a.2xlarge_use1-az1': 50, 'm6a.2xlarge_use1-az2': 35, 'm6a.2xlarge_use1-az4': 45, 'm6a.2xlarge_use1-az5': 15, 'm6a.2xlarge_use1-az6': 50, 'm6a.32xlarge_use1-az2': 1, 'm6a.32xlarge_use1-az4': 1, 'm6a.32xlarge_use1-az5': 1, 'm6a.32xlarge_use1-az6': 1, 'm6a.48xlarge_use1-az2': 1, 'm6a.48xlarge_use1-az4': 1, 'm6a.48xlarge_use1-az6': 1, 'm6a.4xlarge_use1-az1': 45, 'm6a.4xlarge_use1-az2': 40, 'm6a.4xlarge_use1-az4': 25, 'm6a.4xlarge_use1-az5': 5, 'm6a.4xlarge_use1-az6': 50, 'm6a.8xlarge_use1-az1': 25, 'm6a.8xlarge_use1-az2': 15, 'm6a.8xlarge_use1-az4': 50, 'm6a.8xlarge_use1-az5': 10, 'm6a.8xlarge_use1-az6': 50, 'm6a.large_use1-az1': 50, 'm6a.large_use1-az2': 50, 'm6a.large_use1-az4': 50, 'm6a.large_use1-az5': 30, 'm6a.large_use1-az6': 50, 'm6a.xlarge_use1-az1': 50, 'm6a.xlarge_use1-az2': 50, 'm6a.xlarge_use1-az4': 50, 'm6a.xlarge_use1-az5': 35, 'm6a.xlarge_use1-az6': 50, 'm6g.12xlarge_use1-az1': 1, 'm6g.12xlarge_use1-az2': 5, 'm6g.12xlarge_use1-az4': 50, 'm6g.12xlarge_use1-az6': 50, 'm6g.16xlarge_use1-az1': 1, 'm6g.16xlarge_use1-az2': 5, 'm6g.16xlarge_use1-az4': 25, 'm6g.16xlarge_use1-az6': 50, 'm6g.2xlarge_use1-az1': 15, 'm6g.2xlarge_use1-az2': 50, 'm6g.2xlarge_use1-az4': 50, 'm6g.2xlarge_use1-az5': 5, 'm6g.2xlarge_use1-az6': 50, 'm6g.4xlarge_use1-az1': 10, 'm6g.4xlarge_use1-az2': 50, 'm6g.4xlarge_use1-az4': 50, 'm6g.4xlarge_use1-az5': 10, 'm6g.4xlarge_use1-az6': 50, 'm6g.8xlarge_use1-az1': 5, 'm6g.8xlarge_use1-az2': 50, 'm6g.8xlarge_use1-az4': 50, 'm6g.8xlarge_use1-az6': 50, 'm6g.large_use1-az2': 50, 'm6g.large_use1-az4': 50, 'm6g.large_use1-az5': 5, 'm6g.large_use1-az6': 50, 'm6g.medium_use1-az1': 5, 'm6g.medium_use1-az2': 5, 'm6g.medium_use1-az4': 10, 'm6g.medium_use1-az5': 1, 'm6g.medium_use1-az6': 15, 'm6g.xlarge_use1-az2': 50, 'm6g.xlarge_use1-az4': 50, 'm6g.xlarge_use1-az5': 50, 'm6g.xlarge_use1-az6': 50, 'm6gd.12xlarge_use1-az1': 10, 'm6gd.12xlarge_use1-az2': 40, 'm6gd.12xlarge_use1-az4': 20, 'm6gd.12xlarge_use1-az5': 5, 'm6gd.12xlarge_use1-az6': 50, 'm6gd.16xlarge_use1-az2': 10, 'm6gd.16xlarge_use1-az4': 10, 'm6gd.16xlarge_use1-az5': 10, 'm6gd.16xlarge_use1-az6': 35, 'm6gd.2xlarge_use1-az2': 50, 'm6gd.2xlarge_use1-az4': 45, 'm6gd.4xlarge_use1-az5': 1, 'm6gd.8xlarge_use1-az1': 5, 'm6gd.8xlarge_use1-az2': 10, 'm6gd.8xlarge_use1-az4': 15, 'm6gd.8xlarge_use1-az5': 1, 'm6gd.8xlarge_use1-az6': 20, 'm6gd.large_use1-az2': 5, 'm6gd.large_use1-az4': 5, 'm6gd.large_use1-az5': 1, 'm6gd.large_use1-az6': 15, 'm6gd.medium_use1-az1': 1, 'm6gd.medium_use1-az2': 1, 'm6gd.medium_use1-az4': 1, 'm6gd.medium_use1-az5': 5, 'm6gd.medium_use1-az6': 1, 'm6gd.xlarge_use1-az5': 1, 'm6i.12xlarge_use1-az1': 1, 'm6i.12xlarge_use1-az2': 10, 'm6i.12xlarge_use1-az4': 50, 'm6i.12xlarge_use1-az5': 1, 'm6i.12xlarge_use1-az6': 30, 'm6i.16xlarge_use1-az2': 10, 'm6i.16xlarge_use1-az4': 5, 'm6i.16xlarge_use1-az5': 1, 'm6i.16xlarge_use1-az6': 10, 'm6i.24xlarge_use1-az2': 10, 'm6i.24xlarge_use1-az4': 5, 'm6i.24xlarge_use1-az5': 1, 'm6i.24xlarge_use1-az6': 50, 'm6i.2xlarge_use1-az1': 25, 'm6i.2xlarge_use1-az2': 50, 'm6i.2xlarge_use1-az4': 50, 'm6i.2xlarge_use1-az5': 25, 'm6i.2xlarge_use1-az6': 50, 'm6i.32xlarge_use1-az2': 1, 'm6i.32xlarge_use1-az4': 5, 'm6i.32xlarge_use1-az5': 1, 'm6i.32xlarge_use1-az6': 15, 'm6i.4xlarge_use1-az2': 50, 'm6i.4xlarge_use1-az4': 50, 'm6i.4xlarge_use1-az5': 50, 'm6i.4xlarge_use1-az6': 50, 'm6i.8xlarge_use1-az1': 1, 'm6i.8xlarge_use1-az2': 50, 'm6i.8xlarge_use1-az4': 50, 'm6i.8xlarge_use1-az5': 20, 'm6i.8xlarge_use1-az6': 50, 'm6i.large_use1-az1': 25, 'm6i.large_use1-az2': 50, 'm6i.large_use1-az4': 50, 'm6i.large_use1-az5': 50, 'm6i.large_use1-az6': 50, 'm6i.xlarge_use1-az1': 45, 'm6i.xlarge_use1-az2': 50, 'm6i.xlarge_use1-az4': 50, 'm6i.xlarge_use1-az5': 25, 'm6i.xlarge_use1-az6': 50, 'm6id.12xlarge_use1-az1': 1, 'm6id.12xlarge_use1-az2': 1, 'm6id.12xlarge_use1-az4': 1, 'm6id.12xlarge_use1-az6': 1, 'm6id.16xlarge_use1-az1': 1, 'm6id.16xlarge_use1-az2': 1, 'm6id.16xlarge_use1-az4': 1, 'm6id.16xlarge_use1-az6': 1, 'm6id.24xlarge_use1-az1': 10, 'm6id.24xlarge_use1-az2': 15, 'm6id.24xlarge_use1-az4': 35, 'm6id.24xlarge_use1-az5': 5, 'm6id.24xlarge_use1-az6': 15, 'm6id.2xlarge_use1-az1': 5, 'm6id.2xlarge_use1-az2': 5, 'm6id.2xlarge_use1-az4': 5, 'm6id.2xlarge_use1-az5': 1, 'm6id.32xlarge_use1-az1': 10, 'm6id.32xlarge_use1-az2': 15, 'm6id.32xlarge_use1-az4': 5, 'm6id.32xlarge_use1-az5': 1, 'm6id.32xlarge_use1-az6': 50, 'm6id.4xlarge_use1-az1': 15, 'm6id.4xlarge_use1-az2': 10, 'm6id.4xlarge_use1-az4': 5, 'm6id.4xlarge_use1-az5': 1, 'm6id.4xlarge_use1-az6': 10, 'm6id.8xlarge_use1-az1': 1, 'm6id.8xlarge_use1-az4': 5, 'm6id.8xlarge_use1-az5': 1, 'm6id.8xlarge_use1-az6': 1, 'm6id.large_use1-az1': 30, 'm6id.large_use1-az2': 35, 'm6id.large_use1-az4': 15, 'm6id.large_use1-az5': 5, 'm6id.large_use1-az6': 50, 'm6id.xlarge_use1-az1': 20, 'm6id.xlarge_use1-az2': 45, 'm6id.xlarge_use1-az4': 15, 'm6id.xlarge_use1-az5': 5, 'm6id.xlarge_use1-az6': 25, 'm6idn.12xlarge_use1-az2': 1, 'm6idn.16xlarge_use1-az4': 1, 'm6idn.24xlarge_use1-az1': 1, 'm6idn.24xlarge_use1-az2': 1, 'm6idn.24xlarge_use1-az4': 1, 'm6idn.large_use1-az5': 10, 'm6idn.large_use1-az6': 10, 'm6in.16xlarge_use1-az2': 1, 'm6in.16xlarge_use1-az4': 1, 'm6in.24xlarge_use1-az1': 1, 'm6in.24xlarge_use1-az2': 1, 'm6in.2xlarge_use1-az5': 1, 'm6in.8xlarge_use1-az2': 1, 'm6in.large_use1-az1': 5, 'm6in.large_use1-az2': 10, 'm6in.large_use1-az4': 5, 'm6in.large_use1-az5': 1, 'm6in.large_use1-az6': 1, 'm6in.xlarge_use1-az1': 5, 'm6in.xlarge_use1-az2': 10, 'm6in.xlarge_use1-az4': 1, 'm7a.12xlarge_use1-az2': 1, 'm7a.12xlarge_use1-az6': 20, 'm7a.16xlarge_use1-az2': 1, 'm7a.16xlarge_use1-az6': 40, 'm7a.24xlarge_use1-az2': 1, 'm7a.24xlarge_use1-az6': 50, 'm7a.2xlarge_use1-az1': 5, 'm7a.2xlarge_use1-az2': 15, 'm7a.2xlarge_use1-az4': 10, 'm7a.2xlarge_use1-az6': 50, 'm7a.32xlarge_use1-az6': 20, 'm7a.48xlarge_use1-az6': 40, 'm7a.4xlarge_use1-az1': 10, 'm7a.4xlarge_use1-az2': 5, 'm7a.4xlarge_use1-az4': 10, 'm7a.4xlarge_use1-az6': 25, 'm7a.8xlarge_use1-az1': 1, 'm7a.8xlarge_use1-az2': 5, 'm7a.8xlarge_use1-az4': 1, 'm7a.8xlarge_use1-az6': 50, 'm7a.large_use1-az1': 15, 'm7a.large_use1-az2': 50, 'm7a.large_use1-az4': 50, 'm7a.large_use1-az5': 5, 'm7a.large_use1-az6': 50, 'm7a.medium_use1-az1': 10, 'm7a.medium_use1-az2': 50, 'm7a.medium_use1-az4': 50, 'm7a.medium_use1-az6': 50, 'm7a.xlarge_use1-az1': 5, 'm7a.xlarge_use1-az2': 40, 'm7a.xlarge_use1-az4': 50, 'm7a.xlarge_use1-az6': 50, 'm7g.12xlarge_use1-az1': 1, 'm7g.12xlarge_use1-az2': 10, 'm7g.12xlarge_use1-az4': 45, 'm7g.12xlarge_use1-az5': 1, 'm7g.12xlarge_use1-az6': 50, 'm7g.16xlarge_use1-az1': 1, 'm7g.16xlarge_use1-az2': 30, 'm7g.16xlarge_use1-az4': 35, 'm7g.16xlarge_use1-az5': 1, 'm7g.16xlarge_use1-az6': 50, 'm7g.2xlarge_use1-az1': 35, 'm7g.2xlarge_use1-az2': 50, 'm7g.2xlarge_use1-az4': 50, 'm7g.2xlarge_use1-az5': 15, 'm7g.2xlarge_use1-az6': 50, 'm7g.4xlarge_use1-az1': 10, 'm7g.4xlarge_use1-az2': 30, 'm7g.4xlarge_use1-az4': 50, 'm7g.4xlarge_use1-az5': 10, 'm7g.4xlarge_use1-az6': 50, 'm7g.8xlarge_use1-az1': 1, 'm7g.8xlarge_use1-az2': 15, 'm7g.8xlarge_use1-az4': 40, 'm7g.8xlarge_use1-az5': 1, 'm7g.8xlarge_use1-az6': 50, 'm7g.large_use1-az1': 10, 'm7g.large_use1-az2': 50, 'm7g.large_use1-az4': 50, 'm7g.large_use1-az5': 30, 'm7g.large_use1-az6': 50, 'm7g.medium_use1-az1': 30, 'm7g.medium_use1-az2': 40, 'm7g.medium_use1-az4': 50, 'm7g.medium_use1-az5': 35, 'm7g.medium_use1-az6': 50, 'm7g.metal_use1-az1': 1, 'm7g.metal_use1-az2': 25, 'm7g.metal_use1-az4': 10, 'm7g.metal_use1-az5': 1, 'm7g.metal_use1-az6': 50, 'm7g.xlarge_use1-az1': 50, 'm7g.xlarge_use1-az2': 50, 'm7g.xlarge_use1-az4': 50, 'm7g.xlarge_use1-az5': 50, 'm7g.xlarge_use1-az6': 50, 'm7gd.12xlarge_use1-az1': 5, 'm7gd.12xlarge_use1-az2': 10, 'm7gd.12xlarge_use1-az4': 1, 'm7gd.12xlarge_use1-az6': 35, 'm7gd.16xlarge_use1-az1': 1, 'm7gd.16xlarge_use1-az2': 30, 'm7gd.16xlarge_use1-az4': 1, 'm7gd.16xlarge_use1-az6': 40, 'm7gd.2xlarge_use1-az1': 15, 'm7gd.2xlarge_use1-az2': 50, 'm7gd.2xlarge_use1-az4': 15, 'm7gd.2xlarge_use1-az6': 25, 'm7gd.4xlarge_use1-az1': 5, 'm7gd.4xlarge_use1-az2': 10, 'm7gd.4xlarge_use1-az6': 40, 'm7gd.8xlarge_use1-az1': 10, 'm7gd.8xlarge_use1-az2': 50, 'm7gd.8xlarge_use1-az4': 30, 'm7gd.8xlarge_use1-az5': 45, 'm7gd.8xlarge_use1-az6': 50, 'm7gd.large_use1-az1': 5, 'm7gd.large_use1-az2': 50, 'm7gd.large_use1-az4': 5, 'm7gd.large_use1-az6': 50, 'm7gd.medium_use1-az1': 15, 'm7gd.medium_use1-az2': 20, 'm7gd.medium_use1-az4': 15, 'm7gd.medium_use1-az5': 20, 'm7gd.medium_use1-az6': 25, 'm7gd.metal_use1-az1': 5, 'm7gd.metal_use1-az2': 15, 'm7gd.metal_use1-az4': 1, 'm7gd.metal_use1-az6': 15, 'm7gd.xlarge_use1-az1': 5, 'm7gd.xlarge_use1-az2': 10, 'm7gd.xlarge_use1-az4': 10, 'm7gd.xlarge_use1-az5': 1, 'm7i-flex.2xlarge_use1-az1': 50, 'm7i-flex.2xlarge_use1-az2': 50, 'm7i-flex.2xlarge_use1-az4': 15, 'm7i-flex.2xlarge_use1-az5': 10, 'm7i-flex.2xlarge_use1-az6': 50, 'm7i-flex.4xlarge_use1-az2': 5, 'm7i-flex.4xlarge_use1-az4': 5, 'm7i-flex.4xlarge_use1-az6': 25, 'm7i-flex.8xlarge_use1-az1': 1, 'm7i-flex.8xlarge_use1-az2': 5, 'm7i-flex.8xlarge_use1-az4': 5, 'm7i-flex.8xlarge_use1-az5': 1, 'm7i-flex.8xlarge_use1-az6': 10, 'm7i-flex.large_use1-az1': 20, 'm7i-flex.large_use1-az2': 50, 'm7i-flex.large_use1-az4': 25, 'm7i-flex.large_use1-az5': 25, 'm7i-flex.large_use1-az6': 50, 'm7i-flex.xlarge_use1-az1': 50, 'm7i-flex.xlarge_use1-az2': 50, 'm7i-flex.xlarge_use1-az4': 50, 'm7i-flex.xlarge_use1-az5': 15, 'm7i-flex.xlarge_use1-az6': 50, 'm7i.12xlarge_use1-az1': 1, 'm7i.12xlarge_use1-az2': 5, 'm7i.12xlarge_use1-az4': 15, 'm7i.12xlarge_use1-az6': 50, 'm7i.16xlarge_use1-az1': 5, 'm7i.16xlarge_use1-az2': 10, 'm7i.16xlarge_use1-az4': 10, 'm7i.16xlarge_use1-az6': 50, 'm7i.24xlarge_use1-az2': 5, 'm7i.24xlarge_use1-az4': 5, 'm7i.24xlarge_use1-az6': 50, 'm7i.2xlarge_use1-az1': 1, 'm7i.2xlarge_use1-az2': 50, 'm7i.2xlarge_use1-az4': 50, 'm7i.2xlarge_use1-az6': 50, 'm7i.48xlarge_use1-az1': 1, 'm7i.48xlarge_use1-az2': 5, 'm7i.48xlarge_use1-az4': 20, 'm7i.48xlarge_use1-az6': 50, 'm7i.4xlarge_use1-az1': 1, 'm7i.4xlarge_use1-az2': 25, 'm7i.4xlarge_use1-az4': 10, 'm7i.4xlarge_use1-az6': 50, 'm7i.8xlarge_use1-az2': 20, 'm7i.8xlarge_use1-az4': 50, 'm7i.8xlarge_use1-az6': 50, 'm7i.large_use1-az1': 50, 'm7i.large_use1-az2': 50, 'm7i.large_use1-az4': 50, 'm7i.large_use1-az5': 1, 'm7i.large_use1-az6': 50, 'm7i.xlarge_use1-az1': 30, 'm7i.xlarge_use1-az2': 35, 'm7i.xlarge_use1-az4': 50, 'm7i.xlarge_use1-az6': 50, 'm8g.12xlarge_use1-az2': 10, 'm8g.12xlarge_use1-az4': 10, 'm8g.12xlarge_use1-az5': 1, 'm8g.12xlarge_use1-az6': 35, 'm8g.16xlarge_use1-az2': 5, 'm8g.16xlarge_use1-az4': 5, 'm8g.16xlarge_use1-az5': 5, 'm8g.16xlarge_use1-az6': 45, 'm8g.24xlarge_use1-az2': 5, 'm8g.24xlarge_use1-az4': 1, 'm8g.24xlarge_use1-az5': 1, 'm8g.24xlarge_use1-az6': 25, 'm8g.2xlarge_use1-az4': 10, 'm8g.2xlarge_use1-az5': 10, 'm8g.48xlarge_use1-az2': 5, 'm8g.48xlarge_use1-az4': 5, 'm8g.48xlarge_use1-az6': 20, 'm8g.4xlarge_use1-az2': 5, 'm8g.4xlarge_use1-az4': 5, 'm8g.4xlarge_use1-az5': 1, 'm8g.4xlarge_use1-az6': 40, 'm8g.8xlarge_use1-az2': 10, 'm8g.8xlarge_use1-az4': 20, 'm8g.8xlarge_use1-az5': 1, 'm8g.8xlarge_use1-az6': 40, 'm8g.large_use1-az1': 1, 'm8g.large_use1-az2': 20, 'm8g.large_use1-az6': 45, 'm8g.medium_use1-az1': 1, 'm8g.medium_use1-az2': 15, 'm8g.metal-48xl_use1-az2': 5, 'm8g.metal-48xl_use1-az6': 25, 'm8g.xlarge_use1-az1': 1, 'm8g.xlarge_use1-az5': 15, 'm8g.xlarge_use1-az6': 50, 'm8gd.16xlarge_use1-az5': 1, 'm8gd.4xlarge_use1-az2': 5, 'm8gd.4xlarge_use1-az6': 1, 'm8gd.8xlarge_use1-az5': 1, 'm8gd.8xlarge_use1-az6': 5, 'm8gd.large_use1-az1': 20, 'm8gd.large_use1-az2': 15, 'm8gd.large_use1-az5': 1, 'm8gd.large_use1-az6': 1, 'm8gd.medium_use1-az6': 1, 'm8gd.xlarge_use1-az1': 1, 'm8gd.xlarge_use1-az5': 1, 'm8i-flex.16xlarge_use1-az6': 5, 'm8i-flex.2xlarge_use1-az2': 10, 'm8i-flex.2xlarge_use1-az4': 1, 'm8i-flex.2xlarge_use1-az6': 50, 'm8i-flex.4xlarge_use1-az4': 1, 'm8i-flex.4xlarge_use1-az6': 5, 'm8i-flex.8xlarge_use1-az6': 1, 'm8i-flex.large_use1-az2': 5, 'm8i-flex.xlarge_use1-az2': 10, 'm8i-flex.xlarge_use1-az4': 25, 'm8i-flex.xlarge_use1-az6': 50, 'm8i.12xlarge_use1-az6': 1, 'm8i.16xlarge_use1-az4': 1, 'm8i.16xlarge_use1-az6': 1, 'm8i.24xlarge_use1-az6': 1, 'm8i.2xlarge_use1-az2': 10, 'm8i.2xlarge_use1-az4': 1, 'm8i.2xlarge_use1-az6': 10, 'm8i.32xlarge_use1-az2': 1, 'm8i.32xlarge_use1-az6': 5, 'm8i.48xlarge_use1-az2': 1, 'm8i.48xlarge_use1-az6': 5, 'm8i.4xlarge_use1-az2': 5, 'm8i.4xlarge_use1-az4': 1, 'm8i.4xlarge_use1-az6': 5, 'm8i.8xlarge_use1-az2': 1, 'm8i.8xlarge_use1-az4': 1, 'm8i.8xlarge_use1-az6': 20, 'm8i.96xlarge_use1-az6': 1, 'm8i.large_use1-az4': 25, 'm8i.metal-48xl_use1-az6': 1, 'm8i.metal-96xl_use1-az6': 1, 'm8i.xlarge_use1-az2': 30, 'm8i.xlarge_use1-az4': 10, 'r4.16xlarge_use1-az1': 10, 'r4.16xlarge_use1-az2': 10, 'r4.16xlarge_use1-az4': 35, 'r4.16xlarge_use1-az5': 15, 'r4.16xlarge_use1-az6': 10, 'r4.8xlarge_use1-az1': 50, 'r4.8xlarge_use1-az2': 50, 'r4.8xlarge_use1-az4': 50, 'r4.8xlarge_use1-az6': 50, 'r4.large_use1-az5': 20, 'r5.12xlarge_use1-az1': 5, 'r5.12xlarge_use1-az2': 5, 'r5.12xlarge_use1-az4': 50, 'r5.12xlarge_use1-az6': 5, 'r5.16xlarge_use1-az1': 5, 'r5.16xlarge_use1-az4': 35, 'r5.16xlarge_use1-az5': 30, 'r5.16xlarge_use1-az6': 5, 'r5.24xlarge_use1-az4': 15, 'r5.24xlarge_use1-az5': 5, 'r5.24xlarge_use1-az6': 5, 'r5.4xlarge_use1-az2': 50, 'r5.4xlarge_use1-az4': 50, 'r5.4xlarge_use1-az5': 5, 'r5.4xlarge_use1-az6': 50, 'r5.8xlarge_use1-az1': 50, 'r5.8xlarge_use1-az2': 50, 'r5.8xlarge_use1-az4': 50, 'r5.8xlarge_use1-az5': 5, 'r5.8xlarge_use1-az6': 5, 'r5.large_use1-az4': 50, 'r5.large_use1-az5': 50, 'r5.large_use1-az6': 50, 'r5.xlarge_use1-az1': 50, 'r5.xlarge_use1-az2': 50, 'r5.xlarge_use1-az4': 50, 'r5.xlarge_use1-az5': 50, 'r5.xlarge_use1-az6': 50, 'r5a.16xlarge_use1-az2': 10, 'r5a.16xlarge_use1-az4': 10, 'r5a.16xlarge_use1-az5': 5, 'r5a.24xlarge_use1-az2': 15, 'r5a.24xlarge_use1-az4': 10, 'r5a.8xlarge_use1-az5': 30, 'r5d.16xlarge_use1-az1': 5, 'r5d.16xlarge_use1-az2': 50, 'r5d.16xlarge_use1-az4': 50, 'r5d.16xlarge_use1-az5': 10, 'r5d.16xlarge_use1-az6': 50, 'r5d.24xlarge_use1-az2': 1, 'r5d.24xlarge_use1-az6': 10, 'r5dn.16xlarge_use1-az4': 15, 'r5dn.16xlarge_use1-az5': 10, 'r5dn.16xlarge_use1-az6': 30, 'r5dn.24xlarge_use1-az4': 10, 'r5dn.24xlarge_use1-az6': 25, 'r5dn.large_use1-az5': 50, 'r5n.16xlarge_use1-az2': 10, 'r5n.16xlarge_use1-az4': 35, 'r5n.16xlarge_use1-az5': 1, 'r5n.16xlarge_use1-az6': 20, 'r5n.8xlarge_use1-az4': 35, 'r5n.8xlarge_use1-az6': 15, 'r5n.large_use1-az5': 10, 'r6a.12xlarge_use1-az1': 1, 'r6a.12xlarge_use1-az2': 10, 'r6a.12xlarge_use1-az4': 5, 'r6a.12xlarge_use1-az6': 10, 'r6a.16xlarge_use1-az1': 5, 'r6a.16xlarge_use1-az2': 15, 'r6a.16xlarge_use1-az4': 30, 'r6a.16xlarge_use1-az5': 15, 'r6a.16xlarge_use1-az6': 40, 'r6a.24xlarge_use1-az2': 5, 'r6a.24xlarge_use1-az4': 1, 'r6a.24xlarge_use1-az5': 1, 'r6a.24xlarge_use1-az6': 5, 'r6a.2xlarge_use1-az1': 50, 'r6a.2xlarge_use1-az2': 50, 'r6a.2xlarge_use1-az4': 40, 'r6a.2xlarge_use1-az5': 1, 'r6a.2xlarge_use1-az6': 50, 'r6a.32xlarge_use1-az2': 5, 'r6a.32xlarge_use1-az4': 5, 'r6a.32xlarge_use1-az5': 5, 'r6a.32xlarge_use1-az6': 5, 'r6a.48xlarge_use1-az2': 5, 'r6a.48xlarge_use1-az4': 5, 'r6a.48xlarge_use1-az5': 5, 'r6a.48xlarge_use1-az6': 1, 'r6a.4xlarge_use1-az1': 50, 'r6a.4xlarge_use1-az2': 50, 'r6a.4xlarge_use1-az4': 50, 'r6a.4xlarge_use1-az6': 50, 'r6a.8xlarge_use1-az1': 20, 'r6a.8xlarge_use1-az2': 50, 'r6a.8xlarge_use1-az4': 50, 'r6a.8xlarge_use1-az5': 50, 'r6a.8xlarge_use1-az6': 50, 'r6a.large_use1-az1': 50, 'r6a.large_use1-az2': 50, 'r6a.large_use1-az4': 50, 'r6a.large_use1-az5': 50, 'r6a.large_use1-az6': 50, 'r6a.xlarge_use1-az1': 50, 'r6a.xlarge_use1-az2': 50, 'r6a.xlarge_use1-az4': 50, 'r6a.xlarge_use1-az5': 50, 'r6a.xlarge_use1-az6': 50, 'r6g.12xlarge_use1-az2': 50, 'r6g.12xlarge_use1-az4': 45, 'r6g.12xlarge_use1-az5': 10, 'r6g.12xlarge_use1-az6': 50, 'r6g.16xlarge_use1-az2': 50, 'r6g.16xlarge_use1-az4': 50, 'r6g.16xlarge_use1-az5': 50, 'r6g.16xlarge_use1-az6': 50, 'r6g.2xlarge_use1-az5': 10, 'r6g.2xlarge_use1-az6': 50, 'r6g.4xlarge_use1-az1': 10, 'r6g.4xlarge_use1-az2': 50, 'r6g.4xlarge_use1-az4': 50, 'r6g.4xlarge_use1-az5': 50, 'r6g.4xlarge_use1-az6': 50, 'r6g.8xlarge_use1-az2': 10, 'r6g.8xlarge_use1-az4': 50, 'r6g.8xlarge_use1-az5': 50, 'r6g.8xlarge_use1-az6': 50, 'r6g.large_use1-az2': 40, 'r6g.large_use1-az4': 50, 'r6g.large_use1-az6': 50, 'r6g.medium_use1-az1': 1, 'r6g.medium_use1-az2': 10, 'r6g.medium_use1-az4': 15, 'r6g.medium_use1-az5': 15, 'r6g.medium_use1-az6': 35, 'r6g.xlarge_use1-az5': 50, 'r6g.xlarge_use1-az6': 50, 'r6gd.12xlarge_use1-az1': 1, 'r6gd.12xlarge_use1-az2': 5, 'r6gd.12xlarge_use1-az4': 10, 'r6gd.12xlarge_use1-az5': 1, 'r6gd.12xlarge_use1-az6': 10, 'r6gd.16xlarge_use1-az2': 5, 'r6gd.16xlarge_use1-az4': 50, 'r6gd.16xlarge_use1-az5': 1, 'r6gd.16xlarge_use1-az6': 45, 'r6gd.4xlarge_use1-az5': 1, 'r6gd.8xlarge_use1-az2': 10, 'r6gd.8xlarge_use1-az4': 20, 'r6gd.8xlarge_use1-az5': 1, 'r6gd.8xlarge_use1-az6': 30, 'r6gd.large_use1-az2': 50, 'r6gd.large_use1-az4': 50, 'r6gd.large_use1-az5': 50, 'r6gd.large_use1-az6': 50, 'r6gd.medium_use1-az1': 5, 'r6gd.medium_use1-az2': 1, 'r6gd.medium_use1-az4': 5, 'r6gd.medium_use1-az5': 5, 'r6gd.medium_use1-az6': 1, 'r6i.12xlarge_use1-az1': 5, 'r6i.12xlarge_use1-az2': 5, 'r6i.12xlarge_use1-az4': 5, 'r6i.12xlarge_use1-az5': 1, 'r6i.12xlarge_use1-az6': 10, 'r6i.16xlarge_use1-az1': 1, 'r6i.16xlarge_use1-az2': 1, 'r6i.16xlarge_use1-az4': 10, 'r6i.16xlarge_use1-az5': 10, 'r6i.16xlarge_use1-az6': 1, 'r6i.24xlarge_use1-az4': 10, 'r6i.24xlarge_use1-az5': 1, 'r6i.24xlarge_use1-az6': 5, 'r6i.2xlarge_use1-az1': 15, 'r6i.2xlarge_use1-az2': 35, 'r6i.2xlarge_use1-az6': 50, 'r6i.32xlarge_use1-az4': 1, 'r6i.32xlarge_use1-az5': 1, 'r6i.32xlarge_use1-az6': 1, 'r6i.4xlarge_use1-az1': 30, 'r6i.4xlarge_use1-az2': 20, 'r6i.4xlarge_use1-az4': 20, 'r6i.4xlarge_use1-az5': 10, 'r6i.4xlarge_use1-az6': 40, 'r6i.8xlarge_use1-az1': 5, 'r6i.8xlarge_use1-az2': 10, 'r6i.8xlarge_use1-az4': 10, 'r6i.8xlarge_use1-az5': 5, 'r6i.8xlarge_use1-az6': 10, 'r6i.large_use1-az1': 20, 'r6i.large_use1-az2': 50, 'r6i.large_use1-az4': 50, 'r6i.large_use1-az5': 20, 'r6i.large_use1-az6': 50, 'r6i.xlarge_use1-az1': 15, 'r6i.xlarge_use1-az5': 10, 'r6i.xlarge_use1-az6': 50, 'r6id.16xlarge_use1-az1': 5, 'r6id.16xlarge_use1-az2': 5, 'r6id.16xlarge_use1-az4': 15, 'r6id.16xlarge_use1-az5': 1, 'r6id.16xlarge_use1-az6': 20, 'r6id.24xlarge_use1-az1': 10, 'r6id.24xlarge_use1-az4': 5, 'r6id.24xlarge_use1-az6': 25, 'r6id.2xlarge_use1-az5': 1, 'r6id.32xlarge_use1-az1': 1, 'r6id.32xlarge_use1-az2': 5, 'r6id.32xlarge_use1-az6': 10, 'r6id.large_use1-az2': 10, 'r6id.large_use1-az4': 5, 'r6idn.16xlarge_use1-az4': 1, 'r6idn.16xlarge_use1-az5': 1, 'r6idn.16xlarge_use1-az6': 1, 'r6idn.24xlarge_use1-az6': 1, 'r6idn.large_use1-az1': 1, 'r6idn.large_use1-az2': 1, 'r6idn.large_use1-az4': 5, 'r6idn.large_use1-az5': 5, 'r6in.16xlarge_use1-az4': 1, 'r6in.16xlarge_use1-az5': 1, 'r6in.16xlarge_use1-az6': 5, 'r6in.8xlarge_use1-az4': 1, 'r6in.8xlarge_use1-az6': 5, 'r6in.large_use1-az1': 45, 'r6in.large_use1-az2': 50, 'r6in.large_use1-az4': 50, 'r6in.large_use1-az5': 40, 'r6in.large_use1-az6': 50, 'r7a.12xlarge_use1-az1': 1, 'r7a.12xlarge_use1-az2': 1, 'r7a.12xlarge_use1-az4': 5, 'r7a.12xlarge_use1-az6': 20, 'r7a.16xlarge_use1-az2': 15, 'r7a.16xlarge_use1-az4': 30, 'r7a.16xlarge_use1-az6': 50, 'r7a.24xlarge_use1-az2': 10, 'r7a.24xlarge_use1-az4': 10, 'r7a.24xlarge_use1-az6': 35, 'r7a.2xlarge_use1-az1': 1, 'r7a.2xlarge_use1-az2': 5, 'r7a.2xlarge_use1-az4': 25, 'r7a.2xlarge_use1-az6': 1, 'r7a.32xlarge_use1-az2': 1, 'r7a.32xlarge_use1-az4': 1, 'r7a.32xlarge_use1-az6': 50, 'r7a.48xlarge_use1-az2': 5, 'r7a.48xlarge_use1-az4': 5, 'r7a.48xlarge_use1-az6': 50, 'r7a.4xlarge_use1-az1': 5, 'r7a.4xlarge_use1-az2': 25, 'r7a.4xlarge_use1-az4': 50, 'r7a.4xlarge_use1-az6': 50, 'r7a.8xlarge_use1-az1': 5, 'r7a.8xlarge_use1-az2': 20, 'r7a.8xlarge_use1-az4': 50, 'r7a.8xlarge_use1-az6': 50, 'r7a.large_use1-az2': 50, 'r7a.large_use1-az6': 50, 'r7a.medium_use1-az1': 10, 'r7a.medium_use1-az2': 25, 'r7a.medium_use1-az4': 50, 'r7a.medium_use1-az6': 50, 'r7a.xlarge_use1-az1': 20, 'r7a.xlarge_use1-az2': 50, 'r7a.xlarge_use1-az4': 50, 'r7a.xlarge_use1-az6': 25, 'r7g.12xlarge_use1-az1': 1, 'r7g.12xlarge_use1-az2': 5, 'r7g.12xlarge_use1-az4': 50, 'r7g.12xlarge_use1-az5': 1, 'r7g.12xlarge_use1-az6': 5, 'r7g.16xlarge_use1-az1': 5, 'r7g.16xlarge_use1-az2': 30, 'r7g.16xlarge_use1-az4': 50, 'r7g.16xlarge_use1-az5': 5, 'r7g.16xlarge_use1-az6': 50, 'r7g.2xlarge_use1-az1': 5, 'r7g.2xlarge_use1-az2': 10, 'r7g.2xlarge_use1-az4': 50, 'r7g.2xlarge_use1-az5': 5, 'r7g.2xlarge_use1-az6': 15, 'r7g.4xlarge_use1-az2': 5, 'r7g.4xlarge_use1-az4': 50, 'r7g.4xlarge_use1-az5': 5, 'r7g.4xlarge_use1-az6': 15, 'r7g.8xlarge_use1-az1': 1, 'r7g.8xlarge_use1-az2': 50, 'r7g.8xlarge_use1-az4': 50, 'r7g.8xlarge_use1-az5': 50, 'r7g.8xlarge_use1-az6': 50, 'r7g.large_use1-az1': 20, 'r7g.large_use1-az2': 50, 'r7g.large_use1-az4': 50, 'r7g.large_use1-az5': 40, 'r7g.large_use1-az6': 40, 'r7g.medium_use1-az1': 50, 'r7g.medium_use1-az2': 50, 'r7g.medium_use1-az4': 50, 'r7g.medium_use1-az5': 25, 'r7g.medium_use1-az6': 50, 'r7g.xlarge_use1-az1': 50, 'r7g.xlarge_use1-az2': 50, 'r7g.xlarge_use1-az4': 50, 'r7g.xlarge_use1-az5': 10, 'r7g.xlarge_use1-az6': 50, 'r7gd.12xlarge_use1-az2': 10, 'r7gd.12xlarge_use1-az4': 35, 'r7gd.12xlarge_use1-az5': 10, 'r7gd.12xlarge_use1-az6': 50, 'r7gd.16xlarge_use1-az1': 5, 'r7gd.16xlarge_use1-az2': 50, 'r7gd.16xlarge_use1-az4': 50, 'r7gd.16xlarge_use1-az5': 50, 'r7gd.16xlarge_use1-az6': 50, 'r7gd.2xlarge_use1-az5': 40, 'r7gd.2xlarge_use1-az6': 50, 'r7gd.4xlarge_use1-az2': 20, 'r7gd.8xlarge_use1-az4': 30, 'r7gd.8xlarge_use1-az5': 20, 'r7gd.8xlarge_use1-az6': 50, 'r7gd.large_use1-az2': 10, 'r7gd.large_use1-az4': 50, 'r7gd.large_use1-az5': 15, 'r7gd.large_use1-az6': 35, 'r7gd.medium_use1-az1': 35, 'r7gd.medium_use1-az2': 15, 'r7gd.medium_use1-az4': 25, 'r7gd.medium_use1-az5': 15, 'r7gd.medium_use1-az6': 20, 'r7gd.xlarge_use1-az4': 25, 'r7gd.xlarge_use1-az5': 10, 'r7gd.xlarge_use1-az6': 50, 'r7i.12xlarge_use1-az4': 1, 'r7i.12xlarge_use1-az6': 10, 'r7i.16xlarge_use1-az1': 5, 'r7i.16xlarge_use1-az2': 15, 'r7i.16xlarge_use1-az4': 45, 'r7i.16xlarge_use1-az5': 5, 'r7i.16xlarge_use1-az6': 50, 'r7i.24xlarge_use1-az1': 1, 'r7i.24xlarge_use1-az2': 1, 'r7i.24xlarge_use1-az4': 5, 'r7i.24xlarge_use1-az5': 5, 'r7i.24xlarge_use1-az6': 5, 'r7i.2xlarge_use1-az2': 5, 'r7i.2xlarge_use1-az4': 10, 'r7i.2xlarge_use1-az5': 5, 'r7i.2xlarge_use1-az6': 50, 'r7i.48xlarge_use1-az2': 1, 'r7i.48xlarge_use1-az4': 5, 'r7i.48xlarge_use1-az5': 1, 'r7i.48xlarge_use1-az6': 5, 'r7i.4xlarge_use1-az1': 5, 'r7i.4xlarge_use1-az2': 20, 'r7i.4xlarge_use1-az4': 10, 'r7i.4xlarge_use1-az5': 1, 'r7i.4xlarge_use1-az6': 50, 'r7i.8xlarge_use1-az1': 5, 'r7i.8xlarge_use1-az2': 25, 'r7i.8xlarge_use1-az4': 25, 'r7i.8xlarge_use1-az5': 5, 'r7i.8xlarge_use1-az6': 50, 'r7i.large_use1-az1': 15, 'r7i.large_use1-az2': 50, 'r7i.large_use1-az4': 50, 'r7i.large_use1-az5': 15, 'r7i.large_use1-az6': 50, 'r7i.xlarge_use1-az1': 5, 'r7i.xlarge_use1-az2': 15, 'r7i.xlarge_use1-az4': 10, 'r7i.xlarge_use1-az5': 15, 'r7i.xlarge_use1-az6': 50, 'r8g.12xlarge_use1-az2': 5, 'r8g.12xlarge_use1-az4': 5, 'r8g.12xlarge_use1-az6': 15, 'r8g.16xlarge_use1-az1': 1, 'r8g.16xlarge_use1-az2': 50, 'r8g.16xlarge_use1-az4': 50, 'r8g.16xlarge_use1-az5': 5, 'r8g.16xlarge_use1-az6': 50, 'r8g.24xlarge_use1-az2': 10, 'r8g.24xlarge_use1-az4': 5, 'r8g.24xlarge_use1-az5': 5, 'r8g.24xlarge_use1-az6': 35, 'r8g.2xlarge_use1-az2': 5, 'r8g.2xlarge_use1-az4': 5, 'r8g.2xlarge_use1-az5': 1, 'r8g.2xlarge_use1-az6': 5, 'r8g.48xlarge_use1-az2': 1, 'r8g.48xlarge_use1-az4': 5, 'r8g.48xlarge_use1-az6': 5, 'r8g.4xlarge_use1-az2': 10, 'r8g.4xlarge_use1-az4': 35, 'r8g.4xlarge_use1-az5': 5, 'r8g.4xlarge_use1-az6': 50, 'r8g.8xlarge_use1-az2': 40, 'r8g.8xlarge_use1-az4': 15, 'r8g.8xlarge_use1-az5': 1, 'r8g.8xlarge_use1-az6': 50, 'r8g.large_use1-az1': 5, 'r8g.large_use1-az2': 30, 'r8g.large_use1-az4': 15, 'r8g.large_use1-az5': 10, 'r8g.large_use1-az6': 20, 'r8g.medium_use1-az1': 15, 'r8g.medium_use1-az2': 30, 'r8g.medium_use1-az4': 20, 'r8g.medium_use1-az5': 5, 'r8g.medium_use1-az6': 15, 'r8g.xlarge_use1-az1': 1, 'r8g.xlarge_use1-az2': 10, 'r8g.xlarge_use1-az4': 5, 'r8g.xlarge_use1-az5': 5, 'r8g.xlarge_use1-az6': 10, 'r8gb.24xlarge_use1-az6': 1, 'r8gb.large_use1-az2': 20, 'r8gb.medium_use1-az2': 50, 'r8gb.metal-24xl_use1-az6': 1, 'r8gd.12xlarge_use1-az5': 1, 'r8gd.12xlarge_use1-az6': 1, 'r8gd.16xlarge_use1-az4': 1, 'r8gd.16xlarge_use1-az5': 1, 'r8gd.24xlarge_use1-az2': 1, 'r8gd.24xlarge_use1-az5': 1, 'r8gd.24xlarge_use1-az6': 25, 'r8gd.2xlarge_use1-az2': 25, 'r8gd.2xlarge_use1-az4': 30, 'r8gd.2xlarge_use1-az6': 50, 'r8gd.48xlarge_use1-az6': 50, 'r8gd.4xlarge_use1-az5': 1, 'r8gd.8xlarge_use1-az5': 1, 'r8gd.8xlarge_use1-az6': 1, 'r8gd.large_use1-az2': 50, 'r8gd.large_use1-az5': 1, 'r8gd.large_use1-az6': 50, 'r8gd.medium_use1-az1': 5, 'r8gd.medium_use1-az2': 5, 'r8gd.medium_use1-az4': 5, 'r8gd.medium_use1-az5': 10, 'r8gd.metal-24xl_use1-az6': 1, 'r8gd.metal-48xl_use1-az6': 1, 'r8gd.xlarge_use1-az2': 25, 'r8gd.xlarge_use1-az4': 1, 'r8gd.xlarge_use1-az5': 50, 'r8gd.xlarge_use1-az6': 40, 'r8gn.24xlarge_use1-az2': 1, 'r8gn.48xlarge_use1-az6': 1, 'r8gn.medium_use1-az2': 35, 'r8gn.medium_use1-az4': 40, 'r8gn.metal-24xl_use1-az2': 1, 'r8gn.metal-24xl_use1-az6': 1, 'r8gn.xlarge_use1-az6': 10, 'r8i-flex.2xlarge_use1-az2': 1, 'r8i-flex.2xlarge_use1-az6': 5, 'r8i-flex.4xlarge_use1-az2': 1, 'r8i-flex.4xlarge_use1-az6': 1, 'r8i-flex.large_use1-az2': 1, 'r8i-flex.large_use1-az6': 5, 'r8i-flex.xlarge_use1-az2': 5, 'r8i-flex.xlarge_use1-az6': 1, 'r8i.12xlarge_use1-az2': 1, 'r8i.12xlarge_use1-az6': 1, 'r8i.16xlarge_use1-az2': 1, 'r8i.16xlarge_use1-az6': 1, 'r8i.24xlarge_use1-az6': 1, 'r8i.2xlarge_use1-az2': 5, 'r8i.2xlarge_use1-az6': 5, 'r8i.32xlarge_use1-az2': 1, 'r8i.32xlarge_use1-az6': 1, 'r8i.48xlarge_use1-az2': 1, 'r8i.48xlarge_use1-az6': 1, 'r8i.4xlarge_use1-az2': 1, 'r8i.4xlarge_use1-az6': 5, 'r8i.8xlarge_use1-az6': 5, 'r8i.96xlarge_use1-az2': 1, 'r8i.96xlarge_use1-az6': 1, 'r8i.large_use1-az2': 20, 'r8i.large_use1-az6': 20, 'r8i.xlarge_use1-az2': 5, 'r8i.xlarge_use1-az6': 5, 't2.2xlarge_use1-az1': 50, 't2.2xlarge_use1-az2': 50, 't2.2xlarge_use1-az3': 15, 't2.2xlarge_use1-az4': 50, 't2.2xlarge_use1-az5': 50, 't2.2xlarge_use1-az6': 50, 't2.large_use1-az1': 20, 't2.large_use1-az2': 50, 't2.large_use1-az3': 50, 't2.large_use1-az4': 50, 't2.large_use1-az5': 25, 't2.large_use1-az6': 50, 't2.medium_use1-az1': 50, 't2.medium_use1-az2': 50, 't2.medium_use1-az3': 50, 't2.medium_use1-az4': 50, 't2.medium_use1-az5': 50, 't2.medium_use1-az6': 50, 't2.xlarge_use1-az1': 35, 't2.xlarge_use1-az2': 50, 't2.xlarge_use1-az3': 20, 't2.xlarge_use1-az4': 50, 't2.xlarge_use1-az5': 5, 't2.xlarge_use1-az6': 50, 't3.2xlarge_use1-az1': 50, 't3.2xlarge_use1-az2': 50, 't3.2xlarge_use1-az4': 50, 't3.2xlarge_use1-az5': 50, 't3.2xlarge_use1-az6': 50, 't3.large_use1-az1': 50, 't3.large_use1-az2': 50, 't3.large_use1-az4': 50, 't3.large_use1-az5': 50, 't3.large_use1-az6': 50, 't3.medium_use1-az1': 50, 't3.medium_use1-az2': 50, 't3.medium_use1-az4': 50, 't3.medium_use1-az5': 50, 't3.medium_use1-az6': 50, 't3.xlarge_use1-az1': 50, 't3.xlarge_use1-az2': 50, 't3.xlarge_use1-az4': 50, 't3.xlarge_use1-az5': 50, 't3.xlarge_use1-az6': 50, 't3a.2xlarge_use1-az1': 50, 't3a.2xlarge_use1-az2': 50, 't3a.2xlarge_use1-az4': 50, 't3a.2xlarge_use1-az5': 50, 't3a.2xlarge_use1-az6': 50, 't3a.large_use1-az1': 50, 't3a.large_use1-az2': 50, 't3a.large_use1-az4': 50, 't3a.large_use1-az5': 5, 't3a.large_use1-az6': 50, 't3a.medium_use1-az1': 50, 't3a.medium_use1-az2': 50, 't3a.medium_use1-az4': 50, 't3a.medium_use1-az6': 50, 't3a.xlarge_use1-az1': 25, 't3a.xlarge_use1-az2': 50, 't3a.xlarge_use1-az4': 50, 't3a.xlarge_use1-az5': 15, 't3a.xlarge_use1-az6': 50, 't4g.2xlarge_use1-az1': 5, 't4g.2xlarge_use1-az2': 15, 't4g.2xlarge_use1-az4': 5, 't4g.2xlarge_use1-az5': 10, 't4g.2xlarge_use1-az6': 10, 't4g.large_use1-az1': 1, 't4g.large_use1-az2': 15, 't4g.large_use1-az4': 50, 't4g.large_use1-az5': 25, 't4g.large_use1-az6': 35, 't4g.medium_use1-az2': 50, 't4g.medium_use1-az4': 50, 't4g.medium_use1-az5': 35, 't4g.medium_use1-az6': 50, 't4g.xlarge_use1-az1': 30, 't4g.xlarge_use1-az2': 15, 't4g.xlarge_use1-az4': 50, 't4g.xlarge_use1-az5': 5, 't4g.xlarge_use1-az6': 10, 'trn1.32xlarge_use1-az6': 50, 'trn1n.32xlarge_use1-az6': 50, 'x1.32xlarge_use1-az6': 1, 'x2gd.12xlarge_use1-az5': 5, 'x2gd.16xlarge_use1-az5': 1, 'x2gd.4xlarge_use1-az5': 1, 'x2gd.8xlarge_use1-az5': 1, 'x2gd.medium_use1-az2': 35, 'x2gd.medium_use1-az4': 50, 'x2gd.medium_use1-az5': 50, 'x2gd.medium_use1-az6': 50, 'x2idn.24xlarge_use1-az5': 1, 'x8g.12xlarge_use1-az4': 20, 'x8g.16xlarge_use1-az2': 5, 'x8g.16xlarge_use1-az4': 5, 'x8g.16xlarge_use1-az6': 5, 'x8g.24xlarge_use1-az2': 5, 'x8g.24xlarge_use1-az4': 5, 'x8g.24xlarge_use1-az6': 10, 'x8g.2xlarge_use1-az2': 10, 'x8g.2xlarge_use1-az6': 25, 'x8g.48xlarge_use1-az1': 1, 'x8g.48xlarge_use1-az2': 1, 'x8g.48xlarge_use1-az4': 10, 'x8g.48xlarge_use1-az6': 1, 'x8g.4xlarge_use1-az2': 5, 'x8g.4xlarge_use1-az4': 5, 'x8g.4xlarge_use1-az6': 10, 'x8g.8xlarge_use1-az2': 15, 'x8g.8xlarge_use1-az4': 20, 'x8g.8xlarge_use1-az6': 5, 'x8g.large_use1-az1': 30, 'x8g.large_use1-az6': 50, 'x8g.medium_use1-az1': 50, 'x8g.medium_use1-az4': 50, 'x8g.medium_use1-az6': 50, 'x8g.metal-24xl_use1-az1': 1, 'x8g.metal-24xl_use1-az2': 1, 'x8g.metal-24xl_use1-az4': 1, 'x8g.metal-24xl_use1-az6': 10, 'x8g.metal-48xl_use1-az2': 1, 'x8g.metal-48xl_use1-az4': 1, 'x8g.metal-48xl_use1-az6': 1, 'x8g.xlarge_use1-az4': 40, 'x8g.xlarge_use1-az6': 50, 'z1d.12xlarge_use1-az2': 1, 'z1d.12xlarge_use1-az5': 1, 'z1d.12xlarge_use1-az6': 5, 'z1d.2xlarge_use1-az2': 5, 'z1d.3xlarge_use1-az5': 5, 'z1d.large_use1-az1': 15, 'z1d.large_use1-az2': 5, 'z1d.large_use1-az5': 10, 'z1d.large_use1-az6': 25, 'z1d.xlarge_use1-az4': 30, 'z1d.xlarge_use1-az5': 1, 'z1d.xlarge_use1-az6': 20}"
0.55,16060.301999999996,22371898141,1392993.615038217,836070,835970,"{'c5.18xlarge_use1-az1': 5, 'c5.18xlarge_use1-az2': 50, 'c5.18xlarge_use1-az4': 15, 'c5.18xlarge_use1-az5': 10, 'c5.18xlarge_use1-az6': 1, 'c5.24xlarge_use1-az1': 1, 'c5.24xlarge_use1-az2': 5, 'c5.24xlarge_use1-az4': 5, 'c5.24xlarge_use1-az6': 5, 'c5.4xlarge_use1-az2': 50, 'c5.4xlarge_use1-az4': 50, 'c5.4xlarge_use1-az6': 50, 'c5a.24xlarge_use1-az2': 1, 'c5a.large_use1-az5': 45, 'c5d.24xlarge_use1-az2': 35, 'c5d.24xlarge_use1-az6': 50, 'c6a.12xlarge_use1-az1': 5, 'c6a.12xlarge_use1-az2': 50, 'c6a.12xlarge_use1-az4': 50, 'c6a.16xlarge_use1-az2': 5, 'c6a.16xlarge_use1-az4': 10, 'c6a.16xlarge_use1-az5': 1, 'c6a.16xlarge_use1-az6': 15, 'c6a.24xlarge_use1-az1': 1, 'c6a.24xlarge_use1-az2': 5, 'c6a.24xlarge_use1-az4': 5, 'c6a.24xlarge_use1-az5': 5, 'c6a.24xlarge_use1-az6': 20, 'c6a.2xlarge_use1-az2': 40, 'c6a.2xlarge_use1-az4': 50, 'c6a.2xlarge_use1-az5': 10, 'c6a.2xlarge_use1-az6': 50, 'c6a.32xlarge_use1-az2': 1, 'c6a.32xlarge_use1-az4': 1, 'c6a.32xlarge_use1-az5': 1, 'c6a.32xlarge_use1-az6': 5, 'c6a.48xlarge_use1-az2': 1, 'c6a.48xlarge_use1-az4': 10, 'c6a.48xlarge_use1-az5': 5, 'c6a.48xlarge_use1-az6': 25, 'c6a.8xlarge_use1-az2': 50, 'c6a.8xlarge_use1-az4': 30, 'c6a.8xlarge_use1-az6': 50, 'c6a.large_use1-az2': 50, 'c6a.large_use1-az4': 50, 'c6a.large_use1-az5': 50, 'c6a.large_use1-az6': 20, 'c6g.12xlarge_use1-az1': 15, 'c6g.12xlarge_use1-az2': 25, 'c6g.12xlarge_use1-az4': 50, 'c6g.12xlarge_use1-az5': 5, 'c6g.12xlarge_use1-az6': 50, 'c6g.16xlarge_use1-az1': 1, 'c6g.16xlarge_use1-az2': 15, 'c6g.16xlarge_use1-az4': 50, 'c6g.16xlarge_use1-az5': 5, 'c6g.16xlarge_use1-az6': 50, 'c6g.2xlarge_use1-az5': 15, 'c6g.4xlarge_use1-az2': 50, 'c6g.4xlarge_use1-az4': 50, 'c6g.4xlarge_use1-az5': 50, 'c6g.4xlarge_use1-az6': 50, 'c6g.8xlarge_use1-az2': 50, 'c6g.8xlarge_use1-az4': 50, 'c6g.8xlarge_use1-az5': 50, 'c6g.8xlarge_use1-az6': 50, 'c6g.large_use1-az4': 50, 'c6g.large_use1-az6': 50, 'c6gd.12xlarge_use1-az2': 50, 'c6gd.12xlarge_use1-az4': 30, 'c6gd.12xlarge_use1-az5': 1, 'c6gd.12xlarge_use1-az6': 50, 'c6gd.16xlarge_use1-az2': 50, 'c6gd.16xlarge_use1-az4': 30, 'c6gd.16xlarge_use1-az6': 50, 'c6gd.2xlarge_use1-az1': 15, 'c6gd.2xlarge_use1-az2': 50, 'c6gd.2xlarge_use1-az4': 50, 'c6gd.2xlarge_use1-az6': 50, 'c6gd.4xlarge_use1-az4': 50, 'c6gd.4xlarge_use1-az6': 50, 'c6gd.8xlarge_use1-az2': 45, 'c6gd.8xlarge_use1-az4': 45, 'c6gd.8xlarge_use1-az5': 1, 'c6gd.8xlarge_use1-az6': 50, 'c6gn.16xlarge_use1-az5': 10, 'c6i.16xlarge_use1-az2': 15, 'c6i.16xlarge_use1-az5': 10, 'c6i.32xlarge_use1-az1': 10, 'c6i.32xlarge_use1-az4': 50, 'c6i.32xlarge_use1-az5': 1, 'c6i.32xlarge_use1-az6': 40, 'c6id.12xlarge_use1-az6': 5, 'c6id.16xlarge_use1-az1': 1, 'c6id.16xlarge_use1-az4': 5, 'c6id.16xlarge_use1-az5': 1, 'c6id.24xlarge_use1-az4': 5, 'c6id.24xlarge_use1-az5': 1, 'c6id.24xlarge_use1-az6': 10, 'c6id.32xlarge_use1-az2': 5, 'c6id.32xlarge_use1-az4': 10, 'c6id.32xlarge_use1-az5': 1, 'c6id.32xlarge_use1-az6': 5, 'c7a.12xlarge_use1-az2': 5, 'c7a.12xlarge_use1-az4': 1, 'c7a.12xlarge_use1-az6': 15, 'c7a.16xlarge_use1-az2': 1, 'c7a.24xlarge_use1-az1': 1, 'c7a.24xlarge_use1-az2': 1, 'c7a.32xlarge_use1-az1': 1, 'c7a.32xlarge_use1-az2': 1, 'c7a.32xlarge_use1-az6': 15, 'c7a.48xlarge_use1-az1': 1, 'c7a.48xlarge_use1-az2': 1, 'c7a.48xlarge_use1-az5': 1, 'c7a.48xlarge_use1-az6': 20, 'c7a.4xlarge_use1-az2': 10, 'c7a.large_use1-az1': 15, 'c7a.large_use1-az2': 25, 'c7a.large_use1-az4': 30, 'c7a.large_use1-az5': 10, 'c7a.large_use1-az6': 50, 'c7g.12xlarge_use1-az1': 15, 'c7g.12xlarge_use1-az2': 50, 'c7g.12xlarge_use1-az4': 15, 'c7g.12xlarge_use1-az5': 1, 'c7g.12xlarge_use1-az6': 50, 'c7g.16xlarge_use1-az1': 25, 'c7g.16xlarge_use1-az4': 50, 'c7g.16xlarge_use1-az5': 10, 'c7g.16xlarge_use1-az6': 50, 'c7g.2xlarge_use1-az1': 50, 'c7g.2xlarge_use1-az2': 50, 'c7g.2xlarge_use1-az4': 50, 'c7g.2xlarge_use1-az5': 50, 'c7g.2xlarge_use1-az6': 50, 'c7g.4xlarge_use1-az2': 50, 'c7g.4xlarge_use1-az4': 50, 'c7g.4xlarge_use1-az5': 50, 'c7g.4xlarge_use1-az6': 50, 'c7g.8xlarge_use1-az1': 50, 'c7g.8xlarge_use1-az2': 50, 'c7g.8xlarge_use1-az4': 50, 'c7g.8xlarge_use1-az5': 50, 'c7g.8xlarge_use1-az6': 50, 'c7gd.12xlarge_use1-az1': 5, 'c7gd.12xlarge_use1-az4': 15, 'c7gd.12xlarge_use1-az5': 15, 'c7gd.12xlarge_use1-az6': 50, 'c7gd.16xlarge_use1-az1': 5, 'c7gd.16xlarge_use1-az4': 40, 'c7gd.16xlarge_use1-az5': 1, 'c7gd.16xlarge_use1-az6': 50, 'c7gd.2xlarge_use1-az2': 50, 'c7gd.2xlarge_use1-az4': 50, 'c7gd.2xlarge_use1-az6': 50, 'c7gd.4xlarge_use1-az2': 25, 'c7gd.4xlarge_use1-az4': 50, 'c7gd.4xlarge_use1-az6': 50, 'c7gd.8xlarge_use1-az1': 5, 'c7gd.8xlarge_use1-az2': 15, 'c7gd.8xlarge_use1-az4': 10, 'c7gd.8xlarge_use1-az5': 5, 'c7gd.8xlarge_use1-az6': 20, 'c7i-flex.large_use1-az2': 50, 'c7i-flex.large_use1-az5': 1, 'c7i-flex.large_use1-az6': 50, 'c7i-flex.xlarge_use1-az5': 5, 'c7i.12xlarge_use1-az2': 15, 'c7i.2xlarge_use1-az2': 10, 'c7i.2xlarge_use1-az5': 5, 'c7i.48xlarge_use1-az1': 10, 'c7i.48xlarge_use1-az2': 10, 'c7i.48xlarge_use1-az4': 5, 'c7i.48xlarge_use1-az5': 1, 'c7i.48xlarge_use1-az6': 50, 'c7i.4xlarge_use1-az2': 5, 'c7i.8xlarge_use1-az2': 5, 'c7i.8xlarge_use1-az4': 5, 'c7i.8xlarge_use1-az6': 10, 'c7i.large_use1-az1': 45, 'c7i.large_use1-az2': 50, 'c7i.large_use1-az4': 50, 'c7i.large_use1-az5': 5, 'c7i.large_use1-az6': 50, 'c7i.xlarge_use1-az5': 1, 'c8g.12xlarge_use1-az1': 1, 'c8g.12xlarge_use1-az4': 1, 'c8g.12xlarge_use1-az6': 25, 'c8g.16xlarge_use1-az1': 10, 'c8g.16xlarge_use1-az2': 5, 'c8g.16xlarge_use1-az4': 1, 'c8g.16xlarge_use1-az6': 50, 'c8g.24xlarge_use1-az1': 5, 'c8g.24xlarge_use1-az2': 10, 'c8g.24xlarge_use1-az4': 1, 'c8g.24xlarge_use1-az6': 25, 'c8g.2xlarge_use1-az1': 5, 'c8g.2xlarge_use1-az2': 5, 'c8g.2xlarge_use1-az4': 50, 'c8g.2xlarge_use1-az6': 50, 'c8g.48xlarge_use1-az1': 1, 'c8g.48xlarge_use1-az2': 5, 'c8g.48xlarge_use1-az6': 50, 'c8g.4xlarge_use1-az1': 35, 'c8g.4xlarge_use1-az2': 15, 'c8g.4xlarge_use1-az4': 20, 'c8g.4xlarge_use1-az5': 10, 'c8g.4xlarge_use1-az6': 50, 'c8g.8xlarge_use1-az2': 5, 'c8g.8xlarge_use1-az6': 50, 'c8g.large_use1-az2': 20, 'c8g.large_use1-az4': 5, 'c8g.large_use1-az5': 1, 'c8g.metal-24xl_use1-az2': 1, 'c8g.metal-24xl_use1-az6': 20, 'c8g.metal-48xl_use1-az1': 1, 'c8g.metal-48xl_use1-az2': 1, 'c8g.metal-48xl_use1-az6': 50, 'c8g.xlarge_use1-az1': 5, 'c8g.xlarge_use1-az2': 30, 'c8g.xlarge_use1-az4': 5, 'c8g.xlarge_use1-az6': 50, 'c8gd.12xlarge_use1-az2': 5, 'c8gd.12xlarge_use1-az4': 5, 'c8gd.16xlarge_use1-az2': 10, 'c8gd.16xlarge_use1-az4': 10, 'c8gd.16xlarge_use1-az5': 5, 'c8gd.16xlarge_use1-az6': 50, 'c8gd.24xlarge_use1-az4': 5, 'c8gd.24xlarge_use1-az5': 1, 'c8gd.2xlarge_use1-az2': 50, 'c8gd.2xlarge_use1-az4': 50, 'c8gd.2xlarge_use1-az5': 10, 'c8gd.2xlarge_use1-az6': 50, 'c8gd.48xlarge_use1-az6': 15, 'c8gd.4xlarge_use1-az2': 10, 'c8gd.4xlarge_use1-az4': 30, 'c8gd.4xlarge_use1-az6': 50, 'c8gd.metal-24xl_use1-az2': 1, 'c8gd.metal-24xl_use1-az4': 1, 'c8gd.metal-24xl_use1-az5': 1, 'c8gd.metal-24xl_use1-az6': 5, 'c8gd.metal-48xl_use1-az2': 1, 'c8gd.metal-48xl_use1-az6': 1, 'c8gd.xlarge_use1-az2': 20, 'c8gd.xlarge_use1-az4': 20, 'c8gd.xlarge_use1-az5': 15, 'c8i-flex.12xlarge_use1-az6': 1, 'c8i-flex.16xlarge_use1-az6': 1, 'c8i-flex.2xlarge_use1-az2': 25, 'c8i-flex.4xlarge_use1-az2': 5, 'c8i-flex.4xlarge_use1-az4': 1, 'c8i-flex.4xlarge_use1-az6': 5, 'c8i-flex.large_use1-az4': 20, 'c8i-flex.xlarge_use1-az2': 40, 'c8i-flex.xlarge_use1-az4': 5, 'c8i.12xlarge_use1-az6': 1, 'c8i.16xlarge_use1-az6': 1, 'c8i.24xlarge_use1-az6': 1, 'c8i.2xlarge_use1-az2': 10, 'c8i.2xlarge_use1-az4': 5, 'c8i.2xlarge_use1-az6': 20, 'c8i.32xlarge_use1-az4': 1, 'c8i.32xlarge_use1-az6': 5, 'c8i.48xlarge_use1-az2': 1, 'c8i.4xlarge_use1-az4': 5, 'c8i.96xlarge_use1-az2': 1, 'c8i.96xlarge_use1-az6': 5, 'c8i.metal-48xl_use1-az2': 1, 'c8i.metal-96xl_use1-az2': 1, 'c8i.metal-96xl_use1-az6': 5, 'c8i.xlarge_use1-az4': 15, 'c8i.xlarge_use1-az6': 50, 'f2.12xlarge_use1-az2': 1, 'f2.12xlarge_use1-az6': 1, 'f2.48xlarge_use1-az2': 5, 'f2.48xlarge_use1-az4': 5, 'f2.48xlarge_use1-az6': 1, 'g4ad.16xlarge_use1-az1': 5, 'g4ad.16xlarge_use1-az2': 5, 'g4ad.16xlarge_use1-az4': 5, 'g4ad.16xlarge_use1-az6': 10, 'g4ad.4xlarge_use1-az1': 10, 'g4ad.4xlarge_use1-az2': 15, 'g4ad.4xlarge_use1-az4': 15, 'g4ad.4xlarge_use1-az6': 5, 'g4ad.8xlarge_use1-az1': 1, 'g4ad.8xlarge_use1-az2': 5, 'g4ad.8xlarge_use1-az4': 5, 'g4ad.8xlarge_use1-az6': 5, 'g4ad.xlarge_use1-az2': 20, 'g4dn.12xlarge_use1-az5': 15, 'g4dn.12xlarge_use1-az6': 50, 'g4dn.16xlarge_use1-az1': 1, 'g4dn.16xlarge_use1-az2': 10, 'g4dn.16xlarge_use1-az4': 1, 'g4dn.16xlarge_use1-az5': 5, 'g4dn.16xlarge_use1-az6': 15, 'g4dn.4xlarge_use1-az1': 5, 'g4dn.4xlarge_use1-az2': 40, 'g4dn.4xlarge_use1-az4': 25, 'g4dn.4xlarge_use1-az5': 40, 'g4dn.4xlarge_use1-az6': 40, 'g4dn.8xlarge_use1-az1': 1, 'g4dn.8xlarge_use1-az2': 1, 'g4dn.8xlarge_use1-az4': 10, 'g5.16xlarge_use1-az1': 1, 'g5.16xlarge_use1-az2': 1, 'g5.16xlarge_use1-az4': 5, 'g5.16xlarge_use1-az5': 5, 'g5.16xlarge_use1-az6': 10, 'g5.48xlarge_use1-az5': 5, 'g5.48xlarge_use1-az6': 25, 'g5.8xlarge_use1-az1': 1, 'g5.8xlarge_use1-az2': 5, 'g5.8xlarge_use1-az4': 10, 'g5.8xlarge_use1-az5': 20, 'g5.8xlarge_use1-az6': 10, 'g5g.16xlarge_use1-az1': 1, 'g5g.16xlarge_use1-az6': 5, 'g6.12xlarge_use1-az4': 30, 'g6.16xlarge_use1-az1': 1, 'g6.16xlarge_use1-az2': 1, 'g6.16xlarge_use1-az4': 1, 'g6.16xlarge_use1-az6': 5, 'g6.24xlarge_use1-az2': 1, 'g6.24xlarge_use1-az4': 1, 'g6.24xlarge_use1-az6': 1, 'g6.48xlarge_use1-az2': 5, 'g6.48xlarge_use1-az4': 30, 'g6.48xlarge_use1-az6': 50, 'g6.4xlarge_use1-az1': 5, 'g6.4xlarge_use1-az2': 10, 'g6.4xlarge_use1-az4': 35, 'g6.4xlarge_use1-az6': 50, 'g6.8xlarge_use1-az1': 5, 'g6.8xlarge_use1-az2': 5, 'g6.8xlarge_use1-az4': 10, 'g6.8xlarge_use1-az6': 15, 'g6e.16xlarge_use1-az4': 40, 'g6e.16xlarge_use1-az6': 20, 'g6f.2xlarge_use1-az1': 1, 'g6f.2xlarge_use1-az4': 1, 'g6f.2xlarge_use1-az6': 5, 'g6f.4xlarge_use1-az1': 1, 'g6f.4xlarge_use1-az4': 1, 'g6f.4xlarge_use1-az6': 1, 'g6f.large_use1-az1': 10, 'g6f.large_use1-az2': 15, 'g6f.large_use1-az4': 40, 'g6f.large_use1-az6': 20, 'g6f.xlarge_use1-az1': 1, 'g6f.xlarge_use1-az2': 1, 'g6f.xlarge_use1-az4': 5, 'g6f.xlarge_use1-az6': 10, 'gr6.4xlarge_use1-az2': 1, 'gr6.8xlarge_use1-az1': 1, 'gr6.8xlarge_use1-az2': 1, 'gr6.8xlarge_use1-az4': 1, 'gr6.8xlarge_use1-az6': 1, 'i3.large_use1-az1': 50, 'i3.large_use1-az2': 50, 'i3.large_use1-az3': 50, 'i3.large_use1-az4': 50, 'i3.large_use1-az5': 50, 'i3.large_use1-az6': 50, 'i4g.16xlarge_use1-az6': 50, 'i4g.2xlarge_use1-az6': 50, 'i4g.xlarge_use1-az2': 10, 'i4g.xlarge_use1-az5': 50, 'i4i.12xlarge_use1-az2': 5, 'i4i.24xlarge_use1-az2': 1, 'i4i.large_use1-az1': 50, 'i4i.large_use1-az2': 50, 'i4i.large_use1-az4': 50, 'i4i.large_use1-az5': 50, 'i4i.large_use1-az6': 50, 'i4i.xlarge_use1-az2': 50, 'i4i.xlarge_use1-az4': 50, 'i4i.xlarge_use1-az6': 50, 'i7i.12xlarge_use1-az6': 1, 'i7i.16xlarge_use1-az4': 5, 'i7i.16xlarge_use1-az6': 1, 'i7i.24xlarge_use1-az6': 1, 'i7i.2xlarge_use1-az1': 1, 'i7i.2xlarge_use1-az2': 50, 'i7i.2xlarge_use1-az4': 45, 'i7i.2xlarge_use1-az5': 20, 'i7i.2xlarge_use1-az6': 10, 'i7i.4xlarge_use1-az6': 20, 'i7i.metal-24xl_use1-az2': 1, 'i7i.metal-24xl_use1-az4': 50, 'i7i.metal-24xl_use1-az6': 35, 'i7i.xlarge_use1-az6': 20, 'i7ie.24xlarge_use1-az6': 50, 'i7ie.2xlarge_use1-az2': 1, 'i7ie.large_use1-az1': 45, 'i7ie.large_use1-az4': 50, 'i7ie.large_use1-az6': 50, 'i7ie.metal-24xl_use1-az6': 15, 'i7ie.metal-48xl_use1-az6': 10, 'i7ie.xlarge_use1-az6': 50, 'i8g.12xlarge_use1-az6': 1, 'i8g.24xlarge_use1-az6': 10, 'i8g.2xlarge_use1-az2': 1, 'i8g.4xlarge_use1-az2': 1, 'i8g.8xlarge_use1-az6': 5, 'i8g.large_use1-az2': 10, 'i8g.large_use1-az6': 5, 'i8g.xlarge_use1-az2': 1, 'i8g.xlarge_use1-az4': 1, 'i8g.xlarge_use1-az6': 1, 'i8ge.12xlarge_use1-az4': 1, 'i8ge.12xlarge_use1-az6': 5, 'i8ge.18xlarge_use1-az2': 1, 'i8ge.18xlarge_use1-az4': 1, 'i8ge.18xlarge_use1-az6': 5, 'i8ge.24xlarge_use1-az4': 1, 'i8ge.24xlarge_use1-az6': 5, 'i8ge.3xlarge_use1-az2': 1, 'i8ge.48xlarge_use1-az4': 5, 'i8ge.large_use1-az2': 5, 'i8ge.metal-24xl_use1-az4': 1, 'i8ge.metal-48xl_use1-az6': 1, 'i8ge.xlarge_use1-az4': 20, 'im4gn.2xlarge_use1-az6': 15, 'im4gn.8xlarge_use1-az1': 1, 'im4gn.8xlarge_use1-az4': 5, 'inf1.24xlarge_use1-az1': 1, 'inf1.24xlarge_use1-az2': 1, 'inf1.24xlarge_use1-az4': 10, 'inf1.24xlarge_use1-az5': 5, 'inf1.24xlarge_use1-az6': 20, 'inf1.2xlarge_use1-az1': 15, 'inf1.2xlarge_use1-az2': 15, 'inf1.2xlarge_use1-az4': 30, 'inf1.2xlarge_use1-az5': 40, 'inf1.2xlarge_use1-az6': 40, 'inf1.6xlarge_use1-az2': 1, 'inf1.6xlarge_use1-az4': 5, 'inf1.6xlarge_use1-az5': 5, 'inf1.6xlarge_use1-az6': 10, 'inf1.xlarge_use1-az5': 50, 'inf2.24xlarge_use1-az4': 1, 'inf2.24xlarge_use1-az6': 10, 'inf2.48xlarge_use1-az6': 15, 'inf2.8xlarge_use1-az2': 5, 'inf2.8xlarge_use1-az4': 5, 'inf2.8xlarge_use1-az5': 1, 'inf2.8xlarge_use1-az6': 1, 'is4gen.medium_use1-az6': 30, 'm2.2xlarge_use1-az1': 5, 'm2.2xlarge_use1-az6': 5, 'm2.4xlarge_use1-az1': 1, 'm2.4xlarge_use1-az4': 5, 'm2.xlarge_use1-az1': 5, 'm2.xlarge_use1-az2': 20, 'm2.xlarge_use1-az4': 20, 'm2.xlarge_use1-az6': 15, 'm4.10xlarge_use1-az1': 5, 'm4.10xlarge_use1-az2': 10, 'm4.10xlarge_use1-az3': 1, 'm4.10xlarge_use1-az4': 50, 'm4.10xlarge_use1-az5': 1, 'm4.10xlarge_use1-az6': 50, 'm4.2xlarge_use1-az3': 50, 'm4.2xlarge_use1-az6': 25, 'm4.4xlarge_use1-az1': 50, 'm4.4xlarge_use1-az2': 50, 'm4.4xlarge_use1-az3': 50, 'm4.4xlarge_use1-az4': 25, 'm4.4xlarge_use1-az5': 10, 'm4.4xlarge_use1-az6': 15, 'm4.large_use1-az1': 30, 'm4.large_use1-az2': 50, 'm4.large_use1-az4': 50, 'm4.large_use1-az5': 10, 'm4.xlarge_use1-az2': 50, 'm4.xlarge_use1-az3': 50, 'm4.xlarge_use1-az4': 50, 'm4.xlarge_use1-az5': 30, 'm4.xlarge_use1-az6': 50, 'm5.12xlarge_use1-az1': 5, 'm5.12xlarge_use1-az2': 25, 'm5.12xlarge_use1-az4': 50, 'm5.12xlarge_use1-az5': 1, 'm5.12xlarge_use1-az6': 40, 'm5.16xlarge_use1-az1': 10, 'm5.16xlarge_use1-az2': 50, 'm5.16xlarge_use1-az4': 50, 'm5.16xlarge_use1-az5': 1, 'm5.16xlarge_use1-az6': 50, 'm5.24xlarge_use1-az1': 5, 'm5.24xlarge_use1-az2': 5, 'm5.24xlarge_use1-az4': 5, 'm5.24xlarge_use1-az5': 1, 'm5.24xlarge_use1-az6': 35, 'm5.2xlarge_use1-az2': 50, 'm5.2xlarge_use1-az4': 50, 'm5.2xlarge_use1-az5': 50, 'm5.2xlarge_use1-az6': 50, 'm5.4xlarge_use1-az1': 50, 'm5.4xlarge_use1-az2': 50, 'm5.4xlarge_use1-az4': 50, 'm5.4xlarge_use1-az5': 10, 'm5.4xlarge_use1-az6': 50, 'm5.8xlarge_use1-az1': 50, 'm5.8xlarge_use1-az2': 40, 'm5.8xlarge_use1-az4': 50, 'm5.8xlarge_use1-az5': 1, 'm5.8xlarge_use1-az6': 50, 'm5.large_use1-az1': 50, 'm5.large_use1-az2': 50, 'm5.large_use1-az4': 50, 'm5.large_use1-az5': 50, 'm5.large_use1-az6': 50, 'm5.xlarge_use1-az1': 50, 'm5.xlarge_use1-az2': 50, 'm5.xlarge_use1-az4': 50, 'm5.xlarge_use1-az5': 50, 'm5.xlarge_use1-az6': 50, 'm5a.12xlarge_use1-az2': 1, 'm5a.12xlarge_use1-az4': 1, 'm5a.12xlarge_use1-az6': 1, 'm5a.16xlarge_use1-az2': 1, 'm5a.16xlarge_use1-az4': 1, 'm5a.16xlarge_use1-az6': 1, 'm5a.24xlarge_use1-az1': 1, 'm5a.24xlarge_use1-az2': 1, 'm5a.24xlarge_use1-az4': 1, 'm5a.24xlarge_use1-az5': 5, 'm5a.24xlarge_use1-az6': 5, 'm5a.2xlarge_use1-az1': 10, 'm5a.4xlarge_use1-az5': 10, 'm5a.8xlarge_use1-az4': 20, 'm5a.large_use1-az2': 50, 'm5a.large_use1-az6': 50, 'm5a.xlarge_use1-az6': 50, 'm5ad.16xlarge_use1-az2': 1, 'm5ad.24xlarge_use1-az2': 1, 'm5d.12xlarge_use1-az2': 25, 'm5d.12xlarge_use1-az4': 30, 'm5d.12xlarge_use1-az6': 15, 'm5d.16xlarge_use1-az5': 1, 'm5d.16xlarge_use1-az6': 50, 'm5d.24xlarge_use1-az2': 15, 'm5d.24xlarge_use1-az4': 5, 'm5d.24xlarge_use1-az6': 50, 'm5d.8xlarge_use1-az5': 1, 'm5dn.24xlarge_use1-az1': 1, 'm5dn.24xlarge_use1-az2': 1, 'm5dn.24xlarge_use1-az4': 1, 'm5dn.large_use1-az5': 15, 'm5dn.large_use1-az6': 50, 'm5n.12xlarge_use1-az2': 1, 'm5n.12xlarge_use1-az4': 1, 'm5n.16xlarge_use1-az2': 1, 'm5n.24xlarge_use1-az2': 1, 'm5n.24xlarge_use1-az4': 1, 'm5n.4xlarge_use1-az1': 25, 'm5n.4xlarge_use1-az2': 35, 'm5n.4xlarge_use1-az4': 50, 'm5n.4xlarge_use1-az5': 5, 'm5n.large_use1-az2': 15, 'm5n.large_use1-az5': 5, 'm5n.large_use1-az6': 15, 'm5n.xlarge_use1-az1': 20, 'm5n.xlarge_use1-az2': 50, 'm5n.xlarge_use1-az4': 50, 'm5n.xlarge_use1-az6': 50, 'm5zn.large_use1-az2': 5, 'm5zn.large_use1-az5': 15, 'm5zn.large_use1-az6': 20, 'm6a.12xlarge_use1-az1': 5, 'm6a.12xlarge_use1-az2': 5, 'm6a.12xlarge_use1-az4': 15, 'm6a.12xlarge_use1-az6': 10, 'm6a.16xlarge_use1-az1': 5, 'm6a.16xlarge_use1-az2': 5, 'm6a.16xlarge_use1-az4': 5, 'm6a.16xlarge_use1-az6': 5, 'm6a.24xlarge_use1-az1': 1, 'm6a.24xlarge_use1-az2': 1, 'm6a.24xlarge_use1-az4': 1, 'm6a.24xlarge_use1-az6': 1, 'm6a.2xlarge_use1-az1': 50, 'm6a.2xlarge_use1-az2': 35, 'm6a.2xlarge_use1-az4': 45, 'm6a.2xlarge_use1-az5': 15, 'm6a.2xlarge_use1-az6': 50, 'm6a.32xlarge_use1-az2': 1, 'm6a.32xlarge_use1-az4': 1, 'm6a.32xlarge_use1-az5': 1, 'm6a.32xlarge_use1-az6': 1, 'm6a.48xlarge_use1-az2': 1, 'm6a.48xlarge_use1-az4': 1, 'm6a.48xlarge_use1-az6': 1, 'm6a.4xlarge_use1-az1': 45, 'm6a.4xlarge_use1-az2': 40, 'm6a.4xlarge_use1-az4': 25, 'm6a.4xlarge_use1-az5': 5, 'm6a.4xlarge_use1-az6': 50, 'm6a.8xlarge_use1-az1': 25, 'm6a.8xlarge_use1-az2': 15, 'm6a.8xlarge_use1-az4': 50, 'm6a.8xlarge_use1-az5': 10, 'm6a.8xlarge_use1-az6': 50, 'm6a.large_use1-az1': 50, 'm6a.large_use1-az2': 50, 'm6a.large_use1-az4': 50, 'm6a.large_use1-az5': 30, 'm6a.large_use1-az6': 50, 'm6a.xlarge_use1-az1': 50, 'm6a.xlarge_use1-az2': 50, 'm6a.xlarge_use1-az4': 50, 'm6a.xlarge_use1-az5': 35, 'm6a.xlarge_use1-az6': 50, 'm6g.12xlarge_use1-az1': 1, 'm6g.12xlarge_use1-az2': 5, 'm6g.12xlarge_use1-az4': 50, 'm6g.12xlarge_use1-az6': 50, 'm6g.16xlarge_use1-az1': 1, 'm6g.16xlarge_use1-az2': 5, 'm6g.16xlarge_use1-az4': 25, 'm6g.16xlarge_use1-az6': 50, 'm6g.2xlarge_use1-az1': 15, 'm6g.2xlarge_use1-az2': 50, 'm6g.2xlarge_use1-az4': 50, 'm6g.2xlarge_use1-az5': 5, 'm6g.2xlarge_use1-az6': 50, 'm6g.4xlarge_use1-az1': 10, 'm6g.4xlarge_use1-az2': 50, 'm6g.4xlarge_use1-az4': 50, 'm6g.4xlarge_use1-az5': 10, 'm6g.4xlarge_use1-az6': 50, 'm6g.8xlarge_use1-az1': 5, 'm6g.8xlarge_use1-az2': 50, 'm6g.8xlarge_use1-az4': 50, 'm6g.8xlarge_use1-az6': 50, 'm6g.large_use1-az2': 50, 'm6g.large_use1-az4': 50, 'm6g.large_use1-az5': 5, 'm6g.large_use1-az6': 50, 'm6g.medium_use1-az1': 5, 'm6g.medium_use1-az2': 5, 'm6g.medium_use1-az4': 10, 'm6g.medium_use1-az5': 1, 'm6g.medium_use1-az6': 15, 'm6g.xlarge_use1-az2': 50, 'm6g.xlarge_use1-az4': 50, 'm6g.xlarge_use1-az5': 50, 'm6g.xlarge_use1-az6': 50, 'm6gd.12xlarge_use1-az1': 10, 'm6gd.12xlarge_use1-az2': 40, 'm6gd.12xlarge_use1-az4': 20, 'm6gd.12xlarge_use1-az5': 5, 'm6gd.12xlarge_use1-az6': 50, 'm6gd.16xlarge_use1-az2': 10, 'm6gd.16xlarge_use1-az4': 10, 'm6gd.16xlarge_use1-az5': 10, 'm6gd.16xlarge_use1-az6': 35, 'm6gd.2xlarge_use1-az2': 50, 'm6gd.2xlarge_use1-az4': 45, 'm6gd.4xlarge_use1-az5': 1, 'm6gd.8xlarge_use1-az1': 5, 'm6gd.8xlarge_use1-az2': 10, 'm6gd.8xlarge_use1-az4': 15, 'm6gd.8xlarge_use1-az5': 1, 'm6gd.8xlarge_use1-az6': 20, 'm6gd.large_use1-az2': 5, 'm6gd.large_use1-az4': 5, 'm6gd.large_use1-az5': 1, 'm6gd.large_use1-az6': 15, 'm6gd.medium_use1-az1': 1, 'm6gd.medium_use1-az2': 1, 'm6gd.medium_use1-az4': 1, 'm6gd.medium_use1-az5': 5, 'm6gd.medium_use1-az6': 1, 'm6gd.xlarge_use1-az4': 35, 'm6gd.xlarge_use1-az5': 1, 'm6i.12xlarge_use1-az1': 1, 'm6i.12xlarge_use1-az2': 10, 'm6i.12xlarge_use1-az4': 50, 'm6i.12xlarge_use1-az5': 1, 'm6i.12xlarge_use1-az6': 30, 'm6i.16xlarge_use1-az1': 1, 'm6i.16xlarge_use1-az2': 10, 'm6i.16xlarge_use1-az4': 5, 'm6i.16xlarge_use1-az5': 1, 'm6i.16xlarge_use1-az6': 10, 'm6i.24xlarge_use1-az2': 10, 'm6i.24xlarge_use1-az4': 5, 'm6i.24xlarge_use1-az5': 1, 'm6i.24xlarge_use1-az6': 50, 'm6i.2xlarge_use1-az1': 25, 'm6i.2xlarge_use1-az2': 50, 'm6i.2xlarge_use1-az4': 50, 'm6i.2xlarge_use1-az5': 25, 'm6i.2xlarge_use1-az6': 50, 'm6i.32xlarge_use1-az2': 1, 'm6i.32xlarge_use1-az4': 5, 'm6i.32xlarge_use1-az5': 1, 'm6i.32xlarge_use1-az6': 15, 'm6i.4xlarge_use1-az2': 50, 'm6i.4xlarge_use1-az4': 50, 'm6i.4xlarge_use1-az5': 50, 'm6i.4xlarge_use1-az6': 50, 'm6i.8xlarge_use1-az1': 1, 'm6i.8xlarge_use1-az2': 50, 'm6i.8xlarge_use1-az4': 50, 'm6i.8xlarge_use1-az5': 20, 'm6i.8xlarge_use1-az6': 50, 'm6i.large_use1-az1': 25, 'm6i.large_use1-az2': 50, 'm6i.large_use1-az4': 50, 'm6i.large_use1-az5': 50, 'm6i.large_use1-az6': 50, 'm6i.xlarge_use1-az1': 45, 'm6i.xlarge_use1-az2': 50, 'm6i.xlarge_use1-az4': 50, 'm6i.xlarge_use1-az5': 25, 'm6i.xlarge_use1-az6': 50, 'm6id.12xlarge_use1-az1': 1, 'm6id.12xlarge_use1-az2': 1, 'm6id.12xlarge_use1-az4': 1, 'm6id.12xlarge_use1-az6': 1, 'm6id.16xlarge_use1-az1': 1, 'm6id.16xlarge_use1-az2': 1, 'm6id.16xlarge_use1-az4': 1, 'm6id.16xlarge_use1-az6': 1, 'm6id.24xlarge_use1-az1': 10, 'm6id.24xlarge_use1-az2': 15, 'm6id.24xlarge_use1-az4': 35, 'm6id.24xlarge_use1-az5': 5, 'm6id.24xlarge_use1-az6': 15, 'm6id.2xlarge_use1-az1': 5, 'm6id.2xlarge_use1-az2': 5, 'm6id.2xlarge_use1-az4': 5, 'm6id.2xlarge_use1-az5': 1, 'm6id.32xlarge_use1-az1': 10, 'm6id.32xlarge_use1-az2': 15, 'm6id.32xlarge_use1-az4': 5, 'm6id.32xlarge_use1-az5': 1, 'm6id.32xlarge_use1-az6': 50, 'm6id.4xlarge_use1-az1': 15, 'm6id.4xlarge_use1-az2': 10, 'm6id.4xlarge_use1-az4': 5, 'm6id.4xlarge_use1-az5': 1, 'm6id.4xlarge_use1-az6': 10, 'm6id.8xlarge_use1-az1': 1, 'm6id.8xlarge_use1-az4': 5, 'm6id.8xlarge_use1-az5': 1, 'm6id.8xlarge_use1-az6': 1, 'm6id.large_use1-az1': 30, 'm6id.large_use1-az2': 35, 'm6id.large_use1-az4': 15, 'm6id.large_use1-az5': 5, 'm6id.large_use1-az6': 50, 'm6id.xlarge_use1-az1': 20, 'm6id.xlarge_use1-az2': 45, 'm6id.xlarge_use1-az4': 15, 'm6id.xlarge_use1-az5': 5, 'm6id.xlarge_use1-az6': 25, 'm6idn.12xlarge_use1-az2': 1, 'm6idn.16xlarge_use1-az4': 1, 'm6idn.24xlarge_use1-az1': 1, 'm6idn.24xlarge_use1-az2': 1, 'm6idn.24xlarge_use1-az4': 1, 'm6idn.large_use1-az4': 15, 'm6idn.large_use1-az5': 10, 'm6idn.large_use1-az6': 10, 'm6in.16xlarge_use1-az2': 1, 'm6in.16xlarge_use1-az4': 1, 'm6in.24xlarge_use1-az1': 1, 'm6in.24xlarge_use1-az2': 1, 'm6in.2xlarge_use1-az5': 1, 'm6in.4xlarge_use1-az1': 1, 'm6in.8xlarge_use1-az2': 1, 'm6in.large_use1-az1': 5, 'm6in.large_use1-az2': 10, 'm6in.large_use1-az4': 5, 'm6in.large_use1-az5': 1, 'm6in.large_use1-az6': 1, 'm6in.xlarge_use1-az1': 5, 'm6in.xlarge_use1-az2': 10, 'm6in.xlarge_use1-az4': 1, 'm7a.12xlarge_use1-az2': 1, 'm7a.12xlarge_use1-az6': 20, 'm7a.16xlarge_use1-az2': 1, 'm7a.16xlarge_use1-az6': 40, 'm7a.24xlarge_use1-az2': 1, 'm7a.24xlarge_use1-az6': 50, 'm7a.2xlarge_use1-az1': 5, 'm7a.2xlarge_use1-az2': 15, 'm7a.2xlarge_use1-az4': 10, 'm7a.2xlarge_use1-az6': 50, 'm7a.32xlarge_use1-az6': 20, 'm7a.48xlarge_use1-az6': 40, 'm7a.4xlarge_use1-az1': 10, 'm7a.4xlarge_use1-az2': 5, 'm7a.4xlarge_use1-az4': 10, 'm7a.4xlarge_use1-az6': 25, 'm7a.8xlarge_use1-az1': 1, 'm7a.8xlarge_use1-az2': 5, 'm7a.8xlarge_use1-az4': 1, 'm7a.8xlarge_use1-az6': 50, 'm7a.large_use1-az1': 15, 'm7a.large_use1-az2': 50, 'm7a.large_use1-az4': 50, 'm7a.large_use1-az5': 5, 'm7a.large_use1-az6': 50, 'm7a.medium_use1-az1': 10, 'm7a.medium_use1-az2': 50, 'm7a.medium_use1-az4': 50, 'm7a.medium_use1-az6': 50, 'm7a.xlarge_use1-az1': 5, 'm7a.xlarge_use1-az2': 40, 'm7a.xlarge_use1-az4': 50, 'm7a.xlarge_use1-az6': 50, 'm7g.12xlarge_use1-az1': 1, 'm7g.12xlarge_use1-az2': 10, 'm7g.12xlarge_use1-az4': 45, 'm7g.12xlarge_use1-az5': 1, 'm7g.12xlarge_use1-az6': 50, 'm7g.16xlarge_use1-az1': 1, 'm7g.16xlarge_use1-az2': 30, 'm7g.16xlarge_use1-az4': 35, 'm7g.16xlarge_use1-az5': 1, 'm7g.16xlarge_use1-az6': 50, 'm7g.2xlarge_use1-az1': 35, 'm7g.2xlarge_use1-az2': 50, 'm7g.2xlarge_use1-az4': 50, 'm7g.2xlarge_use1-az5': 15, 'm7g.2xlarge_use1-az6': 50, 'm7g.4xlarge_use1-az1': 10, 'm7g.4xlarge_use1-az2': 30, 'm7g.4xlarge_use1-az4': 50, 'm7g.4xlarge_use1-az5': 10, 'm7g.4xlarge_use1-az6': 50, 'm7g.8xlarge_use1-az1': 1, 'm7g.8xlarge_use1-az2': 15, 'm7g.8xlarge_use1-az4': 40, 'm7g.8xlarge_use1-az5': 1, 'm7g.8xlarge_use1-az6': 50, 'm7g.large_use1-az1': 10, 'm7g.large_use1-az2': 50, 'm7g.large_use1-az4': 50, 'm7g.large_use1-az5': 30, 'm7g.large_use1-az6': 50, 'm7g.medium_use1-az1': 30, 'm7g.medium_use1-az2': 40, 'm7g.medium_use1-az4': 50, 'm7g.medium_use1-az5': 35, 'm7g.medium_use1-az6': 50, 'm7g.metal_use1-az1': 1, 'm7g.metal_use1-az2': 25, 'm7g.metal_use1-az4': 10, 'm7g.metal_use1-az5': 1, 'm7g.metal_use1-az6': 50, 'm7g.xlarge_use1-az1': 50, 'm7g.xlarge_use1-az2': 50, 'm7g.xlarge_use1-az4': 50, 'm7g.xlarge_use1-az5': 50, 'm7g.xlarge_use1-az6': 50, 'm7gd.12xlarge_use1-az1': 5, 'm7gd.12xlarge_use1-az2': 10, 'm7gd.12xlarge_use1-az4': 1, 'm7gd.12xlarge_use1-az6': 35, 'm7gd.16xlarge_use1-az1': 1, 'm7gd.16xlarge_use1-az2': 30, 'm7gd.16xlarge_use1-az4': 1, 'm7gd.16xlarge_use1-az6': 40, 'm7gd.2xlarge_use1-az1': 15, 'm7gd.2xlarge_use1-az2': 50, 'm7gd.2xlarge_use1-az4': 15, 'm7gd.2xlarge_use1-az6': 25, 'm7gd.4xlarge_use1-az1': 5, 'm7gd.4xlarge_use1-az2': 10, 'm7gd.4xlarge_use1-az6': 40, 'm7gd.8xlarge_use1-az1': 10, 'm7gd.8xlarge_use1-az2': 50, 'm7gd.8xlarge_use1-az4': 30, 'm7gd.8xlarge_use1-az5': 45, 'm7gd.8xlarge_use1-az6': 50, 'm7gd.large_use1-az1': 5, 'm7gd.large_use1-az2': 50, 'm7gd.large_use1-az4': 5, 'm7gd.large_use1-az6': 50, 'm7gd.medium_use1-az1': 15, 'm7gd.medium_use1-az2': 20, 'm7gd.medium_use1-az4': 15, 'm7gd.medium_use1-az5': 20, 'm7gd.medium_use1-az6': 25, 'm7gd.metal_use1-az1': 5, 'm7gd.metal_use1-az2': 15, 'm7gd.metal_use1-az4': 1, 'm7gd.metal_use1-az6': 15, 'm7gd.xlarge_use1-az1': 5, 'm7gd.xlarge_use1-az2': 10, 'm7gd.xlarge_use1-az4': 10, 'm7gd.xlarge_use1-az5': 1, 'm7i-flex.2xlarge_use1-az1': 50, 'm7i-flex.2xlarge_use1-az2': 50, 'm7i-flex.2xlarge_use1-az4': 15, 'm7i-flex.2xlarge_use1-az5': 10, 'm7i-flex.2xlarge_use1-az6': 50, 'm7i-flex.4xlarge_use1-az2': 5, 'm7i-flex.4xlarge_use1-az4': 5, 'm7i-flex.4xlarge_use1-az6': 25, 'm7i-flex.8xlarge_use1-az1': 1, 'm7i-flex.8xlarge_use1-az2': 5, 'm7i-flex.8xlarge_use1-az4': 5, 'm7i-flex.8xlarge_use1-az5': 1, 'm7i-flex.8xlarge_use1-az6': 10, 'm7i-flex.large_use1-az1': 20, 'm7i-flex.large_use1-az2': 50, 'm7i-flex.large_use1-az4': 25, 'm7i-flex.large_use1-az5': 25, 'm7i-flex.large_use1-az6': 50, 'm7i-flex.xlarge_use1-az1': 50, 'm7i-flex.xlarge_use1-az2': 50, 'm7i-flex.xlarge_use1-az4': 50, 'm7i-flex.xlarge_use1-az5': 15, 'm7i-flex.xlarge_use1-az6': 50, 'm7i.12xlarge_use1-az1': 1, 'm7i.12xlarge_use1-az2': 5, 'm7i.12xlarge_use1-az4': 15, 'm7i.12xlarge_use1-az6': 50, 'm7i.16xlarge_use1-az1': 5, 'm7i.16xlarge_use1-az2': 10, 'm7i.16xlarge_use1-az4': 10, 'm7i.16xlarge_use1-az6': 50, 'm7i.24xlarge_use1-az2': 5, 'm7i.24xlarge_use1-az4': 5, 'm7i.24xlarge_use1-az6': 50, 'm7i.2xlarge_use1-az1': 1, 'm7i.2xlarge_use1-az2': 50, 'm7i.2xlarge_use1-az4': 50, 'm7i.2xlarge_use1-az6': 50, 'm7i.48xlarge_use1-az1': 1, 'm7i.48xlarge_use1-az2': 5, 'm7i.48xlarge_use1-az4': 20, 'm7i.48xlarge_use1-az6': 50, 'm7i.4xlarge_use1-az1': 1, 'm7i.4xlarge_use1-az2': 25, 'm7i.4xlarge_use1-az4': 10, 'm7i.4xlarge_use1-az6': 50, 'm7i.8xlarge_use1-az2': 20, 'm7i.8xlarge_use1-az4': 50, 'm7i.8xlarge_use1-az6': 50, 'm7i.large_use1-az1': 50, 'm7i.large_use1-az2': 50, 'm7i.large_use1-az4': 50, 'm7i.large_use1-az5': 1, 'm7i.large_use1-az6': 50, 'm7i.xlarge_use1-az1': 30, 'm7i.xlarge_use1-az2': 35, 'm7i.xlarge_use1-az4': 50, 'm7i.xlarge_use1-az6': 50, 'm8g.12xlarge_use1-az2': 10, 'm8g.12xlarge_use1-az4': 10, 'm8g.12xlarge_use1-az5': 1, 'm8g.12xlarge_use1-az6': 35, 'm8g.16xlarge_use1-az2': 5, 'm8g.16xlarge_use1-az4': 5, 'm8g.16xlarge_use1-az5': 5, 'm8g.16xlarge_use1-az6': 45, 'm8g.24xlarge_use1-az2': 5, 'm8g.24xlarge_use1-az4': 1, 'm8g.24xlarge_use1-az5': 1, 'm8g.24xlarge_use1-az6': 25, 'm8g.2xlarge_use1-az4': 10, 'm8g.2xlarge_use1-az5': 10, 'm8g.48xlarge_use1-az2': 5, 'm8g.48xlarge_use1-az4': 5, 'm8g.48xlarge_use1-az6': 20, 'm8g.4xlarge_use1-az2': 5, 'm8g.4xlarge_use1-az4': 5, 'm8g.4xlarge_use1-az5': 1, 'm8g.4xlarge_use1-az6': 40, 'm8g.8xlarge_use1-az2': 10, 'm8g.8xlarge_use1-az4': 20, 'm8g.8xlarge_use1-az5': 1, 'm8g.8xlarge_use1-az6': 40, 'm8g.large_use1-az1': 1, 'm8g.large_use1-az2': 20, 'm8g.large_use1-az6': 45, 'm8g.medium_use1-az1': 1, 'm8g.medium_use1-az2': 15, 'm8g.metal-48xl_use1-az2': 5, 'm8g.metal-48xl_use1-az6': 25, 'm8g.xlarge_use1-az1': 1, 'm8g.xlarge_use1-az5': 15, 'm8g.xlarge_use1-az6': 50, 'm8gd.16xlarge_use1-az5': 1, 'm8gd.4xlarge_use1-az2': 5, 'm8gd.4xlarge_use1-az6': 1, 'm8gd.8xlarge_use1-az5': 1, 'm8gd.8xlarge_use1-az6': 5, 'm8gd.large_use1-az1': 20, 'm8gd.large_use1-az2': 15, 'm8gd.large_use1-az5': 1, 'm8gd.large_use1-az6': 1, 'm8gd.medium_use1-az6': 1, 'm8gd.xlarge_use1-az1': 1, 'm8gd.xlarge_use1-az5': 1, 'm8i-flex.16xlarge_use1-az6': 5, 'm8i-flex.2xlarge_use1-az2': 10, 'm8i-flex.2xlarge_use1-az4': 1, 'm8i-flex.2xlarge_use1-az6': 50, 'm8i-flex.4xlarge_use1-az2': 1, 'm8i-flex.4xlarge_use1-az4': 1, 'm8i-flex.4xlarge_use1-az6': 5, 'm8i-flex.8xlarge_use1-az6': 1, 'm8i-flex.large_use1-az2': 5, 'm8i-flex.xlarge_use1-az2': 10, 'm8i-flex.xlarge_use1-az4': 25, 'm8i-flex.xlarge_use1-az6': 50, 'm8i.12xlarge_use1-az6': 1, 'm8i.16xlarge_use1-az4': 1, 'm8i.16xlarge_use1-az6': 1, 'm8i.24xlarge_use1-az6': 1, 'm8i.2xlarge_use1-az2': 10, 'm8i.2xlarge_use1-az4': 1, 'm8i.2xlarge_use1-az6': 10, 'm8i.32xlarge_use1-az2': 1, 'm8i.32xlarge_use1-az6': 5, 'm8i.48xlarge_use1-az2': 1, 'm8i.48xlarge_use1-az6': 5, 'm8i.4xlarge_use1-az2': 5, 'm8i.4xlarge_use1-az4': 1, 'm8i.4xlarge_use1-az6': 5, 'm8i.8xlarge_use1-az2': 1, 'm8i.8xlarge_use1-az4': 1, 'm8i.8xlarge_use1-az6': 20, 'm8i.96xlarge_use1-az6': 1, 'm8i.large_use1-az4': 25, 'm8i.metal-48xl_use1-az6': 1, 'm8i.metal-96xl_use1-az6': 1, 'm8i.xlarge_use1-az2': 30, 'm8i.xlarge_use1-az4': 10, 'r4.16xlarge_use1-az1': 10, 'r4.16xlarge_use1-az2': 10, 'r4.16xlarge_use1-az4': 35, 'r4.16xlarge_use1-az5': 15, 'r4.16xlarge_use1-az6': 10, 'r4.2xlarge_use1-az3': 50, 'r4.4xlarge_use1-az5': 5, 'r4.8xlarge_use1-az1': 50, 'r4.8xlarge_use1-az2': 50, 'r4.8xlarge_use1-az4': 50, 'r4.8xlarge_use1-az6': 50, 'r4.large_use1-az5': 20, 'r4.xlarge_use1-az2': 50, 'r5.12xlarge_use1-az1': 5, 'r5.12xlarge_use1-az2': 5, 'r5.12xlarge_use1-az4': 50, 'r5.12xlarge_use1-az6': 5, 'r5.16xlarge_use1-az1': 5, 'r5.16xlarge_use1-az4': 35, 'r5.16xlarge_use1-az5': 30, 'r5.16xlarge_use1-az6': 5, 'r5.24xlarge_use1-az4': 15, 'r5.24xlarge_use1-az5': 5, 'r5.24xlarge_use1-az6': 5, 'r5.4xlarge_use1-az1': 50, 'r5.4xlarge_use1-az2': 50, 'r5.4xlarge_use1-az4': 50, 'r5.4xlarge_use1-az5': 5, 'r5.4xlarge_use1-az6': 50, 'r5.8xlarge_use1-az1': 50, 'r5.8xlarge_use1-az2': 50, 'r5.8xlarge_use1-az4': 50, 'r5.8xlarge_use1-az5': 5, 'r5.8xlarge_use1-az6': 5, 'r5.large_use1-az1': 50, 'r5.large_use1-az4': 50, 'r5.large_use1-az5': 50, 'r5.large_use1-az6': 50, 'r5.xlarge_use1-az1': 50, 'r5.xlarge_use1-az2': 50, 'r5.xlarge_use1-az4': 50, 'r5.xlarge_use1-az5': 50, 'r5.xlarge_use1-az6': 50, 'r5a.16xlarge_use1-az1': 10, 'r5a.16xlarge_use1-az2': 10, 'r5a.16xlarge_use1-az4': 10, 'r5a.16xlarge_use1-az5': 5, 'r5a.24xlarge_use1-az2': 15, 'r5a.24xlarge_use1-az4': 10, 'r5a.24xlarge_use1-az5': 1, 'r5a.24xlarge_use1-az6': 10, 'r5a.8xlarge_use1-az5': 30, 'r5d.16xlarge_use1-az1': 5, 'r5d.16xlarge_use1-az2': 50, 'r5d.16xlarge_use1-az4': 50, 'r5d.16xlarge_use1-az5': 10, 'r5d.16xlarge_use1-az6': 50, 'r5d.24xlarge_use1-az2': 1, 'r5d.24xlarge_use1-az4': 10, 'r5d.24xlarge_use1-az6': 10, 'r5dn.16xlarge_use1-az2': 5, 'r5dn.16xlarge_use1-az4': 15, 'r5dn.16xlarge_use1-az5': 10, 'r5dn.16xlarge_use1-az6': 30, 'r5dn.24xlarge_use1-az2': 5, 'r5dn.24xlarge_use1-az4': 10, 'r5dn.24xlarge_use1-az6': 25, 'r5dn.large_use1-az5': 50, 'r5n.16xlarge_use1-az2': 10, 'r5n.16xlarge_use1-az4': 35, 'r5n.16xlarge_use1-az5': 1, 'r5n.16xlarge_use1-az6': 20, 'r5n.8xlarge_use1-az4': 35, 'r5n.8xlarge_use1-az6': 15, 'r5n.large_use1-az5': 10, 'r6a.12xlarge_use1-az1': 1, 'r6a.12xlarge_use1-az2': 10, 'r6a.12xlarge_use1-az4': 5, 'r6a.12xlarge_use1-az6': 10, 'r6a.16xlarge_use1-az1': 5, 'r6a.16xlarge_use1-az2': 15, 'r6a.16xlarge_use1-az4': 30, 'r6a.16xlarge_use1-az5': 15, 'r6a.16xlarge_use1-az6': 40, 'r6a.24xlarge_use1-az2': 5, 'r6a.24xlarge_use1-az4': 1, 'r6a.24xlarge_use1-az5': 1, 'r6a.24xlarge_use1-az6': 5, 'r6a.2xlarge_use1-az1': 50, 'r6a.2xlarge_use1-az2': 50, 'r6a.2xlarge_use1-az4': 40, 'r6a.2xlarge_use1-az5': 1, 'r6a.2xlarge_use1-az6': 50, 'r6a.32xlarge_use1-az2': 5, 'r6a.32xlarge_use1-az4': 5, 'r6a.32xlarge_use1-az5': 5, 'r6a.32xlarge_use1-az6': 5, 'r6a.48xlarge_use1-az2': 5, 'r6a.48xlarge_use1-az4': 5, 'r6a.48xlarge_use1-az5': 5, 'r6a.48xlarge_use1-az6': 1, 'r6a.4xlarge_use1-az1': 50, 'r6a.4xlarge_use1-az2': 50, 'r6a.4xlarge_use1-az4': 50, 'r6a.4xlarge_use1-az6': 50, 'r6a.8xlarge_use1-az1': 20, 'r6a.8xlarge_use1-az2': 50, 'r6a.8xlarge_use1-az4': 50, 'r6a.8xlarge_use1-az5': 50, 'r6a.8xlarge_use1-az6': 50, 'r6a.large_use1-az1': 50, 'r6a.large_use1-az2': 50, 'r6a.large_use1-az4': 50, 'r6a.large_use1-az5': 50, 'r6a.large_use1-az6': 50, 'r6a.xlarge_use1-az1': 50, 'r6a.xlarge_use1-az2': 50, 'r6a.xlarge_use1-az4': 50, 'r6a.xlarge_use1-az5': 50, 'r6a.xlarge_use1-az6': 50, 'r6g.12xlarge_use1-az2': 50, 'r6g.12xlarge_use1-az4': 45, 'r6g.12xlarge_use1-az5': 10, 'r6g.12xlarge_use1-az6': 50, 'r6g.16xlarge_use1-az2': 50, 'r6g.16xlarge_use1-az4': 50, 'r6g.16xlarge_use1-az5': 50, 'r6g.16xlarge_use1-az6': 50, 'r6g.2xlarge_use1-az5': 10, 'r6g.2xlarge_use1-az6': 50, 'r6g.4xlarge_use1-az1': 10, 'r6g.4xlarge_use1-az2': 50, 'r6g.4xlarge_use1-az4': 50, 'r6g.4xlarge_use1-az5': 50, 'r6g.4xlarge_use1-az6': 50, 'r6g.8xlarge_use1-az2': 10, 'r6g.8xlarge_use1-az4': 50, 'r6g.8xlarge_use1-az5': 50, 'r6g.8xlarge_use1-az6': 50, 'r6g.large_use1-az2': 40, 'r6g.large_use1-az4': 50, 'r6g.large_use1-az6': 50, 'r6g.medium_use1-az1': 1, 'r6g.medium_use1-az2': 10, 'r6g.medium_use1-az4': 15, 'r6g.medium_use1-az5': 15, 'r6g.medium_use1-az6': 35, 'r6g.xlarge_use1-az4': 50, 'r6g.xlarge_use1-az5': 50, 'r6g.xlarge_use1-az6': 50, 'r6gd.12xlarge_use1-az1': 1, 'r6gd.12xlarge_use1-az2': 5, 'r6gd.12xlarge_use1-az4': 10, 'r6gd.12xlarge_use1-az5': 1, 'r6gd.12xlarge_use1-az6': 10, 'r6gd.16xlarge_use1-az2': 5, 'r6gd.16xlarge_use1-az4': 50, 'r6gd.16xlarge_use1-az5': 1, 'r6gd.16xlarge_use1-az6': 45, 'r6gd.4xlarge_use1-az5': 1, 'r6gd.8xlarge_use1-az2': 10, 'r6gd.8xlarge_use1-az4': 20, 'r6gd.8xlarge_use1-az5': 1, 'r6gd.8xlarge_use1-az6': 30, 'r6gd.large_use1-az2': 50, 'r6gd.large_use1-az4': 50, 'r6gd.large_use1-az5': 50, 'r6gd.large_use1-az6': 50, 'r6gd.medium_use1-az1': 5, 'r6gd.medium_use1-az2': 1, 'r6gd.medium_use1-az4': 5, 'r6gd.medium_use1-az5': 5, 'r6gd.medium_use1-az6': 1, 'r6i.12xlarge_use1-az1': 5, 'r6i.12xlarge_use1-az2': 5, 'r6i.12xlarge_use1-az4': 5, 'r6i.12xlarge_use1-az5': 1, 'r6i.12xlarge_use1-az6': 10, 'r6i.16xlarge_use1-az1': 1, 'r6i.16xlarge_use1-az2': 1, 'r6i.16xlarge_use1-az4': 10, 'r6i.16xlarge_use1-az5': 10, 'r6i.16xlarge_use1-az6': 1, 'r6i.24xlarge_use1-az4': 10, 'r6i.24xlarge_use1-az5': 1, 'r6i.24xlarge_use1-az6': 5, 'r6i.2xlarge_use1-az1': 15, 'r6i.2xlarge_use1-az2': 35, 'r6i.2xlarge_use1-az4': 50, 'r6i.2xlarge_use1-az5': 5, 'r6i.2xlarge_use1-az6': 50, 'r6i.32xlarge_use1-az4': 1, 'r6i.32xlarge_use1-az5': 1, 'r6i.32xlarge_use1-az6': 1, 'r6i.4xlarge_use1-az1': 30, 'r6i.4xlarge_use1-az2': 20, 'r6i.4xlarge_use1-az4': 20, 'r6i.4xlarge_use1-az5': 10, 'r6i.4xlarge_use1-az6': 40, 'r6i.8xlarge_use1-az1': 5, 'r6i.8xlarge_use1-az2': 10, 'r6i.8xlarge_use1-az4': 10, 'r6i.8xlarge_use1-az5': 5, 'r6i.8xlarge_use1-az6': 10, 'r6i.large_use1-az1': 20, 'r6i.large_use1-az2': 50, 'r6i.large_use1-az4': 50, 'r6i.large_use1-az5': 20, 'r6i.large_use1-az6': 50, 'r6i.xlarge_use1-az1': 15, 'r6i.xlarge_use1-az2': 45, 'r6i.xlarge_use1-az4': 50, 'r6i.xlarge_use1-az5': 10, 'r6i.xlarge_use1-az6': 50, 'r6id.16xlarge_use1-az1': 5, 'r6id.16xlarge_use1-az2': 5, 'r6id.16xlarge_use1-az4': 15, 'r6id.16xlarge_use1-az5': 1, 'r6id.16xlarge_use1-az6': 20, 'r6id.24xlarge_use1-az1': 10, 'r6id.24xlarge_use1-az4': 5, 'r6id.24xlarge_use1-az6': 25, 'r6id.2xlarge_use1-az5': 1, 'r6id.2xlarge_use1-az6': 10, 'r6id.32xlarge_use1-az1': 1, 'r6id.32xlarge_use1-az2': 5, 'r6id.32xlarge_use1-az6': 10, 'r6id.large_use1-az2': 10, 'r6id.large_use1-az4': 5, 'r6idn.16xlarge_use1-az4': 1, 'r6idn.16xlarge_use1-az5': 1, 'r6idn.16xlarge_use1-az6': 1, 'r6idn.24xlarge_use1-az6': 1, 'r6idn.large_use1-az1': 1, 'r6idn.large_use1-az2': 1, 'r6idn.large_use1-az4': 5, 'r6idn.large_use1-az5': 5, 'r6in.12xlarge_use1-az6': 5, 'r6in.16xlarge_use1-az4': 1, 'r6in.16xlarge_use1-az5': 1, 'r6in.16xlarge_use1-az6': 5, 'r6in.24xlarge_use1-az6': 1, 'r6in.8xlarge_use1-az4': 1, 'r6in.8xlarge_use1-az6': 5, 'r6in.large_use1-az1': 45, 'r6in.large_use1-az2': 50, 'r6in.large_use1-az4': 50, 'r6in.large_use1-az5': 40, 'r6in.large_use1-az6': 50, 'r7a.12xlarge_use1-az1': 1, 'r7a.12xlarge_use1-az2': 1, 'r7a.12xlarge_use1-az4': 5, 'r7a.12xlarge_use1-az6': 20, 'r7a.16xlarge_use1-az1': 1, 'r7a.16xlarge_use1-az2': 15, 'r7a.16xlarge_use1-az4': 30, 'r7a.16xlarge_use1-az6': 50, 'r7a.24xlarge_use1-az2': 10, 'r7a.24xlarge_use1-az4': 10, 'r7a.24xlarge_use1-az6': 35, 'r7a.2xlarge_use1-az1': 1, 'r7a.2xlarge_use1-az2': 5, 'r7a.2xlarge_use1-az4': 25, 'r7a.2xlarge_use1-az6': 1, 'r7a.32xlarge_use1-az2': 1, 'r7a.32xlarge_use1-az4': 1, 'r7a.32xlarge_use1-az6': 50, 'r7a.48xlarge_use1-az2': 5, 'r7a.48xlarge_use1-az4': 5, 'r7a.48xlarge_use1-az6': 50, 'r7a.4xlarge_use1-az1': 5, 'r7a.4xlarge_use1-az2': 25, 'r7a.4xlarge_use1-az4': 50, 'r7a.4xlarge_use1-az6': 50, 'r7a.8xlarge_use1-az1': 5, 'r7a.8xlarge_use1-az2': 20, 'r7a.8xlarge_use1-az4': 50, 'r7a.8xlarge_use1-az6': 50, 'r7a.large_use1-az1': 50, 'r7a.large_use1-az2': 50, 'r7a.large_use1-az4': 50, 'r7a.large_use1-az6': 50, 'r7a.medium_use1-az1': 10, 'r7a.medium_use1-az2': 25, 'r7a.medium_use1-az4': 50, 'r7a.medium_use1-az6': 50, 'r7a.xlarge_use1-az1': 20, 'r7a.xlarge_use1-az2': 50, 'r7a.xlarge_use1-az4': 50, 'r7a.xlarge_use1-az6': 25, 'r7g.12xlarge_use1-az1': 1, 'r7g.12xlarge_use1-az2': 5, 'r7g.12xlarge_use1-az4': 50, 'r7g.12xlarge_use1-az5': 1, 'r7g.12xlarge_use1-az6': 5, 'r7g.16xlarge_use1-az1': 5, 'r7g.16xlarge_use1-az2': 30, 'r7g.16xlarge_use1-az4': 50, 'r7g.16xlarge_use1-az5': 5, 'r7g.16xlarge_use1-az6': 50, 'r7g.2xlarge_use1-az1': 5, 'r7g.2xlarge_use1-az2': 10, 'r7g.2xlarge_use1-az4': 50, 'r7g.2xlarge_use1-az5': 5, 'r7g.2xlarge_use1-az6': 15, 'r7g.4xlarge_use1-az1': 5, 'r7g.4xlarge_use1-az2': 5, 'r7g.4xlarge_use1-az4': 50, 'r7g.4xlarge_use1-az5': 5, 'r7g.4xlarge_use1-az6': 15, 'r7g.8xlarge_use1-az1': 1, 'r7g.8xlarge_use1-az2': 50, 'r7g.8xlarge_use1-az4': 50, 'r7g.8xlarge_use1-az5': 50, 'r7g.8xlarge_use1-az6': 50, 'r7g.large_use1-az1': 20, 'r7g.large_use1-az2': 50, 'r7g.large_use1-az4': 50, 'r7g.large_use1-az5': 40, 'r7g.large_use1-az6': 40, 'r7g.medium_use1-az1': 50, 'r7g.medium_use1-az2': 50, 'r7g.medium_use1-az4': 50, 'r7g.medium_use1-az5': 25, 'r7g.medium_use1-az6': 50, 'r7g.xlarge_use1-az1': 50, 'r7g.xlarge_use1-az2': 50, 'r7g.xlarge_use1-az4': 50, 'r7g.xlarge_use1-az5': 10, 'r7g.xlarge_use1-az6': 50, 'r7gd.12xlarge_use1-az2': 10, 'r7gd.12xlarge_use1-az4': 35, 'r7gd.12xlarge_use1-az5': 10, 'r7gd.12xlarge_use1-az6': 50, 'r7gd.16xlarge_use1-az1': 5, 'r7gd.16xlarge_use1-az2': 50, 'r7gd.16xlarge_use1-az4': 50, 'r7gd.16xlarge_use1-az5': 50, 'r7gd.16xlarge_use1-az6': 50, 'r7gd.2xlarge_use1-az5': 40, 'r7gd.2xlarge_use1-az6': 50, 'r7gd.4xlarge_use1-az2': 20, 'r7gd.4xlarge_use1-az4': 25, 'r7gd.4xlarge_use1-az6': 50, 'r7gd.8xlarge_use1-az4': 30, 'r7gd.8xlarge_use1-az5': 20, 'r7gd.8xlarge_use1-az6': 50, 'r7gd.large_use1-az2': 10, 'r7gd.large_use1-az4': 50, 'r7gd.large_use1-az5': 15, 'r7gd.large_use1-az6': 35, 'r7gd.medium_use1-az1': 35, 'r7gd.medium_use1-az2': 15, 'r7gd.medium_use1-az4': 25, 'r7gd.medium_use1-az5': 15, 'r7gd.medium_use1-az6': 20, 'r7gd.xlarge_use1-az4': 25, 'r7gd.xlarge_use1-az5': 10, 'r7gd.xlarge_use1-az6': 50, 'r7i.12xlarge_use1-az4': 1, 'r7i.12xlarge_use1-az6': 10, 'r7i.16xlarge_use1-az1': 5, 'r7i.16xlarge_use1-az2': 15, 'r7i.16xlarge_use1-az4': 45, 'r7i.16xlarge_use1-az5': 5, 'r7i.16xlarge_use1-az6': 50, 'r7i.24xlarge_use1-az1': 1, 'r7i.24xlarge_use1-az2': 1, 'r7i.24xlarge_use1-az4': 5, 'r7i.24xlarge_use1-az5': 5, 'r7i.24xlarge_use1-az6': 5, 'r7i.2xlarge_use1-az2': 5, 'r7i.2xlarge_use1-az4': 10, 'r7i.2xlarge_use1-az5': 5, 'r7i.2xlarge_use1-az6': 50, 'r7i.48xlarge_use1-az2': 1, 'r7i.48xlarge_use1-az4': 5, 'r7i.48xlarge_use1-az5': 1, 'r7i.48xlarge_use1-az6': 5, 'r7i.4xlarge_use1-az1': 5, 'r7i.4xlarge_use1-az2': 20, 'r7i.4xlarge_use1-az4': 10, 'r7i.4xlarge_use1-az5': 1, 'r7i.4xlarge_use1-az6': 50, 'r7i.8xlarge_use1-az1': 5, 'r7i.8xlarge_use1-az2': 25, 'r7i.8xlarge_use1-az4': 25, 'r7i.8xlarge_use1-az5': 5, 'r7i.8xlarge_use1-az6': 50, 'r7i.large_use1-az1': 15, 'r7i.large_use1-az2': 50, 'r7i.large_use1-az4': 50, 'r7i.large_use1-az5': 15, 'r7i.large_use1-az6': 50, 'r7i.xlarge_use1-az1': 5, 'r7i.xlarge_use1-az2': 15, 'r7i.xlarge_use1-az4': 10, 'r7i.xlarge_use1-az5': 15, 'r7i.xlarge_use1-az6': 50, 'r8g.12xlarge_use1-az2': 5, 'r8g.12xlarge_use1-az4': 5, 'r8g.12xlarge_use1-az6': 15, 'r8g.16xlarge_use1-az1': 1, 'r8g.16xlarge_use1-az2': 50, 'r8g.16xlarge_use1-az4': 50, 'r8g.16xlarge_use1-az5': 5, 'r8g.16xlarge_use1-az6': 50, 'r8g.24xlarge_use1-az2': 10, 'r8g.24xlarge_use1-az4': 5, 'r8g.24xlarge_use1-az5': 5, 'r8g.24xlarge_use1-az6': 35, 'r8g.2xlarge_use1-az2': 5, 'r8g.2xlarge_use1-az4': 5, 'r8g.2xlarge_use1-az5': 1, 'r8g.2xlarge_use1-az6': 5, 'r8g.48xlarge_use1-az2': 1, 'r8g.48xlarge_use1-az4': 5, 'r8g.48xlarge_use1-az6': 5, 'r8g.4xlarge_use1-az2': 10, 'r8g.4xlarge_use1-az4': 35, 'r8g.4xlarge_use1-az5': 5, 'r8g.4xlarge_use1-az6': 50, 'r8g.8xlarge_use1-az2': 40, 'r8g.8xlarge_use1-az4': 15, 'r8g.8xlarge_use1-az5': 1, 'r8g.8xlarge_use1-az6': 50, 'r8g.large_use1-az1': 5, 'r8g.large_use1-az2': 30, 'r8g.large_use1-az4': 15, 'r8g.large_use1-az5': 10, 'r8g.large_use1-az6': 20, 'r8g.medium_use1-az1': 15, 'r8g.medium_use1-az2': 30, 'r8g.medium_use1-az4': 20, 'r8g.medium_use1-az5': 5, 'r8g.medium_use1-az6': 15, 'r8g.xlarge_use1-az1': 1, 'r8g.xlarge_use1-az2': 10, 'r8g.xlarge_use1-az4': 5, 'r8g.xlarge_use1-az5': 5, 'r8g.xlarge_use1-az6': 10, 'r8gb.24xlarge_use1-az6': 1, 'r8gb.large_use1-az2': 20, 'r8gb.medium_use1-az2': 50, 'r8gb.metal-24xl_use1-az6': 1, 'r8gd.12xlarge_use1-az5': 1, 'r8gd.12xlarge_use1-az6': 1, 'r8gd.16xlarge_use1-az4': 1, 'r8gd.16xlarge_use1-az5': 1, 'r8gd.24xlarge_use1-az2': 1, 'r8gd.24xlarge_use1-az5': 1, 'r8gd.24xlarge_use1-az6': 25, 'r8gd.2xlarge_use1-az2': 25, 'r8gd.2xlarge_use1-az4': 30, 'r8gd.2xlarge_use1-az6': 50, 'r8gd.48xlarge_use1-az6': 50, 'r8gd.4xlarge_use1-az5': 1, 'r8gd.8xlarge_use1-az5': 1, 'r8gd.8xlarge_use1-az6': 1, 'r8gd.large_use1-az2': 50, 'r8gd.large_use1-az5': 1, 'r8gd.large_use1-az6': 50, 'r8gd.medium_use1-az1': 5, 'r8gd.medium_use1-az2': 5, 'r8gd.medium_use1-az4': 5, 'r8gd.medium_use1-az5': 10, 'r8gd.metal-24xl_use1-az6': 1, 'r8gd.metal-48xl_use1-az6': 1, 'r8gd.xlarge_use1-az2': 25, 'r8gd.xlarge_use1-az4': 1, 'r8gd.xlarge_use1-az5': 50, 'r8gd.xlarge_use1-az6': 40, 'r8gn.24xlarge_use1-az2': 1, 'r8gn.48xlarge_use1-az6': 1, 'r8gn.large_use1-az6': 20, 'r8gn.medium_use1-az2': 35, 'r8gn.medium_use1-az4': 40, 'r8gn.metal-24xl_use1-az2': 1, 'r8gn.metal-24xl_use1-az6': 1, 'r8gn.xlarge_use1-az6': 10, 'r8i-flex.2xlarge_use1-az2': 1, 'r8i-flex.2xlarge_use1-az6': 5, 'r8i-flex.4xlarge_use1-az2': 1, 'r8i-flex.4xlarge_use1-az6': 1, 'r8i-flex.large_use1-az2': 1, 'r8i-flex.large_use1-az6': 5, 'r8i-flex.xlarge_use1-az2': 5, 'r8i-flex.xlarge_use1-az6': 1, 'r8i.12xlarge_use1-az2': 1, 'r8i.12xlarge_use1-az6': 1, 'r8i.16xlarge_use1-az2': 1, 'r8i.16xlarge_use1-az6': 1, 'r8i.24xlarge_use1-az6': 1, 'r8i.2xlarge_use1-az2': 5, 'r8i.2xlarge_use1-az6': 5, 'r8i.32xlarge_use1-az2': 1, 'r8i.32xlarge_use1-az6': 1, 'r8i.48xlarge_use1-az2': 1, 'r8i.48xlarge_use1-az6': 1, 'r8i.4xlarge_use1-az2': 1, 'r8i.4xlarge_use1-az6': 5, 'r8i.8xlarge_use1-az2': 1, 'r8i.8xlarge_use1-az6': 5, 'r8i.96xlarge_use1-az2': 1, 'r8i.96xlarge_use1-az6': 1, 'r8i.large_use1-az2': 20, 'r8i.large_use1-az6': 20, 'r8i.xlarge_use1-az2': 5, 'r8i.xlarge_use1-az6': 5, 't2.2xlarge_use1-az1': 50, 't2.2xlarge_use1-az2': 50, 't2.2xlarge_use1-az3': 15, 't2.2xlarge_use1-az4': 50, 't2.2xlarge_use1-az5': 50, 't2.2xlarge_use1-az6': 50, 't2.large_use1-az1': 20, 't2.large_use1-az2': 50, 't2.large_use1-az3': 50, 't2.large_use1-az4': 50, 't2.large_use1-az5': 25, 't2.large_use1-az6': 50, 't2.medium_use1-az1': 50, 't2.medium_use1-az2': 50, 't2.medium_use1-az3': 50, 't2.medium_use1-az4': 50, 't2.medium_use1-az5': 50, 't2.medium_use1-az6': 50, 't2.xlarge_use1-az1': 35, 't2.xlarge_use1-az2': 50, 't2.xlarge_use1-az3': 20, 't2.xlarge_use1-az4': 50, 't2.xlarge_use1-az5': 5, 't2.xlarge_use1-az6': 50, 't3.2xlarge_use1-az1': 50, 't3.2xlarge_use1-az2': 50, 't3.2xlarge_use1-az4': 50, 't3.2xlarge_use1-az5': 50, 't3.2xlarge_use1-az6': 50, 't3.large_use1-az1': 50, 't3.large_use1-az2': 50, 't3.large_use1-az4': 50, 't3.large_use1-az5': 50, 't3.large_use1-az6': 50, 't3.medium_use1-az1': 50, 't3.medium_use1-az2': 50, 't3.medium_use1-az4': 50, 't3.medium_use1-az5': 50, 't3.medium_use1-az6': 50, 't3.xlarge_use1-az1': 50, 't3.xlarge_use1-az2': 50, 't3.xlarge_use1-az4': 50, 't3.xlarge_use1-az5': 50, 't3.xlarge_use1-az6': 50, 't3a.2xlarge_use1-az1': 50, 't3a.2xlarge_use1-az2': 50, 't3a.2xlarge_use1-az4': 50, 't3a.2xlarge_use1-az5': 50, 't3a.2xlarge_use1-az6': 50, 't3a.large_use1-az1': 50, 't3a.large_use1-az2': 50, 't3a.large_use1-az4': 50, 't3a.large_use1-az5': 5, 't3a.large_use1-az6': 50, 't3a.medium_use1-az1': 50, 't3a.medium_use1-az2': 50, 't3a.medium_use1-az4': 50, 't3a.medium_use1-az6': 50, 't3a.xlarge_use1-az1': 25, 't3a.xlarge_use1-az2': 50, 't3a.xlarge_use1-az4': 50, 't3a.xlarge_use1-az5': 15, 't3a.xlarge_use1-az6': 50, 't4g.2xlarge_use1-az1': 5, 't4g.2xlarge_use1-az2': 15, 't4g.2xlarge_use1-az4': 5, 't4g.2xlarge_use1-az5': 10, 't4g.2xlarge_use1-az6': 10, 't4g.large_use1-az1': 1, 't4g.large_use1-az2': 15, 't4g.large_use1-az4': 50, 't4g.large_use1-az5': 25, 't4g.large_use1-az6': 35, 't4g.medium_use1-az2': 50, 't4g.medium_use1-az4': 50, 't4g.medium_use1-az5': 35, 't4g.medium_use1-az6': 50, 't4g.xlarge_use1-az1': 30, 't4g.xlarge_use1-az2': 15, 't4g.xlarge_use1-az4': 50, 't4g.xlarge_use1-az5': 5, 't4g.xlarge_use1-az6': 10, 'trn1.32xlarge_use1-az6': 50, 'trn1n.32xlarge_use1-az6': 50, 'x1.32xlarge_use1-az6': 1, 'x2gd.12xlarge_use1-az5': 5, 'x2gd.16xlarge_use1-az5': 1, 'x2gd.4xlarge_use1-az5': 1, 'x2gd.8xlarge_use1-az4': 1, 'x2gd.8xlarge_use1-az5': 1, 'x2gd.large_use1-az2': 25, 'x2gd.large_use1-az6': 50, 'x2gd.medium_use1-az2': 35, 'x2gd.medium_use1-az4': 50, 'x2gd.medium_use1-az5': 50, 'x2gd.medium_use1-az6': 50, 'x2gd.xlarge_use1-az5': 15, 'x2idn.24xlarge_use1-az5': 1, 'x8g.12xlarge_use1-az4': 20, 'x8g.16xlarge_use1-az2': 5, 'x8g.16xlarge_use1-az4': 5, 'x8g.16xlarge_use1-az6': 5, 'x8g.24xlarge_use1-az2': 5, 'x8g.24xlarge_use1-az4': 5, 'x8g.24xlarge_use1-az6': 10, 'x8g.2xlarge_use1-az2': 10, 'x8g.2xlarge_use1-az6': 25, 'x8g.48xlarge_use1-az1': 1, 'x8g.48xlarge_use1-az2': 1, 'x8g.48xlarge_use1-az4': 10, 'x8g.48xlarge_use1-az6': 1, 'x8g.4xlarge_use1-az2': 5, 'x8g.4xlarge_use1-az4': 5, 'x8g.4xlarge_use1-az6': 10, 'x8g.8xlarge_use1-az2': 15, 'x8g.8xlarge_use1-az4': 20, 'x8g.8xlarge_use1-az6': 5, 'x8g.large_use1-az1': 30, 'x8g.large_use1-az4': 50, 'x8g.large_use1-az6': 50, 'x8g.medium_use1-az1': 50, 'x8g.medium_use1-az4': 50, 'x8g.medium_use1-az6': 50, 'x8g.metal-24xl_use1-az1': 1, 'x8g.metal-24xl_use1-az2': 1, 'x8g.metal-24xl_use1-az4': 1, 'x8g.metal-24xl_use1-az6': 10, 'x8g.metal-48xl_use1-az2': 1, 'x8g.metal-48xl_use1-az4': 1, 'x8g.metal-48xl_use1-az6': 1, 'x8g.xlarge_use1-az1': 10, 'x8g.xlarge_use1-az2': 20, 'x8g.xlarge_use1-az4': 40, 'x8g.xlarge_use1-az6': 50, 'z1d.12xlarge_use1-az2': 1, 'z1d.12xlarge_use1-az5': 1, 'z1d.12xlarge_use1-az6': 5, 'z1d.2xlarge_use1-az2': 5, 'z1d.3xlarge_use1-az5': 5, 'z1d.large_use1-az1': 15, 'z1d.large_use1-az2': 5, 'z1d.large_use1-az4': 25, 'z1d.large_use1-az5': 10, 'z1d.large_use1-az6': 25, 'z1d.xlarge_use1-az4': 30, 'z1d.xlarge_use1-az5': 1, 'z1d.xlarge_use1-az6': 20}"
0.56,16891.746899999987,23102575886,1367684.232049205,865558,865458,"{'c5.12xlarge_use1-az6': 50, 'c5.18xlarge_use1-az1': 5, 'c5.18xlarge_use1-az2': 50, 'c5.18xlarge_use1-az4': 15, 'c5.18xlarge_use1-az5': 10, 'c5.18xlarge_use1-az6': 1, 'c5.24xlarge_use1-az1': 1, 'c5.24xlarge_use1-az2': 5, 'c5.24xlarge_use1-az4': 5, 'c5.24xlarge_use1-az6': 5, 'c5.4xlarge_use1-az2': 50, 'c5.4xlarge_use1-az4': 50, 'c5.4xlarge_use1-az6': 50, 'c5a.12xlarge_use1-az1': 5, 'c5a.24xlarge_use1-az2': 1, 'c5a.large_use1-az5': 45, 'c5ad.24xlarge_use1-az4': 1, 'c5d.18xlarge_use1-az6': 30, 'c5d.24xlarge_use1-az2': 35, 'c5d.24xlarge_use1-az4': 25, 'c5d.24xlarge_use1-az6': 50, 'c5n.large_use1-az5': 5, 'c6a.12xlarge_use1-az1': 5, 'c6a.12xlarge_use1-az2': 50, 'c6a.12xlarge_use1-az4': 50, 'c6a.12xlarge_use1-az6': 15, 'c6a.16xlarge_use1-az2': 5, 'c6a.16xlarge_use1-az4': 10, 'c6a.16xlarge_use1-az5': 1, 'c6a.16xlarge_use1-az6': 15, 'c6a.24xlarge_use1-az1': 1, 'c6a.24xlarge_use1-az2': 5, 'c6a.24xlarge_use1-az4': 5, 'c6a.24xlarge_use1-az5': 5, 'c6a.24xlarge_use1-az6': 20, 'c6a.2xlarge_use1-az2': 40, 'c6a.2xlarge_use1-az4': 50, 'c6a.2xlarge_use1-az5': 10, 'c6a.2xlarge_use1-az6': 50, 'c6a.32xlarge_use1-az2': 1, 'c6a.32xlarge_use1-az4': 1, 'c6a.32xlarge_use1-az5': 1, 'c6a.32xlarge_use1-az6': 5, 'c6a.48xlarge_use1-az2': 1, 'c6a.48xlarge_use1-az4': 10, 'c6a.48xlarge_use1-az5': 5, 'c6a.48xlarge_use1-az6': 25, 'c6a.8xlarge_use1-az2': 50, 'c6a.8xlarge_use1-az4': 30, 'c6a.8xlarge_use1-az5': 25, 'c6a.8xlarge_use1-az6': 50, 'c6a.large_use1-az1': 45, 'c6a.large_use1-az2': 50, 'c6a.large_use1-az4': 50, 'c6a.large_use1-az5': 50, 'c6a.large_use1-az6': 20, 'c6a.xlarge_use1-az2': 25, 'c6a.xlarge_use1-az4': 25, 'c6a.xlarge_use1-az6': 25, 'c6g.12xlarge_use1-az1': 15, 'c6g.12xlarge_use1-az2': 25, 'c6g.12xlarge_use1-az4': 50, 'c6g.12xlarge_use1-az5': 5, 'c6g.12xlarge_use1-az6': 50, 'c6g.16xlarge_use1-az1': 1, 'c6g.16xlarge_use1-az2': 15, 'c6g.16xlarge_use1-az4': 50, 'c6g.16xlarge_use1-az5': 5, 'c6g.16xlarge_use1-az6': 50, 'c6g.2xlarge_use1-az5': 15, 'c6g.4xlarge_use1-az2': 50, 'c6g.4xlarge_use1-az4': 50, 'c6g.4xlarge_use1-az5': 50, 'c6g.4xlarge_use1-az6': 50, 'c6g.8xlarge_use1-az1': 50, 'c6g.8xlarge_use1-az2': 50, 'c6g.8xlarge_use1-az4': 50, 'c6g.8xlarge_use1-az5': 50, 'c6g.8xlarge_use1-az6': 50, 'c6g.large_use1-az4': 50, 'c6g.large_use1-az5': 50, 'c6g.large_use1-az6': 50, 'c6gd.12xlarge_use1-az2': 50, 'c6gd.12xlarge_use1-az4': 30, 'c6gd.12xlarge_use1-az5': 1, 'c6gd.12xlarge_use1-az6': 50, 'c6gd.16xlarge_use1-az2': 50, 'c6gd.16xlarge_use1-az4': 30, 'c6gd.16xlarge_use1-az6': 50, 'c6gd.2xlarge_use1-az1': 15, 'c6gd.2xlarge_use1-az2': 50, 'c6gd.2xlarge_use1-az4': 50, 'c6gd.2xlarge_use1-az5': 1, 'c6gd.2xlarge_use1-az6': 50, 'c6gd.4xlarge_use1-az4': 50, 'c6gd.4xlarge_use1-az6': 50, 'c6gd.8xlarge_use1-az2': 45, 'c6gd.8xlarge_use1-az4': 45, 'c6gd.8xlarge_use1-az5': 1, 'c6gd.8xlarge_use1-az6': 50, 'c6gd.large_use1-az5': 1, 'c6gn.12xlarge_use1-az5': 1, 'c6gn.16xlarge_use1-az5': 10, 'c6i.12xlarge_use1-az2': 15, 'c6i.12xlarge_use1-az4': 30, 'c6i.16xlarge_use1-az1': 5, 'c6i.16xlarge_use1-az2': 15, 'c6i.16xlarge_use1-az4': 25, 'c6i.16xlarge_use1-az5': 10, 'c6i.16xlarge_use1-az6': 30, 'c6i.32xlarge_use1-az1': 10, 'c6i.32xlarge_use1-az2': 5, 'c6i.32xlarge_use1-az4': 50, 'c6i.32xlarge_use1-az5': 1, 'c6i.32xlarge_use1-az6': 40, 'c6id.12xlarge_use1-az4': 5, 'c6id.12xlarge_use1-az6': 5, 'c6id.16xlarge_use1-az1': 1, 'c6id.16xlarge_use1-az4': 5, 'c6id.16xlarge_use1-az5': 1, 'c6id.24xlarge_use1-az4': 5, 'c6id.24xlarge_use1-az5': 1, 'c6id.24xlarge_use1-az6': 10, 'c6id.32xlarge_use1-az1': 1, 'c6id.32xlarge_use1-az2': 5, 'c6id.32xlarge_use1-az4': 10, 'c6id.32xlarge_use1-az5': 1, 'c6id.32xlarge_use1-az6': 5, 'c6in.large_use1-az5': 1, 'c7a.12xlarge_use1-az2': 5, 'c7a.12xlarge_use1-az4': 1, 'c7a.12xlarge_use1-az6': 15, 'c7a.16xlarge_use1-az1': 1, 'c7a.16xlarge_use1-az2': 1, 'c7a.24xlarge_use1-az1': 1, 'c7a.24xlarge_use1-az2': 1, 'c7a.32xlarge_use1-az1': 1, 'c7a.32xlarge_use1-az2': 1, 'c7a.32xlarge_use1-az6': 15, 'c7a.48xlarge_use1-az1': 1, 'c7a.48xlarge_use1-az2': 1, 'c7a.48xlarge_use1-az5': 1, 'c7a.48xlarge_use1-az6': 20, 'c7a.4xlarge_use1-az2': 10, 'c7a.4xlarge_use1-az5': 1, 'c7a.large_use1-az1': 15, 'c7a.large_use1-az2': 25, 'c7a.large_use1-az4': 30, 'c7a.large_use1-az5': 10, 'c7a.large_use1-az6': 50, 'c7g.12xlarge_use1-az1': 15, 'c7g.12xlarge_use1-az2': 50, 'c7g.12xlarge_use1-az4': 15, 'c7g.12xlarge_use1-az5': 1, 'c7g.12xlarge_use1-az6': 50, 'c7g.16xlarge_use1-az1': 25, 'c7g.16xlarge_use1-az4': 50, 'c7g.16xlarge_use1-az5': 10, 'c7g.16xlarge_use1-az6': 50, 'c7g.2xlarge_use1-az1': 50, 'c7g.2xlarge_use1-az2': 50, 'c7g.2xlarge_use1-az4': 50, 'c7g.2xlarge_use1-az5': 50, 'c7g.2xlarge_use1-az6': 50, 'c7g.4xlarge_use1-az1': 50, 'c7g.4xlarge_use1-az2': 50, 'c7g.4xlarge_use1-az4': 50, 'c7g.4xlarge_use1-az5': 50, 'c7g.4xlarge_use1-az6': 50, 'c7g.8xlarge_use1-az1': 50, 'c7g.8xlarge_use1-az2': 50, 'c7g.8xlarge_use1-az4': 50, 'c7g.8xlarge_use1-az5': 50, 'c7g.8xlarge_use1-az6': 50, 'c7g.xlarge_use1-az2': 50, 'c7g.xlarge_use1-az5': 50, 'c7g.xlarge_use1-az6': 50, 'c7gd.12xlarge_use1-az1': 5, 'c7gd.12xlarge_use1-az4': 15, 'c7gd.12xlarge_use1-az5': 15, 'c7gd.12xlarge_use1-az6': 50, 'c7gd.16xlarge_use1-az1': 5, 'c7gd.16xlarge_use1-az4': 40, 'c7gd.16xlarge_use1-az5': 1, 'c7gd.16xlarge_use1-az6': 50, 'c7gd.2xlarge_use1-az1': 15, 'c7gd.2xlarge_use1-az2': 50, 'c7gd.2xlarge_use1-az4': 50, 'c7gd.2xlarge_use1-az6': 50, 'c7gd.4xlarge_use1-az1': 30, 'c7gd.4xlarge_use1-az2': 25, 'c7gd.4xlarge_use1-az4': 50, 'c7gd.4xlarge_use1-az6': 50, 'c7gd.8xlarge_use1-az1': 5, 'c7gd.8xlarge_use1-az2': 15, 'c7gd.8xlarge_use1-az4': 10, 'c7gd.8xlarge_use1-az5': 5, 'c7gd.8xlarge_use1-az6': 20, 'c7gd.xlarge_use1-az5': 15, 'c7gn.16xlarge_use1-az6': 20, 'c7i-flex.large_use1-az1': 40, 'c7i-flex.large_use1-az2': 50, 'c7i-flex.large_use1-az4': 10, 'c7i-flex.large_use1-az5': 1, 'c7i-flex.large_use1-az6': 50, 'c7i-flex.xlarge_use1-az2': 50, 'c7i-flex.xlarge_use1-az5': 5, 'c7i.12xlarge_use1-az2': 15, 'c7i.12xlarge_use1-az6': 5, 'c7i.16xlarge_use1-az1': 1, 'c7i.16xlarge_use1-az6': 15, 'c7i.24xlarge_use1-az6': 15, 'c7i.2xlarge_use1-az2': 10, 'c7i.2xlarge_use1-az4': 10, 'c7i.2xlarge_use1-az5': 5, 'c7i.48xlarge_use1-az1': 10, 'c7i.48xlarge_use1-az2': 10, 'c7i.48xlarge_use1-az4': 5, 'c7i.48xlarge_use1-az5': 1, 'c7i.48xlarge_use1-az6': 50, 'c7i.4xlarge_use1-az2': 5, 'c7i.4xlarge_use1-az5': 1, 'c7i.4xlarge_use1-az6': 15, 'c7i.8xlarge_use1-az2': 5, 'c7i.8xlarge_use1-az4': 5, 'c7i.8xlarge_use1-az6': 10, 'c7i.large_use1-az1': 45, 'c7i.large_use1-az2': 50, 'c7i.large_use1-az4': 50, 'c7i.large_use1-az5': 5, 'c7i.large_use1-az6': 50, 'c7i.xlarge_use1-az2': 10, 'c7i.xlarge_use1-az5': 1, 'c7i.xlarge_use1-az6': 5, 'c8g.12xlarge_use1-az1': 1, 'c8g.12xlarge_use1-az4': 1, 'c8g.12xlarge_use1-az6': 25, 'c8g.16xlarge_use1-az1': 10, 'c8g.16xlarge_use1-az2': 5, 'c8g.16xlarge_use1-az4': 1, 'c8g.16xlarge_use1-az6': 50, 'c8g.24xlarge_use1-az1': 5, 'c8g.24xlarge_use1-az2': 10, 'c8g.24xlarge_use1-az4': 1, 'c8g.24xlarge_use1-az6': 25, 'c8g.2xlarge_use1-az1': 5, 'c8g.2xlarge_use1-az2': 5, 'c8g.2xlarge_use1-az4': 50, 'c8g.2xlarge_use1-az5': 1, 'c8g.2xlarge_use1-az6': 50, 'c8g.48xlarge_use1-az1': 1, 'c8g.48xlarge_use1-az2': 5, 'c8g.48xlarge_use1-az6': 50, 'c8g.4xlarge_use1-az1': 35, 'c8g.4xlarge_use1-az2': 15, 'c8g.4xlarge_use1-az4': 20, 'c8g.4xlarge_use1-az5': 10, 'c8g.4xlarge_use1-az6': 50, 'c8g.8xlarge_use1-az2': 5, 'c8g.8xlarge_use1-az4': 5, 'c8g.8xlarge_use1-az6': 50, 'c8g.large_use1-az2': 20, 'c8g.large_use1-az4': 5, 'c8g.large_use1-az5': 1, 'c8g.metal-24xl_use1-az2': 1, 'c8g.metal-24xl_use1-az6': 20, 'c8g.metal-48xl_use1-az1': 1, 'c8g.metal-48xl_use1-az2': 1, 'c8g.metal-48xl_use1-az6': 50, 'c8g.xlarge_use1-az1': 5, 'c8g.xlarge_use1-az2': 30, 'c8g.xlarge_use1-az4': 5, 'c8g.xlarge_use1-az5': 1, 'c8g.xlarge_use1-az6': 50, 'c8gd.12xlarge_use1-az2': 5, 'c8gd.12xlarge_use1-az4': 5, 'c8gd.16xlarge_use1-az2': 10, 'c8gd.16xlarge_use1-az4': 10, 'c8gd.16xlarge_use1-az5': 5, 'c8gd.16xlarge_use1-az6': 50, 'c8gd.24xlarge_use1-az4': 5, 'c8gd.24xlarge_use1-az5': 1, 'c8gd.2xlarge_use1-az2': 50, 'c8gd.2xlarge_use1-az4': 50, 'c8gd.2xlarge_use1-az5': 10, 'c8gd.2xlarge_use1-az6': 50, 'c8gd.48xlarge_use1-az6': 15, 'c8gd.4xlarge_use1-az2': 10, 'c8gd.4xlarge_use1-az4': 30, 'c8gd.4xlarge_use1-az6': 50, 'c8gd.large_use1-az2': 40, 'c8gd.metal-24xl_use1-az2': 1, 'c8gd.metal-24xl_use1-az4': 1, 'c8gd.metal-24xl_use1-az5': 1, 'c8gd.metal-24xl_use1-az6': 5, 'c8gd.metal-48xl_use1-az2': 1, 'c8gd.metal-48xl_use1-az6': 1, 'c8gd.xlarge_use1-az1': 1, 'c8gd.xlarge_use1-az2': 20, 'c8gd.xlarge_use1-az4': 20, 'c8gd.xlarge_use1-az5': 15, 'c8i-flex.12xlarge_use1-az6': 1, 'c8i-flex.16xlarge_use1-az6': 1, 'c8i-flex.2xlarge_use1-az2': 25, 'c8i-flex.2xlarge_use1-az4': 15, 'c8i-flex.2xlarge_use1-az6': 50, 'c8i-flex.4xlarge_use1-az2': 5, 'c8i-flex.4xlarge_use1-az4': 1, 'c8i-flex.4xlarge_use1-az6': 5, 'c8i-flex.8xlarge_use1-az6': 1, 'c8i-flex.large_use1-az4': 20, 'c8i-flex.xlarge_use1-az2': 40, 'c8i-flex.xlarge_use1-az4': 5, 'c8i-flex.xlarge_use1-az6': 50, 'c8i.12xlarge_use1-az4': 1, 'c8i.12xlarge_use1-az6': 1, 'c8i.16xlarge_use1-az6': 1, 'c8i.24xlarge_use1-az6': 1, 'c8i.2xlarge_use1-az2': 10, 'c8i.2xlarge_use1-az4': 5, 'c8i.2xlarge_use1-az6': 20, 'c8i.32xlarge_use1-az4': 1, 'c8i.32xlarge_use1-az6': 5, 'c8i.48xlarge_use1-az2': 1, 'c8i.4xlarge_use1-az2': 5, 'c8i.4xlarge_use1-az4': 5, 'c8i.8xlarge_use1-az4': 1, 'c8i.96xlarge_use1-az2': 1, 'c8i.96xlarge_use1-az6': 5, 'c8i.metal-48xl_use1-az2': 1, 'c8i.metal-96xl_use1-az2': 1, 'c8i.metal-96xl_use1-az6': 5, 'c8i.xlarge_use1-az2': 50, 'c8i.xlarge_use1-az4': 15, 'c8i.xlarge_use1-az6': 50, 'f2.12xlarge_use1-az2': 1, 'f2.12xlarge_use1-az4': 1, 'f2.12xlarge_use1-az6': 1, 'f2.48xlarge_use1-az2': 5, 'f2.48xlarge_use1-az4': 5, 'f2.48xlarge_use1-az6': 1, 'g4ad.16xlarge_use1-az1': 5, 'g4ad.16xlarge_use1-az2': 5, 'g4ad.16xlarge_use1-az4': 5, 'g4ad.16xlarge_use1-az6': 10, 'g4ad.4xlarge_use1-az1': 10, 'g4ad.4xlarge_use1-az2': 15, 'g4ad.4xlarge_use1-az4': 15, 'g4ad.4xlarge_use1-az6': 5, 'g4ad.8xlarge_use1-az1': 1, 'g4ad.8xlarge_use1-az2': 5, 'g4ad.8xlarge_use1-az4': 5, 'g4ad.8xlarge_use1-az6': 5, 'g4ad.xlarge_use1-az2': 20, 'g4ad.xlarge_use1-az4': 25, 'g4dn.12xlarge_use1-az2': 15, 'g4dn.12xlarge_use1-az4': 15, 'g4dn.12xlarge_use1-az5': 15, 'g4dn.12xlarge_use1-az6': 50, 'g4dn.16xlarge_use1-az1': 1, 'g4dn.16xlarge_use1-az2': 10, 'g4dn.16xlarge_use1-az4': 1, 'g4dn.16xlarge_use1-az5': 5, 'g4dn.16xlarge_use1-az6': 15, 'g4dn.4xlarge_use1-az1': 5, 'g4dn.4xlarge_use1-az2': 40, 'g4dn.4xlarge_use1-az4': 25, 'g4dn.4xlarge_use1-az5': 40, 'g4dn.4xlarge_use1-az6': 40, 'g4dn.8xlarge_use1-az1': 1, 'g4dn.8xlarge_use1-az2': 1, 'g4dn.8xlarge_use1-az4': 10, 'g4dn.8xlarge_use1-az5': 1, 'g5.16xlarge_use1-az1': 1, 'g5.16xlarge_use1-az2': 1, 'g5.16xlarge_use1-az4': 5, 'g5.16xlarge_use1-az5': 5, 'g5.16xlarge_use1-az6': 10, 'g5.48xlarge_use1-az5': 5, 'g5.48xlarge_use1-az6': 25, 'g5.8xlarge_use1-az1': 1, 'g5.8xlarge_use1-az2': 5, 'g5.8xlarge_use1-az4': 10, 'g5.8xlarge_use1-az5': 20, 'g5.8xlarge_use1-az6': 10, 'g5g.16xlarge_use1-az1': 1, 'g5g.16xlarge_use1-az6': 5, 'g6.12xlarge_use1-az2': 1, 'g6.12xlarge_use1-az4': 30, 'g6.16xlarge_use1-az1': 1, 'g6.16xlarge_use1-az2': 1, 'g6.16xlarge_use1-az4': 1, 'g6.16xlarge_use1-az6': 5, 'g6.24xlarge_use1-az2': 1, 'g6.24xlarge_use1-az4': 1, 'g6.24xlarge_use1-az6': 1, 'g6.48xlarge_use1-az2': 5, 'g6.48xlarge_use1-az4': 30, 'g6.48xlarge_use1-az6': 50, 'g6.4xlarge_use1-az1': 5, 'g6.4xlarge_use1-az2': 10, 'g6.4xlarge_use1-az4': 35, 'g6.4xlarge_use1-az6': 50, 'g6.8xlarge_use1-az1': 5, 'g6.8xlarge_use1-az2': 5, 'g6.8xlarge_use1-az4': 10, 'g6.8xlarge_use1-az6': 15, 'g6e.16xlarge_use1-az2': 15, 'g6e.16xlarge_use1-az4': 40, 'g6e.16xlarge_use1-az6': 20, 'g6f.2xlarge_use1-az1': 1, 'g6f.2xlarge_use1-az4': 1, 'g6f.2xlarge_use1-az6': 5, 'g6f.4xlarge_use1-az1': 1, 'g6f.4xlarge_use1-az4': 1, 'g6f.4xlarge_use1-az6': 1, 'g6f.large_use1-az1': 10, 'g6f.large_use1-az2': 15, 'g6f.large_use1-az4': 40, 'g6f.large_use1-az6': 20, 'g6f.xlarge_use1-az1': 1, 'g6f.xlarge_use1-az2': 1, 'g6f.xlarge_use1-az4': 5, 'g6f.xlarge_use1-az6': 10, 'gr6.4xlarge_use1-az2': 1, 'gr6.8xlarge_use1-az1': 1, 'gr6.8xlarge_use1-az2': 1, 'gr6.8xlarge_use1-az4': 1, 'gr6.8xlarge_use1-az6': 1, 'i3.16xlarge_use1-az5': 10, 'i3.large_use1-az1': 50, 'i3.large_use1-az2': 50, 'i3.large_use1-az3': 50, 'i3.large_use1-az4': 50, 'i3.large_use1-az5': 50, 'i3.large_use1-az6': 50, 'i4g.16xlarge_use1-az5': 50, 'i4g.16xlarge_use1-az6': 50, 'i4g.2xlarge_use1-az2': 10, 'i4g.2xlarge_use1-az6': 50, 'i4g.xlarge_use1-az2': 10, 'i4g.xlarge_use1-az5': 50, 'i4i.12xlarge_use1-az2': 5, 'i4i.24xlarge_use1-az2': 1, 'i4i.large_use1-az1': 50, 'i4i.large_use1-az2': 50, 'i4i.large_use1-az4': 50, 'i4i.large_use1-az5': 50, 'i4i.large_use1-az6': 50, 'i4i.xlarge_use1-az2': 50, 'i4i.xlarge_use1-az4': 50, 'i4i.xlarge_use1-az6': 50, 'i7i.12xlarge_use1-az6': 1, 'i7i.16xlarge_use1-az4': 5, 'i7i.16xlarge_use1-az6': 1, 'i7i.24xlarge_use1-az6': 1, 'i7i.2xlarge_use1-az1': 1, 'i7i.2xlarge_use1-az2': 50, 'i7i.2xlarge_use1-az4': 45, 'i7i.2xlarge_use1-az5': 20, 'i7i.2xlarge_use1-az6': 10, 'i7i.4xlarge_use1-az5': 5, 'i7i.4xlarge_use1-az6': 20, 'i7i.8xlarge_use1-az2': 1, 'i7i.8xlarge_use1-az6': 1, 'i7i.metal-24xl_use1-az2': 1, 'i7i.metal-24xl_use1-az4': 50, 'i7i.metal-24xl_use1-az6': 35, 'i7i.xlarge_use1-az6': 20, 'i7ie.24xlarge_use1-az6': 50, 'i7ie.2xlarge_use1-az2': 1, 'i7ie.large_use1-az1': 45, 'i7ie.large_use1-az4': 50, 'i7ie.large_use1-az6': 50, 'i7ie.metal-24xl_use1-az6': 15, 'i7ie.metal-48xl_use1-az6': 10, 'i7ie.xlarge_use1-az6': 50, 'i8g.12xlarge_use1-az6': 1, 'i8g.24xlarge_use1-az6': 10, 'i8g.2xlarge_use1-az2': 1, 'i8g.4xlarge_use1-az2': 1, 'i8g.8xlarge_use1-az6': 5, 'i8g.large_use1-az2': 10, 'i8g.large_use1-az6': 5, 'i8g.xlarge_use1-az2': 1, 'i8g.xlarge_use1-az4': 1, 'i8g.xlarge_use1-az6': 1, 'i8ge.12xlarge_use1-az4': 1, 'i8ge.12xlarge_use1-az6': 5, 'i8ge.18xlarge_use1-az2': 1, 'i8ge.18xlarge_use1-az4': 1, 'i8ge.18xlarge_use1-az6': 5, 'i8ge.24xlarge_use1-az4': 1, 'i8ge.24xlarge_use1-az6': 5, 'i8ge.3xlarge_use1-az2': 1, 'i8ge.48xlarge_use1-az4': 5, 'i8ge.6xlarge_use1-az2': 1, 'i8ge.large_use1-az2': 5, 'i8ge.metal-24xl_use1-az4': 1, 'i8ge.metal-48xl_use1-az6': 1, 'i8ge.xlarge_use1-az4': 20, 'im4gn.2xlarge_use1-az6': 15, 'im4gn.8xlarge_use1-az1': 1, 'im4gn.8xlarge_use1-az4': 5, 'inf1.24xlarge_use1-az1': 1, 'inf1.24xlarge_use1-az2': 1, 'inf1.24xlarge_use1-az4': 10, 'inf1.24xlarge_use1-az5': 5, 'inf1.24xlarge_use1-az6': 20, 'inf1.2xlarge_use1-az1': 15, 'inf1.2xlarge_use1-az2': 15, 'inf1.2xlarge_use1-az4': 30, 'inf1.2xlarge_use1-az5': 40, 'inf1.2xlarge_use1-az6': 40, 'inf1.6xlarge_use1-az1': 1, 'inf1.6xlarge_use1-az2': 1, 'inf1.6xlarge_use1-az4': 5, 'inf1.6xlarge_use1-az5': 5, 'inf1.6xlarge_use1-az6': 10, 'inf1.xlarge_use1-az2': 50, 'inf1.xlarge_use1-az5': 50, 'inf1.xlarge_use1-az6': 50, 'inf2.24xlarge_use1-az4': 1, 'inf2.24xlarge_use1-az6': 10, 'inf2.48xlarge_use1-az6': 15, 'inf2.8xlarge_use1-az2': 5, 'inf2.8xlarge_use1-az4': 5, 'inf2.8xlarge_use1-az5': 1, 'inf2.8xlarge_use1-az6': 1, 'is4gen.medium_use1-az1': 50, 'is4gen.medium_use1-az6': 30, 'm2.2xlarge_use1-az1': 5, 'm2.2xlarge_use1-az6': 5, 'm2.4xlarge_use1-az1': 1, 'm2.4xlarge_use1-az4': 5, 'm2.xlarge_use1-az1': 5, 'm2.xlarge_use1-az2': 20, 'm2.xlarge_use1-az4': 20, 'm2.xlarge_use1-az6': 15, 'm3.xlarge_use1-az3': 1, 'm4.10xlarge_use1-az1': 5, 'm4.10xlarge_use1-az2': 10, 'm4.10xlarge_use1-az3': 1, 'm4.10xlarge_use1-az4': 50, 'm4.10xlarge_use1-az5': 1, 'm4.10xlarge_use1-az6': 50, 'm4.2xlarge_use1-az2': 20, 'm4.2xlarge_use1-az3': 50, 'm4.2xlarge_use1-az4': 20, 'm4.2xlarge_use1-az5': 1, 'm4.2xlarge_use1-az6': 25, 'm4.4xlarge_use1-az1': 50, 'm4.4xlarge_use1-az2': 50, 'm4.4xlarge_use1-az3': 50, 'm4.4xlarge_use1-az4': 25, 'm4.4xlarge_use1-az5': 10, 'm4.4xlarge_use1-az6': 15, 'm4.large_use1-az1': 30, 'm4.large_use1-az2': 50, 'm4.large_use1-az4': 50, 'm4.large_use1-az5': 10, 'm4.large_use1-az6': 50, 'm4.xlarge_use1-az1': 15, 'm4.xlarge_use1-az2': 50, 'm4.xlarge_use1-az3': 50, 'm4.xlarge_use1-az4': 50, 'm4.xlarge_use1-az5': 30, 'm4.xlarge_use1-az6': 50, 'm5.12xlarge_use1-az1': 5, 'm5.12xlarge_use1-az2': 25, 'm5.12xlarge_use1-az4': 50, 'm5.12xlarge_use1-az5': 1, 'm5.12xlarge_use1-az6': 40, 'm5.16xlarge_use1-az1': 10, 'm5.16xlarge_use1-az2': 50, 'm5.16xlarge_use1-az4': 50, 'm5.16xlarge_use1-az5': 1, 'm5.16xlarge_use1-az6': 50, 'm5.24xlarge_use1-az1': 5, 'm5.24xlarge_use1-az2': 5, 'm5.24xlarge_use1-az4': 5, 'm5.24xlarge_use1-az5': 1, 'm5.24xlarge_use1-az6': 35, 'm5.2xlarge_use1-az2': 50, 'm5.2xlarge_use1-az4': 50, 'm5.2xlarge_use1-az5': 50, 'm5.2xlarge_use1-az6': 50, 'm5.4xlarge_use1-az1': 50, 'm5.4xlarge_use1-az2': 50, 'm5.4xlarge_use1-az4': 50, 'm5.4xlarge_use1-az5': 10, 'm5.4xlarge_use1-az6': 50, 'm5.8xlarge_use1-az1': 50, 'm5.8xlarge_use1-az2': 40, 'm5.8xlarge_use1-az4': 50, 'm5.8xlarge_use1-az5': 1, 'm5.8xlarge_use1-az6': 50, 'm5.large_use1-az1': 50, 'm5.large_use1-az2': 50, 'm5.large_use1-az4': 50, 'm5.large_use1-az5': 50, 'm5.large_use1-az6': 50, 'm5.xlarge_use1-az1': 50, 'm5.xlarge_use1-az2': 50, 'm5.xlarge_use1-az4': 50, 'm5.xlarge_use1-az5': 50, 'm5.xlarge_use1-az6': 50, 'm5a.12xlarge_use1-az2': 1, 'm5a.12xlarge_use1-az4': 1, 'm5a.12xlarge_use1-az6': 1, 'm5a.16xlarge_use1-az2': 1, 'm5a.16xlarge_use1-az4': 1, 'm5a.16xlarge_use1-az6': 1, 'm5a.24xlarge_use1-az1': 1, 'm5a.24xlarge_use1-az2': 1, 'm5a.24xlarge_use1-az4': 1, 'm5a.24xlarge_use1-az5': 5, 'm5a.24xlarge_use1-az6': 5, 'm5a.2xlarge_use1-az1': 10, 'm5a.4xlarge_use1-az5': 10, 'm5a.8xlarge_use1-az1': 1, 'm5a.8xlarge_use1-az4': 20, 'm5a.large_use1-az1': 50, 'm5a.large_use1-az2': 50, 'm5a.large_use1-az4': 50, 'm5a.large_use1-az5': 45, 'm5a.large_use1-az6': 50, 'm5a.xlarge_use1-az1': 10, 'm5a.xlarge_use1-az6': 50, 'm5ad.16xlarge_use1-az2': 1, 'm5ad.16xlarge_use1-az6': 1, 'm5ad.24xlarge_use1-az2': 1, 'm5ad.24xlarge_use1-az6': 5, 'm5d.12xlarge_use1-az2': 25, 'm5d.12xlarge_use1-az4': 30, 'm5d.12xlarge_use1-az6': 15, 'm5d.16xlarge_use1-az5': 1, 'm5d.16xlarge_use1-az6': 50, 'm5d.24xlarge_use1-az2': 15, 'm5d.24xlarge_use1-az4': 5, 'm5d.24xlarge_use1-az6': 50, 'm5d.8xlarge_use1-az5': 1, 'm5d.8xlarge_use1-az6': 10, 'm5dn.24xlarge_use1-az1': 1, 'm5dn.24xlarge_use1-az2': 1, 'm5dn.24xlarge_use1-az4': 1, 'm5dn.large_use1-az2': 30, 'm5dn.large_use1-az5': 15, 'm5dn.large_use1-az6': 50, 'm5n.12xlarge_use1-az2': 1, 'm5n.12xlarge_use1-az4': 1, 'm5n.12xlarge_use1-az5': 1, 'm5n.16xlarge_use1-az2': 1, 'm5n.24xlarge_use1-az2': 1, 'm5n.24xlarge_use1-az4': 1, 'm5n.24xlarge_use1-az6': 1, 'm5n.2xlarge_use1-az5': 5, 'm5n.4xlarge_use1-az1': 25, 'm5n.4xlarge_use1-az2': 35, 'm5n.4xlarge_use1-az4': 50, 'm5n.4xlarge_use1-az5': 5, 'm5n.large_use1-az1': 5, 'm5n.large_use1-az2': 15, 'm5n.large_use1-az5': 5, 'm5n.large_use1-az6': 15, 'm5n.xlarge_use1-az1': 20, 'm5n.xlarge_use1-az2': 50, 'm5n.xlarge_use1-az4': 50, 'm5n.xlarge_use1-az6': 50, 'm5zn.large_use1-az2': 5, 'm5zn.large_use1-az5': 15, 'm5zn.large_use1-az6': 20, 'm6a.12xlarge_use1-az1': 5, 'm6a.12xlarge_use1-az2': 5, 'm6a.12xlarge_use1-az4': 15, 'm6a.12xlarge_use1-az6': 10, 'm6a.16xlarge_use1-az1': 5, 'm6a.16xlarge_use1-az2': 5, 'm6a.16xlarge_use1-az4': 5, 'm6a.16xlarge_use1-az6': 5, 'm6a.24xlarge_use1-az1': 1, 'm6a.24xlarge_use1-az2': 1, 'm6a.24xlarge_use1-az4': 1, 'm6a.24xlarge_use1-az6': 1, 'm6a.2xlarge_use1-az1': 50, 'm6a.2xlarge_use1-az2': 35, 'm6a.2xlarge_use1-az4': 45, 'm6a.2xlarge_use1-az5': 15, 'm6a.2xlarge_use1-az6': 50, 'm6a.32xlarge_use1-az2': 1, 'm6a.32xlarge_use1-az4': 1, 'm6a.32xlarge_use1-az5': 1, 'm6a.32xlarge_use1-az6': 1, 'm6a.48xlarge_use1-az2': 1, 'm6a.48xlarge_use1-az4': 1, 'm6a.48xlarge_use1-az6': 1, 'm6a.4xlarge_use1-az1': 45, 'm6a.4xlarge_use1-az2': 40, 'm6a.4xlarge_use1-az4': 25, 'm6a.4xlarge_use1-az5': 5, 'm6a.4xlarge_use1-az6': 50, 'm6a.8xlarge_use1-az1': 25, 'm6a.8xlarge_use1-az2': 15, 'm6a.8xlarge_use1-az4': 50, 'm6a.8xlarge_use1-az5': 10, 'm6a.8xlarge_use1-az6': 50, 'm6a.large_use1-az1': 50, 'm6a.large_use1-az2': 50, 'm6a.large_use1-az4': 50, 'm6a.large_use1-az5': 30, 'm6a.large_use1-az6': 50, 'm6a.xlarge_use1-az1': 50, 'm6a.xlarge_use1-az2': 50, 'm6a.xlarge_use1-az4': 50, 'm6a.xlarge_use1-az5': 35, 'm6a.xlarge_use1-az6': 50, 'm6g.12xlarge_use1-az1': 1, 'm6g.12xlarge_use1-az2': 5, 'm6g.12xlarge_use1-az4': 50, 'm6g.12xlarge_use1-az6': 50, 'm6g.16xlarge_use1-az1': 1, 'm6g.16xlarge_use1-az2': 5, 'm6g.16xlarge_use1-az4': 25, 'm6g.16xlarge_use1-az6': 50, 'm6g.2xlarge_use1-az1': 15, 'm6g.2xlarge_use1-az2': 50, 'm6g.2xlarge_use1-az4': 50, 'm6g.2xlarge_use1-az5': 5, 'm6g.2xlarge_use1-az6': 50, 'm6g.4xlarge_use1-az1': 10, 'm6g.4xlarge_use1-az2': 50, 'm6g.4xlarge_use1-az4': 50, 'm6g.4xlarge_use1-az5': 10, 'm6g.4xlarge_use1-az6': 50, 'm6g.8xlarge_use1-az1': 5, 'm6g.8xlarge_use1-az2': 50, 'm6g.8xlarge_use1-az4': 50, 'm6g.8xlarge_use1-az6': 50, 'm6g.large_use1-az2': 50, 'm6g.large_use1-az4': 50, 'm6g.large_use1-az5': 5, 'm6g.large_use1-az6': 50, 'm6g.medium_use1-az1': 5, 'm6g.medium_use1-az2': 5, 'm6g.medium_use1-az4': 10, 'm6g.medium_use1-az5': 1, 'm6g.medium_use1-az6': 15, 'm6g.xlarge_use1-az1': 50, 'm6g.xlarge_use1-az2': 50, 'm6g.xlarge_use1-az4': 50, 'm6g.xlarge_use1-az5': 50, 'm6g.xlarge_use1-az6': 50, 'm6gd.12xlarge_use1-az1': 10, 'm6gd.12xlarge_use1-az2': 40, 'm6gd.12xlarge_use1-az4': 20, 'm6gd.12xlarge_use1-az5': 5, 'm6gd.12xlarge_use1-az6': 50, 'm6gd.16xlarge_use1-az2': 10, 'm6gd.16xlarge_use1-az4': 10, 'm6gd.16xlarge_use1-az5': 10, 'm6gd.16xlarge_use1-az6': 35, 'm6gd.2xlarge_use1-az2': 50, 'm6gd.2xlarge_use1-az4': 45, 'm6gd.2xlarge_use1-az5': 1, 'm6gd.4xlarge_use1-az5': 1, 'm6gd.4xlarge_use1-az6': 15, 'm6gd.8xlarge_use1-az1': 5, 'm6gd.8xlarge_use1-az2': 10, 'm6gd.8xlarge_use1-az4': 15, 'm6gd.8xlarge_use1-az5': 1, 'm6gd.8xlarge_use1-az6': 20, 'm6gd.large_use1-az2': 5, 'm6gd.large_use1-az4': 5, 'm6gd.large_use1-az5': 1, 'm6gd.large_use1-az6': 15, 'm6gd.medium_use1-az1': 1, 'm6gd.medium_use1-az2': 1, 'm6gd.medium_use1-az4': 1, 'm6gd.medium_use1-az5': 5, 'm6gd.medium_use1-az6': 1, 'm6gd.xlarge_use1-az2': 10, 'm6gd.xlarge_use1-az4': 35, 'm6gd.xlarge_use1-az5': 1, 'm6i.12xlarge_use1-az1': 1, 'm6i.12xlarge_use1-az2': 10, 'm6i.12xlarge_use1-az4': 50, 'm6i.12xlarge_use1-az5': 1, 'm6i.12xlarge_use1-az6': 30, 'm6i.16xlarge_use1-az1': 1, 'm6i.16xlarge_use1-az2': 10, 'm6i.16xlarge_use1-az4': 5, 'm6i.16xlarge_use1-az5': 1, 'm6i.16xlarge_use1-az6': 10, 'm6i.24xlarge_use1-az2': 10, 'm6i.24xlarge_use1-az4': 5, 'm6i.24xlarge_use1-az5': 1, 'm6i.24xlarge_use1-az6': 50, 'm6i.2xlarge_use1-az1': 25, 'm6i.2xlarge_use1-az2': 50, 'm6i.2xlarge_use1-az4': 50, 'm6i.2xlarge_use1-az5': 25, 'm6i.2xlarge_use1-az6': 50, 'm6i.32xlarge_use1-az2': 1, 'm6i.32xlarge_use1-az4': 5, 'm6i.32xlarge_use1-az5': 1, 'm6i.32xlarge_use1-az6': 15, 'm6i.4xlarge_use1-az2': 50, 'm6i.4xlarge_use1-az4': 50, 'm6i.4xlarge_use1-az5': 50, 'm6i.4xlarge_use1-az6': 50, 'm6i.8xlarge_use1-az1': 1, 'm6i.8xlarge_use1-az2': 50, 'm6i.8xlarge_use1-az4': 50, 'm6i.8xlarge_use1-az5': 20, 'm6i.8xlarge_use1-az6': 50, 'm6i.large_use1-az1': 25, 'm6i.large_use1-az2': 50, 'm6i.large_use1-az4': 50, 'm6i.large_use1-az5': 50, 'm6i.large_use1-az6': 50, 'm6i.xlarge_use1-az1': 45, 'm6i.xlarge_use1-az2': 50, 'm6i.xlarge_use1-az4': 50, 'm6i.xlarge_use1-az5': 25, 'm6i.xlarge_use1-az6': 50, 'm6id.12xlarge_use1-az1': 1, 'm6id.12xlarge_use1-az2': 1, 'm6id.12xlarge_use1-az4': 1, 'm6id.12xlarge_use1-az6': 1, 'm6id.16xlarge_use1-az1': 1, 'm6id.16xlarge_use1-az2': 1, 'm6id.16xlarge_use1-az4': 1, 'm6id.16xlarge_use1-az6': 1, 'm6id.24xlarge_use1-az1': 10, 'm6id.24xlarge_use1-az2': 15, 'm6id.24xlarge_use1-az4': 35, 'm6id.24xlarge_use1-az5': 5, 'm6id.24xlarge_use1-az6': 15, 'm6id.2xlarge_use1-az1': 5, 'm6id.2xlarge_use1-az2': 5, 'm6id.2xlarge_use1-az4': 5, 'm6id.2xlarge_use1-az5': 1, 'm6id.32xlarge_use1-az1': 10, 'm6id.32xlarge_use1-az2': 15, 'm6id.32xlarge_use1-az4': 5, 'm6id.32xlarge_use1-az5': 1, 'm6id.32xlarge_use1-az6': 50, 'm6id.4xlarge_use1-az1': 15, 'm6id.4xlarge_use1-az2': 10, 'm6id.4xlarge_use1-az4': 5, 'm6id.4xlarge_use1-az5': 1, 'm6id.4xlarge_use1-az6': 10, 'm6id.8xlarge_use1-az1': 1, 'm6id.8xlarge_use1-az4': 5, 'm6id.8xlarge_use1-az5': 1, 'm6id.8xlarge_use1-az6': 1, 'm6id.large_use1-az1': 30, 'm6id.large_use1-az2': 35, 'm6id.large_use1-az4': 15, 'm6id.large_use1-az5': 5, 'm6id.large_use1-az6': 50, 'm6id.xlarge_use1-az1': 20, 'm6id.xlarge_use1-az2': 45, 'm6id.xlarge_use1-az4': 15, 'm6id.xlarge_use1-az5': 5, 'm6id.xlarge_use1-az6': 25, 'm6idn.12xlarge_use1-az2': 1, 'm6idn.16xlarge_use1-az4': 1, 'm6idn.24xlarge_use1-az1': 1, 'm6idn.24xlarge_use1-az2': 1, 'm6idn.24xlarge_use1-az4': 1, 'm6idn.large_use1-az2': 35, 'm6idn.large_use1-az4': 15, 'm6idn.large_use1-az5': 10, 'm6idn.large_use1-az6': 10, 'm6in.16xlarge_use1-az2': 1, 'm6in.16xlarge_use1-az4': 1, 'm6in.24xlarge_use1-az1': 1, 'm6in.24xlarge_use1-az2': 1, 'm6in.2xlarge_use1-az5': 1, 'm6in.4xlarge_use1-az1': 1, 'm6in.8xlarge_use1-az2': 1, 'm6in.large_use1-az1': 5, 'm6in.large_use1-az2': 10, 'm6in.large_use1-az4': 5, 'm6in.large_use1-az5': 1, 'm6in.large_use1-az6': 1, 'm6in.xlarge_use1-az1': 5, 'm6in.xlarge_use1-az2': 10, 'm6in.xlarge_use1-az4': 1, 'm7a.12xlarge_use1-az2': 1, 'm7a.12xlarge_use1-az6': 20, 'm7a.16xlarge_use1-az2': 1, 'm7a.16xlarge_use1-az6': 40, 'm7a.24xlarge_use1-az2': 1, 'm7a.24xlarge_use1-az6': 50, 'm7a.2xlarge_use1-az1': 5, 'm7a.2xlarge_use1-az2': 15, 'm7a.2xlarge_use1-az4': 10, 'm7a.2xlarge_use1-az6': 50, 'm7a.32xlarge_use1-az6': 20, 'm7a.48xlarge_use1-az6': 40, 'm7a.4xlarge_use1-az1': 10, 'm7a.4xlarge_use1-az2': 5, 'm7a.4xlarge_use1-az4': 10, 'm7a.4xlarge_use1-az6': 25, 'm7a.8xlarge_use1-az1': 1, 'm7a.8xlarge_use1-az2': 5, 'm7a.8xlarge_use1-az4': 1, 'm7a.8xlarge_use1-az6': 50, 'm7a.large_use1-az1': 15, 'm7a.large_use1-az2': 50, 'm7a.large_use1-az4': 50, 'm7a.large_use1-az5': 5, 'm7a.large_use1-az6': 50, 'm7a.medium_use1-az1': 10, 'm7a.medium_use1-az2': 50, 'm7a.medium_use1-az4': 50, 'm7a.medium_use1-az6': 50, 'm7a.xlarge_use1-az1': 5, 'm7a.xlarge_use1-az2': 40, 'm7a.xlarge_use1-az4': 50, 'm7a.xlarge_use1-az6': 50, 'm7g.12xlarge_use1-az1': 1, 'm7g.12xlarge_use1-az2': 10, 'm7g.12xlarge_use1-az4': 45, 'm7g.12xlarge_use1-az5': 1, 'm7g.12xlarge_use1-az6': 50, 'm7g.16xlarge_use1-az1': 1, 'm7g.16xlarge_use1-az2': 30, 'm7g.16xlarge_use1-az4': 35, 'm7g.16xlarge_use1-az5': 1, 'm7g.16xlarge_use1-az6': 50, 'm7g.2xlarge_use1-az1': 35, 'm7g.2xlarge_use1-az2': 50, 'm7g.2xlarge_use1-az4': 50, 'm7g.2xlarge_use1-az5': 15, 'm7g.2xlarge_use1-az6': 50, 'm7g.4xlarge_use1-az1': 10, 'm7g.4xlarge_use1-az2': 30, 'm7g.4xlarge_use1-az4': 50, 'm7g.4xlarge_use1-az5': 10, 'm7g.4xlarge_use1-az6': 50, 'm7g.8xlarge_use1-az1': 1, 'm7g.8xlarge_use1-az2': 15, 'm7g.8xlarge_use1-az4': 40, 'm7g.8xlarge_use1-az5': 1, 'm7g.8xlarge_use1-az6': 50, 'm7g.large_use1-az1': 10, 'm7g.large_use1-az2': 50, 'm7g.large_use1-az4': 50, 'm7g.large_use1-az5': 30, 'm7g.large_use1-az6': 50, 'm7g.medium_use1-az1': 30, 'm7g.medium_use1-az2': 40, 'm7g.medium_use1-az4': 50, 'm7g.medium_use1-az5': 35, 'm7g.medium_use1-az6': 50, 'm7g.metal_use1-az1': 1, 'm7g.metal_use1-az2': 25, 'm7g.metal_use1-az4': 10, 'm7g.metal_use1-az5': 1, 'm7g.metal_use1-az6': 50, 'm7g.xlarge_use1-az1': 50, 'm7g.xlarge_use1-az2': 50, 'm7g.xlarge_use1-az4': 50, 'm7g.xlarge_use1-az5': 50, 'm7g.xlarge_use1-az6': 50, 'm7gd.12xlarge_use1-az1': 5, 'm7gd.12xlarge_use1-az2': 10, 'm7gd.12xlarge_use1-az4': 1, 'm7gd.12xlarge_use1-az6': 35, 'm7gd.16xlarge_use1-az1': 1, 'm7gd.16xlarge_use1-az2': 30, 'm7gd.16xlarge_use1-az4': 1, 'm7gd.16xlarge_use1-az6': 40, 'm7gd.2xlarge_use1-az1': 15, 'm7gd.2xlarge_use1-az2': 50, 'm7gd.2xlarge_use1-az4': 15, 'm7gd.2xlarge_use1-az6': 25, 'm7gd.4xlarge_use1-az1': 5, 'm7gd.4xlarge_use1-az2': 10, 'm7gd.4xlarge_use1-az6': 40, 'm7gd.8xlarge_use1-az1': 10, 'm7gd.8xlarge_use1-az2': 50, 'm7gd.8xlarge_use1-az4': 30, 'm7gd.8xlarge_use1-az5': 45, 'm7gd.8xlarge_use1-az6': 50, 'm7gd.large_use1-az1': 5, 'm7gd.large_use1-az2': 50, 'm7gd.large_use1-az4': 5, 'm7gd.large_use1-az6': 50, 'm7gd.medium_use1-az1': 15, 'm7gd.medium_use1-az2': 20, 'm7gd.medium_use1-az4': 15, 'm7gd.medium_use1-az5': 20, 'm7gd.medium_use1-az6': 25, 'm7gd.metal_use1-az1': 5, 'm7gd.metal_use1-az2': 15, 'm7gd.metal_use1-az4': 1, 'm7gd.metal_use1-az6': 15, 'm7gd.xlarge_use1-az1': 5, 'm7gd.xlarge_use1-az2': 10, 'm7gd.xlarge_use1-az4': 10, 'm7gd.xlarge_use1-az5': 1, 'm7gd.xlarge_use1-az6': 25, 'm7i-flex.2xlarge_use1-az1': 50, 'm7i-flex.2xlarge_use1-az2': 50, 'm7i-flex.2xlarge_use1-az4': 15, 'm7i-flex.2xlarge_use1-az5': 10, 'm7i-flex.2xlarge_use1-az6': 50, 'm7i-flex.4xlarge_use1-az2': 5, 'm7i-flex.4xlarge_use1-az4': 5, 'm7i-flex.4xlarge_use1-az6': 25, 'm7i-flex.8xlarge_use1-az1': 1, 'm7i-flex.8xlarge_use1-az2': 5, 'm7i-flex.8xlarge_use1-az4': 5, 'm7i-flex.8xlarge_use1-az5': 1, 'm7i-flex.8xlarge_use1-az6': 10, 'm7i-flex.large_use1-az1': 20, 'm7i-flex.large_use1-az2': 50, 'm7i-flex.large_use1-az4': 25, 'm7i-flex.large_use1-az5': 25, 'm7i-flex.large_use1-az6': 50, 'm7i-flex.xlarge_use1-az1': 50, 'm7i-flex.xlarge_use1-az2': 50, 'm7i-flex.xlarge_use1-az4': 50, 'm7i-flex.xlarge_use1-az5': 15, 'm7i-flex.xlarge_use1-az6': 50, 'm7i.12xlarge_use1-az1': 1, 'm7i.12xlarge_use1-az2': 5, 'm7i.12xlarge_use1-az4': 15, 'm7i.12xlarge_use1-az6': 50, 'm7i.16xlarge_use1-az1': 5, 'm7i.16xlarge_use1-az2': 10, 'm7i.16xlarge_use1-az4': 10, 'm7i.16xlarge_use1-az6': 50, 'm7i.24xlarge_use1-az2': 5, 'm7i.24xlarge_use1-az4': 5, 'm7i.24xlarge_use1-az6': 50, 'm7i.2xlarge_use1-az1': 1, 'm7i.2xlarge_use1-az2': 50, 'm7i.2xlarge_use1-az4': 50, 'm7i.2xlarge_use1-az6': 50, 'm7i.48xlarge_use1-az1': 1, 'm7i.48xlarge_use1-az2': 5, 'm7i.48xlarge_use1-az4': 20, 'm7i.48xlarge_use1-az6': 50, 'm7i.4xlarge_use1-az1': 1, 'm7i.4xlarge_use1-az2': 25, 'm7i.4xlarge_use1-az4': 10, 'm7i.4xlarge_use1-az6': 50, 'm7i.8xlarge_use1-az2': 20, 'm7i.8xlarge_use1-az4': 50, 'm7i.8xlarge_use1-az6': 50, 'm7i.large_use1-az1': 50, 'm7i.large_use1-az2': 50, 'm7i.large_use1-az4': 50, 'm7i.large_use1-az5': 1, 'm7i.large_use1-az6': 50, 'm7i.xlarge_use1-az1': 30, 'm7i.xlarge_use1-az2': 35, 'm7i.xlarge_use1-az4': 50, 'm7i.xlarge_use1-az6': 50, 'm8g.12xlarge_use1-az2': 10, 'm8g.12xlarge_use1-az4': 10, 'm8g.12xlarge_use1-az5': 1, 'm8g.12xlarge_use1-az6': 35, 'm8g.16xlarge_use1-az2': 5, 'm8g.16xlarge_use1-az4': 5, 'm8g.16xlarge_use1-az5': 5, 'm8g.16xlarge_use1-az6': 45, 'm8g.24xlarge_use1-az2': 5, 'm8g.24xlarge_use1-az4': 1, 'm8g.24xlarge_use1-az5': 1, 'm8g.24xlarge_use1-az6': 25, 'm8g.2xlarge_use1-az4': 10, 'm8g.2xlarge_use1-az5': 10, 'm8g.48xlarge_use1-az2': 5, 'm8g.48xlarge_use1-az4': 5, 'm8g.48xlarge_use1-az6': 20, 'm8g.4xlarge_use1-az2': 5, 'm8g.4xlarge_use1-az4': 5, 'm8g.4xlarge_use1-az5': 1, 'm8g.4xlarge_use1-az6': 40, 'm8g.8xlarge_use1-az2': 10, 'm8g.8xlarge_use1-az4': 20, 'm8g.8xlarge_use1-az5': 1, 'm8g.8xlarge_use1-az6': 40, 'm8g.large_use1-az1': 1, 'm8g.large_use1-az2': 20, 'm8g.large_use1-az6': 45, 'm8g.medium_use1-az1': 1, 'm8g.medium_use1-az2': 15, 'm8g.metal-48xl_use1-az2': 5, 'm8g.metal-48xl_use1-az6': 25, 'm8g.xlarge_use1-az1': 1, 'm8g.xlarge_use1-az5': 15, 'm8g.xlarge_use1-az6': 50, 'm8gd.16xlarge_use1-az5': 1, 'm8gd.4xlarge_use1-az2': 5, 'm8gd.4xlarge_use1-az6': 1, 'm8gd.8xlarge_use1-az5': 1, 'm8gd.8xlarge_use1-az6': 5, 'm8gd.large_use1-az1': 20, 'm8gd.large_use1-az2': 15, 'm8gd.large_use1-az5': 1, 'm8gd.large_use1-az6': 1, 'm8gd.medium_use1-az6': 1, 'm8gd.xlarge_use1-az1': 1, 'm8gd.xlarge_use1-az5': 1, 'm8i-flex.16xlarge_use1-az6': 5, 'm8i-flex.2xlarge_use1-az2': 10, 'm8i-flex.2xlarge_use1-az4': 1, 'm8i-flex.2xlarge_use1-az6': 50, 'm8i-flex.4xlarge_use1-az2': 1, 'm8i-flex.4xlarge_use1-az4': 1, 'm8i-flex.4xlarge_use1-az6': 5, 'm8i-flex.8xlarge_use1-az6': 1, 'm8i-flex.large_use1-az2': 5, 'm8i-flex.xlarge_use1-az2': 10, 'm8i-flex.xlarge_use1-az4': 25, 'm8i-flex.xlarge_use1-az6': 50, 'm8i.12xlarge_use1-az6': 1, 'm8i.16xlarge_use1-az4': 1, 'm8i.16xlarge_use1-az6': 1, 'm8i.24xlarge_use1-az6': 1, 'm8i.2xlarge_use1-az2': 10, 'm8i.2xlarge_use1-az4': 1, 'm8i.2xlarge_use1-az6': 10, 'm8i.32xlarge_use1-az2': 1, 'm8i.32xlarge_use1-az6': 5, 'm8i.48xlarge_use1-az2': 1, 'm8i.48xlarge_use1-az6': 5, 'm8i.4xlarge_use1-az2': 5, 'm8i.4xlarge_use1-az4': 1, 'm8i.4xlarge_use1-az6': 5, 'm8i.8xlarge_use1-az2': 1, 'm8i.8xlarge_use1-az4': 1, 'm8i.8xlarge_use1-az6': 20, 'm8i.96xlarge_use1-az6': 1, 'm8i.large_use1-az4': 25, 'm8i.metal-48xl_use1-az6': 1, 'm8i.metal-96xl_use1-az6': 1, 'm8i.xlarge_use1-az2': 30, 'm8i.xlarge_use1-az4': 10, 'r4.16xlarge_use1-az1': 10, 'r4.16xlarge_use1-az2': 10, 'r4.16xlarge_use1-az4': 35, 'r4.16xlarge_use1-az5': 15, 'r4.16xlarge_use1-az6': 10, 'r4.2xlarge_use1-az3': 50, 'r4.4xlarge_use1-az2': 50, 'r4.4xlarge_use1-az5': 5, 'r4.8xlarge_use1-az1': 50, 'r4.8xlarge_use1-az2': 50, 'r4.8xlarge_use1-az4': 50, 'r4.8xlarge_use1-az6': 50, 'r4.large_use1-az2': 50, 'r4.large_use1-az4': 50, 'r4.large_use1-az5': 20, 'r4.xlarge_use1-az2': 50, 'r5.12xlarge_use1-az1': 5, 'r5.12xlarge_use1-az2': 5, 'r5.12xlarge_use1-az4': 50, 'r5.12xlarge_use1-az6': 5, 'r5.16xlarge_use1-az1': 5, 'r5.16xlarge_use1-az4': 35, 'r5.16xlarge_use1-az5': 30, 'r5.16xlarge_use1-az6': 5, 'r5.24xlarge_use1-az4': 15, 'r5.24xlarge_use1-az5': 5, 'r5.24xlarge_use1-az6': 5, 'r5.2xlarge_use1-az5': 5, 'r5.4xlarge_use1-az1': 50, 'r5.4xlarge_use1-az2': 50, 'r5.4xlarge_use1-az4': 50, 'r5.4xlarge_use1-az5': 5, 'r5.4xlarge_use1-az6': 50, 'r5.8xlarge_use1-az1': 50, 'r5.8xlarge_use1-az2': 50, 'r5.8xlarge_use1-az4': 50, 'r5.8xlarge_use1-az5': 5, 'r5.8xlarge_use1-az6': 5, 'r5.large_use1-az1': 50, 'r5.large_use1-az2': 50, 'r5.large_use1-az4': 50, 'r5.large_use1-az5': 50, 'r5.large_use1-az6': 50, 'r5.xlarge_use1-az1': 50, 'r5.xlarge_use1-az2': 50, 'r5.xlarge_use1-az4': 50, 'r5.xlarge_use1-az5': 50, 'r5.xlarge_use1-az6': 50, 'r5a.12xlarge_use1-az4': 5, 'r5a.16xlarge_use1-az1': 10, 'r5a.16xlarge_use1-az2': 10, 'r5a.16xlarge_use1-az4': 10, 'r5a.16xlarge_use1-az5': 5, 'r5a.16xlarge_use1-az6': 5, 'r5a.24xlarge_use1-az2': 15, 'r5a.24xlarge_use1-az4': 10, 'r5a.24xlarge_use1-az5': 1, 'r5a.24xlarge_use1-az6': 10, 'r5a.8xlarge_use1-az5': 30, 'r5b.large_use1-az4': 10, 'r5d.16xlarge_use1-az1': 5, 'r5d.16xlarge_use1-az2': 50, 'r5d.16xlarge_use1-az4': 50, 'r5d.16xlarge_use1-az5': 10, 'r5d.16xlarge_use1-az6': 50, 'r5d.24xlarge_use1-az2': 1, 'r5d.24xlarge_use1-az4': 10, 'r5d.24xlarge_use1-az5': 1, 'r5d.24xlarge_use1-az6': 10, 'r5dn.16xlarge_use1-az2': 5, 'r5dn.16xlarge_use1-az4': 15, 'r5dn.16xlarge_use1-az5': 10, 'r5dn.16xlarge_use1-az6': 30, 'r5dn.24xlarge_use1-az2': 5, 'r5dn.24xlarge_use1-az4': 10, 'r5dn.24xlarge_use1-az5': 1, 'r5dn.24xlarge_use1-az6': 25, 'r5dn.large_use1-az5': 50, 'r5n.12xlarge_use1-az4': 1, 'r5n.12xlarge_use1-az6': 1, 'r5n.16xlarge_use1-az2': 10, 'r5n.16xlarge_use1-az4': 35, 'r5n.16xlarge_use1-az5': 1, 'r5n.16xlarge_use1-az6': 20, 'r5n.8xlarge_use1-az4': 35, 'r5n.8xlarge_use1-az6': 15, 'r5n.large_use1-az5': 10, 'r6a.12xlarge_use1-az1': 1, 'r6a.12xlarge_use1-az2': 10, 'r6a.12xlarge_use1-az4': 5, 'r6a.12xlarge_use1-az6': 10, 'r6a.16xlarge_use1-az1': 5, 'r6a.16xlarge_use1-az2': 15, 'r6a.16xlarge_use1-az4': 30, 'r6a.16xlarge_use1-az5': 15, 'r6a.16xlarge_use1-az6': 40, 'r6a.24xlarge_use1-az2': 5, 'r6a.24xlarge_use1-az4': 1, 'r6a.24xlarge_use1-az5': 1, 'r6a.24xlarge_use1-az6': 5, 'r6a.2xlarge_use1-az1': 50, 'r6a.2xlarge_use1-az2': 50, 'r6a.2xlarge_use1-az4': 40, 'r6a.2xlarge_use1-az5': 1, 'r6a.2xlarge_use1-az6': 50, 'r6a.32xlarge_use1-az2': 5, 'r6a.32xlarge_use1-az4': 5, 'r6a.32xlarge_use1-az5': 5, 'r6a.32xlarge_use1-az6': 5, 'r6a.48xlarge_use1-az2': 5, 'r6a.48xlarge_use1-az4': 5, 'r6a.48xlarge_use1-az5': 5, 'r6a.48xlarge_use1-az6': 1, 'r6a.4xlarge_use1-az1': 50, 'r6a.4xlarge_use1-az2': 50, 'r6a.4xlarge_use1-az4': 50, 'r6a.4xlarge_use1-az6': 50, 'r6a.8xlarge_use1-az1': 20, 'r6a.8xlarge_use1-az2': 50, 'r6a.8xlarge_use1-az4': 50, 'r6a.8xlarge_use1-az5': 50, 'r6a.8xlarge_use1-az6': 50, 'r6a.large_use1-az1': 50, 'r6a.large_use1-az2': 50, 'r6a.large_use1-az4': 50, 'r6a.large_use1-az5': 50, 'r6a.large_use1-az6': 50, 'r6a.xlarge_use1-az1': 50, 'r6a.xlarge_use1-az2': 50, 'r6a.xlarge_use1-az4': 50, 'r6a.xlarge_use1-az5': 50, 'r6a.xlarge_use1-az6': 50, 'r6g.12xlarge_use1-az2': 50, 'r6g.12xlarge_use1-az4': 45, 'r6g.12xlarge_use1-az5': 10, 'r6g.12xlarge_use1-az6': 50, 'r6g.16xlarge_use1-az2': 50, 'r6g.16xlarge_use1-az4': 50, 'r6g.16xlarge_use1-az5': 50, 'r6g.16xlarge_use1-az6': 50, 'r6g.2xlarge_use1-az5': 10, 'r6g.2xlarge_use1-az6': 50, 'r6g.4xlarge_use1-az1': 10, 'r6g.4xlarge_use1-az2': 50, 'r6g.4xlarge_use1-az4': 50, 'r6g.4xlarge_use1-az5': 50, 'r6g.4xlarge_use1-az6': 50, 'r6g.8xlarge_use1-az1': 1, 'r6g.8xlarge_use1-az2': 10, 'r6g.8xlarge_use1-az4': 50, 'r6g.8xlarge_use1-az5': 50, 'r6g.8xlarge_use1-az6': 50, 'r6g.large_use1-az2': 40, 'r6g.large_use1-az4': 50, 'r6g.large_use1-az6': 50, 'r6g.medium_use1-az1': 1, 'r6g.medium_use1-az2': 10, 'r6g.medium_use1-az4': 15, 'r6g.medium_use1-az5': 15, 'r6g.medium_use1-az6': 35, 'r6g.xlarge_use1-az2': 50, 'r6g.xlarge_use1-az4': 50, 'r6g.xlarge_use1-az5': 50, 'r6g.xlarge_use1-az6': 50, 'r6gd.12xlarge_use1-az1': 1, 'r6gd.12xlarge_use1-az2': 5, 'r6gd.12xlarge_use1-az4': 10, 'r6gd.12xlarge_use1-az5': 1, 'r6gd.12xlarge_use1-az6': 10, 'r6gd.16xlarge_use1-az2': 5, 'r6gd.16xlarge_use1-az4': 50, 'r6gd.16xlarge_use1-az5': 1, 'r6gd.16xlarge_use1-az6': 45, 'r6gd.2xlarge_use1-az4': 30, 'r6gd.4xlarge_use1-az5': 1, 'r6gd.8xlarge_use1-az2': 10, 'r6gd.8xlarge_use1-az4': 20, 'r6gd.8xlarge_use1-az5': 1, 'r6gd.8xlarge_use1-az6': 30, 'r6gd.large_use1-az2': 50, 'r6gd.large_use1-az4': 50, 'r6gd.large_use1-az5': 50, 'r6gd.large_use1-az6': 50, 'r6gd.medium_use1-az1': 5, 'r6gd.medium_use1-az2': 1, 'r6gd.medium_use1-az4': 5, 'r6gd.medium_use1-az5': 5, 'r6gd.medium_use1-az6': 1, 'r6i.12xlarge_use1-az1': 5, 'r6i.12xlarge_use1-az2': 5, 'r6i.12xlarge_use1-az4': 5, 'r6i.12xlarge_use1-az5': 1, 'r6i.12xlarge_use1-az6': 10, 'r6i.16xlarge_use1-az1': 1, 'r6i.16xlarge_use1-az2': 1, 'r6i.16xlarge_use1-az4': 10, 'r6i.16xlarge_use1-az5': 10, 'r6i.16xlarge_use1-az6': 1, 'r6i.24xlarge_use1-az4': 10, 'r6i.24xlarge_use1-az5': 1, 'r6i.24xlarge_use1-az6': 5, 'r6i.2xlarge_use1-az1': 15, 'r6i.2xlarge_use1-az2': 35, 'r6i.2xlarge_use1-az4': 50, 'r6i.2xlarge_use1-az5': 5, 'r6i.2xlarge_use1-az6': 50, 'r6i.32xlarge_use1-az4': 1, 'r6i.32xlarge_use1-az5': 1, 'r6i.32xlarge_use1-az6': 1, 'r6i.4xlarge_use1-az1': 30, 'r6i.4xlarge_use1-az2': 20, 'r6i.4xlarge_use1-az4': 20, 'r6i.4xlarge_use1-az5': 10, 'r6i.4xlarge_use1-az6': 40, 'r6i.8xlarge_use1-az1': 5, 'r6i.8xlarge_use1-az2': 10, 'r6i.8xlarge_use1-az4': 10, 'r6i.8xlarge_use1-az5': 5, 'r6i.8xlarge_use1-az6': 10, 'r6i.large_use1-az1': 20, 'r6i.large_use1-az2': 50, 'r6i.large_use1-az4': 50, 'r6i.large_use1-az5': 20, 'r6i.large_use1-az6': 50, 'r6i.xlarge_use1-az1': 15, 'r6i.xlarge_use1-az2': 45, 'r6i.xlarge_use1-az4': 50, 'r6i.xlarge_use1-az5': 10, 'r6i.xlarge_use1-az6': 50, 'r6id.12xlarge_use1-az6': 5, 'r6id.16xlarge_use1-az1': 5, 'r6id.16xlarge_use1-az2': 5, 'r6id.16xlarge_use1-az4': 15, 'r6id.16xlarge_use1-az5': 1, 'r6id.16xlarge_use1-az6': 20, 'r6id.24xlarge_use1-az1': 10, 'r6id.24xlarge_use1-az2': 10, 'r6id.24xlarge_use1-az4': 5, 'r6id.24xlarge_use1-az6': 25, 'r6id.2xlarge_use1-az2': 1, 'r6id.2xlarge_use1-az5': 1, 'r6id.2xlarge_use1-az6': 10, 'r6id.32xlarge_use1-az1': 1, 'r6id.32xlarge_use1-az2': 5, 'r6id.32xlarge_use1-az4': 1, 'r6id.32xlarge_use1-az6': 10, 'r6id.large_use1-az2': 10, 'r6id.large_use1-az4': 5, 'r6id.large_use1-az5': 15, 'r6idn.16xlarge_use1-az4': 1, 'r6idn.16xlarge_use1-az5': 1, 'r6idn.16xlarge_use1-az6': 1, 'r6idn.24xlarge_use1-az6': 1, 'r6idn.large_use1-az1': 1, 'r6idn.large_use1-az2': 1, 'r6idn.large_use1-az4': 5, 'r6idn.large_use1-az5': 5, 'r6in.12xlarge_use1-az6': 5, 'r6in.16xlarge_use1-az4': 1, 'r6in.16xlarge_use1-az5': 1, 'r6in.16xlarge_use1-az6': 5, 'r6in.24xlarge_use1-az6': 1, 'r6in.8xlarge_use1-az4': 1, 'r6in.8xlarge_use1-az6': 5, 'r6in.large_use1-az1': 45, 'r6in.large_use1-az2': 50, 'r6in.large_use1-az4': 50, 'r6in.large_use1-az5': 40, 'r6in.large_use1-az6': 50, 'r7a.12xlarge_use1-az1': 1, 'r7a.12xlarge_use1-az2': 1, 'r7a.12xlarge_use1-az4': 5, 'r7a.12xlarge_use1-az6': 20, 'r7a.16xlarge_use1-az1': 1, 'r7a.16xlarge_use1-az2': 15, 'r7a.16xlarge_use1-az4': 30, 'r7a.16xlarge_use1-az6': 50, 'r7a.24xlarge_use1-az2': 10, 'r7a.24xlarge_use1-az4': 10, 'r7a.24xlarge_use1-az6': 35, 'r7a.2xlarge_use1-az1': 1, 'r7a.2xlarge_use1-az2': 5, 'r7a.2xlarge_use1-az4': 25, 'r7a.2xlarge_use1-az6': 1, 'r7a.32xlarge_use1-az2': 1, 'r7a.32xlarge_use1-az4': 1, 'r7a.32xlarge_use1-az6': 50, 'r7a.48xlarge_use1-az2': 5, 'r7a.48xlarge_use1-az4': 5, 'r7a.48xlarge_use1-az6': 50, 'r7a.4xlarge_use1-az1': 5, 'r7a.4xlarge_use1-az2': 25, 'r7a.4xlarge_use1-az4': 50, 'r7a.4xlarge_use1-az6': 50, 'r7a.8xlarge_use1-az1': 5, 'r7a.8xlarge_use1-az2': 20, 'r7a.8xlarge_use1-az4': 50, 'r7a.8xlarge_use1-az6': 50, 'r7a.large_use1-az1': 50, 'r7a.large_use1-az2': 50, 'r7a.large_use1-az4': 50, 'r7a.large_use1-az6': 50, 'r7a.medium_use1-az1': 10, 'r7a.medium_use1-az2': 25, 'r7a.medium_use1-az4': 50, 'r7a.medium_use1-az6': 50, 'r7a.xlarge_use1-az1': 20, 'r7a.xlarge_use1-az2': 50, 'r7a.xlarge_use1-az4': 50, 'r7a.xlarge_use1-az6': 25, 'r7g.12xlarge_use1-az1': 1, 'r7g.12xlarge_use1-az2': 5, 'r7g.12xlarge_use1-az4': 50, 'r7g.12xlarge_use1-az5': 1, 'r7g.12xlarge_use1-az6': 5, 'r7g.16xlarge_use1-az1': 5, 'r7g.16xlarge_use1-az2': 30, 'r7g.16xlarge_use1-az4': 50, 'r7g.16xlarge_use1-az5': 5, 'r7g.16xlarge_use1-az6': 50, 'r7g.2xlarge_use1-az1': 5, 'r7g.2xlarge_use1-az2': 10, 'r7g.2xlarge_use1-az4': 50, 'r7g.2xlarge_use1-az5': 5, 'r7g.2xlarge_use1-az6': 15, 'r7g.4xlarge_use1-az1': 5, 'r7g.4xlarge_use1-az2': 5, 'r7g.4xlarge_use1-az4': 50, 'r7g.4xlarge_use1-az5': 5, 'r7g.4xlarge_use1-az6': 15, 'r7g.8xlarge_use1-az1': 1, 'r7g.8xlarge_use1-az2': 50, 'r7g.8xlarge_use1-az4': 50, 'r7g.8xlarge_use1-az5': 50, 'r7g.8xlarge_use1-az6': 50, 'r7g.large_use1-az1': 20, 'r7g.large_use1-az2': 50, 'r7g.large_use1-az4': 50, 'r7g.large_use1-az5': 40, 'r7g.large_use1-az6': 40, 'r7g.medium_use1-az1': 50, 'r7g.medium_use1-az2': 50, 'r7g.medium_use1-az4': 50, 'r7g.medium_use1-az5': 25, 'r7g.medium_use1-az6': 50, 'r7g.xlarge_use1-az1': 50, 'r7g.xlarge_use1-az2': 50, 'r7g.xlarge_use1-az4': 50, 'r7g.xlarge_use1-az5': 10, 'r7g.xlarge_use1-az6': 50, 'r7gd.12xlarge_use1-az2': 10, 'r7gd.12xlarge_use1-az4': 35, 'r7gd.12xlarge_use1-az5': 10, 'r7gd.12xlarge_use1-az6': 50, 'r7gd.16xlarge_use1-az1': 5, 'r7gd.16xlarge_use1-az2': 50, 'r7gd.16xlarge_use1-az4': 50, 'r7gd.16xlarge_use1-az5': 50, 'r7gd.16xlarge_use1-az6': 50, 'r7gd.2xlarge_use1-az5': 40, 'r7gd.2xlarge_use1-az6': 50, 'r7gd.4xlarge_use1-az2': 20, 'r7gd.4xlarge_use1-az4': 25, 'r7gd.4xlarge_use1-az6': 50, 'r7gd.8xlarge_use1-az2': 10, 'r7gd.8xlarge_use1-az4': 30, 'r7gd.8xlarge_use1-az5': 20, 'r7gd.8xlarge_use1-az6': 50, 'r7gd.large_use1-az1': 15, 'r7gd.large_use1-az2': 10, 'r7gd.large_use1-az4': 50, 'r7gd.large_use1-az5': 15, 'r7gd.large_use1-az6': 35, 'r7gd.medium_use1-az1': 35, 'r7gd.medium_use1-az2': 15, 'r7gd.medium_use1-az4': 25, 'r7gd.medium_use1-az5': 15, 'r7gd.medium_use1-az6': 20, 'r7gd.xlarge_use1-az4': 25, 'r7gd.xlarge_use1-az5': 10, 'r7gd.xlarge_use1-az6': 50, 'r7i.12xlarge_use1-az4': 1, 'r7i.12xlarge_use1-az6': 10, 'r7i.16xlarge_use1-az1': 5, 'r7i.16xlarge_use1-az2': 15, 'r7i.16xlarge_use1-az4': 45, 'r7i.16xlarge_use1-az5': 5, 'r7i.16xlarge_use1-az6': 50, 'r7i.24xlarge_use1-az1': 1, 'r7i.24xlarge_use1-az2': 1, 'r7i.24xlarge_use1-az4': 5, 'r7i.24xlarge_use1-az5': 5, 'r7i.24xlarge_use1-az6': 5, 'r7i.2xlarge_use1-az2': 5, 'r7i.2xlarge_use1-az4': 10, 'r7i.2xlarge_use1-az5': 5, 'r7i.2xlarge_use1-az6': 50, 'r7i.48xlarge_use1-az2': 1, 'r7i.48xlarge_use1-az4': 5, 'r7i.48xlarge_use1-az5': 1, 'r7i.48xlarge_use1-az6': 5, 'r7i.4xlarge_use1-az1': 5, 'r7i.4xlarge_use1-az2': 20, 'r7i.4xlarge_use1-az4': 10, 'r7i.4xlarge_use1-az5': 1, 'r7i.4xlarge_use1-az6': 50, 'r7i.8xlarge_use1-az1': 5, 'r7i.8xlarge_use1-az2': 25, 'r7i.8xlarge_use1-az4': 25, 'r7i.8xlarge_use1-az5': 5, 'r7i.8xlarge_use1-az6': 50, 'r7i.large_use1-az1': 15, 'r7i.large_use1-az2': 50, 'r7i.large_use1-az4': 50, 'r7i.large_use1-az5': 15, 'r7i.large_use1-az6': 50, 'r7i.xlarge_use1-az1': 5, 'r7i.xlarge_use1-az2': 15, 'r7i.xlarge_use1-az4': 10, 'r7i.xlarge_use1-az5': 15, 'r7i.xlarge_use1-az6': 50, 'r8g.12xlarge_use1-az2': 5, 'r8g.12xlarge_use1-az4': 5, 'r8g.12xlarge_use1-az6': 15, 'r8g.16xlarge_use1-az1': 1, 'r8g.16xlarge_use1-az2': 50, 'r8g.16xlarge_use1-az4': 50, 'r8g.16xlarge_use1-az5': 5, 'r8g.16xlarge_use1-az6': 50, 'r8g.24xlarge_use1-az2': 10, 'r8g.24xlarge_use1-az4': 5, 'r8g.24xlarge_use1-az5': 5, 'r8g.24xlarge_use1-az6': 35, 'r8g.2xlarge_use1-az2': 5, 'r8g.2xlarge_use1-az4': 5, 'r8g.2xlarge_use1-az5': 1, 'r8g.2xlarge_use1-az6': 5, 'r8g.48xlarge_use1-az2': 1, 'r8g.48xlarge_use1-az4': 5, 'r8g.48xlarge_use1-az6': 5, 'r8g.4xlarge_use1-az2': 10, 'r8g.4xlarge_use1-az4': 35, 'r8g.4xlarge_use1-az5': 5, 'r8g.4xlarge_use1-az6': 50, 'r8g.8xlarge_use1-az2': 40, 'r8g.8xlarge_use1-az4': 15, 'r8g.8xlarge_use1-az5': 1, 'r8g.8xlarge_use1-az6': 50, 'r8g.large_use1-az1': 5, 'r8g.large_use1-az2': 30, 'r8g.large_use1-az4': 15, 'r8g.large_use1-az5': 10, 'r8g.large_use1-az6': 20, 'r8g.medium_use1-az1': 15, 'r8g.medium_use1-az2': 30, 'r8g.medium_use1-az4': 20, 'r8g.medium_use1-az5': 5, 'r8g.medium_use1-az6': 15, 'r8g.xlarge_use1-az1': 1, 'r8g.xlarge_use1-az2': 10, 'r8g.xlarge_use1-az4': 5, 'r8g.xlarge_use1-az5': 5, 'r8g.xlarge_use1-az6': 10, 'r8gb.24xlarge_use1-az6': 1, 'r8gb.large_use1-az2': 20, 'r8gb.large_use1-az6': 25, 'r8gb.medium_use1-az2': 50, 'r8gb.metal-24xl_use1-az6': 1, 'r8gb.xlarge_use1-az6': 5, 'r8gd.12xlarge_use1-az5': 1, 'r8gd.12xlarge_use1-az6': 1, 'r8gd.16xlarge_use1-az2': 1, 'r8gd.16xlarge_use1-az4': 1, 'r8gd.16xlarge_use1-az5': 1, 'r8gd.16xlarge_use1-az6': 15, 'r8gd.24xlarge_use1-az2': 1, 'r8gd.24xlarge_use1-az5': 1, 'r8gd.24xlarge_use1-az6': 25, 'r8gd.2xlarge_use1-az2': 25, 'r8gd.2xlarge_use1-az4': 30, 'r8gd.2xlarge_use1-az6': 50, 'r8gd.48xlarge_use1-az6': 50, 'r8gd.4xlarge_use1-az2': 20, 'r8gd.4xlarge_use1-az5': 1, 'r8gd.4xlarge_use1-az6': 15, 'r8gd.8xlarge_use1-az5': 1, 'r8gd.8xlarge_use1-az6': 1, 'r8gd.large_use1-az2': 50, 'r8gd.large_use1-az5': 1, 'r8gd.large_use1-az6': 50, 'r8gd.medium_use1-az1': 5, 'r8gd.medium_use1-az2': 5, 'r8gd.medium_use1-az4': 5, 'r8gd.medium_use1-az5': 10, 'r8gd.metal-24xl_use1-az6': 1, 'r8gd.metal-48xl_use1-az6': 1, 'r8gd.xlarge_use1-az2': 25, 'r8gd.xlarge_use1-az4': 1, 'r8gd.xlarge_use1-az5': 50, 'r8gd.xlarge_use1-az6': 40, 'r8gn.24xlarge_use1-az2': 1, 'r8gn.48xlarge_use1-az6': 1, 'r8gn.large_use1-az2': 20, 'r8gn.large_use1-az6': 20, 'r8gn.medium_use1-az2': 35, 'r8gn.medium_use1-az4': 40, 'r8gn.metal-24xl_use1-az2': 1, 'r8gn.metal-24xl_use1-az6': 1, 'r8gn.xlarge_use1-az6': 10, 'r8i-flex.2xlarge_use1-az2': 1, 'r8i-flex.2xlarge_use1-az6': 5, 'r8i-flex.4xlarge_use1-az2': 1, 'r8i-flex.4xlarge_use1-az6': 1, 'r8i-flex.large_use1-az2': 1, 'r8i-flex.large_use1-az6': 5, 'r8i-flex.xlarge_use1-az2': 5, 'r8i-flex.xlarge_use1-az6': 1, 'r8i.12xlarge_use1-az2': 1, 'r8i.12xlarge_use1-az6': 1, 'r8i.16xlarge_use1-az2': 1, 'r8i.16xlarge_use1-az6': 1, 'r8i.24xlarge_use1-az6': 1, 'r8i.2xlarge_use1-az2': 5, 'r8i.2xlarge_use1-az6': 5, 'r8i.32xlarge_use1-az2': 1, 'r8i.32xlarge_use1-az6': 1, 'r8i.48xlarge_use1-az2': 1, 'r8i.48xlarge_use1-az6': 1, 'r8i.4xlarge_use1-az2': 1, 'r8i.4xlarge_use1-az6': 5, 'r8i.8xlarge_use1-az2': 1, 'r8i.8xlarge_use1-az6': 5, 'r8i.96xlarge_use1-az2': 1, 'r8i.96xlarge_use1-az6': 1, 'r8i.large_use1-az2': 20, 'r8i.large_use1-az6': 20, 'r8i.xlarge_use1-az2': 5, 'r8i.xlarge_use1-az6': 5, 't2.2xlarge_use1-az1': 50, 't2.2xlarge_use1-az2': 50, 't2.2xlarge_use1-az3': 15, 't2.2xlarge_use1-az4': 50, 't2.2xlarge_use1-az5': 50, 't2.2xlarge_use1-az6': 50, 't2.large_use1-az1': 20, 't2.large_use1-az2': 50, 't2.large_use1-az3': 50, 't2.large_use1-az4': 50, 't2.large_use1-az5': 25, 't2.large_use1-az6': 50, 't2.medium_use1-az1': 50, 't2.medium_use1-az2': 50, 't2.medium_use1-az3': 50, 't2.medium_use1-az4': 50, 't2.medium_use1-az5': 50, 't2.medium_use1-az6': 50, 't2.xlarge_use1-az1': 35, 't2.xlarge_use1-az2': 50, 't2.xlarge_use1-az3': 20, 't2.xlarge_use1-az4': 50, 't2.xlarge_use1-az5': 5, 't2.xlarge_use1-az6': 50, 't3.2xlarge_use1-az1': 50, 't3.2xlarge_use1-az2': 50, 't3.2xlarge_use1-az4': 50, 't3.2xlarge_use1-az5': 50, 't3.2xlarge_use1-az6': 50, 't3.large_use1-az1': 50, 't3.large_use1-az2': 50, 't3.large_use1-az4': 50, 't3.large_use1-az5': 50, 't3.large_use1-az6': 50, 't3.medium_use1-az1': 50, 't3.medium_use1-az2': 50, 't3.medium_use1-az4': 50, 't3.medium_use1-az5': 50, 't3.medium_use1-az6': 50, 't3.xlarge_use1-az1': 50, 't3.xlarge_use1-az2': 50, 't3.xlarge_use1-az4': 50, 't3.xlarge_use1-az5': 50, 't3.xlarge_use1-az6': 50, 't3a.2xlarge_use1-az1': 50, 't3a.2xlarge_use1-az2': 50, 't3a.2xlarge_use1-az4': 50, 't3a.2xlarge_use1-az5': 50, 't3a.2xlarge_use1-az6': 50, 't3a.large_use1-az1': 50, 't3a.large_use1-az2': 50, 't3a.large_use1-az4': 50, 't3a.large_use1-az5': 5, 't3a.large_use1-az6': 50, 't3a.medium_use1-az1': 50, 't3a.medium_use1-az2': 50, 't3a.medium_use1-az4': 50, 't3a.medium_use1-az6': 50, 't3a.xlarge_use1-az1': 25, 't3a.xlarge_use1-az2': 50, 't3a.xlarge_use1-az4': 50, 't3a.xlarge_use1-az5': 15, 't3a.xlarge_use1-az6': 50, 't4g.2xlarge_use1-az1': 5, 't4g.2xlarge_use1-az2': 15, 't4g.2xlarge_use1-az4': 5, 't4g.2xlarge_use1-az5': 10, 't4g.2xlarge_use1-az6': 10, 't4g.large_use1-az1': 1, 't4g.large_use1-az2': 15, 't4g.large_use1-az4': 50, 't4g.large_use1-az5': 25, 't4g.large_use1-az6': 35, 't4g.medium_use1-az2': 50, 't4g.medium_use1-az4': 50, 't4g.medium_use1-az5': 35, 't4g.medium_use1-az6': 50, 't4g.xlarge_use1-az1': 30, 't4g.xlarge_use1-az2': 15, 't4g.xlarge_use1-az4': 50, 't4g.xlarge_use1-az5': 5, 't4g.xlarge_use1-az6': 10, 'trn1.32xlarge_use1-az6': 50, 'trn1n.32xlarge_use1-az6': 50, 'x1.32xlarge_use1-az6': 1, 'x2gd.12xlarge_use1-az5': 5, 'x2gd.16xlarge_use1-az5': 1, 'x2gd.4xlarge_use1-az5': 1, 'x2gd.4xlarge_use1-az6': 35, 'x2gd.8xlarge_use1-az4': 1, 'x2gd.8xlarge_use1-az5': 1, 'x2gd.large_use1-az2': 25, 'x2gd.large_use1-az6': 50, 'x2gd.medium_use1-az1': 25, 'x2gd.medium_use1-az2': 35, 'x2gd.medium_use1-az4': 50, 'x2gd.medium_use1-az5': 50, 'x2gd.medium_use1-az6': 50, 'x2gd.xlarge_use1-az5': 15, 'x2idn.24xlarge_use1-az5': 1, 'x2idn.32xlarge_use1-az5': 1, 'x8g.12xlarge_use1-az4': 20, 'x8g.12xlarge_use1-az6': 1, 'x8g.16xlarge_use1-az1': 1, 'x8g.16xlarge_use1-az2': 5, 'x8g.16xlarge_use1-az4': 5, 'x8g.16xlarge_use1-az6': 5, 'x8g.24xlarge_use1-az2': 5, 'x8g.24xlarge_use1-az4': 5, 'x8g.24xlarge_use1-az6': 10, 'x8g.2xlarge_use1-az2': 10, 'x8g.2xlarge_use1-az6': 25, 'x8g.48xlarge_use1-az1': 1, 'x8g.48xlarge_use1-az2': 1, 'x8g.48xlarge_use1-az4': 10, 'x8g.48xlarge_use1-az6': 1, 'x8g.4xlarge_use1-az2': 5, 'x8g.4xlarge_use1-az4': 5, 'x8g.4xlarge_use1-az6': 10, 'x8g.8xlarge_use1-az2': 15, 'x8g.8xlarge_use1-az4': 20, 'x8g.8xlarge_use1-az6': 5, 'x8g.large_use1-az1': 30, 'x8g.large_use1-az4': 50, 'x8g.large_use1-az6': 50, 'x8g.medium_use1-az1': 50, 'x8g.medium_use1-az4': 50, 'x8g.medium_use1-az6': 50, 'x8g.metal-24xl_use1-az1': 1, 'x8g.metal-24xl_use1-az2': 1, 'x8g.metal-24xl_use1-az4': 1, 'x8g.metal-24xl_use1-az6': 10, 'x8g.metal-48xl_use1-az2': 1, 'x8g.metal-48xl_use1-az4': 1, 'x8g.metal-48xl_use1-az6': 1, 'x8g.xlarge_use1-az1': 10, 'x8g.xlarge_use1-az2': 20, 'x8g.xlarge_use1-az4': 40, 'x8g.xlarge_use1-az6': 50, 'z1d.12xlarge_use1-az2': 1, 'z1d.12xlarge_use1-az5': 1, 'z1d.12xlarge_use1-az6': 5, 'z1d.2xlarge_use1-az2': 5, 'z1d.3xlarge_use1-az5': 5, 'z1d.large_use1-az1': 15, 'z1d.large_use1-az2': 5, 'z1d.large_use1-az4': 25, 'z1d.large_use1-az5': 10, 'z1d.large_use1-az6': 25, 'z1d.xlarge_use1-az2': 20, 'z1d.xlarge_use1-az4': 30, 'z1d.xlarge_use1-az5': 1, 'z1d.xlarge_use1-az6': 20}"
0.5700000000000001,17661.81929999997,23750432528,1344733.0722199676,893349,893249,"{'c5.12xlarge_use1-az4': 50, 'c5.12xlarge_use1-az6': 50, 'c5.18xlarge_use1-az1': 5, 'c5.18xlarge_use1-az2': 50, 'c5.18xlarge_use1-az4': 15, 'c5.18xlarge_use1-az5': 10, 'c5.18xlarge_use1-az6': 1, 'c5.24xlarge_use1-az1': 1, 'c5.24xlarge_use1-az2': 5, 'c5.24xlarge_use1-az4': 5, 'c5.24xlarge_use1-az6': 5, 'c5.4xlarge_use1-az2': 50, 'c5.4xlarge_use1-az4': 50, 'c5.4xlarge_use1-az6': 50, 'c5a.12xlarge_use1-az1': 5, 'c5a.24xlarge_use1-az2': 1, 'c5a.large_use1-az5': 45, 'c5ad.24xlarge_use1-az4': 1, 'c5d.18xlarge_use1-az4': 50, 'c5d.18xlarge_use1-az5': 5, 'c5d.18xlarge_use1-az6': 30, 'c5d.24xlarge_use1-az2': 35, 'c5d.24xlarge_use1-az4': 25, 'c5d.24xlarge_use1-az6': 50, 'c5n.18xlarge_use1-az2': 5, 'c5n.large_use1-az5': 5, 'c6a.12xlarge_use1-az1': 5, 'c6a.12xlarge_use1-az2': 50, 'c6a.12xlarge_use1-az4': 50, 'c6a.12xlarge_use1-az6': 15, 'c6a.16xlarge_use1-az1': 1, 'c6a.16xlarge_use1-az2': 5, 'c6a.16xlarge_use1-az4': 10, 'c6a.16xlarge_use1-az5': 1, 'c6a.16xlarge_use1-az6': 15, 'c6a.24xlarge_use1-az1': 1, 'c6a.24xlarge_use1-az2': 5, 'c6a.24xlarge_use1-az4': 5, 'c6a.24xlarge_use1-az5': 5, 'c6a.24xlarge_use1-az6': 20, 'c6a.2xlarge_use1-az1': 10, 'c6a.2xlarge_use1-az2': 40, 'c6a.2xlarge_use1-az4': 50, 'c6a.2xlarge_use1-az5': 10, 'c6a.2xlarge_use1-az6': 50, 'c6a.32xlarge_use1-az2': 1, 'c6a.32xlarge_use1-az4': 1, 'c6a.32xlarge_use1-az5': 1, 'c6a.32xlarge_use1-az6': 5, 'c6a.48xlarge_use1-az2': 1, 'c6a.48xlarge_use1-az4': 10, 'c6a.48xlarge_use1-az5': 5, 'c6a.48xlarge_use1-az6': 25, 'c6a.8xlarge_use1-az2': 50, 'c6a.8xlarge_use1-az4': 30, 'c6a.8xlarge_use1-az5': 25, 'c6a.8xlarge_use1-az6': 50, 'c6a.large_use1-az1': 45, 'c6a.large_use1-az2': 50, 'c6a.large_use1-az4': 50, 'c6a.large_use1-az5': 50, 'c6a.large_use1-az6': 20, 'c6a.xlarge_use1-az2': 25, 'c6a.xlarge_use1-az4': 25, 'c6a.xlarge_use1-az5': 15, 'c6a.xlarge_use1-az6': 25, 'c6g.12xlarge_use1-az1': 15, 'c6g.12xlarge_use1-az2': 25, 'c6g.12xlarge_use1-az4': 50, 'c6g.12xlarge_use1-az5': 5, 'c6g.12xlarge_use1-az6': 50, 'c6g.16xlarge_use1-az1': 1, 'c6g.16xlarge_use1-az2': 15, 'c6g.16xlarge_use1-az4': 50, 'c6g.16xlarge_use1-az5': 5, 'c6g.16xlarge_use1-az6': 50, 'c6g.2xlarge_use1-az5': 15, 'c6g.4xlarge_use1-az1': 50, 'c6g.4xlarge_use1-az2': 50, 'c6g.4xlarge_use1-az4': 50, 'c6g.4xlarge_use1-az5': 50, 'c6g.4xlarge_use1-az6': 50, 'c6g.8xlarge_use1-az1': 50, 'c6g.8xlarge_use1-az2': 50, 'c6g.8xlarge_use1-az4': 50, 'c6g.8xlarge_use1-az5': 50, 'c6g.8xlarge_use1-az6': 50, 'c6g.large_use1-az4': 50, 'c6g.large_use1-az5': 50, 'c6g.large_use1-az6': 50, 'c6gd.12xlarge_use1-az2': 50, 'c6gd.12xlarge_use1-az4': 30, 'c6gd.12xlarge_use1-az5': 1, 'c6gd.12xlarge_use1-az6': 50, 'c6gd.16xlarge_use1-az2': 50, 'c6gd.16xlarge_use1-az4': 30, 'c6gd.16xlarge_use1-az6': 50, 'c6gd.2xlarge_use1-az1': 15, 'c6gd.2xlarge_use1-az2': 50, 'c6gd.2xlarge_use1-az4': 50, 'c6gd.2xlarge_use1-az5': 1, 'c6gd.2xlarge_use1-az6': 50, 'c6gd.4xlarge_use1-az2': 50, 'c6gd.4xlarge_use1-az4': 50, 'c6gd.4xlarge_use1-az5': 10, 'c6gd.4xlarge_use1-az6': 50, 'c6gd.8xlarge_use1-az2': 45, 'c6gd.8xlarge_use1-az4': 45, 'c6gd.8xlarge_use1-az5': 1, 'c6gd.8xlarge_use1-az6': 50, 'c6gd.large_use1-az4': 20, 'c6gd.large_use1-az5': 1, 'c6gn.12xlarge_use1-az5': 1, 'c6gn.16xlarge_use1-az4': 50, 'c6gn.16xlarge_use1-az5': 10, 'c6gn.8xlarge_use1-az4': 30, 'c6i.12xlarge_use1-az1': 15, 'c6i.12xlarge_use1-az2': 15, 'c6i.12xlarge_use1-az4': 30, 'c6i.16xlarge_use1-az1': 5, 'c6i.16xlarge_use1-az2': 15, 'c6i.16xlarge_use1-az4': 25, 'c6i.16xlarge_use1-az5': 10, 'c6i.16xlarge_use1-az6': 30, 'c6i.32xlarge_use1-az1': 10, 'c6i.32xlarge_use1-az2': 5, 'c6i.32xlarge_use1-az4': 50, 'c6i.32xlarge_use1-az5': 1, 'c6i.32xlarge_use1-az6': 40, 'c6i.large_use1-az2': 40, 'c6i.large_use1-az5': 10, 'c6i.xlarge_use1-az2': 45, 'c6i.xlarge_use1-az5': 10, 'c6id.12xlarge_use1-az2': 1, 'c6id.12xlarge_use1-az4': 5, 'c6id.12xlarge_use1-az6': 5, 'c6id.16xlarge_use1-az1': 1, 'c6id.16xlarge_use1-az4': 5, 'c6id.16xlarge_use1-az5': 1, 'c6id.24xlarge_use1-az4': 5, 'c6id.24xlarge_use1-az5': 1, 'c6id.24xlarge_use1-az6': 10, 'c6id.32xlarge_use1-az1': 1, 'c6id.32xlarge_use1-az2': 5, 'c6id.32xlarge_use1-az4': 10, 'c6id.32xlarge_use1-az5': 1, 'c6id.32xlarge_use1-az6': 5, 'c6in.large_use1-az5': 1, 'c7a.12xlarge_use1-az1': 5, 'c7a.12xlarge_use1-az2': 5, 'c7a.12xlarge_use1-az4': 1, 'c7a.12xlarge_use1-az6': 15, 'c7a.16xlarge_use1-az1': 1, 'c7a.16xlarge_use1-az2': 1, 'c7a.16xlarge_use1-az6': 5, 'c7a.24xlarge_use1-az1': 1, 'c7a.24xlarge_use1-az2': 1, 'c7a.32xlarge_use1-az1': 1, 'c7a.32xlarge_use1-az2': 1, 'c7a.32xlarge_use1-az6': 15, 'c7a.48xlarge_use1-az1': 1, 'c7a.48xlarge_use1-az2': 1, 'c7a.48xlarge_use1-az5': 1, 'c7a.48xlarge_use1-az6': 20, 'c7a.4xlarge_use1-az2': 10, 'c7a.4xlarge_use1-az5': 1, 'c7a.large_use1-az1': 15, 'c7a.large_use1-az2': 25, 'c7a.large_use1-az4': 30, 'c7a.large_use1-az5': 10, 'c7a.large_use1-az6': 50, 'c7g.12xlarge_use1-az1': 15, 'c7g.12xlarge_use1-az2': 50, 'c7g.12xlarge_use1-az4': 15, 'c7g.12xlarge_use1-az5': 1, 'c7g.12xlarge_use1-az6': 50, 'c7g.16xlarge_use1-az1': 25, 'c7g.16xlarge_use1-az4': 50, 'c7g.16xlarge_use1-az5': 10, 'c7g.16xlarge_use1-az6': 50, 'c7g.2xlarge_use1-az1': 50, 'c7g.2xlarge_use1-az2': 50, 'c7g.2xlarge_use1-az4': 50, 'c7g.2xlarge_use1-az5': 50, 'c7g.2xlarge_use1-az6': 50, 'c7g.4xlarge_use1-az1': 50, 'c7g.4xlarge_use1-az2': 50, 'c7g.4xlarge_use1-az4': 50, 'c7g.4xlarge_use1-az5': 50, 'c7g.4xlarge_use1-az6': 50, 'c7g.8xlarge_use1-az1': 50, 'c7g.8xlarge_use1-az2': 50, 'c7g.8xlarge_use1-az4': 50, 'c7g.8xlarge_use1-az5': 50, 'c7g.8xlarge_use1-az6': 50, 'c7g.xlarge_use1-az2': 50, 'c7g.xlarge_use1-az5': 50, 'c7g.xlarge_use1-az6': 50, 'c7gd.12xlarge_use1-az1': 5, 'c7gd.12xlarge_use1-az4': 15, 'c7gd.12xlarge_use1-az5': 15, 'c7gd.12xlarge_use1-az6': 50, 'c7gd.16xlarge_use1-az1': 5, 'c7gd.16xlarge_use1-az4': 40, 'c7gd.16xlarge_use1-az5': 1, 'c7gd.16xlarge_use1-az6': 50, 'c7gd.2xlarge_use1-az1': 15, 'c7gd.2xlarge_use1-az2': 50, 'c7gd.2xlarge_use1-az4': 50, 'c7gd.2xlarge_use1-az6': 50, 'c7gd.4xlarge_use1-az1': 30, 'c7gd.4xlarge_use1-az2': 25, 'c7gd.4xlarge_use1-az4': 50, 'c7gd.4xlarge_use1-az6': 50, 'c7gd.8xlarge_use1-az1': 5, 'c7gd.8xlarge_use1-az2': 15, 'c7gd.8xlarge_use1-az4': 10, 'c7gd.8xlarge_use1-az5': 5, 'c7gd.8xlarge_use1-az6': 20, 'c7gd.xlarge_use1-az5': 15, 'c7gn.12xlarge_use1-az5': 1, 'c7gn.16xlarge_use1-az6': 20, 'c7i-flex.8xlarge_use1-az4': 1, 'c7i-flex.8xlarge_use1-az6': 5, 'c7i-flex.large_use1-az1': 40, 'c7i-flex.large_use1-az2': 50, 'c7i-flex.large_use1-az4': 10, 'c7i-flex.large_use1-az5': 1, 'c7i-flex.large_use1-az6': 50, 'c7i-flex.xlarge_use1-az2': 50, 'c7i-flex.xlarge_use1-az5': 5, 'c7i.12xlarge_use1-az2': 15, 'c7i.12xlarge_use1-az6': 5, 'c7i.16xlarge_use1-az1': 1, 'c7i.16xlarge_use1-az6': 15, 'c7i.24xlarge_use1-az6': 15, 'c7i.2xlarge_use1-az2': 10, 'c7i.2xlarge_use1-az4': 10, 'c7i.2xlarge_use1-az5': 5, 'c7i.48xlarge_use1-az1': 10, 'c7i.48xlarge_use1-az2': 10, 'c7i.48xlarge_use1-az4': 5, 'c7i.48xlarge_use1-az5': 1, 'c7i.48xlarge_use1-az6': 50, 'c7i.4xlarge_use1-az2': 5, 'c7i.4xlarge_use1-az5': 1, 'c7i.4xlarge_use1-az6': 15, 'c7i.8xlarge_use1-az2': 5, 'c7i.8xlarge_use1-az4': 5, 'c7i.8xlarge_use1-az6': 10, 'c7i.large_use1-az1': 45, 'c7i.large_use1-az2': 50, 'c7i.large_use1-az4': 50, 'c7i.large_use1-az5': 5, 'c7i.large_use1-az6': 50, 'c7i.xlarge_use1-az2': 10, 'c7i.xlarge_use1-az5': 1, 'c7i.xlarge_use1-az6': 5, 'c8g.12xlarge_use1-az1': 1, 'c8g.12xlarge_use1-az2': 5, 'c8g.12xlarge_use1-az4': 1, 'c8g.12xlarge_use1-az6': 25, 'c8g.16xlarge_use1-az1': 10, 'c8g.16xlarge_use1-az2': 5, 'c8g.16xlarge_use1-az4': 1, 'c8g.16xlarge_use1-az6': 50, 'c8g.24xlarge_use1-az1': 5, 'c8g.24xlarge_use1-az2': 10, 'c8g.24xlarge_use1-az4': 1, 'c8g.24xlarge_use1-az6': 25, 'c8g.2xlarge_use1-az1': 5, 'c8g.2xlarge_use1-az2': 5, 'c8g.2xlarge_use1-az4': 50, 'c8g.2xlarge_use1-az5': 1, 'c8g.2xlarge_use1-az6': 50, 'c8g.48xlarge_use1-az1': 1, 'c8g.48xlarge_use1-az2': 5, 'c8g.48xlarge_use1-az6': 50, 'c8g.4xlarge_use1-az1': 35, 'c8g.4xlarge_use1-az2': 15, 'c8g.4xlarge_use1-az4': 20, 'c8g.4xlarge_use1-az5': 10, 'c8g.4xlarge_use1-az6': 50, 'c8g.8xlarge_use1-az1': 1, 'c8g.8xlarge_use1-az2': 5, 'c8g.8xlarge_use1-az4': 5, 'c8g.8xlarge_use1-az6': 50, 'c8g.large_use1-az2': 20, 'c8g.large_use1-az4': 5, 'c8g.large_use1-az5': 1, 'c8g.metal-24xl_use1-az2': 1, 'c8g.metal-24xl_use1-az6': 20, 'c8g.metal-48xl_use1-az1': 1, 'c8g.metal-48xl_use1-az2': 1, 'c8g.metal-48xl_use1-az6': 50, 'c8g.xlarge_use1-az1': 5, 'c8g.xlarge_use1-az2': 30, 'c8g.xlarge_use1-az4': 5, 'c8g.xlarge_use1-az5': 1, 'c8g.xlarge_use1-az6': 50, 'c8gd.12xlarge_use1-az2': 5, 'c8gd.12xlarge_use1-az4': 5, 'c8gd.12xlarge_use1-az5': 1, 'c8gd.12xlarge_use1-az6': 5, 'c8gd.16xlarge_use1-az2': 10, 'c8gd.16xlarge_use1-az4': 10, 'c8gd.16xlarge_use1-az5': 5, 'c8gd.16xlarge_use1-az6': 50, 'c8gd.24xlarge_use1-az4': 5, 'c8gd.24xlarge_use1-az5': 1, 'c8gd.2xlarge_use1-az2': 50, 'c8gd.2xlarge_use1-az4': 50, 'c8gd.2xlarge_use1-az5': 10, 'c8gd.2xlarge_use1-az6': 50, 'c8gd.48xlarge_use1-az6': 15, 'c8gd.4xlarge_use1-az2': 10, 'c8gd.4xlarge_use1-az4': 30, 'c8gd.4xlarge_use1-az6': 50, 'c8gd.large_use1-az2': 40, 'c8gd.metal-24xl_use1-az2': 1, 'c8gd.metal-24xl_use1-az4': 1, 'c8gd.metal-24xl_use1-az5': 1, 'c8gd.metal-24xl_use1-az6': 5, 'c8gd.metal-48xl_use1-az2': 1, 'c8gd.metal-48xl_use1-az6': 1, 'c8gd.xlarge_use1-az1': 1, 'c8gd.xlarge_use1-az2': 20, 'c8gd.xlarge_use1-az4': 20, 'c8gd.xlarge_use1-az5': 15, 'c8gn.large_use1-az6': 1, 'c8i-flex.12xlarge_use1-az6': 1, 'c8i-flex.16xlarge_use1-az6': 1, 'c8i-flex.2xlarge_use1-az2': 25, 'c8i-flex.2xlarge_use1-az4': 15, 'c8i-flex.2xlarge_use1-az6': 50, 'c8i-flex.4xlarge_use1-az2': 5, 'c8i-flex.4xlarge_use1-az4': 1, 'c8i-flex.4xlarge_use1-az6': 5, 'c8i-flex.8xlarge_use1-az6': 1, 'c8i-flex.large_use1-az4': 20, 'c8i-flex.xlarge_use1-az2': 40, 'c8i-flex.xlarge_use1-az4': 5, 'c8i-flex.xlarge_use1-az6': 50, 'c8i.12xlarge_use1-az4': 1, 'c8i.12xlarge_use1-az6': 1, 'c8i.16xlarge_use1-az6': 1, 'c8i.24xlarge_use1-az6': 1, 'c8i.2xlarge_use1-az2': 10, 'c8i.2xlarge_use1-az4': 5, 'c8i.2xlarge_use1-az6': 20, 'c8i.32xlarge_use1-az2': 1, 'c8i.32xlarge_use1-az4': 1, 'c8i.32xlarge_use1-az6': 5, 'c8i.48xlarge_use1-az2': 1, 'c8i.4xlarge_use1-az2': 5, 'c8i.4xlarge_use1-az4': 5, 'c8i.4xlarge_use1-az6': 5, 'c8i.8xlarge_use1-az4': 1, 'c8i.96xlarge_use1-az2': 1, 'c8i.96xlarge_use1-az6': 5, 'c8i.metal-48xl_use1-az2': 1, 'c8i.metal-96xl_use1-az2': 1, 'c8i.metal-96xl_use1-az6': 5, 'c8i.xlarge_use1-az2': 50, 'c8i.xlarge_use1-az4': 15, 'c8i.xlarge_use1-az6': 50, 'f2.12xlarge_use1-az2': 1, 'f2.12xlarge_use1-az4': 1, 'f2.12xlarge_use1-az6': 1, 'f2.48xlarge_use1-az2': 5, 'f2.48xlarge_use1-az4': 5, 'f2.48xlarge_use1-az6': 1, 'g4ad.16xlarge_use1-az1': 5, 'g4ad.16xlarge_use1-az2': 5, 'g4ad.16xlarge_use1-az4': 5, 'g4ad.16xlarge_use1-az6': 10, 'g4ad.2xlarge_use1-az6': 10, 'g4ad.4xlarge_use1-az1': 10, 'g4ad.4xlarge_use1-az2': 15, 'g4ad.4xlarge_use1-az4': 15, 'g4ad.4xlarge_use1-az6': 5, 'g4ad.8xlarge_use1-az1': 1, 'g4ad.8xlarge_use1-az2': 5, 'g4ad.8xlarge_use1-az4': 5, 'g4ad.8xlarge_use1-az6': 5, 'g4ad.xlarge_use1-az2': 20, 'g4ad.xlarge_use1-az4': 25, 'g4dn.12xlarge_use1-az2': 15, 'g4dn.12xlarge_use1-az4': 15, 'g4dn.12xlarge_use1-az5': 15, 'g4dn.12xlarge_use1-az6': 50, 'g4dn.16xlarge_use1-az1': 1, 'g4dn.16xlarge_use1-az2': 10, 'g4dn.16xlarge_use1-az4': 1, 'g4dn.16xlarge_use1-az5': 5, 'g4dn.16xlarge_use1-az6': 15, 'g4dn.4xlarge_use1-az1': 5, 'g4dn.4xlarge_use1-az2': 40, 'g4dn.4xlarge_use1-az4': 25, 'g4dn.4xlarge_use1-az5': 40, 'g4dn.4xlarge_use1-az6': 40, 'g4dn.8xlarge_use1-az1': 1, 'g4dn.8xlarge_use1-az2': 1, 'g4dn.8xlarge_use1-az4': 10, 'g4dn.8xlarge_use1-az5': 1, 'g4dn.8xlarge_use1-az6': 5, 'g5.16xlarge_use1-az1': 1, 'g5.16xlarge_use1-az2': 1, 'g5.16xlarge_use1-az4': 5, 'g5.16xlarge_use1-az5': 5, 'g5.16xlarge_use1-az6': 10, 'g5.24xlarge_use1-az1': 1, 'g5.48xlarge_use1-az5': 5, 'g5.48xlarge_use1-az6': 25, 'g5.8xlarge_use1-az1': 1, 'g5.8xlarge_use1-az2': 5, 'g5.8xlarge_use1-az4': 10, 'g5.8xlarge_use1-az5': 20, 'g5.8xlarge_use1-az6': 10, 'g5g.16xlarge_use1-az1': 1, 'g5g.16xlarge_use1-az6': 5, 'g6.12xlarge_use1-az2': 1, 'g6.12xlarge_use1-az4': 30, 'g6.12xlarge_use1-az6': 50, 'g6.16xlarge_use1-az1': 1, 'g6.16xlarge_use1-az2': 1, 'g6.16xlarge_use1-az4': 1, 'g6.16xlarge_use1-az6': 5, 'g6.24xlarge_use1-az2': 1, 'g6.24xlarge_use1-az4': 1, 'g6.24xlarge_use1-az6': 1, 'g6.48xlarge_use1-az2': 5, 'g6.48xlarge_use1-az4': 30, 'g6.48xlarge_use1-az6': 50, 'g6.4xlarge_use1-az1': 5, 'g6.4xlarge_use1-az2': 10, 'g6.4xlarge_use1-az4': 35, 'g6.4xlarge_use1-az6': 50, 'g6.8xlarge_use1-az1': 5, 'g6.8xlarge_use1-az2': 5, 'g6.8xlarge_use1-az4': 10, 'g6.8xlarge_use1-az6': 15, 'g6e.16xlarge_use1-az1': 10, 'g6e.16xlarge_use1-az2': 15, 'g6e.16xlarge_use1-az4': 40, 'g6e.16xlarge_use1-az6': 20, 'g6e.8xlarge_use1-az2': 1, 'g6f.2xlarge_use1-az1': 1, 'g6f.2xlarge_use1-az4': 1, 'g6f.2xlarge_use1-az6': 5, 'g6f.4xlarge_use1-az1': 1, 'g6f.4xlarge_use1-az4': 1, 'g6f.4xlarge_use1-az6': 1, 'g6f.large_use1-az1': 10, 'g6f.large_use1-az2': 15, 'g6f.large_use1-az4': 40, 'g6f.large_use1-az6': 20, 'g6f.xlarge_use1-az1': 1, 'g6f.xlarge_use1-az2': 1, 'g6f.xlarge_use1-az4': 5, 'g6f.xlarge_use1-az6': 10, 'gr6.4xlarge_use1-az2': 1, 'gr6.4xlarge_use1-az4': 1, 'gr6.4xlarge_use1-az6': 1, 'gr6.8xlarge_use1-az1': 1, 'gr6.8xlarge_use1-az2': 1, 'gr6.8xlarge_use1-az4': 1, 'gr6.8xlarge_use1-az6': 1, 'i3.16xlarge_use1-az3': 10, 'i3.16xlarge_use1-az5': 10, 'i3.large_use1-az1': 50, 'i3.large_use1-az2': 50, 'i3.large_use1-az3': 50, 'i3.large_use1-az4': 50, 'i3.large_use1-az5': 50, 'i3.large_use1-az6': 50, 'i4g.16xlarge_use1-az5': 50, 'i4g.16xlarge_use1-az6': 50, 'i4g.2xlarge_use1-az2': 10, 'i4g.2xlarge_use1-az5': 40, 'i4g.2xlarge_use1-az6': 50, 'i4g.large_use1-az6': 50, 'i4g.xlarge_use1-az2': 10, 'i4g.xlarge_use1-az5': 50, 'i4i.12xlarge_use1-az2': 5, 'i4i.24xlarge_use1-az2': 1, 'i4i.large_use1-az1': 50, 'i4i.large_use1-az2': 50, 'i4i.large_use1-az4': 50, 'i4i.large_use1-az5': 50, 'i4i.large_use1-az6': 50, 'i4i.xlarge_use1-az2': 50, 'i4i.xlarge_use1-az4': 50, 'i4i.xlarge_use1-az6': 50, 'i7i.12xlarge_use1-az6': 1, 'i7i.16xlarge_use1-az2': 1, 'i7i.16xlarge_use1-az4': 5, 'i7i.16xlarge_use1-az6': 1, 'i7i.24xlarge_use1-az2': 1, 'i7i.24xlarge_use1-az6': 1, 'i7i.2xlarge_use1-az1': 1, 'i7i.2xlarge_use1-az2': 50, 'i7i.2xlarge_use1-az4': 45, 'i7i.2xlarge_use1-az5': 20, 'i7i.2xlarge_use1-az6': 10, 'i7i.4xlarge_use1-az4': 20, 'i7i.4xlarge_use1-az5': 5, 'i7i.4xlarge_use1-az6': 20, 'i7i.8xlarge_use1-az1': 1, 'i7i.8xlarge_use1-az2': 1, 'i7i.8xlarge_use1-az6': 1, 'i7i.metal-24xl_use1-az2': 1, 'i7i.metal-24xl_use1-az4': 50, 'i7i.metal-24xl_use1-az6': 35, 'i7i.xlarge_use1-az6': 20, 'i7ie.24xlarge_use1-az6': 50, 'i7ie.2xlarge_use1-az2': 1, 'i7ie.large_use1-az1': 45, 'i7ie.large_use1-az4': 50, 'i7ie.large_use1-az6': 50, 'i7ie.metal-24xl_use1-az6': 15, 'i7ie.metal-48xl_use1-az6': 10, 'i7ie.xlarge_use1-az6': 50, 'i8g.12xlarge_use1-az6': 1, 'i8g.24xlarge_use1-az6': 10, 'i8g.2xlarge_use1-az2': 1, 'i8g.4xlarge_use1-az2': 1, 'i8g.8xlarge_use1-az6': 5, 'i8g.large_use1-az2': 10, 'i8g.large_use1-az6': 5, 'i8g.xlarge_use1-az2': 1, 'i8g.xlarge_use1-az4': 1, 'i8g.xlarge_use1-az6': 1, 'i8ge.12xlarge_use1-az4': 1, 'i8ge.12xlarge_use1-az6': 5, 'i8ge.18xlarge_use1-az2': 1, 'i8ge.18xlarge_use1-az4': 1, 'i8ge.18xlarge_use1-az6': 5, 'i8ge.24xlarge_use1-az4': 1, 'i8ge.24xlarge_use1-az6': 5, 'i8ge.3xlarge_use1-az2': 1, 'i8ge.48xlarge_use1-az4': 5, 'i8ge.6xlarge_use1-az2': 1, 'i8ge.large_use1-az2': 5, 'i8ge.metal-24xl_use1-az4': 1, 'i8ge.metal-48xl_use1-az6': 1, 'i8ge.xlarge_use1-az4': 20, 'im4gn.16xlarge_use1-az4': 45, 'im4gn.2xlarge_use1-az4': 20, 'im4gn.2xlarge_use1-az6': 15, 'im4gn.8xlarge_use1-az1': 1, 'im4gn.8xlarge_use1-az4': 5, 'inf1.24xlarge_use1-az1': 1, 'inf1.24xlarge_use1-az2': 1, 'inf1.24xlarge_use1-az4': 10, 'inf1.24xlarge_use1-az5': 5, 'inf1.24xlarge_use1-az6': 20, 'inf1.2xlarge_use1-az1': 15, 'inf1.2xlarge_use1-az2': 15, 'inf1.2xlarge_use1-az4': 30, 'inf1.2xlarge_use1-az5': 40, 'inf1.2xlarge_use1-az6': 40, 'inf1.6xlarge_use1-az1': 1, 'inf1.6xlarge_use1-az2': 1, 'inf1.6xlarge_use1-az4': 5, 'inf1.6xlarge_use1-az5': 5, 'inf1.6xlarge_use1-az6': 10, 'inf1.xlarge_use1-az2': 50, 'inf1.xlarge_use1-az4': 40, 'inf1.xlarge_use1-az5': 50, 'inf1.xlarge_use1-az6': 50, 'inf2.24xlarge_use1-az4': 1, 'inf2.24xlarge_use1-az6': 10, 'inf2.48xlarge_use1-az6': 15, 'inf2.8xlarge_use1-az2': 5, 'inf2.8xlarge_use1-az4': 5, 'inf2.8xlarge_use1-az5': 1, 'inf2.8xlarge_use1-az6': 1, 'is4gen.medium_use1-az1': 50, 'is4gen.medium_use1-az6': 30, 'm2.2xlarge_use1-az1': 5, 'm2.2xlarge_use1-az6': 5, 'm2.4xlarge_use1-az1': 1, 'm2.4xlarge_use1-az2': 5, 'm2.4xlarge_use1-az4': 5, 'm2.xlarge_use1-az1': 5, 'm2.xlarge_use1-az2': 20, 'm2.xlarge_use1-az4': 20, 'm2.xlarge_use1-az6': 15, 'm3.xlarge_use1-az3': 1, 'm4.10xlarge_use1-az1': 5, 'm4.10xlarge_use1-az2': 10, 'm4.10xlarge_use1-az3': 1, 'm4.10xlarge_use1-az4': 50, 'm4.10xlarge_use1-az5': 1, 'm4.10xlarge_use1-az6': 50, 'm4.2xlarge_use1-az2': 20, 'm4.2xlarge_use1-az3': 50, 'm4.2xlarge_use1-az4': 20, 'm4.2xlarge_use1-az5': 1, 'm4.2xlarge_use1-az6': 25, 'm4.4xlarge_use1-az1': 50, 'm4.4xlarge_use1-az2': 50, 'm4.4xlarge_use1-az3': 50, 'm4.4xlarge_use1-az4': 25, 'm4.4xlarge_use1-az5': 10, 'm4.4xlarge_use1-az6': 15, 'm4.large_use1-az1': 30, 'm4.large_use1-az2': 50, 'm4.large_use1-az3': 25, 'm4.large_use1-az4': 50, 'm4.large_use1-az5': 10, 'm4.large_use1-az6': 50, 'm4.xlarge_use1-az1': 15, 'm4.xlarge_use1-az2': 50, 'm4.xlarge_use1-az3': 50, 'm4.xlarge_use1-az4': 50, 'm4.xlarge_use1-az5': 30, 'm4.xlarge_use1-az6': 50, 'm5.12xlarge_use1-az1': 5, 'm5.12xlarge_use1-az2': 25, 'm5.12xlarge_use1-az4': 50, 'm5.12xlarge_use1-az5': 1, 'm5.12xlarge_use1-az6': 40, 'm5.16xlarge_use1-az1': 10, 'm5.16xlarge_use1-az2': 50, 'm5.16xlarge_use1-az4': 50, 'm5.16xlarge_use1-az5': 1, 'm5.16xlarge_use1-az6': 50, 'm5.24xlarge_use1-az1': 5, 'm5.24xlarge_use1-az2': 5, 'm5.24xlarge_use1-az4': 5, 'm5.24xlarge_use1-az5': 1, 'm5.24xlarge_use1-az6': 35, 'm5.2xlarge_use1-az1': 50, 'm5.2xlarge_use1-az2': 50, 'm5.2xlarge_use1-az4': 50, 'm5.2xlarge_use1-az5': 50, 'm5.2xlarge_use1-az6': 50, 'm5.4xlarge_use1-az1': 50, 'm5.4xlarge_use1-az2': 50, 'm5.4xlarge_use1-az4': 50, 'm5.4xlarge_use1-az5': 10, 'm5.4xlarge_use1-az6': 50, 'm5.8xlarge_use1-az1': 50, 'm5.8xlarge_use1-az2': 40, 'm5.8xlarge_use1-az4': 50, 'm5.8xlarge_use1-az5': 1, 'm5.8xlarge_use1-az6': 50, 'm5.large_use1-az1': 50, 'm5.large_use1-az2': 50, 'm5.large_use1-az4': 50, 'm5.large_use1-az5': 50, 'm5.large_use1-az6': 50, 'm5.xlarge_use1-az1': 50, 'm5.xlarge_use1-az2': 50, 'm5.xlarge_use1-az4': 50, 'm5.xlarge_use1-az5': 50, 'm5.xlarge_use1-az6': 50, 'm5a.12xlarge_use1-az2': 1, 'm5a.12xlarge_use1-az4': 1, 'm5a.12xlarge_use1-az6': 1, 'm5a.16xlarge_use1-az2': 1, 'm5a.16xlarge_use1-az4': 1, 'm5a.16xlarge_use1-az6': 1, 'm5a.24xlarge_use1-az1': 1, 'm5a.24xlarge_use1-az2': 1, 'm5a.24xlarge_use1-az4': 1, 'm5a.24xlarge_use1-az5': 5, 'm5a.24xlarge_use1-az6': 5, 'm5a.2xlarge_use1-az1': 10, 'm5a.4xlarge_use1-az1': 5, 'm5a.4xlarge_use1-az5': 10, 'm5a.8xlarge_use1-az1': 1, 'm5a.8xlarge_use1-az4': 20, 'm5a.8xlarge_use1-az6': 5, 'm5a.large_use1-az1': 50, 'm5a.large_use1-az2': 50, 'm5a.large_use1-az4': 50, 'm5a.large_use1-az5': 45, 'm5a.large_use1-az6': 50, 'm5a.xlarge_use1-az1': 10, 'm5a.xlarge_use1-az2': 30, 'm5a.xlarge_use1-az6': 50, 'm5ad.16xlarge_use1-az2': 1, 'm5ad.16xlarge_use1-az4': 1, 'm5ad.16xlarge_use1-az6': 1, 'm5ad.24xlarge_use1-az2': 1, 'm5ad.24xlarge_use1-az4': 1, 'm5ad.24xlarge_use1-az6': 5, 'm5ad.large_use1-az2': 5, 'm5d.12xlarge_use1-az2': 25, 'm5d.12xlarge_use1-az4': 30, 'm5d.12xlarge_use1-az6': 15, 'm5d.16xlarge_use1-az5': 1, 'm5d.16xlarge_use1-az6': 50, 'm5d.24xlarge_use1-az2': 15, 'm5d.24xlarge_use1-az4': 5, 'm5d.24xlarge_use1-az6': 50, 'm5d.8xlarge_use1-az1': 1, 'm5d.8xlarge_use1-az5': 1, 'm5d.8xlarge_use1-az6': 10, 'm5d.large_use1-az4': 50, 'm5d.xlarge_use1-az1': 50, 'm5dn.12xlarge_use1-az6': 1, 'm5dn.16xlarge_use1-az2': 5, 'm5dn.16xlarge_use1-az4': 1, 'm5dn.24xlarge_use1-az1': 1, 'm5dn.24xlarge_use1-az2': 1, 'm5dn.24xlarge_use1-az4': 1, 'm5dn.24xlarge_use1-az6': 5, 'm5dn.large_use1-az2': 30, 'm5dn.large_use1-az4': 40, 'm5dn.large_use1-az5': 15, 'm5dn.large_use1-az6': 50, 'm5n.12xlarge_use1-az1': 1, 'm5n.12xlarge_use1-az2': 1, 'm5n.12xlarge_use1-az4': 1, 'm5n.12xlarge_use1-az5': 1, 'm5n.12xlarge_use1-az6': 1, 'm5n.16xlarge_use1-az2': 1, 'm5n.16xlarge_use1-az6': 1, 'm5n.24xlarge_use1-az2': 1, 'm5n.24xlarge_use1-az4': 1, 'm5n.24xlarge_use1-az6': 1, 'm5n.2xlarge_use1-az2': 25, 'm5n.2xlarge_use1-az5': 5, 'm5n.4xlarge_use1-az1': 25, 'm5n.4xlarge_use1-az2': 35, 'm5n.4xlarge_use1-az4': 50, 'm5n.4xlarge_use1-az5': 5, 'm5n.large_use1-az1': 5, 'm5n.large_use1-az2': 15, 'm5n.large_use1-az4': 5, 'm5n.large_use1-az5': 5, 'm5n.large_use1-az6': 15, 'm5n.xlarge_use1-az1': 20, 'm5n.xlarge_use1-az2': 50, 'm5n.xlarge_use1-az4': 50, 'm5n.xlarge_use1-az5': 1, 'm5n.xlarge_use1-az6': 50, 'm5zn.large_use1-az2': 5, 'm5zn.large_use1-az4': 30, 'm5zn.large_use1-az5': 15, 'm5zn.large_use1-az6': 20, 'm6a.12xlarge_use1-az1': 5, 'm6a.12xlarge_use1-az2': 5, 'm6a.12xlarge_use1-az4': 15, 'm6a.12xlarge_use1-az6': 10, 'm6a.16xlarge_use1-az1': 5, 'm6a.16xlarge_use1-az2': 5, 'm6a.16xlarge_use1-az4': 5, 'm6a.16xlarge_use1-az6': 5, 'm6a.24xlarge_use1-az1': 1, 'm6a.24xlarge_use1-az2': 1, 'm6a.24xlarge_use1-az4': 1, 'm6a.24xlarge_use1-az6': 1, 'm6a.2xlarge_use1-az1': 50, 'm6a.2xlarge_use1-az2': 35, 'm6a.2xlarge_use1-az4': 45, 'm6a.2xlarge_use1-az5': 15, 'm6a.2xlarge_use1-az6': 50, 'm6a.32xlarge_use1-az2': 1, 'm6a.32xlarge_use1-az4': 1, 'm6a.32xlarge_use1-az5': 1, 'm6a.32xlarge_use1-az6': 1, 'm6a.48xlarge_use1-az2': 1, 'm6a.48xlarge_use1-az4': 1, 'm6a.48xlarge_use1-az6': 1, 'm6a.4xlarge_use1-az1': 45, 'm6a.4xlarge_use1-az2': 40, 'm6a.4xlarge_use1-az4': 25, 'm6a.4xlarge_use1-az5': 5, 'm6a.4xlarge_use1-az6': 50, 'm6a.8xlarge_use1-az1': 25, 'm6a.8xlarge_use1-az2': 15, 'm6a.8xlarge_use1-az4': 50, 'm6a.8xlarge_use1-az5': 10, 'm6a.8xlarge_use1-az6': 50, 'm6a.large_use1-az1': 50, 'm6a.large_use1-az2': 50, 'm6a.large_use1-az4': 50, 'm6a.large_use1-az5': 30, 'm6a.large_use1-az6': 50, 'm6a.xlarge_use1-az1': 50, 'm6a.xlarge_use1-az2': 50, 'm6a.xlarge_use1-az4': 50, 'm6a.xlarge_use1-az5': 35, 'm6a.xlarge_use1-az6': 50, 'm6g.12xlarge_use1-az1': 1, 'm6g.12xlarge_use1-az2': 5, 'm6g.12xlarge_use1-az4': 50, 'm6g.12xlarge_use1-az6': 50, 'm6g.16xlarge_use1-az1': 1, 'm6g.16xlarge_use1-az2': 5, 'm6g.16xlarge_use1-az4': 25, 'm6g.16xlarge_use1-az6': 50, 'm6g.2xlarge_use1-az1': 15, 'm6g.2xlarge_use1-az2': 50, 'm6g.2xlarge_use1-az4': 50, 'm6g.2xlarge_use1-az5': 5, 'm6g.2xlarge_use1-az6': 50, 'm6g.4xlarge_use1-az1': 10, 'm6g.4xlarge_use1-az2': 50, 'm6g.4xlarge_use1-az4': 50, 'm6g.4xlarge_use1-az5': 10, 'm6g.4xlarge_use1-az6': 50, 'm6g.8xlarge_use1-az1': 5, 'm6g.8xlarge_use1-az2': 50, 'm6g.8xlarge_use1-az4': 50, 'm6g.8xlarge_use1-az6': 50, 'm6g.large_use1-az2': 50, 'm6g.large_use1-az4': 50, 'm6g.large_use1-az5': 5, 'm6g.large_use1-az6': 50, 'm6g.medium_use1-az1': 5, 'm6g.medium_use1-az2': 5, 'm6g.medium_use1-az4': 10, 'm6g.medium_use1-az5': 1, 'm6g.medium_use1-az6': 15, 'm6g.xlarge_use1-az1': 50, 'm6g.xlarge_use1-az2': 50, 'm6g.xlarge_use1-az4': 50, 'm6g.xlarge_use1-az5': 50, 'm6g.xlarge_use1-az6': 50, 'm6gd.12xlarge_use1-az1': 10, 'm6gd.12xlarge_use1-az2': 40, 'm6gd.12xlarge_use1-az4': 20, 'm6gd.12xlarge_use1-az5': 5, 'm6gd.12xlarge_use1-az6': 50, 'm6gd.16xlarge_use1-az2': 10, 'm6gd.16xlarge_use1-az4': 10, 'm6gd.16xlarge_use1-az5': 10, 'm6gd.16xlarge_use1-az6': 35, 'm6gd.2xlarge_use1-az2': 50, 'm6gd.2xlarge_use1-az4': 45, 'm6gd.2xlarge_use1-az5': 1, 'm6gd.4xlarge_use1-az2': 5, 'm6gd.4xlarge_use1-az5': 1, 'm6gd.4xlarge_use1-az6': 15, 'm6gd.8xlarge_use1-az1': 5, 'm6gd.8xlarge_use1-az2': 10, 'm6gd.8xlarge_use1-az4': 15, 'm6gd.8xlarge_use1-az5': 1, 'm6gd.8xlarge_use1-az6': 20, 'm6gd.large_use1-az2': 5, 'm6gd.large_use1-az4': 5, 'm6gd.large_use1-az5': 1, 'm6gd.large_use1-az6': 15, 'm6gd.medium_use1-az1': 1, 'm6gd.medium_use1-az2': 1, 'm6gd.medium_use1-az4': 1, 'm6gd.medium_use1-az5': 5, 'm6gd.medium_use1-az6': 1, 'm6gd.xlarge_use1-az2': 10, 'm6gd.xlarge_use1-az4': 35, 'm6gd.xlarge_use1-az5': 1, 'm6i.12xlarge_use1-az1': 1, 'm6i.12xlarge_use1-az2': 10, 'm6i.12xlarge_use1-az4': 50, 'm6i.12xlarge_use1-az5': 1, 'm6i.12xlarge_use1-az6': 30, 'm6i.16xlarge_use1-az1': 1, 'm6i.16xlarge_use1-az2': 10, 'm6i.16xlarge_use1-az4': 5, 'm6i.16xlarge_use1-az5': 1, 'm6i.16xlarge_use1-az6': 10, 'm6i.24xlarge_use1-az2': 10, 'm6i.24xlarge_use1-az4': 5, 'm6i.24xlarge_use1-az5': 1, 'm6i.24xlarge_use1-az6': 50, 'm6i.2xlarge_use1-az1': 25, 'm6i.2xlarge_use1-az2': 50, 'm6i.2xlarge_use1-az4': 50, 'm6i.2xlarge_use1-az5': 25, 'm6i.2xlarge_use1-az6': 50, 'm6i.32xlarge_use1-az2': 1, 'm6i.32xlarge_use1-az4': 5, 'm6i.32xlarge_use1-az5': 1, 'm6i.32xlarge_use1-az6': 15, 'm6i.4xlarge_use1-az2': 50, 'm6i.4xlarge_use1-az4': 50, 'm6i.4xlarge_use1-az5': 50, 'm6i.4xlarge_use1-az6': 50, 'm6i.8xlarge_use1-az1': 1, 'm6i.8xlarge_use1-az2': 50, 'm6i.8xlarge_use1-az4': 50, 'm6i.8xlarge_use1-az5': 20, 'm6i.8xlarge_use1-az6': 50, 'm6i.large_use1-az1': 25, 'm6i.large_use1-az2': 50, 'm6i.large_use1-az4': 50, 'm6i.large_use1-az5': 50, 'm6i.large_use1-az6': 50, 'm6i.xlarge_use1-az1': 45, 'm6i.xlarge_use1-az2': 50, 'm6i.xlarge_use1-az4': 50, 'm6i.xlarge_use1-az5': 25, 'm6i.xlarge_use1-az6': 50, 'm6id.12xlarge_use1-az1': 1, 'm6id.12xlarge_use1-az2': 1, 'm6id.12xlarge_use1-az4': 1, 'm6id.12xlarge_use1-az6': 1, 'm6id.16xlarge_use1-az1': 1, 'm6id.16xlarge_use1-az2': 1, 'm6id.16xlarge_use1-az4': 1, 'm6id.16xlarge_use1-az6': 1, 'm6id.24xlarge_use1-az1': 10, 'm6id.24xlarge_use1-az2': 15, 'm6id.24xlarge_use1-az4': 35, 'm6id.24xlarge_use1-az5': 5, 'm6id.24xlarge_use1-az6': 15, 'm6id.2xlarge_use1-az1': 5, 'm6id.2xlarge_use1-az2': 5, 'm6id.2xlarge_use1-az4': 5, 'm6id.2xlarge_use1-az5': 1, 'm6id.32xlarge_use1-az1': 10, 'm6id.32xlarge_use1-az2': 15, 'm6id.32xlarge_use1-az4': 5, 'm6id.32xlarge_use1-az5': 1, 'm6id.32xlarge_use1-az6': 50, 'm6id.4xlarge_use1-az1': 15, 'm6id.4xlarge_use1-az2': 10, 'm6id.4xlarge_use1-az4': 5, 'm6id.4xlarge_use1-az5': 1, 'm6id.4xlarge_use1-az6': 10, 'm6id.8xlarge_use1-az1': 1, 'm6id.8xlarge_use1-az4': 5, 'm6id.8xlarge_use1-az5': 1, 'm6id.8xlarge_use1-az6': 1, 'm6id.large_use1-az1': 30, 'm6id.large_use1-az2': 35, 'm6id.large_use1-az4': 15, 'm6id.large_use1-az5': 5, 'm6id.large_use1-az6': 50, 'm6id.xlarge_use1-az1': 20, 'm6id.xlarge_use1-az2': 45, 'm6id.xlarge_use1-az4': 15, 'm6id.xlarge_use1-az5': 5, 'm6id.xlarge_use1-az6': 25, 'm6idn.12xlarge_use1-az2': 1, 'm6idn.16xlarge_use1-az4': 1, 'm6idn.24xlarge_use1-az1': 1, 'm6idn.24xlarge_use1-az2': 1, 'm6idn.24xlarge_use1-az4': 1, 'm6idn.32xlarge_use1-az2': 1, 'm6idn.large_use1-az2': 35, 'm6idn.large_use1-az4': 15, 'm6idn.large_use1-az5': 10, 'm6idn.large_use1-az6': 10, 'm6in.16xlarge_use1-az2': 1, 'm6in.16xlarge_use1-az4': 1, 'm6in.24xlarge_use1-az1': 1, 'm6in.24xlarge_use1-az2': 1, 'm6in.2xlarge_use1-az5': 1, 'm6in.4xlarge_use1-az1': 1, 'm6in.4xlarge_use1-az5': 1, 'm6in.8xlarge_use1-az1': 1, 'm6in.8xlarge_use1-az2': 1, 'm6in.large_use1-az1': 5, 'm6in.large_use1-az2': 10, 'm6in.large_use1-az4': 5, 'm6in.large_use1-az5': 1, 'm6in.large_use1-az6': 1, 'm6in.xlarge_use1-az1': 5, 'm6in.xlarge_use1-az2': 10, 'm6in.xlarge_use1-az4': 1, 'm7a.12xlarge_use1-az2': 1, 'm7a.12xlarge_use1-az6': 20, 'm7a.16xlarge_use1-az2': 1, 'm7a.16xlarge_use1-az6': 40, 'm7a.24xlarge_use1-az2': 1, 'm7a.24xlarge_use1-az6': 50, 'm7a.2xlarge_use1-az1': 5, 'm7a.2xlarge_use1-az2': 15, 'm7a.2xlarge_use1-az4': 10, 'm7a.2xlarge_use1-az6': 50, 'm7a.32xlarge_use1-az6': 20, 'm7a.48xlarge_use1-az6': 40, 'm7a.4xlarge_use1-az1': 10, 'm7a.4xlarge_use1-az2': 5, 'm7a.4xlarge_use1-az4': 10, 'm7a.4xlarge_use1-az6': 25, 'm7a.8xlarge_use1-az1': 1, 'm7a.8xlarge_use1-az2': 5, 'm7a.8xlarge_use1-az4': 1, 'm7a.8xlarge_use1-az6': 50, 'm7a.large_use1-az1': 15, 'm7a.large_use1-az2': 50, 'm7a.large_use1-az4': 50, 'm7a.large_use1-az5': 5, 'm7a.large_use1-az6': 50, 'm7a.medium_use1-az1': 10, 'm7a.medium_use1-az2': 50, 'm7a.medium_use1-az4': 50, 'm7a.medium_use1-az6': 50, 'm7a.xlarge_use1-az1': 5, 'm7a.xlarge_use1-az2': 40, 'm7a.xlarge_use1-az4': 50, 'm7a.xlarge_use1-az6': 50, 'm7g.12xlarge_use1-az1': 1, 'm7g.12xlarge_use1-az2': 10, 'm7g.12xlarge_use1-az4': 45, 'm7g.12xlarge_use1-az5': 1, 'm7g.12xlarge_use1-az6': 50, 'm7g.16xlarge_use1-az1': 1, 'm7g.16xlarge_use1-az2': 30, 'm7g.16xlarge_use1-az4': 35, 'm7g.16xlarge_use1-az5': 1, 'm7g.16xlarge_use1-az6': 50, 'm7g.2xlarge_use1-az1': 35, 'm7g.2xlarge_use1-az2': 50, 'm7g.2xlarge_use1-az4': 50, 'm7g.2xlarge_use1-az5': 15, 'm7g.2xlarge_use1-az6': 50, 'm7g.4xlarge_use1-az1': 10, 'm7g.4xlarge_use1-az2': 30, 'm7g.4xlarge_use1-az4': 50, 'm7g.4xlarge_use1-az5': 10, 'm7g.4xlarge_use1-az6': 50, 'm7g.8xlarge_use1-az1': 1, 'm7g.8xlarge_use1-az2': 15, 'm7g.8xlarge_use1-az4': 40, 'm7g.8xlarge_use1-az5': 1, 'm7g.8xlarge_use1-az6': 50, 'm7g.large_use1-az1': 10, 'm7g.large_use1-az2': 50, 'm7g.large_use1-az4': 50, 'm7g.large_use1-az5': 30, 'm7g.large_use1-az6': 50, 'm7g.medium_use1-az1': 30, 'm7g.medium_use1-az2': 40, 'm7g.medium_use1-az4': 50, 'm7g.medium_use1-az5': 35, 'm7g.medium_use1-az6': 50, 'm7g.metal_use1-az1': 1, 'm7g.metal_use1-az2': 25, 'm7g.metal_use1-az4': 10, 'm7g.metal_use1-az5': 1, 'm7g.metal_use1-az6': 50, 'm7g.xlarge_use1-az1': 50, 'm7g.xlarge_use1-az2': 50, 'm7g.xlarge_use1-az4': 50, 'm7g.xlarge_use1-az5': 50, 'm7g.xlarge_use1-az6': 50, 'm7gd.12xlarge_use1-az1': 5, 'm7gd.12xlarge_use1-az2': 10, 'm7gd.12xlarge_use1-az4': 1, 'm7gd.12xlarge_use1-az6': 35, 'm7gd.16xlarge_use1-az1': 1, 'm7gd.16xlarge_use1-az2': 30, 'm7gd.16xlarge_use1-az4': 1, 'm7gd.16xlarge_use1-az6': 40, 'm7gd.2xlarge_use1-az1': 15, 'm7gd.2xlarge_use1-az2': 50, 'm7gd.2xlarge_use1-az4': 15, 'm7gd.2xlarge_use1-az6': 25, 'm7gd.4xlarge_use1-az1': 5, 'm7gd.4xlarge_use1-az2': 10, 'm7gd.4xlarge_use1-az6': 40, 'm7gd.8xlarge_use1-az1': 10, 'm7gd.8xlarge_use1-az2': 50, 'm7gd.8xlarge_use1-az4': 30, 'm7gd.8xlarge_use1-az5': 45, 'm7gd.8xlarge_use1-az6': 50, 'm7gd.large_use1-az1': 5, 'm7gd.large_use1-az2': 50, 'm7gd.large_use1-az4': 5, 'm7gd.large_use1-az6': 50, 'm7gd.medium_use1-az1': 15, 'm7gd.medium_use1-az2': 20, 'm7gd.medium_use1-az4': 15, 'm7gd.medium_use1-az5': 20, 'm7gd.medium_use1-az6': 25, 'm7gd.metal_use1-az1': 5, 'm7gd.metal_use1-az2': 15, 'm7gd.metal_use1-az4': 1, 'm7gd.metal_use1-az6': 15, 'm7gd.xlarge_use1-az1': 5, 'm7gd.xlarge_use1-az2': 10, 'm7gd.xlarge_use1-az4': 10, 'm7gd.xlarge_use1-az5': 1, 'm7gd.xlarge_use1-az6': 25, 'm7i-flex.2xlarge_use1-az1': 50, 'm7i-flex.2xlarge_use1-az2': 50, 'm7i-flex.2xlarge_use1-az4': 15, 'm7i-flex.2xlarge_use1-az5': 10, 'm7i-flex.2xlarge_use1-az6': 50, 'm7i-flex.4xlarge_use1-az2': 5, 'm7i-flex.4xlarge_use1-az4': 5, 'm7i-flex.4xlarge_use1-az6': 25, 'm7i-flex.8xlarge_use1-az1': 1, 'm7i-flex.8xlarge_use1-az2': 5, 'm7i-flex.8xlarge_use1-az4': 5, 'm7i-flex.8xlarge_use1-az5': 1, 'm7i-flex.8xlarge_use1-az6': 10, 'm7i-flex.large_use1-az1': 20, 'm7i-flex.large_use1-az2': 50, 'm7i-flex.large_use1-az4': 25, 'm7i-flex.large_use1-az5': 25, 'm7i-flex.large_use1-az6': 50, 'm7i-flex.xlarge_use1-az1': 50, 'm7i-flex.xlarge_use1-az2': 50, 'm7i-flex.xlarge_use1-az4': 50, 'm7i-flex.xlarge_use1-az5': 15, 'm7i-flex.xlarge_use1-az6': 50, 'm7i.12xlarge_use1-az1': 1, 'm7i.12xlarge_use1-az2': 5, 'm7i.12xlarge_use1-az4': 15, 'm7i.12xlarge_use1-az6': 50, 'm7i.16xlarge_use1-az1': 5, 'm7i.16xlarge_use1-az2': 10, 'm7i.16xlarge_use1-az4': 10, 'm7i.16xlarge_use1-az6': 50, 'm7i.24xlarge_use1-az2': 5, 'm7i.24xlarge_use1-az4': 5, 'm7i.24xlarge_use1-az6': 50, 'm7i.2xlarge_use1-az1': 1, 'm7i.2xlarge_use1-az2': 50, 'm7i.2xlarge_use1-az4': 50, 'm7i.2xlarge_use1-az6': 50, 'm7i.48xlarge_use1-az1': 1, 'm7i.48xlarge_use1-az2': 5, 'm7i.48xlarge_use1-az4': 20, 'm7i.48xlarge_use1-az6': 50, 'm7i.4xlarge_use1-az1': 1, 'm7i.4xlarge_use1-az2': 25, 'm7i.4xlarge_use1-az4': 10, 'm7i.4xlarge_use1-az6': 50, 'm7i.8xlarge_use1-az2': 20, 'm7i.8xlarge_use1-az4': 50, 'm7i.8xlarge_use1-az6': 50, 'm7i.large_use1-az1': 50, 'm7i.large_use1-az2': 50, 'm7i.large_use1-az4': 50, 'm7i.large_use1-az5': 1, 'm7i.large_use1-az6': 50, 'm7i.xlarge_use1-az1': 30, 'm7i.xlarge_use1-az2': 35, 'm7i.xlarge_use1-az4': 50, 'm7i.xlarge_use1-az6': 50, 'm8g.12xlarge_use1-az2': 10, 'm8g.12xlarge_use1-az4': 10, 'm8g.12xlarge_use1-az5': 1, 'm8g.12xlarge_use1-az6': 35, 'm8g.16xlarge_use1-az2': 5, 'm8g.16xlarge_use1-az4': 5, 'm8g.16xlarge_use1-az5': 5, 'm8g.16xlarge_use1-az6': 45, 'm8g.24xlarge_use1-az2': 5, 'm8g.24xlarge_use1-az4': 1, 'm8g.24xlarge_use1-az5': 1, 'm8g.24xlarge_use1-az6': 25, 'm8g.2xlarge_use1-az4': 10, 'm8g.2xlarge_use1-az5': 10, 'm8g.48xlarge_use1-az2': 5, 'm8g.48xlarge_use1-az4': 5, 'm8g.48xlarge_use1-az6': 20, 'm8g.4xlarge_use1-az2': 5, 'm8g.4xlarge_use1-az4': 5, 'm8g.4xlarge_use1-az5': 1, 'm8g.4xlarge_use1-az6': 40, 'm8g.8xlarge_use1-az2': 10, 'm8g.8xlarge_use1-az4': 20, 'm8g.8xlarge_use1-az5': 1, 'm8g.8xlarge_use1-az6': 40, 'm8g.large_use1-az1': 1, 'm8g.large_use1-az2': 20, 'm8g.large_use1-az6': 45, 'm8g.medium_use1-az1': 1, 'm8g.medium_use1-az2': 15, 'm8g.metal-48xl_use1-az2': 5, 'm8g.metal-48xl_use1-az6': 25, 'm8g.xlarge_use1-az1': 1, 'm8g.xlarge_use1-az5': 15, 'm8g.xlarge_use1-az6': 50, 'm8gd.16xlarge_use1-az5': 1, 'm8gd.4xlarge_use1-az2': 5, 'm8gd.4xlarge_use1-az6': 1, 'm8gd.8xlarge_use1-az5': 1, 'm8gd.8xlarge_use1-az6': 5, 'm8gd.large_use1-az1': 20, 'm8gd.large_use1-az2': 15, 'm8gd.large_use1-az5': 1, 'm8gd.large_use1-az6': 1, 'm8gd.medium_use1-az6': 1, 'm8gd.metal-24xl_use1-az2': 1, 'm8gd.xlarge_use1-az1': 1, 'm8gd.xlarge_use1-az5': 1, 'm8i-flex.16xlarge_use1-az6': 5, 'm8i-flex.2xlarge_use1-az2': 10, 'm8i-flex.2xlarge_use1-az4': 1, 'm8i-flex.2xlarge_use1-az6': 50, 'm8i-flex.4xlarge_use1-az2': 1, 'm8i-flex.4xlarge_use1-az4': 1, 'm8i-flex.4xlarge_use1-az6': 5, 'm8i-flex.8xlarge_use1-az6': 1, 'm8i-flex.large_use1-az2': 5, 'm8i-flex.xlarge_use1-az2': 10, 'm8i-flex.xlarge_use1-az4': 25, 'm8i-flex.xlarge_use1-az6': 50, 'm8i.12xlarge_use1-az6': 1, 'm8i.16xlarge_use1-az4': 1, 'm8i.16xlarge_use1-az6': 1, 'm8i.24xlarge_use1-az6': 1, 'm8i.2xlarge_use1-az2': 10, 'm8i.2xlarge_use1-az4': 1, 'm8i.2xlarge_use1-az6': 10, 'm8i.32xlarge_use1-az2': 1, 'm8i.32xlarge_use1-az6': 5, 'm8i.48xlarge_use1-az2': 1, 'm8i.48xlarge_use1-az6': 5, 'm8i.4xlarge_use1-az2': 5, 'm8i.4xlarge_use1-az4': 1, 'm8i.4xlarge_use1-az6': 5, 'm8i.8xlarge_use1-az2': 1, 'm8i.8xlarge_use1-az4': 1, 'm8i.8xlarge_use1-az6': 20, 'm8i.96xlarge_use1-az6': 1, 'm8i.large_use1-az4': 25, 'm8i.metal-48xl_use1-az6': 1, 'm8i.metal-96xl_use1-az6': 1, 'm8i.xlarge_use1-az2': 30, 'm8i.xlarge_use1-az4': 10, 'r3.large_use1-az2': 50, 'r3.large_use1-az4': 50, 'r4.16xlarge_use1-az1': 10, 'r4.16xlarge_use1-az2': 10, 'r4.16xlarge_use1-az4': 35, 'r4.16xlarge_use1-az5': 15, 'r4.16xlarge_use1-az6': 10, 'r4.2xlarge_use1-az3': 50, 'r4.4xlarge_use1-az2': 50, 'r4.4xlarge_use1-az5': 5, 'r4.8xlarge_use1-az1': 50, 'r4.8xlarge_use1-az2': 50, 'r4.8xlarge_use1-az4': 50, 'r4.8xlarge_use1-az6': 50, 'r4.large_use1-az2': 50, 'r4.large_use1-az4': 50, 'r4.large_use1-az5': 20, 'r4.xlarge_use1-az2': 50, 'r4.xlarge_use1-az4': 50, 'r5.12xlarge_use1-az1': 5, 'r5.12xlarge_use1-az2': 5, 'r5.12xlarge_use1-az4': 50, 'r5.12xlarge_use1-az5': 5, 'r5.12xlarge_use1-az6': 5, 'r5.16xlarge_use1-az1': 5, 'r5.16xlarge_use1-az4': 35, 'r5.16xlarge_use1-az5': 30, 'r5.16xlarge_use1-az6': 5, 'r5.24xlarge_use1-az4': 15, 'r5.24xlarge_use1-az5': 5, 'r5.24xlarge_use1-az6': 5, 'r5.2xlarge_use1-az1': 50, 'r5.2xlarge_use1-az5': 5, 'r5.4xlarge_use1-az1': 50, 'r5.4xlarge_use1-az2': 50, 'r5.4xlarge_use1-az4': 50, 'r5.4xlarge_use1-az5': 5, 'r5.4xlarge_use1-az6': 50, 'r5.8xlarge_use1-az1': 50, 'r5.8xlarge_use1-az2': 50, 'r5.8xlarge_use1-az4': 50, 'r5.8xlarge_use1-az5': 5, 'r5.8xlarge_use1-az6': 5, 'r5.large_use1-az1': 50, 'r5.large_use1-az2': 50, 'r5.large_use1-az4': 50, 'r5.large_use1-az5': 50, 'r5.large_use1-az6': 50, 'r5.xlarge_use1-az1': 50, 'r5.xlarge_use1-az2': 50, 'r5.xlarge_use1-az4': 50, 'r5.xlarge_use1-az5': 50, 'r5.xlarge_use1-az6': 50, 'r5a.12xlarge_use1-az4': 5, 'r5a.16xlarge_use1-az1': 10, 'r5a.16xlarge_use1-az2': 10, 'r5a.16xlarge_use1-az4': 10, 'r5a.16xlarge_use1-az5': 5, 'r5a.16xlarge_use1-az6': 5, 'r5a.24xlarge_use1-az2': 15, 'r5a.24xlarge_use1-az4': 10, 'r5a.24xlarge_use1-az5': 1, 'r5a.24xlarge_use1-az6': 10, 'r5a.4xlarge_use1-az6': 50, 'r5a.8xlarge_use1-az4': 15, 'r5a.8xlarge_use1-az5': 30, 'r5a.8xlarge_use1-az6': 20, 'r5a.large_use1-az5': 25, 'r5ad.large_use1-az5': 5, 'r5b.large_use1-az4': 10, 'r5b.large_use1-az6': 5, 'r5d.16xlarge_use1-az1': 5, 'r5d.16xlarge_use1-az2': 50, 'r5d.16xlarge_use1-az4': 50, 'r5d.16xlarge_use1-az5': 10, 'r5d.16xlarge_use1-az6': 50, 'r5d.24xlarge_use1-az2': 1, 'r5d.24xlarge_use1-az4': 10, 'r5d.24xlarge_use1-az5': 1, 'r5d.24xlarge_use1-az6': 10, 'r5d.8xlarge_use1-az6': 50, 'r5dn.12xlarge_use1-az2': 1, 'r5dn.16xlarge_use1-az2': 5, 'r5dn.16xlarge_use1-az4': 15, 'r5dn.16xlarge_use1-az5': 10, 'r5dn.16xlarge_use1-az6': 30, 'r5dn.24xlarge_use1-az2': 5, 'r5dn.24xlarge_use1-az4': 10, 'r5dn.24xlarge_use1-az5': 1, 'r5dn.24xlarge_use1-az6': 25, 'r5dn.large_use1-az1': 50, 'r5dn.large_use1-az2': 50, 'r5dn.large_use1-az4': 50, 'r5dn.large_use1-az5': 50, 'r5n.12xlarge_use1-az4': 1, 'r5n.12xlarge_use1-az6': 1, 'r5n.16xlarge_use1-az2': 10, 'r5n.16xlarge_use1-az4': 35, 'r5n.16xlarge_use1-az5': 1, 'r5n.16xlarge_use1-az6': 20, 'r5n.8xlarge_use1-az4': 35, 'r5n.8xlarge_use1-az6': 15, 'r5n.large_use1-az1': 20, 'r5n.large_use1-az5': 10, 'r6a.12xlarge_use1-az1': 1, 'r6a.12xlarge_use1-az2': 10, 'r6a.12xlarge_use1-az4': 5, 'r6a.12xlarge_use1-az6': 10, 'r6a.16xlarge_use1-az1': 5, 'r6a.16xlarge_use1-az2': 15, 'r6a.16xlarge_use1-az4': 30, 'r6a.16xlarge_use1-az5': 15, 'r6a.16xlarge_use1-az6': 40, 'r6a.24xlarge_use1-az2': 5, 'r6a.24xlarge_use1-az4': 1, 'r6a.24xlarge_use1-az5': 1, 'r6a.24xlarge_use1-az6': 5, 'r6a.2xlarge_use1-az1': 50, 'r6a.2xlarge_use1-az2': 50, 'r6a.2xlarge_use1-az4': 40, 'r6a.2xlarge_use1-az5': 1, 'r6a.2xlarge_use1-az6': 50, 'r6a.32xlarge_use1-az2': 5, 'r6a.32xlarge_use1-az4': 5, 'r6a.32xlarge_use1-az5': 5, 'r6a.32xlarge_use1-az6': 5, 'r6a.48xlarge_use1-az2': 5, 'r6a.48xlarge_use1-az4': 5, 'r6a.48xlarge_use1-az5': 5, 'r6a.48xlarge_use1-az6': 1, 'r6a.4xlarge_use1-az1': 50, 'r6a.4xlarge_use1-az2': 50, 'r6a.4xlarge_use1-az4': 50, 'r6a.4xlarge_use1-az5': 40, 'r6a.4xlarge_use1-az6': 50, 'r6a.8xlarge_use1-az1': 20, 'r6a.8xlarge_use1-az2': 50, 'r6a.8xlarge_use1-az4': 50, 'r6a.8xlarge_use1-az5': 50, 'r6a.8xlarge_use1-az6': 50, 'r6a.large_use1-az1': 50, 'r6a.large_use1-az2': 50, 'r6a.large_use1-az4': 50, 'r6a.large_use1-az5': 50, 'r6a.large_use1-az6': 50, 'r6a.xlarge_use1-az1': 50, 'r6a.xlarge_use1-az2': 50, 'r6a.xlarge_use1-az4': 50, 'r6a.xlarge_use1-az5': 50, 'r6a.xlarge_use1-az6': 50, 'r6g.12xlarge_use1-az2': 50, 'r6g.12xlarge_use1-az4': 45, 'r6g.12xlarge_use1-az5': 10, 'r6g.12xlarge_use1-az6': 50, 'r6g.16xlarge_use1-az2': 50, 'r6g.16xlarge_use1-az4': 50, 'r6g.16xlarge_use1-az5': 50, 'r6g.16xlarge_use1-az6': 50, 'r6g.2xlarge_use1-az5': 10, 'r6g.2xlarge_use1-az6': 50, 'r6g.4xlarge_use1-az1': 10, 'r6g.4xlarge_use1-az2': 50, 'r6g.4xlarge_use1-az4': 50, 'r6g.4xlarge_use1-az5': 50, 'r6g.4xlarge_use1-az6': 50, 'r6g.8xlarge_use1-az1': 1, 'r6g.8xlarge_use1-az2': 10, 'r6g.8xlarge_use1-az4': 50, 'r6g.8xlarge_use1-az5': 50, 'r6g.8xlarge_use1-az6': 50, 'r6g.large_use1-az2': 40, 'r6g.large_use1-az4': 50, 'r6g.large_use1-az6': 50, 'r6g.medium_use1-az1': 1, 'r6g.medium_use1-az2': 10, 'r6g.medium_use1-az4': 15, 'r6g.medium_use1-az5': 15, 'r6g.medium_use1-az6': 35, 'r6g.xlarge_use1-az2': 50, 'r6g.xlarge_use1-az4': 50, 'r6g.xlarge_use1-az5': 50, 'r6g.xlarge_use1-az6': 50, 'r6gd.12xlarge_use1-az1': 1, 'r6gd.12xlarge_use1-az2': 5, 'r6gd.12xlarge_use1-az4': 10, 'r6gd.12xlarge_use1-az5': 1, 'r6gd.12xlarge_use1-az6': 10, 'r6gd.16xlarge_use1-az1': 5, 'r6gd.16xlarge_use1-az2': 5, 'r6gd.16xlarge_use1-az4': 50, 'r6gd.16xlarge_use1-az5': 1, 'r6gd.16xlarge_use1-az6': 45, 'r6gd.2xlarge_use1-az4': 30, 'r6gd.4xlarge_use1-az1': 5, 'r6gd.4xlarge_use1-az4': 50, 'r6gd.4xlarge_use1-az5': 1, 'r6gd.8xlarge_use1-az2': 10, 'r6gd.8xlarge_use1-az4': 20, 'r6gd.8xlarge_use1-az5': 1, 'r6gd.8xlarge_use1-az6': 30, 'r6gd.large_use1-az2': 50, 'r6gd.large_use1-az4': 50, 'r6gd.large_use1-az5': 50, 'r6gd.large_use1-az6': 50, 'r6gd.medium_use1-az1': 5, 'r6gd.medium_use1-az2': 1, 'r6gd.medium_use1-az4': 5, 'r6gd.medium_use1-az5': 5, 'r6gd.medium_use1-az6': 1, 'r6i.12xlarge_use1-az1': 5, 'r6i.12xlarge_use1-az2': 5, 'r6i.12xlarge_use1-az4': 5, 'r6i.12xlarge_use1-az5': 1, 'r6i.12xlarge_use1-az6': 10, 'r6i.16xlarge_use1-az1': 1, 'r6i.16xlarge_use1-az2': 1, 'r6i.16xlarge_use1-az4': 10, 'r6i.16xlarge_use1-az5': 10, 'r6i.16xlarge_use1-az6': 1, 'r6i.24xlarge_use1-az4': 10, 'r6i.24xlarge_use1-az5': 1, 'r6i.24xlarge_use1-az6': 5, 'r6i.2xlarge_use1-az1': 15, 'r6i.2xlarge_use1-az2': 35, 'r6i.2xlarge_use1-az4': 50, 'r6i.2xlarge_use1-az5': 5, 'r6i.2xlarge_use1-az6': 50, 'r6i.32xlarge_use1-az4': 1, 'r6i.32xlarge_use1-az5': 1, 'r6i.32xlarge_use1-az6': 1, 'r6i.4xlarge_use1-az1': 30, 'r6i.4xlarge_use1-az2': 20, 'r6i.4xlarge_use1-az4': 20, 'r6i.4xlarge_use1-az5': 10, 'r6i.4xlarge_use1-az6': 40, 'r6i.8xlarge_use1-az1': 5, 'r6i.8xlarge_use1-az2': 10, 'r6i.8xlarge_use1-az4': 10, 'r6i.8xlarge_use1-az5': 5, 'r6i.8xlarge_use1-az6': 10, 'r6i.large_use1-az1': 20, 'r6i.large_use1-az2': 50, 'r6i.large_use1-az4': 50, 'r6i.large_use1-az5': 20, 'r6i.large_use1-az6': 50, 'r6i.xlarge_use1-az1': 15, 'r6i.xlarge_use1-az2': 45, 'r6i.xlarge_use1-az4': 50, 'r6i.xlarge_use1-az5': 10, 'r6i.xlarge_use1-az6': 50, 'r6id.12xlarge_use1-az6': 5, 'r6id.16xlarge_use1-az1': 5, 'r6id.16xlarge_use1-az2': 5, 'r6id.16xlarge_use1-az4': 15, 'r6id.16xlarge_use1-az5': 1, 'r6id.16xlarge_use1-az6': 20, 'r6id.24xlarge_use1-az1': 10, 'r6id.24xlarge_use1-az2': 10, 'r6id.24xlarge_use1-az4': 5, 'r6id.24xlarge_use1-az6': 25, 'r6id.2xlarge_use1-az2': 1, 'r6id.2xlarge_use1-az4': 10, 'r6id.2xlarge_use1-az5': 1, 'r6id.2xlarge_use1-az6': 10, 'r6id.32xlarge_use1-az1': 1, 'r6id.32xlarge_use1-az2': 5, 'r6id.32xlarge_use1-az4': 1, 'r6id.32xlarge_use1-az6': 10, 'r6id.4xlarge_use1-az4': 10, 'r6id.8xlarge_use1-az6': 5, 'r6id.large_use1-az2': 10, 'r6id.large_use1-az4': 5, 'r6id.large_use1-az5': 15, 'r6id.large_use1-az6': 30, 'r6idn.16xlarge_use1-az4': 1, 'r6idn.16xlarge_use1-az5': 1, 'r6idn.16xlarge_use1-az6': 1, 'r6idn.24xlarge_use1-az6': 1, 'r6idn.large_use1-az1': 1, 'r6idn.large_use1-az2': 1, 'r6idn.large_use1-az4': 5, 'r6idn.large_use1-az5': 5, 'r6idn.large_use1-az6': 5, 'r6in.12xlarge_use1-az6': 5, 'r6in.16xlarge_use1-az4': 1, 'r6in.16xlarge_use1-az5': 1, 'r6in.16xlarge_use1-az6': 5, 'r6in.24xlarge_use1-az6': 1, 'r6in.8xlarge_use1-az4': 1, 'r6in.8xlarge_use1-az6': 5, 'r6in.large_use1-az1': 45, 'r6in.large_use1-az2': 50, 'r6in.large_use1-az4': 50, 'r6in.large_use1-az5': 40, 'r6in.large_use1-az6': 50, 'r7a.12xlarge_use1-az1': 1, 'r7a.12xlarge_use1-az2': 1, 'r7a.12xlarge_use1-az4': 5, 'r7a.12xlarge_use1-az6': 20, 'r7a.16xlarge_use1-az1': 1, 'r7a.16xlarge_use1-az2': 15, 'r7a.16xlarge_use1-az4': 30, 'r7a.16xlarge_use1-az6': 50, 'r7a.24xlarge_use1-az2': 10, 'r7a.24xlarge_use1-az4': 10, 'r7a.24xlarge_use1-az6': 35, 'r7a.2xlarge_use1-az1': 1, 'r7a.2xlarge_use1-az2': 5, 'r7a.2xlarge_use1-az4': 25, 'r7a.2xlarge_use1-az6': 1, 'r7a.32xlarge_use1-az2': 1, 'r7a.32xlarge_use1-az4': 1, 'r7a.32xlarge_use1-az6': 50, 'r7a.48xlarge_use1-az2': 5, 'r7a.48xlarge_use1-az4': 5, 'r7a.48xlarge_use1-az6': 50, 'r7a.4xlarge_use1-az1': 5, 'r7a.4xlarge_use1-az2': 25, 'r7a.4xlarge_use1-az4': 50, 'r7a.4xlarge_use1-az6': 50, 'r7a.8xlarge_use1-az1': 5, 'r7a.8xlarge_use1-az2': 20, 'r7a.8xlarge_use1-az4': 50, 'r7a.8xlarge_use1-az6': 50, 'r7a.large_use1-az1': 50, 'r7a.large_use1-az2': 50, 'r7a.large_use1-az4': 50, 'r7a.large_use1-az6': 50, 'r7a.medium_use1-az1': 10, 'r7a.medium_use1-az2': 25, 'r7a.medium_use1-az4': 50, 'r7a.medium_use1-az6': 50, 'r7a.xlarge_use1-az1': 20, 'r7a.xlarge_use1-az2': 50, 'r7a.xlarge_use1-az4': 50, 'r7a.xlarge_use1-az6': 25, 'r7g.12xlarge_use1-az1': 1, 'r7g.12xlarge_use1-az2': 5, 'r7g.12xlarge_use1-az4': 50, 'r7g.12xlarge_use1-az5': 1, 'r7g.12xlarge_use1-az6': 5, 'r7g.16xlarge_use1-az1': 5, 'r7g.16xlarge_use1-az2': 30, 'r7g.16xlarge_use1-az4': 50, 'r7g.16xlarge_use1-az5': 5, 'r7g.16xlarge_use1-az6': 50, 'r7g.2xlarge_use1-az1': 5, 'r7g.2xlarge_use1-az2': 10, 'r7g.2xlarge_use1-az4': 50, 'r7g.2xlarge_use1-az5': 5, 'r7g.2xlarge_use1-az6': 15, 'r7g.4xlarge_use1-az1': 5, 'r7g.4xlarge_use1-az2': 5, 'r7g.4xlarge_use1-az4': 50, 'r7g.4xlarge_use1-az5': 5, 'r7g.4xlarge_use1-az6': 15, 'r7g.8xlarge_use1-az1': 1, 'r7g.8xlarge_use1-az2': 50, 'r7g.8xlarge_use1-az4': 50, 'r7g.8xlarge_use1-az5': 50, 'r7g.8xlarge_use1-az6': 50, 'r7g.large_use1-az1': 20, 'r7g.large_use1-az2': 50, 'r7g.large_use1-az4': 50, 'r7g.large_use1-az5': 40, 'r7g.large_use1-az6': 40, 'r7g.medium_use1-az1': 50, 'r7g.medium_use1-az2': 50, 'r7g.medium_use1-az4': 50, 'r7g.medium_use1-az5': 25, 'r7g.medium_use1-az6': 50, 'r7g.xlarge_use1-az1': 50, 'r7g.xlarge_use1-az2': 50, 'r7g.xlarge_use1-az4': 50, 'r7g.xlarge_use1-az5': 10, 'r7g.xlarge_use1-az6': 50, 'r7gd.12xlarge_use1-az2': 10, 'r7gd.12xlarge_use1-az4': 35, 'r7gd.12xlarge_use1-az5': 10, 'r7gd.12xlarge_use1-az6': 50, 'r7gd.16xlarge_use1-az1': 5, 'r7gd.16xlarge_use1-az2': 50, 'r7gd.16xlarge_use1-az4': 50, 'r7gd.16xlarge_use1-az5': 50, 'r7gd.16xlarge_use1-az6': 50, 'r7gd.2xlarge_use1-az2': 25, 'r7gd.2xlarge_use1-az4': 25, 'r7gd.2xlarge_use1-az5': 40, 'r7gd.2xlarge_use1-az6': 50, 'r7gd.4xlarge_use1-az2': 20, 'r7gd.4xlarge_use1-az4': 25, 'r7gd.4xlarge_use1-az5': 30, 'r7gd.4xlarge_use1-az6': 50, 'r7gd.8xlarge_use1-az2': 10, 'r7gd.8xlarge_use1-az4': 30, 'r7gd.8xlarge_use1-az5': 20, 'r7gd.8xlarge_use1-az6': 50, 'r7gd.large_use1-az1': 15, 'r7gd.large_use1-az2': 10, 'r7gd.large_use1-az4': 50, 'r7gd.large_use1-az5': 15, 'r7gd.large_use1-az6': 35, 'r7gd.medium_use1-az1': 35, 'r7gd.medium_use1-az2': 15, 'r7gd.medium_use1-az4': 25, 'r7gd.medium_use1-az5': 15, 'r7gd.medium_use1-az6': 20, 'r7gd.xlarge_use1-az2': 10, 'r7gd.xlarge_use1-az4': 25, 'r7gd.xlarge_use1-az5': 10, 'r7gd.xlarge_use1-az6': 50, 'r7i.12xlarge_use1-az4': 1, 'r7i.12xlarge_use1-az6': 10, 'r7i.16xlarge_use1-az1': 5, 'r7i.16xlarge_use1-az2': 15, 'r7i.16xlarge_use1-az4': 45, 'r7i.16xlarge_use1-az5': 5, 'r7i.16xlarge_use1-az6': 50, 'r7i.24xlarge_use1-az1': 1, 'r7i.24xlarge_use1-az2': 1, 'r7i.24xlarge_use1-az4': 5, 'r7i.24xlarge_use1-az5': 5, 'r7i.24xlarge_use1-az6': 5, 'r7i.2xlarge_use1-az2': 5, 'r7i.2xlarge_use1-az4': 10, 'r7i.2xlarge_use1-az5': 5, 'r7i.2xlarge_use1-az6': 50, 'r7i.48xlarge_use1-az2': 1, 'r7i.48xlarge_use1-az4': 5, 'r7i.48xlarge_use1-az5': 1, 'r7i.48xlarge_use1-az6': 5, 'r7i.4xlarge_use1-az1': 5, 'r7i.4xlarge_use1-az2': 20, 'r7i.4xlarge_use1-az4': 10, 'r7i.4xlarge_use1-az5': 1, 'r7i.4xlarge_use1-az6': 50, 'r7i.8xlarge_use1-az1': 5, 'r7i.8xlarge_use1-az2': 25, 'r7i.8xlarge_use1-az4': 25, 'r7i.8xlarge_use1-az5': 5, 'r7i.8xlarge_use1-az6': 50, 'r7i.large_use1-az1': 15, 'r7i.large_use1-az2': 50, 'r7i.large_use1-az4': 50, 'r7i.large_use1-az5': 15, 'r7i.large_use1-az6': 50, 'r7i.xlarge_use1-az1': 5, 'r7i.xlarge_use1-az2': 15, 'r7i.xlarge_use1-az4': 10, 'r7i.xlarge_use1-az5': 15, 'r7i.xlarge_use1-az6': 50, 'r8g.12xlarge_use1-az2': 5, 'r8g.12xlarge_use1-az4': 5, 'r8g.12xlarge_use1-az6': 15, 'r8g.16xlarge_use1-az1': 1, 'r8g.16xlarge_use1-az2': 50, 'r8g.16xlarge_use1-az4': 50, 'r8g.16xlarge_use1-az5': 5, 'r8g.16xlarge_use1-az6': 50, 'r8g.24xlarge_use1-az2': 10, 'r8g.24xlarge_use1-az4': 5, 'r8g.24xlarge_use1-az5': 5, 'r8g.24xlarge_use1-az6': 35, 'r8g.2xlarge_use1-az2': 5, 'r8g.2xlarge_use1-az4': 5, 'r8g.2xlarge_use1-az5': 1, 'r8g.2xlarge_use1-az6': 5, 'r8g.48xlarge_use1-az2': 1, 'r8g.48xlarge_use1-az4': 5, 'r8g.48xlarge_use1-az6': 5, 'r8g.4xlarge_use1-az2': 10, 'r8g.4xlarge_use1-az4': 35, 'r8g.4xlarge_use1-az5': 5, 'r8g.4xlarge_use1-az6': 50, 'r8g.8xlarge_use1-az2': 40, 'r8g.8xlarge_use1-az4': 15, 'r8g.8xlarge_use1-az5': 1, 'r8g.8xlarge_use1-az6': 50, 'r8g.large_use1-az1': 5, 'r8g.large_use1-az2': 30, 'r8g.large_use1-az4': 15, 'r8g.large_use1-az5': 10, 'r8g.large_use1-az6': 20, 'r8g.medium_use1-az1': 15, 'r8g.medium_use1-az2': 30, 'r8g.medium_use1-az4': 20, 'r8g.medium_use1-az5': 5, 'r8g.medium_use1-az6': 15, 'r8g.xlarge_use1-az1': 1, 'r8g.xlarge_use1-az2': 10, 'r8g.xlarge_use1-az4': 5, 'r8g.xlarge_use1-az5': 5, 'r8g.xlarge_use1-az6': 10, 'r8gb.24xlarge_use1-az6': 1, 'r8gb.large_use1-az2': 20, 'r8gb.large_use1-az6': 25, 'r8gb.medium_use1-az2': 50, 'r8gb.metal-24xl_use1-az6': 1, 'r8gb.xlarge_use1-az6': 5, 'r8gd.12xlarge_use1-az5': 1, 'r8gd.12xlarge_use1-az6': 1, 'r8gd.16xlarge_use1-az2': 1, 'r8gd.16xlarge_use1-az4': 1, 'r8gd.16xlarge_use1-az5': 1, 'r8gd.16xlarge_use1-az6': 15, 'r8gd.24xlarge_use1-az2': 1, 'r8gd.24xlarge_use1-az5': 1, 'r8gd.24xlarge_use1-az6': 25, 'r8gd.2xlarge_use1-az2': 25, 'r8gd.2xlarge_use1-az4': 30, 'r8gd.2xlarge_use1-az6': 50, 'r8gd.48xlarge_use1-az6': 50, 'r8gd.4xlarge_use1-az2': 20, 'r8gd.4xlarge_use1-az5': 1, 'r8gd.4xlarge_use1-az6': 15, 'r8gd.8xlarge_use1-az4': 1, 'r8gd.8xlarge_use1-az5': 1, 'r8gd.8xlarge_use1-az6': 1, 'r8gd.large_use1-az2': 50, 'r8gd.large_use1-az5': 1, 'r8gd.large_use1-az6': 50, 'r8gd.medium_use1-az1': 5, 'r8gd.medium_use1-az2': 5, 'r8gd.medium_use1-az4': 5, 'r8gd.medium_use1-az5': 10, 'r8gd.metal-24xl_use1-az6': 1, 'r8gd.metal-48xl_use1-az6': 1, 'r8gd.xlarge_use1-az2': 25, 'r8gd.xlarge_use1-az4': 1, 'r8gd.xlarge_use1-az5': 50, 'r8gd.xlarge_use1-az6': 40, 'r8gn.24xlarge_use1-az2': 1, 'r8gn.48xlarge_use1-az6': 1, 'r8gn.large_use1-az2': 20, 'r8gn.large_use1-az6': 20, 'r8gn.medium_use1-az2': 35, 'r8gn.medium_use1-az4': 40, 'r8gn.metal-24xl_use1-az2': 1, 'r8gn.metal-24xl_use1-az6': 1, 'r8gn.xlarge_use1-az6': 10, 'r8i-flex.2xlarge_use1-az2': 1, 'r8i-flex.2xlarge_use1-az6': 5, 'r8i-flex.4xlarge_use1-az2': 1, 'r8i-flex.4xlarge_use1-az6': 1, 'r8i-flex.large_use1-az2': 1, 'r8i-flex.large_use1-az6': 5, 'r8i-flex.xlarge_use1-az2': 5, 'r8i-flex.xlarge_use1-az6': 1, 'r8i.12xlarge_use1-az2': 1, 'r8i.12xlarge_use1-az6': 1, 'r8i.16xlarge_use1-az2': 1, 'r8i.16xlarge_use1-az6': 1, 'r8i.24xlarge_use1-az6': 1, 'r8i.2xlarge_use1-az2': 5, 'r8i.2xlarge_use1-az6': 5, 'r8i.32xlarge_use1-az2': 1, 'r8i.32xlarge_use1-az6': 1, 'r8i.48xlarge_use1-az2': 1, 'r8i.48xlarge_use1-az6': 1, 'r8i.4xlarge_use1-az2': 1, 'r8i.4xlarge_use1-az6': 5, 'r8i.8xlarge_use1-az2': 1, 'r8i.8xlarge_use1-az6': 5, 'r8i.96xlarge_use1-az2': 1, 'r8i.96xlarge_use1-az6': 1, 'r8i.large_use1-az2': 20, 'r8i.large_use1-az6': 20, 'r8i.xlarge_use1-az2': 5, 'r8i.xlarge_use1-az6': 5, 't2.2xlarge_use1-az1': 50, 't2.2xlarge_use1-az2': 50, 't2.2xlarge_use1-az3': 15, 't2.2xlarge_use1-az4': 50, 't2.2xlarge_use1-az5': 50, 't2.2xlarge_use1-az6': 50, 't2.large_use1-az1': 20, 't2.large_use1-az2': 50, 't2.large_use1-az3': 50, 't2.large_use1-az4': 50, 't2.large_use1-az5': 25, 't2.large_use1-az6': 50, 't2.medium_use1-az1': 50, 't2.medium_use1-az2': 50, 't2.medium_use1-az3': 50, 't2.medium_use1-az4': 50, 't2.medium_use1-az5': 50, 't2.medium_use1-az6': 50, 't2.xlarge_use1-az1': 35, 't2.xlarge_use1-az2': 50, 't2.xlarge_use1-az3': 20, 't2.xlarge_use1-az4': 50, 't2.xlarge_use1-az5': 5, 't2.xlarge_use1-az6': 50, 't3.2xlarge_use1-az1': 50, 't3.2xlarge_use1-az2': 50, 't3.2xlarge_use1-az4': 50, 't3.2xlarge_use1-az5': 50, 't3.2xlarge_use1-az6': 50, 't3.large_use1-az1': 50, 't3.large_use1-az2': 50, 't3.large_use1-az4': 50, 't3.large_use1-az5': 50, 't3.large_use1-az6': 50, 't3.medium_use1-az1': 50, 't3.medium_use1-az2': 50, 't3.medium_use1-az4': 50, 't3.medium_use1-az5': 50, 't3.medium_use1-az6': 50, 't3.xlarge_use1-az1': 50, 't3.xlarge_use1-az2': 50, 't3.xlarge_use1-az4': 50, 't3.xlarge_use1-az5': 50, 't3.xlarge_use1-az6': 50, 't3a.2xlarge_use1-az1': 50, 't3a.2xlarge_use1-az2': 50, 't3a.2xlarge_use1-az4': 50, 't3a.2xlarge_use1-az5': 50, 't3a.2xlarge_use1-az6': 50, 't3a.large_use1-az1': 50, 't3a.large_use1-az2': 50, 't3a.large_use1-az4': 50, 't3a.large_use1-az5': 5, 't3a.large_use1-az6': 50, 't3a.medium_use1-az1': 50, 't3a.medium_use1-az2': 50, 't3a.medium_use1-az4': 50, 't3a.medium_use1-az6': 50, 't3a.xlarge_use1-az1': 25, 't3a.xlarge_use1-az2': 50, 't3a.xlarge_use1-az4': 50, 't3a.xlarge_use1-az5': 15, 't3a.xlarge_use1-az6': 50, 't4g.2xlarge_use1-az1': 5, 't4g.2xlarge_use1-az2': 15, 't4g.2xlarge_use1-az4': 5, 't4g.2xlarge_use1-az5': 10, 't4g.2xlarge_use1-az6': 10, 't4g.large_use1-az1': 1, 't4g.large_use1-az2': 15, 't4g.large_use1-az4': 50, 't4g.large_use1-az5': 25, 't4g.large_use1-az6': 35, 't4g.medium_use1-az2': 50, 't4g.medium_use1-az4': 50, 't4g.medium_use1-az5': 35, 't4g.medium_use1-az6': 50, 't4g.xlarge_use1-az1': 30, 't4g.xlarge_use1-az2': 15, 't4g.xlarge_use1-az4': 50, 't4g.xlarge_use1-az5': 5, 't4g.xlarge_use1-az6': 10, 'trn1.32xlarge_use1-az6': 50, 'trn1n.32xlarge_use1-az6': 50, 'x1.32xlarge_use1-az6': 1, 'x2gd.12xlarge_use1-az5': 5, 'x2gd.16xlarge_use1-az5': 1, 'x2gd.4xlarge_use1-az4': 5, 'x2gd.4xlarge_use1-az5': 1, 'x2gd.4xlarge_use1-az6': 35, 'x2gd.8xlarge_use1-az4': 1, 'x2gd.8xlarge_use1-az5': 1, 'x2gd.large_use1-az2': 25, 'x2gd.large_use1-az4': 15, 'x2gd.large_use1-az6': 50, 'x2gd.medium_use1-az1': 25, 'x2gd.medium_use1-az2': 35, 'x2gd.medium_use1-az4': 50, 'x2gd.medium_use1-az5': 50, 'x2gd.medium_use1-az6': 50, 'x2gd.xlarge_use1-az5': 15, 'x2idn.24xlarge_use1-az5': 1, 'x2idn.32xlarge_use1-az5': 1, 'x8g.12xlarge_use1-az4': 20, 'x8g.12xlarge_use1-az6': 1, 'x8g.16xlarge_use1-az1': 1, 'x8g.16xlarge_use1-az2': 5, 'x8g.16xlarge_use1-az4': 5, 'x8g.16xlarge_use1-az6': 5, 'x8g.24xlarge_use1-az1': 1, 'x8g.24xlarge_use1-az2': 5, 'x8g.24xlarge_use1-az4': 5, 'x8g.24xlarge_use1-az6': 10, 'x8g.2xlarge_use1-az2': 10, 'x8g.2xlarge_use1-az6': 25, 'x8g.48xlarge_use1-az1': 1, 'x8g.48xlarge_use1-az2': 1, 'x8g.48xlarge_use1-az4': 10, 'x8g.48xlarge_use1-az6': 1, 'x8g.4xlarge_use1-az2': 5, 'x8g.4xlarge_use1-az4': 5, 'x8g.4xlarge_use1-az6': 10, 'x8g.8xlarge_use1-az2': 15, 'x8g.8xlarge_use1-az4': 20, 'x8g.8xlarge_use1-az6': 5, 'x8g.large_use1-az1': 30, 'x8g.large_use1-az4': 50, 'x8g.large_use1-az6': 50, 'x8g.medium_use1-az1': 50, 'x8g.medium_use1-az4': 50, 'x8g.medium_use1-az6': 50, 'x8g.metal-24xl_use1-az1': 1, 'x8g.metal-24xl_use1-az2': 1, 'x8g.metal-24xl_use1-az4': 1, 'x8g.metal-24xl_use1-az6': 10, 'x8g.metal-48xl_use1-az2': 1, 'x8g.metal-48xl_use1-az4': 1, 'x8g.metal-48xl_use1-az6': 1, 'x8g.xlarge_use1-az1': 10, 'x8g.xlarge_use1-az2': 20, 'x8g.xlarge_use1-az4': 40, 'x8g.xlarge_use1-az6': 50, 'z1d.12xlarge_use1-az1': 1, 'z1d.12xlarge_use1-az2': 1, 'z1d.12xlarge_use1-az5': 1, 'z1d.12xlarge_use1-az6': 5, 'z1d.2xlarge_use1-az2': 5, 'z1d.3xlarge_use1-az2': 5, 'z1d.3xlarge_use1-az5': 5, 'z1d.6xlarge_use1-az1': 1, 'z1d.large_use1-az1': 15, 'z1d.large_use1-az2': 5, 'z1d.large_use1-az4': 25, 'z1d.large_use1-az5': 10, 'z1d.large_use1-az6': 25, 'z1d.xlarge_use1-az1': 10, 'z1d.xlarge_use1-az2': 20, 'z1d.xlarge_use1-az4': 30, 'z1d.xlarge_use1-az5': 1, 'z1d.xlarge_use1-az6': 20}"
0.58,18690.095199999978,24577919004,1315023.74609781,924317,924217,"{'c5.12xlarge_use1-az4': 50, 'c5.12xlarge_use1-az6': 50, 'c5.18xlarge_use1-az1': 5, 'c5.18xlarge_use1-az2': 50, 'c5.18xlarge_use1-az4': 15, 'c5.18xlarge_use1-az5': 10, 'c5.18xlarge_use1-az6': 1, 'c5.24xlarge_use1-az1': 1, 'c5.24xlarge_use1-az2': 5, 'c5.24xlarge_use1-az4': 5, 'c5.24xlarge_use1-az6': 5, 'c5.4xlarge_use1-az2': 50, 'c5.4xlarge_use1-az4': 50, 'c5.4xlarge_use1-az6': 50, 'c5.large_use1-az2': 50, 'c5.large_use1-az4': 50, 'c5a.12xlarge_use1-az1': 5, 'c5a.24xlarge_use1-az2': 1, 'c5a.large_use1-az5': 45, 'c5a.xlarge_use1-az5': 50, 'c5ad.24xlarge_use1-az4': 1, 'c5d.18xlarge_use1-az4': 50, 'c5d.18xlarge_use1-az5': 5, 'c5d.18xlarge_use1-az6': 30, 'c5d.24xlarge_use1-az2': 35, 'c5d.24xlarge_use1-az4': 25, 'c5d.24xlarge_use1-az6': 50, 'c5n.18xlarge_use1-az2': 5, 'c5n.2xlarge_use1-az5': 10, 'c5n.large_use1-az5': 5, 'c6a.12xlarge_use1-az1': 5, 'c6a.12xlarge_use1-az2': 50, 'c6a.12xlarge_use1-az4': 50, 'c6a.12xlarge_use1-az5': 1, 'c6a.12xlarge_use1-az6': 15, 'c6a.16xlarge_use1-az1': 1, 'c6a.16xlarge_use1-az2': 5, 'c6a.16xlarge_use1-az4': 10, 'c6a.16xlarge_use1-az5': 1, 'c6a.16xlarge_use1-az6': 15, 'c6a.24xlarge_use1-az1': 1, 'c6a.24xlarge_use1-az2': 5, 'c6a.24xlarge_use1-az4': 5, 'c6a.24xlarge_use1-az5': 5, 'c6a.24xlarge_use1-az6': 20, 'c6a.2xlarge_use1-az1': 10, 'c6a.2xlarge_use1-az2': 40, 'c6a.2xlarge_use1-az4': 50, 'c6a.2xlarge_use1-az5': 10, 'c6a.2xlarge_use1-az6': 50, 'c6a.32xlarge_use1-az2': 1, 'c6a.32xlarge_use1-az4': 1, 'c6a.32xlarge_use1-az5': 1, 'c6a.32xlarge_use1-az6': 5, 'c6a.48xlarge_use1-az2': 1, 'c6a.48xlarge_use1-az4': 10, 'c6a.48xlarge_use1-az5': 5, 'c6a.48xlarge_use1-az6': 25, 'c6a.4xlarge_use1-az2': 15, 'c6a.4xlarge_use1-az5': 15, 'c6a.4xlarge_use1-az6': 50, 'c6a.8xlarge_use1-az1': 5, 'c6a.8xlarge_use1-az2': 50, 'c6a.8xlarge_use1-az4': 30, 'c6a.8xlarge_use1-az5': 25, 'c6a.8xlarge_use1-az6': 50, 'c6a.large_use1-az1': 45, 'c6a.large_use1-az2': 50, 'c6a.large_use1-az4': 50, 'c6a.large_use1-az5': 50, 'c6a.large_use1-az6': 20, 'c6a.xlarge_use1-az1': 15, 'c6a.xlarge_use1-az2': 25, 'c6a.xlarge_use1-az4': 25, 'c6a.xlarge_use1-az5': 15, 'c6a.xlarge_use1-az6': 25, 'c6g.12xlarge_use1-az1': 15, 'c6g.12xlarge_use1-az2': 25, 'c6g.12xlarge_use1-az4': 50, 'c6g.12xlarge_use1-az5': 5, 'c6g.12xlarge_use1-az6': 50, 'c6g.16xlarge_use1-az1': 1, 'c6g.16xlarge_use1-az2': 15, 'c6g.16xlarge_use1-az4': 50, 'c6g.16xlarge_use1-az5': 5, 'c6g.16xlarge_use1-az6': 50, 'c6g.2xlarge_use1-az4': 50, 'c6g.2xlarge_use1-az5': 15, 'c6g.2xlarge_use1-az6': 50, 'c6g.4xlarge_use1-az1': 50, 'c6g.4xlarge_use1-az2': 50, 'c6g.4xlarge_use1-az4': 50, 'c6g.4xlarge_use1-az5': 50, 'c6g.4xlarge_use1-az6': 50, 'c6g.8xlarge_use1-az1': 50, 'c6g.8xlarge_use1-az2': 50, 'c6g.8xlarge_use1-az4': 50, 'c6g.8xlarge_use1-az5': 50, 'c6g.8xlarge_use1-az6': 50, 'c6g.large_use1-az2': 50, 'c6g.large_use1-az4': 50, 'c6g.large_use1-az5': 50, 'c6g.large_use1-az6': 50, 'c6gd.12xlarge_use1-az2': 50, 'c6gd.12xlarge_use1-az4': 30, 'c6gd.12xlarge_use1-az5': 1, 'c6gd.12xlarge_use1-az6': 50, 'c6gd.16xlarge_use1-az2': 50, 'c6gd.16xlarge_use1-az4': 30, 'c6gd.16xlarge_use1-az6': 50, 'c6gd.2xlarge_use1-az1': 15, 'c6gd.2xlarge_use1-az2': 50, 'c6gd.2xlarge_use1-az4': 50, 'c6gd.2xlarge_use1-az5': 1, 'c6gd.2xlarge_use1-az6': 50, 'c6gd.4xlarge_use1-az2': 50, 'c6gd.4xlarge_use1-az4': 50, 'c6gd.4xlarge_use1-az5': 10, 'c6gd.4xlarge_use1-az6': 50, 'c6gd.8xlarge_use1-az2': 45, 'c6gd.8xlarge_use1-az4': 45, 'c6gd.8xlarge_use1-az5': 1, 'c6gd.8xlarge_use1-az6': 50, 'c6gd.large_use1-az2': 5, 'c6gd.large_use1-az4': 20, 'c6gd.large_use1-az5': 1, 'c6gn.12xlarge_use1-az5': 1, 'c6gn.16xlarge_use1-az4': 50, 'c6gn.16xlarge_use1-az5': 10, 'c6gn.8xlarge_use1-az4': 30, 'c6gn.large_use1-az6': 1, 'c6i.12xlarge_use1-az1': 15, 'c6i.12xlarge_use1-az2': 15, 'c6i.12xlarge_use1-az4': 30, 'c6i.16xlarge_use1-az1': 5, 'c6i.16xlarge_use1-az2': 15, 'c6i.16xlarge_use1-az4': 25, 'c6i.16xlarge_use1-az5': 10, 'c6i.16xlarge_use1-az6': 30, 'c6i.24xlarge_use1-az1': 5, 'c6i.24xlarge_use1-az4': 10, 'c6i.24xlarge_use1-az5': 1, 'c6i.24xlarge_use1-az6': 15, 'c6i.32xlarge_use1-az1': 10, 'c6i.32xlarge_use1-az2': 5, 'c6i.32xlarge_use1-az4': 50, 'c6i.32xlarge_use1-az5': 1, 'c6i.32xlarge_use1-az6': 40, 'c6i.large_use1-az2': 40, 'c6i.large_use1-az5': 10, 'c6i.xlarge_use1-az2': 45, 'c6i.xlarge_use1-az5': 10, 'c6id.12xlarge_use1-az2': 1, 'c6id.12xlarge_use1-az4': 5, 'c6id.12xlarge_use1-az6': 5, 'c6id.16xlarge_use1-az1': 1, 'c6id.16xlarge_use1-az2': 5, 'c6id.16xlarge_use1-az4': 5, 'c6id.16xlarge_use1-az5': 1, 'c6id.16xlarge_use1-az6': 1, 'c6id.24xlarge_use1-az1': 5, 'c6id.24xlarge_use1-az4': 5, 'c6id.24xlarge_use1-az5': 1, 'c6id.24xlarge_use1-az6': 10, 'c6id.32xlarge_use1-az1': 1, 'c6id.32xlarge_use1-az2': 5, 'c6id.32xlarge_use1-az4': 10, 'c6id.32xlarge_use1-az5': 1, 'c6id.32xlarge_use1-az6': 5, 'c6in.large_use1-az5': 1, 'c7a.12xlarge_use1-az1': 5, 'c7a.12xlarge_use1-az2': 5, 'c7a.12xlarge_use1-az4': 1, 'c7a.12xlarge_use1-az6': 15, 'c7a.16xlarge_use1-az1': 1, 'c7a.16xlarge_use1-az2': 1, 'c7a.16xlarge_use1-az6': 5, 'c7a.24xlarge_use1-az1': 1, 'c7a.24xlarge_use1-az2': 1, 'c7a.24xlarge_use1-az6': 5, 'c7a.32xlarge_use1-az1': 1, 'c7a.32xlarge_use1-az2': 1, 'c7a.32xlarge_use1-az6': 15, 'c7a.48xlarge_use1-az1': 1, 'c7a.48xlarge_use1-az2': 1, 'c7a.48xlarge_use1-az5': 1, 'c7a.48xlarge_use1-az6': 20, 'c7a.4xlarge_use1-az2': 10, 'c7a.4xlarge_use1-az4': 5, 'c7a.4xlarge_use1-az5': 1, 'c7a.large_use1-az1': 15, 'c7a.large_use1-az2': 25, 'c7a.large_use1-az4': 30, 'c7a.large_use1-az5': 10, 'c7a.large_use1-az6': 50, 'c7a.xlarge_use1-az5': 5, 'c7g.12xlarge_use1-az1': 15, 'c7g.12xlarge_use1-az2': 50, 'c7g.12xlarge_use1-az4': 15, 'c7g.12xlarge_use1-az5': 1, 'c7g.12xlarge_use1-az6': 50, 'c7g.16xlarge_use1-az1': 25, 'c7g.16xlarge_use1-az4': 50, 'c7g.16xlarge_use1-az5': 10, 'c7g.16xlarge_use1-az6': 50, 'c7g.2xlarge_use1-az1': 50, 'c7g.2xlarge_use1-az2': 50, 'c7g.2xlarge_use1-az4': 50, 'c7g.2xlarge_use1-az5': 50, 'c7g.2xlarge_use1-az6': 50, 'c7g.4xlarge_use1-az1': 50, 'c7g.4xlarge_use1-az2': 50, 'c7g.4xlarge_use1-az4': 50, 'c7g.4xlarge_use1-az5': 50, 'c7g.4xlarge_use1-az6': 50, 'c7g.8xlarge_use1-az1': 50, 'c7g.8xlarge_use1-az2': 50, 'c7g.8xlarge_use1-az4': 50, 'c7g.8xlarge_use1-az5': 50, 'c7g.8xlarge_use1-az6': 50, 'c7g.xlarge_use1-az2': 50, 'c7g.xlarge_use1-az4': 50, 'c7g.xlarge_use1-az5': 50, 'c7g.xlarge_use1-az6': 50, 'c7gd.12xlarge_use1-az1': 5, 'c7gd.12xlarge_use1-az4': 15, 'c7gd.12xlarge_use1-az5': 15, 'c7gd.12xlarge_use1-az6': 50, 'c7gd.16xlarge_use1-az1': 5, 'c7gd.16xlarge_use1-az4': 40, 'c7gd.16xlarge_use1-az5': 1, 'c7gd.16xlarge_use1-az6': 50, 'c7gd.2xlarge_use1-az1': 15, 'c7gd.2xlarge_use1-az2': 50, 'c7gd.2xlarge_use1-az4': 50, 'c7gd.2xlarge_use1-az6': 50, 'c7gd.4xlarge_use1-az1': 30, 'c7gd.4xlarge_use1-az2': 25, 'c7gd.4xlarge_use1-az4': 50, 'c7gd.4xlarge_use1-az5': 1, 'c7gd.4xlarge_use1-az6': 50, 'c7gd.8xlarge_use1-az1': 5, 'c7gd.8xlarge_use1-az2': 15, 'c7gd.8xlarge_use1-az4': 10, 'c7gd.8xlarge_use1-az5': 5, 'c7gd.8xlarge_use1-az6': 20, 'c7gd.xlarge_use1-az5': 15, 'c7gn.12xlarge_use1-az5': 1, 'c7gn.16xlarge_use1-az6': 20, 'c7i-flex.4xlarge_use1-az2': 1, 'c7i-flex.4xlarge_use1-az4': 1, 'c7i-flex.4xlarge_use1-az6': 5, 'c7i-flex.8xlarge_use1-az2': 1, 'c7i-flex.8xlarge_use1-az4': 1, 'c7i-flex.8xlarge_use1-az6': 5, 'c7i-flex.large_use1-az1': 40, 'c7i-flex.large_use1-az2': 50, 'c7i-flex.large_use1-az4': 10, 'c7i-flex.large_use1-az5': 1, 'c7i-flex.large_use1-az6': 50, 'c7i-flex.xlarge_use1-az2': 50, 'c7i-flex.xlarge_use1-az5': 5, 'c7i.12xlarge_use1-az1': 5, 'c7i.12xlarge_use1-az2': 15, 'c7i.12xlarge_use1-az6': 5, 'c7i.16xlarge_use1-az1': 1, 'c7i.16xlarge_use1-az6': 15, 'c7i.24xlarge_use1-az6': 15, 'c7i.2xlarge_use1-az1': 10, 'c7i.2xlarge_use1-az2': 10, 'c7i.2xlarge_use1-az4': 10, 'c7i.2xlarge_use1-az5': 5, 'c7i.2xlarge_use1-az6': 25, 'c7i.48xlarge_use1-az1': 10, 'c7i.48xlarge_use1-az2': 10, 'c7i.48xlarge_use1-az4': 5, 'c7i.48xlarge_use1-az5': 1, 'c7i.48xlarge_use1-az6': 50, 'c7i.4xlarge_use1-az2': 5, 'c7i.4xlarge_use1-az4': 5, 'c7i.4xlarge_use1-az5': 1, 'c7i.4xlarge_use1-az6': 15, 'c7i.8xlarge_use1-az1': 1, 'c7i.8xlarge_use1-az2': 5, 'c7i.8xlarge_use1-az4': 5, 'c7i.8xlarge_use1-az6': 10, 'c7i.large_use1-az1': 45, 'c7i.large_use1-az2': 50, 'c7i.large_use1-az4': 50, 'c7i.large_use1-az5': 5, 'c7i.large_use1-az6': 50, 'c7i.xlarge_use1-az1': 5, 'c7i.xlarge_use1-az2': 10, 'c7i.xlarge_use1-az4': 5, 'c7i.xlarge_use1-az5': 1, 'c7i.xlarge_use1-az6': 5, 'c8g.12xlarge_use1-az1': 1, 'c8g.12xlarge_use1-az2': 5, 'c8g.12xlarge_use1-az4': 1, 'c8g.12xlarge_use1-az6': 25, 'c8g.16xlarge_use1-az1': 10, 'c8g.16xlarge_use1-az2': 5, 'c8g.16xlarge_use1-az4': 1, 'c8g.16xlarge_use1-az6': 50, 'c8g.24xlarge_use1-az1': 5, 'c8g.24xlarge_use1-az2': 10, 'c8g.24xlarge_use1-az4': 1, 'c8g.24xlarge_use1-az6': 25, 'c8g.2xlarge_use1-az1': 5, 'c8g.2xlarge_use1-az2': 5, 'c8g.2xlarge_use1-az4': 50, 'c8g.2xlarge_use1-az5': 1, 'c8g.2xlarge_use1-az6': 50, 'c8g.48xlarge_use1-az1': 1, 'c8g.48xlarge_use1-az2': 5, 'c8g.48xlarge_use1-az6': 50, 'c8g.4xlarge_use1-az1': 35, 'c8g.4xlarge_use1-az2': 15, 'c8g.4xlarge_use1-az4': 20, 'c8g.4xlarge_use1-az5': 10, 'c8g.4xlarge_use1-az6': 50, 'c8g.8xlarge_use1-az1': 1, 'c8g.8xlarge_use1-az2': 5, 'c8g.8xlarge_use1-az4': 5, 'c8g.8xlarge_use1-az6': 50, 'c8g.large_use1-az1': 5, 'c8g.large_use1-az2': 20, 'c8g.large_use1-az4': 5, 'c8g.large_use1-az5': 1, 'c8g.large_use1-az6': 40, 'c8g.metal-24xl_use1-az2': 1, 'c8g.metal-24xl_use1-az6': 20, 'c8g.metal-48xl_use1-az1': 1, 'c8g.metal-48xl_use1-az2': 1, 'c8g.metal-48xl_use1-az6': 50, 'c8g.xlarge_use1-az1': 5, 'c8g.xlarge_use1-az2': 30, 'c8g.xlarge_use1-az4': 5, 'c8g.xlarge_use1-az5': 1, 'c8g.xlarge_use1-az6': 50, 'c8gd.12xlarge_use1-az2': 5, 'c8gd.12xlarge_use1-az4': 5, 'c8gd.12xlarge_use1-az5': 1, 'c8gd.12xlarge_use1-az6': 5, 'c8gd.16xlarge_use1-az2': 10, 'c8gd.16xlarge_use1-az4': 10, 'c8gd.16xlarge_use1-az5': 5, 'c8gd.16xlarge_use1-az6': 50, 'c8gd.24xlarge_use1-az4': 5, 'c8gd.24xlarge_use1-az5': 1, 'c8gd.24xlarge_use1-az6': 5, 'c8gd.2xlarge_use1-az2': 50, 'c8gd.2xlarge_use1-az4': 50, 'c8gd.2xlarge_use1-az5': 10, 'c8gd.2xlarge_use1-az6': 50, 'c8gd.48xlarge_use1-az2': 1, 'c8gd.48xlarge_use1-az6': 15, 'c8gd.4xlarge_use1-az2': 10, 'c8gd.4xlarge_use1-az4': 30, 'c8gd.4xlarge_use1-az5': 1, 'c8gd.4xlarge_use1-az6': 50, 'c8gd.large_use1-az2': 40, 'c8gd.large_use1-az4': 35, 'c8gd.metal-24xl_use1-az2': 1, 'c8gd.metal-24xl_use1-az4': 1, 'c8gd.metal-24xl_use1-az5': 1, 'c8gd.metal-24xl_use1-az6': 5, 'c8gd.metal-48xl_use1-az2': 1, 'c8gd.metal-48xl_use1-az6': 1, 'c8gd.xlarge_use1-az1': 1, 'c8gd.xlarge_use1-az2': 20, 'c8gd.xlarge_use1-az4': 20, 'c8gd.xlarge_use1-az5': 15, 'c8gd.xlarge_use1-az6': 50, 'c8gn.large_use1-az6': 1, 'c8i-flex.12xlarge_use1-az6': 1, 'c8i-flex.16xlarge_use1-az6': 1, 'c8i-flex.2xlarge_use1-az2': 25, 'c8i-flex.2xlarge_use1-az4': 15, 'c8i-flex.2xlarge_use1-az6': 50, 'c8i-flex.4xlarge_use1-az2': 5, 'c8i-flex.4xlarge_use1-az4': 1, 'c8i-flex.4xlarge_use1-az6': 5, 'c8i-flex.8xlarge_use1-az6': 1, 'c8i-flex.large_use1-az4': 20, 'c8i-flex.xlarge_use1-az2': 40, 'c8i-flex.xlarge_use1-az4': 5, 'c8i-flex.xlarge_use1-az6': 50, 'c8i.12xlarge_use1-az4': 1, 'c8i.12xlarge_use1-az6': 1, 'c8i.16xlarge_use1-az6': 1, 'c8i.24xlarge_use1-az6': 1, 'c8i.2xlarge_use1-az2': 10, 'c8i.2xlarge_use1-az4': 5, 'c8i.2xlarge_use1-az6': 20, 'c8i.32xlarge_use1-az2': 1, 'c8i.32xlarge_use1-az4': 1, 'c8i.32xlarge_use1-az6': 5, 'c8i.48xlarge_use1-az2': 1, 'c8i.4xlarge_use1-az2': 5, 'c8i.4xlarge_use1-az4': 5, 'c8i.4xlarge_use1-az6': 5, 'c8i.8xlarge_use1-az2': 1, 'c8i.8xlarge_use1-az4': 1, 'c8i.96xlarge_use1-az2': 1, 'c8i.96xlarge_use1-az6': 5, 'c8i.metal-48xl_use1-az2': 1, 'c8i.metal-96xl_use1-az2': 1, 'c8i.metal-96xl_use1-az6': 5, 'c8i.xlarge_use1-az2': 50, 'c8i.xlarge_use1-az4': 15, 'c8i.xlarge_use1-az6': 50, 'f2.12xlarge_use1-az2': 1, 'f2.12xlarge_use1-az4': 1, 'f2.12xlarge_use1-az6': 1, 'f2.48xlarge_use1-az2': 5, 'f2.48xlarge_use1-az4': 5, 'f2.48xlarge_use1-az6': 1, 'g4ad.16xlarge_use1-az1': 5, 'g4ad.16xlarge_use1-az2': 5, 'g4ad.16xlarge_use1-az4': 5, 'g4ad.16xlarge_use1-az6': 10, 'g4ad.2xlarge_use1-az1': 5, 'g4ad.2xlarge_use1-az2': 10, 'g4ad.2xlarge_use1-az6': 10, 'g4ad.4xlarge_use1-az1': 10, 'g4ad.4xlarge_use1-az2': 15, 'g4ad.4xlarge_use1-az4': 15, 'g4ad.4xlarge_use1-az6': 5, 'g4ad.8xlarge_use1-az1': 1, 'g4ad.8xlarge_use1-az2': 5, 'g4ad.8xlarge_use1-az4': 5, 'g4ad.8xlarge_use1-az6': 5, 'g4ad.xlarge_use1-az1': 20, 'g4ad.xlarge_use1-az2': 20, 'g4ad.xlarge_use1-az4': 25, 'g4ad.xlarge_use1-az6': 20, 'g4dn.12xlarge_use1-az2': 15, 'g4dn.12xlarge_use1-az4': 15, 'g4dn.12xlarge_use1-az5': 15, 'g4dn.12xlarge_use1-az6': 50, 'g4dn.16xlarge_use1-az1': 1, 'g4dn.16xlarge_use1-az2': 10, 'g4dn.16xlarge_use1-az4': 1, 'g4dn.16xlarge_use1-az5': 5, 'g4dn.16xlarge_use1-az6': 15, 'g4dn.4xlarge_use1-az1': 5, 'g4dn.4xlarge_use1-az2': 40, 'g4dn.4xlarge_use1-az4': 25, 'g4dn.4xlarge_use1-az5': 40, 'g4dn.4xlarge_use1-az6': 40, 'g4dn.8xlarge_use1-az1': 1, 'g4dn.8xlarge_use1-az2': 1, 'g4dn.8xlarge_use1-az4': 10, 'g4dn.8xlarge_use1-az5': 1, 'g4dn.8xlarge_use1-az6': 5, 'g5.16xlarge_use1-az1': 1, 'g5.16xlarge_use1-az2': 1, 'g5.16xlarge_use1-az4': 5, 'g5.16xlarge_use1-az5': 5, 'g5.16xlarge_use1-az6': 10, 'g5.24xlarge_use1-az1': 1, 'g5.24xlarge_use1-az2': 1, 'g5.24xlarge_use1-az5': 1, 'g5.24xlarge_use1-az6': 5, 'g5.48xlarge_use1-az5': 5, 'g5.48xlarge_use1-az6': 25, 'g5.8xlarge_use1-az1': 1, 'g5.8xlarge_use1-az2': 5, 'g5.8xlarge_use1-az4': 10, 'g5.8xlarge_use1-az5': 20, 'g5.8xlarge_use1-az6': 10, 'g5g.16xlarge_use1-az1': 1, 'g5g.16xlarge_use1-az6': 5, 'g6.12xlarge_use1-az2': 1, 'g6.12xlarge_use1-az4': 30, 'g6.12xlarge_use1-az6': 50, 'g6.16xlarge_use1-az1': 1, 'g6.16xlarge_use1-az2': 1, 'g6.16xlarge_use1-az4': 1, 'g6.16xlarge_use1-az6': 5, 'g6.24xlarge_use1-az2': 1, 'g6.24xlarge_use1-az4': 1, 'g6.24xlarge_use1-az6': 1, 'g6.48xlarge_use1-az2': 5, 'g6.48xlarge_use1-az4': 30, 'g6.48xlarge_use1-az6': 50, 'g6.4xlarge_use1-az1': 5, 'g6.4xlarge_use1-az2': 10, 'g6.4xlarge_use1-az4': 35, 'g6.4xlarge_use1-az6': 50, 'g6.8xlarge_use1-az1': 5, 'g6.8xlarge_use1-az2': 5, 'g6.8xlarge_use1-az4': 10, 'g6.8xlarge_use1-az6': 15, 'g6e.16xlarge_use1-az1': 10, 'g6e.16xlarge_use1-az2': 15, 'g6e.16xlarge_use1-az4': 40, 'g6e.16xlarge_use1-az6': 20, 'g6e.8xlarge_use1-az2': 1, 'g6e.8xlarge_use1-az4': 1, 'g6f.2xlarge_use1-az1': 1, 'g6f.2xlarge_use1-az4': 1, 'g6f.2xlarge_use1-az6': 5, 'g6f.4xlarge_use1-az1': 1, 'g6f.4xlarge_use1-az4': 1, 'g6f.4xlarge_use1-az6': 1, 'g6f.large_use1-az1': 10, 'g6f.large_use1-az2': 15, 'g6f.large_use1-az4': 40, 'g6f.large_use1-az6': 20, 'g6f.xlarge_use1-az1': 1, 'g6f.xlarge_use1-az2': 1, 'g6f.xlarge_use1-az4': 5, 'g6f.xlarge_use1-az6': 10, 'gr6.4xlarge_use1-az2': 1, 'gr6.4xlarge_use1-az4': 1, 'gr6.4xlarge_use1-az6': 1, 'gr6.8xlarge_use1-az1': 1, 'gr6.8xlarge_use1-az2': 1, 'gr6.8xlarge_use1-az4': 1, 'gr6.8xlarge_use1-az6': 1, 'i3.16xlarge_use1-az3': 10, 'i3.16xlarge_use1-az5': 10, 'i3.large_use1-az1': 50, 'i3.large_use1-az2': 50, 'i3.large_use1-az3': 50, 'i3.large_use1-az4': 50, 'i3.large_use1-az5': 50, 'i3.large_use1-az6': 50, 'i3.xlarge_use1-az3': 50, 'i4g.16xlarge_use1-az5': 50, 'i4g.16xlarge_use1-az6': 50, 'i4g.2xlarge_use1-az2': 10, 'i4g.2xlarge_use1-az4': 15, 'i4g.2xlarge_use1-az5': 40, 'i4g.2xlarge_use1-az6': 50, 'i4g.large_use1-az6': 50, 'i4g.xlarge_use1-az2': 10, 'i4g.xlarge_use1-az4': 1, 'i4g.xlarge_use1-az5': 50, 'i4i.12xlarge_use1-az2': 5, 'i4i.24xlarge_use1-az2': 1, 'i4i.2xlarge_use1-az4': 50, 'i4i.large_use1-az1': 50, 'i4i.large_use1-az2': 50, 'i4i.large_use1-az4': 50, 'i4i.large_use1-az5': 50, 'i4i.large_use1-az6': 50, 'i4i.xlarge_use1-az2': 50, 'i4i.xlarge_use1-az4': 50, 'i4i.xlarge_use1-az6': 50, 'i7i.12xlarge_use1-az6': 1, 'i7i.16xlarge_use1-az2': 1, 'i7i.16xlarge_use1-az4': 5, 'i7i.16xlarge_use1-az6': 1, 'i7i.24xlarge_use1-az2': 1, 'i7i.24xlarge_use1-az6': 1, 'i7i.2xlarge_use1-az1': 1, 'i7i.2xlarge_use1-az2': 50, 'i7i.2xlarge_use1-az4': 45, 'i7i.2xlarge_use1-az5': 20, 'i7i.2xlarge_use1-az6': 10, 'i7i.4xlarge_use1-az2': 15, 'i7i.4xlarge_use1-az4': 20, 'i7i.4xlarge_use1-az5': 5, 'i7i.4xlarge_use1-az6': 20, 'i7i.8xlarge_use1-az1': 1, 'i7i.8xlarge_use1-az2': 1, 'i7i.8xlarge_use1-az4': 5, 'i7i.8xlarge_use1-az6': 1, 'i7i.metal-24xl_use1-az2': 1, 'i7i.metal-24xl_use1-az4': 50, 'i7i.metal-24xl_use1-az6': 35, 'i7i.xlarge_use1-az1': 1, 'i7i.xlarge_use1-az6': 20, 'i7ie.24xlarge_use1-az6': 50, 'i7ie.2xlarge_use1-az2': 1, 'i7ie.3xlarge_use1-az2': 1, 'i7ie.48xlarge_use1-az6': 50, 'i7ie.large_use1-az1': 45, 'i7ie.large_use1-az4': 50, 'i7ie.large_use1-az6': 50, 'i7ie.metal-24xl_use1-az6': 15, 'i7ie.metal-48xl_use1-az6': 10, 'i7ie.xlarge_use1-az6': 50, 'i8g.12xlarge_use1-az6': 1, 'i8g.24xlarge_use1-az6': 10, 'i8g.2xlarge_use1-az2': 1, 'i8g.4xlarge_use1-az2': 1, 'i8g.8xlarge_use1-az6': 5, 'i8g.large_use1-az2': 10, 'i8g.large_use1-az6': 5, 'i8g.xlarge_use1-az2': 1, 'i8g.xlarge_use1-az4': 1, 'i8g.xlarge_use1-az6': 1, 'i8ge.12xlarge_use1-az4': 1, 'i8ge.12xlarge_use1-az6': 5, 'i8ge.18xlarge_use1-az2': 1, 'i8ge.18xlarge_use1-az4': 1, 'i8ge.18xlarge_use1-az6': 5, 'i8ge.24xlarge_use1-az4': 1, 'i8ge.24xlarge_use1-az6': 5, 'i8ge.2xlarge_use1-az4': 10, 'i8ge.3xlarge_use1-az2': 1, 'i8ge.48xlarge_use1-az4': 5, 'i8ge.6xlarge_use1-az2': 1, 'i8ge.large_use1-az2': 5, 'i8ge.metal-24xl_use1-az4': 1, 'i8ge.metal-48xl_use1-az6': 1, 'i8ge.xlarge_use1-az4': 20, 'im4gn.16xlarge_use1-az4': 45, 'im4gn.2xlarge_use1-az1': 10, 'im4gn.2xlarge_use1-az4': 20, 'im4gn.2xlarge_use1-az6': 15, 'im4gn.8xlarge_use1-az1': 1, 'im4gn.8xlarge_use1-az4': 5, 'inf1.24xlarge_use1-az1': 1, 'inf1.24xlarge_use1-az2': 1, 'inf1.24xlarge_use1-az4': 10, 'inf1.24xlarge_use1-az5': 5, 'inf1.24xlarge_use1-az6': 20, 'inf1.2xlarge_use1-az1': 15, 'inf1.2xlarge_use1-az2': 15, 'inf1.2xlarge_use1-az4': 30, 'inf1.2xlarge_use1-az5': 40, 'inf1.2xlarge_use1-az6': 40, 'inf1.6xlarge_use1-az1': 1, 'inf1.6xlarge_use1-az2': 1, 'inf1.6xlarge_use1-az4': 5, 'inf1.6xlarge_use1-az5': 5, 'inf1.6xlarge_use1-az6': 10, 'inf1.xlarge_use1-az1': 50, 'inf1.xlarge_use1-az2': 50, 'inf1.xlarge_use1-az4': 40, 'inf1.xlarge_use1-az5': 50, 'inf1.xlarge_use1-az6': 50, 'inf2.24xlarge_use1-az4': 1, 'inf2.24xlarge_use1-az6': 10, 'inf2.48xlarge_use1-az6': 15, 'inf2.8xlarge_use1-az2': 5, 'inf2.8xlarge_use1-az4': 5, 'inf2.8xlarge_use1-az5': 1, 'inf2.8xlarge_use1-az6': 1, 'is4gen.medium_use1-az1': 50, 'is4gen.medium_use1-az4': 40, 'is4gen.medium_use1-az6': 30, 'm2.2xlarge_use1-az1': 5, 'm2.2xlarge_use1-az2': 10, 'm2.2xlarge_use1-az4': 15, 'm2.2xlarge_use1-az6': 5, 'm2.4xlarge_use1-az1': 1, 'm2.4xlarge_use1-az2': 5, 'm2.4xlarge_use1-az4': 5, 'm2.xlarge_use1-az1': 5, 'm2.xlarge_use1-az2': 20, 'm2.xlarge_use1-az4': 20, 'm2.xlarge_use1-az6': 15, 'm3.xlarge_use1-az3': 1, 'm4.10xlarge_use1-az1': 5, 'm4.10xlarge_use1-az2': 10, 'm4.10xlarge_use1-az3': 1, 'm4.10xlarge_use1-az4': 50, 'm4.10xlarge_use1-az5': 1, 'm4.10xlarge_use1-az6': 50, 'm4.2xlarge_use1-az1': 5, 'm4.2xlarge_use1-az2': 20, 'm4.2xlarge_use1-az3': 50, 'm4.2xlarge_use1-az4': 20, 'm4.2xlarge_use1-az5': 1, 'm4.2xlarge_use1-az6': 25, 'm4.4xlarge_use1-az1': 50, 'm4.4xlarge_use1-az2': 50, 'm4.4xlarge_use1-az3': 50, 'm4.4xlarge_use1-az4': 25, 'm4.4xlarge_use1-az5': 10, 'm4.4xlarge_use1-az6': 15, 'm4.large_use1-az1': 30, 'm4.large_use1-az2': 50, 'm4.large_use1-az3': 25, 'm4.large_use1-az4': 50, 'm4.large_use1-az5': 10, 'm4.large_use1-az6': 50, 'm4.xlarge_use1-az1': 15, 'm4.xlarge_use1-az2': 50, 'm4.xlarge_use1-az3': 50, 'm4.xlarge_use1-az4': 50, 'm4.xlarge_use1-az5': 30, 'm4.xlarge_use1-az6': 50, 'm5.12xlarge_use1-az1': 5, 'm5.12xlarge_use1-az2': 25, 'm5.12xlarge_use1-az4': 50, 'm5.12xlarge_use1-az5': 1, 'm5.12xlarge_use1-az6': 40, 'm5.16xlarge_use1-az1': 10, 'm5.16xlarge_use1-az2': 50, 'm5.16xlarge_use1-az4': 50, 'm5.16xlarge_use1-az5': 1, 'm5.16xlarge_use1-az6': 50, 'm5.24xlarge_use1-az1': 5, 'm5.24xlarge_use1-az2': 5, 'm5.24xlarge_use1-az4': 5, 'm5.24xlarge_use1-az5': 1, 'm5.24xlarge_use1-az6': 35, 'm5.2xlarge_use1-az1': 50, 'm5.2xlarge_use1-az2': 50, 'm5.2xlarge_use1-az4': 50, 'm5.2xlarge_use1-az5': 50, 'm5.2xlarge_use1-az6': 50, 'm5.4xlarge_use1-az1': 50, 'm5.4xlarge_use1-az2': 50, 'm5.4xlarge_use1-az4': 50, 'm5.4xlarge_use1-az5': 10, 'm5.4xlarge_use1-az6': 50, 'm5.8xlarge_use1-az1': 50, 'm5.8xlarge_use1-az2': 40, 'm5.8xlarge_use1-az4': 50, 'm5.8xlarge_use1-az5': 1, 'm5.8xlarge_use1-az6': 50, 'm5.large_use1-az1': 50, 'm5.large_use1-az2': 50, 'm5.large_use1-az4': 50, 'm5.large_use1-az5': 50, 'm5.large_use1-az6': 50, 'm5.xlarge_use1-az1': 50, 'm5.xlarge_use1-az2': 50, 'm5.xlarge_use1-az4': 50, 'm5.xlarge_use1-az5': 50, 'm5.xlarge_use1-az6': 50, 'm5a.12xlarge_use1-az2': 1, 'm5a.12xlarge_use1-az4': 1, 'm5a.12xlarge_use1-az6': 1, 'm5a.16xlarge_use1-az2': 1, 'm5a.16xlarge_use1-az4': 1, 'm5a.16xlarge_use1-az6': 1, 'm5a.24xlarge_use1-az1': 1, 'm5a.24xlarge_use1-az2': 1, 'm5a.24xlarge_use1-az4': 1, 'm5a.24xlarge_use1-az5': 5, 'm5a.24xlarge_use1-az6': 5, 'm5a.2xlarge_use1-az1': 10, 'm5a.2xlarge_use1-az2': 25, 'm5a.2xlarge_use1-az5': 5, 'm5a.4xlarge_use1-az1': 5, 'm5a.4xlarge_use1-az2': 10, 'm5a.4xlarge_use1-az5': 10, 'm5a.4xlarge_use1-az6': 15, 'm5a.8xlarge_use1-az1': 1, 'm5a.8xlarge_use1-az2': 20, 'm5a.8xlarge_use1-az4': 20, 'm5a.8xlarge_use1-az5': 1, 'm5a.8xlarge_use1-az6': 5, 'm5a.large_use1-az1': 50, 'm5a.large_use1-az2': 50, 'm5a.large_use1-az4': 50, 'm5a.large_use1-az5': 45, 'm5a.large_use1-az6': 50, 'm5a.xlarge_use1-az1': 10, 'm5a.xlarge_use1-az2': 30, 'm5a.xlarge_use1-az4': 10, 'm5a.xlarge_use1-az6': 50, 'm5ad.16xlarge_use1-az2': 1, 'm5ad.16xlarge_use1-az4': 1, 'm5ad.16xlarge_use1-az6': 1, 'm5ad.24xlarge_use1-az2': 1, 'm5ad.24xlarge_use1-az4': 1, 'm5ad.24xlarge_use1-az6': 5, 'm5ad.8xlarge_use1-az2': 1, 'm5ad.large_use1-az2': 5, 'm5d.12xlarge_use1-az2': 25, 'm5d.12xlarge_use1-az4': 30, 'm5d.12xlarge_use1-az6': 15, 'm5d.16xlarge_use1-az1': 5, 'm5d.16xlarge_use1-az2': 35, 'm5d.16xlarge_use1-az5': 1, 'm5d.16xlarge_use1-az6': 50, 'm5d.24xlarge_use1-az2': 15, 'm5d.24xlarge_use1-az4': 5, 'm5d.24xlarge_use1-az6': 50, 'm5d.4xlarge_use1-az2': 15, 'm5d.8xlarge_use1-az1': 1, 'm5d.8xlarge_use1-az2': 25, 'm5d.8xlarge_use1-az4': 10, 'm5d.8xlarge_use1-az5': 1, 'm5d.8xlarge_use1-az6': 10, 'm5d.large_use1-az2': 50, 'm5d.large_use1-az4': 50, 'm5d.large_use1-az6': 50, 'm5d.xlarge_use1-az1': 50, 'm5dn.12xlarge_use1-az6': 1, 'm5dn.16xlarge_use1-az1': 1, 'm5dn.16xlarge_use1-az2': 5, 'm5dn.16xlarge_use1-az4': 1, 'm5dn.24xlarge_use1-az1': 1, 'm5dn.24xlarge_use1-az2': 1, 'm5dn.24xlarge_use1-az4': 1, 'm5dn.24xlarge_use1-az6': 5, 'm5dn.large_use1-az2': 30, 'm5dn.large_use1-az4': 40, 'm5dn.large_use1-az5': 15, 'm5dn.large_use1-az6': 50, 'm5n.12xlarge_use1-az1': 1, 'm5n.12xlarge_use1-az2': 1, 'm5n.12xlarge_use1-az4': 1, 'm5n.12xlarge_use1-az5': 1, 'm5n.12xlarge_use1-az6': 1, 'm5n.16xlarge_use1-az2': 1, 'm5n.16xlarge_use1-az4': 1, 'm5n.16xlarge_use1-az6': 1, 'm5n.24xlarge_use1-az2': 1, 'm5n.24xlarge_use1-az4': 1, 'm5n.24xlarge_use1-az6': 1, 'm5n.2xlarge_use1-az1': 15, 'm5n.2xlarge_use1-az2': 25, 'm5n.2xlarge_use1-az5': 5, 'm5n.4xlarge_use1-az1': 25, 'm5n.4xlarge_use1-az2': 35, 'm5n.4xlarge_use1-az4': 50, 'm5n.4xlarge_use1-az5': 5, 'm5n.8xlarge_use1-az1': 1, 'm5n.large_use1-az1': 5, 'm5n.large_use1-az2': 15, 'm5n.large_use1-az4': 5, 'm5n.large_use1-az5': 5, 'm5n.large_use1-az6': 15, 'm5n.xlarge_use1-az1': 20, 'm5n.xlarge_use1-az2': 50, 'm5n.xlarge_use1-az4': 50, 'm5n.xlarge_use1-az5': 1, 'm5n.xlarge_use1-az6': 50, 'm5zn.large_use1-az2': 5, 'm5zn.large_use1-az4': 30, 'm5zn.large_use1-az5': 15, 'm5zn.large_use1-az6': 20, 'm6a.12xlarge_use1-az1': 5, 'm6a.12xlarge_use1-az2': 5, 'm6a.12xlarge_use1-az4': 15, 'm6a.12xlarge_use1-az6': 10, 'm6a.16xlarge_use1-az1': 5, 'm6a.16xlarge_use1-az2': 5, 'm6a.16xlarge_use1-az4': 5, 'm6a.16xlarge_use1-az6': 5, 'm6a.24xlarge_use1-az1': 1, 'm6a.24xlarge_use1-az2': 1, 'm6a.24xlarge_use1-az4': 1, 'm6a.24xlarge_use1-az6': 1, 'm6a.2xlarge_use1-az1': 50, 'm6a.2xlarge_use1-az2': 35, 'm6a.2xlarge_use1-az4': 45, 'm6a.2xlarge_use1-az5': 15, 'm6a.2xlarge_use1-az6': 50, 'm6a.32xlarge_use1-az2': 1, 'm6a.32xlarge_use1-az4': 1, 'm6a.32xlarge_use1-az5': 1, 'm6a.32xlarge_use1-az6': 1, 'm6a.48xlarge_use1-az2': 1, 'm6a.48xlarge_use1-az4': 1, 'm6a.48xlarge_use1-az6': 1, 'm6a.4xlarge_use1-az1': 45, 'm6a.4xlarge_use1-az2': 40, 'm6a.4xlarge_use1-az4': 25, 'm6a.4xlarge_use1-az5': 5, 'm6a.4xlarge_use1-az6': 50, 'm6a.8xlarge_use1-az1': 25, 'm6a.8xlarge_use1-az2': 15, 'm6a.8xlarge_use1-az4': 50, 'm6a.8xlarge_use1-az5': 10, 'm6a.8xlarge_use1-az6': 50, 'm6a.large_use1-az1': 50, 'm6a.large_use1-az2': 50, 'm6a.large_use1-az4': 50, 'm6a.large_use1-az5': 30, 'm6a.large_use1-az6': 50, 'm6a.xlarge_use1-az1': 50, 'm6a.xlarge_use1-az2': 50, 'm6a.xlarge_use1-az4': 50, 'm6a.xlarge_use1-az5': 35, 'm6a.xlarge_use1-az6': 50, 'm6g.12xlarge_use1-az1': 1, 'm6g.12xlarge_use1-az2': 5, 'm6g.12xlarge_use1-az4': 50, 'm6g.12xlarge_use1-az6': 50, 'm6g.16xlarge_use1-az1': 1, 'm6g.16xlarge_use1-az2': 5, 'm6g.16xlarge_use1-az4': 25, 'm6g.16xlarge_use1-az6': 50, 'm6g.2xlarge_use1-az1': 15, 'm6g.2xlarge_use1-az2': 50, 'm6g.2xlarge_use1-az4': 50, 'm6g.2xlarge_use1-az5': 5, 'm6g.2xlarge_use1-az6': 50, 'm6g.4xlarge_use1-az1': 10, 'm6g.4xlarge_use1-az2': 50, 'm6g.4xlarge_use1-az4': 50, 'm6g.4xlarge_use1-az5': 10, 'm6g.4xlarge_use1-az6': 50, 'm6g.8xlarge_use1-az1': 5, 'm6g.8xlarge_use1-az2': 50, 'm6g.8xlarge_use1-az4': 50, 'm6g.8xlarge_use1-az6': 50, 'm6g.large_use1-az2': 50, 'm6g.large_use1-az4': 50, 'm6g.large_use1-az5': 5, 'm6g.large_use1-az6': 50, 'm6g.medium_use1-az1': 5, 'm6g.medium_use1-az2': 5, 'm6g.medium_use1-az4': 10, 'm6g.medium_use1-az5': 1, 'm6g.medium_use1-az6': 15, 'm6g.xlarge_use1-az1': 50, 'm6g.xlarge_use1-az2': 50, 'm6g.xlarge_use1-az4': 50, 'm6g.xlarge_use1-az5': 50, 'm6g.xlarge_use1-az6': 50, 'm6gd.12xlarge_use1-az1': 10, 'm6gd.12xlarge_use1-az2': 40, 'm6gd.12xlarge_use1-az4': 20, 'm6gd.12xlarge_use1-az5': 5, 'm6gd.12xlarge_use1-az6': 50, 'm6gd.16xlarge_use1-az2': 10, 'm6gd.16xlarge_use1-az4': 10, 'm6gd.16xlarge_use1-az5': 10, 'm6gd.16xlarge_use1-az6': 35, 'm6gd.2xlarge_use1-az2': 50, 'm6gd.2xlarge_use1-az4': 45, 'm6gd.2xlarge_use1-az5': 1, 'm6gd.4xlarge_use1-az2': 5, 'm6gd.4xlarge_use1-az5': 1, 'm6gd.4xlarge_use1-az6': 15, 'm6gd.8xlarge_use1-az1': 5, 'm6gd.8xlarge_use1-az2': 10, 'm6gd.8xlarge_use1-az4': 15, 'm6gd.8xlarge_use1-az5': 1, 'm6gd.8xlarge_use1-az6': 20, 'm6gd.large_use1-az2': 5, 'm6gd.large_use1-az4': 5, 'm6gd.large_use1-az5': 1, 'm6gd.large_use1-az6': 15, 'm6gd.medium_use1-az1': 1, 'm6gd.medium_use1-az2': 1, 'm6gd.medium_use1-az4': 1, 'm6gd.medium_use1-az5': 5, 'm6gd.medium_use1-az6': 1, 'm6gd.xlarge_use1-az2': 10, 'm6gd.xlarge_use1-az4': 35, 'm6gd.xlarge_use1-az5': 1, 'm6i.12xlarge_use1-az1': 1, 'm6i.12xlarge_use1-az2': 10, 'm6i.12xlarge_use1-az4': 50, 'm6i.12xlarge_use1-az5': 1, 'm6i.12xlarge_use1-az6': 30, 'm6i.16xlarge_use1-az1': 1, 'm6i.16xlarge_use1-az2': 10, 'm6i.16xlarge_use1-az4': 5, 'm6i.16xlarge_use1-az5': 1, 'm6i.16xlarge_use1-az6': 10, 'm6i.24xlarge_use1-az2': 10, 'm6i.24xlarge_use1-az4': 5, 'm6i.24xlarge_use1-az5': 1, 'm6i.24xlarge_use1-az6': 50, 'm6i.2xlarge_use1-az1': 25, 'm6i.2xlarge_use1-az2': 50, 'm6i.2xlarge_use1-az4': 50, 'm6i.2xlarge_use1-az5': 25, 'm6i.2xlarge_use1-az6': 50, 'm6i.32xlarge_use1-az2': 1, 'm6i.32xlarge_use1-az4': 5, 'm6i.32xlarge_use1-az5': 1, 'm6i.32xlarge_use1-az6': 15, 'm6i.4xlarge_use1-az1': 15, 'm6i.4xlarge_use1-az2': 50, 'm6i.4xlarge_use1-az4': 50, 'm6i.4xlarge_use1-az5': 50, 'm6i.4xlarge_use1-az6': 50, 'm6i.8xlarge_use1-az1': 1, 'm6i.8xlarge_use1-az2': 50, 'm6i.8xlarge_use1-az4': 50, 'm6i.8xlarge_use1-az5': 20, 'm6i.8xlarge_use1-az6': 50, 'm6i.large_use1-az1': 25, 'm6i.large_use1-az2': 50, 'm6i.large_use1-az4': 50, 'm6i.large_use1-az5': 50, 'm6i.large_use1-az6': 50, 'm6i.xlarge_use1-az1': 45, 'm6i.xlarge_use1-az2': 50, 'm6i.xlarge_use1-az4': 50, 'm6i.xlarge_use1-az5': 25, 'm6i.xlarge_use1-az6': 50, 'm6id.12xlarge_use1-az1': 1, 'm6id.12xlarge_use1-az2': 1, 'm6id.12xlarge_use1-az4': 1, 'm6id.12xlarge_use1-az6': 1, 'm6id.16xlarge_use1-az1': 1, 'm6id.16xlarge_use1-az2': 1, 'm6id.16xlarge_use1-az4': 1, 'm6id.16xlarge_use1-az6': 1, 'm6id.24xlarge_use1-az1': 10, 'm6id.24xlarge_use1-az2': 15, 'm6id.24xlarge_use1-az4': 35, 'm6id.24xlarge_use1-az5': 5, 'm6id.24xlarge_use1-az6': 15, 'm6id.2xlarge_use1-az1': 5, 'm6id.2xlarge_use1-az2': 5, 'm6id.2xlarge_use1-az4': 5, 'm6id.2xlarge_use1-az5': 1, 'm6id.32xlarge_use1-az1': 10, 'm6id.32xlarge_use1-az2': 15, 'm6id.32xlarge_use1-az4': 5, 'm6id.32xlarge_use1-az5': 1, 'm6id.32xlarge_use1-az6': 50, 'm6id.4xlarge_use1-az1': 15, 'm6id.4xlarge_use1-az2': 10, 'm6id.4xlarge_use1-az4': 5, 'm6id.4xlarge_use1-az5': 1, 'm6id.4xlarge_use1-az6': 10, 'm6id.8xlarge_use1-az1': 1, 'm6id.8xlarge_use1-az4': 5, 'm6id.8xlarge_use1-az5': 1, 'm6id.8xlarge_use1-az6': 1, 'm6id.large_use1-az1': 30, 'm6id.large_use1-az2': 35, 'm6id.large_use1-az4': 15, 'm6id.large_use1-az5': 5, 'm6id.large_use1-az6': 50, 'm6id.xlarge_use1-az1': 20, 'm6id.xlarge_use1-az2': 45, 'm6id.xlarge_use1-az4': 15, 'm6id.xlarge_use1-az5': 5, 'm6id.xlarge_use1-az6': 25, 'm6idn.12xlarge_use1-az2': 1, 'm6idn.16xlarge_use1-az4': 1, 'm6idn.24xlarge_use1-az1': 1, 'm6idn.24xlarge_use1-az2': 1, 'm6idn.24xlarge_use1-az4': 1, 'm6idn.32xlarge_use1-az2': 1, 'm6idn.large_use1-az1': 25, 'm6idn.large_use1-az2': 35, 'm6idn.large_use1-az4': 15, 'm6idn.large_use1-az5': 10, 'm6idn.large_use1-az6': 10, 'm6idn.xlarge_use1-az6': 10, 'm6in.16xlarge_use1-az2': 1, 'm6in.16xlarge_use1-az4': 1, 'm6in.24xlarge_use1-az1': 1, 'm6in.24xlarge_use1-az2': 1, 'm6in.2xlarge_use1-az5': 1, 'm6in.4xlarge_use1-az1': 1, 'm6in.4xlarge_use1-az5': 1, 'm6in.8xlarge_use1-az1': 1, 'm6in.8xlarge_use1-az2': 1, 'm6in.large_use1-az1': 5, 'm6in.large_use1-az2': 10, 'm6in.large_use1-az4': 5, 'm6in.large_use1-az5': 1, 'm6in.large_use1-az6': 1, 'm6in.xlarge_use1-az1': 5, 'm6in.xlarge_use1-az2': 10, 'm6in.xlarge_use1-az4': 1, 'm7a.12xlarge_use1-az2': 1, 'm7a.12xlarge_use1-az6': 20, 'm7a.16xlarge_use1-az2': 1, 'm7a.16xlarge_use1-az6': 40, 'm7a.24xlarge_use1-az2': 1, 'm7a.24xlarge_use1-az6': 50, 'm7a.2xlarge_use1-az1': 5, 'm7a.2xlarge_use1-az2': 15, 'm7a.2xlarge_use1-az4': 10, 'm7a.2xlarge_use1-az6': 50, 'm7a.32xlarge_use1-az6': 20, 'm7a.48xlarge_use1-az6': 40, 'm7a.4xlarge_use1-az1': 10, 'm7a.4xlarge_use1-az2': 5, 'm7a.4xlarge_use1-az4': 10, 'm7a.4xlarge_use1-az6': 25, 'm7a.8xlarge_use1-az1': 1, 'm7a.8xlarge_use1-az2': 5, 'm7a.8xlarge_use1-az4': 1, 'm7a.8xlarge_use1-az6': 50, 'm7a.large_use1-az1': 15, 'm7a.large_use1-az2': 50, 'm7a.large_use1-az4': 50, 'm7a.large_use1-az5': 5, 'm7a.large_use1-az6': 50, 'm7a.medium_use1-az1': 10, 'm7a.medium_use1-az2': 50, 'm7a.medium_use1-az4': 50, 'm7a.medium_use1-az6': 50, 'm7a.xlarge_use1-az1': 5, 'm7a.xlarge_use1-az2': 40, 'm7a.xlarge_use1-az4': 50, 'm7a.xlarge_use1-az6': 50, 'm7g.12xlarge_use1-az1': 1, 'm7g.12xlarge_use1-az2': 10, 'm7g.12xlarge_use1-az4': 45, 'm7g.12xlarge_use1-az5': 1, 'm7g.12xlarge_use1-az6': 50, 'm7g.16xlarge_use1-az1': 1, 'm7g.16xlarge_use1-az2': 30, 'm7g.16xlarge_use1-az4': 35, 'm7g.16xlarge_use1-az5': 1, 'm7g.16xlarge_use1-az6': 50, 'm7g.2xlarge_use1-az1': 35, 'm7g.2xlarge_use1-az2': 50, 'm7g.2xlarge_use1-az4': 50, 'm7g.2xlarge_use1-az5': 15, 'm7g.2xlarge_use1-az6': 50, 'm7g.4xlarge_use1-az1': 10, 'm7g.4xlarge_use1-az2': 30, 'm7g.4xlarge_use1-az4': 50, 'm7g.4xlarge_use1-az5': 10, 'm7g.4xlarge_use1-az6': 50, 'm7g.8xlarge_use1-az1': 1, 'm7g.8xlarge_use1-az2': 15, 'm7g.8xlarge_use1-az4': 40, 'm7g.8xlarge_use1-az5': 1, 'm7g.8xlarge_use1-az6': 50, 'm7g.large_use1-az1': 10, 'm7g.large_use1-az2': 50, 'm7g.large_use1-az4': 50, 'm7g.large_use1-az5': 30, 'm7g.large_use1-az6': 50, 'm7g.medium_use1-az1': 30, 'm7g.medium_use1-az2': 40, 'm7g.medium_use1-az4': 50, 'm7g.medium_use1-az5': 35, 'm7g.medium_use1-az6': 50, 'm7g.metal_use1-az1': 1, 'm7g.metal_use1-az2': 25, 'm7g.metal_use1-az4': 10, 'm7g.metal_use1-az5': 1, 'm7g.metal_use1-az6': 50, 'm7g.xlarge_use1-az1': 50, 'm7g.xlarge_use1-az2': 50, 'm7g.xlarge_use1-az4': 50, 'm7g.xlarge_use1-az5': 50, 'm7g.xlarge_use1-az6': 50, 'm7gd.12xlarge_use1-az1': 5, 'm7gd.12xlarge_use1-az2': 10, 'm7gd.12xlarge_use1-az4': 1, 'm7gd.12xlarge_use1-az6': 35, 'm7gd.16xlarge_use1-az1': 1, 'm7gd.16xlarge_use1-az2': 30, 'm7gd.16xlarge_use1-az4': 1, 'm7gd.16xlarge_use1-az6': 40, 'm7gd.2xlarge_use1-az1': 15, 'm7gd.2xlarge_use1-az2': 50, 'm7gd.2xlarge_use1-az4': 15, 'm7gd.2xlarge_use1-az6': 25, 'm7gd.4xlarge_use1-az1': 5, 'm7gd.4xlarge_use1-az2': 10, 'm7gd.4xlarge_use1-az6': 40, 'm7gd.8xlarge_use1-az1': 10, 'm7gd.8xlarge_use1-az2': 50, 'm7gd.8xlarge_use1-az4': 30, 'm7gd.8xlarge_use1-az5': 45, 'm7gd.8xlarge_use1-az6': 50, 'm7gd.large_use1-az1': 5, 'm7gd.large_use1-az2': 50, 'm7gd.large_use1-az4': 5, 'm7gd.large_use1-az6': 50, 'm7gd.medium_use1-az1': 15, 'm7gd.medium_use1-az2': 20, 'm7gd.medium_use1-az4': 15, 'm7gd.medium_use1-az5': 20, 'm7gd.medium_use1-az6': 25, 'm7gd.metal_use1-az1': 5, 'm7gd.metal_use1-az2': 15, 'm7gd.metal_use1-az4': 1, 'm7gd.metal_use1-az6': 15, 'm7gd.xlarge_use1-az1': 5, 'm7gd.xlarge_use1-az2': 10, 'm7gd.xlarge_use1-az4': 10, 'm7gd.xlarge_use1-az5': 1, 'm7gd.xlarge_use1-az6': 25, 'm7i-flex.2xlarge_use1-az1': 50, 'm7i-flex.2xlarge_use1-az2': 50, 'm7i-flex.2xlarge_use1-az4': 15, 'm7i-flex.2xlarge_use1-az5': 10, 'm7i-flex.2xlarge_use1-az6': 50, 'm7i-flex.4xlarge_use1-az2': 5, 'm7i-flex.4xlarge_use1-az4': 5, 'm7i-flex.4xlarge_use1-az6': 25, 'm7i-flex.8xlarge_use1-az1': 1, 'm7i-flex.8xlarge_use1-az2': 5, 'm7i-flex.8xlarge_use1-az4': 5, 'm7i-flex.8xlarge_use1-az5': 1, 'm7i-flex.8xlarge_use1-az6': 10, 'm7i-flex.large_use1-az1': 20, 'm7i-flex.large_use1-az2': 50, 'm7i-flex.large_use1-az4': 25, 'm7i-flex.large_use1-az5': 25, 'm7i-flex.large_use1-az6': 50, 'm7i-flex.xlarge_use1-az1': 50, 'm7i-flex.xlarge_use1-az2': 50, 'm7i-flex.xlarge_use1-az4': 50, 'm7i-flex.xlarge_use1-az5': 15, 'm7i-flex.xlarge_use1-az6': 50, 'm7i.12xlarge_use1-az1': 1, 'm7i.12xlarge_use1-az2': 5, 'm7i.12xlarge_use1-az4': 15, 'm7i.12xlarge_use1-az6': 50, 'm7i.16xlarge_use1-az1': 5, 'm7i.16xlarge_use1-az2': 10, 'm7i.16xlarge_use1-az4': 10, 'm7i.16xlarge_use1-az6': 50, 'm7i.24xlarge_use1-az2': 5, 'm7i.24xlarge_use1-az4': 5, 'm7i.24xlarge_use1-az6': 50, 'm7i.2xlarge_use1-az1': 1, 'm7i.2xlarge_use1-az2': 50, 'm7i.2xlarge_use1-az4': 50, 'm7i.2xlarge_use1-az6': 50, 'm7i.48xlarge_use1-az1': 1, 'm7i.48xlarge_use1-az2': 5, 'm7i.48xlarge_use1-az4': 20, 'm7i.48xlarge_use1-az6': 50, 'm7i.4xlarge_use1-az1': 1, 'm7i.4xlarge_use1-az2': 25, 'm7i.4xlarge_use1-az4': 10, 'm7i.4xlarge_use1-az6': 50, 'm7i.8xlarge_use1-az1': 40, 'm7i.8xlarge_use1-az2': 20, 'm7i.8xlarge_use1-az4': 50, 'm7i.8xlarge_use1-az6': 50, 'm7i.large_use1-az1': 50, 'm7i.large_use1-az2': 50, 'm7i.large_use1-az4': 50, 'm7i.large_use1-az5': 1, 'm7i.large_use1-az6': 50, 'm7i.xlarge_use1-az1': 30, 'm7i.xlarge_use1-az2': 35, 'm7i.xlarge_use1-az4': 50, 'm7i.xlarge_use1-az6': 50, 'm8g.12xlarge_use1-az2': 10, 'm8g.12xlarge_use1-az4': 10, 'm8g.12xlarge_use1-az5': 1, 'm8g.12xlarge_use1-az6': 35, 'm8g.16xlarge_use1-az2': 5, 'm8g.16xlarge_use1-az4': 5, 'm8g.16xlarge_use1-az5': 5, 'm8g.16xlarge_use1-az6': 45, 'm8g.24xlarge_use1-az2': 5, 'm8g.24xlarge_use1-az4': 1, 'm8g.24xlarge_use1-az5': 1, 'm8g.24xlarge_use1-az6': 25, 'm8g.2xlarge_use1-az4': 10, 'm8g.2xlarge_use1-az5': 10, 'm8g.48xlarge_use1-az2': 5, 'm8g.48xlarge_use1-az4': 5, 'm8g.48xlarge_use1-az6': 20, 'm8g.4xlarge_use1-az2': 5, 'm8g.4xlarge_use1-az4': 5, 'm8g.4xlarge_use1-az5': 1, 'm8g.4xlarge_use1-az6': 40, 'm8g.8xlarge_use1-az2': 10, 'm8g.8xlarge_use1-az4': 20, 'm8g.8xlarge_use1-az5': 1, 'm8g.8xlarge_use1-az6': 40, 'm8g.large_use1-az1': 1, 'm8g.large_use1-az2': 20, 'm8g.large_use1-az6': 45, 'm8g.medium_use1-az1': 1, 'm8g.medium_use1-az2': 15, 'm8g.metal-48xl_use1-az2': 5, 'm8g.metal-48xl_use1-az6': 25, 'm8g.xlarge_use1-az1': 1, 'm8g.xlarge_use1-az5': 15, 'm8g.xlarge_use1-az6': 50, 'm8gd.16xlarge_use1-az5': 1, 'm8gd.4xlarge_use1-az2': 5, 'm8gd.4xlarge_use1-az6': 1, 'm8gd.8xlarge_use1-az5': 1, 'm8gd.8xlarge_use1-az6': 5, 'm8gd.large_use1-az1': 20, 'm8gd.large_use1-az2': 15, 'm8gd.large_use1-az5': 1, 'm8gd.large_use1-az6': 1, 'm8gd.medium_use1-az6': 1, 'm8gd.metal-24xl_use1-az2': 1, 'm8gd.xlarge_use1-az1': 1, 'm8gd.xlarge_use1-az5': 1, 'm8i-flex.16xlarge_use1-az6': 5, 'm8i-flex.2xlarge_use1-az2': 10, 'm8i-flex.2xlarge_use1-az4': 1, 'm8i-flex.2xlarge_use1-az6': 50, 'm8i-flex.4xlarge_use1-az2': 1, 'm8i-flex.4xlarge_use1-az4': 1, 'm8i-flex.4xlarge_use1-az6': 5, 'm8i-flex.8xlarge_use1-az6': 1, 'm8i-flex.large_use1-az2': 5, 'm8i-flex.xlarge_use1-az2': 10, 'm8i-flex.xlarge_use1-az4': 25, 'm8i-flex.xlarge_use1-az6': 50, 'm8i.12xlarge_use1-az6': 1, 'm8i.16xlarge_use1-az4': 1, 'm8i.16xlarge_use1-az6': 1, 'm8i.24xlarge_use1-az6': 1, 'm8i.2xlarge_use1-az2': 10, 'm8i.2xlarge_use1-az4': 1, 'm8i.2xlarge_use1-az6': 10, 'm8i.32xlarge_use1-az2': 1, 'm8i.32xlarge_use1-az6': 5, 'm8i.48xlarge_use1-az2': 1, 'm8i.48xlarge_use1-az6': 5, 'm8i.4xlarge_use1-az2': 5, 'm8i.4xlarge_use1-az4': 1, 'm8i.4xlarge_use1-az6': 5, 'm8i.8xlarge_use1-az2': 1, 'm8i.8xlarge_use1-az4': 1, 'm8i.8xlarge_use1-az6': 20, 'm8i.96xlarge_use1-az6': 1, 'm8i.large_use1-az4': 25, 'm8i.metal-48xl_use1-az6': 1, 'm8i.metal-96xl_use1-az6': 1, 'm8i.xlarge_use1-az2': 30, 'm8i.xlarge_use1-az4': 10, 'r3.large_use1-az2': 50, 'r3.large_use1-az4': 50, 'r4.16xlarge_use1-az1': 10, 'r4.16xlarge_use1-az2': 10, 'r4.16xlarge_use1-az4': 35, 'r4.16xlarge_use1-az5': 15, 'r4.16xlarge_use1-az6': 10, 'r4.2xlarge_use1-az3': 50, 'r4.4xlarge_use1-az2': 50, 'r4.4xlarge_use1-az3': 40, 'r4.4xlarge_use1-az5': 5, 'r4.8xlarge_use1-az1': 50, 'r4.8xlarge_use1-az2': 50, 'r4.8xlarge_use1-az4': 50, 'r4.8xlarge_use1-az5': 5, 'r4.8xlarge_use1-az6': 50, 'r4.large_use1-az2': 50, 'r4.large_use1-az4': 50, 'r4.large_use1-az5': 20, 'r4.xlarge_use1-az1': 50, 'r4.xlarge_use1-az2': 50, 'r4.xlarge_use1-az4': 50, 'r4.xlarge_use1-az6': 50, 'r5.12xlarge_use1-az1': 5, 'r5.12xlarge_use1-az2': 5, 'r5.12xlarge_use1-az4': 50, 'r5.12xlarge_use1-az5': 5, 'r5.12xlarge_use1-az6': 5, 'r5.16xlarge_use1-az1': 5, 'r5.16xlarge_use1-az4': 35, 'r5.16xlarge_use1-az5': 30, 'r5.16xlarge_use1-az6': 5, 'r5.24xlarge_use1-az4': 15, 'r5.24xlarge_use1-az5': 5, 'r5.24xlarge_use1-az6': 5, 'r5.2xlarge_use1-az1': 50, 'r5.2xlarge_use1-az4': 50, 'r5.2xlarge_use1-az5': 5, 'r5.4xlarge_use1-az1': 50, 'r5.4xlarge_use1-az2': 50, 'r5.4xlarge_use1-az4': 50, 'r5.4xlarge_use1-az5': 5, 'r5.4xlarge_use1-az6': 50, 'r5.8xlarge_use1-az1': 50, 'r5.8xlarge_use1-az2': 50, 'r5.8xlarge_use1-az4': 50, 'r5.8xlarge_use1-az5': 5, 'r5.8xlarge_use1-az6': 5, 'r5.large_use1-az1': 50, 'r5.large_use1-az2': 50, 'r5.large_use1-az4': 50, 'r5.large_use1-az5': 50, 'r5.large_use1-az6': 50, 'r5.xlarge_use1-az1': 50, 'r5.xlarge_use1-az2': 50, 'r5.xlarge_use1-az4': 50, 'r5.xlarge_use1-az5': 50, 'r5.xlarge_use1-az6': 50, 'r5a.12xlarge_use1-az4': 5, 'r5a.16xlarge_use1-az1': 10, 'r5a.16xlarge_use1-az2': 10, 'r5a.16xlarge_use1-az4': 10, 'r5a.16xlarge_use1-az5': 5, 'r5a.16xlarge_use1-az6': 5, 'r5a.24xlarge_use1-az1': 5, 'r5a.24xlarge_use1-az2': 15, 'r5a.24xlarge_use1-az4': 10, 'r5a.24xlarge_use1-az5': 1, 'r5a.24xlarge_use1-az6': 10, 'r5a.4xlarge_use1-az6': 50, 'r5a.8xlarge_use1-az4': 15, 'r5a.8xlarge_use1-az5': 30, 'r5a.8xlarge_use1-az6': 20, 'r5a.large_use1-az5': 25, 'r5a.xlarge_use1-az2': 50, 'r5ad.large_use1-az2': 30, 'r5ad.large_use1-az5': 5, 'r5b.large_use1-az4': 10, 'r5b.large_use1-az6': 5, 'r5d.12xlarge_use1-az1': 1, 'r5d.16xlarge_use1-az1': 5, 'r5d.16xlarge_use1-az2': 50, 'r5d.16xlarge_use1-az4': 50, 'r5d.16xlarge_use1-az5': 10, 'r5d.16xlarge_use1-az6': 50, 'r5d.24xlarge_use1-az2': 1, 'r5d.24xlarge_use1-az4': 10, 'r5d.24xlarge_use1-az5': 1, 'r5d.24xlarge_use1-az6': 10, 'r5d.8xlarge_use1-az6': 50, 'r5dn.12xlarge_use1-az2': 1, 'r5dn.16xlarge_use1-az2': 5, 'r5dn.16xlarge_use1-az4': 15, 'r5dn.16xlarge_use1-az5': 10, 'r5dn.16xlarge_use1-az6': 30, 'r5dn.24xlarge_use1-az2': 5, 'r5dn.24xlarge_use1-az4': 10, 'r5dn.24xlarge_use1-az5': 1, 'r5dn.24xlarge_use1-az6': 25, 'r5dn.8xlarge_use1-az6': 50, 'r5dn.large_use1-az1': 50, 'r5dn.large_use1-az2': 50, 'r5dn.large_use1-az4': 50, 'r5dn.large_use1-az5': 50, 'r5n.12xlarge_use1-az4': 1, 'r5n.12xlarge_use1-az6': 1, 'r5n.16xlarge_use1-az1': 1, 'r5n.16xlarge_use1-az2': 10, 'r5n.16xlarge_use1-az4': 35, 'r5n.16xlarge_use1-az5': 1, 'r5n.16xlarge_use1-az6': 20, 'r5n.8xlarge_use1-az4': 35, 'r5n.8xlarge_use1-az6': 15, 'r5n.large_use1-az1': 20, 'r5n.large_use1-az5': 10, 'r5n.large_use1-az6': 30, 'r6a.12xlarge_use1-az1': 1, 'r6a.12xlarge_use1-az2': 10, 'r6a.12xlarge_use1-az4': 5, 'r6a.12xlarge_use1-az6': 10, 'r6a.16xlarge_use1-az1': 5, 'r6a.16xlarge_use1-az2': 15, 'r6a.16xlarge_use1-az4': 30, 'r6a.16xlarge_use1-az5': 15, 'r6a.16xlarge_use1-az6': 40, 'r6a.24xlarge_use1-az2': 5, 'r6a.24xlarge_use1-az4': 1, 'r6a.24xlarge_use1-az5': 1, 'r6a.24xlarge_use1-az6': 5, 'r6a.2xlarge_use1-az1': 50, 'r6a.2xlarge_use1-az2': 50, 'r6a.2xlarge_use1-az4': 40, 'r6a.2xlarge_use1-az5': 1, 'r6a.2xlarge_use1-az6': 50, 'r6a.32xlarge_use1-az2': 5, 'r6a.32xlarge_use1-az4': 5, 'r6a.32xlarge_use1-az5': 5, 'r6a.32xlarge_use1-az6': 5, 'r6a.48xlarge_use1-az2': 5, 'r6a.48xlarge_use1-az4': 5, 'r6a.48xlarge_use1-az5': 5, 'r6a.48xlarge_use1-az6': 1, 'r6a.4xlarge_use1-az1': 50, 'r6a.4xlarge_use1-az2': 50, 'r6a.4xlarge_use1-az4': 50, 'r6a.4xlarge_use1-az5': 40, 'r6a.4xlarge_use1-az6': 50, 'r6a.8xlarge_use1-az1': 20, 'r6a.8xlarge_use1-az2': 50, 'r6a.8xlarge_use1-az4': 50, 'r6a.8xlarge_use1-az5': 50, 'r6a.8xlarge_use1-az6': 50, 'r6a.large_use1-az1': 50, 'r6a.large_use1-az2': 50, 'r6a.large_use1-az4': 50, 'r6a.large_use1-az5': 50, 'r6a.large_use1-az6': 50, 'r6a.xlarge_use1-az1': 50, 'r6a.xlarge_use1-az2': 50, 'r6a.xlarge_use1-az4': 50, 'r6a.xlarge_use1-az5': 50, 'r6a.xlarge_use1-az6': 50, 'r6g.12xlarge_use1-az2': 50, 'r6g.12xlarge_use1-az4': 45, 'r6g.12xlarge_use1-az5': 10, 'r6g.12xlarge_use1-az6': 50, 'r6g.16xlarge_use1-az2': 50, 'r6g.16xlarge_use1-az4': 50, 'r6g.16xlarge_use1-az5': 50, 'r6g.16xlarge_use1-az6': 50, 'r6g.2xlarge_use1-az5': 10, 'r6g.2xlarge_use1-az6': 50, 'r6g.4xlarge_use1-az1': 10, 'r6g.4xlarge_use1-az2': 50, 'r6g.4xlarge_use1-az4': 50, 'r6g.4xlarge_use1-az5': 50, 'r6g.4xlarge_use1-az6': 50, 'r6g.8xlarge_use1-az1': 1, 'r6g.8xlarge_use1-az2': 10, 'r6g.8xlarge_use1-az4': 50, 'r6g.8xlarge_use1-az5': 50, 'r6g.8xlarge_use1-az6': 50, 'r6g.large_use1-az2': 40, 'r6g.large_use1-az4': 50, 'r6g.large_use1-az6': 50, 'r6g.medium_use1-az1': 1, 'r6g.medium_use1-az2': 10, 'r6g.medium_use1-az4': 15, 'r6g.medium_use1-az5': 15, 'r6g.medium_use1-az6': 35, 'r6g.xlarge_use1-az2': 50, 'r6g.xlarge_use1-az4': 50, 'r6g.xlarge_use1-az5': 50, 'r6g.xlarge_use1-az6': 50, 'r6gd.12xlarge_use1-az1': 1, 'r6gd.12xlarge_use1-az2': 5, 'r6gd.12xlarge_use1-az4': 10, 'r6gd.12xlarge_use1-az5': 1, 'r6gd.12xlarge_use1-az6': 10, 'r6gd.16xlarge_use1-az1': 5, 'r6gd.16xlarge_use1-az2': 5, 'r6gd.16xlarge_use1-az4': 50, 'r6gd.16xlarge_use1-az5': 1, 'r6gd.16xlarge_use1-az6': 45, 'r6gd.2xlarge_use1-az4': 30, 'r6gd.4xlarge_use1-az1': 5, 'r6gd.4xlarge_use1-az4': 50, 'r6gd.4xlarge_use1-az5': 1, 'r6gd.4xlarge_use1-az6': 25, 'r6gd.8xlarge_use1-az1': 1, 'r6gd.8xlarge_use1-az2': 10, 'r6gd.8xlarge_use1-az4': 20, 'r6gd.8xlarge_use1-az5': 1, 'r6gd.8xlarge_use1-az6': 30, 'r6gd.large_use1-az2': 50, 'r6gd.large_use1-az4': 50, 'r6gd.large_use1-az5': 50, 'r6gd.large_use1-az6': 50, 'r6gd.medium_use1-az1': 5, 'r6gd.medium_use1-az2': 1, 'r6gd.medium_use1-az4': 5, 'r6gd.medium_use1-az5': 5, 'r6gd.medium_use1-az6': 1, 'r6gd.xlarge_use1-az4': 5, 'r6i.12xlarge_use1-az1': 5, 'r6i.12xlarge_use1-az2': 5, 'r6i.12xlarge_use1-az4': 5, 'r6i.12xlarge_use1-az5': 1, 'r6i.12xlarge_use1-az6': 10, 'r6i.16xlarge_use1-az1': 1, 'r6i.16xlarge_use1-az2': 1, 'r6i.16xlarge_use1-az4': 10, 'r6i.16xlarge_use1-az5': 10, 'r6i.16xlarge_use1-az6': 1, 'r6i.24xlarge_use1-az4': 10, 'r6i.24xlarge_use1-az5': 1, 'r6i.24xlarge_use1-az6': 5, 'r6i.2xlarge_use1-az1': 15, 'r6i.2xlarge_use1-az2': 35, 'r6i.2xlarge_use1-az4': 50, 'r6i.2xlarge_use1-az5': 5, 'r6i.2xlarge_use1-az6': 50, 'r6i.32xlarge_use1-az4': 1, 'r6i.32xlarge_use1-az5': 1, 'r6i.32xlarge_use1-az6': 1, 'r6i.4xlarge_use1-az1': 30, 'r6i.4xlarge_use1-az2': 20, 'r6i.4xlarge_use1-az4': 20, 'r6i.4xlarge_use1-az5': 10, 'r6i.4xlarge_use1-az6': 40, 'r6i.8xlarge_use1-az1': 5, 'r6i.8xlarge_use1-az2': 10, 'r6i.8xlarge_use1-az4': 10, 'r6i.8xlarge_use1-az5': 5, 'r6i.8xlarge_use1-az6': 10, 'r6i.large_use1-az1': 20, 'r6i.large_use1-az2': 50, 'r6i.large_use1-az4': 50, 'r6i.large_use1-az5': 20, 'r6i.large_use1-az6': 50, 'r6i.xlarge_use1-az1': 15, 'r6i.xlarge_use1-az2': 45, 'r6i.xlarge_use1-az4': 50, 'r6i.xlarge_use1-az5': 10, 'r6i.xlarge_use1-az6': 50, 'r6id.12xlarge_use1-az1': 1, 'r6id.12xlarge_use1-az6': 5, 'r6id.16xlarge_use1-az1': 5, 'r6id.16xlarge_use1-az2': 5, 'r6id.16xlarge_use1-az4': 15, 'r6id.16xlarge_use1-az5': 1, 'r6id.16xlarge_use1-az6': 20, 'r6id.24xlarge_use1-az1': 10, 'r6id.24xlarge_use1-az2': 10, 'r6id.24xlarge_use1-az4': 5, 'r6id.24xlarge_use1-az6': 25, 'r6id.2xlarge_use1-az1': 5, 'r6id.2xlarge_use1-az2': 1, 'r6id.2xlarge_use1-az4': 10, 'r6id.2xlarge_use1-az5': 1, 'r6id.2xlarge_use1-az6': 10, 'r6id.32xlarge_use1-az1': 1, 'r6id.32xlarge_use1-az2': 5, 'r6id.32xlarge_use1-az4': 1, 'r6id.32xlarge_use1-az6': 10, 'r6id.4xlarge_use1-az2': 50, 'r6id.4xlarge_use1-az4': 10, 'r6id.8xlarge_use1-az6': 5, 'r6id.large_use1-az2': 10, 'r6id.large_use1-az4': 5, 'r6id.large_use1-az5': 15, 'r6id.large_use1-az6': 30, 'r6idn.16xlarge_use1-az4': 1, 'r6idn.16xlarge_use1-az5': 1, 'r6idn.16xlarge_use1-az6': 1, 'r6idn.24xlarge_use1-az6': 1, 'r6idn.large_use1-az1': 1, 'r6idn.large_use1-az2': 1, 'r6idn.large_use1-az4': 5, 'r6idn.large_use1-az5': 5, 'r6idn.large_use1-az6': 5, 'r6in.12xlarge_use1-az6': 5, 'r6in.16xlarge_use1-az4': 1, 'r6in.16xlarge_use1-az5': 1, 'r6in.16xlarge_use1-az6': 5, 'r6in.24xlarge_use1-az6': 1, 'r6in.8xlarge_use1-az4': 1, 'r6in.8xlarge_use1-az6': 5, 'r6in.large_use1-az1': 45, 'r6in.large_use1-az2': 50, 'r6in.large_use1-az4': 50, 'r6in.large_use1-az5': 40, 'r6in.large_use1-az6': 50, 'r7a.12xlarge_use1-az1': 1, 'r7a.12xlarge_use1-az2': 1, 'r7a.12xlarge_use1-az4': 5, 'r7a.12xlarge_use1-az6': 20, 'r7a.16xlarge_use1-az1': 1, 'r7a.16xlarge_use1-az2': 15, 'r7a.16xlarge_use1-az4': 30, 'r7a.16xlarge_use1-az6': 50, 'r7a.24xlarge_use1-az2': 10, 'r7a.24xlarge_use1-az4': 10, 'r7a.24xlarge_use1-az6': 35, 'r7a.2xlarge_use1-az1': 1, 'r7a.2xlarge_use1-az2': 5, 'r7a.2xlarge_use1-az4': 25, 'r7a.2xlarge_use1-az6': 1, 'r7a.32xlarge_use1-az2': 1, 'r7a.32xlarge_use1-az4': 1, 'r7a.32xlarge_use1-az6': 50, 'r7a.48xlarge_use1-az2': 5, 'r7a.48xlarge_use1-az4': 5, 'r7a.48xlarge_use1-az6': 50, 'r7a.4xlarge_use1-az1': 5, 'r7a.4xlarge_use1-az2': 25, 'r7a.4xlarge_use1-az4': 50, 'r7a.4xlarge_use1-az6': 50, 'r7a.8xlarge_use1-az1': 5, 'r7a.8xlarge_use1-az2': 20, 'r7a.8xlarge_use1-az4': 50, 'r7a.8xlarge_use1-az6': 50, 'r7a.large_use1-az1': 50, 'r7a.large_use1-az2': 50, 'r7a.large_use1-az4': 50, 'r7a.large_use1-az6': 50, 'r7a.medium_use1-az1': 10, 'r7a.medium_use1-az2': 25, 'r7a.medium_use1-az4': 50, 'r7a.medium_use1-az6': 50, 'r7a.xlarge_use1-az1': 20, 'r7a.xlarge_use1-az2': 50, 'r7a.xlarge_use1-az4': 50, 'r7a.xlarge_use1-az6': 25, 'r7g.12xlarge_use1-az1': 1, 'r7g.12xlarge_use1-az2': 5, 'r7g.12xlarge_use1-az4': 50, 'r7g.12xlarge_use1-az5': 1, 'r7g.12xlarge_use1-az6': 5, 'r7g.16xlarge_use1-az1': 5, 'r7g.16xlarge_use1-az2': 30, 'r7g.16xlarge_use1-az4': 50, 'r7g.16xlarge_use1-az5': 5, 'r7g.16xlarge_use1-az6': 50, 'r7g.2xlarge_use1-az1': 5, 'r7g.2xlarge_use1-az2': 10, 'r7g.2xlarge_use1-az4': 50, 'r7g.2xlarge_use1-az5': 5, 'r7g.2xlarge_use1-az6': 15, 'r7g.4xlarge_use1-az1': 5, 'r7g.4xlarge_use1-az2': 5, 'r7g.4xlarge_use1-az4': 50, 'r7g.4xlarge_use1-az5': 5, 'r7g.4xlarge_use1-az6': 15, 'r7g.8xlarge_use1-az1': 1, 'r7g.8xlarge_use1-az2': 50, 'r7g.8xlarge_use1-az4': 50, 'r7g.8xlarge_use1-az5': 50, 'r7g.8xlarge_use1-az6': 50, 'r7g.large_use1-az1': 20, 'r7g.large_use1-az2': 50, 'r7g.large_use1-az4': 50, 'r7g.large_use1-az5': 40, 'r7g.large_use1-az6': 40, 'r7g.medium_use1-az1': 50, 'r7g.medium_use1-az2': 50, 'r7g.medium_use1-az4': 50, 'r7g.medium_use1-az5': 25, 'r7g.medium_use1-az6': 50, 'r7g.xlarge_use1-az1': 50, 'r7g.xlarge_use1-az2': 50, 'r7g.xlarge_use1-az4': 50, 'r7g.xlarge_use1-az5': 10, 'r7g.xlarge_use1-az6': 50, 'r7gd.12xlarge_use1-az2': 10, 'r7gd.12xlarge_use1-az4': 35, 'r7gd.12xlarge_use1-az5': 10, 'r7gd.12xlarge_use1-az6': 50, 'r7gd.16xlarge_use1-az1': 5, 'r7gd.16xlarge_use1-az2': 50, 'r7gd.16xlarge_use1-az4': 50, 'r7gd.16xlarge_use1-az5': 50, 'r7gd.16xlarge_use1-az6': 50, 'r7gd.2xlarge_use1-az2': 25, 'r7gd.2xlarge_use1-az4': 25, 'r7gd.2xlarge_use1-az5': 40, 'r7gd.2xlarge_use1-az6': 50, 'r7gd.4xlarge_use1-az2': 20, 'r7gd.4xlarge_use1-az4': 25, 'r7gd.4xlarge_use1-az5': 30, 'r7gd.4xlarge_use1-az6': 50, 'r7gd.8xlarge_use1-az2': 10, 'r7gd.8xlarge_use1-az4': 30, 'r7gd.8xlarge_use1-az5': 20, 'r7gd.8xlarge_use1-az6': 50, 'r7gd.large_use1-az1': 15, 'r7gd.large_use1-az2': 10, 'r7gd.large_use1-az4': 50, 'r7gd.large_use1-az5': 15, 'r7gd.large_use1-az6': 35, 'r7gd.medium_use1-az1': 35, 'r7gd.medium_use1-az2': 15, 'r7gd.medium_use1-az4': 25, 'r7gd.medium_use1-az5': 15, 'r7gd.medium_use1-az6': 20, 'r7gd.xlarge_use1-az2': 10, 'r7gd.xlarge_use1-az4': 25, 'r7gd.xlarge_use1-az5': 10, 'r7gd.xlarge_use1-az6': 50, 'r7i.12xlarge_use1-az4': 1, 'r7i.12xlarge_use1-az6': 10, 'r7i.16xlarge_use1-az1': 5, 'r7i.16xlarge_use1-az2': 15, 'r7i.16xlarge_use1-az4': 45, 'r7i.16xlarge_use1-az5': 5, 'r7i.16xlarge_use1-az6': 50, 'r7i.24xlarge_use1-az1': 1, 'r7i.24xlarge_use1-az2': 1, 'r7i.24xlarge_use1-az4': 5, 'r7i.24xlarge_use1-az5': 5, 'r7i.24xlarge_use1-az6': 5, 'r7i.2xlarge_use1-az2': 5, 'r7i.2xlarge_use1-az4': 10, 'r7i.2xlarge_use1-az5': 5, 'r7i.2xlarge_use1-az6': 50, 'r7i.48xlarge_use1-az2': 1, 'r7i.48xlarge_use1-az4': 5, 'r7i.48xlarge_use1-az5': 1, 'r7i.48xlarge_use1-az6': 5, 'r7i.4xlarge_use1-az1': 5, 'r7i.4xlarge_use1-az2': 20, 'r7i.4xlarge_use1-az4': 10, 'r7i.4xlarge_use1-az5': 1, 'r7i.4xlarge_use1-az6': 50, 'r7i.8xlarge_use1-az1': 5, 'r7i.8xlarge_use1-az2': 25, 'r7i.8xlarge_use1-az4': 25, 'r7i.8xlarge_use1-az5': 5, 'r7i.8xlarge_use1-az6': 50, 'r7i.large_use1-az1': 15, 'r7i.large_use1-az2': 50, 'r7i.large_use1-az4': 50, 'r7i.large_use1-az5': 15, 'r7i.large_use1-az6': 50, 'r7i.xlarge_use1-az1': 5, 'r7i.xlarge_use1-az2': 15, 'r7i.xlarge_use1-az4': 10, 'r7i.xlarge_use1-az5': 15, 'r7i.xlarge_use1-az6': 50, 'r8g.12xlarge_use1-az2': 5, 'r8g.12xlarge_use1-az4': 5, 'r8g.12xlarge_use1-az6': 15, 'r8g.16xlarge_use1-az1': 1, 'r8g.16xlarge_use1-az2': 50, 'r8g.16xlarge_use1-az4': 50, 'r8g.16xlarge_use1-az5': 5, 'r8g.16xlarge_use1-az6': 50, 'r8g.24xlarge_use1-az2': 10, 'r8g.24xlarge_use1-az4': 5, 'r8g.24xlarge_use1-az5': 5, 'r8g.24xlarge_use1-az6': 35, 'r8g.2xlarge_use1-az2': 5, 'r8g.2xlarge_use1-az4': 5, 'r8g.2xlarge_use1-az5': 1, 'r8g.2xlarge_use1-az6': 5, 'r8g.48xlarge_use1-az2': 1, 'r8g.48xlarge_use1-az4': 5, 'r8g.48xlarge_use1-az6': 5, 'r8g.4xlarge_use1-az2': 10, 'r8g.4xlarge_use1-az4': 35, 'r8g.4xlarge_use1-az5': 5, 'r8g.4xlarge_use1-az6': 50, 'r8g.8xlarge_use1-az2': 40, 'r8g.8xlarge_use1-az4': 15, 'r8g.8xlarge_use1-az5': 1, 'r8g.8xlarge_use1-az6': 50, 'r8g.large_use1-az1': 5, 'r8g.large_use1-az2': 30, 'r8g.large_use1-az4': 15, 'r8g.large_use1-az5': 10, 'r8g.large_use1-az6': 20, 'r8g.medium_use1-az1': 15, 'r8g.medium_use1-az2': 30, 'r8g.medium_use1-az4': 20, 'r8g.medium_use1-az5': 5, 'r8g.medium_use1-az6': 15, 'r8g.xlarge_use1-az1': 1, 'r8g.xlarge_use1-az2': 10, 'r8g.xlarge_use1-az4': 5, 'r8g.xlarge_use1-az5': 5, 'r8g.xlarge_use1-az6': 10, 'r8gb.24xlarge_use1-az6': 1, 'r8gb.large_use1-az2': 20, 'r8gb.large_use1-az6': 25, 'r8gb.medium_use1-az2': 50, 'r8gb.metal-24xl_use1-az6': 1, 'r8gb.xlarge_use1-az6': 5, 'r8gd.12xlarge_use1-az5': 1, 'r8gd.12xlarge_use1-az6': 1, 'r8gd.16xlarge_use1-az2': 1, 'r8gd.16xlarge_use1-az4': 1, 'r8gd.16xlarge_use1-az5': 1, 'r8gd.16xlarge_use1-az6': 15, 'r8gd.24xlarge_use1-az2': 1, 'r8gd.24xlarge_use1-az5': 1, 'r8gd.24xlarge_use1-az6': 25, 'r8gd.2xlarge_use1-az2': 25, 'r8gd.2xlarge_use1-az4': 30, 'r8gd.2xlarge_use1-az6': 50, 'r8gd.48xlarge_use1-az6': 50, 'r8gd.4xlarge_use1-az2': 20, 'r8gd.4xlarge_use1-az5': 1, 'r8gd.4xlarge_use1-az6': 15, 'r8gd.8xlarge_use1-az2': 5, 'r8gd.8xlarge_use1-az4': 1, 'r8gd.8xlarge_use1-az5': 1, 'r8gd.8xlarge_use1-az6': 1, 'r8gd.large_use1-az2': 50, 'r8gd.large_use1-az5': 1, 'r8gd.large_use1-az6': 50, 'r8gd.medium_use1-az1': 5, 'r8gd.medium_use1-az2': 5, 'r8gd.medium_use1-az4': 5, 'r8gd.medium_use1-az5': 10, 'r8gd.metal-24xl_use1-az6': 1, 'r8gd.metal-48xl_use1-az6': 1, 'r8gd.xlarge_use1-az2': 25, 'r8gd.xlarge_use1-az4': 1, 'r8gd.xlarge_use1-az5': 50, 'r8gd.xlarge_use1-az6': 40, 'r8gn.24xlarge_use1-az2': 1, 'r8gn.48xlarge_use1-az6': 1, 'r8gn.8xlarge_use1-az6': 5, 'r8gn.large_use1-az2': 20, 'r8gn.large_use1-az6': 20, 'r8gn.medium_use1-az2': 35, 'r8gn.medium_use1-az4': 40, 'r8gn.metal-24xl_use1-az2': 1, 'r8gn.metal-24xl_use1-az6': 1, 'r8gn.xlarge_use1-az6': 10, 'r8i-flex.2xlarge_use1-az2': 1, 'r8i-flex.2xlarge_use1-az6': 5, 'r8i-flex.4xlarge_use1-az2': 1, 'r8i-flex.4xlarge_use1-az6': 1, 'r8i-flex.large_use1-az2': 1, 'r8i-flex.large_use1-az6': 5, 'r8i-flex.xlarge_use1-az2': 5, 'r8i-flex.xlarge_use1-az6': 1, 'r8i.12xlarge_use1-az2': 1, 'r8i.12xlarge_use1-az6': 1, 'r8i.16xlarge_use1-az2': 1, 'r8i.16xlarge_use1-az6': 1, 'r8i.24xlarge_use1-az6': 1, 'r8i.2xlarge_use1-az2': 5, 'r8i.2xlarge_use1-az6': 5, 'r8i.32xlarge_use1-az2': 1, 'r8i.32xlarge_use1-az6': 1, 'r8i.48xlarge_use1-az2': 1, 'r8i.48xlarge_use1-az6': 1, 'r8i.4xlarge_use1-az2': 1, 'r8i.4xlarge_use1-az6': 5, 'r8i.8xlarge_use1-az2': 1, 'r8i.8xlarge_use1-az6': 5, 'r8i.96xlarge_use1-az2': 1, 'r8i.96xlarge_use1-az6': 1, 'r8i.large_use1-az2': 20, 'r8i.large_use1-az6': 20, 'r8i.xlarge_use1-az2': 5, 'r8i.xlarge_use1-az6': 5, 't2.2xlarge_use1-az1': 50, 't2.2xlarge_use1-az2': 50, 't2.2xlarge_use1-az3': 15, 't2.2xlarge_use1-az4': 50, 't2.2xlarge_use1-az5': 50, 't2.2xlarge_use1-az6': 50, 't2.large_use1-az1': 20, 't2.large_use1-az2': 50, 't2.large_use1-az3': 50, 't2.large_use1-az4': 50, 't2.large_use1-az5': 25, 't2.large_use1-az6': 50, 't2.medium_use1-az1': 50, 't2.medium_use1-az2': 50, 't2.medium_use1-az3': 50, 't2.medium_use1-az4': 50, 't2.medium_use1-az5': 50, 't2.medium_use1-az6': 50, 't2.xlarge_use1-az1': 35, 't2.xlarge_use1-az2': 50, 't2.xlarge_use1-az3': 20, 't2.xlarge_use1-az4': 50, 't2.xlarge_use1-az5': 5, 't2.xlarge_use1-az6': 50, 't3.2xlarge_use1-az1': 50, 't3.2xlarge_use1-az2': 50, 't3.2xlarge_use1-az4': 50, 't3.2xlarge_use1-az5': 50, 't3.2xlarge_use1-az6': 50, 't3.large_use1-az1': 50, 't3.large_use1-az2': 50, 't3.large_use1-az4': 50, 't3.large_use1-az5': 50, 't3.large_use1-az6': 50, 't3.medium_use1-az1': 50, 't3.medium_use1-az2': 50, 't3.medium_use1-az4': 50, 't3.medium_use1-az5': 50, 't3.medium_use1-az6': 50, 't3.xlarge_use1-az1': 50, 't3.xlarge_use1-az2': 50, 't3.xlarge_use1-az4': 50, 't3.xlarge_use1-az5': 50, 't3.xlarge_use1-az6': 50, 't3a.2xlarge_use1-az1': 50, 't3a.2xlarge_use1-az2': 50, 't3a.2xlarge_use1-az4': 50, 't3a.2xlarge_use1-az5': 50, 't3a.2xlarge_use1-az6': 50, 't3a.large_use1-az1': 50, 't3a.large_use1-az2': 50, 't3a.large_use1-az4': 50, 't3a.large_use1-az5': 5, 't3a.large_use1-az6': 50, 't3a.medium_use1-az1': 50, 't3a.medium_use1-az2': 50, 't3a.medium_use1-az4': 50, 't3a.medium_use1-az6': 50, 't3a.xlarge_use1-az1': 25, 't3a.xlarge_use1-az2': 50, 't3a.xlarge_use1-az4': 50, 't3a.xlarge_use1-az5': 15, 't3a.xlarge_use1-az6': 50, 't4g.2xlarge_use1-az1': 5, 't4g.2xlarge_use1-az2': 15, 't4g.2xlarge_use1-az4': 5, 't4g.2xlarge_use1-az5': 10, 't4g.2xlarge_use1-az6': 10, 't4g.large_use1-az1': 1, 't4g.large_use1-az2': 15, 't4g.large_use1-az4': 50, 't4g.large_use1-az5': 25, 't4g.large_use1-az6': 35, 't4g.medium_use1-az2': 50, 't4g.medium_use1-az4': 50, 't4g.medium_use1-az5': 35, 't4g.medium_use1-az6': 50, 't4g.xlarge_use1-az1': 30, 't4g.xlarge_use1-az2': 15, 't4g.xlarge_use1-az4': 50, 't4g.xlarge_use1-az5': 5, 't4g.xlarge_use1-az6': 10, 'trn1.32xlarge_use1-az6': 50, 'trn1n.32xlarge_use1-az6': 50, 'x1.32xlarge_use1-az6': 1, 'x2gd.12xlarge_use1-az5': 5, 'x2gd.16xlarge_use1-az5': 1, 'x2gd.2xlarge_use1-az5': 5, 'x2gd.2xlarge_use1-az6': 30, 'x2gd.4xlarge_use1-az4': 5, 'x2gd.4xlarge_use1-az5': 1, 'x2gd.4xlarge_use1-az6': 35, 'x2gd.8xlarge_use1-az4': 1, 'x2gd.8xlarge_use1-az5': 1, 'x2gd.8xlarge_use1-az6': 5, 'x2gd.large_use1-az2': 25, 'x2gd.large_use1-az4': 15, 'x2gd.large_use1-az6': 50, 'x2gd.medium_use1-az1': 25, 'x2gd.medium_use1-az2': 35, 'x2gd.medium_use1-az4': 50, 'x2gd.medium_use1-az5': 50, 'x2gd.medium_use1-az6': 50, 'x2gd.xlarge_use1-az5': 15, 'x2idn.24xlarge_use1-az4': 1, 'x2idn.24xlarge_use1-az5': 1, 'x2idn.32xlarge_use1-az5': 1, 'x8g.12xlarge_use1-az4': 20, 'x8g.12xlarge_use1-az6': 1, 'x8g.16xlarge_use1-az1': 1, 'x8g.16xlarge_use1-az2': 5, 'x8g.16xlarge_use1-az4': 5, 'x8g.16xlarge_use1-az6': 5, 'x8g.24xlarge_use1-az1': 1, 'x8g.24xlarge_use1-az2': 5, 'x8g.24xlarge_use1-az4': 5, 'x8g.24xlarge_use1-az6': 10, 'x8g.2xlarge_use1-az2': 10, 'x8g.2xlarge_use1-az4': 10, 'x8g.2xlarge_use1-az6': 25, 'x8g.48xlarge_use1-az1': 1, 'x8g.48xlarge_use1-az2': 1, 'x8g.48xlarge_use1-az4': 10, 'x8g.48xlarge_use1-az6': 1, 'x8g.4xlarge_use1-az2': 5, 'x8g.4xlarge_use1-az4': 5, 'x8g.4xlarge_use1-az6': 10, 'x8g.8xlarge_use1-az2': 15, 'x8g.8xlarge_use1-az4': 20, 'x8g.8xlarge_use1-az6': 5, 'x8g.large_use1-az1': 30, 'x8g.large_use1-az4': 50, 'x8g.large_use1-az6': 50, 'x8g.medium_use1-az1': 50, 'x8g.medium_use1-az4': 50, 'x8g.medium_use1-az6': 50, 'x8g.metal-24xl_use1-az1': 1, 'x8g.metal-24xl_use1-az2': 1, 'x8g.metal-24xl_use1-az4': 1, 'x8g.metal-24xl_use1-az6': 10, 'x8g.metal-48xl_use1-az2': 1, 'x8g.metal-48xl_use1-az4': 1, 'x8g.metal-48xl_use1-az6': 1, 'x8g.xlarge_use1-az1': 10, 'x8g.xlarge_use1-az2': 20, 'x8g.xlarge_use1-az4': 40, 'x8g.xlarge_use1-az6': 50, 'z1d.12xlarge_use1-az1': 1, 'z1d.12xlarge_use1-az2': 1, 'z1d.12xlarge_use1-az4': 1, 'z1d.12xlarge_use1-az5': 1, 'z1d.12xlarge_use1-az6': 5, 'z1d.2xlarge_use1-az2': 5, 'z1d.2xlarge_use1-az5': 1, 'z1d.2xlarge_use1-az6': 15, 'z1d.3xlarge_use1-az2': 5, 'z1d.3xlarge_use1-az5': 5, 'z1d.6xlarge_use1-az1': 1, 'z1d.large_use1-az1': 15, 'z1d.large_use1-az2': 5, 'z1d.large_use1-az4': 25, 'z1d.large_use1-az5': 10, 'z1d.large_use1-az6': 25, 'z1d.xlarge_use1-az1': 10, 'z1d.xlarge_use1-az2': 20, 'z1d.xlarge_use1-az4': 30, 'z1d.xlarge_use1-az5': 1, 'z1d.xlarge_use1-az6': 20}"
0.59,19592.19869999998,25277479319,1290180.8371291724,954218,954118,"{'c5.12xlarge_use1-az1': 50, 'c5.12xlarge_use1-az4': 50, 'c5.12xlarge_use1-az6': 50, 'c5.18xlarge_use1-az1': 5, 'c5.18xlarge_use1-az2': 50, 'c5.18xlarge_use1-az4': 15, 'c5.18xlarge_use1-az5': 10, 'c5.18xlarge_use1-az6': 1, 'c5.24xlarge_use1-az1': 1, 'c5.24xlarge_use1-az2': 5, 'c5.24xlarge_use1-az4': 5, 'c5.24xlarge_use1-az6': 5, 'c5.4xlarge_use1-az2': 50, 'c5.4xlarge_use1-az4': 50, 'c5.4xlarge_use1-az6': 50, 'c5.large_use1-az2': 50, 'c5.large_use1-az4': 50, 'c5a.12xlarge_use1-az1': 5, 'c5a.12xlarge_use1-az4': 15, 'c5a.24xlarge_use1-az2': 1, 'c5a.large_use1-az2': 50, 'c5a.large_use1-az4': 50, 'c5a.large_use1-az5': 45, 'c5a.xlarge_use1-az5': 50, 'c5ad.16xlarge_use1-az4': 1, 'c5ad.24xlarge_use1-az2': 1, 'c5ad.24xlarge_use1-az4': 1, 'c5ad.24xlarge_use1-az6': 5, 'c5ad.8xlarge_use1-az5': 1, 'c5d.18xlarge_use1-az2': 50, 'c5d.18xlarge_use1-az4': 50, 'c5d.18xlarge_use1-az5': 5, 'c5d.18xlarge_use1-az6': 30, 'c5d.24xlarge_use1-az2': 35, 'c5d.24xlarge_use1-az4': 25, 'c5d.24xlarge_use1-az6': 50, 'c5n.18xlarge_use1-az1': 30, 'c5n.18xlarge_use1-az2': 5, 'c5n.2xlarge_use1-az5': 10, 'c5n.large_use1-az5': 5, 'c6a.12xlarge_use1-az1': 5, 'c6a.12xlarge_use1-az2': 50, 'c6a.12xlarge_use1-az4': 50, 'c6a.12xlarge_use1-az5': 1, 'c6a.12xlarge_use1-az6': 15, 'c6a.16xlarge_use1-az1': 1, 'c6a.16xlarge_use1-az2': 5, 'c6a.16xlarge_use1-az4': 10, 'c6a.16xlarge_use1-az5': 1, 'c6a.16xlarge_use1-az6': 15, 'c6a.24xlarge_use1-az1': 1, 'c6a.24xlarge_use1-az2': 5, 'c6a.24xlarge_use1-az4': 5, 'c6a.24xlarge_use1-az5': 5, 'c6a.24xlarge_use1-az6': 20, 'c6a.2xlarge_use1-az1': 10, 'c6a.2xlarge_use1-az2': 40, 'c6a.2xlarge_use1-az4': 50, 'c6a.2xlarge_use1-az5': 10, 'c6a.2xlarge_use1-az6': 50, 'c6a.32xlarge_use1-az2': 1, 'c6a.32xlarge_use1-az4': 1, 'c6a.32xlarge_use1-az5': 1, 'c6a.32xlarge_use1-az6': 5, 'c6a.48xlarge_use1-az2': 1, 'c6a.48xlarge_use1-az4': 10, 'c6a.48xlarge_use1-az5': 5, 'c6a.48xlarge_use1-az6': 25, 'c6a.4xlarge_use1-az2': 15, 'c6a.4xlarge_use1-az4': 30, 'c6a.4xlarge_use1-az5': 15, 'c6a.4xlarge_use1-az6': 50, 'c6a.8xlarge_use1-az1': 5, 'c6a.8xlarge_use1-az2': 50, 'c6a.8xlarge_use1-az4': 30, 'c6a.8xlarge_use1-az5': 25, 'c6a.8xlarge_use1-az6': 50, 'c6a.large_use1-az1': 45, 'c6a.large_use1-az2': 50, 'c6a.large_use1-az4': 50, 'c6a.large_use1-az5': 50, 'c6a.large_use1-az6': 20, 'c6a.xlarge_use1-az1': 15, 'c6a.xlarge_use1-az2': 25, 'c6a.xlarge_use1-az4': 25, 'c6a.xlarge_use1-az5': 15, 'c6a.xlarge_use1-az6': 25, 'c6g.12xlarge_use1-az1': 15, 'c6g.12xlarge_use1-az2': 25, 'c6g.12xlarge_use1-az4': 50, 'c6g.12xlarge_use1-az5': 5, 'c6g.12xlarge_use1-az6': 50, 'c6g.16xlarge_use1-az1': 1, 'c6g.16xlarge_use1-az2': 15, 'c6g.16xlarge_use1-az4': 50, 'c6g.16xlarge_use1-az5': 5, 'c6g.16xlarge_use1-az6': 50, 'c6g.2xlarge_use1-az4': 50, 'c6g.2xlarge_use1-az5': 15, 'c6g.2xlarge_use1-az6': 50, 'c6g.4xlarge_use1-az1': 50, 'c6g.4xlarge_use1-az2': 50, 'c6g.4xlarge_use1-az4': 50, 'c6g.4xlarge_use1-az5': 50, 'c6g.4xlarge_use1-az6': 50, 'c6g.8xlarge_use1-az1': 50, 'c6g.8xlarge_use1-az2': 50, 'c6g.8xlarge_use1-az4': 50, 'c6g.8xlarge_use1-az5': 50, 'c6g.8xlarge_use1-az6': 50, 'c6g.large_use1-az2': 50, 'c6g.large_use1-az4': 50, 'c6g.large_use1-az5': 50, 'c6g.large_use1-az6': 50, 'c6g.xlarge_use1-az4': 50, 'c6g.xlarge_use1-az6': 50, 'c6gd.12xlarge_use1-az2': 50, 'c6gd.12xlarge_use1-az4': 30, 'c6gd.12xlarge_use1-az5': 1, 'c6gd.12xlarge_use1-az6': 50, 'c6gd.16xlarge_use1-az2': 50, 'c6gd.16xlarge_use1-az4': 30, 'c6gd.16xlarge_use1-az6': 50, 'c6gd.2xlarge_use1-az1': 15, 'c6gd.2xlarge_use1-az2': 50, 'c6gd.2xlarge_use1-az4': 50, 'c6gd.2xlarge_use1-az5': 1, 'c6gd.2xlarge_use1-az6': 50, 'c6gd.4xlarge_use1-az2': 50, 'c6gd.4xlarge_use1-az4': 50, 'c6gd.4xlarge_use1-az5': 10, 'c6gd.4xlarge_use1-az6': 50, 'c6gd.8xlarge_use1-az2': 45, 'c6gd.8xlarge_use1-az4': 45, 'c6gd.8xlarge_use1-az5': 1, 'c6gd.8xlarge_use1-az6': 50, 'c6gd.large_use1-az2': 5, 'c6gd.large_use1-az4': 20, 'c6gd.large_use1-az5': 1, 'c6gn.12xlarge_use1-az2': 25, 'c6gn.12xlarge_use1-az5': 1, 'c6gn.16xlarge_use1-az4': 50, 'c6gn.16xlarge_use1-az5': 10, 'c6gn.8xlarge_use1-az2': 35, 'c6gn.8xlarge_use1-az4': 30, 'c6gn.8xlarge_use1-az5': 5, 'c6gn.8xlarge_use1-az6': 5, 'c6gn.large_use1-az6': 1, 'c6i.12xlarge_use1-az1': 15, 'c6i.12xlarge_use1-az2': 15, 'c6i.12xlarge_use1-az4': 30, 'c6i.12xlarge_use1-az5': 5, 'c6i.16xlarge_use1-az1': 5, 'c6i.16xlarge_use1-az2': 15, 'c6i.16xlarge_use1-az4': 25, 'c6i.16xlarge_use1-az5': 10, 'c6i.16xlarge_use1-az6': 30, 'c6i.24xlarge_use1-az1': 5, 'c6i.24xlarge_use1-az4': 10, 'c6i.24xlarge_use1-az5': 1, 'c6i.24xlarge_use1-az6': 15, 'c6i.32xlarge_use1-az1': 10, 'c6i.32xlarge_use1-az2': 5, 'c6i.32xlarge_use1-az4': 50, 'c6i.32xlarge_use1-az5': 1, 'c6i.32xlarge_use1-az6': 40, 'c6i.8xlarge_use1-az5': 10, 'c6i.8xlarge_use1-az6': 50, 'c6i.large_use1-az2': 40, 'c6i.large_use1-az4': 30, 'c6i.large_use1-az5': 10, 'c6i.xlarge_use1-az2': 45, 'c6i.xlarge_use1-az5': 10, 'c6id.12xlarge_use1-az2': 1, 'c6id.12xlarge_use1-az4': 5, 'c6id.12xlarge_use1-az6': 5, 'c6id.16xlarge_use1-az1': 1, 'c6id.16xlarge_use1-az2': 5, 'c6id.16xlarge_use1-az4': 5, 'c6id.16xlarge_use1-az5': 1, 'c6id.16xlarge_use1-az6': 1, 'c6id.24xlarge_use1-az1': 5, 'c6id.24xlarge_use1-az2': 15, 'c6id.24xlarge_use1-az4': 5, 'c6id.24xlarge_use1-az5': 1, 'c6id.24xlarge_use1-az6': 10, 'c6id.32xlarge_use1-az1': 1, 'c6id.32xlarge_use1-az2': 5, 'c6id.32xlarge_use1-az4': 10, 'c6id.32xlarge_use1-az5': 1, 'c6id.32xlarge_use1-az6': 5, 'c6id.large_use1-az5': 5, 'c6id.xlarge_use1-az2': 1, 'c6in.32xlarge_use1-az6': 1, 'c6in.large_use1-az5': 1, 'c7a.12xlarge_use1-az1': 5, 'c7a.12xlarge_use1-az2': 5, 'c7a.12xlarge_use1-az4': 1, 'c7a.12xlarge_use1-az6': 15, 'c7a.16xlarge_use1-az1': 1, 'c7a.16xlarge_use1-az2': 1, 'c7a.16xlarge_use1-az6': 5, 'c7a.24xlarge_use1-az1': 1, 'c7a.24xlarge_use1-az2': 1, 'c7a.24xlarge_use1-az5': 1, 'c7a.24xlarge_use1-az6': 5, 'c7a.2xlarge_use1-az5': 1, 'c7a.32xlarge_use1-az1': 1, 'c7a.32xlarge_use1-az2': 1, 'c7a.32xlarge_use1-az6': 15, 'c7a.48xlarge_use1-az1': 1, 'c7a.48xlarge_use1-az2': 1, 'c7a.48xlarge_use1-az5': 1, 'c7a.48xlarge_use1-az6': 20, 'c7a.4xlarge_use1-az1': 5, 'c7a.4xlarge_use1-az2': 10, 'c7a.4xlarge_use1-az4': 5, 'c7a.4xlarge_use1-az5': 1, 'c7a.4xlarge_use1-az6': 50, 'c7a.large_use1-az1': 15, 'c7a.large_use1-az2': 25, 'c7a.large_use1-az4': 30, 'c7a.large_use1-az5': 10, 'c7a.large_use1-az6': 50, 'c7a.xlarge_use1-az5': 5, 'c7a.xlarge_use1-az6': 15, 'c7g.12xlarge_use1-az1': 15, 'c7g.12xlarge_use1-az2': 50, 'c7g.12xlarge_use1-az4': 15, 'c7g.12xlarge_use1-az5': 1, 'c7g.12xlarge_use1-az6': 50, 'c7g.16xlarge_use1-az1': 25, 'c7g.16xlarge_use1-az2': 40, 'c7g.16xlarge_use1-az4': 50, 'c7g.16xlarge_use1-az5': 10, 'c7g.16xlarge_use1-az6': 50, 'c7g.2xlarge_use1-az1': 50, 'c7g.2xlarge_use1-az2': 50, 'c7g.2xlarge_use1-az4': 50, 'c7g.2xlarge_use1-az5': 50, 'c7g.2xlarge_use1-az6': 50, 'c7g.4xlarge_use1-az1': 50, 'c7g.4xlarge_use1-az2': 50, 'c7g.4xlarge_use1-az4': 50, 'c7g.4xlarge_use1-az5': 50, 'c7g.4xlarge_use1-az6': 50, 'c7g.8xlarge_use1-az1': 50, 'c7g.8xlarge_use1-az2': 50, 'c7g.8xlarge_use1-az4': 50, 'c7g.8xlarge_use1-az5': 50, 'c7g.8xlarge_use1-az6': 50, 'c7g.large_use1-az5': 10, 'c7g.xlarge_use1-az2': 50, 'c7g.xlarge_use1-az4': 50, 'c7g.xlarge_use1-az5': 50, 'c7g.xlarge_use1-az6': 50, 'c7gd.12xlarge_use1-az1': 5, 'c7gd.12xlarge_use1-az4': 15, 'c7gd.12xlarge_use1-az5': 15, 'c7gd.12xlarge_use1-az6': 50, 'c7gd.16xlarge_use1-az1': 5, 'c7gd.16xlarge_use1-az2': 30, 'c7gd.16xlarge_use1-az4': 40, 'c7gd.16xlarge_use1-az5': 1, 'c7gd.16xlarge_use1-az6': 50, 'c7gd.2xlarge_use1-az1': 15, 'c7gd.2xlarge_use1-az2': 50, 'c7gd.2xlarge_use1-az4': 50, 'c7gd.2xlarge_use1-az6': 50, 'c7gd.4xlarge_use1-az1': 30, 'c7gd.4xlarge_use1-az2': 25, 'c7gd.4xlarge_use1-az4': 50, 'c7gd.4xlarge_use1-az5': 1, 'c7gd.4xlarge_use1-az6': 50, 'c7gd.8xlarge_use1-az1': 5, 'c7gd.8xlarge_use1-az2': 15, 'c7gd.8xlarge_use1-az4': 10, 'c7gd.8xlarge_use1-az5': 5, 'c7gd.8xlarge_use1-az6': 20, 'c7gd.large_use1-az5': 10, 'c7gd.xlarge_use1-az5': 15, 'c7gn.12xlarge_use1-az5': 1, 'c7gn.16xlarge_use1-az6': 20, 'c7gn.2xlarge_use1-az5': 1, 'c7gn.4xlarge_use1-az6': 50, 'c7gn.8xlarge_use1-az6': 5, 'c7i-flex.4xlarge_use1-az2': 1, 'c7i-flex.4xlarge_use1-az4': 1, 'c7i-flex.4xlarge_use1-az6': 5, 'c7i-flex.8xlarge_use1-az2': 1, 'c7i-flex.8xlarge_use1-az4': 1, 'c7i-flex.8xlarge_use1-az6': 5, 'c7i-flex.large_use1-az1': 40, 'c7i-flex.large_use1-az2': 50, 'c7i-flex.large_use1-az4': 10, 'c7i-flex.large_use1-az5': 1, 'c7i-flex.large_use1-az6': 50, 'c7i-flex.xlarge_use1-az2': 50, 'c7i-flex.xlarge_use1-az4': 50, 'c7i-flex.xlarge_use1-az5': 5, 'c7i.12xlarge_use1-az1': 5, 'c7i.12xlarge_use1-az2': 15, 'c7i.12xlarge_use1-az4': 15, 'c7i.12xlarge_use1-az6': 5, 'c7i.16xlarge_use1-az1': 1, 'c7i.16xlarge_use1-az2': 5, 'c7i.16xlarge_use1-az4': 1, 'c7i.16xlarge_use1-az6': 15, 'c7i.24xlarge_use1-az6': 15, 'c7i.2xlarge_use1-az1': 10, 'c7i.2xlarge_use1-az2': 10, 'c7i.2xlarge_use1-az4': 10, 'c7i.2xlarge_use1-az5': 5, 'c7i.2xlarge_use1-az6': 25, 'c7i.48xlarge_use1-az1': 10, 'c7i.48xlarge_use1-az2': 10, 'c7i.48xlarge_use1-az4': 5, 'c7i.48xlarge_use1-az5': 1, 'c7i.48xlarge_use1-az6': 50, 'c7i.4xlarge_use1-az2': 5, 'c7i.4xlarge_use1-az4': 5, 'c7i.4xlarge_use1-az5': 1, 'c7i.4xlarge_use1-az6': 15, 'c7i.8xlarge_use1-az1': 1, 'c7i.8xlarge_use1-az2': 5, 'c7i.8xlarge_use1-az4': 5, 'c7i.8xlarge_use1-az6': 10, 'c7i.large_use1-az1': 45, 'c7i.large_use1-az2': 50, 'c7i.large_use1-az4': 50, 'c7i.large_use1-az5': 5, 'c7i.large_use1-az6': 50, 'c7i.xlarge_use1-az1': 5, 'c7i.xlarge_use1-az2': 10, 'c7i.xlarge_use1-az4': 5, 'c7i.xlarge_use1-az5': 1, 'c7i.xlarge_use1-az6': 5, 'c8g.12xlarge_use1-az1': 1, 'c8g.12xlarge_use1-az2': 5, 'c8g.12xlarge_use1-az4': 1, 'c8g.12xlarge_use1-az6': 25, 'c8g.16xlarge_use1-az1': 10, 'c8g.16xlarge_use1-az2': 5, 'c8g.16xlarge_use1-az4': 1, 'c8g.16xlarge_use1-az6': 50, 'c8g.24xlarge_use1-az1': 5, 'c8g.24xlarge_use1-az2': 10, 'c8g.24xlarge_use1-az4': 1, 'c8g.24xlarge_use1-az6': 25, 'c8g.2xlarge_use1-az1': 5, 'c8g.2xlarge_use1-az2': 5, 'c8g.2xlarge_use1-az4': 50, 'c8g.2xlarge_use1-az5': 1, 'c8g.2xlarge_use1-az6': 50, 'c8g.48xlarge_use1-az1': 1, 'c8g.48xlarge_use1-az2': 5, 'c8g.48xlarge_use1-az6': 50, 'c8g.4xlarge_use1-az1': 35, 'c8g.4xlarge_use1-az2': 15, 'c8g.4xlarge_use1-az4': 20, 'c8g.4xlarge_use1-az5': 10, 'c8g.4xlarge_use1-az6': 50, 'c8g.8xlarge_use1-az1': 1, 'c8g.8xlarge_use1-az2': 5, 'c8g.8xlarge_use1-az4': 5, 'c8g.8xlarge_use1-az6': 50, 'c8g.large_use1-az1': 5, 'c8g.large_use1-az2': 20, 'c8g.large_use1-az4': 5, 'c8g.large_use1-az5': 1, 'c8g.large_use1-az6': 40, 'c8g.metal-24xl_use1-az2': 1, 'c8g.metal-24xl_use1-az6': 20, 'c8g.metal-48xl_use1-az1': 1, 'c8g.metal-48xl_use1-az2': 1, 'c8g.metal-48xl_use1-az6': 50, 'c8g.xlarge_use1-az1': 5, 'c8g.xlarge_use1-az2': 30, 'c8g.xlarge_use1-az4': 5, 'c8g.xlarge_use1-az5': 1, 'c8g.xlarge_use1-az6': 50, 'c8gd.12xlarge_use1-az2': 5, 'c8gd.12xlarge_use1-az4': 5, 'c8gd.12xlarge_use1-az5': 1, 'c8gd.12xlarge_use1-az6': 5, 'c8gd.16xlarge_use1-az2': 10, 'c8gd.16xlarge_use1-az4': 10, 'c8gd.16xlarge_use1-az5': 5, 'c8gd.16xlarge_use1-az6': 50, 'c8gd.24xlarge_use1-az4': 5, 'c8gd.24xlarge_use1-az5': 1, 'c8gd.24xlarge_use1-az6': 5, 'c8gd.2xlarge_use1-az2': 50, 'c8gd.2xlarge_use1-az4': 50, 'c8gd.2xlarge_use1-az5': 10, 'c8gd.2xlarge_use1-az6': 50, 'c8gd.48xlarge_use1-az2': 1, 'c8gd.48xlarge_use1-az6': 15, 'c8gd.4xlarge_use1-az2': 10, 'c8gd.4xlarge_use1-az4': 30, 'c8gd.4xlarge_use1-az5': 1, 'c8gd.4xlarge_use1-az6': 50, 'c8gd.large_use1-az2': 40, 'c8gd.large_use1-az4': 35, 'c8gd.metal-24xl_use1-az2': 1, 'c8gd.metal-24xl_use1-az4': 1, 'c8gd.metal-24xl_use1-az5': 1, 'c8gd.metal-24xl_use1-az6': 5, 'c8gd.metal-48xl_use1-az2': 1, 'c8gd.metal-48xl_use1-az6': 1, 'c8gd.xlarge_use1-az1': 1, 'c8gd.xlarge_use1-az2': 20, 'c8gd.xlarge_use1-az4': 20, 'c8gd.xlarge_use1-az5': 15, 'c8gd.xlarge_use1-az6': 50, 'c8gn.4xlarge_use1-az2': 1, 'c8gn.large_use1-az6': 1, 'c8i-flex.12xlarge_use1-az6': 1, 'c8i-flex.16xlarge_use1-az6': 1, 'c8i-flex.2xlarge_use1-az2': 25, 'c8i-flex.2xlarge_use1-az4': 15, 'c8i-flex.2xlarge_use1-az6': 50, 'c8i-flex.4xlarge_use1-az2': 5, 'c8i-flex.4xlarge_use1-az4': 1, 'c8i-flex.4xlarge_use1-az6': 5, 'c8i-flex.8xlarge_use1-az6': 1, 'c8i-flex.large_use1-az4': 20, 'c8i-flex.xlarge_use1-az2': 40, 'c8i-flex.xlarge_use1-az4': 5, 'c8i-flex.xlarge_use1-az6': 50, 'c8i.12xlarge_use1-az4': 1, 'c8i.12xlarge_use1-az6': 1, 'c8i.16xlarge_use1-az6': 1, 'c8i.24xlarge_use1-az6': 1, 'c8i.2xlarge_use1-az2': 10, 'c8i.2xlarge_use1-az4': 5, 'c8i.2xlarge_use1-az6': 20, 'c8i.32xlarge_use1-az2': 1, 'c8i.32xlarge_use1-az4': 1, 'c8i.32xlarge_use1-az6': 5, 'c8i.48xlarge_use1-az2': 1, 'c8i.48xlarge_use1-az6': 1, 'c8i.4xlarge_use1-az2': 5, 'c8i.4xlarge_use1-az4': 5, 'c8i.4xlarge_use1-az6': 5, 'c8i.8xlarge_use1-az2': 1, 'c8i.8xlarge_use1-az4': 1, 'c8i.8xlarge_use1-az6': 5, 'c8i.96xlarge_use1-az2': 1, 'c8i.96xlarge_use1-az6': 5, 'c8i.metal-48xl_use1-az2': 1, 'c8i.metal-96xl_use1-az2': 1, 'c8i.metal-96xl_use1-az6': 5, 'c8i.xlarge_use1-az2': 50, 'c8i.xlarge_use1-az4': 15, 'c8i.xlarge_use1-az6': 50, 'd3en.12xlarge_use1-az6': 50, 'f2.12xlarge_use1-az2': 1, 'f2.12xlarge_use1-az4': 1, 'f2.12xlarge_use1-az6': 1, 'f2.48xlarge_use1-az2': 5, 'f2.48xlarge_use1-az4': 5, 'f2.48xlarge_use1-az6': 1, 'g4ad.16xlarge_use1-az1': 5, 'g4ad.16xlarge_use1-az2': 5, 'g4ad.16xlarge_use1-az4': 5, 'g4ad.16xlarge_use1-az6': 10, 'g4ad.2xlarge_use1-az1': 5, 'g4ad.2xlarge_use1-az2': 10, 'g4ad.2xlarge_use1-az6': 10, 'g4ad.4xlarge_use1-az1': 10, 'g4ad.4xlarge_use1-az2': 15, 'g4ad.4xlarge_use1-az4': 15, 'g4ad.4xlarge_use1-az6': 5, 'g4ad.8xlarge_use1-az1': 1, 'g4ad.8xlarge_use1-az2': 5, 'g4ad.8xlarge_use1-az4': 5, 'g4ad.8xlarge_use1-az6': 5, 'g4ad.xlarge_use1-az1': 20, 'g4ad.xlarge_use1-az2': 20, 'g4ad.xlarge_use1-az4': 25, 'g4ad.xlarge_use1-az6': 20, 'g4dn.12xlarge_use1-az2': 15, 'g4dn.12xlarge_use1-az4': 15, 'g4dn.12xlarge_use1-az5': 15, 'g4dn.12xlarge_use1-az6': 50, 'g4dn.16xlarge_use1-az1': 1, 'g4dn.16xlarge_use1-az2': 10, 'g4dn.16xlarge_use1-az4': 1, 'g4dn.16xlarge_use1-az5': 5, 'g4dn.16xlarge_use1-az6': 15, 'g4dn.4xlarge_use1-az1': 5, 'g4dn.4xlarge_use1-az2': 40, 'g4dn.4xlarge_use1-az4': 25, 'g4dn.4xlarge_use1-az5': 40, 'g4dn.4xlarge_use1-az6': 40, 'g4dn.8xlarge_use1-az1': 1, 'g4dn.8xlarge_use1-az2': 1, 'g4dn.8xlarge_use1-az4': 10, 'g4dn.8xlarge_use1-az5': 1, 'g4dn.8xlarge_use1-az6': 5, 'g5.16xlarge_use1-az1': 1, 'g5.16xlarge_use1-az2': 1, 'g5.16xlarge_use1-az4': 5, 'g5.16xlarge_use1-az5': 5, 'g5.16xlarge_use1-az6': 10, 'g5.24xlarge_use1-az1': 1, 'g5.24xlarge_use1-az2': 1, 'g5.24xlarge_use1-az5': 1, 'g5.24xlarge_use1-az6': 5, 'g5.48xlarge_use1-az2': 1, 'g5.48xlarge_use1-az5': 5, 'g5.48xlarge_use1-az6': 25, 'g5.8xlarge_use1-az1': 1, 'g5.8xlarge_use1-az2': 5, 'g5.8xlarge_use1-az4': 10, 'g5.8xlarge_use1-az5': 20, 'g5.8xlarge_use1-az6': 10, 'g5g.16xlarge_use1-az1': 1, 'g5g.16xlarge_use1-az6': 5, 'g6.12xlarge_use1-az1': 5, 'g6.12xlarge_use1-az2': 1, 'g6.12xlarge_use1-az4': 30, 'g6.12xlarge_use1-az6': 50, 'g6.16xlarge_use1-az1': 1, 'g6.16xlarge_use1-az2': 1, 'g6.16xlarge_use1-az4': 1, 'g6.16xlarge_use1-az6': 5, 'g6.24xlarge_use1-az2': 1, 'g6.24xlarge_use1-az4': 1, 'g6.24xlarge_use1-az6': 1, 'g6.48xlarge_use1-az2': 5, 'g6.48xlarge_use1-az4': 30, 'g6.48xlarge_use1-az6': 50, 'g6.4xlarge_use1-az1': 5, 'g6.4xlarge_use1-az2': 10, 'g6.4xlarge_use1-az4': 35, 'g6.4xlarge_use1-az6': 50, 'g6.8xlarge_use1-az1': 5, 'g6.8xlarge_use1-az2': 5, 'g6.8xlarge_use1-az4': 10, 'g6.8xlarge_use1-az6': 15, 'g6e.16xlarge_use1-az1': 10, 'g6e.16xlarge_use1-az2': 15, 'g6e.16xlarge_use1-az4': 40, 'g6e.16xlarge_use1-az6': 20, 'g6e.8xlarge_use1-az2': 1, 'g6e.8xlarge_use1-az4': 1, 'g6f.2xlarge_use1-az1': 1, 'g6f.2xlarge_use1-az4': 1, 'g6f.2xlarge_use1-az6': 5, 'g6f.4xlarge_use1-az1': 1, 'g6f.4xlarge_use1-az4': 1, 'g6f.4xlarge_use1-az6': 1, 'g6f.large_use1-az1': 10, 'g6f.large_use1-az2': 15, 'g6f.large_use1-az4': 40, 'g6f.large_use1-az6': 20, 'g6f.xlarge_use1-az1': 1, 'g6f.xlarge_use1-az2': 1, 'g6f.xlarge_use1-az4': 5, 'g6f.xlarge_use1-az6': 10, 'gr6.4xlarge_use1-az2': 1, 'gr6.4xlarge_use1-az4': 1, 'gr6.4xlarge_use1-az6': 1, 'gr6.8xlarge_use1-az1': 1, 'gr6.8xlarge_use1-az2': 1, 'gr6.8xlarge_use1-az4': 1, 'gr6.8xlarge_use1-az6': 1, 'i3.16xlarge_use1-az3': 10, 'i3.16xlarge_use1-az5': 10, 'i3.16xlarge_use1-az6': 45, 'i3.large_use1-az1': 50, 'i3.large_use1-az2': 50, 'i3.large_use1-az3': 50, 'i3.large_use1-az4': 50, 'i3.large_use1-az5': 50, 'i3.large_use1-az6': 50, 'i3.xlarge_use1-az2': 50, 'i3.xlarge_use1-az3': 50, 'i3.xlarge_use1-az4': 50, 'i3.xlarge_use1-az6': 50, 'i4g.16xlarge_use1-az4': 1, 'i4g.16xlarge_use1-az5': 50, 'i4g.16xlarge_use1-az6': 50, 'i4g.2xlarge_use1-az2': 10, 'i4g.2xlarge_use1-az4': 15, 'i4g.2xlarge_use1-az5': 40, 'i4g.2xlarge_use1-az6': 50, 'i4g.large_use1-az6': 50, 'i4g.xlarge_use1-az2': 10, 'i4g.xlarge_use1-az4': 1, 'i4g.xlarge_use1-az5': 50, 'i4i.12xlarge_use1-az2': 5, 'i4i.24xlarge_use1-az2': 1, 'i4i.2xlarge_use1-az2': 50, 'i4i.2xlarge_use1-az4': 50, 'i4i.large_use1-az1': 50, 'i4i.large_use1-az2': 50, 'i4i.large_use1-az4': 50, 'i4i.large_use1-az5': 50, 'i4i.large_use1-az6': 50, 'i4i.xlarge_use1-az2': 50, 'i4i.xlarge_use1-az4': 50, 'i4i.xlarge_use1-az5': 50, 'i4i.xlarge_use1-az6': 50, 'i7i.12xlarge_use1-az5': 1, 'i7i.12xlarge_use1-az6': 1, 'i7i.16xlarge_use1-az2': 1, 'i7i.16xlarge_use1-az4': 5, 'i7i.16xlarge_use1-az5': 1, 'i7i.16xlarge_use1-az6': 1, 'i7i.24xlarge_use1-az2': 1, 'i7i.24xlarge_use1-az6': 1, 'i7i.2xlarge_use1-az1': 1, 'i7i.2xlarge_use1-az2': 50, 'i7i.2xlarge_use1-az4': 45, 'i7i.2xlarge_use1-az5': 20, 'i7i.2xlarge_use1-az6': 10, 'i7i.4xlarge_use1-az2': 15, 'i7i.4xlarge_use1-az4': 20, 'i7i.4xlarge_use1-az5': 5, 'i7i.4xlarge_use1-az6': 20, 'i7i.8xlarge_use1-az1': 1, 'i7i.8xlarge_use1-az2': 1, 'i7i.8xlarge_use1-az4': 5, 'i7i.8xlarge_use1-az5': 1, 'i7i.8xlarge_use1-az6': 1, 'i7i.metal-24xl_use1-az2': 1, 'i7i.metal-24xl_use1-az4': 50, 'i7i.metal-24xl_use1-az6': 35, 'i7i.xlarge_use1-az1': 1, 'i7i.xlarge_use1-az6': 20, 'i7ie.24xlarge_use1-az6': 50, 'i7ie.2xlarge_use1-az2': 1, 'i7ie.3xlarge_use1-az2': 1, 'i7ie.48xlarge_use1-az6': 50, 'i7ie.large_use1-az1': 45, 'i7ie.large_use1-az4': 50, 'i7ie.large_use1-az6': 50, 'i7ie.metal-24xl_use1-az4': 1, 'i7ie.metal-24xl_use1-az6': 15, 'i7ie.metal-48xl_use1-az6': 10, 'i7ie.xlarge_use1-az1': 10, 'i7ie.xlarge_use1-az6': 50, 'i8g.12xlarge_use1-az6': 1, 'i8g.24xlarge_use1-az6': 10, 'i8g.2xlarge_use1-az2': 1, 'i8g.4xlarge_use1-az2': 1, 'i8g.8xlarge_use1-az6': 5, 'i8g.large_use1-az2': 10, 'i8g.large_use1-az6': 5, 'i8g.xlarge_use1-az2': 1, 'i8g.xlarge_use1-az4': 1, 'i8g.xlarge_use1-az6': 1, 'i8ge.12xlarge_use1-az4': 1, 'i8ge.12xlarge_use1-az6': 5, 'i8ge.18xlarge_use1-az2': 1, 'i8ge.18xlarge_use1-az4': 1, 'i8ge.18xlarge_use1-az6': 5, 'i8ge.24xlarge_use1-az4': 1, 'i8ge.24xlarge_use1-az6': 5, 'i8ge.2xlarge_use1-az4': 10, 'i8ge.3xlarge_use1-az2': 1, 'i8ge.48xlarge_use1-az4': 5, 'i8ge.6xlarge_use1-az2': 1, 'i8ge.large_use1-az2': 5, 'i8ge.metal-24xl_use1-az4': 1, 'i8ge.metal-48xl_use1-az6': 1, 'i8ge.xlarge_use1-az4': 20, 'im4gn.16xlarge_use1-az4': 45, 'im4gn.2xlarge_use1-az1': 10, 'im4gn.2xlarge_use1-az4': 20, 'im4gn.2xlarge_use1-az6': 15, 'im4gn.8xlarge_use1-az1': 1, 'im4gn.8xlarge_use1-az4': 5, 'im4gn.xlarge_use1-az4': 30, 'im4gn.xlarge_use1-az6': 40, 'inf1.24xlarge_use1-az1': 1, 'inf1.24xlarge_use1-az2': 1, 'inf1.24xlarge_use1-az4': 10, 'inf1.24xlarge_use1-az5': 5, 'inf1.24xlarge_use1-az6': 20, 'inf1.2xlarge_use1-az1': 15, 'inf1.2xlarge_use1-az2': 15, 'inf1.2xlarge_use1-az4': 30, 'inf1.2xlarge_use1-az5': 40, 'inf1.2xlarge_use1-az6': 40, 'inf1.6xlarge_use1-az1': 1, 'inf1.6xlarge_use1-az2': 1, 'inf1.6xlarge_use1-az4': 5, 'inf1.6xlarge_use1-az5': 5, 'inf1.6xlarge_use1-az6': 10, 'inf1.xlarge_use1-az1': 50, 'inf1.xlarge_use1-az2': 50, 'inf1.xlarge_use1-az4': 40, 'inf1.xlarge_use1-az5': 50, 'inf1.xlarge_use1-az6': 50, 'inf2.24xlarge_use1-az4': 1, 'inf2.24xlarge_use1-az6': 10, 'inf2.48xlarge_use1-az6': 15, 'inf2.8xlarge_use1-az2': 5, 'inf2.8xlarge_use1-az4': 5, 'inf2.8xlarge_use1-az5': 1, 'inf2.8xlarge_use1-az6': 1, 'is4gen.medium_use1-az1': 50, 'is4gen.medium_use1-az4': 40, 'is4gen.medium_use1-az6': 30, 'm2.2xlarge_use1-az1': 5, 'm2.2xlarge_use1-az2': 10, 'm2.2xlarge_use1-az4': 15, 'm2.2xlarge_use1-az6': 5, 'm2.4xlarge_use1-az1': 1, 'm2.4xlarge_use1-az2': 5, 'm2.4xlarge_use1-az4': 5, 'm2.xlarge_use1-az1': 5, 'm2.xlarge_use1-az2': 20, 'm2.xlarge_use1-az4': 20, 'm2.xlarge_use1-az6': 15, 'm3.xlarge_use1-az3': 1, 'm4.10xlarge_use1-az1': 5, 'm4.10xlarge_use1-az2': 10, 'm4.10xlarge_use1-az3': 1, 'm4.10xlarge_use1-az4': 50, 'm4.10xlarge_use1-az5': 1, 'm4.10xlarge_use1-az6': 50, 'm4.2xlarge_use1-az1': 5, 'm4.2xlarge_use1-az2': 20, 'm4.2xlarge_use1-az3': 50, 'm4.2xlarge_use1-az4': 20, 'm4.2xlarge_use1-az5': 1, 'm4.2xlarge_use1-az6': 25, 'm4.4xlarge_use1-az1': 50, 'm4.4xlarge_use1-az2': 50, 'm4.4xlarge_use1-az3': 50, 'm4.4xlarge_use1-az4': 25, 'm4.4xlarge_use1-az5': 10, 'm4.4xlarge_use1-az6': 15, 'm4.large_use1-az1': 30, 'm4.large_use1-az2': 50, 'm4.large_use1-az3': 25, 'm4.large_use1-az4': 50, 'm4.large_use1-az5': 10, 'm4.large_use1-az6': 50, 'm4.xlarge_use1-az1': 15, 'm4.xlarge_use1-az2': 50, 'm4.xlarge_use1-az3': 50, 'm4.xlarge_use1-az4': 50, 'm4.xlarge_use1-az5': 30, 'm4.xlarge_use1-az6': 50, 'm5.12xlarge_use1-az1': 5, 'm5.12xlarge_use1-az2': 25, 'm5.12xlarge_use1-az4': 50, 'm5.12xlarge_use1-az5': 1, 'm5.12xlarge_use1-az6': 40, 'm5.16xlarge_use1-az1': 10, 'm5.16xlarge_use1-az2': 50, 'm5.16xlarge_use1-az4': 50, 'm5.16xlarge_use1-az5': 1, 'm5.16xlarge_use1-az6': 50, 'm5.24xlarge_use1-az1': 5, 'm5.24xlarge_use1-az2': 5, 'm5.24xlarge_use1-az4': 5, 'm5.24xlarge_use1-az5': 1, 'm5.24xlarge_use1-az6': 35, 'm5.2xlarge_use1-az1': 50, 'm5.2xlarge_use1-az2': 50, 'm5.2xlarge_use1-az4': 50, 'm5.2xlarge_use1-az5': 50, 'm5.2xlarge_use1-az6': 50, 'm5.4xlarge_use1-az1': 50, 'm5.4xlarge_use1-az2': 50, 'm5.4xlarge_use1-az4': 50, 'm5.4xlarge_use1-az5': 10, 'm5.4xlarge_use1-az6': 50, 'm5.8xlarge_use1-az1': 50, 'm5.8xlarge_use1-az2': 40, 'm5.8xlarge_use1-az4': 50, 'm5.8xlarge_use1-az5': 1, 'm5.8xlarge_use1-az6': 50, 'm5.large_use1-az1': 50, 'm5.large_use1-az2': 50, 'm5.large_use1-az4': 50, 'm5.large_use1-az5': 50, 'm5.large_use1-az6': 50, 'm5.xlarge_use1-az1': 50, 'm5.xlarge_use1-az2': 50, 'm5.xlarge_use1-az4': 50, 'm5.xlarge_use1-az5': 50, 'm5.xlarge_use1-az6': 50, 'm5a.12xlarge_use1-az2': 1, 'm5a.12xlarge_use1-az4': 1, 'm5a.12xlarge_use1-az6': 1, 'm5a.16xlarge_use1-az2': 1, 'm5a.16xlarge_use1-az4': 1, 'm5a.16xlarge_use1-az6': 1, 'm5a.24xlarge_use1-az1': 1, 'm5a.24xlarge_use1-az2': 1, 'm5a.24xlarge_use1-az4': 1, 'm5a.24xlarge_use1-az5': 5, 'm5a.24xlarge_use1-az6': 5, 'm5a.2xlarge_use1-az1': 10, 'm5a.2xlarge_use1-az2': 25, 'm5a.2xlarge_use1-az5': 5, 'm5a.2xlarge_use1-az6': 45, 'm5a.4xlarge_use1-az1': 5, 'm5a.4xlarge_use1-az2': 10, 'm5a.4xlarge_use1-az4': 5, 'm5a.4xlarge_use1-az5': 10, 'm5a.4xlarge_use1-az6': 15, 'm5a.8xlarge_use1-az1': 1, 'm5a.8xlarge_use1-az2': 20, 'm5a.8xlarge_use1-az4': 20, 'm5a.8xlarge_use1-az5': 1, 'm5a.8xlarge_use1-az6': 5, 'm5a.large_use1-az1': 50, 'm5a.large_use1-az2': 50, 'm5a.large_use1-az4': 50, 'm5a.large_use1-az5': 45, 'm5a.large_use1-az6': 50, 'm5a.xlarge_use1-az1': 10, 'm5a.xlarge_use1-az2': 30, 'm5a.xlarge_use1-az4': 10, 'm5a.xlarge_use1-az5': 20, 'm5a.xlarge_use1-az6': 50, 'm5ad.16xlarge_use1-az2': 1, 'm5ad.16xlarge_use1-az4': 1, 'm5ad.16xlarge_use1-az6': 1, 'm5ad.24xlarge_use1-az2': 1, 'm5ad.24xlarge_use1-az4': 1, 'm5ad.24xlarge_use1-az6': 5, 'm5ad.8xlarge_use1-az2': 1, 'm5ad.large_use1-az2': 5, 'm5d.12xlarge_use1-az1': 1, 'm5d.12xlarge_use1-az2': 25, 'm5d.12xlarge_use1-az4': 30, 'm5d.12xlarge_use1-az6': 15, 'm5d.16xlarge_use1-az1': 5, 'm5d.16xlarge_use1-az2': 35, 'm5d.16xlarge_use1-az4': 20, 'm5d.16xlarge_use1-az5': 1, 'm5d.16xlarge_use1-az6': 50, 'm5d.24xlarge_use1-az2': 15, 'm5d.24xlarge_use1-az4': 5, 'm5d.24xlarge_use1-az6': 50, 'm5d.4xlarge_use1-az1': 5, 'm5d.4xlarge_use1-az2': 15, 'm5d.8xlarge_use1-az1': 1, 'm5d.8xlarge_use1-az2': 25, 'm5d.8xlarge_use1-az4': 10, 'm5d.8xlarge_use1-az5': 1, 'm5d.8xlarge_use1-az6': 10, 'm5d.large_use1-az2': 50, 'm5d.large_use1-az4': 50, 'm5d.large_use1-az6': 50, 'm5d.xlarge_use1-az1': 50, 'm5d.xlarge_use1-az4': 50, 'm5d.xlarge_use1-az6': 50, 'm5dn.12xlarge_use1-az1': 1, 'm5dn.12xlarge_use1-az4': 1, 'm5dn.12xlarge_use1-az6': 1, 'm5dn.16xlarge_use1-az1': 1, 'm5dn.16xlarge_use1-az2': 5, 'm5dn.16xlarge_use1-az4': 1, 'm5dn.16xlarge_use1-az6': 1, 'm5dn.24xlarge_use1-az1': 1, 'm5dn.24xlarge_use1-az2': 1, 'm5dn.24xlarge_use1-az4': 1, 'm5dn.24xlarge_use1-az6': 5, 'm5dn.large_use1-az2': 30, 'm5dn.large_use1-az4': 40, 'm5dn.large_use1-az5': 15, 'm5dn.large_use1-az6': 50, 'm5n.12xlarge_use1-az1': 1, 'm5n.12xlarge_use1-az2': 1, 'm5n.12xlarge_use1-az4': 1, 'm5n.12xlarge_use1-az5': 1, 'm5n.12xlarge_use1-az6': 1, 'm5n.16xlarge_use1-az2': 1, 'm5n.16xlarge_use1-az4': 1, 'm5n.16xlarge_use1-az6': 1, 'm5n.24xlarge_use1-az2': 1, 'm5n.24xlarge_use1-az4': 1, 'm5n.24xlarge_use1-az6': 1, 'm5n.2xlarge_use1-az1': 15, 'm5n.2xlarge_use1-az2': 25, 'm5n.2xlarge_use1-az5': 5, 'm5n.4xlarge_use1-az1': 25, 'm5n.4xlarge_use1-az2': 35, 'm5n.4xlarge_use1-az4': 50, 'm5n.4xlarge_use1-az5': 5, 'm5n.8xlarge_use1-az1': 1, 'm5n.8xlarge_use1-az2': 1, 'm5n.8xlarge_use1-az4': 1, 'm5n.large_use1-az1': 5, 'm5n.large_use1-az2': 15, 'm5n.large_use1-az4': 5, 'm5n.large_use1-az5': 5, 'm5n.large_use1-az6': 15, 'm5n.xlarge_use1-az1': 20, 'm5n.xlarge_use1-az2': 50, 'm5n.xlarge_use1-az4': 50, 'm5n.xlarge_use1-az5': 1, 'm5n.xlarge_use1-az6': 50, 'm5zn.large_use1-az1': 5, 'm5zn.large_use1-az2': 5, 'm5zn.large_use1-az4': 30, 'm5zn.large_use1-az5': 15, 'm5zn.large_use1-az6': 20, 'm5zn.xlarge_use1-az5': 5, 'm6a.12xlarge_use1-az1': 5, 'm6a.12xlarge_use1-az2': 5, 'm6a.12xlarge_use1-az4': 15, 'm6a.12xlarge_use1-az6': 10, 'm6a.16xlarge_use1-az1': 5, 'm6a.16xlarge_use1-az2': 5, 'm6a.16xlarge_use1-az4': 5, 'm6a.16xlarge_use1-az6': 5, 'm6a.24xlarge_use1-az1': 1, 'm6a.24xlarge_use1-az2': 1, 'm6a.24xlarge_use1-az4': 1, 'm6a.24xlarge_use1-az6': 1, 'm6a.2xlarge_use1-az1': 50, 'm6a.2xlarge_use1-az2': 35, 'm6a.2xlarge_use1-az4': 45, 'm6a.2xlarge_use1-az5': 15, 'm6a.2xlarge_use1-az6': 50, 'm6a.32xlarge_use1-az2': 1, 'm6a.32xlarge_use1-az4': 1, 'm6a.32xlarge_use1-az5': 1, 'm6a.32xlarge_use1-az6': 1, 'm6a.48xlarge_use1-az2': 1, 'm6a.48xlarge_use1-az4': 1, 'm6a.48xlarge_use1-az6': 1, 'm6a.4xlarge_use1-az1': 45, 'm6a.4xlarge_use1-az2': 40, 'm6a.4xlarge_use1-az4': 25, 'm6a.4xlarge_use1-az5': 5, 'm6a.4xlarge_use1-az6': 50, 'm6a.8xlarge_use1-az1': 25, 'm6a.8xlarge_use1-az2': 15, 'm6a.8xlarge_use1-az4': 50, 'm6a.8xlarge_use1-az5': 10, 'm6a.8xlarge_use1-az6': 50, 'm6a.large_use1-az1': 50, 'm6a.large_use1-az2': 50, 'm6a.large_use1-az4': 50, 'm6a.large_use1-az5': 30, 'm6a.large_use1-az6': 50, 'm6a.xlarge_use1-az1': 50, 'm6a.xlarge_use1-az2': 50, 'm6a.xlarge_use1-az4': 50, 'm6a.xlarge_use1-az5': 35, 'm6a.xlarge_use1-az6': 50, 'm6g.12xlarge_use1-az1': 1, 'm6g.12xlarge_use1-az2': 5, 'm6g.12xlarge_use1-az4': 50, 'm6g.12xlarge_use1-az6': 50, 'm6g.16xlarge_use1-az1': 1, 'm6g.16xlarge_use1-az2': 5, 'm6g.16xlarge_use1-az4': 25, 'm6g.16xlarge_use1-az6': 50, 'm6g.2xlarge_use1-az1': 15, 'm6g.2xlarge_use1-az2': 50, 'm6g.2xlarge_use1-az4': 50, 'm6g.2xlarge_use1-az5': 5, 'm6g.2xlarge_use1-az6': 50, 'm6g.4xlarge_use1-az1': 10, 'm6g.4xlarge_use1-az2': 50, 'm6g.4xlarge_use1-az4': 50, 'm6g.4xlarge_use1-az5': 10, 'm6g.4xlarge_use1-az6': 50, 'm6g.8xlarge_use1-az1': 5, 'm6g.8xlarge_use1-az2': 50, 'm6g.8xlarge_use1-az4': 50, 'm6g.8xlarge_use1-az6': 50, 'm6g.large_use1-az1': 1, 'm6g.large_use1-az2': 50, 'm6g.large_use1-az4': 50, 'm6g.large_use1-az5': 5, 'm6g.large_use1-az6': 50, 'm6g.medium_use1-az1': 5, 'm6g.medium_use1-az2': 5, 'm6g.medium_use1-az4': 10, 'm6g.medium_use1-az5': 1, 'm6g.medium_use1-az6': 15, 'm6g.xlarge_use1-az1': 50, 'm6g.xlarge_use1-az2': 50, 'm6g.xlarge_use1-az4': 50, 'm6g.xlarge_use1-az5': 50, 'm6g.xlarge_use1-az6': 50, 'm6gd.12xlarge_use1-az1': 10, 'm6gd.12xlarge_use1-az2': 40, 'm6gd.12xlarge_use1-az4': 20, 'm6gd.12xlarge_use1-az5': 5, 'm6gd.12xlarge_use1-az6': 50, 'm6gd.16xlarge_use1-az2': 10, 'm6gd.16xlarge_use1-az4': 10, 'm6gd.16xlarge_use1-az5': 10, 'm6gd.16xlarge_use1-az6': 35, 'm6gd.2xlarge_use1-az2': 50, 'm6gd.2xlarge_use1-az4': 45, 'm6gd.2xlarge_use1-az5': 1, 'm6gd.4xlarge_use1-az2': 5, 'm6gd.4xlarge_use1-az5': 1, 'm6gd.4xlarge_use1-az6': 15, 'm6gd.8xlarge_use1-az1': 5, 'm6gd.8xlarge_use1-az2': 10, 'm6gd.8xlarge_use1-az4': 15, 'm6gd.8xlarge_use1-az5': 1, 'm6gd.8xlarge_use1-az6': 20, 'm6gd.large_use1-az2': 5, 'm6gd.large_use1-az4': 5, 'm6gd.large_use1-az5': 1, 'm6gd.large_use1-az6': 15, 'm6gd.medium_use1-az1': 1, 'm6gd.medium_use1-az2': 1, 'm6gd.medium_use1-az4': 1, 'm6gd.medium_use1-az5': 5, 'm6gd.medium_use1-az6': 1, 'm6gd.xlarge_use1-az2': 10, 'm6gd.xlarge_use1-az4': 35, 'm6gd.xlarge_use1-az5': 1, 'm6i.12xlarge_use1-az1': 1, 'm6i.12xlarge_use1-az2': 10, 'm6i.12xlarge_use1-az4': 50, 'm6i.12xlarge_use1-az5': 1, 'm6i.12xlarge_use1-az6': 30, 'm6i.16xlarge_use1-az1': 1, 'm6i.16xlarge_use1-az2': 10, 'm6i.16xlarge_use1-az4': 5, 'm6i.16xlarge_use1-az5': 1, 'm6i.16xlarge_use1-az6': 10, 'm6i.24xlarge_use1-az2': 10, 'm6i.24xlarge_use1-az4': 5, 'm6i.24xlarge_use1-az5': 1, 'm6i.24xlarge_use1-az6': 50, 'm6i.2xlarge_use1-az1': 25, 'm6i.2xlarge_use1-az2': 50, 'm6i.2xlarge_use1-az4': 50, 'm6i.2xlarge_use1-az5': 25, 'm6i.2xlarge_use1-az6': 50, 'm6i.32xlarge_use1-az2': 1, 'm6i.32xlarge_use1-az4': 5, 'm6i.32xlarge_use1-az5': 1, 'm6i.32xlarge_use1-az6': 15, 'm6i.4xlarge_use1-az1': 15, 'm6i.4xlarge_use1-az2': 50, 'm6i.4xlarge_use1-az4': 50, 'm6i.4xlarge_use1-az5': 50, 'm6i.4xlarge_use1-az6': 50, 'm6i.8xlarge_use1-az1': 1, 'm6i.8xlarge_use1-az2': 50, 'm6i.8xlarge_use1-az4': 50, 'm6i.8xlarge_use1-az5': 20, 'm6i.8xlarge_use1-az6': 50, 'm6i.large_use1-az1': 25, 'm6i.large_use1-az2': 50, 'm6i.large_use1-az4': 50, 'm6i.large_use1-az5': 50, 'm6i.large_use1-az6': 50, 'm6i.xlarge_use1-az1': 45, 'm6i.xlarge_use1-az2': 50, 'm6i.xlarge_use1-az4': 50, 'm6i.xlarge_use1-az5': 25, 'm6i.xlarge_use1-az6': 50, 'm6id.12xlarge_use1-az1': 1, 'm6id.12xlarge_use1-az2': 1, 'm6id.12xlarge_use1-az4': 1, 'm6id.12xlarge_use1-az6': 1, 'm6id.16xlarge_use1-az1': 1, 'm6id.16xlarge_use1-az2': 1, 'm6id.16xlarge_use1-az4': 1, 'm6id.16xlarge_use1-az6': 1, 'm6id.24xlarge_use1-az1': 10, 'm6id.24xlarge_use1-az2': 15, 'm6id.24xlarge_use1-az4': 35, 'm6id.24xlarge_use1-az5': 5, 'm6id.24xlarge_use1-az6': 15, 'm6id.2xlarge_use1-az1': 5, 'm6id.2xlarge_use1-az2': 5, 'm6id.2xlarge_use1-az4': 5, 'm6id.2xlarge_use1-az5': 1, 'm6id.2xlarge_use1-az6': 5, 'm6id.32xlarge_use1-az1': 10, 'm6id.32xlarge_use1-az2': 15, 'm6id.32xlarge_use1-az4': 5, 'm6id.32xlarge_use1-az5': 1, 'm6id.32xlarge_use1-az6': 50, 'm6id.4xlarge_use1-az1': 15, 'm6id.4xlarge_use1-az2': 10, 'm6id.4xlarge_use1-az4': 5, 'm6id.4xlarge_use1-az5': 1, 'm6id.4xlarge_use1-az6': 10, 'm6id.8xlarge_use1-az1': 1, 'm6id.8xlarge_use1-az4': 5, 'm6id.8xlarge_use1-az5': 1, 'm6id.8xlarge_use1-az6': 1, 'm6id.large_use1-az1': 30, 'm6id.large_use1-az2': 35, 'm6id.large_use1-az4': 15, 'm6id.large_use1-az5': 5, 'm6id.large_use1-az6': 50, 'm6id.xlarge_use1-az1': 20, 'm6id.xlarge_use1-az2': 45, 'm6id.xlarge_use1-az4': 15, 'm6id.xlarge_use1-az5': 5, 'm6id.xlarge_use1-az6': 25, 'm6idn.12xlarge_use1-az2': 1, 'm6idn.16xlarge_use1-az4': 1, 'm6idn.24xlarge_use1-az1': 1, 'm6idn.24xlarge_use1-az2': 1, 'm6idn.24xlarge_use1-az4': 1, 'm6idn.32xlarge_use1-az2': 1, 'm6idn.large_use1-az1': 25, 'm6idn.large_use1-az2': 35, 'm6idn.large_use1-az4': 15, 'm6idn.large_use1-az5': 10, 'm6idn.large_use1-az6': 10, 'm6idn.xlarge_use1-az4': 20, 'm6idn.xlarge_use1-az6': 10, 'm6in.12xlarge_use1-az4': 1, 'm6in.16xlarge_use1-az2': 1, 'm6in.16xlarge_use1-az4': 1, 'm6in.24xlarge_use1-az1': 1, 'm6in.24xlarge_use1-az2': 1, 'm6in.2xlarge_use1-az5': 1, 'm6in.4xlarge_use1-az1': 1, 'm6in.4xlarge_use1-az2': 1, 'm6in.4xlarge_use1-az5': 1, 'm6in.8xlarge_use1-az1': 1, 'm6in.8xlarge_use1-az2': 1, 'm6in.large_use1-az1': 5, 'm6in.large_use1-az2': 10, 'm6in.large_use1-az4': 5, 'm6in.large_use1-az5': 1, 'm6in.large_use1-az6': 1, 'm6in.xlarge_use1-az1': 5, 'm6in.xlarge_use1-az2': 10, 'm6in.xlarge_use1-az4': 1, 'm7a.12xlarge_use1-az2': 1, 'm7a.12xlarge_use1-az6': 20, 'm7a.16xlarge_use1-az2': 1, 'm7a.16xlarge_use1-az6': 40, 'm7a.24xlarge_use1-az2': 1, 'm7a.24xlarge_use1-az6': 50, 'm7a.2xlarge_use1-az1': 5, 'm7a.2xlarge_use1-az2': 15, 'm7a.2xlarge_use1-az4': 10, 'm7a.2xlarge_use1-az6': 50, 'm7a.32xlarge_use1-az6': 20, 'm7a.48xlarge_use1-az6': 40, 'm7a.4xlarge_use1-az1': 10, 'm7a.4xlarge_use1-az2': 5, 'm7a.4xlarge_use1-az4': 10, 'm7a.4xlarge_use1-az6': 25, 'm7a.8xlarge_use1-az1': 1, 'm7a.8xlarge_use1-az2': 5, 'm7a.8xlarge_use1-az4': 1, 'm7a.8xlarge_use1-az6': 50, 'm7a.large_use1-az1': 15, 'm7a.large_use1-az2': 50, 'm7a.large_use1-az4': 50, 'm7a.large_use1-az5': 5, 'm7a.large_use1-az6': 50, 'm7a.medium_use1-az1': 10, 'm7a.medium_use1-az2': 50, 'm7a.medium_use1-az4': 50, 'm7a.medium_use1-az6': 50, 'm7a.xlarge_use1-az1': 5, 'm7a.xlarge_use1-az2': 40, 'm7a.xlarge_use1-az4': 50, 'm7a.xlarge_use1-az6': 50, 'm7g.12xlarge_use1-az1': 1, 'm7g.12xlarge_use1-az2': 10, 'm7g.12xlarge_use1-az4': 45, 'm7g.12xlarge_use1-az5': 1, 'm7g.12xlarge_use1-az6': 50, 'm7g.16xlarge_use1-az1': 1, 'm7g.16xlarge_use1-az2': 30, 'm7g.16xlarge_use1-az4': 35, 'm7g.16xlarge_use1-az5': 1, 'm7g.16xlarge_use1-az6': 50, 'm7g.2xlarge_use1-az1': 35, 'm7g.2xlarge_use1-az2': 50, 'm7g.2xlarge_use1-az4': 50, 'm7g.2xlarge_use1-az5': 15, 'm7g.2xlarge_use1-az6': 50, 'm7g.4xlarge_use1-az1': 10, 'm7g.4xlarge_use1-az2': 30, 'm7g.4xlarge_use1-az4': 50, 'm7g.4xlarge_use1-az5': 10, 'm7g.4xlarge_use1-az6': 50, 'm7g.8xlarge_use1-az1': 1, 'm7g.8xlarge_use1-az2': 15, 'm7g.8xlarge_use1-az4': 40, 'm7g.8xlarge_use1-az5': 1, 'm7g.8xlarge_use1-az6': 50, 'm7g.large_use1-az1': 10, 'm7g.large_use1-az2': 50, 'm7g.large_use1-az4': 50, 'm7g.large_use1-az5': 30, 'm7g.large_use1-az6': 50, 'm7g.medium_use1-az1': 30, 'm7g.medium_use1-az2': 40, 'm7g.medium_use1-az4': 50, 'm7g.medium_use1-az5': 35, 'm7g.medium_use1-az6': 50, 'm7g.metal_use1-az1': 1, 'm7g.metal_use1-az2': 25, 'm7g.metal_use1-az4': 10, 'm7g.metal_use1-az5': 1, 'm7g.metal_use1-az6': 50, 'm7g.xlarge_use1-az1': 50, 'm7g.xlarge_use1-az2': 50, 'm7g.xlarge_use1-az4': 50, 'm7g.xlarge_use1-az5': 50, 'm7g.xlarge_use1-az6': 50, 'm7gd.12xlarge_use1-az1': 5, 'm7gd.12xlarge_use1-az2': 10, 'm7gd.12xlarge_use1-az4': 1, 'm7gd.12xlarge_use1-az6': 35, 'm7gd.16xlarge_use1-az1': 1, 'm7gd.16xlarge_use1-az2': 30, 'm7gd.16xlarge_use1-az4': 1, 'm7gd.16xlarge_use1-az6': 40, 'm7gd.2xlarge_use1-az1': 15, 'm7gd.2xlarge_use1-az2': 50, 'm7gd.2xlarge_use1-az4': 15, 'm7gd.2xlarge_use1-az6': 25, 'm7gd.4xlarge_use1-az1': 5, 'm7gd.4xlarge_use1-az2': 10, 'm7gd.4xlarge_use1-az6': 40, 'm7gd.8xlarge_use1-az1': 10, 'm7gd.8xlarge_use1-az2': 50, 'm7gd.8xlarge_use1-az4': 30, 'm7gd.8xlarge_use1-az5': 45, 'm7gd.8xlarge_use1-az6': 50, 'm7gd.large_use1-az1': 5, 'm7gd.large_use1-az2': 50, 'm7gd.large_use1-az4': 5, 'm7gd.large_use1-az6': 50, 'm7gd.medium_use1-az1': 15, 'm7gd.medium_use1-az2': 20, 'm7gd.medium_use1-az4': 15, 'm7gd.medium_use1-az5': 20, 'm7gd.medium_use1-az6': 25, 'm7gd.metal_use1-az1': 5, 'm7gd.metal_use1-az2': 15, 'm7gd.metal_use1-az4': 1, 'm7gd.metal_use1-az6': 15, 'm7gd.xlarge_use1-az1': 5, 'm7gd.xlarge_use1-az2': 10, 'm7gd.xlarge_use1-az4': 10, 'm7gd.xlarge_use1-az5': 1, 'm7gd.xlarge_use1-az6': 25, 'm7i-flex.2xlarge_use1-az1': 50, 'm7i-flex.2xlarge_use1-az2': 50, 'm7i-flex.2xlarge_use1-az4': 15, 'm7i-flex.2xlarge_use1-az5': 10, 'm7i-flex.2xlarge_use1-az6': 50, 'm7i-flex.4xlarge_use1-az2': 5, 'm7i-flex.4xlarge_use1-az4': 5, 'm7i-flex.4xlarge_use1-az6': 25, 'm7i-flex.8xlarge_use1-az1': 1, 'm7i-flex.8xlarge_use1-az2': 5, 'm7i-flex.8xlarge_use1-az4': 5, 'm7i-flex.8xlarge_use1-az5': 1, 'm7i-flex.8xlarge_use1-az6': 10, 'm7i-flex.large_use1-az1': 20, 'm7i-flex.large_use1-az2': 50, 'm7i-flex.large_use1-az4': 25, 'm7i-flex.large_use1-az5': 25, 'm7i-flex.large_use1-az6': 50, 'm7i-flex.xlarge_use1-az1': 50, 'm7i-flex.xlarge_use1-az2': 50, 'm7i-flex.xlarge_use1-az4': 50, 'm7i-flex.xlarge_use1-az5': 15, 'm7i-flex.xlarge_use1-az6': 50, 'm7i.12xlarge_use1-az1': 1, 'm7i.12xlarge_use1-az2': 5, 'm7i.12xlarge_use1-az4': 15, 'm7i.12xlarge_use1-az6': 50, 'm7i.16xlarge_use1-az1': 5, 'm7i.16xlarge_use1-az2': 10, 'm7i.16xlarge_use1-az4': 10, 'm7i.16xlarge_use1-az6': 50, 'm7i.24xlarge_use1-az2': 5, 'm7i.24xlarge_use1-az4': 5, 'm7i.24xlarge_use1-az6': 50, 'm7i.2xlarge_use1-az1': 1, 'm7i.2xlarge_use1-az2': 50, 'm7i.2xlarge_use1-az4': 50, 'm7i.2xlarge_use1-az6': 50, 'm7i.48xlarge_use1-az1': 1, 'm7i.48xlarge_use1-az2': 5, 'm7i.48xlarge_use1-az4': 20, 'm7i.48xlarge_use1-az6': 50, 'm7i.4xlarge_use1-az1': 1, 'm7i.4xlarge_use1-az2': 25, 'm7i.4xlarge_use1-az4': 10, 'm7i.4xlarge_use1-az6': 50, 'm7i.8xlarge_use1-az1': 40, 'm7i.8xlarge_use1-az2': 20, 'm7i.8xlarge_use1-az4': 50, 'm7i.8xlarge_use1-az6': 50, 'm7i.large_use1-az1': 50, 'm7i.large_use1-az2': 50, 'm7i.large_use1-az4': 50, 'm7i.large_use1-az5': 1, 'm7i.large_use1-az6': 50, 'm7i.xlarge_use1-az1': 30, 'm7i.xlarge_use1-az2': 35, 'm7i.xlarge_use1-az4': 50, 'm7i.xlarge_use1-az6': 50, 'm8g.12xlarge_use1-az2': 10, 'm8g.12xlarge_use1-az4': 10, 'm8g.12xlarge_use1-az5': 1, 'm8g.12xlarge_use1-az6': 35, 'm8g.16xlarge_use1-az2': 5, 'm8g.16xlarge_use1-az4': 5, 'm8g.16xlarge_use1-az5': 5, 'm8g.16xlarge_use1-az6': 45, 'm8g.24xlarge_use1-az2': 5, 'm8g.24xlarge_use1-az4': 1, 'm8g.24xlarge_use1-az5': 1, 'm8g.24xlarge_use1-az6': 25, 'm8g.2xlarge_use1-az4': 10, 'm8g.2xlarge_use1-az5': 10, 'm8g.48xlarge_use1-az2': 5, 'm8g.48xlarge_use1-az4': 5, 'm8g.48xlarge_use1-az6': 20, 'm8g.4xlarge_use1-az2': 5, 'm8g.4xlarge_use1-az4': 5, 'm8g.4xlarge_use1-az5': 1, 'm8g.4xlarge_use1-az6': 40, 'm8g.8xlarge_use1-az2': 10, 'm8g.8xlarge_use1-az4': 20, 'm8g.8xlarge_use1-az5': 1, 'm8g.8xlarge_use1-az6': 40, 'm8g.large_use1-az1': 1, 'm8g.large_use1-az2': 20, 'm8g.large_use1-az6': 45, 'm8g.medium_use1-az1': 1, 'm8g.medium_use1-az2': 15, 'm8g.metal-48xl_use1-az2': 5, 'm8g.metal-48xl_use1-az6': 25, 'm8g.xlarge_use1-az1': 1, 'm8g.xlarge_use1-az5': 15, 'm8g.xlarge_use1-az6': 50, 'm8gd.16xlarge_use1-az5': 1, 'm8gd.4xlarge_use1-az2': 5, 'm8gd.4xlarge_use1-az6': 1, 'm8gd.8xlarge_use1-az5': 1, 'm8gd.8xlarge_use1-az6': 5, 'm8gd.large_use1-az1': 20, 'm8gd.large_use1-az2': 15, 'm8gd.large_use1-az5': 1, 'm8gd.large_use1-az6': 1, 'm8gd.medium_use1-az6': 1, 'm8gd.metal-24xl_use1-az2': 1, 'm8gd.xlarge_use1-az1': 1, 'm8gd.xlarge_use1-az5': 1, 'm8i-flex.16xlarge_use1-az6': 5, 'm8i-flex.2xlarge_use1-az2': 10, 'm8i-flex.2xlarge_use1-az4': 1, 'm8i-flex.2xlarge_use1-az6': 50, 'm8i-flex.4xlarge_use1-az2': 1, 'm8i-flex.4xlarge_use1-az4': 1, 'm8i-flex.4xlarge_use1-az6': 5, 'm8i-flex.8xlarge_use1-az6': 1, 'm8i-flex.large_use1-az2': 5, 'm8i-flex.xlarge_use1-az2': 10, 'm8i-flex.xlarge_use1-az4': 25, 'm8i-flex.xlarge_use1-az6': 50, 'm8i.12xlarge_use1-az6': 1, 'm8i.16xlarge_use1-az4': 1, 'm8i.16xlarge_use1-az6': 1, 'm8i.24xlarge_use1-az6': 1, 'm8i.2xlarge_use1-az2': 10, 'm8i.2xlarge_use1-az4': 1, 'm8i.2xlarge_use1-az6': 10, 'm8i.32xlarge_use1-az2': 1, 'm8i.32xlarge_use1-az6': 5, 'm8i.48xlarge_use1-az2': 1, 'm8i.48xlarge_use1-az6': 5, 'm8i.4xlarge_use1-az2': 5, 'm8i.4xlarge_use1-az4': 1, 'm8i.4xlarge_use1-az6': 5, 'm8i.8xlarge_use1-az2': 1, 'm8i.8xlarge_use1-az4': 1, 'm8i.8xlarge_use1-az6': 20, 'm8i.96xlarge_use1-az6': 1, 'm8i.large_use1-az4': 25, 'm8i.metal-48xl_use1-az6': 1, 'm8i.metal-96xl_use1-az6': 1, 'm8i.xlarge_use1-az2': 30, 'm8i.xlarge_use1-az4': 10, 'r3.large_use1-az2': 50, 'r3.large_use1-az4': 50, 'r3.large_use1-az6': 50, 'r3.xlarge_use1-az4': 50, 'r3.xlarge_use1-az6': 50, 'r4.16xlarge_use1-az1': 10, 'r4.16xlarge_use1-az2': 10, 'r4.16xlarge_use1-az4': 35, 'r4.16xlarge_use1-az5': 15, 'r4.16xlarge_use1-az6': 10, 'r4.2xlarge_use1-az3': 50, 'r4.4xlarge_use1-az1': 20, 'r4.4xlarge_use1-az2': 50, 'r4.4xlarge_use1-az3': 40, 'r4.4xlarge_use1-az5': 5, 'r4.8xlarge_use1-az1': 50, 'r4.8xlarge_use1-az2': 50, 'r4.8xlarge_use1-az4': 50, 'r4.8xlarge_use1-az5': 5, 'r4.8xlarge_use1-az6': 50, 'r4.large_use1-az2': 50, 'r4.large_use1-az4': 50, 'r4.large_use1-az5': 20, 'r4.large_use1-az6': 50, 'r4.xlarge_use1-az1': 50, 'r4.xlarge_use1-az2': 50, 'r4.xlarge_use1-az4': 50, 'r4.xlarge_use1-az5': 30, 'r4.xlarge_use1-az6': 50, 'r5.12xlarge_use1-az1': 5, 'r5.12xlarge_use1-az2': 5, 'r5.12xlarge_use1-az4': 50, 'r5.12xlarge_use1-az5': 5, 'r5.12xlarge_use1-az6': 5, 'r5.16xlarge_use1-az1': 5, 'r5.16xlarge_use1-az4': 35, 'r5.16xlarge_use1-az5': 30, 'r5.16xlarge_use1-az6': 5, 'r5.24xlarge_use1-az4': 15, 'r5.24xlarge_use1-az5': 5, 'r5.24xlarge_use1-az6': 5, 'r5.2xlarge_use1-az1': 50, 'r5.2xlarge_use1-az4': 50, 'r5.2xlarge_use1-az5': 5, 'r5.2xlarge_use1-az6': 50, 'r5.4xlarge_use1-az1': 50, 'r5.4xlarge_use1-az2': 50, 'r5.4xlarge_use1-az4': 50, 'r5.4xlarge_use1-az5': 5, 'r5.4xlarge_use1-az6': 50, 'r5.8xlarge_use1-az1': 50, 'r5.8xlarge_use1-az2': 50, 'r5.8xlarge_use1-az4': 50, 'r5.8xlarge_use1-az5': 5, 'r5.8xlarge_use1-az6': 5, 'r5.large_use1-az1': 50, 'r5.large_use1-az2': 50, 'r5.large_use1-az4': 50, 'r5.large_use1-az5': 50, 'r5.large_use1-az6': 50, 'r5.xlarge_use1-az1': 50, 'r5.xlarge_use1-az2': 50, 'r5.xlarge_use1-az4': 50, 'r5.xlarge_use1-az5': 50, 'r5.xlarge_use1-az6': 50, 'r5a.12xlarge_use1-az4': 5, 'r5a.12xlarge_use1-az6': 5, 'r5a.16xlarge_use1-az1': 10, 'r5a.16xlarge_use1-az2': 10, 'r5a.16xlarge_use1-az4': 10, 'r5a.16xlarge_use1-az5': 5, 'r5a.16xlarge_use1-az6': 5, 'r5a.24xlarge_use1-az1': 5, 'r5a.24xlarge_use1-az2': 15, 'r5a.24xlarge_use1-az4': 10, 'r5a.24xlarge_use1-az5': 1, 'r5a.24xlarge_use1-az6': 10, 'r5a.4xlarge_use1-az6': 50, 'r5a.8xlarge_use1-az4': 15, 'r5a.8xlarge_use1-az5': 30, 'r5a.8xlarge_use1-az6': 20, 'r5a.large_use1-az5': 25, 'r5a.xlarge_use1-az2': 50, 'r5a.xlarge_use1-az4': 50, 'r5ad.16xlarge_use1-az4': 10, 'r5ad.16xlarge_use1-az6': 10, 'r5ad.large_use1-az1': 1, 'r5ad.large_use1-az2': 30, 'r5ad.large_use1-az4': 10, 'r5ad.large_use1-az5': 5, 'r5b.large_use1-az1': 1, 'r5b.large_use1-az2': 5, 'r5b.large_use1-az4': 10, 'r5b.large_use1-az6': 5, 'r5d.12xlarge_use1-az1': 1, 'r5d.12xlarge_use1-az6': 1, 'r5d.16xlarge_use1-az1': 5, 'r5d.16xlarge_use1-az2': 50, 'r5d.16xlarge_use1-az4': 50, 'r5d.16xlarge_use1-az5': 10, 'r5d.16xlarge_use1-az6': 50, 'r5d.24xlarge_use1-az2': 1, 'r5d.24xlarge_use1-az4': 10, 'r5d.24xlarge_use1-az5': 1, 'r5d.24xlarge_use1-az6': 10, 'r5d.8xlarge_use1-az6': 50, 'r5d.large_use1-az2': 50, 'r5dn.12xlarge_use1-az2': 1, 'r5dn.16xlarge_use1-az2': 5, 'r5dn.16xlarge_use1-az4': 15, 'r5dn.16xlarge_use1-az5': 10, 'r5dn.16xlarge_use1-az6': 30, 'r5dn.24xlarge_use1-az2': 5, 'r5dn.24xlarge_use1-az4': 10, 'r5dn.24xlarge_use1-az5': 1, 'r5dn.24xlarge_use1-az6': 25, 'r5dn.8xlarge_use1-az6': 50, 'r5dn.large_use1-az1': 50, 'r5dn.large_use1-az2': 50, 'r5dn.large_use1-az4': 50, 'r5dn.large_use1-az5': 50, 'r5n.12xlarge_use1-az4': 1, 'r5n.12xlarge_use1-az6': 1, 'r5n.16xlarge_use1-az1': 1, 'r5n.16xlarge_use1-az2': 10, 'r5n.16xlarge_use1-az4': 35, 'r5n.16xlarge_use1-az5': 1, 'r5n.16xlarge_use1-az6': 20, 'r5n.8xlarge_use1-az4': 35, 'r5n.8xlarge_use1-az6': 15, 'r5n.large_use1-az1': 20, 'r5n.large_use1-az4': 50, 'r5n.large_use1-az5': 10, 'r5n.large_use1-az6': 30, 'r6a.12xlarge_use1-az1': 1, 'r6a.12xlarge_use1-az2': 10, 'r6a.12xlarge_use1-az4': 5, 'r6a.12xlarge_use1-az6': 10, 'r6a.16xlarge_use1-az1': 5, 'r6a.16xlarge_use1-az2': 15, 'r6a.16xlarge_use1-az4': 30, 'r6a.16xlarge_use1-az5': 15, 'r6a.16xlarge_use1-az6': 40, 'r6a.24xlarge_use1-az2': 5, 'r6a.24xlarge_use1-az4': 1, 'r6a.24xlarge_use1-az5': 1, 'r6a.24xlarge_use1-az6': 5, 'r6a.2xlarge_use1-az1': 50, 'r6a.2xlarge_use1-az2': 50, 'r6a.2xlarge_use1-az4': 40, 'r6a.2xlarge_use1-az5': 1, 'r6a.2xlarge_use1-az6': 50, 'r6a.32xlarge_use1-az2': 5, 'r6a.32xlarge_use1-az4': 5, 'r6a.32xlarge_use1-az5': 5, 'r6a.32xlarge_use1-az6': 5, 'r6a.48xlarge_use1-az2': 5, 'r6a.48xlarge_use1-az4': 5, 'r6a.48xlarge_use1-az5': 5, 'r6a.48xlarge_use1-az6': 1, 'r6a.4xlarge_use1-az1': 50, 'r6a.4xlarge_use1-az2': 50, 'r6a.4xlarge_use1-az4': 50, 'r6a.4xlarge_use1-az5': 40, 'r6a.4xlarge_use1-az6': 50, 'r6a.8xlarge_use1-az1': 20, 'r6a.8xlarge_use1-az2': 50, 'r6a.8xlarge_use1-az4': 50, 'r6a.8xlarge_use1-az5': 50, 'r6a.8xlarge_use1-az6': 50, 'r6a.large_use1-az1': 50, 'r6a.large_use1-az2': 50, 'r6a.large_use1-az4': 50, 'r6a.large_use1-az5': 50, 'r6a.large_use1-az6': 50, 'r6a.xlarge_use1-az1': 50, 'r6a.xlarge_use1-az2': 50, 'r6a.xlarge_use1-az4': 50, 'r6a.xlarge_use1-az5': 50, 'r6a.xlarge_use1-az6': 50, 'r6g.12xlarge_use1-az2': 50, 'r6g.12xlarge_use1-az4': 45, 'r6g.12xlarge_use1-az5': 10, 'r6g.12xlarge_use1-az6': 50, 'r6g.16xlarge_use1-az2': 50, 'r6g.16xlarge_use1-az4': 50, 'r6g.16xlarge_use1-az5': 50, 'r6g.16xlarge_use1-az6': 50, 'r6g.2xlarge_use1-az2': 25, 'r6g.2xlarge_use1-az4': 40, 'r6g.2xlarge_use1-az5': 10, 'r6g.2xlarge_use1-az6': 50, 'r6g.4xlarge_use1-az1': 10, 'r6g.4xlarge_use1-az2': 50, 'r6g.4xlarge_use1-az4': 50, 'r6g.4xlarge_use1-az5': 50, 'r6g.4xlarge_use1-az6': 50, 'r6g.8xlarge_use1-az1': 1, 'r6g.8xlarge_use1-az2': 10, 'r6g.8xlarge_use1-az4': 50, 'r6g.8xlarge_use1-az5': 50, 'r6g.8xlarge_use1-az6': 50, 'r6g.large_use1-az1': 10, 'r6g.large_use1-az2': 40, 'r6g.large_use1-az4': 50, 'r6g.large_use1-az5': 5, 'r6g.large_use1-az6': 50, 'r6g.medium_use1-az1': 1, 'r6g.medium_use1-az2': 10, 'r6g.medium_use1-az4': 15, 'r6g.medium_use1-az5': 15, 'r6g.medium_use1-az6': 35, 'r6g.xlarge_use1-az2': 50, 'r6g.xlarge_use1-az4': 50, 'r6g.xlarge_use1-az5': 50, 'r6g.xlarge_use1-az6': 50, 'r6gd.12xlarge_use1-az1': 1, 'r6gd.12xlarge_use1-az2': 5, 'r6gd.12xlarge_use1-az4': 10, 'r6gd.12xlarge_use1-az5': 1, 'r6gd.12xlarge_use1-az6': 10, 'r6gd.16xlarge_use1-az1': 5, 'r6gd.16xlarge_use1-az2': 5, 'r6gd.16xlarge_use1-az4': 50, 'r6gd.16xlarge_use1-az5': 1, 'r6gd.16xlarge_use1-az6': 45, 'r6gd.2xlarge_use1-az4': 30, 'r6gd.4xlarge_use1-az1': 5, 'r6gd.4xlarge_use1-az2': 20, 'r6gd.4xlarge_use1-az4': 50, 'r6gd.4xlarge_use1-az5': 1, 'r6gd.4xlarge_use1-az6': 25, 'r6gd.8xlarge_use1-az1': 1, 'r6gd.8xlarge_use1-az2': 10, 'r6gd.8xlarge_use1-az4': 20, 'r6gd.8xlarge_use1-az5': 1, 'r6gd.8xlarge_use1-az6': 30, 'r6gd.large_use1-az1': 50, 'r6gd.large_use1-az2': 50, 'r6gd.large_use1-az4': 50, 'r6gd.large_use1-az5': 50, 'r6gd.large_use1-az6': 50, 'r6gd.medium_use1-az1': 5, 'r6gd.medium_use1-az2': 1, 'r6gd.medium_use1-az4': 5, 'r6gd.medium_use1-az5': 5, 'r6gd.medium_use1-az6': 1, 'r6gd.xlarge_use1-az2': 1, 'r6gd.xlarge_use1-az4': 5, 'r6i.12xlarge_use1-az1': 5, 'r6i.12xlarge_use1-az2': 5, 'r6i.12xlarge_use1-az4': 5, 'r6i.12xlarge_use1-az5': 1, 'r6i.12xlarge_use1-az6': 10, 'r6i.16xlarge_use1-az1': 1, 'r6i.16xlarge_use1-az2': 1, 'r6i.16xlarge_use1-az4': 10, 'r6i.16xlarge_use1-az5': 10, 'r6i.16xlarge_use1-az6': 1, 'r6i.24xlarge_use1-az4': 10, 'r6i.24xlarge_use1-az5': 1, 'r6i.24xlarge_use1-az6': 5, 'r6i.2xlarge_use1-az1': 15, 'r6i.2xlarge_use1-az2': 35, 'r6i.2xlarge_use1-az4': 50, 'r6i.2xlarge_use1-az5': 5, 'r6i.2xlarge_use1-az6': 50, 'r6i.32xlarge_use1-az4': 1, 'r6i.32xlarge_use1-az5': 1, 'r6i.32xlarge_use1-az6': 1, 'r6i.4xlarge_use1-az1': 30, 'r6i.4xlarge_use1-az2': 20, 'r6i.4xlarge_use1-az4': 20, 'r6i.4xlarge_use1-az5': 10, 'r6i.4xlarge_use1-az6': 40, 'r6i.8xlarge_use1-az1': 5, 'r6i.8xlarge_use1-az2': 10, 'r6i.8xlarge_use1-az4': 10, 'r6i.8xlarge_use1-az5': 5, 'r6i.8xlarge_use1-az6': 10, 'r6i.large_use1-az1': 20, 'r6i.large_use1-az2': 50, 'r6i.large_use1-az4': 50, 'r6i.large_use1-az5': 20, 'r6i.large_use1-az6': 50, 'r6i.xlarge_use1-az1': 15, 'r6i.xlarge_use1-az2': 45, 'r6i.xlarge_use1-az4': 50, 'r6i.xlarge_use1-az5': 10, 'r6i.xlarge_use1-az6': 50, 'r6id.12xlarge_use1-az1': 1, 'r6id.12xlarge_use1-az6': 5, 'r6id.16xlarge_use1-az1': 5, 'r6id.16xlarge_use1-az2': 5, 'r6id.16xlarge_use1-az4': 15, 'r6id.16xlarge_use1-az5': 1, 'r6id.16xlarge_use1-az6': 20, 'r6id.24xlarge_use1-az1': 10, 'r6id.24xlarge_use1-az2': 10, 'r6id.24xlarge_use1-az4': 5, 'r6id.24xlarge_use1-az6': 25, 'r6id.2xlarge_use1-az1': 5, 'r6id.2xlarge_use1-az2': 1, 'r6id.2xlarge_use1-az4': 10, 'r6id.2xlarge_use1-az5': 1, 'r6id.2xlarge_use1-az6': 10, 'r6id.32xlarge_use1-az1': 1, 'r6id.32xlarge_use1-az2': 5, 'r6id.32xlarge_use1-az4': 1, 'r6id.32xlarge_use1-az5': 1, 'r6id.32xlarge_use1-az6': 10, 'r6id.4xlarge_use1-az2': 50, 'r6id.4xlarge_use1-az4': 10, 'r6id.4xlarge_use1-az5': 20, 'r6id.4xlarge_use1-az6': 35, 'r6id.8xlarge_use1-az6': 5, 'r6id.large_use1-az1': 15, 'r6id.large_use1-az2': 10, 'r6id.large_use1-az4': 5, 'r6id.large_use1-az5': 15, 'r6id.large_use1-az6': 30, 'r6idn.16xlarge_use1-az4': 1, 'r6idn.16xlarge_use1-az5': 1, 'r6idn.16xlarge_use1-az6': 1, 'r6idn.24xlarge_use1-az6': 1, 'r6idn.large_use1-az1': 1, 'r6idn.large_use1-az2': 1, 'r6idn.large_use1-az4': 5, 'r6idn.large_use1-az5': 5, 'r6idn.large_use1-az6': 5, 'r6in.12xlarge_use1-az6': 5, 'r6in.16xlarge_use1-az4': 1, 'r6in.16xlarge_use1-az5': 1, 'r6in.16xlarge_use1-az6': 5, 'r6in.24xlarge_use1-az6': 1, 'r6in.8xlarge_use1-az4': 1, 'r6in.8xlarge_use1-az6': 5, 'r6in.large_use1-az1': 45, 'r6in.large_use1-az2': 50, 'r6in.large_use1-az4': 50, 'r6in.large_use1-az5': 40, 'r6in.large_use1-az6': 50, 'r7a.12xlarge_use1-az1': 1, 'r7a.12xlarge_use1-az2': 1, 'r7a.12xlarge_use1-az4': 5, 'r7a.12xlarge_use1-az6': 20, 'r7a.16xlarge_use1-az1': 1, 'r7a.16xlarge_use1-az2': 15, 'r7a.16xlarge_use1-az4': 30, 'r7a.16xlarge_use1-az6': 50, 'r7a.24xlarge_use1-az2': 10, 'r7a.24xlarge_use1-az4': 10, 'r7a.24xlarge_use1-az6': 35, 'r7a.2xlarge_use1-az1': 1, 'r7a.2xlarge_use1-az2': 5, 'r7a.2xlarge_use1-az4': 25, 'r7a.2xlarge_use1-az6': 1, 'r7a.32xlarge_use1-az2': 1, 'r7a.32xlarge_use1-az4': 1, 'r7a.32xlarge_use1-az6': 50, 'r7a.48xlarge_use1-az2': 5, 'r7a.48xlarge_use1-az4': 5, 'r7a.48xlarge_use1-az6': 50, 'r7a.4xlarge_use1-az1': 5, 'r7a.4xlarge_use1-az2': 25, 'r7a.4xlarge_use1-az4': 50, 'r7a.4xlarge_use1-az6': 50, 'r7a.8xlarge_use1-az1': 5, 'r7a.8xlarge_use1-az2': 20, 'r7a.8xlarge_use1-az4': 50, 'r7a.8xlarge_use1-az6': 50, 'r7a.large_use1-az1': 50, 'r7a.large_use1-az2': 50, 'r7a.large_use1-az4': 50, 'r7a.large_use1-az6': 50, 'r7a.medium_use1-az1': 10, 'r7a.medium_use1-az2': 25, 'r7a.medium_use1-az4': 50, 'r7a.medium_use1-az6': 50, 'r7a.xlarge_use1-az1': 20, 'r7a.xlarge_use1-az2': 50, 'r7a.xlarge_use1-az4': 50, 'r7a.xlarge_use1-az6': 25, 'r7g.12xlarge_use1-az1': 1, 'r7g.12xlarge_use1-az2': 5, 'r7g.12xlarge_use1-az4': 50, 'r7g.12xlarge_use1-az5': 1, 'r7g.12xlarge_use1-az6': 5, 'r7g.16xlarge_use1-az1': 5, 'r7g.16xlarge_use1-az2': 30, 'r7g.16xlarge_use1-az4': 50, 'r7g.16xlarge_use1-az5': 5, 'r7g.16xlarge_use1-az6': 50, 'r7g.2xlarge_use1-az1': 5, 'r7g.2xlarge_use1-az2': 10, 'r7g.2xlarge_use1-az4': 50, 'r7g.2xlarge_use1-az5': 5, 'r7g.2xlarge_use1-az6': 15, 'r7g.4xlarge_use1-az1': 5, 'r7g.4xlarge_use1-az2': 5, 'r7g.4xlarge_use1-az4': 50, 'r7g.4xlarge_use1-az5': 5, 'r7g.4xlarge_use1-az6': 15, 'r7g.8xlarge_use1-az1': 1, 'r7g.8xlarge_use1-az2': 50, 'r7g.8xlarge_use1-az4': 50, 'r7g.8xlarge_use1-az5': 50, 'r7g.8xlarge_use1-az6': 50, 'r7g.large_use1-az1': 20, 'r7g.large_use1-az2': 50, 'r7g.large_use1-az4': 50, 'r7g.large_use1-az5': 40, 'r7g.large_use1-az6': 40, 'r7g.medium_use1-az1': 50, 'r7g.medium_use1-az2': 50, 'r7g.medium_use1-az4': 50, 'r7g.medium_use1-az5': 25, 'r7g.medium_use1-az6': 50, 'r7g.xlarge_use1-az1': 50, 'r7g.xlarge_use1-az2': 50, 'r7g.xlarge_use1-az4': 50, 'r7g.xlarge_use1-az5': 10, 'r7g.xlarge_use1-az6': 50, 'r7gd.12xlarge_use1-az2': 10, 'r7gd.12xlarge_use1-az4': 35, 'r7gd.12xlarge_use1-az5': 10, 'r7gd.12xlarge_use1-az6': 50, 'r7gd.16xlarge_use1-az1': 5, 'r7gd.16xlarge_use1-az2': 50, 'r7gd.16xlarge_use1-az4': 50, 'r7gd.16xlarge_use1-az5': 50, 'r7gd.16xlarge_use1-az6': 50, 'r7gd.2xlarge_use1-az2': 25, 'r7gd.2xlarge_use1-az4': 25, 'r7gd.2xlarge_use1-az5': 40, 'r7gd.2xlarge_use1-az6': 50, 'r7gd.4xlarge_use1-az2': 20, 'r7gd.4xlarge_use1-az4': 25, 'r7gd.4xlarge_use1-az5': 30, 'r7gd.4xlarge_use1-az6': 50, 'r7gd.8xlarge_use1-az1': 1, 'r7gd.8xlarge_use1-az2': 10, 'r7gd.8xlarge_use1-az4': 30, 'r7gd.8xlarge_use1-az5': 20, 'r7gd.8xlarge_use1-az6': 50, 'r7gd.large_use1-az1': 15, 'r7gd.large_use1-az2': 10, 'r7gd.large_use1-az4': 50, 'r7gd.large_use1-az5': 15, 'r7gd.large_use1-az6': 35, 'r7gd.medium_use1-az1': 35, 'r7gd.medium_use1-az2': 15, 'r7gd.medium_use1-az4': 25, 'r7gd.medium_use1-az5': 15, 'r7gd.medium_use1-az6': 20, 'r7gd.xlarge_use1-az2': 10, 'r7gd.xlarge_use1-az4': 25, 'r7gd.xlarge_use1-az5': 10, 'r7gd.xlarge_use1-az6': 50, 'r7i.12xlarge_use1-az4': 1, 'r7i.12xlarge_use1-az6': 10, 'r7i.16xlarge_use1-az1': 5, 'r7i.16xlarge_use1-az2': 15, 'r7i.16xlarge_use1-az4': 45, 'r7i.16xlarge_use1-az5': 5, 'r7i.16xlarge_use1-az6': 50, 'r7i.24xlarge_use1-az1': 1, 'r7i.24xlarge_use1-az2': 1, 'r7i.24xlarge_use1-az4': 5, 'r7i.24xlarge_use1-az5': 5, 'r7i.24xlarge_use1-az6': 5, 'r7i.2xlarge_use1-az2': 5, 'r7i.2xlarge_use1-az4': 10, 'r7i.2xlarge_use1-az5': 5, 'r7i.2xlarge_use1-az6': 50, 'r7i.48xlarge_use1-az2': 1, 'r7i.48xlarge_use1-az4': 5, 'r7i.48xlarge_use1-az5': 1, 'r7i.48xlarge_use1-az6': 5, 'r7i.4xlarge_use1-az1': 5, 'r7i.4xlarge_use1-az2': 20, 'r7i.4xlarge_use1-az4': 10, 'r7i.4xlarge_use1-az5': 1, 'r7i.4xlarge_use1-az6': 50, 'r7i.8xlarge_use1-az1': 5, 'r7i.8xlarge_use1-az2': 25, 'r7i.8xlarge_use1-az4': 25, 'r7i.8xlarge_use1-az5': 5, 'r7i.8xlarge_use1-az6': 50, 'r7i.large_use1-az1': 15, 'r7i.large_use1-az2': 50, 'r7i.large_use1-az4': 50, 'r7i.large_use1-az5': 15, 'r7i.large_use1-az6': 50, 'r7i.xlarge_use1-az1': 5, 'r7i.xlarge_use1-az2': 15, 'r7i.xlarge_use1-az4': 10, 'r7i.xlarge_use1-az5': 15, 'r7i.xlarge_use1-az6': 50, 'r8g.12xlarge_use1-az2': 5, 'r8g.12xlarge_use1-az4': 5, 'r8g.12xlarge_use1-az6': 15, 'r8g.16xlarge_use1-az1': 1, 'r8g.16xlarge_use1-az2': 50, 'r8g.16xlarge_use1-az4': 50, 'r8g.16xlarge_use1-az5': 5, 'r8g.16xlarge_use1-az6': 50, 'r8g.24xlarge_use1-az2': 10, 'r8g.24xlarge_use1-az4': 5, 'r8g.24xlarge_use1-az5': 5, 'r8g.24xlarge_use1-az6': 35, 'r8g.2xlarge_use1-az2': 5, 'r8g.2xlarge_use1-az4': 5, 'r8g.2xlarge_use1-az5': 1, 'r8g.2xlarge_use1-az6': 5, 'r8g.48xlarge_use1-az2': 1, 'r8g.48xlarge_use1-az4': 5, 'r8g.48xlarge_use1-az6': 5, 'r8g.4xlarge_use1-az2': 10, 'r8g.4xlarge_use1-az4': 35, 'r8g.4xlarge_use1-az5': 5, 'r8g.4xlarge_use1-az6': 50, 'r8g.8xlarge_use1-az2': 40, 'r8g.8xlarge_use1-az4': 15, 'r8g.8xlarge_use1-az5': 1, 'r8g.8xlarge_use1-az6': 50, 'r8g.large_use1-az1': 5, 'r8g.large_use1-az2': 30, 'r8g.large_use1-az4': 15, 'r8g.large_use1-az5': 10, 'r8g.large_use1-az6': 20, 'r8g.medium_use1-az1': 15, 'r8g.medium_use1-az2': 30, 'r8g.medium_use1-az4': 20, 'r8g.medium_use1-az5': 5, 'r8g.medium_use1-az6': 15, 'r8g.xlarge_use1-az1': 1, 'r8g.xlarge_use1-az2': 10, 'r8g.xlarge_use1-az4': 5, 'r8g.xlarge_use1-az5': 5, 'r8g.xlarge_use1-az6': 10, 'r8gb.24xlarge_use1-az6': 1, 'r8gb.large_use1-az2': 20, 'r8gb.large_use1-az6': 25, 'r8gb.medium_use1-az2': 50, 'r8gb.metal-24xl_use1-az6': 1, 'r8gb.xlarge_use1-az6': 5, 'r8gd.12xlarge_use1-az5': 1, 'r8gd.12xlarge_use1-az6': 1, 'r8gd.16xlarge_use1-az2': 1, 'r8gd.16xlarge_use1-az4': 1, 'r8gd.16xlarge_use1-az5': 1, 'r8gd.16xlarge_use1-az6': 15, 'r8gd.24xlarge_use1-az2': 1, 'r8gd.24xlarge_use1-az5': 1, 'r8gd.24xlarge_use1-az6': 25, 'r8gd.2xlarge_use1-az2': 25, 'r8gd.2xlarge_use1-az4': 30, 'r8gd.2xlarge_use1-az6': 50, 'r8gd.48xlarge_use1-az6': 50, 'r8gd.4xlarge_use1-az2': 20, 'r8gd.4xlarge_use1-az5': 1, 'r8gd.4xlarge_use1-az6': 15, 'r8gd.8xlarge_use1-az2': 5, 'r8gd.8xlarge_use1-az4': 1, 'r8gd.8xlarge_use1-az5': 1, 'r8gd.8xlarge_use1-az6': 1, 'r8gd.large_use1-az2': 50, 'r8gd.large_use1-az5': 1, 'r8gd.large_use1-az6': 50, 'r8gd.medium_use1-az1': 5, 'r8gd.medium_use1-az2': 5, 'r8gd.medium_use1-az4': 5, 'r8gd.medium_use1-az5': 10, 'r8gd.metal-24xl_use1-az6': 1, 'r8gd.metal-48xl_use1-az6': 1, 'r8gd.xlarge_use1-az2': 25, 'r8gd.xlarge_use1-az4': 1, 'r8gd.xlarge_use1-az5': 50, 'r8gd.xlarge_use1-az6': 40, 'r8gn.24xlarge_use1-az2': 1, 'r8gn.48xlarge_use1-az6': 1, 'r8gn.8xlarge_use1-az6': 5, 'r8gn.large_use1-az2': 20, 'r8gn.large_use1-az6': 20, 'r8gn.medium_use1-az2': 35, 'r8gn.medium_use1-az4': 40, 'r8gn.metal-24xl_use1-az2': 1, 'r8gn.metal-24xl_use1-az6': 1, 'r8gn.xlarge_use1-az6': 10, 'r8i-flex.2xlarge_use1-az2': 1, 'r8i-flex.2xlarge_use1-az6': 5, 'r8i-flex.4xlarge_use1-az2': 1, 'r8i-flex.4xlarge_use1-az6': 1, 'r8i-flex.large_use1-az2': 1, 'r8i-flex.large_use1-az6': 5, 'r8i-flex.xlarge_use1-az2': 5, 'r8i-flex.xlarge_use1-az6': 1, 'r8i.12xlarge_use1-az2': 1, 'r8i.12xlarge_use1-az6': 1, 'r8i.16xlarge_use1-az2': 1, 'r8i.16xlarge_use1-az6': 1, 'r8i.24xlarge_use1-az6': 1, 'r8i.2xlarge_use1-az2': 5, 'r8i.2xlarge_use1-az6': 5, 'r8i.32xlarge_use1-az2': 1, 'r8i.32xlarge_use1-az6': 1, 'r8i.48xlarge_use1-az2': 1, 'r8i.48xlarge_use1-az6': 1, 'r8i.4xlarge_use1-az2': 1, 'r8i.4xlarge_use1-az6': 5, 'r8i.8xlarge_use1-az2': 1, 'r8i.8xlarge_use1-az6': 5, 'r8i.96xlarge_use1-az2': 1, 'r8i.96xlarge_use1-az6': 1, 'r8i.large_use1-az2': 20, 'r8i.large_use1-az6': 20, 'r8i.xlarge_use1-az2': 5, 'r8i.xlarge_use1-az6': 5, 't2.2xlarge_use1-az1': 50, 't2.2xlarge_use1-az2': 50, 't2.2xlarge_use1-az3': 15, 't2.2xlarge_use1-az4': 50, 't2.2xlarge_use1-az5': 50, 't2.2xlarge_use1-az6': 50, 't2.large_use1-az1': 20, 't2.large_use1-az2': 50, 't2.large_use1-az3': 50, 't2.large_use1-az4': 50, 't2.large_use1-az5': 25, 't2.large_use1-az6': 50, 't2.medium_use1-az1': 50, 't2.medium_use1-az2': 50, 't2.medium_use1-az3': 50, 't2.medium_use1-az4': 50, 't2.medium_use1-az5': 50, 't2.medium_use1-az6': 50, 't2.xlarge_use1-az1': 35, 't2.xlarge_use1-az2': 50, 't2.xlarge_use1-az3': 20, 't2.xlarge_use1-az4': 50, 't2.xlarge_use1-az5': 5, 't2.xlarge_use1-az6': 50, 't3.2xlarge_use1-az1': 50, 't3.2xlarge_use1-az2': 50, 't3.2xlarge_use1-az4': 50, 't3.2xlarge_use1-az5': 50, 't3.2xlarge_use1-az6': 50, 't3.large_use1-az1': 50, 't3.large_use1-az2': 50, 't3.large_use1-az4': 50, 't3.large_use1-az5': 50, 't3.large_use1-az6': 50, 't3.medium_use1-az1': 50, 't3.medium_use1-az2': 50, 't3.medium_use1-az4': 50, 't3.medium_use1-az5': 50, 't3.medium_use1-az6': 50, 't3.xlarge_use1-az1': 50, 't3.xlarge_use1-az2': 50, 't3.xlarge_use1-az4': 50, 't3.xlarge_use1-az5': 50, 't3.xlarge_use1-az6': 50, 't3a.2xlarge_use1-az1': 50, 't3a.2xlarge_use1-az2': 50, 't3a.2xlarge_use1-az4': 50, 't3a.2xlarge_use1-az5': 50, 't3a.2xlarge_use1-az6': 50, 't3a.large_use1-az1': 50, 't3a.large_use1-az2': 50, 't3a.large_use1-az4': 50, 't3a.large_use1-az5': 5, 't3a.large_use1-az6': 50, 't3a.medium_use1-az1': 50, 't3a.medium_use1-az2': 50, 't3a.medium_use1-az4': 50, 't3a.medium_use1-az6': 50, 't3a.xlarge_use1-az1': 25, 't3a.xlarge_use1-az2': 50, 't3a.xlarge_use1-az4': 50, 't3a.xlarge_use1-az5': 15, 't3a.xlarge_use1-az6': 50, 't4g.2xlarge_use1-az1': 5, 't4g.2xlarge_use1-az2': 15, 't4g.2xlarge_use1-az4': 5, 't4g.2xlarge_use1-az5': 10, 't4g.2xlarge_use1-az6': 10, 't4g.large_use1-az1': 1, 't4g.large_use1-az2': 15, 't4g.large_use1-az4': 50, 't4g.large_use1-az5': 25, 't4g.large_use1-az6': 35, 't4g.medium_use1-az2': 50, 't4g.medium_use1-az4': 50, 't4g.medium_use1-az5': 35, 't4g.medium_use1-az6': 50, 't4g.xlarge_use1-az1': 30, 't4g.xlarge_use1-az2': 15, 't4g.xlarge_use1-az4': 50, 't4g.xlarge_use1-az5': 5, 't4g.xlarge_use1-az6': 10, 'trn1.32xlarge_use1-az6': 50, 'trn1n.32xlarge_use1-az6': 50, 'x1.32xlarge_use1-az6': 1, 'x2gd.12xlarge_use1-az5': 5, 'x2gd.16xlarge_use1-az5': 1, 'x2gd.16xlarge_use1-az6': 15, 'x2gd.2xlarge_use1-az5': 5, 'x2gd.2xlarge_use1-az6': 30, 'x2gd.4xlarge_use1-az4': 5, 'x2gd.4xlarge_use1-az5': 1, 'x2gd.4xlarge_use1-az6': 35, 'x2gd.8xlarge_use1-az4': 1, 'x2gd.8xlarge_use1-az5': 1, 'x2gd.8xlarge_use1-az6': 5, 'x2gd.large_use1-az2': 25, 'x2gd.large_use1-az4': 15, 'x2gd.large_use1-az6': 50, 'x2gd.medium_use1-az1': 25, 'x2gd.medium_use1-az2': 35, 'x2gd.medium_use1-az4': 50, 'x2gd.medium_use1-az5': 50, 'x2gd.medium_use1-az6': 50, 'x2gd.xlarge_use1-az1': 5, 'x2gd.xlarge_use1-az5': 15, 'x2idn.24xlarge_use1-az4': 1, 'x2idn.24xlarge_use1-az5': 1, 'x2idn.32xlarge_use1-az5': 1, 'x8g.12xlarge_use1-az4': 20, 'x8g.12xlarge_use1-az6': 1, 'x8g.16xlarge_use1-az1': 1, 'x8g.16xlarge_use1-az2': 5, 'x8g.16xlarge_use1-az4': 5, 'x8g.16xlarge_use1-az6': 5, 'x8g.24xlarge_use1-az1': 1, 'x8g.24xlarge_use1-az2': 5, 'x8g.24xlarge_use1-az4': 5, 'x8g.24xlarge_use1-az6': 10, 'x8g.2xlarge_use1-az2': 10, 'x8g.2xlarge_use1-az4': 10, 'x8g.2xlarge_use1-az6': 25, 'x8g.48xlarge_use1-az1': 1, 'x8g.48xlarge_use1-az2': 1, 'x8g.48xlarge_use1-az4': 10, 'x8g.48xlarge_use1-az6': 1, 'x8g.4xlarge_use1-az2': 5, 'x8g.4xlarge_use1-az4': 5, 'x8g.4xlarge_use1-az6': 10, 'x8g.8xlarge_use1-az2': 15, 'x8g.8xlarge_use1-az4': 20, 'x8g.8xlarge_use1-az6': 5, 'x8g.large_use1-az1': 30, 'x8g.large_use1-az4': 50, 'x8g.large_use1-az6': 50, 'x8g.medium_use1-az1': 50, 'x8g.medium_use1-az4': 50, 'x8g.medium_use1-az6': 50, 'x8g.metal-24xl_use1-az1': 1, 'x8g.metal-24xl_use1-az2': 1, 'x8g.metal-24xl_use1-az4': 1, 'x8g.metal-24xl_use1-az6': 10, 'x8g.metal-48xl_use1-az2': 1, 'x8g.metal-48xl_use1-az4': 1, 'x8g.metal-48xl_use1-az6': 1, 'x8g.xlarge_use1-az1': 10, 'x8g.xlarge_use1-az2': 20, 'x8g.xlarge_use1-az4': 40, 'x8g.xlarge_use1-az6': 50, 'z1d.12xlarge_use1-az1': 1, 'z1d.12xlarge_use1-az2': 1, 'z1d.12xlarge_use1-az4': 1, 'z1d.12xlarge_use1-az5': 1, 'z1d.12xlarge_use1-az6': 5, 'z1d.2xlarge_use1-az2': 5, 'z1d.2xlarge_use1-az5': 1, 'z1d.2xlarge_use1-az6': 15, 'z1d.3xlarge_use1-az2': 5, 'z1d.3xlarge_use1-az5': 5, 'z1d.3xlarge_use1-az6': 5, 'z1d.6xlarge_use1-az1': 1, 'z1d.6xlarge_use1-az2': 1, 'z1d.6xlarge_use1-az4': 1, 'z1d.6xlarge_use1-az6': 1, 'z1d.large_use1-az1': 15, 'z1d.large_use1-az2': 5, 'z1d.large_use1-az4': 25, 'z1d.large_use1-az5': 10, 'z1d.large_use1-az6': 25, 'z1d.xlarge_use1-az1': 10, 'z1d.xlarge_use1-az2': 20, 'z1d.xlarge_use1-az4': 30, 'z1d.xlarge_use1-az5': 1, 'z1d.xlarge_use1-az6': 20}"
0.6,20636.522199999967,26056379822,1262634.2544743519,988930,988830,"{'c5.12xlarge_use1-az1': 50, 'c5.12xlarge_use1-az2': 50, 'c5.12xlarge_use1-az4': 50, 'c5.12xlarge_use1-az6': 50, 'c5.18xlarge_use1-az1': 5, 'c5.18xlarge_use1-az2': 50, 'c5.18xlarge_use1-az4': 15, 'c5.18xlarge_use1-az5': 10, 'c5.18xlarge_use1-az6': 1, 'c5.24xlarge_use1-az1': 1, 'c5.24xlarge_use1-az2': 5, 'c5.24xlarge_use1-az4': 5, 'c5.24xlarge_use1-az5': 1, 'c5.24xlarge_use1-az6': 5, 'c5.2xlarge_use1-az6': 50, 'c5.4xlarge_use1-az1': 50, 'c5.4xlarge_use1-az2': 50, 'c5.4xlarge_use1-az4': 50, 'c5.4xlarge_use1-az6': 50, 'c5.large_use1-az2': 50, 'c5.large_use1-az4': 50, 'c5.large_use1-az5': 50, 'c5.large_use1-az6': 50, 'c5a.12xlarge_use1-az1': 5, 'c5a.12xlarge_use1-az2': 10, 'c5a.12xlarge_use1-az4': 15, 'c5a.24xlarge_use1-az2': 1, 'c5a.24xlarge_use1-az4': 1, 'c5a.2xlarge_use1-az5': 15, 'c5a.2xlarge_use1-az6': 50, 'c5a.large_use1-az2': 50, 'c5a.large_use1-az4': 50, 'c5a.large_use1-az5': 45, 'c5a.large_use1-az6': 50, 'c5a.xlarge_use1-az5': 50, 'c5ad.16xlarge_use1-az4': 1, 'c5ad.24xlarge_use1-az2': 1, 'c5ad.24xlarge_use1-az4': 1, 'c5ad.24xlarge_use1-az6': 5, 'c5ad.8xlarge_use1-az5': 1, 'c5d.18xlarge_use1-az1': 5, 'c5d.18xlarge_use1-az2': 50, 'c5d.18xlarge_use1-az4': 50, 'c5d.18xlarge_use1-az5': 5, 'c5d.18xlarge_use1-az6': 30, 'c5d.24xlarge_use1-az2': 35, 'c5d.24xlarge_use1-az4': 25, 'c5d.24xlarge_use1-az6': 50, 'c5d.xlarge_use1-az5': 50, 'c5n.18xlarge_use1-az1': 30, 'c5n.18xlarge_use1-az2': 5, 'c5n.2xlarge_use1-az5': 10, 'c5n.large_use1-az5': 5, 'c6a.12xlarge_use1-az1': 5, 'c6a.12xlarge_use1-az2': 50, 'c6a.12xlarge_use1-az4': 50, 'c6a.12xlarge_use1-az5': 1, 'c6a.12xlarge_use1-az6': 15, 'c6a.16xlarge_use1-az1': 1, 'c6a.16xlarge_use1-az2': 5, 'c6a.16xlarge_use1-az4': 10, 'c6a.16xlarge_use1-az5': 1, 'c6a.16xlarge_use1-az6': 15, 'c6a.24xlarge_use1-az1': 1, 'c6a.24xlarge_use1-az2': 5, 'c6a.24xlarge_use1-az4': 5, 'c6a.24xlarge_use1-az5': 5, 'c6a.24xlarge_use1-az6': 20, 'c6a.2xlarge_use1-az1': 10, 'c6a.2xlarge_use1-az2': 40, 'c6a.2xlarge_use1-az4': 50, 'c6a.2xlarge_use1-az5': 10, 'c6a.2xlarge_use1-az6': 50, 'c6a.32xlarge_use1-az2': 1, 'c6a.32xlarge_use1-az4': 1, 'c6a.32xlarge_use1-az5': 1, 'c6a.32xlarge_use1-az6': 5, 'c6a.48xlarge_use1-az2': 1, 'c6a.48xlarge_use1-az4': 10, 'c6a.48xlarge_use1-az5': 5, 'c6a.48xlarge_use1-az6': 25, 'c6a.4xlarge_use1-az2': 15, 'c6a.4xlarge_use1-az4': 30, 'c6a.4xlarge_use1-az5': 15, 'c6a.4xlarge_use1-az6': 50, 'c6a.8xlarge_use1-az1': 5, 'c6a.8xlarge_use1-az2': 50, 'c6a.8xlarge_use1-az4': 30, 'c6a.8xlarge_use1-az5': 25, 'c6a.8xlarge_use1-az6': 50, 'c6a.large_use1-az1': 45, 'c6a.large_use1-az2': 50, 'c6a.large_use1-az4': 50, 'c6a.large_use1-az5': 50, 'c6a.large_use1-az6': 20, 'c6a.xlarge_use1-az1': 15, 'c6a.xlarge_use1-az2': 25, 'c6a.xlarge_use1-az4': 25, 'c6a.xlarge_use1-az5': 15, 'c6a.xlarge_use1-az6': 25, 'c6g.12xlarge_use1-az1': 15, 'c6g.12xlarge_use1-az2': 25, 'c6g.12xlarge_use1-az4': 50, 'c6g.12xlarge_use1-az5': 5, 'c6g.12xlarge_use1-az6': 50, 'c6g.16xlarge_use1-az1': 1, 'c6g.16xlarge_use1-az2': 15, 'c6g.16xlarge_use1-az4': 50, 'c6g.16xlarge_use1-az5': 5, 'c6g.16xlarge_use1-az6': 50, 'c6g.2xlarge_use1-az2': 50, 'c6g.2xlarge_use1-az4': 50, 'c6g.2xlarge_use1-az5': 15, 'c6g.2xlarge_use1-az6': 50, 'c6g.4xlarge_use1-az1': 50, 'c6g.4xlarge_use1-az2': 50, 'c6g.4xlarge_use1-az4': 50, 'c6g.4xlarge_use1-az5': 50, 'c6g.4xlarge_use1-az6': 50, 'c6g.8xlarge_use1-az1': 50, 'c6g.8xlarge_use1-az2': 50, 'c6g.8xlarge_use1-az4': 50, 'c6g.8xlarge_use1-az5': 50, 'c6g.8xlarge_use1-az6': 50, 'c6g.large_use1-az2': 50, 'c6g.large_use1-az4': 50, 'c6g.large_use1-az5': 50, 'c6g.large_use1-az6': 50, 'c6g.xlarge_use1-az4': 50, 'c6g.xlarge_use1-az6': 50, 'c6gd.12xlarge_use1-az2': 50, 'c6gd.12xlarge_use1-az4': 30, 'c6gd.12xlarge_use1-az5': 1, 'c6gd.12xlarge_use1-az6': 50, 'c6gd.16xlarge_use1-az2': 50, 'c6gd.16xlarge_use1-az4': 30, 'c6gd.16xlarge_use1-az6': 50, 'c6gd.2xlarge_use1-az1': 15, 'c6gd.2xlarge_use1-az2': 50, 'c6gd.2xlarge_use1-az4': 50, 'c6gd.2xlarge_use1-az5': 1, 'c6gd.2xlarge_use1-az6': 50, 'c6gd.4xlarge_use1-az2': 50, 'c6gd.4xlarge_use1-az4': 50, 'c6gd.4xlarge_use1-az5': 10, 'c6gd.4xlarge_use1-az6': 50, 'c6gd.8xlarge_use1-az2': 45, 'c6gd.8xlarge_use1-az4': 45, 'c6gd.8xlarge_use1-az5': 1, 'c6gd.8xlarge_use1-az6': 50, 'c6gd.large_use1-az2': 5, 'c6gd.large_use1-az4': 20, 'c6gd.large_use1-az5': 1, 'c6gn.12xlarge_use1-az2': 25, 'c6gn.12xlarge_use1-az4': 50, 'c6gn.12xlarge_use1-az5': 1, 'c6gn.16xlarge_use1-az1': 1, 'c6gn.16xlarge_use1-az4': 50, 'c6gn.16xlarge_use1-az5': 10, 'c6gn.4xlarge_use1-az5': 10, 'c6gn.8xlarge_use1-az2': 35, 'c6gn.8xlarge_use1-az4': 30, 'c6gn.8xlarge_use1-az5': 5, 'c6gn.8xlarge_use1-az6': 5, 'c6gn.large_use1-az6': 1, 'c6i.12xlarge_use1-az1': 15, 'c6i.12xlarge_use1-az2': 15, 'c6i.12xlarge_use1-az4': 30, 'c6i.12xlarge_use1-az5': 5, 'c6i.12xlarge_use1-az6': 5, 'c6i.16xlarge_use1-az1': 5, 'c6i.16xlarge_use1-az2': 15, 'c6i.16xlarge_use1-az4': 25, 'c6i.16xlarge_use1-az5': 10, 'c6i.16xlarge_use1-az6': 30, 'c6i.24xlarge_use1-az1': 5, 'c6i.24xlarge_use1-az4': 10, 'c6i.24xlarge_use1-az5': 1, 'c6i.24xlarge_use1-az6': 15, 'c6i.32xlarge_use1-az1': 10, 'c6i.32xlarge_use1-az2': 5, 'c6i.32xlarge_use1-az4': 50, 'c6i.32xlarge_use1-az5': 1, 'c6i.32xlarge_use1-az6': 40, 'c6i.8xlarge_use1-az4': 50, 'c6i.8xlarge_use1-az5': 10, 'c6i.8xlarge_use1-az6': 50, 'c6i.large_use1-az1': 10, 'c6i.large_use1-az2': 40, 'c6i.large_use1-az4': 30, 'c6i.large_use1-az5': 10, 'c6i.xlarge_use1-az1': 50, 'c6i.xlarge_use1-az2': 45, 'c6i.xlarge_use1-az4': 35, 'c6i.xlarge_use1-az5': 10, 'c6i.xlarge_use1-az6': 50, 'c6id.12xlarge_use1-az2': 1, 'c6id.12xlarge_use1-az4': 5, 'c6id.12xlarge_use1-az6': 5, 'c6id.16xlarge_use1-az1': 1, 'c6id.16xlarge_use1-az2': 5, 'c6id.16xlarge_use1-az4': 5, 'c6id.16xlarge_use1-az5': 1, 'c6id.16xlarge_use1-az6': 1, 'c6id.24xlarge_use1-az1': 5, 'c6id.24xlarge_use1-az2': 15, 'c6id.24xlarge_use1-az4': 5, 'c6id.24xlarge_use1-az5': 1, 'c6id.24xlarge_use1-az6': 10, 'c6id.32xlarge_use1-az1': 1, 'c6id.32xlarge_use1-az2': 5, 'c6id.32xlarge_use1-az4': 10, 'c6id.32xlarge_use1-az5': 1, 'c6id.32xlarge_use1-az6': 5, 'c6id.large_use1-az5': 5, 'c6id.xlarge_use1-az2': 1, 'c6id.xlarge_use1-az5': 1, 'c6id.xlarge_use1-az6': 1, 'c6in.32xlarge_use1-az6': 1, 'c6in.4xlarge_use1-az2': 5, 'c6in.large_use1-az2': 1, 'c6in.large_use1-az4': 1, 'c6in.large_use1-az5': 1, 'c7a.12xlarge_use1-az1': 5, 'c7a.12xlarge_use1-az2': 5, 'c7a.12xlarge_use1-az4': 1, 'c7a.12xlarge_use1-az6': 15, 'c7a.16xlarge_use1-az1': 1, 'c7a.16xlarge_use1-az2': 1, 'c7a.16xlarge_use1-az6': 5, 'c7a.24xlarge_use1-az1': 1, 'c7a.24xlarge_use1-az2': 1, 'c7a.24xlarge_use1-az5': 1, 'c7a.24xlarge_use1-az6': 5, 'c7a.2xlarge_use1-az1': 1, 'c7a.2xlarge_use1-az2': 1, 'c7a.2xlarge_use1-az5': 1, 'c7a.32xlarge_use1-az1': 1, 'c7a.32xlarge_use1-az2': 1, 'c7a.32xlarge_use1-az6': 15, 'c7a.48xlarge_use1-az1': 1, 'c7a.48xlarge_use1-az2': 1, 'c7a.48xlarge_use1-az5': 1, 'c7a.48xlarge_use1-az6': 20, 'c7a.4xlarge_use1-az1': 5, 'c7a.4xlarge_use1-az2': 10, 'c7a.4xlarge_use1-az4': 5, 'c7a.4xlarge_use1-az5': 1, 'c7a.4xlarge_use1-az6': 50, 'c7a.large_use1-az1': 15, 'c7a.large_use1-az2': 25, 'c7a.large_use1-az4': 30, 'c7a.large_use1-az5': 10, 'c7a.large_use1-az6': 50, 'c7a.xlarge_use1-az5': 5, 'c7a.xlarge_use1-az6': 15, 'c7g.12xlarge_use1-az1': 15, 'c7g.12xlarge_use1-az2': 50, 'c7g.12xlarge_use1-az4': 15, 'c7g.12xlarge_use1-az5': 1, 'c7g.12xlarge_use1-az6': 50, 'c7g.16xlarge_use1-az1': 25, 'c7g.16xlarge_use1-az2': 40, 'c7g.16xlarge_use1-az4': 50, 'c7g.16xlarge_use1-az5': 10, 'c7g.16xlarge_use1-az6': 50, 'c7g.2xlarge_use1-az1': 50, 'c7g.2xlarge_use1-az2': 50, 'c7g.2xlarge_use1-az4': 50, 'c7g.2xlarge_use1-az5': 50, 'c7g.2xlarge_use1-az6': 50, 'c7g.4xlarge_use1-az1': 50, 'c7g.4xlarge_use1-az2': 50, 'c7g.4xlarge_use1-az4': 50, 'c7g.4xlarge_use1-az5': 50, 'c7g.4xlarge_use1-az6': 50, 'c7g.8xlarge_use1-az1': 50, 'c7g.8xlarge_use1-az2': 50, 'c7g.8xlarge_use1-az4': 50, 'c7g.8xlarge_use1-az5': 50, 'c7g.8xlarge_use1-az6': 50, 'c7g.large_use1-az5': 10, 'c7g.xlarge_use1-az2': 50, 'c7g.xlarge_use1-az4': 50, 'c7g.xlarge_use1-az5': 50, 'c7g.xlarge_use1-az6': 50, 'c7gd.12xlarge_use1-az1': 5, 'c7gd.12xlarge_use1-az4': 15, 'c7gd.12xlarge_use1-az5': 15, 'c7gd.12xlarge_use1-az6': 50, 'c7gd.16xlarge_use1-az1': 5, 'c7gd.16xlarge_use1-az2': 30, 'c7gd.16xlarge_use1-az4': 40, 'c7gd.16xlarge_use1-az5': 1, 'c7gd.16xlarge_use1-az6': 50, 'c7gd.2xlarge_use1-az1': 15, 'c7gd.2xlarge_use1-az2': 50, 'c7gd.2xlarge_use1-az4': 50, 'c7gd.2xlarge_use1-az5': 5, 'c7gd.2xlarge_use1-az6': 50, 'c7gd.4xlarge_use1-az1': 30, 'c7gd.4xlarge_use1-az2': 25, 'c7gd.4xlarge_use1-az4': 50, 'c7gd.4xlarge_use1-az5': 1, 'c7gd.4xlarge_use1-az6': 50, 'c7gd.8xlarge_use1-az1': 5, 'c7gd.8xlarge_use1-az2': 15, 'c7gd.8xlarge_use1-az4': 10, 'c7gd.8xlarge_use1-az5': 5, 'c7gd.8xlarge_use1-az6': 20, 'c7gd.large_use1-az5': 10, 'c7gd.xlarge_use1-az1': 15, 'c7gd.xlarge_use1-az5': 15, 'c7gn.12xlarge_use1-az5': 1, 'c7gn.16xlarge_use1-az6': 20, 'c7gn.2xlarge_use1-az5': 1, 'c7gn.4xlarge_use1-az6': 50, 'c7gn.8xlarge_use1-az6': 5, 'c7i-flex.2xlarge_use1-az5': 15, 'c7i-flex.4xlarge_use1-az2': 1, 'c7i-flex.4xlarge_use1-az4': 1, 'c7i-flex.4xlarge_use1-az6': 5, 'c7i-flex.8xlarge_use1-az1': 1, 'c7i-flex.8xlarge_use1-az2': 1, 'c7i-flex.8xlarge_use1-az4': 1, 'c7i-flex.8xlarge_use1-az6': 5, 'c7i-flex.large_use1-az1': 40, 'c7i-flex.large_use1-az2': 50, 'c7i-flex.large_use1-az4': 10, 'c7i-flex.large_use1-az5': 1, 'c7i-flex.large_use1-az6': 50, 'c7i-flex.xlarge_use1-az2': 50, 'c7i-flex.xlarge_use1-az4': 50, 'c7i-flex.xlarge_use1-az5': 5, 'c7i.12xlarge_use1-az1': 5, 'c7i.12xlarge_use1-az2': 15, 'c7i.12xlarge_use1-az4': 15, 'c7i.12xlarge_use1-az6': 5, 'c7i.16xlarge_use1-az1': 1, 'c7i.16xlarge_use1-az2': 5, 'c7i.16xlarge_use1-az4': 1, 'c7i.16xlarge_use1-az6': 15, 'c7i.24xlarge_use1-az1': 5, 'c7i.24xlarge_use1-az6': 15, 'c7i.2xlarge_use1-az1': 10, 'c7i.2xlarge_use1-az2': 10, 'c7i.2xlarge_use1-az4': 10, 'c7i.2xlarge_use1-az5': 5, 'c7i.2xlarge_use1-az6': 25, 'c7i.48xlarge_use1-az1': 10, 'c7i.48xlarge_use1-az2': 10, 'c7i.48xlarge_use1-az4': 5, 'c7i.48xlarge_use1-az5': 1, 'c7i.48xlarge_use1-az6': 50, 'c7i.4xlarge_use1-az1': 5, 'c7i.4xlarge_use1-az2': 5, 'c7i.4xlarge_use1-az4': 5, 'c7i.4xlarge_use1-az5': 1, 'c7i.4xlarge_use1-az6': 15, 'c7i.8xlarge_use1-az1': 1, 'c7i.8xlarge_use1-az2': 5, 'c7i.8xlarge_use1-az4': 5, 'c7i.8xlarge_use1-az6': 10, 'c7i.large_use1-az1': 45, 'c7i.large_use1-az2': 50, 'c7i.large_use1-az4': 50, 'c7i.large_use1-az5': 5, 'c7i.large_use1-az6': 50, 'c7i.xlarge_use1-az1': 5, 'c7i.xlarge_use1-az2': 10, 'c7i.xlarge_use1-az4': 5, 'c7i.xlarge_use1-az5': 1, 'c7i.xlarge_use1-az6': 5, 'c8g.12xlarge_use1-az1': 1, 'c8g.12xlarge_use1-az2': 5, 'c8g.12xlarge_use1-az4': 1, 'c8g.12xlarge_use1-az6': 25, 'c8g.16xlarge_use1-az1': 10, 'c8g.16xlarge_use1-az2': 5, 'c8g.16xlarge_use1-az4': 1, 'c8g.16xlarge_use1-az6': 50, 'c8g.24xlarge_use1-az1': 5, 'c8g.24xlarge_use1-az2': 10, 'c8g.24xlarge_use1-az4': 1, 'c8g.24xlarge_use1-az6': 25, 'c8g.2xlarge_use1-az1': 5, 'c8g.2xlarge_use1-az2': 5, 'c8g.2xlarge_use1-az4': 50, 'c8g.2xlarge_use1-az5': 1, 'c8g.2xlarge_use1-az6': 50, 'c8g.48xlarge_use1-az1': 1, 'c8g.48xlarge_use1-az2': 5, 'c8g.48xlarge_use1-az6': 50, 'c8g.4xlarge_use1-az1': 35, 'c8g.4xlarge_use1-az2': 15, 'c8g.4xlarge_use1-az4': 20, 'c8g.4xlarge_use1-az5': 10, 'c8g.4xlarge_use1-az6': 50, 'c8g.8xlarge_use1-az1': 1, 'c8g.8xlarge_use1-az2': 5, 'c8g.8xlarge_use1-az4': 5, 'c8g.8xlarge_use1-az6': 50, 'c8g.large_use1-az1': 5, 'c8g.large_use1-az2': 20, 'c8g.large_use1-az4': 5, 'c8g.large_use1-az5': 1, 'c8g.large_use1-az6': 40, 'c8g.metal-24xl_use1-az2': 1, 'c8g.metal-24xl_use1-az6': 20, 'c8g.metal-48xl_use1-az1': 1, 'c8g.metal-48xl_use1-az2': 1, 'c8g.metal-48xl_use1-az6': 50, 'c8g.xlarge_use1-az1': 5, 'c8g.xlarge_use1-az2': 30, 'c8g.xlarge_use1-az4': 5, 'c8g.xlarge_use1-az5': 1, 'c8g.xlarge_use1-az6': 50, 'c8gd.12xlarge_use1-az2': 5, 'c8gd.12xlarge_use1-az4': 5, 'c8gd.12xlarge_use1-az5': 1, 'c8gd.12xlarge_use1-az6': 5, 'c8gd.16xlarge_use1-az2': 10, 'c8gd.16xlarge_use1-az4': 10, 'c8gd.16xlarge_use1-az5': 5, 'c8gd.16xlarge_use1-az6': 50, 'c8gd.24xlarge_use1-az2': 1, 'c8gd.24xlarge_use1-az4': 5, 'c8gd.24xlarge_use1-az5': 1, 'c8gd.24xlarge_use1-az6': 5, 'c8gd.2xlarge_use1-az2': 50, 'c8gd.2xlarge_use1-az4': 50, 'c8gd.2xlarge_use1-az5': 10, 'c8gd.2xlarge_use1-az6': 50, 'c8gd.48xlarge_use1-az2': 1, 'c8gd.48xlarge_use1-az6': 15, 'c8gd.4xlarge_use1-az2': 10, 'c8gd.4xlarge_use1-az4': 30, 'c8gd.4xlarge_use1-az5': 1, 'c8gd.4xlarge_use1-az6': 50, 'c8gd.8xlarge_use1-az5': 1, 'c8gd.large_use1-az2': 40, 'c8gd.large_use1-az4': 35, 'c8gd.metal-24xl_use1-az2': 1, 'c8gd.metal-24xl_use1-az4': 1, 'c8gd.metal-24xl_use1-az5': 1, 'c8gd.metal-24xl_use1-az6': 5, 'c8gd.metal-48xl_use1-az2': 1, 'c8gd.metal-48xl_use1-az6': 1, 'c8gd.xlarge_use1-az1': 1, 'c8gd.xlarge_use1-az2': 20, 'c8gd.xlarge_use1-az4': 20, 'c8gd.xlarge_use1-az5': 15, 'c8gd.xlarge_use1-az6': 50, 'c8gn.2xlarge_use1-az2': 1, 'c8gn.4xlarge_use1-az2': 1, 'c8gn.4xlarge_use1-az5': 1, 'c8gn.large_use1-az6': 1, 'c8i-flex.12xlarge_use1-az6': 1, 'c8i-flex.16xlarge_use1-az6': 1, 'c8i-flex.2xlarge_use1-az2': 25, 'c8i-flex.2xlarge_use1-az4': 15, 'c8i-flex.2xlarge_use1-az6': 50, 'c8i-flex.4xlarge_use1-az2': 5, 'c8i-flex.4xlarge_use1-az4': 1, 'c8i-flex.4xlarge_use1-az6': 5, 'c8i-flex.8xlarge_use1-az6': 1, 'c8i-flex.large_use1-az4': 20, 'c8i-flex.xlarge_use1-az2': 40, 'c8i-flex.xlarge_use1-az4': 5, 'c8i-flex.xlarge_use1-az6': 50, 'c8i.12xlarge_use1-az2': 1, 'c8i.12xlarge_use1-az4': 1, 'c8i.12xlarge_use1-az6': 1, 'c8i.16xlarge_use1-az6': 1, 'c8i.24xlarge_use1-az6': 1, 'c8i.2xlarge_use1-az2': 10, 'c8i.2xlarge_use1-az4': 5, 'c8i.2xlarge_use1-az6': 20, 'c8i.32xlarge_use1-az2': 1, 'c8i.32xlarge_use1-az4': 1, 'c8i.32xlarge_use1-az6': 5, 'c8i.48xlarge_use1-az2': 1, 'c8i.48xlarge_use1-az6': 1, 'c8i.4xlarge_use1-az2': 5, 'c8i.4xlarge_use1-az4': 5, 'c8i.4xlarge_use1-az6': 5, 'c8i.8xlarge_use1-az2': 1, 'c8i.8xlarge_use1-az4': 1, 'c8i.8xlarge_use1-az6': 5, 'c8i.96xlarge_use1-az2': 1, 'c8i.96xlarge_use1-az6': 5, 'c8i.metal-48xl_use1-az2': 1, 'c8i.metal-96xl_use1-az2': 1, 'c8i.metal-96xl_use1-az6': 5, 'c8i.xlarge_use1-az2': 50, 'c8i.xlarge_use1-az4': 15, 'c8i.xlarge_use1-az6': 50, 'd3en.12xlarge_use1-az6': 50, 'f2.12xlarge_use1-az2': 1, 'f2.12xlarge_use1-az4': 1, 'f2.12xlarge_use1-az6': 1, 'f2.48xlarge_use1-az2': 5, 'f2.48xlarge_use1-az4': 5, 'f2.48xlarge_use1-az6': 1, 'g4ad.16xlarge_use1-az1': 5, 'g4ad.16xlarge_use1-az2': 5, 'g4ad.16xlarge_use1-az4': 5, 'g4ad.16xlarge_use1-az6': 10, 'g4ad.2xlarge_use1-az1': 5, 'g4ad.2xlarge_use1-az2': 10, 'g4ad.2xlarge_use1-az4': 10, 'g4ad.2xlarge_use1-az6': 10, 'g4ad.4xlarge_use1-az1': 10, 'g4ad.4xlarge_use1-az2': 15, 'g4ad.4xlarge_use1-az4': 15, 'g4ad.4xlarge_use1-az6': 5, 'g4ad.8xlarge_use1-az1': 1, 'g4ad.8xlarge_use1-az2': 5, 'g4ad.8xlarge_use1-az4': 5, 'g4ad.8xlarge_use1-az6': 5, 'g4ad.xlarge_use1-az1': 20, 'g4ad.xlarge_use1-az2': 20, 'g4ad.xlarge_use1-az4': 25, 'g4ad.xlarge_use1-az6': 20, 'g4dn.12xlarge_use1-az2': 15, 'g4dn.12xlarge_use1-az4': 15, 'g4dn.12xlarge_use1-az5': 15, 'g4dn.12xlarge_use1-az6': 50, 'g4dn.16xlarge_use1-az1': 1, 'g4dn.16xlarge_use1-az2': 10, 'g4dn.16xlarge_use1-az4': 1, 'g4dn.16xlarge_use1-az5': 5, 'g4dn.16xlarge_use1-az6': 15, 'g4dn.4xlarge_use1-az1': 5, 'g4dn.4xlarge_use1-az2': 40, 'g4dn.4xlarge_use1-az4': 25, 'g4dn.4xlarge_use1-az5': 40, 'g4dn.4xlarge_use1-az6': 40, 'g4dn.8xlarge_use1-az1': 1, 'g4dn.8xlarge_use1-az2': 1, 'g4dn.8xlarge_use1-az4': 10, 'g4dn.8xlarge_use1-az5': 1, 'g4dn.8xlarge_use1-az6': 5, 'g5.16xlarge_use1-az1': 1, 'g5.16xlarge_use1-az2': 1, 'g5.16xlarge_use1-az4': 5, 'g5.16xlarge_use1-az5': 5, 'g5.16xlarge_use1-az6': 10, 'g5.24xlarge_use1-az1': 1, 'g5.24xlarge_use1-az2': 1, 'g5.24xlarge_use1-az4': 1, 'g5.24xlarge_use1-az5': 1, 'g5.24xlarge_use1-az6': 5, 'g5.48xlarge_use1-az2': 1, 'g5.48xlarge_use1-az5': 5, 'g5.48xlarge_use1-az6': 25, 'g5.4xlarge_use1-az1': 1, 'g5.8xlarge_use1-az1': 1, 'g5.8xlarge_use1-az2': 5, 'g5.8xlarge_use1-az4': 10, 'g5.8xlarge_use1-az5': 20, 'g5.8xlarge_use1-az6': 10, 'g5g.16xlarge_use1-az1': 1, 'g5g.16xlarge_use1-az6': 5, 'g6.12xlarge_use1-az1': 5, 'g6.12xlarge_use1-az2': 1, 'g6.12xlarge_use1-az4': 30, 'g6.12xlarge_use1-az6': 50, 'g6.16xlarge_use1-az1': 1, 'g6.16xlarge_use1-az2': 1, 'g6.16xlarge_use1-az4': 1, 'g6.16xlarge_use1-az6': 5, 'g6.24xlarge_use1-az2': 1, 'g6.24xlarge_use1-az4': 1, 'g6.24xlarge_use1-az6': 1, 'g6.48xlarge_use1-az2': 5, 'g6.48xlarge_use1-az4': 30, 'g6.48xlarge_use1-az6': 50, 'g6.4xlarge_use1-az1': 5, 'g6.4xlarge_use1-az2': 10, 'g6.4xlarge_use1-az4': 35, 'g6.4xlarge_use1-az6': 50, 'g6.8xlarge_use1-az1': 5, 'g6.8xlarge_use1-az2': 5, 'g6.8xlarge_use1-az4': 10, 'g6.8xlarge_use1-az6': 15, 'g6e.16xlarge_use1-az1': 10, 'g6e.16xlarge_use1-az2': 15, 'g6e.16xlarge_use1-az4': 40, 'g6e.16xlarge_use1-az6': 20, 'g6e.8xlarge_use1-az1': 1, 'g6e.8xlarge_use1-az2': 1, 'g6e.8xlarge_use1-az4': 1, 'g6f.2xlarge_use1-az1': 1, 'g6f.2xlarge_use1-az4': 1, 'g6f.2xlarge_use1-az6': 5, 'g6f.4xlarge_use1-az1': 1, 'g6f.4xlarge_use1-az4': 1, 'g6f.4xlarge_use1-az6': 1, 'g6f.large_use1-az1': 10, 'g6f.large_use1-az2': 15, 'g6f.large_use1-az4': 40, 'g6f.large_use1-az6': 20, 'g6f.xlarge_use1-az1': 1, 'g6f.xlarge_use1-az2': 1, 'g6f.xlarge_use1-az4': 5, 'g6f.xlarge_use1-az6': 10, 'gr6.4xlarge_use1-az2': 1, 'gr6.4xlarge_use1-az4': 1, 'gr6.4xlarge_use1-az6': 1, 'gr6.8xlarge_use1-az1': 1, 'gr6.8xlarge_use1-az2': 1, 'gr6.8xlarge_use1-az4': 1, 'gr6.8xlarge_use1-az6': 1, 'i3.16xlarge_use1-az1': 20, 'i3.16xlarge_use1-az2': 50, 'i3.16xlarge_use1-az3': 10, 'i3.16xlarge_use1-az5': 10, 'i3.16xlarge_use1-az6': 45, 'i3.8xlarge_use1-az3': 50, 'i3.large_use1-az1': 50, 'i3.large_use1-az2': 50, 'i3.large_use1-az3': 50, 'i3.large_use1-az4': 50, 'i3.large_use1-az5': 50, 'i3.large_use1-az6': 50, 'i3.xlarge_use1-az2': 50, 'i3.xlarge_use1-az3': 50, 'i3.xlarge_use1-az4': 50, 'i3.xlarge_use1-az6': 50, 'i3en.24xlarge_use1-az6': 20, 'i4g.16xlarge_use1-az4': 1, 'i4g.16xlarge_use1-az5': 50, 'i4g.16xlarge_use1-az6': 50, 'i4g.2xlarge_use1-az2': 10, 'i4g.2xlarge_use1-az4': 15, 'i4g.2xlarge_use1-az5': 40, 'i4g.2xlarge_use1-az6': 50, 'i4g.large_use1-az2': 5, 'i4g.large_use1-az6': 50, 'i4g.xlarge_use1-az2': 10, 'i4g.xlarge_use1-az4': 1, 'i4g.xlarge_use1-az5': 50, 'i4i.12xlarge_use1-az2': 5, 'i4i.24xlarge_use1-az2': 1, 'i4i.2xlarge_use1-az2': 50, 'i4i.2xlarge_use1-az4': 50, 'i4i.2xlarge_use1-az5': 1, 'i4i.large_use1-az1': 50, 'i4i.large_use1-az2': 50, 'i4i.large_use1-az4': 50, 'i4i.large_use1-az5': 50, 'i4i.large_use1-az6': 50, 'i4i.xlarge_use1-az1': 50, 'i4i.xlarge_use1-az2': 50, 'i4i.xlarge_use1-az4': 50, 'i4i.xlarge_use1-az5': 50, 'i4i.xlarge_use1-az6': 50, 'i7i.12xlarge_use1-az1': 1, 'i7i.12xlarge_use1-az4': 1, 'i7i.12xlarge_use1-az5': 1, 'i7i.12xlarge_use1-az6': 1, 'i7i.16xlarge_use1-az2': 1, 'i7i.16xlarge_use1-az4': 5, 'i7i.16xlarge_use1-az5': 1, 'i7i.16xlarge_use1-az6': 1, 'i7i.24xlarge_use1-az2': 1, 'i7i.24xlarge_use1-az4': 1, 'i7i.24xlarge_use1-az5': 1, 'i7i.24xlarge_use1-az6': 1, 'i7i.2xlarge_use1-az1': 1, 'i7i.2xlarge_use1-az2': 50, 'i7i.2xlarge_use1-az4': 45, 'i7i.2xlarge_use1-az5': 20, 'i7i.2xlarge_use1-az6': 10, 'i7i.4xlarge_use1-az1': 1, 'i7i.4xlarge_use1-az2': 15, 'i7i.4xlarge_use1-az4': 20, 'i7i.4xlarge_use1-az5': 5, 'i7i.4xlarge_use1-az6': 20, 'i7i.8xlarge_use1-az1': 1, 'i7i.8xlarge_use1-az2': 1, 'i7i.8xlarge_use1-az4': 5, 'i7i.8xlarge_use1-az5': 1, 'i7i.8xlarge_use1-az6': 1, 'i7i.metal-24xl_use1-az2': 1, 'i7i.metal-24xl_use1-az4': 50, 'i7i.metal-24xl_use1-az6': 35, 'i7i.xlarge_use1-az1': 1, 'i7i.xlarge_use1-az6': 20, 'i7ie.18xlarge_use1-az6': 20, 'i7ie.24xlarge_use1-az6': 50, 'i7ie.2xlarge_use1-az2': 1, 'i7ie.3xlarge_use1-az2': 1, 'i7ie.48xlarge_use1-az6': 50, 'i7ie.large_use1-az1': 45, 'i7ie.large_use1-az4': 50, 'i7ie.large_use1-az6': 50, 'i7ie.metal-24xl_use1-az4': 1, 'i7ie.metal-24xl_use1-az6': 15, 'i7ie.metal-48xl_use1-az6': 10, 'i7ie.xlarge_use1-az1': 10, 'i7ie.xlarge_use1-az4': 45, 'i7ie.xlarge_use1-az6': 50, 'i8g.12xlarge_use1-az6': 1, 'i8g.24xlarge_use1-az6': 10, 'i8g.2xlarge_use1-az2': 1, 'i8g.4xlarge_use1-az2': 1, 'i8g.8xlarge_use1-az6': 5, 'i8g.large_use1-az2': 10, 'i8g.large_use1-az6': 5, 'i8g.xlarge_use1-az2': 1, 'i8g.xlarge_use1-az4': 1, 'i8g.xlarge_use1-az6': 1, 'i8ge.12xlarge_use1-az4': 1, 'i8ge.12xlarge_use1-az6': 5, 'i8ge.18xlarge_use1-az2': 1, 'i8ge.18xlarge_use1-az4': 1, 'i8ge.18xlarge_use1-az6': 5, 'i8ge.24xlarge_use1-az4': 1, 'i8ge.24xlarge_use1-az6': 5, 'i8ge.2xlarge_use1-az4': 10, 'i8ge.3xlarge_use1-az2': 1, 'i8ge.3xlarge_use1-az4': 5, 'i8ge.48xlarge_use1-az4': 5, 'i8ge.6xlarge_use1-az2': 1, 'i8ge.large_use1-az2': 5, 'i8ge.large_use1-az4': 50, 'i8ge.metal-24xl_use1-az4': 1, 'i8ge.metal-48xl_use1-az6': 1, 'i8ge.xlarge_use1-az4': 20, 'im4gn.16xlarge_use1-az4': 45, 'im4gn.2xlarge_use1-az1': 10, 'im4gn.2xlarge_use1-az4': 20, 'im4gn.2xlarge_use1-az6': 15, 'im4gn.8xlarge_use1-az1': 1, 'im4gn.8xlarge_use1-az4': 5, 'im4gn.xlarge_use1-az4': 30, 'im4gn.xlarge_use1-az6': 40, 'inf1.24xlarge_use1-az1': 1, 'inf1.24xlarge_use1-az2': 1, 'inf1.24xlarge_use1-az4': 10, 'inf1.24xlarge_use1-az5': 5, 'inf1.24xlarge_use1-az6': 20, 'inf1.2xlarge_use1-az1': 15, 'inf1.2xlarge_use1-az2': 15, 'inf1.2xlarge_use1-az4': 30, 'inf1.2xlarge_use1-az5': 40, 'inf1.2xlarge_use1-az6': 40, 'inf1.6xlarge_use1-az1': 1, 'inf1.6xlarge_use1-az2': 1, 'inf1.6xlarge_use1-az4': 5, 'inf1.6xlarge_use1-az5': 5, 'inf1.6xlarge_use1-az6': 10, 'inf1.xlarge_use1-az1': 50, 'inf1.xlarge_use1-az2': 50, 'inf1.xlarge_use1-az4': 40, 'inf1.xlarge_use1-az5': 50, 'inf1.xlarge_use1-az6': 50, 'inf2.24xlarge_use1-az4': 1, 'inf2.24xlarge_use1-az6': 10, 'inf2.48xlarge_use1-az6': 15, 'inf2.8xlarge_use1-az2': 5, 'inf2.8xlarge_use1-az4': 5, 'inf2.8xlarge_use1-az5': 1, 'inf2.8xlarge_use1-az6': 1, 'inf2.xlarge_use1-az6': 50, 'is4gen.medium_use1-az1': 50, 'is4gen.medium_use1-az4': 40, 'is4gen.medium_use1-az6': 30, 'm2.2xlarge_use1-az1': 5, 'm2.2xlarge_use1-az2': 10, 'm2.2xlarge_use1-az4': 15, 'm2.2xlarge_use1-az6': 5, 'm2.4xlarge_use1-az1': 1, 'm2.4xlarge_use1-az2': 5, 'm2.4xlarge_use1-az4': 5, 'm2.xlarge_use1-az1': 5, 'm2.xlarge_use1-az2': 20, 'm2.xlarge_use1-az4': 20, 'm2.xlarge_use1-az6': 15, 'm3.xlarge_use1-az3': 1, 'm4.10xlarge_use1-az1': 5, 'm4.10xlarge_use1-az2': 10, 'm4.10xlarge_use1-az3': 1, 'm4.10xlarge_use1-az4': 50, 'm4.10xlarge_use1-az5': 1, 'm4.10xlarge_use1-az6': 50, 'm4.2xlarge_use1-az1': 5, 'm4.2xlarge_use1-az2': 20, 'm4.2xlarge_use1-az3': 50, 'm4.2xlarge_use1-az4': 20, 'm4.2xlarge_use1-az5': 1, 'm4.2xlarge_use1-az6': 25, 'm4.4xlarge_use1-az1': 50, 'm4.4xlarge_use1-az2': 50, 'm4.4xlarge_use1-az3': 50, 'm4.4xlarge_use1-az4': 25, 'm4.4xlarge_use1-az5': 10, 'm4.4xlarge_use1-az6': 15, 'm4.large_use1-az1': 30, 'm4.large_use1-az2': 50, 'm4.large_use1-az3': 25, 'm4.large_use1-az4': 50, 'm4.large_use1-az5': 10, 'm4.large_use1-az6': 50, 'm4.xlarge_use1-az1': 15, 'm4.xlarge_use1-az2': 50, 'm4.xlarge_use1-az3': 50, 'm4.xlarge_use1-az4': 50, 'm4.xlarge_use1-az5': 30, 'm4.xlarge_use1-az6': 50, 'm5.12xlarge_use1-az1': 5, 'm5.12xlarge_use1-az2': 25, 'm5.12xlarge_use1-az4': 50, 'm5.12xlarge_use1-az5': 1, 'm5.12xlarge_use1-az6': 40, 'm5.16xlarge_use1-az1': 10, 'm5.16xlarge_use1-az2': 50, 'm5.16xlarge_use1-az4': 50, 'm5.16xlarge_use1-az5': 1, 'm5.16xlarge_use1-az6': 50, 'm5.24xlarge_use1-az1': 5, 'm5.24xlarge_use1-az2': 5, 'm5.24xlarge_use1-az4': 5, 'm5.24xlarge_use1-az5': 1, 'm5.24xlarge_use1-az6': 35, 'm5.2xlarge_use1-az1': 50, 'm5.2xlarge_use1-az2': 50, 'm5.2xlarge_use1-az4': 50, 'm5.2xlarge_use1-az5': 50, 'm5.2xlarge_use1-az6': 50, 'm5.4xlarge_use1-az1': 50, 'm5.4xlarge_use1-az2': 50, 'm5.4xlarge_use1-az4': 50, 'm5.4xlarge_use1-az5': 10, 'm5.4xlarge_use1-az6': 50, 'm5.8xlarge_use1-az1': 50, 'm5.8xlarge_use1-az2': 40, 'm5.8xlarge_use1-az4': 50, 'm5.8xlarge_use1-az5': 1, 'm5.8xlarge_use1-az6': 50, 'm5.large_use1-az1': 50, 'm5.large_use1-az2': 50, 'm5.large_use1-az4': 50, 'm5.large_use1-az5': 50, 'm5.large_use1-az6': 50, 'm5.xlarge_use1-az1': 50, 'm5.xlarge_use1-az2': 50, 'm5.xlarge_use1-az4': 50, 'm5.xlarge_use1-az5': 50, 'm5.xlarge_use1-az6': 50, 'm5a.12xlarge_use1-az2': 1, 'm5a.12xlarge_use1-az4': 1, 'm5a.12xlarge_use1-az6': 1, 'm5a.16xlarge_use1-az2': 1, 'm5a.16xlarge_use1-az4': 1, 'm5a.16xlarge_use1-az6': 1, 'm5a.24xlarge_use1-az1': 1, 'm5a.24xlarge_use1-az2': 1, 'm5a.24xlarge_use1-az4': 1, 'm5a.24xlarge_use1-az5': 5, 'm5a.24xlarge_use1-az6': 5, 'm5a.2xlarge_use1-az1': 10, 'm5a.2xlarge_use1-az2': 25, 'm5a.2xlarge_use1-az4': 25, 'm5a.2xlarge_use1-az5': 5, 'm5a.2xlarge_use1-az6': 45, 'm5a.4xlarge_use1-az1': 5, 'm5a.4xlarge_use1-az2': 10, 'm5a.4xlarge_use1-az4': 5, 'm5a.4xlarge_use1-az5': 10, 'm5a.4xlarge_use1-az6': 15, 'm5a.8xlarge_use1-az1': 1, 'm5a.8xlarge_use1-az2': 20, 'm5a.8xlarge_use1-az4': 20, 'm5a.8xlarge_use1-az5': 1, 'm5a.8xlarge_use1-az6': 5, 'm5a.large_use1-az1': 50, 'm5a.large_use1-az2': 50, 'm5a.large_use1-az4': 50, 'm5a.large_use1-az5': 45, 'm5a.large_use1-az6': 50, 'm5a.xlarge_use1-az1': 10, 'm5a.xlarge_use1-az2': 30, 'm5a.xlarge_use1-az4': 10, 'm5a.xlarge_use1-az5': 20, 'm5a.xlarge_use1-az6': 50, 'm5ad.16xlarge_use1-az2': 1, 'm5ad.16xlarge_use1-az4': 1, 'm5ad.16xlarge_use1-az6': 1, 'm5ad.24xlarge_use1-az2': 1, 'm5ad.24xlarge_use1-az4': 1, 'm5ad.24xlarge_use1-az6': 5, 'm5ad.4xlarge_use1-az2': 1, 'm5ad.8xlarge_use1-az2': 1, 'm5ad.large_use1-az2': 5, 'm5ad.large_use1-az4': 10, 'm5d.12xlarge_use1-az1': 1, 'm5d.12xlarge_use1-az2': 25, 'm5d.12xlarge_use1-az4': 30, 'm5d.12xlarge_use1-az6': 15, 'm5d.16xlarge_use1-az1': 5, 'm5d.16xlarge_use1-az2': 35, 'm5d.16xlarge_use1-az4': 20, 'm5d.16xlarge_use1-az5': 1, 'm5d.16xlarge_use1-az6': 50, 'm5d.24xlarge_use1-az1': 20, 'm5d.24xlarge_use1-az2': 15, 'm5d.24xlarge_use1-az4': 5, 'm5d.24xlarge_use1-az6': 50, 'm5d.2xlarge_use1-az4': 25, 'm5d.4xlarge_use1-az1': 5, 'm5d.4xlarge_use1-az2': 15, 'm5d.8xlarge_use1-az1': 1, 'm5d.8xlarge_use1-az2': 25, 'm5d.8xlarge_use1-az4': 10, 'm5d.8xlarge_use1-az5': 1, 'm5d.8xlarge_use1-az6': 10, 'm5d.large_use1-az2': 50, 'm5d.large_use1-az4': 50, 'm5d.large_use1-az6': 50, 'm5d.xlarge_use1-az1': 50, 'm5d.xlarge_use1-az2': 50, 'm5d.xlarge_use1-az4': 50, 'm5d.xlarge_use1-az6': 50, 'm5dn.12xlarge_use1-az1': 1, 'm5dn.12xlarge_use1-az4': 1, 'm5dn.12xlarge_use1-az6': 1, 'm5dn.16xlarge_use1-az1': 1, 'm5dn.16xlarge_use1-az2': 5, 'm5dn.16xlarge_use1-az4': 1, 'm5dn.16xlarge_use1-az6': 1, 'm5dn.24xlarge_use1-az1': 1, 'm5dn.24xlarge_use1-az2': 1, 'm5dn.24xlarge_use1-az4': 1, 'm5dn.24xlarge_use1-az6': 5, 'm5dn.large_use1-az2': 30, 'm5dn.large_use1-az4': 40, 'm5dn.large_use1-az5': 15, 'm5dn.large_use1-az6': 50, 'm5dn.xlarge_use1-az2': 25, 'm5dn.xlarge_use1-az4': 20, 'm5dn.xlarge_use1-az6': 30, 'm5n.12xlarge_use1-az1': 1, 'm5n.12xlarge_use1-az2': 1, 'm5n.12xlarge_use1-az4': 1, 'm5n.12xlarge_use1-az5': 1, 'm5n.12xlarge_use1-az6': 1, 'm5n.16xlarge_use1-az2': 1, 'm5n.16xlarge_use1-az4': 1, 'm5n.16xlarge_use1-az6': 1, 'm5n.24xlarge_use1-az2': 1, 'm5n.24xlarge_use1-az4': 1, 'm5n.24xlarge_use1-az6': 1, 'm5n.2xlarge_use1-az1': 15, 'm5n.2xlarge_use1-az2': 25, 'm5n.2xlarge_use1-az5': 5, 'm5n.4xlarge_use1-az1': 25, 'm5n.4xlarge_use1-az2': 35, 'm5n.4xlarge_use1-az4': 50, 'm5n.4xlarge_use1-az5': 5, 'm5n.8xlarge_use1-az1': 1, 'm5n.8xlarge_use1-az2': 1, 'm5n.8xlarge_use1-az4': 1, 'm5n.large_use1-az1': 5, 'm5n.large_use1-az2': 15, 'm5n.large_use1-az4': 5, 'm5n.large_use1-az5': 5, 'm5n.large_use1-az6': 15, 'm5n.xlarge_use1-az1': 20, 'm5n.xlarge_use1-az2': 50, 'm5n.xlarge_use1-az4': 50, 'm5n.xlarge_use1-az5': 1, 'm5n.xlarge_use1-az6': 50, 'm5zn.12xlarge_use1-az2': 1, 'm5zn.2xlarge_use1-az6': 5, 'm5zn.3xlarge_use1-az1': 1, 'm5zn.large_use1-az1': 5, 'm5zn.large_use1-az2': 5, 'm5zn.large_use1-az4': 30, 'm5zn.large_use1-az5': 15, 'm5zn.large_use1-az6': 20, 'm5zn.xlarge_use1-az5': 5, 'm6a.12xlarge_use1-az1': 5, 'm6a.12xlarge_use1-az2': 5, 'm6a.12xlarge_use1-az4': 15, 'm6a.12xlarge_use1-az6': 10, 'm6a.16xlarge_use1-az1': 5, 'm6a.16xlarge_use1-az2': 5, 'm6a.16xlarge_use1-az4': 5, 'm6a.16xlarge_use1-az6': 5, 'm6a.24xlarge_use1-az1': 1, 'm6a.24xlarge_use1-az2': 1, 'm6a.24xlarge_use1-az4': 1, 'm6a.24xlarge_use1-az6': 1, 'm6a.2xlarge_use1-az1': 50, 'm6a.2xlarge_use1-az2': 35, 'm6a.2xlarge_use1-az4': 45, 'm6a.2xlarge_use1-az5': 15, 'm6a.2xlarge_use1-az6': 50, 'm6a.32xlarge_use1-az2': 1, 'm6a.32xlarge_use1-az4': 1, 'm6a.32xlarge_use1-az5': 1, 'm6a.32xlarge_use1-az6': 1, 'm6a.48xlarge_use1-az2': 1, 'm6a.48xlarge_use1-az4': 1, 'm6a.48xlarge_use1-az6': 1, 'm6a.4xlarge_use1-az1': 45, 'm6a.4xlarge_use1-az2': 40, 'm6a.4xlarge_use1-az4': 25, 'm6a.4xlarge_use1-az5': 5, 'm6a.4xlarge_use1-az6': 50, 'm6a.8xlarge_use1-az1': 25, 'm6a.8xlarge_use1-az2': 15, 'm6a.8xlarge_use1-az4': 50, 'm6a.8xlarge_use1-az5': 10, 'm6a.8xlarge_use1-az6': 50, 'm6a.large_use1-az1': 50, 'm6a.large_use1-az2': 50, 'm6a.large_use1-az4': 50, 'm6a.large_use1-az5': 30, 'm6a.large_use1-az6': 50, 'm6a.xlarge_use1-az1': 50, 'm6a.xlarge_use1-az2': 50, 'm6a.xlarge_use1-az4': 50, 'm6a.xlarge_use1-az5': 35, 'm6a.xlarge_use1-az6': 50, 'm6g.12xlarge_use1-az1': 1, 'm6g.12xlarge_use1-az2': 5, 'm6g.12xlarge_use1-az4': 50, 'm6g.12xlarge_use1-az6': 50, 'm6g.16xlarge_use1-az1': 1, 'm6g.16xlarge_use1-az2': 5, 'm6g.16xlarge_use1-az4': 25, 'm6g.16xlarge_use1-az6': 50, 'm6g.2xlarge_use1-az1': 15, 'm6g.2xlarge_use1-az2': 50, 'm6g.2xlarge_use1-az4': 50, 'm6g.2xlarge_use1-az5': 5, 'm6g.2xlarge_use1-az6': 50, 'm6g.4xlarge_use1-az1': 10, 'm6g.4xlarge_use1-az2': 50, 'm6g.4xlarge_use1-az4': 50, 'm6g.4xlarge_use1-az5': 10, 'm6g.4xlarge_use1-az6': 50, 'm6g.8xlarge_use1-az1': 5, 'm6g.8xlarge_use1-az2': 50, 'm6g.8xlarge_use1-az4': 50, 'm6g.8xlarge_use1-az6': 50, 'm6g.large_use1-az1': 1, 'm6g.large_use1-az2': 50, 'm6g.large_use1-az4': 50, 'm6g.large_use1-az5': 5, 'm6g.large_use1-az6': 50, 'm6g.medium_use1-az1': 5, 'm6g.medium_use1-az2': 5, 'm6g.medium_use1-az4': 10, 'm6g.medium_use1-az5': 1, 'm6g.medium_use1-az6': 15, 'm6g.xlarge_use1-az1': 50, 'm6g.xlarge_use1-az2': 50, 'm6g.xlarge_use1-az4': 50, 'm6g.xlarge_use1-az5': 50, 'm6g.xlarge_use1-az6': 50, 'm6gd.12xlarge_use1-az1': 10, 'm6gd.12xlarge_use1-az2': 40, 'm6gd.12xlarge_use1-az4': 20, 'm6gd.12xlarge_use1-az5': 5, 'm6gd.12xlarge_use1-az6': 50, 'm6gd.16xlarge_use1-az2': 10, 'm6gd.16xlarge_use1-az4': 10, 'm6gd.16xlarge_use1-az5': 10, 'm6gd.16xlarge_use1-az6': 35, 'm6gd.2xlarge_use1-az2': 50, 'm6gd.2xlarge_use1-az4': 45, 'm6gd.2xlarge_use1-az5': 1, 'm6gd.4xlarge_use1-az2': 5, 'm6gd.4xlarge_use1-az5': 1, 'm6gd.4xlarge_use1-az6': 15, 'm6gd.8xlarge_use1-az1': 5, 'm6gd.8xlarge_use1-az2': 10, 'm6gd.8xlarge_use1-az4': 15, 'm6gd.8xlarge_use1-az5': 1, 'm6gd.8xlarge_use1-az6': 20, 'm6gd.large_use1-az2': 5, 'm6gd.large_use1-az4': 5, 'm6gd.large_use1-az5': 1, 'm6gd.large_use1-az6': 15, 'm6gd.medium_use1-az1': 1, 'm6gd.medium_use1-az2': 1, 'm6gd.medium_use1-az4': 1, 'm6gd.medium_use1-az5': 5, 'm6gd.medium_use1-az6': 1, 'm6gd.xlarge_use1-az2': 10, 'm6gd.xlarge_use1-az4': 35, 'm6gd.xlarge_use1-az5': 1, 'm6i.12xlarge_use1-az1': 1, 'm6i.12xlarge_use1-az2': 10, 'm6i.12xlarge_use1-az4': 50, 'm6i.12xlarge_use1-az5': 1, 'm6i.12xlarge_use1-az6': 30, 'm6i.16xlarge_use1-az1': 1, 'm6i.16xlarge_use1-az2': 10, 'm6i.16xlarge_use1-az4': 5, 'm6i.16xlarge_use1-az5': 1, 'm6i.16xlarge_use1-az6': 10, 'm6i.24xlarge_use1-az2': 10, 'm6i.24xlarge_use1-az4': 5, 'm6i.24xlarge_use1-az5': 1, 'm6i.24xlarge_use1-az6': 50, 'm6i.2xlarge_use1-az1': 25, 'm6i.2xlarge_use1-az2': 50, 'm6i.2xlarge_use1-az4': 50, 'm6i.2xlarge_use1-az5': 25, 'm6i.2xlarge_use1-az6': 50, 'm6i.32xlarge_use1-az2': 1, 'm6i.32xlarge_use1-az4': 5, 'm6i.32xlarge_use1-az5': 1, 'm6i.32xlarge_use1-az6': 15, 'm6i.4xlarge_use1-az1': 15, 'm6i.4xlarge_use1-az2': 50, 'm6i.4xlarge_use1-az4': 50, 'm6i.4xlarge_use1-az5': 50, 'm6i.4xlarge_use1-az6': 50, 'm6i.8xlarge_use1-az1': 1, 'm6i.8xlarge_use1-az2': 50, 'm6i.8xlarge_use1-az4': 50, 'm6i.8xlarge_use1-az5': 20, 'm6i.8xlarge_use1-az6': 50, 'm6i.large_use1-az1': 25, 'm6i.large_use1-az2': 50, 'm6i.large_use1-az4': 50, 'm6i.large_use1-az5': 50, 'm6i.large_use1-az6': 50, 'm6i.xlarge_use1-az1': 45, 'm6i.xlarge_use1-az2': 50, 'm6i.xlarge_use1-az4': 50, 'm6i.xlarge_use1-az5': 25, 'm6i.xlarge_use1-az6': 50, 'm6id.12xlarge_use1-az1': 1, 'm6id.12xlarge_use1-az2': 1, 'm6id.12xlarge_use1-az4': 1, 'm6id.12xlarge_use1-az6': 1, 'm6id.16xlarge_use1-az1': 1, 'm6id.16xlarge_use1-az2': 1, 'm6id.16xlarge_use1-az4': 1, 'm6id.16xlarge_use1-az6': 1, 'm6id.24xlarge_use1-az1': 10, 'm6id.24xlarge_use1-az2': 15, 'm6id.24xlarge_use1-az4': 35, 'm6id.24xlarge_use1-az5': 5, 'm6id.24xlarge_use1-az6': 15, 'm6id.2xlarge_use1-az1': 5, 'm6id.2xlarge_use1-az2': 5, 'm6id.2xlarge_use1-az4': 5, 'm6id.2xlarge_use1-az5': 1, 'm6id.2xlarge_use1-az6': 5, 'm6id.32xlarge_use1-az1': 10, 'm6id.32xlarge_use1-az2': 15, 'm6id.32xlarge_use1-az4': 5, 'm6id.32xlarge_use1-az5': 1, 'm6id.32xlarge_use1-az6': 50, 'm6id.4xlarge_use1-az1': 15, 'm6id.4xlarge_use1-az2': 10, 'm6id.4xlarge_use1-az4': 5, 'm6id.4xlarge_use1-az5': 1, 'm6id.4xlarge_use1-az6': 10, 'm6id.8xlarge_use1-az1': 1, 'm6id.8xlarge_use1-az4': 5, 'm6id.8xlarge_use1-az5': 1, 'm6id.8xlarge_use1-az6': 1, 'm6id.large_use1-az1': 30, 'm6id.large_use1-az2': 35, 'm6id.large_use1-az4': 15, 'm6id.large_use1-az5': 5, 'm6id.large_use1-az6': 50, 'm6id.xlarge_use1-az1': 20, 'm6id.xlarge_use1-az2': 45, 'm6id.xlarge_use1-az4': 15, 'm6id.xlarge_use1-az5': 5, 'm6id.xlarge_use1-az6': 25, 'm6idn.12xlarge_use1-az2': 1, 'm6idn.16xlarge_use1-az4': 1, 'm6idn.24xlarge_use1-az1': 1, 'm6idn.24xlarge_use1-az2': 1, 'm6idn.24xlarge_use1-az4': 1, 'm6idn.2xlarge_use1-az5': 1, 'm6idn.32xlarge_use1-az2': 1, 'm6idn.large_use1-az1': 25, 'm6idn.large_use1-az2': 35, 'm6idn.large_use1-az4': 15, 'm6idn.large_use1-az5': 10, 'm6idn.large_use1-az6': 10, 'm6idn.xlarge_use1-az4': 20, 'm6idn.xlarge_use1-az6': 10, 'm6in.12xlarge_use1-az4': 1, 'm6in.16xlarge_use1-az2': 1, 'm6in.16xlarge_use1-az4': 1, 'm6in.24xlarge_use1-az1': 1, 'm6in.24xlarge_use1-az2': 1, 'm6in.2xlarge_use1-az1': 10, 'm6in.2xlarge_use1-az2': 20, 'm6in.2xlarge_use1-az5': 1, 'm6in.4xlarge_use1-az1': 1, 'm6in.4xlarge_use1-az2': 1, 'm6in.4xlarge_use1-az5': 1, 'm6in.8xlarge_use1-az1': 1, 'm6in.8xlarge_use1-az2': 1, 'm6in.8xlarge_use1-az4': 1, 'm6in.large_use1-az1': 5, 'm6in.large_use1-az2': 10, 'm6in.large_use1-az4': 5, 'm6in.large_use1-az5': 1, 'm6in.large_use1-az6': 1, 'm6in.xlarge_use1-az1': 5, 'm6in.xlarge_use1-az2': 10, 'm6in.xlarge_use1-az4': 1, 'm7a.12xlarge_use1-az2': 1, 'm7a.12xlarge_use1-az6': 20, 'm7a.16xlarge_use1-az2': 1, 'm7a.16xlarge_use1-az6': 40, 'm7a.24xlarge_use1-az2': 1, 'm7a.24xlarge_use1-az6': 50, 'm7a.2xlarge_use1-az1': 5, 'm7a.2xlarge_use1-az2': 15, 'm7a.2xlarge_use1-az4': 10, 'm7a.2xlarge_use1-az6': 50, 'm7a.32xlarge_use1-az6': 20, 'm7a.48xlarge_use1-az6': 40, 'm7a.4xlarge_use1-az1': 10, 'm7a.4xlarge_use1-az2': 5, 'm7a.4xlarge_use1-az4': 10, 'm7a.4xlarge_use1-az6': 25, 'm7a.8xlarge_use1-az1': 1, 'm7a.8xlarge_use1-az2': 5, 'm7a.8xlarge_use1-az4': 1, 'm7a.8xlarge_use1-az6': 50, 'm7a.large_use1-az1': 15, 'm7a.large_use1-az2': 50, 'm7a.large_use1-az4': 50, 'm7a.large_use1-az5': 5, 'm7a.large_use1-az6': 50, 'm7a.medium_use1-az1': 10, 'm7a.medium_use1-az2': 50, 'm7a.medium_use1-az4': 50, 'm7a.medium_use1-az6': 50, 'm7a.xlarge_use1-az1': 5, 'm7a.xlarge_use1-az2': 40, 'm7a.xlarge_use1-az4': 50, 'm7a.xlarge_use1-az6': 50, 'm7g.12xlarge_use1-az1': 1, 'm7g.12xlarge_use1-az2': 10, 'm7g.12xlarge_use1-az4': 45, 'm7g.12xlarge_use1-az5': 1, 'm7g.12xlarge_use1-az6': 50, 'm7g.16xlarge_use1-az1': 1, 'm7g.16xlarge_use1-az2': 30, 'm7g.16xlarge_use1-az4': 35, 'm7g.16xlarge_use1-az5': 1, 'm7g.16xlarge_use1-az6': 50, 'm7g.2xlarge_use1-az1': 35, 'm7g.2xlarge_use1-az2': 50, 'm7g.2xlarge_use1-az4': 50, 'm7g.2xlarge_use1-az5': 15, 'm7g.2xlarge_use1-az6': 50, 'm7g.4xlarge_use1-az1': 10, 'm7g.4xlarge_use1-az2': 30, 'm7g.4xlarge_use1-az4': 50, 'm7g.4xlarge_use1-az5': 10, 'm7g.4xlarge_use1-az6': 50, 'm7g.8xlarge_use1-az1': 1, 'm7g.8xlarge_use1-az2': 15, 'm7g.8xlarge_use1-az4': 40, 'm7g.8xlarge_use1-az5': 1, 'm7g.8xlarge_use1-az6': 50, 'm7g.large_use1-az1': 10, 'm7g.large_use1-az2': 50, 'm7g.large_use1-az4': 50, 'm7g.large_use1-az5': 30, 'm7g.large_use1-az6': 50, 'm7g.medium_use1-az1': 30, 'm7g.medium_use1-az2': 40, 'm7g.medium_use1-az4': 50, 'm7g.medium_use1-az5': 35, 'm7g.medium_use1-az6': 50, 'm7g.metal_use1-az1': 1, 'm7g.metal_use1-az2': 25, 'm7g.metal_use1-az4': 10, 'm7g.metal_use1-az5': 1, 'm7g.metal_use1-az6': 50, 'm7g.xlarge_use1-az1': 50, 'm7g.xlarge_use1-az2': 50, 'm7g.xlarge_use1-az4': 50, 'm7g.xlarge_use1-az5': 50, 'm7g.xlarge_use1-az6': 50, 'm7gd.12xlarge_use1-az1': 5, 'm7gd.12xlarge_use1-az2': 10, 'm7gd.12xlarge_use1-az4': 1, 'm7gd.12xlarge_use1-az6': 35, 'm7gd.16xlarge_use1-az1': 1, 'm7gd.16xlarge_use1-az2': 30, 'm7gd.16xlarge_use1-az4': 1, 'm7gd.16xlarge_use1-az6': 40, 'm7gd.2xlarge_use1-az1': 15, 'm7gd.2xlarge_use1-az2': 50, 'm7gd.2xlarge_use1-az4': 15, 'm7gd.2xlarge_use1-az6': 25, 'm7gd.4xlarge_use1-az1': 5, 'm7gd.4xlarge_use1-az2': 10, 'm7gd.4xlarge_use1-az6': 40, 'm7gd.8xlarge_use1-az1': 10, 'm7gd.8xlarge_use1-az2': 50, 'm7gd.8xlarge_use1-az4': 30, 'm7gd.8xlarge_use1-az5': 45, 'm7gd.8xlarge_use1-az6': 50, 'm7gd.large_use1-az1': 5, 'm7gd.large_use1-az2': 50, 'm7gd.large_use1-az4': 5, 'm7gd.large_use1-az6': 50, 'm7gd.medium_use1-az1': 15, 'm7gd.medium_use1-az2': 20, 'm7gd.medium_use1-az4': 15, 'm7gd.medium_use1-az5': 20, 'm7gd.medium_use1-az6': 25, 'm7gd.metal_use1-az1': 5, 'm7gd.metal_use1-az2': 15, 'm7gd.metal_use1-az4': 1, 'm7gd.metal_use1-az6': 15, 'm7gd.xlarge_use1-az1': 5, 'm7gd.xlarge_use1-az2': 10, 'm7gd.xlarge_use1-az4': 10, 'm7gd.xlarge_use1-az5': 1, 'm7gd.xlarge_use1-az6': 25, 'm7i-flex.2xlarge_use1-az1': 50, 'm7i-flex.2xlarge_use1-az2': 50, 'm7i-flex.2xlarge_use1-az4': 15, 'm7i-flex.2xlarge_use1-az5': 10, 'm7i-flex.2xlarge_use1-az6': 50, 'm7i-flex.4xlarge_use1-az2': 5, 'm7i-flex.4xlarge_use1-az4': 5, 'm7i-flex.4xlarge_use1-az6': 25, 'm7i-flex.8xlarge_use1-az1': 1, 'm7i-flex.8xlarge_use1-az2': 5, 'm7i-flex.8xlarge_use1-az4': 5, 'm7i-flex.8xlarge_use1-az5': 1, 'm7i-flex.8xlarge_use1-az6': 10, 'm7i-flex.large_use1-az1': 20, 'm7i-flex.large_use1-az2': 50, 'm7i-flex.large_use1-az4': 25, 'm7i-flex.large_use1-az5': 25, 'm7i-flex.large_use1-az6': 50, 'm7i-flex.xlarge_use1-az1': 50, 'm7i-flex.xlarge_use1-az2': 50, 'm7i-flex.xlarge_use1-az4': 50, 'm7i-flex.xlarge_use1-az5': 15, 'm7i-flex.xlarge_use1-az6': 50, 'm7i.12xlarge_use1-az1': 1, 'm7i.12xlarge_use1-az2': 5, 'm7i.12xlarge_use1-az4': 15, 'm7i.12xlarge_use1-az6': 50, 'm7i.16xlarge_use1-az1': 5, 'm7i.16xlarge_use1-az2': 10, 'm7i.16xlarge_use1-az4': 10, 'm7i.16xlarge_use1-az6': 50, 'm7i.24xlarge_use1-az2': 5, 'm7i.24xlarge_use1-az4': 5, 'm7i.24xlarge_use1-az6': 50, 'm7i.2xlarge_use1-az1': 1, 'm7i.2xlarge_use1-az2': 50, 'm7i.2xlarge_use1-az4': 50, 'm7i.2xlarge_use1-az6': 50, 'm7i.48xlarge_use1-az1': 1, 'm7i.48xlarge_use1-az2': 5, 'm7i.48xlarge_use1-az4': 20, 'm7i.48xlarge_use1-az6': 50, 'm7i.4xlarge_use1-az1': 1, 'm7i.4xlarge_use1-az2': 25, 'm7i.4xlarge_use1-az4': 10, 'm7i.4xlarge_use1-az6': 50, 'm7i.8xlarge_use1-az1': 40, 'm7i.8xlarge_use1-az2': 20, 'm7i.8xlarge_use1-az4': 50, 'm7i.8xlarge_use1-az6': 50, 'm7i.large_use1-az1': 50, 'm7i.large_use1-az2': 50, 'm7i.large_use1-az4': 50, 'm7i.large_use1-az5': 1, 'm7i.large_use1-az6': 50, 'm7i.xlarge_use1-az1': 30, 'm7i.xlarge_use1-az2': 35, 'm7i.xlarge_use1-az4': 50, 'm7i.xlarge_use1-az6': 50, 'm8g.12xlarge_use1-az2': 10, 'm8g.12xlarge_use1-az4': 10, 'm8g.12xlarge_use1-az5': 1, 'm8g.12xlarge_use1-az6': 35, 'm8g.16xlarge_use1-az2': 5, 'm8g.16xlarge_use1-az4': 5, 'm8g.16xlarge_use1-az5': 5, 'm8g.16xlarge_use1-az6': 45, 'm8g.24xlarge_use1-az2': 5, 'm8g.24xlarge_use1-az4': 1, 'm8g.24xlarge_use1-az5': 1, 'm8g.24xlarge_use1-az6': 25, 'm8g.2xlarge_use1-az4': 10, 'm8g.2xlarge_use1-az5': 10, 'm8g.48xlarge_use1-az2': 5, 'm8g.48xlarge_use1-az4': 5, 'm8g.48xlarge_use1-az6': 20, 'm8g.4xlarge_use1-az2': 5, 'm8g.4xlarge_use1-az4': 5, 'm8g.4xlarge_use1-az5': 1, 'm8g.4xlarge_use1-az6': 40, 'm8g.8xlarge_use1-az2': 10, 'm8g.8xlarge_use1-az4': 20, 'm8g.8xlarge_use1-az5': 1, 'm8g.8xlarge_use1-az6': 40, 'm8g.large_use1-az1': 1, 'm8g.large_use1-az2': 20, 'm8g.large_use1-az6': 45, 'm8g.medium_use1-az1': 1, 'm8g.medium_use1-az2': 15, 'm8g.metal-48xl_use1-az2': 5, 'm8g.metal-48xl_use1-az6': 25, 'm8g.xlarge_use1-az1': 1, 'm8g.xlarge_use1-az5': 15, 'm8g.xlarge_use1-az6': 50, 'm8gd.16xlarge_use1-az5': 1, 'm8gd.4xlarge_use1-az2': 5, 'm8gd.4xlarge_use1-az6': 1, 'm8gd.8xlarge_use1-az5': 1, 'm8gd.8xlarge_use1-az6': 5, 'm8gd.large_use1-az1': 20, 'm8gd.large_use1-az2': 15, 'm8gd.large_use1-az5': 1, 'm8gd.large_use1-az6': 1, 'm8gd.medium_use1-az6': 1, 'm8gd.metal-24xl_use1-az2': 1, 'm8gd.xlarge_use1-az1': 1, 'm8gd.xlarge_use1-az5': 1, 'm8i-flex.16xlarge_use1-az6': 5, 'm8i-flex.2xlarge_use1-az2': 10, 'm8i-flex.2xlarge_use1-az4': 1, 'm8i-flex.2xlarge_use1-az6': 50, 'm8i-flex.4xlarge_use1-az2': 1, 'm8i-flex.4xlarge_use1-az4': 1, 'm8i-flex.4xlarge_use1-az6': 5, 'm8i-flex.8xlarge_use1-az6': 1, 'm8i-flex.large_use1-az2': 5, 'm8i-flex.xlarge_use1-az2': 10, 'm8i-flex.xlarge_use1-az4': 25, 'm8i-flex.xlarge_use1-az6': 50, 'm8i.12xlarge_use1-az6': 1, 'm8i.16xlarge_use1-az4': 1, 'm8i.16xlarge_use1-az6': 1, 'm8i.24xlarge_use1-az6': 1, 'm8i.2xlarge_use1-az2': 10, 'm8i.2xlarge_use1-az4': 1, 'm8i.2xlarge_use1-az6': 10, 'm8i.32xlarge_use1-az2': 1, 'm8i.32xlarge_use1-az6': 5, 'm8i.48xlarge_use1-az2': 1, 'm8i.48xlarge_use1-az6': 5, 'm8i.4xlarge_use1-az2': 5, 'm8i.4xlarge_use1-az4': 1, 'm8i.4xlarge_use1-az6': 5, 'm8i.8xlarge_use1-az2': 1, 'm8i.8xlarge_use1-az4': 1, 'm8i.8xlarge_use1-az6': 20, 'm8i.96xlarge_use1-az6': 1, 'm8i.large_use1-az4': 25, 'm8i.metal-48xl_use1-az6': 1, 'm8i.metal-96xl_use1-az6': 1, 'm8i.xlarge_use1-az2': 30, 'm8i.xlarge_use1-az4': 10, 'r3.large_use1-az2': 50, 'r3.large_use1-az4': 50, 'r3.large_use1-az6': 50, 'r3.xlarge_use1-az4': 50, 'r3.xlarge_use1-az6': 50, 'r4.16xlarge_use1-az1': 10, 'r4.16xlarge_use1-az2': 10, 'r4.16xlarge_use1-az3': 50, 'r4.16xlarge_use1-az4': 35, 'r4.16xlarge_use1-az5': 15, 'r4.16xlarge_use1-az6': 10, 'r4.2xlarge_use1-az3': 50, 'r4.2xlarge_use1-az5': 5, 'r4.4xlarge_use1-az1': 20, 'r4.4xlarge_use1-az2': 50, 'r4.4xlarge_use1-az3': 40, 'r4.4xlarge_use1-az4': 15, 'r4.4xlarge_use1-az5': 5, 'r4.4xlarge_use1-az6': 50, 'r4.8xlarge_use1-az1': 50, 'r4.8xlarge_use1-az2': 50, 'r4.8xlarge_use1-az4': 50, 'r4.8xlarge_use1-az5': 5, 'r4.8xlarge_use1-az6': 50, 'r4.large_use1-az1': 35, 'r4.large_use1-az2': 50, 'r4.large_use1-az4': 50, 'r4.large_use1-az5': 20, 'r4.large_use1-az6': 50, 'r4.xlarge_use1-az1': 50, 'r4.xlarge_use1-az2': 50, 'r4.xlarge_use1-az4': 50, 'r4.xlarge_use1-az5': 30, 'r4.xlarge_use1-az6': 50, 'r5.12xlarge_use1-az1': 5, 'r5.12xlarge_use1-az2': 5, 'r5.12xlarge_use1-az4': 50, 'r5.12xlarge_use1-az5': 5, 'r5.12xlarge_use1-az6': 5, 'r5.16xlarge_use1-az1': 5, 'r5.16xlarge_use1-az4': 35, 'r5.16xlarge_use1-az5': 30, 'r5.16xlarge_use1-az6': 5, 'r5.24xlarge_use1-az4': 15, 'r5.24xlarge_use1-az5': 5, 'r5.24xlarge_use1-az6': 5, 'r5.2xlarge_use1-az1': 50, 'r5.2xlarge_use1-az2': 50, 'r5.2xlarge_use1-az4': 50, 'r5.2xlarge_use1-az5': 5, 'r5.2xlarge_use1-az6': 50, 'r5.4xlarge_use1-az1': 50, 'r5.4xlarge_use1-az2': 50, 'r5.4xlarge_use1-az4': 50, 'r5.4xlarge_use1-az5': 5, 'r5.4xlarge_use1-az6': 50, 'r5.8xlarge_use1-az1': 50, 'r5.8xlarge_use1-az2': 50, 'r5.8xlarge_use1-az4': 50, 'r5.8xlarge_use1-az5': 5, 'r5.8xlarge_use1-az6': 5, 'r5.large_use1-az1': 50, 'r5.large_use1-az2': 50, 'r5.large_use1-az4': 50, 'r5.large_use1-az5': 50, 'r5.large_use1-az6': 50, 'r5.xlarge_use1-az1': 50, 'r5.xlarge_use1-az2': 50, 'r5.xlarge_use1-az4': 50, 'r5.xlarge_use1-az5': 50, 'r5.xlarge_use1-az6': 50, 'r5a.12xlarge_use1-az2': 1, 'r5a.12xlarge_use1-az4': 5, 'r5a.12xlarge_use1-az6': 5, 'r5a.16xlarge_use1-az1': 10, 'r5a.16xlarge_use1-az2': 10, 'r5a.16xlarge_use1-az4': 10, 'r5a.16xlarge_use1-az5': 5, 'r5a.16xlarge_use1-az6': 5, 'r5a.24xlarge_use1-az1': 5, 'r5a.24xlarge_use1-az2': 15, 'r5a.24xlarge_use1-az4': 10, 'r5a.24xlarge_use1-az5': 1, 'r5a.24xlarge_use1-az6': 10, 'r5a.4xlarge_use1-az6': 50, 'r5a.8xlarge_use1-az4': 15, 'r5a.8xlarge_use1-az5': 30, 'r5a.8xlarge_use1-az6': 20, 'r5a.large_use1-az5': 25, 'r5a.xlarge_use1-az2': 50, 'r5a.xlarge_use1-az4': 50, 'r5ad.16xlarge_use1-az2': 50, 'r5ad.16xlarge_use1-az4': 10, 'r5ad.16xlarge_use1-az6': 10, 'r5ad.24xlarge_use1-az2': 25, 'r5ad.24xlarge_use1-az6': 10, 'r5ad.large_use1-az1': 1, 'r5ad.large_use1-az2': 30, 'r5ad.large_use1-az4': 10, 'r5ad.large_use1-az5': 5, 'r5ad.large_use1-az6': 10, 'r5b.large_use1-az1': 1, 'r5b.large_use1-az2': 5, 'r5b.large_use1-az4': 10, 'r5b.large_use1-az6': 5, 'r5d.12xlarge_use1-az1': 1, 'r5d.12xlarge_use1-az4': 10, 'r5d.12xlarge_use1-az6': 1, 'r5d.16xlarge_use1-az1': 5, 'r5d.16xlarge_use1-az2': 50, 'r5d.16xlarge_use1-az4': 50, 'r5d.16xlarge_use1-az5': 10, 'r5d.16xlarge_use1-az6': 50, 'r5d.24xlarge_use1-az1': 1, 'r5d.24xlarge_use1-az2': 1, 'r5d.24xlarge_use1-az4': 10, 'r5d.24xlarge_use1-az5': 1, 'r5d.24xlarge_use1-az6': 10, 'r5d.8xlarge_use1-az6': 50, 'r5d.large_use1-az2': 50, 'r5d.large_use1-az4': 50, 'r5dn.12xlarge_use1-az2': 1, 'r5dn.12xlarge_use1-az4': 1, 'r5dn.16xlarge_use1-az1': 5, 'r5dn.16xlarge_use1-az2': 5, 'r5dn.16xlarge_use1-az4': 15, 'r5dn.16xlarge_use1-az5': 10, 'r5dn.16xlarge_use1-az6': 30, 'r5dn.24xlarge_use1-az2': 5, 'r5dn.24xlarge_use1-az4': 10, 'r5dn.24xlarge_use1-az5': 1, 'r5dn.24xlarge_use1-az6': 25, 'r5dn.8xlarge_use1-az6': 50, 'r5dn.large_use1-az1': 50, 'r5dn.large_use1-az2': 50, 'r5dn.large_use1-az4': 50, 'r5dn.large_use1-az5': 50, 'r5n.12xlarge_use1-az4': 1, 'r5n.12xlarge_use1-az6': 1, 'r5n.16xlarge_use1-az1': 1, 'r5n.16xlarge_use1-az2': 10, 'r5n.16xlarge_use1-az4': 35, 'r5n.16xlarge_use1-az5': 1, 'r5n.16xlarge_use1-az6': 20, 'r5n.8xlarge_use1-az2': 20, 'r5n.8xlarge_use1-az4': 35, 'r5n.8xlarge_use1-az6': 15, 'r5n.large_use1-az1': 20, 'r5n.large_use1-az4': 50, 'r5n.large_use1-az5': 10, 'r5n.large_use1-az6': 30, 'r6a.12xlarge_use1-az1': 1, 'r6a.12xlarge_use1-az2': 10, 'r6a.12xlarge_use1-az4': 5, 'r6a.12xlarge_use1-az6': 10, 'r6a.16xlarge_use1-az1': 5, 'r6a.16xlarge_use1-az2': 15, 'r6a.16xlarge_use1-az4': 30, 'r6a.16xlarge_use1-az5': 15, 'r6a.16xlarge_use1-az6': 40, 'r6a.24xlarge_use1-az2': 5, 'r6a.24xlarge_use1-az4': 1, 'r6a.24xlarge_use1-az5': 1, 'r6a.24xlarge_use1-az6': 5, 'r6a.2xlarge_use1-az1': 50, 'r6a.2xlarge_use1-az2': 50, 'r6a.2xlarge_use1-az4': 40, 'r6a.2xlarge_use1-az5': 1, 'r6a.2xlarge_use1-az6': 50, 'r6a.32xlarge_use1-az2': 5, 'r6a.32xlarge_use1-az4': 5, 'r6a.32xlarge_use1-az5': 5, 'r6a.32xlarge_use1-az6': 5, 'r6a.48xlarge_use1-az2': 5, 'r6a.48xlarge_use1-az4': 5, 'r6a.48xlarge_use1-az5': 5, 'r6a.48xlarge_use1-az6': 1, 'r6a.4xlarge_use1-az1': 50, 'r6a.4xlarge_use1-az2': 50, 'r6a.4xlarge_use1-az4': 50, 'r6a.4xlarge_use1-az5': 40, 'r6a.4xlarge_use1-az6': 50, 'r6a.8xlarge_use1-az1': 20, 'r6a.8xlarge_use1-az2': 50, 'r6a.8xlarge_use1-az4': 50, 'r6a.8xlarge_use1-az5': 50, 'r6a.8xlarge_use1-az6': 50, 'r6a.large_use1-az1': 50, 'r6a.large_use1-az2': 50, 'r6a.large_use1-az4': 50, 'r6a.large_use1-az5': 50, 'r6a.large_use1-az6': 50, 'r6a.xlarge_use1-az1': 50, 'r6a.xlarge_use1-az2': 50, 'r6a.xlarge_use1-az4': 50, 'r6a.xlarge_use1-az5': 50, 'r6a.xlarge_use1-az6': 50, 'r6g.12xlarge_use1-az2': 50, 'r6g.12xlarge_use1-az4': 45, 'r6g.12xlarge_use1-az5': 10, 'r6g.12xlarge_use1-az6': 50, 'r6g.16xlarge_use1-az1': 1, 'r6g.16xlarge_use1-az2': 50, 'r6g.16xlarge_use1-az4': 50, 'r6g.16xlarge_use1-az5': 50, 'r6g.16xlarge_use1-az6': 50, 'r6g.2xlarge_use1-az2': 25, 'r6g.2xlarge_use1-az4': 40, 'r6g.2xlarge_use1-az5': 10, 'r6g.2xlarge_use1-az6': 50, 'r6g.4xlarge_use1-az1': 10, 'r6g.4xlarge_use1-az2': 50, 'r6g.4xlarge_use1-az4': 50, 'r6g.4xlarge_use1-az5': 50, 'r6g.4xlarge_use1-az6': 50, 'r6g.8xlarge_use1-az1': 1, 'r6g.8xlarge_use1-az2': 10, 'r6g.8xlarge_use1-az4': 50, 'r6g.8xlarge_use1-az5': 50, 'r6g.8xlarge_use1-az6': 50, 'r6g.large_use1-az1': 10, 'r6g.large_use1-az2': 40, 'r6g.large_use1-az4': 50, 'r6g.large_use1-az5': 5, 'r6g.large_use1-az6': 50, 'r6g.medium_use1-az1': 1, 'r6g.medium_use1-az2': 10, 'r6g.medium_use1-az4': 15, 'r6g.medium_use1-az5': 15, 'r6g.medium_use1-az6': 35, 'r6g.xlarge_use1-az2': 50, 'r6g.xlarge_use1-az4': 50, 'r6g.xlarge_use1-az5': 50, 'r6g.xlarge_use1-az6': 50, 'r6gd.12xlarge_use1-az1': 1, 'r6gd.12xlarge_use1-az2': 5, 'r6gd.12xlarge_use1-az4': 10, 'r6gd.12xlarge_use1-az5': 1, 'r6gd.12xlarge_use1-az6': 10, 'r6gd.16xlarge_use1-az1': 5, 'r6gd.16xlarge_use1-az2': 5, 'r6gd.16xlarge_use1-az4': 50, 'r6gd.16xlarge_use1-az5': 1, 'r6gd.16xlarge_use1-az6': 45, 'r6gd.2xlarge_use1-az4': 30, 'r6gd.4xlarge_use1-az1': 5, 'r6gd.4xlarge_use1-az2': 20, 'r6gd.4xlarge_use1-az4': 50, 'r6gd.4xlarge_use1-az5': 1, 'r6gd.4xlarge_use1-az6': 25, 'r6gd.8xlarge_use1-az1': 1, 'r6gd.8xlarge_use1-az2': 10, 'r6gd.8xlarge_use1-az4': 20, 'r6gd.8xlarge_use1-az5': 1, 'r6gd.8xlarge_use1-az6': 30, 'r6gd.large_use1-az1': 50, 'r6gd.large_use1-az2': 50, 'r6gd.large_use1-az4': 50, 'r6gd.large_use1-az5': 50, 'r6gd.large_use1-az6': 50, 'r6gd.medium_use1-az1': 5, 'r6gd.medium_use1-az2': 1, 'r6gd.medium_use1-az4': 5, 'r6gd.medium_use1-az5': 5, 'r6gd.medium_use1-az6': 1, 'r6gd.xlarge_use1-az2': 1, 'r6gd.xlarge_use1-az4': 5, 'r6i.12xlarge_use1-az1': 5, 'r6i.12xlarge_use1-az2': 5, 'r6i.12xlarge_use1-az4': 5, 'r6i.12xlarge_use1-az5': 1, 'r6i.12xlarge_use1-az6': 10, 'r6i.16xlarge_use1-az1': 1, 'r6i.16xlarge_use1-az2': 1, 'r6i.16xlarge_use1-az4': 10, 'r6i.16xlarge_use1-az5': 10, 'r6i.16xlarge_use1-az6': 1, 'r6i.24xlarge_use1-az4': 10, 'r6i.24xlarge_use1-az5': 1, 'r6i.24xlarge_use1-az6': 5, 'r6i.2xlarge_use1-az1': 15, 'r6i.2xlarge_use1-az2': 35, 'r6i.2xlarge_use1-az4': 50, 'r6i.2xlarge_use1-az5': 5, 'r6i.2xlarge_use1-az6': 50, 'r6i.32xlarge_use1-az4': 1, 'r6i.32xlarge_use1-az5': 1, 'r6i.32xlarge_use1-az6': 1, 'r6i.4xlarge_use1-az1': 30, 'r6i.4xlarge_use1-az2': 20, 'r6i.4xlarge_use1-az4': 20, 'r6i.4xlarge_use1-az5': 10, 'r6i.4xlarge_use1-az6': 40, 'r6i.8xlarge_use1-az1': 5, 'r6i.8xlarge_use1-az2': 10, 'r6i.8xlarge_use1-az4': 10, 'r6i.8xlarge_use1-az5': 5, 'r6i.8xlarge_use1-az6': 10, 'r6i.large_use1-az1': 20, 'r6i.large_use1-az2': 50, 'r6i.large_use1-az4': 50, 'r6i.large_use1-az5': 20, 'r6i.large_use1-az6': 50, 'r6i.xlarge_use1-az1': 15, 'r6i.xlarge_use1-az2': 45, 'r6i.xlarge_use1-az4': 50, 'r6i.xlarge_use1-az5': 10, 'r6i.xlarge_use1-az6': 50, 'r6id.12xlarge_use1-az1': 1, 'r6id.12xlarge_use1-az2': 5, 'r6id.12xlarge_use1-az4': 1, 'r6id.12xlarge_use1-az6': 5, 'r6id.16xlarge_use1-az1': 5, 'r6id.16xlarge_use1-az2': 5, 'r6id.16xlarge_use1-az4': 15, 'r6id.16xlarge_use1-az5': 1, 'r6id.16xlarge_use1-az6': 20, 'r6id.24xlarge_use1-az1': 10, 'r6id.24xlarge_use1-az2': 10, 'r6id.24xlarge_use1-az4': 5, 'r6id.24xlarge_use1-az6': 25, 'r6id.2xlarge_use1-az1': 5, 'r6id.2xlarge_use1-az2': 1, 'r6id.2xlarge_use1-az4': 10, 'r6id.2xlarge_use1-az5': 1, 'r6id.2xlarge_use1-az6': 10, 'r6id.32xlarge_use1-az1': 1, 'r6id.32xlarge_use1-az2': 5, 'r6id.32xlarge_use1-az4': 1, 'r6id.32xlarge_use1-az5': 1, 'r6id.32xlarge_use1-az6': 10, 'r6id.4xlarge_use1-az2': 50, 'r6id.4xlarge_use1-az4': 10, 'r6id.4xlarge_use1-az5': 20, 'r6id.4xlarge_use1-az6': 35, 'r6id.8xlarge_use1-az2': 1, 'r6id.8xlarge_use1-az6': 5, 'r6id.large_use1-az1': 15, 'r6id.large_use1-az2': 10, 'r6id.large_use1-az4': 5, 'r6id.large_use1-az5': 15, 'r6id.large_use1-az6': 30, 'r6idn.16xlarge_use1-az4': 1, 'r6idn.16xlarge_use1-az5': 1, 'r6idn.16xlarge_use1-az6': 1, 'r6idn.24xlarge_use1-az6': 1, 'r6idn.4xlarge_use1-az5': 5, 'r6idn.8xlarge_use1-az6': 5, 'r6idn.large_use1-az1': 1, 'r6idn.large_use1-az2': 1, 'r6idn.large_use1-az4': 5, 'r6idn.large_use1-az5': 5, 'r6idn.large_use1-az6': 5, 'r6in.12xlarge_use1-az6': 5, 'r6in.16xlarge_use1-az4': 1, 'r6in.16xlarge_use1-az5': 1, 'r6in.16xlarge_use1-az6': 5, 'r6in.24xlarge_use1-az6': 1, 'r6in.4xlarge_use1-az5': 20, 'r6in.8xlarge_use1-az1': 5, 'r6in.8xlarge_use1-az4': 1, 'r6in.8xlarge_use1-az6': 5, 'r6in.large_use1-az1': 45, 'r6in.large_use1-az2': 50, 'r6in.large_use1-az4': 50, 'r6in.large_use1-az5': 40, 'r6in.large_use1-az6': 50, 'r7a.12xlarge_use1-az1': 1, 'r7a.12xlarge_use1-az2': 1, 'r7a.12xlarge_use1-az4': 5, 'r7a.12xlarge_use1-az6': 20, 'r7a.16xlarge_use1-az1': 1, 'r7a.16xlarge_use1-az2': 15, 'r7a.16xlarge_use1-az4': 30, 'r7a.16xlarge_use1-az6': 50, 'r7a.24xlarge_use1-az2': 10, 'r7a.24xlarge_use1-az4': 10, 'r7a.24xlarge_use1-az6': 35, 'r7a.2xlarge_use1-az1': 1, 'r7a.2xlarge_use1-az2': 5, 'r7a.2xlarge_use1-az4': 25, 'r7a.2xlarge_use1-az6': 1, 'r7a.32xlarge_use1-az2': 1, 'r7a.32xlarge_use1-az4': 1, 'r7a.32xlarge_use1-az6': 50, 'r7a.48xlarge_use1-az2': 5, 'r7a.48xlarge_use1-az4': 5, 'r7a.48xlarge_use1-az6': 50, 'r7a.4xlarge_use1-az1': 5, 'r7a.4xlarge_use1-az2': 25, 'r7a.4xlarge_use1-az4': 50, 'r7a.4xlarge_use1-az6': 50, 'r7a.8xlarge_use1-az1': 5, 'r7a.8xlarge_use1-az2': 20, 'r7a.8xlarge_use1-az4': 50, 'r7a.8xlarge_use1-az6': 50, 'r7a.large_use1-az1': 50, 'r7a.large_use1-az2': 50, 'r7a.large_use1-az4': 50, 'r7a.large_use1-az6': 50, 'r7a.medium_use1-az1': 10, 'r7a.medium_use1-az2': 25, 'r7a.medium_use1-az4': 50, 'r7a.medium_use1-az6': 50, 'r7a.xlarge_use1-az1': 20, 'r7a.xlarge_use1-az2': 50, 'r7a.xlarge_use1-az4': 50, 'r7a.xlarge_use1-az6': 25, 'r7g.12xlarge_use1-az1': 1, 'r7g.12xlarge_use1-az2': 5, 'r7g.12xlarge_use1-az4': 50, 'r7g.12xlarge_use1-az5': 1, 'r7g.12xlarge_use1-az6': 5, 'r7g.16xlarge_use1-az1': 5, 'r7g.16xlarge_use1-az2': 30, 'r7g.16xlarge_use1-az4': 50, 'r7g.16xlarge_use1-az5': 5, 'r7g.16xlarge_use1-az6': 50, 'r7g.2xlarge_use1-az1': 5, 'r7g.2xlarge_use1-az2': 10, 'r7g.2xlarge_use1-az4': 50, 'r7g.2xlarge_use1-az5': 5, 'r7g.2xlarge_use1-az6': 15, 'r7g.4xlarge_use1-az1': 5, 'r7g.4xlarge_use1-az2': 5, 'r7g.4xlarge_use1-az4': 50, 'r7g.4xlarge_use1-az5': 5, 'r7g.4xlarge_use1-az6': 15, 'r7g.8xlarge_use1-az1': 1, 'r7g.8xlarge_use1-az2': 50, 'r7g.8xlarge_use1-az4': 50, 'r7g.8xlarge_use1-az5': 50, 'r7g.8xlarge_use1-az6': 50, 'r7g.large_use1-az1': 20, 'r7g.large_use1-az2': 50, 'r7g.large_use1-az4': 50, 'r7g.large_use1-az5': 40, 'r7g.large_use1-az6': 40, 'r7g.medium_use1-az1': 50, 'r7g.medium_use1-az2': 50, 'r7g.medium_use1-az4': 50, 'r7g.medium_use1-az5': 25, 'r7g.medium_use1-az6': 50, 'r7g.xlarge_use1-az1': 50, 'r7g.xlarge_use1-az2': 50, 'r7g.xlarge_use1-az4': 50, 'r7g.xlarge_use1-az5': 10, 'r7g.xlarge_use1-az6': 50, 'r7gd.12xlarge_use1-az1': 1, 'r7gd.12xlarge_use1-az2': 10, 'r7gd.12xlarge_use1-az4': 35, 'r7gd.12xlarge_use1-az5': 10, 'r7gd.12xlarge_use1-az6': 50, 'r7gd.16xlarge_use1-az1': 5, 'r7gd.16xlarge_use1-az2': 50, 'r7gd.16xlarge_use1-az4': 50, 'r7gd.16xlarge_use1-az5': 50, 'r7gd.16xlarge_use1-az6': 50, 'r7gd.2xlarge_use1-az2': 25, 'r7gd.2xlarge_use1-az4': 25, 'r7gd.2xlarge_use1-az5': 40, 'r7gd.2xlarge_use1-az6': 50, 'r7gd.4xlarge_use1-az2': 20, 'r7gd.4xlarge_use1-az4': 25, 'r7gd.4xlarge_use1-az5': 30, 'r7gd.4xlarge_use1-az6': 50, 'r7gd.8xlarge_use1-az1': 1, 'r7gd.8xlarge_use1-az2': 10, 'r7gd.8xlarge_use1-az4': 30, 'r7gd.8xlarge_use1-az5': 20, 'r7gd.8xlarge_use1-az6': 50, 'r7gd.large_use1-az1': 15, 'r7gd.large_use1-az2': 10, 'r7gd.large_use1-az4': 50, 'r7gd.large_use1-az5': 15, 'r7gd.large_use1-az6': 35, 'r7gd.medium_use1-az1': 35, 'r7gd.medium_use1-az2': 15, 'r7gd.medium_use1-az4': 25, 'r7gd.medium_use1-az5': 15, 'r7gd.medium_use1-az6': 20, 'r7gd.xlarge_use1-az2': 10, 'r7gd.xlarge_use1-az4': 25, 'r7gd.xlarge_use1-az5': 10, 'r7gd.xlarge_use1-az6': 50, 'r7i.12xlarge_use1-az4': 1, 'r7i.12xlarge_use1-az6': 10, 'r7i.16xlarge_use1-az1': 5, 'r7i.16xlarge_use1-az2': 15, 'r7i.16xlarge_use1-az4': 45, 'r7i.16xlarge_use1-az5': 5, 'r7i.16xlarge_use1-az6': 50, 'r7i.24xlarge_use1-az1': 1, 'r7i.24xlarge_use1-az2': 1, 'r7i.24xlarge_use1-az4': 5, 'r7i.24xlarge_use1-az5': 5, 'r7i.24xlarge_use1-az6': 5, 'r7i.2xlarge_use1-az2': 5, 'r7i.2xlarge_use1-az4': 10, 'r7i.2xlarge_use1-az5': 5, 'r7i.2xlarge_use1-az6': 50, 'r7i.48xlarge_use1-az2': 1, 'r7i.48xlarge_use1-az4': 5, 'r7i.48xlarge_use1-az5': 1, 'r7i.48xlarge_use1-az6': 5, 'r7i.4xlarge_use1-az1': 5, 'r7i.4xlarge_use1-az2': 20, 'r7i.4xlarge_use1-az4': 10, 'r7i.4xlarge_use1-az5': 1, 'r7i.4xlarge_use1-az6': 50, 'r7i.8xlarge_use1-az1': 5, 'r7i.8xlarge_use1-az2': 25, 'r7i.8xlarge_use1-az4': 25, 'r7i.8xlarge_use1-az5': 5, 'r7i.8xlarge_use1-az6': 50, 'r7i.large_use1-az1': 15, 'r7i.large_use1-az2': 50, 'r7i.large_use1-az4': 50, 'r7i.large_use1-az5': 15, 'r7i.large_use1-az6': 50, 'r7i.xlarge_use1-az1': 5, 'r7i.xlarge_use1-az2': 15, 'r7i.xlarge_use1-az4': 10, 'r7i.xlarge_use1-az5': 15, 'r7i.xlarge_use1-az6': 50, 'r8g.12xlarge_use1-az2': 5, 'r8g.12xlarge_use1-az4': 5, 'r8g.12xlarge_use1-az6': 15, 'r8g.16xlarge_use1-az1': 1, 'r8g.16xlarge_use1-az2': 50, 'r8g.16xlarge_use1-az4': 50, 'r8g.16xlarge_use1-az5': 5, 'r8g.16xlarge_use1-az6': 50, 'r8g.24xlarge_use1-az2': 10, 'r8g.24xlarge_use1-az4': 5, 'r8g.24xlarge_use1-az5': 5, 'r8g.24xlarge_use1-az6': 35, 'r8g.2xlarge_use1-az2': 5, 'r8g.2xlarge_use1-az4': 5, 'r8g.2xlarge_use1-az5': 1, 'r8g.2xlarge_use1-az6': 5, 'r8g.48xlarge_use1-az2': 1, 'r8g.48xlarge_use1-az4': 5, 'r8g.48xlarge_use1-az6': 5, 'r8g.4xlarge_use1-az2': 10, 'r8g.4xlarge_use1-az4': 35, 'r8g.4xlarge_use1-az5': 5, 'r8g.4xlarge_use1-az6': 50, 'r8g.8xlarge_use1-az2': 40, 'r8g.8xlarge_use1-az4': 15, 'r8g.8xlarge_use1-az5': 1, 'r8g.8xlarge_use1-az6': 50, 'r8g.large_use1-az1': 5, 'r8g.large_use1-az2': 30, 'r8g.large_use1-az4': 15, 'r8g.large_use1-az5': 10, 'r8g.large_use1-az6': 20, 'r8g.medium_use1-az1': 15, 'r8g.medium_use1-az2': 30, 'r8g.medium_use1-az4': 20, 'r8g.medium_use1-az5': 5, 'r8g.medium_use1-az6': 15, 'r8g.xlarge_use1-az1': 1, 'r8g.xlarge_use1-az2': 10, 'r8g.xlarge_use1-az4': 5, 'r8g.xlarge_use1-az5': 5, 'r8g.xlarge_use1-az6': 10, 'r8gb.24xlarge_use1-az6': 1, 'r8gb.large_use1-az2': 20, 'r8gb.large_use1-az4': 15, 'r8gb.large_use1-az6': 25, 'r8gb.medium_use1-az2': 50, 'r8gb.metal-24xl_use1-az6': 1, 'r8gb.xlarge_use1-az4': 5, 'r8gb.xlarge_use1-az6': 5, 'r8gd.12xlarge_use1-az5': 1, 'r8gd.12xlarge_use1-az6': 1, 'r8gd.16xlarge_use1-az2': 1, 'r8gd.16xlarge_use1-az4': 1, 'r8gd.16xlarge_use1-az5': 1, 'r8gd.16xlarge_use1-az6': 15, 'r8gd.24xlarge_use1-az2': 1, 'r8gd.24xlarge_use1-az5': 1, 'r8gd.24xlarge_use1-az6': 25, 'r8gd.2xlarge_use1-az2': 25, 'r8gd.2xlarge_use1-az4': 30, 'r8gd.2xlarge_use1-az6': 50, 'r8gd.48xlarge_use1-az6': 50, 'r8gd.4xlarge_use1-az2': 20, 'r8gd.4xlarge_use1-az5': 1, 'r8gd.4xlarge_use1-az6': 15, 'r8gd.8xlarge_use1-az2': 5, 'r8gd.8xlarge_use1-az4': 1, 'r8gd.8xlarge_use1-az5': 1, 'r8gd.8xlarge_use1-az6': 1, 'r8gd.large_use1-az2': 50, 'r8gd.large_use1-az5': 1, 'r8gd.large_use1-az6': 50, 'r8gd.medium_use1-az1': 5, 'r8gd.medium_use1-az2': 5, 'r8gd.medium_use1-az4': 5, 'r8gd.medium_use1-az5': 10, 'r8gd.metal-24xl_use1-az6': 1, 'r8gd.metal-48xl_use1-az6': 1, 'r8gd.xlarge_use1-az2': 25, 'r8gd.xlarge_use1-az4': 1, 'r8gd.xlarge_use1-az5': 50, 'r8gd.xlarge_use1-az6': 40, 'r8gn.16xlarge_use1-az6': 1, 'r8gn.24xlarge_use1-az2': 1, 'r8gn.48xlarge_use1-az6': 1, 'r8gn.8xlarge_use1-az6': 5, 'r8gn.large_use1-az2': 20, 'r8gn.large_use1-az6': 20, 'r8gn.medium_use1-az2': 35, 'r8gn.medium_use1-az4': 40, 'r8gn.metal-24xl_use1-az2': 1, 'r8gn.metal-24xl_use1-az6': 1, 'r8gn.xlarge_use1-az6': 10, 'r8i-flex.2xlarge_use1-az2': 1, 'r8i-flex.2xlarge_use1-az6': 5, 'r8i-flex.4xlarge_use1-az2': 1, 'r8i-flex.4xlarge_use1-az6': 1, 'r8i-flex.large_use1-az2': 1, 'r8i-flex.large_use1-az6': 5, 'r8i-flex.xlarge_use1-az2': 5, 'r8i-flex.xlarge_use1-az6': 1, 'r8i.12xlarge_use1-az2': 1, 'r8i.12xlarge_use1-az6': 1, 'r8i.16xlarge_use1-az2': 1, 'r8i.16xlarge_use1-az6': 1, 'r8i.24xlarge_use1-az6': 1, 'r8i.2xlarge_use1-az2': 5, 'r8i.2xlarge_use1-az6': 5, 'r8i.32xlarge_use1-az2': 1, 'r8i.32xlarge_use1-az6': 1, 'r8i.48xlarge_use1-az2': 1, 'r8i.48xlarge_use1-az6': 1, 'r8i.4xlarge_use1-az2': 1, 'r8i.4xlarge_use1-az6': 5, 'r8i.8xlarge_use1-az2': 1, 'r8i.8xlarge_use1-az6': 5, 'r8i.96xlarge_use1-az2': 1, 'r8i.96xlarge_use1-az6': 1, 'r8i.large_use1-az2': 20, 'r8i.large_use1-az6': 20, 'r8i.xlarge_use1-az2': 5, 'r8i.xlarge_use1-az6': 5, 't2.2xlarge_use1-az1': 50, 't2.2xlarge_use1-az2': 50, 't2.2xlarge_use1-az3': 15, 't2.2xlarge_use1-az4': 50, 't2.2xlarge_use1-az5': 50, 't2.2xlarge_use1-az6': 50, 't2.large_use1-az1': 20, 't2.large_use1-az2': 50, 't2.large_use1-az3': 50, 't2.large_use1-az4': 50, 't2.large_use1-az5': 25, 't2.large_use1-az6': 50, 't2.medium_use1-az1': 50, 't2.medium_use1-az2': 50, 't2.medium_use1-az3': 50, 't2.medium_use1-az4': 50, 't2.medium_use1-az5': 50, 't2.medium_use1-az6': 50, 't2.xlarge_use1-az1': 35, 't2.xlarge_use1-az2': 50, 't2.xlarge_use1-az3': 20, 't2.xlarge_use1-az4': 50, 't2.xlarge_use1-az5': 5, 't2.xlarge_use1-az6': 50, 't3.2xlarge_use1-az1': 50, 't3.2xlarge_use1-az2': 50, 't3.2xlarge_use1-az4': 50, 't3.2xlarge_use1-az5': 50, 't3.2xlarge_use1-az6': 50, 't3.large_use1-az1': 50, 't3.large_use1-az2': 50, 't3.large_use1-az4': 50, 't3.large_use1-az5': 50, 't3.large_use1-az6': 50, 't3.medium_use1-az1': 50, 't3.medium_use1-az2': 50, 't3.medium_use1-az4': 50, 't3.medium_use1-az5': 50, 't3.medium_use1-az6': 50, 't3.xlarge_use1-az1': 50, 't3.xlarge_use1-az2': 50, 't3.xlarge_use1-az4': 50, 't3.xlarge_use1-az5': 50, 't3.xlarge_use1-az6': 50, 't3a.2xlarge_use1-az1': 50, 't3a.2xlarge_use1-az2': 50, 't3a.2xlarge_use1-az4': 50, 't3a.2xlarge_use1-az5': 50, 't3a.2xlarge_use1-az6': 50, 't3a.large_use1-az1': 50, 't3a.large_use1-az2': 50, 't3a.large_use1-az4': 50, 't3a.large_use1-az5': 5, 't3a.large_use1-az6': 50, 't3a.medium_use1-az1': 50, 't3a.medium_use1-az2': 50, 't3a.medium_use1-az4': 50, 't3a.medium_use1-az6': 50, 't3a.xlarge_use1-az1': 25, 't3a.xlarge_use1-az2': 50, 't3a.xlarge_use1-az4': 50, 't3a.xlarge_use1-az5': 15, 't3a.xlarge_use1-az6': 50, 't4g.2xlarge_use1-az1': 5, 't4g.2xlarge_use1-az2': 15, 't4g.2xlarge_use1-az4': 5, 't4g.2xlarge_use1-az5': 10, 't4g.2xlarge_use1-az6': 10, 't4g.large_use1-az1': 1, 't4g.large_use1-az2': 15, 't4g.large_use1-az4': 50, 't4g.large_use1-az5': 25, 't4g.large_use1-az6': 35, 't4g.medium_use1-az2': 50, 't4g.medium_use1-az4': 50, 't4g.medium_use1-az5': 35, 't4g.medium_use1-az6': 50, 't4g.xlarge_use1-az1': 30, 't4g.xlarge_use1-az2': 15, 't4g.xlarge_use1-az4': 50, 't4g.xlarge_use1-az5': 5, 't4g.xlarge_use1-az6': 10, 'trn1.2xlarge_use1-az5': 5, 'trn1.32xlarge_use1-az6': 50, 'trn1n.32xlarge_use1-az6': 50, 'x1.32xlarge_use1-az6': 1, 'x2gd.12xlarge_use1-az5': 5, 'x2gd.16xlarge_use1-az5': 1, 'x2gd.16xlarge_use1-az6': 15, 'x2gd.2xlarge_use1-az1': 5, 'x2gd.2xlarge_use1-az5': 5, 'x2gd.2xlarge_use1-az6': 30, 'x2gd.4xlarge_use1-az4': 5, 'x2gd.4xlarge_use1-az5': 1, 'x2gd.4xlarge_use1-az6': 35, 'x2gd.8xlarge_use1-az4': 1, 'x2gd.8xlarge_use1-az5': 1, 'x2gd.8xlarge_use1-az6': 5, 'x2gd.large_use1-az2': 25, 'x2gd.large_use1-az4': 15, 'x2gd.large_use1-az6': 50, 'x2gd.medium_use1-az1': 25, 'x2gd.medium_use1-az2': 35, 'x2gd.medium_use1-az4': 50, 'x2gd.medium_use1-az5': 50, 'x2gd.medium_use1-az6': 50, 'x2gd.xlarge_use1-az1': 5, 'x2gd.xlarge_use1-az2': 1, 'x2gd.xlarge_use1-az5': 15, 'x2idn.24xlarge_use1-az4': 1, 'x2idn.24xlarge_use1-az5': 1, 'x2idn.32xlarge_use1-az5': 1, 'x8g.12xlarge_use1-az4': 20, 'x8g.12xlarge_use1-az6': 1, 'x8g.16xlarge_use1-az1': 1, 'x8g.16xlarge_use1-az2': 5, 'x8g.16xlarge_use1-az4': 5, 'x8g.16xlarge_use1-az6': 5, 'x8g.24xlarge_use1-az1': 1, 'x8g.24xlarge_use1-az2': 5, 'x8g.24xlarge_use1-az4': 5, 'x8g.24xlarge_use1-az6': 10, 'x8g.2xlarge_use1-az2': 10, 'x8g.2xlarge_use1-az4': 10, 'x8g.2xlarge_use1-az6': 25, 'x8g.48xlarge_use1-az1': 1, 'x8g.48xlarge_use1-az2': 1, 'x8g.48xlarge_use1-az4': 10, 'x8g.48xlarge_use1-az6': 1, 'x8g.4xlarge_use1-az2': 5, 'x8g.4xlarge_use1-az4': 5, 'x8g.4xlarge_use1-az6': 10, 'x8g.8xlarge_use1-az2': 15, 'x8g.8xlarge_use1-az4': 20, 'x8g.8xlarge_use1-az6': 5, 'x8g.large_use1-az1': 30, 'x8g.large_use1-az4': 50, 'x8g.large_use1-az6': 50, 'x8g.medium_use1-az1': 50, 'x8g.medium_use1-az4': 50, 'x8g.medium_use1-az6': 50, 'x8g.metal-24xl_use1-az1': 1, 'x8g.metal-24xl_use1-az2': 1, 'x8g.metal-24xl_use1-az4': 1, 'x8g.metal-24xl_use1-az6': 10, 'x8g.metal-48xl_use1-az2': 1, 'x8g.metal-48xl_use1-az4': 1, 'x8g.metal-48xl_use1-az6': 1, 'x8g.xlarge_use1-az1': 10, 'x8g.xlarge_use1-az2': 20, 'x8g.xlarge_use1-az4': 40, 'x8g.xlarge_use1-az6': 50, 'z1d.12xlarge_use1-az1': 1, 'z1d.12xlarge_use1-az2': 1, 'z1d.12xlarge_use1-az4': 1, 'z1d.12xlarge_use1-az5': 1, 'z1d.12xlarge_use1-az6': 5, 'z1d.2xlarge_use1-az2': 5, 'z1d.2xlarge_use1-az4': 15, 'z1d.2xlarge_use1-az5': 1, 'z1d.2xlarge_use1-az6': 15, 'z1d.3xlarge_use1-az2': 5, 'z1d.3xlarge_use1-az4': 10, 'z1d.3xlarge_use1-az5': 5, 'z1d.3xlarge_use1-az6': 5, 'z1d.6xlarge_use1-az1': 1, 'z1d.6xlarge_use1-az2': 1, 'z1d.6xlarge_use1-az4': 1, 'z1d.6xlarge_use1-az6': 1, 'z1d.large_use1-az1': 15, 'z1d.large_use1-az2': 5, 'z1d.large_use1-az4': 25, 'z1d.large_use1-az5': 10, 'z1d.large_use1-az6': 25, 'z1d.xlarge_use1-az1': 10, 'z1d.xlarge_use1-az2': 20, 'z1d.xlarge_use1-az4': 30, 'z1d.xlarge_use1-az5': 1, 'z1d.xlarge_use1-az6': 20}"
0.61,21140.340299999938,26417124174,1249607.3289150507,1004039,1003939,"{'c5.12xlarge_use1-az1': 50, 'c5.12xlarge_use1-az2': 50, 'c5.12xlarge_use1-az4': 50, 'c5.12xlarge_use1-az6': 50, 'c5.18xlarge_use1-az1': 5, 'c5.18xlarge_use1-az2': 50, 'c5.18xlarge_use1-az4': 15, 'c5.18xlarge_use1-az5': 10, 'c5.18xlarge_use1-az6': 1, 'c5.24xlarge_use1-az1': 1, 'c5.24xlarge_use1-az2': 5, 'c5.24xlarge_use1-az4': 5, 'c5.24xlarge_use1-az5': 1, 'c5.24xlarge_use1-az6': 5, 'c5.2xlarge_use1-az4': 50, 'c5.2xlarge_use1-az6': 50, 'c5.4xlarge_use1-az1': 50, 'c5.4xlarge_use1-az2': 50, 'c5.4xlarge_use1-az4': 50, 'c5.4xlarge_use1-az6': 50, 'c5.large_use1-az1': 50, 'c5.large_use1-az2': 50, 'c5.large_use1-az4': 50, 'c5.large_use1-az5': 50, 'c5.large_use1-az6': 50, 'c5a.12xlarge_use1-az1': 5, 'c5a.12xlarge_use1-az2': 10, 'c5a.12xlarge_use1-az4': 15, 'c5a.16xlarge_use1-az6': 1, 'c5a.24xlarge_use1-az2': 1, 'c5a.24xlarge_use1-az4': 1, 'c5a.2xlarge_use1-az5': 15, 'c5a.2xlarge_use1-az6': 50, 'c5a.large_use1-az2': 50, 'c5a.large_use1-az4': 50, 'c5a.large_use1-az5': 45, 'c5a.large_use1-az6': 50, 'c5a.xlarge_use1-az5': 50, 'c5ad.16xlarge_use1-az4': 1, 'c5ad.24xlarge_use1-az2': 1, 'c5ad.24xlarge_use1-az4': 1, 'c5ad.24xlarge_use1-az6': 5, 'c5ad.8xlarge_use1-az5': 1, 'c5ad.large_use1-az2': 30, 'c5ad.large_use1-az5': 15, 'c5ad.large_use1-az6': 20, 'c5d.12xlarge_use1-az6': 45, 'c5d.18xlarge_use1-az1': 5, 'c5d.18xlarge_use1-az2': 50, 'c5d.18xlarge_use1-az4': 50, 'c5d.18xlarge_use1-az5': 5, 'c5d.18xlarge_use1-az6': 30, 'c5d.24xlarge_use1-az2': 35, 'c5d.24xlarge_use1-az4': 25, 'c5d.24xlarge_use1-az6': 50, 'c5d.large_use1-az5': 35, 'c5d.xlarge_use1-az5': 50, 'c5n.18xlarge_use1-az1': 30, 'c5n.18xlarge_use1-az2': 5, 'c5n.18xlarge_use1-az4': 10, 'c5n.2xlarge_use1-az5': 10, 'c5n.large_use1-az5': 5, 'c6a.12xlarge_use1-az1': 5, 'c6a.12xlarge_use1-az2': 50, 'c6a.12xlarge_use1-az4': 50, 'c6a.12xlarge_use1-az5': 1, 'c6a.12xlarge_use1-az6': 15, 'c6a.16xlarge_use1-az1': 1, 'c6a.16xlarge_use1-az2': 5, 'c6a.16xlarge_use1-az4': 10, 'c6a.16xlarge_use1-az5': 1, 'c6a.16xlarge_use1-az6': 15, 'c6a.24xlarge_use1-az1': 1, 'c6a.24xlarge_use1-az2': 5, 'c6a.24xlarge_use1-az4': 5, 'c6a.24xlarge_use1-az5': 5, 'c6a.24xlarge_use1-az6': 20, 'c6a.2xlarge_use1-az1': 10, 'c6a.2xlarge_use1-az2': 40, 'c6a.2xlarge_use1-az4': 50, 'c6a.2xlarge_use1-az5': 10, 'c6a.2xlarge_use1-az6': 50, 'c6a.32xlarge_use1-az2': 1, 'c6a.32xlarge_use1-az4': 1, 'c6a.32xlarge_use1-az5': 1, 'c6a.32xlarge_use1-az6': 5, 'c6a.48xlarge_use1-az2': 1, 'c6a.48xlarge_use1-az4': 10, 'c6a.48xlarge_use1-az5': 5, 'c6a.48xlarge_use1-az6': 25, 'c6a.4xlarge_use1-az2': 15, 'c6a.4xlarge_use1-az4': 30, 'c6a.4xlarge_use1-az5': 15, 'c6a.4xlarge_use1-az6': 50, 'c6a.8xlarge_use1-az1': 5, 'c6a.8xlarge_use1-az2': 50, 'c6a.8xlarge_use1-az4': 30, 'c6a.8xlarge_use1-az5': 25, 'c6a.8xlarge_use1-az6': 50, 'c6a.large_use1-az1': 45, 'c6a.large_use1-az2': 50, 'c6a.large_use1-az4': 50, 'c6a.large_use1-az5': 50, 'c6a.large_use1-az6': 20, 'c6a.xlarge_use1-az1': 15, 'c6a.xlarge_use1-az2': 25, 'c6a.xlarge_use1-az4': 25, 'c6a.xlarge_use1-az5': 15, 'c6a.xlarge_use1-az6': 25, 'c6g.12xlarge_use1-az1': 15, 'c6g.12xlarge_use1-az2': 25, 'c6g.12xlarge_use1-az4': 50, 'c6g.12xlarge_use1-az5': 5, 'c6g.12xlarge_use1-az6': 50, 'c6g.16xlarge_use1-az1': 1, 'c6g.16xlarge_use1-az2': 15, 'c6g.16xlarge_use1-az4': 50, 'c6g.16xlarge_use1-az5': 5, 'c6g.16xlarge_use1-az6': 50, 'c6g.2xlarge_use1-az1': 5, 'c6g.2xlarge_use1-az2': 50, 'c6g.2xlarge_use1-az4': 50, 'c6g.2xlarge_use1-az5': 15, 'c6g.2xlarge_use1-az6': 50, 'c6g.4xlarge_use1-az1': 50, 'c6g.4xlarge_use1-az2': 50, 'c6g.4xlarge_use1-az4': 50, 'c6g.4xlarge_use1-az5': 50, 'c6g.4xlarge_use1-az6': 50, 'c6g.8xlarge_use1-az1': 50, 'c6g.8xlarge_use1-az2': 50, 'c6g.8xlarge_use1-az4': 50, 'c6g.8xlarge_use1-az5': 50, 'c6g.8xlarge_use1-az6': 50, 'c6g.large_use1-az2': 50, 'c6g.large_use1-az4': 50, 'c6g.large_use1-az5': 50, 'c6g.large_use1-az6': 50, 'c6g.xlarge_use1-az2': 50, 'c6g.xlarge_use1-az4': 50, 'c6g.xlarge_use1-az6': 50, 'c6gd.12xlarge_use1-az2': 50, 'c6gd.12xlarge_use1-az4': 30, 'c6gd.12xlarge_use1-az5': 1, 'c6gd.12xlarge_use1-az6': 50, 'c6gd.16xlarge_use1-az2': 50, 'c6gd.16xlarge_use1-az4': 30, 'c6gd.16xlarge_use1-az6': 50, 'c6gd.2xlarge_use1-az1': 15, 'c6gd.2xlarge_use1-az2': 50, 'c6gd.2xlarge_use1-az4': 50, 'c6gd.2xlarge_use1-az5': 1, 'c6gd.2xlarge_use1-az6': 50, 'c6gd.4xlarge_use1-az1': 20, 'c6gd.4xlarge_use1-az2': 50, 'c6gd.4xlarge_use1-az4': 50, 'c6gd.4xlarge_use1-az5': 10, 'c6gd.4xlarge_use1-az6': 50, 'c6gd.8xlarge_use1-az1': 25, 'c6gd.8xlarge_use1-az2': 45, 'c6gd.8xlarge_use1-az4': 45, 'c6gd.8xlarge_use1-az5': 1, 'c6gd.8xlarge_use1-az6': 50, 'c6gd.large_use1-az2': 5, 'c6gd.large_use1-az4': 20, 'c6gd.large_use1-az5': 1, 'c6gd.large_use1-az6': 50, 'c6gn.12xlarge_use1-az2': 25, 'c6gn.12xlarge_use1-az4': 50, 'c6gn.12xlarge_use1-az5': 1, 'c6gn.16xlarge_use1-az1': 1, 'c6gn.16xlarge_use1-az4': 50, 'c6gn.16xlarge_use1-az5': 10, 'c6gn.2xlarge_use1-az1': 5, 'c6gn.4xlarge_use1-az5': 10, 'c6gn.8xlarge_use1-az2': 35, 'c6gn.8xlarge_use1-az4': 30, 'c6gn.8xlarge_use1-az5': 5, 'c6gn.8xlarge_use1-az6': 5, 'c6gn.large_use1-az6': 1, 'c6gn.xlarge_use1-az5': 5, 'c6i.12xlarge_use1-az1': 15, 'c6i.12xlarge_use1-az2': 15, 'c6i.12xlarge_use1-az4': 30, 'c6i.12xlarge_use1-az5': 5, 'c6i.12xlarge_use1-az6': 5, 'c6i.16xlarge_use1-az1': 5, 'c6i.16xlarge_use1-az2': 15, 'c6i.16xlarge_use1-az4': 25, 'c6i.16xlarge_use1-az5': 10, 'c6i.16xlarge_use1-az6': 30, 'c6i.24xlarge_use1-az1': 5, 'c6i.24xlarge_use1-az4': 10, 'c6i.24xlarge_use1-az5': 1, 'c6i.24xlarge_use1-az6': 15, 'c6i.32xlarge_use1-az1': 10, 'c6i.32xlarge_use1-az2': 5, 'c6i.32xlarge_use1-az4': 50, 'c6i.32xlarge_use1-az5': 1, 'c6i.32xlarge_use1-az6': 40, 'c6i.4xlarge_use1-az2': 40, 'c6i.4xlarge_use1-az4': 50, 'c6i.8xlarge_use1-az1': 10, 'c6i.8xlarge_use1-az2': 45, 'c6i.8xlarge_use1-az4': 50, 'c6i.8xlarge_use1-az5': 10, 'c6i.8xlarge_use1-az6': 50, 'c6i.large_use1-az1': 10, 'c6i.large_use1-az2': 40, 'c6i.large_use1-az4': 30, 'c6i.large_use1-az5': 10, 'c6i.large_use1-az6': 50, 'c6i.xlarge_use1-az1': 50, 'c6i.xlarge_use1-az2': 45, 'c6i.xlarge_use1-az4': 35, 'c6i.xlarge_use1-az5': 10, 'c6i.xlarge_use1-az6': 50, 'c6id.12xlarge_use1-az1': 1, 'c6id.12xlarge_use1-az2': 1, 'c6id.12xlarge_use1-az4': 5, 'c6id.12xlarge_use1-az6': 5, 'c6id.16xlarge_use1-az1': 1, 'c6id.16xlarge_use1-az2': 5, 'c6id.16xlarge_use1-az4': 5, 'c6id.16xlarge_use1-az5': 1, 'c6id.16xlarge_use1-az6': 1, 'c6id.24xlarge_use1-az1': 5, 'c6id.24xlarge_use1-az2': 15, 'c6id.24xlarge_use1-az4': 5, 'c6id.24xlarge_use1-az5': 1, 'c6id.24xlarge_use1-az6': 10, 'c6id.32xlarge_use1-az1': 1, 'c6id.32xlarge_use1-az2': 5, 'c6id.32xlarge_use1-az4': 10, 'c6id.32xlarge_use1-az5': 1, 'c6id.32xlarge_use1-az6': 5, 'c6id.large_use1-az5': 5, 'c6id.large_use1-az6': 5, 'c6id.xlarge_use1-az2': 1, 'c6id.xlarge_use1-az5': 1, 'c6id.xlarge_use1-az6': 1, 'c6in.32xlarge_use1-az6': 1, 'c6in.4xlarge_use1-az2': 5, 'c6in.4xlarge_use1-az4': 5, 'c6in.large_use1-az2': 1, 'c6in.large_use1-az4': 1, 'c6in.large_use1-az5': 1, 'c7a.12xlarge_use1-az1': 5, 'c7a.12xlarge_use1-az2': 5, 'c7a.12xlarge_use1-az4': 1, 'c7a.12xlarge_use1-az6': 15, 'c7a.16xlarge_use1-az1': 1, 'c7a.16xlarge_use1-az2': 1, 'c7a.16xlarge_use1-az6': 5, 'c7a.24xlarge_use1-az1': 1, 'c7a.24xlarge_use1-az2': 1, 'c7a.24xlarge_use1-az5': 1, 'c7a.24xlarge_use1-az6': 5, 'c7a.2xlarge_use1-az1': 1, 'c7a.2xlarge_use1-az2': 1, 'c7a.2xlarge_use1-az5': 1, 'c7a.32xlarge_use1-az1': 1, 'c7a.32xlarge_use1-az2': 1, 'c7a.32xlarge_use1-az6': 15, 'c7a.48xlarge_use1-az1': 1, 'c7a.48xlarge_use1-az2': 1, 'c7a.48xlarge_use1-az5': 1, 'c7a.48xlarge_use1-az6': 20, 'c7a.4xlarge_use1-az1': 5, 'c7a.4xlarge_use1-az2': 10, 'c7a.4xlarge_use1-az4': 5, 'c7a.4xlarge_use1-az5': 1, 'c7a.4xlarge_use1-az6': 50, 'c7a.8xlarge_use1-az2': 1, 'c7a.8xlarge_use1-az4': 1, 'c7a.large_use1-az1': 15, 'c7a.large_use1-az2': 25, 'c7a.large_use1-az4': 30, 'c7a.large_use1-az5': 10, 'c7a.large_use1-az6': 50, 'c7a.xlarge_use1-az2': 5, 'c7a.xlarge_use1-az4': 10, 'c7a.xlarge_use1-az5': 5, 'c7a.xlarge_use1-az6': 15, 'c7g.12xlarge_use1-az1': 15, 'c7g.12xlarge_use1-az2': 50, 'c7g.12xlarge_use1-az4': 15, 'c7g.12xlarge_use1-az5': 1, 'c7g.12xlarge_use1-az6': 50, 'c7g.16xlarge_use1-az1': 25, 'c7g.16xlarge_use1-az2': 40, 'c7g.16xlarge_use1-az4': 50, 'c7g.16xlarge_use1-az5': 10, 'c7g.16xlarge_use1-az6': 50, 'c7g.2xlarge_use1-az1': 50, 'c7g.2xlarge_use1-az2': 50, 'c7g.2xlarge_use1-az4': 50, 'c7g.2xlarge_use1-az5': 50, 'c7g.2xlarge_use1-az6': 50, 'c7g.4xlarge_use1-az1': 50, 'c7g.4xlarge_use1-az2': 50, 'c7g.4xlarge_use1-az4': 50, 'c7g.4xlarge_use1-az5': 50, 'c7g.4xlarge_use1-az6': 50, 'c7g.8xlarge_use1-az1': 50, 'c7g.8xlarge_use1-az2': 50, 'c7g.8xlarge_use1-az4': 50, 'c7g.8xlarge_use1-az5': 50, 'c7g.8xlarge_use1-az6': 50, 'c7g.large_use1-az2': 45, 'c7g.large_use1-az5': 10, 'c7g.xlarge_use1-az2': 50, 'c7g.xlarge_use1-az4': 50, 'c7g.xlarge_use1-az5': 50, 'c7g.xlarge_use1-az6': 50, 'c7gd.12xlarge_use1-az1': 5, 'c7gd.12xlarge_use1-az4': 15, 'c7gd.12xlarge_use1-az5': 15, 'c7gd.12xlarge_use1-az6': 50, 'c7gd.16xlarge_use1-az1': 5, 'c7gd.16xlarge_use1-az2': 30, 'c7gd.16xlarge_use1-az4': 40, 'c7gd.16xlarge_use1-az5': 1, 'c7gd.16xlarge_use1-az6': 50, 'c7gd.2xlarge_use1-az1': 15, 'c7gd.2xlarge_use1-az2': 50, 'c7gd.2xlarge_use1-az4': 50, 'c7gd.2xlarge_use1-az5': 5, 'c7gd.2xlarge_use1-az6': 50, 'c7gd.4xlarge_use1-az1': 30, 'c7gd.4xlarge_use1-az2': 25, 'c7gd.4xlarge_use1-az4': 50, 'c7gd.4xlarge_use1-az5': 1, 'c7gd.4xlarge_use1-az6': 50, 'c7gd.8xlarge_use1-az1': 5, 'c7gd.8xlarge_use1-az2': 15, 'c7gd.8xlarge_use1-az4': 10, 'c7gd.8xlarge_use1-az5': 5, 'c7gd.8xlarge_use1-az6': 20, 'c7gd.large_use1-az2': 25, 'c7gd.large_use1-az4': 5, 'c7gd.large_use1-az5': 10, 'c7gd.xlarge_use1-az1': 15, 'c7gd.xlarge_use1-az2': 50, 'c7gd.xlarge_use1-az5': 15, 'c7gn.12xlarge_use1-az5': 1, 'c7gn.16xlarge_use1-az5': 5, 'c7gn.16xlarge_use1-az6': 20, 'c7gn.2xlarge_use1-az5': 1, 'c7gn.4xlarge_use1-az2': 50, 'c7gn.4xlarge_use1-az5': 1, 'c7gn.4xlarge_use1-az6': 50, 'c7gn.8xlarge_use1-az5': 1, 'c7gn.8xlarge_use1-az6': 5, 'c7gn.xlarge_use1-az5': 5, 'c7i-flex.2xlarge_use1-az5': 15, 'c7i-flex.4xlarge_use1-az2': 1, 'c7i-flex.4xlarge_use1-az4': 1, 'c7i-flex.4xlarge_use1-az6': 5, 'c7i-flex.8xlarge_use1-az1': 1, 'c7i-flex.8xlarge_use1-az2': 1, 'c7i-flex.8xlarge_use1-az4': 1, 'c7i-flex.8xlarge_use1-az6': 5, 'c7i-flex.large_use1-az1': 40, 'c7i-flex.large_use1-az2': 50, 'c7i-flex.large_use1-az4': 10, 'c7i-flex.large_use1-az5': 1, 'c7i-flex.large_use1-az6': 50, 'c7i-flex.xlarge_use1-az2': 50, 'c7i-flex.xlarge_use1-az4': 50, 'c7i-flex.xlarge_use1-az5': 5, 'c7i.12xlarge_use1-az1': 5, 'c7i.12xlarge_use1-az2': 15, 'c7i.12xlarge_use1-az4': 15, 'c7i.12xlarge_use1-az6': 5, 'c7i.16xlarge_use1-az1': 1, 'c7i.16xlarge_use1-az2': 5, 'c7i.16xlarge_use1-az4': 1, 'c7i.16xlarge_use1-az6': 15, 'c7i.24xlarge_use1-az1': 5, 'c7i.24xlarge_use1-az2': 5, 'c7i.24xlarge_use1-az4': 5, 'c7i.24xlarge_use1-az6': 15, 'c7i.2xlarge_use1-az1': 10, 'c7i.2xlarge_use1-az2': 10, 'c7i.2xlarge_use1-az4': 10, 'c7i.2xlarge_use1-az5': 5, 'c7i.2xlarge_use1-az6': 25, 'c7i.48xlarge_use1-az1': 10, 'c7i.48xlarge_use1-az2': 10, 'c7i.48xlarge_use1-az4': 5, 'c7i.48xlarge_use1-az5': 1, 'c7i.48xlarge_use1-az6': 50, 'c7i.4xlarge_use1-az1': 5, 'c7i.4xlarge_use1-az2': 5, 'c7i.4xlarge_use1-az4': 5, 'c7i.4xlarge_use1-az5': 1, 'c7i.4xlarge_use1-az6': 15, 'c7i.8xlarge_use1-az1': 1, 'c7i.8xlarge_use1-az2': 5, 'c7i.8xlarge_use1-az4': 5, 'c7i.8xlarge_use1-az6': 10, 'c7i.large_use1-az1': 45, 'c7i.large_use1-az2': 50, 'c7i.large_use1-az4': 50, 'c7i.large_use1-az5': 5, 'c7i.large_use1-az6': 50, 'c7i.xlarge_use1-az1': 5, 'c7i.xlarge_use1-az2': 10, 'c7i.xlarge_use1-az4': 5, 'c7i.xlarge_use1-az5': 1, 'c7i.xlarge_use1-az6': 5, 'c8g.12xlarge_use1-az1': 1, 'c8g.12xlarge_use1-az2': 5, 'c8g.12xlarge_use1-az4': 1, 'c8g.12xlarge_use1-az6': 25, 'c8g.16xlarge_use1-az1': 10, 'c8g.16xlarge_use1-az2': 5, 'c8g.16xlarge_use1-az4': 1, 'c8g.16xlarge_use1-az6': 50, 'c8g.24xlarge_use1-az1': 5, 'c8g.24xlarge_use1-az2': 10, 'c8g.24xlarge_use1-az4': 1, 'c8g.24xlarge_use1-az6': 25, 'c8g.2xlarge_use1-az1': 5, 'c8g.2xlarge_use1-az2': 5, 'c8g.2xlarge_use1-az4': 50, 'c8g.2xlarge_use1-az5': 1, 'c8g.2xlarge_use1-az6': 50, 'c8g.48xlarge_use1-az1': 1, 'c8g.48xlarge_use1-az2': 5, 'c8g.48xlarge_use1-az6': 50, 'c8g.4xlarge_use1-az1': 35, 'c8g.4xlarge_use1-az2': 15, 'c8g.4xlarge_use1-az4': 20, 'c8g.4xlarge_use1-az5': 10, 'c8g.4xlarge_use1-az6': 50, 'c8g.8xlarge_use1-az1': 1, 'c8g.8xlarge_use1-az2': 5, 'c8g.8xlarge_use1-az4': 5, 'c8g.8xlarge_use1-az6': 50, 'c8g.large_use1-az1': 5, 'c8g.large_use1-az2': 20, 'c8g.large_use1-az4': 5, 'c8g.large_use1-az5': 1, 'c8g.large_use1-az6': 40, 'c8g.metal-24xl_use1-az2': 1, 'c8g.metal-24xl_use1-az6': 20, 'c8g.metal-48xl_use1-az1': 1, 'c8g.metal-48xl_use1-az2': 1, 'c8g.metal-48xl_use1-az6': 50, 'c8g.xlarge_use1-az1': 5, 'c8g.xlarge_use1-az2': 30, 'c8g.xlarge_use1-az4': 5, 'c8g.xlarge_use1-az5': 1, 'c8g.xlarge_use1-az6': 50, 'c8gd.12xlarge_use1-az2': 5, 'c8gd.12xlarge_use1-az4': 5, 'c8gd.12xlarge_use1-az5': 1, 'c8gd.12xlarge_use1-az6': 5, 'c8gd.16xlarge_use1-az2': 10, 'c8gd.16xlarge_use1-az4': 10, 'c8gd.16xlarge_use1-az5': 5, 'c8gd.16xlarge_use1-az6': 50, 'c8gd.24xlarge_use1-az2': 1, 'c8gd.24xlarge_use1-az4': 5, 'c8gd.24xlarge_use1-az5': 1, 'c8gd.24xlarge_use1-az6': 5, 'c8gd.2xlarge_use1-az2': 50, 'c8gd.2xlarge_use1-az4': 50, 'c8gd.2xlarge_use1-az5': 10, 'c8gd.2xlarge_use1-az6': 50, 'c8gd.48xlarge_use1-az2': 1, 'c8gd.48xlarge_use1-az6': 15, 'c8gd.4xlarge_use1-az2': 10, 'c8gd.4xlarge_use1-az4': 30, 'c8gd.4xlarge_use1-az5': 1, 'c8gd.4xlarge_use1-az6': 50, 'c8gd.8xlarge_use1-az2': 1, 'c8gd.8xlarge_use1-az5': 1, 'c8gd.large_use1-az1': 1, 'c8gd.large_use1-az2': 40, 'c8gd.large_use1-az4': 35, 'c8gd.large_use1-az6': 50, 'c8gd.metal-24xl_use1-az2': 1, 'c8gd.metal-24xl_use1-az4': 1, 'c8gd.metal-24xl_use1-az5': 1, 'c8gd.metal-24xl_use1-az6': 5, 'c8gd.metal-48xl_use1-az2': 1, 'c8gd.metal-48xl_use1-az6': 1, 'c8gd.xlarge_use1-az1': 1, 'c8gd.xlarge_use1-az2': 20, 'c8gd.xlarge_use1-az4': 20, 'c8gd.xlarge_use1-az5': 15, 'c8gd.xlarge_use1-az6': 50, 'c8gn.2xlarge_use1-az2': 1, 'c8gn.4xlarge_use1-az2': 1, 'c8gn.4xlarge_use1-az5': 1, 'c8gn.large_use1-az6': 1, 'c8i-flex.12xlarge_use1-az6': 1, 'c8i-flex.16xlarge_use1-az6': 1, 'c8i-flex.2xlarge_use1-az2': 25, 'c8i-flex.2xlarge_use1-az4': 15, 'c8i-flex.2xlarge_use1-az6': 50, 'c8i-flex.4xlarge_use1-az2': 5, 'c8i-flex.4xlarge_use1-az4': 1, 'c8i-flex.4xlarge_use1-az6': 5, 'c8i-flex.8xlarge_use1-az6': 1, 'c8i-flex.large_use1-az4': 20, 'c8i-flex.xlarge_use1-az2': 40, 'c8i-flex.xlarge_use1-az4': 5, 'c8i-flex.xlarge_use1-az6': 50, 'c8i.12xlarge_use1-az2': 1, 'c8i.12xlarge_use1-az4': 1, 'c8i.12xlarge_use1-az6': 1, 'c8i.16xlarge_use1-az6': 1, 'c8i.24xlarge_use1-az6': 1, 'c8i.2xlarge_use1-az2': 10, 'c8i.2xlarge_use1-az4': 5, 'c8i.2xlarge_use1-az6': 20, 'c8i.32xlarge_use1-az2': 1, 'c8i.32xlarge_use1-az4': 1, 'c8i.32xlarge_use1-az6': 5, 'c8i.48xlarge_use1-az2': 1, 'c8i.48xlarge_use1-az6': 1, 'c8i.4xlarge_use1-az2': 5, 'c8i.4xlarge_use1-az4': 5, 'c8i.4xlarge_use1-az6': 5, 'c8i.8xlarge_use1-az2': 1, 'c8i.8xlarge_use1-az4': 1, 'c8i.8xlarge_use1-az6': 5, 'c8i.96xlarge_use1-az2': 1, 'c8i.96xlarge_use1-az6': 5, 'c8i.metal-48xl_use1-az2': 1, 'c8i.metal-96xl_use1-az2': 1, 'c8i.metal-96xl_use1-az6': 5, 'c8i.xlarge_use1-az2': 50, 'c8i.xlarge_use1-az4': 15, 'c8i.xlarge_use1-az6': 50, 'd3en.12xlarge_use1-az6': 50, 'f2.12xlarge_use1-az2': 1, 'f2.12xlarge_use1-az4': 1, 'f2.12xlarge_use1-az6': 1, 'f2.48xlarge_use1-az2': 5, 'f2.48xlarge_use1-az4': 5, 'f2.48xlarge_use1-az6': 1, 'g4ad.16xlarge_use1-az1': 5, 'g4ad.16xlarge_use1-az2': 5, 'g4ad.16xlarge_use1-az4': 5, 'g4ad.16xlarge_use1-az6': 10, 'g4ad.2xlarge_use1-az1': 5, 'g4ad.2xlarge_use1-az2': 10, 'g4ad.2xlarge_use1-az4': 10, 'g4ad.2xlarge_use1-az6': 10, 'g4ad.4xlarge_use1-az1': 10, 'g4ad.4xlarge_use1-az2': 15, 'g4ad.4xlarge_use1-az4': 15, 'g4ad.4xlarge_use1-az6': 5, 'g4ad.8xlarge_use1-az1': 1, 'g4ad.8xlarge_use1-az2': 5, 'g4ad.8xlarge_use1-az4': 5, 'g4ad.8xlarge_use1-az6': 5, 'g4ad.xlarge_use1-az1': 20, 'g4ad.xlarge_use1-az2': 20, 'g4ad.xlarge_use1-az4': 25, 'g4ad.xlarge_use1-az6': 20, 'g4dn.12xlarge_use1-az2': 15, 'g4dn.12xlarge_use1-az4': 15, 'g4dn.12xlarge_use1-az5': 15, 'g4dn.12xlarge_use1-az6': 50, 'g4dn.16xlarge_use1-az1': 1, 'g4dn.16xlarge_use1-az2': 10, 'g4dn.16xlarge_use1-az4': 1, 'g4dn.16xlarge_use1-az5': 5, 'g4dn.16xlarge_use1-az6': 15, 'g4dn.4xlarge_use1-az1': 5, 'g4dn.4xlarge_use1-az2': 40, 'g4dn.4xlarge_use1-az4': 25, 'g4dn.4xlarge_use1-az5': 40, 'g4dn.4xlarge_use1-az6': 40, 'g4dn.8xlarge_use1-az1': 1, 'g4dn.8xlarge_use1-az2': 1, 'g4dn.8xlarge_use1-az4': 10, 'g4dn.8xlarge_use1-az5': 1, 'g4dn.8xlarge_use1-az6': 5, 'g5.16xlarge_use1-az1': 1, 'g5.16xlarge_use1-az2': 1, 'g5.16xlarge_use1-az4': 5, 'g5.16xlarge_use1-az5': 5, 'g5.16xlarge_use1-az6': 10, 'g5.24xlarge_use1-az1': 1, 'g5.24xlarge_use1-az2': 1, 'g5.24xlarge_use1-az4': 1, 'g5.24xlarge_use1-az5': 1, 'g5.24xlarge_use1-az6': 5, 'g5.48xlarge_use1-az2': 1, 'g5.48xlarge_use1-az5': 5, 'g5.48xlarge_use1-az6': 25, 'g5.4xlarge_use1-az1': 1, 'g5.8xlarge_use1-az1': 1, 'g5.8xlarge_use1-az2': 5, 'g5.8xlarge_use1-az4': 10, 'g5.8xlarge_use1-az5': 20, 'g5.8xlarge_use1-az6': 10, 'g5g.16xlarge_use1-az1': 1, 'g5g.16xlarge_use1-az6': 5, 'g6.12xlarge_use1-az1': 5, 'g6.12xlarge_use1-az2': 1, 'g6.12xlarge_use1-az4': 30, 'g6.12xlarge_use1-az6': 50, 'g6.16xlarge_use1-az1': 1, 'g6.16xlarge_use1-az2': 1, 'g6.16xlarge_use1-az4': 1, 'g6.16xlarge_use1-az6': 5, 'g6.24xlarge_use1-az2': 1, 'g6.24xlarge_use1-az4': 1, 'g6.24xlarge_use1-az6': 1, 'g6.48xlarge_use1-az2': 5, 'g6.48xlarge_use1-az4': 30, 'g6.48xlarge_use1-az6': 50, 'g6.4xlarge_use1-az1': 5, 'g6.4xlarge_use1-az2': 10, 'g6.4xlarge_use1-az4': 35, 'g6.4xlarge_use1-az6': 50, 'g6.8xlarge_use1-az1': 5, 'g6.8xlarge_use1-az2': 5, 'g6.8xlarge_use1-az4': 10, 'g6.8xlarge_use1-az6': 15, 'g6e.16xlarge_use1-az1': 10, 'g6e.16xlarge_use1-az2': 15, 'g6e.16xlarge_use1-az4': 40, 'g6e.16xlarge_use1-az6': 20, 'g6e.8xlarge_use1-az1': 1, 'g6e.8xlarge_use1-az2': 1, 'g6e.8xlarge_use1-az4': 1, 'g6e.8xlarge_use1-az6': 1, 'g6f.2xlarge_use1-az1': 1, 'g6f.2xlarge_use1-az4': 1, 'g6f.2xlarge_use1-az6': 5, 'g6f.4xlarge_use1-az1': 1, 'g6f.4xlarge_use1-az4': 1, 'g6f.4xlarge_use1-az6': 1, 'g6f.large_use1-az1': 10, 'g6f.large_use1-az2': 15, 'g6f.large_use1-az4': 40, 'g6f.large_use1-az6': 20, 'g6f.xlarge_use1-az1': 1, 'g6f.xlarge_use1-az2': 1, 'g6f.xlarge_use1-az4': 5, 'g6f.xlarge_use1-az6': 10, 'gr6.4xlarge_use1-az2': 1, 'gr6.4xlarge_use1-az4': 1, 'gr6.4xlarge_use1-az6': 1, 'gr6.8xlarge_use1-az1': 1, 'gr6.8xlarge_use1-az2': 1, 'gr6.8xlarge_use1-az4': 1, 'gr6.8xlarge_use1-az6': 1, 'i2.xlarge_use1-az1': 1, 'i3.16xlarge_use1-az1': 20, 'i3.16xlarge_use1-az2': 50, 'i3.16xlarge_use1-az3': 10, 'i3.16xlarge_use1-az4': 50, 'i3.16xlarge_use1-az5': 10, 'i3.16xlarge_use1-az6': 45, 'i3.8xlarge_use1-az3': 50, 'i3.large_use1-az1': 50, 'i3.large_use1-az2': 50, 'i3.large_use1-az3': 50, 'i3.large_use1-az4': 50, 'i3.large_use1-az5': 50, 'i3.large_use1-az6': 50, 'i3.xlarge_use1-az2': 50, 'i3.xlarge_use1-az3': 50, 'i3.xlarge_use1-az4': 50, 'i3.xlarge_use1-az5': 50, 'i3.xlarge_use1-az6': 50, 'i3en.24xlarge_use1-az6': 20, 'i4g.16xlarge_use1-az4': 1, 'i4g.16xlarge_use1-az5': 50, 'i4g.16xlarge_use1-az6': 50, 'i4g.2xlarge_use1-az2': 10, 'i4g.2xlarge_use1-az4': 15, 'i4g.2xlarge_use1-az5': 40, 'i4g.2xlarge_use1-az6': 50, 'i4g.4xlarge_use1-az2': 25, 'i4g.large_use1-az2': 5, 'i4g.large_use1-az4': 5, 'i4g.large_use1-az6': 50, 'i4g.xlarge_use1-az2': 10, 'i4g.xlarge_use1-az4': 1, 'i4g.xlarge_use1-az5': 50, 'i4i.12xlarge_use1-az2': 5, 'i4i.24xlarge_use1-az2': 1, 'i4i.2xlarge_use1-az2': 50, 'i4i.2xlarge_use1-az4': 50, 'i4i.2xlarge_use1-az5': 1, 'i4i.2xlarge_use1-az6': 50, 'i4i.large_use1-az1': 50, 'i4i.large_use1-az2': 50, 'i4i.large_use1-az4': 50, 'i4i.large_use1-az5': 50, 'i4i.large_use1-az6': 50, 'i4i.xlarge_use1-az1': 50, 'i4i.xlarge_use1-az2': 50, 'i4i.xlarge_use1-az4': 50, 'i4i.xlarge_use1-az5': 50, 'i4i.xlarge_use1-az6': 50, 'i7i.12xlarge_use1-az1': 1, 'i7i.12xlarge_use1-az4': 1, 'i7i.12xlarge_use1-az5': 1, 'i7i.12xlarge_use1-az6': 1, 'i7i.16xlarge_use1-az2': 1, 'i7i.16xlarge_use1-az4': 5, 'i7i.16xlarge_use1-az5': 1, 'i7i.16xlarge_use1-az6': 1, 'i7i.24xlarge_use1-az2': 1, 'i7i.24xlarge_use1-az4': 1, 'i7i.24xlarge_use1-az5': 1, 'i7i.24xlarge_use1-az6': 1, 'i7i.2xlarge_use1-az1': 1, 'i7i.2xlarge_use1-az2': 50, 'i7i.2xlarge_use1-az4': 45, 'i7i.2xlarge_use1-az5': 20, 'i7i.2xlarge_use1-az6': 10, 'i7i.4xlarge_use1-az1': 1, 'i7i.4xlarge_use1-az2': 15, 'i7i.4xlarge_use1-az4': 20, 'i7i.4xlarge_use1-az5': 5, 'i7i.4xlarge_use1-az6': 20, 'i7i.8xlarge_use1-az1': 1, 'i7i.8xlarge_use1-az2': 1, 'i7i.8xlarge_use1-az4': 5, 'i7i.8xlarge_use1-az5': 1, 'i7i.8xlarge_use1-az6': 1, 'i7i.metal-24xl_use1-az2': 1, 'i7i.metal-24xl_use1-az4': 50, 'i7i.metal-24xl_use1-az6': 35, 'i7i.xlarge_use1-az1': 1, 'i7i.xlarge_use1-az6': 20, 'i7ie.18xlarge_use1-az6': 20, 'i7ie.24xlarge_use1-az6': 50, 'i7ie.2xlarge_use1-az2': 1, 'i7ie.3xlarge_use1-az2': 1, 'i7ie.48xlarge_use1-az6': 50, 'i7ie.large_use1-az1': 45, 'i7ie.large_use1-az4': 50, 'i7ie.large_use1-az6': 50, 'i7ie.metal-24xl_use1-az4': 1, 'i7ie.metal-24xl_use1-az6': 15, 'i7ie.metal-48xl_use1-az6': 10, 'i7ie.xlarge_use1-az1': 10, 'i7ie.xlarge_use1-az4': 45, 'i7ie.xlarge_use1-az6': 50, 'i8g.12xlarge_use1-az6': 1, 'i8g.24xlarge_use1-az6': 10, 'i8g.2xlarge_use1-az2': 1, 'i8g.4xlarge_use1-az2': 1, 'i8g.8xlarge_use1-az6': 5, 'i8g.large_use1-az2': 10, 'i8g.large_use1-az6': 5, 'i8g.xlarge_use1-az2': 1, 'i8g.xlarge_use1-az4': 1, 'i8g.xlarge_use1-az6': 1, 'i8ge.12xlarge_use1-az4': 1, 'i8ge.12xlarge_use1-az6': 5, 'i8ge.18xlarge_use1-az2': 1, 'i8ge.18xlarge_use1-az4': 1, 'i8ge.18xlarge_use1-az6': 5, 'i8ge.24xlarge_use1-az4': 1, 'i8ge.24xlarge_use1-az6': 5, 'i8ge.2xlarge_use1-az4': 10, 'i8ge.3xlarge_use1-az2': 1, 'i8ge.3xlarge_use1-az4': 5, 'i8ge.48xlarge_use1-az4': 5, 'i8ge.6xlarge_use1-az2': 1, 'i8ge.6xlarge_use1-az4': 1, 'i8ge.large_use1-az2': 5, 'i8ge.large_use1-az4': 50, 'i8ge.metal-24xl_use1-az4': 1, 'i8ge.metal-48xl_use1-az6': 1, 'i8ge.xlarge_use1-az4': 20, 'im4gn.16xlarge_use1-az4': 45, 'im4gn.2xlarge_use1-az1': 10, 'im4gn.2xlarge_use1-az4': 20, 'im4gn.2xlarge_use1-az6': 15, 'im4gn.4xlarge_use1-az1': 5, 'im4gn.8xlarge_use1-az1': 1, 'im4gn.8xlarge_use1-az4': 5, 'im4gn.large_use1-az2': 10, 'im4gn.large_use1-az6': 10, 'im4gn.xlarge_use1-az4': 30, 'im4gn.xlarge_use1-az6': 40, 'inf1.24xlarge_use1-az1': 1, 'inf1.24xlarge_use1-az2': 1, 'inf1.24xlarge_use1-az4': 10, 'inf1.24xlarge_use1-az5': 5, 'inf1.24xlarge_use1-az6': 20, 'inf1.2xlarge_use1-az1': 15, 'inf1.2xlarge_use1-az2': 15, 'inf1.2xlarge_use1-az4': 30, 'inf1.2xlarge_use1-az5': 40, 'inf1.2xlarge_use1-az6': 40, 'inf1.6xlarge_use1-az1': 1, 'inf1.6xlarge_use1-az2': 1, 'inf1.6xlarge_use1-az4': 5, 'inf1.6xlarge_use1-az5': 5, 'inf1.6xlarge_use1-az6': 10, 'inf1.xlarge_use1-az1': 50, 'inf1.xlarge_use1-az2': 50, 'inf1.xlarge_use1-az4': 40, 'inf1.xlarge_use1-az5': 50, 'inf1.xlarge_use1-az6': 50, 'inf2.24xlarge_use1-az4': 1, 'inf2.24xlarge_use1-az6': 10, 'inf2.48xlarge_use1-az6': 15, 'inf2.8xlarge_use1-az2': 5, 'inf2.8xlarge_use1-az4': 5, 'inf2.8xlarge_use1-az5': 1, 'inf2.8xlarge_use1-az6': 1, 'inf2.xlarge_use1-az2': 5, 'inf2.xlarge_use1-az6': 50, 'is4gen.medium_use1-az1': 50, 'is4gen.medium_use1-az4': 40, 'is4gen.medium_use1-az6': 30, 'm2.2xlarge_use1-az1': 5, 'm2.2xlarge_use1-az2': 10, 'm2.2xlarge_use1-az4': 15, 'm2.2xlarge_use1-az6': 5, 'm2.4xlarge_use1-az1': 1, 'm2.4xlarge_use1-az2': 5, 'm2.4xlarge_use1-az4': 5, 'm2.xlarge_use1-az1': 5, 'm2.xlarge_use1-az2': 20, 'm2.xlarge_use1-az4': 20, 'm2.xlarge_use1-az6': 15, 'm3.2xlarge_use1-az3': 1, 'm3.xlarge_use1-az3': 1, 'm4.10xlarge_use1-az1': 5, 'm4.10xlarge_use1-az2': 10, 'm4.10xlarge_use1-az3': 1, 'm4.10xlarge_use1-az4': 50, 'm4.10xlarge_use1-az5': 1, 'm4.10xlarge_use1-az6': 50, 'm4.2xlarge_use1-az1': 5, 'm4.2xlarge_use1-az2': 20, 'm4.2xlarge_use1-az3': 50, 'm4.2xlarge_use1-az4': 20, 'm4.2xlarge_use1-az5': 1, 'm4.2xlarge_use1-az6': 25, 'm4.4xlarge_use1-az1': 50, 'm4.4xlarge_use1-az2': 50, 'm4.4xlarge_use1-az3': 50, 'm4.4xlarge_use1-az4': 25, 'm4.4xlarge_use1-az5': 10, 'm4.4xlarge_use1-az6': 15, 'm4.large_use1-az1': 30, 'm4.large_use1-az2': 50, 'm4.large_use1-az3': 25, 'm4.large_use1-az4': 50, 'm4.large_use1-az5': 10, 'm4.large_use1-az6': 50, 'm4.xlarge_use1-az1': 15, 'm4.xlarge_use1-az2': 50, 'm4.xlarge_use1-az3': 50, 'm4.xlarge_use1-az4': 50, 'm4.xlarge_use1-az5': 30, 'm4.xlarge_use1-az6': 50, 'm5.12xlarge_use1-az1': 5, 'm5.12xlarge_use1-az2': 25, 'm5.12xlarge_use1-az4': 50, 'm5.12xlarge_use1-az5': 1, 'm5.12xlarge_use1-az6': 40, 'm5.16xlarge_use1-az1': 10, 'm5.16xlarge_use1-az2': 50, 'm5.16xlarge_use1-az4': 50, 'm5.16xlarge_use1-az5': 1, 'm5.16xlarge_use1-az6': 50, 'm5.24xlarge_use1-az1': 5, 'm5.24xlarge_use1-az2': 5, 'm5.24xlarge_use1-az4': 5, 'm5.24xlarge_use1-az5': 1, 'm5.24xlarge_use1-az6': 35, 'm5.2xlarge_use1-az1': 50, 'm5.2xlarge_use1-az2': 50, 'm5.2xlarge_use1-az4': 50, 'm5.2xlarge_use1-az5': 50, 'm5.2xlarge_use1-az6': 50, 'm5.4xlarge_use1-az1': 50, 'm5.4xlarge_use1-az2': 50, 'm5.4xlarge_use1-az4': 50, 'm5.4xlarge_use1-az5': 10, 'm5.4xlarge_use1-az6': 50, 'm5.8xlarge_use1-az1': 50, 'm5.8xlarge_use1-az2': 40, 'm5.8xlarge_use1-az4': 50, 'm5.8xlarge_use1-az5': 1, 'm5.8xlarge_use1-az6': 50, 'm5.large_use1-az1': 50, 'm5.large_use1-az2': 50, 'm5.large_use1-az4': 50, 'm5.large_use1-az5': 50, 'm5.large_use1-az6': 50, 'm5.xlarge_use1-az1': 50, 'm5.xlarge_use1-az2': 50, 'm5.xlarge_use1-az4': 50, 'm5.xlarge_use1-az5': 50, 'm5.xlarge_use1-az6': 50, 'm5a.12xlarge_use1-az2': 1, 'm5a.12xlarge_use1-az4': 1, 'm5a.12xlarge_use1-az6': 1, 'm5a.16xlarge_use1-az2': 1, 'm5a.16xlarge_use1-az4': 1, 'm5a.16xlarge_use1-az6': 1, 'm5a.24xlarge_use1-az1': 1, 'm5a.24xlarge_use1-az2': 1, 'm5a.24xlarge_use1-az4': 1, 'm5a.24xlarge_use1-az5': 5, 'm5a.24xlarge_use1-az6': 5, 'm5a.2xlarge_use1-az1': 10, 'm5a.2xlarge_use1-az2': 25, 'm5a.2xlarge_use1-az4': 25, 'm5a.2xlarge_use1-az5': 5, 'm5a.2xlarge_use1-az6': 45, 'm5a.4xlarge_use1-az1': 5, 'm5a.4xlarge_use1-az2': 10, 'm5a.4xlarge_use1-az4': 5, 'm5a.4xlarge_use1-az5': 10, 'm5a.4xlarge_use1-az6': 15, 'm5a.8xlarge_use1-az1': 1, 'm5a.8xlarge_use1-az2': 20, 'm5a.8xlarge_use1-az4': 20, 'm5a.8xlarge_use1-az5': 1, 'm5a.8xlarge_use1-az6': 5, 'm5a.large_use1-az1': 50, 'm5a.large_use1-az2': 50, 'm5a.large_use1-az4': 50, 'm5a.large_use1-az5': 45, 'm5a.large_use1-az6': 50, 'm5a.xlarge_use1-az1': 10, 'm5a.xlarge_use1-az2': 30, 'm5a.xlarge_use1-az4': 10, 'm5a.xlarge_use1-az5': 20, 'm5a.xlarge_use1-az6': 50, 'm5ad.16xlarge_use1-az1': 1, 'm5ad.16xlarge_use1-az2': 1, 'm5ad.16xlarge_use1-az4': 1, 'm5ad.16xlarge_use1-az6': 1, 'm5ad.24xlarge_use1-az1': 5, 'm5ad.24xlarge_use1-az2': 1, 'm5ad.24xlarge_use1-az4': 1, 'm5ad.24xlarge_use1-az6': 5, 'm5ad.4xlarge_use1-az2': 1, 'm5ad.8xlarge_use1-az2': 1, 'm5ad.large_use1-az1': 10, 'm5ad.large_use1-az2': 5, 'm5ad.large_use1-az4': 10, 'm5d.12xlarge_use1-az1': 1, 'm5d.12xlarge_use1-az2': 25, 'm5d.12xlarge_use1-az4': 30, 'm5d.12xlarge_use1-az6': 15, 'm5d.16xlarge_use1-az1': 5, 'm5d.16xlarge_use1-az2': 35, 'm5d.16xlarge_use1-az4': 20, 'm5d.16xlarge_use1-az5': 1, 'm5d.16xlarge_use1-az6': 50, 'm5d.24xlarge_use1-az1': 20, 'm5d.24xlarge_use1-az2': 15, 'm5d.24xlarge_use1-az4': 5, 'm5d.24xlarge_use1-az5': 1, 'm5d.24xlarge_use1-az6': 50, 'm5d.2xlarge_use1-az4': 25, 'm5d.4xlarge_use1-az1': 5, 'm5d.4xlarge_use1-az2': 15, 'm5d.8xlarge_use1-az1': 1, 'm5d.8xlarge_use1-az2': 25, 'm5d.8xlarge_use1-az4': 10, 'm5d.8xlarge_use1-az5': 1, 'm5d.8xlarge_use1-az6': 10, 'm5d.large_use1-az2': 50, 'm5d.large_use1-az4': 50, 'm5d.large_use1-az6': 50, 'm5d.xlarge_use1-az1': 50, 'm5d.xlarge_use1-az2': 50, 'm5d.xlarge_use1-az4': 50, 'm5d.xlarge_use1-az6': 50, 'm5dn.12xlarge_use1-az1': 1, 'm5dn.12xlarge_use1-az4': 1, 'm5dn.12xlarge_use1-az6': 1, 'm5dn.16xlarge_use1-az1': 1, 'm5dn.16xlarge_use1-az2': 5, 'm5dn.16xlarge_use1-az4': 1, 'm5dn.16xlarge_use1-az6': 1, 'm5dn.24xlarge_use1-az1': 1, 'm5dn.24xlarge_use1-az2': 1, 'm5dn.24xlarge_use1-az4': 1, 'm5dn.24xlarge_use1-az6': 5, 'm5dn.4xlarge_use1-az1': 5, 'm5dn.large_use1-az2': 30, 'm5dn.large_use1-az4': 40, 'm5dn.large_use1-az5': 15, 'm5dn.large_use1-az6': 50, 'm5dn.xlarge_use1-az2': 25, 'm5dn.xlarge_use1-az4': 20, 'm5dn.xlarge_use1-az6': 30, 'm5n.12xlarge_use1-az1': 1, 'm5n.12xlarge_use1-az2': 1, 'm5n.12xlarge_use1-az4': 1, 'm5n.12xlarge_use1-az5': 1, 'm5n.12xlarge_use1-az6': 1, 'm5n.16xlarge_use1-az2': 1, 'm5n.16xlarge_use1-az4': 1, 'm5n.16xlarge_use1-az6': 1, 'm5n.24xlarge_use1-az2': 1, 'm5n.24xlarge_use1-az4': 1, 'm5n.24xlarge_use1-az6': 1, 'm5n.2xlarge_use1-az1': 15, 'm5n.2xlarge_use1-az2': 25, 'm5n.2xlarge_use1-az4': 30, 'm5n.2xlarge_use1-az5': 5, 'm5n.2xlarge_use1-az6': 25, 'm5n.4xlarge_use1-az1': 25, 'm5n.4xlarge_use1-az2': 35, 'm5n.4xlarge_use1-az4': 50, 'm5n.4xlarge_use1-az5': 5, 'm5n.8xlarge_use1-az1': 1, 'm5n.8xlarge_use1-az2': 1, 'm5n.8xlarge_use1-az4': 1, 'm5n.large_use1-az1': 5, 'm5n.large_use1-az2': 15, 'm5n.large_use1-az4': 5, 'm5n.large_use1-az5': 5, 'm5n.large_use1-az6': 15, 'm5n.xlarge_use1-az1': 20, 'm5n.xlarge_use1-az2': 50, 'm5n.xlarge_use1-az4': 50, 'm5n.xlarge_use1-az5': 1, 'm5n.xlarge_use1-az6': 50, 'm5zn.12xlarge_use1-az2': 1, 'm5zn.2xlarge_use1-az6': 5, 'm5zn.3xlarge_use1-az1': 1, 'm5zn.large_use1-az1': 5, 'm5zn.large_use1-az2': 5, 'm5zn.large_use1-az4': 30, 'm5zn.large_use1-az5': 15, 'm5zn.large_use1-az6': 20, 'm5zn.xlarge_use1-az5': 5, 'm5zn.xlarge_use1-az6': 5, 'm6a.12xlarge_use1-az1': 5, 'm6a.12xlarge_use1-az2': 5, 'm6a.12xlarge_use1-az4': 15, 'm6a.12xlarge_use1-az6': 10, 'm6a.16xlarge_use1-az1': 5, 'm6a.16xlarge_use1-az2': 5, 'm6a.16xlarge_use1-az4': 5, 'm6a.16xlarge_use1-az6': 5, 'm6a.24xlarge_use1-az1': 1, 'm6a.24xlarge_use1-az2': 1, 'm6a.24xlarge_use1-az4': 1, 'm6a.24xlarge_use1-az6': 1, 'm6a.2xlarge_use1-az1': 50, 'm6a.2xlarge_use1-az2': 35, 'm6a.2xlarge_use1-az4': 45, 'm6a.2xlarge_use1-az5': 15, 'm6a.2xlarge_use1-az6': 50, 'm6a.32xlarge_use1-az2': 1, 'm6a.32xlarge_use1-az4': 1, 'm6a.32xlarge_use1-az5': 1, 'm6a.32xlarge_use1-az6': 1, 'm6a.48xlarge_use1-az2': 1, 'm6a.48xlarge_use1-az4': 1, 'm6a.48xlarge_use1-az6': 1, 'm6a.4xlarge_use1-az1': 45, 'm6a.4xlarge_use1-az2': 40, 'm6a.4xlarge_use1-az4': 25, 'm6a.4xlarge_use1-az5': 5, 'm6a.4xlarge_use1-az6': 50, 'm6a.8xlarge_use1-az1': 25, 'm6a.8xlarge_use1-az2': 15, 'm6a.8xlarge_use1-az4': 50, 'm6a.8xlarge_use1-az5': 10, 'm6a.8xlarge_use1-az6': 50, 'm6a.large_use1-az1': 50, 'm6a.large_use1-az2': 50, 'm6a.large_use1-az4': 50, 'm6a.large_use1-az5': 30, 'm6a.large_use1-az6': 50, 'm6a.xlarge_use1-az1': 50, 'm6a.xlarge_use1-az2': 50, 'm6a.xlarge_use1-az4': 50, 'm6a.xlarge_use1-az5': 35, 'm6a.xlarge_use1-az6': 50, 'm6g.12xlarge_use1-az1': 1, 'm6g.12xlarge_use1-az2': 5, 'm6g.12xlarge_use1-az4': 50, 'm6g.12xlarge_use1-az6': 50, 'm6g.16xlarge_use1-az1': 1, 'm6g.16xlarge_use1-az2': 5, 'm6g.16xlarge_use1-az4': 25, 'm6g.16xlarge_use1-az6': 50, 'm6g.2xlarge_use1-az1': 15, 'm6g.2xlarge_use1-az2': 50, 'm6g.2xlarge_use1-az4': 50, 'm6g.2xlarge_use1-az5': 5, 'm6g.2xlarge_use1-az6': 50, 'm6g.4xlarge_use1-az1': 10, 'm6g.4xlarge_use1-az2': 50, 'm6g.4xlarge_use1-az4': 50, 'm6g.4xlarge_use1-az5': 10, 'm6g.4xlarge_use1-az6': 50, 'm6g.8xlarge_use1-az1': 5, 'm6g.8xlarge_use1-az2': 50, 'm6g.8xlarge_use1-az4': 50, 'm6g.8xlarge_use1-az6': 50, 'm6g.large_use1-az1': 1, 'm6g.large_use1-az2': 50, 'm6g.large_use1-az4': 50, 'm6g.large_use1-az5': 5, 'm6g.large_use1-az6': 50, 'm6g.medium_use1-az1': 5, 'm6g.medium_use1-az2': 5, 'm6g.medium_use1-az4': 10, 'm6g.medium_use1-az5': 1, 'm6g.medium_use1-az6': 15, 'm6g.xlarge_use1-az1': 50, 'm6g.xlarge_use1-az2': 50, 'm6g.xlarge_use1-az4': 50, 'm6g.xlarge_use1-az5': 50, 'm6g.xlarge_use1-az6': 50, 'm6gd.12xlarge_use1-az1': 10, 'm6gd.12xlarge_use1-az2': 40, 'm6gd.12xlarge_use1-az4': 20, 'm6gd.12xlarge_use1-az5': 5, 'm6gd.12xlarge_use1-az6': 50, 'm6gd.16xlarge_use1-az2': 10, 'm6gd.16xlarge_use1-az4': 10, 'm6gd.16xlarge_use1-az5': 10, 'm6gd.16xlarge_use1-az6': 35, 'm6gd.2xlarge_use1-az2': 50, 'm6gd.2xlarge_use1-az4': 45, 'm6gd.2xlarge_use1-az5': 1, 'm6gd.2xlarge_use1-az6': 5, 'm6gd.4xlarge_use1-az1': 1, 'm6gd.4xlarge_use1-az2': 5, 'm6gd.4xlarge_use1-az5': 1, 'm6gd.4xlarge_use1-az6': 15, 'm6gd.8xlarge_use1-az1': 5, 'm6gd.8xlarge_use1-az2': 10, 'm6gd.8xlarge_use1-az4': 15, 'm6gd.8xlarge_use1-az5': 1, 'm6gd.8xlarge_use1-az6': 20, 'm6gd.large_use1-az2': 5, 'm6gd.large_use1-az4': 5, 'm6gd.large_use1-az5': 1, 'm6gd.large_use1-az6': 15, 'm6gd.medium_use1-az1': 1, 'm6gd.medium_use1-az2': 1, 'm6gd.medium_use1-az4': 1, 'm6gd.medium_use1-az5': 5, 'm6gd.medium_use1-az6': 1, 'm6gd.xlarge_use1-az2': 10, 'm6gd.xlarge_use1-az4': 35, 'm6gd.xlarge_use1-az5': 1, 'm6i.12xlarge_use1-az1': 1, 'm6i.12xlarge_use1-az2': 10, 'm6i.12xlarge_use1-az4': 50, 'm6i.12xlarge_use1-az5': 1, 'm6i.12xlarge_use1-az6': 30, 'm6i.16xlarge_use1-az1': 1, 'm6i.16xlarge_use1-az2': 10, 'm6i.16xlarge_use1-az4': 5, 'm6i.16xlarge_use1-az5': 1, 'm6i.16xlarge_use1-az6': 10, 'm6i.24xlarge_use1-az2': 10, 'm6i.24xlarge_use1-az4': 5, 'm6i.24xlarge_use1-az5': 1, 'm6i.24xlarge_use1-az6': 50, 'm6i.2xlarge_use1-az1': 25, 'm6i.2xlarge_use1-az2': 50, 'm6i.2xlarge_use1-az4': 50, 'm6i.2xlarge_use1-az5': 25, 'm6i.2xlarge_use1-az6': 50, 'm6i.32xlarge_use1-az2': 1, 'm6i.32xlarge_use1-az4': 5, 'm6i.32xlarge_use1-az5': 1, 'm6i.32xlarge_use1-az6': 15, 'm6i.4xlarge_use1-az1': 15, 'm6i.4xlarge_use1-az2': 50, 'm6i.4xlarge_use1-az4': 50, 'm6i.4xlarge_use1-az5': 50, 'm6i.4xlarge_use1-az6': 50, 'm6i.8xlarge_use1-az1': 1, 'm6i.8xlarge_use1-az2': 50, 'm6i.8xlarge_use1-az4': 50, 'm6i.8xlarge_use1-az5': 20, 'm6i.8xlarge_use1-az6': 50, 'm6i.large_use1-az1': 25, 'm6i.large_use1-az2': 50, 'm6i.large_use1-az4': 50, 'm6i.large_use1-az5': 50, 'm6i.large_use1-az6': 50, 'm6i.xlarge_use1-az1': 45, 'm6i.xlarge_use1-az2': 50, 'm6i.xlarge_use1-az4': 50, 'm6i.xlarge_use1-az5': 25, 'm6i.xlarge_use1-az6': 50, 'm6id.12xlarge_use1-az1': 1, 'm6id.12xlarge_use1-az2': 1, 'm6id.12xlarge_use1-az4': 1, 'm6id.12xlarge_use1-az6': 1, 'm6id.16xlarge_use1-az1': 1, 'm6id.16xlarge_use1-az2': 1, 'm6id.16xlarge_use1-az4': 1, 'm6id.16xlarge_use1-az6': 1, 'm6id.24xlarge_use1-az1': 10, 'm6id.24xlarge_use1-az2': 15, 'm6id.24xlarge_use1-az4': 35, 'm6id.24xlarge_use1-az5': 5, 'm6id.24xlarge_use1-az6': 15, 'm6id.2xlarge_use1-az1': 5, 'm6id.2xlarge_use1-az2': 5, 'm6id.2xlarge_use1-az4': 5, 'm6id.2xlarge_use1-az5': 1, 'm6id.2xlarge_use1-az6': 5, 'm6id.32xlarge_use1-az1': 10, 'm6id.32xlarge_use1-az2': 15, 'm6id.32xlarge_use1-az4': 5, 'm6id.32xlarge_use1-az5': 1, 'm6id.32xlarge_use1-az6': 50, 'm6id.4xlarge_use1-az1': 15, 'm6id.4xlarge_use1-az2': 10, 'm6id.4xlarge_use1-az4': 5, 'm6id.4xlarge_use1-az5': 1, 'm6id.4xlarge_use1-az6': 10, 'm6id.8xlarge_use1-az1': 1, 'm6id.8xlarge_use1-az4': 5, 'm6id.8xlarge_use1-az5': 1, 'm6id.8xlarge_use1-az6': 1, 'm6id.large_use1-az1': 30, 'm6id.large_use1-az2': 35, 'm6id.large_use1-az4': 15, 'm6id.large_use1-az5': 5, 'm6id.large_use1-az6': 50, 'm6id.xlarge_use1-az1': 20, 'm6id.xlarge_use1-az2': 45, 'm6id.xlarge_use1-az4': 15, 'm6id.xlarge_use1-az5': 5, 'm6id.xlarge_use1-az6': 25, 'm6idn.12xlarge_use1-az2': 1, 'm6idn.16xlarge_use1-az4': 1, 'm6idn.24xlarge_use1-az1': 1, 'm6idn.24xlarge_use1-az2': 1, 'm6idn.24xlarge_use1-az4': 1, 'm6idn.2xlarge_use1-az5': 1, 'm6idn.32xlarge_use1-az2': 1, 'm6idn.large_use1-az1': 25, 'm6idn.large_use1-az2': 35, 'm6idn.large_use1-az4': 15, 'm6idn.large_use1-az5': 10, 'm6idn.large_use1-az6': 10, 'm6idn.xlarge_use1-az2': 50, 'm6idn.xlarge_use1-az4': 20, 'm6idn.xlarge_use1-az6': 10, 'm6in.12xlarge_use1-az4': 1, 'm6in.16xlarge_use1-az2': 1, 'm6in.16xlarge_use1-az4': 1, 'm6in.24xlarge_use1-az1': 1, 'm6in.24xlarge_use1-az2': 1, 'm6in.2xlarge_use1-az1': 10, 'm6in.2xlarge_use1-az2': 20, 'm6in.2xlarge_use1-az5': 1, 'm6in.2xlarge_use1-az6': 5, 'm6in.4xlarge_use1-az1': 1, 'm6in.4xlarge_use1-az2': 1, 'm6in.4xlarge_use1-az5': 1, 'm6in.8xlarge_use1-az1': 1, 'm6in.8xlarge_use1-az2': 1, 'm6in.8xlarge_use1-az4': 1, 'm6in.large_use1-az1': 5, 'm6in.large_use1-az2': 10, 'm6in.large_use1-az4': 5, 'm6in.large_use1-az5': 1, 'm6in.large_use1-az6': 1, 'm6in.xlarge_use1-az1': 5, 'm6in.xlarge_use1-az2': 10, 'm6in.xlarge_use1-az4': 1, 'm7a.12xlarge_use1-az2': 1, 'm7a.12xlarge_use1-az6': 20, 'm7a.16xlarge_use1-az2': 1, 'm7a.16xlarge_use1-az6': 40, 'm7a.24xlarge_use1-az2': 1, 'm7a.24xlarge_use1-az6': 50, 'm7a.2xlarge_use1-az1': 5, 'm7a.2xlarge_use1-az2': 15, 'm7a.2xlarge_use1-az4': 10, 'm7a.2xlarge_use1-az6': 50, 'm7a.32xlarge_use1-az6': 20, 'm7a.48xlarge_use1-az6': 40, 'm7a.4xlarge_use1-az1': 10, 'm7a.4xlarge_use1-az2': 5, 'm7a.4xlarge_use1-az4': 10, 'm7a.4xlarge_use1-az6': 25, 'm7a.8xlarge_use1-az1': 1, 'm7a.8xlarge_use1-az2': 5, 'm7a.8xlarge_use1-az4': 1, 'm7a.8xlarge_use1-az6': 50, 'm7a.large_use1-az1': 15, 'm7a.large_use1-az2': 50, 'm7a.large_use1-az4': 50, 'm7a.large_use1-az5': 5, 'm7a.large_use1-az6': 50, 'm7a.medium_use1-az1': 10, 'm7a.medium_use1-az2': 50, 'm7a.medium_use1-az4': 50, 'm7a.medium_use1-az6': 50, 'm7a.xlarge_use1-az1': 5, 'm7a.xlarge_use1-az2': 40, 'm7a.xlarge_use1-az4': 50, 'm7a.xlarge_use1-az6': 50, 'm7g.12xlarge_use1-az1': 1, 'm7g.12xlarge_use1-az2': 10, 'm7g.12xlarge_use1-az4': 45, 'm7g.12xlarge_use1-az5': 1, 'm7g.12xlarge_use1-az6': 50, 'm7g.16xlarge_use1-az1': 1, 'm7g.16xlarge_use1-az2': 30, 'm7g.16xlarge_use1-az4': 35, 'm7g.16xlarge_use1-az5': 1, 'm7g.16xlarge_use1-az6': 50, 'm7g.2xlarge_use1-az1': 35, 'm7g.2xlarge_use1-az2': 50, 'm7g.2xlarge_use1-az4': 50, 'm7g.2xlarge_use1-az5': 15, 'm7g.2xlarge_use1-az6': 50, 'm7g.4xlarge_use1-az1': 10, 'm7g.4xlarge_use1-az2': 30, 'm7g.4xlarge_use1-az4': 50, 'm7g.4xlarge_use1-az5': 10, 'm7g.4xlarge_use1-az6': 50, 'm7g.8xlarge_use1-az1': 1, 'm7g.8xlarge_use1-az2': 15, 'm7g.8xlarge_use1-az4': 40, 'm7g.8xlarge_use1-az5': 1, 'm7g.8xlarge_use1-az6': 50, 'm7g.large_use1-az1': 10, 'm7g.large_use1-az2': 50, 'm7g.large_use1-az4': 50, 'm7g.large_use1-az5': 30, 'm7g.large_use1-az6': 50, 'm7g.medium_use1-az1': 30, 'm7g.medium_use1-az2': 40, 'm7g.medium_use1-az4': 50, 'm7g.medium_use1-az5': 35, 'm7g.medium_use1-az6': 50, 'm7g.metal_use1-az1': 1, 'm7g.metal_use1-az2': 25, 'm7g.metal_use1-az4': 10, 'm7g.metal_use1-az5': 1, 'm7g.metal_use1-az6': 50, 'm7g.xlarge_use1-az1': 50, 'm7g.xlarge_use1-az2': 50, 'm7g.xlarge_use1-az4': 50, 'm7g.xlarge_use1-az5': 50, 'm7g.xlarge_use1-az6': 50, 'm7gd.12xlarge_use1-az1': 5, 'm7gd.12xlarge_use1-az2': 10, 'm7gd.12xlarge_use1-az4': 1, 'm7gd.12xlarge_use1-az6': 35, 'm7gd.16xlarge_use1-az1': 1, 'm7gd.16xlarge_use1-az2': 30, 'm7gd.16xlarge_use1-az4': 1, 'm7gd.16xlarge_use1-az6': 40, 'm7gd.2xlarge_use1-az1': 15, 'm7gd.2xlarge_use1-az2': 50, 'm7gd.2xlarge_use1-az4': 15, 'm7gd.2xlarge_use1-az6': 25, 'm7gd.4xlarge_use1-az1': 5, 'm7gd.4xlarge_use1-az2': 10, 'm7gd.4xlarge_use1-az6': 40, 'm7gd.8xlarge_use1-az1': 10, 'm7gd.8xlarge_use1-az2': 50, 'm7gd.8xlarge_use1-az4': 30, 'm7gd.8xlarge_use1-az5': 45, 'm7gd.8xlarge_use1-az6': 50, 'm7gd.large_use1-az1': 5, 'm7gd.large_use1-az2': 50, 'm7gd.large_use1-az4': 5, 'm7gd.large_use1-az6': 50, 'm7gd.medium_use1-az1': 15, 'm7gd.medium_use1-az2': 20, 'm7gd.medium_use1-az4': 15, 'm7gd.medium_use1-az5': 20, 'm7gd.medium_use1-az6': 25, 'm7gd.metal_use1-az1': 5, 'm7gd.metal_use1-az2': 15, 'm7gd.metal_use1-az4': 1, 'm7gd.metal_use1-az6': 15, 'm7gd.xlarge_use1-az1': 5, 'm7gd.xlarge_use1-az2': 10, 'm7gd.xlarge_use1-az4': 10, 'm7gd.xlarge_use1-az5': 1, 'm7gd.xlarge_use1-az6': 25, 'm7i-flex.2xlarge_use1-az1': 50, 'm7i-flex.2xlarge_use1-az2': 50, 'm7i-flex.2xlarge_use1-az4': 15, 'm7i-flex.2xlarge_use1-az5': 10, 'm7i-flex.2xlarge_use1-az6': 50, 'm7i-flex.4xlarge_use1-az2': 5, 'm7i-flex.4xlarge_use1-az4': 5, 'm7i-flex.4xlarge_use1-az6': 25, 'm7i-flex.8xlarge_use1-az1': 1, 'm7i-flex.8xlarge_use1-az2': 5, 'm7i-flex.8xlarge_use1-az4': 5, 'm7i-flex.8xlarge_use1-az5': 1, 'm7i-flex.8xlarge_use1-az6': 10, 'm7i-flex.large_use1-az1': 20, 'm7i-flex.large_use1-az2': 50, 'm7i-flex.large_use1-az4': 25, 'm7i-flex.large_use1-az5': 25, 'm7i-flex.large_use1-az6': 50, 'm7i-flex.xlarge_use1-az1': 50, 'm7i-flex.xlarge_use1-az2': 50, 'm7i-flex.xlarge_use1-az4': 50, 'm7i-flex.xlarge_use1-az5': 15, 'm7i-flex.xlarge_use1-az6': 50, 'm7i.12xlarge_use1-az1': 1, 'm7i.12xlarge_use1-az2': 5, 'm7i.12xlarge_use1-az4': 15, 'm7i.12xlarge_use1-az6': 50, 'm7i.16xlarge_use1-az1': 5, 'm7i.16xlarge_use1-az2': 10, 'm7i.16xlarge_use1-az4': 10, 'm7i.16xlarge_use1-az6': 50, 'm7i.24xlarge_use1-az2': 5, 'm7i.24xlarge_use1-az4': 5, 'm7i.24xlarge_use1-az6': 50, 'm7i.2xlarge_use1-az1': 1, 'm7i.2xlarge_use1-az2': 50, 'm7i.2xlarge_use1-az4': 50, 'm7i.2xlarge_use1-az6': 50, 'm7i.48xlarge_use1-az1': 1, 'm7i.48xlarge_use1-az2': 5, 'm7i.48xlarge_use1-az4': 20, 'm7i.48xlarge_use1-az6': 50, 'm7i.4xlarge_use1-az1': 1, 'm7i.4xlarge_use1-az2': 25, 'm7i.4xlarge_use1-az4': 10, 'm7i.4xlarge_use1-az6': 50, 'm7i.8xlarge_use1-az1': 40, 'm7i.8xlarge_use1-az2': 20, 'm7i.8xlarge_use1-az4': 50, 'm7i.8xlarge_use1-az6': 50, 'm7i.large_use1-az1': 50, 'm7i.large_use1-az2': 50, 'm7i.large_use1-az4': 50, 'm7i.large_use1-az5': 1, 'm7i.large_use1-az6': 50, 'm7i.xlarge_use1-az1': 30, 'm7i.xlarge_use1-az2': 35, 'm7i.xlarge_use1-az4': 50, 'm7i.xlarge_use1-az6': 50, 'm8g.12xlarge_use1-az2': 10, 'm8g.12xlarge_use1-az4': 10, 'm8g.12xlarge_use1-az5': 1, 'm8g.12xlarge_use1-az6': 35, 'm8g.16xlarge_use1-az2': 5, 'm8g.16xlarge_use1-az4': 5, 'm8g.16xlarge_use1-az5': 5, 'm8g.16xlarge_use1-az6': 45, 'm8g.24xlarge_use1-az2': 5, 'm8g.24xlarge_use1-az4': 1, 'm8g.24xlarge_use1-az5': 1, 'm8g.24xlarge_use1-az6': 25, 'm8g.2xlarge_use1-az4': 10, 'm8g.2xlarge_use1-az5': 10, 'm8g.48xlarge_use1-az2': 5, 'm8g.48xlarge_use1-az4': 5, 'm8g.48xlarge_use1-az6': 20, 'm8g.4xlarge_use1-az2': 5, 'm8g.4xlarge_use1-az4': 5, 'm8g.4xlarge_use1-az5': 1, 'm8g.4xlarge_use1-az6': 40, 'm8g.8xlarge_use1-az2': 10, 'm8g.8xlarge_use1-az4': 20, 'm8g.8xlarge_use1-az5': 1, 'm8g.8xlarge_use1-az6': 40, 'm8g.large_use1-az1': 1, 'm8g.large_use1-az2': 20, 'm8g.large_use1-az6': 45, 'm8g.medium_use1-az1': 1, 'm8g.medium_use1-az2': 15, 'm8g.metal-48xl_use1-az2': 5, 'm8g.metal-48xl_use1-az6': 25, 'm8g.xlarge_use1-az1': 1, 'm8g.xlarge_use1-az5': 15, 'm8g.xlarge_use1-az6': 50, 'm8gd.16xlarge_use1-az5': 1, 'm8gd.4xlarge_use1-az2': 5, 'm8gd.4xlarge_use1-az4': 1, 'm8gd.4xlarge_use1-az6': 1, 'm8gd.8xlarge_use1-az5': 1, 'm8gd.8xlarge_use1-az6': 5, 'm8gd.large_use1-az1': 20, 'm8gd.large_use1-az2': 15, 'm8gd.large_use1-az5': 1, 'm8gd.large_use1-az6': 1, 'm8gd.medium_use1-az6': 1, 'm8gd.metal-24xl_use1-az2': 1, 'm8gd.xlarge_use1-az1': 1, 'm8gd.xlarge_use1-az5': 1, 'm8i-flex.16xlarge_use1-az6': 5, 'm8i-flex.2xlarge_use1-az2': 10, 'm8i-flex.2xlarge_use1-az4': 1, 'm8i-flex.2xlarge_use1-az6': 50, 'm8i-flex.4xlarge_use1-az2': 1, 'm8i-flex.4xlarge_use1-az4': 1, 'm8i-flex.4xlarge_use1-az6': 5, 'm8i-flex.8xlarge_use1-az6': 1, 'm8i-flex.large_use1-az2': 5, 'm8i-flex.xlarge_use1-az2': 10, 'm8i-flex.xlarge_use1-az4': 25, 'm8i-flex.xlarge_use1-az6': 50, 'm8i.12xlarge_use1-az6': 1, 'm8i.16xlarge_use1-az4': 1, 'm8i.16xlarge_use1-az6': 1, 'm8i.24xlarge_use1-az6': 1, 'm8i.2xlarge_use1-az2': 10, 'm8i.2xlarge_use1-az4': 1, 'm8i.2xlarge_use1-az6': 10, 'm8i.32xlarge_use1-az2': 1, 'm8i.32xlarge_use1-az6': 5, 'm8i.48xlarge_use1-az2': 1, 'm8i.48xlarge_use1-az6': 5, 'm8i.4xlarge_use1-az2': 5, 'm8i.4xlarge_use1-az4': 1, 'm8i.4xlarge_use1-az6': 5, 'm8i.8xlarge_use1-az2': 1, 'm8i.8xlarge_use1-az4': 1, 'm8i.8xlarge_use1-az6': 20, 'm8i.96xlarge_use1-az6': 1, 'm8i.large_use1-az4': 25, 'm8i.metal-48xl_use1-az6': 1, 'm8i.metal-96xl_use1-az6': 1, 'm8i.xlarge_use1-az2': 30, 'm8i.xlarge_use1-az4': 10, 'r3.large_use1-az2': 50, 'r3.large_use1-az4': 50, 'r3.large_use1-az6': 50, 'r3.xlarge_use1-az4': 50, 'r3.xlarge_use1-az6': 50, 'r4.16xlarge_use1-az1': 10, 'r4.16xlarge_use1-az2': 10, 'r4.16xlarge_use1-az3': 50, 'r4.16xlarge_use1-az4': 35, 'r4.16xlarge_use1-az5': 15, 'r4.16xlarge_use1-az6': 10, 'r4.2xlarge_use1-az3': 50, 'r4.2xlarge_use1-az5': 5, 'r4.4xlarge_use1-az1': 20, 'r4.4xlarge_use1-az2': 50, 'r4.4xlarge_use1-az3': 40, 'r4.4xlarge_use1-az4': 15, 'r4.4xlarge_use1-az5': 5, 'r4.4xlarge_use1-az6': 50, 'r4.8xlarge_use1-az1': 50, 'r4.8xlarge_use1-az2': 50, 'r4.8xlarge_use1-az4': 50, 'r4.8xlarge_use1-az5': 5, 'r4.8xlarge_use1-az6': 50, 'r4.large_use1-az1': 35, 'r4.large_use1-az2': 50, 'r4.large_use1-az4': 50, 'r4.large_use1-az5': 20, 'r4.large_use1-az6': 50, 'r4.xlarge_use1-az1': 50, 'r4.xlarge_use1-az2': 50, 'r4.xlarge_use1-az4': 50, 'r4.xlarge_use1-az5': 30, 'r4.xlarge_use1-az6': 50, 'r5.12xlarge_use1-az1': 5, 'r5.12xlarge_use1-az2': 5, 'r5.12xlarge_use1-az4': 50, 'r5.12xlarge_use1-az5': 5, 'r5.12xlarge_use1-az6': 5, 'r5.16xlarge_use1-az1': 5, 'r5.16xlarge_use1-az4': 35, 'r5.16xlarge_use1-az5': 30, 'r5.16xlarge_use1-az6': 5, 'r5.24xlarge_use1-az4': 15, 'r5.24xlarge_use1-az5': 5, 'r5.24xlarge_use1-az6': 5, 'r5.2xlarge_use1-az1': 50, 'r5.2xlarge_use1-az2': 50, 'r5.2xlarge_use1-az4': 50, 'r5.2xlarge_use1-az5': 5, 'r5.2xlarge_use1-az6': 50, 'r5.4xlarge_use1-az1': 50, 'r5.4xlarge_use1-az2': 50, 'r5.4xlarge_use1-az4': 50, 'r5.4xlarge_use1-az5': 5, 'r5.4xlarge_use1-az6': 50, 'r5.8xlarge_use1-az1': 50, 'r5.8xlarge_use1-az2': 50, 'r5.8xlarge_use1-az4': 50, 'r5.8xlarge_use1-az5': 5, 'r5.8xlarge_use1-az6': 5, 'r5.large_use1-az1': 50, 'r5.large_use1-az2': 50, 'r5.large_use1-az4': 50, 'r5.large_use1-az5': 50, 'r5.large_use1-az6': 50, 'r5.xlarge_use1-az1': 50, 'r5.xlarge_use1-az2': 50, 'r5.xlarge_use1-az4': 50, 'r5.xlarge_use1-az5': 50, 'r5.xlarge_use1-az6': 50, 'r5a.12xlarge_use1-az1': 1, 'r5a.12xlarge_use1-az2': 1, 'r5a.12xlarge_use1-az4': 5, 'r5a.12xlarge_use1-az6': 5, 'r5a.16xlarge_use1-az1': 10, 'r5a.16xlarge_use1-az2': 10, 'r5a.16xlarge_use1-az4': 10, 'r5a.16xlarge_use1-az5': 5, 'r5a.16xlarge_use1-az6': 5, 'r5a.24xlarge_use1-az1': 5, 'r5a.24xlarge_use1-az2': 15, 'r5a.24xlarge_use1-az4': 10, 'r5a.24xlarge_use1-az5': 1, 'r5a.24xlarge_use1-az6': 10, 'r5a.4xlarge_use1-az6': 50, 'r5a.8xlarge_use1-az4': 15, 'r5a.8xlarge_use1-az5': 30, 'r5a.8xlarge_use1-az6': 20, 'r5a.large_use1-az5': 25, 'r5a.xlarge_use1-az2': 50, 'r5a.xlarge_use1-az4': 50, 'r5a.xlarge_use1-az6': 50, 'r5ad.16xlarge_use1-az2': 50, 'r5ad.16xlarge_use1-az4': 10, 'r5ad.16xlarge_use1-az6': 10, 'r5ad.24xlarge_use1-az2': 25, 'r5ad.24xlarge_use1-az4': 1, 'r5ad.24xlarge_use1-az6': 10, 'r5ad.large_use1-az1': 1, 'r5ad.large_use1-az2': 30, 'r5ad.large_use1-az4': 10, 'r5ad.large_use1-az5': 5, 'r5ad.large_use1-az6': 10, 'r5b.large_use1-az1': 1, 'r5b.large_use1-az2': 5, 'r5b.large_use1-az4': 10, 'r5b.large_use1-az6': 5, 'r5d.12xlarge_use1-az1': 1, 'r5d.12xlarge_use1-az2': 5, 'r5d.12xlarge_use1-az4': 10, 'r5d.12xlarge_use1-az6': 1, 'r5d.16xlarge_use1-az1': 5, 'r5d.16xlarge_use1-az2': 50, 'r5d.16xlarge_use1-az4': 50, 'r5d.16xlarge_use1-az5': 10, 'r5d.16xlarge_use1-az6': 50, 'r5d.24xlarge_use1-az1': 1, 'r5d.24xlarge_use1-az2': 1, 'r5d.24xlarge_use1-az4': 10, 'r5d.24xlarge_use1-az5': 1, 'r5d.24xlarge_use1-az6': 10, 'r5d.8xlarge_use1-az6': 50, 'r5d.large_use1-az2': 50, 'r5d.large_use1-az4': 50, 'r5d.large_use1-az6': 50, 'r5dn.12xlarge_use1-az2': 1, 'r5dn.12xlarge_use1-az4': 1, 'r5dn.16xlarge_use1-az1': 5, 'r5dn.16xlarge_use1-az2': 5, 'r5dn.16xlarge_use1-az4': 15, 'r5dn.16xlarge_use1-az5': 10, 'r5dn.16xlarge_use1-az6': 30, 'r5dn.24xlarge_use1-az2': 5, 'r5dn.24xlarge_use1-az4': 10, 'r5dn.24xlarge_use1-az5': 1, 'r5dn.24xlarge_use1-az6': 25, 'r5dn.8xlarge_use1-az5': 5, 'r5dn.8xlarge_use1-az6': 50, 'r5dn.large_use1-az1': 50, 'r5dn.large_use1-az2': 50, 'r5dn.large_use1-az4': 50, 'r5dn.large_use1-az5': 50, 'r5dn.large_use1-az6': 50, 'r5n.12xlarge_use1-az4': 1, 'r5n.12xlarge_use1-az6': 1, 'r5n.16xlarge_use1-az1': 1, 'r5n.16xlarge_use1-az2': 10, 'r5n.16xlarge_use1-az4': 35, 'r5n.16xlarge_use1-az5': 1, 'r5n.16xlarge_use1-az6': 20, 'r5n.8xlarge_use1-az2': 20, 'r5n.8xlarge_use1-az4': 35, 'r5n.8xlarge_use1-az6': 15, 'r5n.large_use1-az1': 20, 'r5n.large_use1-az4': 50, 'r5n.large_use1-az5': 10, 'r5n.large_use1-az6': 30, 'r5n.xlarge_use1-az6': 20, 'r6a.12xlarge_use1-az1': 1, 'r6a.12xlarge_use1-az2': 10, 'r6a.12xlarge_use1-az4': 5, 'r6a.12xlarge_use1-az6': 10, 'r6a.16xlarge_use1-az1': 5, 'r6a.16xlarge_use1-az2': 15, 'r6a.16xlarge_use1-az4': 30, 'r6a.16xlarge_use1-az5': 15, 'r6a.16xlarge_use1-az6': 40, 'r6a.24xlarge_use1-az2': 5, 'r6a.24xlarge_use1-az4': 1, 'r6a.24xlarge_use1-az5': 1, 'r6a.24xlarge_use1-az6': 5, 'r6a.2xlarge_use1-az1': 50, 'r6a.2xlarge_use1-az2': 50, 'r6a.2xlarge_use1-az4': 40, 'r6a.2xlarge_use1-az5': 1, 'r6a.2xlarge_use1-az6': 50, 'r6a.32xlarge_use1-az2': 5, 'r6a.32xlarge_use1-az4': 5, 'r6a.32xlarge_use1-az5': 5, 'r6a.32xlarge_use1-az6': 5, 'r6a.48xlarge_use1-az2': 5, 'r6a.48xlarge_use1-az4': 5, 'r6a.48xlarge_use1-az5': 5, 'r6a.48xlarge_use1-az6': 1, 'r6a.4xlarge_use1-az1': 50, 'r6a.4xlarge_use1-az2': 50, 'r6a.4xlarge_use1-az4': 50, 'r6a.4xlarge_use1-az5': 40, 'r6a.4xlarge_use1-az6': 50, 'r6a.8xlarge_use1-az1': 20, 'r6a.8xlarge_use1-az2': 50, 'r6a.8xlarge_use1-az4': 50, 'r6a.8xlarge_use1-az5': 50, 'r6a.8xlarge_use1-az6': 50, 'r6a.large_use1-az1': 50, 'r6a.large_use1-az2': 50, 'r6a.large_use1-az4': 50, 'r6a.large_use1-az5': 50, 'r6a.large_use1-az6': 50, 'r6a.xlarge_use1-az1': 50, 'r6a.xlarge_use1-az2': 50, 'r6a.xlarge_use1-az4': 50, 'r6a.xlarge_use1-az5': 50, 'r6a.xlarge_use1-az6': 50, 'r6g.12xlarge_use1-az2': 50, 'r6g.12xlarge_use1-az4': 45, 'r6g.12xlarge_use1-az5': 10, 'r6g.12xlarge_use1-az6': 50, 'r6g.16xlarge_use1-az1': 1, 'r6g.16xlarge_use1-az2': 50, 'r6g.16xlarge_use1-az4': 50, 'r6g.16xlarge_use1-az5': 50, 'r6g.16xlarge_use1-az6': 50, 'r6g.2xlarge_use1-az1': 1, 'r6g.2xlarge_use1-az2': 25, 'r6g.2xlarge_use1-az4': 40, 'r6g.2xlarge_use1-az5': 10, 'r6g.2xlarge_use1-az6': 50, 'r6g.4xlarge_use1-az1': 10, 'r6g.4xlarge_use1-az2': 50, 'r6g.4xlarge_use1-az4': 50, 'r6g.4xlarge_use1-az5': 50, 'r6g.4xlarge_use1-az6': 50, 'r6g.8xlarge_use1-az1': 1, 'r6g.8xlarge_use1-az2': 10, 'r6g.8xlarge_use1-az4': 50, 'r6g.8xlarge_use1-az5': 50, 'r6g.8xlarge_use1-az6': 50, 'r6g.large_use1-az1': 10, 'r6g.large_use1-az2': 40, 'r6g.large_use1-az4': 50, 'r6g.large_use1-az5': 5, 'r6g.large_use1-az6': 50, 'r6g.medium_use1-az1': 1, 'r6g.medium_use1-az2': 10, 'r6g.medium_use1-az4': 15, 'r6g.medium_use1-az5': 15, 'r6g.medium_use1-az6': 35, 'r6g.xlarge_use1-az2': 50, 'r6g.xlarge_use1-az4': 50, 'r6g.xlarge_use1-az5': 50, 'r6g.xlarge_use1-az6': 50, 'r6gd.12xlarge_use1-az1': 1, 'r6gd.12xlarge_use1-az2': 5, 'r6gd.12xlarge_use1-az4': 10, 'r6gd.12xlarge_use1-az5': 1, 'r6gd.12xlarge_use1-az6': 10, 'r6gd.16xlarge_use1-az1': 5, 'r6gd.16xlarge_use1-az2': 5, 'r6gd.16xlarge_use1-az4': 50, 'r6gd.16xlarge_use1-az5': 1, 'r6gd.16xlarge_use1-az6': 45, 'r6gd.2xlarge_use1-az2': 20, 'r6gd.2xlarge_use1-az4': 30, 'r6gd.4xlarge_use1-az1': 5, 'r6gd.4xlarge_use1-az2': 20, 'r6gd.4xlarge_use1-az4': 50, 'r6gd.4xlarge_use1-az5': 1, 'r6gd.4xlarge_use1-az6': 25, 'r6gd.8xlarge_use1-az1': 1, 'r6gd.8xlarge_use1-az2': 10, 'r6gd.8xlarge_use1-az4': 20, 'r6gd.8xlarge_use1-az5': 1, 'r6gd.8xlarge_use1-az6': 30, 'r6gd.large_use1-az1': 50, 'r6gd.large_use1-az2': 50, 'r6gd.large_use1-az4': 50, 'r6gd.large_use1-az5': 50, 'r6gd.large_use1-az6': 50, 'r6gd.medium_use1-az1': 5, 'r6gd.medium_use1-az2': 1, 'r6gd.medium_use1-az4': 5, 'r6gd.medium_use1-az5': 5, 'r6gd.medium_use1-az6': 1, 'r6gd.xlarge_use1-az2': 1, 'r6gd.xlarge_use1-az4': 5, 'r6i.12xlarge_use1-az1': 5, 'r6i.12xlarge_use1-az2': 5, 'r6i.12xlarge_use1-az4': 5, 'r6i.12xlarge_use1-az5': 1, 'r6i.12xlarge_use1-az6': 10, 'r6i.16xlarge_use1-az1': 1, 'r6i.16xlarge_use1-az2': 1, 'r6i.16xlarge_use1-az4': 10, 'r6i.16xlarge_use1-az5': 10, 'r6i.16xlarge_use1-az6': 1, 'r6i.24xlarge_use1-az4': 10, 'r6i.24xlarge_use1-az5': 1, 'r6i.24xlarge_use1-az6': 5, 'r6i.2xlarge_use1-az1': 15, 'r6i.2xlarge_use1-az2': 35, 'r6i.2xlarge_use1-az4': 50, 'r6i.2xlarge_use1-az5': 5, 'r6i.2xlarge_use1-az6': 50, 'r6i.32xlarge_use1-az4': 1, 'r6i.32xlarge_use1-az5': 1, 'r6i.32xlarge_use1-az6': 1, 'r6i.4xlarge_use1-az1': 30, 'r6i.4xlarge_use1-az2': 20, 'r6i.4xlarge_use1-az4': 20, 'r6i.4xlarge_use1-az5': 10, 'r6i.4xlarge_use1-az6': 40, 'r6i.8xlarge_use1-az1': 5, 'r6i.8xlarge_use1-az2': 10, 'r6i.8xlarge_use1-az4': 10, 'r6i.8xlarge_use1-az5': 5, 'r6i.8xlarge_use1-az6': 10, 'r6i.large_use1-az1': 20, 'r6i.large_use1-az2': 50, 'r6i.large_use1-az4': 50, 'r6i.large_use1-az5': 20, 'r6i.large_use1-az6': 50, 'r6i.xlarge_use1-az1': 15, 'r6i.xlarge_use1-az2': 45, 'r6i.xlarge_use1-az4': 50, 'r6i.xlarge_use1-az5': 10, 'r6i.xlarge_use1-az6': 50, 'r6id.12xlarge_use1-az1': 1, 'r6id.12xlarge_use1-az2': 5, 'r6id.12xlarge_use1-az4': 1, 'r6id.12xlarge_use1-az6': 5, 'r6id.16xlarge_use1-az1': 5, 'r6id.16xlarge_use1-az2': 5, 'r6id.16xlarge_use1-az4': 15, 'r6id.16xlarge_use1-az5': 1, 'r6id.16xlarge_use1-az6': 20, 'r6id.24xlarge_use1-az1': 10, 'r6id.24xlarge_use1-az2': 10, 'r6id.24xlarge_use1-az4': 5, 'r6id.24xlarge_use1-az6': 25, 'r6id.2xlarge_use1-az1': 5, 'r6id.2xlarge_use1-az2': 1, 'r6id.2xlarge_use1-az4': 10, 'r6id.2xlarge_use1-az5': 1, 'r6id.2xlarge_use1-az6': 10, 'r6id.32xlarge_use1-az1': 1, 'r6id.32xlarge_use1-az2': 5, 'r6id.32xlarge_use1-az4': 1, 'r6id.32xlarge_use1-az5': 1, 'r6id.32xlarge_use1-az6': 10, 'r6id.4xlarge_use1-az1': 40, 'r6id.4xlarge_use1-az2': 50, 'r6id.4xlarge_use1-az4': 10, 'r6id.4xlarge_use1-az5': 20, 'r6id.4xlarge_use1-az6': 35, 'r6id.8xlarge_use1-az2': 1, 'r6id.8xlarge_use1-az4': 5, 'r6id.8xlarge_use1-az6': 5, 'r6id.large_use1-az1': 15, 'r6id.large_use1-az2': 10, 'r6id.large_use1-az4': 5, 'r6id.large_use1-az5': 15, 'r6id.large_use1-az6': 30, 'r6id.xlarge_use1-az2': 15, 'r6id.xlarge_use1-az6': 15, 'r6idn.16xlarge_use1-az4': 1, 'r6idn.16xlarge_use1-az5': 1, 'r6idn.16xlarge_use1-az6': 1, 'r6idn.24xlarge_use1-az6': 1, 'r6idn.32xlarge_use1-az6': 1, 'r6idn.4xlarge_use1-az5': 5, 'r6idn.8xlarge_use1-az2': 1, 'r6idn.8xlarge_use1-az6': 5, 'r6idn.large_use1-az1': 1, 'r6idn.large_use1-az2': 1, 'r6idn.large_use1-az4': 5, 'r6idn.large_use1-az5': 5, 'r6idn.large_use1-az6': 5, 'r6in.12xlarge_use1-az6': 5, 'r6in.16xlarge_use1-az4': 1, 'r6in.16xlarge_use1-az5': 1, 'r6in.16xlarge_use1-az6': 5, 'r6in.24xlarge_use1-az6': 1, 'r6in.2xlarge_use1-az5': 1, 'r6in.4xlarge_use1-az2': 20, 'r6in.4xlarge_use1-az4': 15, 'r6in.4xlarge_use1-az5': 20, 'r6in.4xlarge_use1-az6': 20, 'r6in.8xlarge_use1-az1': 5, 'r6in.8xlarge_use1-az4': 1, 'r6in.8xlarge_use1-az6': 5, 'r6in.large_use1-az1': 45, 'r6in.large_use1-az2': 50, 'r6in.large_use1-az4': 50, 'r6in.large_use1-az5': 40, 'r6in.large_use1-az6': 50, 'r6in.xlarge_use1-az2': 1, 'r6in.xlarge_use1-az4': 1, 'r7a.12xlarge_use1-az1': 1, 'r7a.12xlarge_use1-az2': 1, 'r7a.12xlarge_use1-az4': 5, 'r7a.12xlarge_use1-az6': 20, 'r7a.16xlarge_use1-az1': 1, 'r7a.16xlarge_use1-az2': 15, 'r7a.16xlarge_use1-az4': 30, 'r7a.16xlarge_use1-az6': 50, 'r7a.24xlarge_use1-az2': 10, 'r7a.24xlarge_use1-az4': 10, 'r7a.24xlarge_use1-az6': 35, 'r7a.2xlarge_use1-az1': 1, 'r7a.2xlarge_use1-az2': 5, 'r7a.2xlarge_use1-az4': 25, 'r7a.2xlarge_use1-az6': 1, 'r7a.32xlarge_use1-az2': 1, 'r7a.32xlarge_use1-az4': 1, 'r7a.32xlarge_use1-az6': 50, 'r7a.48xlarge_use1-az2': 5, 'r7a.48xlarge_use1-az4': 5, 'r7a.48xlarge_use1-az6': 50, 'r7a.4xlarge_use1-az1': 5, 'r7a.4xlarge_use1-az2': 25, 'r7a.4xlarge_use1-az4': 50, 'r7a.4xlarge_use1-az6': 50, 'r7a.8xlarge_use1-az1': 5, 'r7a.8xlarge_use1-az2': 20, 'r7a.8xlarge_use1-az4': 50, 'r7a.8xlarge_use1-az6': 50, 'r7a.large_use1-az1': 50, 'r7a.large_use1-az2': 50, 'r7a.large_use1-az4': 50, 'r7a.large_use1-az6': 50, 'r7a.medium_use1-az1': 10, 'r7a.medium_use1-az2': 25, 'r7a.medium_use1-az4': 50, 'r7a.medium_use1-az6': 50, 'r7a.xlarge_use1-az1': 20, 'r7a.xlarge_use1-az2': 50, 'r7a.xlarge_use1-az4': 50, 'r7a.xlarge_use1-az6': 25, 'r7g.12xlarge_use1-az1': 1, 'r7g.12xlarge_use1-az2': 5, 'r7g.12xlarge_use1-az4': 50, 'r7g.12xlarge_use1-az5': 1, 'r7g.12xlarge_use1-az6': 5, 'r7g.16xlarge_use1-az1': 5, 'r7g.16xlarge_use1-az2': 30, 'r7g.16xlarge_use1-az4': 50, 'r7g.16xlarge_use1-az5': 5, 'r7g.16xlarge_use1-az6': 50, 'r7g.2xlarge_use1-az1': 5, 'r7g.2xlarge_use1-az2': 10, 'r7g.2xlarge_use1-az4': 50, 'r7g.2xlarge_use1-az5': 5, 'r7g.2xlarge_use1-az6': 15, 'r7g.4xlarge_use1-az1': 5, 'r7g.4xlarge_use1-az2': 5, 'r7g.4xlarge_use1-az4': 50, 'r7g.4xlarge_use1-az5': 5, 'r7g.4xlarge_use1-az6': 15, 'r7g.8xlarge_use1-az1': 1, 'r7g.8xlarge_use1-az2': 50, 'r7g.8xlarge_use1-az4': 50, 'r7g.8xlarge_use1-az5': 50, 'r7g.8xlarge_use1-az6': 50, 'r7g.large_use1-az1': 20, 'r7g.large_use1-az2': 50, 'r7g.large_use1-az4': 50, 'r7g.large_use1-az5': 40, 'r7g.large_use1-az6': 40, 'r7g.medium_use1-az1': 50, 'r7g.medium_use1-az2': 50, 'r7g.medium_use1-az4': 50, 'r7g.medium_use1-az5': 25, 'r7g.medium_use1-az6': 50, 'r7g.xlarge_use1-az1': 50, 'r7g.xlarge_use1-az2': 50, 'r7g.xlarge_use1-az4': 50, 'r7g.xlarge_use1-az5': 10, 'r7g.xlarge_use1-az6': 50, 'r7gd.12xlarge_use1-az1': 1, 'r7gd.12xlarge_use1-az2': 10, 'r7gd.12xlarge_use1-az4': 35, 'r7gd.12xlarge_use1-az5': 10, 'r7gd.12xlarge_use1-az6': 50, 'r7gd.16xlarge_use1-az1': 5, 'r7gd.16xlarge_use1-az2': 50, 'r7gd.16xlarge_use1-az4': 50, 'r7gd.16xlarge_use1-az5': 50, 'r7gd.16xlarge_use1-az6': 50, 'r7gd.2xlarge_use1-az2': 25, 'r7gd.2xlarge_use1-az4': 25, 'r7gd.2xlarge_use1-az5': 40, 'r7gd.2xlarge_use1-az6': 50, 'r7gd.4xlarge_use1-az2': 20, 'r7gd.4xlarge_use1-az4': 25, 'r7gd.4xlarge_use1-az5': 30, 'r7gd.4xlarge_use1-az6': 50, 'r7gd.8xlarge_use1-az1': 1, 'r7gd.8xlarge_use1-az2': 10, 'r7gd.8xlarge_use1-az4': 30, 'r7gd.8xlarge_use1-az5': 20, 'r7gd.8xlarge_use1-az6': 50, 'r7gd.large_use1-az1': 15, 'r7gd.large_use1-az2': 10, 'r7gd.large_use1-az4': 50, 'r7gd.large_use1-az5': 15, 'r7gd.large_use1-az6': 35, 'r7gd.medium_use1-az1': 35, 'r7gd.medium_use1-az2': 15, 'r7gd.medium_use1-az4': 25, 'r7gd.medium_use1-az5': 15, 'r7gd.medium_use1-az6': 20, 'r7gd.xlarge_use1-az2': 10, 'r7gd.xlarge_use1-az4': 25, 'r7gd.xlarge_use1-az5': 10, 'r7gd.xlarge_use1-az6': 50, 'r7i.12xlarge_use1-az4': 1, 'r7i.12xlarge_use1-az6': 10, 'r7i.16xlarge_use1-az1': 5, 'r7i.16xlarge_use1-az2': 15, 'r7i.16xlarge_use1-az4': 45, 'r7i.16xlarge_use1-az5': 5, 'r7i.16xlarge_use1-az6': 50, 'r7i.24xlarge_use1-az1': 1, 'r7i.24xlarge_use1-az2': 1, 'r7i.24xlarge_use1-az4': 5, 'r7i.24xlarge_use1-az5': 5, 'r7i.24xlarge_use1-az6': 5, 'r7i.2xlarge_use1-az2': 5, 'r7i.2xlarge_use1-az4': 10, 'r7i.2xlarge_use1-az5': 5, 'r7i.2xlarge_use1-az6': 50, 'r7i.48xlarge_use1-az2': 1, 'r7i.48xlarge_use1-az4': 5, 'r7i.48xlarge_use1-az5': 1, 'r7i.48xlarge_use1-az6': 5, 'r7i.4xlarge_use1-az1': 5, 'r7i.4xlarge_use1-az2': 20, 'r7i.4xlarge_use1-az4': 10, 'r7i.4xlarge_use1-az5': 1, 'r7i.4xlarge_use1-az6': 50, 'r7i.8xlarge_use1-az1': 5, 'r7i.8xlarge_use1-az2': 25, 'r7i.8xlarge_use1-az4': 25, 'r7i.8xlarge_use1-az5': 5, 'r7i.8xlarge_use1-az6': 50, 'r7i.large_use1-az1': 15, 'r7i.large_use1-az2': 50, 'r7i.large_use1-az4': 50, 'r7i.large_use1-az5': 15, 'r7i.large_use1-az6': 50, 'r7i.xlarge_use1-az1': 5, 'r7i.xlarge_use1-az2': 15, 'r7i.xlarge_use1-az4': 10, 'r7i.xlarge_use1-az5': 15, 'r7i.xlarge_use1-az6': 50, 'r8g.12xlarge_use1-az2': 5, 'r8g.12xlarge_use1-az4': 5, 'r8g.12xlarge_use1-az6': 15, 'r8g.16xlarge_use1-az1': 1, 'r8g.16xlarge_use1-az2': 50, 'r8g.16xlarge_use1-az4': 50, 'r8g.16xlarge_use1-az5': 5, 'r8g.16xlarge_use1-az6': 50, 'r8g.24xlarge_use1-az2': 10, 'r8g.24xlarge_use1-az4': 5, 'r8g.24xlarge_use1-az5': 5, 'r8g.24xlarge_use1-az6': 35, 'r8g.2xlarge_use1-az2': 5, 'r8g.2xlarge_use1-az4': 5, 'r8g.2xlarge_use1-az5': 1, 'r8g.2xlarge_use1-az6': 5, 'r8g.48xlarge_use1-az2': 1, 'r8g.48xlarge_use1-az4': 5, 'r8g.48xlarge_use1-az6': 5, 'r8g.4xlarge_use1-az2': 10, 'r8g.4xlarge_use1-az4': 35, 'r8g.4xlarge_use1-az5': 5, 'r8g.4xlarge_use1-az6': 50, 'r8g.8xlarge_use1-az2': 40, 'r8g.8xlarge_use1-az4': 15, 'r8g.8xlarge_use1-az5': 1, 'r8g.8xlarge_use1-az6': 50, 'r8g.large_use1-az1': 5, 'r8g.large_use1-az2': 30, 'r8g.large_use1-az4': 15, 'r8g.large_use1-az5': 10, 'r8g.large_use1-az6': 20, 'r8g.medium_use1-az1': 15, 'r8g.medium_use1-az2': 30, 'r8g.medium_use1-az4': 20, 'r8g.medium_use1-az5': 5, 'r8g.medium_use1-az6': 15, 'r8g.xlarge_use1-az1': 1, 'r8g.xlarge_use1-az2': 10, 'r8g.xlarge_use1-az4': 5, 'r8g.xlarge_use1-az5': 5, 'r8g.xlarge_use1-az6': 10, 'r8gb.24xlarge_use1-az6': 1, 'r8gb.large_use1-az2': 20, 'r8gb.large_use1-az4': 15, 'r8gb.large_use1-az6': 25, 'r8gb.medium_use1-az2': 50, 'r8gb.metal-24xl_use1-az6': 1, 'r8gb.xlarge_use1-az4': 5, 'r8gb.xlarge_use1-az6': 5, 'r8gd.12xlarge_use1-az5': 1, 'r8gd.12xlarge_use1-az6': 1, 'r8gd.16xlarge_use1-az2': 1, 'r8gd.16xlarge_use1-az4': 1, 'r8gd.16xlarge_use1-az5': 1, 'r8gd.16xlarge_use1-az6': 15, 'r8gd.24xlarge_use1-az2': 1, 'r8gd.24xlarge_use1-az5': 1, 'r8gd.24xlarge_use1-az6': 25, 'r8gd.2xlarge_use1-az2': 25, 'r8gd.2xlarge_use1-az4': 30, 'r8gd.2xlarge_use1-az6': 50, 'r8gd.48xlarge_use1-az6': 50, 'r8gd.4xlarge_use1-az2': 20, 'r8gd.4xlarge_use1-az5': 1, 'r8gd.4xlarge_use1-az6': 15, 'r8gd.8xlarge_use1-az2': 5, 'r8gd.8xlarge_use1-az4': 1, 'r8gd.8xlarge_use1-az5': 1, 'r8gd.8xlarge_use1-az6': 1, 'r8gd.large_use1-az2': 50, 'r8gd.large_use1-az5': 1, 'r8gd.large_use1-az6': 50, 'r8gd.medium_use1-az1': 5, 'r8gd.medium_use1-az2': 5, 'r8gd.medium_use1-az4': 5, 'r8gd.medium_use1-az5': 10, 'r8gd.metal-24xl_use1-az6': 1, 'r8gd.metal-48xl_use1-az6': 1, 'r8gd.xlarge_use1-az2': 25, 'r8gd.xlarge_use1-az4': 1, 'r8gd.xlarge_use1-az5': 50, 'r8gd.xlarge_use1-az6': 40, 'r8gn.16xlarge_use1-az6': 1, 'r8gn.24xlarge_use1-az2': 1, 'r8gn.48xlarge_use1-az6': 1, 'r8gn.8xlarge_use1-az6': 5, 'r8gn.large_use1-az2': 20, 'r8gn.large_use1-az6': 20, 'r8gn.medium_use1-az2': 35, 'r8gn.medium_use1-az4': 40, 'r8gn.metal-24xl_use1-az2': 1, 'r8gn.metal-24xl_use1-az6': 1, 'r8gn.xlarge_use1-az2': 1, 'r8gn.xlarge_use1-az6': 10, 'r8i-flex.2xlarge_use1-az2': 1, 'r8i-flex.2xlarge_use1-az6': 5, 'r8i-flex.4xlarge_use1-az2': 1, 'r8i-flex.4xlarge_use1-az6': 1, 'r8i-flex.large_use1-az2': 1, 'r8i-flex.large_use1-az6': 5, 'r8i-flex.xlarge_use1-az2': 5, 'r8i-flex.xlarge_use1-az6': 1, 'r8i.12xlarge_use1-az2': 1, 'r8i.12xlarge_use1-az6': 1, 'r8i.16xlarge_use1-az2': 1, 'r8i.16xlarge_use1-az6': 1, 'r8i.24xlarge_use1-az6': 1, 'r8i.2xlarge_use1-az2': 5, 'r8i.2xlarge_use1-az6': 5, 'r8i.32xlarge_use1-az2': 1, 'r8i.32xlarge_use1-az6': 1, 'r8i.48xlarge_use1-az2': 1, 'r8i.48xlarge_use1-az6': 1, 'r8i.4xlarge_use1-az2': 1, 'r8i.4xlarge_use1-az6': 5, 'r8i.8xlarge_use1-az2': 1, 'r8i.8xlarge_use1-az6': 5, 'r8i.96xlarge_use1-az2': 1, 'r8i.96xlarge_use1-az6': 1, 'r8i.large_use1-az2': 20, 'r8i.large_use1-az6': 20, 'r8i.xlarge_use1-az2': 5, 'r8i.xlarge_use1-az6': 5, 't2.2xlarge_use1-az1': 50, 't2.2xlarge_use1-az2': 50, 't2.2xlarge_use1-az3': 15, 't2.2xlarge_use1-az4': 50, 't2.2xlarge_use1-az5': 50, 't2.2xlarge_use1-az6': 50, 't2.large_use1-az1': 20, 't2.large_use1-az2': 50, 't2.large_use1-az3': 50, 't2.large_use1-az4': 50, 't2.large_use1-az5': 25, 't2.large_use1-az6': 50, 't2.medium_use1-az1': 50, 't2.medium_use1-az2': 50, 't2.medium_use1-az3': 50, 't2.medium_use1-az4': 50, 't2.medium_use1-az5': 50, 't2.medium_use1-az6': 50, 't2.xlarge_use1-az1': 35, 't2.xlarge_use1-az2': 50, 't2.xlarge_use1-az3': 20, 't2.xlarge_use1-az4': 50, 't2.xlarge_use1-az5': 5, 't2.xlarge_use1-az6': 50, 't3.2xlarge_use1-az1': 50, 't3.2xlarge_use1-az2': 50, 't3.2xlarge_use1-az4': 50, 't3.2xlarge_use1-az5': 50, 't3.2xlarge_use1-az6': 50, 't3.large_use1-az1': 50, 't3.large_use1-az2': 50, 't3.large_use1-az4': 50, 't3.large_use1-az5': 50, 't3.large_use1-az6': 50, 't3.medium_use1-az1': 50, 't3.medium_use1-az2': 50, 't3.medium_use1-az4': 50, 't3.medium_use1-az5': 50, 't3.medium_use1-az6': 50, 't3.xlarge_use1-az1': 50, 't3.xlarge_use1-az2': 50, 't3.xlarge_use1-az4': 50, 't3.xlarge_use1-az5': 50, 't3.xlarge_use1-az6': 50, 't3a.2xlarge_use1-az1': 50, 't3a.2xlarge_use1-az2': 50, 't3a.2xlarge_use1-az4': 50, 't3a.2xlarge_use1-az5': 50, 't3a.2xlarge_use1-az6': 50, 't3a.large_use1-az1': 50, 't3a.large_use1-az2': 50, 't3a.large_use1-az4': 50, 't3a.large_use1-az5': 5, 't3a.large_use1-az6': 50, 't3a.medium_use1-az1': 50, 't3a.medium_use1-az2': 50, 't3a.medium_use1-az4': 50, 't3a.medium_use1-az6': 50, 't3a.xlarge_use1-az1': 25, 't3a.xlarge_use1-az2': 50, 't3a.xlarge_use1-az4': 50, 't3a.xlarge_use1-az5': 15, 't3a.xlarge_use1-az6': 50, 't4g.2xlarge_use1-az1': 5, 't4g.2xlarge_use1-az2': 15, 't4g.2xlarge_use1-az4': 5, 't4g.2xlarge_use1-az5': 10, 't4g.2xlarge_use1-az6': 10, 't4g.large_use1-az1': 1, 't4g.large_use1-az2': 15, 't4g.large_use1-az4': 50, 't4g.large_use1-az5': 25, 't4g.large_use1-az6': 35, 't4g.medium_use1-az1': 1, 't4g.medium_use1-az2': 50, 't4g.medium_use1-az4': 50, 't4g.medium_use1-az5': 35, 't4g.medium_use1-az6': 50, 't4g.xlarge_use1-az1': 30, 't4g.xlarge_use1-az2': 15, 't4g.xlarge_use1-az4': 50, 't4g.xlarge_use1-az5': 5, 't4g.xlarge_use1-az6': 10, 'trn1.2xlarge_use1-az5': 5, 'trn1.32xlarge_use1-az6': 50, 'trn1n.32xlarge_use1-az6': 50, 'x1.32xlarge_use1-az6': 1, 'x2gd.12xlarge_use1-az5': 5, 'x2gd.16xlarge_use1-az5': 1, 'x2gd.16xlarge_use1-az6': 15, 'x2gd.2xlarge_use1-az1': 5, 'x2gd.2xlarge_use1-az5': 5, 'x2gd.2xlarge_use1-az6': 30, 'x2gd.4xlarge_use1-az4': 5, 'x2gd.4xlarge_use1-az5': 1, 'x2gd.4xlarge_use1-az6': 35, 'x2gd.8xlarge_use1-az4': 1, 'x2gd.8xlarge_use1-az5': 1, 'x2gd.8xlarge_use1-az6': 5, 'x2gd.large_use1-az1': 35, 'x2gd.large_use1-az2': 25, 'x2gd.large_use1-az4': 15, 'x2gd.large_use1-az5': 25, 'x2gd.large_use1-az6': 50, 'x2gd.medium_use1-az1': 25, 'x2gd.medium_use1-az2': 35, 'x2gd.medium_use1-az4': 50, 'x2gd.medium_use1-az5': 50, 'x2gd.medium_use1-az6': 50, 'x2gd.xlarge_use1-az1': 5, 'x2gd.xlarge_use1-az2': 1, 'x2gd.xlarge_use1-az5': 15, 'x2idn.24xlarge_use1-az4': 1, 'x2idn.24xlarge_use1-az5': 1, 'x2idn.32xlarge_use1-az5': 1, 'x8g.12xlarge_use1-az2': 1, 'x8g.12xlarge_use1-az4': 20, 'x8g.12xlarge_use1-az6': 1, 'x8g.16xlarge_use1-az1': 1, 'x8g.16xlarge_use1-az2': 5, 'x8g.16xlarge_use1-az4': 5, 'x8g.16xlarge_use1-az6': 5, 'x8g.24xlarge_use1-az1': 1, 'x8g.24xlarge_use1-az2': 5, 'x8g.24xlarge_use1-az4': 5, 'x8g.24xlarge_use1-az6': 10, 'x8g.2xlarge_use1-az1': 5, 'x8g.2xlarge_use1-az2': 10, 'x8g.2xlarge_use1-az4': 10, 'x8g.2xlarge_use1-az6': 25, 'x8g.48xlarge_use1-az1': 1, 'x8g.48xlarge_use1-az2': 1, 'x8g.48xlarge_use1-az4': 10, 'x8g.48xlarge_use1-az6': 1, 'x8g.4xlarge_use1-az2': 5, 'x8g.4xlarge_use1-az4': 5, 'x8g.4xlarge_use1-az6': 10, 'x8g.8xlarge_use1-az2': 15, 'x8g.8xlarge_use1-az4': 20, 'x8g.8xlarge_use1-az6': 5, 'x8g.large_use1-az1': 30, 'x8g.large_use1-az4': 50, 'x8g.large_use1-az6': 50, 'x8g.medium_use1-az1': 50, 'x8g.medium_use1-az4': 50, 'x8g.medium_use1-az6': 50, 'x8g.metal-24xl_use1-az1': 1, 'x8g.metal-24xl_use1-az2': 1, 'x8g.metal-24xl_use1-az4': 1, 'x8g.metal-24xl_use1-az6': 10, 'x8g.metal-48xl_use1-az2': 1, 'x8g.metal-48xl_use1-az4': 1, 'x8g.metal-48xl_use1-az6': 1, 'x8g.xlarge_use1-az1': 10, 'x8g.xlarge_use1-az2': 20, 'x8g.xlarge_use1-az4': 40, 'x8g.xlarge_use1-az6': 50, 'z1d.12xlarge_use1-az1': 1, 'z1d.12xlarge_use1-az2': 1, 'z1d.12xlarge_use1-az4': 1, 'z1d.12xlarge_use1-az5': 1, 'z1d.12xlarge_use1-az6': 5, 'z1d.2xlarge_use1-az2': 5, 'z1d.2xlarge_use1-az4': 15, 'z1d.2xlarge_use1-az5': 1, 'z1d.2xlarge_use1-az6': 15, 'z1d.3xlarge_use1-az2': 5, 'z1d.3xlarge_use1-az4': 10, 'z1d.3xlarge_use1-az5': 5, 'z1d.3xlarge_use1-az6': 5, 'z1d.6xlarge_use1-az1': 1, 'z1d.6xlarge_use1-az2': 1, 'z1d.6xlarge_use1-az4': 1, 'z1d.6xlarge_use1-az6': 1, 'z1d.large_use1-az1': 15, 'z1d.large_use1-az2': 5, 'z1d.large_use1-az4': 25, 'z1d.large_use1-az5': 10, 'z1d.large_use1-az6': 25, 'z1d.xlarge_use1-az1': 10, 'z1d.xlarge_use1-az2': 20, 'z1d.xlarge_use1-az4': 30, 'z1d.xlarge_use1-az5': 1, 'z1d.xlarge_use1-az6': 20}"
0.62,21537.462199999936,26689427395,1239209.482893008,1015708,1015608,"{'c5.12xlarge_use1-az1': 50, 'c5.12xlarge_use1-az2': 50, 'c5.12xlarge_use1-az4': 50, 'c5.12xlarge_use1-az6': 50, 'c5.18xlarge_use1-az1': 5, 'c5.18xlarge_use1-az2': 50, 'c5.18xlarge_use1-az4': 15, 'c5.18xlarge_use1-az5': 10, 'c5.18xlarge_use1-az6': 1, 'c5.24xlarge_use1-az1': 1, 'c5.24xlarge_use1-az2': 5, 'c5.24xlarge_use1-az4': 5, 'c5.24xlarge_use1-az5': 1, 'c5.24xlarge_use1-az6': 5, 'c5.2xlarge_use1-az4': 50, 'c5.2xlarge_use1-az6': 50, 'c5.4xlarge_use1-az1': 50, 'c5.4xlarge_use1-az2': 50, 'c5.4xlarge_use1-az4': 50, 'c5.4xlarge_use1-az5': 50, 'c5.4xlarge_use1-az6': 50, 'c5.large_use1-az1': 50, 'c5.large_use1-az2': 50, 'c5.large_use1-az4': 50, 'c5.large_use1-az5': 50, 'c5.large_use1-az6': 50, 'c5.xlarge_use1-az6': 50, 'c5a.12xlarge_use1-az1': 5, 'c5a.12xlarge_use1-az2': 10, 'c5a.12xlarge_use1-az4': 15, 'c5a.16xlarge_use1-az6': 1, 'c5a.24xlarge_use1-az2': 1, 'c5a.24xlarge_use1-az4': 1, 'c5a.24xlarge_use1-az6': 1, 'c5a.2xlarge_use1-az1': 30, 'c5a.2xlarge_use1-az5': 15, 'c5a.2xlarge_use1-az6': 50, 'c5a.8xlarge_use1-az1': 1, 'c5a.8xlarge_use1-az2': 1, 'c5a.8xlarge_use1-az4': 5, 'c5a.large_use1-az1': 50, 'c5a.large_use1-az2': 50, 'c5a.large_use1-az4': 50, 'c5a.large_use1-az5': 45, 'c5a.large_use1-az6': 50, 'c5a.xlarge_use1-az5': 50, 'c5ad.16xlarge_use1-az2': 5, 'c5ad.16xlarge_use1-az4': 1, 'c5ad.24xlarge_use1-az2': 1, 'c5ad.24xlarge_use1-az4': 1, 'c5ad.24xlarge_use1-az6': 5, 'c5ad.2xlarge_use1-az4': 5, 'c5ad.4xlarge_use1-az4': 1, 'c5ad.8xlarge_use1-az5': 1, 'c5ad.large_use1-az2': 30, 'c5ad.large_use1-az4': 10, 'c5ad.large_use1-az5': 15, 'c5ad.large_use1-az6': 20, 'c5ad.xlarge_use1-az2': 10, 'c5d.12xlarge_use1-az2': 15, 'c5d.12xlarge_use1-az6': 45, 'c5d.18xlarge_use1-az1': 5, 'c5d.18xlarge_use1-az2': 50, 'c5d.18xlarge_use1-az4': 50, 'c5d.18xlarge_use1-az5': 5, 'c5d.18xlarge_use1-az6': 30, 'c5d.24xlarge_use1-az2': 35, 'c5d.24xlarge_use1-az4': 25, 'c5d.24xlarge_use1-az6': 50, 'c5d.2xlarge_use1-az6': 50, 'c5d.large_use1-az5': 35, 'c5d.xlarge_use1-az5': 50, 'c5n.18xlarge_use1-az1': 30, 'c5n.18xlarge_use1-az2': 5, 'c5n.18xlarge_use1-az4': 10, 'c5n.2xlarge_use1-az5': 10, 'c5n.9xlarge_use1-az2': 1, 'c5n.large_use1-az5': 5, 'c5n.large_use1-az6': 5, 'c6a.12xlarge_use1-az1': 5, 'c6a.12xlarge_use1-az2': 50, 'c6a.12xlarge_use1-az4': 50, 'c6a.12xlarge_use1-az5': 1, 'c6a.12xlarge_use1-az6': 15, 'c6a.16xlarge_use1-az1': 1, 'c6a.16xlarge_use1-az2': 5, 'c6a.16xlarge_use1-az4': 10, 'c6a.16xlarge_use1-az5': 1, 'c6a.16xlarge_use1-az6': 15, 'c6a.24xlarge_use1-az1': 1, 'c6a.24xlarge_use1-az2': 5, 'c6a.24xlarge_use1-az4': 5, 'c6a.24xlarge_use1-az5': 5, 'c6a.24xlarge_use1-az6': 20, 'c6a.2xlarge_use1-az1': 10, 'c6a.2xlarge_use1-az2': 40, 'c6a.2xlarge_use1-az4': 50, 'c6a.2xlarge_use1-az5': 10, 'c6a.2xlarge_use1-az6': 50, 'c6a.32xlarge_use1-az2': 1, 'c6a.32xlarge_use1-az4': 1, 'c6a.32xlarge_use1-az5': 1, 'c6a.32xlarge_use1-az6': 5, 'c6a.48xlarge_use1-az2': 1, 'c6a.48xlarge_use1-az4': 10, 'c6a.48xlarge_use1-az5': 5, 'c6a.48xlarge_use1-az6': 25, 'c6a.4xlarge_use1-az1': 15, 'c6a.4xlarge_use1-az2': 15, 'c6a.4xlarge_use1-az4': 30, 'c6a.4xlarge_use1-az5': 15, 'c6a.4xlarge_use1-az6': 50, 'c6a.8xlarge_use1-az1': 5, 'c6a.8xlarge_use1-az2': 50, 'c6a.8xlarge_use1-az4': 30, 'c6a.8xlarge_use1-az5': 25, 'c6a.8xlarge_use1-az6': 50, 'c6a.large_use1-az1': 45, 'c6a.large_use1-az2': 50, 'c6a.large_use1-az4': 50, 'c6a.large_use1-az5': 50, 'c6a.large_use1-az6': 20, 'c6a.xlarge_use1-az1': 15, 'c6a.xlarge_use1-az2': 25, 'c6a.xlarge_use1-az4': 25, 'c6a.xlarge_use1-az5': 15, 'c6a.xlarge_use1-az6': 25, 'c6g.12xlarge_use1-az1': 15, 'c6g.12xlarge_use1-az2': 25, 'c6g.12xlarge_use1-az4': 50, 'c6g.12xlarge_use1-az5': 5, 'c6g.12xlarge_use1-az6': 50, 'c6g.16xlarge_use1-az1': 1, 'c6g.16xlarge_use1-az2': 15, 'c6g.16xlarge_use1-az4': 50, 'c6g.16xlarge_use1-az5': 5, 'c6g.16xlarge_use1-az6': 50, 'c6g.2xlarge_use1-az1': 5, 'c6g.2xlarge_use1-az2': 50, 'c6g.2xlarge_use1-az4': 50, 'c6g.2xlarge_use1-az5': 15, 'c6g.2xlarge_use1-az6': 50, 'c6g.4xlarge_use1-az1': 50, 'c6g.4xlarge_use1-az2': 50, 'c6g.4xlarge_use1-az4': 50, 'c6g.4xlarge_use1-az5': 50, 'c6g.4xlarge_use1-az6': 50, 'c6g.8xlarge_use1-az1': 50, 'c6g.8xlarge_use1-az2': 50, 'c6g.8xlarge_use1-az4': 50, 'c6g.8xlarge_use1-az5': 50, 'c6g.8xlarge_use1-az6': 50, 'c6g.large_use1-az2': 50, 'c6g.large_use1-az4': 50, 'c6g.large_use1-az5': 50, 'c6g.large_use1-az6': 50, 'c6g.xlarge_use1-az2': 50, 'c6g.xlarge_use1-az4': 50, 'c6g.xlarge_use1-az6': 50, 'c6gd.12xlarge_use1-az2': 50, 'c6gd.12xlarge_use1-az4': 30, 'c6gd.12xlarge_use1-az5': 1, 'c6gd.12xlarge_use1-az6': 50, 'c6gd.16xlarge_use1-az2': 50, 'c6gd.16xlarge_use1-az4': 30, 'c6gd.16xlarge_use1-az6': 50, 'c6gd.2xlarge_use1-az1': 15, 'c6gd.2xlarge_use1-az2': 50, 'c6gd.2xlarge_use1-az4': 50, 'c6gd.2xlarge_use1-az5': 1, 'c6gd.2xlarge_use1-az6': 50, 'c6gd.4xlarge_use1-az1': 20, 'c6gd.4xlarge_use1-az2': 50, 'c6gd.4xlarge_use1-az4': 50, 'c6gd.4xlarge_use1-az5': 10, 'c6gd.4xlarge_use1-az6': 50, 'c6gd.8xlarge_use1-az1': 25, 'c6gd.8xlarge_use1-az2': 45, 'c6gd.8xlarge_use1-az4': 45, 'c6gd.8xlarge_use1-az5': 1, 'c6gd.8xlarge_use1-az6': 50, 'c6gd.large_use1-az2': 5, 'c6gd.large_use1-az4': 20, 'c6gd.large_use1-az5': 1, 'c6gd.large_use1-az6': 50, 'c6gn.12xlarge_use1-az2': 25, 'c6gn.12xlarge_use1-az4': 50, 'c6gn.12xlarge_use1-az5': 1, 'c6gn.16xlarge_use1-az1': 1, 'c6gn.16xlarge_use1-az4': 50, 'c6gn.16xlarge_use1-az5': 10, 'c6gn.2xlarge_use1-az1': 5, 'c6gn.4xlarge_use1-az1': 1, 'c6gn.4xlarge_use1-az5': 10, 'c6gn.8xlarge_use1-az2': 35, 'c6gn.8xlarge_use1-az4': 30, 'c6gn.8xlarge_use1-az5': 5, 'c6gn.8xlarge_use1-az6': 5, 'c6gn.large_use1-az5': 15, 'c6gn.large_use1-az6': 1, 'c6gn.xlarge_use1-az5': 5, 'c6i.12xlarge_use1-az1': 15, 'c6i.12xlarge_use1-az2': 15, 'c6i.12xlarge_use1-az4': 30, 'c6i.12xlarge_use1-az5': 5, 'c6i.12xlarge_use1-az6': 5, 'c6i.16xlarge_use1-az1': 5, 'c6i.16xlarge_use1-az2': 15, 'c6i.16xlarge_use1-az4': 25, 'c6i.16xlarge_use1-az5': 10, 'c6i.16xlarge_use1-az6': 30, 'c6i.24xlarge_use1-az1': 5, 'c6i.24xlarge_use1-az4': 10, 'c6i.24xlarge_use1-az5': 1, 'c6i.24xlarge_use1-az6': 15, 'c6i.2xlarge_use1-az6': 50, 'c6i.32xlarge_use1-az1': 10, 'c6i.32xlarge_use1-az2': 5, 'c6i.32xlarge_use1-az4': 50, 'c6i.32xlarge_use1-az5': 1, 'c6i.32xlarge_use1-az6': 40, 'c6i.4xlarge_use1-az1': 10, 'c6i.4xlarge_use1-az2': 40, 'c6i.4xlarge_use1-az4': 50, 'c6i.4xlarge_use1-az6': 50, 'c6i.8xlarge_use1-az1': 10, 'c6i.8xlarge_use1-az2': 45, 'c6i.8xlarge_use1-az4': 50, 'c6i.8xlarge_use1-az5': 10, 'c6i.8xlarge_use1-az6': 50, 'c6i.large_use1-az1': 10, 'c6i.large_use1-az2': 40, 'c6i.large_use1-az4': 30, 'c6i.large_use1-az5': 10, 'c6i.large_use1-az6': 50, 'c6i.xlarge_use1-az1': 50, 'c6i.xlarge_use1-az2': 45, 'c6i.xlarge_use1-az4': 35, 'c6i.xlarge_use1-az5': 10, 'c6i.xlarge_use1-az6': 50, 'c6id.12xlarge_use1-az1': 1, 'c6id.12xlarge_use1-az2': 1, 'c6id.12xlarge_use1-az4': 5, 'c6id.12xlarge_use1-az6': 5, 'c6id.16xlarge_use1-az1': 1, 'c6id.16xlarge_use1-az2': 5, 'c6id.16xlarge_use1-az4': 5, 'c6id.16xlarge_use1-az5': 1, 'c6id.16xlarge_use1-az6': 1, 'c6id.24xlarge_use1-az1': 5, 'c6id.24xlarge_use1-az2': 15, 'c6id.24xlarge_use1-az4': 5, 'c6id.24xlarge_use1-az5': 1, 'c6id.24xlarge_use1-az6': 10, 'c6id.32xlarge_use1-az1': 1, 'c6id.32xlarge_use1-az2': 5, 'c6id.32xlarge_use1-az4': 10, 'c6id.32xlarge_use1-az5': 1, 'c6id.32xlarge_use1-az6': 5, 'c6id.4xlarge_use1-az6': 5, 'c6id.8xlarge_use1-az4': 5, 'c6id.large_use1-az2': 5, 'c6id.large_use1-az5': 5, 'c6id.large_use1-az6': 5, 'c6id.xlarge_use1-az2': 1, 'c6id.xlarge_use1-az4': 5, 'c6id.xlarge_use1-az5': 1, 'c6id.xlarge_use1-az6': 1, 'c6in.24xlarge_use1-az6': 1, 'c6in.32xlarge_use1-az6': 1, 'c6in.4xlarge_use1-az2': 5, 'c6in.4xlarge_use1-az4': 5, 'c6in.large_use1-az2': 1, 'c6in.large_use1-az4': 1, 'c6in.large_use1-az5': 1, 'c7a.12xlarge_use1-az1': 5, 'c7a.12xlarge_use1-az2': 5, 'c7a.12xlarge_use1-az4': 1, 'c7a.12xlarge_use1-az6': 15, 'c7a.16xlarge_use1-az1': 1, 'c7a.16xlarge_use1-az2': 1, 'c7a.16xlarge_use1-az6': 5, 'c7a.24xlarge_use1-az1': 1, 'c7a.24xlarge_use1-az2': 1, 'c7a.24xlarge_use1-az5': 1, 'c7a.24xlarge_use1-az6': 5, 'c7a.2xlarge_use1-az1': 1, 'c7a.2xlarge_use1-az2': 1, 'c7a.2xlarge_use1-az5': 1, 'c7a.32xlarge_use1-az1': 1, 'c7a.32xlarge_use1-az2': 1, 'c7a.32xlarge_use1-az6': 15, 'c7a.48xlarge_use1-az1': 1, 'c7a.48xlarge_use1-az2': 1, 'c7a.48xlarge_use1-az5': 1, 'c7a.48xlarge_use1-az6': 20, 'c7a.4xlarge_use1-az1': 5, 'c7a.4xlarge_use1-az2': 10, 'c7a.4xlarge_use1-az4': 5, 'c7a.4xlarge_use1-az5': 1, 'c7a.4xlarge_use1-az6': 50, 'c7a.8xlarge_use1-az2': 1, 'c7a.8xlarge_use1-az4': 1, 'c7a.8xlarge_use1-az6': 10, 'c7a.large_use1-az1': 15, 'c7a.large_use1-az2': 25, 'c7a.large_use1-az4': 30, 'c7a.large_use1-az5': 10, 'c7a.large_use1-az6': 50, 'c7a.xlarge_use1-az2': 5, 'c7a.xlarge_use1-az4': 10, 'c7a.xlarge_use1-az5': 5, 'c7a.xlarge_use1-az6': 15, 'c7g.12xlarge_use1-az1': 15, 'c7g.12xlarge_use1-az2': 50, 'c7g.12xlarge_use1-az4': 15, 'c7g.12xlarge_use1-az5': 1, 'c7g.12xlarge_use1-az6': 50, 'c7g.16xlarge_use1-az1': 25, 'c7g.16xlarge_use1-az2': 40, 'c7g.16xlarge_use1-az4': 50, 'c7g.16xlarge_use1-az5': 10, 'c7g.16xlarge_use1-az6': 50, 'c7g.2xlarge_use1-az1': 50, 'c7g.2xlarge_use1-az2': 50, 'c7g.2xlarge_use1-az4': 50, 'c7g.2xlarge_use1-az5': 50, 'c7g.2xlarge_use1-az6': 50, 'c7g.4xlarge_use1-az1': 50, 'c7g.4xlarge_use1-az2': 50, 'c7g.4xlarge_use1-az4': 50, 'c7g.4xlarge_use1-az5': 50, 'c7g.4xlarge_use1-az6': 50, 'c7g.8xlarge_use1-az1': 50, 'c7g.8xlarge_use1-az2': 50, 'c7g.8xlarge_use1-az4': 50, 'c7g.8xlarge_use1-az5': 50, 'c7g.8xlarge_use1-az6': 50, 'c7g.large_use1-az2': 45, 'c7g.large_use1-az4': 30, 'c7g.large_use1-az5': 10, 'c7g.xlarge_use1-az2': 50, 'c7g.xlarge_use1-az4': 50, 'c7g.xlarge_use1-az5': 50, 'c7g.xlarge_use1-az6': 50, 'c7gd.12xlarge_use1-az1': 5, 'c7gd.12xlarge_use1-az4': 15, 'c7gd.12xlarge_use1-az5': 15, 'c7gd.12xlarge_use1-az6': 50, 'c7gd.16xlarge_use1-az1': 5, 'c7gd.16xlarge_use1-az2': 30, 'c7gd.16xlarge_use1-az4': 40, 'c7gd.16xlarge_use1-az5': 1, 'c7gd.16xlarge_use1-az6': 50, 'c7gd.2xlarge_use1-az1': 15, 'c7gd.2xlarge_use1-az2': 50, 'c7gd.2xlarge_use1-az4': 50, 'c7gd.2xlarge_use1-az5': 5, 'c7gd.2xlarge_use1-az6': 50, 'c7gd.4xlarge_use1-az1': 30, 'c7gd.4xlarge_use1-az2': 25, 'c7gd.4xlarge_use1-az4': 50, 'c7gd.4xlarge_use1-az5': 1, 'c7gd.4xlarge_use1-az6': 50, 'c7gd.8xlarge_use1-az1': 5, 'c7gd.8xlarge_use1-az2': 15, 'c7gd.8xlarge_use1-az4': 10, 'c7gd.8xlarge_use1-az5': 5, 'c7gd.8xlarge_use1-az6': 20, 'c7gd.large_use1-az2': 25, 'c7gd.large_use1-az4': 5, 'c7gd.large_use1-az5': 10, 'c7gd.xlarge_use1-az1': 15, 'c7gd.xlarge_use1-az2': 50, 'c7gd.xlarge_use1-az4': 5, 'c7gd.xlarge_use1-az5': 15, 'c7gd.xlarge_use1-az6': 25, 'c7gn.12xlarge_use1-az5': 1, 'c7gn.16xlarge_use1-az5': 5, 'c7gn.16xlarge_use1-az6': 20, 'c7gn.2xlarge_use1-az5': 1, 'c7gn.4xlarge_use1-az2': 50, 'c7gn.4xlarge_use1-az5': 1, 'c7gn.4xlarge_use1-az6': 50, 'c7gn.8xlarge_use1-az5': 1, 'c7gn.8xlarge_use1-az6': 5, 'c7gn.xlarge_use1-az5': 5, 'c7i-flex.2xlarge_use1-az5': 15, 'c7i-flex.4xlarge_use1-az1': 1, 'c7i-flex.4xlarge_use1-az2': 1, 'c7i-flex.4xlarge_use1-az4': 1, 'c7i-flex.4xlarge_use1-az6': 5, 'c7i-flex.8xlarge_use1-az1': 1, 'c7i-flex.8xlarge_use1-az2': 1, 'c7i-flex.8xlarge_use1-az4': 1, 'c7i-flex.8xlarge_use1-az6': 5, 'c7i-flex.large_use1-az1': 40, 'c7i-flex.large_use1-az2': 50, 'c7i-flex.large_use1-az4': 10, 'c7i-flex.large_use1-az5': 1, 'c7i-flex.large_use1-az6': 50, 'c7i-flex.xlarge_use1-az2': 50, 'c7i-flex.xlarge_use1-az4': 50, 'c7i-flex.xlarge_use1-az5': 5, 'c7i.12xlarge_use1-az1': 5, 'c7i.12xlarge_use1-az2': 15, 'c7i.12xlarge_use1-az4': 15, 'c7i.12xlarge_use1-az6': 5, 'c7i.16xlarge_use1-az1': 1, 'c7i.16xlarge_use1-az2': 5, 'c7i.16xlarge_use1-az4': 1, 'c7i.16xlarge_use1-az6': 15, 'c7i.24xlarge_use1-az1': 5, 'c7i.24xlarge_use1-az2': 5, 'c7i.24xlarge_use1-az4': 5, 'c7i.24xlarge_use1-az6': 15, 'c7i.2xlarge_use1-az1': 10, 'c7i.2xlarge_use1-az2': 10, 'c7i.2xlarge_use1-az4': 10, 'c7i.2xlarge_use1-az5': 5, 'c7i.2xlarge_use1-az6': 25, 'c7i.48xlarge_use1-az1': 10, 'c7i.48xlarge_use1-az2': 10, 'c7i.48xlarge_use1-az4': 5, 'c7i.48xlarge_use1-az5': 1, 'c7i.48xlarge_use1-az6': 50, 'c7i.4xlarge_use1-az1': 5, 'c7i.4xlarge_use1-az2': 5, 'c7i.4xlarge_use1-az4': 5, 'c7i.4xlarge_use1-az5': 1, 'c7i.4xlarge_use1-az6': 15, 'c7i.8xlarge_use1-az1': 1, 'c7i.8xlarge_use1-az2': 5, 'c7i.8xlarge_use1-az4': 5, 'c7i.8xlarge_use1-az6': 10, 'c7i.large_use1-az1': 45, 'c7i.large_use1-az2': 50, 'c7i.large_use1-az4': 50, 'c7i.large_use1-az5': 5, 'c7i.large_use1-az6': 50, 'c7i.xlarge_use1-az1': 5, 'c7i.xlarge_use1-az2': 10, 'c7i.xlarge_use1-az4': 5, 'c7i.xlarge_use1-az5': 1, 'c7i.xlarge_use1-az6': 5, 'c8g.12xlarge_use1-az1': 1, 'c8g.12xlarge_use1-az2': 5, 'c8g.12xlarge_use1-az4': 1, 'c8g.12xlarge_use1-az6': 25, 'c8g.16xlarge_use1-az1': 10, 'c8g.16xlarge_use1-az2': 5, 'c8g.16xlarge_use1-az4': 1, 'c8g.16xlarge_use1-az6': 50, 'c8g.24xlarge_use1-az1': 5, 'c8g.24xlarge_use1-az2': 10, 'c8g.24xlarge_use1-az4': 1, 'c8g.24xlarge_use1-az6': 25, 'c8g.2xlarge_use1-az1': 5, 'c8g.2xlarge_use1-az2': 5, 'c8g.2xlarge_use1-az4': 50, 'c8g.2xlarge_use1-az5': 1, 'c8g.2xlarge_use1-az6': 50, 'c8g.48xlarge_use1-az1': 1, 'c8g.48xlarge_use1-az2': 5, 'c8g.48xlarge_use1-az6': 50, 'c8g.4xlarge_use1-az1': 35, 'c8g.4xlarge_use1-az2': 15, 'c8g.4xlarge_use1-az4': 20, 'c8g.4xlarge_use1-az5': 10, 'c8g.4xlarge_use1-az6': 50, 'c8g.8xlarge_use1-az1': 1, 'c8g.8xlarge_use1-az2': 5, 'c8g.8xlarge_use1-az4': 5, 'c8g.8xlarge_use1-az6': 50, 'c8g.large_use1-az1': 5, 'c8g.large_use1-az2': 20, 'c8g.large_use1-az4': 5, 'c8g.large_use1-az5': 1, 'c8g.large_use1-az6': 40, 'c8g.metal-24xl_use1-az2': 1, 'c8g.metal-24xl_use1-az6': 20, 'c8g.metal-48xl_use1-az1': 1, 'c8g.metal-48xl_use1-az2': 1, 'c8g.metal-48xl_use1-az6': 50, 'c8g.xlarge_use1-az1': 5, 'c8g.xlarge_use1-az2': 30, 'c8g.xlarge_use1-az4': 5, 'c8g.xlarge_use1-az5': 1, 'c8g.xlarge_use1-az6': 50, 'c8gd.12xlarge_use1-az2': 5, 'c8gd.12xlarge_use1-az4': 5, 'c8gd.12xlarge_use1-az5': 1, 'c8gd.12xlarge_use1-az6': 5, 'c8gd.16xlarge_use1-az2': 10, 'c8gd.16xlarge_use1-az4': 10, 'c8gd.16xlarge_use1-az5': 5, 'c8gd.16xlarge_use1-az6': 50, 'c8gd.24xlarge_use1-az2': 1, 'c8gd.24xlarge_use1-az4': 5, 'c8gd.24xlarge_use1-az5': 1, 'c8gd.24xlarge_use1-az6': 5, 'c8gd.2xlarge_use1-az2': 50, 'c8gd.2xlarge_use1-az4': 50, 'c8gd.2xlarge_use1-az5': 10, 'c8gd.2xlarge_use1-az6': 50, 'c8gd.48xlarge_use1-az2': 1, 'c8gd.48xlarge_use1-az6': 15, 'c8gd.4xlarge_use1-az2': 10, 'c8gd.4xlarge_use1-az4': 30, 'c8gd.4xlarge_use1-az5': 1, 'c8gd.4xlarge_use1-az6': 50, 'c8gd.8xlarge_use1-az2': 1, 'c8gd.8xlarge_use1-az4': 1, 'c8gd.8xlarge_use1-az5': 1, 'c8gd.large_use1-az1': 1, 'c8gd.large_use1-az2': 40, 'c8gd.large_use1-az4': 35, 'c8gd.large_use1-az6': 50, 'c8gd.metal-24xl_use1-az2': 1, 'c8gd.metal-24xl_use1-az4': 1, 'c8gd.metal-24xl_use1-az5': 1, 'c8gd.metal-24xl_use1-az6': 5, 'c8gd.metal-48xl_use1-az2': 1, 'c8gd.metal-48xl_use1-az6': 1, 'c8gd.xlarge_use1-az1': 1, 'c8gd.xlarge_use1-az2': 20, 'c8gd.xlarge_use1-az4': 20, 'c8gd.xlarge_use1-az5': 15, 'c8gd.xlarge_use1-az6': 50, 'c8gn.2xlarge_use1-az2': 1, 'c8gn.4xlarge_use1-az2': 1, 'c8gn.4xlarge_use1-az5': 1, 'c8gn.8xlarge_use1-az2': 1, 'c8gn.8xlarge_use1-az6': 1, 'c8gn.large_use1-az6': 1, 'c8i-flex.12xlarge_use1-az6': 1, 'c8i-flex.16xlarge_use1-az6': 1, 'c8i-flex.2xlarge_use1-az2': 25, 'c8i-flex.2xlarge_use1-az4': 15, 'c8i-flex.2xlarge_use1-az6': 50, 'c8i-flex.4xlarge_use1-az2': 5, 'c8i-flex.4xlarge_use1-az4': 1, 'c8i-flex.4xlarge_use1-az6': 5, 'c8i-flex.8xlarge_use1-az6': 1, 'c8i-flex.large_use1-az4': 20, 'c8i-flex.xlarge_use1-az2': 40, 'c8i-flex.xlarge_use1-az4': 5, 'c8i-flex.xlarge_use1-az6': 50, 'c8i.12xlarge_use1-az2': 1, 'c8i.12xlarge_use1-az4': 1, 'c8i.12xlarge_use1-az6': 1, 'c8i.16xlarge_use1-az6': 1, 'c8i.24xlarge_use1-az6': 1, 'c8i.2xlarge_use1-az2': 10, 'c8i.2xlarge_use1-az4': 5, 'c8i.2xlarge_use1-az6': 20, 'c8i.32xlarge_use1-az2': 1, 'c8i.32xlarge_use1-az4': 1, 'c8i.32xlarge_use1-az6': 5, 'c8i.48xlarge_use1-az2': 1, 'c8i.48xlarge_use1-az6': 1, 'c8i.4xlarge_use1-az2': 5, 'c8i.4xlarge_use1-az4': 5, 'c8i.4xlarge_use1-az6': 5, 'c8i.8xlarge_use1-az2': 1, 'c8i.8xlarge_use1-az4': 1, 'c8i.8xlarge_use1-az6': 5, 'c8i.96xlarge_use1-az2': 1, 'c8i.96xlarge_use1-az6': 5, 'c8i.metal-48xl_use1-az2': 1, 'c8i.metal-96xl_use1-az2': 1, 'c8i.metal-96xl_use1-az6': 5, 'c8i.xlarge_use1-az2': 50, 'c8i.xlarge_use1-az4': 15, 'c8i.xlarge_use1-az6': 50, 'd3en.12xlarge_use1-az6': 50, 'd3en.xlarge_use1-az6': 50, 'f2.12xlarge_use1-az2': 1, 'f2.12xlarge_use1-az4': 1, 'f2.12xlarge_use1-az6': 1, 'f2.48xlarge_use1-az2': 5, 'f2.48xlarge_use1-az4': 5, 'f2.48xlarge_use1-az6': 1, 'g4ad.16xlarge_use1-az1': 5, 'g4ad.16xlarge_use1-az2': 5, 'g4ad.16xlarge_use1-az4': 5, 'g4ad.16xlarge_use1-az6': 10, 'g4ad.2xlarge_use1-az1': 5, 'g4ad.2xlarge_use1-az2': 10, 'g4ad.2xlarge_use1-az4': 10, 'g4ad.2xlarge_use1-az6': 10, 'g4ad.4xlarge_use1-az1': 10, 'g4ad.4xlarge_use1-az2': 15, 'g4ad.4xlarge_use1-az4': 15, 'g4ad.4xlarge_use1-az6': 5, 'g4ad.8xlarge_use1-az1': 1, 'g4ad.8xlarge_use1-az2': 5, 'g4ad.8xlarge_use1-az4': 5, 'g4ad.8xlarge_use1-az6': 5, 'g4ad.xlarge_use1-az1': 20, 'g4ad.xlarge_use1-az2': 20, 'g4ad.xlarge_use1-az4': 25, 'g4ad.xlarge_use1-az6': 20, 'g4dn.12xlarge_use1-az1': 5, 'g4dn.12xlarge_use1-az2': 15, 'g4dn.12xlarge_use1-az4': 15, 'g4dn.12xlarge_use1-az5': 15, 'g4dn.12xlarge_use1-az6': 50, 'g4dn.16xlarge_use1-az1': 1, 'g4dn.16xlarge_use1-az2': 10, 'g4dn.16xlarge_use1-az4': 1, 'g4dn.16xlarge_use1-az5': 5, 'g4dn.16xlarge_use1-az6': 15, 'g4dn.2xlarge_use1-az2': 50, 'g4dn.2xlarge_use1-az5': 50, 'g4dn.4xlarge_use1-az1': 5, 'g4dn.4xlarge_use1-az2': 40, 'g4dn.4xlarge_use1-az4': 25, 'g4dn.4xlarge_use1-az5': 40, 'g4dn.4xlarge_use1-az6': 40, 'g4dn.8xlarge_use1-az1': 1, 'g4dn.8xlarge_use1-az2': 1, 'g4dn.8xlarge_use1-az4': 10, 'g4dn.8xlarge_use1-az5': 1, 'g4dn.8xlarge_use1-az6': 5, 'g5.16xlarge_use1-az1': 1, 'g5.16xlarge_use1-az2': 1, 'g5.16xlarge_use1-az4': 5, 'g5.16xlarge_use1-az5': 5, 'g5.16xlarge_use1-az6': 10, 'g5.24xlarge_use1-az1': 1, 'g5.24xlarge_use1-az2': 1, 'g5.24xlarge_use1-az4': 1, 'g5.24xlarge_use1-az5': 1, 'g5.24xlarge_use1-az6': 5, 'g5.48xlarge_use1-az2': 1, 'g5.48xlarge_use1-az5': 5, 'g5.48xlarge_use1-az6': 25, 'g5.4xlarge_use1-az1': 1, 'g5.8xlarge_use1-az1': 1, 'g5.8xlarge_use1-az2': 5, 'g5.8xlarge_use1-az4': 10, 'g5.8xlarge_use1-az5': 20, 'g5.8xlarge_use1-az6': 10, 'g5g.16xlarge_use1-az1': 1, 'g5g.16xlarge_use1-az6': 5, 'g6.12xlarge_use1-az1': 5, 'g6.12xlarge_use1-az2': 1, 'g6.12xlarge_use1-az4': 30, 'g6.12xlarge_use1-az6': 50, 'g6.16xlarge_use1-az1': 1, 'g6.16xlarge_use1-az2': 1, 'g6.16xlarge_use1-az4': 1, 'g6.16xlarge_use1-az6': 5, 'g6.24xlarge_use1-az2': 1, 'g6.24xlarge_use1-az4': 1, 'g6.24xlarge_use1-az6': 1, 'g6.48xlarge_use1-az2': 5, 'g6.48xlarge_use1-az4': 30, 'g6.48xlarge_use1-az6': 50, 'g6.4xlarge_use1-az1': 5, 'g6.4xlarge_use1-az2': 10, 'g6.4xlarge_use1-az4': 35, 'g6.4xlarge_use1-az6': 50, 'g6.8xlarge_use1-az1': 5, 'g6.8xlarge_use1-az2': 5, 'g6.8xlarge_use1-az4': 10, 'g6.8xlarge_use1-az6': 15, 'g6e.16xlarge_use1-az1': 10, 'g6e.16xlarge_use1-az2': 15, 'g6e.16xlarge_use1-az4': 40, 'g6e.16xlarge_use1-az6': 20, 'g6e.8xlarge_use1-az1': 1, 'g6e.8xlarge_use1-az2': 1, 'g6e.8xlarge_use1-az4': 1, 'g6e.8xlarge_use1-az6': 1, 'g6f.2xlarge_use1-az1': 1, 'g6f.2xlarge_use1-az4': 1, 'g6f.2xlarge_use1-az6': 5, 'g6f.4xlarge_use1-az1': 1, 'g6f.4xlarge_use1-az4': 1, 'g6f.4xlarge_use1-az6': 1, 'g6f.large_use1-az1': 10, 'g6f.large_use1-az2': 15, 'g6f.large_use1-az4': 40, 'g6f.large_use1-az6': 20, 'g6f.xlarge_use1-az1': 1, 'g6f.xlarge_use1-az2': 1, 'g6f.xlarge_use1-az4': 5, 'g6f.xlarge_use1-az6': 10, 'gr6.4xlarge_use1-az2': 1, 'gr6.4xlarge_use1-az4': 1, 'gr6.4xlarge_use1-az6': 1, 'gr6.8xlarge_use1-az1': 1, 'gr6.8xlarge_use1-az2': 1, 'gr6.8xlarge_use1-az4': 1, 'gr6.8xlarge_use1-az6': 1, 'i2.xlarge_use1-az1': 1, 'i2.xlarge_use1-az3': 1, 'i3.16xlarge_use1-az1': 20, 'i3.16xlarge_use1-az2': 50, 'i3.16xlarge_use1-az3': 10, 'i3.16xlarge_use1-az4': 50, 'i3.16xlarge_use1-az5': 10, 'i3.16xlarge_use1-az6': 45, 'i3.8xlarge_use1-az3': 50, 'i3.large_use1-az1': 50, 'i3.large_use1-az2': 50, 'i3.large_use1-az3': 50, 'i3.large_use1-az4': 50, 'i3.large_use1-az5': 50, 'i3.large_use1-az6': 50, 'i3.xlarge_use1-az2': 50, 'i3.xlarge_use1-az3': 50, 'i3.xlarge_use1-az4': 50, 'i3.xlarge_use1-az5': 50, 'i3.xlarge_use1-az6': 50, 'i3en.24xlarge_use1-az6': 20, 'i3en.large_use1-az6': 50, 'i3en.xlarge_use1-az1': 50, 'i3en.xlarge_use1-az4': 50, 'i4g.16xlarge_use1-az4': 1, 'i4g.16xlarge_use1-az5': 50, 'i4g.16xlarge_use1-az6': 50, 'i4g.2xlarge_use1-az2': 10, 'i4g.2xlarge_use1-az4': 15, 'i4g.2xlarge_use1-az5': 40, 'i4g.2xlarge_use1-az6': 50, 'i4g.4xlarge_use1-az2': 25, 'i4g.large_use1-az2': 5, 'i4g.large_use1-az4': 5, 'i4g.large_use1-az5': 25, 'i4g.large_use1-az6': 50, 'i4g.xlarge_use1-az2': 10, 'i4g.xlarge_use1-az4': 1, 'i4g.xlarge_use1-az5': 50, 'i4g.xlarge_use1-az6': 50, 'i4i.12xlarge_use1-az2': 5, 'i4i.24xlarge_use1-az2': 1, 'i4i.2xlarge_use1-az2': 50, 'i4i.2xlarge_use1-az4': 50, 'i4i.2xlarge_use1-az5': 1, 'i4i.2xlarge_use1-az6': 50, 'i4i.8xlarge_use1-az1': 1, 'i4i.large_use1-az1': 50, 'i4i.large_use1-az2': 50, 'i4i.large_use1-az4': 50, 'i4i.large_use1-az5': 50, 'i4i.large_use1-az6': 50, 'i4i.xlarge_use1-az1': 50, 'i4i.xlarge_use1-az2': 50, 'i4i.xlarge_use1-az4': 50, 'i4i.xlarge_use1-az5': 50, 'i4i.xlarge_use1-az6': 50, 'i7i.12xlarge_use1-az1': 1, 'i7i.12xlarge_use1-az2': 1, 'i7i.12xlarge_use1-az4': 1, 'i7i.12xlarge_use1-az5': 1, 'i7i.12xlarge_use1-az6': 1, 'i7i.16xlarge_use1-az2': 1, 'i7i.16xlarge_use1-az4': 5, 'i7i.16xlarge_use1-az5': 1, 'i7i.16xlarge_use1-az6': 1, 'i7i.24xlarge_use1-az2': 1, 'i7i.24xlarge_use1-az4': 1, 'i7i.24xlarge_use1-az5': 1, 'i7i.24xlarge_use1-az6': 1, 'i7i.2xlarge_use1-az1': 1, 'i7i.2xlarge_use1-az2': 50, 'i7i.2xlarge_use1-az4': 45, 'i7i.2xlarge_use1-az5': 20, 'i7i.2xlarge_use1-az6': 10, 'i7i.48xlarge_use1-az2': 1, 'i7i.4xlarge_use1-az1': 1, 'i7i.4xlarge_use1-az2': 15, 'i7i.4xlarge_use1-az4': 20, 'i7i.4xlarge_use1-az5': 5, 'i7i.4xlarge_use1-az6': 20, 'i7i.8xlarge_use1-az1': 1, 'i7i.8xlarge_use1-az2': 1, 'i7i.8xlarge_use1-az4': 5, 'i7i.8xlarge_use1-az5': 1, 'i7i.8xlarge_use1-az6': 1, 'i7i.metal-24xl_use1-az2': 1, 'i7i.metal-24xl_use1-az4': 50, 'i7i.metal-24xl_use1-az6': 35, 'i7i.xlarge_use1-az1': 1, 'i7i.xlarge_use1-az6': 20, 'i7ie.18xlarge_use1-az6': 20, 'i7ie.24xlarge_use1-az6': 50, 'i7ie.2xlarge_use1-az2': 1, 'i7ie.3xlarge_use1-az2': 1, 'i7ie.48xlarge_use1-az6': 50, 'i7ie.large_use1-az1': 45, 'i7ie.large_use1-az4': 50, 'i7ie.large_use1-az6': 50, 'i7ie.metal-24xl_use1-az4': 1, 'i7ie.metal-24xl_use1-az6': 15, 'i7ie.metal-48xl_use1-az6': 10, 'i7ie.xlarge_use1-az1': 10, 'i7ie.xlarge_use1-az4': 45, 'i7ie.xlarge_use1-az6': 50, 'i8g.12xlarge_use1-az6': 1, 'i8g.24xlarge_use1-az6': 10, 'i8g.2xlarge_use1-az2': 1, 'i8g.4xlarge_use1-az2': 1, 'i8g.8xlarge_use1-az6': 5, 'i8g.large_use1-az2': 10, 'i8g.large_use1-az6': 5, 'i8g.xlarge_use1-az2': 1, 'i8g.xlarge_use1-az4': 1, 'i8g.xlarge_use1-az6': 1, 'i8ge.12xlarge_use1-az4': 1, 'i8ge.12xlarge_use1-az6': 5, 'i8ge.18xlarge_use1-az2': 1, 'i8ge.18xlarge_use1-az4': 1, 'i8ge.18xlarge_use1-az6': 5, 'i8ge.24xlarge_use1-az4': 1, 'i8ge.24xlarge_use1-az6': 5, 'i8ge.2xlarge_use1-az4': 10, 'i8ge.3xlarge_use1-az2': 1, 'i8ge.3xlarge_use1-az4': 5, 'i8ge.48xlarge_use1-az4': 5, 'i8ge.6xlarge_use1-az2': 1, 'i8ge.6xlarge_use1-az4': 1, 'i8ge.large_use1-az2': 5, 'i8ge.large_use1-az4': 50, 'i8ge.metal-24xl_use1-az4': 1, 'i8ge.metal-48xl_use1-az6': 1, 'i8ge.xlarge_use1-az4': 20, 'im4gn.16xlarge_use1-az4': 45, 'im4gn.2xlarge_use1-az1': 10, 'im4gn.2xlarge_use1-az4': 20, 'im4gn.2xlarge_use1-az6': 15, 'im4gn.4xlarge_use1-az1': 5, 'im4gn.8xlarge_use1-az1': 1, 'im4gn.8xlarge_use1-az4': 5, 'im4gn.large_use1-az2': 10, 'im4gn.large_use1-az6': 10, 'im4gn.xlarge_use1-az4': 30, 'im4gn.xlarge_use1-az6': 40, 'inf1.24xlarge_use1-az1': 1, 'inf1.24xlarge_use1-az2': 1, 'inf1.24xlarge_use1-az4': 10, 'inf1.24xlarge_use1-az5': 5, 'inf1.24xlarge_use1-az6': 20, 'inf1.2xlarge_use1-az1': 15, 'inf1.2xlarge_use1-az2': 15, 'inf1.2xlarge_use1-az4': 30, 'inf1.2xlarge_use1-az5': 40, 'inf1.2xlarge_use1-az6': 40, 'inf1.6xlarge_use1-az1': 1, 'inf1.6xlarge_use1-az2': 1, 'inf1.6xlarge_use1-az4': 5, 'inf1.6xlarge_use1-az5': 5, 'inf1.6xlarge_use1-az6': 10, 'inf1.xlarge_use1-az1': 50, 'inf1.xlarge_use1-az2': 50, 'inf1.xlarge_use1-az4': 40, 'inf1.xlarge_use1-az5': 50, 'inf1.xlarge_use1-az6': 50, 'inf2.24xlarge_use1-az4': 1, 'inf2.24xlarge_use1-az6': 10, 'inf2.48xlarge_use1-az6': 15, 'inf2.8xlarge_use1-az2': 5, 'inf2.8xlarge_use1-az4': 5, 'inf2.8xlarge_use1-az5': 1, 'inf2.8xlarge_use1-az6': 1, 'inf2.xlarge_use1-az2': 5, 'inf2.xlarge_use1-az6': 50, 'is4gen.medium_use1-az1': 50, 'is4gen.medium_use1-az4': 40, 'is4gen.medium_use1-az6': 30, 'm2.2xlarge_use1-az1': 5, 'm2.2xlarge_use1-az2': 10, 'm2.2xlarge_use1-az4': 15, 'm2.2xlarge_use1-az6': 5, 'm2.4xlarge_use1-az1': 1, 'm2.4xlarge_use1-az2': 5, 'm2.4xlarge_use1-az4': 5, 'm2.4xlarge_use1-az6': 5, 'm2.xlarge_use1-az1': 5, 'm2.xlarge_use1-az2': 20, 'm2.xlarge_use1-az4': 20, 'm2.xlarge_use1-az6': 15, 'm3.2xlarge_use1-az3': 1, 'm3.xlarge_use1-az3': 1, 'm4.10xlarge_use1-az1': 5, 'm4.10xlarge_use1-az2': 10, 'm4.10xlarge_use1-az3': 1, 'm4.10xlarge_use1-az4': 50, 'm4.10xlarge_use1-az5': 1, 'm4.10xlarge_use1-az6': 50, 'm4.2xlarge_use1-az1': 5, 'm4.2xlarge_use1-az2': 20, 'm4.2xlarge_use1-az3': 50, 'm4.2xlarge_use1-az4': 20, 'm4.2xlarge_use1-az5': 1, 'm4.2xlarge_use1-az6': 25, 'm4.4xlarge_use1-az1': 50, 'm4.4xlarge_use1-az2': 50, 'm4.4xlarge_use1-az3': 50, 'm4.4xlarge_use1-az4': 25, 'm4.4xlarge_use1-az5': 10, 'm4.4xlarge_use1-az6': 15, 'm4.large_use1-az1': 30, 'm4.large_use1-az2': 50, 'm4.large_use1-az3': 25, 'm4.large_use1-az4': 50, 'm4.large_use1-az5': 10, 'm4.large_use1-az6': 50, 'm4.xlarge_use1-az1': 15, 'm4.xlarge_use1-az2': 50, 'm4.xlarge_use1-az3': 50, 'm4.xlarge_use1-az4': 50, 'm4.xlarge_use1-az5': 30, 'm4.xlarge_use1-az6': 50, 'm5.12xlarge_use1-az1': 5, 'm5.12xlarge_use1-az2': 25, 'm5.12xlarge_use1-az4': 50, 'm5.12xlarge_use1-az5': 1, 'm5.12xlarge_use1-az6': 40, 'm5.16xlarge_use1-az1': 10, 'm5.16xlarge_use1-az2': 50, 'm5.16xlarge_use1-az4': 50, 'm5.16xlarge_use1-az5': 1, 'm5.16xlarge_use1-az6': 50, 'm5.24xlarge_use1-az1': 5, 'm5.24xlarge_use1-az2': 5, 'm5.24xlarge_use1-az4': 5, 'm5.24xlarge_use1-az5': 1, 'm5.24xlarge_use1-az6': 35, 'm5.2xlarge_use1-az1': 50, 'm5.2xlarge_use1-az2': 50, 'm5.2xlarge_use1-az4': 50, 'm5.2xlarge_use1-az5': 50, 'm5.2xlarge_use1-az6': 50, 'm5.4xlarge_use1-az1': 50, 'm5.4xlarge_use1-az2': 50, 'm5.4xlarge_use1-az4': 50, 'm5.4xlarge_use1-az5': 10, 'm5.4xlarge_use1-az6': 50, 'm5.8xlarge_use1-az1': 50, 'm5.8xlarge_use1-az2': 40, 'm5.8xlarge_use1-az4': 50, 'm5.8xlarge_use1-az5': 1, 'm5.8xlarge_use1-az6': 50, 'm5.large_use1-az1': 50, 'm5.large_use1-az2': 50, 'm5.large_use1-az4': 50, 'm5.large_use1-az5': 50, 'm5.large_use1-az6': 50, 'm5.xlarge_use1-az1': 50, 'm5.xlarge_use1-az2': 50, 'm5.xlarge_use1-az4': 50, 'm5.xlarge_use1-az5': 50, 'm5.xlarge_use1-az6': 50, 'm5a.12xlarge_use1-az2': 1, 'm5a.12xlarge_use1-az4': 1, 'm5a.12xlarge_use1-az6': 1, 'm5a.16xlarge_use1-az2': 1, 'm5a.16xlarge_use1-az4': 1, 'm5a.16xlarge_use1-az6': 1, 'm5a.24xlarge_use1-az1': 1, 'm5a.24xlarge_use1-az2': 1, 'm5a.24xlarge_use1-az4': 1, 'm5a.24xlarge_use1-az5': 5, 'm5a.24xlarge_use1-az6': 5, 'm5a.2xlarge_use1-az1': 10, 'm5a.2xlarge_use1-az2': 25, 'm5a.2xlarge_use1-az4': 25, 'm5a.2xlarge_use1-az5': 5, 'm5a.2xlarge_use1-az6': 45, 'm5a.4xlarge_use1-az1': 5, 'm5a.4xlarge_use1-az2': 10, 'm5a.4xlarge_use1-az4': 5, 'm5a.4xlarge_use1-az5': 10, 'm5a.4xlarge_use1-az6': 15, 'm5a.8xlarge_use1-az1': 1, 'm5a.8xlarge_use1-az2': 20, 'm5a.8xlarge_use1-az4': 20, 'm5a.8xlarge_use1-az5': 1, 'm5a.8xlarge_use1-az6': 5, 'm5a.large_use1-az1': 50, 'm5a.large_use1-az2': 50, 'm5a.large_use1-az4': 50, 'm5a.large_use1-az5': 45, 'm5a.large_use1-az6': 50, 'm5a.xlarge_use1-az1': 10, 'm5a.xlarge_use1-az2': 30, 'm5a.xlarge_use1-az4': 10, 'm5a.xlarge_use1-az5': 20, 'm5a.xlarge_use1-az6': 50, 'm5ad.16xlarge_use1-az1': 1, 'm5ad.16xlarge_use1-az2': 1, 'm5ad.16xlarge_use1-az4': 1, 'm5ad.16xlarge_use1-az6': 1, 'm5ad.24xlarge_use1-az1': 5, 'm5ad.24xlarge_use1-az2': 1, 'm5ad.24xlarge_use1-az4': 1, 'm5ad.24xlarge_use1-az6': 5, 'm5ad.4xlarge_use1-az2': 1, 'm5ad.4xlarge_use1-az4': 1, 'm5ad.4xlarge_use1-az6': 1, 'm5ad.8xlarge_use1-az2': 1, 'm5ad.large_use1-az1': 10, 'm5ad.large_use1-az2': 5, 'm5ad.large_use1-az4': 10, 'm5ad.large_use1-az6': 10, 'm5ad.xlarge_use1-az6': 5, 'm5d.12xlarge_use1-az1': 1, 'm5d.12xlarge_use1-az2': 25, 'm5d.12xlarge_use1-az4': 30, 'm5d.12xlarge_use1-az6': 15, 'm5d.16xlarge_use1-az1': 5, 'm5d.16xlarge_use1-az2': 35, 'm5d.16xlarge_use1-az4': 20, 'm5d.16xlarge_use1-az5': 1, 'm5d.16xlarge_use1-az6': 50, 'm5d.24xlarge_use1-az1': 20, 'm5d.24xlarge_use1-az2': 15, 'm5d.24xlarge_use1-az4': 5, 'm5d.24xlarge_use1-az5': 1, 'm5d.24xlarge_use1-az6': 50, 'm5d.2xlarge_use1-az2': 25, 'm5d.2xlarge_use1-az4': 25, 'm5d.4xlarge_use1-az1': 5, 'm5d.4xlarge_use1-az2': 15, 'm5d.8xlarge_use1-az1': 1, 'm5d.8xlarge_use1-az2': 25, 'm5d.8xlarge_use1-az4': 10, 'm5d.8xlarge_use1-az5': 1, 'm5d.8xlarge_use1-az6': 10, 'm5d.large_use1-az2': 50, 'm5d.large_use1-az4': 50, 'm5d.large_use1-az6': 50, 'm5d.xlarge_use1-az1': 50, 'm5d.xlarge_use1-az2': 50, 'm5d.xlarge_use1-az4': 50, 'm5d.xlarge_use1-az6': 50, 'm5dn.12xlarge_use1-az1': 1, 'm5dn.12xlarge_use1-az4': 1, 'm5dn.12xlarge_use1-az6': 1, 'm5dn.16xlarge_use1-az1': 1, 'm5dn.16xlarge_use1-az2': 5, 'm5dn.16xlarge_use1-az4': 1, 'm5dn.16xlarge_use1-az6': 1, 'm5dn.24xlarge_use1-az1': 1, 'm5dn.24xlarge_use1-az2': 1, 'm5dn.24xlarge_use1-az4': 1, 'm5dn.24xlarge_use1-az6': 5, 'm5dn.4xlarge_use1-az1': 5, 'm5dn.large_use1-az2': 30, 'm5dn.large_use1-az4': 40, 'm5dn.large_use1-az5': 15, 'm5dn.large_use1-az6': 50, 'm5dn.xlarge_use1-az2': 25, 'm5dn.xlarge_use1-az4': 20, 'm5dn.xlarge_use1-az6': 30, 'm5n.12xlarge_use1-az1': 1, 'm5n.12xlarge_use1-az2': 1, 'm5n.12xlarge_use1-az4': 1, 'm5n.12xlarge_use1-az5': 1, 'm5n.12xlarge_use1-az6': 1, 'm5n.16xlarge_use1-az2': 1, 'm5n.16xlarge_use1-az4': 1, 'm5n.16xlarge_use1-az6': 1, 'm5n.24xlarge_use1-az2': 1, 'm5n.24xlarge_use1-az4': 1, 'm5n.24xlarge_use1-az6': 1, 'm5n.2xlarge_use1-az1': 15, 'm5n.2xlarge_use1-az2': 25, 'm5n.2xlarge_use1-az4': 30, 'm5n.2xlarge_use1-az5': 5, 'm5n.2xlarge_use1-az6': 25, 'm5n.4xlarge_use1-az1': 25, 'm5n.4xlarge_use1-az2': 35, 'm5n.4xlarge_use1-az4': 50, 'm5n.4xlarge_use1-az5': 5, 'm5n.8xlarge_use1-az1': 1, 'm5n.8xlarge_use1-az2': 1, 'm5n.8xlarge_use1-az4': 1, 'm5n.8xlarge_use1-az6': 5, 'm5n.large_use1-az1': 5, 'm5n.large_use1-az2': 15, 'm5n.large_use1-az4': 5, 'm5n.large_use1-az5': 5, 'm5n.large_use1-az6': 15, 'm5n.xlarge_use1-az1': 20, 'm5n.xlarge_use1-az2': 50, 'm5n.xlarge_use1-az4': 50, 'm5n.xlarge_use1-az5': 1, 'm5n.xlarge_use1-az6': 50, 'm5zn.12xlarge_use1-az2': 1, 'm5zn.2xlarge_use1-az1': 1, 'm5zn.2xlarge_use1-az6': 5, 'm5zn.3xlarge_use1-az1': 1, 'm5zn.large_use1-az1': 5, 'm5zn.large_use1-az2': 5, 'm5zn.large_use1-az4': 30, 'm5zn.large_use1-az5': 15, 'm5zn.large_use1-az6': 20, 'm5zn.xlarge_use1-az1': 1, 'm5zn.xlarge_use1-az5': 5, 'm5zn.xlarge_use1-az6': 5, 'm6a.12xlarge_use1-az1': 5, 'm6a.12xlarge_use1-az2': 5, 'm6a.12xlarge_use1-az4': 15, 'm6a.12xlarge_use1-az6': 10, 'm6a.16xlarge_use1-az1': 5, 'm6a.16xlarge_use1-az2': 5, 'm6a.16xlarge_use1-az4': 5, 'm6a.16xlarge_use1-az6': 5, 'm6a.24xlarge_use1-az1': 1, 'm6a.24xlarge_use1-az2': 1, 'm6a.24xlarge_use1-az4': 1, 'm6a.24xlarge_use1-az6': 1, 'm6a.2xlarge_use1-az1': 50, 'm6a.2xlarge_use1-az2': 35, 'm6a.2xlarge_use1-az4': 45, 'm6a.2xlarge_use1-az5': 15, 'm6a.2xlarge_use1-az6': 50, 'm6a.32xlarge_use1-az2': 1, 'm6a.32xlarge_use1-az4': 1, 'm6a.32xlarge_use1-az5': 1, 'm6a.32xlarge_use1-az6': 1, 'm6a.48xlarge_use1-az2': 1, 'm6a.48xlarge_use1-az4': 1, 'm6a.48xlarge_use1-az6': 1, 'm6a.4xlarge_use1-az1': 45, 'm6a.4xlarge_use1-az2': 40, 'm6a.4xlarge_use1-az4': 25, 'm6a.4xlarge_use1-az5': 5, 'm6a.4xlarge_use1-az6': 50, 'm6a.8xlarge_use1-az1': 25, 'm6a.8xlarge_use1-az2': 15, 'm6a.8xlarge_use1-az4': 50, 'm6a.8xlarge_use1-az5': 10, 'm6a.8xlarge_use1-az6': 50, 'm6a.large_use1-az1': 50, 'm6a.large_use1-az2': 50, 'm6a.large_use1-az4': 50, 'm6a.large_use1-az5': 30, 'm6a.large_use1-az6': 50, 'm6a.xlarge_use1-az1': 50, 'm6a.xlarge_use1-az2': 50, 'm6a.xlarge_use1-az4': 50, 'm6a.xlarge_use1-az5': 35, 'm6a.xlarge_use1-az6': 50, 'm6g.12xlarge_use1-az1': 1, 'm6g.12xlarge_use1-az2': 5, 'm6g.12xlarge_use1-az4': 50, 'm6g.12xlarge_use1-az6': 50, 'm6g.16xlarge_use1-az1': 1, 'm6g.16xlarge_use1-az2': 5, 'm6g.16xlarge_use1-az4': 25, 'm6g.16xlarge_use1-az6': 50, 'm6g.2xlarge_use1-az1': 15, 'm6g.2xlarge_use1-az2': 50, 'm6g.2xlarge_use1-az4': 50, 'm6g.2xlarge_use1-az5': 5, 'm6g.2xlarge_use1-az6': 50, 'm6g.4xlarge_use1-az1': 10, 'm6g.4xlarge_use1-az2': 50, 'm6g.4xlarge_use1-az4': 50, 'm6g.4xlarge_use1-az5': 10, 'm6g.4xlarge_use1-az6': 50, 'm6g.8xlarge_use1-az1': 5, 'm6g.8xlarge_use1-az2': 50, 'm6g.8xlarge_use1-az4': 50, 'm6g.8xlarge_use1-az6': 50, 'm6g.large_use1-az1': 1, 'm6g.large_use1-az2': 50, 'm6g.large_use1-az4': 50, 'm6g.large_use1-az5': 5, 'm6g.large_use1-az6': 50, 'm6g.medium_use1-az1': 5, 'm6g.medium_use1-az2': 5, 'm6g.medium_use1-az4': 10, 'm6g.medium_use1-az5': 1, 'm6g.medium_use1-az6': 15, 'm6g.xlarge_use1-az1': 50, 'm6g.xlarge_use1-az2': 50, 'm6g.xlarge_use1-az4': 50, 'm6g.xlarge_use1-az5': 50, 'm6g.xlarge_use1-az6': 50, 'm6gd.12xlarge_use1-az1': 10, 'm6gd.12xlarge_use1-az2': 40, 'm6gd.12xlarge_use1-az4': 20, 'm6gd.12xlarge_use1-az5': 5, 'm6gd.12xlarge_use1-az6': 50, 'm6gd.16xlarge_use1-az1': 5, 'm6gd.16xlarge_use1-az2': 10, 'm6gd.16xlarge_use1-az4': 10, 'm6gd.16xlarge_use1-az5': 10, 'm6gd.16xlarge_use1-az6': 35, 'm6gd.2xlarge_use1-az2': 50, 'm6gd.2xlarge_use1-az4': 45, 'm6gd.2xlarge_use1-az5': 1, 'm6gd.2xlarge_use1-az6': 5, 'm6gd.4xlarge_use1-az1': 1, 'm6gd.4xlarge_use1-az2': 5, 'm6gd.4xlarge_use1-az5': 1, 'm6gd.4xlarge_use1-az6': 15, 'm6gd.8xlarge_use1-az1': 5, 'm6gd.8xlarge_use1-az2': 10, 'm6gd.8xlarge_use1-az4': 15, 'm6gd.8xlarge_use1-az5': 1, 'm6gd.8xlarge_use1-az6': 20, 'm6gd.large_use1-az1': 1, 'm6gd.large_use1-az2': 5, 'm6gd.large_use1-az4': 5, 'm6gd.large_use1-az5': 1, 'm6gd.large_use1-az6': 15, 'm6gd.medium_use1-az1': 1, 'm6gd.medium_use1-az2': 1, 'm6gd.medium_use1-az4': 1, 'm6gd.medium_use1-az5': 5, 'm6gd.medium_use1-az6': 1, 'm6gd.xlarge_use1-az2': 10, 'm6gd.xlarge_use1-az4': 35, 'm6gd.xlarge_use1-az5': 1, 'm6gd.xlarge_use1-az6': 15, 'm6i.12xlarge_use1-az1': 1, 'm6i.12xlarge_use1-az2': 10, 'm6i.12xlarge_use1-az4': 50, 'm6i.12xlarge_use1-az5': 1, 'm6i.12xlarge_use1-az6': 30, 'm6i.16xlarge_use1-az1': 1, 'm6i.16xlarge_use1-az2': 10, 'm6i.16xlarge_use1-az4': 5, 'm6i.16xlarge_use1-az5': 1, 'm6i.16xlarge_use1-az6': 10, 'm6i.24xlarge_use1-az2': 10, 'm6i.24xlarge_use1-az4': 5, 'm6i.24xlarge_use1-az5': 1, 'm6i.24xlarge_use1-az6': 50, 'm6i.2xlarge_use1-az1': 25, 'm6i.2xlarge_use1-az2': 50, 'm6i.2xlarge_use1-az4': 50, 'm6i.2xlarge_use1-az5': 25, 'm6i.2xlarge_use1-az6': 50, 'm6i.32xlarge_use1-az2': 1, 'm6i.32xlarge_use1-az4': 5, 'm6i.32xlarge_use1-az5': 1, 'm6i.32xlarge_use1-az6': 15, 'm6i.4xlarge_use1-az1': 15, 'm6i.4xlarge_use1-az2': 50, 'm6i.4xlarge_use1-az4': 50, 'm6i.4xlarge_use1-az5': 50, 'm6i.4xlarge_use1-az6': 50, 'm6i.8xlarge_use1-az1': 1, 'm6i.8xlarge_use1-az2': 50, 'm6i.8xlarge_use1-az4': 50, 'm6i.8xlarge_use1-az5': 20, 'm6i.8xlarge_use1-az6': 50, 'm6i.large_use1-az1': 25, 'm6i.large_use1-az2': 50, 'm6i.large_use1-az4': 50, 'm6i.large_use1-az5': 50, 'm6i.large_use1-az6': 50, 'm6i.xlarge_use1-az1': 45, 'm6i.xlarge_use1-az2': 50, 'm6i.xlarge_use1-az4': 50, 'm6i.xlarge_use1-az5': 25, 'm6i.xlarge_use1-az6': 50, 'm6id.12xlarge_use1-az1': 1, 'm6id.12xlarge_use1-az2': 1, 'm6id.12xlarge_use1-az4': 1, 'm6id.12xlarge_use1-az6': 1, 'm6id.16xlarge_use1-az1': 1, 'm6id.16xlarge_use1-az2': 1, 'm6id.16xlarge_use1-az4': 1, 'm6id.16xlarge_use1-az6': 1, 'm6id.24xlarge_use1-az1': 10, 'm6id.24xlarge_use1-az2': 15, 'm6id.24xlarge_use1-az4': 35, 'm6id.24xlarge_use1-az5': 5, 'm6id.24xlarge_use1-az6': 15, 'm6id.2xlarge_use1-az1': 5, 'm6id.2xlarge_use1-az2': 5, 'm6id.2xlarge_use1-az4': 5, 'm6id.2xlarge_use1-az5': 1, 'm6id.2xlarge_use1-az6': 5, 'm6id.32xlarge_use1-az1': 10, 'm6id.32xlarge_use1-az2': 15, 'm6id.32xlarge_use1-az4': 5, 'm6id.32xlarge_use1-az5': 1, 'm6id.32xlarge_use1-az6': 50, 'm6id.4xlarge_use1-az1': 15, 'm6id.4xlarge_use1-az2': 10, 'm6id.4xlarge_use1-az4': 5, 'm6id.4xlarge_use1-az5': 1, 'm6id.4xlarge_use1-az6': 10, 'm6id.8xlarge_use1-az1': 1, 'm6id.8xlarge_use1-az4': 5, 'm6id.8xlarge_use1-az5': 1, 'm6id.8xlarge_use1-az6': 1, 'm6id.large_use1-az1': 30, 'm6id.large_use1-az2': 35, 'm6id.large_use1-az4': 15, 'm6id.large_use1-az5': 5, 'm6id.large_use1-az6': 50, 'm6id.xlarge_use1-az1': 20, 'm6id.xlarge_use1-az2': 45, 'm6id.xlarge_use1-az4': 15, 'm6id.xlarge_use1-az5': 5, 'm6id.xlarge_use1-az6': 25, 'm6idn.12xlarge_use1-az2': 1, 'm6idn.16xlarge_use1-az4': 1, 'm6idn.24xlarge_use1-az1': 1, 'm6idn.24xlarge_use1-az2': 1, 'm6idn.24xlarge_use1-az4': 1, 'm6idn.2xlarge_use1-az5': 1, 'm6idn.32xlarge_use1-az2': 1, 'm6idn.large_use1-az1': 25, 'm6idn.large_use1-az2': 35, 'm6idn.large_use1-az4': 15, 'm6idn.large_use1-az5': 10, 'm6idn.large_use1-az6': 10, 'm6idn.xlarge_use1-az2': 50, 'm6idn.xlarge_use1-az4': 20, 'm6idn.xlarge_use1-az5': 5, 'm6idn.xlarge_use1-az6': 10, 'm6in.12xlarge_use1-az4': 1, 'm6in.16xlarge_use1-az2': 1, 'm6in.16xlarge_use1-az4': 1, 'm6in.24xlarge_use1-az1': 1, 'm6in.24xlarge_use1-az2': 1, 'm6in.2xlarge_use1-az1': 10, 'm6in.2xlarge_use1-az2': 20, 'm6in.2xlarge_use1-az4': 10, 'm6in.2xlarge_use1-az5': 1, 'm6in.2xlarge_use1-az6': 5, 'm6in.4xlarge_use1-az1': 1, 'm6in.4xlarge_use1-az2': 1, 'm6in.4xlarge_use1-az5': 1, 'm6in.8xlarge_use1-az1': 1, 'm6in.8xlarge_use1-az2': 1, 'm6in.8xlarge_use1-az4': 1, 'm6in.large_use1-az1': 5, 'm6in.large_use1-az2': 10, 'm6in.large_use1-az4': 5, 'm6in.large_use1-az5': 1, 'm6in.large_use1-az6': 1, 'm6in.xlarge_use1-az1': 5, 'm6in.xlarge_use1-az2': 10, 'm6in.xlarge_use1-az4': 1, 'm7a.12xlarge_use1-az2': 1, 'm7a.12xlarge_use1-az6': 20, 'm7a.16xlarge_use1-az2': 1, 'm7a.16xlarge_use1-az6': 40, 'm7a.24xlarge_use1-az2': 1, 'm7a.24xlarge_use1-az6': 50, 'm7a.2xlarge_use1-az1': 5, 'm7a.2xlarge_use1-az2': 15, 'm7a.2xlarge_use1-az4': 10, 'm7a.2xlarge_use1-az6': 50, 'm7a.32xlarge_use1-az6': 20, 'm7a.48xlarge_use1-az6': 40, 'm7a.4xlarge_use1-az1': 10, 'm7a.4xlarge_use1-az2': 5, 'm7a.4xlarge_use1-az4': 10, 'm7a.4xlarge_use1-az6': 25, 'm7a.8xlarge_use1-az1': 1, 'm7a.8xlarge_use1-az2': 5, 'm7a.8xlarge_use1-az4': 1, 'm7a.8xlarge_use1-az6': 50, 'm7a.large_use1-az1': 15, 'm7a.large_use1-az2': 50, 'm7a.large_use1-az4': 50, 'm7a.large_use1-az5': 5, 'm7a.large_use1-az6': 50, 'm7a.medium_use1-az1': 10, 'm7a.medium_use1-az2': 50, 'm7a.medium_use1-az4': 50, 'm7a.medium_use1-az6': 50, 'm7a.xlarge_use1-az1': 5, 'm7a.xlarge_use1-az2': 40, 'm7a.xlarge_use1-az4': 50, 'm7a.xlarge_use1-az6': 50, 'm7g.12xlarge_use1-az1': 1, 'm7g.12xlarge_use1-az2': 10, 'm7g.12xlarge_use1-az4': 45, 'm7g.12xlarge_use1-az5': 1, 'm7g.12xlarge_use1-az6': 50, 'm7g.16xlarge_use1-az1': 1, 'm7g.16xlarge_use1-az2': 30, 'm7g.16xlarge_use1-az4': 35, 'm7g.16xlarge_use1-az5': 1, 'm7g.16xlarge_use1-az6': 50, 'm7g.2xlarge_use1-az1': 35, 'm7g.2xlarge_use1-az2': 50, 'm7g.2xlarge_use1-az4': 50, 'm7g.2xlarge_use1-az5': 15, 'm7g.2xlarge_use1-az6': 50, 'm7g.4xlarge_use1-az1': 10, 'm7g.4xlarge_use1-az2': 30, 'm7g.4xlarge_use1-az4': 50, 'm7g.4xlarge_use1-az5': 10, 'm7g.4xlarge_use1-az6': 50, 'm7g.8xlarge_use1-az1': 1, 'm7g.8xlarge_use1-az2': 15, 'm7g.8xlarge_use1-az4': 40, 'm7g.8xlarge_use1-az5': 1, 'm7g.8xlarge_use1-az6': 50, 'm7g.large_use1-az1': 10, 'm7g.large_use1-az2': 50, 'm7g.large_use1-az4': 50, 'm7g.large_use1-az5': 30, 'm7g.large_use1-az6': 50, 'm7g.medium_use1-az1': 30, 'm7g.medium_use1-az2': 40, 'm7g.medium_use1-az4': 50, 'm7g.medium_use1-az5': 35, 'm7g.medium_use1-az6': 50, 'm7g.metal_use1-az1': 1, 'm7g.metal_use1-az2': 25, 'm7g.metal_use1-az4': 10, 'm7g.metal_use1-az5': 1, 'm7g.metal_use1-az6': 50, 'm7g.xlarge_use1-az1': 50, 'm7g.xlarge_use1-az2': 50, 'm7g.xlarge_use1-az4': 50, 'm7g.xlarge_use1-az5': 50, 'm7g.xlarge_use1-az6': 50, 'm7gd.12xlarge_use1-az1': 5, 'm7gd.12xlarge_use1-az2': 10, 'm7gd.12xlarge_use1-az4': 1, 'm7gd.12xlarge_use1-az6': 35, 'm7gd.16xlarge_use1-az1': 1, 'm7gd.16xlarge_use1-az2': 30, 'm7gd.16xlarge_use1-az4': 1, 'm7gd.16xlarge_use1-az6': 40, 'm7gd.2xlarge_use1-az1': 15, 'm7gd.2xlarge_use1-az2': 50, 'm7gd.2xlarge_use1-az4': 15, 'm7gd.2xlarge_use1-az6': 25, 'm7gd.4xlarge_use1-az1': 5, 'm7gd.4xlarge_use1-az2': 10, 'm7gd.4xlarge_use1-az4': 1, 'm7gd.4xlarge_use1-az6': 40, 'm7gd.8xlarge_use1-az1': 10, 'm7gd.8xlarge_use1-az2': 50, 'm7gd.8xlarge_use1-az4': 30, 'm7gd.8xlarge_use1-az5': 45, 'm7gd.8xlarge_use1-az6': 50, 'm7gd.large_use1-az1': 5, 'm7gd.large_use1-az2': 50, 'm7gd.large_use1-az4': 5, 'm7gd.large_use1-az6': 50, 'm7gd.medium_use1-az1': 15, 'm7gd.medium_use1-az2': 20, 'm7gd.medium_use1-az4': 15, 'm7gd.medium_use1-az5': 20, 'm7gd.medium_use1-az6': 25, 'm7gd.metal_use1-az1': 5, 'm7gd.metal_use1-az2': 15, 'm7gd.metal_use1-az4': 1, 'm7gd.metal_use1-az6': 15, 'm7gd.xlarge_use1-az1': 5, 'm7gd.xlarge_use1-az2': 10, 'm7gd.xlarge_use1-az4': 10, 'm7gd.xlarge_use1-az5': 1, 'm7gd.xlarge_use1-az6': 25, 'm7i-flex.2xlarge_use1-az1': 50, 'm7i-flex.2xlarge_use1-az2': 50, 'm7i-flex.2xlarge_use1-az4': 15, 'm7i-flex.2xlarge_use1-az5': 10, 'm7i-flex.2xlarge_use1-az6': 50, 'm7i-flex.4xlarge_use1-az2': 5, 'm7i-flex.4xlarge_use1-az4': 5, 'm7i-flex.4xlarge_use1-az6': 25, 'm7i-flex.8xlarge_use1-az1': 1, 'm7i-flex.8xlarge_use1-az2': 5, 'm7i-flex.8xlarge_use1-az4': 5, 'm7i-flex.8xlarge_use1-az5': 1, 'm7i-flex.8xlarge_use1-az6': 10, 'm7i-flex.large_use1-az1': 20, 'm7i-flex.large_use1-az2': 50, 'm7i-flex.large_use1-az4': 25, 'm7i-flex.large_use1-az5': 25, 'm7i-flex.large_use1-az6': 50, 'm7i-flex.xlarge_use1-az1': 50, 'm7i-flex.xlarge_use1-az2': 50, 'm7i-flex.xlarge_use1-az4': 50, 'm7i-flex.xlarge_use1-az5': 15, 'm7i-flex.xlarge_use1-az6': 50, 'm7i.12xlarge_use1-az1': 1, 'm7i.12xlarge_use1-az2': 5, 'm7i.12xlarge_use1-az4': 15, 'm7i.12xlarge_use1-az6': 50, 'm7i.16xlarge_use1-az1': 5, 'm7i.16xlarge_use1-az2': 10, 'm7i.16xlarge_use1-az4': 10, 'm7i.16xlarge_use1-az6': 50, 'm7i.24xlarge_use1-az2': 5, 'm7i.24xlarge_use1-az4': 5, 'm7i.24xlarge_use1-az6': 50, 'm7i.2xlarge_use1-az1': 1, 'm7i.2xlarge_use1-az2': 50, 'm7i.2xlarge_use1-az4': 50, 'm7i.2xlarge_use1-az6': 50, 'm7i.48xlarge_use1-az1': 1, 'm7i.48xlarge_use1-az2': 5, 'm7i.48xlarge_use1-az4': 20, 'm7i.48xlarge_use1-az6': 50, 'm7i.4xlarge_use1-az1': 1, 'm7i.4xlarge_use1-az2': 25, 'm7i.4xlarge_use1-az4': 10, 'm7i.4xlarge_use1-az6': 50, 'm7i.8xlarge_use1-az1': 40, 'm7i.8xlarge_use1-az2': 20, 'm7i.8xlarge_use1-az4': 50, 'm7i.8xlarge_use1-az6': 50, 'm7i.large_use1-az1': 50, 'm7i.large_use1-az2': 50, 'm7i.large_use1-az4': 50, 'm7i.large_use1-az5': 1, 'm7i.large_use1-az6': 50, 'm7i.xlarge_use1-az1': 30, 'm7i.xlarge_use1-az2': 35, 'm7i.xlarge_use1-az4': 50, 'm7i.xlarge_use1-az6': 50, 'm8g.12xlarge_use1-az2': 10, 'm8g.12xlarge_use1-az4': 10, 'm8g.12xlarge_use1-az5': 1, 'm8g.12xlarge_use1-az6': 35, 'm8g.16xlarge_use1-az2': 5, 'm8g.16xlarge_use1-az4': 5, 'm8g.16xlarge_use1-az5': 5, 'm8g.16xlarge_use1-az6': 45, 'm8g.24xlarge_use1-az2': 5, 'm8g.24xlarge_use1-az4': 1, 'm8g.24xlarge_use1-az5': 1, 'm8g.24xlarge_use1-az6': 25, 'm8g.2xlarge_use1-az4': 10, 'm8g.2xlarge_use1-az5': 10, 'm8g.48xlarge_use1-az2': 5, 'm8g.48xlarge_use1-az4': 5, 'm8g.48xlarge_use1-az6': 20, 'm8g.4xlarge_use1-az2': 5, 'm8g.4xlarge_use1-az4': 5, 'm8g.4xlarge_use1-az5': 1, 'm8g.4xlarge_use1-az6': 40, 'm8g.8xlarge_use1-az2': 10, 'm8g.8xlarge_use1-az4': 20, 'm8g.8xlarge_use1-az5': 1, 'm8g.8xlarge_use1-az6': 40, 'm8g.large_use1-az1': 1, 'm8g.large_use1-az2': 20, 'm8g.large_use1-az6': 45, 'm8g.medium_use1-az1': 1, 'm8g.medium_use1-az2': 15, 'm8g.metal-48xl_use1-az2': 5, 'm8g.metal-48xl_use1-az6': 25, 'm8g.xlarge_use1-az1': 1, 'm8g.xlarge_use1-az5': 15, 'm8g.xlarge_use1-az6': 50, 'm8gd.16xlarge_use1-az5': 1, 'm8gd.4xlarge_use1-az2': 5, 'm8gd.4xlarge_use1-az4': 1, 'm8gd.4xlarge_use1-az6': 1, 'm8gd.8xlarge_use1-az5': 1, 'm8gd.8xlarge_use1-az6': 5, 'm8gd.large_use1-az1': 20, 'm8gd.large_use1-az2': 15, 'm8gd.large_use1-az5': 1, 'm8gd.large_use1-az6': 1, 'm8gd.medium_use1-az6': 1, 'm8gd.metal-24xl_use1-az2': 1, 'm8gd.xlarge_use1-az1': 1, 'm8gd.xlarge_use1-az5': 1, 'm8i-flex.16xlarge_use1-az6': 5, 'm8i-flex.2xlarge_use1-az2': 10, 'm8i-flex.2xlarge_use1-az4': 1, 'm8i-flex.2xlarge_use1-az6': 50, 'm8i-flex.4xlarge_use1-az2': 1, 'm8i-flex.4xlarge_use1-az4': 1, 'm8i-flex.4xlarge_use1-az6': 5, 'm8i-flex.8xlarge_use1-az6': 1, 'm8i-flex.large_use1-az2': 5, 'm8i-flex.xlarge_use1-az2': 10, 'm8i-flex.xlarge_use1-az4': 25, 'm8i-flex.xlarge_use1-az6': 50, 'm8i.12xlarge_use1-az6': 1, 'm8i.16xlarge_use1-az4': 1, 'm8i.16xlarge_use1-az6': 1, 'm8i.24xlarge_use1-az6': 1, 'm8i.2xlarge_use1-az2': 10, 'm8i.2xlarge_use1-az4': 1, 'm8i.2xlarge_use1-az6': 10, 'm8i.32xlarge_use1-az2': 1, 'm8i.32xlarge_use1-az6': 5, 'm8i.48xlarge_use1-az2': 1, 'm8i.48xlarge_use1-az6': 5, 'm8i.4xlarge_use1-az2': 5, 'm8i.4xlarge_use1-az4': 1, 'm8i.4xlarge_use1-az6': 5, 'm8i.8xlarge_use1-az2': 1, 'm8i.8xlarge_use1-az4': 1, 'm8i.8xlarge_use1-az6': 20, 'm8i.96xlarge_use1-az6': 1, 'm8i.large_use1-az4': 25, 'm8i.metal-48xl_use1-az6': 1, 'm8i.metal-96xl_use1-az6': 1, 'm8i.xlarge_use1-az2': 30, 'm8i.xlarge_use1-az4': 10, 'r3.large_use1-az2': 50, 'r3.large_use1-az4': 50, 'r3.large_use1-az6': 50, 'r3.xlarge_use1-az4': 50, 'r3.xlarge_use1-az6': 50, 'r4.16xlarge_use1-az1': 10, 'r4.16xlarge_use1-az2': 10, 'r4.16xlarge_use1-az3': 50, 'r4.16xlarge_use1-az4': 35, 'r4.16xlarge_use1-az5': 15, 'r4.16xlarge_use1-az6': 10, 'r4.2xlarge_use1-az2': 50, 'r4.2xlarge_use1-az3': 50, 'r4.2xlarge_use1-az5': 5, 'r4.4xlarge_use1-az1': 20, 'r4.4xlarge_use1-az2': 50, 'r4.4xlarge_use1-az3': 40, 'r4.4xlarge_use1-az4': 15, 'r4.4xlarge_use1-az5': 5, 'r4.4xlarge_use1-az6': 50, 'r4.8xlarge_use1-az1': 50, 'r4.8xlarge_use1-az2': 50, 'r4.8xlarge_use1-az3': 25, 'r4.8xlarge_use1-az4': 50, 'r4.8xlarge_use1-az5': 5, 'r4.8xlarge_use1-az6': 50, 'r4.large_use1-az1': 35, 'r4.large_use1-az2': 50, 'r4.large_use1-az4': 50, 'r4.large_use1-az5': 20, 'r4.large_use1-az6': 50, 'r4.xlarge_use1-az1': 50, 'r4.xlarge_use1-az2': 50, 'r4.xlarge_use1-az3': 50, 'r4.xlarge_use1-az4': 50, 'r4.xlarge_use1-az5': 30, 'r4.xlarge_use1-az6': 50, 'r5.12xlarge_use1-az1': 5, 'r5.12xlarge_use1-az2': 5, 'r5.12xlarge_use1-az4': 50, 'r5.12xlarge_use1-az5': 5, 'r5.12xlarge_use1-az6': 5, 'r5.16xlarge_use1-az1': 5, 'r5.16xlarge_use1-az4': 35, 'r5.16xlarge_use1-az5': 30, 'r5.16xlarge_use1-az6': 5, 'r5.24xlarge_use1-az4': 15, 'r5.24xlarge_use1-az5': 5, 'r5.24xlarge_use1-az6': 5, 'r5.2xlarge_use1-az1': 50, 'r5.2xlarge_use1-az2': 50, 'r5.2xlarge_use1-az4': 50, 'r5.2xlarge_use1-az5': 5, 'r5.2xlarge_use1-az6': 50, 'r5.4xlarge_use1-az1': 50, 'r5.4xlarge_use1-az2': 50, 'r5.4xlarge_use1-az4': 50, 'r5.4xlarge_use1-az5': 5, 'r5.4xlarge_use1-az6': 50, 'r5.8xlarge_use1-az1': 50, 'r5.8xlarge_use1-az2': 50, 'r5.8xlarge_use1-az4': 50, 'r5.8xlarge_use1-az5': 5, 'r5.8xlarge_use1-az6': 5, 'r5.large_use1-az1': 50, 'r5.large_use1-az2': 50, 'r5.large_use1-az4': 50, 'r5.large_use1-az5': 50, 'r5.large_use1-az6': 50, 'r5.xlarge_use1-az1': 50, 'r5.xlarge_use1-az2': 50, 'r5.xlarge_use1-az4': 50, 'r5.xlarge_use1-az5': 50, 'r5.xlarge_use1-az6': 50, 'r5a.12xlarge_use1-az1': 1, 'r5a.12xlarge_use1-az2': 1, 'r5a.12xlarge_use1-az4': 5, 'r5a.12xlarge_use1-az6': 5, 'r5a.16xlarge_use1-az1': 10, 'r5a.16xlarge_use1-az2': 10, 'r5a.16xlarge_use1-az4': 10, 'r5a.16xlarge_use1-az5': 5, 'r5a.16xlarge_use1-az6': 5, 'r5a.24xlarge_use1-az1': 5, 'r5a.24xlarge_use1-az2': 15, 'r5a.24xlarge_use1-az4': 10, 'r5a.24xlarge_use1-az5': 1, 'r5a.24xlarge_use1-az6': 10, 'r5a.4xlarge_use1-az2': 50, 'r5a.4xlarge_use1-az6': 50, 'r5a.8xlarge_use1-az2': 10, 'r5a.8xlarge_use1-az4': 15, 'r5a.8xlarge_use1-az5': 30, 'r5a.8xlarge_use1-az6': 20, 'r5a.large_use1-az5': 25, 'r5a.xlarge_use1-az2': 50, 'r5a.xlarge_use1-az4': 50, 'r5a.xlarge_use1-az5': 5, 'r5a.xlarge_use1-az6': 50, 'r5ad.16xlarge_use1-az2': 50, 'r5ad.16xlarge_use1-az4': 10, 'r5ad.16xlarge_use1-az5': 1, 'r5ad.16xlarge_use1-az6': 10, 'r5ad.24xlarge_use1-az2': 25, 'r5ad.24xlarge_use1-az4': 1, 'r5ad.24xlarge_use1-az6': 10, 'r5ad.large_use1-az1': 1, 'r5ad.large_use1-az2': 30, 'r5ad.large_use1-az4': 10, 'r5ad.large_use1-az5': 5, 'r5ad.large_use1-az6': 10, 'r5b.large_use1-az1': 1, 'r5b.large_use1-az2': 5, 'r5b.large_use1-az4': 10, 'r5b.large_use1-az6': 5, 'r5d.12xlarge_use1-az1': 1, 'r5d.12xlarge_use1-az2': 5, 'r5d.12xlarge_use1-az4': 10, 'r5d.12xlarge_use1-az6': 1, 'r5d.16xlarge_use1-az1': 5, 'r5d.16xlarge_use1-az2': 50, 'r5d.16xlarge_use1-az4': 50, 'r5d.16xlarge_use1-az5': 10, 'r5d.16xlarge_use1-az6': 50, 'r5d.24xlarge_use1-az1': 1, 'r5d.24xlarge_use1-az2': 1, 'r5d.24xlarge_use1-az4': 10, 'r5d.24xlarge_use1-az5': 1, 'r5d.24xlarge_use1-az6': 10, 'r5d.4xlarge_use1-az5': 5, 'r5d.8xlarge_use1-az6': 50, 'r5d.large_use1-az2': 50, 'r5d.large_use1-az4': 50, 'r5d.large_use1-az6': 50, 'r5dn.12xlarge_use1-az2': 1, 'r5dn.12xlarge_use1-az4': 1, 'r5dn.16xlarge_use1-az1': 5, 'r5dn.16xlarge_use1-az2': 5, 'r5dn.16xlarge_use1-az4': 15, 'r5dn.16xlarge_use1-az5': 10, 'r5dn.16xlarge_use1-az6': 30, 'r5dn.24xlarge_use1-az2': 5, 'r5dn.24xlarge_use1-az4': 10, 'r5dn.24xlarge_use1-az5': 1, 'r5dn.24xlarge_use1-az6': 25, 'r5dn.4xlarge_use1-az4': 45, 'r5dn.4xlarge_use1-az5': 5, 'r5dn.8xlarge_use1-az5': 5, 'r5dn.8xlarge_use1-az6': 50, 'r5dn.large_use1-az1': 50, 'r5dn.large_use1-az2': 50, 'r5dn.large_use1-az4': 50, 'r5dn.large_use1-az5': 50, 'r5dn.large_use1-az6': 50, 'r5n.12xlarge_use1-az4': 1, 'r5n.12xlarge_use1-az6': 1, 'r5n.16xlarge_use1-az1': 1, 'r5n.16xlarge_use1-az2': 10, 'r5n.16xlarge_use1-az4': 35, 'r5n.16xlarge_use1-az5': 1, 'r5n.16xlarge_use1-az6': 20, 'r5n.4xlarge_use1-az1': 5, 'r5n.8xlarge_use1-az2': 20, 'r5n.8xlarge_use1-az4': 35, 'r5n.8xlarge_use1-az6': 15, 'r5n.large_use1-az1': 20, 'r5n.large_use1-az2': 50, 'r5n.large_use1-az4': 50, 'r5n.large_use1-az5': 10, 'r5n.large_use1-az6': 30, 'r5n.xlarge_use1-az6': 20, 'r6a.12xlarge_use1-az1': 1, 'r6a.12xlarge_use1-az2': 10, 'r6a.12xlarge_use1-az4': 5, 'r6a.12xlarge_use1-az6': 10, 'r6a.16xlarge_use1-az1': 5, 'r6a.16xlarge_use1-az2': 15, 'r6a.16xlarge_use1-az4': 30, 'r6a.16xlarge_use1-az5': 15, 'r6a.16xlarge_use1-az6': 40, 'r6a.24xlarge_use1-az2': 5, 'r6a.24xlarge_use1-az4': 1, 'r6a.24xlarge_use1-az5': 1, 'r6a.24xlarge_use1-az6': 5, 'r6a.2xlarge_use1-az1': 50, 'r6a.2xlarge_use1-az2': 50, 'r6a.2xlarge_use1-az4': 40, 'r6a.2xlarge_use1-az5': 1, 'r6a.2xlarge_use1-az6': 50, 'r6a.32xlarge_use1-az2': 5, 'r6a.32xlarge_use1-az4': 5, 'r6a.32xlarge_use1-az5': 5, 'r6a.32xlarge_use1-az6': 5, 'r6a.48xlarge_use1-az2': 5, 'r6a.48xlarge_use1-az4': 5, 'r6a.48xlarge_use1-az5': 5, 'r6a.48xlarge_use1-az6': 1, 'r6a.4xlarge_use1-az1': 50, 'r6a.4xlarge_use1-az2': 50, 'r6a.4xlarge_use1-az4': 50, 'r6a.4xlarge_use1-az5': 40, 'r6a.4xlarge_use1-az6': 50, 'r6a.8xlarge_use1-az1': 20, 'r6a.8xlarge_use1-az2': 50, 'r6a.8xlarge_use1-az4': 50, 'r6a.8xlarge_use1-az5': 50, 'r6a.8xlarge_use1-az6': 50, 'r6a.large_use1-az1': 50, 'r6a.large_use1-az2': 50, 'r6a.large_use1-az4': 50, 'r6a.large_use1-az5': 50, 'r6a.large_use1-az6': 50, 'r6a.xlarge_use1-az1': 50, 'r6a.xlarge_use1-az2': 50, 'r6a.xlarge_use1-az4': 50, 'r6a.xlarge_use1-az5': 50, 'r6a.xlarge_use1-az6': 50, 'r6g.12xlarge_use1-az2': 50, 'r6g.12xlarge_use1-az4': 45, 'r6g.12xlarge_use1-az5': 10, 'r6g.12xlarge_use1-az6': 50, 'r6g.16xlarge_use1-az1': 1, 'r6g.16xlarge_use1-az2': 50, 'r6g.16xlarge_use1-az4': 50, 'r6g.16xlarge_use1-az5': 50, 'r6g.16xlarge_use1-az6': 50, 'r6g.2xlarge_use1-az1': 1, 'r6g.2xlarge_use1-az2': 25, 'r6g.2xlarge_use1-az4': 40, 'r6g.2xlarge_use1-az5': 10, 'r6g.2xlarge_use1-az6': 50, 'r6g.4xlarge_use1-az1': 10, 'r6g.4xlarge_use1-az2': 50, 'r6g.4xlarge_use1-az4': 50, 'r6g.4xlarge_use1-az5': 50, 'r6g.4xlarge_use1-az6': 50, 'r6g.8xlarge_use1-az1': 1, 'r6g.8xlarge_use1-az2': 10, 'r6g.8xlarge_use1-az4': 50, 'r6g.8xlarge_use1-az5': 50, 'r6g.8xlarge_use1-az6': 50, 'r6g.large_use1-az1': 10, 'r6g.large_use1-az2': 40, 'r6g.large_use1-az4': 50, 'r6g.large_use1-az5': 5, 'r6g.large_use1-az6': 50, 'r6g.medium_use1-az1': 1, 'r6g.medium_use1-az2': 10, 'r6g.medium_use1-az4': 15, 'r6g.medium_use1-az5': 15, 'r6g.medium_use1-az6': 35, 'r6g.xlarge_use1-az1': 1, 'r6g.xlarge_use1-az2': 50, 'r6g.xlarge_use1-az4': 50, 'r6g.xlarge_use1-az5': 50, 'r6g.xlarge_use1-az6': 50, 'r6gd.12xlarge_use1-az1': 1, 'r6gd.12xlarge_use1-az2': 5, 'r6gd.12xlarge_use1-az4': 10, 'r6gd.12xlarge_use1-az5': 1, 'r6gd.12xlarge_use1-az6': 10, 'r6gd.16xlarge_use1-az1': 5, 'r6gd.16xlarge_use1-az2': 5, 'r6gd.16xlarge_use1-az4': 50, 'r6gd.16xlarge_use1-az5': 1, 'r6gd.16xlarge_use1-az6': 45, 'r6gd.2xlarge_use1-az2': 20, 'r6gd.2xlarge_use1-az4': 30, 'r6gd.4xlarge_use1-az1': 5, 'r6gd.4xlarge_use1-az2': 20, 'r6gd.4xlarge_use1-az4': 50, 'r6gd.4xlarge_use1-az5': 1, 'r6gd.4xlarge_use1-az6': 25, 'r6gd.8xlarge_use1-az1': 1, 'r6gd.8xlarge_use1-az2': 10, 'r6gd.8xlarge_use1-az4': 20, 'r6gd.8xlarge_use1-az5': 1, 'r6gd.8xlarge_use1-az6': 30, 'r6gd.large_use1-az1': 50, 'r6gd.large_use1-az2': 50, 'r6gd.large_use1-az4': 50, 'r6gd.large_use1-az5': 50, 'r6gd.large_use1-az6': 50, 'r6gd.medium_use1-az1': 5, 'r6gd.medium_use1-az2': 1, 'r6gd.medium_use1-az4': 5, 'r6gd.medium_use1-az5': 5, 'r6gd.medium_use1-az6': 1, 'r6gd.xlarge_use1-az2': 1, 'r6gd.xlarge_use1-az4': 5, 'r6i.12xlarge_use1-az1': 5, 'r6i.12xlarge_use1-az2': 5, 'r6i.12xlarge_use1-az4': 5, 'r6i.12xlarge_use1-az5': 1, 'r6i.12xlarge_use1-az6': 10, 'r6i.16xlarge_use1-az1': 1, 'r6i.16xlarge_use1-az2': 1, 'r6i.16xlarge_use1-az4': 10, 'r6i.16xlarge_use1-az5': 10, 'r6i.16xlarge_use1-az6': 1, 'r6i.24xlarge_use1-az4': 10, 'r6i.24xlarge_use1-az5': 1, 'r6i.24xlarge_use1-az6': 5, 'r6i.2xlarge_use1-az1': 15, 'r6i.2xlarge_use1-az2': 35, 'r6i.2xlarge_use1-az4': 50, 'r6i.2xlarge_use1-az5': 5, 'r6i.2xlarge_use1-az6': 50, 'r6i.32xlarge_use1-az4': 1, 'r6i.32xlarge_use1-az5': 1, 'r6i.32xlarge_use1-az6': 1, 'r6i.4xlarge_use1-az1': 30, 'r6i.4xlarge_use1-az2': 20, 'r6i.4xlarge_use1-az4': 20, 'r6i.4xlarge_use1-az5': 10, 'r6i.4xlarge_use1-az6': 40, 'r6i.8xlarge_use1-az1': 5, 'r6i.8xlarge_use1-az2': 10, 'r6i.8xlarge_use1-az4': 10, 'r6i.8xlarge_use1-az5': 5, 'r6i.8xlarge_use1-az6': 10, 'r6i.large_use1-az1': 20, 'r6i.large_use1-az2': 50, 'r6i.large_use1-az4': 50, 'r6i.large_use1-az5': 20, 'r6i.large_use1-az6': 50, 'r6i.xlarge_use1-az1': 15, 'r6i.xlarge_use1-az2': 45, 'r6i.xlarge_use1-az4': 50, 'r6i.xlarge_use1-az5': 10, 'r6i.xlarge_use1-az6': 50, 'r6id.12xlarge_use1-az1': 1, 'r6id.12xlarge_use1-az2': 5, 'r6id.12xlarge_use1-az4': 1, 'r6id.12xlarge_use1-az6': 5, 'r6id.16xlarge_use1-az1': 5, 'r6id.16xlarge_use1-az2': 5, 'r6id.16xlarge_use1-az4': 15, 'r6id.16xlarge_use1-az5': 1, 'r6id.16xlarge_use1-az6': 20, 'r6id.24xlarge_use1-az1': 10, 'r6id.24xlarge_use1-az2': 10, 'r6id.24xlarge_use1-az4': 5, 'r6id.24xlarge_use1-az5': 15, 'r6id.24xlarge_use1-az6': 25, 'r6id.2xlarge_use1-az1': 5, 'r6id.2xlarge_use1-az2': 1, 'r6id.2xlarge_use1-az4': 10, 'r6id.2xlarge_use1-az5': 1, 'r6id.2xlarge_use1-az6': 10, 'r6id.32xlarge_use1-az1': 1, 'r6id.32xlarge_use1-az2': 5, 'r6id.32xlarge_use1-az4': 1, 'r6id.32xlarge_use1-az5': 1, 'r6id.32xlarge_use1-az6': 10, 'r6id.4xlarge_use1-az1': 40, 'r6id.4xlarge_use1-az2': 50, 'r6id.4xlarge_use1-az4': 10, 'r6id.4xlarge_use1-az5': 20, 'r6id.4xlarge_use1-az6': 35, 'r6id.8xlarge_use1-az2': 1, 'r6id.8xlarge_use1-az4': 5, 'r6id.8xlarge_use1-az6': 5, 'r6id.large_use1-az1': 15, 'r6id.large_use1-az2': 10, 'r6id.large_use1-az4': 5, 'r6id.large_use1-az5': 15, 'r6id.large_use1-az6': 30, 'r6id.xlarge_use1-az2': 15, 'r6id.xlarge_use1-az6': 15, 'r6idn.16xlarge_use1-az4': 1, 'r6idn.16xlarge_use1-az5': 1, 'r6idn.16xlarge_use1-az6': 1, 'r6idn.24xlarge_use1-az6': 1, 'r6idn.32xlarge_use1-az6': 1, 'r6idn.4xlarge_use1-az5': 5, 'r6idn.8xlarge_use1-az2': 1, 'r6idn.8xlarge_use1-az6': 5, 'r6idn.large_use1-az1': 1, 'r6idn.large_use1-az2': 1, 'r6idn.large_use1-az4': 5, 'r6idn.large_use1-az5': 5, 'r6idn.large_use1-az6': 5, 'r6in.12xlarge_use1-az6': 5, 'r6in.16xlarge_use1-az4': 1, 'r6in.16xlarge_use1-az5': 1, 'r6in.16xlarge_use1-az6': 5, 'r6in.24xlarge_use1-az6': 1, 'r6in.2xlarge_use1-az5': 1, 'r6in.4xlarge_use1-az2': 20, 'r6in.4xlarge_use1-az4': 15, 'r6in.4xlarge_use1-az5': 20, 'r6in.4xlarge_use1-az6': 20, 'r6in.8xlarge_use1-az1': 5, 'r6in.8xlarge_use1-az4': 1, 'r6in.8xlarge_use1-az6': 5, 'r6in.large_use1-az1': 45, 'r6in.large_use1-az2': 50, 'r6in.large_use1-az4': 50, 'r6in.large_use1-az5': 40, 'r6in.large_use1-az6': 50, 'r6in.xlarge_use1-az1': 1, 'r6in.xlarge_use1-az2': 1, 'r6in.xlarge_use1-az4': 1, 'r7a.12xlarge_use1-az1': 1, 'r7a.12xlarge_use1-az2': 1, 'r7a.12xlarge_use1-az4': 5, 'r7a.12xlarge_use1-az6': 20, 'r7a.16xlarge_use1-az1': 1, 'r7a.16xlarge_use1-az2': 15, 'r7a.16xlarge_use1-az4': 30, 'r7a.16xlarge_use1-az6': 50, 'r7a.24xlarge_use1-az2': 10, 'r7a.24xlarge_use1-az4': 10, 'r7a.24xlarge_use1-az6': 35, 'r7a.2xlarge_use1-az1': 1, 'r7a.2xlarge_use1-az2': 5, 'r7a.2xlarge_use1-az4': 25, 'r7a.2xlarge_use1-az6': 1, 'r7a.32xlarge_use1-az2': 1, 'r7a.32xlarge_use1-az4': 1, 'r7a.32xlarge_use1-az6': 50, 'r7a.48xlarge_use1-az2': 5, 'r7a.48xlarge_use1-az4': 5, 'r7a.48xlarge_use1-az6': 50, 'r7a.4xlarge_use1-az1': 5, 'r7a.4xlarge_use1-az2': 25, 'r7a.4xlarge_use1-az4': 50, 'r7a.4xlarge_use1-az6': 50, 'r7a.8xlarge_use1-az1': 5, 'r7a.8xlarge_use1-az2': 20, 'r7a.8xlarge_use1-az4': 50, 'r7a.8xlarge_use1-az6': 50, 'r7a.large_use1-az1': 50, 'r7a.large_use1-az2': 50, 'r7a.large_use1-az4': 50, 'r7a.large_use1-az6': 50, 'r7a.medium_use1-az1': 10, 'r7a.medium_use1-az2': 25, 'r7a.medium_use1-az4': 50, 'r7a.medium_use1-az6': 50, 'r7a.xlarge_use1-az1': 20, 'r7a.xlarge_use1-az2': 50, 'r7a.xlarge_use1-az4': 50, 'r7a.xlarge_use1-az6': 25, 'r7g.12xlarge_use1-az1': 1, 'r7g.12xlarge_use1-az2': 5, 'r7g.12xlarge_use1-az4': 50, 'r7g.12xlarge_use1-az5': 1, 'r7g.12xlarge_use1-az6': 5, 'r7g.16xlarge_use1-az1': 5, 'r7g.16xlarge_use1-az2': 30, 'r7g.16xlarge_use1-az4': 50, 'r7g.16xlarge_use1-az5': 5, 'r7g.16xlarge_use1-az6': 50, 'r7g.2xlarge_use1-az1': 5, 'r7g.2xlarge_use1-az2': 10, 'r7g.2xlarge_use1-az4': 50, 'r7g.2xlarge_use1-az5': 5, 'r7g.2xlarge_use1-az6': 15, 'r7g.4xlarge_use1-az1': 5, 'r7g.4xlarge_use1-az2': 5, 'r7g.4xlarge_use1-az4': 50, 'r7g.4xlarge_use1-az5': 5, 'r7g.4xlarge_use1-az6': 15, 'r7g.8xlarge_use1-az1': 1, 'r7g.8xlarge_use1-az2': 50, 'r7g.8xlarge_use1-az4': 50, 'r7g.8xlarge_use1-az5': 50, 'r7g.8xlarge_use1-az6': 50, 'r7g.large_use1-az1': 20, 'r7g.large_use1-az2': 50, 'r7g.large_use1-az4': 50, 'r7g.large_use1-az5': 40, 'r7g.large_use1-az6': 40, 'r7g.medium_use1-az1': 50, 'r7g.medium_use1-az2': 50, 'r7g.medium_use1-az4': 50, 'r7g.medium_use1-az5': 25, 'r7g.medium_use1-az6': 50, 'r7g.xlarge_use1-az1': 50, 'r7g.xlarge_use1-az2': 50, 'r7g.xlarge_use1-az4': 50, 'r7g.xlarge_use1-az5': 10, 'r7g.xlarge_use1-az6': 50, 'r7gd.12xlarge_use1-az1': 1, 'r7gd.12xlarge_use1-az2': 10, 'r7gd.12xlarge_use1-az4': 35, 'r7gd.12xlarge_use1-az5': 10, 'r7gd.12xlarge_use1-az6': 50, 'r7gd.16xlarge_use1-az1': 5, 'r7gd.16xlarge_use1-az2': 50, 'r7gd.16xlarge_use1-az4': 50, 'r7gd.16xlarge_use1-az5': 50, 'r7gd.16xlarge_use1-az6': 50, 'r7gd.2xlarge_use1-az1': 5, 'r7gd.2xlarge_use1-az2': 25, 'r7gd.2xlarge_use1-az4': 25, 'r7gd.2xlarge_use1-az5': 40, 'r7gd.2xlarge_use1-az6': 50, 'r7gd.4xlarge_use1-az2': 20, 'r7gd.4xlarge_use1-az4': 25, 'r7gd.4xlarge_use1-az5': 30, 'r7gd.4xlarge_use1-az6': 50, 'r7gd.8xlarge_use1-az1': 1, 'r7gd.8xlarge_use1-az2': 10, 'r7gd.8xlarge_use1-az4': 30, 'r7gd.8xlarge_use1-az5': 20, 'r7gd.8xlarge_use1-az6': 50, 'r7gd.large_use1-az1': 15, 'r7gd.large_use1-az2': 10, 'r7gd.large_use1-az4': 50, 'r7gd.large_use1-az5': 15, 'r7gd.large_use1-az6': 35, 'r7gd.medium_use1-az1': 35, 'r7gd.medium_use1-az2': 15, 'r7gd.medium_use1-az4': 25, 'r7gd.medium_use1-az5': 15, 'r7gd.medium_use1-az6': 20, 'r7gd.xlarge_use1-az2': 10, 'r7gd.xlarge_use1-az4': 25, 'r7gd.xlarge_use1-az5': 10, 'r7gd.xlarge_use1-az6': 50, 'r7i.12xlarge_use1-az4': 1, 'r7i.12xlarge_use1-az6': 10, 'r7i.16xlarge_use1-az1': 5, 'r7i.16xlarge_use1-az2': 15, 'r7i.16xlarge_use1-az4': 45, 'r7i.16xlarge_use1-az5': 5, 'r7i.16xlarge_use1-az6': 50, 'r7i.24xlarge_use1-az1': 1, 'r7i.24xlarge_use1-az2': 1, 'r7i.24xlarge_use1-az4': 5, 'r7i.24xlarge_use1-az5': 5, 'r7i.24xlarge_use1-az6': 5, 'r7i.2xlarge_use1-az2': 5, 'r7i.2xlarge_use1-az4': 10, 'r7i.2xlarge_use1-az5': 5, 'r7i.2xlarge_use1-az6': 50, 'r7i.48xlarge_use1-az2': 1, 'r7i.48xlarge_use1-az4': 5, 'r7i.48xlarge_use1-az5': 1, 'r7i.48xlarge_use1-az6': 5, 'r7i.4xlarge_use1-az1': 5, 'r7i.4xlarge_use1-az2': 20, 'r7i.4xlarge_use1-az4': 10, 'r7i.4xlarge_use1-az5': 1, 'r7i.4xlarge_use1-az6': 50, 'r7i.8xlarge_use1-az1': 5, 'r7i.8xlarge_use1-az2': 25, 'r7i.8xlarge_use1-az4': 25, 'r7i.8xlarge_use1-az5': 5, 'r7i.8xlarge_use1-az6': 50, 'r7i.large_use1-az1': 15, 'r7i.large_use1-az2': 50, 'r7i.large_use1-az4': 50, 'r7i.large_use1-az5': 15, 'r7i.large_use1-az6': 50, 'r7i.xlarge_use1-az1': 5, 'r7i.xlarge_use1-az2': 15, 'r7i.xlarge_use1-az4': 10, 'r7i.xlarge_use1-az5': 15, 'r7i.xlarge_use1-az6': 50, 'r8g.12xlarge_use1-az2': 5, 'r8g.12xlarge_use1-az4': 5, 'r8g.12xlarge_use1-az6': 15, 'r8g.16xlarge_use1-az1': 1, 'r8g.16xlarge_use1-az2': 50, 'r8g.16xlarge_use1-az4': 50, 'r8g.16xlarge_use1-az5': 5, 'r8g.16xlarge_use1-az6': 50, 'r8g.24xlarge_use1-az2': 10, 'r8g.24xlarge_use1-az4': 5, 'r8g.24xlarge_use1-az5': 5, 'r8g.24xlarge_use1-az6': 35, 'r8g.2xlarge_use1-az2': 5, 'r8g.2xlarge_use1-az4': 5, 'r8g.2xlarge_use1-az5': 1, 'r8g.2xlarge_use1-az6': 5, 'r8g.48xlarge_use1-az2': 1, 'r8g.48xlarge_use1-az4': 5, 'r8g.48xlarge_use1-az6': 5, 'r8g.4xlarge_use1-az2': 10, 'r8g.4xlarge_use1-az4': 35, 'r8g.4xlarge_use1-az5': 5, 'r8g.4xlarge_use1-az6': 50, 'r8g.8xlarge_use1-az2': 40, 'r8g.8xlarge_use1-az4': 15, 'r8g.8xlarge_use1-az5': 1, 'r8g.8xlarge_use1-az6': 50, 'r8g.large_use1-az1': 5, 'r8g.large_use1-az2': 30, 'r8g.large_use1-az4': 15, 'r8g.large_use1-az5': 10, 'r8g.large_use1-az6': 20, 'r8g.medium_use1-az1': 15, 'r8g.medium_use1-az2': 30, 'r8g.medium_use1-az4': 20, 'r8g.medium_use1-az5': 5, 'r8g.medium_use1-az6': 15, 'r8g.xlarge_use1-az1': 1, 'r8g.xlarge_use1-az2': 10, 'r8g.xlarge_use1-az4': 5, 'r8g.xlarge_use1-az5': 5, 'r8g.xlarge_use1-az6': 10, 'r8gb.24xlarge_use1-az6': 1, 'r8gb.large_use1-az2': 20, 'r8gb.large_use1-az4': 15, 'r8gb.large_use1-az6': 25, 'r8gb.medium_use1-az2': 50, 'r8gb.metal-24xl_use1-az6': 1, 'r8gb.xlarge_use1-az4': 5, 'r8gb.xlarge_use1-az6': 5, 'r8gd.12xlarge_use1-az5': 1, 'r8gd.12xlarge_use1-az6': 1, 'r8gd.16xlarge_use1-az2': 1, 'r8gd.16xlarge_use1-az4': 1, 'r8gd.16xlarge_use1-az5': 1, 'r8gd.16xlarge_use1-az6': 15, 'r8gd.24xlarge_use1-az2': 1, 'r8gd.24xlarge_use1-az5': 1, 'r8gd.24xlarge_use1-az6': 25, 'r8gd.2xlarge_use1-az2': 25, 'r8gd.2xlarge_use1-az4': 30, 'r8gd.2xlarge_use1-az6': 50, 'r8gd.48xlarge_use1-az6': 50, 'r8gd.4xlarge_use1-az1': 1, 'r8gd.4xlarge_use1-az2': 20, 'r8gd.4xlarge_use1-az5': 1, 'r8gd.4xlarge_use1-az6': 15, 'r8gd.8xlarge_use1-az2': 5, 'r8gd.8xlarge_use1-az4': 1, 'r8gd.8xlarge_use1-az5': 1, 'r8gd.8xlarge_use1-az6': 1, 'r8gd.large_use1-az2': 50, 'r8gd.large_use1-az5': 1, 'r8gd.large_use1-az6': 50, 'r8gd.medium_use1-az1': 5, 'r8gd.medium_use1-az2': 5, 'r8gd.medium_use1-az4': 5, 'r8gd.medium_use1-az5': 10, 'r8gd.metal-24xl_use1-az6': 1, 'r8gd.metal-48xl_use1-az6': 1, 'r8gd.xlarge_use1-az2': 25, 'r8gd.xlarge_use1-az4': 1, 'r8gd.xlarge_use1-az5': 50, 'r8gd.xlarge_use1-az6': 40, 'r8gn.16xlarge_use1-az6': 1, 'r8gn.24xlarge_use1-az2': 1, 'r8gn.48xlarge_use1-az6': 1, 'r8gn.8xlarge_use1-az6': 5, 'r8gn.large_use1-az2': 20, 'r8gn.large_use1-az6': 20, 'r8gn.medium_use1-az2': 35, 'r8gn.medium_use1-az4': 40, 'r8gn.metal-24xl_use1-az2': 1, 'r8gn.metal-24xl_use1-az6': 1, 'r8gn.xlarge_use1-az2': 1, 'r8gn.xlarge_use1-az6': 10, 'r8i-flex.2xlarge_use1-az2': 1, 'r8i-flex.2xlarge_use1-az6': 5, 'r8i-flex.4xlarge_use1-az2': 1, 'r8i-flex.4xlarge_use1-az6': 1, 'r8i-flex.large_use1-az2': 1, 'r8i-flex.large_use1-az6': 5, 'r8i-flex.xlarge_use1-az2': 5, 'r8i-flex.xlarge_use1-az6': 1, 'r8i.12xlarge_use1-az2': 1, 'r8i.12xlarge_use1-az6': 1, 'r8i.16xlarge_use1-az2': 1, 'r8i.16xlarge_use1-az6': 1, 'r8i.24xlarge_use1-az6': 1, 'r8i.2xlarge_use1-az2': 5, 'r8i.2xlarge_use1-az6': 5, 'r8i.32xlarge_use1-az2': 1, 'r8i.32xlarge_use1-az6': 1, 'r8i.48xlarge_use1-az2': 1, 'r8i.48xlarge_use1-az6': 1, 'r8i.4xlarge_use1-az2': 1, 'r8i.4xlarge_use1-az6': 5, 'r8i.8xlarge_use1-az2': 1, 'r8i.8xlarge_use1-az6': 5, 'r8i.96xlarge_use1-az2': 1, 'r8i.96xlarge_use1-az6': 1, 'r8i.large_use1-az2': 20, 'r8i.large_use1-az6': 20, 'r8i.xlarge_use1-az2': 5, 'r8i.xlarge_use1-az6': 5, 't2.2xlarge_use1-az1': 50, 't2.2xlarge_use1-az2': 50, 't2.2xlarge_use1-az3': 15, 't2.2xlarge_use1-az4': 50, 't2.2xlarge_use1-az5': 50, 't2.2xlarge_use1-az6': 50, 't2.large_use1-az1': 20, 't2.large_use1-az2': 50, 't2.large_use1-az3': 50, 't2.large_use1-az4': 50, 't2.large_use1-az5': 25, 't2.large_use1-az6': 50, 't2.medium_use1-az1': 50, 't2.medium_use1-az2': 50, 't2.medium_use1-az3': 50, 't2.medium_use1-az4': 50, 't2.medium_use1-az5': 50, 't2.medium_use1-az6': 50, 't2.xlarge_use1-az1': 35, 't2.xlarge_use1-az2': 50, 't2.xlarge_use1-az3': 20, 't2.xlarge_use1-az4': 50, 't2.xlarge_use1-az5': 5, 't2.xlarge_use1-az6': 50, 't3.2xlarge_use1-az1': 50, 't3.2xlarge_use1-az2': 50, 't3.2xlarge_use1-az4': 50, 't3.2xlarge_use1-az5': 50, 't3.2xlarge_use1-az6': 50, 't3.large_use1-az1': 50, 't3.large_use1-az2': 50, 't3.large_use1-az4': 50, 't3.large_use1-az5': 50, 't3.large_use1-az6': 50, 't3.medium_use1-az1': 50, 't3.medium_use1-az2': 50, 't3.medium_use1-az4': 50, 't3.medium_use1-az5': 50, 't3.medium_use1-az6': 50, 't3.xlarge_use1-az1': 50, 't3.xlarge_use1-az2': 50, 't3.xlarge_use1-az4': 50, 't3.xlarge_use1-az5': 50, 't3.xlarge_use1-az6': 50, 't3a.2xlarge_use1-az1': 50, 't3a.2xlarge_use1-az2': 50, 't3a.2xlarge_use1-az4': 50, 't3a.2xlarge_use1-az5': 50, 't3a.2xlarge_use1-az6': 50, 't3a.large_use1-az1': 50, 't3a.large_use1-az2': 50, 't3a.large_use1-az4': 50, 't3a.large_use1-az5': 5, 't3a.large_use1-az6': 50, 't3a.medium_use1-az1': 50, 't3a.medium_use1-az2': 50, 't3a.medium_use1-az4': 50, 't3a.medium_use1-az6': 50, 't3a.xlarge_use1-az1': 25, 't3a.xlarge_use1-az2': 50, 't3a.xlarge_use1-az4': 50, 't3a.xlarge_use1-az5': 15, 't3a.xlarge_use1-az6': 50, 't4g.2xlarge_use1-az1': 5, 't4g.2xlarge_use1-az2': 15, 't4g.2xlarge_use1-az4': 5, 't4g.2xlarge_use1-az5': 10, 't4g.2xlarge_use1-az6': 10, 't4g.large_use1-az1': 1, 't4g.large_use1-az2': 15, 't4g.large_use1-az4': 50, 't4g.large_use1-az5': 25, 't4g.large_use1-az6': 35, 't4g.medium_use1-az1': 1, 't4g.medium_use1-az2': 50, 't4g.medium_use1-az4': 50, 't4g.medium_use1-az5': 35, 't4g.medium_use1-az6': 50, 't4g.xlarge_use1-az1': 30, 't4g.xlarge_use1-az2': 15, 't4g.xlarge_use1-az4': 50, 't4g.xlarge_use1-az5': 5, 't4g.xlarge_use1-az6': 10, 'trn1.2xlarge_use1-az5': 5, 'trn1.32xlarge_use1-az6': 50, 'trn1n.32xlarge_use1-az6': 50, 'x1.32xlarge_use1-az2': 1, 'x1.32xlarge_use1-az6': 1, 'x2gd.12xlarge_use1-az5': 5, 'x2gd.16xlarge_use1-az5': 1, 'x2gd.16xlarge_use1-az6': 15, 'x2gd.2xlarge_use1-az1': 5, 'x2gd.2xlarge_use1-az5': 5, 'x2gd.2xlarge_use1-az6': 30, 'x2gd.4xlarge_use1-az2': 1, 'x2gd.4xlarge_use1-az4': 5, 'x2gd.4xlarge_use1-az5': 1, 'x2gd.4xlarge_use1-az6': 35, 'x2gd.8xlarge_use1-az4': 1, 'x2gd.8xlarge_use1-az5': 1, 'x2gd.8xlarge_use1-az6': 5, 'x2gd.large_use1-az1': 35, 'x2gd.large_use1-az2': 25, 'x2gd.large_use1-az4': 15, 'x2gd.large_use1-az5': 25, 'x2gd.large_use1-az6': 50, 'x2gd.medium_use1-az1': 25, 'x2gd.medium_use1-az2': 35, 'x2gd.medium_use1-az4': 50, 'x2gd.medium_use1-az5': 50, 'x2gd.medium_use1-az6': 50, 'x2gd.xlarge_use1-az1': 5, 'x2gd.xlarge_use1-az2': 1, 'x2gd.xlarge_use1-az4': 20, 'x2gd.xlarge_use1-az5': 15, 'x2idn.24xlarge_use1-az4': 1, 'x2idn.24xlarge_use1-az5': 1, 'x2idn.32xlarge_use1-az5': 1, 'x8g.12xlarge_use1-az2': 1, 'x8g.12xlarge_use1-az4': 20, 'x8g.12xlarge_use1-az6': 1, 'x8g.16xlarge_use1-az1': 1, 'x8g.16xlarge_use1-az2': 5, 'x8g.16xlarge_use1-az4': 5, 'x8g.16xlarge_use1-az6': 5, 'x8g.24xlarge_use1-az1': 1, 'x8g.24xlarge_use1-az2': 5, 'x8g.24xlarge_use1-az4': 5, 'x8g.24xlarge_use1-az6': 10, 'x8g.2xlarge_use1-az1': 5, 'x8g.2xlarge_use1-az2': 10, 'x8g.2xlarge_use1-az4': 10, 'x8g.2xlarge_use1-az6': 25, 'x8g.48xlarge_use1-az1': 1, 'x8g.48xlarge_use1-az2': 1, 'x8g.48xlarge_use1-az4': 10, 'x8g.48xlarge_use1-az6': 1, 'x8g.4xlarge_use1-az2': 5, 'x8g.4xlarge_use1-az4': 5, 'x8g.4xlarge_use1-az6': 10, 'x8g.8xlarge_use1-az2': 15, 'x8g.8xlarge_use1-az4': 20, 'x8g.8xlarge_use1-az6': 5, 'x8g.large_use1-az1': 30, 'x8g.large_use1-az4': 50, 'x8g.large_use1-az6': 50, 'x8g.medium_use1-az1': 50, 'x8g.medium_use1-az4': 50, 'x8g.medium_use1-az6': 50, 'x8g.metal-24xl_use1-az1': 1, 'x8g.metal-24xl_use1-az2': 1, 'x8g.metal-24xl_use1-az4': 1, 'x8g.metal-24xl_use1-az6': 10, 'x8g.metal-48xl_use1-az2': 1, 'x8g.metal-48xl_use1-az4': 1, 'x8g.metal-48xl_use1-az6': 1, 'x8g.xlarge_use1-az1': 10, 'x8g.xlarge_use1-az2': 20, 'x8g.xlarge_use1-az4': 40, 'x8g.xlarge_use1-az6': 50, 'z1d.12xlarge_use1-az1': 1, 'z1d.12xlarge_use1-az2': 1, 'z1d.12xlarge_use1-az4': 1, 'z1d.12xlarge_use1-az5': 1, 'z1d.12xlarge_use1-az6': 5, 'z1d.2xlarge_use1-az1': 5, 'z1d.2xlarge_use1-az2': 5, 'z1d.2xlarge_use1-az4': 15, 'z1d.2xlarge_use1-az5': 1, 'z1d.2xlarge_use1-az6': 15, 'z1d.3xlarge_use1-az2': 5, 'z1d.3xlarge_use1-az4': 10, 'z1d.3xlarge_use1-az5': 5, 'z1d.3xlarge_use1-az6': 5, 'z1d.6xlarge_use1-az1': 1, 'z1d.6xlarge_use1-az2': 1, 'z1d.6xlarge_use1-az4': 1, 'z1d.6xlarge_use1-az6': 1, 'z1d.large_use1-az1': 15, 'z1d.large_use1-az2': 5, 'z1d.large_use1-az4': 25, 'z1d.large_use1-az5': 10, 'z1d.large_use1-az6': 25, 'z1d.xlarge_use1-az1': 10, 'z1d.xlarge_use1-az2': 20, 'z1d.xlarge_use1-az4': 30, 'z1d.xlarge_use1-az5': 1, 'z1d.xlarge_use1-az6': 20}"
0.63,22005.505899999946,26996138330,1226790.1702857718,1028736,1028636,"{'c4.8xlarge_use1-az4': 15, 'c5.12xlarge_use1-az1': 50, 'c5.12xlarge_use1-az2': 50, 'c5.12xlarge_use1-az4': 50, 'c5.12xlarge_use1-az6': 50, 'c5.18xlarge_use1-az1': 5, 'c5.18xlarge_use1-az2': 50, 'c5.18xlarge_use1-az4': 15, 'c5.18xlarge_use1-az5': 10, 'c5.18xlarge_use1-az6': 1, 'c5.24xlarge_use1-az1': 1, 'c5.24xlarge_use1-az2': 5, 'c5.24xlarge_use1-az4': 5, 'c5.24xlarge_use1-az5': 1, 'c5.24xlarge_use1-az6': 5, 'c5.2xlarge_use1-az2': 50, 'c5.2xlarge_use1-az4': 50, 'c5.2xlarge_use1-az6': 50, 'c5.4xlarge_use1-az1': 50, 'c5.4xlarge_use1-az2': 50, 'c5.4xlarge_use1-az4': 50, 'c5.4xlarge_use1-az5': 50, 'c5.4xlarge_use1-az6': 50, 'c5.9xlarge_use1-az2': 50, 'c5.large_use1-az1': 50, 'c5.large_use1-az2': 50, 'c5.large_use1-az4': 50, 'c5.large_use1-az5': 50, 'c5.large_use1-az6': 50, 'c5.xlarge_use1-az6': 50, 'c5a.12xlarge_use1-az1': 5, 'c5a.12xlarge_use1-az2': 10, 'c5a.12xlarge_use1-az4': 15, 'c5a.16xlarge_use1-az6': 1, 'c5a.24xlarge_use1-az2': 1, 'c5a.24xlarge_use1-az4': 1, 'c5a.24xlarge_use1-az6': 1, 'c5a.2xlarge_use1-az1': 30, 'c5a.2xlarge_use1-az2': 20, 'c5a.2xlarge_use1-az4': 50, 'c5a.2xlarge_use1-az5': 15, 'c5a.2xlarge_use1-az6': 50, 'c5a.8xlarge_use1-az1': 1, 'c5a.8xlarge_use1-az2': 1, 'c5a.8xlarge_use1-az4': 5, 'c5a.8xlarge_use1-az6': 15, 'c5a.large_use1-az1': 50, 'c5a.large_use1-az2': 50, 'c5a.large_use1-az4': 50, 'c5a.large_use1-az5': 45, 'c5a.large_use1-az6': 50, 'c5a.xlarge_use1-az5': 50, 'c5ad.12xlarge_use1-az6': 5, 'c5ad.16xlarge_use1-az2': 5, 'c5ad.16xlarge_use1-az4': 1, 'c5ad.16xlarge_use1-az6': 1, 'c5ad.24xlarge_use1-az1': 1, 'c5ad.24xlarge_use1-az2': 1, 'c5ad.24xlarge_use1-az4': 1, 'c5ad.24xlarge_use1-az6': 5, 'c5ad.2xlarge_use1-az4': 5, 'c5ad.4xlarge_use1-az4': 1, 'c5ad.8xlarge_use1-az5': 1, 'c5ad.large_use1-az1': 20, 'c5ad.large_use1-az2': 30, 'c5ad.large_use1-az4': 10, 'c5ad.large_use1-az5': 15, 'c5ad.large_use1-az6': 20, 'c5ad.xlarge_use1-az2': 10, 'c5ad.xlarge_use1-az4': 5, 'c5d.12xlarge_use1-az2': 15, 'c5d.12xlarge_use1-az6': 45, 'c5d.18xlarge_use1-az1': 5, 'c5d.18xlarge_use1-az2': 50, 'c5d.18xlarge_use1-az4': 50, 'c5d.18xlarge_use1-az5': 5, 'c5d.18xlarge_use1-az6': 30, 'c5d.24xlarge_use1-az2': 35, 'c5d.24xlarge_use1-az4': 25, 'c5d.24xlarge_use1-az6': 50, 'c5d.2xlarge_use1-az2': 50, 'c5d.2xlarge_use1-az4': 50, 'c5d.2xlarge_use1-az6': 50, 'c5d.large_use1-az1': 50, 'c5d.large_use1-az2': 50, 'c5d.large_use1-az5': 35, 'c5d.large_use1-az6': 50, 'c5d.xlarge_use1-az5': 50, 'c5n.18xlarge_use1-az1': 30, 'c5n.18xlarge_use1-az2': 5, 'c5n.18xlarge_use1-az4': 10, 'c5n.2xlarge_use1-az5': 10, 'c5n.4xlarge_use1-az6': 1, 'c5n.9xlarge_use1-az2': 1, 'c5n.9xlarge_use1-az4': 5, 'c5n.large_use1-az2': 10, 'c5n.large_use1-az5': 5, 'c5n.large_use1-az6': 5, 'c6a.12xlarge_use1-az1': 5, 'c6a.12xlarge_use1-az2': 50, 'c6a.12xlarge_use1-az4': 50, 'c6a.12xlarge_use1-az5': 1, 'c6a.12xlarge_use1-az6': 15, 'c6a.16xlarge_use1-az1': 1, 'c6a.16xlarge_use1-az2': 5, 'c6a.16xlarge_use1-az4': 10, 'c6a.16xlarge_use1-az5': 1, 'c6a.16xlarge_use1-az6': 15, 'c6a.24xlarge_use1-az1': 1, 'c6a.24xlarge_use1-az2': 5, 'c6a.24xlarge_use1-az4': 5, 'c6a.24xlarge_use1-az5': 5, 'c6a.24xlarge_use1-az6': 20, 'c6a.2xlarge_use1-az1': 10, 'c6a.2xlarge_use1-az2': 40, 'c6a.2xlarge_use1-az4': 50, 'c6a.2xlarge_use1-az5': 10, 'c6a.2xlarge_use1-az6': 50, 'c6a.32xlarge_use1-az2': 1, 'c6a.32xlarge_use1-az4': 1, 'c6a.32xlarge_use1-az5': 1, 'c6a.32xlarge_use1-az6': 5, 'c6a.48xlarge_use1-az2': 1, 'c6a.48xlarge_use1-az4': 10, 'c6a.48xlarge_use1-az5': 5, 'c6a.48xlarge_use1-az6': 25, 'c6a.4xlarge_use1-az1': 15, 'c6a.4xlarge_use1-az2': 15, 'c6a.4xlarge_use1-az4': 30, 'c6a.4xlarge_use1-az5': 15, 'c6a.4xlarge_use1-az6': 50, 'c6a.8xlarge_use1-az1': 5, 'c6a.8xlarge_use1-az2': 50, 'c6a.8xlarge_use1-az4': 30, 'c6a.8xlarge_use1-az5': 25, 'c6a.8xlarge_use1-az6': 50, 'c6a.large_use1-az1': 45, 'c6a.large_use1-az2': 50, 'c6a.large_use1-az4': 50, 'c6a.large_use1-az5': 50, 'c6a.large_use1-az6': 20, 'c6a.xlarge_use1-az1': 15, 'c6a.xlarge_use1-az2': 25, 'c6a.xlarge_use1-az4': 25, 'c6a.xlarge_use1-az5': 15, 'c6a.xlarge_use1-az6': 25, 'c6g.12xlarge_use1-az1': 15, 'c6g.12xlarge_use1-az2': 25, 'c6g.12xlarge_use1-az4': 50, 'c6g.12xlarge_use1-az5': 5, 'c6g.12xlarge_use1-az6': 50, 'c6g.16xlarge_use1-az1': 1, 'c6g.16xlarge_use1-az2': 15, 'c6g.16xlarge_use1-az4': 50, 'c6g.16xlarge_use1-az5': 5, 'c6g.16xlarge_use1-az6': 50, 'c6g.2xlarge_use1-az1': 5, 'c6g.2xlarge_use1-az2': 50, 'c6g.2xlarge_use1-az4': 50, 'c6g.2xlarge_use1-az5': 15, 'c6g.2xlarge_use1-az6': 50, 'c6g.4xlarge_use1-az1': 50, 'c6g.4xlarge_use1-az2': 50, 'c6g.4xlarge_use1-az4': 50, 'c6g.4xlarge_use1-az5': 50, 'c6g.4xlarge_use1-az6': 50, 'c6g.8xlarge_use1-az1': 50, 'c6g.8xlarge_use1-az2': 50, 'c6g.8xlarge_use1-az4': 50, 'c6g.8xlarge_use1-az5': 50, 'c6g.8xlarge_use1-az6': 50, 'c6g.large_use1-az2': 50, 'c6g.large_use1-az4': 50, 'c6g.large_use1-az5': 50, 'c6g.large_use1-az6': 50, 'c6g.xlarge_use1-az2': 50, 'c6g.xlarge_use1-az4': 50, 'c6g.xlarge_use1-az6': 50, 'c6gd.12xlarge_use1-az2': 50, 'c6gd.12xlarge_use1-az4': 30, 'c6gd.12xlarge_use1-az5': 1, 'c6gd.12xlarge_use1-az6': 50, 'c6gd.16xlarge_use1-az2': 50, 'c6gd.16xlarge_use1-az4': 30, 'c6gd.16xlarge_use1-az6': 50, 'c6gd.2xlarge_use1-az1': 15, 'c6gd.2xlarge_use1-az2': 50, 'c6gd.2xlarge_use1-az4': 50, 'c6gd.2xlarge_use1-az5': 1, 'c6gd.2xlarge_use1-az6': 50, 'c6gd.4xlarge_use1-az1': 20, 'c6gd.4xlarge_use1-az2': 50, 'c6gd.4xlarge_use1-az4': 50, 'c6gd.4xlarge_use1-az5': 10, 'c6gd.4xlarge_use1-az6': 50, 'c6gd.8xlarge_use1-az1': 25, 'c6gd.8xlarge_use1-az2': 45, 'c6gd.8xlarge_use1-az4': 45, 'c6gd.8xlarge_use1-az5': 1, 'c6gd.8xlarge_use1-az6': 50, 'c6gd.large_use1-az2': 5, 'c6gd.large_use1-az4': 20, 'c6gd.large_use1-az5': 1, 'c6gd.large_use1-az6': 50, 'c6gd.xlarge_use1-az1': 50, 'c6gd.xlarge_use1-az5': 50, 'c6gn.12xlarge_use1-az2': 25, 'c6gn.12xlarge_use1-az4': 50, 'c6gn.12xlarge_use1-az5': 1, 'c6gn.16xlarge_use1-az1': 1, 'c6gn.16xlarge_use1-az4': 50, 'c6gn.16xlarge_use1-az5': 10, 'c6gn.2xlarge_use1-az1': 5, 'c6gn.2xlarge_use1-az4': 20, 'c6gn.2xlarge_use1-az5': 1, 'c6gn.4xlarge_use1-az1': 1, 'c6gn.4xlarge_use1-az4': 35, 'c6gn.4xlarge_use1-az5': 10, 'c6gn.8xlarge_use1-az1': 25, 'c6gn.8xlarge_use1-az2': 35, 'c6gn.8xlarge_use1-az4': 30, 'c6gn.8xlarge_use1-az5': 5, 'c6gn.8xlarge_use1-az6': 5, 'c6gn.large_use1-az5': 15, 'c6gn.large_use1-az6': 1, 'c6gn.xlarge_use1-az5': 5, 'c6i.12xlarge_use1-az1': 15, 'c6i.12xlarge_use1-az2': 15, 'c6i.12xlarge_use1-az4': 30, 'c6i.12xlarge_use1-az5': 5, 'c6i.12xlarge_use1-az6': 5, 'c6i.16xlarge_use1-az1': 5, 'c6i.16xlarge_use1-az2': 15, 'c6i.16xlarge_use1-az4': 25, 'c6i.16xlarge_use1-az5': 10, 'c6i.16xlarge_use1-az6': 30, 'c6i.24xlarge_use1-az1': 5, 'c6i.24xlarge_use1-az4': 10, 'c6i.24xlarge_use1-az5': 1, 'c6i.24xlarge_use1-az6': 15, 'c6i.2xlarge_use1-az4': 50, 'c6i.2xlarge_use1-az6': 50, 'c6i.32xlarge_use1-az1': 10, 'c6i.32xlarge_use1-az2': 5, 'c6i.32xlarge_use1-az4': 50, 'c6i.32xlarge_use1-az5': 1, 'c6i.32xlarge_use1-az6': 40, 'c6i.4xlarge_use1-az1': 10, 'c6i.4xlarge_use1-az2': 40, 'c6i.4xlarge_use1-az4': 50, 'c6i.4xlarge_use1-az5': 15, 'c6i.4xlarge_use1-az6': 50, 'c6i.8xlarge_use1-az1': 10, 'c6i.8xlarge_use1-az2': 45, 'c6i.8xlarge_use1-az4': 50, 'c6i.8xlarge_use1-az5': 10, 'c6i.8xlarge_use1-az6': 50, 'c6i.large_use1-az1': 10, 'c6i.large_use1-az2': 40, 'c6i.large_use1-az4': 30, 'c6i.large_use1-az5': 10, 'c6i.large_use1-az6': 50, 'c6i.xlarge_use1-az1': 50, 'c6i.xlarge_use1-az2': 45, 'c6i.xlarge_use1-az4': 35, 'c6i.xlarge_use1-az5': 10, 'c6i.xlarge_use1-az6': 50, 'c6id.12xlarge_use1-az1': 1, 'c6id.12xlarge_use1-az2': 1, 'c6id.12xlarge_use1-az4': 5, 'c6id.12xlarge_use1-az6': 5, 'c6id.16xlarge_use1-az1': 1, 'c6id.16xlarge_use1-az2': 5, 'c6id.16xlarge_use1-az4': 5, 'c6id.16xlarge_use1-az5': 1, 'c6id.16xlarge_use1-az6': 1, 'c6id.24xlarge_use1-az1': 5, 'c6id.24xlarge_use1-az2': 15, 'c6id.24xlarge_use1-az4': 5, 'c6id.24xlarge_use1-az5': 1, 'c6id.24xlarge_use1-az6': 10, 'c6id.2xlarge_use1-az2': 1, 'c6id.2xlarge_use1-az4': 5, 'c6id.32xlarge_use1-az1': 1, 'c6id.32xlarge_use1-az2': 5, 'c6id.32xlarge_use1-az4': 10, 'c6id.32xlarge_use1-az5': 1, 'c6id.32xlarge_use1-az6': 5, 'c6id.4xlarge_use1-az2': 10, 'c6id.4xlarge_use1-az6': 5, 'c6id.8xlarge_use1-az4': 5, 'c6id.large_use1-az2': 5, 'c6id.large_use1-az5': 5, 'c6id.large_use1-az6': 5, 'c6id.xlarge_use1-az1': 5, 'c6id.xlarge_use1-az2': 1, 'c6id.xlarge_use1-az4': 5, 'c6id.xlarge_use1-az5': 1, 'c6id.xlarge_use1-az6': 1, 'c6in.24xlarge_use1-az6': 1, 'c6in.32xlarge_use1-az6': 1, 'c6in.4xlarge_use1-az2': 5, 'c6in.4xlarge_use1-az4': 5, 'c6in.large_use1-az2': 1, 'c6in.large_use1-az4': 1, 'c6in.large_use1-az5': 1, 'c6in.large_use1-az6': 5, 'c7a.12xlarge_use1-az1': 5, 'c7a.12xlarge_use1-az2': 5, 'c7a.12xlarge_use1-az4': 1, 'c7a.12xlarge_use1-az6': 15, 'c7a.16xlarge_use1-az1': 1, 'c7a.16xlarge_use1-az2': 1, 'c7a.16xlarge_use1-az6': 5, 'c7a.24xlarge_use1-az1': 1, 'c7a.24xlarge_use1-az2': 1, 'c7a.24xlarge_use1-az5': 1, 'c7a.24xlarge_use1-az6': 5, 'c7a.2xlarge_use1-az1': 1, 'c7a.2xlarge_use1-az2': 1, 'c7a.2xlarge_use1-az5': 1, 'c7a.2xlarge_use1-az6': 10, 'c7a.32xlarge_use1-az1': 1, 'c7a.32xlarge_use1-az2': 1, 'c7a.32xlarge_use1-az6': 15, 'c7a.48xlarge_use1-az1': 1, 'c7a.48xlarge_use1-az2': 1, 'c7a.48xlarge_use1-az5': 1, 'c7a.48xlarge_use1-az6': 20, 'c7a.4xlarge_use1-az1': 5, 'c7a.4xlarge_use1-az2': 10, 'c7a.4xlarge_use1-az4': 5, 'c7a.4xlarge_use1-az5': 1, 'c7a.4xlarge_use1-az6': 50, 'c7a.8xlarge_use1-az1': 1, 'c7a.8xlarge_use1-az2': 1, 'c7a.8xlarge_use1-az4': 1, 'c7a.8xlarge_use1-az6': 10, 'c7a.large_use1-az1': 15, 'c7a.large_use1-az2': 25, 'c7a.large_use1-az4': 30, 'c7a.large_use1-az5': 10, 'c7a.large_use1-az6': 50, 'c7a.xlarge_use1-az1': 5, 'c7a.xlarge_use1-az2': 5, 'c7a.xlarge_use1-az4': 10, 'c7a.xlarge_use1-az5': 5, 'c7a.xlarge_use1-az6': 15, 'c7g.12xlarge_use1-az1': 15, 'c7g.12xlarge_use1-az2': 50, 'c7g.12xlarge_use1-az4': 15, 'c7g.12xlarge_use1-az5': 1, 'c7g.12xlarge_use1-az6': 50, 'c7g.16xlarge_use1-az1': 25, 'c7g.16xlarge_use1-az2': 40, 'c7g.16xlarge_use1-az4': 50, 'c7g.16xlarge_use1-az5': 10, 'c7g.16xlarge_use1-az6': 50, 'c7g.2xlarge_use1-az1': 50, 'c7g.2xlarge_use1-az2': 50, 'c7g.2xlarge_use1-az4': 50, 'c7g.2xlarge_use1-az5': 50, 'c7g.2xlarge_use1-az6': 50, 'c7g.4xlarge_use1-az1': 50, 'c7g.4xlarge_use1-az2': 50, 'c7g.4xlarge_use1-az4': 50, 'c7g.4xlarge_use1-az5': 50, 'c7g.4xlarge_use1-az6': 50, 'c7g.8xlarge_use1-az1': 50, 'c7g.8xlarge_use1-az2': 50, 'c7g.8xlarge_use1-az4': 50, 'c7g.8xlarge_use1-az5': 50, 'c7g.8xlarge_use1-az6': 50, 'c7g.large_use1-az2': 45, 'c7g.large_use1-az4': 30, 'c7g.large_use1-az5': 10, 'c7g.large_use1-az6': 30, 'c7g.xlarge_use1-az2': 50, 'c7g.xlarge_use1-az4': 50, 'c7g.xlarge_use1-az5': 50, 'c7g.xlarge_use1-az6': 50, 'c7gd.12xlarge_use1-az1': 5, 'c7gd.12xlarge_use1-az2': 30, 'c7gd.12xlarge_use1-az4': 15, 'c7gd.12xlarge_use1-az5': 15, 'c7gd.12xlarge_use1-az6': 50, 'c7gd.16xlarge_use1-az1': 5, 'c7gd.16xlarge_use1-az2': 30, 'c7gd.16xlarge_use1-az4': 40, 'c7gd.16xlarge_use1-az5': 1, 'c7gd.16xlarge_use1-az6': 50, 'c7gd.2xlarge_use1-az1': 15, 'c7gd.2xlarge_use1-az2': 50, 'c7gd.2xlarge_use1-az4': 50, 'c7gd.2xlarge_use1-az5': 5, 'c7gd.2xlarge_use1-az6': 50, 'c7gd.4xlarge_use1-az1': 30, 'c7gd.4xlarge_use1-az2': 25, 'c7gd.4xlarge_use1-az4': 50, 'c7gd.4xlarge_use1-az5': 1, 'c7gd.4xlarge_use1-az6': 50, 'c7gd.8xlarge_use1-az1': 5, 'c7gd.8xlarge_use1-az2': 15, 'c7gd.8xlarge_use1-az4': 10, 'c7gd.8xlarge_use1-az5': 5, 'c7gd.8xlarge_use1-az6': 20, 'c7gd.large_use1-az2': 25, 'c7gd.large_use1-az4': 5, 'c7gd.large_use1-az5': 10, 'c7gd.large_use1-az6': 20, 'c7gd.xlarge_use1-az1': 15, 'c7gd.xlarge_use1-az2': 50, 'c7gd.xlarge_use1-az4': 5, 'c7gd.xlarge_use1-az5': 15, 'c7gd.xlarge_use1-az6': 25, 'c7gn.12xlarge_use1-az5': 1, 'c7gn.16xlarge_use1-az5': 5, 'c7gn.16xlarge_use1-az6': 20, 'c7gn.2xlarge_use1-az5': 1, 'c7gn.4xlarge_use1-az2': 50, 'c7gn.4xlarge_use1-az5': 1, 'c7gn.4xlarge_use1-az6': 50, 'c7gn.8xlarge_use1-az5': 1, 'c7gn.8xlarge_use1-az6': 5, 'c7gn.xlarge_use1-az5': 5, 'c7i-flex.2xlarge_use1-az5': 15, 'c7i-flex.4xlarge_use1-az1': 1, 'c7i-flex.4xlarge_use1-az2': 1, 'c7i-flex.4xlarge_use1-az4': 1, 'c7i-flex.4xlarge_use1-az6': 5, 'c7i-flex.8xlarge_use1-az1': 1, 'c7i-flex.8xlarge_use1-az2': 1, 'c7i-flex.8xlarge_use1-az4': 1, 'c7i-flex.8xlarge_use1-az6': 5, 'c7i-flex.large_use1-az1': 40, 'c7i-flex.large_use1-az2': 50, 'c7i-flex.large_use1-az4': 10, 'c7i-flex.large_use1-az5': 1, 'c7i-flex.large_use1-az6': 50, 'c7i-flex.xlarge_use1-az2': 50, 'c7i-flex.xlarge_use1-az4': 50, 'c7i-flex.xlarge_use1-az5': 5, 'c7i.12xlarge_use1-az1': 5, 'c7i.12xlarge_use1-az2': 15, 'c7i.12xlarge_use1-az4': 15, 'c7i.12xlarge_use1-az6': 5, 'c7i.16xlarge_use1-az1': 1, 'c7i.16xlarge_use1-az2': 5, 'c7i.16xlarge_use1-az4': 1, 'c7i.16xlarge_use1-az6': 15, 'c7i.24xlarge_use1-az1': 5, 'c7i.24xlarge_use1-az2': 5, 'c7i.24xlarge_use1-az4': 5, 'c7i.24xlarge_use1-az6': 15, 'c7i.2xlarge_use1-az1': 10, 'c7i.2xlarge_use1-az2': 10, 'c7i.2xlarge_use1-az4': 10, 'c7i.2xlarge_use1-az5': 5, 'c7i.2xlarge_use1-az6': 25, 'c7i.48xlarge_use1-az1': 10, 'c7i.48xlarge_use1-az2': 10, 'c7i.48xlarge_use1-az4': 5, 'c7i.48xlarge_use1-az5': 1, 'c7i.48xlarge_use1-az6': 50, 'c7i.4xlarge_use1-az1': 5, 'c7i.4xlarge_use1-az2': 5, 'c7i.4xlarge_use1-az4': 5, 'c7i.4xlarge_use1-az5': 1, 'c7i.4xlarge_use1-az6': 15, 'c7i.8xlarge_use1-az1': 1, 'c7i.8xlarge_use1-az2': 5, 'c7i.8xlarge_use1-az4': 5, 'c7i.8xlarge_use1-az6': 10, 'c7i.large_use1-az1': 45, 'c7i.large_use1-az2': 50, 'c7i.large_use1-az4': 50, 'c7i.large_use1-az5': 5, 'c7i.large_use1-az6': 50, 'c7i.xlarge_use1-az1': 5, 'c7i.xlarge_use1-az2': 10, 'c7i.xlarge_use1-az4': 5, 'c7i.xlarge_use1-az5': 1, 'c7i.xlarge_use1-az6': 5, 'c8g.12xlarge_use1-az1': 1, 'c8g.12xlarge_use1-az2': 5, 'c8g.12xlarge_use1-az4': 1, 'c8g.12xlarge_use1-az6': 25, 'c8g.16xlarge_use1-az1': 10, 'c8g.16xlarge_use1-az2': 5, 'c8g.16xlarge_use1-az4': 1, 'c8g.16xlarge_use1-az6': 50, 'c8g.24xlarge_use1-az1': 5, 'c8g.24xlarge_use1-az2': 10, 'c8g.24xlarge_use1-az4': 1, 'c8g.24xlarge_use1-az6': 25, 'c8g.2xlarge_use1-az1': 5, 'c8g.2xlarge_use1-az2': 5, 'c8g.2xlarge_use1-az4': 50, 'c8g.2xlarge_use1-az5': 1, 'c8g.2xlarge_use1-az6': 50, 'c8g.48xlarge_use1-az1': 1, 'c8g.48xlarge_use1-az2': 5, 'c8g.48xlarge_use1-az6': 50, 'c8g.4xlarge_use1-az1': 35, 'c8g.4xlarge_use1-az2': 15, 'c8g.4xlarge_use1-az4': 20, 'c8g.4xlarge_use1-az5': 10, 'c8g.4xlarge_use1-az6': 50, 'c8g.8xlarge_use1-az1': 1, 'c8g.8xlarge_use1-az2': 5, 'c8g.8xlarge_use1-az4': 5, 'c8g.8xlarge_use1-az6': 50, 'c8g.large_use1-az1': 5, 'c8g.large_use1-az2': 20, 'c8g.large_use1-az4': 5, 'c8g.large_use1-az5': 1, 'c8g.large_use1-az6': 40, 'c8g.metal-24xl_use1-az2': 1, 'c8g.metal-24xl_use1-az6': 20, 'c8g.metal-48xl_use1-az1': 1, 'c8g.metal-48xl_use1-az2': 1, 'c8g.metal-48xl_use1-az6': 50, 'c8g.xlarge_use1-az1': 5, 'c8g.xlarge_use1-az2': 30, 'c8g.xlarge_use1-az4': 5, 'c8g.xlarge_use1-az5': 1, 'c8g.xlarge_use1-az6': 50, 'c8gd.12xlarge_use1-az2': 5, 'c8gd.12xlarge_use1-az4': 5, 'c8gd.12xlarge_use1-az5': 1, 'c8gd.12xlarge_use1-az6': 5, 'c8gd.16xlarge_use1-az2': 10, 'c8gd.16xlarge_use1-az4': 10, 'c8gd.16xlarge_use1-az5': 5, 'c8gd.16xlarge_use1-az6': 50, 'c8gd.24xlarge_use1-az2': 1, 'c8gd.24xlarge_use1-az4': 5, 'c8gd.24xlarge_use1-az5': 1, 'c8gd.24xlarge_use1-az6': 5, 'c8gd.2xlarge_use1-az2': 50, 'c8gd.2xlarge_use1-az4': 50, 'c8gd.2xlarge_use1-az5': 10, 'c8gd.2xlarge_use1-az6': 50, 'c8gd.48xlarge_use1-az2': 1, 'c8gd.48xlarge_use1-az6': 15, 'c8gd.4xlarge_use1-az2': 10, 'c8gd.4xlarge_use1-az4': 30, 'c8gd.4xlarge_use1-az5': 1, 'c8gd.4xlarge_use1-az6': 50, 'c8gd.8xlarge_use1-az2': 1, 'c8gd.8xlarge_use1-az4': 1, 'c8gd.8xlarge_use1-az5': 1, 'c8gd.large_use1-az1': 1, 'c8gd.large_use1-az2': 40, 'c8gd.large_use1-az4': 35, 'c8gd.large_use1-az6': 50, 'c8gd.metal-24xl_use1-az2': 1, 'c8gd.metal-24xl_use1-az4': 1, 'c8gd.metal-24xl_use1-az5': 1, 'c8gd.metal-24xl_use1-az6': 5, 'c8gd.metal-48xl_use1-az2': 1, 'c8gd.metal-48xl_use1-az6': 1, 'c8gd.xlarge_use1-az1': 1, 'c8gd.xlarge_use1-az2': 20, 'c8gd.xlarge_use1-az4': 20, 'c8gd.xlarge_use1-az5': 15, 'c8gd.xlarge_use1-az6': 50, 'c8gn.2xlarge_use1-az2': 1, 'c8gn.4xlarge_use1-az2': 1, 'c8gn.4xlarge_use1-az5': 1, 'c8gn.8xlarge_use1-az2': 1, 'c8gn.8xlarge_use1-az6': 1, 'c8gn.large_use1-az6': 1, 'c8i-flex.12xlarge_use1-az6': 1, 'c8i-flex.16xlarge_use1-az6': 1, 'c8i-flex.2xlarge_use1-az2': 25, 'c8i-flex.2xlarge_use1-az4': 15, 'c8i-flex.2xlarge_use1-az6': 50, 'c8i-flex.4xlarge_use1-az2': 5, 'c8i-flex.4xlarge_use1-az4': 1, 'c8i-flex.4xlarge_use1-az6': 5, 'c8i-flex.8xlarge_use1-az6': 1, 'c8i-flex.large_use1-az4': 20, 'c8i-flex.xlarge_use1-az2': 40, 'c8i-flex.xlarge_use1-az4': 5, 'c8i-flex.xlarge_use1-az6': 50, 'c8i.12xlarge_use1-az2': 1, 'c8i.12xlarge_use1-az4': 1, 'c8i.12xlarge_use1-az6': 1, 'c8i.16xlarge_use1-az6': 1, 'c8i.24xlarge_use1-az6': 1, 'c8i.2xlarge_use1-az2': 10, 'c8i.2xlarge_use1-az4': 5, 'c8i.2xlarge_use1-az6': 20, 'c8i.32xlarge_use1-az2': 1, 'c8i.32xlarge_use1-az4': 1, 'c8i.32xlarge_use1-az6': 5, 'c8i.48xlarge_use1-az2': 1, 'c8i.48xlarge_use1-az6': 1, 'c8i.4xlarge_use1-az2': 5, 'c8i.4xlarge_use1-az4': 5, 'c8i.4xlarge_use1-az6': 5, 'c8i.8xlarge_use1-az2': 1, 'c8i.8xlarge_use1-az4': 1, 'c8i.8xlarge_use1-az6': 5, 'c8i.96xlarge_use1-az2': 1, 'c8i.96xlarge_use1-az6': 5, 'c8i.metal-48xl_use1-az2': 1, 'c8i.metal-96xl_use1-az2': 1, 'c8i.metal-96xl_use1-az6': 5, 'c8i.xlarge_use1-az2': 50, 'c8i.xlarge_use1-az4': 15, 'c8i.xlarge_use1-az6': 50, 'd3.xlarge_use1-az2': 50, 'd3en.12xlarge_use1-az6': 50, 'd3en.xlarge_use1-az6': 50, 'f2.12xlarge_use1-az2': 1, 'f2.12xlarge_use1-az4': 1, 'f2.12xlarge_use1-az6': 1, 'f2.48xlarge_use1-az2': 5, 'f2.48xlarge_use1-az4': 5, 'f2.48xlarge_use1-az6': 1, 'g4ad.16xlarge_use1-az1': 5, 'g4ad.16xlarge_use1-az2': 5, 'g4ad.16xlarge_use1-az4': 5, 'g4ad.16xlarge_use1-az6': 10, 'g4ad.2xlarge_use1-az1': 5, 'g4ad.2xlarge_use1-az2': 10, 'g4ad.2xlarge_use1-az4': 10, 'g4ad.2xlarge_use1-az6': 10, 'g4ad.4xlarge_use1-az1': 10, 'g4ad.4xlarge_use1-az2': 15, 'g4ad.4xlarge_use1-az4': 15, 'g4ad.4xlarge_use1-az6': 5, 'g4ad.8xlarge_use1-az1': 1, 'g4ad.8xlarge_use1-az2': 5, 'g4ad.8xlarge_use1-az4': 5, 'g4ad.8xlarge_use1-az6': 5, 'g4ad.xlarge_use1-az1': 20, 'g4ad.xlarge_use1-az2': 20, 'g4ad.xlarge_use1-az4': 25, 'g4ad.xlarge_use1-az6': 20, 'g4dn.12xlarge_use1-az1': 5, 'g4dn.12xlarge_use1-az2': 15, 'g4dn.12xlarge_use1-az4': 15, 'g4dn.12xlarge_use1-az5': 15, 'g4dn.12xlarge_use1-az6': 50, 'g4dn.16xlarge_use1-az1': 1, 'g4dn.16xlarge_use1-az2': 10, 'g4dn.16xlarge_use1-az4': 1, 'g4dn.16xlarge_use1-az5': 5, 'g4dn.16xlarge_use1-az6': 15, 'g4dn.2xlarge_use1-az1': 45, 'g4dn.2xlarge_use1-az2': 50, 'g4dn.2xlarge_use1-az4': 50, 'g4dn.2xlarge_use1-az5': 50, 'g4dn.4xlarge_use1-az1': 5, 'g4dn.4xlarge_use1-az2': 40, 'g4dn.4xlarge_use1-az4': 25, 'g4dn.4xlarge_use1-az5': 40, 'g4dn.4xlarge_use1-az6': 40, 'g4dn.8xlarge_use1-az1': 1, 'g4dn.8xlarge_use1-az2': 1, 'g4dn.8xlarge_use1-az4': 10, 'g4dn.8xlarge_use1-az5': 1, 'g4dn.8xlarge_use1-az6': 5, 'g5.16xlarge_use1-az1': 1, 'g5.16xlarge_use1-az2': 1, 'g5.16xlarge_use1-az4': 5, 'g5.16xlarge_use1-az5': 5, 'g5.16xlarge_use1-az6': 10, 'g5.24xlarge_use1-az1': 1, 'g5.24xlarge_use1-az2': 1, 'g5.24xlarge_use1-az4': 1, 'g5.24xlarge_use1-az5': 1, 'g5.24xlarge_use1-az6': 5, 'g5.48xlarge_use1-az2': 1, 'g5.48xlarge_use1-az5': 5, 'g5.48xlarge_use1-az6': 25, 'g5.4xlarge_use1-az1': 1, 'g5.8xlarge_use1-az1': 1, 'g5.8xlarge_use1-az2': 5, 'g5.8xlarge_use1-az4': 10, 'g5.8xlarge_use1-az5': 20, 'g5.8xlarge_use1-az6': 10, 'g5g.16xlarge_use1-az1': 1, 'g5g.16xlarge_use1-az6': 5, 'g6.12xlarge_use1-az1': 5, 'g6.12xlarge_use1-az2': 1, 'g6.12xlarge_use1-az4': 30, 'g6.12xlarge_use1-az6': 50, 'g6.16xlarge_use1-az1': 1, 'g6.16xlarge_use1-az2': 1, 'g6.16xlarge_use1-az4': 1, 'g6.16xlarge_use1-az6': 5, 'g6.24xlarge_use1-az2': 1, 'g6.24xlarge_use1-az4': 1, 'g6.24xlarge_use1-az6': 1, 'g6.48xlarge_use1-az2': 5, 'g6.48xlarge_use1-az4': 30, 'g6.48xlarge_use1-az6': 50, 'g6.4xlarge_use1-az1': 5, 'g6.4xlarge_use1-az2': 10, 'g6.4xlarge_use1-az4': 35, 'g6.4xlarge_use1-az6': 50, 'g6.8xlarge_use1-az1': 5, 'g6.8xlarge_use1-az2': 5, 'g6.8xlarge_use1-az4': 10, 'g6.8xlarge_use1-az6': 15, 'g6e.16xlarge_use1-az1': 10, 'g6e.16xlarge_use1-az2': 15, 'g6e.16xlarge_use1-az4': 40, 'g6e.16xlarge_use1-az6': 20, 'g6e.4xlarge_use1-az4': 5, 'g6e.8xlarge_use1-az1': 1, 'g6e.8xlarge_use1-az2': 1, 'g6e.8xlarge_use1-az4': 1, 'g6e.8xlarge_use1-az6': 1, 'g6f.2xlarge_use1-az1': 1, 'g6f.2xlarge_use1-az4': 1, 'g6f.2xlarge_use1-az6': 5, 'g6f.4xlarge_use1-az1': 1, 'g6f.4xlarge_use1-az4': 1, 'g6f.4xlarge_use1-az6': 1, 'g6f.large_use1-az1': 10, 'g6f.large_use1-az2': 15, 'g6f.large_use1-az4': 40, 'g6f.large_use1-az6': 20, 'g6f.xlarge_use1-az1': 1, 'g6f.xlarge_use1-az2': 1, 'g6f.xlarge_use1-az4': 5, 'g6f.xlarge_use1-az6': 10, 'gr6.4xlarge_use1-az2': 1, 'gr6.4xlarge_use1-az4': 1, 'gr6.4xlarge_use1-az6': 1, 'gr6.8xlarge_use1-az1': 1, 'gr6.8xlarge_use1-az2': 1, 'gr6.8xlarge_use1-az4': 1, 'gr6.8xlarge_use1-az6': 1, 'i2.xlarge_use1-az1': 1, 'i2.xlarge_use1-az2': 15, 'i2.xlarge_use1-az3': 1, 'i3.16xlarge_use1-az1': 20, 'i3.16xlarge_use1-az2': 50, 'i3.16xlarge_use1-az3': 10, 'i3.16xlarge_use1-az4': 50, 'i3.16xlarge_use1-az5': 10, 'i3.16xlarge_use1-az6': 45, 'i3.2xlarge_use1-az2': 50, 'i3.8xlarge_use1-az3': 50, 'i3.8xlarge_use1-az5': 25, 'i3.large_use1-az1': 50, 'i3.large_use1-az2': 50, 'i3.large_use1-az3': 50, 'i3.large_use1-az4': 50, 'i3.large_use1-az5': 50, 'i3.large_use1-az6': 50, 'i3.xlarge_use1-az1': 50, 'i3.xlarge_use1-az2': 50, 'i3.xlarge_use1-az3': 50, 'i3.xlarge_use1-az4': 50, 'i3.xlarge_use1-az5': 50, 'i3.xlarge_use1-az6': 50, 'i3en.24xlarge_use1-az6': 20, 'i3en.large_use1-az6': 50, 'i3en.xlarge_use1-az1': 50, 'i3en.xlarge_use1-az4': 50, 'i4g.16xlarge_use1-az4': 1, 'i4g.16xlarge_use1-az5': 50, 'i4g.16xlarge_use1-az6': 50, 'i4g.2xlarge_use1-az2': 10, 'i4g.2xlarge_use1-az4': 15, 'i4g.2xlarge_use1-az5': 40, 'i4g.2xlarge_use1-az6': 50, 'i4g.4xlarge_use1-az2': 25, 'i4g.large_use1-az2': 5, 'i4g.large_use1-az4': 5, 'i4g.large_use1-az5': 25, 'i4g.large_use1-az6': 50, 'i4g.xlarge_use1-az2': 10, 'i4g.xlarge_use1-az4': 1, 'i4g.xlarge_use1-az5': 50, 'i4g.xlarge_use1-az6': 50, 'i4i.12xlarge_use1-az2': 5, 'i4i.16xlarge_use1-az6': 1, 'i4i.24xlarge_use1-az2': 1, 'i4i.2xlarge_use1-az2': 50, 'i4i.2xlarge_use1-az4': 50, 'i4i.2xlarge_use1-az5': 1, 'i4i.2xlarge_use1-az6': 50, 'i4i.8xlarge_use1-az1': 1, 'i4i.large_use1-az1': 50, 'i4i.large_use1-az2': 50, 'i4i.large_use1-az4': 50, 'i4i.large_use1-az5': 50, 'i4i.large_use1-az6': 50, 'i4i.xlarge_use1-az1': 50, 'i4i.xlarge_use1-az2': 50, 'i4i.xlarge_use1-az4': 50, 'i4i.xlarge_use1-az5': 50, 'i4i.xlarge_use1-az6': 50, 'i7i.12xlarge_use1-az1': 1, 'i7i.12xlarge_use1-az2': 1, 'i7i.12xlarge_use1-az4': 1, 'i7i.12xlarge_use1-az5': 1, 'i7i.12xlarge_use1-az6': 1, 'i7i.16xlarge_use1-az2': 1, 'i7i.16xlarge_use1-az4': 5, 'i7i.16xlarge_use1-az5': 1, 'i7i.16xlarge_use1-az6': 1, 'i7i.24xlarge_use1-az2': 1, 'i7i.24xlarge_use1-az4': 1, 'i7i.24xlarge_use1-az5': 1, 'i7i.24xlarge_use1-az6': 1, 'i7i.2xlarge_use1-az1': 1, 'i7i.2xlarge_use1-az2': 50, 'i7i.2xlarge_use1-az4': 45, 'i7i.2xlarge_use1-az5': 20, 'i7i.2xlarge_use1-az6': 10, 'i7i.48xlarge_use1-az2': 1, 'i7i.4xlarge_use1-az1': 1, 'i7i.4xlarge_use1-az2': 15, 'i7i.4xlarge_use1-az4': 20, 'i7i.4xlarge_use1-az5': 5, 'i7i.4xlarge_use1-az6': 20, 'i7i.8xlarge_use1-az1': 1, 'i7i.8xlarge_use1-az2': 1, 'i7i.8xlarge_use1-az4': 5, 'i7i.8xlarge_use1-az5': 1, 'i7i.8xlarge_use1-az6': 1, 'i7i.metal-24xl_use1-az2': 1, 'i7i.metal-24xl_use1-az4': 50, 'i7i.metal-24xl_use1-az6': 35, 'i7i.xlarge_use1-az1': 1, 'i7i.xlarge_use1-az6': 20, 'i7ie.18xlarge_use1-az6': 20, 'i7ie.24xlarge_use1-az6': 50, 'i7ie.2xlarge_use1-az2': 1, 'i7ie.2xlarge_use1-az4': 15, 'i7ie.3xlarge_use1-az2': 1, 'i7ie.48xlarge_use1-az6': 50, 'i7ie.6xlarge_use1-az6': 50, 'i7ie.large_use1-az1': 45, 'i7ie.large_use1-az4': 50, 'i7ie.large_use1-az6': 50, 'i7ie.metal-24xl_use1-az4': 1, 'i7ie.metal-24xl_use1-az6': 15, 'i7ie.metal-48xl_use1-az6': 10, 'i7ie.xlarge_use1-az1': 10, 'i7ie.xlarge_use1-az4': 45, 'i7ie.xlarge_use1-az6': 50, 'i8g.12xlarge_use1-az6': 1, 'i8g.24xlarge_use1-az6': 10, 'i8g.2xlarge_use1-az2': 1, 'i8g.4xlarge_use1-az2': 1, 'i8g.8xlarge_use1-az6': 5, 'i8g.large_use1-az2': 10, 'i8g.large_use1-az6': 5, 'i8g.xlarge_use1-az2': 1, 'i8g.xlarge_use1-az4': 1, 'i8g.xlarge_use1-az6': 1, 'i8ge.12xlarge_use1-az4': 1, 'i8ge.12xlarge_use1-az6': 5, 'i8ge.18xlarge_use1-az2': 1, 'i8ge.18xlarge_use1-az4': 1, 'i8ge.18xlarge_use1-az6': 5, 'i8ge.24xlarge_use1-az4': 1, 'i8ge.24xlarge_use1-az6': 5, 'i8ge.2xlarge_use1-az4': 10, 'i8ge.3xlarge_use1-az2': 1, 'i8ge.3xlarge_use1-az4': 5, 'i8ge.48xlarge_use1-az4': 5, 'i8ge.6xlarge_use1-az2': 1, 'i8ge.6xlarge_use1-az4': 1, 'i8ge.large_use1-az2': 5, 'i8ge.large_use1-az4': 50, 'i8ge.metal-24xl_use1-az4': 1, 'i8ge.metal-48xl_use1-az6': 1, 'i8ge.xlarge_use1-az4': 20, 'im4gn.16xlarge_use1-az4': 45, 'im4gn.2xlarge_use1-az1': 10, 'im4gn.2xlarge_use1-az4': 20, 'im4gn.2xlarge_use1-az6': 15, 'im4gn.4xlarge_use1-az1': 5, 'im4gn.8xlarge_use1-az1': 1, 'im4gn.8xlarge_use1-az4': 5, 'im4gn.large_use1-az2': 10, 'im4gn.large_use1-az6': 10, 'im4gn.xlarge_use1-az1': 25, 'im4gn.xlarge_use1-az4': 30, 'im4gn.xlarge_use1-az6': 40, 'inf1.24xlarge_use1-az1': 1, 'inf1.24xlarge_use1-az2': 1, 'inf1.24xlarge_use1-az4': 10, 'inf1.24xlarge_use1-az5': 5, 'inf1.24xlarge_use1-az6': 20, 'inf1.2xlarge_use1-az1': 15, 'inf1.2xlarge_use1-az2': 15, 'inf1.2xlarge_use1-az4': 30, 'inf1.2xlarge_use1-az5': 40, 'inf1.2xlarge_use1-az6': 40, 'inf1.6xlarge_use1-az1': 1, 'inf1.6xlarge_use1-az2': 1, 'inf1.6xlarge_use1-az4': 5, 'inf1.6xlarge_use1-az5': 5, 'inf1.6xlarge_use1-az6': 10, 'inf1.xlarge_use1-az1': 50, 'inf1.xlarge_use1-az2': 50, 'inf1.xlarge_use1-az4': 40, 'inf1.xlarge_use1-az5': 50, 'inf1.xlarge_use1-az6': 50, 'inf2.24xlarge_use1-az4': 1, 'inf2.24xlarge_use1-az6': 10, 'inf2.48xlarge_use1-az6': 15, 'inf2.8xlarge_use1-az2': 5, 'inf2.8xlarge_use1-az4': 5, 'inf2.8xlarge_use1-az5': 1, 'inf2.8xlarge_use1-az6': 1, 'inf2.xlarge_use1-az2': 5, 'inf2.xlarge_use1-az6': 50, 'is4gen.medium_use1-az1': 50, 'is4gen.medium_use1-az4': 40, 'is4gen.medium_use1-az6': 30, 'm2.2xlarge_use1-az1': 5, 'm2.2xlarge_use1-az2': 10, 'm2.2xlarge_use1-az4': 15, 'm2.2xlarge_use1-az6': 5, 'm2.4xlarge_use1-az1': 1, 'm2.4xlarge_use1-az2': 5, 'm2.4xlarge_use1-az4': 5, 'm2.4xlarge_use1-az6': 5, 'm2.xlarge_use1-az1': 5, 'm2.xlarge_use1-az2': 20, 'm2.xlarge_use1-az4': 20, 'm2.xlarge_use1-az6': 15, 'm3.2xlarge_use1-az3': 1, 'm3.xlarge_use1-az2': 50, 'm3.xlarge_use1-az3': 1, 'm3.xlarge_use1-az4': 50, 'm3.xlarge_use1-az6': 50, 'm4.10xlarge_use1-az1': 5, 'm4.10xlarge_use1-az2': 10, 'm4.10xlarge_use1-az3': 1, 'm4.10xlarge_use1-az4': 50, 'm4.10xlarge_use1-az5': 1, 'm4.10xlarge_use1-az6': 50, 'm4.2xlarge_use1-az1': 5, 'm4.2xlarge_use1-az2': 20, 'm4.2xlarge_use1-az3': 50, 'm4.2xlarge_use1-az4': 20, 'm4.2xlarge_use1-az5': 1, 'm4.2xlarge_use1-az6': 25, 'm4.4xlarge_use1-az1': 50, 'm4.4xlarge_use1-az2': 50, 'm4.4xlarge_use1-az3': 50, 'm4.4xlarge_use1-az4': 25, 'm4.4xlarge_use1-az5': 10, 'm4.4xlarge_use1-az6': 15, 'm4.large_use1-az1': 30, 'm4.large_use1-az2': 50, 'm4.large_use1-az3': 25, 'm4.large_use1-az4': 50, 'm4.large_use1-az5': 10, 'm4.large_use1-az6': 50, 'm4.xlarge_use1-az1': 15, 'm4.xlarge_use1-az2': 50, 'm4.xlarge_use1-az3': 50, 'm4.xlarge_use1-az4': 50, 'm4.xlarge_use1-az5': 30, 'm4.xlarge_use1-az6': 50, 'm5.12xlarge_use1-az1': 5, 'm5.12xlarge_use1-az2': 25, 'm5.12xlarge_use1-az4': 50, 'm5.12xlarge_use1-az5': 1, 'm5.12xlarge_use1-az6': 40, 'm5.16xlarge_use1-az1': 10, 'm5.16xlarge_use1-az2': 50, 'm5.16xlarge_use1-az4': 50, 'm5.16xlarge_use1-az5': 1, 'm5.16xlarge_use1-az6': 50, 'm5.24xlarge_use1-az1': 5, 'm5.24xlarge_use1-az2': 5, 'm5.24xlarge_use1-az4': 5, 'm5.24xlarge_use1-az5': 1, 'm5.24xlarge_use1-az6': 35, 'm5.2xlarge_use1-az1': 50, 'm5.2xlarge_use1-az2': 50, 'm5.2xlarge_use1-az4': 50, 'm5.2xlarge_use1-az5': 50, 'm5.2xlarge_use1-az6': 50, 'm5.4xlarge_use1-az1': 50, 'm5.4xlarge_use1-az2': 50, 'm5.4xlarge_use1-az4': 50, 'm5.4xlarge_use1-az5': 10, 'm5.4xlarge_use1-az6': 50, 'm5.8xlarge_use1-az1': 50, 'm5.8xlarge_use1-az2': 40, 'm5.8xlarge_use1-az4': 50, 'm5.8xlarge_use1-az5': 1, 'm5.8xlarge_use1-az6': 50, 'm5.large_use1-az1': 50, 'm5.large_use1-az2': 50, 'm5.large_use1-az4': 50, 'm5.large_use1-az5': 50, 'm5.large_use1-az6': 50, 'm5.xlarge_use1-az1': 50, 'm5.xlarge_use1-az2': 50, 'm5.xlarge_use1-az4': 50, 'm5.xlarge_use1-az5': 50, 'm5.xlarge_use1-az6': 50, 'm5a.12xlarge_use1-az2': 1, 'm5a.12xlarge_use1-az4': 1, 'm5a.12xlarge_use1-az6': 1, 'm5a.16xlarge_use1-az2': 1, 'm5a.16xlarge_use1-az4': 1, 'm5a.16xlarge_use1-az6': 1, 'm5a.24xlarge_use1-az1': 1, 'm5a.24xlarge_use1-az2': 1, 'm5a.24xlarge_use1-az4': 1, 'm5a.24xlarge_use1-az5': 5, 'm5a.24xlarge_use1-az6': 5, 'm5a.2xlarge_use1-az1': 10, 'm5a.2xlarge_use1-az2': 25, 'm5a.2xlarge_use1-az4': 25, 'm5a.2xlarge_use1-az5': 5, 'm5a.2xlarge_use1-az6': 45, 'm5a.4xlarge_use1-az1': 5, 'm5a.4xlarge_use1-az2': 10, 'm5a.4xlarge_use1-az4': 5, 'm5a.4xlarge_use1-az5': 10, 'm5a.4xlarge_use1-az6': 15, 'm5a.8xlarge_use1-az1': 1, 'm5a.8xlarge_use1-az2': 20, 'm5a.8xlarge_use1-az4': 20, 'm5a.8xlarge_use1-az5': 1, 'm5a.8xlarge_use1-az6': 5, 'm5a.large_use1-az1': 50, 'm5a.large_use1-az2': 50, 'm5a.large_use1-az4': 50, 'm5a.large_use1-az5': 45, 'm5a.large_use1-az6': 50, 'm5a.xlarge_use1-az1': 10, 'm5a.xlarge_use1-az2': 30, 'm5a.xlarge_use1-az4': 10, 'm5a.xlarge_use1-az5': 20, 'm5a.xlarge_use1-az6': 50, 'm5ad.12xlarge_use1-az1': 1, 'm5ad.16xlarge_use1-az1': 1, 'm5ad.16xlarge_use1-az2': 1, 'm5ad.16xlarge_use1-az4': 1, 'm5ad.16xlarge_use1-az6': 1, 'm5ad.24xlarge_use1-az1': 5, 'm5ad.24xlarge_use1-az2': 1, 'm5ad.24xlarge_use1-az4': 1, 'm5ad.24xlarge_use1-az6': 5, 'm5ad.4xlarge_use1-az2': 1, 'm5ad.4xlarge_use1-az4': 1, 'm5ad.4xlarge_use1-az6': 1, 'm5ad.8xlarge_use1-az2': 1, 'm5ad.large_use1-az1': 10, 'm5ad.large_use1-az2': 5, 'm5ad.large_use1-az4': 10, 'm5ad.large_use1-az6': 10, 'm5ad.xlarge_use1-az2': 10, 'm5ad.xlarge_use1-az4': 5, 'm5ad.xlarge_use1-az6': 5, 'm5d.12xlarge_use1-az1': 1, 'm5d.12xlarge_use1-az2': 25, 'm5d.12xlarge_use1-az4': 30, 'm5d.12xlarge_use1-az6': 15, 'm5d.16xlarge_use1-az1': 5, 'm5d.16xlarge_use1-az2': 35, 'm5d.16xlarge_use1-az4': 20, 'm5d.16xlarge_use1-az5': 1, 'm5d.16xlarge_use1-az6': 50, 'm5d.24xlarge_use1-az1': 20, 'm5d.24xlarge_use1-az2': 15, 'm5d.24xlarge_use1-az4': 5, 'm5d.24xlarge_use1-az5': 1, 'm5d.24xlarge_use1-az6': 50, 'm5d.2xlarge_use1-az2': 25, 'm5d.2xlarge_use1-az4': 25, 'm5d.4xlarge_use1-az1': 5, 'm5d.4xlarge_use1-az2': 15, 'm5d.4xlarge_use1-az6': 25, 'm5d.8xlarge_use1-az1': 1, 'm5d.8xlarge_use1-az2': 25, 'm5d.8xlarge_use1-az4': 10, 'm5d.8xlarge_use1-az5': 1, 'm5d.8xlarge_use1-az6': 10, 'm5d.large_use1-az2': 50, 'm5d.large_use1-az4': 50, 'm5d.large_use1-az6': 50, 'm5d.xlarge_use1-az1': 50, 'm5d.xlarge_use1-az2': 50, 'm5d.xlarge_use1-az4': 50, 'm5d.xlarge_use1-az5': 1, 'm5d.xlarge_use1-az6': 50, 'm5dn.12xlarge_use1-az1': 1, 'm5dn.12xlarge_use1-az4': 1, 'm5dn.12xlarge_use1-az6': 1, 'm5dn.16xlarge_use1-az1': 1, 'm5dn.16xlarge_use1-az2': 5, 'm5dn.16xlarge_use1-az4': 1, 'm5dn.16xlarge_use1-az6': 1, 'm5dn.24xlarge_use1-az1': 1, 'm5dn.24xlarge_use1-az2': 1, 'm5dn.24xlarge_use1-az4': 1, 'm5dn.24xlarge_use1-az6': 5, 'm5dn.2xlarge_use1-az1': 10, 'm5dn.2xlarge_use1-az2': 5, 'm5dn.4xlarge_use1-az1': 5, 'm5dn.4xlarge_use1-az2': 5, 'm5dn.8xlarge_use1-az2': 1, 'm5dn.large_use1-az1': 35, 'm5dn.large_use1-az2': 30, 'm5dn.large_use1-az4': 40, 'm5dn.large_use1-az5': 15, 'm5dn.large_use1-az6': 50, 'm5dn.xlarge_use1-az1': 10, 'm5dn.xlarge_use1-az2': 25, 'm5dn.xlarge_use1-az4': 20, 'm5dn.xlarge_use1-az5': 1, 'm5dn.xlarge_use1-az6': 30, 'm5n.12xlarge_use1-az1': 1, 'm5n.12xlarge_use1-az2': 1, 'm5n.12xlarge_use1-az4': 1, 'm5n.12xlarge_use1-az5': 1, 'm5n.12xlarge_use1-az6': 1, 'm5n.16xlarge_use1-az2': 1, 'm5n.16xlarge_use1-az4': 1, 'm5n.16xlarge_use1-az6': 1, 'm5n.24xlarge_use1-az2': 1, 'm5n.24xlarge_use1-az4': 1, 'm5n.24xlarge_use1-az6': 1, 'm5n.2xlarge_use1-az1': 15, 'm5n.2xlarge_use1-az2': 25, 'm5n.2xlarge_use1-az4': 30, 'm5n.2xlarge_use1-az5': 5, 'm5n.2xlarge_use1-az6': 25, 'm5n.4xlarge_use1-az1': 25, 'm5n.4xlarge_use1-az2': 35, 'm5n.4xlarge_use1-az4': 50, 'm5n.4xlarge_use1-az5': 5, 'm5n.8xlarge_use1-az1': 1, 'm5n.8xlarge_use1-az2': 1, 'm5n.8xlarge_use1-az4': 1, 'm5n.8xlarge_use1-az6': 5, 'm5n.large_use1-az1': 5, 'm5n.large_use1-az2': 15, 'm5n.large_use1-az4': 5, 'm5n.large_use1-az5': 5, 'm5n.large_use1-az6': 15, 'm5n.xlarge_use1-az1': 20, 'm5n.xlarge_use1-az2': 50, 'm5n.xlarge_use1-az4': 50, 'm5n.xlarge_use1-az5': 1, 'm5n.xlarge_use1-az6': 50, 'm5zn.12xlarge_use1-az2': 1, 'm5zn.2xlarge_use1-az1': 1, 'm5zn.2xlarge_use1-az5': 1, 'm5zn.2xlarge_use1-az6': 5, 'm5zn.3xlarge_use1-az1': 1, 'm5zn.3xlarge_use1-az6': 5, 'm5zn.large_use1-az1': 5, 'm5zn.large_use1-az2': 5, 'm5zn.large_use1-az4': 30, 'm5zn.large_use1-az5': 15, 'm5zn.large_use1-az6': 20, 'm5zn.xlarge_use1-az1': 1, 'm5zn.xlarge_use1-az5': 5, 'm5zn.xlarge_use1-az6': 5, 'm6a.12xlarge_use1-az1': 5, 'm6a.12xlarge_use1-az2': 5, 'm6a.12xlarge_use1-az4': 15, 'm6a.12xlarge_use1-az6': 10, 'm6a.16xlarge_use1-az1': 5, 'm6a.16xlarge_use1-az2': 5, 'm6a.16xlarge_use1-az4': 5, 'm6a.16xlarge_use1-az6': 5, 'm6a.24xlarge_use1-az1': 1, 'm6a.24xlarge_use1-az2': 1, 'm6a.24xlarge_use1-az4': 1, 'm6a.24xlarge_use1-az6': 1, 'm6a.2xlarge_use1-az1': 50, 'm6a.2xlarge_use1-az2': 35, 'm6a.2xlarge_use1-az4': 45, 'm6a.2xlarge_use1-az5': 15, 'm6a.2xlarge_use1-az6': 50, 'm6a.32xlarge_use1-az2': 1, 'm6a.32xlarge_use1-az4': 1, 'm6a.32xlarge_use1-az5': 1, 'm6a.32xlarge_use1-az6': 1, 'm6a.48xlarge_use1-az2': 1, 'm6a.48xlarge_use1-az4': 1, 'm6a.48xlarge_use1-az6': 1, 'm6a.4xlarge_use1-az1': 45, 'm6a.4xlarge_use1-az2': 40, 'm6a.4xlarge_use1-az4': 25, 'm6a.4xlarge_use1-az5': 5, 'm6a.4xlarge_use1-az6': 50, 'm6a.8xlarge_use1-az1': 25, 'm6a.8xlarge_use1-az2': 15, 'm6a.8xlarge_use1-az4': 50, 'm6a.8xlarge_use1-az5': 10, 'm6a.8xlarge_use1-az6': 50, 'm6a.large_use1-az1': 50, 'm6a.large_use1-az2': 50, 'm6a.large_use1-az4': 50, 'm6a.large_use1-az5': 30, 'm6a.large_use1-az6': 50, 'm6a.xlarge_use1-az1': 50, 'm6a.xlarge_use1-az2': 50, 'm6a.xlarge_use1-az4': 50, 'm6a.xlarge_use1-az5': 35, 'm6a.xlarge_use1-az6': 50, 'm6g.12xlarge_use1-az1': 1, 'm6g.12xlarge_use1-az2': 5, 'm6g.12xlarge_use1-az4': 50, 'm6g.12xlarge_use1-az6': 50, 'm6g.16xlarge_use1-az1': 1, 'm6g.16xlarge_use1-az2': 5, 'm6g.16xlarge_use1-az4': 25, 'm6g.16xlarge_use1-az6': 50, 'm6g.2xlarge_use1-az1': 15, 'm6g.2xlarge_use1-az2': 50, 'm6g.2xlarge_use1-az4': 50, 'm6g.2xlarge_use1-az5': 5, 'm6g.2xlarge_use1-az6': 50, 'm6g.4xlarge_use1-az1': 10, 'm6g.4xlarge_use1-az2': 50, 'm6g.4xlarge_use1-az4': 50, 'm6g.4xlarge_use1-az5': 10, 'm6g.4xlarge_use1-az6': 50, 'm6g.8xlarge_use1-az1': 5, 'm6g.8xlarge_use1-az2': 50, 'm6g.8xlarge_use1-az4': 50, 'm6g.8xlarge_use1-az6': 50, 'm6g.large_use1-az1': 1, 'm6g.large_use1-az2': 50, 'm6g.large_use1-az4': 50, 'm6g.large_use1-az5': 5, 'm6g.large_use1-az6': 50, 'm6g.medium_use1-az1': 5, 'm6g.medium_use1-az2': 5, 'm6g.medium_use1-az4': 10, 'm6g.medium_use1-az5': 1, 'm6g.medium_use1-az6': 15, 'm6g.xlarge_use1-az1': 50, 'm6g.xlarge_use1-az2': 50, 'm6g.xlarge_use1-az4': 50, 'm6g.xlarge_use1-az5': 50, 'm6g.xlarge_use1-az6': 50, 'm6gd.12xlarge_use1-az1': 10, 'm6gd.12xlarge_use1-az2': 40, 'm6gd.12xlarge_use1-az4': 20, 'm6gd.12xlarge_use1-az5': 5, 'm6gd.12xlarge_use1-az6': 50, 'm6gd.16xlarge_use1-az1': 5, 'm6gd.16xlarge_use1-az2': 10, 'm6gd.16xlarge_use1-az4': 10, 'm6gd.16xlarge_use1-az5': 10, 'm6gd.16xlarge_use1-az6': 35, 'm6gd.2xlarge_use1-az2': 50, 'm6gd.2xlarge_use1-az4': 45, 'm6gd.2xlarge_use1-az5': 1, 'm6gd.2xlarge_use1-az6': 5, 'm6gd.4xlarge_use1-az1': 1, 'm6gd.4xlarge_use1-az2': 5, 'm6gd.4xlarge_use1-az5': 1, 'm6gd.4xlarge_use1-az6': 15, 'm6gd.8xlarge_use1-az1': 5, 'm6gd.8xlarge_use1-az2': 10, 'm6gd.8xlarge_use1-az4': 15, 'm6gd.8xlarge_use1-az5': 1, 'm6gd.8xlarge_use1-az6': 20, 'm6gd.large_use1-az1': 1, 'm6gd.large_use1-az2': 5, 'm6gd.large_use1-az4': 5, 'm6gd.large_use1-az5': 1, 'm6gd.large_use1-az6': 15, 'm6gd.medium_use1-az1': 1, 'm6gd.medium_use1-az2': 1, 'm6gd.medium_use1-az4': 1, 'm6gd.medium_use1-az5': 5, 'm6gd.medium_use1-az6': 1, 'm6gd.xlarge_use1-az2': 10, 'm6gd.xlarge_use1-az4': 35, 'm6gd.xlarge_use1-az5': 1, 'm6gd.xlarge_use1-az6': 15, 'm6i.12xlarge_use1-az1': 1, 'm6i.12xlarge_use1-az2': 10, 'm6i.12xlarge_use1-az4': 50, 'm6i.12xlarge_use1-az5': 1, 'm6i.12xlarge_use1-az6': 30, 'm6i.16xlarge_use1-az1': 1, 'm6i.16xlarge_use1-az2': 10, 'm6i.16xlarge_use1-az4': 5, 'm6i.16xlarge_use1-az5': 1, 'm6i.16xlarge_use1-az6': 10, 'm6i.24xlarge_use1-az2': 10, 'm6i.24xlarge_use1-az4': 5, 'm6i.24xlarge_use1-az5': 1, 'm6i.24xlarge_use1-az6': 50, 'm6i.2xlarge_use1-az1': 25, 'm6i.2xlarge_use1-az2': 50, 'm6i.2xlarge_use1-az4': 50, 'm6i.2xlarge_use1-az5': 25, 'm6i.2xlarge_use1-az6': 50, 'm6i.32xlarge_use1-az2': 1, 'm6i.32xlarge_use1-az4': 5, 'm6i.32xlarge_use1-az5': 1, 'm6i.32xlarge_use1-az6': 15, 'm6i.4xlarge_use1-az1': 15, 'm6i.4xlarge_use1-az2': 50, 'm6i.4xlarge_use1-az4': 50, 'm6i.4xlarge_use1-az5': 50, 'm6i.4xlarge_use1-az6': 50, 'm6i.8xlarge_use1-az1': 1, 'm6i.8xlarge_use1-az2': 50, 'm6i.8xlarge_use1-az4': 50, 'm6i.8xlarge_use1-az5': 20, 'm6i.8xlarge_use1-az6': 50, 'm6i.large_use1-az1': 25, 'm6i.large_use1-az2': 50, 'm6i.large_use1-az4': 50, 'm6i.large_use1-az5': 50, 'm6i.large_use1-az6': 50, 'm6i.xlarge_use1-az1': 45, 'm6i.xlarge_use1-az2': 50, 'm6i.xlarge_use1-az4': 50, 'm6i.xlarge_use1-az5': 25, 'm6i.xlarge_use1-az6': 50, 'm6id.12xlarge_use1-az1': 1, 'm6id.12xlarge_use1-az2': 1, 'm6id.12xlarge_use1-az4': 1, 'm6id.12xlarge_use1-az6': 1, 'm6id.16xlarge_use1-az1': 1, 'm6id.16xlarge_use1-az2': 1, 'm6id.16xlarge_use1-az4': 1, 'm6id.16xlarge_use1-az6': 1, 'm6id.24xlarge_use1-az1': 10, 'm6id.24xlarge_use1-az2': 15, 'm6id.24xlarge_use1-az4': 35, 'm6id.24xlarge_use1-az5': 5, 'm6id.24xlarge_use1-az6': 15, 'm6id.2xlarge_use1-az1': 5, 'm6id.2xlarge_use1-az2': 5, 'm6id.2xlarge_use1-az4': 5, 'm6id.2xlarge_use1-az5': 1, 'm6id.2xlarge_use1-az6': 5, 'm6id.32xlarge_use1-az1': 10, 'm6id.32xlarge_use1-az2': 15, 'm6id.32xlarge_use1-az4': 5, 'm6id.32xlarge_use1-az5': 1, 'm6id.32xlarge_use1-az6': 50, 'm6id.4xlarge_use1-az1': 15, 'm6id.4xlarge_use1-az2': 10, 'm6id.4xlarge_use1-az4': 5, 'm6id.4xlarge_use1-az5': 1, 'm6id.4xlarge_use1-az6': 10, 'm6id.8xlarge_use1-az1': 1, 'm6id.8xlarge_use1-az4': 5, 'm6id.8xlarge_use1-az5': 1, 'm6id.8xlarge_use1-az6': 1, 'm6id.large_use1-az1': 30, 'm6id.large_use1-az2': 35, 'm6id.large_use1-az4': 15, 'm6id.large_use1-az5': 5, 'm6id.large_use1-az6': 50, 'm6id.xlarge_use1-az1': 20, 'm6id.xlarge_use1-az2': 45, 'm6id.xlarge_use1-az4': 15, 'm6id.xlarge_use1-az5': 5, 'm6id.xlarge_use1-az6': 25, 'm6idn.12xlarge_use1-az2': 1, 'm6idn.16xlarge_use1-az4': 1, 'm6idn.24xlarge_use1-az1': 1, 'm6idn.24xlarge_use1-az2': 1, 'm6idn.24xlarge_use1-az4': 1, 'm6idn.2xlarge_use1-az5': 1, 'm6idn.32xlarge_use1-az2': 1, 'm6idn.large_use1-az1': 25, 'm6idn.large_use1-az2': 35, 'm6idn.large_use1-az4': 15, 'm6idn.large_use1-az5': 10, 'm6idn.large_use1-az6': 10, 'm6idn.xlarge_use1-az2': 50, 'm6idn.xlarge_use1-az4': 20, 'm6idn.xlarge_use1-az5': 5, 'm6idn.xlarge_use1-az6': 10, 'm6in.12xlarge_use1-az4': 1, 'm6in.16xlarge_use1-az2': 1, 'm6in.16xlarge_use1-az4': 1, 'm6in.24xlarge_use1-az1': 1, 'm6in.24xlarge_use1-az2': 1, 'm6in.2xlarge_use1-az1': 10, 'm6in.2xlarge_use1-az2': 20, 'm6in.2xlarge_use1-az4': 10, 'm6in.2xlarge_use1-az5': 1, 'm6in.2xlarge_use1-az6': 5, 'm6in.4xlarge_use1-az1': 1, 'm6in.4xlarge_use1-az2': 1, 'm6in.4xlarge_use1-az5': 1, 'm6in.8xlarge_use1-az1': 1, 'm6in.8xlarge_use1-az2': 1, 'm6in.8xlarge_use1-az4': 1, 'm6in.large_use1-az1': 5, 'm6in.large_use1-az2': 10, 'm6in.large_use1-az4': 5, 'm6in.large_use1-az5': 1, 'm6in.large_use1-az6': 1, 'm6in.xlarge_use1-az1': 5, 'm6in.xlarge_use1-az2': 10, 'm6in.xlarge_use1-az4': 1, 'm7a.12xlarge_use1-az2': 1, 'm7a.12xlarge_use1-az6': 20, 'm7a.16xlarge_use1-az2': 1, 'm7a.16xlarge_use1-az6': 40, 'm7a.24xlarge_use1-az2': 1, 'm7a.24xlarge_use1-az6': 50, 'm7a.2xlarge_use1-az1': 5, 'm7a.2xlarge_use1-az2': 15, 'm7a.2xlarge_use1-az4': 10, 'm7a.2xlarge_use1-az6': 50, 'm7a.32xlarge_use1-az6': 20, 'm7a.48xlarge_use1-az6': 40, 'm7a.4xlarge_use1-az1': 10, 'm7a.4xlarge_use1-az2': 5, 'm7a.4xlarge_use1-az4': 10, 'm7a.4xlarge_use1-az6': 25, 'm7a.8xlarge_use1-az1': 1, 'm7a.8xlarge_use1-az2': 5, 'm7a.8xlarge_use1-az4': 1, 'm7a.8xlarge_use1-az6': 50, 'm7a.large_use1-az1': 15, 'm7a.large_use1-az2': 50, 'm7a.large_use1-az4': 50, 'm7a.large_use1-az5': 5, 'm7a.large_use1-az6': 50, 'm7a.medium_use1-az1': 10, 'm7a.medium_use1-az2': 50, 'm7a.medium_use1-az4': 50, 'm7a.medium_use1-az6': 50, 'm7a.xlarge_use1-az1': 5, 'm7a.xlarge_use1-az2': 40, 'm7a.xlarge_use1-az4': 50, 'm7a.xlarge_use1-az6': 50, 'm7g.12xlarge_use1-az1': 1, 'm7g.12xlarge_use1-az2': 10, 'm7g.12xlarge_use1-az4': 45, 'm7g.12xlarge_use1-az5': 1, 'm7g.12xlarge_use1-az6': 50, 'm7g.16xlarge_use1-az1': 1, 'm7g.16xlarge_use1-az2': 30, 'm7g.16xlarge_use1-az4': 35, 'm7g.16xlarge_use1-az5': 1, 'm7g.16xlarge_use1-az6': 50, 'm7g.2xlarge_use1-az1': 35, 'm7g.2xlarge_use1-az2': 50, 'm7g.2xlarge_use1-az4': 50, 'm7g.2xlarge_use1-az5': 15, 'm7g.2xlarge_use1-az6': 50, 'm7g.4xlarge_use1-az1': 10, 'm7g.4xlarge_use1-az2': 30, 'm7g.4xlarge_use1-az4': 50, 'm7g.4xlarge_use1-az5': 10, 'm7g.4xlarge_use1-az6': 50, 'm7g.8xlarge_use1-az1': 1, 'm7g.8xlarge_use1-az2': 15, 'm7g.8xlarge_use1-az4': 40, 'm7g.8xlarge_use1-az5': 1, 'm7g.8xlarge_use1-az6': 50, 'm7g.large_use1-az1': 10, 'm7g.large_use1-az2': 50, 'm7g.large_use1-az4': 50, 'm7g.large_use1-az5': 30, 'm7g.large_use1-az6': 50, 'm7g.medium_use1-az1': 30, 'm7g.medium_use1-az2': 40, 'm7g.medium_use1-az4': 50, 'm7g.medium_use1-az5': 35, 'm7g.medium_use1-az6': 50, 'm7g.metal_use1-az1': 1, 'm7g.metal_use1-az2': 25, 'm7g.metal_use1-az4': 10, 'm7g.metal_use1-az5': 1, 'm7g.metal_use1-az6': 50, 'm7g.xlarge_use1-az1': 50, 'm7g.xlarge_use1-az2': 50, 'm7g.xlarge_use1-az4': 50, 'm7g.xlarge_use1-az5': 50, 'm7g.xlarge_use1-az6': 50, 'm7gd.12xlarge_use1-az1': 5, 'm7gd.12xlarge_use1-az2': 10, 'm7gd.12xlarge_use1-az4': 1, 'm7gd.12xlarge_use1-az6': 35, 'm7gd.16xlarge_use1-az1': 1, 'm7gd.16xlarge_use1-az2': 30, 'm7gd.16xlarge_use1-az4': 1, 'm7gd.16xlarge_use1-az6': 40, 'm7gd.2xlarge_use1-az1': 15, 'm7gd.2xlarge_use1-az2': 50, 'm7gd.2xlarge_use1-az4': 15, 'm7gd.2xlarge_use1-az6': 25, 'm7gd.4xlarge_use1-az1': 5, 'm7gd.4xlarge_use1-az2': 10, 'm7gd.4xlarge_use1-az4': 1, 'm7gd.4xlarge_use1-az6': 40, 'm7gd.8xlarge_use1-az1': 10, 'm7gd.8xlarge_use1-az2': 50, 'm7gd.8xlarge_use1-az4': 30, 'm7gd.8xlarge_use1-az5': 45, 'm7gd.8xlarge_use1-az6': 50, 'm7gd.large_use1-az1': 5, 'm7gd.large_use1-az2': 50, 'm7gd.large_use1-az4': 5, 'm7gd.large_use1-az6': 50, 'm7gd.medium_use1-az1': 15, 'm7gd.medium_use1-az2': 20, 'm7gd.medium_use1-az4': 15, 'm7gd.medium_use1-az5': 20, 'm7gd.medium_use1-az6': 25, 'm7gd.metal_use1-az1': 5, 'm7gd.metal_use1-az2': 15, 'm7gd.metal_use1-az4': 1, 'm7gd.metal_use1-az6': 15, 'm7gd.xlarge_use1-az1': 5, 'm7gd.xlarge_use1-az2': 10, 'm7gd.xlarge_use1-az4': 10, 'm7gd.xlarge_use1-az5': 1, 'm7gd.xlarge_use1-az6': 25, 'm7i-flex.2xlarge_use1-az1': 50, 'm7i-flex.2xlarge_use1-az2': 50, 'm7i-flex.2xlarge_use1-az4': 15, 'm7i-flex.2xlarge_use1-az5': 10, 'm7i-flex.2xlarge_use1-az6': 50, 'm7i-flex.4xlarge_use1-az2': 5, 'm7i-flex.4xlarge_use1-az4': 5, 'm7i-flex.4xlarge_use1-az6': 25, 'm7i-flex.8xlarge_use1-az1': 1, 'm7i-flex.8xlarge_use1-az2': 5, 'm7i-flex.8xlarge_use1-az4': 5, 'm7i-flex.8xlarge_use1-az5': 1, 'm7i-flex.8xlarge_use1-az6': 10, 'm7i-flex.large_use1-az1': 20, 'm7i-flex.large_use1-az2': 50, 'm7i-flex.large_use1-az4': 25, 'm7i-flex.large_use1-az5': 25, 'm7i-flex.large_use1-az6': 50, 'm7i-flex.xlarge_use1-az1': 50, 'm7i-flex.xlarge_use1-az2': 50, 'm7i-flex.xlarge_use1-az4': 50, 'm7i-flex.xlarge_use1-az5': 15, 'm7i-flex.xlarge_use1-az6': 50, 'm7i.12xlarge_use1-az1': 1, 'm7i.12xlarge_use1-az2': 5, 'm7i.12xlarge_use1-az4': 15, 'm7i.12xlarge_use1-az6': 50, 'm7i.16xlarge_use1-az1': 5, 'm7i.16xlarge_use1-az2': 10, 'm7i.16xlarge_use1-az4': 10, 'm7i.16xlarge_use1-az6': 50, 'm7i.24xlarge_use1-az2': 5, 'm7i.24xlarge_use1-az4': 5, 'm7i.24xlarge_use1-az6': 50, 'm7i.2xlarge_use1-az1': 1, 'm7i.2xlarge_use1-az2': 50, 'm7i.2xlarge_use1-az4': 50, 'm7i.2xlarge_use1-az6': 50, 'm7i.48xlarge_use1-az1': 1, 'm7i.48xlarge_use1-az2': 5, 'm7i.48xlarge_use1-az4': 20, 'm7i.48xlarge_use1-az6': 50, 'm7i.4xlarge_use1-az1': 1, 'm7i.4xlarge_use1-az2': 25, 'm7i.4xlarge_use1-az4': 10, 'm7i.4xlarge_use1-az6': 50, 'm7i.8xlarge_use1-az1': 40, 'm7i.8xlarge_use1-az2': 20, 'm7i.8xlarge_use1-az4': 50, 'm7i.8xlarge_use1-az6': 50, 'm7i.large_use1-az1': 50, 'm7i.large_use1-az2': 50, 'm7i.large_use1-az4': 50, 'm7i.large_use1-az5': 1, 'm7i.large_use1-az6': 50, 'm7i.xlarge_use1-az1': 30, 'm7i.xlarge_use1-az2': 35, 'm7i.xlarge_use1-az4': 50, 'm7i.xlarge_use1-az6': 50, 'm8g.12xlarge_use1-az2': 10, 'm8g.12xlarge_use1-az4': 10, 'm8g.12xlarge_use1-az5': 1, 'm8g.12xlarge_use1-az6': 35, 'm8g.16xlarge_use1-az2': 5, 'm8g.16xlarge_use1-az4': 5, 'm8g.16xlarge_use1-az5': 5, 'm8g.16xlarge_use1-az6': 45, 'm8g.24xlarge_use1-az2': 5, 'm8g.24xlarge_use1-az4': 1, 'm8g.24xlarge_use1-az5': 1, 'm8g.24xlarge_use1-az6': 25, 'm8g.2xlarge_use1-az4': 10, 'm8g.2xlarge_use1-az5': 10, 'm8g.48xlarge_use1-az2': 5, 'm8g.48xlarge_use1-az4': 5, 'm8g.48xlarge_use1-az6': 20, 'm8g.4xlarge_use1-az2': 5, 'm8g.4xlarge_use1-az4': 5, 'm8g.4xlarge_use1-az5': 1, 'm8g.4xlarge_use1-az6': 40, 'm8g.8xlarge_use1-az2': 10, 'm8g.8xlarge_use1-az4': 20, 'm8g.8xlarge_use1-az5': 1, 'm8g.8xlarge_use1-az6': 40, 'm8g.large_use1-az1': 1, 'm8g.large_use1-az2': 20, 'm8g.large_use1-az6': 45, 'm8g.medium_use1-az1': 1, 'm8g.medium_use1-az2': 15, 'm8g.metal-48xl_use1-az2': 5, 'm8g.metal-48xl_use1-az6': 25, 'm8g.xlarge_use1-az1': 1, 'm8g.xlarge_use1-az5': 15, 'm8g.xlarge_use1-az6': 50, 'm8gd.16xlarge_use1-az5': 1, 'm8gd.4xlarge_use1-az2': 5, 'm8gd.4xlarge_use1-az4': 1, 'm8gd.4xlarge_use1-az6': 1, 'm8gd.8xlarge_use1-az5': 1, 'm8gd.8xlarge_use1-az6': 5, 'm8gd.large_use1-az1': 20, 'm8gd.large_use1-az2': 15, 'm8gd.large_use1-az5': 1, 'm8gd.large_use1-az6': 1, 'm8gd.medium_use1-az6': 1, 'm8gd.metal-24xl_use1-az2': 1, 'm8gd.xlarge_use1-az1': 1, 'm8gd.xlarge_use1-az5': 1, 'm8i-flex.16xlarge_use1-az6': 5, 'm8i-flex.2xlarge_use1-az2': 10, 'm8i-flex.2xlarge_use1-az4': 1, 'm8i-flex.2xlarge_use1-az6': 50, 'm8i-flex.4xlarge_use1-az2': 1, 'm8i-flex.4xlarge_use1-az4': 1, 'm8i-flex.4xlarge_use1-az6': 5, 'm8i-flex.8xlarge_use1-az6': 1, 'm8i-flex.large_use1-az2': 5, 'm8i-flex.xlarge_use1-az2': 10, 'm8i-flex.xlarge_use1-az4': 25, 'm8i-flex.xlarge_use1-az6': 50, 'm8i.12xlarge_use1-az6': 1, 'm8i.16xlarge_use1-az4': 1, 'm8i.16xlarge_use1-az6': 1, 'm8i.24xlarge_use1-az6': 1, 'm8i.2xlarge_use1-az2': 10, 'm8i.2xlarge_use1-az4': 1, 'm8i.2xlarge_use1-az6': 10, 'm8i.32xlarge_use1-az2': 1, 'm8i.32xlarge_use1-az6': 5, 'm8i.48xlarge_use1-az2': 1, 'm8i.48xlarge_use1-az6': 5, 'm8i.4xlarge_use1-az2': 5, 'm8i.4xlarge_use1-az4': 1, 'm8i.4xlarge_use1-az6': 5, 'm8i.8xlarge_use1-az2': 1, 'm8i.8xlarge_use1-az4': 1, 'm8i.8xlarge_use1-az6': 20, 'm8i.96xlarge_use1-az6': 1, 'm8i.large_use1-az4': 25, 'm8i.metal-48xl_use1-az6': 1, 'm8i.metal-96xl_use1-az6': 1, 'm8i.xlarge_use1-az2': 30, 'm8i.xlarge_use1-az4': 10, 'r3.2xlarge_use1-az6': 1, 'r3.4xlarge_use1-az6': 1, 'r3.large_use1-az2': 50, 'r3.large_use1-az4': 50, 'r3.large_use1-az6': 50, 'r3.xlarge_use1-az2': 40, 'r3.xlarge_use1-az4': 50, 'r3.xlarge_use1-az6': 50, 'r4.16xlarge_use1-az1': 10, 'r4.16xlarge_use1-az2': 10, 'r4.16xlarge_use1-az3': 50, 'r4.16xlarge_use1-az4': 35, 'r4.16xlarge_use1-az5': 15, 'r4.16xlarge_use1-az6': 10, 'r4.2xlarge_use1-az2': 50, 'r4.2xlarge_use1-az3': 50, 'r4.2xlarge_use1-az5': 5, 'r4.4xlarge_use1-az1': 20, 'r4.4xlarge_use1-az2': 50, 'r4.4xlarge_use1-az3': 40, 'r4.4xlarge_use1-az4': 15, 'r4.4xlarge_use1-az5': 5, 'r4.4xlarge_use1-az6': 50, 'r4.8xlarge_use1-az1': 50, 'r4.8xlarge_use1-az2': 50, 'r4.8xlarge_use1-az3': 25, 'r4.8xlarge_use1-az4': 50, 'r4.8xlarge_use1-az5': 5, 'r4.8xlarge_use1-az6': 50, 'r4.large_use1-az1': 35, 'r4.large_use1-az2': 50, 'r4.large_use1-az4': 50, 'r4.large_use1-az5': 20, 'r4.large_use1-az6': 50, 'r4.xlarge_use1-az1': 50, 'r4.xlarge_use1-az2': 50, 'r4.xlarge_use1-az3': 50, 'r4.xlarge_use1-az4': 50, 'r4.xlarge_use1-az5': 30, 'r4.xlarge_use1-az6': 50, 'r5.12xlarge_use1-az1': 5, 'r5.12xlarge_use1-az2': 5, 'r5.12xlarge_use1-az4': 50, 'r5.12xlarge_use1-az5': 5, 'r5.12xlarge_use1-az6': 5, 'r5.16xlarge_use1-az1': 5, 'r5.16xlarge_use1-az4': 35, 'r5.16xlarge_use1-az5': 30, 'r5.16xlarge_use1-az6': 5, 'r5.24xlarge_use1-az4': 15, 'r5.24xlarge_use1-az5': 5, 'r5.24xlarge_use1-az6': 5, 'r5.2xlarge_use1-az1': 50, 'r5.2xlarge_use1-az2': 50, 'r5.2xlarge_use1-az4': 50, 'r5.2xlarge_use1-az5': 5, 'r5.2xlarge_use1-az6': 50, 'r5.4xlarge_use1-az1': 50, 'r5.4xlarge_use1-az2': 50, 'r5.4xlarge_use1-az4': 50, 'r5.4xlarge_use1-az5': 5, 'r5.4xlarge_use1-az6': 50, 'r5.8xlarge_use1-az1': 50, 'r5.8xlarge_use1-az2': 50, 'r5.8xlarge_use1-az4': 50, 'r5.8xlarge_use1-az5': 5, 'r5.8xlarge_use1-az6': 5, 'r5.large_use1-az1': 50, 'r5.large_use1-az2': 50, 'r5.large_use1-az4': 50, 'r5.large_use1-az5': 50, 'r5.large_use1-az6': 50, 'r5.xlarge_use1-az1': 50, 'r5.xlarge_use1-az2': 50, 'r5.xlarge_use1-az4': 50, 'r5.xlarge_use1-az5': 50, 'r5.xlarge_use1-az6': 50, 'r5a.12xlarge_use1-az1': 1, 'r5a.12xlarge_use1-az2': 1, 'r5a.12xlarge_use1-az4': 5, 'r5a.12xlarge_use1-az6': 5, 'r5a.16xlarge_use1-az1': 10, 'r5a.16xlarge_use1-az2': 10, 'r5a.16xlarge_use1-az4': 10, 'r5a.16xlarge_use1-az5': 5, 'r5a.16xlarge_use1-az6': 5, 'r5a.24xlarge_use1-az1': 5, 'r5a.24xlarge_use1-az2': 15, 'r5a.24xlarge_use1-az4': 10, 'r5a.24xlarge_use1-az5': 1, 'r5a.24xlarge_use1-az6': 10, 'r5a.4xlarge_use1-az2': 50, 'r5a.4xlarge_use1-az4': 50, 'r5a.4xlarge_use1-az5': 5, 'r5a.4xlarge_use1-az6': 50, 'r5a.8xlarge_use1-az2': 10, 'r5a.8xlarge_use1-az4': 15, 'r5a.8xlarge_use1-az5': 30, 'r5a.8xlarge_use1-az6': 20, 'r5a.large_use1-az2': 50, 'r5a.large_use1-az4': 50, 'r5a.large_use1-az5': 25, 'r5a.xlarge_use1-az2': 50, 'r5a.xlarge_use1-az4': 50, 'r5a.xlarge_use1-az5': 5, 'r5a.xlarge_use1-az6': 50, 'r5ad.16xlarge_use1-az2': 50, 'r5ad.16xlarge_use1-az4': 10, 'r5ad.16xlarge_use1-az5': 1, 'r5ad.16xlarge_use1-az6': 10, 'r5ad.24xlarge_use1-az2': 25, 'r5ad.24xlarge_use1-az4': 1, 'r5ad.24xlarge_use1-az6': 10, 'r5ad.large_use1-az1': 1, 'r5ad.large_use1-az2': 30, 'r5ad.large_use1-az4': 10, 'r5ad.large_use1-az5': 5, 'r5ad.large_use1-az6': 10, 'r5b.large_use1-az1': 1, 'r5b.large_use1-az2': 5, 'r5b.large_use1-az4': 10, 'r5b.large_use1-az6': 5, 'r5d.12xlarge_use1-az1': 1, 'r5d.12xlarge_use1-az2': 5, 'r5d.12xlarge_use1-az4': 10, 'r5d.12xlarge_use1-az6': 1, 'r5d.16xlarge_use1-az1': 5, 'r5d.16xlarge_use1-az2': 50, 'r5d.16xlarge_use1-az4': 50, 'r5d.16xlarge_use1-az5': 10, 'r5d.16xlarge_use1-az6': 50, 'r5d.24xlarge_use1-az1': 1, 'r5d.24xlarge_use1-az2': 1, 'r5d.24xlarge_use1-az4': 10, 'r5d.24xlarge_use1-az5': 1, 'r5d.24xlarge_use1-az6': 10, 'r5d.4xlarge_use1-az5': 5, 'r5d.8xlarge_use1-az2': 15, 'r5d.8xlarge_use1-az5': 5, 'r5d.8xlarge_use1-az6': 50, 'r5d.large_use1-az2': 50, 'r5d.large_use1-az4': 50, 'r5d.large_use1-az5': 5, 'r5d.large_use1-az6': 50, 'r5dn.12xlarge_use1-az2': 1, 'r5dn.12xlarge_use1-az4': 1, 'r5dn.12xlarge_use1-az6': 1, 'r5dn.16xlarge_use1-az1': 5, 'r5dn.16xlarge_use1-az2': 5, 'r5dn.16xlarge_use1-az4': 15, 'r5dn.16xlarge_use1-az5': 10, 'r5dn.16xlarge_use1-az6': 30, 'r5dn.24xlarge_use1-az2': 5, 'r5dn.24xlarge_use1-az4': 10, 'r5dn.24xlarge_use1-az5': 1, 'r5dn.24xlarge_use1-az6': 25, 'r5dn.4xlarge_use1-az4': 45, 'r5dn.4xlarge_use1-az5': 5, 'r5dn.8xlarge_use1-az2': 5, 'r5dn.8xlarge_use1-az5': 5, 'r5dn.8xlarge_use1-az6': 50, 'r5dn.large_use1-az1': 50, 'r5dn.large_use1-az2': 50, 'r5dn.large_use1-az4': 50, 'r5dn.large_use1-az5': 50, 'r5dn.large_use1-az6': 50, 'r5n.12xlarge_use1-az4': 1, 'r5n.12xlarge_use1-az6': 1, 'r5n.16xlarge_use1-az1': 1, 'r5n.16xlarge_use1-az2': 10, 'r5n.16xlarge_use1-az4': 35, 'r5n.16xlarge_use1-az5': 1, 'r5n.16xlarge_use1-az6': 20, 'r5n.4xlarge_use1-az1': 5, 'r5n.8xlarge_use1-az2': 20, 'r5n.8xlarge_use1-az4': 35, 'r5n.8xlarge_use1-az6': 15, 'r5n.large_use1-az1': 20, 'r5n.large_use1-az2': 50, 'r5n.large_use1-az4': 50, 'r5n.large_use1-az5': 10, 'r5n.large_use1-az6': 30, 'r5n.xlarge_use1-az6': 20, 'r6a.12xlarge_use1-az1': 1, 'r6a.12xlarge_use1-az2': 10, 'r6a.12xlarge_use1-az4': 5, 'r6a.12xlarge_use1-az6': 10, 'r6a.16xlarge_use1-az1': 5, 'r6a.16xlarge_use1-az2': 15, 'r6a.16xlarge_use1-az4': 30, 'r6a.16xlarge_use1-az5': 15, 'r6a.16xlarge_use1-az6': 40, 'r6a.24xlarge_use1-az2': 5, 'r6a.24xlarge_use1-az4': 1, 'r6a.24xlarge_use1-az5': 1, 'r6a.24xlarge_use1-az6': 5, 'r6a.2xlarge_use1-az1': 50, 'r6a.2xlarge_use1-az2': 50, 'r6a.2xlarge_use1-az4': 40, 'r6a.2xlarge_use1-az5': 1, 'r6a.2xlarge_use1-az6': 50, 'r6a.32xlarge_use1-az2': 5, 'r6a.32xlarge_use1-az4': 5, 'r6a.32xlarge_use1-az5': 5, 'r6a.32xlarge_use1-az6': 5, 'r6a.48xlarge_use1-az2': 5, 'r6a.48xlarge_use1-az4': 5, 'r6a.48xlarge_use1-az5': 5, 'r6a.48xlarge_use1-az6': 1, 'r6a.4xlarge_use1-az1': 50, 'r6a.4xlarge_use1-az2': 50, 'r6a.4xlarge_use1-az4': 50, 'r6a.4xlarge_use1-az5': 40, 'r6a.4xlarge_use1-az6': 50, 'r6a.8xlarge_use1-az1': 20, 'r6a.8xlarge_use1-az2': 50, 'r6a.8xlarge_use1-az4': 50, 'r6a.8xlarge_use1-az5': 50, 'r6a.8xlarge_use1-az6': 50, 'r6a.large_use1-az1': 50, 'r6a.large_use1-az2': 50, 'r6a.large_use1-az4': 50, 'r6a.large_use1-az5': 50, 'r6a.large_use1-az6': 50, 'r6a.xlarge_use1-az1': 50, 'r6a.xlarge_use1-az2': 50, 'r6a.xlarge_use1-az4': 50, 'r6a.xlarge_use1-az5': 50, 'r6a.xlarge_use1-az6': 50, 'r6g.12xlarge_use1-az2': 50, 'r6g.12xlarge_use1-az4': 45, 'r6g.12xlarge_use1-az5': 10, 'r6g.12xlarge_use1-az6': 50, 'r6g.16xlarge_use1-az1': 1, 'r6g.16xlarge_use1-az2': 50, 'r6g.16xlarge_use1-az4': 50, 'r6g.16xlarge_use1-az5': 50, 'r6g.16xlarge_use1-az6': 50, 'r6g.2xlarge_use1-az1': 1, 'r6g.2xlarge_use1-az2': 25, 'r6g.2xlarge_use1-az4': 40, 'r6g.2xlarge_use1-az5': 10, 'r6g.2xlarge_use1-az6': 50, 'r6g.4xlarge_use1-az1': 10, 'r6g.4xlarge_use1-az2': 50, 'r6g.4xlarge_use1-az4': 50, 'r6g.4xlarge_use1-az5': 50, 'r6g.4xlarge_use1-az6': 50, 'r6g.8xlarge_use1-az1': 1, 'r6g.8xlarge_use1-az2': 10, 'r6g.8xlarge_use1-az4': 50, 'r6g.8xlarge_use1-az5': 50, 'r6g.8xlarge_use1-az6': 50, 'r6g.large_use1-az1': 10, 'r6g.large_use1-az2': 40, 'r6g.large_use1-az4': 50, 'r6g.large_use1-az5': 5, 'r6g.large_use1-az6': 50, 'r6g.medium_use1-az1': 1, 'r6g.medium_use1-az2': 10, 'r6g.medium_use1-az4': 15, 'r6g.medium_use1-az5': 15, 'r6g.medium_use1-az6': 35, 'r6g.xlarge_use1-az1': 1, 'r6g.xlarge_use1-az2': 50, 'r6g.xlarge_use1-az4': 50, 'r6g.xlarge_use1-az5': 50, 'r6g.xlarge_use1-az6': 50, 'r6gd.12xlarge_use1-az1': 1, 'r6gd.12xlarge_use1-az2': 5, 'r6gd.12xlarge_use1-az4': 10, 'r6gd.12xlarge_use1-az5': 1, 'r6gd.12xlarge_use1-az6': 10, 'r6gd.16xlarge_use1-az1': 5, 'r6gd.16xlarge_use1-az2': 5, 'r6gd.16xlarge_use1-az4': 50, 'r6gd.16xlarge_use1-az5': 1, 'r6gd.16xlarge_use1-az6': 45, 'r6gd.2xlarge_use1-az2': 20, 'r6gd.2xlarge_use1-az4': 30, 'r6gd.2xlarge_use1-az5': 1, 'r6gd.4xlarge_use1-az1': 5, 'r6gd.4xlarge_use1-az2': 20, 'r6gd.4xlarge_use1-az4': 50, 'r6gd.4xlarge_use1-az5': 1, 'r6gd.4xlarge_use1-az6': 25, 'r6gd.8xlarge_use1-az1': 1, 'r6gd.8xlarge_use1-az2': 10, 'r6gd.8xlarge_use1-az4': 20, 'r6gd.8xlarge_use1-az5': 1, 'r6gd.8xlarge_use1-az6': 30, 'r6gd.large_use1-az1': 50, 'r6gd.large_use1-az2': 50, 'r6gd.large_use1-az4': 50, 'r6gd.large_use1-az5': 50, 'r6gd.large_use1-az6': 50, 'r6gd.medium_use1-az1': 5, 'r6gd.medium_use1-az2': 1, 'r6gd.medium_use1-az4': 5, 'r6gd.medium_use1-az5': 5, 'r6gd.medium_use1-az6': 1, 'r6gd.xlarge_use1-az1': 1, 'r6gd.xlarge_use1-az2': 1, 'r6gd.xlarge_use1-az4': 5, 'r6i.12xlarge_use1-az1': 5, 'r6i.12xlarge_use1-az2': 5, 'r6i.12xlarge_use1-az4': 5, 'r6i.12xlarge_use1-az5': 1, 'r6i.12xlarge_use1-az6': 10, 'r6i.16xlarge_use1-az1': 1, 'r6i.16xlarge_use1-az2': 1, 'r6i.16xlarge_use1-az4': 10, 'r6i.16xlarge_use1-az5': 10, 'r6i.16xlarge_use1-az6': 1, 'r6i.24xlarge_use1-az4': 10, 'r6i.24xlarge_use1-az5': 1, 'r6i.24xlarge_use1-az6': 5, 'r6i.2xlarge_use1-az1': 15, 'r6i.2xlarge_use1-az2': 35, 'r6i.2xlarge_use1-az4': 50, 'r6i.2xlarge_use1-az5': 5, 'r6i.2xlarge_use1-az6': 50, 'r6i.32xlarge_use1-az4': 1, 'r6i.32xlarge_use1-az5': 1, 'r6i.32xlarge_use1-az6': 1, 'r6i.4xlarge_use1-az1': 30, 'r6i.4xlarge_use1-az2': 20, 'r6i.4xlarge_use1-az4': 20, 'r6i.4xlarge_use1-az5': 10, 'r6i.4xlarge_use1-az6': 40, 'r6i.8xlarge_use1-az1': 5, 'r6i.8xlarge_use1-az2': 10, 'r6i.8xlarge_use1-az4': 10, 'r6i.8xlarge_use1-az5': 5, 'r6i.8xlarge_use1-az6': 10, 'r6i.large_use1-az1': 20, 'r6i.large_use1-az2': 50, 'r6i.large_use1-az4': 50, 'r6i.large_use1-az5': 20, 'r6i.large_use1-az6': 50, 'r6i.xlarge_use1-az1': 15, 'r6i.xlarge_use1-az2': 45, 'r6i.xlarge_use1-az4': 50, 'r6i.xlarge_use1-az5': 10, 'r6i.xlarge_use1-az6': 50, 'r6id.12xlarge_use1-az1': 1, 'r6id.12xlarge_use1-az2': 5, 'r6id.12xlarge_use1-az4': 1, 'r6id.12xlarge_use1-az6': 5, 'r6id.16xlarge_use1-az1': 5, 'r6id.16xlarge_use1-az2': 5, 'r6id.16xlarge_use1-az4': 15, 'r6id.16xlarge_use1-az5': 1, 'r6id.16xlarge_use1-az6': 20, 'r6id.24xlarge_use1-az1': 10, 'r6id.24xlarge_use1-az2': 10, 'r6id.24xlarge_use1-az4': 5, 'r6id.24xlarge_use1-az5': 15, 'r6id.24xlarge_use1-az6': 25, 'r6id.2xlarge_use1-az1': 5, 'r6id.2xlarge_use1-az2': 1, 'r6id.2xlarge_use1-az4': 10, 'r6id.2xlarge_use1-az5': 1, 'r6id.2xlarge_use1-az6': 10, 'r6id.32xlarge_use1-az1': 1, 'r6id.32xlarge_use1-az2': 5, 'r6id.32xlarge_use1-az4': 1, 'r6id.32xlarge_use1-az5': 1, 'r6id.32xlarge_use1-az6': 10, 'r6id.4xlarge_use1-az1': 40, 'r6id.4xlarge_use1-az2': 50, 'r6id.4xlarge_use1-az4': 10, 'r6id.4xlarge_use1-az5': 20, 'r6id.4xlarge_use1-az6': 35, 'r6id.8xlarge_use1-az2': 1, 'r6id.8xlarge_use1-az4': 5, 'r6id.8xlarge_use1-az5': 1, 'r6id.8xlarge_use1-az6': 5, 'r6id.large_use1-az1': 15, 'r6id.large_use1-az2': 10, 'r6id.large_use1-az4': 5, 'r6id.large_use1-az5': 15, 'r6id.large_use1-az6': 30, 'r6id.xlarge_use1-az2': 15, 'r6id.xlarge_use1-az6': 15, 'r6idn.16xlarge_use1-az4': 1, 'r6idn.16xlarge_use1-az5': 1, 'r6idn.16xlarge_use1-az6': 1, 'r6idn.24xlarge_use1-az6': 1, 'r6idn.32xlarge_use1-az6': 1, 'r6idn.4xlarge_use1-az5': 5, 'r6idn.8xlarge_use1-az2': 1, 'r6idn.8xlarge_use1-az4': 1, 'r6idn.8xlarge_use1-az6': 5, 'r6idn.large_use1-az1': 1, 'r6idn.large_use1-az2': 1, 'r6idn.large_use1-az4': 5, 'r6idn.large_use1-az5': 5, 'r6idn.large_use1-az6': 5, 'r6in.12xlarge_use1-az6': 5, 'r6in.16xlarge_use1-az4': 1, 'r6in.16xlarge_use1-az5': 1, 'r6in.16xlarge_use1-az6': 5, 'r6in.24xlarge_use1-az6': 1, 'r6in.2xlarge_use1-az5': 1, 'r6in.4xlarge_use1-az2': 20, 'r6in.4xlarge_use1-az4': 15, 'r6in.4xlarge_use1-az5': 20, 'r6in.4xlarge_use1-az6': 20, 'r6in.8xlarge_use1-az1': 5, 'r6in.8xlarge_use1-az4': 1, 'r6in.8xlarge_use1-az6': 5, 'r6in.large_use1-az1': 45, 'r6in.large_use1-az2': 50, 'r6in.large_use1-az4': 50, 'r6in.large_use1-az5': 40, 'r6in.large_use1-az6': 50, 'r6in.xlarge_use1-az1': 1, 'r6in.xlarge_use1-az2': 1, 'r6in.xlarge_use1-az4': 1, 'r7a.12xlarge_use1-az1': 1, 'r7a.12xlarge_use1-az2': 1, 'r7a.12xlarge_use1-az4': 5, 'r7a.12xlarge_use1-az6': 20, 'r7a.16xlarge_use1-az1': 1, 'r7a.16xlarge_use1-az2': 15, 'r7a.16xlarge_use1-az4': 30, 'r7a.16xlarge_use1-az6': 50, 'r7a.24xlarge_use1-az2': 10, 'r7a.24xlarge_use1-az4': 10, 'r7a.24xlarge_use1-az6': 35, 'r7a.2xlarge_use1-az1': 1, 'r7a.2xlarge_use1-az2': 5, 'r7a.2xlarge_use1-az4': 25, 'r7a.2xlarge_use1-az6': 1, 'r7a.32xlarge_use1-az2': 1, 'r7a.32xlarge_use1-az4': 1, 'r7a.32xlarge_use1-az6': 50, 'r7a.48xlarge_use1-az2': 5, 'r7a.48xlarge_use1-az4': 5, 'r7a.48xlarge_use1-az6': 50, 'r7a.4xlarge_use1-az1': 5, 'r7a.4xlarge_use1-az2': 25, 'r7a.4xlarge_use1-az4': 50, 'r7a.4xlarge_use1-az6': 50, 'r7a.8xlarge_use1-az1': 5, 'r7a.8xlarge_use1-az2': 20, 'r7a.8xlarge_use1-az4': 50, 'r7a.8xlarge_use1-az6': 50, 'r7a.large_use1-az1': 50, 'r7a.large_use1-az2': 50, 'r7a.large_use1-az4': 50, 'r7a.large_use1-az6': 50, 'r7a.medium_use1-az1': 10, 'r7a.medium_use1-az2': 25, 'r7a.medium_use1-az4': 50, 'r7a.medium_use1-az6': 50, 'r7a.xlarge_use1-az1': 20, 'r7a.xlarge_use1-az2': 50, 'r7a.xlarge_use1-az4': 50, 'r7a.xlarge_use1-az6': 25, 'r7g.12xlarge_use1-az1': 1, 'r7g.12xlarge_use1-az2': 5, 'r7g.12xlarge_use1-az4': 50, 'r7g.12xlarge_use1-az5': 1, 'r7g.12xlarge_use1-az6': 5, 'r7g.16xlarge_use1-az1': 5, 'r7g.16xlarge_use1-az2': 30, 'r7g.16xlarge_use1-az4': 50, 'r7g.16xlarge_use1-az5': 5, 'r7g.16xlarge_use1-az6': 50, 'r7g.2xlarge_use1-az1': 5, 'r7g.2xlarge_use1-az2': 10, 'r7g.2xlarge_use1-az4': 50, 'r7g.2xlarge_use1-az5': 5, 'r7g.2xlarge_use1-az6': 15, 'r7g.4xlarge_use1-az1': 5, 'r7g.4xlarge_use1-az2': 5, 'r7g.4xlarge_use1-az4': 50, 'r7g.4xlarge_use1-az5': 5, 'r7g.4xlarge_use1-az6': 15, 'r7g.8xlarge_use1-az1': 1, 'r7g.8xlarge_use1-az2': 50, 'r7g.8xlarge_use1-az4': 50, 'r7g.8xlarge_use1-az5': 50, 'r7g.8xlarge_use1-az6': 50, 'r7g.large_use1-az1': 20, 'r7g.large_use1-az2': 50, 'r7g.large_use1-az4': 50, 'r7g.large_use1-az5': 40, 'r7g.large_use1-az6': 40, 'r7g.medium_use1-az1': 50, 'r7g.medium_use1-az2': 50, 'r7g.medium_use1-az4': 50, 'r7g.medium_use1-az5': 25, 'r7g.medium_use1-az6': 50, 'r7g.xlarge_use1-az1': 50, 'r7g.xlarge_use1-az2': 50, 'r7g.xlarge_use1-az4': 50, 'r7g.xlarge_use1-az5': 10, 'r7g.xlarge_use1-az6': 50, 'r7gd.12xlarge_use1-az1': 1, 'r7gd.12xlarge_use1-az2': 10, 'r7gd.12xlarge_use1-az4': 35, 'r7gd.12xlarge_use1-az5': 10, 'r7gd.12xlarge_use1-az6': 50, 'r7gd.16xlarge_use1-az1': 5, 'r7gd.16xlarge_use1-az2': 50, 'r7gd.16xlarge_use1-az4': 50, 'r7gd.16xlarge_use1-az5': 50, 'r7gd.16xlarge_use1-az6': 50, 'r7gd.2xlarge_use1-az1': 5, 'r7gd.2xlarge_use1-az2': 25, 'r7gd.2xlarge_use1-az4': 25, 'r7gd.2xlarge_use1-az5': 40, 'r7gd.2xlarge_use1-az6': 50, 'r7gd.4xlarge_use1-az2': 20, 'r7gd.4xlarge_use1-az4': 25, 'r7gd.4xlarge_use1-az5': 30, 'r7gd.4xlarge_use1-az6': 50, 'r7gd.8xlarge_use1-az1': 1, 'r7gd.8xlarge_use1-az2': 10, 'r7gd.8xlarge_use1-az4': 30, 'r7gd.8xlarge_use1-az5': 20, 'r7gd.8xlarge_use1-az6': 50, 'r7gd.large_use1-az1': 15, 'r7gd.large_use1-az2': 10, 'r7gd.large_use1-az4': 50, 'r7gd.large_use1-az5': 15, 'r7gd.large_use1-az6': 35, 'r7gd.medium_use1-az1': 35, 'r7gd.medium_use1-az2': 15, 'r7gd.medium_use1-az4': 25, 'r7gd.medium_use1-az5': 15, 'r7gd.medium_use1-az6': 20, 'r7gd.xlarge_use1-az2': 10, 'r7gd.xlarge_use1-az4': 25, 'r7gd.xlarge_use1-az5': 10, 'r7gd.xlarge_use1-az6': 50, 'r7i.12xlarge_use1-az4': 1, 'r7i.12xlarge_use1-az6': 10, 'r7i.16xlarge_use1-az1': 5, 'r7i.16xlarge_use1-az2': 15, 'r7i.16xlarge_use1-az4': 45, 'r7i.16xlarge_use1-az5': 5, 'r7i.16xlarge_use1-az6': 50, 'r7i.24xlarge_use1-az1': 1, 'r7i.24xlarge_use1-az2': 1, 'r7i.24xlarge_use1-az4': 5, 'r7i.24xlarge_use1-az5': 5, 'r7i.24xlarge_use1-az6': 5, 'r7i.2xlarge_use1-az2': 5, 'r7i.2xlarge_use1-az4': 10, 'r7i.2xlarge_use1-az5': 5, 'r7i.2xlarge_use1-az6': 50, 'r7i.48xlarge_use1-az2': 1, 'r7i.48xlarge_use1-az4': 5, 'r7i.48xlarge_use1-az5': 1, 'r7i.48xlarge_use1-az6': 5, 'r7i.4xlarge_use1-az1': 5, 'r7i.4xlarge_use1-az2': 20, 'r7i.4xlarge_use1-az4': 10, 'r7i.4xlarge_use1-az5': 1, 'r7i.4xlarge_use1-az6': 50, 'r7i.8xlarge_use1-az1': 5, 'r7i.8xlarge_use1-az2': 25, 'r7i.8xlarge_use1-az4': 25, 'r7i.8xlarge_use1-az5': 5, 'r7i.8xlarge_use1-az6': 50, 'r7i.large_use1-az1': 15, 'r7i.large_use1-az2': 50, 'r7i.large_use1-az4': 50, 'r7i.large_use1-az5': 15, 'r7i.large_use1-az6': 50, 'r7i.xlarge_use1-az1': 5, 'r7i.xlarge_use1-az2': 15, 'r7i.xlarge_use1-az4': 10, 'r7i.xlarge_use1-az5': 15, 'r7i.xlarge_use1-az6': 50, 'r8g.12xlarge_use1-az2': 5, 'r8g.12xlarge_use1-az4': 5, 'r8g.12xlarge_use1-az6': 15, 'r8g.16xlarge_use1-az1': 1, 'r8g.16xlarge_use1-az2': 50, 'r8g.16xlarge_use1-az4': 50, 'r8g.16xlarge_use1-az5': 5, 'r8g.16xlarge_use1-az6': 50, 'r8g.24xlarge_use1-az2': 10, 'r8g.24xlarge_use1-az4': 5, 'r8g.24xlarge_use1-az5': 5, 'r8g.24xlarge_use1-az6': 35, 'r8g.2xlarge_use1-az2': 5, 'r8g.2xlarge_use1-az4': 5, 'r8g.2xlarge_use1-az5': 1, 'r8g.2xlarge_use1-az6': 5, 'r8g.48xlarge_use1-az2': 1, 'r8g.48xlarge_use1-az4': 5, 'r8g.48xlarge_use1-az6': 5, 'r8g.4xlarge_use1-az2': 10, 'r8g.4xlarge_use1-az4': 35, 'r8g.4xlarge_use1-az5': 5, 'r8g.4xlarge_use1-az6': 50, 'r8g.8xlarge_use1-az2': 40, 'r8g.8xlarge_use1-az4': 15, 'r8g.8xlarge_use1-az5': 1, 'r8g.8xlarge_use1-az6': 50, 'r8g.large_use1-az1': 5, 'r8g.large_use1-az2': 30, 'r8g.large_use1-az4': 15, 'r8g.large_use1-az5': 10, 'r8g.large_use1-az6': 20, 'r8g.medium_use1-az1': 15, 'r8g.medium_use1-az2': 30, 'r8g.medium_use1-az4': 20, 'r8g.medium_use1-az5': 5, 'r8g.medium_use1-az6': 15, 'r8g.xlarge_use1-az1': 1, 'r8g.xlarge_use1-az2': 10, 'r8g.xlarge_use1-az4': 5, 'r8g.xlarge_use1-az5': 5, 'r8g.xlarge_use1-az6': 10, 'r8gb.24xlarge_use1-az6': 1, 'r8gb.large_use1-az2': 20, 'r8gb.large_use1-az4': 15, 'r8gb.large_use1-az6': 25, 'r8gb.medium_use1-az2': 50, 'r8gb.metal-24xl_use1-az6': 1, 'r8gb.xlarge_use1-az2': 5, 'r8gb.xlarge_use1-az4': 5, 'r8gb.xlarge_use1-az6': 5, 'r8gd.12xlarge_use1-az5': 1, 'r8gd.12xlarge_use1-az6': 1, 'r8gd.16xlarge_use1-az2': 1, 'r8gd.16xlarge_use1-az4': 1, 'r8gd.16xlarge_use1-az5': 1, 'r8gd.16xlarge_use1-az6': 15, 'r8gd.24xlarge_use1-az2': 1, 'r8gd.24xlarge_use1-az5': 1, 'r8gd.24xlarge_use1-az6': 25, 'r8gd.2xlarge_use1-az2': 25, 'r8gd.2xlarge_use1-az4': 30, 'r8gd.2xlarge_use1-az6': 50, 'r8gd.48xlarge_use1-az6': 50, 'r8gd.4xlarge_use1-az1': 1, 'r8gd.4xlarge_use1-az2': 20, 'r8gd.4xlarge_use1-az5': 1, 'r8gd.4xlarge_use1-az6': 15, 'r8gd.8xlarge_use1-az2': 5, 'r8gd.8xlarge_use1-az4': 1, 'r8gd.8xlarge_use1-az5': 1, 'r8gd.8xlarge_use1-az6': 1, 'r8gd.large_use1-az2': 50, 'r8gd.large_use1-az5': 1, 'r8gd.large_use1-az6': 50, 'r8gd.medium_use1-az1': 5, 'r8gd.medium_use1-az2': 5, 'r8gd.medium_use1-az4': 5, 'r8gd.medium_use1-az5': 10, 'r8gd.metal-24xl_use1-az6': 1, 'r8gd.metal-48xl_use1-az6': 1, 'r8gd.xlarge_use1-az2': 25, 'r8gd.xlarge_use1-az4': 1, 'r8gd.xlarge_use1-az5': 50, 'r8gd.xlarge_use1-az6': 40, 'r8gn.16xlarge_use1-az6': 1, 'r8gn.24xlarge_use1-az2': 1, 'r8gn.48xlarge_use1-az6': 1, 'r8gn.8xlarge_use1-az2': 1, 'r8gn.8xlarge_use1-az6': 5, 'r8gn.large_use1-az2': 20, 'r8gn.large_use1-az4': 15, 'r8gn.large_use1-az6': 20, 'r8gn.medium_use1-az2': 35, 'r8gn.medium_use1-az4': 40, 'r8gn.metal-24xl_use1-az2': 1, 'r8gn.metal-24xl_use1-az6': 1, 'r8gn.xlarge_use1-az2': 1, 'r8gn.xlarge_use1-az6': 10, 'r8i-flex.2xlarge_use1-az2': 1, 'r8i-flex.2xlarge_use1-az6': 5, 'r8i-flex.4xlarge_use1-az2': 1, 'r8i-flex.4xlarge_use1-az6': 1, 'r8i-flex.large_use1-az2': 1, 'r8i-flex.large_use1-az6': 5, 'r8i-flex.xlarge_use1-az2': 5, 'r8i-flex.xlarge_use1-az6': 1, 'r8i.12xlarge_use1-az2': 1, 'r8i.12xlarge_use1-az6': 1, 'r8i.16xlarge_use1-az2': 1, 'r8i.16xlarge_use1-az6': 1, 'r8i.24xlarge_use1-az6': 1, 'r8i.2xlarge_use1-az2': 5, 'r8i.2xlarge_use1-az6': 5, 'r8i.32xlarge_use1-az2': 1, 'r8i.32xlarge_use1-az6': 1, 'r8i.48xlarge_use1-az2': 1, 'r8i.48xlarge_use1-az6': 1, 'r8i.4xlarge_use1-az2': 1, 'r8i.4xlarge_use1-az6': 5, 'r8i.8xlarge_use1-az2': 1, 'r8i.8xlarge_use1-az6': 5, 'r8i.96xlarge_use1-az2': 1, 'r8i.96xlarge_use1-az6': 1, 'r8i.large_use1-az2': 20, 'r8i.large_use1-az6': 20, 'r8i.xlarge_use1-az2': 5, 'r8i.xlarge_use1-az6': 5, 't2.2xlarge_use1-az1': 50, 't2.2xlarge_use1-az2': 50, 't2.2xlarge_use1-az3': 15, 't2.2xlarge_use1-az4': 50, 't2.2xlarge_use1-az5': 50, 't2.2xlarge_use1-az6': 50, 't2.large_use1-az1': 20, 't2.large_use1-az2': 50, 't2.large_use1-az3': 50, 't2.large_use1-az4': 50, 't2.large_use1-az5': 25, 't2.large_use1-az6': 50, 't2.medium_use1-az1': 50, 't2.medium_use1-az2': 50, 't2.medium_use1-az3': 50, 't2.medium_use1-az4': 50, 't2.medium_use1-az5': 50, 't2.medium_use1-az6': 50, 't2.xlarge_use1-az1': 35, 't2.xlarge_use1-az2': 50, 't2.xlarge_use1-az3': 20, 't2.xlarge_use1-az4': 50, 't2.xlarge_use1-az5': 5, 't2.xlarge_use1-az6': 50, 't3.2xlarge_use1-az1': 50, 't3.2xlarge_use1-az2': 50, 't3.2xlarge_use1-az4': 50, 't3.2xlarge_use1-az5': 50, 't3.2xlarge_use1-az6': 50, 't3.large_use1-az1': 50, 't3.large_use1-az2': 50, 't3.large_use1-az4': 50, 't3.large_use1-az5': 50, 't3.large_use1-az6': 50, 't3.medium_use1-az1': 50, 't3.medium_use1-az2': 50, 't3.medium_use1-az4': 50, 't3.medium_use1-az5': 50, 't3.medium_use1-az6': 50, 't3.xlarge_use1-az1': 50, 't3.xlarge_use1-az2': 50, 't3.xlarge_use1-az4': 50, 't3.xlarge_use1-az5': 50, 't3.xlarge_use1-az6': 50, 't3a.2xlarge_use1-az1': 50, 't3a.2xlarge_use1-az2': 50, 't3a.2xlarge_use1-az4': 50, 't3a.2xlarge_use1-az5': 50, 't3a.2xlarge_use1-az6': 50, 't3a.large_use1-az1': 50, 't3a.large_use1-az2': 50, 't3a.large_use1-az4': 50, 't3a.large_use1-az5': 5, 't3a.large_use1-az6': 50, 't3a.medium_use1-az1': 50, 't3a.medium_use1-az2': 50, 't3a.medium_use1-az4': 50, 't3a.medium_use1-az6': 50, 't3a.xlarge_use1-az1': 25, 't3a.xlarge_use1-az2': 50, 't3a.xlarge_use1-az4': 50, 't3a.xlarge_use1-az5': 15, 't3a.xlarge_use1-az6': 50, 't4g.2xlarge_use1-az1': 5, 't4g.2xlarge_use1-az2': 15, 't4g.2xlarge_use1-az4': 5, 't4g.2xlarge_use1-az5': 10, 't4g.2xlarge_use1-az6': 10, 't4g.large_use1-az1': 1, 't4g.large_use1-az2': 15, 't4g.large_use1-az4': 50, 't4g.large_use1-az5': 25, 't4g.large_use1-az6': 35, 't4g.medium_use1-az1': 1, 't4g.medium_use1-az2': 50, 't4g.medium_use1-az4': 50, 't4g.medium_use1-az5': 35, 't4g.medium_use1-az6': 50, 't4g.xlarge_use1-az1': 30, 't4g.xlarge_use1-az2': 15, 't4g.xlarge_use1-az4': 50, 't4g.xlarge_use1-az5': 5, 't4g.xlarge_use1-az6': 10, 'trn1.2xlarge_use1-az5': 5, 'trn1.2xlarge_use1-az6': 20, 'trn1.32xlarge_use1-az6': 50, 'trn1n.32xlarge_use1-az6': 50, 'x1.16xlarge_use1-az2': 1, 'x1.32xlarge_use1-az2': 1, 'x1.32xlarge_use1-az6': 1, 'x2gd.12xlarge_use1-az5': 5, 'x2gd.16xlarge_use1-az5': 1, 'x2gd.16xlarge_use1-az6': 15, 'x2gd.2xlarge_use1-az1': 5, 'x2gd.2xlarge_use1-az5': 5, 'x2gd.2xlarge_use1-az6': 30, 'x2gd.4xlarge_use1-az2': 1, 'x2gd.4xlarge_use1-az4': 5, 'x2gd.4xlarge_use1-az5': 1, 'x2gd.4xlarge_use1-az6': 35, 'x2gd.8xlarge_use1-az4': 1, 'x2gd.8xlarge_use1-az5': 1, 'x2gd.8xlarge_use1-az6': 5, 'x2gd.large_use1-az1': 35, 'x2gd.large_use1-az2': 25, 'x2gd.large_use1-az4': 15, 'x2gd.large_use1-az5': 25, 'x2gd.large_use1-az6': 50, 'x2gd.medium_use1-az1': 25, 'x2gd.medium_use1-az2': 35, 'x2gd.medium_use1-az4': 50, 'x2gd.medium_use1-az5': 50, 'x2gd.medium_use1-az6': 50, 'x2gd.xlarge_use1-az1': 5, 'x2gd.xlarge_use1-az2': 1, 'x2gd.xlarge_use1-az4': 20, 'x2gd.xlarge_use1-az5': 15, 'x2gd.xlarge_use1-az6': 25, 'x2idn.24xlarge_use1-az4': 1, 'x2idn.24xlarge_use1-az5': 1, 'x2idn.32xlarge_use1-az5': 1, 'x8g.12xlarge_use1-az2': 1, 'x8g.12xlarge_use1-az4': 20, 'x8g.12xlarge_use1-az6': 1, 'x8g.16xlarge_use1-az1': 1, 'x8g.16xlarge_use1-az2': 5, 'x8g.16xlarge_use1-az4': 5, 'x8g.16xlarge_use1-az6': 5, 'x8g.24xlarge_use1-az1': 1, 'x8g.24xlarge_use1-az2': 5, 'x8g.24xlarge_use1-az4': 5, 'x8g.24xlarge_use1-az6': 10, 'x8g.2xlarge_use1-az1': 5, 'x8g.2xlarge_use1-az2': 10, 'x8g.2xlarge_use1-az4': 10, 'x8g.2xlarge_use1-az6': 25, 'x8g.48xlarge_use1-az1': 1, 'x8g.48xlarge_use1-az2': 1, 'x8g.48xlarge_use1-az4': 10, 'x8g.48xlarge_use1-az6': 1, 'x8g.4xlarge_use1-az2': 5, 'x8g.4xlarge_use1-az4': 5, 'x8g.4xlarge_use1-az6': 10, 'x8g.8xlarge_use1-az2': 15, 'x8g.8xlarge_use1-az4': 20, 'x8g.8xlarge_use1-az6': 5, 'x8g.large_use1-az1': 30, 'x8g.large_use1-az4': 50, 'x8g.large_use1-az6': 50, 'x8g.medium_use1-az1': 50, 'x8g.medium_use1-az4': 50, 'x8g.medium_use1-az6': 50, 'x8g.metal-24xl_use1-az1': 1, 'x8g.metal-24xl_use1-az2': 1, 'x8g.metal-24xl_use1-az4': 1, 'x8g.metal-24xl_use1-az6': 10, 'x8g.metal-48xl_use1-az2': 1, 'x8g.metal-48xl_use1-az4': 1, 'x8g.metal-48xl_use1-az6': 1, 'x8g.xlarge_use1-az1': 10, 'x8g.xlarge_use1-az2': 20, 'x8g.xlarge_use1-az4': 40, 'x8g.xlarge_use1-az6': 50, 'z1d.12xlarge_use1-az1': 1, 'z1d.12xlarge_use1-az2': 1, 'z1d.12xlarge_use1-az4': 1, 'z1d.12xlarge_use1-az5': 1, 'z1d.12xlarge_use1-az6': 5, 'z1d.2xlarge_use1-az1': 5, 'z1d.2xlarge_use1-az2': 5, 'z1d.2xlarge_use1-az4': 15, 'z1d.2xlarge_use1-az5': 1, 'z1d.2xlarge_use1-az6': 15, 'z1d.3xlarge_use1-az1': 5, 'z1d.3xlarge_use1-az2': 5, 'z1d.3xlarge_use1-az4': 10, 'z1d.3xlarge_use1-az5': 5, 'z1d.3xlarge_use1-az6': 5, 'z1d.6xlarge_use1-az1': 1, 'z1d.6xlarge_use1-az2': 1, 'z1d.6xlarge_use1-az4': 1, 'z1d.6xlarge_use1-az6': 1, 'z1d.large_use1-az1': 15, 'z1d.large_use1-az2': 5, 'z1d.large_use1-az4': 25, 'z1d.large_use1-az5': 10, 'z1d.large_use1-az6': 25, 'z1d.xlarge_use1-az1': 10, 'z1d.xlarge_use1-az2': 20, 'z1d.xlarge_use1-az4': 30, 'z1d.xlarge_use1-az5': 1, 'z1d.xlarge_use1-az6': 20}"
0.64,23004.150999999947,27623947071,1200824.454328245,1055191,1055091,"{'c4.8xlarge_use1-az3': 5, 'c4.8xlarge_use1-az4': 15, 'c4.8xlarge_use1-az6': 5, 'c5.12xlarge_use1-az1': 50, 'c5.12xlarge_use1-az2': 50, 'c5.12xlarge_use1-az4': 50, 'c5.12xlarge_use1-az6': 50, 'c5.18xlarge_use1-az1': 5, 'c5.18xlarge_use1-az2': 50, 'c5.18xlarge_use1-az4': 15, 'c5.18xlarge_use1-az5': 10, 'c5.18xlarge_use1-az6': 1, 'c5.24xlarge_use1-az1': 1, 'c5.24xlarge_use1-az2': 5, 'c5.24xlarge_use1-az4': 5, 'c5.24xlarge_use1-az5': 1, 'c5.24xlarge_use1-az6': 5, 'c5.2xlarge_use1-az2': 50, 'c5.2xlarge_use1-az4': 50, 'c5.2xlarge_use1-az5': 50, 'c5.2xlarge_use1-az6': 50, 'c5.4xlarge_use1-az1': 50, 'c5.4xlarge_use1-az2': 50, 'c5.4xlarge_use1-az4': 50, 'c5.4xlarge_use1-az5': 50, 'c5.4xlarge_use1-az6': 50, 'c5.9xlarge_use1-az2': 50, 'c5.9xlarge_use1-az4': 50, 'c5.large_use1-az1': 50, 'c5.large_use1-az2': 50, 'c5.large_use1-az4': 50, 'c5.large_use1-az5': 50, 'c5.large_use1-az6': 50, 'c5.xlarge_use1-az1': 50, 'c5.xlarge_use1-az2': 50, 'c5.xlarge_use1-az4': 50, 'c5.xlarge_use1-az5': 50, 'c5.xlarge_use1-az6': 50, 'c5a.12xlarge_use1-az1': 5, 'c5a.12xlarge_use1-az2': 10, 'c5a.12xlarge_use1-az4': 15, 'c5a.16xlarge_use1-az4': 1, 'c5a.16xlarge_use1-az6': 1, 'c5a.24xlarge_use1-az2': 1, 'c5a.24xlarge_use1-az4': 1, 'c5a.24xlarge_use1-az6': 1, 'c5a.2xlarge_use1-az1': 30, 'c5a.2xlarge_use1-az2': 20, 'c5a.2xlarge_use1-az4': 50, 'c5a.2xlarge_use1-az5': 15, 'c5a.2xlarge_use1-az6': 50, 'c5a.4xlarge_use1-az5': 5, 'c5a.8xlarge_use1-az1': 1, 'c5a.8xlarge_use1-az2': 1, 'c5a.8xlarge_use1-az4': 5, 'c5a.8xlarge_use1-az6': 15, 'c5a.large_use1-az1': 50, 'c5a.large_use1-az2': 50, 'c5a.large_use1-az4': 50, 'c5a.large_use1-az5': 45, 'c5a.large_use1-az6': 50, 'c5a.xlarge_use1-az2': 50, 'c5a.xlarge_use1-az4': 50, 'c5a.xlarge_use1-az5': 50, 'c5a.xlarge_use1-az6': 50, 'c5ad.12xlarge_use1-az6': 5, 'c5ad.16xlarge_use1-az1': 1, 'c5ad.16xlarge_use1-az2': 5, 'c5ad.16xlarge_use1-az4': 1, 'c5ad.16xlarge_use1-az6': 1, 'c5ad.24xlarge_use1-az1': 1, 'c5ad.24xlarge_use1-az2': 1, 'c5ad.24xlarge_use1-az4': 1, 'c5ad.24xlarge_use1-az6': 5, 'c5ad.2xlarge_use1-az4': 5, 'c5ad.4xlarge_use1-az4': 1, 'c5ad.4xlarge_use1-az5': 1, 'c5ad.4xlarge_use1-az6': 10, 'c5ad.8xlarge_use1-az5': 1, 'c5ad.large_use1-az1': 20, 'c5ad.large_use1-az2': 30, 'c5ad.large_use1-az4': 10, 'c5ad.large_use1-az5': 15, 'c5ad.large_use1-az6': 20, 'c5ad.xlarge_use1-az2': 10, 'c5ad.xlarge_use1-az4': 5, 'c5ad.xlarge_use1-az5': 5, 'c5ad.xlarge_use1-az6': 15, 'c5d.12xlarge_use1-az2': 15, 'c5d.12xlarge_use1-az6': 45, 'c5d.18xlarge_use1-az1': 5, 'c5d.18xlarge_use1-az2': 50, 'c5d.18xlarge_use1-az4': 50, 'c5d.18xlarge_use1-az5': 5, 'c5d.18xlarge_use1-az6': 30, 'c5d.24xlarge_use1-az2': 35, 'c5d.24xlarge_use1-az4': 25, 'c5d.24xlarge_use1-az6': 50, 'c5d.2xlarge_use1-az2': 50, 'c5d.2xlarge_use1-az4': 50, 'c5d.2xlarge_use1-az5': 20, 'c5d.2xlarge_use1-az6': 50, 'c5d.9xlarge_use1-az1': 10, 'c5d.9xlarge_use1-az2': 20, 'c5d.9xlarge_use1-az6': 25, 'c5d.large_use1-az1': 50, 'c5d.large_use1-az2': 50, 'c5d.large_use1-az5': 35, 'c5d.large_use1-az6': 50, 'c5d.xlarge_use1-az1': 50, 'c5d.xlarge_use1-az2': 50, 'c5d.xlarge_use1-az5': 50, 'c5d.xlarge_use1-az6': 50, 'c5n.18xlarge_use1-az1': 30, 'c5n.18xlarge_use1-az2': 5, 'c5n.18xlarge_use1-az4': 10, 'c5n.2xlarge_use1-az5': 10, 'c5n.4xlarge_use1-az6': 1, 'c5n.9xlarge_use1-az1': 10, 'c5n.9xlarge_use1-az2': 1, 'c5n.9xlarge_use1-az4': 5, 'c5n.large_use1-az2': 10, 'c5n.large_use1-az5': 5, 'c5n.large_use1-az6': 5, 'c6a.12xlarge_use1-az1': 5, 'c6a.12xlarge_use1-az2': 50, 'c6a.12xlarge_use1-az4': 50, 'c6a.12xlarge_use1-az5': 1, 'c6a.12xlarge_use1-az6': 15, 'c6a.16xlarge_use1-az1': 1, 'c6a.16xlarge_use1-az2': 5, 'c6a.16xlarge_use1-az4': 10, 'c6a.16xlarge_use1-az5': 1, 'c6a.16xlarge_use1-az6': 15, 'c6a.24xlarge_use1-az1': 1, 'c6a.24xlarge_use1-az2': 5, 'c6a.24xlarge_use1-az4': 5, 'c6a.24xlarge_use1-az5': 5, 'c6a.24xlarge_use1-az6': 20, 'c6a.2xlarge_use1-az1': 10, 'c6a.2xlarge_use1-az2': 40, 'c6a.2xlarge_use1-az4': 50, 'c6a.2xlarge_use1-az5': 10, 'c6a.2xlarge_use1-az6': 50, 'c6a.32xlarge_use1-az2': 1, 'c6a.32xlarge_use1-az4': 1, 'c6a.32xlarge_use1-az5': 1, 'c6a.32xlarge_use1-az6': 5, 'c6a.48xlarge_use1-az2': 1, 'c6a.48xlarge_use1-az4': 10, 'c6a.48xlarge_use1-az5': 5, 'c6a.48xlarge_use1-az6': 25, 'c6a.4xlarge_use1-az1': 15, 'c6a.4xlarge_use1-az2': 15, 'c6a.4xlarge_use1-az4': 30, 'c6a.4xlarge_use1-az5': 15, 'c6a.4xlarge_use1-az6': 50, 'c6a.8xlarge_use1-az1': 5, 'c6a.8xlarge_use1-az2': 50, 'c6a.8xlarge_use1-az4': 30, 'c6a.8xlarge_use1-az5': 25, 'c6a.8xlarge_use1-az6': 50, 'c6a.large_use1-az1': 45, 'c6a.large_use1-az2': 50, 'c6a.large_use1-az4': 50, 'c6a.large_use1-az5': 50, 'c6a.large_use1-az6': 20, 'c6a.xlarge_use1-az1': 15, 'c6a.xlarge_use1-az2': 25, 'c6a.xlarge_use1-az4': 25, 'c6a.xlarge_use1-az5': 15, 'c6a.xlarge_use1-az6': 25, 'c6g.12xlarge_use1-az1': 15, 'c6g.12xlarge_use1-az2': 25, 'c6g.12xlarge_use1-az4': 50, 'c6g.12xlarge_use1-az5': 5, 'c6g.12xlarge_use1-az6': 50, 'c6g.16xlarge_use1-az1': 1, 'c6g.16xlarge_use1-az2': 15, 'c6g.16xlarge_use1-az4': 50, 'c6g.16xlarge_use1-az5': 5, 'c6g.16xlarge_use1-az6': 50, 'c6g.2xlarge_use1-az1': 5, 'c6g.2xlarge_use1-az2': 50, 'c6g.2xlarge_use1-az4': 50, 'c6g.2xlarge_use1-az5': 15, 'c6g.2xlarge_use1-az6': 50, 'c6g.4xlarge_use1-az1': 50, 'c6g.4xlarge_use1-az2': 50, 'c6g.4xlarge_use1-az4': 50, 'c6g.4xlarge_use1-az5': 50, 'c6g.4xlarge_use1-az6': 50, 'c6g.8xlarge_use1-az1': 50, 'c6g.8xlarge_use1-az2': 50, 'c6g.8xlarge_use1-az4': 50, 'c6g.8xlarge_use1-az5': 50, 'c6g.8xlarge_use1-az6': 50, 'c6g.large_use1-az2': 50, 'c6g.large_use1-az4': 50, 'c6g.large_use1-az5': 50, 'c6g.large_use1-az6': 50, 'c6g.xlarge_use1-az2': 50, 'c6g.xlarge_use1-az4': 50, 'c6g.xlarge_use1-az6': 50, 'c6gd.12xlarge_use1-az2': 50, 'c6gd.12xlarge_use1-az4': 30, 'c6gd.12xlarge_use1-az5': 1, 'c6gd.12xlarge_use1-az6': 50, 'c6gd.16xlarge_use1-az2': 50, 'c6gd.16xlarge_use1-az4': 30, 'c6gd.16xlarge_use1-az6': 50, 'c6gd.2xlarge_use1-az1': 15, 'c6gd.2xlarge_use1-az2': 50, 'c6gd.2xlarge_use1-az4': 50, 'c6gd.2xlarge_use1-az5': 1, 'c6gd.2xlarge_use1-az6': 50, 'c6gd.4xlarge_use1-az1': 20, 'c6gd.4xlarge_use1-az2': 50, 'c6gd.4xlarge_use1-az4': 50, 'c6gd.4xlarge_use1-az5': 10, 'c6gd.4xlarge_use1-az6': 50, 'c6gd.8xlarge_use1-az1': 25, 'c6gd.8xlarge_use1-az2': 45, 'c6gd.8xlarge_use1-az4': 45, 'c6gd.8xlarge_use1-az5': 1, 'c6gd.8xlarge_use1-az6': 50, 'c6gd.large_use1-az2': 5, 'c6gd.large_use1-az4': 20, 'c6gd.large_use1-az5': 1, 'c6gd.large_use1-az6': 50, 'c6gd.xlarge_use1-az1': 50, 'c6gd.xlarge_use1-az5': 50, 'c6gn.12xlarge_use1-az2': 25, 'c6gn.12xlarge_use1-az4': 50, 'c6gn.12xlarge_use1-az5': 1, 'c6gn.16xlarge_use1-az1': 1, 'c6gn.16xlarge_use1-az2': 50, 'c6gn.16xlarge_use1-az4': 50, 'c6gn.16xlarge_use1-az5': 10, 'c6gn.2xlarge_use1-az1': 5, 'c6gn.2xlarge_use1-az4': 20, 'c6gn.2xlarge_use1-az5': 1, 'c6gn.4xlarge_use1-az1': 1, 'c6gn.4xlarge_use1-az2': 40, 'c6gn.4xlarge_use1-az4': 35, 'c6gn.4xlarge_use1-az5': 10, 'c6gn.8xlarge_use1-az1': 25, 'c6gn.8xlarge_use1-az2': 35, 'c6gn.8xlarge_use1-az4': 30, 'c6gn.8xlarge_use1-az5': 5, 'c6gn.8xlarge_use1-az6': 5, 'c6gn.large_use1-az5': 15, 'c6gn.large_use1-az6': 1, 'c6gn.xlarge_use1-az5': 5, 'c6gn.xlarge_use1-az6': 1, 'c6i.12xlarge_use1-az1': 15, 'c6i.12xlarge_use1-az2': 15, 'c6i.12xlarge_use1-az4': 30, 'c6i.12xlarge_use1-az5': 5, 'c6i.12xlarge_use1-az6': 5, 'c6i.16xlarge_use1-az1': 5, 'c6i.16xlarge_use1-az2': 15, 'c6i.16xlarge_use1-az4': 25, 'c6i.16xlarge_use1-az5': 10, 'c6i.16xlarge_use1-az6': 30, 'c6i.24xlarge_use1-az1': 5, 'c6i.24xlarge_use1-az2': 5, 'c6i.24xlarge_use1-az4': 10, 'c6i.24xlarge_use1-az5': 1, 'c6i.24xlarge_use1-az6': 15, 'c6i.2xlarge_use1-az1': 20, 'c6i.2xlarge_use1-az2': 50, 'c6i.2xlarge_use1-az4': 50, 'c6i.2xlarge_use1-az6': 50, 'c6i.32xlarge_use1-az1': 10, 'c6i.32xlarge_use1-az2': 5, 'c6i.32xlarge_use1-az4': 50, 'c6i.32xlarge_use1-az5': 1, 'c6i.32xlarge_use1-az6': 40, 'c6i.4xlarge_use1-az1': 10, 'c6i.4xlarge_use1-az2': 40, 'c6i.4xlarge_use1-az4': 50, 'c6i.4xlarge_use1-az5': 15, 'c6i.4xlarge_use1-az6': 50, 'c6i.8xlarge_use1-az1': 10, 'c6i.8xlarge_use1-az2': 45, 'c6i.8xlarge_use1-az4': 50, 'c6i.8xlarge_use1-az5': 10, 'c6i.8xlarge_use1-az6': 50, 'c6i.large_use1-az1': 10, 'c6i.large_use1-az2': 40, 'c6i.large_use1-az4': 30, 'c6i.large_use1-az5': 10, 'c6i.large_use1-az6': 50, 'c6i.xlarge_use1-az1': 50, 'c6i.xlarge_use1-az2': 45, 'c6i.xlarge_use1-az4': 35, 'c6i.xlarge_use1-az5': 10, 'c6i.xlarge_use1-az6': 50, 'c6id.12xlarge_use1-az1': 1, 'c6id.12xlarge_use1-az2': 1, 'c6id.12xlarge_use1-az4': 5, 'c6id.12xlarge_use1-az6': 5, 'c6id.16xlarge_use1-az1': 1, 'c6id.16xlarge_use1-az2': 5, 'c6id.16xlarge_use1-az4': 5, 'c6id.16xlarge_use1-az5': 1, 'c6id.16xlarge_use1-az6': 1, 'c6id.24xlarge_use1-az1': 5, 'c6id.24xlarge_use1-az2': 15, 'c6id.24xlarge_use1-az4': 5, 'c6id.24xlarge_use1-az5': 1, 'c6id.24xlarge_use1-az6': 10, 'c6id.2xlarge_use1-az2': 1, 'c6id.2xlarge_use1-az4': 5, 'c6id.2xlarge_use1-az6': 1, 'c6id.32xlarge_use1-az1': 1, 'c6id.32xlarge_use1-az2': 5, 'c6id.32xlarge_use1-az4': 10, 'c6id.32xlarge_use1-az5': 1, 'c6id.32xlarge_use1-az6': 5, 'c6id.4xlarge_use1-az2': 10, 'c6id.4xlarge_use1-az4': 10, 'c6id.4xlarge_use1-az6': 5, 'c6id.8xlarge_use1-az2': 1, 'c6id.8xlarge_use1-az4': 5, 'c6id.8xlarge_use1-az6': 1, 'c6id.large_use1-az2': 5, 'c6id.large_use1-az5': 5, 'c6id.large_use1-az6': 5, 'c6id.xlarge_use1-az1': 5, 'c6id.xlarge_use1-az2': 1, 'c6id.xlarge_use1-az4': 5, 'c6id.xlarge_use1-az5': 1, 'c6id.xlarge_use1-az6': 1, 'c6in.12xlarge_use1-az1': 1, 'c6in.24xlarge_use1-az6': 1, 'c6in.32xlarge_use1-az6': 1, 'c6in.4xlarge_use1-az2': 5, 'c6in.4xlarge_use1-az4': 5, 'c6in.4xlarge_use1-az6': 25, 'c6in.large_use1-az2': 1, 'c6in.large_use1-az4': 1, 'c6in.large_use1-az5': 1, 'c6in.large_use1-az6': 5, 'c6in.xlarge_use1-az1': 20, 'c6in.xlarge_use1-az6': 10, 'c7a.12xlarge_use1-az1': 5, 'c7a.12xlarge_use1-az2': 5, 'c7a.12xlarge_use1-az4': 1, 'c7a.12xlarge_use1-az6': 15, 'c7a.16xlarge_use1-az1': 1, 'c7a.16xlarge_use1-az2': 1, 'c7a.16xlarge_use1-az6': 5, 'c7a.24xlarge_use1-az1': 1, 'c7a.24xlarge_use1-az2': 1, 'c7a.24xlarge_use1-az5': 1, 'c7a.24xlarge_use1-az6': 5, 'c7a.2xlarge_use1-az1': 1, 'c7a.2xlarge_use1-az2': 1, 'c7a.2xlarge_use1-az5': 1, 'c7a.2xlarge_use1-az6': 10, 'c7a.32xlarge_use1-az1': 1, 'c7a.32xlarge_use1-az2': 1, 'c7a.32xlarge_use1-az6': 15, 'c7a.48xlarge_use1-az1': 1, 'c7a.48xlarge_use1-az2': 1, 'c7a.48xlarge_use1-az5': 1, 'c7a.48xlarge_use1-az6': 20, 'c7a.4xlarge_use1-az1': 5, 'c7a.4xlarge_use1-az2': 10, 'c7a.4xlarge_use1-az4': 5, 'c7a.4xlarge_use1-az5': 1, 'c7a.4xlarge_use1-az6': 50, 'c7a.8xlarge_use1-az1': 1, 'c7a.8xlarge_use1-az2': 1, 'c7a.8xlarge_use1-az4': 1, 'c7a.8xlarge_use1-az6': 10, 'c7a.large_use1-az1': 15, 'c7a.large_use1-az2': 25, 'c7a.large_use1-az4': 30, 'c7a.large_use1-az5': 10, 'c7a.large_use1-az6': 50, 'c7a.xlarge_use1-az1': 5, 'c7a.xlarge_use1-az2': 5, 'c7a.xlarge_use1-az4': 10, 'c7a.xlarge_use1-az5': 5, 'c7a.xlarge_use1-az6': 15, 'c7g.12xlarge_use1-az1': 15, 'c7g.12xlarge_use1-az2': 50, 'c7g.12xlarge_use1-az4': 15, 'c7g.12xlarge_use1-az5': 1, 'c7g.12xlarge_use1-az6': 50, 'c7g.16xlarge_use1-az1': 25, 'c7g.16xlarge_use1-az2': 40, 'c7g.16xlarge_use1-az4': 50, 'c7g.16xlarge_use1-az5': 10, 'c7g.16xlarge_use1-az6': 50, 'c7g.2xlarge_use1-az1': 50, 'c7g.2xlarge_use1-az2': 50, 'c7g.2xlarge_use1-az4': 50, 'c7g.2xlarge_use1-az5': 50, 'c7g.2xlarge_use1-az6': 50, 'c7g.4xlarge_use1-az1': 50, 'c7g.4xlarge_use1-az2': 50, 'c7g.4xlarge_use1-az4': 50, 'c7g.4xlarge_use1-az5': 50, 'c7g.4xlarge_use1-az6': 50, 'c7g.8xlarge_use1-az1': 50, 'c7g.8xlarge_use1-az2': 50, 'c7g.8xlarge_use1-az4': 50, 'c7g.8xlarge_use1-az5': 50, 'c7g.8xlarge_use1-az6': 50, 'c7g.large_use1-az2': 45, 'c7g.large_use1-az4': 30, 'c7g.large_use1-az5': 10, 'c7g.large_use1-az6': 30, 'c7g.xlarge_use1-az1': 50, 'c7g.xlarge_use1-az2': 50, 'c7g.xlarge_use1-az4': 50, 'c7g.xlarge_use1-az5': 50, 'c7g.xlarge_use1-az6': 50, 'c7gd.12xlarge_use1-az1': 5, 'c7gd.12xlarge_use1-az2': 30, 'c7gd.12xlarge_use1-az4': 15, 'c7gd.12xlarge_use1-az5': 15, 'c7gd.12xlarge_use1-az6': 50, 'c7gd.16xlarge_use1-az1': 5, 'c7gd.16xlarge_use1-az2': 30, 'c7gd.16xlarge_use1-az4': 40, 'c7gd.16xlarge_use1-az5': 1, 'c7gd.16xlarge_use1-az6': 50, 'c7gd.2xlarge_use1-az1': 15, 'c7gd.2xlarge_use1-az2': 50, 'c7gd.2xlarge_use1-az4': 50, 'c7gd.2xlarge_use1-az5': 5, 'c7gd.2xlarge_use1-az6': 50, 'c7gd.4xlarge_use1-az1': 30, 'c7gd.4xlarge_use1-az2': 25, 'c7gd.4xlarge_use1-az4': 50, 'c7gd.4xlarge_use1-az5': 1, 'c7gd.4xlarge_use1-az6': 50, 'c7gd.8xlarge_use1-az1': 5, 'c7gd.8xlarge_use1-az2': 15, 'c7gd.8xlarge_use1-az4': 10, 'c7gd.8xlarge_use1-az5': 5, 'c7gd.8xlarge_use1-az6': 20, 'c7gd.large_use1-az2': 25, 'c7gd.large_use1-az4': 5, 'c7gd.large_use1-az5': 10, 'c7gd.large_use1-az6': 20, 'c7gd.xlarge_use1-az1': 15, 'c7gd.xlarge_use1-az2': 50, 'c7gd.xlarge_use1-az4': 5, 'c7gd.xlarge_use1-az5': 15, 'c7gd.xlarge_use1-az6': 25, 'c7gn.12xlarge_use1-az5': 1, 'c7gn.16xlarge_use1-az5': 5, 'c7gn.16xlarge_use1-az6': 20, 'c7gn.2xlarge_use1-az5': 1, 'c7gn.4xlarge_use1-az2': 50, 'c7gn.4xlarge_use1-az5': 1, 'c7gn.4xlarge_use1-az6': 50, 'c7gn.8xlarge_use1-az5': 1, 'c7gn.8xlarge_use1-az6': 5, 'c7gn.xlarge_use1-az5': 5, 'c7i-flex.2xlarge_use1-az5': 15, 'c7i-flex.2xlarge_use1-az6': 50, 'c7i-flex.4xlarge_use1-az1': 1, 'c7i-flex.4xlarge_use1-az2': 1, 'c7i-flex.4xlarge_use1-az4': 1, 'c7i-flex.4xlarge_use1-az6': 5, 'c7i-flex.8xlarge_use1-az1': 1, 'c7i-flex.8xlarge_use1-az2': 1, 'c7i-flex.8xlarge_use1-az4': 1, 'c7i-flex.8xlarge_use1-az6': 5, 'c7i-flex.large_use1-az1': 40, 'c7i-flex.large_use1-az2': 50, 'c7i-flex.large_use1-az4': 10, 'c7i-flex.large_use1-az5': 1, 'c7i-flex.large_use1-az6': 50, 'c7i-flex.xlarge_use1-az2': 50, 'c7i-flex.xlarge_use1-az4': 50, 'c7i-flex.xlarge_use1-az5': 5, 'c7i-flex.xlarge_use1-az6': 50, 'c7i.12xlarge_use1-az1': 5, 'c7i.12xlarge_use1-az2': 15, 'c7i.12xlarge_use1-az4': 15, 'c7i.12xlarge_use1-az6': 5, 'c7i.16xlarge_use1-az1': 1, 'c7i.16xlarge_use1-az2': 5, 'c7i.16xlarge_use1-az4': 1, 'c7i.16xlarge_use1-az6': 15, 'c7i.24xlarge_use1-az1': 5, 'c7i.24xlarge_use1-az2': 5, 'c7i.24xlarge_use1-az4': 5, 'c7i.24xlarge_use1-az6': 15, 'c7i.2xlarge_use1-az1': 10, 'c7i.2xlarge_use1-az2': 10, 'c7i.2xlarge_use1-az4': 10, 'c7i.2xlarge_use1-az5': 5, 'c7i.2xlarge_use1-az6': 25, 'c7i.48xlarge_use1-az1': 10, 'c7i.48xlarge_use1-az2': 10, 'c7i.48xlarge_use1-az4': 5, 'c7i.48xlarge_use1-az5': 1, 'c7i.48xlarge_use1-az6': 50, 'c7i.4xlarge_use1-az1': 5, 'c7i.4xlarge_use1-az2': 5, 'c7i.4xlarge_use1-az4': 5, 'c7i.4xlarge_use1-az5': 1, 'c7i.4xlarge_use1-az6': 15, 'c7i.8xlarge_use1-az1': 1, 'c7i.8xlarge_use1-az2': 5, 'c7i.8xlarge_use1-az4': 5, 'c7i.8xlarge_use1-az6': 10, 'c7i.large_use1-az1': 45, 'c7i.large_use1-az2': 50, 'c7i.large_use1-az4': 50, 'c7i.large_use1-az5': 5, 'c7i.large_use1-az6': 50, 'c7i.xlarge_use1-az1': 5, 'c7i.xlarge_use1-az2': 10, 'c7i.xlarge_use1-az4': 5, 'c7i.xlarge_use1-az5': 1, 'c7i.xlarge_use1-az6': 5, 'c8g.12xlarge_use1-az1': 1, 'c8g.12xlarge_use1-az2': 5, 'c8g.12xlarge_use1-az4': 1, 'c8g.12xlarge_use1-az6': 25, 'c8g.16xlarge_use1-az1': 10, 'c8g.16xlarge_use1-az2': 5, 'c8g.16xlarge_use1-az4': 1, 'c8g.16xlarge_use1-az6': 50, 'c8g.24xlarge_use1-az1': 5, 'c8g.24xlarge_use1-az2': 10, 'c8g.24xlarge_use1-az4': 1, 'c8g.24xlarge_use1-az6': 25, 'c8g.2xlarge_use1-az1': 5, 'c8g.2xlarge_use1-az2': 5, 'c8g.2xlarge_use1-az4': 50, 'c8g.2xlarge_use1-az5': 1, 'c8g.2xlarge_use1-az6': 50, 'c8g.48xlarge_use1-az1': 1, 'c8g.48xlarge_use1-az2': 5, 'c8g.48xlarge_use1-az6': 50, 'c8g.4xlarge_use1-az1': 35, 'c8g.4xlarge_use1-az2': 15, 'c8g.4xlarge_use1-az4': 20, 'c8g.4xlarge_use1-az5': 10, 'c8g.4xlarge_use1-az6': 50, 'c8g.8xlarge_use1-az1': 1, 'c8g.8xlarge_use1-az2': 5, 'c8g.8xlarge_use1-az4': 5, 'c8g.8xlarge_use1-az6': 50, 'c8g.large_use1-az1': 5, 'c8g.large_use1-az2': 20, 'c8g.large_use1-az4': 5, 'c8g.large_use1-az5': 1, 'c8g.large_use1-az6': 40, 'c8g.metal-24xl_use1-az2': 1, 'c8g.metal-24xl_use1-az6': 20, 'c8g.metal-48xl_use1-az1': 1, 'c8g.metal-48xl_use1-az2': 1, 'c8g.metal-48xl_use1-az6': 50, 'c8g.xlarge_use1-az1': 5, 'c8g.xlarge_use1-az2': 30, 'c8g.xlarge_use1-az4': 5, 'c8g.xlarge_use1-az5': 1, 'c8g.xlarge_use1-az6': 50, 'c8gd.12xlarge_use1-az2': 5, 'c8gd.12xlarge_use1-az4': 5, 'c8gd.12xlarge_use1-az5': 1, 'c8gd.12xlarge_use1-az6': 5, 'c8gd.16xlarge_use1-az2': 10, 'c8gd.16xlarge_use1-az4': 10, 'c8gd.16xlarge_use1-az5': 5, 'c8gd.16xlarge_use1-az6': 50, 'c8gd.24xlarge_use1-az2': 1, 'c8gd.24xlarge_use1-az4': 5, 'c8gd.24xlarge_use1-az5': 1, 'c8gd.24xlarge_use1-az6': 5, 'c8gd.2xlarge_use1-az2': 50, 'c8gd.2xlarge_use1-az4': 50, 'c8gd.2xlarge_use1-az5': 10, 'c8gd.2xlarge_use1-az6': 50, 'c8gd.48xlarge_use1-az2': 1, 'c8gd.48xlarge_use1-az6': 15, 'c8gd.4xlarge_use1-az2': 10, 'c8gd.4xlarge_use1-az4': 30, 'c8gd.4xlarge_use1-az5': 1, 'c8gd.4xlarge_use1-az6': 50, 'c8gd.8xlarge_use1-az2': 1, 'c8gd.8xlarge_use1-az4': 1, 'c8gd.8xlarge_use1-az5': 1, 'c8gd.large_use1-az1': 1, 'c8gd.large_use1-az2': 40, 'c8gd.large_use1-az4': 35, 'c8gd.large_use1-az6': 50, 'c8gd.metal-24xl_use1-az2': 1, 'c8gd.metal-24xl_use1-az4': 1, 'c8gd.metal-24xl_use1-az5': 1, 'c8gd.metal-24xl_use1-az6': 5, 'c8gd.metal-48xl_use1-az2': 1, 'c8gd.metal-48xl_use1-az6': 1, 'c8gd.xlarge_use1-az1': 1, 'c8gd.xlarge_use1-az2': 20, 'c8gd.xlarge_use1-az4': 20, 'c8gd.xlarge_use1-az5': 15, 'c8gd.xlarge_use1-az6': 50, 'c8gn.2xlarge_use1-az2': 1, 'c8gn.4xlarge_use1-az2': 1, 'c8gn.4xlarge_use1-az5': 1, 'c8gn.8xlarge_use1-az2': 1, 'c8gn.8xlarge_use1-az6': 1, 'c8gn.large_use1-az6': 1, 'c8i-flex.12xlarge_use1-az6': 1, 'c8i-flex.16xlarge_use1-az6': 1, 'c8i-flex.2xlarge_use1-az2': 25, 'c8i-flex.2xlarge_use1-az4': 15, 'c8i-flex.2xlarge_use1-az6': 50, 'c8i-flex.4xlarge_use1-az2': 5, 'c8i-flex.4xlarge_use1-az4': 1, 'c8i-flex.4xlarge_use1-az6': 5, 'c8i-flex.8xlarge_use1-az6': 1, 'c8i-flex.large_use1-az4': 20, 'c8i-flex.xlarge_use1-az2': 40, 'c8i-flex.xlarge_use1-az4': 5, 'c8i-flex.xlarge_use1-az6': 50, 'c8i.12xlarge_use1-az2': 1, 'c8i.12xlarge_use1-az4': 1, 'c8i.12xlarge_use1-az6': 1, 'c8i.16xlarge_use1-az6': 1, 'c8i.24xlarge_use1-az6': 1, 'c8i.2xlarge_use1-az2': 10, 'c8i.2xlarge_use1-az4': 5, 'c8i.2xlarge_use1-az6': 20, 'c8i.32xlarge_use1-az2': 1, 'c8i.32xlarge_use1-az4': 1, 'c8i.32xlarge_use1-az6': 5, 'c8i.48xlarge_use1-az2': 1, 'c8i.48xlarge_use1-az6': 1, 'c8i.4xlarge_use1-az2': 5, 'c8i.4xlarge_use1-az4': 5, 'c8i.4xlarge_use1-az6': 5, 'c8i.8xlarge_use1-az2': 1, 'c8i.8xlarge_use1-az4': 1, 'c8i.8xlarge_use1-az6': 5, 'c8i.96xlarge_use1-az2': 1, 'c8i.96xlarge_use1-az6': 5, 'c8i.metal-48xl_use1-az2': 1, 'c8i.metal-96xl_use1-az2': 1, 'c8i.metal-96xl_use1-az6': 5, 'c8i.xlarge_use1-az2': 50, 'c8i.xlarge_use1-az4': 15, 'c8i.xlarge_use1-az6': 50, 'd3.xlarge_use1-az2': 50, 'd3.xlarge_use1-az6': 25, 'd3en.12xlarge_use1-az6': 50, 'd3en.xlarge_use1-az2': 50, 'd3en.xlarge_use1-az6': 50, 'f2.12xlarge_use1-az2': 1, 'f2.12xlarge_use1-az4': 1, 'f2.12xlarge_use1-az6': 1, 'f2.48xlarge_use1-az2': 5, 'f2.48xlarge_use1-az4': 5, 'f2.48xlarge_use1-az6': 1, 'g4ad.16xlarge_use1-az1': 5, 'g4ad.16xlarge_use1-az2': 5, 'g4ad.16xlarge_use1-az4': 5, 'g4ad.16xlarge_use1-az6': 10, 'g4ad.2xlarge_use1-az1': 5, 'g4ad.2xlarge_use1-az2': 10, 'g4ad.2xlarge_use1-az4': 10, 'g4ad.2xlarge_use1-az6': 10, 'g4ad.4xlarge_use1-az1': 10, 'g4ad.4xlarge_use1-az2': 15, 'g4ad.4xlarge_use1-az4': 15, 'g4ad.4xlarge_use1-az6': 5, 'g4ad.8xlarge_use1-az1': 1, 'g4ad.8xlarge_use1-az2': 5, 'g4ad.8xlarge_use1-az4': 5, 'g4ad.8xlarge_use1-az6': 5, 'g4ad.xlarge_use1-az1': 20, 'g4ad.xlarge_use1-az2': 20, 'g4ad.xlarge_use1-az4': 25, 'g4ad.xlarge_use1-az6': 20, 'g4dn.12xlarge_use1-az1': 5, 'g4dn.12xlarge_use1-az2': 15, 'g4dn.12xlarge_use1-az4': 15, 'g4dn.12xlarge_use1-az5': 15, 'g4dn.12xlarge_use1-az6': 50, 'g4dn.16xlarge_use1-az1': 1, 'g4dn.16xlarge_use1-az2': 10, 'g4dn.16xlarge_use1-az4': 1, 'g4dn.16xlarge_use1-az5': 5, 'g4dn.16xlarge_use1-az6': 15, 'g4dn.2xlarge_use1-az1': 45, 'g4dn.2xlarge_use1-az2': 50, 'g4dn.2xlarge_use1-az4': 50, 'g4dn.2xlarge_use1-az5': 50, 'g4dn.2xlarge_use1-az6': 50, 'g4dn.4xlarge_use1-az1': 5, 'g4dn.4xlarge_use1-az2': 40, 'g4dn.4xlarge_use1-az4': 25, 'g4dn.4xlarge_use1-az5': 40, 'g4dn.4xlarge_use1-az6': 40, 'g4dn.8xlarge_use1-az1': 1, 'g4dn.8xlarge_use1-az2': 1, 'g4dn.8xlarge_use1-az4': 10, 'g4dn.8xlarge_use1-az5': 1, 'g4dn.8xlarge_use1-az6': 5, 'g5.16xlarge_use1-az1': 1, 'g5.16xlarge_use1-az2': 1, 'g5.16xlarge_use1-az4': 5, 'g5.16xlarge_use1-az5': 5, 'g5.16xlarge_use1-az6': 10, 'g5.24xlarge_use1-az1': 1, 'g5.24xlarge_use1-az2': 1, 'g5.24xlarge_use1-az4': 1, 'g5.24xlarge_use1-az5': 1, 'g5.24xlarge_use1-az6': 5, 'g5.48xlarge_use1-az2': 1, 'g5.48xlarge_use1-az5': 5, 'g5.48xlarge_use1-az6': 25, 'g5.4xlarge_use1-az1': 1, 'g5.4xlarge_use1-az5': 40, 'g5.4xlarge_use1-az6': 50, 'g5.8xlarge_use1-az1': 1, 'g5.8xlarge_use1-az2': 5, 'g5.8xlarge_use1-az4': 10, 'g5.8xlarge_use1-az5': 20, 'g5.8xlarge_use1-az6': 10, 'g5g.16xlarge_use1-az1': 1, 'g5g.16xlarge_use1-az6': 5, 'g5g.8xlarge_use1-az1': 1, 'g5g.8xlarge_use1-az4': 1, 'g6.12xlarge_use1-az1': 5, 'g6.12xlarge_use1-az2': 1, 'g6.12xlarge_use1-az4': 30, 'g6.12xlarge_use1-az6': 50, 'g6.16xlarge_use1-az1': 1, 'g6.16xlarge_use1-az2': 1, 'g6.16xlarge_use1-az4': 1, 'g6.16xlarge_use1-az6': 5, 'g6.24xlarge_use1-az2': 1, 'g6.24xlarge_use1-az4': 1, 'g6.24xlarge_use1-az6': 1, 'g6.48xlarge_use1-az2': 5, 'g6.48xlarge_use1-az4': 30, 'g6.48xlarge_use1-az6': 50, 'g6.4xlarge_use1-az1': 5, 'g6.4xlarge_use1-az2': 10, 'g6.4xlarge_use1-az4': 35, 'g6.4xlarge_use1-az6': 50, 'g6.8xlarge_use1-az1': 5, 'g6.8xlarge_use1-az2': 5, 'g6.8xlarge_use1-az4': 10, 'g6.8xlarge_use1-az6': 15, 'g6e.16xlarge_use1-az1': 10, 'g6e.16xlarge_use1-az2': 15, 'g6e.16xlarge_use1-az4': 40, 'g6e.16xlarge_use1-az6': 20, 'g6e.48xlarge_use1-az4': 5, 'g6e.4xlarge_use1-az4': 5, 'g6e.8xlarge_use1-az1': 1, 'g6e.8xlarge_use1-az2': 1, 'g6e.8xlarge_use1-az4': 1, 'g6e.8xlarge_use1-az6': 1, 'g6f.2xlarge_use1-az1': 1, 'g6f.2xlarge_use1-az4': 1, 'g6f.2xlarge_use1-az6': 5, 'g6f.4xlarge_use1-az1': 1, 'g6f.4xlarge_use1-az4': 1, 'g6f.4xlarge_use1-az6': 1, 'g6f.large_use1-az1': 10, 'g6f.large_use1-az2': 15, 'g6f.large_use1-az4': 40, 'g6f.large_use1-az6': 20, 'g6f.xlarge_use1-az1': 1, 'g6f.xlarge_use1-az2': 1, 'g6f.xlarge_use1-az4': 5, 'g6f.xlarge_use1-az6': 10, 'gr6.4xlarge_use1-az2': 1, 'gr6.4xlarge_use1-az4': 1, 'gr6.4xlarge_use1-az6': 1, 'gr6.8xlarge_use1-az1': 1, 'gr6.8xlarge_use1-az2': 1, 'gr6.8xlarge_use1-az4': 1, 'gr6.8xlarge_use1-az6': 1, 'i2.xlarge_use1-az1': 1, 'i2.xlarge_use1-az2': 15, 'i2.xlarge_use1-az3': 1, 'i2.xlarge_use1-az6': 15, 'i3.16xlarge_use1-az1': 20, 'i3.16xlarge_use1-az2': 50, 'i3.16xlarge_use1-az3': 10, 'i3.16xlarge_use1-az4': 50, 'i3.16xlarge_use1-az5': 10, 'i3.16xlarge_use1-az6': 45, 'i3.2xlarge_use1-az2': 50, 'i3.2xlarge_use1-az4': 50, 'i3.4xlarge_use1-az2': 50, 'i3.4xlarge_use1-az3': 50, 'i3.8xlarge_use1-az2': 50, 'i3.8xlarge_use1-az3': 50, 'i3.8xlarge_use1-az4': 50, 'i3.8xlarge_use1-az5': 25, 'i3.8xlarge_use1-az6': 50, 'i3.large_use1-az1': 50, 'i3.large_use1-az2': 50, 'i3.large_use1-az3': 50, 'i3.large_use1-az4': 50, 'i3.large_use1-az5': 50, 'i3.large_use1-az6': 50, 'i3.xlarge_use1-az1': 50, 'i3.xlarge_use1-az2': 50, 'i3.xlarge_use1-az3': 50, 'i3.xlarge_use1-az4': 50, 'i3.xlarge_use1-az5': 50, 'i3.xlarge_use1-az6': 50, 'i3en.24xlarge_use1-az6': 20, 'i3en.3xlarge_use1-az5': 50, 'i3en.large_use1-az5': 35, 'i3en.large_use1-az6': 50, 'i3en.xlarge_use1-az1': 50, 'i3en.xlarge_use1-az4': 50, 'i3en.xlarge_use1-az6': 50, 'i4g.16xlarge_use1-az2': 1, 'i4g.16xlarge_use1-az4': 1, 'i4g.16xlarge_use1-az5': 50, 'i4g.16xlarge_use1-az6': 50, 'i4g.2xlarge_use1-az2': 10, 'i4g.2xlarge_use1-az4': 15, 'i4g.2xlarge_use1-az5': 40, 'i4g.2xlarge_use1-az6': 50, 'i4g.4xlarge_use1-az2': 25, 'i4g.4xlarge_use1-az4': 30, 'i4g.large_use1-az2': 5, 'i4g.large_use1-az4': 5, 'i4g.large_use1-az5': 25, 'i4g.large_use1-az6': 50, 'i4g.xlarge_use1-az2': 10, 'i4g.xlarge_use1-az4': 1, 'i4g.xlarge_use1-az5': 50, 'i4g.xlarge_use1-az6': 50, 'i4i.12xlarge_use1-az2': 5, 'i4i.16xlarge_use1-az6': 1, 'i4i.24xlarge_use1-az2': 1, 'i4i.2xlarge_use1-az1': 15, 'i4i.2xlarge_use1-az2': 50, 'i4i.2xlarge_use1-az4': 50, 'i4i.2xlarge_use1-az5': 1, 'i4i.2xlarge_use1-az6': 50, 'i4i.4xlarge_use1-az6': 15, 'i4i.8xlarge_use1-az1': 1, 'i4i.large_use1-az1': 50, 'i4i.large_use1-az2': 50, 'i4i.large_use1-az4': 50, 'i4i.large_use1-az5': 50, 'i4i.large_use1-az6': 50, 'i4i.xlarge_use1-az1': 50, 'i4i.xlarge_use1-az2': 50, 'i4i.xlarge_use1-az4': 50, 'i4i.xlarge_use1-az5': 50, 'i4i.xlarge_use1-az6': 50, 'i7i.12xlarge_use1-az1': 1, 'i7i.12xlarge_use1-az2': 1, 'i7i.12xlarge_use1-az4': 1, 'i7i.12xlarge_use1-az5': 1, 'i7i.12xlarge_use1-az6': 1, 'i7i.16xlarge_use1-az2': 1, 'i7i.16xlarge_use1-az4': 5, 'i7i.16xlarge_use1-az5': 1, 'i7i.16xlarge_use1-az6': 1, 'i7i.24xlarge_use1-az2': 1, 'i7i.24xlarge_use1-az4': 1, 'i7i.24xlarge_use1-az5': 1, 'i7i.24xlarge_use1-az6': 1, 'i7i.2xlarge_use1-az1': 1, 'i7i.2xlarge_use1-az2': 50, 'i7i.2xlarge_use1-az4': 45, 'i7i.2xlarge_use1-az5': 20, 'i7i.2xlarge_use1-az6': 10, 'i7i.48xlarge_use1-az2': 1, 'i7i.4xlarge_use1-az1': 1, 'i7i.4xlarge_use1-az2': 15, 'i7i.4xlarge_use1-az4': 20, 'i7i.4xlarge_use1-az5': 5, 'i7i.4xlarge_use1-az6': 20, 'i7i.8xlarge_use1-az1': 1, 'i7i.8xlarge_use1-az2': 1, 'i7i.8xlarge_use1-az4': 5, 'i7i.8xlarge_use1-az5': 1, 'i7i.8xlarge_use1-az6': 1, 'i7i.metal-24xl_use1-az2': 1, 'i7i.metal-24xl_use1-az4': 50, 'i7i.metal-24xl_use1-az6': 35, 'i7i.xlarge_use1-az1': 1, 'i7i.xlarge_use1-az6': 20, 'i7ie.12xlarge_use1-az1': 1, 'i7ie.12xlarge_use1-az6': 30, 'i7ie.18xlarge_use1-az6': 20, 'i7ie.24xlarge_use1-az1': 1, 'i7ie.24xlarge_use1-az6': 50, 'i7ie.2xlarge_use1-az2': 1, 'i7ie.2xlarge_use1-az4': 15, 'i7ie.2xlarge_use1-az6': 35, 'i7ie.3xlarge_use1-az1': 5, 'i7ie.3xlarge_use1-az2': 1, 'i7ie.48xlarge_use1-az6': 50, 'i7ie.6xlarge_use1-az6': 50, 'i7ie.large_use1-az1': 45, 'i7ie.large_use1-az4': 50, 'i7ie.large_use1-az6': 50, 'i7ie.metal-24xl_use1-az4': 1, 'i7ie.metal-24xl_use1-az6': 15, 'i7ie.metal-48xl_use1-az6': 10, 'i7ie.xlarge_use1-az1': 10, 'i7ie.xlarge_use1-az4': 45, 'i7ie.xlarge_use1-az6': 50, 'i8g.12xlarge_use1-az6': 1, 'i8g.24xlarge_use1-az6': 10, 'i8g.2xlarge_use1-az2': 1, 'i8g.4xlarge_use1-az2': 1, 'i8g.8xlarge_use1-az6': 5, 'i8g.large_use1-az2': 10, 'i8g.large_use1-az6': 5, 'i8g.xlarge_use1-az2': 1, 'i8g.xlarge_use1-az4': 1, 'i8g.xlarge_use1-az6': 1, 'i8ge.12xlarge_use1-az4': 1, 'i8ge.12xlarge_use1-az6': 5, 'i8ge.18xlarge_use1-az2': 1, 'i8ge.18xlarge_use1-az4': 1, 'i8ge.18xlarge_use1-az6': 5, 'i8ge.24xlarge_use1-az4': 1, 'i8ge.24xlarge_use1-az6': 5, 'i8ge.2xlarge_use1-az4': 10, 'i8ge.3xlarge_use1-az2': 1, 'i8ge.3xlarge_use1-az4': 5, 'i8ge.48xlarge_use1-az4': 5, 'i8ge.6xlarge_use1-az2': 1, 'i8ge.6xlarge_use1-az4': 1, 'i8ge.large_use1-az2': 5, 'i8ge.large_use1-az4': 50, 'i8ge.metal-24xl_use1-az4': 1, 'i8ge.metal-48xl_use1-az6': 1, 'i8ge.xlarge_use1-az4': 20, 'im4gn.16xlarge_use1-az4': 45, 'im4gn.2xlarge_use1-az1': 10, 'im4gn.2xlarge_use1-az4': 20, 'im4gn.2xlarge_use1-az6': 15, 'im4gn.4xlarge_use1-az1': 5, 'im4gn.4xlarge_use1-az4': 15, 'im4gn.8xlarge_use1-az1': 1, 'im4gn.8xlarge_use1-az4': 5, 'im4gn.large_use1-az2': 10, 'im4gn.large_use1-az6': 10, 'im4gn.xlarge_use1-az1': 25, 'im4gn.xlarge_use1-az4': 30, 'im4gn.xlarge_use1-az6': 40, 'inf1.24xlarge_use1-az1': 1, 'inf1.24xlarge_use1-az2': 1, 'inf1.24xlarge_use1-az4': 10, 'inf1.24xlarge_use1-az5': 5, 'inf1.24xlarge_use1-az6': 20, 'inf1.2xlarge_use1-az1': 15, 'inf1.2xlarge_use1-az2': 15, 'inf1.2xlarge_use1-az4': 30, 'inf1.2xlarge_use1-az5': 40, 'inf1.2xlarge_use1-az6': 40, 'inf1.6xlarge_use1-az1': 1, 'inf1.6xlarge_use1-az2': 1, 'inf1.6xlarge_use1-az4': 5, 'inf1.6xlarge_use1-az5': 5, 'inf1.6xlarge_use1-az6': 10, 'inf1.xlarge_use1-az1': 50, 'inf1.xlarge_use1-az2': 50, 'inf1.xlarge_use1-az4': 40, 'inf1.xlarge_use1-az5': 50, 'inf1.xlarge_use1-az6': 50, 'inf2.24xlarge_use1-az4': 1, 'inf2.24xlarge_use1-az6': 10, 'inf2.48xlarge_use1-az6': 15, 'inf2.8xlarge_use1-az2': 5, 'inf2.8xlarge_use1-az4': 5, 'inf2.8xlarge_use1-az5': 1, 'inf2.8xlarge_use1-az6': 1, 'inf2.xlarge_use1-az2': 5, 'inf2.xlarge_use1-az6': 50, 'is4gen.medium_use1-az1': 50, 'is4gen.medium_use1-az2': 25, 'is4gen.medium_use1-az4': 40, 'is4gen.medium_use1-az6': 30, 'm2.2xlarge_use1-az1': 5, 'm2.2xlarge_use1-az2': 10, 'm2.2xlarge_use1-az4': 15, 'm2.2xlarge_use1-az6': 5, 'm2.4xlarge_use1-az1': 1, 'm2.4xlarge_use1-az2': 5, 'm2.4xlarge_use1-az4': 5, 'm2.4xlarge_use1-az6': 5, 'm2.xlarge_use1-az1': 5, 'm2.xlarge_use1-az2': 20, 'm2.xlarge_use1-az4': 20, 'm2.xlarge_use1-az6': 15, 'm3.2xlarge_use1-az3': 1, 'm3.xlarge_use1-az2': 50, 'm3.xlarge_use1-az3': 1, 'm3.xlarge_use1-az4': 50, 'm3.xlarge_use1-az6': 50, 'm4.10xlarge_use1-az1': 5, 'm4.10xlarge_use1-az2': 10, 'm4.10xlarge_use1-az3': 1, 'm4.10xlarge_use1-az4': 50, 'm4.10xlarge_use1-az5': 1, 'm4.10xlarge_use1-az6': 50, 'm4.2xlarge_use1-az1': 5, 'm4.2xlarge_use1-az2': 20, 'm4.2xlarge_use1-az3': 50, 'm4.2xlarge_use1-az4': 20, 'm4.2xlarge_use1-az5': 1, 'm4.2xlarge_use1-az6': 25, 'm4.4xlarge_use1-az1': 50, 'm4.4xlarge_use1-az2': 50, 'm4.4xlarge_use1-az3': 50, 'm4.4xlarge_use1-az4': 25, 'm4.4xlarge_use1-az5': 10, 'm4.4xlarge_use1-az6': 15, 'm4.large_use1-az1': 30, 'm4.large_use1-az2': 50, 'm4.large_use1-az3': 25, 'm4.large_use1-az4': 50, 'm4.large_use1-az5': 10, 'm4.large_use1-az6': 50, 'm4.xlarge_use1-az1': 15, 'm4.xlarge_use1-az2': 50, 'm4.xlarge_use1-az3': 50, 'm4.xlarge_use1-az4': 50, 'm4.xlarge_use1-az5': 30, 'm4.xlarge_use1-az6': 50, 'm5.12xlarge_use1-az1': 5, 'm5.12xlarge_use1-az2': 25, 'm5.12xlarge_use1-az4': 50, 'm5.12xlarge_use1-az5': 1, 'm5.12xlarge_use1-az6': 40, 'm5.16xlarge_use1-az1': 10, 'm5.16xlarge_use1-az2': 50, 'm5.16xlarge_use1-az4': 50, 'm5.16xlarge_use1-az5': 1, 'm5.16xlarge_use1-az6': 50, 'm5.24xlarge_use1-az1': 5, 'm5.24xlarge_use1-az2': 5, 'm5.24xlarge_use1-az4': 5, 'm5.24xlarge_use1-az5': 1, 'm5.24xlarge_use1-az6': 35, 'm5.2xlarge_use1-az1': 50, 'm5.2xlarge_use1-az2': 50, 'm5.2xlarge_use1-az4': 50, 'm5.2xlarge_use1-az5': 50, 'm5.2xlarge_use1-az6': 50, 'm5.4xlarge_use1-az1': 50, 'm5.4xlarge_use1-az2': 50, 'm5.4xlarge_use1-az4': 50, 'm5.4xlarge_use1-az5': 10, 'm5.4xlarge_use1-az6': 50, 'm5.8xlarge_use1-az1': 50, 'm5.8xlarge_use1-az2': 40, 'm5.8xlarge_use1-az4': 50, 'm5.8xlarge_use1-az5': 1, 'm5.8xlarge_use1-az6': 50, 'm5.large_use1-az1': 50, 'm5.large_use1-az2': 50, 'm5.large_use1-az4': 50, 'm5.large_use1-az5': 50, 'm5.large_use1-az6': 50, 'm5.xlarge_use1-az1': 50, 'm5.xlarge_use1-az2': 50, 'm5.xlarge_use1-az4': 50, 'm5.xlarge_use1-az5': 50, 'm5.xlarge_use1-az6': 50, 'm5a.12xlarge_use1-az2': 1, 'm5a.12xlarge_use1-az4': 1, 'm5a.12xlarge_use1-az6': 1, 'm5a.16xlarge_use1-az2': 1, 'm5a.16xlarge_use1-az4': 1, 'm5a.16xlarge_use1-az6': 1, 'm5a.24xlarge_use1-az1': 1, 'm5a.24xlarge_use1-az2': 1, 'm5a.24xlarge_use1-az4': 1, 'm5a.24xlarge_use1-az5': 5, 'm5a.24xlarge_use1-az6': 5, 'm5a.2xlarge_use1-az1': 10, 'm5a.2xlarge_use1-az2': 25, 'm5a.2xlarge_use1-az4': 25, 'm5a.2xlarge_use1-az5': 5, 'm5a.2xlarge_use1-az6': 45, 'm5a.4xlarge_use1-az1': 5, 'm5a.4xlarge_use1-az2': 10, 'm5a.4xlarge_use1-az4': 5, 'm5a.4xlarge_use1-az5': 10, 'm5a.4xlarge_use1-az6': 15, 'm5a.8xlarge_use1-az1': 1, 'm5a.8xlarge_use1-az2': 20, 'm5a.8xlarge_use1-az4': 20, 'm5a.8xlarge_use1-az5': 1, 'm5a.8xlarge_use1-az6': 5, 'm5a.large_use1-az1': 50, 'm5a.large_use1-az2': 50, 'm5a.large_use1-az4': 50, 'm5a.large_use1-az5': 45, 'm5a.large_use1-az6': 50, 'm5a.xlarge_use1-az1': 10, 'm5a.xlarge_use1-az2': 30, 'm5a.xlarge_use1-az4': 10, 'm5a.xlarge_use1-az5': 20, 'm5a.xlarge_use1-az6': 50, 'm5ad.12xlarge_use1-az1': 1, 'm5ad.16xlarge_use1-az1': 1, 'm5ad.16xlarge_use1-az2': 1, 'm5ad.16xlarge_use1-az4': 1, 'm5ad.16xlarge_use1-az6': 1, 'm5ad.24xlarge_use1-az1': 5, 'm5ad.24xlarge_use1-az2': 1, 'm5ad.24xlarge_use1-az4': 1, 'm5ad.24xlarge_use1-az6': 5, 'm5ad.4xlarge_use1-az1': 1, 'm5ad.4xlarge_use1-az2': 1, 'm5ad.4xlarge_use1-az4': 1, 'm5ad.4xlarge_use1-az6': 1, 'm5ad.8xlarge_use1-az2': 1, 'm5ad.large_use1-az1': 10, 'm5ad.large_use1-az2': 5, 'm5ad.large_use1-az4': 10, 'm5ad.large_use1-az5': 1, 'm5ad.large_use1-az6': 10, 'm5ad.xlarge_use1-az2': 10, 'm5ad.xlarge_use1-az4': 5, 'm5ad.xlarge_use1-az6': 5, 'm5d.12xlarge_use1-az1': 1, 'm5d.12xlarge_use1-az2': 25, 'm5d.12xlarge_use1-az4': 30, 'm5d.12xlarge_use1-az6': 15, 'm5d.16xlarge_use1-az1': 5, 'm5d.16xlarge_use1-az2': 35, 'm5d.16xlarge_use1-az4': 20, 'm5d.16xlarge_use1-az5': 1, 'm5d.16xlarge_use1-az6': 50, 'm5d.24xlarge_use1-az1': 20, 'm5d.24xlarge_use1-az2': 15, 'm5d.24xlarge_use1-az4': 5, 'm5d.24xlarge_use1-az5': 1, 'm5d.24xlarge_use1-az6': 50, 'm5d.2xlarge_use1-az2': 25, 'm5d.2xlarge_use1-az4': 25, 'm5d.4xlarge_use1-az1': 5, 'm5d.4xlarge_use1-az2': 15, 'm5d.4xlarge_use1-az6': 25, 'm5d.8xlarge_use1-az1': 1, 'm5d.8xlarge_use1-az2': 25, 'm5d.8xlarge_use1-az4': 10, 'm5d.8xlarge_use1-az5': 1, 'm5d.8xlarge_use1-az6': 10, 'm5d.large_use1-az2': 50, 'm5d.large_use1-az4': 50, 'm5d.large_use1-az6': 50, 'm5d.xlarge_use1-az1': 50, 'm5d.xlarge_use1-az2': 50, 'm5d.xlarge_use1-az4': 50, 'm5d.xlarge_use1-az5': 1, 'm5d.xlarge_use1-az6': 50, 'm5dn.12xlarge_use1-az1': 1, 'm5dn.12xlarge_use1-az4': 1, 'm5dn.12xlarge_use1-az6': 1, 'm5dn.16xlarge_use1-az1': 1, 'm5dn.16xlarge_use1-az2': 5, 'm5dn.16xlarge_use1-az4': 1, 'm5dn.16xlarge_use1-az6': 1, 'm5dn.24xlarge_use1-az1': 1, 'm5dn.24xlarge_use1-az2': 1, 'm5dn.24xlarge_use1-az4': 1, 'm5dn.24xlarge_use1-az6': 5, 'm5dn.2xlarge_use1-az1': 10, 'm5dn.2xlarge_use1-az2': 5, 'm5dn.4xlarge_use1-az1': 5, 'm5dn.4xlarge_use1-az2': 5, 'm5dn.4xlarge_use1-az6': 5, 'm5dn.8xlarge_use1-az2': 1, 'm5dn.large_use1-az1': 35, 'm5dn.large_use1-az2': 30, 'm5dn.large_use1-az4': 40, 'm5dn.large_use1-az5': 15, 'm5dn.large_use1-az6': 50, 'm5dn.xlarge_use1-az1': 10, 'm5dn.xlarge_use1-az2': 25, 'm5dn.xlarge_use1-az4': 20, 'm5dn.xlarge_use1-az5': 1, 'm5dn.xlarge_use1-az6': 30, 'm5n.12xlarge_use1-az1': 1, 'm5n.12xlarge_use1-az2': 1, 'm5n.12xlarge_use1-az4': 1, 'm5n.12xlarge_use1-az5': 1, 'm5n.12xlarge_use1-az6': 1, 'm5n.16xlarge_use1-az2': 1, 'm5n.16xlarge_use1-az4': 1, 'm5n.16xlarge_use1-az6': 1, 'm5n.24xlarge_use1-az2': 1, 'm5n.24xlarge_use1-az4': 1, 'm5n.24xlarge_use1-az6': 1, 'm5n.2xlarge_use1-az1': 15, 'm5n.2xlarge_use1-az2': 25, 'm5n.2xlarge_use1-az4': 30, 'm5n.2xlarge_use1-az5': 5, 'm5n.2xlarge_use1-az6': 25, 'm5n.4xlarge_use1-az1': 25, 'm5n.4xlarge_use1-az2': 35, 'm5n.4xlarge_use1-az4': 50, 'm5n.4xlarge_use1-az5': 5, 'm5n.4xlarge_use1-az6': 10, 'm5n.8xlarge_use1-az1': 1, 'm5n.8xlarge_use1-az2': 1, 'm5n.8xlarge_use1-az4': 1, 'm5n.8xlarge_use1-az6': 5, 'm5n.large_use1-az1': 5, 'm5n.large_use1-az2': 15, 'm5n.large_use1-az4': 5, 'm5n.large_use1-az5': 5, 'm5n.large_use1-az6': 15, 'm5n.xlarge_use1-az1': 20, 'm5n.xlarge_use1-az2': 50, 'm5n.xlarge_use1-az4': 50, 'm5n.xlarge_use1-az5': 1, 'm5n.xlarge_use1-az6': 50, 'm5zn.12xlarge_use1-az2': 1, 'm5zn.12xlarge_use1-az4': 10, 'm5zn.12xlarge_use1-az6': 5, 'm5zn.2xlarge_use1-az1': 1, 'm5zn.2xlarge_use1-az2': 1, 'm5zn.2xlarge_use1-az5': 1, 'm5zn.2xlarge_use1-az6': 5, 'm5zn.3xlarge_use1-az1': 1, 'm5zn.3xlarge_use1-az2': 1, 'm5zn.3xlarge_use1-az6': 5, 'm5zn.large_use1-az1': 5, 'm5zn.large_use1-az2': 5, 'm5zn.large_use1-az4': 30, 'm5zn.large_use1-az5': 15, 'm5zn.large_use1-az6': 20, 'm5zn.xlarge_use1-az1': 1, 'm5zn.xlarge_use1-az2': 1, 'm5zn.xlarge_use1-az4': 20, 'm5zn.xlarge_use1-az5': 5, 'm5zn.xlarge_use1-az6': 5, 'm6a.12xlarge_use1-az1': 5, 'm6a.12xlarge_use1-az2': 5, 'm6a.12xlarge_use1-az4': 15, 'm6a.12xlarge_use1-az6': 10, 'm6a.16xlarge_use1-az1': 5, 'm6a.16xlarge_use1-az2': 5, 'm6a.16xlarge_use1-az4': 5, 'm6a.16xlarge_use1-az6': 5, 'm6a.24xlarge_use1-az1': 1, 'm6a.24xlarge_use1-az2': 1, 'm6a.24xlarge_use1-az4': 1, 'm6a.24xlarge_use1-az6': 1, 'm6a.2xlarge_use1-az1': 50, 'm6a.2xlarge_use1-az2': 35, 'm6a.2xlarge_use1-az4': 45, 'm6a.2xlarge_use1-az5': 15, 'm6a.2xlarge_use1-az6': 50, 'm6a.32xlarge_use1-az2': 1, 'm6a.32xlarge_use1-az4': 1, 'm6a.32xlarge_use1-az5': 1, 'm6a.32xlarge_use1-az6': 1, 'm6a.48xlarge_use1-az2': 1, 'm6a.48xlarge_use1-az4': 1, 'm6a.48xlarge_use1-az6': 1, 'm6a.4xlarge_use1-az1': 45, 'm6a.4xlarge_use1-az2': 40, 'm6a.4xlarge_use1-az4': 25, 'm6a.4xlarge_use1-az5': 5, 'm6a.4xlarge_use1-az6': 50, 'm6a.8xlarge_use1-az1': 25, 'm6a.8xlarge_use1-az2': 15, 'm6a.8xlarge_use1-az4': 50, 'm6a.8xlarge_use1-az5': 10, 'm6a.8xlarge_use1-az6': 50, 'm6a.large_use1-az1': 50, 'm6a.large_use1-az2': 50, 'm6a.large_use1-az4': 50, 'm6a.large_use1-az5': 30, 'm6a.large_use1-az6': 50, 'm6a.xlarge_use1-az1': 50, 'm6a.xlarge_use1-az2': 50, 'm6a.xlarge_use1-az4': 50, 'm6a.xlarge_use1-az5': 35, 'm6a.xlarge_use1-az6': 50, 'm6g.12xlarge_use1-az1': 1, 'm6g.12xlarge_use1-az2': 5, 'm6g.12xlarge_use1-az4': 50, 'm6g.12xlarge_use1-az6': 50, 'm6g.16xlarge_use1-az1': 1, 'm6g.16xlarge_use1-az2': 5, 'm6g.16xlarge_use1-az4': 25, 'm6g.16xlarge_use1-az6': 50, 'm6g.2xlarge_use1-az1': 15, 'm6g.2xlarge_use1-az2': 50, 'm6g.2xlarge_use1-az4': 50, 'm6g.2xlarge_use1-az5': 5, 'm6g.2xlarge_use1-az6': 50, 'm6g.4xlarge_use1-az1': 10, 'm6g.4xlarge_use1-az2': 50, 'm6g.4xlarge_use1-az4': 50, 'm6g.4xlarge_use1-az5': 10, 'm6g.4xlarge_use1-az6': 50, 'm6g.8xlarge_use1-az1': 5, 'm6g.8xlarge_use1-az2': 50, 'm6g.8xlarge_use1-az4': 50, 'm6g.8xlarge_use1-az6': 50, 'm6g.large_use1-az1': 1, 'm6g.large_use1-az2': 50, 'm6g.large_use1-az4': 50, 'm6g.large_use1-az5': 5, 'm6g.large_use1-az6': 50, 'm6g.medium_use1-az1': 5, 'm6g.medium_use1-az2': 5, 'm6g.medium_use1-az4': 10, 'm6g.medium_use1-az5': 1, 'm6g.medium_use1-az6': 15, 'm6g.xlarge_use1-az1': 50, 'm6g.xlarge_use1-az2': 50, 'm6g.xlarge_use1-az4': 50, 'm6g.xlarge_use1-az5': 50, 'm6g.xlarge_use1-az6': 50, 'm6gd.12xlarge_use1-az1': 10, 'm6gd.12xlarge_use1-az2': 40, 'm6gd.12xlarge_use1-az4': 20, 'm6gd.12xlarge_use1-az5': 5, 'm6gd.12xlarge_use1-az6': 50, 'm6gd.16xlarge_use1-az1': 5, 'm6gd.16xlarge_use1-az2': 10, 'm6gd.16xlarge_use1-az4': 10, 'm6gd.16xlarge_use1-az5': 10, 'm6gd.16xlarge_use1-az6': 35, 'm6gd.2xlarge_use1-az1': 1, 'm6gd.2xlarge_use1-az2': 50, 'm6gd.2xlarge_use1-az4': 45, 'm6gd.2xlarge_use1-az5': 1, 'm6gd.2xlarge_use1-az6': 5, 'm6gd.4xlarge_use1-az1': 1, 'm6gd.4xlarge_use1-az2': 5, 'm6gd.4xlarge_use1-az5': 1, 'm6gd.4xlarge_use1-az6': 15, 'm6gd.8xlarge_use1-az1': 5, 'm6gd.8xlarge_use1-az2': 10, 'm6gd.8xlarge_use1-az4': 15, 'm6gd.8xlarge_use1-az5': 1, 'm6gd.8xlarge_use1-az6': 20, 'm6gd.large_use1-az1': 1, 'm6gd.large_use1-az2': 5, 'm6gd.large_use1-az4': 5, 'm6gd.large_use1-az5': 1, 'm6gd.large_use1-az6': 15, 'm6gd.medium_use1-az1': 1, 'm6gd.medium_use1-az2': 1, 'm6gd.medium_use1-az4': 1, 'm6gd.medium_use1-az5': 5, 'm6gd.medium_use1-az6': 1, 'm6gd.xlarge_use1-az2': 10, 'm6gd.xlarge_use1-az4': 35, 'm6gd.xlarge_use1-az5': 1, 'm6gd.xlarge_use1-az6': 15, 'm6i.12xlarge_use1-az1': 1, 'm6i.12xlarge_use1-az2': 10, 'm6i.12xlarge_use1-az4': 50, 'm6i.12xlarge_use1-az5': 1, 'm6i.12xlarge_use1-az6': 30, 'm6i.16xlarge_use1-az1': 1, 'm6i.16xlarge_use1-az2': 10, 'm6i.16xlarge_use1-az4': 5, 'm6i.16xlarge_use1-az5': 1, 'm6i.16xlarge_use1-az6': 10, 'm6i.24xlarge_use1-az2': 10, 'm6i.24xlarge_use1-az4': 5, 'm6i.24xlarge_use1-az5': 1, 'm6i.24xlarge_use1-az6': 50, 'm6i.2xlarge_use1-az1': 25, 'm6i.2xlarge_use1-az2': 50, 'm6i.2xlarge_use1-az4': 50, 'm6i.2xlarge_use1-az5': 25, 'm6i.2xlarge_use1-az6': 50, 'm6i.32xlarge_use1-az2': 1, 'm6i.32xlarge_use1-az4': 5, 'm6i.32xlarge_use1-az5': 1, 'm6i.32xlarge_use1-az6': 15, 'm6i.4xlarge_use1-az1': 15, 'm6i.4xlarge_use1-az2': 50, 'm6i.4xlarge_use1-az4': 50, 'm6i.4xlarge_use1-az5': 50, 'm6i.4xlarge_use1-az6': 50, 'm6i.8xlarge_use1-az1': 1, 'm6i.8xlarge_use1-az2': 50, 'm6i.8xlarge_use1-az4': 50, 'm6i.8xlarge_use1-az5': 20, 'm6i.8xlarge_use1-az6': 50, 'm6i.large_use1-az1': 25, 'm6i.large_use1-az2': 50, 'm6i.large_use1-az4': 50, 'm6i.large_use1-az5': 50, 'm6i.large_use1-az6': 50, 'm6i.xlarge_use1-az1': 45, 'm6i.xlarge_use1-az2': 50, 'm6i.xlarge_use1-az4': 50, 'm6i.xlarge_use1-az5': 25, 'm6i.xlarge_use1-az6': 50, 'm6id.12xlarge_use1-az1': 1, 'm6id.12xlarge_use1-az2': 1, 'm6id.12xlarge_use1-az4': 1, 'm6id.12xlarge_use1-az6': 1, 'm6id.16xlarge_use1-az1': 1, 'm6id.16xlarge_use1-az2': 1, 'm6id.16xlarge_use1-az4': 1, 'm6id.16xlarge_use1-az6': 1, 'm6id.24xlarge_use1-az1': 10, 'm6id.24xlarge_use1-az2': 15, 'm6id.24xlarge_use1-az4': 35, 'm6id.24xlarge_use1-az5': 5, 'm6id.24xlarge_use1-az6': 15, 'm6id.2xlarge_use1-az1': 5, 'm6id.2xlarge_use1-az2': 5, 'm6id.2xlarge_use1-az4': 5, 'm6id.2xlarge_use1-az5': 1, 'm6id.2xlarge_use1-az6': 5, 'm6id.32xlarge_use1-az1': 10, 'm6id.32xlarge_use1-az2': 15, 'm6id.32xlarge_use1-az4': 5, 'm6id.32xlarge_use1-az5': 1, 'm6id.32xlarge_use1-az6': 50, 'm6id.4xlarge_use1-az1': 15, 'm6id.4xlarge_use1-az2': 10, 'm6id.4xlarge_use1-az4': 5, 'm6id.4xlarge_use1-az5': 1, 'm6id.4xlarge_use1-az6': 10, 'm6id.8xlarge_use1-az1': 1, 'm6id.8xlarge_use1-az4': 5, 'm6id.8xlarge_use1-az5': 1, 'm6id.8xlarge_use1-az6': 1, 'm6id.large_use1-az1': 30, 'm6id.large_use1-az2': 35, 'm6id.large_use1-az4': 15, 'm6id.large_use1-az5': 5, 'm6id.large_use1-az6': 50, 'm6id.xlarge_use1-az1': 20, 'm6id.xlarge_use1-az2': 45, 'm6id.xlarge_use1-az4': 15, 'm6id.xlarge_use1-az5': 5, 'm6id.xlarge_use1-az6': 25, 'm6idn.12xlarge_use1-az2': 1, 'm6idn.16xlarge_use1-az4': 1, 'm6idn.24xlarge_use1-az1': 1, 'm6idn.24xlarge_use1-az2': 1, 'm6idn.24xlarge_use1-az4': 1, 'm6idn.2xlarge_use1-az5': 1, 'm6idn.32xlarge_use1-az2': 1, 'm6idn.large_use1-az1': 25, 'm6idn.large_use1-az2': 35, 'm6idn.large_use1-az4': 15, 'm6idn.large_use1-az5': 10, 'm6idn.large_use1-az6': 10, 'm6idn.xlarge_use1-az2': 50, 'm6idn.xlarge_use1-az4': 20, 'm6idn.xlarge_use1-az5': 5, 'm6idn.xlarge_use1-az6': 10, 'm6in.12xlarge_use1-az4': 1, 'm6in.16xlarge_use1-az2': 1, 'm6in.16xlarge_use1-az4': 1, 'm6in.24xlarge_use1-az1': 1, 'm6in.24xlarge_use1-az2': 1, 'm6in.2xlarge_use1-az1': 10, 'm6in.2xlarge_use1-az2': 20, 'm6in.2xlarge_use1-az4': 10, 'm6in.2xlarge_use1-az5': 1, 'm6in.2xlarge_use1-az6': 5, 'm6in.4xlarge_use1-az1': 1, 'm6in.4xlarge_use1-az2': 1, 'm6in.4xlarge_use1-az5': 1, 'm6in.8xlarge_use1-az1': 1, 'm6in.8xlarge_use1-az2': 1, 'm6in.8xlarge_use1-az4': 1, 'm6in.large_use1-az1': 5, 'm6in.large_use1-az2': 10, 'm6in.large_use1-az4': 5, 'm6in.large_use1-az5': 1, 'm6in.large_use1-az6': 1, 'm6in.xlarge_use1-az1': 5, 'm6in.xlarge_use1-az2': 10, 'm6in.xlarge_use1-az4': 1, 'm7a.12xlarge_use1-az2': 1, 'm7a.12xlarge_use1-az6': 20, 'm7a.16xlarge_use1-az2': 1, 'm7a.16xlarge_use1-az6': 40, 'm7a.24xlarge_use1-az2': 1, 'm7a.24xlarge_use1-az6': 50, 'm7a.2xlarge_use1-az1': 5, 'm7a.2xlarge_use1-az2': 15, 'm7a.2xlarge_use1-az4': 10, 'm7a.2xlarge_use1-az6': 50, 'm7a.32xlarge_use1-az6': 20, 'm7a.48xlarge_use1-az6': 40, 'm7a.4xlarge_use1-az1': 10, 'm7a.4xlarge_use1-az2': 5, 'm7a.4xlarge_use1-az4': 10, 'm7a.4xlarge_use1-az6': 25, 'm7a.8xlarge_use1-az1': 1, 'm7a.8xlarge_use1-az2': 5, 'm7a.8xlarge_use1-az4': 1, 'm7a.8xlarge_use1-az6': 50, 'm7a.large_use1-az1': 15, 'm7a.large_use1-az2': 50, 'm7a.large_use1-az4': 50, 'm7a.large_use1-az5': 5, 'm7a.large_use1-az6': 50, 'm7a.medium_use1-az1': 10, 'm7a.medium_use1-az2': 50, 'm7a.medium_use1-az4': 50, 'm7a.medium_use1-az6': 50, 'm7a.xlarge_use1-az1': 5, 'm7a.xlarge_use1-az2': 40, 'm7a.xlarge_use1-az4': 50, 'm7a.xlarge_use1-az6': 50, 'm7g.12xlarge_use1-az1': 1, 'm7g.12xlarge_use1-az2': 10, 'm7g.12xlarge_use1-az4': 45, 'm7g.12xlarge_use1-az5': 1, 'm7g.12xlarge_use1-az6': 50, 'm7g.16xlarge_use1-az1': 1, 'm7g.16xlarge_use1-az2': 30, 'm7g.16xlarge_use1-az4': 35, 'm7g.16xlarge_use1-az5': 1, 'm7g.16xlarge_use1-az6': 50, 'm7g.2xlarge_use1-az1': 35, 'm7g.2xlarge_use1-az2': 50, 'm7g.2xlarge_use1-az4': 50, 'm7g.2xlarge_use1-az5': 15, 'm7g.2xlarge_use1-az6': 50, 'm7g.4xlarge_use1-az1': 10, 'm7g.4xlarge_use1-az2': 30, 'm7g.4xlarge_use1-az4': 50, 'm7g.4xlarge_use1-az5': 10, 'm7g.4xlarge_use1-az6': 50, 'm7g.8xlarge_use1-az1': 1, 'm7g.8xlarge_use1-az2': 15, 'm7g.8xlarge_use1-az4': 40, 'm7g.8xlarge_use1-az5': 1, 'm7g.8xlarge_use1-az6': 50, 'm7g.large_use1-az1': 10, 'm7g.large_use1-az2': 50, 'm7g.large_use1-az4': 50, 'm7g.large_use1-az5': 30, 'm7g.large_use1-az6': 50, 'm7g.medium_use1-az1': 30, 'm7g.medium_use1-az2': 40, 'm7g.medium_use1-az4': 50, 'm7g.medium_use1-az5': 35, 'm7g.medium_use1-az6': 50, 'm7g.metal_use1-az1': 1, 'm7g.metal_use1-az2': 25, 'm7g.metal_use1-az4': 10, 'm7g.metal_use1-az5': 1, 'm7g.metal_use1-az6': 50, 'm7g.xlarge_use1-az1': 50, 'm7g.xlarge_use1-az2': 50, 'm7g.xlarge_use1-az4': 50, 'm7g.xlarge_use1-az5': 50, 'm7g.xlarge_use1-az6': 50, 'm7gd.12xlarge_use1-az1': 5, 'm7gd.12xlarge_use1-az2': 10, 'm7gd.12xlarge_use1-az4': 1, 'm7gd.12xlarge_use1-az6': 35, 'm7gd.16xlarge_use1-az1': 1, 'm7gd.16xlarge_use1-az2': 30, 'm7gd.16xlarge_use1-az4': 1, 'm7gd.16xlarge_use1-az6': 40, 'm7gd.2xlarge_use1-az1': 15, 'm7gd.2xlarge_use1-az2': 50, 'm7gd.2xlarge_use1-az4': 15, 'm7gd.2xlarge_use1-az6': 25, 'm7gd.4xlarge_use1-az1': 5, 'm7gd.4xlarge_use1-az2': 10, 'm7gd.4xlarge_use1-az4': 1, 'm7gd.4xlarge_use1-az6': 40, 'm7gd.8xlarge_use1-az1': 10, 'm7gd.8xlarge_use1-az2': 50, 'm7gd.8xlarge_use1-az4': 30, 'm7gd.8xlarge_use1-az5': 45, 'm7gd.8xlarge_use1-az6': 50, 'm7gd.large_use1-az1': 5, 'm7gd.large_use1-az2': 50, 'm7gd.large_use1-az4': 5, 'm7gd.large_use1-az6': 50, 'm7gd.medium_use1-az1': 15, 'm7gd.medium_use1-az2': 20, 'm7gd.medium_use1-az4': 15, 'm7gd.medium_use1-az5': 20, 'm7gd.medium_use1-az6': 25, 'm7gd.metal_use1-az1': 5, 'm7gd.metal_use1-az2': 15, 'm7gd.metal_use1-az4': 1, 'm7gd.metal_use1-az6': 15, 'm7gd.xlarge_use1-az1': 5, 'm7gd.xlarge_use1-az2': 10, 'm7gd.xlarge_use1-az4': 10, 'm7gd.xlarge_use1-az5': 1, 'm7gd.xlarge_use1-az6': 25, 'm7i-flex.2xlarge_use1-az1': 50, 'm7i-flex.2xlarge_use1-az2': 50, 'm7i-flex.2xlarge_use1-az4': 15, 'm7i-flex.2xlarge_use1-az5': 10, 'm7i-flex.2xlarge_use1-az6': 50, 'm7i-flex.4xlarge_use1-az2': 5, 'm7i-flex.4xlarge_use1-az4': 5, 'm7i-flex.4xlarge_use1-az6': 25, 'm7i-flex.8xlarge_use1-az1': 1, 'm7i-flex.8xlarge_use1-az2': 5, 'm7i-flex.8xlarge_use1-az4': 5, 'm7i-flex.8xlarge_use1-az5': 1, 'm7i-flex.8xlarge_use1-az6': 10, 'm7i-flex.large_use1-az1': 20, 'm7i-flex.large_use1-az2': 50, 'm7i-flex.large_use1-az4': 25, 'm7i-flex.large_use1-az5': 25, 'm7i-flex.large_use1-az6': 50, 'm7i-flex.xlarge_use1-az1': 50, 'm7i-flex.xlarge_use1-az2': 50, 'm7i-flex.xlarge_use1-az4': 50, 'm7i-flex.xlarge_use1-az5': 15, 'm7i-flex.xlarge_use1-az6': 50, 'm7i.12xlarge_use1-az1': 1, 'm7i.12xlarge_use1-az2': 5, 'm7i.12xlarge_use1-az4': 15, 'm7i.12xlarge_use1-az6': 50, 'm7i.16xlarge_use1-az1': 5, 'm7i.16xlarge_use1-az2': 10, 'm7i.16xlarge_use1-az4': 10, 'm7i.16xlarge_use1-az6': 50, 'm7i.24xlarge_use1-az2': 5, 'm7i.24xlarge_use1-az4': 5, 'm7i.24xlarge_use1-az6': 50, 'm7i.2xlarge_use1-az1': 1, 'm7i.2xlarge_use1-az2': 50, 'm7i.2xlarge_use1-az4': 50, 'm7i.2xlarge_use1-az6': 50, 'm7i.48xlarge_use1-az1': 1, 'm7i.48xlarge_use1-az2': 5, 'm7i.48xlarge_use1-az4': 20, 'm7i.48xlarge_use1-az6': 50, 'm7i.4xlarge_use1-az1': 1, 'm7i.4xlarge_use1-az2': 25, 'm7i.4xlarge_use1-az4': 10, 'm7i.4xlarge_use1-az6': 50, 'm7i.8xlarge_use1-az1': 40, 'm7i.8xlarge_use1-az2': 20, 'm7i.8xlarge_use1-az4': 50, 'm7i.8xlarge_use1-az6': 50, 'm7i.large_use1-az1': 50, 'm7i.large_use1-az2': 50, 'm7i.large_use1-az4': 50, 'm7i.large_use1-az5': 1, 'm7i.large_use1-az6': 50, 'm7i.xlarge_use1-az1': 30, 'm7i.xlarge_use1-az2': 35, 'm7i.xlarge_use1-az4': 50, 'm7i.xlarge_use1-az6': 50, 'm8g.12xlarge_use1-az2': 10, 'm8g.12xlarge_use1-az4': 10, 'm8g.12xlarge_use1-az5': 1, 'm8g.12xlarge_use1-az6': 35, 'm8g.16xlarge_use1-az2': 5, 'm8g.16xlarge_use1-az4': 5, 'm8g.16xlarge_use1-az5': 5, 'm8g.16xlarge_use1-az6': 45, 'm8g.24xlarge_use1-az2': 5, 'm8g.24xlarge_use1-az4': 1, 'm8g.24xlarge_use1-az5': 1, 'm8g.24xlarge_use1-az6': 25, 'm8g.2xlarge_use1-az4': 10, 'm8g.2xlarge_use1-az5': 10, 'm8g.48xlarge_use1-az2': 5, 'm8g.48xlarge_use1-az4': 5, 'm8g.48xlarge_use1-az6': 20, 'm8g.4xlarge_use1-az2': 5, 'm8g.4xlarge_use1-az4': 5, 'm8g.4xlarge_use1-az5': 1, 'm8g.4xlarge_use1-az6': 40, 'm8g.8xlarge_use1-az2': 10, 'm8g.8xlarge_use1-az4': 20, 'm8g.8xlarge_use1-az5': 1, 'm8g.8xlarge_use1-az6': 40, 'm8g.large_use1-az1': 1, 'm8g.large_use1-az2': 20, 'm8g.large_use1-az6': 45, 'm8g.medium_use1-az1': 1, 'm8g.medium_use1-az2': 15, 'm8g.metal-48xl_use1-az2': 5, 'm8g.metal-48xl_use1-az6': 25, 'm8g.xlarge_use1-az1': 1, 'm8g.xlarge_use1-az5': 15, 'm8g.xlarge_use1-az6': 50, 'm8gd.16xlarge_use1-az5': 1, 'm8gd.4xlarge_use1-az2': 5, 'm8gd.4xlarge_use1-az4': 1, 'm8gd.4xlarge_use1-az6': 1, 'm8gd.8xlarge_use1-az5': 1, 'm8gd.8xlarge_use1-az6': 5, 'm8gd.large_use1-az1': 20, 'm8gd.large_use1-az2': 15, 'm8gd.large_use1-az5': 1, 'm8gd.large_use1-az6': 1, 'm8gd.medium_use1-az6': 1, 'm8gd.metal-24xl_use1-az2': 1, 'm8gd.xlarge_use1-az1': 1, 'm8gd.xlarge_use1-az5': 1, 'm8i-flex.16xlarge_use1-az6': 5, 'm8i-flex.2xlarge_use1-az2': 10, 'm8i-flex.2xlarge_use1-az4': 1, 'm8i-flex.2xlarge_use1-az6': 50, 'm8i-flex.4xlarge_use1-az2': 1, 'm8i-flex.4xlarge_use1-az4': 1, 'm8i-flex.4xlarge_use1-az6': 5, 'm8i-flex.8xlarge_use1-az6': 1, 'm8i-flex.large_use1-az2': 5, 'm8i-flex.xlarge_use1-az2': 10, 'm8i-flex.xlarge_use1-az4': 25, 'm8i-flex.xlarge_use1-az6': 50, 'm8i.12xlarge_use1-az6': 1, 'm8i.16xlarge_use1-az4': 1, 'm8i.16xlarge_use1-az6': 1, 'm8i.24xlarge_use1-az6': 1, 'm8i.2xlarge_use1-az2': 10, 'm8i.2xlarge_use1-az4': 1, 'm8i.2xlarge_use1-az6': 10, 'm8i.32xlarge_use1-az2': 1, 'm8i.32xlarge_use1-az6': 5, 'm8i.48xlarge_use1-az2': 1, 'm8i.48xlarge_use1-az6': 5, 'm8i.4xlarge_use1-az2': 5, 'm8i.4xlarge_use1-az4': 1, 'm8i.4xlarge_use1-az6': 5, 'm8i.8xlarge_use1-az2': 1, 'm8i.8xlarge_use1-az4': 1, 'm8i.8xlarge_use1-az6': 20, 'm8i.96xlarge_use1-az6': 1, 'm8i.large_use1-az4': 25, 'm8i.metal-48xl_use1-az6': 1, 'm8i.metal-96xl_use1-az6': 1, 'm8i.xlarge_use1-az2': 30, 'm8i.xlarge_use1-az4': 10, 'r3.2xlarge_use1-az6': 1, 'r3.4xlarge_use1-az6': 1, 'r3.8xlarge_use1-az4': 1, 'r3.large_use1-az2': 50, 'r3.large_use1-az4': 50, 'r3.large_use1-az6': 50, 'r3.xlarge_use1-az2': 40, 'r3.xlarge_use1-az4': 50, 'r3.xlarge_use1-az6': 50, 'r4.16xlarge_use1-az1': 10, 'r4.16xlarge_use1-az2': 10, 'r4.16xlarge_use1-az3': 50, 'r4.16xlarge_use1-az4': 35, 'r4.16xlarge_use1-az5': 15, 'r4.16xlarge_use1-az6': 10, 'r4.2xlarge_use1-az2': 50, 'r4.2xlarge_use1-az3': 50, 'r4.2xlarge_use1-az4': 50, 'r4.2xlarge_use1-az5': 5, 'r4.2xlarge_use1-az6': 50, 'r4.4xlarge_use1-az1': 20, 'r4.4xlarge_use1-az2': 50, 'r4.4xlarge_use1-az3': 40, 'r4.4xlarge_use1-az4': 15, 'r4.4xlarge_use1-az5': 5, 'r4.4xlarge_use1-az6': 50, 'r4.8xlarge_use1-az1': 50, 'r4.8xlarge_use1-az2': 50, 'r4.8xlarge_use1-az3': 25, 'r4.8xlarge_use1-az4': 50, 'r4.8xlarge_use1-az5': 5, 'r4.8xlarge_use1-az6': 50, 'r4.large_use1-az1': 35, 'r4.large_use1-az2': 50, 'r4.large_use1-az4': 50, 'r4.large_use1-az5': 20, 'r4.large_use1-az6': 50, 'r4.xlarge_use1-az1': 50, 'r4.xlarge_use1-az2': 50, 'r4.xlarge_use1-az3': 50, 'r4.xlarge_use1-az4': 50, 'r4.xlarge_use1-az5': 30, 'r4.xlarge_use1-az6': 50, 'r5.12xlarge_use1-az1': 5, 'r5.12xlarge_use1-az2': 5, 'r5.12xlarge_use1-az4': 50, 'r5.12xlarge_use1-az5': 5, 'r5.12xlarge_use1-az6': 5, 'r5.16xlarge_use1-az1': 5, 'r5.16xlarge_use1-az4': 35, 'r5.16xlarge_use1-az5': 30, 'r5.16xlarge_use1-az6': 5, 'r5.24xlarge_use1-az4': 15, 'r5.24xlarge_use1-az5': 5, 'r5.24xlarge_use1-az6': 5, 'r5.2xlarge_use1-az1': 50, 'r5.2xlarge_use1-az2': 50, 'r5.2xlarge_use1-az4': 50, 'r5.2xlarge_use1-az5': 5, 'r5.2xlarge_use1-az6': 50, 'r5.4xlarge_use1-az1': 50, 'r5.4xlarge_use1-az2': 50, 'r5.4xlarge_use1-az4': 50, 'r5.4xlarge_use1-az5': 5, 'r5.4xlarge_use1-az6': 50, 'r5.8xlarge_use1-az1': 50, 'r5.8xlarge_use1-az2': 50, 'r5.8xlarge_use1-az4': 50, 'r5.8xlarge_use1-az5': 5, 'r5.8xlarge_use1-az6': 5, 'r5.large_use1-az1': 50, 'r5.large_use1-az2': 50, 'r5.large_use1-az4': 50, 'r5.large_use1-az5': 50, 'r5.large_use1-az6': 50, 'r5.xlarge_use1-az1': 50, 'r5.xlarge_use1-az2': 50, 'r5.xlarge_use1-az4': 50, 'r5.xlarge_use1-az5': 50, 'r5.xlarge_use1-az6': 50, 'r5a.12xlarge_use1-az1': 1, 'r5a.12xlarge_use1-az2': 1, 'r5a.12xlarge_use1-az4': 5, 'r5a.12xlarge_use1-az6': 5, 'r5a.16xlarge_use1-az1': 10, 'r5a.16xlarge_use1-az2': 10, 'r5a.16xlarge_use1-az4': 10, 'r5a.16xlarge_use1-az5': 5, 'r5a.16xlarge_use1-az6': 5, 'r5a.24xlarge_use1-az1': 5, 'r5a.24xlarge_use1-az2': 15, 'r5a.24xlarge_use1-az4': 10, 'r5a.24xlarge_use1-az5': 1, 'r5a.24xlarge_use1-az6': 10, 'r5a.2xlarge_use1-az2': 20, 'r5a.2xlarge_use1-az6': 30, 'r5a.4xlarge_use1-az2': 50, 'r5a.4xlarge_use1-az4': 50, 'r5a.4xlarge_use1-az5': 5, 'r5a.4xlarge_use1-az6': 50, 'r5a.8xlarge_use1-az2': 10, 'r5a.8xlarge_use1-az4': 15, 'r5a.8xlarge_use1-az5': 30, 'r5a.8xlarge_use1-az6': 20, 'r5a.large_use1-az1': 50, 'r5a.large_use1-az2': 50, 'r5a.large_use1-az4': 50, 'r5a.large_use1-az5': 25, 'r5a.large_use1-az6': 50, 'r5a.xlarge_use1-az2': 50, 'r5a.xlarge_use1-az4': 50, 'r5a.xlarge_use1-az5': 5, 'r5a.xlarge_use1-az6': 50, 'r5ad.16xlarge_use1-az2': 50, 'r5ad.16xlarge_use1-az4': 10, 'r5ad.16xlarge_use1-az5': 1, 'r5ad.16xlarge_use1-az6': 10, 'r5ad.24xlarge_use1-az2': 25, 'r5ad.24xlarge_use1-az4': 1, 'r5ad.24xlarge_use1-az6': 10, 'r5ad.8xlarge_use1-az4': 20, 'r5ad.large_use1-az1': 1, 'r5ad.large_use1-az2': 30, 'r5ad.large_use1-az4': 10, 'r5ad.large_use1-az5': 5, 'r5ad.large_use1-az6': 10, 'r5ad.xlarge_use1-az2': 10, 'r5b.24xlarge_use1-az6': 1, 'r5b.large_use1-az1': 1, 'r5b.large_use1-az2': 5, 'r5b.large_use1-az4': 10, 'r5b.large_use1-az6': 5, 'r5d.12xlarge_use1-az1': 1, 'r5d.12xlarge_use1-az2': 5, 'r5d.12xlarge_use1-az4': 10, 'r5d.12xlarge_use1-az6': 1, 'r5d.16xlarge_use1-az1': 5, 'r5d.16xlarge_use1-az2': 50, 'r5d.16xlarge_use1-az4': 50, 'r5d.16xlarge_use1-az5': 10, 'r5d.16xlarge_use1-az6': 50, 'r5d.24xlarge_use1-az1': 1, 'r5d.24xlarge_use1-az2': 1, 'r5d.24xlarge_use1-az4': 10, 'r5d.24xlarge_use1-az5': 1, 'r5d.24xlarge_use1-az6': 10, 'r5d.4xlarge_use1-az5': 5, 'r5d.8xlarge_use1-az1': 5, 'r5d.8xlarge_use1-az2': 15, 'r5d.8xlarge_use1-az4': 15, 'r5d.8xlarge_use1-az5': 5, 'r5d.8xlarge_use1-az6': 50, 'r5d.large_use1-az2': 50, 'r5d.large_use1-az4': 50, 'r5d.large_use1-az5': 5, 'r5d.large_use1-az6': 50, 'r5dn.12xlarge_use1-az2': 1, 'r5dn.12xlarge_use1-az4': 1, 'r5dn.12xlarge_use1-az5': 1, 'r5dn.12xlarge_use1-az6': 1, 'r5dn.16xlarge_use1-az1': 5, 'r5dn.16xlarge_use1-az2': 5, 'r5dn.16xlarge_use1-az4': 15, 'r5dn.16xlarge_use1-az5': 10, 'r5dn.16xlarge_use1-az6': 30, 'r5dn.24xlarge_use1-az2': 5, 'r5dn.24xlarge_use1-az4': 10, 'r5dn.24xlarge_use1-az5': 1, 'r5dn.24xlarge_use1-az6': 25, 'r5dn.4xlarge_use1-az2': 25, 'r5dn.4xlarge_use1-az4': 45, 'r5dn.4xlarge_use1-az5': 5, 'r5dn.8xlarge_use1-az2': 5, 'r5dn.8xlarge_use1-az5': 5, 'r5dn.8xlarge_use1-az6': 50, 'r5dn.large_use1-az1': 50, 'r5dn.large_use1-az2': 50, 'r5dn.large_use1-az4': 50, 'r5dn.large_use1-az5': 50, 'r5dn.large_use1-az6': 50, 'r5n.12xlarge_use1-az2': 1, 'r5n.12xlarge_use1-az4': 1, 'r5n.12xlarge_use1-az6': 1, 'r5n.16xlarge_use1-az1': 1, 'r5n.16xlarge_use1-az2': 10, 'r5n.16xlarge_use1-az4': 35, 'r5n.16xlarge_use1-az5': 1, 'r5n.16xlarge_use1-az6': 20, 'r5n.4xlarge_use1-az1': 5, 'r5n.8xlarge_use1-az1': 10, 'r5n.8xlarge_use1-az2': 20, 'r5n.8xlarge_use1-az4': 35, 'r5n.8xlarge_use1-az6': 15, 'r5n.large_use1-az1': 20, 'r5n.large_use1-az2': 50, 'r5n.large_use1-az4': 50, 'r5n.large_use1-az5': 10, 'r5n.large_use1-az6': 30, 'r5n.xlarge_use1-az1': 1, 'r5n.xlarge_use1-az6': 20, 'r6a.12xlarge_use1-az1': 1, 'r6a.12xlarge_use1-az2': 10, 'r6a.12xlarge_use1-az4': 5, 'r6a.12xlarge_use1-az6': 10, 'r6a.16xlarge_use1-az1': 5, 'r6a.16xlarge_use1-az2': 15, 'r6a.16xlarge_use1-az4': 30, 'r6a.16xlarge_use1-az5': 15, 'r6a.16xlarge_use1-az6': 40, 'r6a.24xlarge_use1-az2': 5, 'r6a.24xlarge_use1-az4': 1, 'r6a.24xlarge_use1-az5': 1, 'r6a.24xlarge_use1-az6': 5, 'r6a.2xlarge_use1-az1': 50, 'r6a.2xlarge_use1-az2': 50, 'r6a.2xlarge_use1-az4': 40, 'r6a.2xlarge_use1-az5': 1, 'r6a.2xlarge_use1-az6': 50, 'r6a.32xlarge_use1-az2': 5, 'r6a.32xlarge_use1-az4': 5, 'r6a.32xlarge_use1-az5': 5, 'r6a.32xlarge_use1-az6': 5, 'r6a.48xlarge_use1-az2': 5, 'r6a.48xlarge_use1-az4': 5, 'r6a.48xlarge_use1-az5': 5, 'r6a.48xlarge_use1-az6': 1, 'r6a.4xlarge_use1-az1': 50, 'r6a.4xlarge_use1-az2': 50, 'r6a.4xlarge_use1-az4': 50, 'r6a.4xlarge_use1-az5': 40, 'r6a.4xlarge_use1-az6': 50, 'r6a.8xlarge_use1-az1': 20, 'r6a.8xlarge_use1-az2': 50, 'r6a.8xlarge_use1-az4': 50, 'r6a.8xlarge_use1-az5': 50, 'r6a.8xlarge_use1-az6': 50, 'r6a.large_use1-az1': 50, 'r6a.large_use1-az2': 50, 'r6a.large_use1-az4': 50, 'r6a.large_use1-az5': 50, 'r6a.large_use1-az6': 50, 'r6a.xlarge_use1-az1': 50, 'r6a.xlarge_use1-az2': 50, 'r6a.xlarge_use1-az4': 50, 'r6a.xlarge_use1-az5': 50, 'r6a.xlarge_use1-az6': 50, 'r6g.12xlarge_use1-az2': 50, 'r6g.12xlarge_use1-az4': 45, 'r6g.12xlarge_use1-az5': 10, 'r6g.12xlarge_use1-az6': 50, 'r6g.16xlarge_use1-az1': 1, 'r6g.16xlarge_use1-az2': 50, 'r6g.16xlarge_use1-az4': 50, 'r6g.16xlarge_use1-az5': 50, 'r6g.16xlarge_use1-az6': 50, 'r6g.2xlarge_use1-az1': 1, 'r6g.2xlarge_use1-az2': 25, 'r6g.2xlarge_use1-az4': 40, 'r6g.2xlarge_use1-az5': 10, 'r6g.2xlarge_use1-az6': 50, 'r6g.4xlarge_use1-az1': 10, 'r6g.4xlarge_use1-az2': 50, 'r6g.4xlarge_use1-az4': 50, 'r6g.4xlarge_use1-az5': 50, 'r6g.4xlarge_use1-az6': 50, 'r6g.8xlarge_use1-az1': 1, 'r6g.8xlarge_use1-az2': 10, 'r6g.8xlarge_use1-az4': 50, 'r6g.8xlarge_use1-az5': 50, 'r6g.8xlarge_use1-az6': 50, 'r6g.large_use1-az1': 10, 'r6g.large_use1-az2': 40, 'r6g.large_use1-az4': 50, 'r6g.large_use1-az5': 5, 'r6g.large_use1-az6': 50, 'r6g.medium_use1-az1': 1, 'r6g.medium_use1-az2': 10, 'r6g.medium_use1-az4': 15, 'r6g.medium_use1-az5': 15, 'r6g.medium_use1-az6': 35, 'r6g.xlarge_use1-az1': 1, 'r6g.xlarge_use1-az2': 50, 'r6g.xlarge_use1-az4': 50, 'r6g.xlarge_use1-az5': 50, 'r6g.xlarge_use1-az6': 50, 'r6gd.12xlarge_use1-az1': 1, 'r6gd.12xlarge_use1-az2': 5, 'r6gd.12xlarge_use1-az4': 10, 'r6gd.12xlarge_use1-az5': 1, 'r6gd.12xlarge_use1-az6': 10, 'r6gd.16xlarge_use1-az1': 5, 'r6gd.16xlarge_use1-az2': 5, 'r6gd.16xlarge_use1-az4': 50, 'r6gd.16xlarge_use1-az5': 1, 'r6gd.16xlarge_use1-az6': 45, 'r6gd.2xlarge_use1-az2': 20, 'r6gd.2xlarge_use1-az4': 30, 'r6gd.2xlarge_use1-az5': 1, 'r6gd.4xlarge_use1-az1': 5, 'r6gd.4xlarge_use1-az2': 20, 'r6gd.4xlarge_use1-az4': 50, 'r6gd.4xlarge_use1-az5': 1, 'r6gd.4xlarge_use1-az6': 25, 'r6gd.8xlarge_use1-az1': 1, 'r6gd.8xlarge_use1-az2': 10, 'r6gd.8xlarge_use1-az4': 20, 'r6gd.8xlarge_use1-az5': 1, 'r6gd.8xlarge_use1-az6': 30, 'r6gd.large_use1-az1': 50, 'r6gd.large_use1-az2': 50, 'r6gd.large_use1-az4': 50, 'r6gd.large_use1-az5': 50, 'r6gd.large_use1-az6': 50, 'r6gd.medium_use1-az1': 5, 'r6gd.medium_use1-az2': 1, 'r6gd.medium_use1-az4': 5, 'r6gd.medium_use1-az5': 5, 'r6gd.medium_use1-az6': 1, 'r6gd.xlarge_use1-az1': 1, 'r6gd.xlarge_use1-az2': 1, 'r6gd.xlarge_use1-az4': 5, 'r6gd.xlarge_use1-az6': 10, 'r6i.12xlarge_use1-az1': 5, 'r6i.12xlarge_use1-az2': 5, 'r6i.12xlarge_use1-az4': 5, 'r6i.12xlarge_use1-az5': 1, 'r6i.12xlarge_use1-az6': 10, 'r6i.16xlarge_use1-az1': 1, 'r6i.16xlarge_use1-az2': 1, 'r6i.16xlarge_use1-az4': 10, 'r6i.16xlarge_use1-az5': 10, 'r6i.16xlarge_use1-az6': 1, 'r6i.24xlarge_use1-az4': 10, 'r6i.24xlarge_use1-az5': 1, 'r6i.24xlarge_use1-az6': 5, 'r6i.2xlarge_use1-az1': 15, 'r6i.2xlarge_use1-az2': 35, 'r6i.2xlarge_use1-az4': 50, 'r6i.2xlarge_use1-az5': 5, 'r6i.2xlarge_use1-az6': 50, 'r6i.32xlarge_use1-az4': 1, 'r6i.32xlarge_use1-az5': 1, 'r6i.32xlarge_use1-az6': 1, 'r6i.4xlarge_use1-az1': 30, 'r6i.4xlarge_use1-az2': 20, 'r6i.4xlarge_use1-az4': 20, 'r6i.4xlarge_use1-az5': 10, 'r6i.4xlarge_use1-az6': 40, 'r6i.8xlarge_use1-az1': 5, 'r6i.8xlarge_use1-az2': 10, 'r6i.8xlarge_use1-az4': 10, 'r6i.8xlarge_use1-az5': 5, 'r6i.8xlarge_use1-az6': 10, 'r6i.large_use1-az1': 20, 'r6i.large_use1-az2': 50, 'r6i.large_use1-az4': 50, 'r6i.large_use1-az5': 20, 'r6i.large_use1-az6': 50, 'r6i.xlarge_use1-az1': 15, 'r6i.xlarge_use1-az2': 45, 'r6i.xlarge_use1-az4': 50, 'r6i.xlarge_use1-az5': 10, 'r6i.xlarge_use1-az6': 50, 'r6id.12xlarge_use1-az1': 1, 'r6id.12xlarge_use1-az2': 5, 'r6id.12xlarge_use1-az4': 1, 'r6id.12xlarge_use1-az6': 5, 'r6id.16xlarge_use1-az1': 5, 'r6id.16xlarge_use1-az2': 5, 'r6id.16xlarge_use1-az4': 15, 'r6id.16xlarge_use1-az5': 1, 'r6id.16xlarge_use1-az6': 20, 'r6id.24xlarge_use1-az1': 10, 'r6id.24xlarge_use1-az2': 10, 'r6id.24xlarge_use1-az4': 5, 'r6id.24xlarge_use1-az5': 15, 'r6id.24xlarge_use1-az6': 25, 'r6id.2xlarge_use1-az1': 5, 'r6id.2xlarge_use1-az2': 1, 'r6id.2xlarge_use1-az4': 10, 'r6id.2xlarge_use1-az5': 1, 'r6id.2xlarge_use1-az6': 10, 'r6id.32xlarge_use1-az1': 1, 'r6id.32xlarge_use1-az2': 5, 'r6id.32xlarge_use1-az4': 1, 'r6id.32xlarge_use1-az5': 1, 'r6id.32xlarge_use1-az6': 10, 'r6id.4xlarge_use1-az1': 40, 'r6id.4xlarge_use1-az2': 50, 'r6id.4xlarge_use1-az4': 10, 'r6id.4xlarge_use1-az5': 20, 'r6id.4xlarge_use1-az6': 35, 'r6id.8xlarge_use1-az1': 1, 'r6id.8xlarge_use1-az2': 1, 'r6id.8xlarge_use1-az4': 5, 'r6id.8xlarge_use1-az5': 1, 'r6id.8xlarge_use1-az6': 5, 'r6id.large_use1-az1': 15, 'r6id.large_use1-az2': 10, 'r6id.large_use1-az4': 5, 'r6id.large_use1-az5': 15, 'r6id.large_use1-az6': 30, 'r6id.xlarge_use1-az2': 15, 'r6id.xlarge_use1-az5': 15, 'r6id.xlarge_use1-az6': 15, 'r6idn.16xlarge_use1-az4': 1, 'r6idn.16xlarge_use1-az5': 1, 'r6idn.16xlarge_use1-az6': 1, 'r6idn.24xlarge_use1-az6': 1, 'r6idn.2xlarge_use1-az2': 1, 'r6idn.32xlarge_use1-az6': 1, 'r6idn.4xlarge_use1-az2': 15, 'r6idn.4xlarge_use1-az5': 5, 'r6idn.8xlarge_use1-az2': 1, 'r6idn.8xlarge_use1-az4': 1, 'r6idn.8xlarge_use1-az6': 5, 'r6idn.large_use1-az1': 1, 'r6idn.large_use1-az2': 1, 'r6idn.large_use1-az4': 5, 'r6idn.large_use1-az5': 5, 'r6idn.large_use1-az6': 5, 'r6in.12xlarge_use1-az1': 1, 'r6in.12xlarge_use1-az6': 5, 'r6in.16xlarge_use1-az4': 1, 'r6in.16xlarge_use1-az5': 1, 'r6in.16xlarge_use1-az6': 5, 'r6in.24xlarge_use1-az6': 1, 'r6in.2xlarge_use1-az2': 1, 'r6in.2xlarge_use1-az5': 1, 'r6in.2xlarge_use1-az6': 1, 'r6in.4xlarge_use1-az1': 5, 'r6in.4xlarge_use1-az2': 20, 'r6in.4xlarge_use1-az4': 15, 'r6in.4xlarge_use1-az5': 20, 'r6in.4xlarge_use1-az6': 20, 'r6in.8xlarge_use1-az1': 5, 'r6in.8xlarge_use1-az4': 1, 'r6in.8xlarge_use1-az6': 5, 'r6in.large_use1-az1': 45, 'r6in.large_use1-az2': 50, 'r6in.large_use1-az4': 50, 'r6in.large_use1-az5': 40, 'r6in.large_use1-az6': 50, 'r6in.xlarge_use1-az1': 1, 'r6in.xlarge_use1-az2': 1, 'r6in.xlarge_use1-az4': 1, 'r7a.12xlarge_use1-az1': 1, 'r7a.12xlarge_use1-az2': 1, 'r7a.12xlarge_use1-az4': 5, 'r7a.12xlarge_use1-az6': 20, 'r7a.16xlarge_use1-az1': 1, 'r7a.16xlarge_use1-az2': 15, 'r7a.16xlarge_use1-az4': 30, 'r7a.16xlarge_use1-az6': 50, 'r7a.24xlarge_use1-az2': 10, 'r7a.24xlarge_use1-az4': 10, 'r7a.24xlarge_use1-az6': 35, 'r7a.2xlarge_use1-az1': 1, 'r7a.2xlarge_use1-az2': 5, 'r7a.2xlarge_use1-az4': 25, 'r7a.2xlarge_use1-az6': 1, 'r7a.32xlarge_use1-az2': 1, 'r7a.32xlarge_use1-az4': 1, 'r7a.32xlarge_use1-az6': 50, 'r7a.48xlarge_use1-az2': 5, 'r7a.48xlarge_use1-az4': 5, 'r7a.48xlarge_use1-az6': 50, 'r7a.4xlarge_use1-az1': 5, 'r7a.4xlarge_use1-az2': 25, 'r7a.4xlarge_use1-az4': 50, 'r7a.4xlarge_use1-az6': 50, 'r7a.8xlarge_use1-az1': 5, 'r7a.8xlarge_use1-az2': 20, 'r7a.8xlarge_use1-az4': 50, 'r7a.8xlarge_use1-az6': 50, 'r7a.large_use1-az1': 50, 'r7a.large_use1-az2': 50, 'r7a.large_use1-az4': 50, 'r7a.large_use1-az6': 50, 'r7a.medium_use1-az1': 10, 'r7a.medium_use1-az2': 25, 'r7a.medium_use1-az4': 50, 'r7a.medium_use1-az6': 50, 'r7a.xlarge_use1-az1': 20, 'r7a.xlarge_use1-az2': 50, 'r7a.xlarge_use1-az4': 50, 'r7a.xlarge_use1-az6': 25, 'r7g.12xlarge_use1-az1': 1, 'r7g.12xlarge_use1-az2': 5, 'r7g.12xlarge_use1-az4': 50, 'r7g.12xlarge_use1-az5': 1, 'r7g.12xlarge_use1-az6': 5, 'r7g.16xlarge_use1-az1': 5, 'r7g.16xlarge_use1-az2': 30, 'r7g.16xlarge_use1-az4': 50, 'r7g.16xlarge_use1-az5': 5, 'r7g.16xlarge_use1-az6': 50, 'r7g.2xlarge_use1-az1': 5, 'r7g.2xlarge_use1-az2': 10, 'r7g.2xlarge_use1-az4': 50, 'r7g.2xlarge_use1-az5': 5, 'r7g.2xlarge_use1-az6': 15, 'r7g.4xlarge_use1-az1': 5, 'r7g.4xlarge_use1-az2': 5, 'r7g.4xlarge_use1-az4': 50, 'r7g.4xlarge_use1-az5': 5, 'r7g.4xlarge_use1-az6': 15, 'r7g.8xlarge_use1-az1': 1, 'r7g.8xlarge_use1-az2': 50, 'r7g.8xlarge_use1-az4': 50, 'r7g.8xlarge_use1-az5': 50, 'r7g.8xlarge_use1-az6': 50, 'r7g.large_use1-az1': 20, 'r7g.large_use1-az2': 50, 'r7g.large_use1-az4': 50, 'r7g.large_use1-az5': 40, 'r7g.large_use1-az6': 40, 'r7g.medium_use1-az1': 50, 'r7g.medium_use1-az2': 50, 'r7g.medium_use1-az4': 50, 'r7g.medium_use1-az5': 25, 'r7g.medium_use1-az6': 50, 'r7g.xlarge_use1-az1': 50, 'r7g.xlarge_use1-az2': 50, 'r7g.xlarge_use1-az4': 50, 'r7g.xlarge_use1-az5': 10, 'r7g.xlarge_use1-az6': 50, 'r7gd.12xlarge_use1-az1': 1, 'r7gd.12xlarge_use1-az2': 10, 'r7gd.12xlarge_use1-az4': 35, 'r7gd.12xlarge_use1-az5': 10, 'r7gd.12xlarge_use1-az6': 50, 'r7gd.16xlarge_use1-az1': 5, 'r7gd.16xlarge_use1-az2': 50, 'r7gd.16xlarge_use1-az4': 50, 'r7gd.16xlarge_use1-az5': 50, 'r7gd.16xlarge_use1-az6': 50, 'r7gd.2xlarge_use1-az1': 5, 'r7gd.2xlarge_use1-az2': 25, 'r7gd.2xlarge_use1-az4': 25, 'r7gd.2xlarge_use1-az5': 40, 'r7gd.2xlarge_use1-az6': 50, 'r7gd.4xlarge_use1-az1': 1, 'r7gd.4xlarge_use1-az2': 20, 'r7gd.4xlarge_use1-az4': 25, 'r7gd.4xlarge_use1-az5': 30, 'r7gd.4xlarge_use1-az6': 50, 'r7gd.8xlarge_use1-az1': 1, 'r7gd.8xlarge_use1-az2': 10, 'r7gd.8xlarge_use1-az4': 30, 'r7gd.8xlarge_use1-az5': 20, 'r7gd.8xlarge_use1-az6': 50, 'r7gd.large_use1-az1': 15, 'r7gd.large_use1-az2': 10, 'r7gd.large_use1-az4': 50, 'r7gd.large_use1-az5': 15, 'r7gd.large_use1-az6': 35, 'r7gd.medium_use1-az1': 35, 'r7gd.medium_use1-az2': 15, 'r7gd.medium_use1-az4': 25, 'r7gd.medium_use1-az5': 15, 'r7gd.medium_use1-az6': 20, 'r7gd.xlarge_use1-az2': 10, 'r7gd.xlarge_use1-az4': 25, 'r7gd.xlarge_use1-az5': 10, 'r7gd.xlarge_use1-az6': 50, 'r7i.12xlarge_use1-az4': 1, 'r7i.12xlarge_use1-az6': 10, 'r7i.16xlarge_use1-az1': 5, 'r7i.16xlarge_use1-az2': 15, 'r7i.16xlarge_use1-az4': 45, 'r7i.16xlarge_use1-az5': 5, 'r7i.16xlarge_use1-az6': 50, 'r7i.24xlarge_use1-az1': 1, 'r7i.24xlarge_use1-az2': 1, 'r7i.24xlarge_use1-az4': 5, 'r7i.24xlarge_use1-az5': 5, 'r7i.24xlarge_use1-az6': 5, 'r7i.2xlarge_use1-az1': 5, 'r7i.2xlarge_use1-az2': 5, 'r7i.2xlarge_use1-az4': 10, 'r7i.2xlarge_use1-az5': 5, 'r7i.2xlarge_use1-az6': 50, 'r7i.48xlarge_use1-az2': 1, 'r7i.48xlarge_use1-az4': 5, 'r7i.48xlarge_use1-az5': 1, 'r7i.48xlarge_use1-az6': 5, 'r7i.4xlarge_use1-az1': 5, 'r7i.4xlarge_use1-az2': 20, 'r7i.4xlarge_use1-az4': 10, 'r7i.4xlarge_use1-az5': 1, 'r7i.4xlarge_use1-az6': 50, 'r7i.8xlarge_use1-az1': 5, 'r7i.8xlarge_use1-az2': 25, 'r7i.8xlarge_use1-az4': 25, 'r7i.8xlarge_use1-az5': 5, 'r7i.8xlarge_use1-az6': 50, 'r7i.large_use1-az1': 15, 'r7i.large_use1-az2': 50, 'r7i.large_use1-az4': 50, 'r7i.large_use1-az5': 15, 'r7i.large_use1-az6': 50, 'r7i.xlarge_use1-az1': 5, 'r7i.xlarge_use1-az2': 15, 'r7i.xlarge_use1-az4': 10, 'r7i.xlarge_use1-az5': 15, 'r7i.xlarge_use1-az6': 50, 'r8g.12xlarge_use1-az2': 5, 'r8g.12xlarge_use1-az4': 5, 'r8g.12xlarge_use1-az6': 15, 'r8g.16xlarge_use1-az1': 1, 'r8g.16xlarge_use1-az2': 50, 'r8g.16xlarge_use1-az4': 50, 'r8g.16xlarge_use1-az5': 5, 'r8g.16xlarge_use1-az6': 50, 'r8g.24xlarge_use1-az2': 10, 'r8g.24xlarge_use1-az4': 5, 'r8g.24xlarge_use1-az5': 5, 'r8g.24xlarge_use1-az6': 35, 'r8g.2xlarge_use1-az2': 5, 'r8g.2xlarge_use1-az4': 5, 'r8g.2xlarge_use1-az5': 1, 'r8g.2xlarge_use1-az6': 5, 'r8g.48xlarge_use1-az2': 1, 'r8g.48xlarge_use1-az4': 5, 'r8g.48xlarge_use1-az6': 5, 'r8g.4xlarge_use1-az2': 10, 'r8g.4xlarge_use1-az4': 35, 'r8g.4xlarge_use1-az5': 5, 'r8g.4xlarge_use1-az6': 50, 'r8g.8xlarge_use1-az2': 40, 'r8g.8xlarge_use1-az4': 15, 'r8g.8xlarge_use1-az5': 1, 'r8g.8xlarge_use1-az6': 50, 'r8g.large_use1-az1': 5, 'r8g.large_use1-az2': 30, 'r8g.large_use1-az4': 15, 'r8g.large_use1-az5': 10, 'r8g.large_use1-az6': 20, 'r8g.medium_use1-az1': 15, 'r8g.medium_use1-az2': 30, 'r8g.medium_use1-az4': 20, 'r8g.medium_use1-az5': 5, 'r8g.medium_use1-az6': 15, 'r8g.xlarge_use1-az1': 1, 'r8g.xlarge_use1-az2': 10, 'r8g.xlarge_use1-az4': 5, 'r8g.xlarge_use1-az5': 5, 'r8g.xlarge_use1-az6': 10, 'r8gb.24xlarge_use1-az6': 1, 'r8gb.large_use1-az2': 20, 'r8gb.large_use1-az4': 15, 'r8gb.large_use1-az6': 25, 'r8gb.medium_use1-az2': 50, 'r8gb.metal-24xl_use1-az6': 1, 'r8gb.xlarge_use1-az2': 5, 'r8gb.xlarge_use1-az4': 5, 'r8gb.xlarge_use1-az6': 5, 'r8gd.12xlarge_use1-az5': 1, 'r8gd.12xlarge_use1-az6': 1, 'r8gd.16xlarge_use1-az2': 1, 'r8gd.16xlarge_use1-az4': 1, 'r8gd.16xlarge_use1-az5': 1, 'r8gd.16xlarge_use1-az6': 15, 'r8gd.24xlarge_use1-az2': 1, 'r8gd.24xlarge_use1-az5': 1, 'r8gd.24xlarge_use1-az6': 25, 'r8gd.2xlarge_use1-az2': 25, 'r8gd.2xlarge_use1-az4': 30, 'r8gd.2xlarge_use1-az6': 50, 'r8gd.48xlarge_use1-az6': 50, 'r8gd.4xlarge_use1-az1': 1, 'r8gd.4xlarge_use1-az2': 20, 'r8gd.4xlarge_use1-az5': 1, 'r8gd.4xlarge_use1-az6': 15, 'r8gd.8xlarge_use1-az2': 5, 'r8gd.8xlarge_use1-az4': 1, 'r8gd.8xlarge_use1-az5': 1, 'r8gd.8xlarge_use1-az6': 1, 'r8gd.large_use1-az2': 50, 'r8gd.large_use1-az5': 1, 'r8gd.large_use1-az6': 50, 'r8gd.medium_use1-az1': 5, 'r8gd.medium_use1-az2': 5, 'r8gd.medium_use1-az4': 5, 'r8gd.medium_use1-az5': 10, 'r8gd.metal-24xl_use1-az6': 1, 'r8gd.metal-48xl_use1-az6': 1, 'r8gd.xlarge_use1-az2': 25, 'r8gd.xlarge_use1-az4': 1, 'r8gd.xlarge_use1-az5': 50, 'r8gd.xlarge_use1-az6': 40, 'r8gn.16xlarge_use1-az6': 1, 'r8gn.24xlarge_use1-az2': 1, 'r8gn.48xlarge_use1-az6': 1, 'r8gn.8xlarge_use1-az2': 1, 'r8gn.8xlarge_use1-az6': 5, 'r8gn.large_use1-az2': 20, 'r8gn.large_use1-az4': 15, 'r8gn.large_use1-az6': 20, 'r8gn.medium_use1-az2': 35, 'r8gn.medium_use1-az4': 40, 'r8gn.metal-24xl_use1-az2': 1, 'r8gn.metal-24xl_use1-az6': 1, 'r8gn.xlarge_use1-az2': 1, 'r8gn.xlarge_use1-az6': 10, 'r8i-flex.2xlarge_use1-az2': 1, 'r8i-flex.2xlarge_use1-az6': 5, 'r8i-flex.4xlarge_use1-az2': 1, 'r8i-flex.4xlarge_use1-az6': 1, 'r8i-flex.large_use1-az2': 1, 'r8i-flex.large_use1-az6': 5, 'r8i-flex.xlarge_use1-az2': 5, 'r8i-flex.xlarge_use1-az6': 1, 'r8i.12xlarge_use1-az2': 1, 'r8i.12xlarge_use1-az6': 1, 'r8i.16xlarge_use1-az2': 1, 'r8i.16xlarge_use1-az6': 1, 'r8i.24xlarge_use1-az6': 1, 'r8i.2xlarge_use1-az2': 5, 'r8i.2xlarge_use1-az6': 5, 'r8i.32xlarge_use1-az2': 1, 'r8i.32xlarge_use1-az6': 1, 'r8i.48xlarge_use1-az2': 1, 'r8i.48xlarge_use1-az6': 1, 'r8i.4xlarge_use1-az2': 1, 'r8i.4xlarge_use1-az6': 5, 'r8i.8xlarge_use1-az2': 1, 'r8i.8xlarge_use1-az6': 5, 'r8i.96xlarge_use1-az2': 1, 'r8i.96xlarge_use1-az6': 1, 'r8i.large_use1-az2': 20, 'r8i.large_use1-az6': 20, 'r8i.xlarge_use1-az2': 5, 'r8i.xlarge_use1-az6': 5, 't2.2xlarge_use1-az1': 50, 't2.2xlarge_use1-az2': 50, 't2.2xlarge_use1-az3': 15, 't2.2xlarge_use1-az4': 50, 't2.2xlarge_use1-az5': 50, 't2.2xlarge_use1-az6': 50, 't2.large_use1-az1': 20, 't2.large_use1-az2': 50, 't2.large_use1-az3': 50, 't2.large_use1-az4': 50, 't2.large_use1-az5': 25, 't2.large_use1-az6': 50, 't2.medium_use1-az1': 50, 't2.medium_use1-az2': 50, 't2.medium_use1-az3': 50, 't2.medium_use1-az4': 50, 't2.medium_use1-az5': 50, 't2.medium_use1-az6': 50, 't2.xlarge_use1-az1': 35, 't2.xlarge_use1-az2': 50, 't2.xlarge_use1-az3': 20, 't2.xlarge_use1-az4': 50, 't2.xlarge_use1-az5': 5, 't2.xlarge_use1-az6': 50, 't3.2xlarge_use1-az1': 50, 't3.2xlarge_use1-az2': 50, 't3.2xlarge_use1-az4': 50, 't3.2xlarge_use1-az5': 50, 't3.2xlarge_use1-az6': 50, 't3.large_use1-az1': 50, 't3.large_use1-az2': 50, 't3.large_use1-az4': 50, 't3.large_use1-az5': 50, 't3.large_use1-az6': 50, 't3.medium_use1-az1': 50, 't3.medium_use1-az2': 50, 't3.medium_use1-az4': 50, 't3.medium_use1-az5': 50, 't3.medium_use1-az6': 50, 't3.xlarge_use1-az1': 50, 't3.xlarge_use1-az2': 50, 't3.xlarge_use1-az4': 50, 't3.xlarge_use1-az5': 50, 't3.xlarge_use1-az6': 50, 't3a.2xlarge_use1-az1': 50, 't3a.2xlarge_use1-az2': 50, 't3a.2xlarge_use1-az4': 50, 't3a.2xlarge_use1-az5': 50, 't3a.2xlarge_use1-az6': 50, 't3a.large_use1-az1': 50, 't3a.large_use1-az2': 50, 't3a.large_use1-az4': 50, 't3a.large_use1-az5': 5, 't3a.large_use1-az6': 50, 't3a.medium_use1-az1': 50, 't3a.medium_use1-az2': 50, 't3a.medium_use1-az4': 50, 't3a.medium_use1-az6': 50, 't3a.xlarge_use1-az1': 25, 't3a.xlarge_use1-az2': 50, 't3a.xlarge_use1-az4': 50, 't3a.xlarge_use1-az5': 15, 't3a.xlarge_use1-az6': 50, 't4g.2xlarge_use1-az1': 5, 't4g.2xlarge_use1-az2': 15, 't4g.2xlarge_use1-az4': 5, 't4g.2xlarge_use1-az5': 10, 't4g.2xlarge_use1-az6': 10, 't4g.large_use1-az1': 1, 't4g.large_use1-az2': 15, 't4g.large_use1-az4': 50, 't4g.large_use1-az5': 25, 't4g.large_use1-az6': 35, 't4g.medium_use1-az1': 1, 't4g.medium_use1-az2': 50, 't4g.medium_use1-az4': 50, 't4g.medium_use1-az5': 35, 't4g.medium_use1-az6': 50, 't4g.xlarge_use1-az1': 30, 't4g.xlarge_use1-az2': 15, 't4g.xlarge_use1-az4': 50, 't4g.xlarge_use1-az5': 5, 't4g.xlarge_use1-az6': 10, 'trn1.2xlarge_use1-az5': 5, 'trn1.2xlarge_use1-az6': 20, 'trn1.32xlarge_use1-az6': 50, 'trn1n.32xlarge_use1-az6': 50, 'x1.16xlarge_use1-az2': 1, 'x1.16xlarge_use1-az6': 1, 'x1.32xlarge_use1-az2': 1, 'x1.32xlarge_use1-az6': 1, 'x2gd.12xlarge_use1-az5': 5, 'x2gd.16xlarge_use1-az5': 1, 'x2gd.16xlarge_use1-az6': 15, 'x2gd.2xlarge_use1-az1': 5, 'x2gd.2xlarge_use1-az5': 5, 'x2gd.2xlarge_use1-az6': 30, 'x2gd.4xlarge_use1-az2': 1, 'x2gd.4xlarge_use1-az4': 5, 'x2gd.4xlarge_use1-az5': 1, 'x2gd.4xlarge_use1-az6': 35, 'x2gd.8xlarge_use1-az4': 1, 'x2gd.8xlarge_use1-az5': 1, 'x2gd.8xlarge_use1-az6': 5, 'x2gd.large_use1-az1': 35, 'x2gd.large_use1-az2': 25, 'x2gd.large_use1-az4': 15, 'x2gd.large_use1-az5': 25, 'x2gd.large_use1-az6': 50, 'x2gd.medium_use1-az1': 25, 'x2gd.medium_use1-az2': 35, 'x2gd.medium_use1-az4': 50, 'x2gd.medium_use1-az5': 50, 'x2gd.medium_use1-az6': 50, 'x2gd.xlarge_use1-az1': 5, 'x2gd.xlarge_use1-az2': 1, 'x2gd.xlarge_use1-az4': 20, 'x2gd.xlarge_use1-az5': 15, 'x2gd.xlarge_use1-az6': 25, 'x2idn.16xlarge_use1-az2': 1, 'x2idn.24xlarge_use1-az4': 1, 'x2idn.24xlarge_use1-az5': 1, 'x2idn.32xlarge_use1-az5': 1, 'x8g.12xlarge_use1-az2': 1, 'x8g.12xlarge_use1-az4': 20, 'x8g.12xlarge_use1-az6': 1, 'x8g.16xlarge_use1-az1': 1, 'x8g.16xlarge_use1-az2': 5, 'x8g.16xlarge_use1-az4': 5, 'x8g.16xlarge_use1-az6': 5, 'x8g.24xlarge_use1-az1': 1, 'x8g.24xlarge_use1-az2': 5, 'x8g.24xlarge_use1-az4': 5, 'x8g.24xlarge_use1-az6': 10, 'x8g.2xlarge_use1-az1': 5, 'x8g.2xlarge_use1-az2': 10, 'x8g.2xlarge_use1-az4': 10, 'x8g.2xlarge_use1-az6': 25, 'x8g.48xlarge_use1-az1': 1, 'x8g.48xlarge_use1-az2': 1, 'x8g.48xlarge_use1-az4': 10, 'x8g.48xlarge_use1-az6': 1, 'x8g.4xlarge_use1-az2': 5, 'x8g.4xlarge_use1-az4': 5, 'x8g.4xlarge_use1-az6': 10, 'x8g.8xlarge_use1-az2': 15, 'x8g.8xlarge_use1-az4': 20, 'x8g.8xlarge_use1-az6': 5, 'x8g.large_use1-az1': 30, 'x8g.large_use1-az4': 50, 'x8g.large_use1-az6': 50, 'x8g.medium_use1-az1': 50, 'x8g.medium_use1-az4': 50, 'x8g.medium_use1-az6': 50, 'x8g.metal-24xl_use1-az1': 1, 'x8g.metal-24xl_use1-az2': 1, 'x8g.metal-24xl_use1-az4': 1, 'x8g.metal-24xl_use1-az6': 10, 'x8g.metal-48xl_use1-az2': 1, 'x8g.metal-48xl_use1-az4': 1, 'x8g.metal-48xl_use1-az6': 1, 'x8g.xlarge_use1-az1': 10, 'x8g.xlarge_use1-az2': 20, 'x8g.xlarge_use1-az4': 40, 'x8g.xlarge_use1-az6': 50, 'z1d.12xlarge_use1-az1': 1, 'z1d.12xlarge_use1-az2': 1, 'z1d.12xlarge_use1-az4': 1, 'z1d.12xlarge_use1-az5': 1, 'z1d.12xlarge_use1-az6': 5, 'z1d.2xlarge_use1-az1': 5, 'z1d.2xlarge_use1-az2': 5, 'z1d.2xlarge_use1-az4': 15, 'z1d.2xlarge_use1-az5': 1, 'z1d.2xlarge_use1-az6': 15, 'z1d.3xlarge_use1-az1': 5, 'z1d.3xlarge_use1-az2': 5, 'z1d.3xlarge_use1-az4': 10, 'z1d.3xlarge_use1-az5': 5, 'z1d.3xlarge_use1-az6': 5, 'z1d.6xlarge_use1-az1': 1, 'z1d.6xlarge_use1-az2': 1, 'z1d.6xlarge_use1-az4': 1, 'z1d.6xlarge_use1-az6': 1, 'z1d.large_use1-az1': 15, 'z1d.large_use1-az2': 5, 'z1d.large_use1-az4': 25, 'z1d.large_use1-az5': 10, 'z1d.large_use1-az6': 25, 'z1d.xlarge_use1-az1': 10, 'z1d.xlarge_use1-az2': 20, 'z1d.xlarge_use1-az4': 30, 'z1d.xlarge_use1-az5': 1, 'z1d.xlarge_use1-az6': 20}"
0.65,23507.717499999955,27927170648,1188000.0960765707,1068274,1068174,"{'c4.8xlarge_use1-az3': 5, 'c4.8xlarge_use1-az4': 15, 'c4.8xlarge_use1-az6': 5, 'c5.12xlarge_use1-az1': 50, 'c5.12xlarge_use1-az2': 50, 'c5.12xlarge_use1-az4': 50, 'c5.12xlarge_use1-az6': 50, 'c5.18xlarge_use1-az1': 5, 'c5.18xlarge_use1-az2': 50, 'c5.18xlarge_use1-az4': 15, 'c5.18xlarge_use1-az5': 10, 'c5.18xlarge_use1-az6': 1, 'c5.24xlarge_use1-az1': 1, 'c5.24xlarge_use1-az2': 5, 'c5.24xlarge_use1-az4': 5, 'c5.24xlarge_use1-az5': 1, 'c5.24xlarge_use1-az6': 5, 'c5.2xlarge_use1-az1': 50, 'c5.2xlarge_use1-az2': 50, 'c5.2xlarge_use1-az4': 50, 'c5.2xlarge_use1-az5': 50, 'c5.2xlarge_use1-az6': 50, 'c5.4xlarge_use1-az1': 50, 'c5.4xlarge_use1-az2': 50, 'c5.4xlarge_use1-az4': 50, 'c5.4xlarge_use1-az5': 50, 'c5.4xlarge_use1-az6': 50, 'c5.9xlarge_use1-az1': 50, 'c5.9xlarge_use1-az2': 50, 'c5.9xlarge_use1-az4': 50, 'c5.large_use1-az1': 50, 'c5.large_use1-az2': 50, 'c5.large_use1-az4': 50, 'c5.large_use1-az5': 50, 'c5.large_use1-az6': 50, 'c5.xlarge_use1-az1': 50, 'c5.xlarge_use1-az2': 50, 'c5.xlarge_use1-az4': 50, 'c5.xlarge_use1-az5': 50, 'c5.xlarge_use1-az6': 50, 'c5a.12xlarge_use1-az1': 5, 'c5a.12xlarge_use1-az2': 10, 'c5a.12xlarge_use1-az4': 15, 'c5a.12xlarge_use1-az6': 5, 'c5a.16xlarge_use1-az4': 1, 'c5a.16xlarge_use1-az6': 1, 'c5a.24xlarge_use1-az2': 1, 'c5a.24xlarge_use1-az4': 1, 'c5a.24xlarge_use1-az6': 1, 'c5a.2xlarge_use1-az1': 30, 'c5a.2xlarge_use1-az2': 20, 'c5a.2xlarge_use1-az4': 50, 'c5a.2xlarge_use1-az5': 15, 'c5a.2xlarge_use1-az6': 50, 'c5a.4xlarge_use1-az2': 1, 'c5a.4xlarge_use1-az5': 5, 'c5a.4xlarge_use1-az6': 5, 'c5a.8xlarge_use1-az1': 1, 'c5a.8xlarge_use1-az2': 1, 'c5a.8xlarge_use1-az4': 5, 'c5a.8xlarge_use1-az6': 15, 'c5a.large_use1-az1': 50, 'c5a.large_use1-az2': 50, 'c5a.large_use1-az4': 50, 'c5a.large_use1-az5': 45, 'c5a.large_use1-az6': 50, 'c5a.xlarge_use1-az1': 50, 'c5a.xlarge_use1-az2': 50, 'c5a.xlarge_use1-az4': 50, 'c5a.xlarge_use1-az5': 50, 'c5a.xlarge_use1-az6': 50, 'c5ad.12xlarge_use1-az2': 5, 'c5ad.12xlarge_use1-az4': 5, 'c5ad.12xlarge_use1-az6': 5, 'c5ad.16xlarge_use1-az1': 1, 'c5ad.16xlarge_use1-az2': 5, 'c5ad.16xlarge_use1-az4': 1, 'c5ad.16xlarge_use1-az6': 1, 'c5ad.24xlarge_use1-az1': 1, 'c5ad.24xlarge_use1-az2': 1, 'c5ad.24xlarge_use1-az4': 1, 'c5ad.24xlarge_use1-az6': 5, 'c5ad.2xlarge_use1-az2': 5, 'c5ad.2xlarge_use1-az4': 5, 'c5ad.4xlarge_use1-az1': 5, 'c5ad.4xlarge_use1-az4': 1, 'c5ad.4xlarge_use1-az5': 1, 'c5ad.4xlarge_use1-az6': 10, 'c5ad.8xlarge_use1-az4': 1, 'c5ad.8xlarge_use1-az5': 1, 'c5ad.large_use1-az1': 20, 'c5ad.large_use1-az2': 30, 'c5ad.large_use1-az4': 10, 'c5ad.large_use1-az5': 15, 'c5ad.large_use1-az6': 20, 'c5ad.xlarge_use1-az2': 10, 'c5ad.xlarge_use1-az4': 5, 'c5ad.xlarge_use1-az5': 5, 'c5ad.xlarge_use1-az6': 15, 'c5d.12xlarge_use1-az2': 15, 'c5d.12xlarge_use1-az4': 5, 'c5d.12xlarge_use1-az6': 45, 'c5d.18xlarge_use1-az1': 5, 'c5d.18xlarge_use1-az2': 50, 'c5d.18xlarge_use1-az4': 50, 'c5d.18xlarge_use1-az5': 5, 'c5d.18xlarge_use1-az6': 30, 'c5d.24xlarge_use1-az2': 35, 'c5d.24xlarge_use1-az4': 25, 'c5d.24xlarge_use1-az6': 50, 'c5d.2xlarge_use1-az2': 50, 'c5d.2xlarge_use1-az4': 50, 'c5d.2xlarge_use1-az5': 20, 'c5d.2xlarge_use1-az6': 50, 'c5d.9xlarge_use1-az1': 10, 'c5d.9xlarge_use1-az2': 20, 'c5d.9xlarge_use1-az5': 10, 'c5d.9xlarge_use1-az6': 25, 'c5d.large_use1-az1': 50, 'c5d.large_use1-az2': 50, 'c5d.large_use1-az4': 50, 'c5d.large_use1-az5': 35, 'c5d.large_use1-az6': 50, 'c5d.xlarge_use1-az1': 50, 'c5d.xlarge_use1-az2': 50, 'c5d.xlarge_use1-az5': 50, 'c5d.xlarge_use1-az6': 50, 'c5n.18xlarge_use1-az1': 30, 'c5n.18xlarge_use1-az2': 5, 'c5n.18xlarge_use1-az4': 10, 'c5n.2xlarge_use1-az4': 15, 'c5n.2xlarge_use1-az5': 10, 'c5n.2xlarge_use1-az6': 10, 'c5n.4xlarge_use1-az6': 1, 'c5n.9xlarge_use1-az1': 10, 'c5n.9xlarge_use1-az2': 1, 'c5n.9xlarge_use1-az4': 5, 'c5n.large_use1-az2': 10, 'c5n.large_use1-az4': 25, 'c5n.large_use1-az5': 5, 'c5n.large_use1-az6': 5, 'c5n.xlarge_use1-az5': 1, 'c6a.12xlarge_use1-az1': 5, 'c6a.12xlarge_use1-az2': 50, 'c6a.12xlarge_use1-az4': 50, 'c6a.12xlarge_use1-az5': 1, 'c6a.12xlarge_use1-az6': 15, 'c6a.16xlarge_use1-az1': 1, 'c6a.16xlarge_use1-az2': 5, 'c6a.16xlarge_use1-az4': 10, 'c6a.16xlarge_use1-az5': 1, 'c6a.16xlarge_use1-az6': 15, 'c6a.24xlarge_use1-az1': 1, 'c6a.24xlarge_use1-az2': 5, 'c6a.24xlarge_use1-az4': 5, 'c6a.24xlarge_use1-az5': 5, 'c6a.24xlarge_use1-az6': 20, 'c6a.2xlarge_use1-az1': 10, 'c6a.2xlarge_use1-az2': 40, 'c6a.2xlarge_use1-az4': 50, 'c6a.2xlarge_use1-az5': 10, 'c6a.2xlarge_use1-az6': 50, 'c6a.32xlarge_use1-az2': 1, 'c6a.32xlarge_use1-az4': 1, 'c6a.32xlarge_use1-az5': 1, 'c6a.32xlarge_use1-az6': 5, 'c6a.48xlarge_use1-az2': 1, 'c6a.48xlarge_use1-az4': 10, 'c6a.48xlarge_use1-az5': 5, 'c6a.48xlarge_use1-az6': 25, 'c6a.4xlarge_use1-az1': 15, 'c6a.4xlarge_use1-az2': 15, 'c6a.4xlarge_use1-az4': 30, 'c6a.4xlarge_use1-az5': 15, 'c6a.4xlarge_use1-az6': 50, 'c6a.8xlarge_use1-az1': 5, 'c6a.8xlarge_use1-az2': 50, 'c6a.8xlarge_use1-az4': 30, 'c6a.8xlarge_use1-az5': 25, 'c6a.8xlarge_use1-az6': 50, 'c6a.large_use1-az1': 45, 'c6a.large_use1-az2': 50, 'c6a.large_use1-az4': 50, 'c6a.large_use1-az5': 50, 'c6a.large_use1-az6': 20, 'c6a.xlarge_use1-az1': 15, 'c6a.xlarge_use1-az2': 25, 'c6a.xlarge_use1-az4': 25, 'c6a.xlarge_use1-az5': 15, 'c6a.xlarge_use1-az6': 25, 'c6g.12xlarge_use1-az1': 15, 'c6g.12xlarge_use1-az2': 25, 'c6g.12xlarge_use1-az4': 50, 'c6g.12xlarge_use1-az5': 5, 'c6g.12xlarge_use1-az6': 50, 'c6g.16xlarge_use1-az1': 1, 'c6g.16xlarge_use1-az2': 15, 'c6g.16xlarge_use1-az4': 50, 'c6g.16xlarge_use1-az5': 5, 'c6g.16xlarge_use1-az6': 50, 'c6g.2xlarge_use1-az1': 5, 'c6g.2xlarge_use1-az2': 50, 'c6g.2xlarge_use1-az4': 50, 'c6g.2xlarge_use1-az5': 15, 'c6g.2xlarge_use1-az6': 50, 'c6g.4xlarge_use1-az1': 50, 'c6g.4xlarge_use1-az2': 50, 'c6g.4xlarge_use1-az4': 50, 'c6g.4xlarge_use1-az5': 50, 'c6g.4xlarge_use1-az6': 50, 'c6g.8xlarge_use1-az1': 50, 'c6g.8xlarge_use1-az2': 50, 'c6g.8xlarge_use1-az4': 50, 'c6g.8xlarge_use1-az5': 50, 'c6g.8xlarge_use1-az6': 50, 'c6g.large_use1-az2': 50, 'c6g.large_use1-az4': 50, 'c6g.large_use1-az5': 50, 'c6g.large_use1-az6': 50, 'c6g.xlarge_use1-az2': 50, 'c6g.xlarge_use1-az4': 50, 'c6g.xlarge_use1-az5': 10, 'c6g.xlarge_use1-az6': 50, 'c6gd.12xlarge_use1-az2': 50, 'c6gd.12xlarge_use1-az4': 30, 'c6gd.12xlarge_use1-az5': 1, 'c6gd.12xlarge_use1-az6': 50, 'c6gd.16xlarge_use1-az2': 50, 'c6gd.16xlarge_use1-az4': 30, 'c6gd.16xlarge_use1-az6': 50, 'c6gd.2xlarge_use1-az1': 15, 'c6gd.2xlarge_use1-az2': 50, 'c6gd.2xlarge_use1-az4': 50, 'c6gd.2xlarge_use1-az5': 1, 'c6gd.2xlarge_use1-az6': 50, 'c6gd.4xlarge_use1-az1': 20, 'c6gd.4xlarge_use1-az2': 50, 'c6gd.4xlarge_use1-az4': 50, 'c6gd.4xlarge_use1-az5': 10, 'c6gd.4xlarge_use1-az6': 50, 'c6gd.8xlarge_use1-az1': 25, 'c6gd.8xlarge_use1-az2': 45, 'c6gd.8xlarge_use1-az4': 45, 'c6gd.8xlarge_use1-az5': 1, 'c6gd.8xlarge_use1-az6': 50, 'c6gd.large_use1-az2': 5, 'c6gd.large_use1-az4': 20, 'c6gd.large_use1-az5': 1, 'c6gd.large_use1-az6': 50, 'c6gd.xlarge_use1-az1': 50, 'c6gd.xlarge_use1-az4': 1, 'c6gd.xlarge_use1-az5': 50, 'c6gd.xlarge_use1-az6': 50, 'c6gn.12xlarge_use1-az2': 25, 'c6gn.12xlarge_use1-az4': 50, 'c6gn.12xlarge_use1-az5': 1, 'c6gn.16xlarge_use1-az1': 1, 'c6gn.16xlarge_use1-az2': 50, 'c6gn.16xlarge_use1-az4': 50, 'c6gn.16xlarge_use1-az5': 10, 'c6gn.2xlarge_use1-az1': 5, 'c6gn.2xlarge_use1-az4': 20, 'c6gn.2xlarge_use1-az5': 1, 'c6gn.4xlarge_use1-az1': 1, 'c6gn.4xlarge_use1-az2': 40, 'c6gn.4xlarge_use1-az4': 35, 'c6gn.4xlarge_use1-az5': 10, 'c6gn.8xlarge_use1-az1': 25, 'c6gn.8xlarge_use1-az2': 35, 'c6gn.8xlarge_use1-az4': 30, 'c6gn.8xlarge_use1-az5': 5, 'c6gn.8xlarge_use1-az6': 5, 'c6gn.large_use1-az1': 5, 'c6gn.large_use1-az5': 15, 'c6gn.large_use1-az6': 1, 'c6gn.xlarge_use1-az1': 5, 'c6gn.xlarge_use1-az5': 5, 'c6gn.xlarge_use1-az6': 1, 'c6i.12xlarge_use1-az1': 15, 'c6i.12xlarge_use1-az2': 15, 'c6i.12xlarge_use1-az4': 30, 'c6i.12xlarge_use1-az5': 5, 'c6i.12xlarge_use1-az6': 5, 'c6i.16xlarge_use1-az1': 5, 'c6i.16xlarge_use1-az2': 15, 'c6i.16xlarge_use1-az4': 25, 'c6i.16xlarge_use1-az5': 10, 'c6i.16xlarge_use1-az6': 30, 'c6i.24xlarge_use1-az1': 5, 'c6i.24xlarge_use1-az2': 5, 'c6i.24xlarge_use1-az4': 10, 'c6i.24xlarge_use1-az5': 1, 'c6i.24xlarge_use1-az6': 15, 'c6i.2xlarge_use1-az1': 20, 'c6i.2xlarge_use1-az2': 50, 'c6i.2xlarge_use1-az4': 50, 'c6i.2xlarge_use1-az6': 50, 'c6i.32xlarge_use1-az1': 10, 'c6i.32xlarge_use1-az2': 5, 'c6i.32xlarge_use1-az4': 50, 'c6i.32xlarge_use1-az5': 1, 'c6i.32xlarge_use1-az6': 40, 'c6i.4xlarge_use1-az1': 10, 'c6i.4xlarge_use1-az2': 40, 'c6i.4xlarge_use1-az4': 50, 'c6i.4xlarge_use1-az5': 15, 'c6i.4xlarge_use1-az6': 50, 'c6i.8xlarge_use1-az1': 10, 'c6i.8xlarge_use1-az2': 45, 'c6i.8xlarge_use1-az4': 50, 'c6i.8xlarge_use1-az5': 10, 'c6i.8xlarge_use1-az6': 50, 'c6i.large_use1-az1': 10, 'c6i.large_use1-az2': 40, 'c6i.large_use1-az4': 30, 'c6i.large_use1-az5': 10, 'c6i.large_use1-az6': 50, 'c6i.xlarge_use1-az1': 50, 'c6i.xlarge_use1-az2': 45, 'c6i.xlarge_use1-az4': 35, 'c6i.xlarge_use1-az5': 10, 'c6i.xlarge_use1-az6': 50, 'c6id.12xlarge_use1-az1': 1, 'c6id.12xlarge_use1-az2': 1, 'c6id.12xlarge_use1-az4': 5, 'c6id.12xlarge_use1-az6': 5, 'c6id.16xlarge_use1-az1': 1, 'c6id.16xlarge_use1-az2': 5, 'c6id.16xlarge_use1-az4': 5, 'c6id.16xlarge_use1-az5': 1, 'c6id.16xlarge_use1-az6': 1, 'c6id.24xlarge_use1-az1': 5, 'c6id.24xlarge_use1-az2': 15, 'c6id.24xlarge_use1-az4': 5, 'c6id.24xlarge_use1-az5': 1, 'c6id.24xlarge_use1-az6': 10, 'c6id.2xlarge_use1-az1': 1, 'c6id.2xlarge_use1-az2': 1, 'c6id.2xlarge_use1-az4': 5, 'c6id.2xlarge_use1-az6': 1, 'c6id.32xlarge_use1-az1': 1, 'c6id.32xlarge_use1-az2': 5, 'c6id.32xlarge_use1-az4': 10, 'c6id.32xlarge_use1-az5': 1, 'c6id.32xlarge_use1-az6': 5, 'c6id.4xlarge_use1-az2': 10, 'c6id.4xlarge_use1-az4': 10, 'c6id.4xlarge_use1-az6': 5, 'c6id.8xlarge_use1-az1': 5, 'c6id.8xlarge_use1-az2': 1, 'c6id.8xlarge_use1-az4': 5, 'c6id.8xlarge_use1-az5': 1, 'c6id.8xlarge_use1-az6': 1, 'c6id.large_use1-az2': 5, 'c6id.large_use1-az5': 5, 'c6id.large_use1-az6': 5, 'c6id.xlarge_use1-az1': 5, 'c6id.xlarge_use1-az2': 1, 'c6id.xlarge_use1-az4': 5, 'c6id.xlarge_use1-az5': 1, 'c6id.xlarge_use1-az6': 1, 'c6in.12xlarge_use1-az1': 1, 'c6in.24xlarge_use1-az6': 1, 'c6in.32xlarge_use1-az1': 1, 'c6in.32xlarge_use1-az6': 1, 'c6in.4xlarge_use1-az2': 5, 'c6in.4xlarge_use1-az4': 5, 'c6in.4xlarge_use1-az6': 25, 'c6in.large_use1-az1': 5, 'c6in.large_use1-az2': 1, 'c6in.large_use1-az4': 1, 'c6in.large_use1-az5': 1, 'c6in.large_use1-az6': 5, 'c6in.xlarge_use1-az1': 20, 'c6in.xlarge_use1-az2': 1, 'c6in.xlarge_use1-az6': 10, 'c7a.12xlarge_use1-az1': 5, 'c7a.12xlarge_use1-az2': 5, 'c7a.12xlarge_use1-az4': 1, 'c7a.12xlarge_use1-az6': 15, 'c7a.16xlarge_use1-az1': 1, 'c7a.16xlarge_use1-az2': 1, 'c7a.16xlarge_use1-az6': 5, 'c7a.24xlarge_use1-az1': 1, 'c7a.24xlarge_use1-az2': 1, 'c7a.24xlarge_use1-az5': 1, 'c7a.24xlarge_use1-az6': 5, 'c7a.2xlarge_use1-az1': 1, 'c7a.2xlarge_use1-az2': 1, 'c7a.2xlarge_use1-az5': 1, 'c7a.2xlarge_use1-az6': 10, 'c7a.32xlarge_use1-az1': 1, 'c7a.32xlarge_use1-az2': 1, 'c7a.32xlarge_use1-az6': 15, 'c7a.48xlarge_use1-az1': 1, 'c7a.48xlarge_use1-az2': 1, 'c7a.48xlarge_use1-az5': 1, 'c7a.48xlarge_use1-az6': 20, 'c7a.4xlarge_use1-az1': 5, 'c7a.4xlarge_use1-az2': 10, 'c7a.4xlarge_use1-az4': 5, 'c7a.4xlarge_use1-az5': 1, 'c7a.4xlarge_use1-az6': 50, 'c7a.8xlarge_use1-az1': 1, 'c7a.8xlarge_use1-az2': 1, 'c7a.8xlarge_use1-az4': 1, 'c7a.8xlarge_use1-az6': 10, 'c7a.large_use1-az1': 15, 'c7a.large_use1-az2': 25, 'c7a.large_use1-az4': 30, 'c7a.large_use1-az5': 10, 'c7a.large_use1-az6': 50, 'c7a.xlarge_use1-az1': 5, 'c7a.xlarge_use1-az2': 5, 'c7a.xlarge_use1-az4': 10, 'c7a.xlarge_use1-az5': 5, 'c7a.xlarge_use1-az6': 15, 'c7g.12xlarge_use1-az1': 15, 'c7g.12xlarge_use1-az2': 50, 'c7g.12xlarge_use1-az4': 15, 'c7g.12xlarge_use1-az5': 1, 'c7g.12xlarge_use1-az6': 50, 'c7g.16xlarge_use1-az1': 25, 'c7g.16xlarge_use1-az2': 40, 'c7g.16xlarge_use1-az4': 50, 'c7g.16xlarge_use1-az5': 10, 'c7g.16xlarge_use1-az6': 50, 'c7g.2xlarge_use1-az1': 50, 'c7g.2xlarge_use1-az2': 50, 'c7g.2xlarge_use1-az4': 50, 'c7g.2xlarge_use1-az5': 50, 'c7g.2xlarge_use1-az6': 50, 'c7g.4xlarge_use1-az1': 50, 'c7g.4xlarge_use1-az2': 50, 'c7g.4xlarge_use1-az4': 50, 'c7g.4xlarge_use1-az5': 50, 'c7g.4xlarge_use1-az6': 50, 'c7g.8xlarge_use1-az1': 50, 'c7g.8xlarge_use1-az2': 50, 'c7g.8xlarge_use1-az4': 50, 'c7g.8xlarge_use1-az5': 50, 'c7g.8xlarge_use1-az6': 50, 'c7g.large_use1-az2': 45, 'c7g.large_use1-az4': 30, 'c7g.large_use1-az5': 10, 'c7g.large_use1-az6': 30, 'c7g.xlarge_use1-az1': 50, 'c7g.xlarge_use1-az2': 50, 'c7g.xlarge_use1-az4': 50, 'c7g.xlarge_use1-az5': 50, 'c7g.xlarge_use1-az6': 50, 'c7gd.12xlarge_use1-az1': 5, 'c7gd.12xlarge_use1-az2': 30, 'c7gd.12xlarge_use1-az4': 15, 'c7gd.12xlarge_use1-az5': 15, 'c7gd.12xlarge_use1-az6': 50, 'c7gd.16xlarge_use1-az1': 5, 'c7gd.16xlarge_use1-az2': 30, 'c7gd.16xlarge_use1-az4': 40, 'c7gd.16xlarge_use1-az5': 1, 'c7gd.16xlarge_use1-az6': 50, 'c7gd.2xlarge_use1-az1': 15, 'c7gd.2xlarge_use1-az2': 50, 'c7gd.2xlarge_use1-az4': 50, 'c7gd.2xlarge_use1-az5': 5, 'c7gd.2xlarge_use1-az6': 50, 'c7gd.4xlarge_use1-az1': 30, 'c7gd.4xlarge_use1-az2': 25, 'c7gd.4xlarge_use1-az4': 50, 'c7gd.4xlarge_use1-az5': 1, 'c7gd.4xlarge_use1-az6': 50, 'c7gd.8xlarge_use1-az1': 5, 'c7gd.8xlarge_use1-az2': 15, 'c7gd.8xlarge_use1-az4': 10, 'c7gd.8xlarge_use1-az5': 5, 'c7gd.8xlarge_use1-az6': 20, 'c7gd.large_use1-az2': 25, 'c7gd.large_use1-az4': 5, 'c7gd.large_use1-az5': 10, 'c7gd.large_use1-az6': 20, 'c7gd.xlarge_use1-az1': 15, 'c7gd.xlarge_use1-az2': 50, 'c7gd.xlarge_use1-az4': 5, 'c7gd.xlarge_use1-az5': 15, 'c7gd.xlarge_use1-az6': 25, 'c7gn.12xlarge_use1-az5': 1, 'c7gn.16xlarge_use1-az5': 5, 'c7gn.16xlarge_use1-az6': 20, 'c7gn.2xlarge_use1-az5': 1, 'c7gn.4xlarge_use1-az2': 50, 'c7gn.4xlarge_use1-az5': 1, 'c7gn.4xlarge_use1-az6': 50, 'c7gn.8xlarge_use1-az5': 1, 'c7gn.8xlarge_use1-az6': 5, 'c7gn.xlarge_use1-az5': 5, 'c7gn.xlarge_use1-az6': 5, 'c7i-flex.2xlarge_use1-az5': 15, 'c7i-flex.2xlarge_use1-az6': 50, 'c7i-flex.4xlarge_use1-az1': 1, 'c7i-flex.4xlarge_use1-az2': 1, 'c7i-flex.4xlarge_use1-az4': 1, 'c7i-flex.4xlarge_use1-az6': 5, 'c7i-flex.8xlarge_use1-az1': 1, 'c7i-flex.8xlarge_use1-az2': 1, 'c7i-flex.8xlarge_use1-az4': 1, 'c7i-flex.8xlarge_use1-az6': 5, 'c7i-flex.large_use1-az1': 40, 'c7i-flex.large_use1-az2': 50, 'c7i-flex.large_use1-az4': 10, 'c7i-flex.large_use1-az5': 1, 'c7i-flex.large_use1-az6': 50, 'c7i-flex.xlarge_use1-az2': 50, 'c7i-flex.xlarge_use1-az4': 50, 'c7i-flex.xlarge_use1-az5': 5, 'c7i-flex.xlarge_use1-az6': 50, 'c7i.12xlarge_use1-az1': 5, 'c7i.12xlarge_use1-az2': 15, 'c7i.12xlarge_use1-az4': 15, 'c7i.12xlarge_use1-az6': 5, 'c7i.16xlarge_use1-az1': 1, 'c7i.16xlarge_use1-az2': 5, 'c7i.16xlarge_use1-az4': 1, 'c7i.16xlarge_use1-az6': 15, 'c7i.24xlarge_use1-az1': 5, 'c7i.24xlarge_use1-az2': 5, 'c7i.24xlarge_use1-az4': 5, 'c7i.24xlarge_use1-az6': 15, 'c7i.2xlarge_use1-az1': 10, 'c7i.2xlarge_use1-az2': 10, 'c7i.2xlarge_use1-az4': 10, 'c7i.2xlarge_use1-az5': 5, 'c7i.2xlarge_use1-az6': 25, 'c7i.48xlarge_use1-az1': 10, 'c7i.48xlarge_use1-az2': 10, 'c7i.48xlarge_use1-az4': 5, 'c7i.48xlarge_use1-az5': 1, 'c7i.48xlarge_use1-az6': 50, 'c7i.4xlarge_use1-az1': 5, 'c7i.4xlarge_use1-az2': 5, 'c7i.4xlarge_use1-az4': 5, 'c7i.4xlarge_use1-az5': 1, 'c7i.4xlarge_use1-az6': 15, 'c7i.8xlarge_use1-az1': 1, 'c7i.8xlarge_use1-az2': 5, 'c7i.8xlarge_use1-az4': 5, 'c7i.8xlarge_use1-az6': 10, 'c7i.large_use1-az1': 45, 'c7i.large_use1-az2': 50, 'c7i.large_use1-az4': 50, 'c7i.large_use1-az5': 5, 'c7i.large_use1-az6': 50, 'c7i.xlarge_use1-az1': 5, 'c7i.xlarge_use1-az2': 10, 'c7i.xlarge_use1-az4': 5, 'c7i.xlarge_use1-az5': 1, 'c7i.xlarge_use1-az6': 5, 'c8g.12xlarge_use1-az1': 1, 'c8g.12xlarge_use1-az2': 5, 'c8g.12xlarge_use1-az4': 1, 'c8g.12xlarge_use1-az6': 25, 'c8g.16xlarge_use1-az1': 10, 'c8g.16xlarge_use1-az2': 5, 'c8g.16xlarge_use1-az4': 1, 'c8g.16xlarge_use1-az6': 50, 'c8g.24xlarge_use1-az1': 5, 'c8g.24xlarge_use1-az2': 10, 'c8g.24xlarge_use1-az4': 1, 'c8g.24xlarge_use1-az6': 25, 'c8g.2xlarge_use1-az1': 5, 'c8g.2xlarge_use1-az2': 5, 'c8g.2xlarge_use1-az4': 50, 'c8g.2xlarge_use1-az5': 1, 'c8g.2xlarge_use1-az6': 50, 'c8g.48xlarge_use1-az1': 1, 'c8g.48xlarge_use1-az2': 5, 'c8g.48xlarge_use1-az6': 50, 'c8g.4xlarge_use1-az1': 35, 'c8g.4xlarge_use1-az2': 15, 'c8g.4xlarge_use1-az4': 20, 'c8g.4xlarge_use1-az5': 10, 'c8g.4xlarge_use1-az6': 50, 'c8g.8xlarge_use1-az1': 1, 'c8g.8xlarge_use1-az2': 5, 'c8g.8xlarge_use1-az4': 5, 'c8g.8xlarge_use1-az6': 50, 'c8g.large_use1-az1': 5, 'c8g.large_use1-az2': 20, 'c8g.large_use1-az4': 5, 'c8g.large_use1-az5': 1, 'c8g.large_use1-az6': 40, 'c8g.metal-24xl_use1-az2': 1, 'c8g.metal-24xl_use1-az6': 20, 'c8g.metal-48xl_use1-az1': 1, 'c8g.metal-48xl_use1-az2': 1, 'c8g.metal-48xl_use1-az6': 50, 'c8g.xlarge_use1-az1': 5, 'c8g.xlarge_use1-az2': 30, 'c8g.xlarge_use1-az4': 5, 'c8g.xlarge_use1-az5': 1, 'c8g.xlarge_use1-az6': 50, 'c8gd.12xlarge_use1-az2': 5, 'c8gd.12xlarge_use1-az4': 5, 'c8gd.12xlarge_use1-az5': 1, 'c8gd.12xlarge_use1-az6': 5, 'c8gd.16xlarge_use1-az2': 10, 'c8gd.16xlarge_use1-az4': 10, 'c8gd.16xlarge_use1-az5': 5, 'c8gd.16xlarge_use1-az6': 50, 'c8gd.24xlarge_use1-az2': 1, 'c8gd.24xlarge_use1-az4': 5, 'c8gd.24xlarge_use1-az5': 1, 'c8gd.24xlarge_use1-az6': 5, 'c8gd.2xlarge_use1-az2': 50, 'c8gd.2xlarge_use1-az4': 50, 'c8gd.2xlarge_use1-az5': 10, 'c8gd.2xlarge_use1-az6': 50, 'c8gd.48xlarge_use1-az2': 1, 'c8gd.48xlarge_use1-az6': 15, 'c8gd.4xlarge_use1-az2': 10, 'c8gd.4xlarge_use1-az4': 30, 'c8gd.4xlarge_use1-az5': 1, 'c8gd.4xlarge_use1-az6': 50, 'c8gd.8xlarge_use1-az2': 1, 'c8gd.8xlarge_use1-az4': 1, 'c8gd.8xlarge_use1-az5': 1, 'c8gd.large_use1-az1': 1, 'c8gd.large_use1-az2': 40, 'c8gd.large_use1-az4': 35, 'c8gd.large_use1-az6': 50, 'c8gd.metal-24xl_use1-az2': 1, 'c8gd.metal-24xl_use1-az4': 1, 'c8gd.metal-24xl_use1-az5': 1, 'c8gd.metal-24xl_use1-az6': 5, 'c8gd.metal-48xl_use1-az2': 1, 'c8gd.metal-48xl_use1-az6': 1, 'c8gd.xlarge_use1-az1': 1, 'c8gd.xlarge_use1-az2': 20, 'c8gd.xlarge_use1-az4': 20, 'c8gd.xlarge_use1-az5': 15, 'c8gd.xlarge_use1-az6': 50, 'c8gn.2xlarge_use1-az2': 1, 'c8gn.2xlarge_use1-az6': 1, 'c8gn.4xlarge_use1-az2': 1, 'c8gn.4xlarge_use1-az5': 1, 'c8gn.8xlarge_use1-az2': 1, 'c8gn.8xlarge_use1-az6': 1, 'c8gn.large_use1-az6': 1, 'c8i-flex.12xlarge_use1-az6': 1, 'c8i-flex.16xlarge_use1-az6': 1, 'c8i-flex.2xlarge_use1-az2': 25, 'c8i-flex.2xlarge_use1-az4': 15, 'c8i-flex.2xlarge_use1-az6': 50, 'c8i-flex.4xlarge_use1-az2': 5, 'c8i-flex.4xlarge_use1-az4': 1, 'c8i-flex.4xlarge_use1-az6': 5, 'c8i-flex.8xlarge_use1-az6': 1, 'c8i-flex.large_use1-az4': 20, 'c8i-flex.xlarge_use1-az2': 40, 'c8i-flex.xlarge_use1-az4': 5, 'c8i-flex.xlarge_use1-az6': 50, 'c8i.12xlarge_use1-az2': 1, 'c8i.12xlarge_use1-az4': 1, 'c8i.12xlarge_use1-az6': 1, 'c8i.16xlarge_use1-az6': 1, 'c8i.24xlarge_use1-az6': 1, 'c8i.2xlarge_use1-az2': 10, 'c8i.2xlarge_use1-az4': 5, 'c8i.2xlarge_use1-az6': 20, 'c8i.32xlarge_use1-az2': 1, 'c8i.32xlarge_use1-az4': 1, 'c8i.32xlarge_use1-az6': 5, 'c8i.48xlarge_use1-az2': 1, 'c8i.48xlarge_use1-az6': 1, 'c8i.4xlarge_use1-az2': 5, 'c8i.4xlarge_use1-az4': 5, 'c8i.4xlarge_use1-az6': 5, 'c8i.8xlarge_use1-az2': 1, 'c8i.8xlarge_use1-az4': 1, 'c8i.8xlarge_use1-az6': 5, 'c8i.96xlarge_use1-az2': 1, 'c8i.96xlarge_use1-az6': 5, 'c8i.metal-48xl_use1-az2': 1, 'c8i.metal-96xl_use1-az2': 1, 'c8i.metal-96xl_use1-az6': 5, 'c8i.xlarge_use1-az2': 50, 'c8i.xlarge_use1-az4': 15, 'c8i.xlarge_use1-az6': 50, 'd3.xlarge_use1-az2': 50, 'd3.xlarge_use1-az6': 25, 'd3en.12xlarge_use1-az4': 20, 'd3en.12xlarge_use1-az6': 50, 'd3en.xlarge_use1-az2': 50, 'd3en.xlarge_use1-az6': 50, 'f2.12xlarge_use1-az2': 1, 'f2.12xlarge_use1-az4': 1, 'f2.12xlarge_use1-az6': 1, 'f2.48xlarge_use1-az2': 5, 'f2.48xlarge_use1-az4': 5, 'f2.48xlarge_use1-az6': 1, 'g4ad.16xlarge_use1-az1': 5, 'g4ad.16xlarge_use1-az2': 5, 'g4ad.16xlarge_use1-az4': 5, 'g4ad.16xlarge_use1-az6': 10, 'g4ad.2xlarge_use1-az1': 5, 'g4ad.2xlarge_use1-az2': 10, 'g4ad.2xlarge_use1-az4': 10, 'g4ad.2xlarge_use1-az6': 10, 'g4ad.4xlarge_use1-az1': 10, 'g4ad.4xlarge_use1-az2': 15, 'g4ad.4xlarge_use1-az4': 15, 'g4ad.4xlarge_use1-az6': 5, 'g4ad.8xlarge_use1-az1': 1, 'g4ad.8xlarge_use1-az2': 5, 'g4ad.8xlarge_use1-az4': 5, 'g4ad.8xlarge_use1-az6': 5, 'g4ad.xlarge_use1-az1': 20, 'g4ad.xlarge_use1-az2': 20, 'g4ad.xlarge_use1-az4': 25, 'g4ad.xlarge_use1-az6': 20, 'g4dn.12xlarge_use1-az1': 5, 'g4dn.12xlarge_use1-az2': 15, 'g4dn.12xlarge_use1-az4': 15, 'g4dn.12xlarge_use1-az5': 15, 'g4dn.12xlarge_use1-az6': 50, 'g4dn.16xlarge_use1-az1': 1, 'g4dn.16xlarge_use1-az2': 10, 'g4dn.16xlarge_use1-az4': 1, 'g4dn.16xlarge_use1-az5': 5, 'g4dn.16xlarge_use1-az6': 15, 'g4dn.2xlarge_use1-az1': 45, 'g4dn.2xlarge_use1-az2': 50, 'g4dn.2xlarge_use1-az4': 50, 'g4dn.2xlarge_use1-az5': 50, 'g4dn.2xlarge_use1-az6': 50, 'g4dn.4xlarge_use1-az1': 5, 'g4dn.4xlarge_use1-az2': 40, 'g4dn.4xlarge_use1-az4': 25, 'g4dn.4xlarge_use1-az5': 40, 'g4dn.4xlarge_use1-az6': 40, 'g4dn.8xlarge_use1-az1': 1, 'g4dn.8xlarge_use1-az2': 1, 'g4dn.8xlarge_use1-az4': 10, 'g4dn.8xlarge_use1-az5': 1, 'g4dn.8xlarge_use1-az6': 5, 'g5.12xlarge_use1-az2': 1, 'g5.16xlarge_use1-az1': 1, 'g5.16xlarge_use1-az2': 1, 'g5.16xlarge_use1-az4': 5, 'g5.16xlarge_use1-az5': 5, 'g5.16xlarge_use1-az6': 10, 'g5.24xlarge_use1-az1': 1, 'g5.24xlarge_use1-az2': 1, 'g5.24xlarge_use1-az4': 1, 'g5.24xlarge_use1-az5': 1, 'g5.24xlarge_use1-az6': 5, 'g5.48xlarge_use1-az2': 1, 'g5.48xlarge_use1-az5': 5, 'g5.48xlarge_use1-az6': 25, 'g5.4xlarge_use1-az1': 1, 'g5.4xlarge_use1-az4': 50, 'g5.4xlarge_use1-az5': 40, 'g5.4xlarge_use1-az6': 50, 'g5.8xlarge_use1-az1': 1, 'g5.8xlarge_use1-az2': 5, 'g5.8xlarge_use1-az4': 10, 'g5.8xlarge_use1-az5': 20, 'g5.8xlarge_use1-az6': 10, 'g5g.16xlarge_use1-az1': 1, 'g5g.16xlarge_use1-az6': 5, 'g5g.8xlarge_use1-az1': 1, 'g5g.8xlarge_use1-az4': 1, 'g5g.8xlarge_use1-az6': 1, 'g6.12xlarge_use1-az1': 5, 'g6.12xlarge_use1-az2': 1, 'g6.12xlarge_use1-az4': 30, 'g6.12xlarge_use1-az6': 50, 'g6.16xlarge_use1-az1': 1, 'g6.16xlarge_use1-az2': 1, 'g6.16xlarge_use1-az4': 1, 'g6.16xlarge_use1-az6': 5, 'g6.24xlarge_use1-az2': 1, 'g6.24xlarge_use1-az4': 1, 'g6.24xlarge_use1-az6': 1, 'g6.48xlarge_use1-az2': 5, 'g6.48xlarge_use1-az4': 30, 'g6.48xlarge_use1-az6': 50, 'g6.4xlarge_use1-az1': 5, 'g6.4xlarge_use1-az2': 10, 'g6.4xlarge_use1-az4': 35, 'g6.4xlarge_use1-az6': 50, 'g6.8xlarge_use1-az1': 5, 'g6.8xlarge_use1-az2': 5, 'g6.8xlarge_use1-az4': 10, 'g6.8xlarge_use1-az6': 15, 'g6e.16xlarge_use1-az1': 10, 'g6e.16xlarge_use1-az2': 15, 'g6e.16xlarge_use1-az4': 40, 'g6e.16xlarge_use1-az6': 20, 'g6e.48xlarge_use1-az4': 5, 'g6e.4xlarge_use1-az4': 5, 'g6e.8xlarge_use1-az1': 1, 'g6e.8xlarge_use1-az2': 1, 'g6e.8xlarge_use1-az4': 1, 'g6e.8xlarge_use1-az6': 1, 'g6f.2xlarge_use1-az1': 1, 'g6f.2xlarge_use1-az4': 1, 'g6f.2xlarge_use1-az6': 5, 'g6f.4xlarge_use1-az1': 1, 'g6f.4xlarge_use1-az4': 1, 'g6f.4xlarge_use1-az6': 1, 'g6f.large_use1-az1': 10, 'g6f.large_use1-az2': 15, 'g6f.large_use1-az4': 40, 'g6f.large_use1-az6': 20, 'g6f.xlarge_use1-az1': 1, 'g6f.xlarge_use1-az2': 1, 'g6f.xlarge_use1-az4': 5, 'g6f.xlarge_use1-az6': 10, 'gr6.4xlarge_use1-az2': 1, 'gr6.4xlarge_use1-az4': 1, 'gr6.4xlarge_use1-az6': 1, 'gr6.8xlarge_use1-az1': 1, 'gr6.8xlarge_use1-az2': 1, 'gr6.8xlarge_use1-az4': 1, 'gr6.8xlarge_use1-az6': 1, 'i2.xlarge_use1-az1': 1, 'i2.xlarge_use1-az2': 15, 'i2.xlarge_use1-az3': 1, 'i2.xlarge_use1-az6': 15, 'i3.16xlarge_use1-az1': 20, 'i3.16xlarge_use1-az2': 50, 'i3.16xlarge_use1-az3': 10, 'i3.16xlarge_use1-az4': 50, 'i3.16xlarge_use1-az5': 10, 'i3.16xlarge_use1-az6': 45, 'i3.2xlarge_use1-az2': 50, 'i3.2xlarge_use1-az3': 50, 'i3.2xlarge_use1-az4': 50, 'i3.2xlarge_use1-az6': 50, 'i3.4xlarge_use1-az2': 50, 'i3.4xlarge_use1-az3': 50, 'i3.4xlarge_use1-az5': 50, 'i3.8xlarge_use1-az2': 50, 'i3.8xlarge_use1-az3': 50, 'i3.8xlarge_use1-az4': 50, 'i3.8xlarge_use1-az5': 25, 'i3.8xlarge_use1-az6': 50, 'i3.large_use1-az1': 50, 'i3.large_use1-az2': 50, 'i3.large_use1-az3': 50, 'i3.large_use1-az4': 50, 'i3.large_use1-az5': 50, 'i3.large_use1-az6': 50, 'i3.xlarge_use1-az1': 50, 'i3.xlarge_use1-az2': 50, 'i3.xlarge_use1-az3': 50, 'i3.xlarge_use1-az4': 50, 'i3.xlarge_use1-az5': 50, 'i3.xlarge_use1-az6': 50, 'i3en.24xlarge_use1-az6': 20, 'i3en.3xlarge_use1-az5': 50, 'i3en.3xlarge_use1-az6': 50, 'i3en.large_use1-az1': 50, 'i3en.large_use1-az2': 50, 'i3en.large_use1-az5': 35, 'i3en.large_use1-az6': 50, 'i3en.xlarge_use1-az1': 50, 'i3en.xlarge_use1-az2': 50, 'i3en.xlarge_use1-az4': 50, 'i3en.xlarge_use1-az6': 50, 'i4g.16xlarge_use1-az2': 1, 'i4g.16xlarge_use1-az4': 1, 'i4g.16xlarge_use1-az5': 50, 'i4g.16xlarge_use1-az6': 50, 'i4g.2xlarge_use1-az2': 10, 'i4g.2xlarge_use1-az4': 15, 'i4g.2xlarge_use1-az5': 40, 'i4g.2xlarge_use1-az6': 50, 'i4g.4xlarge_use1-az2': 25, 'i4g.4xlarge_use1-az4': 30, 'i4g.large_use1-az1': 5, 'i4g.large_use1-az2': 5, 'i4g.large_use1-az4': 5, 'i4g.large_use1-az5': 25, 'i4g.large_use1-az6': 50, 'i4g.xlarge_use1-az2': 10, 'i4g.xlarge_use1-az4': 1, 'i4g.xlarge_use1-az5': 50, 'i4g.xlarge_use1-az6': 50, 'i4i.12xlarge_use1-az2': 5, 'i4i.16xlarge_use1-az6': 1, 'i4i.24xlarge_use1-az2': 1, 'i4i.2xlarge_use1-az1': 15, 'i4i.2xlarge_use1-az2': 50, 'i4i.2xlarge_use1-az4': 50, 'i4i.2xlarge_use1-az5': 1, 'i4i.2xlarge_use1-az6': 50, 'i4i.4xlarge_use1-az6': 15, 'i4i.8xlarge_use1-az1': 1, 'i4i.8xlarge_use1-az2': 40, 'i4i.large_use1-az1': 50, 'i4i.large_use1-az2': 50, 'i4i.large_use1-az4': 50, 'i4i.large_use1-az5': 50, 'i4i.large_use1-az6': 50, 'i4i.xlarge_use1-az1': 50, 'i4i.xlarge_use1-az2': 50, 'i4i.xlarge_use1-az4': 50, 'i4i.xlarge_use1-az5': 50, 'i4i.xlarge_use1-az6': 50, 'i7i.12xlarge_use1-az1': 1, 'i7i.12xlarge_use1-az2': 1, 'i7i.12xlarge_use1-az4': 1, 'i7i.12xlarge_use1-az5': 1, 'i7i.12xlarge_use1-az6': 1, 'i7i.16xlarge_use1-az2': 1, 'i7i.16xlarge_use1-az4': 5, 'i7i.16xlarge_use1-az5': 1, 'i7i.16xlarge_use1-az6': 1, 'i7i.24xlarge_use1-az2': 1, 'i7i.24xlarge_use1-az4': 1, 'i7i.24xlarge_use1-az5': 1, 'i7i.24xlarge_use1-az6': 1, 'i7i.2xlarge_use1-az1': 1, 'i7i.2xlarge_use1-az2': 50, 'i7i.2xlarge_use1-az4': 45, 'i7i.2xlarge_use1-az5': 20, 'i7i.2xlarge_use1-az6': 10, 'i7i.48xlarge_use1-az2': 1, 'i7i.4xlarge_use1-az1': 1, 'i7i.4xlarge_use1-az2': 15, 'i7i.4xlarge_use1-az4': 20, 'i7i.4xlarge_use1-az5': 5, 'i7i.4xlarge_use1-az6': 20, 'i7i.8xlarge_use1-az1': 1, 'i7i.8xlarge_use1-az2': 1, 'i7i.8xlarge_use1-az4': 5, 'i7i.8xlarge_use1-az5': 1, 'i7i.8xlarge_use1-az6': 1, 'i7i.metal-24xl_use1-az2': 1, 'i7i.metal-24xl_use1-az4': 50, 'i7i.metal-24xl_use1-az6': 35, 'i7i.xlarge_use1-az1': 1, 'i7i.xlarge_use1-az6': 20, 'i7ie.12xlarge_use1-az1': 1, 'i7ie.12xlarge_use1-az4': 1, 'i7ie.12xlarge_use1-az6': 30, 'i7ie.18xlarge_use1-az6': 20, 'i7ie.24xlarge_use1-az1': 1, 'i7ie.24xlarge_use1-az4': 1, 'i7ie.24xlarge_use1-az6': 50, 'i7ie.2xlarge_use1-az1': 5, 'i7ie.2xlarge_use1-az2': 1, 'i7ie.2xlarge_use1-az4': 15, 'i7ie.2xlarge_use1-az6': 35, 'i7ie.3xlarge_use1-az1': 5, 'i7ie.3xlarge_use1-az2': 1, 'i7ie.3xlarge_use1-az6': 30, 'i7ie.48xlarge_use1-az6': 50, 'i7ie.6xlarge_use1-az6': 50, 'i7ie.large_use1-az1': 45, 'i7ie.large_use1-az4': 50, 'i7ie.large_use1-az6': 50, 'i7ie.metal-24xl_use1-az4': 1, 'i7ie.metal-24xl_use1-az6': 15, 'i7ie.metal-48xl_use1-az6': 10, 'i7ie.xlarge_use1-az1': 10, 'i7ie.xlarge_use1-az4': 45, 'i7ie.xlarge_use1-az6': 50, 'i8g.12xlarge_use1-az6': 1, 'i8g.24xlarge_use1-az6': 10, 'i8g.2xlarge_use1-az2': 1, 'i8g.4xlarge_use1-az2': 1, 'i8g.8xlarge_use1-az6': 5, 'i8g.large_use1-az2': 10, 'i8g.large_use1-az6': 5, 'i8g.xlarge_use1-az2': 1, 'i8g.xlarge_use1-az4': 1, 'i8g.xlarge_use1-az6': 1, 'i8ge.12xlarge_use1-az4': 1, 'i8ge.12xlarge_use1-az6': 5, 'i8ge.18xlarge_use1-az2': 1, 'i8ge.18xlarge_use1-az4': 1, 'i8ge.18xlarge_use1-az6': 5, 'i8ge.24xlarge_use1-az4': 1, 'i8ge.24xlarge_use1-az6': 5, 'i8ge.2xlarge_use1-az4': 10, 'i8ge.3xlarge_use1-az2': 1, 'i8ge.3xlarge_use1-az4': 5, 'i8ge.48xlarge_use1-az4': 5, 'i8ge.6xlarge_use1-az2': 1, 'i8ge.6xlarge_use1-az4': 1, 'i8ge.large_use1-az2': 5, 'i8ge.large_use1-az4': 50, 'i8ge.metal-24xl_use1-az4': 1, 'i8ge.metal-48xl_use1-az6': 1, 'i8ge.xlarge_use1-az4': 20, 'im4gn.16xlarge_use1-az4': 45, 'im4gn.2xlarge_use1-az1': 10, 'im4gn.2xlarge_use1-az4': 20, 'im4gn.2xlarge_use1-az6': 15, 'im4gn.4xlarge_use1-az1': 5, 'im4gn.4xlarge_use1-az4': 15, 'im4gn.8xlarge_use1-az1': 1, 'im4gn.8xlarge_use1-az4': 5, 'im4gn.large_use1-az2': 10, 'im4gn.large_use1-az4': 50, 'im4gn.large_use1-az6': 10, 'im4gn.xlarge_use1-az1': 25, 'im4gn.xlarge_use1-az4': 30, 'im4gn.xlarge_use1-az6': 40, 'inf1.24xlarge_use1-az1': 1, 'inf1.24xlarge_use1-az2': 1, 'inf1.24xlarge_use1-az4': 10, 'inf1.24xlarge_use1-az5': 5, 'inf1.24xlarge_use1-az6': 20, 'inf1.2xlarge_use1-az1': 15, 'inf1.2xlarge_use1-az2': 15, 'inf1.2xlarge_use1-az4': 30, 'inf1.2xlarge_use1-az5': 40, 'inf1.2xlarge_use1-az6': 40, 'inf1.6xlarge_use1-az1': 1, 'inf1.6xlarge_use1-az2': 1, 'inf1.6xlarge_use1-az4': 5, 'inf1.6xlarge_use1-az5': 5, 'inf1.6xlarge_use1-az6': 10, 'inf1.xlarge_use1-az1': 50, 'inf1.xlarge_use1-az2': 50, 'inf1.xlarge_use1-az4': 40, 'inf1.xlarge_use1-az5': 50, 'inf1.xlarge_use1-az6': 50, 'inf2.24xlarge_use1-az4': 1, 'inf2.24xlarge_use1-az6': 10, 'inf2.48xlarge_use1-az6': 15, 'inf2.8xlarge_use1-az2': 5, 'inf2.8xlarge_use1-az4': 5, 'inf2.8xlarge_use1-az5': 1, 'inf2.8xlarge_use1-az6': 1, 'inf2.xlarge_use1-az2': 5, 'inf2.xlarge_use1-az6': 50, 'is4gen.2xlarge_use1-az6': 50, 'is4gen.medium_use1-az1': 50, 'is4gen.medium_use1-az2': 25, 'is4gen.medium_use1-az4': 40, 'is4gen.medium_use1-az6': 30, 'm2.2xlarge_use1-az1': 5, 'm2.2xlarge_use1-az2': 10, 'm2.2xlarge_use1-az4': 15, 'm2.2xlarge_use1-az6': 5, 'm2.4xlarge_use1-az1': 1, 'm2.4xlarge_use1-az2': 5, 'm2.4xlarge_use1-az4': 5, 'm2.4xlarge_use1-az6': 5, 'm2.xlarge_use1-az1': 5, 'm2.xlarge_use1-az2': 20, 'm2.xlarge_use1-az4': 20, 'm2.xlarge_use1-az6': 15, 'm3.2xlarge_use1-az3': 1, 'm3.xlarge_use1-az2': 50, 'm3.xlarge_use1-az3': 1, 'm3.xlarge_use1-az4': 50, 'm3.xlarge_use1-az6': 50, 'm4.10xlarge_use1-az1': 5, 'm4.10xlarge_use1-az2': 10, 'm4.10xlarge_use1-az3': 1, 'm4.10xlarge_use1-az4': 50, 'm4.10xlarge_use1-az5': 1, 'm4.10xlarge_use1-az6': 50, 'm4.2xlarge_use1-az1': 5, 'm4.2xlarge_use1-az2': 20, 'm4.2xlarge_use1-az3': 50, 'm4.2xlarge_use1-az4': 20, 'm4.2xlarge_use1-az5': 1, 'm4.2xlarge_use1-az6': 25, 'm4.4xlarge_use1-az1': 50, 'm4.4xlarge_use1-az2': 50, 'm4.4xlarge_use1-az3': 50, 'm4.4xlarge_use1-az4': 25, 'm4.4xlarge_use1-az5': 10, 'm4.4xlarge_use1-az6': 15, 'm4.large_use1-az1': 30, 'm4.large_use1-az2': 50, 'm4.large_use1-az3': 25, 'm4.large_use1-az4': 50, 'm4.large_use1-az5': 10, 'm4.large_use1-az6': 50, 'm4.xlarge_use1-az1': 15, 'm4.xlarge_use1-az2': 50, 'm4.xlarge_use1-az3': 50, 'm4.xlarge_use1-az4': 50, 'm4.xlarge_use1-az5': 30, 'm4.xlarge_use1-az6': 50, 'm5.12xlarge_use1-az1': 5, 'm5.12xlarge_use1-az2': 25, 'm5.12xlarge_use1-az4': 50, 'm5.12xlarge_use1-az5': 1, 'm5.12xlarge_use1-az6': 40, 'm5.16xlarge_use1-az1': 10, 'm5.16xlarge_use1-az2': 50, 'm5.16xlarge_use1-az4': 50, 'm5.16xlarge_use1-az5': 1, 'm5.16xlarge_use1-az6': 50, 'm5.24xlarge_use1-az1': 5, 'm5.24xlarge_use1-az2': 5, 'm5.24xlarge_use1-az4': 5, 'm5.24xlarge_use1-az5': 1, 'm5.24xlarge_use1-az6': 35, 'm5.2xlarge_use1-az1': 50, 'm5.2xlarge_use1-az2': 50, 'm5.2xlarge_use1-az4': 50, 'm5.2xlarge_use1-az5': 50, 'm5.2xlarge_use1-az6': 50, 'm5.4xlarge_use1-az1': 50, 'm5.4xlarge_use1-az2': 50, 'm5.4xlarge_use1-az4': 50, 'm5.4xlarge_use1-az5': 10, 'm5.4xlarge_use1-az6': 50, 'm5.8xlarge_use1-az1': 50, 'm5.8xlarge_use1-az2': 40, 'm5.8xlarge_use1-az4': 50, 'm5.8xlarge_use1-az5': 1, 'm5.8xlarge_use1-az6': 50, 'm5.large_use1-az1': 50, 'm5.large_use1-az2': 50, 'm5.large_use1-az4': 50, 'm5.large_use1-az5': 50, 'm5.large_use1-az6': 50, 'm5.xlarge_use1-az1': 50, 'm5.xlarge_use1-az2': 50, 'm5.xlarge_use1-az4': 50, 'm5.xlarge_use1-az5': 50, 'm5.xlarge_use1-az6': 50, 'm5a.12xlarge_use1-az2': 1, 'm5a.12xlarge_use1-az4': 1, 'm5a.12xlarge_use1-az6': 1, 'm5a.16xlarge_use1-az2': 1, 'm5a.16xlarge_use1-az4': 1, 'm5a.16xlarge_use1-az6': 1, 'm5a.24xlarge_use1-az1': 1, 'm5a.24xlarge_use1-az2': 1, 'm5a.24xlarge_use1-az4': 1, 'm5a.24xlarge_use1-az5': 5, 'm5a.24xlarge_use1-az6': 5, 'm5a.2xlarge_use1-az1': 10, 'm5a.2xlarge_use1-az2': 25, 'm5a.2xlarge_use1-az4': 25, 'm5a.2xlarge_use1-az5': 5, 'm5a.2xlarge_use1-az6': 45, 'm5a.4xlarge_use1-az1': 5, 'm5a.4xlarge_use1-az2': 10, 'm5a.4xlarge_use1-az4': 5, 'm5a.4xlarge_use1-az5': 10, 'm5a.4xlarge_use1-az6': 15, 'm5a.8xlarge_use1-az1': 1, 'm5a.8xlarge_use1-az2': 20, 'm5a.8xlarge_use1-az4': 20, 'm5a.8xlarge_use1-az5': 1, 'm5a.8xlarge_use1-az6': 5, 'm5a.large_use1-az1': 50, 'm5a.large_use1-az2': 50, 'm5a.large_use1-az4': 50, 'm5a.large_use1-az5': 45, 'm5a.large_use1-az6': 50, 'm5a.xlarge_use1-az1': 10, 'm5a.xlarge_use1-az2': 30, 'm5a.xlarge_use1-az4': 10, 'm5a.xlarge_use1-az5': 20, 'm5a.xlarge_use1-az6': 50, 'm5ad.12xlarge_use1-az1': 1, 'm5ad.16xlarge_use1-az1': 1, 'm5ad.16xlarge_use1-az2': 1, 'm5ad.16xlarge_use1-az4': 1, 'm5ad.16xlarge_use1-az6': 1, 'm5ad.24xlarge_use1-az1': 5, 'm5ad.24xlarge_use1-az2': 1, 'm5ad.24xlarge_use1-az4': 1, 'm5ad.24xlarge_use1-az6': 5, 'm5ad.4xlarge_use1-az1': 1, 'm5ad.4xlarge_use1-az2': 1, 'm5ad.4xlarge_use1-az4': 1, 'm5ad.4xlarge_use1-az6': 1, 'm5ad.8xlarge_use1-az2': 1, 'm5ad.large_use1-az1': 10, 'm5ad.large_use1-az2': 5, 'm5ad.large_use1-az4': 10, 'm5ad.large_use1-az5': 1, 'm5ad.large_use1-az6': 10, 'm5ad.xlarge_use1-az2': 10, 'm5ad.xlarge_use1-az4': 5, 'm5ad.xlarge_use1-az6': 5, 'm5d.12xlarge_use1-az1': 1, 'm5d.12xlarge_use1-az2': 25, 'm5d.12xlarge_use1-az4': 30, 'm5d.12xlarge_use1-az6': 15, 'm5d.16xlarge_use1-az1': 5, 'm5d.16xlarge_use1-az2': 35, 'm5d.16xlarge_use1-az4': 20, 'm5d.16xlarge_use1-az5': 1, 'm5d.16xlarge_use1-az6': 50, 'm5d.24xlarge_use1-az1': 20, 'm5d.24xlarge_use1-az2': 15, 'm5d.24xlarge_use1-az4': 5, 'm5d.24xlarge_use1-az5': 1, 'm5d.24xlarge_use1-az6': 50, 'm5d.2xlarge_use1-az2': 25, 'm5d.2xlarge_use1-az4': 25, 'm5d.4xlarge_use1-az1': 5, 'm5d.4xlarge_use1-az2': 15, 'm5d.4xlarge_use1-az6': 25, 'm5d.8xlarge_use1-az1': 1, 'm5d.8xlarge_use1-az2': 25, 'm5d.8xlarge_use1-az4': 10, 'm5d.8xlarge_use1-az5': 1, 'm5d.8xlarge_use1-az6': 10, 'm5d.large_use1-az2': 50, 'm5d.large_use1-az4': 50, 'm5d.large_use1-az6': 50, 'm5d.xlarge_use1-az1': 50, 'm5d.xlarge_use1-az2': 50, 'm5d.xlarge_use1-az4': 50, 'm5d.xlarge_use1-az5': 1, 'm5d.xlarge_use1-az6': 50, 'm5dn.12xlarge_use1-az1': 1, 'm5dn.12xlarge_use1-az4': 1, 'm5dn.12xlarge_use1-az6': 1, 'm5dn.16xlarge_use1-az1': 1, 'm5dn.16xlarge_use1-az2': 5, 'm5dn.16xlarge_use1-az4': 1, 'm5dn.16xlarge_use1-az6': 1, 'm5dn.24xlarge_use1-az1': 1, 'm5dn.24xlarge_use1-az2': 1, 'm5dn.24xlarge_use1-az4': 1, 'm5dn.24xlarge_use1-az6': 5, 'm5dn.2xlarge_use1-az1': 10, 'm5dn.2xlarge_use1-az2': 5, 'm5dn.2xlarge_use1-az4': 5, 'm5dn.4xlarge_use1-az1': 5, 'm5dn.4xlarge_use1-az2': 5, 'm5dn.4xlarge_use1-az6': 5, 'm5dn.8xlarge_use1-az2': 1, 'm5dn.large_use1-az1': 35, 'm5dn.large_use1-az2': 30, 'm5dn.large_use1-az4': 40, 'm5dn.large_use1-az5': 15, 'm5dn.large_use1-az6': 50, 'm5dn.xlarge_use1-az1': 10, 'm5dn.xlarge_use1-az2': 25, 'm5dn.xlarge_use1-az4': 20, 'm5dn.xlarge_use1-az5': 1, 'm5dn.xlarge_use1-az6': 30, 'm5n.12xlarge_use1-az1': 1, 'm5n.12xlarge_use1-az2': 1, 'm5n.12xlarge_use1-az4': 1, 'm5n.12xlarge_use1-az5': 1, 'm5n.12xlarge_use1-az6': 1, 'm5n.16xlarge_use1-az2': 1, 'm5n.16xlarge_use1-az4': 1, 'm5n.16xlarge_use1-az6': 1, 'm5n.24xlarge_use1-az2': 1, 'm5n.24xlarge_use1-az4': 1, 'm5n.24xlarge_use1-az6': 1, 'm5n.2xlarge_use1-az1': 15, 'm5n.2xlarge_use1-az2': 25, 'm5n.2xlarge_use1-az4': 30, 'm5n.2xlarge_use1-az5': 5, 'm5n.2xlarge_use1-az6': 25, 'm5n.4xlarge_use1-az1': 25, 'm5n.4xlarge_use1-az2': 35, 'm5n.4xlarge_use1-az4': 50, 'm5n.4xlarge_use1-az5': 5, 'm5n.4xlarge_use1-az6': 10, 'm5n.8xlarge_use1-az1': 1, 'm5n.8xlarge_use1-az2': 1, 'm5n.8xlarge_use1-az4': 1, 'm5n.8xlarge_use1-az6': 5, 'm5n.large_use1-az1': 5, 'm5n.large_use1-az2': 15, 'm5n.large_use1-az4': 5, 'm5n.large_use1-az5': 5, 'm5n.large_use1-az6': 15, 'm5n.xlarge_use1-az1': 20, 'm5n.xlarge_use1-az2': 50, 'm5n.xlarge_use1-az4': 50, 'm5n.xlarge_use1-az5': 1, 'm5n.xlarge_use1-az6': 50, 'm5zn.12xlarge_use1-az2': 1, 'm5zn.12xlarge_use1-az4': 10, 'm5zn.12xlarge_use1-az5': 1, 'm5zn.12xlarge_use1-az6': 5, 'm5zn.2xlarge_use1-az1': 1, 'm5zn.2xlarge_use1-az2': 1, 'm5zn.2xlarge_use1-az5': 1, 'm5zn.2xlarge_use1-az6': 5, 'm5zn.3xlarge_use1-az1': 1, 'm5zn.3xlarge_use1-az2': 1, 'm5zn.3xlarge_use1-az6': 5, 'm5zn.large_use1-az1': 5, 'm5zn.large_use1-az2': 5, 'm5zn.large_use1-az4': 30, 'm5zn.large_use1-az5': 15, 'm5zn.large_use1-az6': 20, 'm5zn.xlarge_use1-az1': 1, 'm5zn.xlarge_use1-az2': 1, 'm5zn.xlarge_use1-az4': 20, 'm5zn.xlarge_use1-az5': 5, 'm5zn.xlarge_use1-az6': 5, 'm6a.12xlarge_use1-az1': 5, 'm6a.12xlarge_use1-az2': 5, 'm6a.12xlarge_use1-az4': 15, 'm6a.12xlarge_use1-az6': 10, 'm6a.16xlarge_use1-az1': 5, 'm6a.16xlarge_use1-az2': 5, 'm6a.16xlarge_use1-az4': 5, 'm6a.16xlarge_use1-az6': 5, 'm6a.24xlarge_use1-az1': 1, 'm6a.24xlarge_use1-az2': 1, 'm6a.24xlarge_use1-az4': 1, 'm6a.24xlarge_use1-az6': 1, 'm6a.2xlarge_use1-az1': 50, 'm6a.2xlarge_use1-az2': 35, 'm6a.2xlarge_use1-az4': 45, 'm6a.2xlarge_use1-az5': 15, 'm6a.2xlarge_use1-az6': 50, 'm6a.32xlarge_use1-az2': 1, 'm6a.32xlarge_use1-az4': 1, 'm6a.32xlarge_use1-az5': 1, 'm6a.32xlarge_use1-az6': 1, 'm6a.48xlarge_use1-az2': 1, 'm6a.48xlarge_use1-az4': 1, 'm6a.48xlarge_use1-az6': 1, 'm6a.4xlarge_use1-az1': 45, 'm6a.4xlarge_use1-az2': 40, 'm6a.4xlarge_use1-az4': 25, 'm6a.4xlarge_use1-az5': 5, 'm6a.4xlarge_use1-az6': 50, 'm6a.8xlarge_use1-az1': 25, 'm6a.8xlarge_use1-az2': 15, 'm6a.8xlarge_use1-az4': 50, 'm6a.8xlarge_use1-az5': 10, 'm6a.8xlarge_use1-az6': 50, 'm6a.large_use1-az1': 50, 'm6a.large_use1-az2': 50, 'm6a.large_use1-az4': 50, 'm6a.large_use1-az5': 30, 'm6a.large_use1-az6': 50, 'm6a.xlarge_use1-az1': 50, 'm6a.xlarge_use1-az2': 50, 'm6a.xlarge_use1-az4': 50, 'm6a.xlarge_use1-az5': 35, 'm6a.xlarge_use1-az6': 50, 'm6g.12xlarge_use1-az1': 1, 'm6g.12xlarge_use1-az2': 5, 'm6g.12xlarge_use1-az4': 50, 'm6g.12xlarge_use1-az6': 50, 'm6g.16xlarge_use1-az1': 1, 'm6g.16xlarge_use1-az2': 5, 'm6g.16xlarge_use1-az4': 25, 'm6g.16xlarge_use1-az6': 50, 'm6g.2xlarge_use1-az1': 15, 'm6g.2xlarge_use1-az2': 50, 'm6g.2xlarge_use1-az4': 50, 'm6g.2xlarge_use1-az5': 5, 'm6g.2xlarge_use1-az6': 50, 'm6g.4xlarge_use1-az1': 10, 'm6g.4xlarge_use1-az2': 50, 'm6g.4xlarge_use1-az4': 50, 'm6g.4xlarge_use1-az5': 10, 'm6g.4xlarge_use1-az6': 50, 'm6g.8xlarge_use1-az1': 5, 'm6g.8xlarge_use1-az2': 50, 'm6g.8xlarge_use1-az4': 50, 'm6g.8xlarge_use1-az6': 50, 'm6g.large_use1-az1': 1, 'm6g.large_use1-az2': 50, 'm6g.large_use1-az4': 50, 'm6g.large_use1-az5': 5, 'm6g.large_use1-az6': 50, 'm6g.medium_use1-az1': 5, 'm6g.medium_use1-az2': 5, 'm6g.medium_use1-az4': 10, 'm6g.medium_use1-az5': 1, 'm6g.medium_use1-az6': 15, 'm6g.xlarge_use1-az1': 50, 'm6g.xlarge_use1-az2': 50, 'm6g.xlarge_use1-az4': 50, 'm6g.xlarge_use1-az5': 50, 'm6g.xlarge_use1-az6': 50, 'm6gd.12xlarge_use1-az1': 10, 'm6gd.12xlarge_use1-az2': 40, 'm6gd.12xlarge_use1-az4': 20, 'm6gd.12xlarge_use1-az5': 5, 'm6gd.12xlarge_use1-az6': 50, 'm6gd.16xlarge_use1-az1': 5, 'm6gd.16xlarge_use1-az2': 10, 'm6gd.16xlarge_use1-az4': 10, 'm6gd.16xlarge_use1-az5': 10, 'm6gd.16xlarge_use1-az6': 35, 'm6gd.2xlarge_use1-az1': 1, 'm6gd.2xlarge_use1-az2': 50, 'm6gd.2xlarge_use1-az4': 45, 'm6gd.2xlarge_use1-az5': 1, 'm6gd.2xlarge_use1-az6': 5, 'm6gd.4xlarge_use1-az1': 1, 'm6gd.4xlarge_use1-az2': 5, 'm6gd.4xlarge_use1-az5': 1, 'm6gd.4xlarge_use1-az6': 15, 'm6gd.8xlarge_use1-az1': 5, 'm6gd.8xlarge_use1-az2': 10, 'm6gd.8xlarge_use1-az4': 15, 'm6gd.8xlarge_use1-az5': 1, 'm6gd.8xlarge_use1-az6': 20, 'm6gd.large_use1-az1': 1, 'm6gd.large_use1-az2': 5, 'm6gd.large_use1-az4': 5, 'm6gd.large_use1-az5': 1, 'm6gd.large_use1-az6': 15, 'm6gd.medium_use1-az1': 1, 'm6gd.medium_use1-az2': 1, 'm6gd.medium_use1-az4': 1, 'm6gd.medium_use1-az5': 5, 'm6gd.medium_use1-az6': 1, 'm6gd.xlarge_use1-az1': 1, 'm6gd.xlarge_use1-az2': 10, 'm6gd.xlarge_use1-az4': 35, 'm6gd.xlarge_use1-az5': 1, 'm6gd.xlarge_use1-az6': 15, 'm6i.12xlarge_use1-az1': 1, 'm6i.12xlarge_use1-az2': 10, 'm6i.12xlarge_use1-az4': 50, 'm6i.12xlarge_use1-az5': 1, 'm6i.12xlarge_use1-az6': 30, 'm6i.16xlarge_use1-az1': 1, 'm6i.16xlarge_use1-az2': 10, 'm6i.16xlarge_use1-az4': 5, 'm6i.16xlarge_use1-az5': 1, 'm6i.16xlarge_use1-az6': 10, 'm6i.24xlarge_use1-az2': 10, 'm6i.24xlarge_use1-az4': 5, 'm6i.24xlarge_use1-az5': 1, 'm6i.24xlarge_use1-az6': 50, 'm6i.2xlarge_use1-az1': 25, 'm6i.2xlarge_use1-az2': 50, 'm6i.2xlarge_use1-az4': 50, 'm6i.2xlarge_use1-az5': 25, 'm6i.2xlarge_use1-az6': 50, 'm6i.32xlarge_use1-az2': 1, 'm6i.32xlarge_use1-az4': 5, 'm6i.32xlarge_use1-az5': 1, 'm6i.32xlarge_use1-az6': 15, 'm6i.4xlarge_use1-az1': 15, 'm6i.4xlarge_use1-az2': 50, 'm6i.4xlarge_use1-az4': 50, 'm6i.4xlarge_use1-az5': 50, 'm6i.4xlarge_use1-az6': 50, 'm6i.8xlarge_use1-az1': 1, 'm6i.8xlarge_use1-az2': 50, 'm6i.8xlarge_use1-az4': 50, 'm6i.8xlarge_use1-az5': 20, 'm6i.8xlarge_use1-az6': 50, 'm6i.large_use1-az1': 25, 'm6i.large_use1-az2': 50, 'm6i.large_use1-az4': 50, 'm6i.large_use1-az5': 50, 'm6i.large_use1-az6': 50, 'm6i.xlarge_use1-az1': 45, 'm6i.xlarge_use1-az2': 50, 'm6i.xlarge_use1-az4': 50, 'm6i.xlarge_use1-az5': 25, 'm6i.xlarge_use1-az6': 50, 'm6id.12xlarge_use1-az1': 1, 'm6id.12xlarge_use1-az2': 1, 'm6id.12xlarge_use1-az4': 1, 'm6id.12xlarge_use1-az6': 1, 'm6id.16xlarge_use1-az1': 1, 'm6id.16xlarge_use1-az2': 1, 'm6id.16xlarge_use1-az4': 1, 'm6id.16xlarge_use1-az6': 1, 'm6id.24xlarge_use1-az1': 10, 'm6id.24xlarge_use1-az2': 15, 'm6id.24xlarge_use1-az4': 35, 'm6id.24xlarge_use1-az5': 5, 'm6id.24xlarge_use1-az6': 15, 'm6id.2xlarge_use1-az1': 5, 'm6id.2xlarge_use1-az2': 5, 'm6id.2xlarge_use1-az4': 5, 'm6id.2xlarge_use1-az5': 1, 'm6id.2xlarge_use1-az6': 5, 'm6id.32xlarge_use1-az1': 10, 'm6id.32xlarge_use1-az2': 15, 'm6id.32xlarge_use1-az4': 5, 'm6id.32xlarge_use1-az5': 1, 'm6id.32xlarge_use1-az6': 50, 'm6id.4xlarge_use1-az1': 15, 'm6id.4xlarge_use1-az2': 10, 'm6id.4xlarge_use1-az4': 5, 'm6id.4xlarge_use1-az5': 1, 'm6id.4xlarge_use1-az6': 10, 'm6id.8xlarge_use1-az1': 1, 'm6id.8xlarge_use1-az4': 5, 'm6id.8xlarge_use1-az5': 1, 'm6id.8xlarge_use1-az6': 1, 'm6id.large_use1-az1': 30, 'm6id.large_use1-az2': 35, 'm6id.large_use1-az4': 15, 'm6id.large_use1-az5': 5, 'm6id.large_use1-az6': 50, 'm6id.xlarge_use1-az1': 20, 'm6id.xlarge_use1-az2': 45, 'm6id.xlarge_use1-az4': 15, 'm6id.xlarge_use1-az5': 5, 'm6id.xlarge_use1-az6': 25, 'm6idn.12xlarge_use1-az2': 1, 'm6idn.16xlarge_use1-az4': 1, 'm6idn.24xlarge_use1-az1': 1, 'm6idn.24xlarge_use1-az2': 1, 'm6idn.24xlarge_use1-az4': 1, 'm6idn.2xlarge_use1-az2': 10, 'm6idn.2xlarge_use1-az5': 1, 'm6idn.2xlarge_use1-az6': 5, 'm6idn.32xlarge_use1-az2': 1, 'm6idn.large_use1-az1': 25, 'm6idn.large_use1-az2': 35, 'm6idn.large_use1-az4': 15, 'm6idn.large_use1-az5': 10, 'm6idn.large_use1-az6': 10, 'm6idn.xlarge_use1-az2': 50, 'm6idn.xlarge_use1-az4': 20, 'm6idn.xlarge_use1-az5': 5, 'm6idn.xlarge_use1-az6': 10, 'm6in.12xlarge_use1-az4': 1, 'm6in.16xlarge_use1-az2': 1, 'm6in.16xlarge_use1-az4': 1, 'm6in.24xlarge_use1-az1': 1, 'm6in.24xlarge_use1-az2': 1, 'm6in.2xlarge_use1-az1': 10, 'm6in.2xlarge_use1-az2': 20, 'm6in.2xlarge_use1-az4': 10, 'm6in.2xlarge_use1-az5': 1, 'm6in.2xlarge_use1-az6': 5, 'm6in.4xlarge_use1-az1': 1, 'm6in.4xlarge_use1-az2': 1, 'm6in.4xlarge_use1-az5': 1, 'm6in.8xlarge_use1-az1': 1, 'm6in.8xlarge_use1-az2': 1, 'm6in.8xlarge_use1-az4': 1, 'm6in.large_use1-az1': 5, 'm6in.large_use1-az2': 10, 'm6in.large_use1-az4': 5, 'm6in.large_use1-az5': 1, 'm6in.large_use1-az6': 1, 'm6in.xlarge_use1-az1': 5, 'm6in.xlarge_use1-az2': 10, 'm6in.xlarge_use1-az4': 1, 'm7a.12xlarge_use1-az2': 1, 'm7a.12xlarge_use1-az6': 20, 'm7a.16xlarge_use1-az2': 1, 'm7a.16xlarge_use1-az6': 40, 'm7a.24xlarge_use1-az2': 1, 'm7a.24xlarge_use1-az6': 50, 'm7a.2xlarge_use1-az1': 5, 'm7a.2xlarge_use1-az2': 15, 'm7a.2xlarge_use1-az4': 10, 'm7a.2xlarge_use1-az6': 50, 'm7a.32xlarge_use1-az6': 20, 'm7a.48xlarge_use1-az6': 40, 'm7a.4xlarge_use1-az1': 10, 'm7a.4xlarge_use1-az2': 5, 'm7a.4xlarge_use1-az4': 10, 'm7a.4xlarge_use1-az6': 25, 'm7a.8xlarge_use1-az1': 1, 'm7a.8xlarge_use1-az2': 5, 'm7a.8xlarge_use1-az4': 1, 'm7a.8xlarge_use1-az6': 50, 'm7a.large_use1-az1': 15, 'm7a.large_use1-az2': 50, 'm7a.large_use1-az4': 50, 'm7a.large_use1-az5': 5, 'm7a.large_use1-az6': 50, 'm7a.medium_use1-az1': 10, 'm7a.medium_use1-az2': 50, 'm7a.medium_use1-az4': 50, 'm7a.medium_use1-az6': 50, 'm7a.xlarge_use1-az1': 5, 'm7a.xlarge_use1-az2': 40, 'm7a.xlarge_use1-az4': 50, 'm7a.xlarge_use1-az6': 50, 'm7g.12xlarge_use1-az1': 1, 'm7g.12xlarge_use1-az2': 10, 'm7g.12xlarge_use1-az4': 45, 'm7g.12xlarge_use1-az5': 1, 'm7g.12xlarge_use1-az6': 50, 'm7g.16xlarge_use1-az1': 1, 'm7g.16xlarge_use1-az2': 30, 'm7g.16xlarge_use1-az4': 35, 'm7g.16xlarge_use1-az5': 1, 'm7g.16xlarge_use1-az6': 50, 'm7g.2xlarge_use1-az1': 35, 'm7g.2xlarge_use1-az2': 50, 'm7g.2xlarge_use1-az4': 50, 'm7g.2xlarge_use1-az5': 15, 'm7g.2xlarge_use1-az6': 50, 'm7g.4xlarge_use1-az1': 10, 'm7g.4xlarge_use1-az2': 30, 'm7g.4xlarge_use1-az4': 50, 'm7g.4xlarge_use1-az5': 10, 'm7g.4xlarge_use1-az6': 50, 'm7g.8xlarge_use1-az1': 1, 'm7g.8xlarge_use1-az2': 15, 'm7g.8xlarge_use1-az4': 40, 'm7g.8xlarge_use1-az5': 1, 'm7g.8xlarge_use1-az6': 50, 'm7g.large_use1-az1': 10, 'm7g.large_use1-az2': 50, 'm7g.large_use1-az4': 50, 'm7g.large_use1-az5': 30, 'm7g.large_use1-az6': 50, 'm7g.medium_use1-az1': 30, 'm7g.medium_use1-az2': 40, 'm7g.medium_use1-az4': 50, 'm7g.medium_use1-az5': 35, 'm7g.medium_use1-az6': 50, 'm7g.metal_use1-az1': 1, 'm7g.metal_use1-az2': 25, 'm7g.metal_use1-az4': 10, 'm7g.metal_use1-az5': 1, 'm7g.metal_use1-az6': 50, 'm7g.xlarge_use1-az1': 50, 'm7g.xlarge_use1-az2': 50, 'm7g.xlarge_use1-az4': 50, 'm7g.xlarge_use1-az5': 50, 'm7g.xlarge_use1-az6': 50, 'm7gd.12xlarge_use1-az1': 5, 'm7gd.12xlarge_use1-az2': 10, 'm7gd.12xlarge_use1-az4': 1, 'm7gd.12xlarge_use1-az6': 35, 'm7gd.16xlarge_use1-az1': 1, 'm7gd.16xlarge_use1-az2': 30, 'm7gd.16xlarge_use1-az4': 1, 'm7gd.16xlarge_use1-az6': 40, 'm7gd.2xlarge_use1-az1': 15, 'm7gd.2xlarge_use1-az2': 50, 'm7gd.2xlarge_use1-az4': 15, 'm7gd.2xlarge_use1-az6': 25, 'm7gd.4xlarge_use1-az1': 5, 'm7gd.4xlarge_use1-az2': 10, 'm7gd.4xlarge_use1-az4': 1, 'm7gd.4xlarge_use1-az6': 40, 'm7gd.8xlarge_use1-az1': 10, 'm7gd.8xlarge_use1-az2': 50, 'm7gd.8xlarge_use1-az4': 30, 'm7gd.8xlarge_use1-az5': 45, 'm7gd.8xlarge_use1-az6': 50, 'm7gd.large_use1-az1': 5, 'm7gd.large_use1-az2': 50, 'm7gd.large_use1-az4': 5, 'm7gd.large_use1-az6': 50, 'm7gd.medium_use1-az1': 15, 'm7gd.medium_use1-az2': 20, 'm7gd.medium_use1-az4': 15, 'm7gd.medium_use1-az5': 20, 'm7gd.medium_use1-az6': 25, 'm7gd.metal_use1-az1': 5, 'm7gd.metal_use1-az2': 15, 'm7gd.metal_use1-az4': 1, 'm7gd.metal_use1-az6': 15, 'm7gd.xlarge_use1-az1': 5, 'm7gd.xlarge_use1-az2': 10, 'm7gd.xlarge_use1-az4': 10, 'm7gd.xlarge_use1-az5': 1, 'm7gd.xlarge_use1-az6': 25, 'm7i-flex.2xlarge_use1-az1': 50, 'm7i-flex.2xlarge_use1-az2': 50, 'm7i-flex.2xlarge_use1-az4': 15, 'm7i-flex.2xlarge_use1-az5': 10, 'm7i-flex.2xlarge_use1-az6': 50, 'm7i-flex.4xlarge_use1-az2': 5, 'm7i-flex.4xlarge_use1-az4': 5, 'm7i-flex.4xlarge_use1-az6': 25, 'm7i-flex.8xlarge_use1-az1': 1, 'm7i-flex.8xlarge_use1-az2': 5, 'm7i-flex.8xlarge_use1-az4': 5, 'm7i-flex.8xlarge_use1-az5': 1, 'm7i-flex.8xlarge_use1-az6': 10, 'm7i-flex.large_use1-az1': 20, 'm7i-flex.large_use1-az2': 50, 'm7i-flex.large_use1-az4': 25, 'm7i-flex.large_use1-az5': 25, 'm7i-flex.large_use1-az6': 50, 'm7i-flex.xlarge_use1-az1': 50, 'm7i-flex.xlarge_use1-az2': 50, 'm7i-flex.xlarge_use1-az4': 50, 'm7i-flex.xlarge_use1-az5': 15, 'm7i-flex.xlarge_use1-az6': 50, 'm7i.12xlarge_use1-az1': 1, 'm7i.12xlarge_use1-az2': 5, 'm7i.12xlarge_use1-az4': 15, 'm7i.12xlarge_use1-az6': 50, 'm7i.16xlarge_use1-az1': 5, 'm7i.16xlarge_use1-az2': 10, 'm7i.16xlarge_use1-az4': 10, 'm7i.16xlarge_use1-az6': 50, 'm7i.24xlarge_use1-az2': 5, 'm7i.24xlarge_use1-az4': 5, 'm7i.24xlarge_use1-az6': 50, 'm7i.2xlarge_use1-az1': 1, 'm7i.2xlarge_use1-az2': 50, 'm7i.2xlarge_use1-az4': 50, 'm7i.2xlarge_use1-az6': 50, 'm7i.48xlarge_use1-az1': 1, 'm7i.48xlarge_use1-az2': 5, 'm7i.48xlarge_use1-az4': 20, 'm7i.48xlarge_use1-az6': 50, 'm7i.4xlarge_use1-az1': 1, 'm7i.4xlarge_use1-az2': 25, 'm7i.4xlarge_use1-az4': 10, 'm7i.4xlarge_use1-az6': 50, 'm7i.8xlarge_use1-az1': 40, 'm7i.8xlarge_use1-az2': 20, 'm7i.8xlarge_use1-az4': 50, 'm7i.8xlarge_use1-az6': 50, 'm7i.large_use1-az1': 50, 'm7i.large_use1-az2': 50, 'm7i.large_use1-az4': 50, 'm7i.large_use1-az5': 1, 'm7i.large_use1-az6': 50, 'm7i.xlarge_use1-az1': 30, 'm7i.xlarge_use1-az2': 35, 'm7i.xlarge_use1-az4': 50, 'm7i.xlarge_use1-az6': 50, 'm8g.12xlarge_use1-az2': 10, 'm8g.12xlarge_use1-az4': 10, 'm8g.12xlarge_use1-az5': 1, 'm8g.12xlarge_use1-az6': 35, 'm8g.16xlarge_use1-az2': 5, 'm8g.16xlarge_use1-az4': 5, 'm8g.16xlarge_use1-az5': 5, 'm8g.16xlarge_use1-az6': 45, 'm8g.24xlarge_use1-az2': 5, 'm8g.24xlarge_use1-az4': 1, 'm8g.24xlarge_use1-az5': 1, 'm8g.24xlarge_use1-az6': 25, 'm8g.2xlarge_use1-az4': 10, 'm8g.2xlarge_use1-az5': 10, 'm8g.48xlarge_use1-az2': 5, 'm8g.48xlarge_use1-az4': 5, 'm8g.48xlarge_use1-az6': 20, 'm8g.4xlarge_use1-az2': 5, 'm8g.4xlarge_use1-az4': 5, 'm8g.4xlarge_use1-az5': 1, 'm8g.4xlarge_use1-az6': 40, 'm8g.8xlarge_use1-az2': 10, 'm8g.8xlarge_use1-az4': 20, 'm8g.8xlarge_use1-az5': 1, 'm8g.8xlarge_use1-az6': 40, 'm8g.large_use1-az1': 1, 'm8g.large_use1-az2': 20, 'm8g.large_use1-az6': 45, 'm8g.medium_use1-az1': 1, 'm8g.medium_use1-az2': 15, 'm8g.metal-48xl_use1-az2': 5, 'm8g.metal-48xl_use1-az6': 25, 'm8g.xlarge_use1-az1': 1, 'm8g.xlarge_use1-az5': 15, 'm8g.xlarge_use1-az6': 50, 'm8gd.16xlarge_use1-az5': 1, 'm8gd.4xlarge_use1-az2': 5, 'm8gd.4xlarge_use1-az4': 1, 'm8gd.4xlarge_use1-az6': 1, 'm8gd.8xlarge_use1-az5': 1, 'm8gd.8xlarge_use1-az6': 5, 'm8gd.large_use1-az1': 20, 'm8gd.large_use1-az2': 15, 'm8gd.large_use1-az5': 1, 'm8gd.large_use1-az6': 1, 'm8gd.medium_use1-az6': 1, 'm8gd.metal-24xl_use1-az2': 1, 'm8gd.xlarge_use1-az1': 1, 'm8gd.xlarge_use1-az5': 1, 'm8i-flex.16xlarge_use1-az6': 5, 'm8i-flex.2xlarge_use1-az2': 10, 'm8i-flex.2xlarge_use1-az4': 1, 'm8i-flex.2xlarge_use1-az6': 50, 'm8i-flex.4xlarge_use1-az2': 1, 'm8i-flex.4xlarge_use1-az4': 1, 'm8i-flex.4xlarge_use1-az6': 5, 'm8i-flex.8xlarge_use1-az6': 1, 'm8i-flex.large_use1-az2': 5, 'm8i-flex.xlarge_use1-az2': 10, 'm8i-flex.xlarge_use1-az4': 25, 'm8i-flex.xlarge_use1-az6': 50, 'm8i.12xlarge_use1-az6': 1, 'm8i.16xlarge_use1-az4': 1, 'm8i.16xlarge_use1-az6': 1, 'm8i.24xlarge_use1-az6': 1, 'm8i.2xlarge_use1-az2': 10, 'm8i.2xlarge_use1-az4': 1, 'm8i.2xlarge_use1-az6': 10, 'm8i.32xlarge_use1-az2': 1, 'm8i.32xlarge_use1-az6': 5, 'm8i.48xlarge_use1-az2': 1, 'm8i.48xlarge_use1-az6': 5, 'm8i.4xlarge_use1-az2': 5, 'm8i.4xlarge_use1-az4': 1, 'm8i.4xlarge_use1-az6': 5, 'm8i.8xlarge_use1-az2': 1, 'm8i.8xlarge_use1-az4': 1, 'm8i.8xlarge_use1-az6': 20, 'm8i.96xlarge_use1-az6': 1, 'm8i.large_use1-az4': 25, 'm8i.metal-48xl_use1-az6': 1, 'm8i.metal-96xl_use1-az6': 1, 'm8i.xlarge_use1-az2': 30, 'm8i.xlarge_use1-az4': 10, 'r3.2xlarge_use1-az2': 1, 'r3.2xlarge_use1-az6': 1, 'r3.4xlarge_use1-az6': 1, 'r3.8xlarge_use1-az2': 1, 'r3.8xlarge_use1-az4': 1, 'r3.large_use1-az2': 50, 'r3.large_use1-az4': 50, 'r3.large_use1-az6': 50, 'r3.xlarge_use1-az2': 40, 'r3.xlarge_use1-az4': 50, 'r3.xlarge_use1-az6': 50, 'r4.16xlarge_use1-az1': 10, 'r4.16xlarge_use1-az2': 10, 'r4.16xlarge_use1-az3': 50, 'r4.16xlarge_use1-az4': 35, 'r4.16xlarge_use1-az5': 15, 'r4.16xlarge_use1-az6': 10, 'r4.2xlarge_use1-az1': 20, 'r4.2xlarge_use1-az2': 50, 'r4.2xlarge_use1-az3': 50, 'r4.2xlarge_use1-az4': 50, 'r4.2xlarge_use1-az5': 5, 'r4.2xlarge_use1-az6': 50, 'r4.4xlarge_use1-az1': 20, 'r4.4xlarge_use1-az2': 50, 'r4.4xlarge_use1-az3': 40, 'r4.4xlarge_use1-az4': 15, 'r4.4xlarge_use1-az5': 5, 'r4.4xlarge_use1-az6': 50, 'r4.8xlarge_use1-az1': 50, 'r4.8xlarge_use1-az2': 50, 'r4.8xlarge_use1-az3': 25, 'r4.8xlarge_use1-az4': 50, 'r4.8xlarge_use1-az5': 5, 'r4.8xlarge_use1-az6': 50, 'r4.large_use1-az1': 35, 'r4.large_use1-az2': 50, 'r4.large_use1-az4': 50, 'r4.large_use1-az5': 20, 'r4.large_use1-az6': 50, 'r4.xlarge_use1-az1': 50, 'r4.xlarge_use1-az2': 50, 'r4.xlarge_use1-az3': 50, 'r4.xlarge_use1-az4': 50, 'r4.xlarge_use1-az5': 30, 'r4.xlarge_use1-az6': 50, 'r5.12xlarge_use1-az1': 5, 'r5.12xlarge_use1-az2': 5, 'r5.12xlarge_use1-az4': 50, 'r5.12xlarge_use1-az5': 5, 'r5.12xlarge_use1-az6': 5, 'r5.16xlarge_use1-az1': 5, 'r5.16xlarge_use1-az4': 35, 'r5.16xlarge_use1-az5': 30, 'r5.16xlarge_use1-az6': 5, 'r5.24xlarge_use1-az4': 15, 'r5.24xlarge_use1-az5': 5, 'r5.24xlarge_use1-az6': 5, 'r5.2xlarge_use1-az1': 50, 'r5.2xlarge_use1-az2': 50, 'r5.2xlarge_use1-az4': 50, 'r5.2xlarge_use1-az5': 5, 'r5.2xlarge_use1-az6': 50, 'r5.4xlarge_use1-az1': 50, 'r5.4xlarge_use1-az2': 50, 'r5.4xlarge_use1-az4': 50, 'r5.4xlarge_use1-az5': 5, 'r5.4xlarge_use1-az6': 50, 'r5.8xlarge_use1-az1': 50, 'r5.8xlarge_use1-az2': 50, 'r5.8xlarge_use1-az4': 50, 'r5.8xlarge_use1-az5': 5, 'r5.8xlarge_use1-az6': 5, 'r5.large_use1-az1': 50, 'r5.large_use1-az2': 50, 'r5.large_use1-az4': 50, 'r5.large_use1-az5': 50, 'r5.large_use1-az6': 50, 'r5.xlarge_use1-az1': 50, 'r5.xlarge_use1-az2': 50, 'r5.xlarge_use1-az4': 50, 'r5.xlarge_use1-az5': 50, 'r5.xlarge_use1-az6': 50, 'r5a.12xlarge_use1-az1': 1, 'r5a.12xlarge_use1-az2': 1, 'r5a.12xlarge_use1-az4': 5, 'r5a.12xlarge_use1-az6': 5, 'r5a.16xlarge_use1-az1': 10, 'r5a.16xlarge_use1-az2': 10, 'r5a.16xlarge_use1-az4': 10, 'r5a.16xlarge_use1-az5': 5, 'r5a.16xlarge_use1-az6': 5, 'r5a.24xlarge_use1-az1': 5, 'r5a.24xlarge_use1-az2': 15, 'r5a.24xlarge_use1-az4': 10, 'r5a.24xlarge_use1-az5': 1, 'r5a.24xlarge_use1-az6': 10, 'r5a.2xlarge_use1-az2': 20, 'r5a.2xlarge_use1-az6': 30, 'r5a.4xlarge_use1-az1': 25, 'r5a.4xlarge_use1-az2': 50, 'r5a.4xlarge_use1-az4': 50, 'r5a.4xlarge_use1-az5': 5, 'r5a.4xlarge_use1-az6': 50, 'r5a.8xlarge_use1-az1': 25, 'r5a.8xlarge_use1-az2': 10, 'r5a.8xlarge_use1-az4': 15, 'r5a.8xlarge_use1-az5': 30, 'r5a.8xlarge_use1-az6': 20, 'r5a.large_use1-az1': 50, 'r5a.large_use1-az2': 50, 'r5a.large_use1-az4': 50, 'r5a.large_use1-az5': 25, 'r5a.large_use1-az6': 50, 'r5a.xlarge_use1-az2': 50, 'r5a.xlarge_use1-az4': 50, 'r5a.xlarge_use1-az5': 5, 'r5a.xlarge_use1-az6': 50, 'r5ad.16xlarge_use1-az2': 50, 'r5ad.16xlarge_use1-az4': 10, 'r5ad.16xlarge_use1-az5': 1, 'r5ad.16xlarge_use1-az6': 10, 'r5ad.24xlarge_use1-az2': 25, 'r5ad.24xlarge_use1-az4': 1, 'r5ad.24xlarge_use1-az6': 10, 'r5ad.4xlarge_use1-az5': 1, 'r5ad.8xlarge_use1-az4': 20, 'r5ad.large_use1-az1': 1, 'r5ad.large_use1-az2': 30, 'r5ad.large_use1-az4': 10, 'r5ad.large_use1-az5': 5, 'r5ad.large_use1-az6': 10, 'r5ad.xlarge_use1-az2': 10, 'r5b.24xlarge_use1-az6': 1, 'r5b.8xlarge_use1-az1': 5, 'r5b.large_use1-az1': 1, 'r5b.large_use1-az2': 5, 'r5b.large_use1-az4': 10, 'r5b.large_use1-az6': 5, 'r5d.12xlarge_use1-az1': 1, 'r5d.12xlarge_use1-az2': 5, 'r5d.12xlarge_use1-az4': 10, 'r5d.12xlarge_use1-az6': 1, 'r5d.16xlarge_use1-az1': 5, 'r5d.16xlarge_use1-az2': 50, 'r5d.16xlarge_use1-az4': 50, 'r5d.16xlarge_use1-az5': 10, 'r5d.16xlarge_use1-az6': 50, 'r5d.24xlarge_use1-az1': 1, 'r5d.24xlarge_use1-az2': 1, 'r5d.24xlarge_use1-az4': 10, 'r5d.24xlarge_use1-az5': 1, 'r5d.24xlarge_use1-az6': 10, 'r5d.4xlarge_use1-az2': 20, 'r5d.4xlarge_use1-az5': 5, 'r5d.8xlarge_use1-az1': 5, 'r5d.8xlarge_use1-az2': 15, 'r5d.8xlarge_use1-az4': 15, 'r5d.8xlarge_use1-az5': 5, 'r5d.8xlarge_use1-az6': 50, 'r5d.large_use1-az1': 10, 'r5d.large_use1-az2': 50, 'r5d.large_use1-az4': 50, 'r5d.large_use1-az5': 5, 'r5d.large_use1-az6': 50, 'r5dn.12xlarge_use1-az2': 1, 'r5dn.12xlarge_use1-az4': 1, 'r5dn.12xlarge_use1-az5': 1, 'r5dn.12xlarge_use1-az6': 1, 'r5dn.16xlarge_use1-az1': 5, 'r5dn.16xlarge_use1-az2': 5, 'r5dn.16xlarge_use1-az4': 15, 'r5dn.16xlarge_use1-az5': 10, 'r5dn.16xlarge_use1-az6': 30, 'r5dn.24xlarge_use1-az2': 5, 'r5dn.24xlarge_use1-az4': 10, 'r5dn.24xlarge_use1-az5': 1, 'r5dn.24xlarge_use1-az6': 25, 'r5dn.4xlarge_use1-az2': 25, 'r5dn.4xlarge_use1-az4': 45, 'r5dn.4xlarge_use1-az5': 5, 'r5dn.4xlarge_use1-az6': 20, 'r5dn.8xlarge_use1-az2': 5, 'r5dn.8xlarge_use1-az4': 5, 'r5dn.8xlarge_use1-az5': 5, 'r5dn.8xlarge_use1-az6': 50, 'r5dn.large_use1-az1': 50, 'r5dn.large_use1-az2': 50, 'r5dn.large_use1-az4': 50, 'r5dn.large_use1-az5': 50, 'r5dn.large_use1-az6': 50, 'r5n.12xlarge_use1-az2': 1, 'r5n.12xlarge_use1-az4': 1, 'r5n.12xlarge_use1-az6': 1, 'r5n.16xlarge_use1-az1': 1, 'r5n.16xlarge_use1-az2': 10, 'r5n.16xlarge_use1-az4': 35, 'r5n.16xlarge_use1-az5': 1, 'r5n.16xlarge_use1-az6': 20, 'r5n.2xlarge_use1-az5': 1, 'r5n.4xlarge_use1-az1': 5, 'r5n.8xlarge_use1-az1': 10, 'r5n.8xlarge_use1-az2': 20, 'r5n.8xlarge_use1-az4': 35, 'r5n.8xlarge_use1-az6': 15, 'r5n.large_use1-az1': 20, 'r5n.large_use1-az2': 50, 'r5n.large_use1-az4': 50, 'r5n.large_use1-az5': 10, 'r5n.large_use1-az6': 30, 'r5n.xlarge_use1-az1': 1, 'r5n.xlarge_use1-az4': 15, 'r5n.xlarge_use1-az6': 20, 'r6a.12xlarge_use1-az1': 1, 'r6a.12xlarge_use1-az2': 10, 'r6a.12xlarge_use1-az4': 5, 'r6a.12xlarge_use1-az6': 10, 'r6a.16xlarge_use1-az1': 5, 'r6a.16xlarge_use1-az2': 15, 'r6a.16xlarge_use1-az4': 30, 'r6a.16xlarge_use1-az5': 15, 'r6a.16xlarge_use1-az6': 40, 'r6a.24xlarge_use1-az2': 5, 'r6a.24xlarge_use1-az4': 1, 'r6a.24xlarge_use1-az5': 1, 'r6a.24xlarge_use1-az6': 5, 'r6a.2xlarge_use1-az1': 50, 'r6a.2xlarge_use1-az2': 50, 'r6a.2xlarge_use1-az4': 40, 'r6a.2xlarge_use1-az5': 1, 'r6a.2xlarge_use1-az6': 50, 'r6a.32xlarge_use1-az2': 5, 'r6a.32xlarge_use1-az4': 5, 'r6a.32xlarge_use1-az5': 5, 'r6a.32xlarge_use1-az6': 5, 'r6a.48xlarge_use1-az2': 5, 'r6a.48xlarge_use1-az4': 5, 'r6a.48xlarge_use1-az5': 5, 'r6a.48xlarge_use1-az6': 1, 'r6a.4xlarge_use1-az1': 50, 'r6a.4xlarge_use1-az2': 50, 'r6a.4xlarge_use1-az4': 50, 'r6a.4xlarge_use1-az5': 40, 'r6a.4xlarge_use1-az6': 50, 'r6a.8xlarge_use1-az1': 20, 'r6a.8xlarge_use1-az2': 50, 'r6a.8xlarge_use1-az4': 50, 'r6a.8xlarge_use1-az5': 50, 'r6a.8xlarge_use1-az6': 50, 'r6a.large_use1-az1': 50, 'r6a.large_use1-az2': 50, 'r6a.large_use1-az4': 50, 'r6a.large_use1-az5': 50, 'r6a.large_use1-az6': 50, 'r6a.xlarge_use1-az1': 50, 'r6a.xlarge_use1-az2': 50, 'r6a.xlarge_use1-az4': 50, 'r6a.xlarge_use1-az5': 50, 'r6a.xlarge_use1-az6': 50, 'r6g.12xlarge_use1-az2': 50, 'r6g.12xlarge_use1-az4': 45, 'r6g.12xlarge_use1-az5': 10, 'r6g.12xlarge_use1-az6': 50, 'r6g.16xlarge_use1-az1': 1, 'r6g.16xlarge_use1-az2': 50, 'r6g.16xlarge_use1-az4': 50, 'r6g.16xlarge_use1-az5': 50, 'r6g.16xlarge_use1-az6': 50, 'r6g.2xlarge_use1-az1': 1, 'r6g.2xlarge_use1-az2': 25, 'r6g.2xlarge_use1-az4': 40, 'r6g.2xlarge_use1-az5': 10, 'r6g.2xlarge_use1-az6': 50, 'r6g.4xlarge_use1-az1': 10, 'r6g.4xlarge_use1-az2': 50, 'r6g.4xlarge_use1-az4': 50, 'r6g.4xlarge_use1-az5': 50, 'r6g.4xlarge_use1-az6': 50, 'r6g.8xlarge_use1-az1': 1, 'r6g.8xlarge_use1-az2': 10, 'r6g.8xlarge_use1-az4': 50, 'r6g.8xlarge_use1-az5': 50, 'r6g.8xlarge_use1-az6': 50, 'r6g.large_use1-az1': 10, 'r6g.large_use1-az2': 40, 'r6g.large_use1-az4': 50, 'r6g.large_use1-az5': 5, 'r6g.large_use1-az6': 50, 'r6g.medium_use1-az1': 1, 'r6g.medium_use1-az2': 10, 'r6g.medium_use1-az4': 15, 'r6g.medium_use1-az5': 15, 'r6g.medium_use1-az6': 35, 'r6g.xlarge_use1-az1': 1, 'r6g.xlarge_use1-az2': 50, 'r6g.xlarge_use1-az4': 50, 'r6g.xlarge_use1-az5': 50, 'r6g.xlarge_use1-az6': 50, 'r6gd.12xlarge_use1-az1': 1, 'r6gd.12xlarge_use1-az2': 5, 'r6gd.12xlarge_use1-az4': 10, 'r6gd.12xlarge_use1-az5': 1, 'r6gd.12xlarge_use1-az6': 10, 'r6gd.16xlarge_use1-az1': 5, 'r6gd.16xlarge_use1-az2': 5, 'r6gd.16xlarge_use1-az4': 50, 'r6gd.16xlarge_use1-az5': 1, 'r6gd.16xlarge_use1-az6': 45, 'r6gd.2xlarge_use1-az2': 20, 'r6gd.2xlarge_use1-az4': 30, 'r6gd.2xlarge_use1-az5': 1, 'r6gd.4xlarge_use1-az1': 5, 'r6gd.4xlarge_use1-az2': 20, 'r6gd.4xlarge_use1-az4': 50, 'r6gd.4xlarge_use1-az5': 1, 'r6gd.4xlarge_use1-az6': 25, 'r6gd.8xlarge_use1-az1': 1, 'r6gd.8xlarge_use1-az2': 10, 'r6gd.8xlarge_use1-az4': 20, 'r6gd.8xlarge_use1-az5': 1, 'r6gd.8xlarge_use1-az6': 30, 'r6gd.large_use1-az1': 50, 'r6gd.large_use1-az2': 50, 'r6gd.large_use1-az4': 50, 'r6gd.large_use1-az5': 50, 'r6gd.large_use1-az6': 50, 'r6gd.medium_use1-az1': 5, 'r6gd.medium_use1-az2': 1, 'r6gd.medium_use1-az4': 5, 'r6gd.medium_use1-az5': 5, 'r6gd.medium_use1-az6': 1, 'r6gd.xlarge_use1-az1': 1, 'r6gd.xlarge_use1-az2': 1, 'r6gd.xlarge_use1-az4': 5, 'r6gd.xlarge_use1-az6': 10, 'r6i.12xlarge_use1-az1': 5, 'r6i.12xlarge_use1-az2': 5, 'r6i.12xlarge_use1-az4': 5, 'r6i.12xlarge_use1-az5': 1, 'r6i.12xlarge_use1-az6': 10, 'r6i.16xlarge_use1-az1': 1, 'r6i.16xlarge_use1-az2': 1, 'r6i.16xlarge_use1-az4': 10, 'r6i.16xlarge_use1-az5': 10, 'r6i.16xlarge_use1-az6': 1, 'r6i.24xlarge_use1-az4': 10, 'r6i.24xlarge_use1-az5': 1, 'r6i.24xlarge_use1-az6': 5, 'r6i.2xlarge_use1-az1': 15, 'r6i.2xlarge_use1-az2': 35, 'r6i.2xlarge_use1-az4': 50, 'r6i.2xlarge_use1-az5': 5, 'r6i.2xlarge_use1-az6': 50, 'r6i.32xlarge_use1-az4': 1, 'r6i.32xlarge_use1-az5': 1, 'r6i.32xlarge_use1-az6': 1, 'r6i.4xlarge_use1-az1': 30, 'r6i.4xlarge_use1-az2': 20, 'r6i.4xlarge_use1-az4': 20, 'r6i.4xlarge_use1-az5': 10, 'r6i.4xlarge_use1-az6': 40, 'r6i.8xlarge_use1-az1': 5, 'r6i.8xlarge_use1-az2': 10, 'r6i.8xlarge_use1-az4': 10, 'r6i.8xlarge_use1-az5': 5, 'r6i.8xlarge_use1-az6': 10, 'r6i.large_use1-az1': 20, 'r6i.large_use1-az2': 50, 'r6i.large_use1-az4': 50, 'r6i.large_use1-az5': 20, 'r6i.large_use1-az6': 50, 'r6i.xlarge_use1-az1': 15, 'r6i.xlarge_use1-az2': 45, 'r6i.xlarge_use1-az4': 50, 'r6i.xlarge_use1-az5': 10, 'r6i.xlarge_use1-az6': 50, 'r6id.12xlarge_use1-az1': 1, 'r6id.12xlarge_use1-az2': 5, 'r6id.12xlarge_use1-az4': 1, 'r6id.12xlarge_use1-az6': 5, 'r6id.16xlarge_use1-az1': 5, 'r6id.16xlarge_use1-az2': 5, 'r6id.16xlarge_use1-az4': 15, 'r6id.16xlarge_use1-az5': 1, 'r6id.16xlarge_use1-az6': 20, 'r6id.24xlarge_use1-az1': 10, 'r6id.24xlarge_use1-az2': 10, 'r6id.24xlarge_use1-az4': 5, 'r6id.24xlarge_use1-az5': 15, 'r6id.24xlarge_use1-az6': 25, 'r6id.2xlarge_use1-az1': 5, 'r6id.2xlarge_use1-az2': 1, 'r6id.2xlarge_use1-az4': 10, 'r6id.2xlarge_use1-az5': 1, 'r6id.2xlarge_use1-az6': 10, 'r6id.32xlarge_use1-az1': 1, 'r6id.32xlarge_use1-az2': 5, 'r6id.32xlarge_use1-az4': 1, 'r6id.32xlarge_use1-az5': 1, 'r6id.32xlarge_use1-az6': 10, 'r6id.4xlarge_use1-az1': 40, 'r6id.4xlarge_use1-az2': 50, 'r6id.4xlarge_use1-az4': 10, 'r6id.4xlarge_use1-az5': 20, 'r6id.4xlarge_use1-az6': 35, 'r6id.8xlarge_use1-az1': 1, 'r6id.8xlarge_use1-az2': 1, 'r6id.8xlarge_use1-az4': 5, 'r6id.8xlarge_use1-az5': 1, 'r6id.8xlarge_use1-az6': 5, 'r6id.large_use1-az1': 15, 'r6id.large_use1-az2': 10, 'r6id.large_use1-az4': 5, 'r6id.large_use1-az5': 15, 'r6id.large_use1-az6': 30, 'r6id.xlarge_use1-az2': 15, 'r6id.xlarge_use1-az4': 10, 'r6id.xlarge_use1-az5': 15, 'r6id.xlarge_use1-az6': 15, 'r6idn.16xlarge_use1-az4': 1, 'r6idn.16xlarge_use1-az5': 1, 'r6idn.16xlarge_use1-az6': 1, 'r6idn.24xlarge_use1-az6': 1, 'r6idn.2xlarge_use1-az2': 1, 'r6idn.2xlarge_use1-az6': 5, 'r6idn.32xlarge_use1-az6': 1, 'r6idn.4xlarge_use1-az1': 15, 'r6idn.4xlarge_use1-az2': 15, 'r6idn.4xlarge_use1-az5': 5, 'r6idn.8xlarge_use1-az2': 1, 'r6idn.8xlarge_use1-az4': 1, 'r6idn.8xlarge_use1-az6': 5, 'r6idn.large_use1-az1': 1, 'r6idn.large_use1-az2': 1, 'r6idn.large_use1-az4': 5, 'r6idn.large_use1-az5': 5, 'r6idn.large_use1-az6': 5, 'r6in.12xlarge_use1-az1': 1, 'r6in.12xlarge_use1-az6': 5, 'r6in.16xlarge_use1-az4': 1, 'r6in.16xlarge_use1-az5': 1, 'r6in.16xlarge_use1-az6': 5, 'r6in.24xlarge_use1-az6': 1, 'r6in.2xlarge_use1-az2': 1, 'r6in.2xlarge_use1-az4': 1, 'r6in.2xlarge_use1-az5': 1, 'r6in.2xlarge_use1-az6': 1, 'r6in.4xlarge_use1-az1': 5, 'r6in.4xlarge_use1-az2': 20, 'r6in.4xlarge_use1-az4': 15, 'r6in.4xlarge_use1-az5': 20, 'r6in.4xlarge_use1-az6': 20, 'r6in.8xlarge_use1-az1': 5, 'r6in.8xlarge_use1-az4': 1, 'r6in.8xlarge_use1-az6': 5, 'r6in.large_use1-az1': 45, 'r6in.large_use1-az2': 50, 'r6in.large_use1-az4': 50, 'r6in.large_use1-az5': 40, 'r6in.large_use1-az6': 50, 'r6in.xlarge_use1-az1': 1, 'r6in.xlarge_use1-az2': 1, 'r6in.xlarge_use1-az4': 1, 'r6in.xlarge_use1-az5': 1, 'r6in.xlarge_use1-az6': 1, 'r7a.12xlarge_use1-az1': 1, 'r7a.12xlarge_use1-az2': 1, 'r7a.12xlarge_use1-az4': 5, 'r7a.12xlarge_use1-az6': 20, 'r7a.16xlarge_use1-az1': 1, 'r7a.16xlarge_use1-az2': 15, 'r7a.16xlarge_use1-az4': 30, 'r7a.16xlarge_use1-az6': 50, 'r7a.24xlarge_use1-az2': 10, 'r7a.24xlarge_use1-az4': 10, 'r7a.24xlarge_use1-az6': 35, 'r7a.2xlarge_use1-az1': 1, 'r7a.2xlarge_use1-az2': 5, 'r7a.2xlarge_use1-az4': 25, 'r7a.2xlarge_use1-az6': 1, 'r7a.32xlarge_use1-az2': 1, 'r7a.32xlarge_use1-az4': 1, 'r7a.32xlarge_use1-az6': 50, 'r7a.48xlarge_use1-az2': 5, 'r7a.48xlarge_use1-az4': 5, 'r7a.48xlarge_use1-az6': 50, 'r7a.4xlarge_use1-az1': 5, 'r7a.4xlarge_use1-az2': 25, 'r7a.4xlarge_use1-az4': 50, 'r7a.4xlarge_use1-az6': 50, 'r7a.8xlarge_use1-az1': 5, 'r7a.8xlarge_use1-az2': 20, 'r7a.8xlarge_use1-az4': 50, 'r7a.8xlarge_use1-az6': 50, 'r7a.large_use1-az1': 50, 'r7a.large_use1-az2': 50, 'r7a.large_use1-az4': 50, 'r7a.large_use1-az6': 50, 'r7a.medium_use1-az1': 10, 'r7a.medium_use1-az2': 25, 'r7a.medium_use1-az4': 50, 'r7a.medium_use1-az6': 50, 'r7a.xlarge_use1-az1': 20, 'r7a.xlarge_use1-az2': 50, 'r7a.xlarge_use1-az4': 50, 'r7a.xlarge_use1-az6': 25, 'r7g.12xlarge_use1-az1': 1, 'r7g.12xlarge_use1-az2': 5, 'r7g.12xlarge_use1-az4': 50, 'r7g.12xlarge_use1-az5': 1, 'r7g.12xlarge_use1-az6': 5, 'r7g.16xlarge_use1-az1': 5, 'r7g.16xlarge_use1-az2': 30, 'r7g.16xlarge_use1-az4': 50, 'r7g.16xlarge_use1-az5': 5, 'r7g.16xlarge_use1-az6': 50, 'r7g.2xlarge_use1-az1': 5, 'r7g.2xlarge_use1-az2': 10, 'r7g.2xlarge_use1-az4': 50, 'r7g.2xlarge_use1-az5': 5, 'r7g.2xlarge_use1-az6': 15, 'r7g.4xlarge_use1-az1': 5, 'r7g.4xlarge_use1-az2': 5, 'r7g.4xlarge_use1-az4': 50, 'r7g.4xlarge_use1-az5': 5, 'r7g.4xlarge_use1-az6': 15, 'r7g.8xlarge_use1-az1': 1, 'r7g.8xlarge_use1-az2': 50, 'r7g.8xlarge_use1-az4': 50, 'r7g.8xlarge_use1-az5': 50, 'r7g.8xlarge_use1-az6': 50, 'r7g.large_use1-az1': 20, 'r7g.large_use1-az2': 50, 'r7g.large_use1-az4': 50, 'r7g.large_use1-az5': 40, 'r7g.large_use1-az6': 40, 'r7g.medium_use1-az1': 50, 'r7g.medium_use1-az2': 50, 'r7g.medium_use1-az4': 50, 'r7g.medium_use1-az5': 25, 'r7g.medium_use1-az6': 50, 'r7g.xlarge_use1-az1': 50, 'r7g.xlarge_use1-az2': 50, 'r7g.xlarge_use1-az4': 50, 'r7g.xlarge_use1-az5': 10, 'r7g.xlarge_use1-az6': 50, 'r7gd.12xlarge_use1-az1': 1, 'r7gd.12xlarge_use1-az2': 10, 'r7gd.12xlarge_use1-az4': 35, 'r7gd.12xlarge_use1-az5': 10, 'r7gd.12xlarge_use1-az6': 50, 'r7gd.16xlarge_use1-az1': 5, 'r7gd.16xlarge_use1-az2': 50, 'r7gd.16xlarge_use1-az4': 50, 'r7gd.16xlarge_use1-az5': 50, 'r7gd.16xlarge_use1-az6': 50, 'r7gd.2xlarge_use1-az1': 5, 'r7gd.2xlarge_use1-az2': 25, 'r7gd.2xlarge_use1-az4': 25, 'r7gd.2xlarge_use1-az5': 40, 'r7gd.2xlarge_use1-az6': 50, 'r7gd.4xlarge_use1-az1': 1, 'r7gd.4xlarge_use1-az2': 20, 'r7gd.4xlarge_use1-az4': 25, 'r7gd.4xlarge_use1-az5': 30, 'r7gd.4xlarge_use1-az6': 50, 'r7gd.8xlarge_use1-az1': 1, 'r7gd.8xlarge_use1-az2': 10, 'r7gd.8xlarge_use1-az4': 30, 'r7gd.8xlarge_use1-az5': 20, 'r7gd.8xlarge_use1-az6': 50, 'r7gd.large_use1-az1': 15, 'r7gd.large_use1-az2': 10, 'r7gd.large_use1-az4': 50, 'r7gd.large_use1-az5': 15, 'r7gd.large_use1-az6': 35, 'r7gd.medium_use1-az1': 35, 'r7gd.medium_use1-az2': 15, 'r7gd.medium_use1-az4': 25, 'r7gd.medium_use1-az5': 15, 'r7gd.medium_use1-az6': 20, 'r7gd.xlarge_use1-az1': 1, 'r7gd.xlarge_use1-az2': 10, 'r7gd.xlarge_use1-az4': 25, 'r7gd.xlarge_use1-az5': 10, 'r7gd.xlarge_use1-az6': 50, 'r7i.12xlarge_use1-az4': 1, 'r7i.12xlarge_use1-az6': 10, 'r7i.16xlarge_use1-az1': 5, 'r7i.16xlarge_use1-az2': 15, 'r7i.16xlarge_use1-az4': 45, 'r7i.16xlarge_use1-az5': 5, 'r7i.16xlarge_use1-az6': 50, 'r7i.24xlarge_use1-az1': 1, 'r7i.24xlarge_use1-az2': 1, 'r7i.24xlarge_use1-az4': 5, 'r7i.24xlarge_use1-az5': 5, 'r7i.24xlarge_use1-az6': 5, 'r7i.2xlarge_use1-az1': 5, 'r7i.2xlarge_use1-az2': 5, 'r7i.2xlarge_use1-az4': 10, 'r7i.2xlarge_use1-az5': 5, 'r7i.2xlarge_use1-az6': 50, 'r7i.48xlarge_use1-az2': 1, 'r7i.48xlarge_use1-az4': 5, 'r7i.48xlarge_use1-az5': 1, 'r7i.48xlarge_use1-az6': 5, 'r7i.4xlarge_use1-az1': 5, 'r7i.4xlarge_use1-az2': 20, 'r7i.4xlarge_use1-az4': 10, 'r7i.4xlarge_use1-az5': 1, 'r7i.4xlarge_use1-az6': 50, 'r7i.8xlarge_use1-az1': 5, 'r7i.8xlarge_use1-az2': 25, 'r7i.8xlarge_use1-az4': 25, 'r7i.8xlarge_use1-az5': 5, 'r7i.8xlarge_use1-az6': 50, 'r7i.large_use1-az1': 15, 'r7i.large_use1-az2': 50, 'r7i.large_use1-az4': 50, 'r7i.large_use1-az5': 15, 'r7i.large_use1-az6': 50, 'r7i.xlarge_use1-az1': 5, 'r7i.xlarge_use1-az2': 15, 'r7i.xlarge_use1-az4': 10, 'r7i.xlarge_use1-az5': 15, 'r7i.xlarge_use1-az6': 50, 'r8g.12xlarge_use1-az2': 5, 'r8g.12xlarge_use1-az4': 5, 'r8g.12xlarge_use1-az6': 15, 'r8g.16xlarge_use1-az1': 1, 'r8g.16xlarge_use1-az2': 50, 'r8g.16xlarge_use1-az4': 50, 'r8g.16xlarge_use1-az5': 5, 'r8g.16xlarge_use1-az6': 50, 'r8g.24xlarge_use1-az2': 10, 'r8g.24xlarge_use1-az4': 5, 'r8g.24xlarge_use1-az5': 5, 'r8g.24xlarge_use1-az6': 35, 'r8g.2xlarge_use1-az2': 5, 'r8g.2xlarge_use1-az4': 5, 'r8g.2xlarge_use1-az5': 1, 'r8g.2xlarge_use1-az6': 5, 'r8g.48xlarge_use1-az2': 1, 'r8g.48xlarge_use1-az4': 5, 'r8g.48xlarge_use1-az6': 5, 'r8g.4xlarge_use1-az2': 10, 'r8g.4xlarge_use1-az4': 35, 'r8g.4xlarge_use1-az5': 5, 'r8g.4xlarge_use1-az6': 50, 'r8g.8xlarge_use1-az2': 40, 'r8g.8xlarge_use1-az4': 15, 'r8g.8xlarge_use1-az5': 1, 'r8g.8xlarge_use1-az6': 50, 'r8g.large_use1-az1': 5, 'r8g.large_use1-az2': 30, 'r8g.large_use1-az4': 15, 'r8g.large_use1-az5': 10, 'r8g.large_use1-az6': 20, 'r8g.medium_use1-az1': 15, 'r8g.medium_use1-az2': 30, 'r8g.medium_use1-az4': 20, 'r8g.medium_use1-az5': 5, 'r8g.medium_use1-az6': 15, 'r8g.xlarge_use1-az1': 1, 'r8g.xlarge_use1-az2': 10, 'r8g.xlarge_use1-az4': 5, 'r8g.xlarge_use1-az5': 5, 'r8g.xlarge_use1-az6': 10, 'r8gb.24xlarge_use1-az6': 1, 'r8gb.large_use1-az2': 20, 'r8gb.large_use1-az4': 15, 'r8gb.large_use1-az6': 25, 'r8gb.medium_use1-az2': 50, 'r8gb.metal-24xl_use1-az6': 1, 'r8gb.xlarge_use1-az2': 5, 'r8gb.xlarge_use1-az4': 5, 'r8gb.xlarge_use1-az6': 5, 'r8gd.12xlarge_use1-az5': 1, 'r8gd.12xlarge_use1-az6': 1, 'r8gd.16xlarge_use1-az2': 1, 'r8gd.16xlarge_use1-az4': 1, 'r8gd.16xlarge_use1-az5': 1, 'r8gd.16xlarge_use1-az6': 15, 'r8gd.24xlarge_use1-az2': 1, 'r8gd.24xlarge_use1-az5': 1, 'r8gd.24xlarge_use1-az6': 25, 'r8gd.2xlarge_use1-az2': 25, 'r8gd.2xlarge_use1-az4': 30, 'r8gd.2xlarge_use1-az6': 50, 'r8gd.48xlarge_use1-az6': 50, 'r8gd.4xlarge_use1-az1': 1, 'r8gd.4xlarge_use1-az2': 20, 'r8gd.4xlarge_use1-az5': 1, 'r8gd.4xlarge_use1-az6': 15, 'r8gd.8xlarge_use1-az2': 5, 'r8gd.8xlarge_use1-az4': 1, 'r8gd.8xlarge_use1-az5': 1, 'r8gd.8xlarge_use1-az6': 1, 'r8gd.large_use1-az2': 50, 'r8gd.large_use1-az5': 1, 'r8gd.large_use1-az6': 50, 'r8gd.medium_use1-az1': 5, 'r8gd.medium_use1-az2': 5, 'r8gd.medium_use1-az4': 5, 'r8gd.medium_use1-az5': 10, 'r8gd.metal-24xl_use1-az6': 1, 'r8gd.metal-48xl_use1-az6': 1, 'r8gd.xlarge_use1-az2': 25, 'r8gd.xlarge_use1-az4': 1, 'r8gd.xlarge_use1-az5': 50, 'r8gd.xlarge_use1-az6': 40, 'r8gn.16xlarge_use1-az6': 1, 'r8gn.24xlarge_use1-az2': 1, 'r8gn.2xlarge_use1-az2': 1, 'r8gn.48xlarge_use1-az6': 1, 'r8gn.8xlarge_use1-az2': 1, 'r8gn.8xlarge_use1-az6': 5, 'r8gn.large_use1-az2': 20, 'r8gn.large_use1-az4': 15, 'r8gn.large_use1-az6': 20, 'r8gn.medium_use1-az2': 35, 'r8gn.medium_use1-az4': 40, 'r8gn.metal-24xl_use1-az2': 1, 'r8gn.metal-24xl_use1-az6': 1, 'r8gn.xlarge_use1-az2': 1, 'r8gn.xlarge_use1-az4': 5, 'r8gn.xlarge_use1-az6': 10, 'r8i-flex.2xlarge_use1-az2': 1, 'r8i-flex.2xlarge_use1-az6': 5, 'r8i-flex.4xlarge_use1-az2': 1, 'r8i-flex.4xlarge_use1-az6': 1, 'r8i-flex.large_use1-az2': 1, 'r8i-flex.large_use1-az6': 5, 'r8i-flex.xlarge_use1-az2': 5, 'r8i-flex.xlarge_use1-az6': 1, 'r8i.12xlarge_use1-az2': 1, 'r8i.12xlarge_use1-az6': 1, 'r8i.16xlarge_use1-az2': 1, 'r8i.16xlarge_use1-az6': 1, 'r8i.24xlarge_use1-az6': 1, 'r8i.2xlarge_use1-az2': 5, 'r8i.2xlarge_use1-az6': 5, 'r8i.32xlarge_use1-az2': 1, 'r8i.32xlarge_use1-az6': 1, 'r8i.48xlarge_use1-az2': 1, 'r8i.48xlarge_use1-az6': 1, 'r8i.4xlarge_use1-az2': 1, 'r8i.4xlarge_use1-az6': 5, 'r8i.8xlarge_use1-az2': 1, 'r8i.8xlarge_use1-az6': 5, 'r8i.96xlarge_use1-az2': 1, 'r8i.96xlarge_use1-az6': 1, 'r8i.large_use1-az2': 20, 'r8i.large_use1-az6': 20, 'r8i.xlarge_use1-az2': 5, 'r8i.xlarge_use1-az6': 5, 't2.2xlarge_use1-az1': 50, 't2.2xlarge_use1-az2': 50, 't2.2xlarge_use1-az3': 15, 't2.2xlarge_use1-az4': 50, 't2.2xlarge_use1-az5': 50, 't2.2xlarge_use1-az6': 50, 't2.large_use1-az1': 20, 't2.large_use1-az2': 50, 't2.large_use1-az3': 50, 't2.large_use1-az4': 50, 't2.large_use1-az5': 25, 't2.large_use1-az6': 50, 't2.medium_use1-az1': 50, 't2.medium_use1-az2': 50, 't2.medium_use1-az3': 50, 't2.medium_use1-az4': 50, 't2.medium_use1-az5': 50, 't2.medium_use1-az6': 50, 't2.xlarge_use1-az1': 35, 't2.xlarge_use1-az2': 50, 't2.xlarge_use1-az3': 20, 't2.xlarge_use1-az4': 50, 't2.xlarge_use1-az5': 5, 't2.xlarge_use1-az6': 50, 't3.2xlarge_use1-az1': 50, 't3.2xlarge_use1-az2': 50, 't3.2xlarge_use1-az4': 50, 't3.2xlarge_use1-az5': 50, 't3.2xlarge_use1-az6': 50, 't3.large_use1-az1': 50, 't3.large_use1-az2': 50, 't3.large_use1-az4': 50, 't3.large_use1-az5': 50, 't3.large_use1-az6': 50, 't3.medium_use1-az1': 50, 't3.medium_use1-az2': 50, 't3.medium_use1-az4': 50, 't3.medium_use1-az5': 50, 't3.medium_use1-az6': 50, 't3.xlarge_use1-az1': 50, 't3.xlarge_use1-az2': 50, 't3.xlarge_use1-az4': 50, 't3.xlarge_use1-az5': 50, 't3.xlarge_use1-az6': 50, 't3a.2xlarge_use1-az1': 50, 't3a.2xlarge_use1-az2': 50, 't3a.2xlarge_use1-az4': 50, 't3a.2xlarge_use1-az5': 50, 't3a.2xlarge_use1-az6': 50, 't3a.large_use1-az1': 50, 't3a.large_use1-az2': 50, 't3a.large_use1-az4': 50, 't3a.large_use1-az5': 5, 't3a.large_use1-az6': 50, 't3a.medium_use1-az1': 50, 't3a.medium_use1-az2': 50, 't3a.medium_use1-az4': 50, 't3a.medium_use1-az5': 5, 't3a.medium_use1-az6': 50, 't3a.xlarge_use1-az1': 25, 't3a.xlarge_use1-az2': 50, 't3a.xlarge_use1-az4': 50, 't3a.xlarge_use1-az5': 15, 't3a.xlarge_use1-az6': 50, 't4g.2xlarge_use1-az1': 5, 't4g.2xlarge_use1-az2': 15, 't4g.2xlarge_use1-az4': 5, 't4g.2xlarge_use1-az5': 10, 't4g.2xlarge_use1-az6': 10, 't4g.large_use1-az1': 1, 't4g.large_use1-az2': 15, 't4g.large_use1-az4': 50, 't4g.large_use1-az5': 25, 't4g.large_use1-az6': 35, 't4g.medium_use1-az1': 1, 't4g.medium_use1-az2': 50, 't4g.medium_use1-az4': 50, 't4g.medium_use1-az5': 35, 't4g.medium_use1-az6': 50, 't4g.xlarge_use1-az1': 30, 't4g.xlarge_use1-az2': 15, 't4g.xlarge_use1-az4': 50, 't4g.xlarge_use1-az5': 5, 't4g.xlarge_use1-az6': 10, 'trn1.2xlarge_use1-az5': 5, 'trn1.2xlarge_use1-az6': 20, 'trn1.32xlarge_use1-az6': 50, 'trn1n.32xlarge_use1-az6': 50, 'x1.16xlarge_use1-az2': 1, 'x1.16xlarge_use1-az4': 1, 'x1.16xlarge_use1-az6': 1, 'x1.32xlarge_use1-az2': 1, 'x1.32xlarge_use1-az3': 5, 'x1.32xlarge_use1-az6': 1, 'x2gd.12xlarge_use1-az5': 5, 'x2gd.16xlarge_use1-az5': 1, 'x2gd.16xlarge_use1-az6': 15, 'x2gd.2xlarge_use1-az1': 5, 'x2gd.2xlarge_use1-az5': 5, 'x2gd.2xlarge_use1-az6': 30, 'x2gd.4xlarge_use1-az2': 1, 'x2gd.4xlarge_use1-az4': 5, 'x2gd.4xlarge_use1-az5': 1, 'x2gd.4xlarge_use1-az6': 35, 'x2gd.8xlarge_use1-az4': 1, 'x2gd.8xlarge_use1-az5': 1, 'x2gd.8xlarge_use1-az6': 5, 'x2gd.large_use1-az1': 35, 'x2gd.large_use1-az2': 25, 'x2gd.large_use1-az4': 15, 'x2gd.large_use1-az5': 25, 'x2gd.large_use1-az6': 50, 'x2gd.medium_use1-az1': 25, 'x2gd.medium_use1-az2': 35, 'x2gd.medium_use1-az4': 50, 'x2gd.medium_use1-az5': 50, 'x2gd.medium_use1-az6': 50, 'x2gd.xlarge_use1-az1': 5, 'x2gd.xlarge_use1-az2': 1, 'x2gd.xlarge_use1-az4': 20, 'x2gd.xlarge_use1-az5': 15, 'x2gd.xlarge_use1-az6': 25, 'x2idn.16xlarge_use1-az2': 1, 'x2idn.16xlarge_use1-az5': 1, 'x2idn.24xlarge_use1-az4': 1, 'x2idn.24xlarge_use1-az5': 1, 'x2idn.32xlarge_use1-az5': 1, 'x8g.12xlarge_use1-az2': 1, 'x8g.12xlarge_use1-az4': 20, 'x8g.12xlarge_use1-az6': 1, 'x8g.16xlarge_use1-az1': 1, 'x8g.16xlarge_use1-az2': 5, 'x8g.16xlarge_use1-az4': 5, 'x8g.16xlarge_use1-az6': 5, 'x8g.24xlarge_use1-az1': 1, 'x8g.24xlarge_use1-az2': 5, 'x8g.24xlarge_use1-az4': 5, 'x8g.24xlarge_use1-az6': 10, 'x8g.2xlarge_use1-az1': 5, 'x8g.2xlarge_use1-az2': 10, 'x8g.2xlarge_use1-az4': 10, 'x8g.2xlarge_use1-az6': 25, 'x8g.48xlarge_use1-az1': 1, 'x8g.48xlarge_use1-az2': 1, 'x8g.48xlarge_use1-az4': 10, 'x8g.48xlarge_use1-az6': 1, 'x8g.4xlarge_use1-az2': 5, 'x8g.4xlarge_use1-az4': 5, 'x8g.4xlarge_use1-az6': 10, 'x8g.8xlarge_use1-az2': 15, 'x8g.8xlarge_use1-az4': 20, 'x8g.8xlarge_use1-az6': 5, 'x8g.large_use1-az1': 30, 'x8g.large_use1-az4': 50, 'x8g.large_use1-az6': 50, 'x8g.medium_use1-az1': 50, 'x8g.medium_use1-az4': 50, 'x8g.medium_use1-az6': 50, 'x8g.metal-24xl_use1-az1': 1, 'x8g.metal-24xl_use1-az2': 1, 'x8g.metal-24xl_use1-az4': 1, 'x8g.metal-24xl_use1-az6': 10, 'x8g.metal-48xl_use1-az2': 1, 'x8g.metal-48xl_use1-az4': 1, 'x8g.metal-48xl_use1-az6': 1, 'x8g.xlarge_use1-az1': 10, 'x8g.xlarge_use1-az2': 20, 'x8g.xlarge_use1-az4': 40, 'x8g.xlarge_use1-az6': 50, 'z1d.12xlarge_use1-az1': 1, 'z1d.12xlarge_use1-az2': 1, 'z1d.12xlarge_use1-az4': 1, 'z1d.12xlarge_use1-az5': 1, 'z1d.12xlarge_use1-az6': 5, 'z1d.2xlarge_use1-az1': 5, 'z1d.2xlarge_use1-az2': 5, 'z1d.2xlarge_use1-az4': 15, 'z1d.2xlarge_use1-az5': 1, 'z1d.2xlarge_use1-az6': 15, 'z1d.3xlarge_use1-az1': 5, 'z1d.3xlarge_use1-az2': 5, 'z1d.3xlarge_use1-az4': 10, 'z1d.3xlarge_use1-az5': 5, 'z1d.3xlarge_use1-az6': 5, 'z1d.6xlarge_use1-az1': 1, 'z1d.6xlarge_use1-az2': 1, 'z1d.6xlarge_use1-az4': 1, 'z1d.6xlarge_use1-az6': 1, 'z1d.large_use1-az1': 15, 'z1d.large_use1-az2': 5, 'z1d.large_use1-az4': 25, 'z1d.large_use1-az5': 10, 'z1d.large_use1-az6': 25, 'z1d.xlarge_use1-az1': 10, 'z1d.xlarge_use1-az2': 20, 'z1d.xlarge_use1-az4': 30, 'z1d.xlarge_use1-az5': 1, 'z1d.xlarge_use1-az6': 20}"
0.66,23987.67459999996,28204523683,1175792.3247692224,1080041,1079941,"{'c4.8xlarge_use1-az2': 5, 'c4.8xlarge_use1-az3': 5, 'c4.8xlarge_use1-az4': 15, 'c4.8xlarge_use1-az6': 5, 'c5.12xlarge_use1-az1': 50, 'c5.12xlarge_use1-az2': 50, 'c5.12xlarge_use1-az4': 50, 'c5.12xlarge_use1-az6': 50, 'c5.18xlarge_use1-az1': 5, 'c5.18xlarge_use1-az2': 50, 'c5.18xlarge_use1-az4': 15, 'c5.18xlarge_use1-az5': 10, 'c5.18xlarge_use1-az6': 1, 'c5.24xlarge_use1-az1': 1, 'c5.24xlarge_use1-az2': 5, 'c5.24xlarge_use1-az4': 5, 'c5.24xlarge_use1-az5': 1, 'c5.24xlarge_use1-az6': 5, 'c5.2xlarge_use1-az1': 50, 'c5.2xlarge_use1-az2': 50, 'c5.2xlarge_use1-az4': 50, 'c5.2xlarge_use1-az5': 50, 'c5.2xlarge_use1-az6': 50, 'c5.4xlarge_use1-az1': 50, 'c5.4xlarge_use1-az2': 50, 'c5.4xlarge_use1-az4': 50, 'c5.4xlarge_use1-az5': 50, 'c5.4xlarge_use1-az6': 50, 'c5.9xlarge_use1-az1': 50, 'c5.9xlarge_use1-az2': 50, 'c5.9xlarge_use1-az4': 50, 'c5.9xlarge_use1-az6': 50, 'c5.large_use1-az1': 50, 'c5.large_use1-az2': 50, 'c5.large_use1-az4': 50, 'c5.large_use1-az5': 50, 'c5.large_use1-az6': 50, 'c5.xlarge_use1-az1': 50, 'c5.xlarge_use1-az2': 50, 'c5.xlarge_use1-az4': 50, 'c5.xlarge_use1-az5': 50, 'c5.xlarge_use1-az6': 50, 'c5a.12xlarge_use1-az1': 5, 'c5a.12xlarge_use1-az2': 10, 'c5a.12xlarge_use1-az4': 15, 'c5a.12xlarge_use1-az6': 5, 'c5a.16xlarge_use1-az4': 1, 'c5a.16xlarge_use1-az6': 1, 'c5a.24xlarge_use1-az2': 1, 'c5a.24xlarge_use1-az4': 1, 'c5a.24xlarge_use1-az6': 1, 'c5a.2xlarge_use1-az1': 30, 'c5a.2xlarge_use1-az2': 20, 'c5a.2xlarge_use1-az4': 50, 'c5a.2xlarge_use1-az5': 15, 'c5a.2xlarge_use1-az6': 50, 'c5a.4xlarge_use1-az1': 5, 'c5a.4xlarge_use1-az2': 1, 'c5a.4xlarge_use1-az5': 5, 'c5a.4xlarge_use1-az6': 5, 'c5a.8xlarge_use1-az1': 1, 'c5a.8xlarge_use1-az2': 1, 'c5a.8xlarge_use1-az4': 5, 'c5a.8xlarge_use1-az6': 15, 'c5a.large_use1-az1': 50, 'c5a.large_use1-az2': 50, 'c5a.large_use1-az4': 50, 'c5a.large_use1-az5': 45, 'c5a.large_use1-az6': 50, 'c5a.xlarge_use1-az1': 50, 'c5a.xlarge_use1-az2': 50, 'c5a.xlarge_use1-az4': 50, 'c5a.xlarge_use1-az5': 50, 'c5a.xlarge_use1-az6': 50, 'c5ad.12xlarge_use1-az2': 5, 'c5ad.12xlarge_use1-az4': 5, 'c5ad.12xlarge_use1-az6': 5, 'c5ad.16xlarge_use1-az1': 1, 'c5ad.16xlarge_use1-az2': 5, 'c5ad.16xlarge_use1-az4': 1, 'c5ad.16xlarge_use1-az6': 1, 'c5ad.24xlarge_use1-az1': 1, 'c5ad.24xlarge_use1-az2': 1, 'c5ad.24xlarge_use1-az4': 1, 'c5ad.24xlarge_use1-az6': 5, 'c5ad.2xlarge_use1-az2': 5, 'c5ad.2xlarge_use1-az4': 5, 'c5ad.2xlarge_use1-az5': 5, 'c5ad.2xlarge_use1-az6': 15, 'c5ad.4xlarge_use1-az1': 5, 'c5ad.4xlarge_use1-az2': 5, 'c5ad.4xlarge_use1-az4': 1, 'c5ad.4xlarge_use1-az5': 1, 'c5ad.4xlarge_use1-az6': 10, 'c5ad.8xlarge_use1-az2': 1, 'c5ad.8xlarge_use1-az4': 1, 'c5ad.8xlarge_use1-az5': 1, 'c5ad.large_use1-az1': 20, 'c5ad.large_use1-az2': 30, 'c5ad.large_use1-az4': 10, 'c5ad.large_use1-az5': 15, 'c5ad.large_use1-az6': 20, 'c5ad.xlarge_use1-az1': 15, 'c5ad.xlarge_use1-az2': 10, 'c5ad.xlarge_use1-az4': 5, 'c5ad.xlarge_use1-az5': 5, 'c5ad.xlarge_use1-az6': 15, 'c5d.12xlarge_use1-az2': 15, 'c5d.12xlarge_use1-az4': 5, 'c5d.12xlarge_use1-az6': 45, 'c5d.18xlarge_use1-az1': 5, 'c5d.18xlarge_use1-az2': 50, 'c5d.18xlarge_use1-az4': 50, 'c5d.18xlarge_use1-az5': 5, 'c5d.18xlarge_use1-az6': 30, 'c5d.24xlarge_use1-az2': 35, 'c5d.24xlarge_use1-az4': 25, 'c5d.24xlarge_use1-az6': 50, 'c5d.2xlarge_use1-az1': 15, 'c5d.2xlarge_use1-az2': 50, 'c5d.2xlarge_use1-az4': 50, 'c5d.2xlarge_use1-az5': 20, 'c5d.2xlarge_use1-az6': 50, 'c5d.4xlarge_use1-az5': 25, 'c5d.4xlarge_use1-az6': 50, 'c5d.9xlarge_use1-az1': 10, 'c5d.9xlarge_use1-az2': 20, 'c5d.9xlarge_use1-az5': 10, 'c5d.9xlarge_use1-az6': 25, 'c5d.large_use1-az1': 50, 'c5d.large_use1-az2': 50, 'c5d.large_use1-az4': 50, 'c5d.large_use1-az5': 35, 'c5d.large_use1-az6': 50, 'c5d.xlarge_use1-az1': 50, 'c5d.xlarge_use1-az2': 50, 'c5d.xlarge_use1-az4': 50, 'c5d.xlarge_use1-az5': 50, 'c5d.xlarge_use1-az6': 50, 'c5n.18xlarge_use1-az1': 30, 'c5n.18xlarge_use1-az2': 5, 'c5n.18xlarge_use1-az4': 10, 'c5n.2xlarge_use1-az4': 15, 'c5n.2xlarge_use1-az5': 10, 'c5n.2xlarge_use1-az6': 10, 'c5n.4xlarge_use1-az2': 1, 'c5n.4xlarge_use1-az6': 1, 'c5n.9xlarge_use1-az1': 10, 'c5n.9xlarge_use1-az2': 1, 'c5n.9xlarge_use1-az4': 5, 'c5n.large_use1-az2': 10, 'c5n.large_use1-az4': 25, 'c5n.large_use1-az5': 5, 'c5n.large_use1-az6': 5, 'c5n.xlarge_use1-az5': 1, 'c6a.12xlarge_use1-az1': 5, 'c6a.12xlarge_use1-az2': 50, 'c6a.12xlarge_use1-az4': 50, 'c6a.12xlarge_use1-az5': 1, 'c6a.12xlarge_use1-az6': 15, 'c6a.16xlarge_use1-az1': 1, 'c6a.16xlarge_use1-az2': 5, 'c6a.16xlarge_use1-az4': 10, 'c6a.16xlarge_use1-az5': 1, 'c6a.16xlarge_use1-az6': 15, 'c6a.24xlarge_use1-az1': 1, 'c6a.24xlarge_use1-az2': 5, 'c6a.24xlarge_use1-az4': 5, 'c6a.24xlarge_use1-az5': 5, 'c6a.24xlarge_use1-az6': 20, 'c6a.2xlarge_use1-az1': 10, 'c6a.2xlarge_use1-az2': 40, 'c6a.2xlarge_use1-az4': 50, 'c6a.2xlarge_use1-az5': 10, 'c6a.2xlarge_use1-az6': 50, 'c6a.32xlarge_use1-az2': 1, 'c6a.32xlarge_use1-az4': 1, 'c6a.32xlarge_use1-az5': 1, 'c6a.32xlarge_use1-az6': 5, 'c6a.48xlarge_use1-az2': 1, 'c6a.48xlarge_use1-az4': 10, 'c6a.48xlarge_use1-az5': 5, 'c6a.48xlarge_use1-az6': 25, 'c6a.4xlarge_use1-az1': 15, 'c6a.4xlarge_use1-az2': 15, 'c6a.4xlarge_use1-az4': 30, 'c6a.4xlarge_use1-az5': 15, 'c6a.4xlarge_use1-az6': 50, 'c6a.8xlarge_use1-az1': 5, 'c6a.8xlarge_use1-az2': 50, 'c6a.8xlarge_use1-az4': 30, 'c6a.8xlarge_use1-az5': 25, 'c6a.8xlarge_use1-az6': 50, 'c6a.large_use1-az1': 45, 'c6a.large_use1-az2': 50, 'c6a.large_use1-az4': 50, 'c6a.large_use1-az5': 50, 'c6a.large_use1-az6': 20, 'c6a.xlarge_use1-az1': 15, 'c6a.xlarge_use1-az2': 25, 'c6a.xlarge_use1-az4': 25, 'c6a.xlarge_use1-az5': 15, 'c6a.xlarge_use1-az6': 25, 'c6g.12xlarge_use1-az1': 15, 'c6g.12xlarge_use1-az2': 25, 'c6g.12xlarge_use1-az4': 50, 'c6g.12xlarge_use1-az5': 5, 'c6g.12xlarge_use1-az6': 50, 'c6g.16xlarge_use1-az1': 1, 'c6g.16xlarge_use1-az2': 15, 'c6g.16xlarge_use1-az4': 50, 'c6g.16xlarge_use1-az5': 5, 'c6g.16xlarge_use1-az6': 50, 'c6g.2xlarge_use1-az1': 5, 'c6g.2xlarge_use1-az2': 50, 'c6g.2xlarge_use1-az4': 50, 'c6g.2xlarge_use1-az5': 15, 'c6g.2xlarge_use1-az6': 50, 'c6g.4xlarge_use1-az1': 50, 'c6g.4xlarge_use1-az2': 50, 'c6g.4xlarge_use1-az4': 50, 'c6g.4xlarge_use1-az5': 50, 'c6g.4xlarge_use1-az6': 50, 'c6g.8xlarge_use1-az1': 50, 'c6g.8xlarge_use1-az2': 50, 'c6g.8xlarge_use1-az4': 50, 'c6g.8xlarge_use1-az5': 50, 'c6g.8xlarge_use1-az6': 50, 'c6g.large_use1-az2': 50, 'c6g.large_use1-az4': 50, 'c6g.large_use1-az5': 50, 'c6g.large_use1-az6': 50, 'c6g.xlarge_use1-az2': 50, 'c6g.xlarge_use1-az4': 50, 'c6g.xlarge_use1-az5': 10, 'c6g.xlarge_use1-az6': 50, 'c6gd.12xlarge_use1-az2': 50, 'c6gd.12xlarge_use1-az4': 30, 'c6gd.12xlarge_use1-az5': 1, 'c6gd.12xlarge_use1-az6': 50, 'c6gd.16xlarge_use1-az2': 50, 'c6gd.16xlarge_use1-az4': 30, 'c6gd.16xlarge_use1-az6': 50, 'c6gd.2xlarge_use1-az1': 15, 'c6gd.2xlarge_use1-az2': 50, 'c6gd.2xlarge_use1-az4': 50, 'c6gd.2xlarge_use1-az5': 1, 'c6gd.2xlarge_use1-az6': 50, 'c6gd.4xlarge_use1-az1': 20, 'c6gd.4xlarge_use1-az2': 50, 'c6gd.4xlarge_use1-az4': 50, 'c6gd.4xlarge_use1-az5': 10, 'c6gd.4xlarge_use1-az6': 50, 'c6gd.8xlarge_use1-az1': 25, 'c6gd.8xlarge_use1-az2': 45, 'c6gd.8xlarge_use1-az4': 45, 'c6gd.8xlarge_use1-az5': 1, 'c6gd.8xlarge_use1-az6': 50, 'c6gd.large_use1-az2': 5, 'c6gd.large_use1-az4': 20, 'c6gd.large_use1-az5': 1, 'c6gd.large_use1-az6': 50, 'c6gd.xlarge_use1-az1': 50, 'c6gd.xlarge_use1-az4': 1, 'c6gd.xlarge_use1-az5': 50, 'c6gd.xlarge_use1-az6': 50, 'c6gn.12xlarge_use1-az2': 25, 'c6gn.12xlarge_use1-az4': 50, 'c6gn.12xlarge_use1-az5': 1, 'c6gn.16xlarge_use1-az1': 1, 'c6gn.16xlarge_use1-az2': 50, 'c6gn.16xlarge_use1-az4': 50, 'c6gn.16xlarge_use1-az5': 10, 'c6gn.2xlarge_use1-az1': 5, 'c6gn.2xlarge_use1-az4': 20, 'c6gn.2xlarge_use1-az5': 1, 'c6gn.4xlarge_use1-az1': 1, 'c6gn.4xlarge_use1-az2': 40, 'c6gn.4xlarge_use1-az4': 35, 'c6gn.4xlarge_use1-az5': 10, 'c6gn.8xlarge_use1-az1': 25, 'c6gn.8xlarge_use1-az2': 35, 'c6gn.8xlarge_use1-az4': 30, 'c6gn.8xlarge_use1-az5': 5, 'c6gn.8xlarge_use1-az6': 5, 'c6gn.large_use1-az1': 5, 'c6gn.large_use1-az5': 15, 'c6gn.large_use1-az6': 1, 'c6gn.xlarge_use1-az1': 5, 'c6gn.xlarge_use1-az4': 15, 'c6gn.xlarge_use1-az5': 5, 'c6gn.xlarge_use1-az6': 1, 'c6i.12xlarge_use1-az1': 15, 'c6i.12xlarge_use1-az2': 15, 'c6i.12xlarge_use1-az4': 30, 'c6i.12xlarge_use1-az5': 5, 'c6i.12xlarge_use1-az6': 5, 'c6i.16xlarge_use1-az1': 5, 'c6i.16xlarge_use1-az2': 15, 'c6i.16xlarge_use1-az4': 25, 'c6i.16xlarge_use1-az5': 10, 'c6i.16xlarge_use1-az6': 30, 'c6i.24xlarge_use1-az1': 5, 'c6i.24xlarge_use1-az2': 5, 'c6i.24xlarge_use1-az4': 10, 'c6i.24xlarge_use1-az5': 1, 'c6i.24xlarge_use1-az6': 15, 'c6i.2xlarge_use1-az1': 20, 'c6i.2xlarge_use1-az2': 50, 'c6i.2xlarge_use1-az4': 50, 'c6i.2xlarge_use1-az6': 50, 'c6i.32xlarge_use1-az1': 10, 'c6i.32xlarge_use1-az2': 5, 'c6i.32xlarge_use1-az4': 50, 'c6i.32xlarge_use1-az5': 1, 'c6i.32xlarge_use1-az6': 40, 'c6i.4xlarge_use1-az1': 10, 'c6i.4xlarge_use1-az2': 40, 'c6i.4xlarge_use1-az4': 50, 'c6i.4xlarge_use1-az5': 15, 'c6i.4xlarge_use1-az6': 50, 'c6i.8xlarge_use1-az1': 10, 'c6i.8xlarge_use1-az2': 45, 'c6i.8xlarge_use1-az4': 50, 'c6i.8xlarge_use1-az5': 10, 'c6i.8xlarge_use1-az6': 50, 'c6i.large_use1-az1': 10, 'c6i.large_use1-az2': 40, 'c6i.large_use1-az4': 30, 'c6i.large_use1-az5': 10, 'c6i.large_use1-az6': 50, 'c6i.xlarge_use1-az1': 50, 'c6i.xlarge_use1-az2': 45, 'c6i.xlarge_use1-az4': 35, 'c6i.xlarge_use1-az5': 10, 'c6i.xlarge_use1-az6': 50, 'c6id.12xlarge_use1-az1': 1, 'c6id.12xlarge_use1-az2': 1, 'c6id.12xlarge_use1-az4': 5, 'c6id.12xlarge_use1-az6': 5, 'c6id.16xlarge_use1-az1': 1, 'c6id.16xlarge_use1-az2': 5, 'c6id.16xlarge_use1-az4': 5, 'c6id.16xlarge_use1-az5': 1, 'c6id.16xlarge_use1-az6': 1, 'c6id.24xlarge_use1-az1': 5, 'c6id.24xlarge_use1-az2': 15, 'c6id.24xlarge_use1-az4': 5, 'c6id.24xlarge_use1-az5': 1, 'c6id.24xlarge_use1-az6': 10, 'c6id.2xlarge_use1-az1': 1, 'c6id.2xlarge_use1-az2': 1, 'c6id.2xlarge_use1-az4': 5, 'c6id.2xlarge_use1-az5': 5, 'c6id.2xlarge_use1-az6': 1, 'c6id.32xlarge_use1-az1': 1, 'c6id.32xlarge_use1-az2': 5, 'c6id.32xlarge_use1-az4': 10, 'c6id.32xlarge_use1-az5': 1, 'c6id.32xlarge_use1-az6': 5, 'c6id.4xlarge_use1-az1': 15, 'c6id.4xlarge_use1-az2': 10, 'c6id.4xlarge_use1-az4': 10, 'c6id.4xlarge_use1-az6': 5, 'c6id.8xlarge_use1-az1': 5, 'c6id.8xlarge_use1-az2': 1, 'c6id.8xlarge_use1-az4': 5, 'c6id.8xlarge_use1-az5': 1, 'c6id.8xlarge_use1-az6': 1, 'c6id.large_use1-az1': 5, 'c6id.large_use1-az2': 5, 'c6id.large_use1-az4': 1, 'c6id.large_use1-az5': 5, 'c6id.large_use1-az6': 5, 'c6id.xlarge_use1-az1': 5, 'c6id.xlarge_use1-az2': 1, 'c6id.xlarge_use1-az4': 5, 'c6id.xlarge_use1-az5': 1, 'c6id.xlarge_use1-az6': 1, 'c6in.12xlarge_use1-az1': 1, 'c6in.12xlarge_use1-az6': 1, 'c6in.24xlarge_use1-az6': 1, 'c6in.2xlarge_use1-az4': 1, 'c6in.32xlarge_use1-az1': 1, 'c6in.32xlarge_use1-az6': 1, 'c6in.4xlarge_use1-az2': 5, 'c6in.4xlarge_use1-az4': 5, 'c6in.4xlarge_use1-az6': 25, 'c6in.large_use1-az1': 5, 'c6in.large_use1-az2': 1, 'c6in.large_use1-az4': 1, 'c6in.large_use1-az5': 1, 'c6in.large_use1-az6': 5, 'c6in.xlarge_use1-az1': 20, 'c6in.xlarge_use1-az2': 1, 'c6in.xlarge_use1-az4': 1, 'c6in.xlarge_use1-az6': 10, 'c7a.12xlarge_use1-az1': 5, 'c7a.12xlarge_use1-az2': 5, 'c7a.12xlarge_use1-az4': 1, 'c7a.12xlarge_use1-az6': 15, 'c7a.16xlarge_use1-az1': 1, 'c7a.16xlarge_use1-az2': 1, 'c7a.16xlarge_use1-az6': 5, 'c7a.24xlarge_use1-az1': 1, 'c7a.24xlarge_use1-az2': 1, 'c7a.24xlarge_use1-az5': 1, 'c7a.24xlarge_use1-az6': 5, 'c7a.2xlarge_use1-az1': 1, 'c7a.2xlarge_use1-az2': 1, 'c7a.2xlarge_use1-az5': 1, 'c7a.2xlarge_use1-az6': 10, 'c7a.32xlarge_use1-az1': 1, 'c7a.32xlarge_use1-az2': 1, 'c7a.32xlarge_use1-az6': 15, 'c7a.48xlarge_use1-az1': 1, 'c7a.48xlarge_use1-az2': 1, 'c7a.48xlarge_use1-az5': 1, 'c7a.48xlarge_use1-az6': 20, 'c7a.4xlarge_use1-az1': 5, 'c7a.4xlarge_use1-az2': 10, 'c7a.4xlarge_use1-az4': 5, 'c7a.4xlarge_use1-az5': 1, 'c7a.4xlarge_use1-az6': 50, 'c7a.8xlarge_use1-az1': 1, 'c7a.8xlarge_use1-az2': 1, 'c7a.8xlarge_use1-az4': 1, 'c7a.8xlarge_use1-az6': 10, 'c7a.large_use1-az1': 15, 'c7a.large_use1-az2': 25, 'c7a.large_use1-az4': 30, 'c7a.large_use1-az5': 10, 'c7a.large_use1-az6': 50, 'c7a.xlarge_use1-az1': 5, 'c7a.xlarge_use1-az2': 5, 'c7a.xlarge_use1-az4': 10, 'c7a.xlarge_use1-az5': 5, 'c7a.xlarge_use1-az6': 15, 'c7g.12xlarge_use1-az1': 15, 'c7g.12xlarge_use1-az2': 50, 'c7g.12xlarge_use1-az4': 15, 'c7g.12xlarge_use1-az5': 1, 'c7g.12xlarge_use1-az6': 50, 'c7g.16xlarge_use1-az1': 25, 'c7g.16xlarge_use1-az2': 40, 'c7g.16xlarge_use1-az4': 50, 'c7g.16xlarge_use1-az5': 10, 'c7g.16xlarge_use1-az6': 50, 'c7g.2xlarge_use1-az1': 50, 'c7g.2xlarge_use1-az2': 50, 'c7g.2xlarge_use1-az4': 50, 'c7g.2xlarge_use1-az5': 50, 'c7g.2xlarge_use1-az6': 50, 'c7g.4xlarge_use1-az1': 50, 'c7g.4xlarge_use1-az2': 50, 'c7g.4xlarge_use1-az4': 50, 'c7g.4xlarge_use1-az5': 50, 'c7g.4xlarge_use1-az6': 50, 'c7g.8xlarge_use1-az1': 50, 'c7g.8xlarge_use1-az2': 50, 'c7g.8xlarge_use1-az4': 50, 'c7g.8xlarge_use1-az5': 50, 'c7g.8xlarge_use1-az6': 50, 'c7g.large_use1-az2': 45, 'c7g.large_use1-az4': 30, 'c7g.large_use1-az5': 10, 'c7g.large_use1-az6': 30, 'c7g.xlarge_use1-az1': 50, 'c7g.xlarge_use1-az2': 50, 'c7g.xlarge_use1-az4': 50, 'c7g.xlarge_use1-az5': 50, 'c7g.xlarge_use1-az6': 50, 'c7gd.12xlarge_use1-az1': 5, 'c7gd.12xlarge_use1-az2': 30, 'c7gd.12xlarge_use1-az4': 15, 'c7gd.12xlarge_use1-az5': 15, 'c7gd.12xlarge_use1-az6': 50, 'c7gd.16xlarge_use1-az1': 5, 'c7gd.16xlarge_use1-az2': 30, 'c7gd.16xlarge_use1-az4': 40, 'c7gd.16xlarge_use1-az5': 1, 'c7gd.16xlarge_use1-az6': 50, 'c7gd.2xlarge_use1-az1': 15, 'c7gd.2xlarge_use1-az2': 50, 'c7gd.2xlarge_use1-az4': 50, 'c7gd.2xlarge_use1-az5': 5, 'c7gd.2xlarge_use1-az6': 50, 'c7gd.4xlarge_use1-az1': 30, 'c7gd.4xlarge_use1-az2': 25, 'c7gd.4xlarge_use1-az4': 50, 'c7gd.4xlarge_use1-az5': 1, 'c7gd.4xlarge_use1-az6': 50, 'c7gd.8xlarge_use1-az1': 5, 'c7gd.8xlarge_use1-az2': 15, 'c7gd.8xlarge_use1-az4': 10, 'c7gd.8xlarge_use1-az5': 5, 'c7gd.8xlarge_use1-az6': 20, 'c7gd.large_use1-az2': 25, 'c7gd.large_use1-az4': 5, 'c7gd.large_use1-az5': 10, 'c7gd.large_use1-az6': 20, 'c7gd.xlarge_use1-az1': 15, 'c7gd.xlarge_use1-az2': 50, 'c7gd.xlarge_use1-az4': 5, 'c7gd.xlarge_use1-az5': 15, 'c7gd.xlarge_use1-az6': 25, 'c7gn.12xlarge_use1-az5': 1, 'c7gn.16xlarge_use1-az5': 5, 'c7gn.16xlarge_use1-az6': 20, 'c7gn.2xlarge_use1-az5': 1, 'c7gn.4xlarge_use1-az2': 50, 'c7gn.4xlarge_use1-az5': 1, 'c7gn.4xlarge_use1-az6': 50, 'c7gn.8xlarge_use1-az5': 1, 'c7gn.8xlarge_use1-az6': 5, 'c7gn.large_use1-az2': 10, 'c7gn.xlarge_use1-az5': 5, 'c7gn.xlarge_use1-az6': 5, 'c7i-flex.2xlarge_use1-az2': 50, 'c7i-flex.2xlarge_use1-az5': 15, 'c7i-flex.2xlarge_use1-az6': 50, 'c7i-flex.4xlarge_use1-az1': 1, 'c7i-flex.4xlarge_use1-az2': 1, 'c7i-flex.4xlarge_use1-az4': 1, 'c7i-flex.4xlarge_use1-az6': 5, 'c7i-flex.8xlarge_use1-az1': 1, 'c7i-flex.8xlarge_use1-az2': 1, 'c7i-flex.8xlarge_use1-az4': 1, 'c7i-flex.8xlarge_use1-az6': 5, 'c7i-flex.large_use1-az1': 40, 'c7i-flex.large_use1-az2': 50, 'c7i-flex.large_use1-az4': 10, 'c7i-flex.large_use1-az5': 1, 'c7i-flex.large_use1-az6': 50, 'c7i-flex.xlarge_use1-az1': 50, 'c7i-flex.xlarge_use1-az2': 50, 'c7i-flex.xlarge_use1-az4': 50, 'c7i-flex.xlarge_use1-az5': 5, 'c7i-flex.xlarge_use1-az6': 50, 'c7i.12xlarge_use1-az1': 5, 'c7i.12xlarge_use1-az2': 15, 'c7i.12xlarge_use1-az4': 15, 'c7i.12xlarge_use1-az6': 5, 'c7i.16xlarge_use1-az1': 1, 'c7i.16xlarge_use1-az2': 5, 'c7i.16xlarge_use1-az4': 1, 'c7i.16xlarge_use1-az6': 15, 'c7i.24xlarge_use1-az1': 5, 'c7i.24xlarge_use1-az2': 5, 'c7i.24xlarge_use1-az4': 5, 'c7i.24xlarge_use1-az6': 15, 'c7i.2xlarge_use1-az1': 10, 'c7i.2xlarge_use1-az2': 10, 'c7i.2xlarge_use1-az4': 10, 'c7i.2xlarge_use1-az5': 5, 'c7i.2xlarge_use1-az6': 25, 'c7i.48xlarge_use1-az1': 10, 'c7i.48xlarge_use1-az2': 10, 'c7i.48xlarge_use1-az4': 5, 'c7i.48xlarge_use1-az5': 1, 'c7i.48xlarge_use1-az6': 50, 'c7i.4xlarge_use1-az1': 5, 'c7i.4xlarge_use1-az2': 5, 'c7i.4xlarge_use1-az4': 5, 'c7i.4xlarge_use1-az5': 1, 'c7i.4xlarge_use1-az6': 15, 'c7i.8xlarge_use1-az1': 1, 'c7i.8xlarge_use1-az2': 5, 'c7i.8xlarge_use1-az4': 5, 'c7i.8xlarge_use1-az6': 10, 'c7i.large_use1-az1': 45, 'c7i.large_use1-az2': 50, 'c7i.large_use1-az4': 50, 'c7i.large_use1-az5': 5, 'c7i.large_use1-az6': 50, 'c7i.xlarge_use1-az1': 5, 'c7i.xlarge_use1-az2': 10, 'c7i.xlarge_use1-az4': 5, 'c7i.xlarge_use1-az5': 1, 'c7i.xlarge_use1-az6': 5, 'c8g.12xlarge_use1-az1': 1, 'c8g.12xlarge_use1-az2': 5, 'c8g.12xlarge_use1-az4': 1, 'c8g.12xlarge_use1-az6': 25, 'c8g.16xlarge_use1-az1': 10, 'c8g.16xlarge_use1-az2': 5, 'c8g.16xlarge_use1-az4': 1, 'c8g.16xlarge_use1-az6': 50, 'c8g.24xlarge_use1-az1': 5, 'c8g.24xlarge_use1-az2': 10, 'c8g.24xlarge_use1-az4': 1, 'c8g.24xlarge_use1-az6': 25, 'c8g.2xlarge_use1-az1': 5, 'c8g.2xlarge_use1-az2': 5, 'c8g.2xlarge_use1-az4': 50, 'c8g.2xlarge_use1-az5': 1, 'c8g.2xlarge_use1-az6': 50, 'c8g.48xlarge_use1-az1': 1, 'c8g.48xlarge_use1-az2': 5, 'c8g.48xlarge_use1-az6': 50, 'c8g.4xlarge_use1-az1': 35, 'c8g.4xlarge_use1-az2': 15, 'c8g.4xlarge_use1-az4': 20, 'c8g.4xlarge_use1-az5': 10, 'c8g.4xlarge_use1-az6': 50, 'c8g.8xlarge_use1-az1': 1, 'c8g.8xlarge_use1-az2': 5, 'c8g.8xlarge_use1-az4': 5, 'c8g.8xlarge_use1-az6': 50, 'c8g.large_use1-az1': 5, 'c8g.large_use1-az2': 20, 'c8g.large_use1-az4': 5, 'c8g.large_use1-az5': 1, 'c8g.large_use1-az6': 40, 'c8g.metal-24xl_use1-az2': 1, 'c8g.metal-24xl_use1-az6': 20, 'c8g.metal-48xl_use1-az1': 1, 'c8g.metal-48xl_use1-az2': 1, 'c8g.metal-48xl_use1-az6': 50, 'c8g.xlarge_use1-az1': 5, 'c8g.xlarge_use1-az2': 30, 'c8g.xlarge_use1-az4': 5, 'c8g.xlarge_use1-az5': 1, 'c8g.xlarge_use1-az6': 50, 'c8gd.12xlarge_use1-az2': 5, 'c8gd.12xlarge_use1-az4': 5, 'c8gd.12xlarge_use1-az5': 1, 'c8gd.12xlarge_use1-az6': 5, 'c8gd.16xlarge_use1-az2': 10, 'c8gd.16xlarge_use1-az4': 10, 'c8gd.16xlarge_use1-az5': 5, 'c8gd.16xlarge_use1-az6': 50, 'c8gd.24xlarge_use1-az2': 1, 'c8gd.24xlarge_use1-az4': 5, 'c8gd.24xlarge_use1-az5': 1, 'c8gd.24xlarge_use1-az6': 5, 'c8gd.2xlarge_use1-az2': 50, 'c8gd.2xlarge_use1-az4': 50, 'c8gd.2xlarge_use1-az5': 10, 'c8gd.2xlarge_use1-az6': 50, 'c8gd.48xlarge_use1-az2': 1, 'c8gd.48xlarge_use1-az6': 15, 'c8gd.4xlarge_use1-az2': 10, 'c8gd.4xlarge_use1-az4': 30, 'c8gd.4xlarge_use1-az5': 1, 'c8gd.4xlarge_use1-az6': 50, 'c8gd.8xlarge_use1-az2': 1, 'c8gd.8xlarge_use1-az4': 1, 'c8gd.8xlarge_use1-az5': 1, 'c8gd.8xlarge_use1-az6': 5, 'c8gd.large_use1-az1': 1, 'c8gd.large_use1-az2': 40, 'c8gd.large_use1-az4': 35, 'c8gd.large_use1-az6': 50, 'c8gd.metal-24xl_use1-az2': 1, 'c8gd.metal-24xl_use1-az4': 1, 'c8gd.metal-24xl_use1-az5': 1, 'c8gd.metal-24xl_use1-az6': 5, 'c8gd.metal-48xl_use1-az2': 1, 'c8gd.metal-48xl_use1-az6': 1, 'c8gd.xlarge_use1-az1': 1, 'c8gd.xlarge_use1-az2': 20, 'c8gd.xlarge_use1-az4': 20, 'c8gd.xlarge_use1-az5': 15, 'c8gd.xlarge_use1-az6': 50, 'c8gn.2xlarge_use1-az2': 1, 'c8gn.2xlarge_use1-az6': 1, 'c8gn.4xlarge_use1-az2': 1, 'c8gn.4xlarge_use1-az5': 1, 'c8gn.8xlarge_use1-az2': 1, 'c8gn.8xlarge_use1-az6': 1, 'c8gn.large_use1-az6': 1, 'c8i-flex.12xlarge_use1-az6': 1, 'c8i-flex.16xlarge_use1-az6': 1, 'c8i-flex.2xlarge_use1-az2': 25, 'c8i-flex.2xlarge_use1-az4': 15, 'c8i-flex.2xlarge_use1-az6': 50, 'c8i-flex.4xlarge_use1-az2': 5, 'c8i-flex.4xlarge_use1-az4': 1, 'c8i-flex.4xlarge_use1-az6': 5, 'c8i-flex.8xlarge_use1-az6': 1, 'c8i-flex.large_use1-az4': 20, 'c8i-flex.xlarge_use1-az2': 40, 'c8i-flex.xlarge_use1-az4': 5, 'c8i-flex.xlarge_use1-az6': 50, 'c8i.12xlarge_use1-az2': 1, 'c8i.12xlarge_use1-az4': 1, 'c8i.12xlarge_use1-az6': 1, 'c8i.16xlarge_use1-az6': 1, 'c8i.24xlarge_use1-az6': 1, 'c8i.2xlarge_use1-az2': 10, 'c8i.2xlarge_use1-az4': 5, 'c8i.2xlarge_use1-az6': 20, 'c8i.32xlarge_use1-az2': 1, 'c8i.32xlarge_use1-az4': 1, 'c8i.32xlarge_use1-az6': 5, 'c8i.48xlarge_use1-az2': 1, 'c8i.48xlarge_use1-az6': 1, 'c8i.4xlarge_use1-az2': 5, 'c8i.4xlarge_use1-az4': 5, 'c8i.4xlarge_use1-az6': 5, 'c8i.8xlarge_use1-az2': 1, 'c8i.8xlarge_use1-az4': 1, 'c8i.8xlarge_use1-az6': 5, 'c8i.96xlarge_use1-az2': 1, 'c8i.96xlarge_use1-az6': 5, 'c8i.metal-48xl_use1-az2': 1, 'c8i.metal-96xl_use1-az2': 1, 'c8i.metal-96xl_use1-az6': 5, 'c8i.xlarge_use1-az2': 50, 'c8i.xlarge_use1-az4': 15, 'c8i.xlarge_use1-az6': 50, 'd2.xlarge_use1-az6': 1, 'd3.xlarge_use1-az2': 50, 'd3.xlarge_use1-az6': 25, 'd3en.12xlarge_use1-az4': 20, 'd3en.12xlarge_use1-az6': 50, 'd3en.2xlarge_use1-az6': 50, 'd3en.6xlarge_use1-az6': 50, 'd3en.xlarge_use1-az2': 50, 'd3en.xlarge_use1-az6': 50, 'f2.12xlarge_use1-az2': 1, 'f2.12xlarge_use1-az4': 1, 'f2.12xlarge_use1-az6': 1, 'f2.48xlarge_use1-az2': 5, 'f2.48xlarge_use1-az4': 5, 'f2.48xlarge_use1-az6': 1, 'g4ad.16xlarge_use1-az1': 5, 'g4ad.16xlarge_use1-az2': 5, 'g4ad.16xlarge_use1-az4': 5, 'g4ad.16xlarge_use1-az6': 10, 'g4ad.2xlarge_use1-az1': 5, 'g4ad.2xlarge_use1-az2': 10, 'g4ad.2xlarge_use1-az4': 10, 'g4ad.2xlarge_use1-az6': 10, 'g4ad.4xlarge_use1-az1': 10, 'g4ad.4xlarge_use1-az2': 15, 'g4ad.4xlarge_use1-az4': 15, 'g4ad.4xlarge_use1-az6': 5, 'g4ad.8xlarge_use1-az1': 1, 'g4ad.8xlarge_use1-az2': 5, 'g4ad.8xlarge_use1-az4': 5, 'g4ad.8xlarge_use1-az6': 5, 'g4ad.xlarge_use1-az1': 20, 'g4ad.xlarge_use1-az2': 20, 'g4ad.xlarge_use1-az4': 25, 'g4ad.xlarge_use1-az6': 20, 'g4dn.12xlarge_use1-az1': 5, 'g4dn.12xlarge_use1-az2': 15, 'g4dn.12xlarge_use1-az4': 15, 'g4dn.12xlarge_use1-az5': 15, 'g4dn.12xlarge_use1-az6': 50, 'g4dn.16xlarge_use1-az1': 1, 'g4dn.16xlarge_use1-az2': 10, 'g4dn.16xlarge_use1-az4': 1, 'g4dn.16xlarge_use1-az5': 5, 'g4dn.16xlarge_use1-az6': 15, 'g4dn.2xlarge_use1-az1': 45, 'g4dn.2xlarge_use1-az2': 50, 'g4dn.2xlarge_use1-az4': 50, 'g4dn.2xlarge_use1-az5': 50, 'g4dn.2xlarge_use1-az6': 50, 'g4dn.4xlarge_use1-az1': 5, 'g4dn.4xlarge_use1-az2': 40, 'g4dn.4xlarge_use1-az4': 25, 'g4dn.4xlarge_use1-az5': 40, 'g4dn.4xlarge_use1-az6': 40, 'g4dn.8xlarge_use1-az1': 1, 'g4dn.8xlarge_use1-az2': 1, 'g4dn.8xlarge_use1-az4': 10, 'g4dn.8xlarge_use1-az5': 1, 'g4dn.8xlarge_use1-az6': 5, 'g5.12xlarge_use1-az2': 1, 'g5.16xlarge_use1-az1': 1, 'g5.16xlarge_use1-az2': 1, 'g5.16xlarge_use1-az4': 5, 'g5.16xlarge_use1-az5': 5, 'g5.16xlarge_use1-az6': 10, 'g5.24xlarge_use1-az1': 1, 'g5.24xlarge_use1-az2': 1, 'g5.24xlarge_use1-az4': 1, 'g5.24xlarge_use1-az5': 1, 'g5.24xlarge_use1-az6': 5, 'g5.48xlarge_use1-az2': 1, 'g5.48xlarge_use1-az5': 5, 'g5.48xlarge_use1-az6': 25, 'g5.4xlarge_use1-az1': 1, 'g5.4xlarge_use1-az4': 50, 'g5.4xlarge_use1-az5': 40, 'g5.4xlarge_use1-az6': 50, 'g5.8xlarge_use1-az1': 1, 'g5.8xlarge_use1-az2': 5, 'g5.8xlarge_use1-az4': 10, 'g5.8xlarge_use1-az5': 20, 'g5.8xlarge_use1-az6': 10, 'g5g.16xlarge_use1-az1': 1, 'g5g.16xlarge_use1-az6': 5, 'g5g.4xlarge_use1-az6': 1, 'g5g.8xlarge_use1-az1': 1, 'g5g.8xlarge_use1-az4': 1, 'g5g.8xlarge_use1-az6': 1, 'g6.12xlarge_use1-az1': 5, 'g6.12xlarge_use1-az2': 1, 'g6.12xlarge_use1-az4': 30, 'g6.12xlarge_use1-az6': 50, 'g6.16xlarge_use1-az1': 1, 'g6.16xlarge_use1-az2': 1, 'g6.16xlarge_use1-az4': 1, 'g6.16xlarge_use1-az6': 5, 'g6.24xlarge_use1-az2': 1, 'g6.24xlarge_use1-az4': 1, 'g6.24xlarge_use1-az6': 1, 'g6.48xlarge_use1-az2': 5, 'g6.48xlarge_use1-az4': 30, 'g6.48xlarge_use1-az6': 50, 'g6.4xlarge_use1-az1': 5, 'g6.4xlarge_use1-az2': 10, 'g6.4xlarge_use1-az4': 35, 'g6.4xlarge_use1-az6': 50, 'g6.8xlarge_use1-az1': 5, 'g6.8xlarge_use1-az2': 5, 'g6.8xlarge_use1-az4': 10, 'g6.8xlarge_use1-az6': 15, 'g6e.16xlarge_use1-az1': 10, 'g6e.16xlarge_use1-az2': 15, 'g6e.16xlarge_use1-az4': 40, 'g6e.16xlarge_use1-az6': 20, 'g6e.48xlarge_use1-az4': 5, 'g6e.48xlarge_use1-az6': 1, 'g6e.4xlarge_use1-az4': 5, 'g6e.4xlarge_use1-az6': 1, 'g6e.8xlarge_use1-az1': 1, 'g6e.8xlarge_use1-az2': 1, 'g6e.8xlarge_use1-az4': 1, 'g6e.8xlarge_use1-az6': 1, 'g6f.2xlarge_use1-az1': 1, 'g6f.2xlarge_use1-az4': 1, 'g6f.2xlarge_use1-az6': 5, 'g6f.4xlarge_use1-az1': 1, 'g6f.4xlarge_use1-az4': 1, 'g6f.4xlarge_use1-az6': 1, 'g6f.large_use1-az1': 10, 'g6f.large_use1-az2': 15, 'g6f.large_use1-az4': 40, 'g6f.large_use1-az6': 20, 'g6f.xlarge_use1-az1': 1, 'g6f.xlarge_use1-az2': 1, 'g6f.xlarge_use1-az4': 5, 'g6f.xlarge_use1-az6': 10, 'gr6.4xlarge_use1-az2': 1, 'gr6.4xlarge_use1-az4': 1, 'gr6.4xlarge_use1-az6': 1, 'gr6.8xlarge_use1-az1': 1, 'gr6.8xlarge_use1-az2': 1, 'gr6.8xlarge_use1-az4': 1, 'gr6.8xlarge_use1-az6': 1, 'i2.xlarge_use1-az1': 1, 'i2.xlarge_use1-az2': 15, 'i2.xlarge_use1-az3': 1, 'i2.xlarge_use1-az6': 15, 'i3.16xlarge_use1-az1': 20, 'i3.16xlarge_use1-az2': 50, 'i3.16xlarge_use1-az3': 10, 'i3.16xlarge_use1-az4': 50, 'i3.16xlarge_use1-az5': 10, 'i3.16xlarge_use1-az6': 45, 'i3.2xlarge_use1-az2': 50, 'i3.2xlarge_use1-az3': 50, 'i3.2xlarge_use1-az4': 50, 'i3.2xlarge_use1-az5': 50, 'i3.2xlarge_use1-az6': 50, 'i3.4xlarge_use1-az2': 50, 'i3.4xlarge_use1-az3': 50, 'i3.4xlarge_use1-az4': 50, 'i3.4xlarge_use1-az5': 50, 'i3.4xlarge_use1-az6': 50, 'i3.8xlarge_use1-az2': 50, 'i3.8xlarge_use1-az3': 50, 'i3.8xlarge_use1-az4': 50, 'i3.8xlarge_use1-az5': 25, 'i3.8xlarge_use1-az6': 50, 'i3.large_use1-az1': 50, 'i3.large_use1-az2': 50, 'i3.large_use1-az3': 50, 'i3.large_use1-az4': 50, 'i3.large_use1-az5': 50, 'i3.large_use1-az6': 50, 'i3.xlarge_use1-az1': 50, 'i3.xlarge_use1-az2': 50, 'i3.xlarge_use1-az3': 50, 'i3.xlarge_use1-az4': 50, 'i3.xlarge_use1-az5': 50, 'i3.xlarge_use1-az6': 50, 'i3en.12xlarge_use1-az2': 1, 'i3en.24xlarge_use1-az6': 20, 'i3en.3xlarge_use1-az5': 50, 'i3en.3xlarge_use1-az6': 50, 'i3en.large_use1-az1': 50, 'i3en.large_use1-az2': 50, 'i3en.large_use1-az4': 45, 'i3en.large_use1-az5': 35, 'i3en.large_use1-az6': 50, 'i3en.xlarge_use1-az1': 50, 'i3en.xlarge_use1-az2': 50, 'i3en.xlarge_use1-az4': 50, 'i3en.xlarge_use1-az6': 50, 'i4g.16xlarge_use1-az2': 1, 'i4g.16xlarge_use1-az4': 1, 'i4g.16xlarge_use1-az5': 50, 'i4g.16xlarge_use1-az6': 50, 'i4g.2xlarge_use1-az2': 10, 'i4g.2xlarge_use1-az4': 15, 'i4g.2xlarge_use1-az5': 40, 'i4g.2xlarge_use1-az6': 50, 'i4g.4xlarge_use1-az2': 25, 'i4g.4xlarge_use1-az4': 30, 'i4g.large_use1-az1': 5, 'i4g.large_use1-az2': 5, 'i4g.large_use1-az4': 5, 'i4g.large_use1-az5': 25, 'i4g.large_use1-az6': 50, 'i4g.xlarge_use1-az2': 10, 'i4g.xlarge_use1-az4': 1, 'i4g.xlarge_use1-az5': 50, 'i4g.xlarge_use1-az6': 50, 'i4i.12xlarge_use1-az2': 5, 'i4i.16xlarge_use1-az6': 1, 'i4i.24xlarge_use1-az2': 1, 'i4i.2xlarge_use1-az1': 15, 'i4i.2xlarge_use1-az2': 50, 'i4i.2xlarge_use1-az4': 50, 'i4i.2xlarge_use1-az5': 1, 'i4i.2xlarge_use1-az6': 50, 'i4i.4xlarge_use1-az6': 15, 'i4i.8xlarge_use1-az1': 1, 'i4i.8xlarge_use1-az2': 40, 'i4i.large_use1-az1': 50, 'i4i.large_use1-az2': 50, 'i4i.large_use1-az4': 50, 'i4i.large_use1-az5': 50, 'i4i.large_use1-az6': 50, 'i4i.xlarge_use1-az1': 50, 'i4i.xlarge_use1-az2': 50, 'i4i.xlarge_use1-az4': 50, 'i4i.xlarge_use1-az5': 50, 'i4i.xlarge_use1-az6': 50, 'i7i.12xlarge_use1-az1': 1, 'i7i.12xlarge_use1-az2': 1, 'i7i.12xlarge_use1-az4': 1, 'i7i.12xlarge_use1-az5': 1, 'i7i.12xlarge_use1-az6': 1, 'i7i.16xlarge_use1-az2': 1, 'i7i.16xlarge_use1-az4': 5, 'i7i.16xlarge_use1-az5': 1, 'i7i.16xlarge_use1-az6': 1, 'i7i.24xlarge_use1-az2': 1, 'i7i.24xlarge_use1-az4': 1, 'i7i.24xlarge_use1-az5': 1, 'i7i.24xlarge_use1-az6': 1, 'i7i.2xlarge_use1-az1': 1, 'i7i.2xlarge_use1-az2': 50, 'i7i.2xlarge_use1-az4': 45, 'i7i.2xlarge_use1-az5': 20, 'i7i.2xlarge_use1-az6': 10, 'i7i.48xlarge_use1-az2': 1, 'i7i.4xlarge_use1-az1': 1, 'i7i.4xlarge_use1-az2': 15, 'i7i.4xlarge_use1-az4': 20, 'i7i.4xlarge_use1-az5': 5, 'i7i.4xlarge_use1-az6': 20, 'i7i.8xlarge_use1-az1': 1, 'i7i.8xlarge_use1-az2': 1, 'i7i.8xlarge_use1-az4': 5, 'i7i.8xlarge_use1-az5': 1, 'i7i.8xlarge_use1-az6': 1, 'i7i.metal-24xl_use1-az2': 1, 'i7i.metal-24xl_use1-az4': 50, 'i7i.metal-24xl_use1-az6': 35, 'i7i.xlarge_use1-az1': 1, 'i7i.xlarge_use1-az6': 20, 'i7ie.12xlarge_use1-az1': 1, 'i7ie.12xlarge_use1-az4': 1, 'i7ie.12xlarge_use1-az6': 30, 'i7ie.18xlarge_use1-az6': 20, 'i7ie.24xlarge_use1-az1': 1, 'i7ie.24xlarge_use1-az4': 1, 'i7ie.24xlarge_use1-az6': 50, 'i7ie.2xlarge_use1-az1': 5, 'i7ie.2xlarge_use1-az2': 1, 'i7ie.2xlarge_use1-az4': 15, 'i7ie.2xlarge_use1-az6': 35, 'i7ie.3xlarge_use1-az1': 5, 'i7ie.3xlarge_use1-az2': 1, 'i7ie.3xlarge_use1-az4': 5, 'i7ie.3xlarge_use1-az6': 30, 'i7ie.48xlarge_use1-az6': 50, 'i7ie.6xlarge_use1-az1': 25, 'i7ie.6xlarge_use1-az4': 20, 'i7ie.6xlarge_use1-az6': 50, 'i7ie.large_use1-az1': 45, 'i7ie.large_use1-az4': 50, 'i7ie.large_use1-az6': 50, 'i7ie.metal-24xl_use1-az4': 1, 'i7ie.metal-24xl_use1-az6': 15, 'i7ie.metal-48xl_use1-az6': 10, 'i7ie.xlarge_use1-az1': 10, 'i7ie.xlarge_use1-az2': 25, 'i7ie.xlarge_use1-az4': 45, 'i7ie.xlarge_use1-az6': 50, 'i8g.12xlarge_use1-az6': 1, 'i8g.24xlarge_use1-az6': 10, 'i8g.2xlarge_use1-az2': 1, 'i8g.4xlarge_use1-az2': 1, 'i8g.8xlarge_use1-az6': 5, 'i8g.large_use1-az2': 10, 'i8g.large_use1-az6': 5, 'i8g.xlarge_use1-az2': 1, 'i8g.xlarge_use1-az4': 1, 'i8g.xlarge_use1-az6': 1, 'i8ge.12xlarge_use1-az4': 1, 'i8ge.12xlarge_use1-az6': 5, 'i8ge.18xlarge_use1-az2': 1, 'i8ge.18xlarge_use1-az4': 1, 'i8ge.18xlarge_use1-az6': 5, 'i8ge.24xlarge_use1-az4': 1, 'i8ge.24xlarge_use1-az6': 5, 'i8ge.2xlarge_use1-az4': 10, 'i8ge.3xlarge_use1-az2': 1, 'i8ge.3xlarge_use1-az4': 5, 'i8ge.48xlarge_use1-az4': 5, 'i8ge.6xlarge_use1-az2': 1, 'i8ge.6xlarge_use1-az4': 1, 'i8ge.large_use1-az2': 5, 'i8ge.large_use1-az4': 50, 'i8ge.metal-24xl_use1-az4': 1, 'i8ge.metal-48xl_use1-az6': 1, 'i8ge.xlarge_use1-az4': 20, 'im4gn.16xlarge_use1-az4': 45, 'im4gn.2xlarge_use1-az1': 10, 'im4gn.2xlarge_use1-az4': 20, 'im4gn.2xlarge_use1-az6': 15, 'im4gn.4xlarge_use1-az1': 5, 'im4gn.4xlarge_use1-az4': 15, 'im4gn.8xlarge_use1-az1': 1, 'im4gn.8xlarge_use1-az4': 5, 'im4gn.large_use1-az2': 10, 'im4gn.large_use1-az4': 50, 'im4gn.large_use1-az6': 10, 'im4gn.xlarge_use1-az1': 25, 'im4gn.xlarge_use1-az2': 50, 'im4gn.xlarge_use1-az4': 30, 'im4gn.xlarge_use1-az6': 40, 'inf1.24xlarge_use1-az1': 1, 'inf1.24xlarge_use1-az2': 1, 'inf1.24xlarge_use1-az4': 10, 'inf1.24xlarge_use1-az5': 5, 'inf1.24xlarge_use1-az6': 20, 'inf1.2xlarge_use1-az1': 15, 'inf1.2xlarge_use1-az2': 15, 'inf1.2xlarge_use1-az4': 30, 'inf1.2xlarge_use1-az5': 40, 'inf1.2xlarge_use1-az6': 40, 'inf1.6xlarge_use1-az1': 1, 'inf1.6xlarge_use1-az2': 1, 'inf1.6xlarge_use1-az4': 5, 'inf1.6xlarge_use1-az5': 5, 'inf1.6xlarge_use1-az6': 10, 'inf1.xlarge_use1-az1': 50, 'inf1.xlarge_use1-az2': 50, 'inf1.xlarge_use1-az4': 40, 'inf1.xlarge_use1-az5': 50, 'inf1.xlarge_use1-az6': 50, 'inf2.24xlarge_use1-az4': 1, 'inf2.24xlarge_use1-az6': 10, 'inf2.48xlarge_use1-az6': 15, 'inf2.8xlarge_use1-az2': 5, 'inf2.8xlarge_use1-az4': 5, 'inf2.8xlarge_use1-az5': 1, 'inf2.8xlarge_use1-az6': 1, 'inf2.xlarge_use1-az2': 5, 'inf2.xlarge_use1-az4': 1, 'inf2.xlarge_use1-az6': 50, 'is4gen.2xlarge_use1-az2': 50, 'is4gen.2xlarge_use1-az6': 50, 'is4gen.medium_use1-az1': 50, 'is4gen.medium_use1-az2': 25, 'is4gen.medium_use1-az4': 40, 'is4gen.medium_use1-az6': 30, 'm2.2xlarge_use1-az1': 5, 'm2.2xlarge_use1-az2': 10, 'm2.2xlarge_use1-az4': 15, 'm2.2xlarge_use1-az6': 5, 'm2.4xlarge_use1-az1': 1, 'm2.4xlarge_use1-az2': 5, 'm2.4xlarge_use1-az4': 5, 'm2.4xlarge_use1-az6': 5, 'm2.xlarge_use1-az1': 5, 'm2.xlarge_use1-az2': 20, 'm2.xlarge_use1-az4': 20, 'm2.xlarge_use1-az6': 15, 'm3.2xlarge_use1-az2': 25, 'm3.2xlarge_use1-az3': 1, 'm3.2xlarge_use1-az4': 40, 'm3.2xlarge_use1-az6': 45, 'm3.xlarge_use1-az2': 50, 'm3.xlarge_use1-az3': 1, 'm3.xlarge_use1-az4': 50, 'm3.xlarge_use1-az6': 50, 'm4.10xlarge_use1-az1': 5, 'm4.10xlarge_use1-az2': 10, 'm4.10xlarge_use1-az3': 1, 'm4.10xlarge_use1-az4': 50, 'm4.10xlarge_use1-az5': 1, 'm4.10xlarge_use1-az6': 50, 'm4.2xlarge_use1-az1': 5, 'm4.2xlarge_use1-az2': 20, 'm4.2xlarge_use1-az3': 50, 'm4.2xlarge_use1-az4': 20, 'm4.2xlarge_use1-az5': 1, 'm4.2xlarge_use1-az6': 25, 'm4.4xlarge_use1-az1': 50, 'm4.4xlarge_use1-az2': 50, 'm4.4xlarge_use1-az3': 50, 'm4.4xlarge_use1-az4': 25, 'm4.4xlarge_use1-az5': 10, 'm4.4xlarge_use1-az6': 15, 'm4.large_use1-az1': 30, 'm4.large_use1-az2': 50, 'm4.large_use1-az3': 25, 'm4.large_use1-az4': 50, 'm4.large_use1-az5': 10, 'm4.large_use1-az6': 50, 'm4.xlarge_use1-az1': 15, 'm4.xlarge_use1-az2': 50, 'm4.xlarge_use1-az3': 50, 'm4.xlarge_use1-az4': 50, 'm4.xlarge_use1-az5': 30, 'm4.xlarge_use1-az6': 50, 'm5.12xlarge_use1-az1': 5, 'm5.12xlarge_use1-az2': 25, 'm5.12xlarge_use1-az4': 50, 'm5.12xlarge_use1-az5': 1, 'm5.12xlarge_use1-az6': 40, 'm5.16xlarge_use1-az1': 10, 'm5.16xlarge_use1-az2': 50, 'm5.16xlarge_use1-az4': 50, 'm5.16xlarge_use1-az5': 1, 'm5.16xlarge_use1-az6': 50, 'm5.24xlarge_use1-az1': 5, 'm5.24xlarge_use1-az2': 5, 'm5.24xlarge_use1-az4': 5, 'm5.24xlarge_use1-az5': 1, 'm5.24xlarge_use1-az6': 35, 'm5.2xlarge_use1-az1': 50, 'm5.2xlarge_use1-az2': 50, 'm5.2xlarge_use1-az4': 50, 'm5.2xlarge_use1-az5': 50, 'm5.2xlarge_use1-az6': 50, 'm5.4xlarge_use1-az1': 50, 'm5.4xlarge_use1-az2': 50, 'm5.4xlarge_use1-az4': 50, 'm5.4xlarge_use1-az5': 10, 'm5.4xlarge_use1-az6': 50, 'm5.8xlarge_use1-az1': 50, 'm5.8xlarge_use1-az2': 40, 'm5.8xlarge_use1-az4': 50, 'm5.8xlarge_use1-az5': 1, 'm5.8xlarge_use1-az6': 50, 'm5.large_use1-az1': 50, 'm5.large_use1-az2': 50, 'm5.large_use1-az4': 50, 'm5.large_use1-az5': 50, 'm5.large_use1-az6': 50, 'm5.xlarge_use1-az1': 50, 'm5.xlarge_use1-az2': 50, 'm5.xlarge_use1-az4': 50, 'm5.xlarge_use1-az5': 50, 'm5.xlarge_use1-az6': 50, 'm5a.12xlarge_use1-az2': 1, 'm5a.12xlarge_use1-az4': 1, 'm5a.12xlarge_use1-az6': 1, 'm5a.16xlarge_use1-az2': 1, 'm5a.16xlarge_use1-az4': 1, 'm5a.16xlarge_use1-az6': 1, 'm5a.24xlarge_use1-az1': 1, 'm5a.24xlarge_use1-az2': 1, 'm5a.24xlarge_use1-az4': 1, 'm5a.24xlarge_use1-az5': 5, 'm5a.24xlarge_use1-az6': 5, 'm5a.2xlarge_use1-az1': 10, 'm5a.2xlarge_use1-az2': 25, 'm5a.2xlarge_use1-az4': 25, 'm5a.2xlarge_use1-az5': 5, 'm5a.2xlarge_use1-az6': 45, 'm5a.4xlarge_use1-az1': 5, 'm5a.4xlarge_use1-az2': 10, 'm5a.4xlarge_use1-az4': 5, 'm5a.4xlarge_use1-az5': 10, 'm5a.4xlarge_use1-az6': 15, 'm5a.8xlarge_use1-az1': 1, 'm5a.8xlarge_use1-az2': 20, 'm5a.8xlarge_use1-az4': 20, 'm5a.8xlarge_use1-az5': 1, 'm5a.8xlarge_use1-az6': 5, 'm5a.large_use1-az1': 50, 'm5a.large_use1-az2': 50, 'm5a.large_use1-az4': 50, 'm5a.large_use1-az5': 45, 'm5a.large_use1-az6': 50, 'm5a.xlarge_use1-az1': 10, 'm5a.xlarge_use1-az2': 30, 'm5a.xlarge_use1-az4': 10, 'm5a.xlarge_use1-az5': 20, 'm5a.xlarge_use1-az6': 50, 'm5ad.12xlarge_use1-az1': 1, 'm5ad.16xlarge_use1-az1': 1, 'm5ad.16xlarge_use1-az2': 1, 'm5ad.16xlarge_use1-az4': 1, 'm5ad.16xlarge_use1-az6': 1, 'm5ad.24xlarge_use1-az1': 5, 'm5ad.24xlarge_use1-az2': 1, 'm5ad.24xlarge_use1-az4': 1, 'm5ad.24xlarge_use1-az6': 5, 'm5ad.4xlarge_use1-az1': 1, 'm5ad.4xlarge_use1-az2': 1, 'm5ad.4xlarge_use1-az4': 1, 'm5ad.4xlarge_use1-az6': 1, 'm5ad.8xlarge_use1-az2': 1, 'm5ad.large_use1-az1': 10, 'm5ad.large_use1-az2': 5, 'm5ad.large_use1-az4': 10, 'm5ad.large_use1-az5': 1, 'm5ad.large_use1-az6': 10, 'm5ad.xlarge_use1-az2': 10, 'm5ad.xlarge_use1-az4': 5, 'm5ad.xlarge_use1-az6': 5, 'm5d.12xlarge_use1-az1': 1, 'm5d.12xlarge_use1-az2': 25, 'm5d.12xlarge_use1-az4': 30, 'm5d.12xlarge_use1-az6': 15, 'm5d.16xlarge_use1-az1': 5, 'm5d.16xlarge_use1-az2': 35, 'm5d.16xlarge_use1-az4': 20, 'm5d.16xlarge_use1-az5': 1, 'm5d.16xlarge_use1-az6': 50, 'm5d.24xlarge_use1-az1': 20, 'm5d.24xlarge_use1-az2': 15, 'm5d.24xlarge_use1-az4': 5, 'm5d.24xlarge_use1-az5': 1, 'm5d.24xlarge_use1-az6': 50, 'm5d.2xlarge_use1-az1': 5, 'm5d.2xlarge_use1-az2': 25, 'm5d.2xlarge_use1-az4': 25, 'm5d.2xlarge_use1-az6': 30, 'm5d.4xlarge_use1-az1': 5, 'm5d.4xlarge_use1-az2': 15, 'm5d.4xlarge_use1-az4': 25, 'm5d.4xlarge_use1-az6': 25, 'm5d.8xlarge_use1-az1': 1, 'm5d.8xlarge_use1-az2': 25, 'm5d.8xlarge_use1-az4': 10, 'm5d.8xlarge_use1-az5': 1, 'm5d.8xlarge_use1-az6': 10, 'm5d.large_use1-az1': 5, 'm5d.large_use1-az2': 50, 'm5d.large_use1-az4': 50, 'm5d.large_use1-az6': 50, 'm5d.xlarge_use1-az1': 50, 'm5d.xlarge_use1-az2': 50, 'm5d.xlarge_use1-az4': 50, 'm5d.xlarge_use1-az5': 1, 'm5d.xlarge_use1-az6': 50, 'm5dn.12xlarge_use1-az1': 1, 'm5dn.12xlarge_use1-az4': 1, 'm5dn.12xlarge_use1-az6': 1, 'm5dn.16xlarge_use1-az1': 1, 'm5dn.16xlarge_use1-az2': 5, 'm5dn.16xlarge_use1-az4': 1, 'm5dn.16xlarge_use1-az6': 1, 'm5dn.24xlarge_use1-az1': 1, 'm5dn.24xlarge_use1-az2': 1, 'm5dn.24xlarge_use1-az4': 1, 'm5dn.24xlarge_use1-az6': 5, 'm5dn.2xlarge_use1-az1': 10, 'm5dn.2xlarge_use1-az2': 5, 'm5dn.2xlarge_use1-az4': 5, 'm5dn.4xlarge_use1-az1': 5, 'm5dn.4xlarge_use1-az2': 5, 'm5dn.4xlarge_use1-az4': 1, 'm5dn.4xlarge_use1-az6': 5, 'm5dn.8xlarge_use1-az2': 1, 'm5dn.large_use1-az1': 35, 'm5dn.large_use1-az2': 30, 'm5dn.large_use1-az4': 40, 'm5dn.large_use1-az5': 15, 'm5dn.large_use1-az6': 50, 'm5dn.xlarge_use1-az1': 10, 'm5dn.xlarge_use1-az2': 25, 'm5dn.xlarge_use1-az4': 20, 'm5dn.xlarge_use1-az5': 1, 'm5dn.xlarge_use1-az6': 30, 'm5n.12xlarge_use1-az1': 1, 'm5n.12xlarge_use1-az2': 1, 'm5n.12xlarge_use1-az4': 1, 'm5n.12xlarge_use1-az5': 1, 'm5n.12xlarge_use1-az6': 1, 'm5n.16xlarge_use1-az2': 1, 'm5n.16xlarge_use1-az4': 1, 'm5n.16xlarge_use1-az6': 1, 'm5n.24xlarge_use1-az2': 1, 'm5n.24xlarge_use1-az4': 1, 'm5n.24xlarge_use1-az6': 1, 'm5n.2xlarge_use1-az1': 15, 'm5n.2xlarge_use1-az2': 25, 'm5n.2xlarge_use1-az4': 30, 'm5n.2xlarge_use1-az5': 5, 'm5n.2xlarge_use1-az6': 25, 'm5n.4xlarge_use1-az1': 25, 'm5n.4xlarge_use1-az2': 35, 'm5n.4xlarge_use1-az4': 50, 'm5n.4xlarge_use1-az5': 5, 'm5n.4xlarge_use1-az6': 10, 'm5n.8xlarge_use1-az1': 1, 'm5n.8xlarge_use1-az2': 1, 'm5n.8xlarge_use1-az4': 1, 'm5n.8xlarge_use1-az6': 5, 'm5n.large_use1-az1': 5, 'm5n.large_use1-az2': 15, 'm5n.large_use1-az4': 5, 'm5n.large_use1-az5': 5, 'm5n.large_use1-az6': 15, 'm5n.xlarge_use1-az1': 20, 'm5n.xlarge_use1-az2': 50, 'm5n.xlarge_use1-az4': 50, 'm5n.xlarge_use1-az5': 1, 'm5n.xlarge_use1-az6': 50, 'm5zn.12xlarge_use1-az2': 1, 'm5zn.12xlarge_use1-az4': 10, 'm5zn.12xlarge_use1-az5': 1, 'm5zn.12xlarge_use1-az6': 5, 'm5zn.2xlarge_use1-az1': 1, 'm5zn.2xlarge_use1-az2': 1, 'm5zn.2xlarge_use1-az5': 1, 'm5zn.2xlarge_use1-az6': 5, 'm5zn.3xlarge_use1-az1': 1, 'm5zn.3xlarge_use1-az2': 1, 'm5zn.3xlarge_use1-az6': 5, 'm5zn.large_use1-az1': 5, 'm5zn.large_use1-az2': 5, 'm5zn.large_use1-az4': 30, 'm5zn.large_use1-az5': 15, 'm5zn.large_use1-az6': 20, 'm5zn.xlarge_use1-az1': 1, 'm5zn.xlarge_use1-az2': 1, 'm5zn.xlarge_use1-az4': 20, 'm5zn.xlarge_use1-az5': 5, 'm5zn.xlarge_use1-az6': 5, 'm6a.12xlarge_use1-az1': 5, 'm6a.12xlarge_use1-az2': 5, 'm6a.12xlarge_use1-az4': 15, 'm6a.12xlarge_use1-az6': 10, 'm6a.16xlarge_use1-az1': 5, 'm6a.16xlarge_use1-az2': 5, 'm6a.16xlarge_use1-az4': 5, 'm6a.16xlarge_use1-az6': 5, 'm6a.24xlarge_use1-az1': 1, 'm6a.24xlarge_use1-az2': 1, 'm6a.24xlarge_use1-az4': 1, 'm6a.24xlarge_use1-az6': 1, 'm6a.2xlarge_use1-az1': 50, 'm6a.2xlarge_use1-az2': 35, 'm6a.2xlarge_use1-az4': 45, 'm6a.2xlarge_use1-az5': 15, 'm6a.2xlarge_use1-az6': 50, 'm6a.32xlarge_use1-az2': 1, 'm6a.32xlarge_use1-az4': 1, 'm6a.32xlarge_use1-az5': 1, 'm6a.32xlarge_use1-az6': 1, 'm6a.48xlarge_use1-az2': 1, 'm6a.48xlarge_use1-az4': 1, 'm6a.48xlarge_use1-az6': 1, 'm6a.4xlarge_use1-az1': 45, 'm6a.4xlarge_use1-az2': 40, 'm6a.4xlarge_use1-az4': 25, 'm6a.4xlarge_use1-az5': 5, 'm6a.4xlarge_use1-az6': 50, 'm6a.8xlarge_use1-az1': 25, 'm6a.8xlarge_use1-az2': 15, 'm6a.8xlarge_use1-az4': 50, 'm6a.8xlarge_use1-az5': 10, 'm6a.8xlarge_use1-az6': 50, 'm6a.large_use1-az1': 50, 'm6a.large_use1-az2': 50, 'm6a.large_use1-az4': 50, 'm6a.large_use1-az5': 30, 'm6a.large_use1-az6': 50, 'm6a.xlarge_use1-az1': 50, 'm6a.xlarge_use1-az2': 50, 'm6a.xlarge_use1-az4': 50, 'm6a.xlarge_use1-az5': 35, 'm6a.xlarge_use1-az6': 50, 'm6g.12xlarge_use1-az1': 1, 'm6g.12xlarge_use1-az2': 5, 'm6g.12xlarge_use1-az4': 50, 'm6g.12xlarge_use1-az6': 50, 'm6g.16xlarge_use1-az1': 1, 'm6g.16xlarge_use1-az2': 5, 'm6g.16xlarge_use1-az4': 25, 'm6g.16xlarge_use1-az6': 50, 'm6g.2xlarge_use1-az1': 15, 'm6g.2xlarge_use1-az2': 50, 'm6g.2xlarge_use1-az4': 50, 'm6g.2xlarge_use1-az5': 5, 'm6g.2xlarge_use1-az6': 50, 'm6g.4xlarge_use1-az1': 10, 'm6g.4xlarge_use1-az2': 50, 'm6g.4xlarge_use1-az4': 50, 'm6g.4xlarge_use1-az5': 10, 'm6g.4xlarge_use1-az6': 50, 'm6g.8xlarge_use1-az1': 5, 'm6g.8xlarge_use1-az2': 50, 'm6g.8xlarge_use1-az4': 50, 'm6g.8xlarge_use1-az6': 50, 'm6g.large_use1-az1': 1, 'm6g.large_use1-az2': 50, 'm6g.large_use1-az4': 50, 'm6g.large_use1-az5': 5, 'm6g.large_use1-az6': 50, 'm6g.medium_use1-az1': 5, 'm6g.medium_use1-az2': 5, 'm6g.medium_use1-az4': 10, 'm6g.medium_use1-az5': 1, 'm6g.medium_use1-az6': 15, 'm6g.xlarge_use1-az1': 50, 'm6g.xlarge_use1-az2': 50, 'm6g.xlarge_use1-az4': 50, 'm6g.xlarge_use1-az5': 50, 'm6g.xlarge_use1-az6': 50, 'm6gd.12xlarge_use1-az1': 10, 'm6gd.12xlarge_use1-az2': 40, 'm6gd.12xlarge_use1-az4': 20, 'm6gd.12xlarge_use1-az5': 5, 'm6gd.12xlarge_use1-az6': 50, 'm6gd.16xlarge_use1-az1': 5, 'm6gd.16xlarge_use1-az2': 10, 'm6gd.16xlarge_use1-az4': 10, 'm6gd.16xlarge_use1-az5': 10, 'm6gd.16xlarge_use1-az6': 35, 'm6gd.2xlarge_use1-az1': 1, 'm6gd.2xlarge_use1-az2': 50, 'm6gd.2xlarge_use1-az4': 45, 'm6gd.2xlarge_use1-az5': 1, 'm6gd.2xlarge_use1-az6': 5, 'm6gd.4xlarge_use1-az1': 1, 'm6gd.4xlarge_use1-az2': 5, 'm6gd.4xlarge_use1-az5': 1, 'm6gd.4xlarge_use1-az6': 15, 'm6gd.8xlarge_use1-az1': 5, 'm6gd.8xlarge_use1-az2': 10, 'm6gd.8xlarge_use1-az4': 15, 'm6gd.8xlarge_use1-az5': 1, 'm6gd.8xlarge_use1-az6': 20, 'm6gd.large_use1-az1': 1, 'm6gd.large_use1-az2': 5, 'm6gd.large_use1-az4': 5, 'm6gd.large_use1-az5': 1, 'm6gd.large_use1-az6': 15, 'm6gd.medium_use1-az1': 1, 'm6gd.medium_use1-az2': 1, 'm6gd.medium_use1-az4': 1, 'm6gd.medium_use1-az5': 5, 'm6gd.medium_use1-az6': 1, 'm6gd.xlarge_use1-az1': 1, 'm6gd.xlarge_use1-az2': 10, 'm6gd.xlarge_use1-az4': 35, 'm6gd.xlarge_use1-az5': 1, 'm6gd.xlarge_use1-az6': 15, 'm6i.12xlarge_use1-az1': 1, 'm6i.12xlarge_use1-az2': 10, 'm6i.12xlarge_use1-az4': 50, 'm6i.12xlarge_use1-az5': 1, 'm6i.12xlarge_use1-az6': 30, 'm6i.16xlarge_use1-az1': 1, 'm6i.16xlarge_use1-az2': 10, 'm6i.16xlarge_use1-az4': 5, 'm6i.16xlarge_use1-az5': 1, 'm6i.16xlarge_use1-az6': 10, 'm6i.24xlarge_use1-az2': 10, 'm6i.24xlarge_use1-az4': 5, 'm6i.24xlarge_use1-az5': 1, 'm6i.24xlarge_use1-az6': 50, 'm6i.2xlarge_use1-az1': 25, 'm6i.2xlarge_use1-az2': 50, 'm6i.2xlarge_use1-az4': 50, 'm6i.2xlarge_use1-az5': 25, 'm6i.2xlarge_use1-az6': 50, 'm6i.32xlarge_use1-az2': 1, 'm6i.32xlarge_use1-az4': 5, 'm6i.32xlarge_use1-az5': 1, 'm6i.32xlarge_use1-az6': 15, 'm6i.4xlarge_use1-az1': 15, 'm6i.4xlarge_use1-az2': 50, 'm6i.4xlarge_use1-az4': 50, 'm6i.4xlarge_use1-az5': 50, 'm6i.4xlarge_use1-az6': 50, 'm6i.8xlarge_use1-az1': 1, 'm6i.8xlarge_use1-az2': 50, 'm6i.8xlarge_use1-az4': 50, 'm6i.8xlarge_use1-az5': 20, 'm6i.8xlarge_use1-az6': 50, 'm6i.large_use1-az1': 25, 'm6i.large_use1-az2': 50, 'm6i.large_use1-az4': 50, 'm6i.large_use1-az5': 50, 'm6i.large_use1-az6': 50, 'm6i.xlarge_use1-az1': 45, 'm6i.xlarge_use1-az2': 50, 'm6i.xlarge_use1-az4': 50, 'm6i.xlarge_use1-az5': 25, 'm6i.xlarge_use1-az6': 50, 'm6id.12xlarge_use1-az1': 1, 'm6id.12xlarge_use1-az2': 1, 'm6id.12xlarge_use1-az4': 1, 'm6id.12xlarge_use1-az6': 1, 'm6id.16xlarge_use1-az1': 1, 'm6id.16xlarge_use1-az2': 1, 'm6id.16xlarge_use1-az4': 1, 'm6id.16xlarge_use1-az6': 1, 'm6id.24xlarge_use1-az1': 10, 'm6id.24xlarge_use1-az2': 15, 'm6id.24xlarge_use1-az4': 35, 'm6id.24xlarge_use1-az5': 5, 'm6id.24xlarge_use1-az6': 15, 'm6id.2xlarge_use1-az1': 5, 'm6id.2xlarge_use1-az2': 5, 'm6id.2xlarge_use1-az4': 5, 'm6id.2xlarge_use1-az5': 1, 'm6id.2xlarge_use1-az6': 5, 'm6id.32xlarge_use1-az1': 10, 'm6id.32xlarge_use1-az2': 15, 'm6id.32xlarge_use1-az4': 5, 'm6id.32xlarge_use1-az5': 1, 'm6id.32xlarge_use1-az6': 50, 'm6id.4xlarge_use1-az1': 15, 'm6id.4xlarge_use1-az2': 10, 'm6id.4xlarge_use1-az4': 5, 'm6id.4xlarge_use1-az5': 1, 'm6id.4xlarge_use1-az6': 10, 'm6id.8xlarge_use1-az1': 1, 'm6id.8xlarge_use1-az4': 5, 'm6id.8xlarge_use1-az5': 1, 'm6id.8xlarge_use1-az6': 1, 'm6id.large_use1-az1': 30, 'm6id.large_use1-az2': 35, 'm6id.large_use1-az4': 15, 'm6id.large_use1-az5': 5, 'm6id.large_use1-az6': 50, 'm6id.xlarge_use1-az1': 20, 'm6id.xlarge_use1-az2': 45, 'm6id.xlarge_use1-az4': 15, 'm6id.xlarge_use1-az5': 5, 'm6id.xlarge_use1-az6': 25, 'm6idn.12xlarge_use1-az2': 1, 'm6idn.16xlarge_use1-az4': 1, 'm6idn.24xlarge_use1-az1': 1, 'm6idn.24xlarge_use1-az2': 1, 'm6idn.24xlarge_use1-az4': 1, 'm6idn.2xlarge_use1-az2': 10, 'm6idn.2xlarge_use1-az5': 1, 'm6idn.2xlarge_use1-az6': 5, 'm6idn.32xlarge_use1-az2': 1, 'm6idn.large_use1-az1': 25, 'm6idn.large_use1-az2': 35, 'm6idn.large_use1-az4': 15, 'm6idn.large_use1-az5': 10, 'm6idn.large_use1-az6': 10, 'm6idn.xlarge_use1-az1': 15, 'm6idn.xlarge_use1-az2': 50, 'm6idn.xlarge_use1-az4': 20, 'm6idn.xlarge_use1-az5': 5, 'm6idn.xlarge_use1-az6': 10, 'm6in.12xlarge_use1-az4': 1, 'm6in.16xlarge_use1-az2': 1, 'm6in.16xlarge_use1-az4': 1, 'm6in.24xlarge_use1-az1': 1, 'm6in.24xlarge_use1-az2': 1, 'm6in.2xlarge_use1-az1': 10, 'm6in.2xlarge_use1-az2': 20, 'm6in.2xlarge_use1-az4': 10, 'm6in.2xlarge_use1-az5': 1, 'm6in.2xlarge_use1-az6': 5, 'm6in.4xlarge_use1-az1': 1, 'm6in.4xlarge_use1-az2': 1, 'm6in.4xlarge_use1-az5': 1, 'm6in.8xlarge_use1-az1': 1, 'm6in.8xlarge_use1-az2': 1, 'm6in.8xlarge_use1-az4': 1, 'm6in.large_use1-az1': 5, 'm6in.large_use1-az2': 10, 'm6in.large_use1-az4': 5, 'm6in.large_use1-az5': 1, 'm6in.large_use1-az6': 1, 'm6in.xlarge_use1-az1': 5, 'm6in.xlarge_use1-az2': 10, 'm6in.xlarge_use1-az4': 1, 'm7a.12xlarge_use1-az2': 1, 'm7a.12xlarge_use1-az6': 20, 'm7a.16xlarge_use1-az2': 1, 'm7a.16xlarge_use1-az6': 40, 'm7a.24xlarge_use1-az2': 1, 'm7a.24xlarge_use1-az6': 50, 'm7a.2xlarge_use1-az1': 5, 'm7a.2xlarge_use1-az2': 15, 'm7a.2xlarge_use1-az4': 10, 'm7a.2xlarge_use1-az6': 50, 'm7a.32xlarge_use1-az6': 20, 'm7a.48xlarge_use1-az6': 40, 'm7a.4xlarge_use1-az1': 10, 'm7a.4xlarge_use1-az2': 5, 'm7a.4xlarge_use1-az4': 10, 'm7a.4xlarge_use1-az6': 25, 'm7a.8xlarge_use1-az1': 1, 'm7a.8xlarge_use1-az2': 5, 'm7a.8xlarge_use1-az4': 1, 'm7a.8xlarge_use1-az6': 50, 'm7a.large_use1-az1': 15, 'm7a.large_use1-az2': 50, 'm7a.large_use1-az4': 50, 'm7a.large_use1-az5': 5, 'm7a.large_use1-az6': 50, 'm7a.medium_use1-az1': 10, 'm7a.medium_use1-az2': 50, 'm7a.medium_use1-az4': 50, 'm7a.medium_use1-az6': 50, 'm7a.xlarge_use1-az1': 5, 'm7a.xlarge_use1-az2': 40, 'm7a.xlarge_use1-az4': 50, 'm7a.xlarge_use1-az6': 50, 'm7g.12xlarge_use1-az1': 1, 'm7g.12xlarge_use1-az2': 10, 'm7g.12xlarge_use1-az4': 45, 'm7g.12xlarge_use1-az5': 1, 'm7g.12xlarge_use1-az6': 50, 'm7g.16xlarge_use1-az1': 1, 'm7g.16xlarge_use1-az2': 30, 'm7g.16xlarge_use1-az4': 35, 'm7g.16xlarge_use1-az5': 1, 'm7g.16xlarge_use1-az6': 50, 'm7g.2xlarge_use1-az1': 35, 'm7g.2xlarge_use1-az2': 50, 'm7g.2xlarge_use1-az4': 50, 'm7g.2xlarge_use1-az5': 15, 'm7g.2xlarge_use1-az6': 50, 'm7g.4xlarge_use1-az1': 10, 'm7g.4xlarge_use1-az2': 30, 'm7g.4xlarge_use1-az4': 50, 'm7g.4xlarge_use1-az5': 10, 'm7g.4xlarge_use1-az6': 50, 'm7g.8xlarge_use1-az1': 1, 'm7g.8xlarge_use1-az2': 15, 'm7g.8xlarge_use1-az4': 40, 'm7g.8xlarge_use1-az5': 1, 'm7g.8xlarge_use1-az6': 50, 'm7g.large_use1-az1': 10, 'm7g.large_use1-az2': 50, 'm7g.large_use1-az4': 50, 'm7g.large_use1-az5': 30, 'm7g.large_use1-az6': 50, 'm7g.medium_use1-az1': 30, 'm7g.medium_use1-az2': 40, 'm7g.medium_use1-az4': 50, 'm7g.medium_use1-az5': 35, 'm7g.medium_use1-az6': 50, 'm7g.metal_use1-az1': 1, 'm7g.metal_use1-az2': 25, 'm7g.metal_use1-az4': 10, 'm7g.metal_use1-az5': 1, 'm7g.metal_use1-az6': 50, 'm7g.xlarge_use1-az1': 50, 'm7g.xlarge_use1-az2': 50, 'm7g.xlarge_use1-az4': 50, 'm7g.xlarge_use1-az5': 50, 'm7g.xlarge_use1-az6': 50, 'm7gd.12xlarge_use1-az1': 5, 'm7gd.12xlarge_use1-az2': 10, 'm7gd.12xlarge_use1-az4': 1, 'm7gd.12xlarge_use1-az6': 35, 'm7gd.16xlarge_use1-az1': 1, 'm7gd.16xlarge_use1-az2': 30, 'm7gd.16xlarge_use1-az4': 1, 'm7gd.16xlarge_use1-az6': 40, 'm7gd.2xlarge_use1-az1': 15, 'm7gd.2xlarge_use1-az2': 50, 'm7gd.2xlarge_use1-az4': 15, 'm7gd.2xlarge_use1-az6': 25, 'm7gd.4xlarge_use1-az1': 5, 'm7gd.4xlarge_use1-az2': 10, 'm7gd.4xlarge_use1-az4': 1, 'm7gd.4xlarge_use1-az6': 40, 'm7gd.8xlarge_use1-az1': 10, 'm7gd.8xlarge_use1-az2': 50, 'm7gd.8xlarge_use1-az4': 30, 'm7gd.8xlarge_use1-az5': 45, 'm7gd.8xlarge_use1-az6': 50, 'm7gd.large_use1-az1': 5, 'm7gd.large_use1-az2': 50, 'm7gd.large_use1-az4': 5, 'm7gd.large_use1-az6': 50, 'm7gd.medium_use1-az1': 15, 'm7gd.medium_use1-az2': 20, 'm7gd.medium_use1-az4': 15, 'm7gd.medium_use1-az5': 20, 'm7gd.medium_use1-az6': 25, 'm7gd.metal_use1-az1': 5, 'm7gd.metal_use1-az2': 15, 'm7gd.metal_use1-az4': 1, 'm7gd.metal_use1-az6': 15, 'm7gd.xlarge_use1-az1': 5, 'm7gd.xlarge_use1-az2': 10, 'm7gd.xlarge_use1-az4': 10, 'm7gd.xlarge_use1-az5': 1, 'm7gd.xlarge_use1-az6': 25, 'm7i-flex.2xlarge_use1-az1': 50, 'm7i-flex.2xlarge_use1-az2': 50, 'm7i-flex.2xlarge_use1-az4': 15, 'm7i-flex.2xlarge_use1-az5': 10, 'm7i-flex.2xlarge_use1-az6': 50, 'm7i-flex.4xlarge_use1-az2': 5, 'm7i-flex.4xlarge_use1-az4': 5, 'm7i-flex.4xlarge_use1-az6': 25, 'm7i-flex.8xlarge_use1-az1': 1, 'm7i-flex.8xlarge_use1-az2': 5, 'm7i-flex.8xlarge_use1-az4': 5, 'm7i-flex.8xlarge_use1-az5': 1, 'm7i-flex.8xlarge_use1-az6': 10, 'm7i-flex.large_use1-az1': 20, 'm7i-flex.large_use1-az2': 50, 'm7i-flex.large_use1-az4': 25, 'm7i-flex.large_use1-az5': 25, 'm7i-flex.large_use1-az6': 50, 'm7i-flex.xlarge_use1-az1': 50, 'm7i-flex.xlarge_use1-az2': 50, 'm7i-flex.xlarge_use1-az4': 50, 'm7i-flex.xlarge_use1-az5': 15, 'm7i-flex.xlarge_use1-az6': 50, 'm7i.12xlarge_use1-az1': 1, 'm7i.12xlarge_use1-az2': 5, 'm7i.12xlarge_use1-az4': 15, 'm7i.12xlarge_use1-az6': 50, 'm7i.16xlarge_use1-az1': 5, 'm7i.16xlarge_use1-az2': 10, 'm7i.16xlarge_use1-az4': 10, 'm7i.16xlarge_use1-az6': 50, 'm7i.24xlarge_use1-az2': 5, 'm7i.24xlarge_use1-az4': 5, 'm7i.24xlarge_use1-az6': 50, 'm7i.2xlarge_use1-az1': 1, 'm7i.2xlarge_use1-az2': 50, 'm7i.2xlarge_use1-az4': 50, 'm7i.2xlarge_use1-az6': 50, 'm7i.48xlarge_use1-az1': 1, 'm7i.48xlarge_use1-az2': 5, 'm7i.48xlarge_use1-az4': 20, 'm7i.48xlarge_use1-az6': 50, 'm7i.4xlarge_use1-az1': 1, 'm7i.4xlarge_use1-az2': 25, 'm7i.4xlarge_use1-az4': 10, 'm7i.4xlarge_use1-az6': 50, 'm7i.8xlarge_use1-az1': 40, 'm7i.8xlarge_use1-az2': 20, 'm7i.8xlarge_use1-az4': 50, 'm7i.8xlarge_use1-az6': 50, 'm7i.large_use1-az1': 50, 'm7i.large_use1-az2': 50, 'm7i.large_use1-az4': 50, 'm7i.large_use1-az5': 1, 'm7i.large_use1-az6': 50, 'm7i.xlarge_use1-az1': 30, 'm7i.xlarge_use1-az2': 35, 'm7i.xlarge_use1-az4': 50, 'm7i.xlarge_use1-az6': 50, 'm8g.12xlarge_use1-az2': 10, 'm8g.12xlarge_use1-az4': 10, 'm8g.12xlarge_use1-az5': 1, 'm8g.12xlarge_use1-az6': 35, 'm8g.16xlarge_use1-az2': 5, 'm8g.16xlarge_use1-az4': 5, 'm8g.16xlarge_use1-az5': 5, 'm8g.16xlarge_use1-az6': 45, 'm8g.24xlarge_use1-az2': 5, 'm8g.24xlarge_use1-az4': 1, 'm8g.24xlarge_use1-az5': 1, 'm8g.24xlarge_use1-az6': 25, 'm8g.2xlarge_use1-az4': 10, 'm8g.2xlarge_use1-az5': 10, 'm8g.48xlarge_use1-az2': 5, 'm8g.48xlarge_use1-az4': 5, 'm8g.48xlarge_use1-az6': 20, 'm8g.4xlarge_use1-az2': 5, 'm8g.4xlarge_use1-az4': 5, 'm8g.4xlarge_use1-az5': 1, 'm8g.4xlarge_use1-az6': 40, 'm8g.8xlarge_use1-az2': 10, 'm8g.8xlarge_use1-az4': 20, 'm8g.8xlarge_use1-az5': 1, 'm8g.8xlarge_use1-az6': 40, 'm8g.large_use1-az1': 1, 'm8g.large_use1-az2': 20, 'm8g.large_use1-az6': 45, 'm8g.medium_use1-az1': 1, 'm8g.medium_use1-az2': 15, 'm8g.metal-48xl_use1-az2': 5, 'm8g.metal-48xl_use1-az6': 25, 'm8g.xlarge_use1-az1': 1, 'm8g.xlarge_use1-az5': 15, 'm8g.xlarge_use1-az6': 50, 'm8gd.16xlarge_use1-az5': 1, 'm8gd.4xlarge_use1-az2': 5, 'm8gd.4xlarge_use1-az4': 1, 'm8gd.4xlarge_use1-az6': 1, 'm8gd.8xlarge_use1-az5': 1, 'm8gd.8xlarge_use1-az6': 5, 'm8gd.large_use1-az1': 20, 'm8gd.large_use1-az2': 15, 'm8gd.large_use1-az5': 1, 'm8gd.large_use1-az6': 1, 'm8gd.medium_use1-az6': 1, 'm8gd.metal-24xl_use1-az2': 1, 'm8gd.xlarge_use1-az1': 1, 'm8gd.xlarge_use1-az5': 1, 'm8i-flex.16xlarge_use1-az6': 5, 'm8i-flex.2xlarge_use1-az2': 10, 'm8i-flex.2xlarge_use1-az4': 1, 'm8i-flex.2xlarge_use1-az6': 50, 'm8i-flex.4xlarge_use1-az2': 1, 'm8i-flex.4xlarge_use1-az4': 1, 'm8i-flex.4xlarge_use1-az6': 5, 'm8i-flex.8xlarge_use1-az6': 1, 'm8i-flex.large_use1-az2': 5, 'm8i-flex.xlarge_use1-az2': 10, 'm8i-flex.xlarge_use1-az4': 25, 'm8i-flex.xlarge_use1-az6': 50, 'm8i.12xlarge_use1-az6': 1, 'm8i.16xlarge_use1-az4': 1, 'm8i.16xlarge_use1-az6': 1, 'm8i.24xlarge_use1-az6': 1, 'm8i.2xlarge_use1-az2': 10, 'm8i.2xlarge_use1-az4': 1, 'm8i.2xlarge_use1-az6': 10, 'm8i.32xlarge_use1-az2': 1, 'm8i.32xlarge_use1-az6': 5, 'm8i.48xlarge_use1-az2': 1, 'm8i.48xlarge_use1-az6': 5, 'm8i.4xlarge_use1-az2': 5, 'm8i.4xlarge_use1-az4': 1, 'm8i.4xlarge_use1-az6': 5, 'm8i.8xlarge_use1-az2': 1, 'm8i.8xlarge_use1-az4': 1, 'm8i.8xlarge_use1-az6': 20, 'm8i.96xlarge_use1-az6': 1, 'm8i.large_use1-az4': 25, 'm8i.metal-48xl_use1-az6': 1, 'm8i.metal-96xl_use1-az6': 1, 'm8i.xlarge_use1-az2': 30, 'm8i.xlarge_use1-az4': 10, 'r3.2xlarge_use1-az2': 1, 'r3.2xlarge_use1-az6': 1, 'r3.4xlarge_use1-az4': 1, 'r3.4xlarge_use1-az6': 1, 'r3.8xlarge_use1-az2': 1, 'r3.8xlarge_use1-az4': 1, 'r3.large_use1-az2': 50, 'r3.large_use1-az4': 50, 'r3.large_use1-az6': 50, 'r3.xlarge_use1-az2': 40, 'r3.xlarge_use1-az4': 50, 'r3.xlarge_use1-az6': 50, 'r4.16xlarge_use1-az1': 10, 'r4.16xlarge_use1-az2': 10, 'r4.16xlarge_use1-az3': 50, 'r4.16xlarge_use1-az4': 35, 'r4.16xlarge_use1-az5': 15, 'r4.16xlarge_use1-az6': 10, 'r4.2xlarge_use1-az1': 20, 'r4.2xlarge_use1-az2': 50, 'r4.2xlarge_use1-az3': 50, 'r4.2xlarge_use1-az4': 50, 'r4.2xlarge_use1-az5': 5, 'r4.2xlarge_use1-az6': 50, 'r4.4xlarge_use1-az1': 20, 'r4.4xlarge_use1-az2': 50, 'r4.4xlarge_use1-az3': 40, 'r4.4xlarge_use1-az4': 15, 'r4.4xlarge_use1-az5': 5, 'r4.4xlarge_use1-az6': 50, 'r4.8xlarge_use1-az1': 50, 'r4.8xlarge_use1-az2': 50, 'r4.8xlarge_use1-az3': 25, 'r4.8xlarge_use1-az4': 50, 'r4.8xlarge_use1-az5': 5, 'r4.8xlarge_use1-az6': 50, 'r4.large_use1-az1': 35, 'r4.large_use1-az2': 50, 'r4.large_use1-az4': 50, 'r4.large_use1-az5': 20, 'r4.large_use1-az6': 50, 'r4.xlarge_use1-az1': 50, 'r4.xlarge_use1-az2': 50, 'r4.xlarge_use1-az3': 50, 'r4.xlarge_use1-az4': 50, 'r4.xlarge_use1-az5': 30, 'r4.xlarge_use1-az6': 50, 'r5.12xlarge_use1-az1': 5, 'r5.12xlarge_use1-az2': 5, 'r5.12xlarge_use1-az4': 50, 'r5.12xlarge_use1-az5': 5, 'r5.12xlarge_use1-az6': 5, 'r5.16xlarge_use1-az1': 5, 'r5.16xlarge_use1-az4': 35, 'r5.16xlarge_use1-az5': 30, 'r5.16xlarge_use1-az6': 5, 'r5.24xlarge_use1-az4': 15, 'r5.24xlarge_use1-az5': 5, 'r5.24xlarge_use1-az6': 5, 'r5.2xlarge_use1-az1': 50, 'r5.2xlarge_use1-az2': 50, 'r5.2xlarge_use1-az4': 50, 'r5.2xlarge_use1-az5': 5, 'r5.2xlarge_use1-az6': 50, 'r5.4xlarge_use1-az1': 50, 'r5.4xlarge_use1-az2': 50, 'r5.4xlarge_use1-az4': 50, 'r5.4xlarge_use1-az5': 5, 'r5.4xlarge_use1-az6': 50, 'r5.8xlarge_use1-az1': 50, 'r5.8xlarge_use1-az2': 50, 'r5.8xlarge_use1-az4': 50, 'r5.8xlarge_use1-az5': 5, 'r5.8xlarge_use1-az6': 5, 'r5.large_use1-az1': 50, 'r5.large_use1-az2': 50, 'r5.large_use1-az4': 50, 'r5.large_use1-az5': 50, 'r5.large_use1-az6': 50, 'r5.xlarge_use1-az1': 50, 'r5.xlarge_use1-az2': 50, 'r5.xlarge_use1-az4': 50, 'r5.xlarge_use1-az5': 50, 'r5.xlarge_use1-az6': 50, 'r5a.12xlarge_use1-az1': 1, 'r5a.12xlarge_use1-az2': 1, 'r5a.12xlarge_use1-az4': 5, 'r5a.12xlarge_use1-az6': 5, 'r5a.16xlarge_use1-az1': 10, 'r5a.16xlarge_use1-az2': 10, 'r5a.16xlarge_use1-az4': 10, 'r5a.16xlarge_use1-az5': 5, 'r5a.16xlarge_use1-az6': 5, 'r5a.24xlarge_use1-az1': 5, 'r5a.24xlarge_use1-az2': 15, 'r5a.24xlarge_use1-az4': 10, 'r5a.24xlarge_use1-az5': 1, 'r5a.24xlarge_use1-az6': 10, 'r5a.2xlarge_use1-az1': 10, 'r5a.2xlarge_use1-az2': 20, 'r5a.2xlarge_use1-az4': 35, 'r5a.2xlarge_use1-az6': 30, 'r5a.4xlarge_use1-az1': 25, 'r5a.4xlarge_use1-az2': 50, 'r5a.4xlarge_use1-az4': 50, 'r5a.4xlarge_use1-az5': 5, 'r5a.4xlarge_use1-az6': 50, 'r5a.8xlarge_use1-az1': 25, 'r5a.8xlarge_use1-az2': 10, 'r5a.8xlarge_use1-az4': 15, 'r5a.8xlarge_use1-az5': 30, 'r5a.8xlarge_use1-az6': 20, 'r5a.large_use1-az1': 50, 'r5a.large_use1-az2': 50, 'r5a.large_use1-az4': 50, 'r5a.large_use1-az5': 25, 'r5a.large_use1-az6': 50, 'r5a.xlarge_use1-az1': 20, 'r5a.xlarge_use1-az2': 50, 'r5a.xlarge_use1-az4': 50, 'r5a.xlarge_use1-az5': 5, 'r5a.xlarge_use1-az6': 50, 'r5ad.16xlarge_use1-az2': 50, 'r5ad.16xlarge_use1-az4': 10, 'r5ad.16xlarge_use1-az5': 1, 'r5ad.16xlarge_use1-az6': 10, 'r5ad.24xlarge_use1-az2': 25, 'r5ad.24xlarge_use1-az4': 1, 'r5ad.24xlarge_use1-az6': 10, 'r5ad.4xlarge_use1-az5': 1, 'r5ad.8xlarge_use1-az4': 20, 'r5ad.8xlarge_use1-az5': 1, 'r5ad.8xlarge_use1-az6': 10, 'r5ad.large_use1-az1': 1, 'r5ad.large_use1-az2': 30, 'r5ad.large_use1-az4': 10, 'r5ad.large_use1-az5': 5, 'r5ad.large_use1-az6': 10, 'r5ad.xlarge_use1-az1': 1, 'r5ad.xlarge_use1-az2': 10, 'r5b.12xlarge_use1-az1': 5, 'r5b.16xlarge_use1-az6': 5, 'r5b.24xlarge_use1-az6': 1, 'r5b.8xlarge_use1-az1': 5, 'r5b.large_use1-az1': 1, 'r5b.large_use1-az2': 5, 'r5b.large_use1-az4': 10, 'r5b.large_use1-az6': 5, 'r5b.xlarge_use1-az2': 1, 'r5b.xlarge_use1-az6': 1, 'r5d.12xlarge_use1-az1': 1, 'r5d.12xlarge_use1-az2': 5, 'r5d.12xlarge_use1-az4': 10, 'r5d.12xlarge_use1-az6': 1, 'r5d.16xlarge_use1-az1': 5, 'r5d.16xlarge_use1-az2': 50, 'r5d.16xlarge_use1-az4': 50, 'r5d.16xlarge_use1-az5': 10, 'r5d.16xlarge_use1-az6': 50, 'r5d.24xlarge_use1-az1': 1, 'r5d.24xlarge_use1-az2': 1, 'r5d.24xlarge_use1-az4': 10, 'r5d.24xlarge_use1-az5': 1, 'r5d.24xlarge_use1-az6': 10, 'r5d.4xlarge_use1-az1': 5, 'r5d.4xlarge_use1-az2': 20, 'r5d.4xlarge_use1-az5': 5, 'r5d.8xlarge_use1-az1': 5, 'r5d.8xlarge_use1-az2': 15, 'r5d.8xlarge_use1-az4': 15, 'r5d.8xlarge_use1-az5': 5, 'r5d.8xlarge_use1-az6': 50, 'r5d.large_use1-az1': 10, 'r5d.large_use1-az2': 50, 'r5d.large_use1-az4': 50, 'r5d.large_use1-az5': 5, 'r5d.large_use1-az6': 50, 'r5dn.12xlarge_use1-az2': 1, 'r5dn.12xlarge_use1-az4': 1, 'r5dn.12xlarge_use1-az5': 1, 'r5dn.12xlarge_use1-az6': 1, 'r5dn.16xlarge_use1-az1': 5, 'r5dn.16xlarge_use1-az2': 5, 'r5dn.16xlarge_use1-az4': 15, 'r5dn.16xlarge_use1-az5': 10, 'r5dn.16xlarge_use1-az6': 30, 'r5dn.24xlarge_use1-az2': 5, 'r5dn.24xlarge_use1-az4': 10, 'r5dn.24xlarge_use1-az5': 1, 'r5dn.24xlarge_use1-az6': 25, 'r5dn.4xlarge_use1-az1': 5, 'r5dn.4xlarge_use1-az2': 25, 'r5dn.4xlarge_use1-az4': 45, 'r5dn.4xlarge_use1-az5': 5, 'r5dn.4xlarge_use1-az6': 20, 'r5dn.8xlarge_use1-az2': 5, 'r5dn.8xlarge_use1-az4': 5, 'r5dn.8xlarge_use1-az5': 5, 'r5dn.8xlarge_use1-az6': 50, 'r5dn.large_use1-az1': 50, 'r5dn.large_use1-az2': 50, 'r5dn.large_use1-az4': 50, 'r5dn.large_use1-az5': 50, 'r5dn.large_use1-az6': 50, 'r5n.12xlarge_use1-az2': 1, 'r5n.12xlarge_use1-az4': 1, 'r5n.12xlarge_use1-az6': 1, 'r5n.16xlarge_use1-az1': 1, 'r5n.16xlarge_use1-az2': 10, 'r5n.16xlarge_use1-az4': 35, 'r5n.16xlarge_use1-az5': 1, 'r5n.16xlarge_use1-az6': 20, 'r5n.2xlarge_use1-az1': 5, 'r5n.2xlarge_use1-az2': 5, 'r5n.2xlarge_use1-az5': 1, 'r5n.4xlarge_use1-az1': 5, 'r5n.8xlarge_use1-az1': 10, 'r5n.8xlarge_use1-az2': 20, 'r5n.8xlarge_use1-az4': 35, 'r5n.8xlarge_use1-az6': 15, 'r5n.large_use1-az1': 20, 'r5n.large_use1-az2': 50, 'r5n.large_use1-az4': 50, 'r5n.large_use1-az5': 10, 'r5n.large_use1-az6': 30, 'r5n.xlarge_use1-az1': 1, 'r5n.xlarge_use1-az2': 10, 'r5n.xlarge_use1-az4': 15, 'r5n.xlarge_use1-az5': 1, 'r5n.xlarge_use1-az6': 20, 'r6a.12xlarge_use1-az1': 1, 'r6a.12xlarge_use1-az2': 10, 'r6a.12xlarge_use1-az4': 5, 'r6a.12xlarge_use1-az6': 10, 'r6a.16xlarge_use1-az1': 5, 'r6a.16xlarge_use1-az2': 15, 'r6a.16xlarge_use1-az4': 30, 'r6a.16xlarge_use1-az5': 15, 'r6a.16xlarge_use1-az6': 40, 'r6a.24xlarge_use1-az2': 5, 'r6a.24xlarge_use1-az4': 1, 'r6a.24xlarge_use1-az5': 1, 'r6a.24xlarge_use1-az6': 5, 'r6a.2xlarge_use1-az1': 50, 'r6a.2xlarge_use1-az2': 50, 'r6a.2xlarge_use1-az4': 40, 'r6a.2xlarge_use1-az5': 1, 'r6a.2xlarge_use1-az6': 50, 'r6a.32xlarge_use1-az2': 5, 'r6a.32xlarge_use1-az4': 5, 'r6a.32xlarge_use1-az5': 5, 'r6a.32xlarge_use1-az6': 5, 'r6a.48xlarge_use1-az2': 5, 'r6a.48xlarge_use1-az4': 5, 'r6a.48xlarge_use1-az5': 5, 'r6a.48xlarge_use1-az6': 1, 'r6a.4xlarge_use1-az1': 50, 'r6a.4xlarge_use1-az2': 50, 'r6a.4xlarge_use1-az4': 50, 'r6a.4xlarge_use1-az5': 40, 'r6a.4xlarge_use1-az6': 50, 'r6a.8xlarge_use1-az1': 20, 'r6a.8xlarge_use1-az2': 50, 'r6a.8xlarge_use1-az4': 50, 'r6a.8xlarge_use1-az5': 50, 'r6a.8xlarge_use1-az6': 50, 'r6a.large_use1-az1': 50, 'r6a.large_use1-az2': 50, 'r6a.large_use1-az4': 50, 'r6a.large_use1-az5': 50, 'r6a.large_use1-az6': 50, 'r6a.xlarge_use1-az1': 50, 'r6a.xlarge_use1-az2': 50, 'r6a.xlarge_use1-az4': 50, 'r6a.xlarge_use1-az5': 50, 'r6a.xlarge_use1-az6': 50, 'r6g.12xlarge_use1-az2': 50, 'r6g.12xlarge_use1-az4': 45, 'r6g.12xlarge_use1-az5': 10, 'r6g.12xlarge_use1-az6': 50, 'r6g.16xlarge_use1-az1': 1, 'r6g.16xlarge_use1-az2': 50, 'r6g.16xlarge_use1-az4': 50, 'r6g.16xlarge_use1-az5': 50, 'r6g.16xlarge_use1-az6': 50, 'r6g.2xlarge_use1-az1': 1, 'r6g.2xlarge_use1-az2': 25, 'r6g.2xlarge_use1-az4': 40, 'r6g.2xlarge_use1-az5': 10, 'r6g.2xlarge_use1-az6': 50, 'r6g.4xlarge_use1-az1': 10, 'r6g.4xlarge_use1-az2': 50, 'r6g.4xlarge_use1-az4': 50, 'r6g.4xlarge_use1-az5': 50, 'r6g.4xlarge_use1-az6': 50, 'r6g.8xlarge_use1-az1': 1, 'r6g.8xlarge_use1-az2': 10, 'r6g.8xlarge_use1-az4': 50, 'r6g.8xlarge_use1-az5': 50, 'r6g.8xlarge_use1-az6': 50, 'r6g.large_use1-az1': 10, 'r6g.large_use1-az2': 40, 'r6g.large_use1-az4': 50, 'r6g.large_use1-az5': 5, 'r6g.large_use1-az6': 50, 'r6g.medium_use1-az1': 1, 'r6g.medium_use1-az2': 10, 'r6g.medium_use1-az4': 15, 'r6g.medium_use1-az5': 15, 'r6g.medium_use1-az6': 35, 'r6g.xlarge_use1-az1': 1, 'r6g.xlarge_use1-az2': 50, 'r6g.xlarge_use1-az4': 50, 'r6g.xlarge_use1-az5': 50, 'r6g.xlarge_use1-az6': 50, 'r6gd.12xlarge_use1-az1': 1, 'r6gd.12xlarge_use1-az2': 5, 'r6gd.12xlarge_use1-az4': 10, 'r6gd.12xlarge_use1-az5': 1, 'r6gd.12xlarge_use1-az6': 10, 'r6gd.16xlarge_use1-az1': 5, 'r6gd.16xlarge_use1-az2': 5, 'r6gd.16xlarge_use1-az4': 50, 'r6gd.16xlarge_use1-az5': 1, 'r6gd.16xlarge_use1-az6': 45, 'r6gd.2xlarge_use1-az2': 20, 'r6gd.2xlarge_use1-az4': 30, 'r6gd.2xlarge_use1-az5': 1, 'r6gd.4xlarge_use1-az1': 5, 'r6gd.4xlarge_use1-az2': 20, 'r6gd.4xlarge_use1-az4': 50, 'r6gd.4xlarge_use1-az5': 1, 'r6gd.4xlarge_use1-az6': 25, 'r6gd.8xlarge_use1-az1': 1, 'r6gd.8xlarge_use1-az2': 10, 'r6gd.8xlarge_use1-az4': 20, 'r6gd.8xlarge_use1-az5': 1, 'r6gd.8xlarge_use1-az6': 30, 'r6gd.large_use1-az1': 50, 'r6gd.large_use1-az2': 50, 'r6gd.large_use1-az4': 50, 'r6gd.large_use1-az5': 50, 'r6gd.large_use1-az6': 50, 'r6gd.medium_use1-az1': 5, 'r6gd.medium_use1-az2': 1, 'r6gd.medium_use1-az4': 5, 'r6gd.medium_use1-az5': 5, 'r6gd.medium_use1-az6': 1, 'r6gd.xlarge_use1-az1': 1, 'r6gd.xlarge_use1-az2': 1, 'r6gd.xlarge_use1-az4': 5, 'r6gd.xlarge_use1-az6': 10, 'r6i.12xlarge_use1-az1': 5, 'r6i.12xlarge_use1-az2': 5, 'r6i.12xlarge_use1-az4': 5, 'r6i.12xlarge_use1-az5': 1, 'r6i.12xlarge_use1-az6': 10, 'r6i.16xlarge_use1-az1': 1, 'r6i.16xlarge_use1-az2': 1, 'r6i.16xlarge_use1-az4': 10, 'r6i.16xlarge_use1-az5': 10, 'r6i.16xlarge_use1-az6': 1, 'r6i.24xlarge_use1-az4': 10, 'r6i.24xlarge_use1-az5': 1, 'r6i.24xlarge_use1-az6': 5, 'r6i.2xlarge_use1-az1': 15, 'r6i.2xlarge_use1-az2': 35, 'r6i.2xlarge_use1-az4': 50, 'r6i.2xlarge_use1-az5': 5, 'r6i.2xlarge_use1-az6': 50, 'r6i.32xlarge_use1-az4': 1, 'r6i.32xlarge_use1-az5': 1, 'r6i.32xlarge_use1-az6': 1, 'r6i.4xlarge_use1-az1': 30, 'r6i.4xlarge_use1-az2': 20, 'r6i.4xlarge_use1-az4': 20, 'r6i.4xlarge_use1-az5': 10, 'r6i.4xlarge_use1-az6': 40, 'r6i.8xlarge_use1-az1': 5, 'r6i.8xlarge_use1-az2': 10, 'r6i.8xlarge_use1-az4': 10, 'r6i.8xlarge_use1-az5': 5, 'r6i.8xlarge_use1-az6': 10, 'r6i.large_use1-az1': 20, 'r6i.large_use1-az2': 50, 'r6i.large_use1-az4': 50, 'r6i.large_use1-az5': 20, 'r6i.large_use1-az6': 50, 'r6i.xlarge_use1-az1': 15, 'r6i.xlarge_use1-az2': 45, 'r6i.xlarge_use1-az4': 50, 'r6i.xlarge_use1-az5': 10, 'r6i.xlarge_use1-az6': 50, 'r6id.12xlarge_use1-az1': 1, 'r6id.12xlarge_use1-az2': 5, 'r6id.12xlarge_use1-az4': 1, 'r6id.12xlarge_use1-az6': 5, 'r6id.16xlarge_use1-az1': 5, 'r6id.16xlarge_use1-az2': 5, 'r6id.16xlarge_use1-az4': 15, 'r6id.16xlarge_use1-az5': 1, 'r6id.16xlarge_use1-az6': 20, 'r6id.24xlarge_use1-az1': 10, 'r6id.24xlarge_use1-az2': 10, 'r6id.24xlarge_use1-az4': 5, 'r6id.24xlarge_use1-az5': 15, 'r6id.24xlarge_use1-az6': 25, 'r6id.2xlarge_use1-az1': 5, 'r6id.2xlarge_use1-az2': 1, 'r6id.2xlarge_use1-az4': 10, 'r6id.2xlarge_use1-az5': 1, 'r6id.2xlarge_use1-az6': 10, 'r6id.32xlarge_use1-az1': 1, 'r6id.32xlarge_use1-az2': 5, 'r6id.32xlarge_use1-az4': 1, 'r6id.32xlarge_use1-az5': 1, 'r6id.32xlarge_use1-az6': 10, 'r6id.4xlarge_use1-az1': 40, 'r6id.4xlarge_use1-az2': 50, 'r6id.4xlarge_use1-az4': 10, 'r6id.4xlarge_use1-az5': 20, 'r6id.4xlarge_use1-az6': 35, 'r6id.8xlarge_use1-az1': 1, 'r6id.8xlarge_use1-az2': 1, 'r6id.8xlarge_use1-az4': 5, 'r6id.8xlarge_use1-az5': 1, 'r6id.8xlarge_use1-az6': 5, 'r6id.large_use1-az1': 15, 'r6id.large_use1-az2': 10, 'r6id.large_use1-az4': 5, 'r6id.large_use1-az5': 15, 'r6id.large_use1-az6': 30, 'r6id.xlarge_use1-az1': 5, 'r6id.xlarge_use1-az2': 15, 'r6id.xlarge_use1-az4': 10, 'r6id.xlarge_use1-az5': 15, 'r6id.xlarge_use1-az6': 15, 'r6idn.16xlarge_use1-az4': 1, 'r6idn.16xlarge_use1-az5': 1, 'r6idn.16xlarge_use1-az6': 1, 'r6idn.24xlarge_use1-az6': 1, 'r6idn.2xlarge_use1-az2': 1, 'r6idn.2xlarge_use1-az6': 5, 'r6idn.32xlarge_use1-az6': 1, 'r6idn.4xlarge_use1-az1': 15, 'r6idn.4xlarge_use1-az2': 15, 'r6idn.4xlarge_use1-az5': 5, 'r6idn.4xlarge_use1-az6': 10, 'r6idn.8xlarge_use1-az2': 1, 'r6idn.8xlarge_use1-az4': 1, 'r6idn.8xlarge_use1-az6': 5, 'r6idn.large_use1-az1': 1, 'r6idn.large_use1-az2': 1, 'r6idn.large_use1-az4': 5, 'r6idn.large_use1-az5': 5, 'r6idn.large_use1-az6': 5, 'r6idn.xlarge_use1-az5': 1, 'r6in.12xlarge_use1-az1': 1, 'r6in.12xlarge_use1-az6': 5, 'r6in.16xlarge_use1-az4': 1, 'r6in.16xlarge_use1-az5': 1, 'r6in.16xlarge_use1-az6': 5, 'r6in.24xlarge_use1-az6': 1, 'r6in.2xlarge_use1-az2': 1, 'r6in.2xlarge_use1-az4': 1, 'r6in.2xlarge_use1-az5': 1, 'r6in.2xlarge_use1-az6': 1, 'r6in.4xlarge_use1-az1': 5, 'r6in.4xlarge_use1-az2': 20, 'r6in.4xlarge_use1-az4': 15, 'r6in.4xlarge_use1-az5': 20, 'r6in.4xlarge_use1-az6': 20, 'r6in.8xlarge_use1-az1': 5, 'r6in.8xlarge_use1-az4': 1, 'r6in.8xlarge_use1-az6': 5, 'r6in.large_use1-az1': 45, 'r6in.large_use1-az2': 50, 'r6in.large_use1-az4': 50, 'r6in.large_use1-az5': 40, 'r6in.large_use1-az6': 50, 'r6in.xlarge_use1-az1': 1, 'r6in.xlarge_use1-az2': 1, 'r6in.xlarge_use1-az4': 1, 'r6in.xlarge_use1-az5': 1, 'r6in.xlarge_use1-az6': 1, 'r7a.12xlarge_use1-az1': 1, 'r7a.12xlarge_use1-az2': 1, 'r7a.12xlarge_use1-az4': 5, 'r7a.12xlarge_use1-az6': 20, 'r7a.16xlarge_use1-az1': 1, 'r7a.16xlarge_use1-az2': 15, 'r7a.16xlarge_use1-az4': 30, 'r7a.16xlarge_use1-az6': 50, 'r7a.24xlarge_use1-az2': 10, 'r7a.24xlarge_use1-az4': 10, 'r7a.24xlarge_use1-az6': 35, 'r7a.2xlarge_use1-az1': 1, 'r7a.2xlarge_use1-az2': 5, 'r7a.2xlarge_use1-az4': 25, 'r7a.2xlarge_use1-az6': 1, 'r7a.32xlarge_use1-az2': 1, 'r7a.32xlarge_use1-az4': 1, 'r7a.32xlarge_use1-az6': 50, 'r7a.48xlarge_use1-az2': 5, 'r7a.48xlarge_use1-az4': 5, 'r7a.48xlarge_use1-az6': 50, 'r7a.4xlarge_use1-az1': 5, 'r7a.4xlarge_use1-az2': 25, 'r7a.4xlarge_use1-az4': 50, 'r7a.4xlarge_use1-az6': 50, 'r7a.8xlarge_use1-az1': 5, 'r7a.8xlarge_use1-az2': 20, 'r7a.8xlarge_use1-az4': 50, 'r7a.8xlarge_use1-az6': 50, 'r7a.large_use1-az1': 50, 'r7a.large_use1-az2': 50, 'r7a.large_use1-az4': 50, 'r7a.large_use1-az6': 50, 'r7a.medium_use1-az1': 10, 'r7a.medium_use1-az2': 25, 'r7a.medium_use1-az4': 50, 'r7a.medium_use1-az6': 50, 'r7a.xlarge_use1-az1': 20, 'r7a.xlarge_use1-az2': 50, 'r7a.xlarge_use1-az4': 50, 'r7a.xlarge_use1-az6': 25, 'r7g.12xlarge_use1-az1': 1, 'r7g.12xlarge_use1-az2': 5, 'r7g.12xlarge_use1-az4': 50, 'r7g.12xlarge_use1-az5': 1, 'r7g.12xlarge_use1-az6': 5, 'r7g.16xlarge_use1-az1': 5, 'r7g.16xlarge_use1-az2': 30, 'r7g.16xlarge_use1-az4': 50, 'r7g.16xlarge_use1-az5': 5, 'r7g.16xlarge_use1-az6': 50, 'r7g.2xlarge_use1-az1': 5, 'r7g.2xlarge_use1-az2': 10, 'r7g.2xlarge_use1-az4': 50, 'r7g.2xlarge_use1-az5': 5, 'r7g.2xlarge_use1-az6': 15, 'r7g.4xlarge_use1-az1': 5, 'r7g.4xlarge_use1-az2': 5, 'r7g.4xlarge_use1-az4': 50, 'r7g.4xlarge_use1-az5': 5, 'r7g.4xlarge_use1-az6': 15, 'r7g.8xlarge_use1-az1': 1, 'r7g.8xlarge_use1-az2': 50, 'r7g.8xlarge_use1-az4': 50, 'r7g.8xlarge_use1-az5': 50, 'r7g.8xlarge_use1-az6': 50, 'r7g.large_use1-az1': 20, 'r7g.large_use1-az2': 50, 'r7g.large_use1-az4': 50, 'r7g.large_use1-az5': 40, 'r7g.large_use1-az6': 40, 'r7g.medium_use1-az1': 50, 'r7g.medium_use1-az2': 50, 'r7g.medium_use1-az4': 50, 'r7g.medium_use1-az5': 25, 'r7g.medium_use1-az6': 50, 'r7g.xlarge_use1-az1': 50, 'r7g.xlarge_use1-az2': 50, 'r7g.xlarge_use1-az4': 50, 'r7g.xlarge_use1-az5': 10, 'r7g.xlarge_use1-az6': 50, 'r7gd.12xlarge_use1-az1': 1, 'r7gd.12xlarge_use1-az2': 10, 'r7gd.12xlarge_use1-az4': 35, 'r7gd.12xlarge_use1-az5': 10, 'r7gd.12xlarge_use1-az6': 50, 'r7gd.16xlarge_use1-az1': 5, 'r7gd.16xlarge_use1-az2': 50, 'r7gd.16xlarge_use1-az4': 50, 'r7gd.16xlarge_use1-az5': 50, 'r7gd.16xlarge_use1-az6': 50, 'r7gd.2xlarge_use1-az1': 5, 'r7gd.2xlarge_use1-az2': 25, 'r7gd.2xlarge_use1-az4': 25, 'r7gd.2xlarge_use1-az5': 40, 'r7gd.2xlarge_use1-az6': 50, 'r7gd.4xlarge_use1-az1': 1, 'r7gd.4xlarge_use1-az2': 20, 'r7gd.4xlarge_use1-az4': 25, 'r7gd.4xlarge_use1-az5': 30, 'r7gd.4xlarge_use1-az6': 50, 'r7gd.8xlarge_use1-az1': 1, 'r7gd.8xlarge_use1-az2': 10, 'r7gd.8xlarge_use1-az4': 30, 'r7gd.8xlarge_use1-az5': 20, 'r7gd.8xlarge_use1-az6': 50, 'r7gd.large_use1-az1': 15, 'r7gd.large_use1-az2': 10, 'r7gd.large_use1-az4': 50, 'r7gd.large_use1-az5': 15, 'r7gd.large_use1-az6': 35, 'r7gd.medium_use1-az1': 35, 'r7gd.medium_use1-az2': 15, 'r7gd.medium_use1-az4': 25, 'r7gd.medium_use1-az5': 15, 'r7gd.medium_use1-az6': 20, 'r7gd.xlarge_use1-az1': 1, 'r7gd.xlarge_use1-az2': 10, 'r7gd.xlarge_use1-az4': 25, 'r7gd.xlarge_use1-az5': 10, 'r7gd.xlarge_use1-az6': 50, 'r7i.12xlarge_use1-az4': 1, 'r7i.12xlarge_use1-az6': 10, 'r7i.16xlarge_use1-az1': 5, 'r7i.16xlarge_use1-az2': 15, 'r7i.16xlarge_use1-az4': 45, 'r7i.16xlarge_use1-az5': 5, 'r7i.16xlarge_use1-az6': 50, 'r7i.24xlarge_use1-az1': 1, 'r7i.24xlarge_use1-az2': 1, 'r7i.24xlarge_use1-az4': 5, 'r7i.24xlarge_use1-az5': 5, 'r7i.24xlarge_use1-az6': 5, 'r7i.2xlarge_use1-az1': 5, 'r7i.2xlarge_use1-az2': 5, 'r7i.2xlarge_use1-az4': 10, 'r7i.2xlarge_use1-az5': 5, 'r7i.2xlarge_use1-az6': 50, 'r7i.48xlarge_use1-az2': 1, 'r7i.48xlarge_use1-az4': 5, 'r7i.48xlarge_use1-az5': 1, 'r7i.48xlarge_use1-az6': 5, 'r7i.4xlarge_use1-az1': 5, 'r7i.4xlarge_use1-az2': 20, 'r7i.4xlarge_use1-az4': 10, 'r7i.4xlarge_use1-az5': 1, 'r7i.4xlarge_use1-az6': 50, 'r7i.8xlarge_use1-az1': 5, 'r7i.8xlarge_use1-az2': 25, 'r7i.8xlarge_use1-az4': 25, 'r7i.8xlarge_use1-az5': 5, 'r7i.8xlarge_use1-az6': 50, 'r7i.large_use1-az1': 15, 'r7i.large_use1-az2': 50, 'r7i.large_use1-az4': 50, 'r7i.large_use1-az5': 15, 'r7i.large_use1-az6': 50, 'r7i.xlarge_use1-az1': 5, 'r7i.xlarge_use1-az2': 15, 'r7i.xlarge_use1-az4': 10, 'r7i.xlarge_use1-az5': 15, 'r7i.xlarge_use1-az6': 50, 'r8g.12xlarge_use1-az2': 5, 'r8g.12xlarge_use1-az4': 5, 'r8g.12xlarge_use1-az6': 15, 'r8g.16xlarge_use1-az1': 1, 'r8g.16xlarge_use1-az2': 50, 'r8g.16xlarge_use1-az4': 50, 'r8g.16xlarge_use1-az5': 5, 'r8g.16xlarge_use1-az6': 50, 'r8g.24xlarge_use1-az2': 10, 'r8g.24xlarge_use1-az4': 5, 'r8g.24xlarge_use1-az5': 5, 'r8g.24xlarge_use1-az6': 35, 'r8g.2xlarge_use1-az2': 5, 'r8g.2xlarge_use1-az4': 5, 'r8g.2xlarge_use1-az5': 1, 'r8g.2xlarge_use1-az6': 5, 'r8g.48xlarge_use1-az2': 1, 'r8g.48xlarge_use1-az4': 5, 'r8g.48xlarge_use1-az6': 5, 'r8g.4xlarge_use1-az2': 10, 'r8g.4xlarge_use1-az4': 35, 'r8g.4xlarge_use1-az5': 5, 'r8g.4xlarge_use1-az6': 50, 'r8g.8xlarge_use1-az2': 40, 'r8g.8xlarge_use1-az4': 15, 'r8g.8xlarge_use1-az5': 1, 'r8g.8xlarge_use1-az6': 50, 'r8g.large_use1-az1': 5, 'r8g.large_use1-az2': 30, 'r8g.large_use1-az4': 15, 'r8g.large_use1-az5': 10, 'r8g.large_use1-az6': 20, 'r8g.medium_use1-az1': 15, 'r8g.medium_use1-az2': 30, 'r8g.medium_use1-az4': 20, 'r8g.medium_use1-az5': 5, 'r8g.medium_use1-az6': 15, 'r8g.xlarge_use1-az1': 1, 'r8g.xlarge_use1-az2': 10, 'r8g.xlarge_use1-az4': 5, 'r8g.xlarge_use1-az5': 5, 'r8g.xlarge_use1-az6': 10, 'r8gb.24xlarge_use1-az6': 1, 'r8gb.large_use1-az2': 20, 'r8gb.large_use1-az4': 15, 'r8gb.large_use1-az6': 25, 'r8gb.medium_use1-az2': 50, 'r8gb.metal-24xl_use1-az6': 1, 'r8gb.xlarge_use1-az2': 5, 'r8gb.xlarge_use1-az4': 5, 'r8gb.xlarge_use1-az6': 5, 'r8gd.12xlarge_use1-az5': 1, 'r8gd.12xlarge_use1-az6': 1, 'r8gd.16xlarge_use1-az2': 1, 'r8gd.16xlarge_use1-az4': 1, 'r8gd.16xlarge_use1-az5': 1, 'r8gd.16xlarge_use1-az6': 15, 'r8gd.24xlarge_use1-az2': 1, 'r8gd.24xlarge_use1-az5': 1, 'r8gd.24xlarge_use1-az6': 25, 'r8gd.2xlarge_use1-az2': 25, 'r8gd.2xlarge_use1-az4': 30, 'r8gd.2xlarge_use1-az6': 50, 'r8gd.48xlarge_use1-az6': 50, 'r8gd.4xlarge_use1-az1': 1, 'r8gd.4xlarge_use1-az2': 20, 'r8gd.4xlarge_use1-az5': 1, 'r8gd.4xlarge_use1-az6': 15, 'r8gd.8xlarge_use1-az2': 5, 'r8gd.8xlarge_use1-az4': 1, 'r8gd.8xlarge_use1-az5': 1, 'r8gd.8xlarge_use1-az6': 1, 'r8gd.large_use1-az2': 50, 'r8gd.large_use1-az5': 1, 'r8gd.large_use1-az6': 50, 'r8gd.medium_use1-az1': 5, 'r8gd.medium_use1-az2': 5, 'r8gd.medium_use1-az4': 5, 'r8gd.medium_use1-az5': 10, 'r8gd.metal-24xl_use1-az6': 1, 'r8gd.metal-48xl_use1-az6': 1, 'r8gd.xlarge_use1-az2': 25, 'r8gd.xlarge_use1-az4': 1, 'r8gd.xlarge_use1-az5': 50, 'r8gd.xlarge_use1-az6': 40, 'r8gn.16xlarge_use1-az6': 1, 'r8gn.24xlarge_use1-az2': 1, 'r8gn.2xlarge_use1-az2': 1, 'r8gn.2xlarge_use1-az6': 1, 'r8gn.48xlarge_use1-az6': 1, 'r8gn.8xlarge_use1-az2': 1, 'r8gn.8xlarge_use1-az6': 5, 'r8gn.large_use1-az2': 20, 'r8gn.large_use1-az4': 15, 'r8gn.large_use1-az6': 20, 'r8gn.medium_use1-az2': 35, 'r8gn.medium_use1-az4': 40, 'r8gn.metal-24xl_use1-az2': 1, 'r8gn.metal-24xl_use1-az6': 1, 'r8gn.xlarge_use1-az2': 1, 'r8gn.xlarge_use1-az4': 5, 'r8gn.xlarge_use1-az6': 10, 'r8i-flex.2xlarge_use1-az2': 1, 'r8i-flex.2xlarge_use1-az6': 5, 'r8i-flex.4xlarge_use1-az2': 1, 'r8i-flex.4xlarge_use1-az6': 1, 'r8i-flex.large_use1-az2': 1, 'r8i-flex.large_use1-az6': 5, 'r8i-flex.xlarge_use1-az2': 5, 'r8i-flex.xlarge_use1-az6': 1, 'r8i.12xlarge_use1-az2': 1, 'r8i.12xlarge_use1-az6': 1, 'r8i.16xlarge_use1-az2': 1, 'r8i.16xlarge_use1-az6': 1, 'r8i.24xlarge_use1-az6': 1, 'r8i.2xlarge_use1-az2': 5, 'r8i.2xlarge_use1-az6': 5, 'r8i.32xlarge_use1-az2': 1, 'r8i.32xlarge_use1-az6': 1, 'r8i.48xlarge_use1-az2': 1, 'r8i.48xlarge_use1-az6': 1, 'r8i.4xlarge_use1-az2': 1, 'r8i.4xlarge_use1-az6': 5, 'r8i.8xlarge_use1-az2': 1, 'r8i.8xlarge_use1-az6': 5, 'r8i.96xlarge_use1-az2': 1, 'r8i.96xlarge_use1-az6': 1, 'r8i.large_use1-az2': 20, 'r8i.large_use1-az6': 20, 'r8i.xlarge_use1-az2': 5, 'r8i.xlarge_use1-az6': 5, 't2.2xlarge_use1-az1': 50, 't2.2xlarge_use1-az2': 50, 't2.2xlarge_use1-az3': 15, 't2.2xlarge_use1-az4': 50, 't2.2xlarge_use1-az5': 50, 't2.2xlarge_use1-az6': 50, 't2.large_use1-az1': 20, 't2.large_use1-az2': 50, 't2.large_use1-az3': 50, 't2.large_use1-az4': 50, 't2.large_use1-az5': 25, 't2.large_use1-az6': 50, 't2.medium_use1-az1': 50, 't2.medium_use1-az2': 50, 't2.medium_use1-az3': 50, 't2.medium_use1-az4': 50, 't2.medium_use1-az5': 50, 't2.medium_use1-az6': 50, 't2.xlarge_use1-az1': 35, 't2.xlarge_use1-az2': 50, 't2.xlarge_use1-az3': 20, 't2.xlarge_use1-az4': 50, 't2.xlarge_use1-az5': 5, 't2.xlarge_use1-az6': 50, 't3.2xlarge_use1-az1': 50, 't3.2xlarge_use1-az2': 50, 't3.2xlarge_use1-az4': 50, 't3.2xlarge_use1-az5': 50, 't3.2xlarge_use1-az6': 50, 't3.large_use1-az1': 50, 't3.large_use1-az2': 50, 't3.large_use1-az4': 50, 't3.large_use1-az5': 50, 't3.large_use1-az6': 50, 't3.medium_use1-az1': 50, 't3.medium_use1-az2': 50, 't3.medium_use1-az4': 50, 't3.medium_use1-az5': 50, 't3.medium_use1-az6': 50, 't3.xlarge_use1-az1': 50, 't3.xlarge_use1-az2': 50, 't3.xlarge_use1-az4': 50, 't3.xlarge_use1-az5': 50, 't3.xlarge_use1-az6': 50, 't3a.2xlarge_use1-az1': 50, 't3a.2xlarge_use1-az2': 50, 't3a.2xlarge_use1-az4': 50, 't3a.2xlarge_use1-az5': 50, 't3a.2xlarge_use1-az6': 50, 't3a.large_use1-az1': 50, 't3a.large_use1-az2': 50, 't3a.large_use1-az4': 50, 't3a.large_use1-az5': 5, 't3a.large_use1-az6': 50, 't3a.medium_use1-az1': 50, 't3a.medium_use1-az2': 50, 't3a.medium_use1-az4': 50, 't3a.medium_use1-az5': 5, 't3a.medium_use1-az6': 50, 't3a.xlarge_use1-az1': 25, 't3a.xlarge_use1-az2': 50, 't3a.xlarge_use1-az4': 50, 't3a.xlarge_use1-az5': 15, 't3a.xlarge_use1-az6': 50, 't4g.2xlarge_use1-az1': 5, 't4g.2xlarge_use1-az2': 15, 't4g.2xlarge_use1-az4': 5, 't4g.2xlarge_use1-az5': 10, 't4g.2xlarge_use1-az6': 10, 't4g.large_use1-az1': 1, 't4g.large_use1-az2': 15, 't4g.large_use1-az4': 50, 't4g.large_use1-az5': 25, 't4g.large_use1-az6': 35, 't4g.medium_use1-az1': 1, 't4g.medium_use1-az2': 50, 't4g.medium_use1-az4': 50, 't4g.medium_use1-az5': 35, 't4g.medium_use1-az6': 50, 't4g.xlarge_use1-az1': 30, 't4g.xlarge_use1-az2': 15, 't4g.xlarge_use1-az4': 50, 't4g.xlarge_use1-az5': 5, 't4g.xlarge_use1-az6': 10, 'trn1.2xlarge_use1-az5': 5, 'trn1.2xlarge_use1-az6': 20, 'trn1.32xlarge_use1-az6': 50, 'trn1n.32xlarge_use1-az6': 50, 'vt1.3xlarge_use1-az2': 1, 'x1.16xlarge_use1-az2': 1, 'x1.16xlarge_use1-az4': 1, 'x1.16xlarge_use1-az6': 1, 'x1.32xlarge_use1-az2': 1, 'x1.32xlarge_use1-az3': 5, 'x1.32xlarge_use1-az6': 1, 'x2gd.12xlarge_use1-az5': 5, 'x2gd.16xlarge_use1-az5': 1, 'x2gd.16xlarge_use1-az6': 15, 'x2gd.2xlarge_use1-az1': 5, 'x2gd.2xlarge_use1-az5': 5, 'x2gd.2xlarge_use1-az6': 30, 'x2gd.4xlarge_use1-az2': 1, 'x2gd.4xlarge_use1-az4': 5, 'x2gd.4xlarge_use1-az5': 1, 'x2gd.4xlarge_use1-az6': 35, 'x2gd.8xlarge_use1-az4': 1, 'x2gd.8xlarge_use1-az5': 1, 'x2gd.8xlarge_use1-az6': 5, 'x2gd.large_use1-az1': 35, 'x2gd.large_use1-az2': 25, 'x2gd.large_use1-az4': 15, 'x2gd.large_use1-az5': 25, 'x2gd.large_use1-az6': 50, 'x2gd.medium_use1-az1': 25, 'x2gd.medium_use1-az2': 35, 'x2gd.medium_use1-az4': 50, 'x2gd.medium_use1-az5': 50, 'x2gd.medium_use1-az6': 50, 'x2gd.xlarge_use1-az1': 5, 'x2gd.xlarge_use1-az2': 1, 'x2gd.xlarge_use1-az4': 20, 'x2gd.xlarge_use1-az5': 15, 'x2gd.xlarge_use1-az6': 25, 'x2idn.16xlarge_use1-az2': 1, 'x2idn.16xlarge_use1-az5': 1, 'x2idn.24xlarge_use1-az4': 1, 'x2idn.24xlarge_use1-az5': 1, 'x2idn.32xlarge_use1-az5': 1, 'x2iedn.xlarge_use1-az5': 1, 'x8g.12xlarge_use1-az2': 1, 'x8g.12xlarge_use1-az4': 20, 'x8g.12xlarge_use1-az6': 1, 'x8g.16xlarge_use1-az1': 1, 'x8g.16xlarge_use1-az2': 5, 'x8g.16xlarge_use1-az4': 5, 'x8g.16xlarge_use1-az6': 5, 'x8g.24xlarge_use1-az1': 1, 'x8g.24xlarge_use1-az2': 5, 'x8g.24xlarge_use1-az4': 5, 'x8g.24xlarge_use1-az6': 10, 'x8g.2xlarge_use1-az1': 5, 'x8g.2xlarge_use1-az2': 10, 'x8g.2xlarge_use1-az4': 10, 'x8g.2xlarge_use1-az6': 25, 'x8g.48xlarge_use1-az1': 1, 'x8g.48xlarge_use1-az2': 1, 'x8g.48xlarge_use1-az4': 10, 'x8g.48xlarge_use1-az6': 1, 'x8g.4xlarge_use1-az1': 1, 'x8g.4xlarge_use1-az2': 5, 'x8g.4xlarge_use1-az4': 5, 'x8g.4xlarge_use1-az6': 10, 'x8g.8xlarge_use1-az2': 15, 'x8g.8xlarge_use1-az4': 20, 'x8g.8xlarge_use1-az6': 5, 'x8g.large_use1-az1': 30, 'x8g.large_use1-az4': 50, 'x8g.large_use1-az6': 50, 'x8g.medium_use1-az1': 50, 'x8g.medium_use1-az4': 50, 'x8g.medium_use1-az6': 50, 'x8g.metal-24xl_use1-az1': 1, 'x8g.metal-24xl_use1-az2': 1, 'x8g.metal-24xl_use1-az4': 1, 'x8g.metal-24xl_use1-az6': 10, 'x8g.metal-48xl_use1-az2': 1, 'x8g.metal-48xl_use1-az4': 1, 'x8g.metal-48xl_use1-az6': 1, 'x8g.xlarge_use1-az1': 10, 'x8g.xlarge_use1-az2': 20, 'x8g.xlarge_use1-az4': 40, 'x8g.xlarge_use1-az6': 50, 'z1d.12xlarge_use1-az1': 1, 'z1d.12xlarge_use1-az2': 1, 'z1d.12xlarge_use1-az4': 1, 'z1d.12xlarge_use1-az5': 1, 'z1d.12xlarge_use1-az6': 5, 'z1d.2xlarge_use1-az1': 5, 'z1d.2xlarge_use1-az2': 5, 'z1d.2xlarge_use1-az4': 15, 'z1d.2xlarge_use1-az5': 1, 'z1d.2xlarge_use1-az6': 15, 'z1d.3xlarge_use1-az1': 5, 'z1d.3xlarge_use1-az2': 5, 'z1d.3xlarge_use1-az4': 10, 'z1d.3xlarge_use1-az5': 5, 'z1d.3xlarge_use1-az6': 5, 'z1d.6xlarge_use1-az1': 1, 'z1d.6xlarge_use1-az2': 1, 'z1d.6xlarge_use1-az4': 1, 'z1d.6xlarge_use1-az6': 1, 'z1d.large_use1-az1': 15, 'z1d.large_use1-az2': 5, 'z1d.large_use1-az4': 25, 'z1d.large_use1-az5': 10, 'z1d.large_use1-az6': 25, 'z1d.xlarge_use1-az1': 10, 'z1d.xlarge_use1-az2': 20, 'z1d.xlarge_use1-az4': 30, 'z1d.xlarge_use1-az5': 1, 'z1d.xlarge_use1-az6': 20}"
0.67,24664.902399999966,28577339027,1158623.6411690023,1096025,1095925,"{'c4.8xlarge_use1-az1': 1, 'c4.8xlarge_use1-az2': 5, 'c4.8xlarge_use1-az3': 5, 'c4.8xlarge_use1-az4': 15, 'c4.8xlarge_use1-az5': 5, 'c4.8xlarge_use1-az6': 5, 'c5.12xlarge_use1-az1': 50, 'c5.12xlarge_use1-az2': 50, 'c5.12xlarge_use1-az4': 50, 'c5.12xlarge_use1-az5': 50, 'c5.12xlarge_use1-az6': 50, 'c5.18xlarge_use1-az1': 5, 'c5.18xlarge_use1-az2': 50, 'c5.18xlarge_use1-az4': 15, 'c5.18xlarge_use1-az5': 10, 'c5.18xlarge_use1-az6': 1, 'c5.24xlarge_use1-az1': 1, 'c5.24xlarge_use1-az2': 5, 'c5.24xlarge_use1-az4': 5, 'c5.24xlarge_use1-az5': 1, 'c5.24xlarge_use1-az6': 5, 'c5.2xlarge_use1-az1': 50, 'c5.2xlarge_use1-az2': 50, 'c5.2xlarge_use1-az4': 50, 'c5.2xlarge_use1-az5': 50, 'c5.2xlarge_use1-az6': 50, 'c5.4xlarge_use1-az1': 50, 'c5.4xlarge_use1-az2': 50, 'c5.4xlarge_use1-az4': 50, 'c5.4xlarge_use1-az5': 50, 'c5.4xlarge_use1-az6': 50, 'c5.9xlarge_use1-az1': 50, 'c5.9xlarge_use1-az2': 50, 'c5.9xlarge_use1-az4': 50, 'c5.9xlarge_use1-az6': 50, 'c5.large_use1-az1': 50, 'c5.large_use1-az2': 50, 'c5.large_use1-az4': 50, 'c5.large_use1-az5': 50, 'c5.large_use1-az6': 50, 'c5.xlarge_use1-az1': 50, 'c5.xlarge_use1-az2': 50, 'c5.xlarge_use1-az4': 50, 'c5.xlarge_use1-az5': 50, 'c5.xlarge_use1-az6': 50, 'c5a.12xlarge_use1-az1': 5, 'c5a.12xlarge_use1-az2': 10, 'c5a.12xlarge_use1-az4': 15, 'c5a.12xlarge_use1-az5': 1, 'c5a.12xlarge_use1-az6': 5, 'c5a.16xlarge_use1-az4': 1, 'c5a.16xlarge_use1-az6': 1, 'c5a.24xlarge_use1-az2': 1, 'c5a.24xlarge_use1-az4': 1, 'c5a.24xlarge_use1-az6': 1, 'c5a.2xlarge_use1-az1': 30, 'c5a.2xlarge_use1-az2': 20, 'c5a.2xlarge_use1-az4': 50, 'c5a.2xlarge_use1-az5': 15, 'c5a.2xlarge_use1-az6': 50, 'c5a.4xlarge_use1-az1': 5, 'c5a.4xlarge_use1-az2': 1, 'c5a.4xlarge_use1-az4': 5, 'c5a.4xlarge_use1-az5': 5, 'c5a.4xlarge_use1-az6': 5, 'c5a.8xlarge_use1-az1': 1, 'c5a.8xlarge_use1-az2': 1, 'c5a.8xlarge_use1-az4': 5, 'c5a.8xlarge_use1-az6': 15, 'c5a.large_use1-az1': 50, 'c5a.large_use1-az2': 50, 'c5a.large_use1-az4': 50, 'c5a.large_use1-az5': 45, 'c5a.large_use1-az6': 50, 'c5a.xlarge_use1-az1': 50, 'c5a.xlarge_use1-az2': 50, 'c5a.xlarge_use1-az4': 50, 'c5a.xlarge_use1-az5': 50, 'c5a.xlarge_use1-az6': 50, 'c5ad.12xlarge_use1-az2': 5, 'c5ad.12xlarge_use1-az4': 5, 'c5ad.12xlarge_use1-az6': 5, 'c5ad.16xlarge_use1-az1': 1, 'c5ad.16xlarge_use1-az2': 5, 'c5ad.16xlarge_use1-az4': 1, 'c5ad.16xlarge_use1-az6': 1, 'c5ad.24xlarge_use1-az1': 1, 'c5ad.24xlarge_use1-az2': 1, 'c5ad.24xlarge_use1-az4': 1, 'c5ad.24xlarge_use1-az6': 5, 'c5ad.2xlarge_use1-az1': 10, 'c5ad.2xlarge_use1-az2': 5, 'c5ad.2xlarge_use1-az4': 5, 'c5ad.2xlarge_use1-az5': 5, 'c5ad.2xlarge_use1-az6': 15, 'c5ad.4xlarge_use1-az1': 5, 'c5ad.4xlarge_use1-az2': 5, 'c5ad.4xlarge_use1-az4': 1, 'c5ad.4xlarge_use1-az5': 1, 'c5ad.4xlarge_use1-az6': 10, 'c5ad.8xlarge_use1-az2': 1, 'c5ad.8xlarge_use1-az4': 1, 'c5ad.8xlarge_use1-az5': 1, 'c5ad.8xlarge_use1-az6': 1, 'c5ad.large_use1-az1': 20, 'c5ad.large_use1-az2': 30, 'c5ad.large_use1-az4': 10, 'c5ad.large_use1-az5': 15, 'c5ad.large_use1-az6': 20, 'c5ad.xlarge_use1-az1': 15, 'c5ad.xlarge_use1-az2': 10, 'c5ad.xlarge_use1-az4': 5, 'c5ad.xlarge_use1-az5': 5, 'c5ad.xlarge_use1-az6': 15, 'c5d.12xlarge_use1-az2': 15, 'c5d.12xlarge_use1-az4': 5, 'c5d.12xlarge_use1-az6': 45, 'c5d.18xlarge_use1-az1': 5, 'c5d.18xlarge_use1-az2': 50, 'c5d.18xlarge_use1-az4': 50, 'c5d.18xlarge_use1-az5': 5, 'c5d.18xlarge_use1-az6': 30, 'c5d.24xlarge_use1-az2': 35, 'c5d.24xlarge_use1-az4': 25, 'c5d.24xlarge_use1-az6': 50, 'c5d.2xlarge_use1-az1': 15, 'c5d.2xlarge_use1-az2': 50, 'c5d.2xlarge_use1-az4': 50, 'c5d.2xlarge_use1-az5': 20, 'c5d.2xlarge_use1-az6': 50, 'c5d.4xlarge_use1-az1': 20, 'c5d.4xlarge_use1-az2': 50, 'c5d.4xlarge_use1-az4': 50, 'c5d.4xlarge_use1-az5': 25, 'c5d.4xlarge_use1-az6': 50, 'c5d.9xlarge_use1-az1': 10, 'c5d.9xlarge_use1-az2': 20, 'c5d.9xlarge_use1-az5': 10, 'c5d.9xlarge_use1-az6': 25, 'c5d.large_use1-az1': 50, 'c5d.large_use1-az2': 50, 'c5d.large_use1-az4': 50, 'c5d.large_use1-az5': 35, 'c5d.large_use1-az6': 50, 'c5d.xlarge_use1-az1': 50, 'c5d.xlarge_use1-az2': 50, 'c5d.xlarge_use1-az4': 50, 'c5d.xlarge_use1-az5': 50, 'c5d.xlarge_use1-az6': 50, 'c5n.18xlarge_use1-az1': 30, 'c5n.18xlarge_use1-az2': 5, 'c5n.18xlarge_use1-az4': 10, 'c5n.2xlarge_use1-az1': 5, 'c5n.2xlarge_use1-az2': 10, 'c5n.2xlarge_use1-az4': 15, 'c5n.2xlarge_use1-az5': 10, 'c5n.2xlarge_use1-az6': 10, 'c5n.4xlarge_use1-az2': 1, 'c5n.4xlarge_use1-az6': 1, 'c5n.9xlarge_use1-az1': 10, 'c5n.9xlarge_use1-az2': 1, 'c5n.9xlarge_use1-az4': 5, 'c5n.large_use1-az1': 10, 'c5n.large_use1-az2': 10, 'c5n.large_use1-az4': 25, 'c5n.large_use1-az5': 5, 'c5n.large_use1-az6': 5, 'c5n.xlarge_use1-az5': 1, 'c6a.12xlarge_use1-az1': 5, 'c6a.12xlarge_use1-az2': 50, 'c6a.12xlarge_use1-az4': 50, 'c6a.12xlarge_use1-az5': 1, 'c6a.12xlarge_use1-az6': 15, 'c6a.16xlarge_use1-az1': 1, 'c6a.16xlarge_use1-az2': 5, 'c6a.16xlarge_use1-az4': 10, 'c6a.16xlarge_use1-az5': 1, 'c6a.16xlarge_use1-az6': 15, 'c6a.24xlarge_use1-az1': 1, 'c6a.24xlarge_use1-az2': 5, 'c6a.24xlarge_use1-az4': 5, 'c6a.24xlarge_use1-az5': 5, 'c6a.24xlarge_use1-az6': 20, 'c6a.2xlarge_use1-az1': 10, 'c6a.2xlarge_use1-az2': 40, 'c6a.2xlarge_use1-az4': 50, 'c6a.2xlarge_use1-az5': 10, 'c6a.2xlarge_use1-az6': 50, 'c6a.32xlarge_use1-az2': 1, 'c6a.32xlarge_use1-az4': 1, 'c6a.32xlarge_use1-az5': 1, 'c6a.32xlarge_use1-az6': 5, 'c6a.48xlarge_use1-az2': 1, 'c6a.48xlarge_use1-az4': 10, 'c6a.48xlarge_use1-az5': 5, 'c6a.48xlarge_use1-az6': 25, 'c6a.4xlarge_use1-az1': 15, 'c6a.4xlarge_use1-az2': 15, 'c6a.4xlarge_use1-az4': 30, 'c6a.4xlarge_use1-az5': 15, 'c6a.4xlarge_use1-az6': 50, 'c6a.8xlarge_use1-az1': 5, 'c6a.8xlarge_use1-az2': 50, 'c6a.8xlarge_use1-az4': 30, 'c6a.8xlarge_use1-az5': 25, 'c6a.8xlarge_use1-az6': 50, 'c6a.large_use1-az1': 45, 'c6a.large_use1-az2': 50, 'c6a.large_use1-az4': 50, 'c6a.large_use1-az5': 50, 'c6a.large_use1-az6': 20, 'c6a.xlarge_use1-az1': 15, 'c6a.xlarge_use1-az2': 25, 'c6a.xlarge_use1-az4': 25, 'c6a.xlarge_use1-az5': 15, 'c6a.xlarge_use1-az6': 25, 'c6g.12xlarge_use1-az1': 15, 'c6g.12xlarge_use1-az2': 25, 'c6g.12xlarge_use1-az4': 50, 'c6g.12xlarge_use1-az5': 5, 'c6g.12xlarge_use1-az6': 50, 'c6g.16xlarge_use1-az1': 1, 'c6g.16xlarge_use1-az2': 15, 'c6g.16xlarge_use1-az4': 50, 'c6g.16xlarge_use1-az5': 5, 'c6g.16xlarge_use1-az6': 50, 'c6g.2xlarge_use1-az1': 5, 'c6g.2xlarge_use1-az2': 50, 'c6g.2xlarge_use1-az4': 50, 'c6g.2xlarge_use1-az5': 15, 'c6g.2xlarge_use1-az6': 50, 'c6g.4xlarge_use1-az1': 50, 'c6g.4xlarge_use1-az2': 50, 'c6g.4xlarge_use1-az4': 50, 'c6g.4xlarge_use1-az5': 50, 'c6g.4xlarge_use1-az6': 50, 'c6g.8xlarge_use1-az1': 50, 'c6g.8xlarge_use1-az2': 50, 'c6g.8xlarge_use1-az4': 50, 'c6g.8xlarge_use1-az5': 50, 'c6g.8xlarge_use1-az6': 50, 'c6g.large_use1-az2': 50, 'c6g.large_use1-az4': 50, 'c6g.large_use1-az5': 50, 'c6g.large_use1-az6': 50, 'c6g.xlarge_use1-az2': 50, 'c6g.xlarge_use1-az4': 50, 'c6g.xlarge_use1-az5': 10, 'c6g.xlarge_use1-az6': 50, 'c6gd.12xlarge_use1-az2': 50, 'c6gd.12xlarge_use1-az4': 30, 'c6gd.12xlarge_use1-az5': 1, 'c6gd.12xlarge_use1-az6': 50, 'c6gd.16xlarge_use1-az2': 50, 'c6gd.16xlarge_use1-az4': 30, 'c6gd.16xlarge_use1-az6': 50, 'c6gd.2xlarge_use1-az1': 15, 'c6gd.2xlarge_use1-az2': 50, 'c6gd.2xlarge_use1-az4': 50, 'c6gd.2xlarge_use1-az5': 1, 'c6gd.2xlarge_use1-az6': 50, 'c6gd.4xlarge_use1-az1': 20, 'c6gd.4xlarge_use1-az2': 50, 'c6gd.4xlarge_use1-az4': 50, 'c6gd.4xlarge_use1-az5': 10, 'c6gd.4xlarge_use1-az6': 50, 'c6gd.8xlarge_use1-az1': 25, 'c6gd.8xlarge_use1-az2': 45, 'c6gd.8xlarge_use1-az4': 45, 'c6gd.8xlarge_use1-az5': 1, 'c6gd.8xlarge_use1-az6': 50, 'c6gd.large_use1-az1': 50, 'c6gd.large_use1-az2': 5, 'c6gd.large_use1-az4': 20, 'c6gd.large_use1-az5': 1, 'c6gd.large_use1-az6': 50, 'c6gd.xlarge_use1-az1': 50, 'c6gd.xlarge_use1-az2': 1, 'c6gd.xlarge_use1-az4': 1, 'c6gd.xlarge_use1-az5': 50, 'c6gd.xlarge_use1-az6': 50, 'c6gn.12xlarge_use1-az2': 25, 'c6gn.12xlarge_use1-az4': 50, 'c6gn.12xlarge_use1-az5': 1, 'c6gn.16xlarge_use1-az1': 1, 'c6gn.16xlarge_use1-az2': 50, 'c6gn.16xlarge_use1-az4': 50, 'c6gn.16xlarge_use1-az5': 10, 'c6gn.2xlarge_use1-az1': 5, 'c6gn.2xlarge_use1-az2': 1, 'c6gn.2xlarge_use1-az4': 20, 'c6gn.2xlarge_use1-az5': 1, 'c6gn.4xlarge_use1-az1': 1, 'c6gn.4xlarge_use1-az2': 40, 'c6gn.4xlarge_use1-az4': 35, 'c6gn.4xlarge_use1-az5': 10, 'c6gn.8xlarge_use1-az1': 25, 'c6gn.8xlarge_use1-az2': 35, 'c6gn.8xlarge_use1-az4': 30, 'c6gn.8xlarge_use1-az5': 5, 'c6gn.8xlarge_use1-az6': 5, 'c6gn.large_use1-az1': 5, 'c6gn.large_use1-az5': 15, 'c6gn.large_use1-az6': 1, 'c6gn.xlarge_use1-az1': 5, 'c6gn.xlarge_use1-az2': 10, 'c6gn.xlarge_use1-az4': 15, 'c6gn.xlarge_use1-az5': 5, 'c6gn.xlarge_use1-az6': 1, 'c6i.12xlarge_use1-az1': 15, 'c6i.12xlarge_use1-az2': 15, 'c6i.12xlarge_use1-az4': 30, 'c6i.12xlarge_use1-az5': 5, 'c6i.12xlarge_use1-az6': 5, 'c6i.16xlarge_use1-az1': 5, 'c6i.16xlarge_use1-az2': 15, 'c6i.16xlarge_use1-az4': 25, 'c6i.16xlarge_use1-az5': 10, 'c6i.16xlarge_use1-az6': 30, 'c6i.24xlarge_use1-az1': 5, 'c6i.24xlarge_use1-az2': 5, 'c6i.24xlarge_use1-az4': 10, 'c6i.24xlarge_use1-az5': 1, 'c6i.24xlarge_use1-az6': 15, 'c6i.2xlarge_use1-az1': 20, 'c6i.2xlarge_use1-az2': 50, 'c6i.2xlarge_use1-az4': 50, 'c6i.2xlarge_use1-az6': 50, 'c6i.32xlarge_use1-az1': 10, 'c6i.32xlarge_use1-az2': 5, 'c6i.32xlarge_use1-az4': 50, 'c6i.32xlarge_use1-az5': 1, 'c6i.32xlarge_use1-az6': 40, 'c6i.4xlarge_use1-az1': 10, 'c6i.4xlarge_use1-az2': 40, 'c6i.4xlarge_use1-az4': 50, 'c6i.4xlarge_use1-az5': 15, 'c6i.4xlarge_use1-az6': 50, 'c6i.8xlarge_use1-az1': 10, 'c6i.8xlarge_use1-az2': 45, 'c6i.8xlarge_use1-az4': 50, 'c6i.8xlarge_use1-az5': 10, 'c6i.8xlarge_use1-az6': 50, 'c6i.large_use1-az1': 10, 'c6i.large_use1-az2': 40, 'c6i.large_use1-az4': 30, 'c6i.large_use1-az5': 10, 'c6i.large_use1-az6': 50, 'c6i.xlarge_use1-az1': 50, 'c6i.xlarge_use1-az2': 45, 'c6i.xlarge_use1-az4': 35, 'c6i.xlarge_use1-az5': 10, 'c6i.xlarge_use1-az6': 50, 'c6id.12xlarge_use1-az1': 1, 'c6id.12xlarge_use1-az2': 1, 'c6id.12xlarge_use1-az4': 5, 'c6id.12xlarge_use1-az6': 5, 'c6id.16xlarge_use1-az1': 1, 'c6id.16xlarge_use1-az2': 5, 'c6id.16xlarge_use1-az4': 5, 'c6id.16xlarge_use1-az5': 1, 'c6id.16xlarge_use1-az6': 1, 'c6id.24xlarge_use1-az1': 5, 'c6id.24xlarge_use1-az2': 15, 'c6id.24xlarge_use1-az4': 5, 'c6id.24xlarge_use1-az5': 1, 'c6id.24xlarge_use1-az6': 10, 'c6id.2xlarge_use1-az1': 1, 'c6id.2xlarge_use1-az2': 1, 'c6id.2xlarge_use1-az4': 5, 'c6id.2xlarge_use1-az5': 5, 'c6id.2xlarge_use1-az6': 1, 'c6id.32xlarge_use1-az1': 1, 'c6id.32xlarge_use1-az2': 5, 'c6id.32xlarge_use1-az4': 10, 'c6id.32xlarge_use1-az5': 1, 'c6id.32xlarge_use1-az6': 5, 'c6id.4xlarge_use1-az1': 15, 'c6id.4xlarge_use1-az2': 10, 'c6id.4xlarge_use1-az4': 10, 'c6id.4xlarge_use1-az6': 5, 'c6id.8xlarge_use1-az1': 5, 'c6id.8xlarge_use1-az2': 1, 'c6id.8xlarge_use1-az4': 5, 'c6id.8xlarge_use1-az5': 1, 'c6id.8xlarge_use1-az6': 1, 'c6id.large_use1-az1': 5, 'c6id.large_use1-az2': 5, 'c6id.large_use1-az4': 1, 'c6id.large_use1-az5': 5, 'c6id.large_use1-az6': 5, 'c6id.xlarge_use1-az1': 5, 'c6id.xlarge_use1-az2': 1, 'c6id.xlarge_use1-az4': 5, 'c6id.xlarge_use1-az5': 1, 'c6id.xlarge_use1-az6': 1, 'c6in.12xlarge_use1-az1': 1, 'c6in.12xlarge_use1-az6': 1, 'c6in.16xlarge_use1-az4': 1, 'c6in.24xlarge_use1-az6': 1, 'c6in.2xlarge_use1-az2': 1, 'c6in.2xlarge_use1-az4': 1, 'c6in.32xlarge_use1-az1': 1, 'c6in.32xlarge_use1-az6': 1, 'c6in.4xlarge_use1-az2': 5, 'c6in.4xlarge_use1-az4': 5, 'c6in.4xlarge_use1-az6': 25, 'c6in.large_use1-az1': 5, 'c6in.large_use1-az2': 1, 'c6in.large_use1-az4': 1, 'c6in.large_use1-az5': 1, 'c6in.large_use1-az6': 5, 'c6in.xlarge_use1-az1': 20, 'c6in.xlarge_use1-az2': 1, 'c6in.xlarge_use1-az4': 1, 'c6in.xlarge_use1-az6': 10, 'c7a.12xlarge_use1-az1': 5, 'c7a.12xlarge_use1-az2': 5, 'c7a.12xlarge_use1-az4': 1, 'c7a.12xlarge_use1-az6': 15, 'c7a.16xlarge_use1-az1': 1, 'c7a.16xlarge_use1-az2': 1, 'c7a.16xlarge_use1-az6': 5, 'c7a.24xlarge_use1-az1': 1, 'c7a.24xlarge_use1-az2': 1, 'c7a.24xlarge_use1-az5': 1, 'c7a.24xlarge_use1-az6': 5, 'c7a.2xlarge_use1-az1': 1, 'c7a.2xlarge_use1-az2': 1, 'c7a.2xlarge_use1-az4': 25, 'c7a.2xlarge_use1-az5': 1, 'c7a.2xlarge_use1-az6': 10, 'c7a.32xlarge_use1-az1': 1, 'c7a.32xlarge_use1-az2': 1, 'c7a.32xlarge_use1-az6': 15, 'c7a.48xlarge_use1-az1': 1, 'c7a.48xlarge_use1-az2': 1, 'c7a.48xlarge_use1-az5': 1, 'c7a.48xlarge_use1-az6': 20, 'c7a.4xlarge_use1-az1': 5, 'c7a.4xlarge_use1-az2': 10, 'c7a.4xlarge_use1-az4': 5, 'c7a.4xlarge_use1-az5': 1, 'c7a.4xlarge_use1-az6': 50, 'c7a.8xlarge_use1-az1': 1, 'c7a.8xlarge_use1-az2': 1, 'c7a.8xlarge_use1-az4': 1, 'c7a.8xlarge_use1-az6': 10, 'c7a.large_use1-az1': 15, 'c7a.large_use1-az2': 25, 'c7a.large_use1-az4': 30, 'c7a.large_use1-az5': 10, 'c7a.large_use1-az6': 50, 'c7a.xlarge_use1-az1': 5, 'c7a.xlarge_use1-az2': 5, 'c7a.xlarge_use1-az4': 10, 'c7a.xlarge_use1-az5': 5, 'c7a.xlarge_use1-az6': 15, 'c7g.12xlarge_use1-az1': 15, 'c7g.12xlarge_use1-az2': 50, 'c7g.12xlarge_use1-az4': 15, 'c7g.12xlarge_use1-az5': 1, 'c7g.12xlarge_use1-az6': 50, 'c7g.16xlarge_use1-az1': 25, 'c7g.16xlarge_use1-az2': 40, 'c7g.16xlarge_use1-az4': 50, 'c7g.16xlarge_use1-az5': 10, 'c7g.16xlarge_use1-az6': 50, 'c7g.2xlarge_use1-az1': 50, 'c7g.2xlarge_use1-az2': 50, 'c7g.2xlarge_use1-az4': 50, 'c7g.2xlarge_use1-az5': 50, 'c7g.2xlarge_use1-az6': 50, 'c7g.4xlarge_use1-az1': 50, 'c7g.4xlarge_use1-az2': 50, 'c7g.4xlarge_use1-az4': 50, 'c7g.4xlarge_use1-az5': 50, 'c7g.4xlarge_use1-az6': 50, 'c7g.8xlarge_use1-az1': 50, 'c7g.8xlarge_use1-az2': 50, 'c7g.8xlarge_use1-az4': 50, 'c7g.8xlarge_use1-az5': 50, 'c7g.8xlarge_use1-az6': 50, 'c7g.large_use1-az2': 45, 'c7g.large_use1-az4': 30, 'c7g.large_use1-az5': 10, 'c7g.large_use1-az6': 30, 'c7g.xlarge_use1-az1': 50, 'c7g.xlarge_use1-az2': 50, 'c7g.xlarge_use1-az4': 50, 'c7g.xlarge_use1-az5': 50, 'c7g.xlarge_use1-az6': 50, 'c7gd.12xlarge_use1-az1': 5, 'c7gd.12xlarge_use1-az2': 30, 'c7gd.12xlarge_use1-az4': 15, 'c7gd.12xlarge_use1-az5': 15, 'c7gd.12xlarge_use1-az6': 50, 'c7gd.16xlarge_use1-az1': 5, 'c7gd.16xlarge_use1-az2': 30, 'c7gd.16xlarge_use1-az4': 40, 'c7gd.16xlarge_use1-az5': 1, 'c7gd.16xlarge_use1-az6': 50, 'c7gd.2xlarge_use1-az1': 15, 'c7gd.2xlarge_use1-az2': 50, 'c7gd.2xlarge_use1-az4': 50, 'c7gd.2xlarge_use1-az5': 5, 'c7gd.2xlarge_use1-az6': 50, 'c7gd.4xlarge_use1-az1': 30, 'c7gd.4xlarge_use1-az2': 25, 'c7gd.4xlarge_use1-az4': 50, 'c7gd.4xlarge_use1-az5': 1, 'c7gd.4xlarge_use1-az6': 50, 'c7gd.8xlarge_use1-az1': 5, 'c7gd.8xlarge_use1-az2': 15, 'c7gd.8xlarge_use1-az4': 10, 'c7gd.8xlarge_use1-az5': 5, 'c7gd.8xlarge_use1-az6': 20, 'c7gd.large_use1-az1': 1, 'c7gd.large_use1-az2': 25, 'c7gd.large_use1-az4': 5, 'c7gd.large_use1-az5': 10, 'c7gd.large_use1-az6': 20, 'c7gd.xlarge_use1-az1': 15, 'c7gd.xlarge_use1-az2': 50, 'c7gd.xlarge_use1-az4': 5, 'c7gd.xlarge_use1-az5': 15, 'c7gd.xlarge_use1-az6': 25, 'c7gn.12xlarge_use1-az5': 1, 'c7gn.12xlarge_use1-az6': 1, 'c7gn.16xlarge_use1-az5': 5, 'c7gn.16xlarge_use1-az6': 20, 'c7gn.2xlarge_use1-az5': 1, 'c7gn.4xlarge_use1-az2': 50, 'c7gn.4xlarge_use1-az5': 1, 'c7gn.4xlarge_use1-az6': 50, 'c7gn.8xlarge_use1-az5': 1, 'c7gn.8xlarge_use1-az6': 5, 'c7gn.large_use1-az2': 10, 'c7gn.large_use1-az6': 10, 'c7gn.xlarge_use1-az5': 5, 'c7gn.xlarge_use1-az6': 5, 'c7i-flex.2xlarge_use1-az2': 50, 'c7i-flex.2xlarge_use1-az4': 50, 'c7i-flex.2xlarge_use1-az5': 15, 'c7i-flex.2xlarge_use1-az6': 50, 'c7i-flex.4xlarge_use1-az1': 1, 'c7i-flex.4xlarge_use1-az2': 1, 'c7i-flex.4xlarge_use1-az4': 1, 'c7i-flex.4xlarge_use1-az6': 5, 'c7i-flex.8xlarge_use1-az1': 1, 'c7i-flex.8xlarge_use1-az2': 1, 'c7i-flex.8xlarge_use1-az4': 1, 'c7i-flex.8xlarge_use1-az6': 5, 'c7i-flex.large_use1-az1': 40, 'c7i-flex.large_use1-az2': 50, 'c7i-flex.large_use1-az4': 10, 'c7i-flex.large_use1-az5': 1, 'c7i-flex.large_use1-az6': 50, 'c7i-flex.xlarge_use1-az1': 50, 'c7i-flex.xlarge_use1-az2': 50, 'c7i-flex.xlarge_use1-az4': 50, 'c7i-flex.xlarge_use1-az5': 5, 'c7i-flex.xlarge_use1-az6': 50, 'c7i.12xlarge_use1-az1': 5, 'c7i.12xlarge_use1-az2': 15, 'c7i.12xlarge_use1-az4': 15, 'c7i.12xlarge_use1-az6': 5, 'c7i.16xlarge_use1-az1': 1, 'c7i.16xlarge_use1-az2': 5, 'c7i.16xlarge_use1-az4': 1, 'c7i.16xlarge_use1-az6': 15, 'c7i.24xlarge_use1-az1': 5, 'c7i.24xlarge_use1-az2': 5, 'c7i.24xlarge_use1-az4': 5, 'c7i.24xlarge_use1-az6': 15, 'c7i.2xlarge_use1-az1': 10, 'c7i.2xlarge_use1-az2': 10, 'c7i.2xlarge_use1-az4': 10, 'c7i.2xlarge_use1-az5': 5, 'c7i.2xlarge_use1-az6': 25, 'c7i.48xlarge_use1-az1': 10, 'c7i.48xlarge_use1-az2': 10, 'c7i.48xlarge_use1-az4': 5, 'c7i.48xlarge_use1-az5': 1, 'c7i.48xlarge_use1-az6': 50, 'c7i.4xlarge_use1-az1': 5, 'c7i.4xlarge_use1-az2': 5, 'c7i.4xlarge_use1-az4': 5, 'c7i.4xlarge_use1-az5': 1, 'c7i.4xlarge_use1-az6': 15, 'c7i.8xlarge_use1-az1': 1, 'c7i.8xlarge_use1-az2': 5, 'c7i.8xlarge_use1-az4': 5, 'c7i.8xlarge_use1-az6': 10, 'c7i.large_use1-az1': 45, 'c7i.large_use1-az2': 50, 'c7i.large_use1-az4': 50, 'c7i.large_use1-az5': 5, 'c7i.large_use1-az6': 50, 'c7i.xlarge_use1-az1': 5, 'c7i.xlarge_use1-az2': 10, 'c7i.xlarge_use1-az4': 5, 'c7i.xlarge_use1-az5': 1, 'c7i.xlarge_use1-az6': 5, 'c8g.12xlarge_use1-az1': 1, 'c8g.12xlarge_use1-az2': 5, 'c8g.12xlarge_use1-az4': 1, 'c8g.12xlarge_use1-az6': 25, 'c8g.16xlarge_use1-az1': 10, 'c8g.16xlarge_use1-az2': 5, 'c8g.16xlarge_use1-az4': 1, 'c8g.16xlarge_use1-az6': 50, 'c8g.24xlarge_use1-az1': 5, 'c8g.24xlarge_use1-az2': 10, 'c8g.24xlarge_use1-az4': 1, 'c8g.24xlarge_use1-az6': 25, 'c8g.2xlarge_use1-az1': 5, 'c8g.2xlarge_use1-az2': 5, 'c8g.2xlarge_use1-az4': 50, 'c8g.2xlarge_use1-az5': 1, 'c8g.2xlarge_use1-az6': 50, 'c8g.48xlarge_use1-az1': 1, 'c8g.48xlarge_use1-az2': 5, 'c8g.48xlarge_use1-az6': 50, 'c8g.4xlarge_use1-az1': 35, 'c8g.4xlarge_use1-az2': 15, 'c8g.4xlarge_use1-az4': 20, 'c8g.4xlarge_use1-az5': 10, 'c8g.4xlarge_use1-az6': 50, 'c8g.8xlarge_use1-az1': 1, 'c8g.8xlarge_use1-az2': 5, 'c8g.8xlarge_use1-az4': 5, 'c8g.8xlarge_use1-az6': 50, 'c8g.large_use1-az1': 5, 'c8g.large_use1-az2': 20, 'c8g.large_use1-az4': 5, 'c8g.large_use1-az5': 1, 'c8g.large_use1-az6': 40, 'c8g.metal-24xl_use1-az2': 1, 'c8g.metal-24xl_use1-az6': 20, 'c8g.metal-48xl_use1-az1': 1, 'c8g.metal-48xl_use1-az2': 1, 'c8g.metal-48xl_use1-az6': 50, 'c8g.xlarge_use1-az1': 5, 'c8g.xlarge_use1-az2': 30, 'c8g.xlarge_use1-az4': 5, 'c8g.xlarge_use1-az5': 1, 'c8g.xlarge_use1-az6': 50, 'c8gd.12xlarge_use1-az2': 5, 'c8gd.12xlarge_use1-az4': 5, 'c8gd.12xlarge_use1-az5': 1, 'c8gd.12xlarge_use1-az6': 5, 'c8gd.16xlarge_use1-az2': 10, 'c8gd.16xlarge_use1-az4': 10, 'c8gd.16xlarge_use1-az5': 5, 'c8gd.16xlarge_use1-az6': 50, 'c8gd.24xlarge_use1-az2': 1, 'c8gd.24xlarge_use1-az4': 5, 'c8gd.24xlarge_use1-az5': 1, 'c8gd.24xlarge_use1-az6': 5, 'c8gd.2xlarge_use1-az2': 50, 'c8gd.2xlarge_use1-az4': 50, 'c8gd.2xlarge_use1-az5': 10, 'c8gd.2xlarge_use1-az6': 50, 'c8gd.48xlarge_use1-az2': 1, 'c8gd.48xlarge_use1-az6': 15, 'c8gd.4xlarge_use1-az2': 10, 'c8gd.4xlarge_use1-az4': 30, 'c8gd.4xlarge_use1-az5': 1, 'c8gd.4xlarge_use1-az6': 50, 'c8gd.8xlarge_use1-az2': 1, 'c8gd.8xlarge_use1-az4': 1, 'c8gd.8xlarge_use1-az5': 1, 'c8gd.8xlarge_use1-az6': 5, 'c8gd.large_use1-az1': 1, 'c8gd.large_use1-az2': 40, 'c8gd.large_use1-az4': 35, 'c8gd.large_use1-az6': 50, 'c8gd.metal-24xl_use1-az2': 1, 'c8gd.metal-24xl_use1-az4': 1, 'c8gd.metal-24xl_use1-az5': 1, 'c8gd.metal-24xl_use1-az6': 5, 'c8gd.metal-48xl_use1-az2': 1, 'c8gd.metal-48xl_use1-az6': 1, 'c8gd.xlarge_use1-az1': 1, 'c8gd.xlarge_use1-az2': 20, 'c8gd.xlarge_use1-az4': 20, 'c8gd.xlarge_use1-az5': 15, 'c8gd.xlarge_use1-az6': 50, 'c8gn.2xlarge_use1-az2': 1, 'c8gn.2xlarge_use1-az6': 1, 'c8gn.4xlarge_use1-az2': 1, 'c8gn.4xlarge_use1-az5': 1, 'c8gn.8xlarge_use1-az2': 1, 'c8gn.8xlarge_use1-az6': 1, 'c8gn.large_use1-az6': 1, 'c8i-flex.12xlarge_use1-az6': 1, 'c8i-flex.16xlarge_use1-az6': 1, 'c8i-flex.2xlarge_use1-az2': 25, 'c8i-flex.2xlarge_use1-az4': 15, 'c8i-flex.2xlarge_use1-az6': 50, 'c8i-flex.4xlarge_use1-az2': 5, 'c8i-flex.4xlarge_use1-az4': 1, 'c8i-flex.4xlarge_use1-az6': 5, 'c8i-flex.8xlarge_use1-az6': 1, 'c8i-flex.large_use1-az4': 20, 'c8i-flex.xlarge_use1-az2': 40, 'c8i-flex.xlarge_use1-az4': 5, 'c8i-flex.xlarge_use1-az6': 50, 'c8i.12xlarge_use1-az2': 1, 'c8i.12xlarge_use1-az4': 1, 'c8i.12xlarge_use1-az6': 1, 'c8i.16xlarge_use1-az6': 1, 'c8i.24xlarge_use1-az6': 1, 'c8i.2xlarge_use1-az2': 10, 'c8i.2xlarge_use1-az4': 5, 'c8i.2xlarge_use1-az6': 20, 'c8i.32xlarge_use1-az2': 1, 'c8i.32xlarge_use1-az4': 1, 'c8i.32xlarge_use1-az6': 5, 'c8i.48xlarge_use1-az2': 1, 'c8i.48xlarge_use1-az6': 1, 'c8i.4xlarge_use1-az2': 5, 'c8i.4xlarge_use1-az4': 5, 'c8i.4xlarge_use1-az6': 5, 'c8i.8xlarge_use1-az2': 1, 'c8i.8xlarge_use1-az4': 1, 'c8i.8xlarge_use1-az6': 5, 'c8i.96xlarge_use1-az2': 1, 'c8i.96xlarge_use1-az6': 5, 'c8i.metal-48xl_use1-az2': 1, 'c8i.metal-96xl_use1-az2': 1, 'c8i.metal-96xl_use1-az6': 5, 'c8i.xlarge_use1-az2': 50, 'c8i.xlarge_use1-az4': 15, 'c8i.xlarge_use1-az6': 50, 'd2.xlarge_use1-az6': 1, 'd3.2xlarge_use1-az6': 35, 'd3.8xlarge_use1-az6': 20, 'd3.xlarge_use1-az2': 50, 'd3.xlarge_use1-az6': 25, 'd3en.12xlarge_use1-az4': 20, 'd3en.12xlarge_use1-az6': 50, 'd3en.2xlarge_use1-az6': 50, 'd3en.6xlarge_use1-az6': 50, 'd3en.8xlarge_use1-az6': 50, 'd3en.xlarge_use1-az2': 50, 'd3en.xlarge_use1-az4': 30, 'd3en.xlarge_use1-az6': 50, 'f2.12xlarge_use1-az2': 1, 'f2.12xlarge_use1-az4': 1, 'f2.12xlarge_use1-az6': 1, 'f2.48xlarge_use1-az2': 5, 'f2.48xlarge_use1-az4': 5, 'f2.48xlarge_use1-az6': 1, 'g4ad.16xlarge_use1-az1': 5, 'g4ad.16xlarge_use1-az2': 5, 'g4ad.16xlarge_use1-az4': 5, 'g4ad.16xlarge_use1-az6': 10, 'g4ad.2xlarge_use1-az1': 5, 'g4ad.2xlarge_use1-az2': 10, 'g4ad.2xlarge_use1-az4': 10, 'g4ad.2xlarge_use1-az6': 10, 'g4ad.4xlarge_use1-az1': 10, 'g4ad.4xlarge_use1-az2': 15, 'g4ad.4xlarge_use1-az4': 15, 'g4ad.4xlarge_use1-az6': 5, 'g4ad.8xlarge_use1-az1': 1, 'g4ad.8xlarge_use1-az2': 5, 'g4ad.8xlarge_use1-az4': 5, 'g4ad.8xlarge_use1-az6': 5, 'g4ad.xlarge_use1-az1': 20, 'g4ad.xlarge_use1-az2': 20, 'g4ad.xlarge_use1-az4': 25, 'g4ad.xlarge_use1-az6': 20, 'g4dn.12xlarge_use1-az1': 5, 'g4dn.12xlarge_use1-az2': 15, 'g4dn.12xlarge_use1-az4': 15, 'g4dn.12xlarge_use1-az5': 15, 'g4dn.12xlarge_use1-az6': 50, 'g4dn.16xlarge_use1-az1': 1, 'g4dn.16xlarge_use1-az2': 10, 'g4dn.16xlarge_use1-az4': 1, 'g4dn.16xlarge_use1-az5': 5, 'g4dn.16xlarge_use1-az6': 15, 'g4dn.2xlarge_use1-az1': 45, 'g4dn.2xlarge_use1-az2': 50, 'g4dn.2xlarge_use1-az4': 50, 'g4dn.2xlarge_use1-az5': 50, 'g4dn.2xlarge_use1-az6': 50, 'g4dn.4xlarge_use1-az1': 5, 'g4dn.4xlarge_use1-az2': 40, 'g4dn.4xlarge_use1-az4': 25, 'g4dn.4xlarge_use1-az5': 40, 'g4dn.4xlarge_use1-az6': 40, 'g4dn.8xlarge_use1-az1': 1, 'g4dn.8xlarge_use1-az2': 1, 'g4dn.8xlarge_use1-az4': 10, 'g4dn.8xlarge_use1-az5': 1, 'g4dn.8xlarge_use1-az6': 5, 'g5.12xlarge_use1-az2': 1, 'g5.16xlarge_use1-az1': 1, 'g5.16xlarge_use1-az2': 1, 'g5.16xlarge_use1-az4': 5, 'g5.16xlarge_use1-az5': 5, 'g5.16xlarge_use1-az6': 10, 'g5.24xlarge_use1-az1': 1, 'g5.24xlarge_use1-az2': 1, 'g5.24xlarge_use1-az4': 1, 'g5.24xlarge_use1-az5': 1, 'g5.24xlarge_use1-az6': 5, 'g5.48xlarge_use1-az2': 1, 'g5.48xlarge_use1-az5': 5, 'g5.48xlarge_use1-az6': 25, 'g5.4xlarge_use1-az1': 1, 'g5.4xlarge_use1-az2': 50, 'g5.4xlarge_use1-az4': 50, 'g5.4xlarge_use1-az5': 40, 'g5.4xlarge_use1-az6': 50, 'g5.8xlarge_use1-az1': 1, 'g5.8xlarge_use1-az2': 5, 'g5.8xlarge_use1-az4': 10, 'g5.8xlarge_use1-az5': 20, 'g5.8xlarge_use1-az6': 10, 'g5g.16xlarge_use1-az1': 1, 'g5g.16xlarge_use1-az6': 5, 'g5g.4xlarge_use1-az6': 1, 'g5g.8xlarge_use1-az1': 1, 'g5g.8xlarge_use1-az4': 1, 'g5g.8xlarge_use1-az6': 1, 'g6.12xlarge_use1-az1': 5, 'g6.12xlarge_use1-az2': 1, 'g6.12xlarge_use1-az4': 30, 'g6.12xlarge_use1-az6': 50, 'g6.16xlarge_use1-az1': 1, 'g6.16xlarge_use1-az2': 1, 'g6.16xlarge_use1-az4': 1, 'g6.16xlarge_use1-az6': 5, 'g6.24xlarge_use1-az2': 1, 'g6.24xlarge_use1-az4': 1, 'g6.24xlarge_use1-az6': 1, 'g6.2xlarge_use1-az1': 10, 'g6.2xlarge_use1-az2': 25, 'g6.2xlarge_use1-az4': 50, 'g6.2xlarge_use1-az6': 50, 'g6.48xlarge_use1-az2': 5, 'g6.48xlarge_use1-az4': 30, 'g6.48xlarge_use1-az6': 50, 'g6.4xlarge_use1-az1': 5, 'g6.4xlarge_use1-az2': 10, 'g6.4xlarge_use1-az4': 35, 'g6.4xlarge_use1-az6': 50, 'g6.8xlarge_use1-az1': 5, 'g6.8xlarge_use1-az2': 5, 'g6.8xlarge_use1-az4': 10, 'g6.8xlarge_use1-az6': 15, 'g6e.16xlarge_use1-az1': 10, 'g6e.16xlarge_use1-az2': 15, 'g6e.16xlarge_use1-az4': 40, 'g6e.16xlarge_use1-az6': 20, 'g6e.48xlarge_use1-az4': 5, 'g6e.48xlarge_use1-az6': 1, 'g6e.4xlarge_use1-az1': 1, 'g6e.4xlarge_use1-az4': 5, 'g6e.4xlarge_use1-az6': 1, 'g6e.8xlarge_use1-az1': 1, 'g6e.8xlarge_use1-az2': 1, 'g6e.8xlarge_use1-az4': 1, 'g6e.8xlarge_use1-az6': 1, 'g6f.2xlarge_use1-az1': 1, 'g6f.2xlarge_use1-az4': 1, 'g6f.2xlarge_use1-az6': 5, 'g6f.4xlarge_use1-az1': 1, 'g6f.4xlarge_use1-az4': 1, 'g6f.4xlarge_use1-az6': 1, 'g6f.large_use1-az1': 10, 'g6f.large_use1-az2': 15, 'g6f.large_use1-az4': 40, 'g6f.large_use1-az6': 20, 'g6f.xlarge_use1-az1': 1, 'g6f.xlarge_use1-az2': 1, 'g6f.xlarge_use1-az4': 5, 'g6f.xlarge_use1-az6': 10, 'gr6.4xlarge_use1-az2': 1, 'gr6.4xlarge_use1-az4': 1, 'gr6.4xlarge_use1-az6': 1, 'gr6.8xlarge_use1-az1': 1, 'gr6.8xlarge_use1-az2': 1, 'gr6.8xlarge_use1-az4': 1, 'gr6.8xlarge_use1-az6': 1, 'i2.xlarge_use1-az1': 1, 'i2.xlarge_use1-az2': 15, 'i2.xlarge_use1-az3': 1, 'i2.xlarge_use1-az6': 15, 'i3.16xlarge_use1-az1': 20, 'i3.16xlarge_use1-az2': 50, 'i3.16xlarge_use1-az3': 10, 'i3.16xlarge_use1-az4': 50, 'i3.16xlarge_use1-az5': 10, 'i3.16xlarge_use1-az6': 45, 'i3.2xlarge_use1-az1': 50, 'i3.2xlarge_use1-az2': 50, 'i3.2xlarge_use1-az3': 50, 'i3.2xlarge_use1-az4': 50, 'i3.2xlarge_use1-az5': 50, 'i3.2xlarge_use1-az6': 50, 'i3.4xlarge_use1-az1': 50, 'i3.4xlarge_use1-az2': 50, 'i3.4xlarge_use1-az3': 50, 'i3.4xlarge_use1-az4': 50, 'i3.4xlarge_use1-az5': 50, 'i3.4xlarge_use1-az6': 50, 'i3.8xlarge_use1-az1': 50, 'i3.8xlarge_use1-az2': 50, 'i3.8xlarge_use1-az3': 50, 'i3.8xlarge_use1-az4': 50, 'i3.8xlarge_use1-az5': 25, 'i3.8xlarge_use1-az6': 50, 'i3.large_use1-az1': 50, 'i3.large_use1-az2': 50, 'i3.large_use1-az3': 50, 'i3.large_use1-az4': 50, 'i3.large_use1-az5': 50, 'i3.large_use1-az6': 50, 'i3.xlarge_use1-az1': 50, 'i3.xlarge_use1-az2': 50, 'i3.xlarge_use1-az3': 50, 'i3.xlarge_use1-az4': 50, 'i3.xlarge_use1-az5': 50, 'i3.xlarge_use1-az6': 50, 'i3en.12xlarge_use1-az2': 1, 'i3en.24xlarge_use1-az6': 20, 'i3en.3xlarge_use1-az2': 50, 'i3en.3xlarge_use1-az4': 50, 'i3en.3xlarge_use1-az5': 50, 'i3en.3xlarge_use1-az6': 50, 'i3en.large_use1-az1': 50, 'i3en.large_use1-az2': 50, 'i3en.large_use1-az4': 45, 'i3en.large_use1-az5': 35, 'i3en.large_use1-az6': 50, 'i3en.xlarge_use1-az1': 50, 'i3en.xlarge_use1-az2': 50, 'i3en.xlarge_use1-az4': 50, 'i3en.xlarge_use1-az5': 50, 'i3en.xlarge_use1-az6': 50, 'i4g.16xlarge_use1-az2': 1, 'i4g.16xlarge_use1-az4': 1, 'i4g.16xlarge_use1-az5': 50, 'i4g.16xlarge_use1-az6': 50, 'i4g.2xlarge_use1-az2': 10, 'i4g.2xlarge_use1-az4': 15, 'i4g.2xlarge_use1-az5': 40, 'i4g.2xlarge_use1-az6': 50, 'i4g.4xlarge_use1-az2': 25, 'i4g.4xlarge_use1-az4': 30, 'i4g.8xlarge_use1-az5': 45, 'i4g.large_use1-az1': 5, 'i4g.large_use1-az2': 5, 'i4g.large_use1-az4': 5, 'i4g.large_use1-az5': 25, 'i4g.large_use1-az6': 50, 'i4g.xlarge_use1-az2': 10, 'i4g.xlarge_use1-az4': 1, 'i4g.xlarge_use1-az5': 50, 'i4g.xlarge_use1-az6': 50, 'i4i.12xlarge_use1-az2': 5, 'i4i.16xlarge_use1-az6': 1, 'i4i.24xlarge_use1-az2': 1, 'i4i.2xlarge_use1-az1': 15, 'i4i.2xlarge_use1-az2': 50, 'i4i.2xlarge_use1-az4': 50, 'i4i.2xlarge_use1-az5': 1, 'i4i.2xlarge_use1-az6': 50, 'i4i.4xlarge_use1-az2': 35, 'i4i.4xlarge_use1-az6': 15, 'i4i.8xlarge_use1-az1': 1, 'i4i.8xlarge_use1-az2': 40, 'i4i.large_use1-az1': 50, 'i4i.large_use1-az2': 50, 'i4i.large_use1-az4': 50, 'i4i.large_use1-az5': 50, 'i4i.large_use1-az6': 50, 'i4i.xlarge_use1-az1': 50, 'i4i.xlarge_use1-az2': 50, 'i4i.xlarge_use1-az4': 50, 'i4i.xlarge_use1-az5': 50, 'i4i.xlarge_use1-az6': 50, 'i7i.12xlarge_use1-az1': 1, 'i7i.12xlarge_use1-az2': 1, 'i7i.12xlarge_use1-az4': 1, 'i7i.12xlarge_use1-az5': 1, 'i7i.12xlarge_use1-az6': 1, 'i7i.16xlarge_use1-az2': 1, 'i7i.16xlarge_use1-az4': 5, 'i7i.16xlarge_use1-az5': 1, 'i7i.16xlarge_use1-az6': 1, 'i7i.24xlarge_use1-az2': 1, 'i7i.24xlarge_use1-az4': 1, 'i7i.24xlarge_use1-az5': 1, 'i7i.24xlarge_use1-az6': 1, 'i7i.2xlarge_use1-az1': 1, 'i7i.2xlarge_use1-az2': 50, 'i7i.2xlarge_use1-az4': 45, 'i7i.2xlarge_use1-az5': 20, 'i7i.2xlarge_use1-az6': 10, 'i7i.48xlarge_use1-az2': 1, 'i7i.4xlarge_use1-az1': 1, 'i7i.4xlarge_use1-az2': 15, 'i7i.4xlarge_use1-az4': 20, 'i7i.4xlarge_use1-az5': 5, 'i7i.4xlarge_use1-az6': 20, 'i7i.8xlarge_use1-az1': 1, 'i7i.8xlarge_use1-az2': 1, 'i7i.8xlarge_use1-az4': 5, 'i7i.8xlarge_use1-az5': 1, 'i7i.8xlarge_use1-az6': 1, 'i7i.metal-24xl_use1-az2': 1, 'i7i.metal-24xl_use1-az4': 50, 'i7i.metal-24xl_use1-az6': 35, 'i7i.xlarge_use1-az1': 1, 'i7i.xlarge_use1-az6': 20, 'i7ie.12xlarge_use1-az1': 1, 'i7ie.12xlarge_use1-az4': 1, 'i7ie.12xlarge_use1-az6': 30, 'i7ie.18xlarge_use1-az6': 20, 'i7ie.24xlarge_use1-az1': 1, 'i7ie.24xlarge_use1-az2': 1, 'i7ie.24xlarge_use1-az4': 1, 'i7ie.24xlarge_use1-az6': 50, 'i7ie.2xlarge_use1-az1': 5, 'i7ie.2xlarge_use1-az2': 1, 'i7ie.2xlarge_use1-az4': 15, 'i7ie.2xlarge_use1-az6': 35, 'i7ie.3xlarge_use1-az1': 5, 'i7ie.3xlarge_use1-az2': 1, 'i7ie.3xlarge_use1-az4': 5, 'i7ie.3xlarge_use1-az6': 30, 'i7ie.48xlarge_use1-az6': 50, 'i7ie.6xlarge_use1-az1': 25, 'i7ie.6xlarge_use1-az4': 20, 'i7ie.6xlarge_use1-az6': 50, 'i7ie.large_use1-az1': 45, 'i7ie.large_use1-az4': 50, 'i7ie.large_use1-az6': 50, 'i7ie.metal-24xl_use1-az4': 1, 'i7ie.metal-24xl_use1-az6': 15, 'i7ie.metal-48xl_use1-az6': 10, 'i7ie.xlarge_use1-az1': 10, 'i7ie.xlarge_use1-az2': 25, 'i7ie.xlarge_use1-az4': 45, 'i7ie.xlarge_use1-az6': 50, 'i8g.12xlarge_use1-az6': 1, 'i8g.24xlarge_use1-az6': 10, 'i8g.2xlarge_use1-az2': 1, 'i8g.4xlarge_use1-az2': 1, 'i8g.8xlarge_use1-az6': 5, 'i8g.large_use1-az2': 10, 'i8g.large_use1-az6': 5, 'i8g.xlarge_use1-az2': 1, 'i8g.xlarge_use1-az4': 1, 'i8g.xlarge_use1-az6': 1, 'i8ge.12xlarge_use1-az4': 1, 'i8ge.12xlarge_use1-az6': 5, 'i8ge.18xlarge_use1-az2': 1, 'i8ge.18xlarge_use1-az4': 1, 'i8ge.18xlarge_use1-az6': 5, 'i8ge.24xlarge_use1-az4': 1, 'i8ge.24xlarge_use1-az6': 5, 'i8ge.2xlarge_use1-az4': 10, 'i8ge.3xlarge_use1-az2': 1, 'i8ge.3xlarge_use1-az4': 5, 'i8ge.48xlarge_use1-az4': 5, 'i8ge.6xlarge_use1-az2': 1, 'i8ge.6xlarge_use1-az4': 1, 'i8ge.large_use1-az2': 5, 'i8ge.large_use1-az4': 50, 'i8ge.metal-24xl_use1-az4': 1, 'i8ge.metal-48xl_use1-az6': 1, 'i8ge.xlarge_use1-az4': 20, 'im4gn.16xlarge_use1-az4': 45, 'im4gn.2xlarge_use1-az1': 10, 'im4gn.2xlarge_use1-az4': 20, 'im4gn.2xlarge_use1-az6': 15, 'im4gn.4xlarge_use1-az1': 5, 'im4gn.4xlarge_use1-az4': 15, 'im4gn.8xlarge_use1-az1': 1, 'im4gn.8xlarge_use1-az4': 5, 'im4gn.large_use1-az1': 35, 'im4gn.large_use1-az2': 10, 'im4gn.large_use1-az4': 50, 'im4gn.large_use1-az6': 10, 'im4gn.xlarge_use1-az1': 25, 'im4gn.xlarge_use1-az2': 50, 'im4gn.xlarge_use1-az4': 30, 'im4gn.xlarge_use1-az6': 40, 'inf1.24xlarge_use1-az1': 1, 'inf1.24xlarge_use1-az2': 1, 'inf1.24xlarge_use1-az4': 10, 'inf1.24xlarge_use1-az5': 5, 'inf1.24xlarge_use1-az6': 20, 'inf1.2xlarge_use1-az1': 15, 'inf1.2xlarge_use1-az2': 15, 'inf1.2xlarge_use1-az4': 30, 'inf1.2xlarge_use1-az5': 40, 'inf1.2xlarge_use1-az6': 40, 'inf1.6xlarge_use1-az1': 1, 'inf1.6xlarge_use1-az2': 1, 'inf1.6xlarge_use1-az4': 5, 'inf1.6xlarge_use1-az5': 5, 'inf1.6xlarge_use1-az6': 10, 'inf1.xlarge_use1-az1': 50, 'inf1.xlarge_use1-az2': 50, 'inf1.xlarge_use1-az4': 40, 'inf1.xlarge_use1-az5': 50, 'inf1.xlarge_use1-az6': 50, 'inf2.24xlarge_use1-az4': 1, 'inf2.24xlarge_use1-az6': 10, 'inf2.48xlarge_use1-az6': 15, 'inf2.8xlarge_use1-az2': 5, 'inf2.8xlarge_use1-az4': 5, 'inf2.8xlarge_use1-az5': 1, 'inf2.8xlarge_use1-az6': 1, 'inf2.xlarge_use1-az2': 5, 'inf2.xlarge_use1-az4': 1, 'inf2.xlarge_use1-az6': 50, 'is4gen.2xlarge_use1-az2': 50, 'is4gen.2xlarge_use1-az6': 50, 'is4gen.medium_use1-az1': 50, 'is4gen.medium_use1-az2': 25, 'is4gen.medium_use1-az4': 40, 'is4gen.medium_use1-az6': 30, 'm2.2xlarge_use1-az1': 5, 'm2.2xlarge_use1-az2': 10, 'm2.2xlarge_use1-az4': 15, 'm2.2xlarge_use1-az6': 5, 'm2.4xlarge_use1-az1': 1, 'm2.4xlarge_use1-az2': 5, 'm2.4xlarge_use1-az4': 5, 'm2.4xlarge_use1-az6': 5, 'm2.xlarge_use1-az1': 5, 'm2.xlarge_use1-az2': 20, 'm2.xlarge_use1-az4': 20, 'm2.xlarge_use1-az6': 15, 'm3.2xlarge_use1-az2': 25, 'm3.2xlarge_use1-az3': 1, 'm3.2xlarge_use1-az4': 40, 'm3.2xlarge_use1-az6': 45, 'm3.xlarge_use1-az2': 50, 'm3.xlarge_use1-az3': 1, 'm3.xlarge_use1-az4': 50, 'm3.xlarge_use1-az6': 50, 'm4.10xlarge_use1-az1': 5, 'm4.10xlarge_use1-az2': 10, 'm4.10xlarge_use1-az3': 1, 'm4.10xlarge_use1-az4': 50, 'm4.10xlarge_use1-az5': 1, 'm4.10xlarge_use1-az6': 50, 'm4.2xlarge_use1-az1': 5, 'm4.2xlarge_use1-az2': 20, 'm4.2xlarge_use1-az3': 50, 'm4.2xlarge_use1-az4': 20, 'm4.2xlarge_use1-az5': 1, 'm4.2xlarge_use1-az6': 25, 'm4.4xlarge_use1-az1': 50, 'm4.4xlarge_use1-az2': 50, 'm4.4xlarge_use1-az3': 50, 'm4.4xlarge_use1-az4': 25, 'm4.4xlarge_use1-az5': 10, 'm4.4xlarge_use1-az6': 15, 'm4.large_use1-az1': 30, 'm4.large_use1-az2': 50, 'm4.large_use1-az3': 25, 'm4.large_use1-az4': 50, 'm4.large_use1-az5': 10, 'm4.large_use1-az6': 50, 'm4.xlarge_use1-az1': 15, 'm4.xlarge_use1-az2': 50, 'm4.xlarge_use1-az3': 50, 'm4.xlarge_use1-az4': 50, 'm4.xlarge_use1-az5': 30, 'm4.xlarge_use1-az6': 50, 'm5.12xlarge_use1-az1': 5, 'm5.12xlarge_use1-az2': 25, 'm5.12xlarge_use1-az4': 50, 'm5.12xlarge_use1-az5': 1, 'm5.12xlarge_use1-az6': 40, 'm5.16xlarge_use1-az1': 10, 'm5.16xlarge_use1-az2': 50, 'm5.16xlarge_use1-az4': 50, 'm5.16xlarge_use1-az5': 1, 'm5.16xlarge_use1-az6': 50, 'm5.24xlarge_use1-az1': 5, 'm5.24xlarge_use1-az2': 5, 'm5.24xlarge_use1-az4': 5, 'm5.24xlarge_use1-az5': 1, 'm5.24xlarge_use1-az6': 35, 'm5.2xlarge_use1-az1': 50, 'm5.2xlarge_use1-az2': 50, 'm5.2xlarge_use1-az4': 50, 'm5.2xlarge_use1-az5': 50, 'm5.2xlarge_use1-az6': 50, 'm5.4xlarge_use1-az1': 50, 'm5.4xlarge_use1-az2': 50, 'm5.4xlarge_use1-az4': 50, 'm5.4xlarge_use1-az5': 10, 'm5.4xlarge_use1-az6': 50, 'm5.8xlarge_use1-az1': 50, 'm5.8xlarge_use1-az2': 40, 'm5.8xlarge_use1-az4': 50, 'm5.8xlarge_use1-az5': 1, 'm5.8xlarge_use1-az6': 50, 'm5.large_use1-az1': 50, 'm5.large_use1-az2': 50, 'm5.large_use1-az4': 50, 'm5.large_use1-az5': 50, 'm5.large_use1-az6': 50, 'm5.xlarge_use1-az1': 50, 'm5.xlarge_use1-az2': 50, 'm5.xlarge_use1-az4': 50, 'm5.xlarge_use1-az5': 50, 'm5.xlarge_use1-az6': 50, 'm5a.12xlarge_use1-az2': 1, 'm5a.12xlarge_use1-az4': 1, 'm5a.12xlarge_use1-az6': 1, 'm5a.16xlarge_use1-az2': 1, 'm5a.16xlarge_use1-az4': 1, 'm5a.16xlarge_use1-az6': 1, 'm5a.24xlarge_use1-az1': 1, 'm5a.24xlarge_use1-az2': 1, 'm5a.24xlarge_use1-az4': 1, 'm5a.24xlarge_use1-az5': 5, 'm5a.24xlarge_use1-az6': 5, 'm5a.2xlarge_use1-az1': 10, 'm5a.2xlarge_use1-az2': 25, 'm5a.2xlarge_use1-az4': 25, 'm5a.2xlarge_use1-az5': 5, 'm5a.2xlarge_use1-az6': 45, 'm5a.4xlarge_use1-az1': 5, 'm5a.4xlarge_use1-az2': 10, 'm5a.4xlarge_use1-az4': 5, 'm5a.4xlarge_use1-az5': 10, 'm5a.4xlarge_use1-az6': 15, 'm5a.8xlarge_use1-az1': 1, 'm5a.8xlarge_use1-az2': 20, 'm5a.8xlarge_use1-az4': 20, 'm5a.8xlarge_use1-az5': 1, 'm5a.8xlarge_use1-az6': 5, 'm5a.large_use1-az1': 50, 'm5a.large_use1-az2': 50, 'm5a.large_use1-az4': 50, 'm5a.large_use1-az5': 45, 'm5a.large_use1-az6': 50, 'm5a.xlarge_use1-az1': 10, 'm5a.xlarge_use1-az2': 30, 'm5a.xlarge_use1-az4': 10, 'm5a.xlarge_use1-az5': 20, 'm5a.xlarge_use1-az6': 50, 'm5ad.12xlarge_use1-az1': 1, 'm5ad.16xlarge_use1-az1': 1, 'm5ad.16xlarge_use1-az2': 1, 'm5ad.16xlarge_use1-az4': 1, 'm5ad.16xlarge_use1-az6': 1, 'm5ad.24xlarge_use1-az1': 5, 'm5ad.24xlarge_use1-az2': 1, 'm5ad.24xlarge_use1-az4': 1, 'm5ad.24xlarge_use1-az6': 5, 'm5ad.4xlarge_use1-az1': 1, 'm5ad.4xlarge_use1-az2': 1, 'm5ad.4xlarge_use1-az4': 1, 'm5ad.4xlarge_use1-az6': 1, 'm5ad.8xlarge_use1-az2': 1, 'm5ad.large_use1-az1': 10, 'm5ad.large_use1-az2': 5, 'm5ad.large_use1-az4': 10, 'm5ad.large_use1-az5': 1, 'm5ad.large_use1-az6': 10, 'm5ad.xlarge_use1-az2': 10, 'm5ad.xlarge_use1-az4': 5, 'm5ad.xlarge_use1-az6': 5, 'm5d.12xlarge_use1-az1': 1, 'm5d.12xlarge_use1-az2': 25, 'm5d.12xlarge_use1-az4': 30, 'm5d.12xlarge_use1-az6': 15, 'm5d.16xlarge_use1-az1': 5, 'm5d.16xlarge_use1-az2': 35, 'm5d.16xlarge_use1-az4': 20, 'm5d.16xlarge_use1-az5': 1, 'm5d.16xlarge_use1-az6': 50, 'm5d.24xlarge_use1-az1': 20, 'm5d.24xlarge_use1-az2': 15, 'm5d.24xlarge_use1-az4': 5, 'm5d.24xlarge_use1-az5': 1, 'm5d.24xlarge_use1-az6': 50, 'm5d.2xlarge_use1-az1': 5, 'm5d.2xlarge_use1-az2': 25, 'm5d.2xlarge_use1-az4': 25, 'm5d.2xlarge_use1-az6': 30, 'm5d.4xlarge_use1-az1': 5, 'm5d.4xlarge_use1-az2': 15, 'm5d.4xlarge_use1-az4': 25, 'm5d.4xlarge_use1-az6': 25, 'm5d.8xlarge_use1-az1': 1, 'm5d.8xlarge_use1-az2': 25, 'm5d.8xlarge_use1-az4': 10, 'm5d.8xlarge_use1-az5': 1, 'm5d.8xlarge_use1-az6': 10, 'm5d.large_use1-az1': 5, 'm5d.large_use1-az2': 50, 'm5d.large_use1-az4': 50, 'm5d.large_use1-az6': 50, 'm5d.xlarge_use1-az1': 50, 'm5d.xlarge_use1-az2': 50, 'm5d.xlarge_use1-az4': 50, 'm5d.xlarge_use1-az5': 1, 'm5d.xlarge_use1-az6': 50, 'm5dn.12xlarge_use1-az1': 1, 'm5dn.12xlarge_use1-az4': 1, 'm5dn.12xlarge_use1-az6': 1, 'm5dn.16xlarge_use1-az1': 1, 'm5dn.16xlarge_use1-az2': 5, 'm5dn.16xlarge_use1-az4': 1, 'm5dn.16xlarge_use1-az6': 1, 'm5dn.24xlarge_use1-az1': 1, 'm5dn.24xlarge_use1-az2': 1, 'm5dn.24xlarge_use1-az4': 1, 'm5dn.24xlarge_use1-az6': 5, 'm5dn.2xlarge_use1-az1': 10, 'm5dn.2xlarge_use1-az2': 5, 'm5dn.2xlarge_use1-az4': 5, 'm5dn.2xlarge_use1-az6': 15, 'm5dn.4xlarge_use1-az1': 5, 'm5dn.4xlarge_use1-az2': 5, 'm5dn.4xlarge_use1-az4': 1, 'm5dn.4xlarge_use1-az6': 5, 'm5dn.8xlarge_use1-az2': 1, 'm5dn.8xlarge_use1-az6': 1, 'm5dn.large_use1-az1': 35, 'm5dn.large_use1-az2': 30, 'm5dn.large_use1-az4': 40, 'm5dn.large_use1-az5': 15, 'm5dn.large_use1-az6': 50, 'm5dn.xlarge_use1-az1': 10, 'm5dn.xlarge_use1-az2': 25, 'm5dn.xlarge_use1-az4': 20, 'm5dn.xlarge_use1-az5': 1, 'm5dn.xlarge_use1-az6': 30, 'm5n.12xlarge_use1-az1': 1, 'm5n.12xlarge_use1-az2': 1, 'm5n.12xlarge_use1-az4': 1, 'm5n.12xlarge_use1-az5': 1, 'm5n.12xlarge_use1-az6': 1, 'm5n.16xlarge_use1-az2': 1, 'm5n.16xlarge_use1-az4': 1, 'm5n.16xlarge_use1-az6': 1, 'm5n.24xlarge_use1-az2': 1, 'm5n.24xlarge_use1-az4': 1, 'm5n.24xlarge_use1-az6': 1, 'm5n.2xlarge_use1-az1': 15, 'm5n.2xlarge_use1-az2': 25, 'm5n.2xlarge_use1-az4': 30, 'm5n.2xlarge_use1-az5': 5, 'm5n.2xlarge_use1-az6': 25, 'm5n.4xlarge_use1-az1': 25, 'm5n.4xlarge_use1-az2': 35, 'm5n.4xlarge_use1-az4': 50, 'm5n.4xlarge_use1-az5': 5, 'm5n.4xlarge_use1-az6': 10, 'm5n.8xlarge_use1-az1': 1, 'm5n.8xlarge_use1-az2': 1, 'm5n.8xlarge_use1-az4': 1, 'm5n.8xlarge_use1-az6': 5, 'm5n.large_use1-az1': 5, 'm5n.large_use1-az2': 15, 'm5n.large_use1-az4': 5, 'm5n.large_use1-az5': 5, 'm5n.large_use1-az6': 15, 'm5n.xlarge_use1-az1': 20, 'm5n.xlarge_use1-az2': 50, 'm5n.xlarge_use1-az4': 50, 'm5n.xlarge_use1-az5': 1, 'm5n.xlarge_use1-az6': 50, 'm5zn.12xlarge_use1-az2': 1, 'm5zn.12xlarge_use1-az4': 10, 'm5zn.12xlarge_use1-az5': 1, 'm5zn.12xlarge_use1-az6': 5, 'm5zn.2xlarge_use1-az1': 1, 'm5zn.2xlarge_use1-az2': 1, 'm5zn.2xlarge_use1-az5': 1, 'm5zn.2xlarge_use1-az6': 5, 'm5zn.3xlarge_use1-az1': 1, 'm5zn.3xlarge_use1-az2': 1, 'm5zn.3xlarge_use1-az6': 5, 'm5zn.6xlarge_use1-az6': 1, 'm5zn.large_use1-az1': 5, 'm5zn.large_use1-az2': 5, 'm5zn.large_use1-az4': 30, 'm5zn.large_use1-az5': 15, 'm5zn.large_use1-az6': 20, 'm5zn.xlarge_use1-az1': 1, 'm5zn.xlarge_use1-az2': 1, 'm5zn.xlarge_use1-az4': 20, 'm5zn.xlarge_use1-az5': 5, 'm5zn.xlarge_use1-az6': 5, 'm6a.12xlarge_use1-az1': 5, 'm6a.12xlarge_use1-az2': 5, 'm6a.12xlarge_use1-az4': 15, 'm6a.12xlarge_use1-az6': 10, 'm6a.16xlarge_use1-az1': 5, 'm6a.16xlarge_use1-az2': 5, 'm6a.16xlarge_use1-az4': 5, 'm6a.16xlarge_use1-az6': 5, 'm6a.24xlarge_use1-az1': 1, 'm6a.24xlarge_use1-az2': 1, 'm6a.24xlarge_use1-az4': 1, 'm6a.24xlarge_use1-az6': 1, 'm6a.2xlarge_use1-az1': 50, 'm6a.2xlarge_use1-az2': 35, 'm6a.2xlarge_use1-az4': 45, 'm6a.2xlarge_use1-az5': 15, 'm6a.2xlarge_use1-az6': 50, 'm6a.32xlarge_use1-az2': 1, 'm6a.32xlarge_use1-az4': 1, 'm6a.32xlarge_use1-az5': 1, 'm6a.32xlarge_use1-az6': 1, 'm6a.48xlarge_use1-az2': 1, 'm6a.48xlarge_use1-az4': 1, 'm6a.48xlarge_use1-az6': 1, 'm6a.4xlarge_use1-az1': 45, 'm6a.4xlarge_use1-az2': 40, 'm6a.4xlarge_use1-az4': 25, 'm6a.4xlarge_use1-az5': 5, 'm6a.4xlarge_use1-az6': 50, 'm6a.8xlarge_use1-az1': 25, 'm6a.8xlarge_use1-az2': 15, 'm6a.8xlarge_use1-az4': 50, 'm6a.8xlarge_use1-az5': 10, 'm6a.8xlarge_use1-az6': 50, 'm6a.large_use1-az1': 50, 'm6a.large_use1-az2': 50, 'm6a.large_use1-az4': 50, 'm6a.large_use1-az5': 30, 'm6a.large_use1-az6': 50, 'm6a.xlarge_use1-az1': 50, 'm6a.xlarge_use1-az2': 50, 'm6a.xlarge_use1-az4': 50, 'm6a.xlarge_use1-az5': 35, 'm6a.xlarge_use1-az6': 50, 'm6g.12xlarge_use1-az1': 1, 'm6g.12xlarge_use1-az2': 5, 'm6g.12xlarge_use1-az4': 50, 'm6g.12xlarge_use1-az6': 50, 'm6g.16xlarge_use1-az1': 1, 'm6g.16xlarge_use1-az2': 5, 'm6g.16xlarge_use1-az4': 25, 'm6g.16xlarge_use1-az6': 50, 'm6g.2xlarge_use1-az1': 15, 'm6g.2xlarge_use1-az2': 50, 'm6g.2xlarge_use1-az4': 50, 'm6g.2xlarge_use1-az5': 5, 'm6g.2xlarge_use1-az6': 50, 'm6g.4xlarge_use1-az1': 10, 'm6g.4xlarge_use1-az2': 50, 'm6g.4xlarge_use1-az4': 50, 'm6g.4xlarge_use1-az5': 10, 'm6g.4xlarge_use1-az6': 50, 'm6g.8xlarge_use1-az1': 5, 'm6g.8xlarge_use1-az2': 50, 'm6g.8xlarge_use1-az4': 50, 'm6g.8xlarge_use1-az6': 50, 'm6g.large_use1-az1': 1, 'm6g.large_use1-az2': 50, 'm6g.large_use1-az4': 50, 'm6g.large_use1-az5': 5, 'm6g.large_use1-az6': 50, 'm6g.medium_use1-az1': 5, 'm6g.medium_use1-az2': 5, 'm6g.medium_use1-az4': 10, 'm6g.medium_use1-az5': 1, 'm6g.medium_use1-az6': 15, 'm6g.xlarge_use1-az1': 50, 'm6g.xlarge_use1-az2': 50, 'm6g.xlarge_use1-az4': 50, 'm6g.xlarge_use1-az5': 50, 'm6g.xlarge_use1-az6': 50, 'm6gd.12xlarge_use1-az1': 10, 'm6gd.12xlarge_use1-az2': 40, 'm6gd.12xlarge_use1-az4': 20, 'm6gd.12xlarge_use1-az5': 5, 'm6gd.12xlarge_use1-az6': 50, 'm6gd.16xlarge_use1-az1': 5, 'm6gd.16xlarge_use1-az2': 10, 'm6gd.16xlarge_use1-az4': 10, 'm6gd.16xlarge_use1-az5': 10, 'm6gd.16xlarge_use1-az6': 35, 'm6gd.2xlarge_use1-az1': 1, 'm6gd.2xlarge_use1-az2': 50, 'm6gd.2xlarge_use1-az4': 45, 'm6gd.2xlarge_use1-az5': 1, 'm6gd.2xlarge_use1-az6': 5, 'm6gd.4xlarge_use1-az1': 1, 'm6gd.4xlarge_use1-az2': 5, 'm6gd.4xlarge_use1-az5': 1, 'm6gd.4xlarge_use1-az6': 15, 'm6gd.8xlarge_use1-az1': 5, 'm6gd.8xlarge_use1-az2': 10, 'm6gd.8xlarge_use1-az4': 15, 'm6gd.8xlarge_use1-az5': 1, 'm6gd.8xlarge_use1-az6': 20, 'm6gd.large_use1-az1': 1, 'm6gd.large_use1-az2': 5, 'm6gd.large_use1-az4': 5, 'm6gd.large_use1-az5': 1, 'm6gd.large_use1-az6': 15, 'm6gd.medium_use1-az1': 1, 'm6gd.medium_use1-az2': 1, 'm6gd.medium_use1-az4': 1, 'm6gd.medium_use1-az5': 5, 'm6gd.medium_use1-az6': 1, 'm6gd.xlarge_use1-az1': 1, 'm6gd.xlarge_use1-az2': 10, 'm6gd.xlarge_use1-az4': 35, 'm6gd.xlarge_use1-az5': 1, 'm6gd.xlarge_use1-az6': 15, 'm6i.12xlarge_use1-az1': 1, 'm6i.12xlarge_use1-az2': 10, 'm6i.12xlarge_use1-az4': 50, 'm6i.12xlarge_use1-az5': 1, 'm6i.12xlarge_use1-az6': 30, 'm6i.16xlarge_use1-az1': 1, 'm6i.16xlarge_use1-az2': 10, 'm6i.16xlarge_use1-az4': 5, 'm6i.16xlarge_use1-az5': 1, 'm6i.16xlarge_use1-az6': 10, 'm6i.24xlarge_use1-az2': 10, 'm6i.24xlarge_use1-az4': 5, 'm6i.24xlarge_use1-az5': 1, 'm6i.24xlarge_use1-az6': 50, 'm6i.2xlarge_use1-az1': 25, 'm6i.2xlarge_use1-az2': 50, 'm6i.2xlarge_use1-az4': 50, 'm6i.2xlarge_use1-az5': 25, 'm6i.2xlarge_use1-az6': 50, 'm6i.32xlarge_use1-az2': 1, 'm6i.32xlarge_use1-az4': 5, 'm6i.32xlarge_use1-az5': 1, 'm6i.32xlarge_use1-az6': 15, 'm6i.4xlarge_use1-az1': 15, 'm6i.4xlarge_use1-az2': 50, 'm6i.4xlarge_use1-az4': 50, 'm6i.4xlarge_use1-az5': 50, 'm6i.4xlarge_use1-az6': 50, 'm6i.8xlarge_use1-az1': 1, 'm6i.8xlarge_use1-az2': 50, 'm6i.8xlarge_use1-az4': 50, 'm6i.8xlarge_use1-az5': 20, 'm6i.8xlarge_use1-az6': 50, 'm6i.large_use1-az1': 25, 'm6i.large_use1-az2': 50, 'm6i.large_use1-az4': 50, 'm6i.large_use1-az5': 50, 'm6i.large_use1-az6': 50, 'm6i.xlarge_use1-az1': 45, 'm6i.xlarge_use1-az2': 50, 'm6i.xlarge_use1-az4': 50, 'm6i.xlarge_use1-az5': 25, 'm6i.xlarge_use1-az6': 50, 'm6id.12xlarge_use1-az1': 1, 'm6id.12xlarge_use1-az2': 1, 'm6id.12xlarge_use1-az4': 1, 'm6id.12xlarge_use1-az6': 1, 'm6id.16xlarge_use1-az1': 1, 'm6id.16xlarge_use1-az2': 1, 'm6id.16xlarge_use1-az4': 1, 'm6id.16xlarge_use1-az6': 1, 'm6id.24xlarge_use1-az1': 10, 'm6id.24xlarge_use1-az2': 15, 'm6id.24xlarge_use1-az4': 35, 'm6id.24xlarge_use1-az5': 5, 'm6id.24xlarge_use1-az6': 15, 'm6id.2xlarge_use1-az1': 5, 'm6id.2xlarge_use1-az2': 5, 'm6id.2xlarge_use1-az4': 5, 'm6id.2xlarge_use1-az5': 1, 'm6id.2xlarge_use1-az6': 5, 'm6id.32xlarge_use1-az1': 10, 'm6id.32xlarge_use1-az2': 15, 'm6id.32xlarge_use1-az4': 5, 'm6id.32xlarge_use1-az5': 1, 'm6id.32xlarge_use1-az6': 50, 'm6id.4xlarge_use1-az1': 15, 'm6id.4xlarge_use1-az2': 10, 'm6id.4xlarge_use1-az4': 5, 'm6id.4xlarge_use1-az5': 1, 'm6id.4xlarge_use1-az6': 10, 'm6id.8xlarge_use1-az1': 1, 'm6id.8xlarge_use1-az4': 5, 'm6id.8xlarge_use1-az5': 1, 'm6id.8xlarge_use1-az6': 1, 'm6id.large_use1-az1': 30, 'm6id.large_use1-az2': 35, 'm6id.large_use1-az4': 15, 'm6id.large_use1-az5': 5, 'm6id.large_use1-az6': 50, 'm6id.xlarge_use1-az1': 20, 'm6id.xlarge_use1-az2': 45, 'm6id.xlarge_use1-az4': 15, 'm6id.xlarge_use1-az5': 5, 'm6id.xlarge_use1-az6': 25, 'm6idn.12xlarge_use1-az2': 1, 'm6idn.16xlarge_use1-az4': 1, 'm6idn.24xlarge_use1-az1': 1, 'm6idn.24xlarge_use1-az2': 1, 'm6idn.24xlarge_use1-az4': 1, 'm6idn.2xlarge_use1-az2': 10, 'm6idn.2xlarge_use1-az4': 5, 'm6idn.2xlarge_use1-az5': 1, 'm6idn.2xlarge_use1-az6': 5, 'm6idn.32xlarge_use1-az2': 1, 'm6idn.4xlarge_use1-az5': 5, 'm6idn.large_use1-az1': 25, 'm6idn.large_use1-az2': 35, 'm6idn.large_use1-az4': 15, 'm6idn.large_use1-az5': 10, 'm6idn.large_use1-az6': 10, 'm6idn.xlarge_use1-az1': 15, 'm6idn.xlarge_use1-az2': 50, 'm6idn.xlarge_use1-az4': 20, 'm6idn.xlarge_use1-az5': 5, 'm6idn.xlarge_use1-az6': 10, 'm6in.12xlarge_use1-az4': 1, 'm6in.16xlarge_use1-az2': 1, 'm6in.16xlarge_use1-az4': 1, 'm6in.24xlarge_use1-az1': 1, 'm6in.24xlarge_use1-az2': 1, 'm6in.2xlarge_use1-az1': 10, 'm6in.2xlarge_use1-az2': 20, 'm6in.2xlarge_use1-az4': 10, 'm6in.2xlarge_use1-az5': 1, 'm6in.2xlarge_use1-az6': 5, 'm6in.4xlarge_use1-az1': 1, 'm6in.4xlarge_use1-az2': 1, 'm6in.4xlarge_use1-az5': 1, 'm6in.8xlarge_use1-az1': 1, 'm6in.8xlarge_use1-az2': 1, 'm6in.8xlarge_use1-az4': 1, 'm6in.large_use1-az1': 5, 'm6in.large_use1-az2': 10, 'm6in.large_use1-az4': 5, 'm6in.large_use1-az5': 1, 'm6in.large_use1-az6': 1, 'm6in.xlarge_use1-az1': 5, 'm6in.xlarge_use1-az2': 10, 'm6in.xlarge_use1-az4': 1, 'm7a.12xlarge_use1-az2': 1, 'm7a.12xlarge_use1-az6': 20, 'm7a.16xlarge_use1-az2': 1, 'm7a.16xlarge_use1-az6': 40, 'm7a.24xlarge_use1-az2': 1, 'm7a.24xlarge_use1-az6': 50, 'm7a.2xlarge_use1-az1': 5, 'm7a.2xlarge_use1-az2': 15, 'm7a.2xlarge_use1-az4': 10, 'm7a.2xlarge_use1-az6': 50, 'm7a.32xlarge_use1-az6': 20, 'm7a.48xlarge_use1-az6': 40, 'm7a.4xlarge_use1-az1': 10, 'm7a.4xlarge_use1-az2': 5, 'm7a.4xlarge_use1-az4': 10, 'm7a.4xlarge_use1-az6': 25, 'm7a.8xlarge_use1-az1': 1, 'm7a.8xlarge_use1-az2': 5, 'm7a.8xlarge_use1-az4': 1, 'm7a.8xlarge_use1-az6': 50, 'm7a.large_use1-az1': 15, 'm7a.large_use1-az2': 50, 'm7a.large_use1-az4': 50, 'm7a.large_use1-az5': 5, 'm7a.large_use1-az6': 50, 'm7a.medium_use1-az1': 10, 'm7a.medium_use1-az2': 50, 'm7a.medium_use1-az4': 50, 'm7a.medium_use1-az6': 50, 'm7a.xlarge_use1-az1': 5, 'm7a.xlarge_use1-az2': 40, 'm7a.xlarge_use1-az4': 50, 'm7a.xlarge_use1-az6': 50, 'm7g.12xlarge_use1-az1': 1, 'm7g.12xlarge_use1-az2': 10, 'm7g.12xlarge_use1-az4': 45, 'm7g.12xlarge_use1-az5': 1, 'm7g.12xlarge_use1-az6': 50, 'm7g.16xlarge_use1-az1': 1, 'm7g.16xlarge_use1-az2': 30, 'm7g.16xlarge_use1-az4': 35, 'm7g.16xlarge_use1-az5': 1, 'm7g.16xlarge_use1-az6': 50, 'm7g.2xlarge_use1-az1': 35, 'm7g.2xlarge_use1-az2': 50, 'm7g.2xlarge_use1-az4': 50, 'm7g.2xlarge_use1-az5': 15, 'm7g.2xlarge_use1-az6': 50, 'm7g.4xlarge_use1-az1': 10, 'm7g.4xlarge_use1-az2': 30, 'm7g.4xlarge_use1-az4': 50, 'm7g.4xlarge_use1-az5': 10, 'm7g.4xlarge_use1-az6': 50, 'm7g.8xlarge_use1-az1': 1, 'm7g.8xlarge_use1-az2': 15, 'm7g.8xlarge_use1-az4': 40, 'm7g.8xlarge_use1-az5': 1, 'm7g.8xlarge_use1-az6': 50, 'm7g.large_use1-az1': 10, 'm7g.large_use1-az2': 50, 'm7g.large_use1-az4': 50, 'm7g.large_use1-az5': 30, 'm7g.large_use1-az6': 50, 'm7g.medium_use1-az1': 30, 'm7g.medium_use1-az2': 40, 'm7g.medium_use1-az4': 50, 'm7g.medium_use1-az5': 35, 'm7g.medium_use1-az6': 50, 'm7g.metal_use1-az1': 1, 'm7g.metal_use1-az2': 25, 'm7g.metal_use1-az4': 10, 'm7g.metal_use1-az5': 1, 'm7g.metal_use1-az6': 50, 'm7g.xlarge_use1-az1': 50, 'm7g.xlarge_use1-az2': 50, 'm7g.xlarge_use1-az4': 50, 'm7g.xlarge_use1-az5': 50, 'm7g.xlarge_use1-az6': 50, 'm7gd.12xlarge_use1-az1': 5, 'm7gd.12xlarge_use1-az2': 10, 'm7gd.12xlarge_use1-az4': 1, 'm7gd.12xlarge_use1-az6': 35, 'm7gd.16xlarge_use1-az1': 1, 'm7gd.16xlarge_use1-az2': 30, 'm7gd.16xlarge_use1-az4': 1, 'm7gd.16xlarge_use1-az6': 40, 'm7gd.2xlarge_use1-az1': 15, 'm7gd.2xlarge_use1-az2': 50, 'm7gd.2xlarge_use1-az4': 15, 'm7gd.2xlarge_use1-az6': 25, 'm7gd.4xlarge_use1-az1': 5, 'm7gd.4xlarge_use1-az2': 10, 'm7gd.4xlarge_use1-az4': 1, 'm7gd.4xlarge_use1-az6': 40, 'm7gd.8xlarge_use1-az1': 10, 'm7gd.8xlarge_use1-az2': 50, 'm7gd.8xlarge_use1-az4': 30, 'm7gd.8xlarge_use1-az5': 45, 'm7gd.8xlarge_use1-az6': 50, 'm7gd.large_use1-az1': 5, 'm7gd.large_use1-az2': 50, 'm7gd.large_use1-az4': 5, 'm7gd.large_use1-az6': 50, 'm7gd.medium_use1-az1': 15, 'm7gd.medium_use1-az2': 20, 'm7gd.medium_use1-az4': 15, 'm7gd.medium_use1-az5': 20, 'm7gd.medium_use1-az6': 25, 'm7gd.metal_use1-az1': 5, 'm7gd.metal_use1-az2': 15, 'm7gd.metal_use1-az4': 1, 'm7gd.metal_use1-az6': 15, 'm7gd.xlarge_use1-az1': 5, 'm7gd.xlarge_use1-az2': 10, 'm7gd.xlarge_use1-az4': 10, 'm7gd.xlarge_use1-az5': 1, 'm7gd.xlarge_use1-az6': 25, 'm7i-flex.2xlarge_use1-az1': 50, 'm7i-flex.2xlarge_use1-az2': 50, 'm7i-flex.2xlarge_use1-az4': 15, 'm7i-flex.2xlarge_use1-az5': 10, 'm7i-flex.2xlarge_use1-az6': 50, 'm7i-flex.4xlarge_use1-az2': 5, 'm7i-flex.4xlarge_use1-az4': 5, 'm7i-flex.4xlarge_use1-az6': 25, 'm7i-flex.8xlarge_use1-az1': 1, 'm7i-flex.8xlarge_use1-az2': 5, 'm7i-flex.8xlarge_use1-az4': 5, 'm7i-flex.8xlarge_use1-az5': 1, 'm7i-flex.8xlarge_use1-az6': 10, 'm7i-flex.large_use1-az1': 20, 'm7i-flex.large_use1-az2': 50, 'm7i-flex.large_use1-az4': 25, 'm7i-flex.large_use1-az5': 25, 'm7i-flex.large_use1-az6': 50, 'm7i-flex.xlarge_use1-az1': 50, 'm7i-flex.xlarge_use1-az2': 50, 'm7i-flex.xlarge_use1-az4': 50, 'm7i-flex.xlarge_use1-az5': 15, 'm7i-flex.xlarge_use1-az6': 50, 'm7i.12xlarge_use1-az1': 1, 'm7i.12xlarge_use1-az2': 5, 'm7i.12xlarge_use1-az4': 15, 'm7i.12xlarge_use1-az6': 50, 'm7i.16xlarge_use1-az1': 5, 'm7i.16xlarge_use1-az2': 10, 'm7i.16xlarge_use1-az4': 10, 'm7i.16xlarge_use1-az6': 50, 'm7i.24xlarge_use1-az2': 5, 'm7i.24xlarge_use1-az4': 5, 'm7i.24xlarge_use1-az6': 50, 'm7i.2xlarge_use1-az1': 1, 'm7i.2xlarge_use1-az2': 50, 'm7i.2xlarge_use1-az4': 50, 'm7i.2xlarge_use1-az6': 50, 'm7i.48xlarge_use1-az1': 1, 'm7i.48xlarge_use1-az2': 5, 'm7i.48xlarge_use1-az4': 20, 'm7i.48xlarge_use1-az6': 50, 'm7i.4xlarge_use1-az1': 1, 'm7i.4xlarge_use1-az2': 25, 'm7i.4xlarge_use1-az4': 10, 'm7i.4xlarge_use1-az6': 50, 'm7i.8xlarge_use1-az1': 40, 'm7i.8xlarge_use1-az2': 20, 'm7i.8xlarge_use1-az4': 50, 'm7i.8xlarge_use1-az6': 50, 'm7i.large_use1-az1': 50, 'm7i.large_use1-az2': 50, 'm7i.large_use1-az4': 50, 'm7i.large_use1-az5': 1, 'm7i.large_use1-az6': 50, 'm7i.xlarge_use1-az1': 30, 'm7i.xlarge_use1-az2': 35, 'm7i.xlarge_use1-az4': 50, 'm7i.xlarge_use1-az6': 50, 'm8g.12xlarge_use1-az2': 10, 'm8g.12xlarge_use1-az4': 10, 'm8g.12xlarge_use1-az5': 1, 'm8g.12xlarge_use1-az6': 35, 'm8g.16xlarge_use1-az2': 5, 'm8g.16xlarge_use1-az4': 5, 'm8g.16xlarge_use1-az5': 5, 'm8g.16xlarge_use1-az6': 45, 'm8g.24xlarge_use1-az2': 5, 'm8g.24xlarge_use1-az4': 1, 'm8g.24xlarge_use1-az5': 1, 'm8g.24xlarge_use1-az6': 25, 'm8g.2xlarge_use1-az4': 10, 'm8g.2xlarge_use1-az5': 10, 'm8g.48xlarge_use1-az2': 5, 'm8g.48xlarge_use1-az4': 5, 'm8g.48xlarge_use1-az6': 20, 'm8g.4xlarge_use1-az2': 5, 'm8g.4xlarge_use1-az4': 5, 'm8g.4xlarge_use1-az5': 1, 'm8g.4xlarge_use1-az6': 40, 'm8g.8xlarge_use1-az2': 10, 'm8g.8xlarge_use1-az4': 20, 'm8g.8xlarge_use1-az5': 1, 'm8g.8xlarge_use1-az6': 40, 'm8g.large_use1-az1': 1, 'm8g.large_use1-az2': 20, 'm8g.large_use1-az6': 45, 'm8g.medium_use1-az1': 1, 'm8g.medium_use1-az2': 15, 'm8g.metal-48xl_use1-az2': 5, 'm8g.metal-48xl_use1-az6': 25, 'm8g.xlarge_use1-az1': 1, 'm8g.xlarge_use1-az5': 15, 'm8g.xlarge_use1-az6': 50, 'm8gd.16xlarge_use1-az5': 1, 'm8gd.4xlarge_use1-az2': 5, 'm8gd.4xlarge_use1-az4': 1, 'm8gd.4xlarge_use1-az6': 1, 'm8gd.8xlarge_use1-az5': 1, 'm8gd.8xlarge_use1-az6': 5, 'm8gd.large_use1-az1': 20, 'm8gd.large_use1-az2': 15, 'm8gd.large_use1-az5': 1, 'm8gd.large_use1-az6': 1, 'm8gd.medium_use1-az6': 1, 'm8gd.metal-24xl_use1-az2': 1, 'm8gd.xlarge_use1-az1': 1, 'm8gd.xlarge_use1-az5': 1, 'm8i-flex.16xlarge_use1-az6': 5, 'm8i-flex.2xlarge_use1-az2': 10, 'm8i-flex.2xlarge_use1-az4': 1, 'm8i-flex.2xlarge_use1-az6': 50, 'm8i-flex.4xlarge_use1-az2': 1, 'm8i-flex.4xlarge_use1-az4': 1, 'm8i-flex.4xlarge_use1-az6': 5, 'm8i-flex.8xlarge_use1-az6': 1, 'm8i-flex.large_use1-az2': 5, 'm8i-flex.xlarge_use1-az2': 10, 'm8i-flex.xlarge_use1-az4': 25, 'm8i-flex.xlarge_use1-az6': 50, 'm8i.12xlarge_use1-az6': 1, 'm8i.16xlarge_use1-az4': 1, 'm8i.16xlarge_use1-az6': 1, 'm8i.24xlarge_use1-az6': 1, 'm8i.2xlarge_use1-az2': 10, 'm8i.2xlarge_use1-az4': 1, 'm8i.2xlarge_use1-az6': 10, 'm8i.32xlarge_use1-az2': 1, 'm8i.32xlarge_use1-az6': 5, 'm8i.48xlarge_use1-az2': 1, 'm8i.48xlarge_use1-az6': 5, 'm8i.4xlarge_use1-az2': 5, 'm8i.4xlarge_use1-az4': 1, 'm8i.4xlarge_use1-az6': 5, 'm8i.8xlarge_use1-az2': 1, 'm8i.8xlarge_use1-az4': 1, 'm8i.8xlarge_use1-az6': 20, 'm8i.96xlarge_use1-az6': 1, 'm8i.large_use1-az4': 25, 'm8i.metal-48xl_use1-az6': 1, 'm8i.metal-96xl_use1-az6': 1, 'm8i.xlarge_use1-az2': 30, 'm8i.xlarge_use1-az4': 10, 'p3.2xlarge_use1-az6': 50, 'r3.2xlarge_use1-az2': 1, 'r3.2xlarge_use1-az6': 1, 'r3.4xlarge_use1-az4': 1, 'r3.4xlarge_use1-az6': 1, 'r3.8xlarge_use1-az2': 1, 'r3.8xlarge_use1-az4': 1, 'r3.large_use1-az2': 50, 'r3.large_use1-az4': 50, 'r3.large_use1-az6': 50, 'r3.xlarge_use1-az2': 40, 'r3.xlarge_use1-az4': 50, 'r3.xlarge_use1-az6': 50, 'r4.16xlarge_use1-az1': 10, 'r4.16xlarge_use1-az2': 10, 'r4.16xlarge_use1-az3': 50, 'r4.16xlarge_use1-az4': 35, 'r4.16xlarge_use1-az5': 15, 'r4.16xlarge_use1-az6': 10, 'r4.2xlarge_use1-az1': 20, 'r4.2xlarge_use1-az2': 50, 'r4.2xlarge_use1-az3': 50, 'r4.2xlarge_use1-az4': 50, 'r4.2xlarge_use1-az5': 5, 'r4.2xlarge_use1-az6': 50, 'r4.4xlarge_use1-az1': 20, 'r4.4xlarge_use1-az2': 50, 'r4.4xlarge_use1-az3': 40, 'r4.4xlarge_use1-az4': 15, 'r4.4xlarge_use1-az5': 5, 'r4.4xlarge_use1-az6': 50, 'r4.8xlarge_use1-az1': 50, 'r4.8xlarge_use1-az2': 50, 'r4.8xlarge_use1-az3': 25, 'r4.8xlarge_use1-az4': 50, 'r4.8xlarge_use1-az5': 5, 'r4.8xlarge_use1-az6': 50, 'r4.large_use1-az1': 35, 'r4.large_use1-az2': 50, 'r4.large_use1-az4': 50, 'r4.large_use1-az5': 20, 'r4.large_use1-az6': 50, 'r4.xlarge_use1-az1': 50, 'r4.xlarge_use1-az2': 50, 'r4.xlarge_use1-az3': 50, 'r4.xlarge_use1-az4': 50, 'r4.xlarge_use1-az5': 30, 'r4.xlarge_use1-az6': 50, 'r5.12xlarge_use1-az1': 5, 'r5.12xlarge_use1-az2': 5, 'r5.12xlarge_use1-az4': 50, 'r5.12xlarge_use1-az5': 5, 'r5.12xlarge_use1-az6': 5, 'r5.16xlarge_use1-az1': 5, 'r5.16xlarge_use1-az4': 35, 'r5.16xlarge_use1-az5': 30, 'r5.16xlarge_use1-az6': 5, 'r5.24xlarge_use1-az4': 15, 'r5.24xlarge_use1-az5': 5, 'r5.24xlarge_use1-az6': 5, 'r5.2xlarge_use1-az1': 50, 'r5.2xlarge_use1-az2': 50, 'r5.2xlarge_use1-az4': 50, 'r5.2xlarge_use1-az5': 5, 'r5.2xlarge_use1-az6': 50, 'r5.4xlarge_use1-az1': 50, 'r5.4xlarge_use1-az2': 50, 'r5.4xlarge_use1-az4': 50, 'r5.4xlarge_use1-az5': 5, 'r5.4xlarge_use1-az6': 50, 'r5.8xlarge_use1-az1': 50, 'r5.8xlarge_use1-az2': 50, 'r5.8xlarge_use1-az4': 50, 'r5.8xlarge_use1-az5': 5, 'r5.8xlarge_use1-az6': 5, 'r5.large_use1-az1': 50, 'r5.large_use1-az2': 50, 'r5.large_use1-az4': 50, 'r5.large_use1-az5': 50, 'r5.large_use1-az6': 50, 'r5.xlarge_use1-az1': 50, 'r5.xlarge_use1-az2': 50, 'r5.xlarge_use1-az4': 50, 'r5.xlarge_use1-az5': 50, 'r5.xlarge_use1-az6': 50, 'r5a.12xlarge_use1-az1': 1, 'r5a.12xlarge_use1-az2': 1, 'r5a.12xlarge_use1-az4': 5, 'r5a.12xlarge_use1-az6': 5, 'r5a.16xlarge_use1-az1': 10, 'r5a.16xlarge_use1-az2': 10, 'r5a.16xlarge_use1-az4': 10, 'r5a.16xlarge_use1-az5': 5, 'r5a.16xlarge_use1-az6': 5, 'r5a.24xlarge_use1-az1': 5, 'r5a.24xlarge_use1-az2': 15, 'r5a.24xlarge_use1-az4': 10, 'r5a.24xlarge_use1-az5': 1, 'r5a.24xlarge_use1-az6': 10, 'r5a.2xlarge_use1-az1': 10, 'r5a.2xlarge_use1-az2': 20, 'r5a.2xlarge_use1-az4': 35, 'r5a.2xlarge_use1-az5': 5, 'r5a.2xlarge_use1-az6': 30, 'r5a.4xlarge_use1-az1': 25, 'r5a.4xlarge_use1-az2': 50, 'r5a.4xlarge_use1-az4': 50, 'r5a.4xlarge_use1-az5': 5, 'r5a.4xlarge_use1-az6': 50, 'r5a.8xlarge_use1-az1': 25, 'r5a.8xlarge_use1-az2': 10, 'r5a.8xlarge_use1-az4': 15, 'r5a.8xlarge_use1-az5': 30, 'r5a.8xlarge_use1-az6': 20, 'r5a.large_use1-az1': 50, 'r5a.large_use1-az2': 50, 'r5a.large_use1-az4': 50, 'r5a.large_use1-az5': 25, 'r5a.large_use1-az6': 50, 'r5a.xlarge_use1-az1': 20, 'r5a.xlarge_use1-az2': 50, 'r5a.xlarge_use1-az4': 50, 'r5a.xlarge_use1-az5': 5, 'r5a.xlarge_use1-az6': 50, 'r5ad.16xlarge_use1-az2': 50, 'r5ad.16xlarge_use1-az4': 10, 'r5ad.16xlarge_use1-az5': 1, 'r5ad.16xlarge_use1-az6': 10, 'r5ad.24xlarge_use1-az2': 25, 'r5ad.24xlarge_use1-az4': 1, 'r5ad.24xlarge_use1-az6': 10, 'r5ad.4xlarge_use1-az2': 10, 'r5ad.4xlarge_use1-az5': 1, 'r5ad.8xlarge_use1-az4': 20, 'r5ad.8xlarge_use1-az5': 1, 'r5ad.8xlarge_use1-az6': 10, 'r5ad.large_use1-az1': 1, 'r5ad.large_use1-az2': 30, 'r5ad.large_use1-az4': 10, 'r5ad.large_use1-az5': 5, 'r5ad.large_use1-az6': 10, 'r5ad.xlarge_use1-az1': 1, 'r5ad.xlarge_use1-az2': 10, 'r5b.12xlarge_use1-az1': 5, 'r5b.16xlarge_use1-az6': 5, 'r5b.24xlarge_use1-az4': 5, 'r5b.24xlarge_use1-az6': 1, 'r5b.8xlarge_use1-az1': 5, 'r5b.large_use1-az1': 1, 'r5b.large_use1-az2': 5, 'r5b.large_use1-az4': 10, 'r5b.large_use1-az6': 5, 'r5b.xlarge_use1-az1': 1, 'r5b.xlarge_use1-az2': 1, 'r5b.xlarge_use1-az6': 1, 'r5d.12xlarge_use1-az1': 1, 'r5d.12xlarge_use1-az2': 5, 'r5d.12xlarge_use1-az4': 10, 'r5d.12xlarge_use1-az6': 1, 'r5d.16xlarge_use1-az1': 5, 'r5d.16xlarge_use1-az2': 50, 'r5d.16xlarge_use1-az4': 50, 'r5d.16xlarge_use1-az5': 10, 'r5d.16xlarge_use1-az6': 50, 'r5d.24xlarge_use1-az1': 1, 'r5d.24xlarge_use1-az2': 1, 'r5d.24xlarge_use1-az4': 10, 'r5d.24xlarge_use1-az5': 1, 'r5d.24xlarge_use1-az6': 10, 'r5d.4xlarge_use1-az1': 5, 'r5d.4xlarge_use1-az2': 20, 'r5d.4xlarge_use1-az5': 5, 'r5d.4xlarge_use1-az6': 25, 'r5d.8xlarge_use1-az1': 5, 'r5d.8xlarge_use1-az2': 15, 'r5d.8xlarge_use1-az4': 15, 'r5d.8xlarge_use1-az5': 5, 'r5d.8xlarge_use1-az6': 50, 'r5d.large_use1-az1': 10, 'r5d.large_use1-az2': 50, 'r5d.large_use1-az4': 50, 'r5d.large_use1-az5': 5, 'r5d.large_use1-az6': 50, 'r5dn.12xlarge_use1-az2': 1, 'r5dn.12xlarge_use1-az4': 1, 'r5dn.12xlarge_use1-az5': 1, 'r5dn.12xlarge_use1-az6': 1, 'r5dn.16xlarge_use1-az1': 5, 'r5dn.16xlarge_use1-az2': 5, 'r5dn.16xlarge_use1-az4': 15, 'r5dn.16xlarge_use1-az5': 10, 'r5dn.16xlarge_use1-az6': 30, 'r5dn.24xlarge_use1-az2': 5, 'r5dn.24xlarge_use1-az4': 10, 'r5dn.24xlarge_use1-az5': 1, 'r5dn.24xlarge_use1-az6': 25, 'r5dn.4xlarge_use1-az1': 5, 'r5dn.4xlarge_use1-az2': 25, 'r5dn.4xlarge_use1-az4': 45, 'r5dn.4xlarge_use1-az5': 5, 'r5dn.4xlarge_use1-az6': 20, 'r5dn.8xlarge_use1-az1': 1, 'r5dn.8xlarge_use1-az2': 5, 'r5dn.8xlarge_use1-az4': 5, 'r5dn.8xlarge_use1-az5': 5, 'r5dn.8xlarge_use1-az6': 50, 'r5dn.large_use1-az1': 50, 'r5dn.large_use1-az2': 50, 'r5dn.large_use1-az4': 50, 'r5dn.large_use1-az5': 50, 'r5dn.large_use1-az6': 50, 'r5n.12xlarge_use1-az2': 1, 'r5n.12xlarge_use1-az4': 1, 'r5n.12xlarge_use1-az6': 1, 'r5n.16xlarge_use1-az1': 1, 'r5n.16xlarge_use1-az2': 10, 'r5n.16xlarge_use1-az4': 35, 'r5n.16xlarge_use1-az5': 1, 'r5n.16xlarge_use1-az6': 20, 'r5n.2xlarge_use1-az1': 5, 'r5n.2xlarge_use1-az2': 5, 'r5n.2xlarge_use1-az5': 1, 'r5n.2xlarge_use1-az6': 1, 'r5n.4xlarge_use1-az1': 5, 'r5n.8xlarge_use1-az1': 10, 'r5n.8xlarge_use1-az2': 20, 'r5n.8xlarge_use1-az4': 35, 'r5n.8xlarge_use1-az6': 15, 'r5n.large_use1-az1': 20, 'r5n.large_use1-az2': 50, 'r5n.large_use1-az4': 50, 'r5n.large_use1-az5': 10, 'r5n.large_use1-az6': 30, 'r5n.xlarge_use1-az1': 1, 'r5n.xlarge_use1-az2': 10, 'r5n.xlarge_use1-az4': 15, 'r5n.xlarge_use1-az5': 1, 'r5n.xlarge_use1-az6': 20, 'r6a.12xlarge_use1-az1': 1, 'r6a.12xlarge_use1-az2': 10, 'r6a.12xlarge_use1-az4': 5, 'r6a.12xlarge_use1-az6': 10, 'r6a.16xlarge_use1-az1': 5, 'r6a.16xlarge_use1-az2': 15, 'r6a.16xlarge_use1-az4': 30, 'r6a.16xlarge_use1-az5': 15, 'r6a.16xlarge_use1-az6': 40, 'r6a.24xlarge_use1-az2': 5, 'r6a.24xlarge_use1-az4': 1, 'r6a.24xlarge_use1-az5': 1, 'r6a.24xlarge_use1-az6': 5, 'r6a.2xlarge_use1-az1': 50, 'r6a.2xlarge_use1-az2': 50, 'r6a.2xlarge_use1-az4': 40, 'r6a.2xlarge_use1-az5': 1, 'r6a.2xlarge_use1-az6': 50, 'r6a.32xlarge_use1-az2': 5, 'r6a.32xlarge_use1-az4': 5, 'r6a.32xlarge_use1-az5': 5, 'r6a.32xlarge_use1-az6': 5, 'r6a.48xlarge_use1-az2': 5, 'r6a.48xlarge_use1-az4': 5, 'r6a.48xlarge_use1-az5': 5, 'r6a.48xlarge_use1-az6': 1, 'r6a.4xlarge_use1-az1': 50, 'r6a.4xlarge_use1-az2': 50, 'r6a.4xlarge_use1-az4': 50, 'r6a.4xlarge_use1-az5': 40, 'r6a.4xlarge_use1-az6': 50, 'r6a.8xlarge_use1-az1': 20, 'r6a.8xlarge_use1-az2': 50, 'r6a.8xlarge_use1-az4': 50, 'r6a.8xlarge_use1-az5': 50, 'r6a.8xlarge_use1-az6': 50, 'r6a.large_use1-az1': 50, 'r6a.large_use1-az2': 50, 'r6a.large_use1-az4': 50, 'r6a.large_use1-az5': 50, 'r6a.large_use1-az6': 50, 'r6a.xlarge_use1-az1': 50, 'r6a.xlarge_use1-az2': 50, 'r6a.xlarge_use1-az4': 50, 'r6a.xlarge_use1-az5': 50, 'r6a.xlarge_use1-az6': 50, 'r6g.12xlarge_use1-az2': 50, 'r6g.12xlarge_use1-az4': 45, 'r6g.12xlarge_use1-az5': 10, 'r6g.12xlarge_use1-az6': 50, 'r6g.16xlarge_use1-az1': 1, 'r6g.16xlarge_use1-az2': 50, 'r6g.16xlarge_use1-az4': 50, 'r6g.16xlarge_use1-az5': 50, 'r6g.16xlarge_use1-az6': 50, 'r6g.2xlarge_use1-az1': 1, 'r6g.2xlarge_use1-az2': 25, 'r6g.2xlarge_use1-az4': 40, 'r6g.2xlarge_use1-az5': 10, 'r6g.2xlarge_use1-az6': 50, 'r6g.4xlarge_use1-az1': 10, 'r6g.4xlarge_use1-az2': 50, 'r6g.4xlarge_use1-az4': 50, 'r6g.4xlarge_use1-az5': 50, 'r6g.4xlarge_use1-az6': 50, 'r6g.8xlarge_use1-az1': 1, 'r6g.8xlarge_use1-az2': 10, 'r6g.8xlarge_use1-az4': 50, 'r6g.8xlarge_use1-az5': 50, 'r6g.8xlarge_use1-az6': 50, 'r6g.large_use1-az1': 10, 'r6g.large_use1-az2': 40, 'r6g.large_use1-az4': 50, 'r6g.large_use1-az5': 5, 'r6g.large_use1-az6': 50, 'r6g.medium_use1-az1': 1, 'r6g.medium_use1-az2': 10, 'r6g.medium_use1-az4': 15, 'r6g.medium_use1-az5': 15, 'r6g.medium_use1-az6': 35, 'r6g.xlarge_use1-az1': 1, 'r6g.xlarge_use1-az2': 50, 'r6g.xlarge_use1-az4': 50, 'r6g.xlarge_use1-az5': 50, 'r6g.xlarge_use1-az6': 50, 'r6gd.12xlarge_use1-az1': 1, 'r6gd.12xlarge_use1-az2': 5, 'r6gd.12xlarge_use1-az4': 10, 'r6gd.12xlarge_use1-az5': 1, 'r6gd.12xlarge_use1-az6': 10, 'r6gd.16xlarge_use1-az1': 5, 'r6gd.16xlarge_use1-az2': 5, 'r6gd.16xlarge_use1-az4': 50, 'r6gd.16xlarge_use1-az5': 1, 'r6gd.16xlarge_use1-az6': 45, 'r6gd.2xlarge_use1-az2': 20, 'r6gd.2xlarge_use1-az4': 30, 'r6gd.2xlarge_use1-az5': 1, 'r6gd.2xlarge_use1-az6': 1, 'r6gd.4xlarge_use1-az1': 5, 'r6gd.4xlarge_use1-az2': 20, 'r6gd.4xlarge_use1-az4': 50, 'r6gd.4xlarge_use1-az5': 1, 'r6gd.4xlarge_use1-az6': 25, 'r6gd.8xlarge_use1-az1': 1, 'r6gd.8xlarge_use1-az2': 10, 'r6gd.8xlarge_use1-az4': 20, 'r6gd.8xlarge_use1-az5': 1, 'r6gd.8xlarge_use1-az6': 30, 'r6gd.large_use1-az1': 50, 'r6gd.large_use1-az2': 50, 'r6gd.large_use1-az4': 50, 'r6gd.large_use1-az5': 50, 'r6gd.large_use1-az6': 50, 'r6gd.medium_use1-az1': 5, 'r6gd.medium_use1-az2': 1, 'r6gd.medium_use1-az4': 5, 'r6gd.medium_use1-az5': 5, 'r6gd.medium_use1-az6': 1, 'r6gd.xlarge_use1-az1': 1, 'r6gd.xlarge_use1-az2': 1, 'r6gd.xlarge_use1-az4': 5, 'r6gd.xlarge_use1-az6': 10, 'r6i.12xlarge_use1-az1': 5, 'r6i.12xlarge_use1-az2': 5, 'r6i.12xlarge_use1-az4': 5, 'r6i.12xlarge_use1-az5': 1, 'r6i.12xlarge_use1-az6': 10, 'r6i.16xlarge_use1-az1': 1, 'r6i.16xlarge_use1-az2': 1, 'r6i.16xlarge_use1-az4': 10, 'r6i.16xlarge_use1-az5': 10, 'r6i.16xlarge_use1-az6': 1, 'r6i.24xlarge_use1-az4': 10, 'r6i.24xlarge_use1-az5': 1, 'r6i.24xlarge_use1-az6': 5, 'r6i.2xlarge_use1-az1': 15, 'r6i.2xlarge_use1-az2': 35, 'r6i.2xlarge_use1-az4': 50, 'r6i.2xlarge_use1-az5': 5, 'r6i.2xlarge_use1-az6': 50, 'r6i.32xlarge_use1-az4': 1, 'r6i.32xlarge_use1-az5': 1, 'r6i.32xlarge_use1-az6': 1, 'r6i.4xlarge_use1-az1': 30, 'r6i.4xlarge_use1-az2': 20, 'r6i.4xlarge_use1-az4': 20, 'r6i.4xlarge_use1-az5': 10, 'r6i.4xlarge_use1-az6': 40, 'r6i.8xlarge_use1-az1': 5, 'r6i.8xlarge_use1-az2': 10, 'r6i.8xlarge_use1-az4': 10, 'r6i.8xlarge_use1-az5': 5, 'r6i.8xlarge_use1-az6': 10, 'r6i.large_use1-az1': 20, 'r6i.large_use1-az2': 50, 'r6i.large_use1-az4': 50, 'r6i.large_use1-az5': 20, 'r6i.large_use1-az6': 50, 'r6i.xlarge_use1-az1': 15, 'r6i.xlarge_use1-az2': 45, 'r6i.xlarge_use1-az4': 50, 'r6i.xlarge_use1-az5': 10, 'r6i.xlarge_use1-az6': 50, 'r6id.12xlarge_use1-az1': 1, 'r6id.12xlarge_use1-az2': 5, 'r6id.12xlarge_use1-az4': 1, 'r6id.12xlarge_use1-az6': 5, 'r6id.16xlarge_use1-az1': 5, 'r6id.16xlarge_use1-az2': 5, 'r6id.16xlarge_use1-az4': 15, 'r6id.16xlarge_use1-az5': 1, 'r6id.16xlarge_use1-az6': 20, 'r6id.24xlarge_use1-az1': 10, 'r6id.24xlarge_use1-az2': 10, 'r6id.24xlarge_use1-az4': 5, 'r6id.24xlarge_use1-az5': 15, 'r6id.24xlarge_use1-az6': 25, 'r6id.2xlarge_use1-az1': 5, 'r6id.2xlarge_use1-az2': 1, 'r6id.2xlarge_use1-az4': 10, 'r6id.2xlarge_use1-az5': 1, 'r6id.2xlarge_use1-az6': 10, 'r6id.32xlarge_use1-az1': 1, 'r6id.32xlarge_use1-az2': 5, 'r6id.32xlarge_use1-az4': 1, 'r6id.32xlarge_use1-az5': 1, 'r6id.32xlarge_use1-az6': 10, 'r6id.4xlarge_use1-az1': 40, 'r6id.4xlarge_use1-az2': 50, 'r6id.4xlarge_use1-az4': 10, 'r6id.4xlarge_use1-az5': 20, 'r6id.4xlarge_use1-az6': 35, 'r6id.8xlarge_use1-az1': 1, 'r6id.8xlarge_use1-az2': 1, 'r6id.8xlarge_use1-az4': 5, 'r6id.8xlarge_use1-az5': 1, 'r6id.8xlarge_use1-az6': 5, 'r6id.large_use1-az1': 15, 'r6id.large_use1-az2': 10, 'r6id.large_use1-az4': 5, 'r6id.large_use1-az5': 15, 'r6id.large_use1-az6': 30, 'r6id.xlarge_use1-az1': 5, 'r6id.xlarge_use1-az2': 15, 'r6id.xlarge_use1-az4': 10, 'r6id.xlarge_use1-az5': 15, 'r6id.xlarge_use1-az6': 15, 'r6idn.16xlarge_use1-az4': 1, 'r6idn.16xlarge_use1-az5': 1, 'r6idn.16xlarge_use1-az6': 1, 'r6idn.24xlarge_use1-az6': 1, 'r6idn.2xlarge_use1-az2': 1, 'r6idn.2xlarge_use1-az5': 1, 'r6idn.2xlarge_use1-az6': 5, 'r6idn.32xlarge_use1-az6': 1, 'r6idn.4xlarge_use1-az1': 15, 'r6idn.4xlarge_use1-az2': 15, 'r6idn.4xlarge_use1-az4': 15, 'r6idn.4xlarge_use1-az5': 5, 'r6idn.4xlarge_use1-az6': 10, 'r6idn.8xlarge_use1-az2': 1, 'r6idn.8xlarge_use1-az4': 1, 'r6idn.8xlarge_use1-az6': 5, 'r6idn.large_use1-az1': 1, 'r6idn.large_use1-az2': 1, 'r6idn.large_use1-az4': 5, 'r6idn.large_use1-az5': 5, 'r6idn.large_use1-az6': 5, 'r6idn.xlarge_use1-az5': 1, 'r6in.12xlarge_use1-az1': 1, 'r6in.12xlarge_use1-az6': 5, 'r6in.16xlarge_use1-az4': 1, 'r6in.16xlarge_use1-az5': 1, 'r6in.16xlarge_use1-az6': 5, 'r6in.24xlarge_use1-az6': 1, 'r6in.2xlarge_use1-az2': 1, 'r6in.2xlarge_use1-az4': 1, 'r6in.2xlarge_use1-az5': 1, 'r6in.2xlarge_use1-az6': 1, 'r6in.4xlarge_use1-az1': 5, 'r6in.4xlarge_use1-az2': 20, 'r6in.4xlarge_use1-az4': 15, 'r6in.4xlarge_use1-az5': 20, 'r6in.4xlarge_use1-az6': 20, 'r6in.8xlarge_use1-az1': 5, 'r6in.8xlarge_use1-az4': 1, 'r6in.8xlarge_use1-az6': 5, 'r6in.large_use1-az1': 45, 'r6in.large_use1-az2': 50, 'r6in.large_use1-az4': 50, 'r6in.large_use1-az5': 40, 'r6in.large_use1-az6': 50, 'r6in.xlarge_use1-az1': 1, 'r6in.xlarge_use1-az2': 1, 'r6in.xlarge_use1-az4': 1, 'r6in.xlarge_use1-az5': 1, 'r6in.xlarge_use1-az6': 1, 'r7a.12xlarge_use1-az1': 1, 'r7a.12xlarge_use1-az2': 1, 'r7a.12xlarge_use1-az4': 5, 'r7a.12xlarge_use1-az6': 20, 'r7a.16xlarge_use1-az1': 1, 'r7a.16xlarge_use1-az2': 15, 'r7a.16xlarge_use1-az4': 30, 'r7a.16xlarge_use1-az6': 50, 'r7a.24xlarge_use1-az2': 10, 'r7a.24xlarge_use1-az4': 10, 'r7a.24xlarge_use1-az6': 35, 'r7a.2xlarge_use1-az1': 1, 'r7a.2xlarge_use1-az2': 5, 'r7a.2xlarge_use1-az4': 25, 'r7a.2xlarge_use1-az6': 1, 'r7a.32xlarge_use1-az2': 1, 'r7a.32xlarge_use1-az4': 1, 'r7a.32xlarge_use1-az6': 50, 'r7a.48xlarge_use1-az2': 5, 'r7a.48xlarge_use1-az4': 5, 'r7a.48xlarge_use1-az6': 50, 'r7a.4xlarge_use1-az1': 5, 'r7a.4xlarge_use1-az2': 25, 'r7a.4xlarge_use1-az4': 50, 'r7a.4xlarge_use1-az6': 50, 'r7a.8xlarge_use1-az1': 5, 'r7a.8xlarge_use1-az2': 20, 'r7a.8xlarge_use1-az4': 50, 'r7a.8xlarge_use1-az6': 50, 'r7a.large_use1-az1': 50, 'r7a.large_use1-az2': 50, 'r7a.large_use1-az4': 50, 'r7a.large_use1-az6': 50, 'r7a.medium_use1-az1': 10, 'r7a.medium_use1-az2': 25, 'r7a.medium_use1-az4': 50, 'r7a.medium_use1-az6': 50, 'r7a.xlarge_use1-az1': 20, 'r7a.xlarge_use1-az2': 50, 'r7a.xlarge_use1-az4': 50, 'r7a.xlarge_use1-az6': 25, 'r7g.12xlarge_use1-az1': 1, 'r7g.12xlarge_use1-az2': 5, 'r7g.12xlarge_use1-az4': 50, 'r7g.12xlarge_use1-az5': 1, 'r7g.12xlarge_use1-az6': 5, 'r7g.16xlarge_use1-az1': 5, 'r7g.16xlarge_use1-az2': 30, 'r7g.16xlarge_use1-az4': 50, 'r7g.16xlarge_use1-az5': 5, 'r7g.16xlarge_use1-az6': 50, 'r7g.2xlarge_use1-az1': 5, 'r7g.2xlarge_use1-az2': 10, 'r7g.2xlarge_use1-az4': 50, 'r7g.2xlarge_use1-az5': 5, 'r7g.2xlarge_use1-az6': 15, 'r7g.4xlarge_use1-az1': 5, 'r7g.4xlarge_use1-az2': 5, 'r7g.4xlarge_use1-az4': 50, 'r7g.4xlarge_use1-az5': 5, 'r7g.4xlarge_use1-az6': 15, 'r7g.8xlarge_use1-az1': 1, 'r7g.8xlarge_use1-az2': 50, 'r7g.8xlarge_use1-az4': 50, 'r7g.8xlarge_use1-az5': 50, 'r7g.8xlarge_use1-az6': 50, 'r7g.large_use1-az1': 20, 'r7g.large_use1-az2': 50, 'r7g.large_use1-az4': 50, 'r7g.large_use1-az5': 40, 'r7g.large_use1-az6': 40, 'r7g.medium_use1-az1': 50, 'r7g.medium_use1-az2': 50, 'r7g.medium_use1-az4': 50, 'r7g.medium_use1-az5': 25, 'r7g.medium_use1-az6': 50, 'r7g.xlarge_use1-az1': 50, 'r7g.xlarge_use1-az2': 50, 'r7g.xlarge_use1-az4': 50, 'r7g.xlarge_use1-az5': 10, 'r7g.xlarge_use1-az6': 50, 'r7gd.12xlarge_use1-az1': 1, 'r7gd.12xlarge_use1-az2': 10, 'r7gd.12xlarge_use1-az4': 35, 'r7gd.12xlarge_use1-az5': 10, 'r7gd.12xlarge_use1-az6': 50, 'r7gd.16xlarge_use1-az1': 5, 'r7gd.16xlarge_use1-az2': 50, 'r7gd.16xlarge_use1-az4': 50, 'r7gd.16xlarge_use1-az5': 50, 'r7gd.16xlarge_use1-az6': 50, 'r7gd.2xlarge_use1-az1': 5, 'r7gd.2xlarge_use1-az2': 25, 'r7gd.2xlarge_use1-az4': 25, 'r7gd.2xlarge_use1-az5': 40, 'r7gd.2xlarge_use1-az6': 50, 'r7gd.4xlarge_use1-az1': 1, 'r7gd.4xlarge_use1-az2': 20, 'r7gd.4xlarge_use1-az4': 25, 'r7gd.4xlarge_use1-az5': 30, 'r7gd.4xlarge_use1-az6': 50, 'r7gd.8xlarge_use1-az1': 1, 'r7gd.8xlarge_use1-az2': 10, 'r7gd.8xlarge_use1-az4': 30, 'r7gd.8xlarge_use1-az5': 20, 'r7gd.8xlarge_use1-az6': 50, 'r7gd.large_use1-az1': 15, 'r7gd.large_use1-az2': 10, 'r7gd.large_use1-az4': 50, 'r7gd.large_use1-az5': 15, 'r7gd.large_use1-az6': 35, 'r7gd.medium_use1-az1': 35, 'r7gd.medium_use1-az2': 15, 'r7gd.medium_use1-az4': 25, 'r7gd.medium_use1-az5': 15, 'r7gd.medium_use1-az6': 20, 'r7gd.xlarge_use1-az1': 1, 'r7gd.xlarge_use1-az2': 10, 'r7gd.xlarge_use1-az4': 25, 'r7gd.xlarge_use1-az5': 10, 'r7gd.xlarge_use1-az6': 50, 'r7i.12xlarge_use1-az4': 1, 'r7i.12xlarge_use1-az6': 10, 'r7i.16xlarge_use1-az1': 5, 'r7i.16xlarge_use1-az2': 15, 'r7i.16xlarge_use1-az4': 45, 'r7i.16xlarge_use1-az5': 5, 'r7i.16xlarge_use1-az6': 50, 'r7i.24xlarge_use1-az1': 1, 'r7i.24xlarge_use1-az2': 1, 'r7i.24xlarge_use1-az4': 5, 'r7i.24xlarge_use1-az5': 5, 'r7i.24xlarge_use1-az6': 5, 'r7i.2xlarge_use1-az1': 5, 'r7i.2xlarge_use1-az2': 5, 'r7i.2xlarge_use1-az4': 10, 'r7i.2xlarge_use1-az5': 5, 'r7i.2xlarge_use1-az6': 50, 'r7i.48xlarge_use1-az2': 1, 'r7i.48xlarge_use1-az4': 5, 'r7i.48xlarge_use1-az5': 1, 'r7i.48xlarge_use1-az6': 5, 'r7i.4xlarge_use1-az1': 5, 'r7i.4xlarge_use1-az2': 20, 'r7i.4xlarge_use1-az4': 10, 'r7i.4xlarge_use1-az5': 1, 'r7i.4xlarge_use1-az6': 50, 'r7i.8xlarge_use1-az1': 5, 'r7i.8xlarge_use1-az2': 25, 'r7i.8xlarge_use1-az4': 25, 'r7i.8xlarge_use1-az5': 5, 'r7i.8xlarge_use1-az6': 50, 'r7i.large_use1-az1': 15, 'r7i.large_use1-az2': 50, 'r7i.large_use1-az4': 50, 'r7i.large_use1-az5': 15, 'r7i.large_use1-az6': 50, 'r7i.xlarge_use1-az1': 5, 'r7i.xlarge_use1-az2': 15, 'r7i.xlarge_use1-az4': 10, 'r7i.xlarge_use1-az5': 15, 'r7i.xlarge_use1-az6': 50, 'r8g.12xlarge_use1-az2': 5, 'r8g.12xlarge_use1-az4': 5, 'r8g.12xlarge_use1-az6': 15, 'r8g.16xlarge_use1-az1': 1, 'r8g.16xlarge_use1-az2': 50, 'r8g.16xlarge_use1-az4': 50, 'r8g.16xlarge_use1-az5': 5, 'r8g.16xlarge_use1-az6': 50, 'r8g.24xlarge_use1-az2': 10, 'r8g.24xlarge_use1-az4': 5, 'r8g.24xlarge_use1-az5': 5, 'r8g.24xlarge_use1-az6': 35, 'r8g.2xlarge_use1-az2': 5, 'r8g.2xlarge_use1-az4': 5, 'r8g.2xlarge_use1-az5': 1, 'r8g.2xlarge_use1-az6': 5, 'r8g.48xlarge_use1-az2': 1, 'r8g.48xlarge_use1-az4': 5, 'r8g.48xlarge_use1-az6': 5, 'r8g.4xlarge_use1-az2': 10, 'r8g.4xlarge_use1-az4': 35, 'r8g.4xlarge_use1-az5': 5, 'r8g.4xlarge_use1-az6': 50, 'r8g.8xlarge_use1-az2': 40, 'r8g.8xlarge_use1-az4': 15, 'r8g.8xlarge_use1-az5': 1, 'r8g.8xlarge_use1-az6': 50, 'r8g.large_use1-az1': 5, 'r8g.large_use1-az2': 30, 'r8g.large_use1-az4': 15, 'r8g.large_use1-az5': 10, 'r8g.large_use1-az6': 20, 'r8g.medium_use1-az1': 15, 'r8g.medium_use1-az2': 30, 'r8g.medium_use1-az4': 20, 'r8g.medium_use1-az5': 5, 'r8g.medium_use1-az6': 15, 'r8g.xlarge_use1-az1': 1, 'r8g.xlarge_use1-az2': 10, 'r8g.xlarge_use1-az4': 5, 'r8g.xlarge_use1-az5': 5, 'r8g.xlarge_use1-az6': 10, 'r8gb.24xlarge_use1-az6': 1, 'r8gb.2xlarge_use1-az4': 1, 'r8gb.large_use1-az2': 20, 'r8gb.large_use1-az4': 15, 'r8gb.large_use1-az6': 25, 'r8gb.medium_use1-az2': 50, 'r8gb.metal-24xl_use1-az6': 1, 'r8gb.xlarge_use1-az2': 5, 'r8gb.xlarge_use1-az4': 5, 'r8gb.xlarge_use1-az6': 5, 'r8gd.12xlarge_use1-az5': 1, 'r8gd.12xlarge_use1-az6': 1, 'r8gd.16xlarge_use1-az2': 1, 'r8gd.16xlarge_use1-az4': 1, 'r8gd.16xlarge_use1-az5': 1, 'r8gd.16xlarge_use1-az6': 15, 'r8gd.24xlarge_use1-az2': 1, 'r8gd.24xlarge_use1-az5': 1, 'r8gd.24xlarge_use1-az6': 25, 'r8gd.2xlarge_use1-az2': 25, 'r8gd.2xlarge_use1-az4': 30, 'r8gd.2xlarge_use1-az6': 50, 'r8gd.48xlarge_use1-az6': 50, 'r8gd.4xlarge_use1-az1': 1, 'r8gd.4xlarge_use1-az2': 20, 'r8gd.4xlarge_use1-az5': 1, 'r8gd.4xlarge_use1-az6': 15, 'r8gd.8xlarge_use1-az2': 5, 'r8gd.8xlarge_use1-az4': 1, 'r8gd.8xlarge_use1-az5': 1, 'r8gd.8xlarge_use1-az6': 1, 'r8gd.large_use1-az2': 50, 'r8gd.large_use1-az5': 1, 'r8gd.large_use1-az6': 50, 'r8gd.medium_use1-az1': 5, 'r8gd.medium_use1-az2': 5, 'r8gd.medium_use1-az4': 5, 'r8gd.medium_use1-az5': 10, 'r8gd.metal-24xl_use1-az6': 1, 'r8gd.metal-48xl_use1-az6': 1, 'r8gd.xlarge_use1-az2': 25, 'r8gd.xlarge_use1-az4': 1, 'r8gd.xlarge_use1-az5': 50, 'r8gd.xlarge_use1-az6': 40, 'r8gn.16xlarge_use1-az6': 1, 'r8gn.24xlarge_use1-az2': 1, 'r8gn.2xlarge_use1-az2': 1, 'r8gn.2xlarge_use1-az6': 1, 'r8gn.48xlarge_use1-az6': 1, 'r8gn.4xlarge_use1-az6': 5, 'r8gn.8xlarge_use1-az2': 1, 'r8gn.8xlarge_use1-az6': 5, 'r8gn.large_use1-az2': 20, 'r8gn.large_use1-az4': 15, 'r8gn.large_use1-az6': 20, 'r8gn.medium_use1-az2': 35, 'r8gn.medium_use1-az4': 40, 'r8gn.metal-24xl_use1-az2': 1, 'r8gn.metal-24xl_use1-az6': 1, 'r8gn.xlarge_use1-az2': 1, 'r8gn.xlarge_use1-az4': 5, 'r8gn.xlarge_use1-az6': 10, 'r8i-flex.2xlarge_use1-az2': 1, 'r8i-flex.2xlarge_use1-az6': 5, 'r8i-flex.4xlarge_use1-az2': 1, 'r8i-flex.4xlarge_use1-az6': 1, 'r8i-flex.large_use1-az2': 1, 'r8i-flex.large_use1-az6': 5, 'r8i-flex.xlarge_use1-az2': 5, 'r8i-flex.xlarge_use1-az6': 1, 'r8i.12xlarge_use1-az2': 1, 'r8i.12xlarge_use1-az6': 1, 'r8i.16xlarge_use1-az2': 1, 'r8i.16xlarge_use1-az6': 1, 'r8i.24xlarge_use1-az6': 1, 'r8i.2xlarge_use1-az2': 5, 'r8i.2xlarge_use1-az6': 5, 'r8i.32xlarge_use1-az2': 1, 'r8i.32xlarge_use1-az6': 1, 'r8i.48xlarge_use1-az2': 1, 'r8i.48xlarge_use1-az6': 1, 'r8i.4xlarge_use1-az2': 1, 'r8i.4xlarge_use1-az6': 5, 'r8i.8xlarge_use1-az2': 1, 'r8i.8xlarge_use1-az6': 5, 'r8i.96xlarge_use1-az2': 1, 'r8i.96xlarge_use1-az6': 1, 'r8i.large_use1-az2': 20, 'r8i.large_use1-az6': 20, 'r8i.xlarge_use1-az2': 5, 'r8i.xlarge_use1-az6': 5, 't2.2xlarge_use1-az1': 50, 't2.2xlarge_use1-az2': 50, 't2.2xlarge_use1-az3': 15, 't2.2xlarge_use1-az4': 50, 't2.2xlarge_use1-az5': 50, 't2.2xlarge_use1-az6': 50, 't2.large_use1-az1': 20, 't2.large_use1-az2': 50, 't2.large_use1-az3': 50, 't2.large_use1-az4': 50, 't2.large_use1-az5': 25, 't2.large_use1-az6': 50, 't2.medium_use1-az1': 50, 't2.medium_use1-az2': 50, 't2.medium_use1-az3': 50, 't2.medium_use1-az4': 50, 't2.medium_use1-az5': 50, 't2.medium_use1-az6': 50, 't2.xlarge_use1-az1': 35, 't2.xlarge_use1-az2': 50, 't2.xlarge_use1-az3': 20, 't2.xlarge_use1-az4': 50, 't2.xlarge_use1-az5': 5, 't2.xlarge_use1-az6': 50, 't3.2xlarge_use1-az1': 50, 't3.2xlarge_use1-az2': 50, 't3.2xlarge_use1-az4': 50, 't3.2xlarge_use1-az5': 50, 't3.2xlarge_use1-az6': 50, 't3.large_use1-az1': 50, 't3.large_use1-az2': 50, 't3.large_use1-az4': 50, 't3.large_use1-az5': 50, 't3.large_use1-az6': 50, 't3.medium_use1-az1': 50, 't3.medium_use1-az2': 50, 't3.medium_use1-az4': 50, 't3.medium_use1-az5': 50, 't3.medium_use1-az6': 50, 't3.xlarge_use1-az1': 50, 't3.xlarge_use1-az2': 50, 't3.xlarge_use1-az4': 50, 't3.xlarge_use1-az5': 50, 't3.xlarge_use1-az6': 50, 't3a.2xlarge_use1-az1': 50, 't3a.2xlarge_use1-az2': 50, 't3a.2xlarge_use1-az4': 50, 't3a.2xlarge_use1-az5': 50, 't3a.2xlarge_use1-az6': 50, 't3a.large_use1-az1': 50, 't3a.large_use1-az2': 50, 't3a.large_use1-az4': 50, 't3a.large_use1-az5': 5, 't3a.large_use1-az6': 50, 't3a.medium_use1-az1': 50, 't3a.medium_use1-az2': 50, 't3a.medium_use1-az4': 50, 't3a.medium_use1-az5': 5, 't3a.medium_use1-az6': 50, 't3a.xlarge_use1-az1': 25, 't3a.xlarge_use1-az2': 50, 't3a.xlarge_use1-az4': 50, 't3a.xlarge_use1-az5': 15, 't3a.xlarge_use1-az6': 50, 't4g.2xlarge_use1-az1': 5, 't4g.2xlarge_use1-az2': 15, 't4g.2xlarge_use1-az4': 5, 't4g.2xlarge_use1-az5': 10, 't4g.2xlarge_use1-az6': 10, 't4g.large_use1-az1': 1, 't4g.large_use1-az2': 15, 't4g.large_use1-az4': 50, 't4g.large_use1-az5': 25, 't4g.large_use1-az6': 35, 't4g.medium_use1-az1': 1, 't4g.medium_use1-az2': 50, 't4g.medium_use1-az4': 50, 't4g.medium_use1-az5': 35, 't4g.medium_use1-az6': 50, 't4g.xlarge_use1-az1': 30, 't4g.xlarge_use1-az2': 15, 't4g.xlarge_use1-az4': 50, 't4g.xlarge_use1-az5': 5, 't4g.xlarge_use1-az6': 10, 'trn1.2xlarge_use1-az5': 5, 'trn1.2xlarge_use1-az6': 20, 'trn1.32xlarge_use1-az6': 50, 'trn1n.32xlarge_use1-az6': 50, 'vt1.3xlarge_use1-az2': 1, 'x1.16xlarge_use1-az2': 1, 'x1.16xlarge_use1-az4': 1, 'x1.16xlarge_use1-az6': 1, 'x1.32xlarge_use1-az2': 1, 'x1.32xlarge_use1-az3': 5, 'x1.32xlarge_use1-az6': 1, 'x2gd.12xlarge_use1-az5': 5, 'x2gd.16xlarge_use1-az5': 1, 'x2gd.16xlarge_use1-az6': 15, 'x2gd.2xlarge_use1-az1': 5, 'x2gd.2xlarge_use1-az5': 5, 'x2gd.2xlarge_use1-az6': 30, 'x2gd.4xlarge_use1-az1': 1, 'x2gd.4xlarge_use1-az2': 1, 'x2gd.4xlarge_use1-az4': 5, 'x2gd.4xlarge_use1-az5': 1, 'x2gd.4xlarge_use1-az6': 35, 'x2gd.8xlarge_use1-az4': 1, 'x2gd.8xlarge_use1-az5': 1, 'x2gd.8xlarge_use1-az6': 5, 'x2gd.large_use1-az1': 35, 'x2gd.large_use1-az2': 25, 'x2gd.large_use1-az4': 15, 'x2gd.large_use1-az5': 25, 'x2gd.large_use1-az6': 50, 'x2gd.medium_use1-az1': 25, 'x2gd.medium_use1-az2': 35, 'x2gd.medium_use1-az4': 50, 'x2gd.medium_use1-az5': 50, 'x2gd.medium_use1-az6': 50, 'x2gd.xlarge_use1-az1': 5, 'x2gd.xlarge_use1-az2': 1, 'x2gd.xlarge_use1-az4': 20, 'x2gd.xlarge_use1-az5': 15, 'x2gd.xlarge_use1-az6': 25, 'x2idn.16xlarge_use1-az2': 1, 'x2idn.16xlarge_use1-az5': 1, 'x2idn.24xlarge_use1-az4': 1, 'x2idn.24xlarge_use1-az5': 1, 'x2idn.32xlarge_use1-az5': 1, 'x2iedn.xlarge_use1-az5': 1, 'x8g.12xlarge_use1-az2': 1, 'x8g.12xlarge_use1-az4': 20, 'x8g.12xlarge_use1-az6': 1, 'x8g.16xlarge_use1-az1': 1, 'x8g.16xlarge_use1-az2': 5, 'x8g.16xlarge_use1-az4': 5, 'x8g.16xlarge_use1-az6': 5, 'x8g.24xlarge_use1-az1': 1, 'x8g.24xlarge_use1-az2': 5, 'x8g.24xlarge_use1-az4': 5, 'x8g.24xlarge_use1-az6': 10, 'x8g.2xlarge_use1-az1': 5, 'x8g.2xlarge_use1-az2': 10, 'x8g.2xlarge_use1-az4': 10, 'x8g.2xlarge_use1-az6': 25, 'x8g.48xlarge_use1-az1': 1, 'x8g.48xlarge_use1-az2': 1, 'x8g.48xlarge_use1-az4': 10, 'x8g.48xlarge_use1-az6': 1, 'x8g.4xlarge_use1-az1': 1, 'x8g.4xlarge_use1-az2': 5, 'x8g.4xlarge_use1-az4': 5, 'x8g.4xlarge_use1-az6': 10, 'x8g.8xlarge_use1-az2': 15, 'x8g.8xlarge_use1-az4': 20, 'x8g.8xlarge_use1-az6': 5, 'x8g.large_use1-az1': 30, 'x8g.large_use1-az4': 50, 'x8g.large_use1-az6': 50, 'x8g.medium_use1-az1': 50, 'x8g.medium_use1-az4': 50, 'x8g.medium_use1-az6': 50, 'x8g.metal-24xl_use1-az1': 1, 'x8g.metal-24xl_use1-az2': 1, 'x8g.metal-24xl_use1-az4': 1, 'x8g.metal-24xl_use1-az6': 10, 'x8g.metal-48xl_use1-az2': 1, 'x8g.metal-48xl_use1-az4': 1, 'x8g.metal-48xl_use1-az6': 1, 'x8g.xlarge_use1-az1': 10, 'x8g.xlarge_use1-az2': 20, 'x8g.xlarge_use1-az4': 40, 'x8g.xlarge_use1-az6': 50, 'z1d.12xlarge_use1-az1': 1, 'z1d.12xlarge_use1-az2': 1, 'z1d.12xlarge_use1-az4': 1, 'z1d.12xlarge_use1-az5': 1, 'z1d.12xlarge_use1-az6': 5, 'z1d.2xlarge_use1-az1': 5, 'z1d.2xlarge_use1-az2': 5, 'z1d.2xlarge_use1-az4': 15, 'z1d.2xlarge_use1-az5': 1, 'z1d.2xlarge_use1-az6': 15, 'z1d.3xlarge_use1-az1': 5, 'z1d.3xlarge_use1-az2': 5, 'z1d.3xlarge_use1-az4': 10, 'z1d.3xlarge_use1-az5': 5, 'z1d.3xlarge_use1-az6': 5, 'z1d.6xlarge_use1-az1': 1, 'z1d.6xlarge_use1-az2': 1, 'z1d.6xlarge_use1-az4': 1, 'z1d.6xlarge_use1-az6': 1, 'z1d.large_use1-az1': 15, 'z1d.large_use1-az2': 5, 'z1d.large_use1-az4': 25, 'z1d.large_use1-az5': 10, 'z1d.large_use1-az6': 25, 'z1d.xlarge_use1-az1': 10, 'z1d.xlarge_use1-az2': 20, 'z1d.xlarge_use1-az4': 30, 'z1d.xlarge_use1-az5': 1, 'z1d.xlarge_use1-az6': 20}"
0.68,25016.344599999964,28762875683,1149763.3304719923,1104472,1104372,"{'c3.8xlarge_use1-az6': 1, 'c4.8xlarge_use1-az1': 1, 'c4.8xlarge_use1-az2': 5, 'c4.8xlarge_use1-az3': 5, 'c4.8xlarge_use1-az4': 15, 'c4.8xlarge_use1-az5': 5, 'c4.8xlarge_use1-az6': 5, 'c5.12xlarge_use1-az1': 50, 'c5.12xlarge_use1-az2': 50, 'c5.12xlarge_use1-az4': 50, 'c5.12xlarge_use1-az5': 50, 'c5.12xlarge_use1-az6': 50, 'c5.18xlarge_use1-az1': 5, 'c5.18xlarge_use1-az2': 50, 'c5.18xlarge_use1-az4': 15, 'c5.18xlarge_use1-az5': 10, 'c5.18xlarge_use1-az6': 1, 'c5.24xlarge_use1-az1': 1, 'c5.24xlarge_use1-az2': 5, 'c5.24xlarge_use1-az4': 5, 'c5.24xlarge_use1-az5': 1, 'c5.24xlarge_use1-az6': 5, 'c5.2xlarge_use1-az1': 50, 'c5.2xlarge_use1-az2': 50, 'c5.2xlarge_use1-az4': 50, 'c5.2xlarge_use1-az5': 50, 'c5.2xlarge_use1-az6': 50, 'c5.4xlarge_use1-az1': 50, 'c5.4xlarge_use1-az2': 50, 'c5.4xlarge_use1-az4': 50, 'c5.4xlarge_use1-az5': 50, 'c5.4xlarge_use1-az6': 50, 'c5.9xlarge_use1-az1': 50, 'c5.9xlarge_use1-az2': 50, 'c5.9xlarge_use1-az4': 50, 'c5.9xlarge_use1-az6': 50, 'c5.large_use1-az1': 50, 'c5.large_use1-az2': 50, 'c5.large_use1-az4': 50, 'c5.large_use1-az5': 50, 'c5.large_use1-az6': 50, 'c5.xlarge_use1-az1': 50, 'c5.xlarge_use1-az2': 50, 'c5.xlarge_use1-az4': 50, 'c5.xlarge_use1-az5': 50, 'c5.xlarge_use1-az6': 50, 'c5a.12xlarge_use1-az1': 5, 'c5a.12xlarge_use1-az2': 10, 'c5a.12xlarge_use1-az4': 15, 'c5a.12xlarge_use1-az5': 1, 'c5a.12xlarge_use1-az6': 5, 'c5a.16xlarge_use1-az4': 1, 'c5a.16xlarge_use1-az6': 1, 'c5a.24xlarge_use1-az2': 1, 'c5a.24xlarge_use1-az4': 1, 'c5a.24xlarge_use1-az6': 1, 'c5a.2xlarge_use1-az1': 30, 'c5a.2xlarge_use1-az2': 20, 'c5a.2xlarge_use1-az4': 50, 'c5a.2xlarge_use1-az5': 15, 'c5a.2xlarge_use1-az6': 50, 'c5a.4xlarge_use1-az1': 5, 'c5a.4xlarge_use1-az2': 1, 'c5a.4xlarge_use1-az4': 5, 'c5a.4xlarge_use1-az5': 5, 'c5a.4xlarge_use1-az6': 5, 'c5a.8xlarge_use1-az1': 1, 'c5a.8xlarge_use1-az2': 1, 'c5a.8xlarge_use1-az4': 5, 'c5a.8xlarge_use1-az6': 15, 'c5a.large_use1-az1': 50, 'c5a.large_use1-az2': 50, 'c5a.large_use1-az4': 50, 'c5a.large_use1-az5': 45, 'c5a.large_use1-az6': 50, 'c5a.xlarge_use1-az1': 50, 'c5a.xlarge_use1-az2': 50, 'c5a.xlarge_use1-az4': 50, 'c5a.xlarge_use1-az5': 50, 'c5a.xlarge_use1-az6': 50, 'c5ad.12xlarge_use1-az1': 5, 'c5ad.12xlarge_use1-az2': 5, 'c5ad.12xlarge_use1-az4': 5, 'c5ad.12xlarge_use1-az6': 5, 'c5ad.16xlarge_use1-az1': 1, 'c5ad.16xlarge_use1-az2': 5, 'c5ad.16xlarge_use1-az4': 1, 'c5ad.16xlarge_use1-az6': 1, 'c5ad.24xlarge_use1-az1': 1, 'c5ad.24xlarge_use1-az2': 1, 'c5ad.24xlarge_use1-az4': 1, 'c5ad.24xlarge_use1-az6': 5, 'c5ad.2xlarge_use1-az1': 10, 'c5ad.2xlarge_use1-az2': 5, 'c5ad.2xlarge_use1-az4': 5, 'c5ad.2xlarge_use1-az5': 5, 'c5ad.2xlarge_use1-az6': 15, 'c5ad.4xlarge_use1-az1': 5, 'c5ad.4xlarge_use1-az2': 5, 'c5ad.4xlarge_use1-az4': 1, 'c5ad.4xlarge_use1-az5': 1, 'c5ad.4xlarge_use1-az6': 10, 'c5ad.8xlarge_use1-az2': 1, 'c5ad.8xlarge_use1-az4': 1, 'c5ad.8xlarge_use1-az5': 1, 'c5ad.8xlarge_use1-az6': 1, 'c5ad.large_use1-az1': 20, 'c5ad.large_use1-az2': 30, 'c5ad.large_use1-az4': 10, 'c5ad.large_use1-az5': 15, 'c5ad.large_use1-az6': 20, 'c5ad.xlarge_use1-az1': 15, 'c5ad.xlarge_use1-az2': 10, 'c5ad.xlarge_use1-az4': 5, 'c5ad.xlarge_use1-az5': 5, 'c5ad.xlarge_use1-az6': 15, 'c5d.12xlarge_use1-az2': 15, 'c5d.12xlarge_use1-az4': 5, 'c5d.12xlarge_use1-az6': 45, 'c5d.18xlarge_use1-az1': 5, 'c5d.18xlarge_use1-az2': 50, 'c5d.18xlarge_use1-az4': 50, 'c5d.18xlarge_use1-az5': 5, 'c5d.18xlarge_use1-az6': 30, 'c5d.24xlarge_use1-az2': 35, 'c5d.24xlarge_use1-az4': 25, 'c5d.24xlarge_use1-az6': 50, 'c5d.2xlarge_use1-az1': 15, 'c5d.2xlarge_use1-az2': 50, 'c5d.2xlarge_use1-az4': 50, 'c5d.2xlarge_use1-az5': 20, 'c5d.2xlarge_use1-az6': 50, 'c5d.4xlarge_use1-az1': 20, 'c5d.4xlarge_use1-az2': 50, 'c5d.4xlarge_use1-az4': 50, 'c5d.4xlarge_use1-az5': 25, 'c5d.4xlarge_use1-az6': 50, 'c5d.9xlarge_use1-az1': 10, 'c5d.9xlarge_use1-az2': 20, 'c5d.9xlarge_use1-az4': 50, 'c5d.9xlarge_use1-az5': 10, 'c5d.9xlarge_use1-az6': 25, 'c5d.large_use1-az1': 50, 'c5d.large_use1-az2': 50, 'c5d.large_use1-az4': 50, 'c5d.large_use1-az5': 35, 'c5d.large_use1-az6': 50, 'c5d.xlarge_use1-az1': 50, 'c5d.xlarge_use1-az2': 50, 'c5d.xlarge_use1-az4': 50, 'c5d.xlarge_use1-az5': 50, 'c5d.xlarge_use1-az6': 50, 'c5n.18xlarge_use1-az1': 30, 'c5n.18xlarge_use1-az2': 5, 'c5n.18xlarge_use1-az4': 10, 'c5n.2xlarge_use1-az1': 5, 'c5n.2xlarge_use1-az2': 10, 'c5n.2xlarge_use1-az4': 15, 'c5n.2xlarge_use1-az5': 10, 'c5n.2xlarge_use1-az6': 10, 'c5n.4xlarge_use1-az1': 5, 'c5n.4xlarge_use1-az2': 1, 'c5n.4xlarge_use1-az6': 1, 'c5n.9xlarge_use1-az1': 10, 'c5n.9xlarge_use1-az2': 1, 'c5n.9xlarge_use1-az4': 5, 'c5n.large_use1-az1': 10, 'c5n.large_use1-az2': 10, 'c5n.large_use1-az4': 25, 'c5n.large_use1-az5': 5, 'c5n.large_use1-az6': 5, 'c5n.xlarge_use1-az5': 1, 'c6a.12xlarge_use1-az1': 5, 'c6a.12xlarge_use1-az2': 50, 'c6a.12xlarge_use1-az4': 50, 'c6a.12xlarge_use1-az5': 1, 'c6a.12xlarge_use1-az6': 15, 'c6a.16xlarge_use1-az1': 1, 'c6a.16xlarge_use1-az2': 5, 'c6a.16xlarge_use1-az4': 10, 'c6a.16xlarge_use1-az5': 1, 'c6a.16xlarge_use1-az6': 15, 'c6a.24xlarge_use1-az1': 1, 'c6a.24xlarge_use1-az2': 5, 'c6a.24xlarge_use1-az4': 5, 'c6a.24xlarge_use1-az5': 5, 'c6a.24xlarge_use1-az6': 20, 'c6a.2xlarge_use1-az1': 10, 'c6a.2xlarge_use1-az2': 40, 'c6a.2xlarge_use1-az4': 50, 'c6a.2xlarge_use1-az5': 10, 'c6a.2xlarge_use1-az6': 50, 'c6a.32xlarge_use1-az2': 1, 'c6a.32xlarge_use1-az4': 1, 'c6a.32xlarge_use1-az5': 1, 'c6a.32xlarge_use1-az6': 5, 'c6a.48xlarge_use1-az2': 1, 'c6a.48xlarge_use1-az4': 10, 'c6a.48xlarge_use1-az5': 5, 'c6a.48xlarge_use1-az6': 25, 'c6a.4xlarge_use1-az1': 15, 'c6a.4xlarge_use1-az2': 15, 'c6a.4xlarge_use1-az4': 30, 'c6a.4xlarge_use1-az5': 15, 'c6a.4xlarge_use1-az6': 50, 'c6a.8xlarge_use1-az1': 5, 'c6a.8xlarge_use1-az2': 50, 'c6a.8xlarge_use1-az4': 30, 'c6a.8xlarge_use1-az5': 25, 'c6a.8xlarge_use1-az6': 50, 'c6a.large_use1-az1': 45, 'c6a.large_use1-az2': 50, 'c6a.large_use1-az4': 50, 'c6a.large_use1-az5': 50, 'c6a.large_use1-az6': 20, 'c6a.xlarge_use1-az1': 15, 'c6a.xlarge_use1-az2': 25, 'c6a.xlarge_use1-az4': 25, 'c6a.xlarge_use1-az5': 15, 'c6a.xlarge_use1-az6': 25, 'c6g.12xlarge_use1-az1': 15, 'c6g.12xlarge_use1-az2': 25, 'c6g.12xlarge_use1-az4': 50, 'c6g.12xlarge_use1-az5': 5, 'c6g.12xlarge_use1-az6': 50, 'c6g.16xlarge_use1-az1': 1, 'c6g.16xlarge_use1-az2': 15, 'c6g.16xlarge_use1-az4': 50, 'c6g.16xlarge_use1-az5': 5, 'c6g.16xlarge_use1-az6': 50, 'c6g.2xlarge_use1-az1': 5, 'c6g.2xlarge_use1-az2': 50, 'c6g.2xlarge_use1-az4': 50, 'c6g.2xlarge_use1-az5': 15, 'c6g.2xlarge_use1-az6': 50, 'c6g.4xlarge_use1-az1': 50, 'c6g.4xlarge_use1-az2': 50, 'c6g.4xlarge_use1-az4': 50, 'c6g.4xlarge_use1-az5': 50, 'c6g.4xlarge_use1-az6': 50, 'c6g.8xlarge_use1-az1': 50, 'c6g.8xlarge_use1-az2': 50, 'c6g.8xlarge_use1-az4': 50, 'c6g.8xlarge_use1-az5': 50, 'c6g.8xlarge_use1-az6': 50, 'c6g.large_use1-az2': 50, 'c6g.large_use1-az4': 50, 'c6g.large_use1-az5': 50, 'c6g.large_use1-az6': 50, 'c6g.xlarge_use1-az2': 50, 'c6g.xlarge_use1-az4': 50, 'c6g.xlarge_use1-az5': 10, 'c6g.xlarge_use1-az6': 50, 'c6gd.12xlarge_use1-az2': 50, 'c6gd.12xlarge_use1-az4': 30, 'c6gd.12xlarge_use1-az5': 1, 'c6gd.12xlarge_use1-az6': 50, 'c6gd.16xlarge_use1-az2': 50, 'c6gd.16xlarge_use1-az4': 30, 'c6gd.16xlarge_use1-az6': 50, 'c6gd.2xlarge_use1-az1': 15, 'c6gd.2xlarge_use1-az2': 50, 'c6gd.2xlarge_use1-az4': 50, 'c6gd.2xlarge_use1-az5': 1, 'c6gd.2xlarge_use1-az6': 50, 'c6gd.4xlarge_use1-az1': 20, 'c6gd.4xlarge_use1-az2': 50, 'c6gd.4xlarge_use1-az4': 50, 'c6gd.4xlarge_use1-az5': 10, 'c6gd.4xlarge_use1-az6': 50, 'c6gd.8xlarge_use1-az1': 25, 'c6gd.8xlarge_use1-az2': 45, 'c6gd.8xlarge_use1-az4': 45, 'c6gd.8xlarge_use1-az5': 1, 'c6gd.8xlarge_use1-az6': 50, 'c6gd.large_use1-az1': 50, 'c6gd.large_use1-az2': 5, 'c6gd.large_use1-az4': 20, 'c6gd.large_use1-az5': 1, 'c6gd.large_use1-az6': 50, 'c6gd.xlarge_use1-az1': 50, 'c6gd.xlarge_use1-az2': 1, 'c6gd.xlarge_use1-az4': 1, 'c6gd.xlarge_use1-az5': 50, 'c6gd.xlarge_use1-az6': 50, 'c6gn.12xlarge_use1-az2': 25, 'c6gn.12xlarge_use1-az4': 50, 'c6gn.12xlarge_use1-az5': 1, 'c6gn.16xlarge_use1-az1': 1, 'c6gn.16xlarge_use1-az2': 50, 'c6gn.16xlarge_use1-az4': 50, 'c6gn.16xlarge_use1-az5': 10, 'c6gn.2xlarge_use1-az1': 5, 'c6gn.2xlarge_use1-az2': 1, 'c6gn.2xlarge_use1-az4': 20, 'c6gn.2xlarge_use1-az5': 1, 'c6gn.4xlarge_use1-az1': 1, 'c6gn.4xlarge_use1-az2': 40, 'c6gn.4xlarge_use1-az4': 35, 'c6gn.4xlarge_use1-az5': 10, 'c6gn.8xlarge_use1-az1': 25, 'c6gn.8xlarge_use1-az2': 35, 'c6gn.8xlarge_use1-az4': 30, 'c6gn.8xlarge_use1-az5': 5, 'c6gn.8xlarge_use1-az6': 5, 'c6gn.large_use1-az1': 5, 'c6gn.large_use1-az5': 15, 'c6gn.large_use1-az6': 1, 'c6gn.xlarge_use1-az1': 5, 'c6gn.xlarge_use1-az2': 10, 'c6gn.xlarge_use1-az4': 15, 'c6gn.xlarge_use1-az5': 5, 'c6gn.xlarge_use1-az6': 1, 'c6i.12xlarge_use1-az1': 15, 'c6i.12xlarge_use1-az2': 15, 'c6i.12xlarge_use1-az4': 30, 'c6i.12xlarge_use1-az5': 5, 'c6i.12xlarge_use1-az6': 5, 'c6i.16xlarge_use1-az1': 5, 'c6i.16xlarge_use1-az2': 15, 'c6i.16xlarge_use1-az4': 25, 'c6i.16xlarge_use1-az5': 10, 'c6i.16xlarge_use1-az6': 30, 'c6i.24xlarge_use1-az1': 5, 'c6i.24xlarge_use1-az2': 5, 'c6i.24xlarge_use1-az4': 10, 'c6i.24xlarge_use1-az5': 1, 'c6i.24xlarge_use1-az6': 15, 'c6i.2xlarge_use1-az1': 20, 'c6i.2xlarge_use1-az2': 50, 'c6i.2xlarge_use1-az4': 50, 'c6i.2xlarge_use1-az6': 50, 'c6i.32xlarge_use1-az1': 10, 'c6i.32xlarge_use1-az2': 5, 'c6i.32xlarge_use1-az4': 50, 'c6i.32xlarge_use1-az5': 1, 'c6i.32xlarge_use1-az6': 40, 'c6i.4xlarge_use1-az1': 10, 'c6i.4xlarge_use1-az2': 40, 'c6i.4xlarge_use1-az4': 50, 'c6i.4xlarge_use1-az5': 15, 'c6i.4xlarge_use1-az6': 50, 'c6i.8xlarge_use1-az1': 10, 'c6i.8xlarge_use1-az2': 45, 'c6i.8xlarge_use1-az4': 50, 'c6i.8xlarge_use1-az5': 10, 'c6i.8xlarge_use1-az6': 50, 'c6i.large_use1-az1': 10, 'c6i.large_use1-az2': 40, 'c6i.large_use1-az4': 30, 'c6i.large_use1-az5': 10, 'c6i.large_use1-az6': 50, 'c6i.xlarge_use1-az1': 50, 'c6i.xlarge_use1-az2': 45, 'c6i.xlarge_use1-az4': 35, 'c6i.xlarge_use1-az5': 10, 'c6i.xlarge_use1-az6': 50, 'c6id.12xlarge_use1-az1': 1, 'c6id.12xlarge_use1-az2': 1, 'c6id.12xlarge_use1-az4': 5, 'c6id.12xlarge_use1-az6': 5, 'c6id.16xlarge_use1-az1': 1, 'c6id.16xlarge_use1-az2': 5, 'c6id.16xlarge_use1-az4': 5, 'c6id.16xlarge_use1-az5': 1, 'c6id.16xlarge_use1-az6': 1, 'c6id.24xlarge_use1-az1': 5, 'c6id.24xlarge_use1-az2': 15, 'c6id.24xlarge_use1-az4': 5, 'c6id.24xlarge_use1-az5': 1, 'c6id.24xlarge_use1-az6': 10, 'c6id.2xlarge_use1-az1': 1, 'c6id.2xlarge_use1-az2': 1, 'c6id.2xlarge_use1-az4': 5, 'c6id.2xlarge_use1-az5': 5, 'c6id.2xlarge_use1-az6': 1, 'c6id.32xlarge_use1-az1': 1, 'c6id.32xlarge_use1-az2': 5, 'c6id.32xlarge_use1-az4': 10, 'c6id.32xlarge_use1-az5': 1, 'c6id.32xlarge_use1-az6': 5, 'c6id.4xlarge_use1-az1': 15, 'c6id.4xlarge_use1-az2': 10, 'c6id.4xlarge_use1-az4': 10, 'c6id.4xlarge_use1-az6': 5, 'c6id.8xlarge_use1-az1': 5, 'c6id.8xlarge_use1-az2': 1, 'c6id.8xlarge_use1-az4': 5, 'c6id.8xlarge_use1-az5': 1, 'c6id.8xlarge_use1-az6': 1, 'c6id.large_use1-az1': 5, 'c6id.large_use1-az2': 5, 'c6id.large_use1-az4': 1, 'c6id.large_use1-az5': 5, 'c6id.large_use1-az6': 5, 'c6id.xlarge_use1-az1': 5, 'c6id.xlarge_use1-az2': 1, 'c6id.xlarge_use1-az4': 5, 'c6id.xlarge_use1-az5': 1, 'c6id.xlarge_use1-az6': 1, 'c6in.12xlarge_use1-az1': 1, 'c6in.12xlarge_use1-az6': 1, 'c6in.16xlarge_use1-az4': 1, 'c6in.24xlarge_use1-az6': 1, 'c6in.2xlarge_use1-az2': 1, 'c6in.2xlarge_use1-az4': 1, 'c6in.2xlarge_use1-az6': 1, 'c6in.32xlarge_use1-az1': 1, 'c6in.32xlarge_use1-az6': 1, 'c6in.4xlarge_use1-az2': 5, 'c6in.4xlarge_use1-az4': 5, 'c6in.4xlarge_use1-az6': 25, 'c6in.large_use1-az1': 5, 'c6in.large_use1-az2': 1, 'c6in.large_use1-az4': 1, 'c6in.large_use1-az5': 1, 'c6in.large_use1-az6': 5, 'c6in.xlarge_use1-az1': 20, 'c6in.xlarge_use1-az2': 1, 'c6in.xlarge_use1-az4': 1, 'c6in.xlarge_use1-az6': 10, 'c7a.12xlarge_use1-az1': 5, 'c7a.12xlarge_use1-az2': 5, 'c7a.12xlarge_use1-az4': 1, 'c7a.12xlarge_use1-az6': 15, 'c7a.16xlarge_use1-az1': 1, 'c7a.16xlarge_use1-az2': 1, 'c7a.16xlarge_use1-az6': 5, 'c7a.24xlarge_use1-az1': 1, 'c7a.24xlarge_use1-az2': 1, 'c7a.24xlarge_use1-az5': 1, 'c7a.24xlarge_use1-az6': 5, 'c7a.2xlarge_use1-az1': 1, 'c7a.2xlarge_use1-az2': 1, 'c7a.2xlarge_use1-az4': 25, 'c7a.2xlarge_use1-az5': 1, 'c7a.2xlarge_use1-az6': 10, 'c7a.32xlarge_use1-az1': 1, 'c7a.32xlarge_use1-az2': 1, 'c7a.32xlarge_use1-az6': 15, 'c7a.48xlarge_use1-az1': 1, 'c7a.48xlarge_use1-az2': 1, 'c7a.48xlarge_use1-az5': 1, 'c7a.48xlarge_use1-az6': 20, 'c7a.4xlarge_use1-az1': 5, 'c7a.4xlarge_use1-az2': 10, 'c7a.4xlarge_use1-az4': 5, 'c7a.4xlarge_use1-az5': 1, 'c7a.4xlarge_use1-az6': 50, 'c7a.8xlarge_use1-az1': 1, 'c7a.8xlarge_use1-az2': 1, 'c7a.8xlarge_use1-az4': 1, 'c7a.8xlarge_use1-az6': 10, 'c7a.large_use1-az1': 15, 'c7a.large_use1-az2': 25, 'c7a.large_use1-az4': 30, 'c7a.large_use1-az5': 10, 'c7a.large_use1-az6': 50, 'c7a.xlarge_use1-az1': 5, 'c7a.xlarge_use1-az2': 5, 'c7a.xlarge_use1-az4': 10, 'c7a.xlarge_use1-az5': 5, 'c7a.xlarge_use1-az6': 15, 'c7g.12xlarge_use1-az1': 15, 'c7g.12xlarge_use1-az2': 50, 'c7g.12xlarge_use1-az4': 15, 'c7g.12xlarge_use1-az5': 1, 'c7g.12xlarge_use1-az6': 50, 'c7g.16xlarge_use1-az1': 25, 'c7g.16xlarge_use1-az2': 40, 'c7g.16xlarge_use1-az4': 50, 'c7g.16xlarge_use1-az5': 10, 'c7g.16xlarge_use1-az6': 50, 'c7g.2xlarge_use1-az1': 50, 'c7g.2xlarge_use1-az2': 50, 'c7g.2xlarge_use1-az4': 50, 'c7g.2xlarge_use1-az5': 50, 'c7g.2xlarge_use1-az6': 50, 'c7g.4xlarge_use1-az1': 50, 'c7g.4xlarge_use1-az2': 50, 'c7g.4xlarge_use1-az4': 50, 'c7g.4xlarge_use1-az5': 50, 'c7g.4xlarge_use1-az6': 50, 'c7g.8xlarge_use1-az1': 50, 'c7g.8xlarge_use1-az2': 50, 'c7g.8xlarge_use1-az4': 50, 'c7g.8xlarge_use1-az5': 50, 'c7g.8xlarge_use1-az6': 50, 'c7g.large_use1-az2': 45, 'c7g.large_use1-az4': 30, 'c7g.large_use1-az5': 10, 'c7g.large_use1-az6': 30, 'c7g.xlarge_use1-az1': 50, 'c7g.xlarge_use1-az2': 50, 'c7g.xlarge_use1-az4': 50, 'c7g.xlarge_use1-az5': 50, 'c7g.xlarge_use1-az6': 50, 'c7gd.12xlarge_use1-az1': 5, 'c7gd.12xlarge_use1-az2': 30, 'c7gd.12xlarge_use1-az4': 15, 'c7gd.12xlarge_use1-az5': 15, 'c7gd.12xlarge_use1-az6': 50, 'c7gd.16xlarge_use1-az1': 5, 'c7gd.16xlarge_use1-az2': 30, 'c7gd.16xlarge_use1-az4': 40, 'c7gd.16xlarge_use1-az5': 1, 'c7gd.16xlarge_use1-az6': 50, 'c7gd.2xlarge_use1-az1': 15, 'c7gd.2xlarge_use1-az2': 50, 'c7gd.2xlarge_use1-az4': 50, 'c7gd.2xlarge_use1-az5': 5, 'c7gd.2xlarge_use1-az6': 50, 'c7gd.4xlarge_use1-az1': 30, 'c7gd.4xlarge_use1-az2': 25, 'c7gd.4xlarge_use1-az4': 50, 'c7gd.4xlarge_use1-az5': 1, 'c7gd.4xlarge_use1-az6': 50, 'c7gd.8xlarge_use1-az1': 5, 'c7gd.8xlarge_use1-az2': 15, 'c7gd.8xlarge_use1-az4': 10, 'c7gd.8xlarge_use1-az5': 5, 'c7gd.8xlarge_use1-az6': 20, 'c7gd.large_use1-az1': 1, 'c7gd.large_use1-az2': 25, 'c7gd.large_use1-az4': 5, 'c7gd.large_use1-az5': 10, 'c7gd.large_use1-az6': 20, 'c7gd.xlarge_use1-az1': 15, 'c7gd.xlarge_use1-az2': 50, 'c7gd.xlarge_use1-az4': 5, 'c7gd.xlarge_use1-az5': 15, 'c7gd.xlarge_use1-az6': 25, 'c7gn.12xlarge_use1-az5': 1, 'c7gn.12xlarge_use1-az6': 1, 'c7gn.16xlarge_use1-az2': 5, 'c7gn.16xlarge_use1-az5': 5, 'c7gn.16xlarge_use1-az6': 20, 'c7gn.2xlarge_use1-az2': 1, 'c7gn.2xlarge_use1-az5': 1, 'c7gn.4xlarge_use1-az2': 50, 'c7gn.4xlarge_use1-az5': 1, 'c7gn.4xlarge_use1-az6': 50, 'c7gn.8xlarge_use1-az2': 1, 'c7gn.8xlarge_use1-az5': 1, 'c7gn.8xlarge_use1-az6': 5, 'c7gn.large_use1-az2': 10, 'c7gn.large_use1-az6': 10, 'c7gn.xlarge_use1-az5': 5, 'c7gn.xlarge_use1-az6': 5, 'c7i-flex.2xlarge_use1-az2': 50, 'c7i-flex.2xlarge_use1-az4': 50, 'c7i-flex.2xlarge_use1-az5': 15, 'c7i-flex.2xlarge_use1-az6': 50, 'c7i-flex.4xlarge_use1-az1': 1, 'c7i-flex.4xlarge_use1-az2': 1, 'c7i-flex.4xlarge_use1-az4': 1, 'c7i-flex.4xlarge_use1-az6': 5, 'c7i-flex.8xlarge_use1-az1': 1, 'c7i-flex.8xlarge_use1-az2': 1, 'c7i-flex.8xlarge_use1-az4': 1, 'c7i-flex.8xlarge_use1-az6': 5, 'c7i-flex.large_use1-az1': 40, 'c7i-flex.large_use1-az2': 50, 'c7i-flex.large_use1-az4': 10, 'c7i-flex.large_use1-az5': 1, 'c7i-flex.large_use1-az6': 50, 'c7i-flex.xlarge_use1-az1': 50, 'c7i-flex.xlarge_use1-az2': 50, 'c7i-flex.xlarge_use1-az4': 50, 'c7i-flex.xlarge_use1-az5': 5, 'c7i-flex.xlarge_use1-az6': 50, 'c7i.12xlarge_use1-az1': 5, 'c7i.12xlarge_use1-az2': 15, 'c7i.12xlarge_use1-az4': 15, 'c7i.12xlarge_use1-az6': 5, 'c7i.16xlarge_use1-az1': 1, 'c7i.16xlarge_use1-az2': 5, 'c7i.16xlarge_use1-az4': 1, 'c7i.16xlarge_use1-az6': 15, 'c7i.24xlarge_use1-az1': 5, 'c7i.24xlarge_use1-az2': 5, 'c7i.24xlarge_use1-az4': 5, 'c7i.24xlarge_use1-az6': 15, 'c7i.2xlarge_use1-az1': 10, 'c7i.2xlarge_use1-az2': 10, 'c7i.2xlarge_use1-az4': 10, 'c7i.2xlarge_use1-az5': 5, 'c7i.2xlarge_use1-az6': 25, 'c7i.48xlarge_use1-az1': 10, 'c7i.48xlarge_use1-az2': 10, 'c7i.48xlarge_use1-az4': 5, 'c7i.48xlarge_use1-az5': 1, 'c7i.48xlarge_use1-az6': 50, 'c7i.4xlarge_use1-az1': 5, 'c7i.4xlarge_use1-az2': 5, 'c7i.4xlarge_use1-az4': 5, 'c7i.4xlarge_use1-az5': 1, 'c7i.4xlarge_use1-az6': 15, 'c7i.8xlarge_use1-az1': 1, 'c7i.8xlarge_use1-az2': 5, 'c7i.8xlarge_use1-az4': 5, 'c7i.8xlarge_use1-az6': 10, 'c7i.large_use1-az1': 45, 'c7i.large_use1-az2': 50, 'c7i.large_use1-az4': 50, 'c7i.large_use1-az5': 5, 'c7i.large_use1-az6': 50, 'c7i.xlarge_use1-az1': 5, 'c7i.xlarge_use1-az2': 10, 'c7i.xlarge_use1-az4': 5, 'c7i.xlarge_use1-az5': 1, 'c7i.xlarge_use1-az6': 5, 'c8g.12xlarge_use1-az1': 1, 'c8g.12xlarge_use1-az2': 5, 'c8g.12xlarge_use1-az4': 1, 'c8g.12xlarge_use1-az6': 25, 'c8g.16xlarge_use1-az1': 10, 'c8g.16xlarge_use1-az2': 5, 'c8g.16xlarge_use1-az4': 1, 'c8g.16xlarge_use1-az6': 50, 'c8g.24xlarge_use1-az1': 5, 'c8g.24xlarge_use1-az2': 10, 'c8g.24xlarge_use1-az4': 1, 'c8g.24xlarge_use1-az6': 25, 'c8g.2xlarge_use1-az1': 5, 'c8g.2xlarge_use1-az2': 5, 'c8g.2xlarge_use1-az4': 50, 'c8g.2xlarge_use1-az5': 1, 'c8g.2xlarge_use1-az6': 50, 'c8g.48xlarge_use1-az1': 1, 'c8g.48xlarge_use1-az2': 5, 'c8g.48xlarge_use1-az6': 50, 'c8g.4xlarge_use1-az1': 35, 'c8g.4xlarge_use1-az2': 15, 'c8g.4xlarge_use1-az4': 20, 'c8g.4xlarge_use1-az5': 10, 'c8g.4xlarge_use1-az6': 50, 'c8g.8xlarge_use1-az1': 1, 'c8g.8xlarge_use1-az2': 5, 'c8g.8xlarge_use1-az4': 5, 'c8g.8xlarge_use1-az6': 50, 'c8g.large_use1-az1': 5, 'c8g.large_use1-az2': 20, 'c8g.large_use1-az4': 5, 'c8g.large_use1-az5': 1, 'c8g.large_use1-az6': 40, 'c8g.metal-24xl_use1-az2': 1, 'c8g.metal-24xl_use1-az6': 20, 'c8g.metal-48xl_use1-az1': 1, 'c8g.metal-48xl_use1-az2': 1, 'c8g.metal-48xl_use1-az6': 50, 'c8g.xlarge_use1-az1': 5, 'c8g.xlarge_use1-az2': 30, 'c8g.xlarge_use1-az4': 5, 'c8g.xlarge_use1-az5': 1, 'c8g.xlarge_use1-az6': 50, 'c8gd.12xlarge_use1-az2': 5, 'c8gd.12xlarge_use1-az4': 5, 'c8gd.12xlarge_use1-az5': 1, 'c8gd.12xlarge_use1-az6': 5, 'c8gd.16xlarge_use1-az2': 10, 'c8gd.16xlarge_use1-az4': 10, 'c8gd.16xlarge_use1-az5': 5, 'c8gd.16xlarge_use1-az6': 50, 'c8gd.24xlarge_use1-az2': 1, 'c8gd.24xlarge_use1-az4': 5, 'c8gd.24xlarge_use1-az5': 1, 'c8gd.24xlarge_use1-az6': 5, 'c8gd.2xlarge_use1-az2': 50, 'c8gd.2xlarge_use1-az4': 50, 'c8gd.2xlarge_use1-az5': 10, 'c8gd.2xlarge_use1-az6': 50, 'c8gd.48xlarge_use1-az2': 1, 'c8gd.48xlarge_use1-az6': 15, 'c8gd.4xlarge_use1-az2': 10, 'c8gd.4xlarge_use1-az4': 30, 'c8gd.4xlarge_use1-az5': 1, 'c8gd.4xlarge_use1-az6': 50, 'c8gd.8xlarge_use1-az2': 1, 'c8gd.8xlarge_use1-az4': 1, 'c8gd.8xlarge_use1-az5': 1, 'c8gd.8xlarge_use1-az6': 5, 'c8gd.large_use1-az1': 1, 'c8gd.large_use1-az2': 40, 'c8gd.large_use1-az4': 35, 'c8gd.large_use1-az6': 50, 'c8gd.metal-24xl_use1-az2': 1, 'c8gd.metal-24xl_use1-az4': 1, 'c8gd.metal-24xl_use1-az5': 1, 'c8gd.metal-24xl_use1-az6': 5, 'c8gd.metal-48xl_use1-az2': 1, 'c8gd.metal-48xl_use1-az6': 1, 'c8gd.xlarge_use1-az1': 1, 'c8gd.xlarge_use1-az2': 20, 'c8gd.xlarge_use1-az4': 20, 'c8gd.xlarge_use1-az5': 15, 'c8gd.xlarge_use1-az6': 50, 'c8gn.2xlarge_use1-az2': 1, 'c8gn.2xlarge_use1-az6': 1, 'c8gn.4xlarge_use1-az2': 1, 'c8gn.4xlarge_use1-az5': 1, 'c8gn.8xlarge_use1-az2': 1, 'c8gn.8xlarge_use1-az6': 1, 'c8gn.large_use1-az6': 1, 'c8i-flex.12xlarge_use1-az6': 1, 'c8i-flex.16xlarge_use1-az6': 1, 'c8i-flex.2xlarge_use1-az2': 25, 'c8i-flex.2xlarge_use1-az4': 15, 'c8i-flex.2xlarge_use1-az6': 50, 'c8i-flex.4xlarge_use1-az2': 5, 'c8i-flex.4xlarge_use1-az4': 1, 'c8i-flex.4xlarge_use1-az6': 5, 'c8i-flex.8xlarge_use1-az6': 1, 'c8i-flex.large_use1-az4': 20, 'c8i-flex.xlarge_use1-az2': 40, 'c8i-flex.xlarge_use1-az4': 5, 'c8i-flex.xlarge_use1-az6': 50, 'c8i.12xlarge_use1-az2': 1, 'c8i.12xlarge_use1-az4': 1, 'c8i.12xlarge_use1-az6': 1, 'c8i.16xlarge_use1-az6': 1, 'c8i.24xlarge_use1-az6': 1, 'c8i.2xlarge_use1-az2': 10, 'c8i.2xlarge_use1-az4': 5, 'c8i.2xlarge_use1-az6': 20, 'c8i.32xlarge_use1-az2': 1, 'c8i.32xlarge_use1-az4': 1, 'c8i.32xlarge_use1-az6': 5, 'c8i.48xlarge_use1-az2': 1, 'c8i.48xlarge_use1-az6': 1, 'c8i.4xlarge_use1-az2': 5, 'c8i.4xlarge_use1-az4': 5, 'c8i.4xlarge_use1-az6': 5, 'c8i.8xlarge_use1-az2': 1, 'c8i.8xlarge_use1-az4': 1, 'c8i.8xlarge_use1-az6': 5, 'c8i.96xlarge_use1-az2': 1, 'c8i.96xlarge_use1-az6': 5, 'c8i.metal-48xl_use1-az2': 1, 'c8i.metal-96xl_use1-az2': 1, 'c8i.metal-96xl_use1-az6': 5, 'c8i.xlarge_use1-az2': 50, 'c8i.xlarge_use1-az4': 15, 'c8i.xlarge_use1-az6': 50, 'd2.2xlarge_use1-az6': 1, 'd2.xlarge_use1-az6': 1, 'd3.2xlarge_use1-az2': 45, 'd3.2xlarge_use1-az4': 40, 'd3.2xlarge_use1-az6': 35, 'd3.8xlarge_use1-az6': 20, 'd3.xlarge_use1-az1': 10, 'd3.xlarge_use1-az2': 50, 'd3.xlarge_use1-az6': 25, 'd3en.12xlarge_use1-az2': 10, 'd3en.12xlarge_use1-az4': 20, 'd3en.12xlarge_use1-az6': 50, 'd3en.2xlarge_use1-az6': 50, 'd3en.6xlarge_use1-az2': 5, 'd3en.6xlarge_use1-az6': 50, 'd3en.8xlarge_use1-az6': 50, 'd3en.xlarge_use1-az2': 50, 'd3en.xlarge_use1-az4': 30, 'd3en.xlarge_use1-az6': 50, 'f2.12xlarge_use1-az2': 1, 'f2.12xlarge_use1-az4': 1, 'f2.12xlarge_use1-az6': 1, 'f2.48xlarge_use1-az2': 5, 'f2.48xlarge_use1-az4': 5, 'f2.48xlarge_use1-az6': 1, 'g4ad.16xlarge_use1-az1': 5, 'g4ad.16xlarge_use1-az2': 5, 'g4ad.16xlarge_use1-az4': 5, 'g4ad.16xlarge_use1-az6': 10, 'g4ad.2xlarge_use1-az1': 5, 'g4ad.2xlarge_use1-az2': 10, 'g4ad.2xlarge_use1-az4': 10, 'g4ad.2xlarge_use1-az6': 10, 'g4ad.4xlarge_use1-az1': 10, 'g4ad.4xlarge_use1-az2': 15, 'g4ad.4xlarge_use1-az4': 15, 'g4ad.4xlarge_use1-az6': 5, 'g4ad.8xlarge_use1-az1': 1, 'g4ad.8xlarge_use1-az2': 5, 'g4ad.8xlarge_use1-az4': 5, 'g4ad.8xlarge_use1-az6': 5, 'g4ad.xlarge_use1-az1': 20, 'g4ad.xlarge_use1-az2': 20, 'g4ad.xlarge_use1-az4': 25, 'g4ad.xlarge_use1-az6': 20, 'g4dn.12xlarge_use1-az1': 5, 'g4dn.12xlarge_use1-az2': 15, 'g4dn.12xlarge_use1-az4': 15, 'g4dn.12xlarge_use1-az5': 15, 'g4dn.12xlarge_use1-az6': 50, 'g4dn.16xlarge_use1-az1': 1, 'g4dn.16xlarge_use1-az2': 10, 'g4dn.16xlarge_use1-az4': 1, 'g4dn.16xlarge_use1-az5': 5, 'g4dn.16xlarge_use1-az6': 15, 'g4dn.2xlarge_use1-az1': 45, 'g4dn.2xlarge_use1-az2': 50, 'g4dn.2xlarge_use1-az4': 50, 'g4dn.2xlarge_use1-az5': 50, 'g4dn.2xlarge_use1-az6': 50, 'g4dn.4xlarge_use1-az1': 5, 'g4dn.4xlarge_use1-az2': 40, 'g4dn.4xlarge_use1-az4': 25, 'g4dn.4xlarge_use1-az5': 40, 'g4dn.4xlarge_use1-az6': 40, 'g4dn.8xlarge_use1-az1': 1, 'g4dn.8xlarge_use1-az2': 1, 'g4dn.8xlarge_use1-az4': 10, 'g4dn.8xlarge_use1-az5': 1, 'g4dn.8xlarge_use1-az6': 5, 'g5.12xlarge_use1-az2': 1, 'g5.12xlarge_use1-az5': 10, 'g5.12xlarge_use1-az6': 5, 'g5.16xlarge_use1-az1': 1, 'g5.16xlarge_use1-az2': 1, 'g5.16xlarge_use1-az4': 5, 'g5.16xlarge_use1-az5': 5, 'g5.16xlarge_use1-az6': 10, 'g5.24xlarge_use1-az1': 1, 'g5.24xlarge_use1-az2': 1, 'g5.24xlarge_use1-az4': 1, 'g5.24xlarge_use1-az5': 1, 'g5.24xlarge_use1-az6': 5, 'g5.48xlarge_use1-az2': 1, 'g5.48xlarge_use1-az5': 5, 'g5.48xlarge_use1-az6': 25, 'g5.4xlarge_use1-az1': 1, 'g5.4xlarge_use1-az2': 50, 'g5.4xlarge_use1-az4': 50, 'g5.4xlarge_use1-az5': 40, 'g5.4xlarge_use1-az6': 50, 'g5.8xlarge_use1-az1': 1, 'g5.8xlarge_use1-az2': 5, 'g5.8xlarge_use1-az4': 10, 'g5.8xlarge_use1-az5': 20, 'g5.8xlarge_use1-az6': 10, 'g5g.16xlarge_use1-az1': 1, 'g5g.16xlarge_use1-az6': 5, 'g5g.4xlarge_use1-az6': 1, 'g5g.8xlarge_use1-az1': 1, 'g5g.8xlarge_use1-az4': 1, 'g5g.8xlarge_use1-az6': 1, 'g6.12xlarge_use1-az1': 5, 'g6.12xlarge_use1-az2': 1, 'g6.12xlarge_use1-az4': 30, 'g6.12xlarge_use1-az6': 50, 'g6.16xlarge_use1-az1': 1, 'g6.16xlarge_use1-az2': 1, 'g6.16xlarge_use1-az4': 1, 'g6.16xlarge_use1-az6': 5, 'g6.24xlarge_use1-az2': 1, 'g6.24xlarge_use1-az4': 1, 'g6.24xlarge_use1-az6': 1, 'g6.2xlarge_use1-az1': 10, 'g6.2xlarge_use1-az2': 25, 'g6.2xlarge_use1-az4': 50, 'g6.2xlarge_use1-az6': 50, 'g6.48xlarge_use1-az2': 5, 'g6.48xlarge_use1-az4': 30, 'g6.48xlarge_use1-az6': 50, 'g6.4xlarge_use1-az1': 5, 'g6.4xlarge_use1-az2': 10, 'g6.4xlarge_use1-az4': 35, 'g6.4xlarge_use1-az6': 50, 'g6.8xlarge_use1-az1': 5, 'g6.8xlarge_use1-az2': 5, 'g6.8xlarge_use1-az4': 10, 'g6.8xlarge_use1-az6': 15, 'g6e.16xlarge_use1-az1': 10, 'g6e.16xlarge_use1-az2': 15, 'g6e.16xlarge_use1-az4': 40, 'g6e.16xlarge_use1-az6': 20, 'g6e.48xlarge_use1-az4': 5, 'g6e.48xlarge_use1-az6': 1, 'g6e.4xlarge_use1-az1': 1, 'g6e.4xlarge_use1-az4': 5, 'g6e.4xlarge_use1-az6': 1, 'g6e.8xlarge_use1-az1': 1, 'g6e.8xlarge_use1-az2': 1, 'g6e.8xlarge_use1-az4': 1, 'g6e.8xlarge_use1-az6': 1, 'g6f.2xlarge_use1-az1': 1, 'g6f.2xlarge_use1-az4': 1, 'g6f.2xlarge_use1-az6': 5, 'g6f.4xlarge_use1-az1': 1, 'g6f.4xlarge_use1-az4': 1, 'g6f.4xlarge_use1-az6': 1, 'g6f.large_use1-az1': 10, 'g6f.large_use1-az2': 15, 'g6f.large_use1-az4': 40, 'g6f.large_use1-az6': 20, 'g6f.xlarge_use1-az1': 1, 'g6f.xlarge_use1-az2': 1, 'g6f.xlarge_use1-az4': 5, 'g6f.xlarge_use1-az6': 10, 'gr6.4xlarge_use1-az2': 1, 'gr6.4xlarge_use1-az4': 1, 'gr6.4xlarge_use1-az6': 1, 'gr6.8xlarge_use1-az1': 1, 'gr6.8xlarge_use1-az2': 1, 'gr6.8xlarge_use1-az4': 1, 'gr6.8xlarge_use1-az6': 1, 'i2.4xlarge_use1-az3': 1, 'i2.xlarge_use1-az1': 1, 'i2.xlarge_use1-az2': 15, 'i2.xlarge_use1-az3': 1, 'i2.xlarge_use1-az4': 20, 'i2.xlarge_use1-az6': 15, 'i3.16xlarge_use1-az1': 20, 'i3.16xlarge_use1-az2': 50, 'i3.16xlarge_use1-az3': 10, 'i3.16xlarge_use1-az4': 50, 'i3.16xlarge_use1-az5': 10, 'i3.16xlarge_use1-az6': 45, 'i3.2xlarge_use1-az1': 50, 'i3.2xlarge_use1-az2': 50, 'i3.2xlarge_use1-az3': 50, 'i3.2xlarge_use1-az4': 50, 'i3.2xlarge_use1-az5': 50, 'i3.2xlarge_use1-az6': 50, 'i3.4xlarge_use1-az1': 50, 'i3.4xlarge_use1-az2': 50, 'i3.4xlarge_use1-az3': 50, 'i3.4xlarge_use1-az4': 50, 'i3.4xlarge_use1-az5': 50, 'i3.4xlarge_use1-az6': 50, 'i3.8xlarge_use1-az1': 50, 'i3.8xlarge_use1-az2': 50, 'i3.8xlarge_use1-az3': 50, 'i3.8xlarge_use1-az4': 50, 'i3.8xlarge_use1-az5': 25, 'i3.8xlarge_use1-az6': 50, 'i3.large_use1-az1': 50, 'i3.large_use1-az2': 50, 'i3.large_use1-az3': 50, 'i3.large_use1-az4': 50, 'i3.large_use1-az5': 50, 'i3.large_use1-az6': 50, 'i3.xlarge_use1-az1': 50, 'i3.xlarge_use1-az2': 50, 'i3.xlarge_use1-az3': 50, 'i3.xlarge_use1-az4': 50, 'i3.xlarge_use1-az5': 50, 'i3.xlarge_use1-az6': 50, 'i3en.12xlarge_use1-az2': 1, 'i3en.24xlarge_use1-az6': 20, 'i3en.3xlarge_use1-az2': 50, 'i3en.3xlarge_use1-az4': 50, 'i3en.3xlarge_use1-az5': 50, 'i3en.3xlarge_use1-az6': 50, 'i3en.6xlarge_use1-az2': 20, 'i3en.large_use1-az1': 50, 'i3en.large_use1-az2': 50, 'i3en.large_use1-az4': 45, 'i3en.large_use1-az5': 35, 'i3en.large_use1-az6': 50, 'i3en.xlarge_use1-az1': 50, 'i3en.xlarge_use1-az2': 50, 'i3en.xlarge_use1-az4': 50, 'i3en.xlarge_use1-az5': 50, 'i3en.xlarge_use1-az6': 50, 'i4g.16xlarge_use1-az2': 1, 'i4g.16xlarge_use1-az4': 1, 'i4g.16xlarge_use1-az5': 50, 'i4g.16xlarge_use1-az6': 50, 'i4g.2xlarge_use1-az2': 10, 'i4g.2xlarge_use1-az4': 15, 'i4g.2xlarge_use1-az5': 40, 'i4g.2xlarge_use1-az6': 50, 'i4g.4xlarge_use1-az2': 25, 'i4g.4xlarge_use1-az4': 30, 'i4g.4xlarge_use1-az5': 50, 'i4g.4xlarge_use1-az6': 50, 'i4g.8xlarge_use1-az5': 45, 'i4g.8xlarge_use1-az6': 15, 'i4g.large_use1-az1': 5, 'i4g.large_use1-az2': 5, 'i4g.large_use1-az4': 5, 'i4g.large_use1-az5': 25, 'i4g.large_use1-az6': 50, 'i4g.xlarge_use1-az2': 10, 'i4g.xlarge_use1-az4': 1, 'i4g.xlarge_use1-az5': 50, 'i4g.xlarge_use1-az6': 50, 'i4i.12xlarge_use1-az2': 5, 'i4i.16xlarge_use1-az6': 1, 'i4i.24xlarge_use1-az2': 1, 'i4i.2xlarge_use1-az1': 15, 'i4i.2xlarge_use1-az2': 50, 'i4i.2xlarge_use1-az4': 50, 'i4i.2xlarge_use1-az5': 1, 'i4i.2xlarge_use1-az6': 50, 'i4i.4xlarge_use1-az2': 35, 'i4i.4xlarge_use1-az6': 15, 'i4i.8xlarge_use1-az1': 1, 'i4i.8xlarge_use1-az2': 40, 'i4i.large_use1-az1': 50, 'i4i.large_use1-az2': 50, 'i4i.large_use1-az4': 50, 'i4i.large_use1-az5': 50, 'i4i.large_use1-az6': 50, 'i4i.xlarge_use1-az1': 50, 'i4i.xlarge_use1-az2': 50, 'i4i.xlarge_use1-az4': 50, 'i4i.xlarge_use1-az5': 50, 'i4i.xlarge_use1-az6': 50, 'i7i.12xlarge_use1-az1': 1, 'i7i.12xlarge_use1-az2': 1, 'i7i.12xlarge_use1-az4': 1, 'i7i.12xlarge_use1-az5': 1, 'i7i.12xlarge_use1-az6': 1, 'i7i.16xlarge_use1-az2': 1, 'i7i.16xlarge_use1-az4': 5, 'i7i.16xlarge_use1-az5': 1, 'i7i.16xlarge_use1-az6': 1, 'i7i.24xlarge_use1-az2': 1, 'i7i.24xlarge_use1-az4': 1, 'i7i.24xlarge_use1-az5': 1, 'i7i.24xlarge_use1-az6': 1, 'i7i.2xlarge_use1-az1': 1, 'i7i.2xlarge_use1-az2': 50, 'i7i.2xlarge_use1-az4': 45, 'i7i.2xlarge_use1-az5': 20, 'i7i.2xlarge_use1-az6': 10, 'i7i.48xlarge_use1-az2': 1, 'i7i.4xlarge_use1-az1': 1, 'i7i.4xlarge_use1-az2': 15, 'i7i.4xlarge_use1-az4': 20, 'i7i.4xlarge_use1-az5': 5, 'i7i.4xlarge_use1-az6': 20, 'i7i.8xlarge_use1-az1': 1, 'i7i.8xlarge_use1-az2': 1, 'i7i.8xlarge_use1-az4': 5, 'i7i.8xlarge_use1-az5': 1, 'i7i.8xlarge_use1-az6': 1, 'i7i.metal-24xl_use1-az2': 1, 'i7i.metal-24xl_use1-az4': 50, 'i7i.metal-24xl_use1-az6': 35, 'i7i.xlarge_use1-az1': 1, 'i7i.xlarge_use1-az6': 20, 'i7ie.12xlarge_use1-az1': 1, 'i7ie.12xlarge_use1-az4': 1, 'i7ie.12xlarge_use1-az6': 30, 'i7ie.18xlarge_use1-az6': 20, 'i7ie.24xlarge_use1-az1': 1, 'i7ie.24xlarge_use1-az2': 1, 'i7ie.24xlarge_use1-az4': 1, 'i7ie.24xlarge_use1-az6': 50, 'i7ie.2xlarge_use1-az1': 5, 'i7ie.2xlarge_use1-az2': 1, 'i7ie.2xlarge_use1-az4': 15, 'i7ie.2xlarge_use1-az6': 35, 'i7ie.3xlarge_use1-az1': 5, 'i7ie.3xlarge_use1-az2': 1, 'i7ie.3xlarge_use1-az4': 5, 'i7ie.3xlarge_use1-az6': 30, 'i7ie.48xlarge_use1-az6': 50, 'i7ie.6xlarge_use1-az1': 25, 'i7ie.6xlarge_use1-az4': 20, 'i7ie.6xlarge_use1-az6': 50, 'i7ie.large_use1-az1': 45, 'i7ie.large_use1-az4': 50, 'i7ie.large_use1-az6': 50, 'i7ie.metal-24xl_use1-az4': 1, 'i7ie.metal-24xl_use1-az6': 15, 'i7ie.metal-48xl_use1-az6': 10, 'i7ie.xlarge_use1-az1': 10, 'i7ie.xlarge_use1-az2': 25, 'i7ie.xlarge_use1-az4': 45, 'i7ie.xlarge_use1-az6': 50, 'i8g.12xlarge_use1-az6': 1, 'i8g.24xlarge_use1-az6': 10, 'i8g.2xlarge_use1-az2': 1, 'i8g.4xlarge_use1-az2': 1, 'i8g.8xlarge_use1-az6': 5, 'i8g.large_use1-az2': 10, 'i8g.large_use1-az6': 5, 'i8g.xlarge_use1-az2': 1, 'i8g.xlarge_use1-az4': 1, 'i8g.xlarge_use1-az6': 1, 'i8ge.12xlarge_use1-az4': 1, 'i8ge.12xlarge_use1-az6': 5, 'i8ge.18xlarge_use1-az2': 1, 'i8ge.18xlarge_use1-az4': 1, 'i8ge.18xlarge_use1-az6': 5, 'i8ge.24xlarge_use1-az4': 1, 'i8ge.24xlarge_use1-az6': 5, 'i8ge.2xlarge_use1-az4': 10, 'i8ge.3xlarge_use1-az2': 1, 'i8ge.3xlarge_use1-az4': 5, 'i8ge.48xlarge_use1-az4': 5, 'i8ge.6xlarge_use1-az2': 1, 'i8ge.6xlarge_use1-az4': 1, 'i8ge.large_use1-az2': 5, 'i8ge.large_use1-az4': 50, 'i8ge.metal-24xl_use1-az4': 1, 'i8ge.metal-48xl_use1-az6': 1, 'i8ge.xlarge_use1-az4': 20, 'im4gn.16xlarge_use1-az4': 45, 'im4gn.2xlarge_use1-az1': 10, 'im4gn.2xlarge_use1-az4': 20, 'im4gn.2xlarge_use1-az6': 15, 'im4gn.4xlarge_use1-az1': 5, 'im4gn.4xlarge_use1-az4': 15, 'im4gn.8xlarge_use1-az1': 1, 'im4gn.8xlarge_use1-az4': 5, 'im4gn.large_use1-az1': 35, 'im4gn.large_use1-az2': 10, 'im4gn.large_use1-az4': 50, 'im4gn.large_use1-az6': 10, 'im4gn.xlarge_use1-az1': 25, 'im4gn.xlarge_use1-az2': 50, 'im4gn.xlarge_use1-az4': 30, 'im4gn.xlarge_use1-az6': 40, 'inf1.24xlarge_use1-az1': 1, 'inf1.24xlarge_use1-az2': 1, 'inf1.24xlarge_use1-az4': 10, 'inf1.24xlarge_use1-az5': 5, 'inf1.24xlarge_use1-az6': 20, 'inf1.2xlarge_use1-az1': 15, 'inf1.2xlarge_use1-az2': 15, 'inf1.2xlarge_use1-az4': 30, 'inf1.2xlarge_use1-az5': 40, 'inf1.2xlarge_use1-az6': 40, 'inf1.6xlarge_use1-az1': 1, 'inf1.6xlarge_use1-az2': 1, 'inf1.6xlarge_use1-az4': 5, 'inf1.6xlarge_use1-az5': 5, 'inf1.6xlarge_use1-az6': 10, 'inf1.xlarge_use1-az1': 50, 'inf1.xlarge_use1-az2': 50, 'inf1.xlarge_use1-az4': 40, 'inf1.xlarge_use1-az5': 50, 'inf1.xlarge_use1-az6': 50, 'inf2.24xlarge_use1-az4': 1, 'inf2.24xlarge_use1-az6': 10, 'inf2.48xlarge_use1-az6': 15, 'inf2.8xlarge_use1-az2': 5, 'inf2.8xlarge_use1-az4': 5, 'inf2.8xlarge_use1-az5': 1, 'inf2.8xlarge_use1-az6': 1, 'inf2.xlarge_use1-az2': 5, 'inf2.xlarge_use1-az4': 1, 'inf2.xlarge_use1-az6': 50, 'is4gen.2xlarge_use1-az2': 50, 'is4gen.2xlarge_use1-az4': 50, 'is4gen.2xlarge_use1-az6': 50, 'is4gen.medium_use1-az1': 50, 'is4gen.medium_use1-az2': 25, 'is4gen.medium_use1-az4': 40, 'is4gen.medium_use1-az6': 30, 'm2.2xlarge_use1-az1': 5, 'm2.2xlarge_use1-az2': 10, 'm2.2xlarge_use1-az4': 15, 'm2.2xlarge_use1-az6': 5, 'm2.4xlarge_use1-az1': 1, 'm2.4xlarge_use1-az2': 5, 'm2.4xlarge_use1-az4': 5, 'm2.4xlarge_use1-az6': 5, 'm2.xlarge_use1-az1': 5, 'm2.xlarge_use1-az2': 20, 'm2.xlarge_use1-az4': 20, 'm2.xlarge_use1-az6': 15, 'm3.2xlarge_use1-az2': 25, 'm3.2xlarge_use1-az3': 1, 'm3.2xlarge_use1-az4': 40, 'm3.2xlarge_use1-az6': 45, 'm3.large_use1-az6': 50, 'm3.xlarge_use1-az2': 50, 'm3.xlarge_use1-az3': 1, 'm3.xlarge_use1-az4': 50, 'm3.xlarge_use1-az6': 50, 'm4.10xlarge_use1-az1': 5, 'm4.10xlarge_use1-az2': 10, 'm4.10xlarge_use1-az3': 1, 'm4.10xlarge_use1-az4': 50, 'm4.10xlarge_use1-az5': 1, 'm4.10xlarge_use1-az6': 50, 'm4.2xlarge_use1-az1': 5, 'm4.2xlarge_use1-az2': 20, 'm4.2xlarge_use1-az3': 50, 'm4.2xlarge_use1-az4': 20, 'm4.2xlarge_use1-az5': 1, 'm4.2xlarge_use1-az6': 25, 'm4.4xlarge_use1-az1': 50, 'm4.4xlarge_use1-az2': 50, 'm4.4xlarge_use1-az3': 50, 'm4.4xlarge_use1-az4': 25, 'm4.4xlarge_use1-az5': 10, 'm4.4xlarge_use1-az6': 15, 'm4.large_use1-az1': 30, 'm4.large_use1-az2': 50, 'm4.large_use1-az3': 25, 'm4.large_use1-az4': 50, 'm4.large_use1-az5': 10, 'm4.large_use1-az6': 50, 'm4.xlarge_use1-az1': 15, 'm4.xlarge_use1-az2': 50, 'm4.xlarge_use1-az3': 50, 'm4.xlarge_use1-az4': 50, 'm4.xlarge_use1-az5': 30, 'm4.xlarge_use1-az6': 50, 'm5.12xlarge_use1-az1': 5, 'm5.12xlarge_use1-az2': 25, 'm5.12xlarge_use1-az4': 50, 'm5.12xlarge_use1-az5': 1, 'm5.12xlarge_use1-az6': 40, 'm5.16xlarge_use1-az1': 10, 'm5.16xlarge_use1-az2': 50, 'm5.16xlarge_use1-az4': 50, 'm5.16xlarge_use1-az5': 1, 'm5.16xlarge_use1-az6': 50, 'm5.24xlarge_use1-az1': 5, 'm5.24xlarge_use1-az2': 5, 'm5.24xlarge_use1-az4': 5, 'm5.24xlarge_use1-az5': 1, 'm5.24xlarge_use1-az6': 35, 'm5.2xlarge_use1-az1': 50, 'm5.2xlarge_use1-az2': 50, 'm5.2xlarge_use1-az4': 50, 'm5.2xlarge_use1-az5': 50, 'm5.2xlarge_use1-az6': 50, 'm5.4xlarge_use1-az1': 50, 'm5.4xlarge_use1-az2': 50, 'm5.4xlarge_use1-az4': 50, 'm5.4xlarge_use1-az5': 10, 'm5.4xlarge_use1-az6': 50, 'm5.8xlarge_use1-az1': 50, 'm5.8xlarge_use1-az2': 40, 'm5.8xlarge_use1-az4': 50, 'm5.8xlarge_use1-az5': 1, 'm5.8xlarge_use1-az6': 50, 'm5.large_use1-az1': 50, 'm5.large_use1-az2': 50, 'm5.large_use1-az4': 50, 'm5.large_use1-az5': 50, 'm5.large_use1-az6': 50, 'm5.xlarge_use1-az1': 50, 'm5.xlarge_use1-az2': 50, 'm5.xlarge_use1-az4': 50, 'm5.xlarge_use1-az5': 50, 'm5.xlarge_use1-az6': 50, 'm5a.12xlarge_use1-az2': 1, 'm5a.12xlarge_use1-az4': 1, 'm5a.12xlarge_use1-az6': 1, 'm5a.16xlarge_use1-az2': 1, 'm5a.16xlarge_use1-az4': 1, 'm5a.16xlarge_use1-az6': 1, 'm5a.24xlarge_use1-az1': 1, 'm5a.24xlarge_use1-az2': 1, 'm5a.24xlarge_use1-az4': 1, 'm5a.24xlarge_use1-az5': 5, 'm5a.24xlarge_use1-az6': 5, 'm5a.2xlarge_use1-az1': 10, 'm5a.2xlarge_use1-az2': 25, 'm5a.2xlarge_use1-az4': 25, 'm5a.2xlarge_use1-az5': 5, 'm5a.2xlarge_use1-az6': 45, 'm5a.4xlarge_use1-az1': 5, 'm5a.4xlarge_use1-az2': 10, 'm5a.4xlarge_use1-az4': 5, 'm5a.4xlarge_use1-az5': 10, 'm5a.4xlarge_use1-az6': 15, 'm5a.8xlarge_use1-az1': 1, 'm5a.8xlarge_use1-az2': 20, 'm5a.8xlarge_use1-az4': 20, 'm5a.8xlarge_use1-az5': 1, 'm5a.8xlarge_use1-az6': 5, 'm5a.large_use1-az1': 50, 'm5a.large_use1-az2': 50, 'm5a.large_use1-az4': 50, 'm5a.large_use1-az5': 45, 'm5a.large_use1-az6': 50, 'm5a.xlarge_use1-az1': 10, 'm5a.xlarge_use1-az2': 30, 'm5a.xlarge_use1-az4': 10, 'm5a.xlarge_use1-az5': 20, 'm5a.xlarge_use1-az6': 50, 'm5ad.12xlarge_use1-az1': 1, 'm5ad.16xlarge_use1-az1': 1, 'm5ad.16xlarge_use1-az2': 1, 'm5ad.16xlarge_use1-az4': 1, 'm5ad.16xlarge_use1-az6': 1, 'm5ad.24xlarge_use1-az1': 5, 'm5ad.24xlarge_use1-az2': 1, 'm5ad.24xlarge_use1-az4': 1, 'm5ad.24xlarge_use1-az6': 5, 'm5ad.2xlarge_use1-az2': 1, 'm5ad.4xlarge_use1-az1': 1, 'm5ad.4xlarge_use1-az2': 1, 'm5ad.4xlarge_use1-az4': 1, 'm5ad.4xlarge_use1-az6': 1, 'm5ad.8xlarge_use1-az2': 1, 'm5ad.large_use1-az1': 10, 'm5ad.large_use1-az2': 5, 'm5ad.large_use1-az4': 10, 'm5ad.large_use1-az5': 1, 'm5ad.large_use1-az6': 10, 'm5ad.xlarge_use1-az2': 10, 'm5ad.xlarge_use1-az4': 5, 'm5ad.xlarge_use1-az6': 5, 'm5d.12xlarge_use1-az1': 1, 'm5d.12xlarge_use1-az2': 25, 'm5d.12xlarge_use1-az4': 30, 'm5d.12xlarge_use1-az6': 15, 'm5d.16xlarge_use1-az1': 5, 'm5d.16xlarge_use1-az2': 35, 'm5d.16xlarge_use1-az4': 20, 'm5d.16xlarge_use1-az5': 1, 'm5d.16xlarge_use1-az6': 50, 'm5d.24xlarge_use1-az1': 20, 'm5d.24xlarge_use1-az2': 15, 'm5d.24xlarge_use1-az4': 5, 'm5d.24xlarge_use1-az5': 1, 'm5d.24xlarge_use1-az6': 50, 'm5d.2xlarge_use1-az1': 5, 'm5d.2xlarge_use1-az2': 25, 'm5d.2xlarge_use1-az4': 25, 'm5d.2xlarge_use1-az6': 30, 'm5d.4xlarge_use1-az1': 5, 'm5d.4xlarge_use1-az2': 15, 'm5d.4xlarge_use1-az4': 25, 'm5d.4xlarge_use1-az6': 25, 'm5d.8xlarge_use1-az1': 1, 'm5d.8xlarge_use1-az2': 25, 'm5d.8xlarge_use1-az4': 10, 'm5d.8xlarge_use1-az5': 1, 'm5d.8xlarge_use1-az6': 10, 'm5d.large_use1-az1': 5, 'm5d.large_use1-az2': 50, 'm5d.large_use1-az4': 50, 'm5d.large_use1-az6': 50, 'm5d.xlarge_use1-az1': 50, 'm5d.xlarge_use1-az2': 50, 'm5d.xlarge_use1-az4': 50, 'm5d.xlarge_use1-az5': 1, 'm5d.xlarge_use1-az6': 50, 'm5dn.12xlarge_use1-az1': 1, 'm5dn.12xlarge_use1-az4': 1, 'm5dn.12xlarge_use1-az6': 1, 'm5dn.16xlarge_use1-az1': 1, 'm5dn.16xlarge_use1-az2': 5, 'm5dn.16xlarge_use1-az4': 1, 'm5dn.16xlarge_use1-az6': 1, 'm5dn.24xlarge_use1-az1': 1, 'm5dn.24xlarge_use1-az2': 1, 'm5dn.24xlarge_use1-az4': 1, 'm5dn.24xlarge_use1-az6': 5, 'm5dn.2xlarge_use1-az1': 10, 'm5dn.2xlarge_use1-az2': 5, 'm5dn.2xlarge_use1-az4': 5, 'm5dn.2xlarge_use1-az6': 15, 'm5dn.4xlarge_use1-az1': 5, 'm5dn.4xlarge_use1-az2': 5, 'm5dn.4xlarge_use1-az4': 1, 'm5dn.4xlarge_use1-az5': 1, 'm5dn.4xlarge_use1-az6': 5, 'm5dn.8xlarge_use1-az2': 1, 'm5dn.8xlarge_use1-az6': 1, 'm5dn.large_use1-az1': 35, 'm5dn.large_use1-az2': 30, 'm5dn.large_use1-az4': 40, 'm5dn.large_use1-az5': 15, 'm5dn.large_use1-az6': 50, 'm5dn.xlarge_use1-az1': 10, 'm5dn.xlarge_use1-az2': 25, 'm5dn.xlarge_use1-az4': 20, 'm5dn.xlarge_use1-az5': 1, 'm5dn.xlarge_use1-az6': 30, 'm5n.12xlarge_use1-az1': 1, 'm5n.12xlarge_use1-az2': 1, 'm5n.12xlarge_use1-az4': 1, 'm5n.12xlarge_use1-az5': 1, 'm5n.12xlarge_use1-az6': 1, 'm5n.16xlarge_use1-az2': 1, 'm5n.16xlarge_use1-az4': 1, 'm5n.16xlarge_use1-az6': 1, 'm5n.24xlarge_use1-az2': 1, 'm5n.24xlarge_use1-az4': 1, 'm5n.24xlarge_use1-az6': 1, 'm5n.2xlarge_use1-az1': 15, 'm5n.2xlarge_use1-az2': 25, 'm5n.2xlarge_use1-az4': 30, 'm5n.2xlarge_use1-az5': 5, 'm5n.2xlarge_use1-az6': 25, 'm5n.4xlarge_use1-az1': 25, 'm5n.4xlarge_use1-az2': 35, 'm5n.4xlarge_use1-az4': 50, 'm5n.4xlarge_use1-az5': 5, 'm5n.4xlarge_use1-az6': 10, 'm5n.8xlarge_use1-az1': 1, 'm5n.8xlarge_use1-az2': 1, 'm5n.8xlarge_use1-az4': 1, 'm5n.8xlarge_use1-az6': 5, 'm5n.large_use1-az1': 5, 'm5n.large_use1-az2': 15, 'm5n.large_use1-az4': 5, 'm5n.large_use1-az5': 5, 'm5n.large_use1-az6': 15, 'm5n.xlarge_use1-az1': 20, 'm5n.xlarge_use1-az2': 50, 'm5n.xlarge_use1-az4': 50, 'm5n.xlarge_use1-az5': 1, 'm5n.xlarge_use1-az6': 50, 'm5zn.12xlarge_use1-az2': 1, 'm5zn.12xlarge_use1-az4': 10, 'm5zn.12xlarge_use1-az5': 1, 'm5zn.12xlarge_use1-az6': 5, 'm5zn.2xlarge_use1-az1': 1, 'm5zn.2xlarge_use1-az2': 1, 'm5zn.2xlarge_use1-az5': 1, 'm5zn.2xlarge_use1-az6': 5, 'm5zn.3xlarge_use1-az1': 1, 'm5zn.3xlarge_use1-az2': 1, 'm5zn.3xlarge_use1-az6': 5, 'm5zn.6xlarge_use1-az6': 1, 'm5zn.large_use1-az1': 5, 'm5zn.large_use1-az2': 5, 'm5zn.large_use1-az4': 30, 'm5zn.large_use1-az5': 15, 'm5zn.large_use1-az6': 20, 'm5zn.xlarge_use1-az1': 1, 'm5zn.xlarge_use1-az2': 1, 'm5zn.xlarge_use1-az4': 20, 'm5zn.xlarge_use1-az5': 5, 'm5zn.xlarge_use1-az6': 5, 'm6a.12xlarge_use1-az1': 5, 'm6a.12xlarge_use1-az2': 5, 'm6a.12xlarge_use1-az4': 15, 'm6a.12xlarge_use1-az6': 10, 'm6a.16xlarge_use1-az1': 5, 'm6a.16xlarge_use1-az2': 5, 'm6a.16xlarge_use1-az4': 5, 'm6a.16xlarge_use1-az6': 5, 'm6a.24xlarge_use1-az1': 1, 'm6a.24xlarge_use1-az2': 1, 'm6a.24xlarge_use1-az4': 1, 'm6a.24xlarge_use1-az6': 1, 'm6a.2xlarge_use1-az1': 50, 'm6a.2xlarge_use1-az2': 35, 'm6a.2xlarge_use1-az4': 45, 'm6a.2xlarge_use1-az5': 15, 'm6a.2xlarge_use1-az6': 50, 'm6a.32xlarge_use1-az2': 1, 'm6a.32xlarge_use1-az4': 1, 'm6a.32xlarge_use1-az5': 1, 'm6a.32xlarge_use1-az6': 1, 'm6a.48xlarge_use1-az2': 1, 'm6a.48xlarge_use1-az4': 1, 'm6a.48xlarge_use1-az6': 1, 'm6a.4xlarge_use1-az1': 45, 'm6a.4xlarge_use1-az2': 40, 'm6a.4xlarge_use1-az4': 25, 'm6a.4xlarge_use1-az5': 5, 'm6a.4xlarge_use1-az6': 50, 'm6a.8xlarge_use1-az1': 25, 'm6a.8xlarge_use1-az2': 15, 'm6a.8xlarge_use1-az4': 50, 'm6a.8xlarge_use1-az5': 10, 'm6a.8xlarge_use1-az6': 50, 'm6a.large_use1-az1': 50, 'm6a.large_use1-az2': 50, 'm6a.large_use1-az4': 50, 'm6a.large_use1-az5': 30, 'm6a.large_use1-az6': 50, 'm6a.xlarge_use1-az1': 50, 'm6a.xlarge_use1-az2': 50, 'm6a.xlarge_use1-az4': 50, 'm6a.xlarge_use1-az5': 35, 'm6a.xlarge_use1-az6': 50, 'm6g.12xlarge_use1-az1': 1, 'm6g.12xlarge_use1-az2': 5, 'm6g.12xlarge_use1-az4': 50, 'm6g.12xlarge_use1-az6': 50, 'm6g.16xlarge_use1-az1': 1, 'm6g.16xlarge_use1-az2': 5, 'm6g.16xlarge_use1-az4': 25, 'm6g.16xlarge_use1-az6': 50, 'm6g.2xlarge_use1-az1': 15, 'm6g.2xlarge_use1-az2': 50, 'm6g.2xlarge_use1-az4': 50, 'm6g.2xlarge_use1-az5': 5, 'm6g.2xlarge_use1-az6': 50, 'm6g.4xlarge_use1-az1': 10, 'm6g.4xlarge_use1-az2': 50, 'm6g.4xlarge_use1-az4': 50, 'm6g.4xlarge_use1-az5': 10, 'm6g.4xlarge_use1-az6': 50, 'm6g.8xlarge_use1-az1': 5, 'm6g.8xlarge_use1-az2': 50, 'm6g.8xlarge_use1-az4': 50, 'm6g.8xlarge_use1-az6': 50, 'm6g.large_use1-az1': 1, 'm6g.large_use1-az2': 50, 'm6g.large_use1-az4': 50, 'm6g.large_use1-az5': 5, 'm6g.large_use1-az6': 50, 'm6g.medium_use1-az1': 5, 'm6g.medium_use1-az2': 5, 'm6g.medium_use1-az4': 10, 'm6g.medium_use1-az5': 1, 'm6g.medium_use1-az6': 15, 'm6g.xlarge_use1-az1': 50, 'm6g.xlarge_use1-az2': 50, 'm6g.xlarge_use1-az4': 50, 'm6g.xlarge_use1-az5': 50, 'm6g.xlarge_use1-az6': 50, 'm6gd.12xlarge_use1-az1': 10, 'm6gd.12xlarge_use1-az2': 40, 'm6gd.12xlarge_use1-az4': 20, 'm6gd.12xlarge_use1-az5': 5, 'm6gd.12xlarge_use1-az6': 50, 'm6gd.16xlarge_use1-az1': 5, 'm6gd.16xlarge_use1-az2': 10, 'm6gd.16xlarge_use1-az4': 10, 'm6gd.16xlarge_use1-az5': 10, 'm6gd.16xlarge_use1-az6': 35, 'm6gd.2xlarge_use1-az1': 1, 'm6gd.2xlarge_use1-az2': 50, 'm6gd.2xlarge_use1-az4': 45, 'm6gd.2xlarge_use1-az5': 1, 'm6gd.2xlarge_use1-az6': 5, 'm6gd.4xlarge_use1-az1': 1, 'm6gd.4xlarge_use1-az2': 5, 'm6gd.4xlarge_use1-az4': 5, 'm6gd.4xlarge_use1-az5': 1, 'm6gd.4xlarge_use1-az6': 15, 'm6gd.8xlarge_use1-az1': 5, 'm6gd.8xlarge_use1-az2': 10, 'm6gd.8xlarge_use1-az4': 15, 'm6gd.8xlarge_use1-az5': 1, 'm6gd.8xlarge_use1-az6': 20, 'm6gd.large_use1-az1': 1, 'm6gd.large_use1-az2': 5, 'm6gd.large_use1-az4': 5, 'm6gd.large_use1-az5': 1, 'm6gd.large_use1-az6': 15, 'm6gd.medium_use1-az1': 1, 'm6gd.medium_use1-az2': 1, 'm6gd.medium_use1-az4': 1, 'm6gd.medium_use1-az5': 5, 'm6gd.medium_use1-az6': 1, 'm6gd.xlarge_use1-az1': 1, 'm6gd.xlarge_use1-az2': 10, 'm6gd.xlarge_use1-az4': 35, 'm6gd.xlarge_use1-az5': 1, 'm6gd.xlarge_use1-az6': 15, 'm6i.12xlarge_use1-az1': 1, 'm6i.12xlarge_use1-az2': 10, 'm6i.12xlarge_use1-az4': 50, 'm6i.12xlarge_use1-az5': 1, 'm6i.12xlarge_use1-az6': 30, 'm6i.16xlarge_use1-az1': 1, 'm6i.16xlarge_use1-az2': 10, 'm6i.16xlarge_use1-az4': 5, 'm6i.16xlarge_use1-az5': 1, 'm6i.16xlarge_use1-az6': 10, 'm6i.24xlarge_use1-az2': 10, 'm6i.24xlarge_use1-az4': 5, 'm6i.24xlarge_use1-az5': 1, 'm6i.24xlarge_use1-az6': 50, 'm6i.2xlarge_use1-az1': 25, 'm6i.2xlarge_use1-az2': 50, 'm6i.2xlarge_use1-az4': 50, 'm6i.2xlarge_use1-az5': 25, 'm6i.2xlarge_use1-az6': 50, 'm6i.32xlarge_use1-az2': 1, 'm6i.32xlarge_use1-az4': 5, 'm6i.32xlarge_use1-az5': 1, 'm6i.32xlarge_use1-az6': 15, 'm6i.4xlarge_use1-az1': 15, 'm6i.4xlarge_use1-az2': 50, 'm6i.4xlarge_use1-az4': 50, 'm6i.4xlarge_use1-az5': 50, 'm6i.4xlarge_use1-az6': 50, 'm6i.8xlarge_use1-az1': 1, 'm6i.8xlarge_use1-az2': 50, 'm6i.8xlarge_use1-az4': 50, 'm6i.8xlarge_use1-az5': 20, 'm6i.8xlarge_use1-az6': 50, 'm6i.large_use1-az1': 25, 'm6i.large_use1-az2': 50, 'm6i.large_use1-az4': 50, 'm6i.large_use1-az5': 50, 'm6i.large_use1-az6': 50, 'm6i.xlarge_use1-az1': 45, 'm6i.xlarge_use1-az2': 50, 'm6i.xlarge_use1-az4': 50, 'm6i.xlarge_use1-az5': 25, 'm6i.xlarge_use1-az6': 50, 'm6id.12xlarge_use1-az1': 1, 'm6id.12xlarge_use1-az2': 1, 'm6id.12xlarge_use1-az4': 1, 'm6id.12xlarge_use1-az6': 1, 'm6id.16xlarge_use1-az1': 1, 'm6id.16xlarge_use1-az2': 1, 'm6id.16xlarge_use1-az4': 1, 'm6id.16xlarge_use1-az6': 1, 'm6id.24xlarge_use1-az1': 10, 'm6id.24xlarge_use1-az2': 15, 'm6id.24xlarge_use1-az4': 35, 'm6id.24xlarge_use1-az5': 5, 'm6id.24xlarge_use1-az6': 15, 'm6id.2xlarge_use1-az1': 5, 'm6id.2xlarge_use1-az2': 5, 'm6id.2xlarge_use1-az4': 5, 'm6id.2xlarge_use1-az5': 1, 'm6id.2xlarge_use1-az6': 5, 'm6id.32xlarge_use1-az1': 10, 'm6id.32xlarge_use1-az2': 15, 'm6id.32xlarge_use1-az4': 5, 'm6id.32xlarge_use1-az5': 1, 'm6id.32xlarge_use1-az6': 50, 'm6id.4xlarge_use1-az1': 15, 'm6id.4xlarge_use1-az2': 10, 'm6id.4xlarge_use1-az4': 5, 'm6id.4xlarge_use1-az5': 1, 'm6id.4xlarge_use1-az6': 10, 'm6id.8xlarge_use1-az1': 1, 'm6id.8xlarge_use1-az4': 5, 'm6id.8xlarge_use1-az5': 1, 'm6id.8xlarge_use1-az6': 1, 'm6id.large_use1-az1': 30, 'm6id.large_use1-az2': 35, 'm6id.large_use1-az4': 15, 'm6id.large_use1-az5': 5, 'm6id.large_use1-az6': 50, 'm6id.xlarge_use1-az1': 20, 'm6id.xlarge_use1-az2': 45, 'm6id.xlarge_use1-az4': 15, 'm6id.xlarge_use1-az5': 5, 'm6id.xlarge_use1-az6': 25, 'm6idn.12xlarge_use1-az2': 1, 'm6idn.16xlarge_use1-az4': 1, 'm6idn.24xlarge_use1-az1': 1, 'm6idn.24xlarge_use1-az2': 1, 'm6idn.24xlarge_use1-az4': 1, 'm6idn.2xlarge_use1-az2': 10, 'm6idn.2xlarge_use1-az4': 5, 'm6idn.2xlarge_use1-az5': 1, 'm6idn.2xlarge_use1-az6': 5, 'm6idn.32xlarge_use1-az2': 1, 'm6idn.4xlarge_use1-az5': 5, 'm6idn.large_use1-az1': 25, 'm6idn.large_use1-az2': 35, 'm6idn.large_use1-az4': 15, 'm6idn.large_use1-az5': 10, 'm6idn.large_use1-az6': 10, 'm6idn.xlarge_use1-az1': 15, 'm6idn.xlarge_use1-az2': 50, 'm6idn.xlarge_use1-az4': 20, 'm6idn.xlarge_use1-az5': 5, 'm6idn.xlarge_use1-az6': 10, 'm6in.12xlarge_use1-az4': 1, 'm6in.16xlarge_use1-az2': 1, 'm6in.16xlarge_use1-az4': 1, 'm6in.24xlarge_use1-az1': 1, 'm6in.24xlarge_use1-az2': 1, 'm6in.2xlarge_use1-az1': 10, 'm6in.2xlarge_use1-az2': 20, 'm6in.2xlarge_use1-az4': 10, 'm6in.2xlarge_use1-az5': 1, 'm6in.2xlarge_use1-az6': 5, 'm6in.4xlarge_use1-az1': 1, 'm6in.4xlarge_use1-az2': 1, 'm6in.4xlarge_use1-az5': 1, 'm6in.8xlarge_use1-az1': 1, 'm6in.8xlarge_use1-az2': 1, 'm6in.8xlarge_use1-az4': 1, 'm6in.large_use1-az1': 5, 'm6in.large_use1-az2': 10, 'm6in.large_use1-az4': 5, 'm6in.large_use1-az5': 1, 'm6in.large_use1-az6': 1, 'm6in.xlarge_use1-az1': 5, 'm6in.xlarge_use1-az2': 10, 'm6in.xlarge_use1-az4': 1, 'm7a.12xlarge_use1-az2': 1, 'm7a.12xlarge_use1-az6': 20, 'm7a.16xlarge_use1-az2': 1, 'm7a.16xlarge_use1-az6': 40, 'm7a.24xlarge_use1-az2': 1, 'm7a.24xlarge_use1-az6': 50, 'm7a.2xlarge_use1-az1': 5, 'm7a.2xlarge_use1-az2': 15, 'm7a.2xlarge_use1-az4': 10, 'm7a.2xlarge_use1-az6': 50, 'm7a.32xlarge_use1-az6': 20, 'm7a.48xlarge_use1-az6': 40, 'm7a.4xlarge_use1-az1': 10, 'm7a.4xlarge_use1-az2': 5, 'm7a.4xlarge_use1-az4': 10, 'm7a.4xlarge_use1-az6': 25, 'm7a.8xlarge_use1-az1': 1, 'm7a.8xlarge_use1-az2': 5, 'm7a.8xlarge_use1-az4': 1, 'm7a.8xlarge_use1-az6': 50, 'm7a.large_use1-az1': 15, 'm7a.large_use1-az2': 50, 'm7a.large_use1-az4': 50, 'm7a.large_use1-az5': 5, 'm7a.large_use1-az6': 50, 'm7a.medium_use1-az1': 10, 'm7a.medium_use1-az2': 50, 'm7a.medium_use1-az4': 50, 'm7a.medium_use1-az6': 50, 'm7a.xlarge_use1-az1': 5, 'm7a.xlarge_use1-az2': 40, 'm7a.xlarge_use1-az4': 50, 'm7a.xlarge_use1-az6': 50, 'm7g.12xlarge_use1-az1': 1, 'm7g.12xlarge_use1-az2': 10, 'm7g.12xlarge_use1-az4': 45, 'm7g.12xlarge_use1-az5': 1, 'm7g.12xlarge_use1-az6': 50, 'm7g.16xlarge_use1-az1': 1, 'm7g.16xlarge_use1-az2': 30, 'm7g.16xlarge_use1-az4': 35, 'm7g.16xlarge_use1-az5': 1, 'm7g.16xlarge_use1-az6': 50, 'm7g.2xlarge_use1-az1': 35, 'm7g.2xlarge_use1-az2': 50, 'm7g.2xlarge_use1-az4': 50, 'm7g.2xlarge_use1-az5': 15, 'm7g.2xlarge_use1-az6': 50, 'm7g.4xlarge_use1-az1': 10, 'm7g.4xlarge_use1-az2': 30, 'm7g.4xlarge_use1-az4': 50, 'm7g.4xlarge_use1-az5': 10, 'm7g.4xlarge_use1-az6': 50, 'm7g.8xlarge_use1-az1': 1, 'm7g.8xlarge_use1-az2': 15, 'm7g.8xlarge_use1-az4': 40, 'm7g.8xlarge_use1-az5': 1, 'm7g.8xlarge_use1-az6': 50, 'm7g.large_use1-az1': 10, 'm7g.large_use1-az2': 50, 'm7g.large_use1-az4': 50, 'm7g.large_use1-az5': 30, 'm7g.large_use1-az6': 50, 'm7g.medium_use1-az1': 30, 'm7g.medium_use1-az2': 40, 'm7g.medium_use1-az4': 50, 'm7g.medium_use1-az5': 35, 'm7g.medium_use1-az6': 50, 'm7g.metal_use1-az1': 1, 'm7g.metal_use1-az2': 25, 'm7g.metal_use1-az4': 10, 'm7g.metal_use1-az5': 1, 'm7g.metal_use1-az6': 50, 'm7g.xlarge_use1-az1': 50, 'm7g.xlarge_use1-az2': 50, 'm7g.xlarge_use1-az4': 50, 'm7g.xlarge_use1-az5': 50, 'm7g.xlarge_use1-az6': 50, 'm7gd.12xlarge_use1-az1': 5, 'm7gd.12xlarge_use1-az2': 10, 'm7gd.12xlarge_use1-az4': 1, 'm7gd.12xlarge_use1-az6': 35, 'm7gd.16xlarge_use1-az1': 1, 'm7gd.16xlarge_use1-az2': 30, 'm7gd.16xlarge_use1-az4': 1, 'm7gd.16xlarge_use1-az6': 40, 'm7gd.2xlarge_use1-az1': 15, 'm7gd.2xlarge_use1-az2': 50, 'm7gd.2xlarge_use1-az4': 15, 'm7gd.2xlarge_use1-az6': 25, 'm7gd.4xlarge_use1-az1': 5, 'm7gd.4xlarge_use1-az2': 10, 'm7gd.4xlarge_use1-az4': 1, 'm7gd.4xlarge_use1-az6': 40, 'm7gd.8xlarge_use1-az1': 10, 'm7gd.8xlarge_use1-az2': 50, 'm7gd.8xlarge_use1-az4': 30, 'm7gd.8xlarge_use1-az5': 45, 'm7gd.8xlarge_use1-az6': 50, 'm7gd.large_use1-az1': 5, 'm7gd.large_use1-az2': 50, 'm7gd.large_use1-az4': 5, 'm7gd.large_use1-az6': 50, 'm7gd.medium_use1-az1': 15, 'm7gd.medium_use1-az2': 20, 'm7gd.medium_use1-az4': 15, 'm7gd.medium_use1-az5': 20, 'm7gd.medium_use1-az6': 25, 'm7gd.metal_use1-az1': 5, 'm7gd.metal_use1-az2': 15, 'm7gd.metal_use1-az4': 1, 'm7gd.metal_use1-az6': 15, 'm7gd.xlarge_use1-az1': 5, 'm7gd.xlarge_use1-az2': 10, 'm7gd.xlarge_use1-az4': 10, 'm7gd.xlarge_use1-az5': 1, 'm7gd.xlarge_use1-az6': 25, 'm7i-flex.2xlarge_use1-az1': 50, 'm7i-flex.2xlarge_use1-az2': 50, 'm7i-flex.2xlarge_use1-az4': 15, 'm7i-flex.2xlarge_use1-az5': 10, 'm7i-flex.2xlarge_use1-az6': 50, 'm7i-flex.4xlarge_use1-az2': 5, 'm7i-flex.4xlarge_use1-az4': 5, 'm7i-flex.4xlarge_use1-az6': 25, 'm7i-flex.8xlarge_use1-az1': 1, 'm7i-flex.8xlarge_use1-az2': 5, 'm7i-flex.8xlarge_use1-az4': 5, 'm7i-flex.8xlarge_use1-az5': 1, 'm7i-flex.8xlarge_use1-az6': 10, 'm7i-flex.large_use1-az1': 20, 'm7i-flex.large_use1-az2': 50, 'm7i-flex.large_use1-az4': 25, 'm7i-flex.large_use1-az5': 25, 'm7i-flex.large_use1-az6': 50, 'm7i-flex.xlarge_use1-az1': 50, 'm7i-flex.xlarge_use1-az2': 50, 'm7i-flex.xlarge_use1-az4': 50, 'm7i-flex.xlarge_use1-az5': 15, 'm7i-flex.xlarge_use1-az6': 50, 'm7i.12xlarge_use1-az1': 1, 'm7i.12xlarge_use1-az2': 5, 'm7i.12xlarge_use1-az4': 15, 'm7i.12xlarge_use1-az6': 50, 'm7i.16xlarge_use1-az1': 5, 'm7i.16xlarge_use1-az2': 10, 'm7i.16xlarge_use1-az4': 10, 'm7i.16xlarge_use1-az6': 50, 'm7i.24xlarge_use1-az2': 5, 'm7i.24xlarge_use1-az4': 5, 'm7i.24xlarge_use1-az6': 50, 'm7i.2xlarge_use1-az1': 1, 'm7i.2xlarge_use1-az2': 50, 'm7i.2xlarge_use1-az4': 50, 'm7i.2xlarge_use1-az6': 50, 'm7i.48xlarge_use1-az1': 1, 'm7i.48xlarge_use1-az2': 5, 'm7i.48xlarge_use1-az4': 20, 'm7i.48xlarge_use1-az6': 50, 'm7i.4xlarge_use1-az1': 1, 'm7i.4xlarge_use1-az2': 25, 'm7i.4xlarge_use1-az4': 10, 'm7i.4xlarge_use1-az6': 50, 'm7i.8xlarge_use1-az1': 40, 'm7i.8xlarge_use1-az2': 20, 'm7i.8xlarge_use1-az4': 50, 'm7i.8xlarge_use1-az6': 50, 'm7i.large_use1-az1': 50, 'm7i.large_use1-az2': 50, 'm7i.large_use1-az4': 50, 'm7i.large_use1-az5': 1, 'm7i.large_use1-az6': 50, 'm7i.xlarge_use1-az1': 30, 'm7i.xlarge_use1-az2': 35, 'm7i.xlarge_use1-az4': 50, 'm7i.xlarge_use1-az6': 50, 'm8g.12xlarge_use1-az2': 10, 'm8g.12xlarge_use1-az4': 10, 'm8g.12xlarge_use1-az5': 1, 'm8g.12xlarge_use1-az6': 35, 'm8g.16xlarge_use1-az2': 5, 'm8g.16xlarge_use1-az4': 5, 'm8g.16xlarge_use1-az5': 5, 'm8g.16xlarge_use1-az6': 45, 'm8g.24xlarge_use1-az2': 5, 'm8g.24xlarge_use1-az4': 1, 'm8g.24xlarge_use1-az5': 1, 'm8g.24xlarge_use1-az6': 25, 'm8g.2xlarge_use1-az4': 10, 'm8g.2xlarge_use1-az5': 10, 'm8g.48xlarge_use1-az2': 5, 'm8g.48xlarge_use1-az4': 5, 'm8g.48xlarge_use1-az6': 20, 'm8g.4xlarge_use1-az2': 5, 'm8g.4xlarge_use1-az4': 5, 'm8g.4xlarge_use1-az5': 1, 'm8g.4xlarge_use1-az6': 40, 'm8g.8xlarge_use1-az2': 10, 'm8g.8xlarge_use1-az4': 20, 'm8g.8xlarge_use1-az5': 1, 'm8g.8xlarge_use1-az6': 40, 'm8g.large_use1-az1': 1, 'm8g.large_use1-az2': 20, 'm8g.large_use1-az6': 45, 'm8g.medium_use1-az1': 1, 'm8g.medium_use1-az2': 15, 'm8g.metal-48xl_use1-az2': 5, 'm8g.metal-48xl_use1-az6': 25, 'm8g.xlarge_use1-az1': 1, 'm8g.xlarge_use1-az5': 15, 'm8g.xlarge_use1-az6': 50, 'm8gd.16xlarge_use1-az5': 1, 'm8gd.4xlarge_use1-az2': 5, 'm8gd.4xlarge_use1-az4': 1, 'm8gd.4xlarge_use1-az6': 1, 'm8gd.8xlarge_use1-az5': 1, 'm8gd.8xlarge_use1-az6': 5, 'm8gd.large_use1-az1': 20, 'm8gd.large_use1-az2': 15, 'm8gd.large_use1-az5': 1, 'm8gd.large_use1-az6': 1, 'm8gd.medium_use1-az6': 1, 'm8gd.metal-24xl_use1-az2': 1, 'm8gd.xlarge_use1-az1': 1, 'm8gd.xlarge_use1-az5': 1, 'm8i-flex.16xlarge_use1-az6': 5, 'm8i-flex.2xlarge_use1-az2': 10, 'm8i-flex.2xlarge_use1-az4': 1, 'm8i-flex.2xlarge_use1-az6': 50, 'm8i-flex.4xlarge_use1-az2': 1, 'm8i-flex.4xlarge_use1-az4': 1, 'm8i-flex.4xlarge_use1-az6': 5, 'm8i-flex.8xlarge_use1-az6': 1, 'm8i-flex.large_use1-az2': 5, 'm8i-flex.xlarge_use1-az2': 10, 'm8i-flex.xlarge_use1-az4': 25, 'm8i-flex.xlarge_use1-az6': 50, 'm8i.12xlarge_use1-az6': 1, 'm8i.16xlarge_use1-az4': 1, 'm8i.16xlarge_use1-az6': 1, 'm8i.24xlarge_use1-az6': 1, 'm8i.2xlarge_use1-az2': 10, 'm8i.2xlarge_use1-az4': 1, 'm8i.2xlarge_use1-az6': 10, 'm8i.32xlarge_use1-az2': 1, 'm8i.32xlarge_use1-az6': 5, 'm8i.48xlarge_use1-az2': 1, 'm8i.48xlarge_use1-az6': 5, 'm8i.4xlarge_use1-az2': 5, 'm8i.4xlarge_use1-az4': 1, 'm8i.4xlarge_use1-az6': 5, 'm8i.8xlarge_use1-az2': 1, 'm8i.8xlarge_use1-az4': 1, 'm8i.8xlarge_use1-az6': 20, 'm8i.96xlarge_use1-az6': 1, 'm8i.large_use1-az4': 25, 'm8i.metal-48xl_use1-az6': 1, 'm8i.metal-96xl_use1-az6': 1, 'm8i.xlarge_use1-az2': 30, 'm8i.xlarge_use1-az4': 10, 'p3.2xlarge_use1-az1': 50, 'p3.2xlarge_use1-az5': 50, 'p3.2xlarge_use1-az6': 50, 'r3.2xlarge_use1-az2': 1, 'r3.2xlarge_use1-az4': 1, 'r3.2xlarge_use1-az6': 1, 'r3.4xlarge_use1-az4': 1, 'r3.4xlarge_use1-az6': 1, 'r3.8xlarge_use1-az2': 1, 'r3.8xlarge_use1-az4': 1, 'r3.8xlarge_use1-az6': 5, 'r3.large_use1-az2': 50, 'r3.large_use1-az4': 50, 'r3.large_use1-az6': 50, 'r3.xlarge_use1-az2': 40, 'r3.xlarge_use1-az4': 50, 'r3.xlarge_use1-az6': 50, 'r4.16xlarge_use1-az1': 10, 'r4.16xlarge_use1-az2': 10, 'r4.16xlarge_use1-az3': 50, 'r4.16xlarge_use1-az4': 35, 'r4.16xlarge_use1-az5': 15, 'r4.16xlarge_use1-az6': 10, 'r4.2xlarge_use1-az1': 20, 'r4.2xlarge_use1-az2': 50, 'r4.2xlarge_use1-az3': 50, 'r4.2xlarge_use1-az4': 50, 'r4.2xlarge_use1-az5': 5, 'r4.2xlarge_use1-az6': 50, 'r4.4xlarge_use1-az1': 20, 'r4.4xlarge_use1-az2': 50, 'r4.4xlarge_use1-az3': 40, 'r4.4xlarge_use1-az4': 15, 'r4.4xlarge_use1-az5': 5, 'r4.4xlarge_use1-az6': 50, 'r4.8xlarge_use1-az1': 50, 'r4.8xlarge_use1-az2': 50, 'r4.8xlarge_use1-az3': 25, 'r4.8xlarge_use1-az4': 50, 'r4.8xlarge_use1-az5': 5, 'r4.8xlarge_use1-az6': 50, 'r4.large_use1-az1': 35, 'r4.large_use1-az2': 50, 'r4.large_use1-az4': 50, 'r4.large_use1-az5': 20, 'r4.large_use1-az6': 50, 'r4.xlarge_use1-az1': 50, 'r4.xlarge_use1-az2': 50, 'r4.xlarge_use1-az3': 50, 'r4.xlarge_use1-az4': 50, 'r4.xlarge_use1-az5': 30, 'r4.xlarge_use1-az6': 50, 'r5.12xlarge_use1-az1': 5, 'r5.12xlarge_use1-az2': 5, 'r5.12xlarge_use1-az4': 50, 'r5.12xlarge_use1-az5': 5, 'r5.12xlarge_use1-az6': 5, 'r5.16xlarge_use1-az1': 5, 'r5.16xlarge_use1-az4': 35, 'r5.16xlarge_use1-az5': 30, 'r5.16xlarge_use1-az6': 5, 'r5.24xlarge_use1-az4': 15, 'r5.24xlarge_use1-az5': 5, 'r5.24xlarge_use1-az6': 5, 'r5.2xlarge_use1-az1': 50, 'r5.2xlarge_use1-az2': 50, 'r5.2xlarge_use1-az4': 50, 'r5.2xlarge_use1-az5': 5, 'r5.2xlarge_use1-az6': 50, 'r5.4xlarge_use1-az1': 50, 'r5.4xlarge_use1-az2': 50, 'r5.4xlarge_use1-az4': 50, 'r5.4xlarge_use1-az5': 5, 'r5.4xlarge_use1-az6': 50, 'r5.8xlarge_use1-az1': 50, 'r5.8xlarge_use1-az2': 50, 'r5.8xlarge_use1-az4': 50, 'r5.8xlarge_use1-az5': 5, 'r5.8xlarge_use1-az6': 5, 'r5.large_use1-az1': 50, 'r5.large_use1-az2': 50, 'r5.large_use1-az4': 50, 'r5.large_use1-az5': 50, 'r5.large_use1-az6': 50, 'r5.xlarge_use1-az1': 50, 'r5.xlarge_use1-az2': 50, 'r5.xlarge_use1-az4': 50, 'r5.xlarge_use1-az5': 50, 'r5.xlarge_use1-az6': 50, 'r5a.12xlarge_use1-az1': 1, 'r5a.12xlarge_use1-az2': 1, 'r5a.12xlarge_use1-az4': 5, 'r5a.12xlarge_use1-az6': 5, 'r5a.16xlarge_use1-az1': 10, 'r5a.16xlarge_use1-az2': 10, 'r5a.16xlarge_use1-az4': 10, 'r5a.16xlarge_use1-az5': 5, 'r5a.16xlarge_use1-az6': 5, 'r5a.24xlarge_use1-az1': 5, 'r5a.24xlarge_use1-az2': 15, 'r5a.24xlarge_use1-az4': 10, 'r5a.24xlarge_use1-az5': 1, 'r5a.24xlarge_use1-az6': 10, 'r5a.2xlarge_use1-az1': 10, 'r5a.2xlarge_use1-az2': 20, 'r5a.2xlarge_use1-az4': 35, 'r5a.2xlarge_use1-az5': 5, 'r5a.2xlarge_use1-az6': 30, 'r5a.4xlarge_use1-az1': 25, 'r5a.4xlarge_use1-az2': 50, 'r5a.4xlarge_use1-az4': 50, 'r5a.4xlarge_use1-az5': 5, 'r5a.4xlarge_use1-az6': 50, 'r5a.8xlarge_use1-az1': 25, 'r5a.8xlarge_use1-az2': 10, 'r5a.8xlarge_use1-az4': 15, 'r5a.8xlarge_use1-az5': 30, 'r5a.8xlarge_use1-az6': 20, 'r5a.large_use1-az1': 50, 'r5a.large_use1-az2': 50, 'r5a.large_use1-az4': 50, 'r5a.large_use1-az5': 25, 'r5a.large_use1-az6': 50, 'r5a.xlarge_use1-az1': 20, 'r5a.xlarge_use1-az2': 50, 'r5a.xlarge_use1-az4': 50, 'r5a.xlarge_use1-az5': 5, 'r5a.xlarge_use1-az6': 50, 'r5ad.12xlarge_use1-az2': 1, 'r5ad.16xlarge_use1-az2': 50, 'r5ad.16xlarge_use1-az4': 10, 'r5ad.16xlarge_use1-az5': 1, 'r5ad.16xlarge_use1-az6': 10, 'r5ad.24xlarge_use1-az2': 25, 'r5ad.24xlarge_use1-az4': 1, 'r5ad.24xlarge_use1-az6': 10, 'r5ad.4xlarge_use1-az2': 10, 'r5ad.4xlarge_use1-az5': 1, 'r5ad.8xlarge_use1-az2': 5, 'r5ad.8xlarge_use1-az4': 20, 'r5ad.8xlarge_use1-az5': 1, 'r5ad.8xlarge_use1-az6': 10, 'r5ad.large_use1-az1': 1, 'r5ad.large_use1-az2': 30, 'r5ad.large_use1-az4': 10, 'r5ad.large_use1-az5': 5, 'r5ad.large_use1-az6': 10, 'r5ad.xlarge_use1-az1': 1, 'r5ad.xlarge_use1-az2': 10, 'r5ad.xlarge_use1-az5': 1, 'r5b.12xlarge_use1-az1': 5, 'r5b.12xlarge_use1-az4': 5, 'r5b.16xlarge_use1-az6': 5, 'r5b.24xlarge_use1-az4': 5, 'r5b.24xlarge_use1-az6': 1, 'r5b.8xlarge_use1-az1': 5, 'r5b.large_use1-az1': 1, 'r5b.large_use1-az2': 5, 'r5b.large_use1-az4': 10, 'r5b.large_use1-az6': 5, 'r5b.xlarge_use1-az1': 1, 'r5b.xlarge_use1-az2': 1, 'r5b.xlarge_use1-az4': 5, 'r5b.xlarge_use1-az6': 1, 'r5d.12xlarge_use1-az1': 1, 'r5d.12xlarge_use1-az2': 5, 'r5d.12xlarge_use1-az4': 10, 'r5d.12xlarge_use1-az6': 1, 'r5d.16xlarge_use1-az1': 5, 'r5d.16xlarge_use1-az2': 50, 'r5d.16xlarge_use1-az4': 50, 'r5d.16xlarge_use1-az5': 10, 'r5d.16xlarge_use1-az6': 50, 'r5d.24xlarge_use1-az1': 1, 'r5d.24xlarge_use1-az2': 1, 'r5d.24xlarge_use1-az4': 10, 'r5d.24xlarge_use1-az5': 1, 'r5d.24xlarge_use1-az6': 10, 'r5d.4xlarge_use1-az1': 5, 'r5d.4xlarge_use1-az2': 20, 'r5d.4xlarge_use1-az5': 5, 'r5d.4xlarge_use1-az6': 25, 'r5d.8xlarge_use1-az1': 5, 'r5d.8xlarge_use1-az2': 15, 'r5d.8xlarge_use1-az4': 15, 'r5d.8xlarge_use1-az5': 5, 'r5d.8xlarge_use1-az6': 50, 'r5d.large_use1-az1': 10, 'r5d.large_use1-az2': 50, 'r5d.large_use1-az4': 50, 'r5d.large_use1-az5': 5, 'r5d.large_use1-az6': 50, 'r5dn.12xlarge_use1-az2': 1, 'r5dn.12xlarge_use1-az4': 1, 'r5dn.12xlarge_use1-az5': 1, 'r5dn.12xlarge_use1-az6': 1, 'r5dn.16xlarge_use1-az1': 5, 'r5dn.16xlarge_use1-az2': 5, 'r5dn.16xlarge_use1-az4': 15, 'r5dn.16xlarge_use1-az5': 10, 'r5dn.16xlarge_use1-az6': 30, 'r5dn.24xlarge_use1-az2': 5, 'r5dn.24xlarge_use1-az4': 10, 'r5dn.24xlarge_use1-az5': 1, 'r5dn.24xlarge_use1-az6': 25, 'r5dn.4xlarge_use1-az1': 5, 'r5dn.4xlarge_use1-az2': 25, 'r5dn.4xlarge_use1-az4': 45, 'r5dn.4xlarge_use1-az5': 5, 'r5dn.4xlarge_use1-az6': 20, 'r5dn.8xlarge_use1-az1': 1, 'r5dn.8xlarge_use1-az2': 5, 'r5dn.8xlarge_use1-az4': 5, 'r5dn.8xlarge_use1-az5': 5, 'r5dn.8xlarge_use1-az6': 50, 'r5dn.large_use1-az1': 50, 'r5dn.large_use1-az2': 50, 'r5dn.large_use1-az4': 50, 'r5dn.large_use1-az5': 50, 'r5dn.large_use1-az6': 50, 'r5dn.xlarge_use1-az5': 15, 'r5n.12xlarge_use1-az2': 1, 'r5n.12xlarge_use1-az4': 1, 'r5n.12xlarge_use1-az6': 1, 'r5n.16xlarge_use1-az1': 1, 'r5n.16xlarge_use1-az2': 10, 'r5n.16xlarge_use1-az4': 35, 'r5n.16xlarge_use1-az5': 1, 'r5n.16xlarge_use1-az6': 20, 'r5n.2xlarge_use1-az1': 5, 'r5n.2xlarge_use1-az2': 5, 'r5n.2xlarge_use1-az5': 1, 'r5n.2xlarge_use1-az6': 1, 'r5n.4xlarge_use1-az1': 5, 'r5n.8xlarge_use1-az1': 10, 'r5n.8xlarge_use1-az2': 20, 'r5n.8xlarge_use1-az4': 35, 'r5n.8xlarge_use1-az6': 15, 'r5n.large_use1-az1': 20, 'r5n.large_use1-az2': 50, 'r5n.large_use1-az4': 50, 'r5n.large_use1-az5': 10, 'r5n.large_use1-az6': 30, 'r5n.xlarge_use1-az1': 1, 'r5n.xlarge_use1-az2': 10, 'r5n.xlarge_use1-az4': 15, 'r5n.xlarge_use1-az5': 1, 'r5n.xlarge_use1-az6': 20, 'r6a.12xlarge_use1-az1': 1, 'r6a.12xlarge_use1-az2': 10, 'r6a.12xlarge_use1-az4': 5, 'r6a.12xlarge_use1-az6': 10, 'r6a.16xlarge_use1-az1': 5, 'r6a.16xlarge_use1-az2': 15, 'r6a.16xlarge_use1-az4': 30, 'r6a.16xlarge_use1-az5': 15, 'r6a.16xlarge_use1-az6': 40, 'r6a.24xlarge_use1-az2': 5, 'r6a.24xlarge_use1-az4': 1, 'r6a.24xlarge_use1-az5': 1, 'r6a.24xlarge_use1-az6': 5, 'r6a.2xlarge_use1-az1': 50, 'r6a.2xlarge_use1-az2': 50, 'r6a.2xlarge_use1-az4': 40, 'r6a.2xlarge_use1-az5': 1, 'r6a.2xlarge_use1-az6': 50, 'r6a.32xlarge_use1-az2': 5, 'r6a.32xlarge_use1-az4': 5, 'r6a.32xlarge_use1-az5': 5, 'r6a.32xlarge_use1-az6': 5, 'r6a.48xlarge_use1-az2': 5, 'r6a.48xlarge_use1-az4': 5, 'r6a.48xlarge_use1-az5': 5, 'r6a.48xlarge_use1-az6': 1, 'r6a.4xlarge_use1-az1': 50, 'r6a.4xlarge_use1-az2': 50, 'r6a.4xlarge_use1-az4': 50, 'r6a.4xlarge_use1-az5': 40, 'r6a.4xlarge_use1-az6': 50, 'r6a.8xlarge_use1-az1': 20, 'r6a.8xlarge_use1-az2': 50, 'r6a.8xlarge_use1-az4': 50, 'r6a.8xlarge_use1-az5': 50, 'r6a.8xlarge_use1-az6': 50, 'r6a.large_use1-az1': 50, 'r6a.large_use1-az2': 50, 'r6a.large_use1-az4': 50, 'r6a.large_use1-az5': 50, 'r6a.large_use1-az6': 50, 'r6a.xlarge_use1-az1': 50, 'r6a.xlarge_use1-az2': 50, 'r6a.xlarge_use1-az4': 50, 'r6a.xlarge_use1-az5': 50, 'r6a.xlarge_use1-az6': 50, 'r6g.12xlarge_use1-az2': 50, 'r6g.12xlarge_use1-az4': 45, 'r6g.12xlarge_use1-az5': 10, 'r6g.12xlarge_use1-az6': 50, 'r6g.16xlarge_use1-az1': 1, 'r6g.16xlarge_use1-az2': 50, 'r6g.16xlarge_use1-az4': 50, 'r6g.16xlarge_use1-az5': 50, 'r6g.16xlarge_use1-az6': 50, 'r6g.2xlarge_use1-az1': 1, 'r6g.2xlarge_use1-az2': 25, 'r6g.2xlarge_use1-az4': 40, 'r6g.2xlarge_use1-az5': 10, 'r6g.2xlarge_use1-az6': 50, 'r6g.4xlarge_use1-az1': 10, 'r6g.4xlarge_use1-az2': 50, 'r6g.4xlarge_use1-az4': 50, 'r6g.4xlarge_use1-az5': 50, 'r6g.4xlarge_use1-az6': 50, 'r6g.8xlarge_use1-az1': 1, 'r6g.8xlarge_use1-az2': 10, 'r6g.8xlarge_use1-az4': 50, 'r6g.8xlarge_use1-az5': 50, 'r6g.8xlarge_use1-az6': 50, 'r6g.large_use1-az1': 10, 'r6g.large_use1-az2': 40, 'r6g.large_use1-az4': 50, 'r6g.large_use1-az5': 5, 'r6g.large_use1-az6': 50, 'r6g.medium_use1-az1': 1, 'r6g.medium_use1-az2': 10, 'r6g.medium_use1-az4': 15, 'r6g.medium_use1-az5': 15, 'r6g.medium_use1-az6': 35, 'r6g.xlarge_use1-az1': 1, 'r6g.xlarge_use1-az2': 50, 'r6g.xlarge_use1-az4': 50, 'r6g.xlarge_use1-az5': 50, 'r6g.xlarge_use1-az6': 50, 'r6gd.12xlarge_use1-az1': 1, 'r6gd.12xlarge_use1-az2': 5, 'r6gd.12xlarge_use1-az4': 10, 'r6gd.12xlarge_use1-az5': 1, 'r6gd.12xlarge_use1-az6': 10, 'r6gd.16xlarge_use1-az1': 5, 'r6gd.16xlarge_use1-az2': 5, 'r6gd.16xlarge_use1-az4': 50, 'r6gd.16xlarge_use1-az5': 1, 'r6gd.16xlarge_use1-az6': 45, 'r6gd.2xlarge_use1-az2': 20, 'r6gd.2xlarge_use1-az4': 30, 'r6gd.2xlarge_use1-az5': 1, 'r6gd.2xlarge_use1-az6': 1, 'r6gd.4xlarge_use1-az1': 5, 'r6gd.4xlarge_use1-az2': 20, 'r6gd.4xlarge_use1-az4': 50, 'r6gd.4xlarge_use1-az5': 1, 'r6gd.4xlarge_use1-az6': 25, 'r6gd.8xlarge_use1-az1': 1, 'r6gd.8xlarge_use1-az2': 10, 'r6gd.8xlarge_use1-az4': 20, 'r6gd.8xlarge_use1-az5': 1, 'r6gd.8xlarge_use1-az6': 30, 'r6gd.large_use1-az1': 50, 'r6gd.large_use1-az2': 50, 'r6gd.large_use1-az4': 50, 'r6gd.large_use1-az5': 50, 'r6gd.large_use1-az6': 50, 'r6gd.medium_use1-az1': 5, 'r6gd.medium_use1-az2': 1, 'r6gd.medium_use1-az4': 5, 'r6gd.medium_use1-az5': 5, 'r6gd.medium_use1-az6': 1, 'r6gd.xlarge_use1-az1': 1, 'r6gd.xlarge_use1-az2': 1, 'r6gd.xlarge_use1-az4': 5, 'r6gd.xlarge_use1-az6': 10, 'r6i.12xlarge_use1-az1': 5, 'r6i.12xlarge_use1-az2': 5, 'r6i.12xlarge_use1-az4': 5, 'r6i.12xlarge_use1-az5': 1, 'r6i.12xlarge_use1-az6': 10, 'r6i.16xlarge_use1-az1': 1, 'r6i.16xlarge_use1-az2': 1, 'r6i.16xlarge_use1-az4': 10, 'r6i.16xlarge_use1-az5': 10, 'r6i.16xlarge_use1-az6': 1, 'r6i.24xlarge_use1-az4': 10, 'r6i.24xlarge_use1-az5': 1, 'r6i.24xlarge_use1-az6': 5, 'r6i.2xlarge_use1-az1': 15, 'r6i.2xlarge_use1-az2': 35, 'r6i.2xlarge_use1-az4': 50, 'r6i.2xlarge_use1-az5': 5, 'r6i.2xlarge_use1-az6': 50, 'r6i.32xlarge_use1-az4': 1, 'r6i.32xlarge_use1-az5': 1, 'r6i.32xlarge_use1-az6': 1, 'r6i.4xlarge_use1-az1': 30, 'r6i.4xlarge_use1-az2': 20, 'r6i.4xlarge_use1-az4': 20, 'r6i.4xlarge_use1-az5': 10, 'r6i.4xlarge_use1-az6': 40, 'r6i.8xlarge_use1-az1': 5, 'r6i.8xlarge_use1-az2': 10, 'r6i.8xlarge_use1-az4': 10, 'r6i.8xlarge_use1-az5': 5, 'r6i.8xlarge_use1-az6': 10, 'r6i.large_use1-az1': 20, 'r6i.large_use1-az2': 50, 'r6i.large_use1-az4': 50, 'r6i.large_use1-az5': 20, 'r6i.large_use1-az6': 50, 'r6i.xlarge_use1-az1': 15, 'r6i.xlarge_use1-az2': 45, 'r6i.xlarge_use1-az4': 50, 'r6i.xlarge_use1-az5': 10, 'r6i.xlarge_use1-az6': 50, 'r6id.12xlarge_use1-az1': 1, 'r6id.12xlarge_use1-az2': 5, 'r6id.12xlarge_use1-az4': 1, 'r6id.12xlarge_use1-az6': 5, 'r6id.16xlarge_use1-az1': 5, 'r6id.16xlarge_use1-az2': 5, 'r6id.16xlarge_use1-az4': 15, 'r6id.16xlarge_use1-az5': 1, 'r6id.16xlarge_use1-az6': 20, 'r6id.24xlarge_use1-az1': 10, 'r6id.24xlarge_use1-az2': 10, 'r6id.24xlarge_use1-az4': 5, 'r6id.24xlarge_use1-az5': 15, 'r6id.24xlarge_use1-az6': 25, 'r6id.2xlarge_use1-az1': 5, 'r6id.2xlarge_use1-az2': 1, 'r6id.2xlarge_use1-az4': 10, 'r6id.2xlarge_use1-az5': 1, 'r6id.2xlarge_use1-az6': 10, 'r6id.32xlarge_use1-az1': 1, 'r6id.32xlarge_use1-az2': 5, 'r6id.32xlarge_use1-az4': 1, 'r6id.32xlarge_use1-az5': 1, 'r6id.32xlarge_use1-az6': 10, 'r6id.4xlarge_use1-az1': 40, 'r6id.4xlarge_use1-az2': 50, 'r6id.4xlarge_use1-az4': 10, 'r6id.4xlarge_use1-az5': 20, 'r6id.4xlarge_use1-az6': 35, 'r6id.8xlarge_use1-az1': 1, 'r6id.8xlarge_use1-az2': 1, 'r6id.8xlarge_use1-az4': 5, 'r6id.8xlarge_use1-az5': 1, 'r6id.8xlarge_use1-az6': 5, 'r6id.large_use1-az1': 15, 'r6id.large_use1-az2': 10, 'r6id.large_use1-az4': 5, 'r6id.large_use1-az5': 15, 'r6id.large_use1-az6': 30, 'r6id.xlarge_use1-az1': 5, 'r6id.xlarge_use1-az2': 15, 'r6id.xlarge_use1-az4': 10, 'r6id.xlarge_use1-az5': 15, 'r6id.xlarge_use1-az6': 15, 'r6idn.16xlarge_use1-az4': 1, 'r6idn.16xlarge_use1-az5': 1, 'r6idn.16xlarge_use1-az6': 1, 'r6idn.24xlarge_use1-az6': 1, 'r6idn.2xlarge_use1-az1': 1, 'r6idn.2xlarge_use1-az2': 1, 'r6idn.2xlarge_use1-az4': 5, 'r6idn.2xlarge_use1-az5': 1, 'r6idn.2xlarge_use1-az6': 5, 'r6idn.32xlarge_use1-az6': 1, 'r6idn.4xlarge_use1-az1': 15, 'r6idn.4xlarge_use1-az2': 15, 'r6idn.4xlarge_use1-az4': 15, 'r6idn.4xlarge_use1-az5': 5, 'r6idn.4xlarge_use1-az6': 10, 'r6idn.8xlarge_use1-az2': 1, 'r6idn.8xlarge_use1-az4': 1, 'r6idn.8xlarge_use1-az6': 5, 'r6idn.large_use1-az1': 1, 'r6idn.large_use1-az2': 1, 'r6idn.large_use1-az4': 5, 'r6idn.large_use1-az5': 5, 'r6idn.large_use1-az6': 5, 'r6idn.xlarge_use1-az5': 1, 'r6idn.xlarge_use1-az6': 5, 'r6in.12xlarge_use1-az1': 1, 'r6in.12xlarge_use1-az6': 5, 'r6in.16xlarge_use1-az4': 1, 'r6in.16xlarge_use1-az5': 1, 'r6in.16xlarge_use1-az6': 5, 'r6in.24xlarge_use1-az6': 1, 'r6in.2xlarge_use1-az1': 1, 'r6in.2xlarge_use1-az2': 1, 'r6in.2xlarge_use1-az4': 1, 'r6in.2xlarge_use1-az5': 1, 'r6in.2xlarge_use1-az6': 1, 'r6in.4xlarge_use1-az1': 5, 'r6in.4xlarge_use1-az2': 20, 'r6in.4xlarge_use1-az4': 15, 'r6in.4xlarge_use1-az5': 20, 'r6in.4xlarge_use1-az6': 20, 'r6in.8xlarge_use1-az1': 5, 'r6in.8xlarge_use1-az4': 1, 'r6in.8xlarge_use1-az6': 5, 'r6in.large_use1-az1': 45, 'r6in.large_use1-az2': 50, 'r6in.large_use1-az4': 50, 'r6in.large_use1-az5': 40, 'r6in.large_use1-az6': 50, 'r6in.xlarge_use1-az1': 1, 'r6in.xlarge_use1-az2': 1, 'r6in.xlarge_use1-az4': 1, 'r6in.xlarge_use1-az5': 1, 'r6in.xlarge_use1-az6': 1, 'r7a.12xlarge_use1-az1': 1, 'r7a.12xlarge_use1-az2': 1, 'r7a.12xlarge_use1-az4': 5, 'r7a.12xlarge_use1-az6': 20, 'r7a.16xlarge_use1-az1': 1, 'r7a.16xlarge_use1-az2': 15, 'r7a.16xlarge_use1-az4': 30, 'r7a.16xlarge_use1-az6': 50, 'r7a.24xlarge_use1-az2': 10, 'r7a.24xlarge_use1-az4': 10, 'r7a.24xlarge_use1-az6': 35, 'r7a.2xlarge_use1-az1': 1, 'r7a.2xlarge_use1-az2': 5, 'r7a.2xlarge_use1-az4': 25, 'r7a.2xlarge_use1-az6': 1, 'r7a.32xlarge_use1-az2': 1, 'r7a.32xlarge_use1-az4': 1, 'r7a.32xlarge_use1-az6': 50, 'r7a.48xlarge_use1-az2': 5, 'r7a.48xlarge_use1-az4': 5, 'r7a.48xlarge_use1-az6': 50, 'r7a.4xlarge_use1-az1': 5, 'r7a.4xlarge_use1-az2': 25, 'r7a.4xlarge_use1-az4': 50, 'r7a.4xlarge_use1-az6': 50, 'r7a.8xlarge_use1-az1': 5, 'r7a.8xlarge_use1-az2': 20, 'r7a.8xlarge_use1-az4': 50, 'r7a.8xlarge_use1-az6': 50, 'r7a.large_use1-az1': 50, 'r7a.large_use1-az2': 50, 'r7a.large_use1-az4': 50, 'r7a.large_use1-az6': 50, 'r7a.medium_use1-az1': 10, 'r7a.medium_use1-az2': 25, 'r7a.medium_use1-az4': 50, 'r7a.medium_use1-az6': 50, 'r7a.xlarge_use1-az1': 20, 'r7a.xlarge_use1-az2': 50, 'r7a.xlarge_use1-az4': 50, 'r7a.xlarge_use1-az6': 25, 'r7g.12xlarge_use1-az1': 1, 'r7g.12xlarge_use1-az2': 5, 'r7g.12xlarge_use1-az4': 50, 'r7g.12xlarge_use1-az5': 1, 'r7g.12xlarge_use1-az6': 5, 'r7g.16xlarge_use1-az1': 5, 'r7g.16xlarge_use1-az2': 30, 'r7g.16xlarge_use1-az4': 50, 'r7g.16xlarge_use1-az5': 5, 'r7g.16xlarge_use1-az6': 50, 'r7g.2xlarge_use1-az1': 5, 'r7g.2xlarge_use1-az2': 10, 'r7g.2xlarge_use1-az4': 50, 'r7g.2xlarge_use1-az5': 5, 'r7g.2xlarge_use1-az6': 15, 'r7g.4xlarge_use1-az1': 5, 'r7g.4xlarge_use1-az2': 5, 'r7g.4xlarge_use1-az4': 50, 'r7g.4xlarge_use1-az5': 5, 'r7g.4xlarge_use1-az6': 15, 'r7g.8xlarge_use1-az1': 1, 'r7g.8xlarge_use1-az2': 50, 'r7g.8xlarge_use1-az4': 50, 'r7g.8xlarge_use1-az5': 50, 'r7g.8xlarge_use1-az6': 50, 'r7g.large_use1-az1': 20, 'r7g.large_use1-az2': 50, 'r7g.large_use1-az4': 50, 'r7g.large_use1-az5': 40, 'r7g.large_use1-az6': 40, 'r7g.medium_use1-az1': 50, 'r7g.medium_use1-az2': 50, 'r7g.medium_use1-az4': 50, 'r7g.medium_use1-az5': 25, 'r7g.medium_use1-az6': 50, 'r7g.xlarge_use1-az1': 50, 'r7g.xlarge_use1-az2': 50, 'r7g.xlarge_use1-az4': 50, 'r7g.xlarge_use1-az5': 10, 'r7g.xlarge_use1-az6': 50, 'r7gd.12xlarge_use1-az1': 1, 'r7gd.12xlarge_use1-az2': 10, 'r7gd.12xlarge_use1-az4': 35, 'r7gd.12xlarge_use1-az5': 10, 'r7gd.12xlarge_use1-az6': 50, 'r7gd.16xlarge_use1-az1': 5, 'r7gd.16xlarge_use1-az2': 50, 'r7gd.16xlarge_use1-az4': 50, 'r7gd.16xlarge_use1-az5': 50, 'r7gd.16xlarge_use1-az6': 50, 'r7gd.2xlarge_use1-az1': 5, 'r7gd.2xlarge_use1-az2': 25, 'r7gd.2xlarge_use1-az4': 25, 'r7gd.2xlarge_use1-az5': 40, 'r7gd.2xlarge_use1-az6': 50, 'r7gd.4xlarge_use1-az1': 1, 'r7gd.4xlarge_use1-az2': 20, 'r7gd.4xlarge_use1-az4': 25, 'r7gd.4xlarge_use1-az5': 30, 'r7gd.4xlarge_use1-az6': 50, 'r7gd.8xlarge_use1-az1': 1, 'r7gd.8xlarge_use1-az2': 10, 'r7gd.8xlarge_use1-az4': 30, 'r7gd.8xlarge_use1-az5': 20, 'r7gd.8xlarge_use1-az6': 50, 'r7gd.large_use1-az1': 15, 'r7gd.large_use1-az2': 10, 'r7gd.large_use1-az4': 50, 'r7gd.large_use1-az5': 15, 'r7gd.large_use1-az6': 35, 'r7gd.medium_use1-az1': 35, 'r7gd.medium_use1-az2': 15, 'r7gd.medium_use1-az4': 25, 'r7gd.medium_use1-az5': 15, 'r7gd.medium_use1-az6': 20, 'r7gd.xlarge_use1-az1': 1, 'r7gd.xlarge_use1-az2': 10, 'r7gd.xlarge_use1-az4': 25, 'r7gd.xlarge_use1-az5': 10, 'r7gd.xlarge_use1-az6': 50, 'r7i.12xlarge_use1-az4': 1, 'r7i.12xlarge_use1-az6': 10, 'r7i.16xlarge_use1-az1': 5, 'r7i.16xlarge_use1-az2': 15, 'r7i.16xlarge_use1-az4': 45, 'r7i.16xlarge_use1-az5': 5, 'r7i.16xlarge_use1-az6': 50, 'r7i.24xlarge_use1-az1': 1, 'r7i.24xlarge_use1-az2': 1, 'r7i.24xlarge_use1-az4': 5, 'r7i.24xlarge_use1-az5': 5, 'r7i.24xlarge_use1-az6': 5, 'r7i.2xlarge_use1-az1': 5, 'r7i.2xlarge_use1-az2': 5, 'r7i.2xlarge_use1-az4': 10, 'r7i.2xlarge_use1-az5': 5, 'r7i.2xlarge_use1-az6': 50, 'r7i.48xlarge_use1-az2': 1, 'r7i.48xlarge_use1-az4': 5, 'r7i.48xlarge_use1-az5': 1, 'r7i.48xlarge_use1-az6': 5, 'r7i.4xlarge_use1-az1': 5, 'r7i.4xlarge_use1-az2': 20, 'r7i.4xlarge_use1-az4': 10, 'r7i.4xlarge_use1-az5': 1, 'r7i.4xlarge_use1-az6': 50, 'r7i.8xlarge_use1-az1': 5, 'r7i.8xlarge_use1-az2': 25, 'r7i.8xlarge_use1-az4': 25, 'r7i.8xlarge_use1-az5': 5, 'r7i.8xlarge_use1-az6': 50, 'r7i.large_use1-az1': 15, 'r7i.large_use1-az2': 50, 'r7i.large_use1-az4': 50, 'r7i.large_use1-az5': 15, 'r7i.large_use1-az6': 50, 'r7i.xlarge_use1-az1': 5, 'r7i.xlarge_use1-az2': 15, 'r7i.xlarge_use1-az4': 10, 'r7i.xlarge_use1-az5': 15, 'r7i.xlarge_use1-az6': 50, 'r8g.12xlarge_use1-az2': 5, 'r8g.12xlarge_use1-az4': 5, 'r8g.12xlarge_use1-az6': 15, 'r8g.16xlarge_use1-az1': 1, 'r8g.16xlarge_use1-az2': 50, 'r8g.16xlarge_use1-az4': 50, 'r8g.16xlarge_use1-az5': 5, 'r8g.16xlarge_use1-az6': 50, 'r8g.24xlarge_use1-az2': 10, 'r8g.24xlarge_use1-az4': 5, 'r8g.24xlarge_use1-az5': 5, 'r8g.24xlarge_use1-az6': 35, 'r8g.2xlarge_use1-az2': 5, 'r8g.2xlarge_use1-az4': 5, 'r8g.2xlarge_use1-az5': 1, 'r8g.2xlarge_use1-az6': 5, 'r8g.48xlarge_use1-az2': 1, 'r8g.48xlarge_use1-az4': 5, 'r8g.48xlarge_use1-az6': 5, 'r8g.4xlarge_use1-az2': 10, 'r8g.4xlarge_use1-az4': 35, 'r8g.4xlarge_use1-az5': 5, 'r8g.4xlarge_use1-az6': 50, 'r8g.8xlarge_use1-az2': 40, 'r8g.8xlarge_use1-az4': 15, 'r8g.8xlarge_use1-az5': 1, 'r8g.8xlarge_use1-az6': 50, 'r8g.large_use1-az1': 5, 'r8g.large_use1-az2': 30, 'r8g.large_use1-az4': 15, 'r8g.large_use1-az5': 10, 'r8g.large_use1-az6': 20, 'r8g.medium_use1-az1': 15, 'r8g.medium_use1-az2': 30, 'r8g.medium_use1-az4': 20, 'r8g.medium_use1-az5': 5, 'r8g.medium_use1-az6': 15, 'r8g.xlarge_use1-az1': 1, 'r8g.xlarge_use1-az2': 10, 'r8g.xlarge_use1-az4': 5, 'r8g.xlarge_use1-az5': 5, 'r8g.xlarge_use1-az6': 10, 'r8gb.24xlarge_use1-az6': 1, 'r8gb.2xlarge_use1-az2': 1, 'r8gb.2xlarge_use1-az4': 1, 'r8gb.large_use1-az2': 20, 'r8gb.large_use1-az4': 15, 'r8gb.large_use1-az6': 25, 'r8gb.medium_use1-az2': 50, 'r8gb.metal-24xl_use1-az6': 1, 'r8gb.xlarge_use1-az2': 5, 'r8gb.xlarge_use1-az4': 5, 'r8gb.xlarge_use1-az6': 5, 'r8gd.12xlarge_use1-az5': 1, 'r8gd.12xlarge_use1-az6': 1, 'r8gd.16xlarge_use1-az2': 1, 'r8gd.16xlarge_use1-az4': 1, 'r8gd.16xlarge_use1-az5': 1, 'r8gd.16xlarge_use1-az6': 15, 'r8gd.24xlarge_use1-az2': 1, 'r8gd.24xlarge_use1-az5': 1, 'r8gd.24xlarge_use1-az6': 25, 'r8gd.2xlarge_use1-az2': 25, 'r8gd.2xlarge_use1-az4': 30, 'r8gd.2xlarge_use1-az6': 50, 'r8gd.48xlarge_use1-az6': 50, 'r8gd.4xlarge_use1-az1': 1, 'r8gd.4xlarge_use1-az2': 20, 'r8gd.4xlarge_use1-az5': 1, 'r8gd.4xlarge_use1-az6': 15, 'r8gd.8xlarge_use1-az2': 5, 'r8gd.8xlarge_use1-az4': 1, 'r8gd.8xlarge_use1-az5': 1, 'r8gd.8xlarge_use1-az6': 1, 'r8gd.large_use1-az2': 50, 'r8gd.large_use1-az5': 1, 'r8gd.large_use1-az6': 50, 'r8gd.medium_use1-az1': 5, 'r8gd.medium_use1-az2': 5, 'r8gd.medium_use1-az4': 5, 'r8gd.medium_use1-az5': 10, 'r8gd.metal-24xl_use1-az6': 1, 'r8gd.metal-48xl_use1-az6': 1, 'r8gd.xlarge_use1-az2': 25, 'r8gd.xlarge_use1-az4': 1, 'r8gd.xlarge_use1-az5': 50, 'r8gd.xlarge_use1-az6': 40, 'r8gn.16xlarge_use1-az6': 1, 'r8gn.24xlarge_use1-az2': 1, 'r8gn.2xlarge_use1-az2': 1, 'r8gn.2xlarge_use1-az6': 1, 'r8gn.48xlarge_use1-az6': 1, 'r8gn.4xlarge_use1-az6': 5, 'r8gn.8xlarge_use1-az2': 1, 'r8gn.8xlarge_use1-az6': 5, 'r8gn.large_use1-az2': 20, 'r8gn.large_use1-az4': 15, 'r8gn.large_use1-az6': 20, 'r8gn.medium_use1-az2': 35, 'r8gn.medium_use1-az4': 40, 'r8gn.metal-24xl_use1-az2': 1, 'r8gn.metal-24xl_use1-az6': 1, 'r8gn.xlarge_use1-az2': 1, 'r8gn.xlarge_use1-az4': 5, 'r8gn.xlarge_use1-az6': 10, 'r8i-flex.2xlarge_use1-az2': 1, 'r8i-flex.2xlarge_use1-az6': 5, 'r8i-flex.4xlarge_use1-az2': 1, 'r8i-flex.4xlarge_use1-az6': 1, 'r8i-flex.large_use1-az2': 1, 'r8i-flex.large_use1-az6': 5, 'r8i-flex.xlarge_use1-az2': 5, 'r8i-flex.xlarge_use1-az6': 1, 'r8i.12xlarge_use1-az2': 1, 'r8i.12xlarge_use1-az6': 1, 'r8i.16xlarge_use1-az2': 1, 'r8i.16xlarge_use1-az6': 1, 'r8i.24xlarge_use1-az6': 1, 'r8i.2xlarge_use1-az2': 5, 'r8i.2xlarge_use1-az6': 5, 'r8i.32xlarge_use1-az2': 1, 'r8i.32xlarge_use1-az6': 1, 'r8i.48xlarge_use1-az2': 1, 'r8i.48xlarge_use1-az6': 1, 'r8i.4xlarge_use1-az2': 1, 'r8i.4xlarge_use1-az6': 5, 'r8i.8xlarge_use1-az2': 1, 'r8i.8xlarge_use1-az6': 5, 'r8i.96xlarge_use1-az2': 1, 'r8i.96xlarge_use1-az6': 1, 'r8i.large_use1-az2': 20, 'r8i.large_use1-az6': 20, 'r8i.xlarge_use1-az2': 5, 'r8i.xlarge_use1-az6': 5, 't2.2xlarge_use1-az1': 50, 't2.2xlarge_use1-az2': 50, 't2.2xlarge_use1-az3': 15, 't2.2xlarge_use1-az4': 50, 't2.2xlarge_use1-az5': 50, 't2.2xlarge_use1-az6': 50, 't2.large_use1-az1': 20, 't2.large_use1-az2': 50, 't2.large_use1-az3': 50, 't2.large_use1-az4': 50, 't2.large_use1-az5': 25, 't2.large_use1-az6': 50, 't2.medium_use1-az1': 50, 't2.medium_use1-az2': 50, 't2.medium_use1-az3': 50, 't2.medium_use1-az4': 50, 't2.medium_use1-az5': 50, 't2.medium_use1-az6': 50, 't2.xlarge_use1-az1': 35, 't2.xlarge_use1-az2': 50, 't2.xlarge_use1-az3': 20, 't2.xlarge_use1-az4': 50, 't2.xlarge_use1-az5': 5, 't2.xlarge_use1-az6': 50, 't3.2xlarge_use1-az1': 50, 't3.2xlarge_use1-az2': 50, 't3.2xlarge_use1-az4': 50, 't3.2xlarge_use1-az5': 50, 't3.2xlarge_use1-az6': 50, 't3.large_use1-az1': 50, 't3.large_use1-az2': 50, 't3.large_use1-az4': 50, 't3.large_use1-az5': 50, 't3.large_use1-az6': 50, 't3.medium_use1-az1': 50, 't3.medium_use1-az2': 50, 't3.medium_use1-az4': 50, 't3.medium_use1-az5': 50, 't3.medium_use1-az6': 50, 't3.xlarge_use1-az1': 50, 't3.xlarge_use1-az2': 50, 't3.xlarge_use1-az4': 50, 't3.xlarge_use1-az5': 50, 't3.xlarge_use1-az6': 50, 't3a.2xlarge_use1-az1': 50, 't3a.2xlarge_use1-az2': 50, 't3a.2xlarge_use1-az4': 50, 't3a.2xlarge_use1-az5': 50, 't3a.2xlarge_use1-az6': 50, 't3a.large_use1-az1': 50, 't3a.large_use1-az2': 50, 't3a.large_use1-az4': 50, 't3a.large_use1-az5': 5, 't3a.large_use1-az6': 50, 't3a.medium_use1-az1': 50, 't3a.medium_use1-az2': 50, 't3a.medium_use1-az4': 50, 't3a.medium_use1-az5': 5, 't3a.medium_use1-az6': 50, 't3a.xlarge_use1-az1': 25, 't3a.xlarge_use1-az2': 50, 't3a.xlarge_use1-az4': 50, 't3a.xlarge_use1-az5': 15, 't3a.xlarge_use1-az6': 50, 't4g.2xlarge_use1-az1': 5, 't4g.2xlarge_use1-az2': 15, 't4g.2xlarge_use1-az4': 5, 't4g.2xlarge_use1-az5': 10, 't4g.2xlarge_use1-az6': 10, 't4g.large_use1-az1': 1, 't4g.large_use1-az2': 15, 't4g.large_use1-az4': 50, 't4g.large_use1-az5': 25, 't4g.large_use1-az6': 35, 't4g.medium_use1-az1': 1, 't4g.medium_use1-az2': 50, 't4g.medium_use1-az4': 50, 't4g.medium_use1-az5': 35, 't4g.medium_use1-az6': 50, 't4g.xlarge_use1-az1': 30, 't4g.xlarge_use1-az2': 15, 't4g.xlarge_use1-az4': 50, 't4g.xlarge_use1-az5': 5, 't4g.xlarge_use1-az6': 10, 'trn1.2xlarge_use1-az5': 5, 'trn1.2xlarge_use1-az6': 20, 'trn1.32xlarge_use1-az6': 50, 'trn1n.32xlarge_use1-az6': 50, 'vt1.3xlarge_use1-az2': 1, 'x1.16xlarge_use1-az2': 1, 'x1.16xlarge_use1-az4': 1, 'x1.16xlarge_use1-az6': 1, 'x1.32xlarge_use1-az2': 1, 'x1.32xlarge_use1-az3': 5, 'x1.32xlarge_use1-az6': 1, 'x1e.16xlarge_use1-az6': 5, 'x2gd.12xlarge_use1-az5': 5, 'x2gd.16xlarge_use1-az5': 1, 'x2gd.16xlarge_use1-az6': 15, 'x2gd.2xlarge_use1-az1': 5, 'x2gd.2xlarge_use1-az4': 1, 'x2gd.2xlarge_use1-az5': 5, 'x2gd.2xlarge_use1-az6': 30, 'x2gd.4xlarge_use1-az1': 1, 'x2gd.4xlarge_use1-az2': 1, 'x2gd.4xlarge_use1-az4': 5, 'x2gd.4xlarge_use1-az5': 1, 'x2gd.4xlarge_use1-az6': 35, 'x2gd.8xlarge_use1-az4': 1, 'x2gd.8xlarge_use1-az5': 1, 'x2gd.8xlarge_use1-az6': 5, 'x2gd.large_use1-az1': 35, 'x2gd.large_use1-az2': 25, 'x2gd.large_use1-az4': 15, 'x2gd.large_use1-az5': 25, 'x2gd.large_use1-az6': 50, 'x2gd.medium_use1-az1': 25, 'x2gd.medium_use1-az2': 35, 'x2gd.medium_use1-az4': 50, 'x2gd.medium_use1-az5': 50, 'x2gd.medium_use1-az6': 50, 'x2gd.xlarge_use1-az1': 5, 'x2gd.xlarge_use1-az2': 1, 'x2gd.xlarge_use1-az4': 20, 'x2gd.xlarge_use1-az5': 15, 'x2gd.xlarge_use1-az6': 25, 'x2idn.16xlarge_use1-az2': 1, 'x2idn.16xlarge_use1-az5': 1, 'x2idn.24xlarge_use1-az4': 1, 'x2idn.24xlarge_use1-az5': 1, 'x2idn.32xlarge_use1-az5': 1, 'x2iedn.2xlarge_use1-az5': 1, 'x2iedn.xlarge_use1-az5': 1, 'x8g.12xlarge_use1-az2': 1, 'x8g.12xlarge_use1-az4': 20, 'x8g.12xlarge_use1-az6': 1, 'x8g.16xlarge_use1-az1': 1, 'x8g.16xlarge_use1-az2': 5, 'x8g.16xlarge_use1-az4': 5, 'x8g.16xlarge_use1-az6': 5, 'x8g.24xlarge_use1-az1': 1, 'x8g.24xlarge_use1-az2': 5, 'x8g.24xlarge_use1-az4': 5, 'x8g.24xlarge_use1-az6': 10, 'x8g.2xlarge_use1-az1': 5, 'x8g.2xlarge_use1-az2': 10, 'x8g.2xlarge_use1-az4': 10, 'x8g.2xlarge_use1-az6': 25, 'x8g.48xlarge_use1-az1': 1, 'x8g.48xlarge_use1-az2': 1, 'x8g.48xlarge_use1-az4': 10, 'x8g.48xlarge_use1-az6': 1, 'x8g.4xlarge_use1-az1': 1, 'x8g.4xlarge_use1-az2': 5, 'x8g.4xlarge_use1-az4': 5, 'x8g.4xlarge_use1-az6': 10, 'x8g.8xlarge_use1-az2': 15, 'x8g.8xlarge_use1-az4': 20, 'x8g.8xlarge_use1-az6': 5, 'x8g.large_use1-az1': 30, 'x8g.large_use1-az4': 50, 'x8g.large_use1-az6': 50, 'x8g.medium_use1-az1': 50, 'x8g.medium_use1-az4': 50, 'x8g.medium_use1-az6': 50, 'x8g.metal-24xl_use1-az1': 1, 'x8g.metal-24xl_use1-az2': 1, 'x8g.metal-24xl_use1-az4': 1, 'x8g.metal-24xl_use1-az6': 10, 'x8g.metal-48xl_use1-az2': 1, 'x8g.metal-48xl_use1-az4': 1, 'x8g.metal-48xl_use1-az6': 1, 'x8g.xlarge_use1-az1': 10, 'x8g.xlarge_use1-az2': 20, 'x8g.xlarge_use1-az4': 40, 'x8g.xlarge_use1-az6': 50, 'z1d.12xlarge_use1-az1': 1, 'z1d.12xlarge_use1-az2': 1, 'z1d.12xlarge_use1-az4': 1, 'z1d.12xlarge_use1-az5': 1, 'z1d.12xlarge_use1-az6': 5, 'z1d.2xlarge_use1-az1': 5, 'z1d.2xlarge_use1-az2': 5, 'z1d.2xlarge_use1-az4': 15, 'z1d.2xlarge_use1-az5': 1, 'z1d.2xlarge_use1-az6': 15, 'z1d.3xlarge_use1-az1': 5, 'z1d.3xlarge_use1-az2': 5, 'z1d.3xlarge_use1-az4': 10, 'z1d.3xlarge_use1-az5': 5, 'z1d.3xlarge_use1-az6': 5, 'z1d.6xlarge_use1-az1': 1, 'z1d.6xlarge_use1-az2': 1, 'z1d.6xlarge_use1-az4': 1, 'z1d.6xlarge_use1-az6': 1, 'z1d.large_use1-az1': 15, 'z1d.large_use1-az2': 5, 'z1d.large_use1-az4': 25, 'z1d.large_use1-az5': 10, 'z1d.large_use1-az6': 25, 'z1d.xlarge_use1-az1': 10, 'z1d.xlarge_use1-az2': 20, 'z1d.xlarge_use1-az4': 30, 'z1d.xlarge_use1-az5': 1, 'z1d.xlarge_use1-az6': 20}"
0.6900000000000001,25457.07059999996,28986066470,1138625.371557904,1114293,1114193,"{'c3.8xlarge_use1-az6': 1, 'c4.4xlarge_use1-az1': 5, 'c4.4xlarge_use1-az4': 5, 'c4.4xlarge_use1-az5': 5, 'c4.8xlarge_use1-az1': 1, 'c4.8xlarge_use1-az2': 5, 'c4.8xlarge_use1-az3': 5, 'c4.8xlarge_use1-az4': 15, 'c4.8xlarge_use1-az5': 5, 'c4.8xlarge_use1-az6': 5, 'c5.12xlarge_use1-az1': 50, 'c5.12xlarge_use1-az2': 50, 'c5.12xlarge_use1-az4': 50, 'c5.12xlarge_use1-az5': 50, 'c5.12xlarge_use1-az6': 50, 'c5.18xlarge_use1-az1': 5, 'c5.18xlarge_use1-az2': 50, 'c5.18xlarge_use1-az4': 15, 'c5.18xlarge_use1-az5': 10, 'c5.18xlarge_use1-az6': 1, 'c5.24xlarge_use1-az1': 1, 'c5.24xlarge_use1-az2': 5, 'c5.24xlarge_use1-az4': 5, 'c5.24xlarge_use1-az5': 1, 'c5.24xlarge_use1-az6': 5, 'c5.2xlarge_use1-az1': 50, 'c5.2xlarge_use1-az2': 50, 'c5.2xlarge_use1-az4': 50, 'c5.2xlarge_use1-az5': 50, 'c5.2xlarge_use1-az6': 50, 'c5.4xlarge_use1-az1': 50, 'c5.4xlarge_use1-az2': 50, 'c5.4xlarge_use1-az4': 50, 'c5.4xlarge_use1-az5': 50, 'c5.4xlarge_use1-az6': 50, 'c5.9xlarge_use1-az1': 50, 'c5.9xlarge_use1-az2': 50, 'c5.9xlarge_use1-az4': 50, 'c5.9xlarge_use1-az5': 50, 'c5.9xlarge_use1-az6': 50, 'c5.large_use1-az1': 50, 'c5.large_use1-az2': 50, 'c5.large_use1-az4': 50, 'c5.large_use1-az5': 50, 'c5.large_use1-az6': 50, 'c5.xlarge_use1-az1': 50, 'c5.xlarge_use1-az2': 50, 'c5.xlarge_use1-az4': 50, 'c5.xlarge_use1-az5': 50, 'c5.xlarge_use1-az6': 50, 'c5a.12xlarge_use1-az1': 5, 'c5a.12xlarge_use1-az2': 10, 'c5a.12xlarge_use1-az4': 15, 'c5a.12xlarge_use1-az5': 1, 'c5a.12xlarge_use1-az6': 5, 'c5a.16xlarge_use1-az4': 1, 'c5a.16xlarge_use1-az6': 1, 'c5a.24xlarge_use1-az2': 1, 'c5a.24xlarge_use1-az4': 1, 'c5a.24xlarge_use1-az6': 1, 'c5a.2xlarge_use1-az1': 30, 'c5a.2xlarge_use1-az2': 20, 'c5a.2xlarge_use1-az4': 50, 'c5a.2xlarge_use1-az5': 15, 'c5a.2xlarge_use1-az6': 50, 'c5a.4xlarge_use1-az1': 5, 'c5a.4xlarge_use1-az2': 1, 'c5a.4xlarge_use1-az4': 5, 'c5a.4xlarge_use1-az5': 5, 'c5a.4xlarge_use1-az6': 5, 'c5a.8xlarge_use1-az1': 1, 'c5a.8xlarge_use1-az2': 1, 'c5a.8xlarge_use1-az4': 5, 'c5a.8xlarge_use1-az6': 15, 'c5a.large_use1-az1': 50, 'c5a.large_use1-az2': 50, 'c5a.large_use1-az4': 50, 'c5a.large_use1-az5': 45, 'c5a.large_use1-az6': 50, 'c5a.xlarge_use1-az1': 50, 'c5a.xlarge_use1-az2': 50, 'c5a.xlarge_use1-az4': 50, 'c5a.xlarge_use1-az5': 50, 'c5a.xlarge_use1-az6': 50, 'c5ad.12xlarge_use1-az1': 5, 'c5ad.12xlarge_use1-az2': 5, 'c5ad.12xlarge_use1-az4': 5, 'c5ad.12xlarge_use1-az6': 5, 'c5ad.16xlarge_use1-az1': 1, 'c5ad.16xlarge_use1-az2': 5, 'c5ad.16xlarge_use1-az4': 1, 'c5ad.16xlarge_use1-az6': 1, 'c5ad.24xlarge_use1-az1': 1, 'c5ad.24xlarge_use1-az2': 1, 'c5ad.24xlarge_use1-az4': 1, 'c5ad.24xlarge_use1-az6': 5, 'c5ad.2xlarge_use1-az1': 10, 'c5ad.2xlarge_use1-az2': 5, 'c5ad.2xlarge_use1-az4': 5, 'c5ad.2xlarge_use1-az5': 5, 'c5ad.2xlarge_use1-az6': 15, 'c5ad.4xlarge_use1-az1': 5, 'c5ad.4xlarge_use1-az2': 5, 'c5ad.4xlarge_use1-az4': 1, 'c5ad.4xlarge_use1-az5': 1, 'c5ad.4xlarge_use1-az6': 10, 'c5ad.8xlarge_use1-az1': 1, 'c5ad.8xlarge_use1-az2': 1, 'c5ad.8xlarge_use1-az4': 1, 'c5ad.8xlarge_use1-az5': 1, 'c5ad.8xlarge_use1-az6': 1, 'c5ad.large_use1-az1': 20, 'c5ad.large_use1-az2': 30, 'c5ad.large_use1-az4': 10, 'c5ad.large_use1-az5': 15, 'c5ad.large_use1-az6': 20, 'c5ad.xlarge_use1-az1': 15, 'c5ad.xlarge_use1-az2': 10, 'c5ad.xlarge_use1-az4': 5, 'c5ad.xlarge_use1-az5': 5, 'c5ad.xlarge_use1-az6': 15, 'c5d.12xlarge_use1-az2': 15, 'c5d.12xlarge_use1-az4': 5, 'c5d.12xlarge_use1-az6': 45, 'c5d.18xlarge_use1-az1': 5, 'c5d.18xlarge_use1-az2': 50, 'c5d.18xlarge_use1-az4': 50, 'c5d.18xlarge_use1-az5': 5, 'c5d.18xlarge_use1-az6': 30, 'c5d.24xlarge_use1-az2': 35, 'c5d.24xlarge_use1-az4': 25, 'c5d.24xlarge_use1-az6': 50, 'c5d.2xlarge_use1-az1': 15, 'c5d.2xlarge_use1-az2': 50, 'c5d.2xlarge_use1-az4': 50, 'c5d.2xlarge_use1-az5': 20, 'c5d.2xlarge_use1-az6': 50, 'c5d.4xlarge_use1-az1': 20, 'c5d.4xlarge_use1-az2': 50, 'c5d.4xlarge_use1-az4': 50, 'c5d.4xlarge_use1-az5': 25, 'c5d.4xlarge_use1-az6': 50, 'c5d.9xlarge_use1-az1': 10, 'c5d.9xlarge_use1-az2': 20, 'c5d.9xlarge_use1-az4': 50, 'c5d.9xlarge_use1-az5': 10, 'c5d.9xlarge_use1-az6': 25, 'c5d.large_use1-az1': 50, 'c5d.large_use1-az2': 50, 'c5d.large_use1-az4': 50, 'c5d.large_use1-az5': 35, 'c5d.large_use1-az6': 50, 'c5d.xlarge_use1-az1': 50, 'c5d.xlarge_use1-az2': 50, 'c5d.xlarge_use1-az4': 50, 'c5d.xlarge_use1-az5': 50, 'c5d.xlarge_use1-az6': 50, 'c5n.18xlarge_use1-az1': 30, 'c5n.18xlarge_use1-az2': 5, 'c5n.18xlarge_use1-az4': 10, 'c5n.2xlarge_use1-az1': 5, 'c5n.2xlarge_use1-az2': 10, 'c5n.2xlarge_use1-az4': 15, 'c5n.2xlarge_use1-az5': 10, 'c5n.2xlarge_use1-az6': 10, 'c5n.4xlarge_use1-az1': 5, 'c5n.4xlarge_use1-az2': 1, 'c5n.4xlarge_use1-az6': 1, 'c5n.9xlarge_use1-az1': 10, 'c5n.9xlarge_use1-az2': 1, 'c5n.9xlarge_use1-az4': 5, 'c5n.large_use1-az1': 10, 'c5n.large_use1-az2': 10, 'c5n.large_use1-az4': 25, 'c5n.large_use1-az5': 5, 'c5n.large_use1-az6': 5, 'c5n.xlarge_use1-az5': 1, 'c6a.12xlarge_use1-az1': 5, 'c6a.12xlarge_use1-az2': 50, 'c6a.12xlarge_use1-az4': 50, 'c6a.12xlarge_use1-az5': 1, 'c6a.12xlarge_use1-az6': 15, 'c6a.16xlarge_use1-az1': 1, 'c6a.16xlarge_use1-az2': 5, 'c6a.16xlarge_use1-az4': 10, 'c6a.16xlarge_use1-az5': 1, 'c6a.16xlarge_use1-az6': 15, 'c6a.24xlarge_use1-az1': 1, 'c6a.24xlarge_use1-az2': 5, 'c6a.24xlarge_use1-az4': 5, 'c6a.24xlarge_use1-az5': 5, 'c6a.24xlarge_use1-az6': 20, 'c6a.2xlarge_use1-az1': 10, 'c6a.2xlarge_use1-az2': 40, 'c6a.2xlarge_use1-az4': 50, 'c6a.2xlarge_use1-az5': 10, 'c6a.2xlarge_use1-az6': 50, 'c6a.32xlarge_use1-az2': 1, 'c6a.32xlarge_use1-az4': 1, 'c6a.32xlarge_use1-az5': 1, 'c6a.32xlarge_use1-az6': 5, 'c6a.48xlarge_use1-az2': 1, 'c6a.48xlarge_use1-az4': 10, 'c6a.48xlarge_use1-az5': 5, 'c6a.48xlarge_use1-az6': 25, 'c6a.4xlarge_use1-az1': 15, 'c6a.4xlarge_use1-az2': 15, 'c6a.4xlarge_use1-az4': 30, 'c6a.4xlarge_use1-az5': 15, 'c6a.4xlarge_use1-az6': 50, 'c6a.8xlarge_use1-az1': 5, 'c6a.8xlarge_use1-az2': 50, 'c6a.8xlarge_use1-az4': 30, 'c6a.8xlarge_use1-az5': 25, 'c6a.8xlarge_use1-az6': 50, 'c6a.large_use1-az1': 45, 'c6a.large_use1-az2': 50, 'c6a.large_use1-az4': 50, 'c6a.large_use1-az5': 50, 'c6a.large_use1-az6': 20, 'c6a.xlarge_use1-az1': 15, 'c6a.xlarge_use1-az2': 25, 'c6a.xlarge_use1-az4': 25, 'c6a.xlarge_use1-az5': 15, 'c6a.xlarge_use1-az6': 25, 'c6g.12xlarge_use1-az1': 15, 'c6g.12xlarge_use1-az2': 25, 'c6g.12xlarge_use1-az4': 50, 'c6g.12xlarge_use1-az5': 5, 'c6g.12xlarge_use1-az6': 50, 'c6g.16xlarge_use1-az1': 1, 'c6g.16xlarge_use1-az2': 15, 'c6g.16xlarge_use1-az4': 50, 'c6g.16xlarge_use1-az5': 5, 'c6g.16xlarge_use1-az6': 50, 'c6g.2xlarge_use1-az1': 5, 'c6g.2xlarge_use1-az2': 50, 'c6g.2xlarge_use1-az4': 50, 'c6g.2xlarge_use1-az5': 15, 'c6g.2xlarge_use1-az6': 50, 'c6g.4xlarge_use1-az1': 50, 'c6g.4xlarge_use1-az2': 50, 'c6g.4xlarge_use1-az4': 50, 'c6g.4xlarge_use1-az5': 50, 'c6g.4xlarge_use1-az6': 50, 'c6g.8xlarge_use1-az1': 50, 'c6g.8xlarge_use1-az2': 50, 'c6g.8xlarge_use1-az4': 50, 'c6g.8xlarge_use1-az5': 50, 'c6g.8xlarge_use1-az6': 50, 'c6g.large_use1-az2': 50, 'c6g.large_use1-az4': 50, 'c6g.large_use1-az5': 50, 'c6g.large_use1-az6': 50, 'c6g.xlarge_use1-az1': 30, 'c6g.xlarge_use1-az2': 50, 'c6g.xlarge_use1-az4': 50, 'c6g.xlarge_use1-az5': 10, 'c6g.xlarge_use1-az6': 50, 'c6gd.12xlarge_use1-az2': 50, 'c6gd.12xlarge_use1-az4': 30, 'c6gd.12xlarge_use1-az5': 1, 'c6gd.12xlarge_use1-az6': 50, 'c6gd.16xlarge_use1-az2': 50, 'c6gd.16xlarge_use1-az4': 30, 'c6gd.16xlarge_use1-az6': 50, 'c6gd.2xlarge_use1-az1': 15, 'c6gd.2xlarge_use1-az2': 50, 'c6gd.2xlarge_use1-az4': 50, 'c6gd.2xlarge_use1-az5': 1, 'c6gd.2xlarge_use1-az6': 50, 'c6gd.4xlarge_use1-az1': 20, 'c6gd.4xlarge_use1-az2': 50, 'c6gd.4xlarge_use1-az4': 50, 'c6gd.4xlarge_use1-az5': 10, 'c6gd.4xlarge_use1-az6': 50, 'c6gd.8xlarge_use1-az1': 25, 'c6gd.8xlarge_use1-az2': 45, 'c6gd.8xlarge_use1-az4': 45, 'c6gd.8xlarge_use1-az5': 1, 'c6gd.8xlarge_use1-az6': 50, 'c6gd.large_use1-az1': 50, 'c6gd.large_use1-az2': 5, 'c6gd.large_use1-az4': 20, 'c6gd.large_use1-az5': 1, 'c6gd.large_use1-az6': 50, 'c6gd.xlarge_use1-az1': 50, 'c6gd.xlarge_use1-az2': 1, 'c6gd.xlarge_use1-az4': 1, 'c6gd.xlarge_use1-az5': 50, 'c6gd.xlarge_use1-az6': 50, 'c6gn.12xlarge_use1-az2': 25, 'c6gn.12xlarge_use1-az4': 50, 'c6gn.12xlarge_use1-az5': 1, 'c6gn.16xlarge_use1-az1': 1, 'c6gn.16xlarge_use1-az2': 50, 'c6gn.16xlarge_use1-az4': 50, 'c6gn.16xlarge_use1-az5': 10, 'c6gn.2xlarge_use1-az1': 5, 'c6gn.2xlarge_use1-az2': 1, 'c6gn.2xlarge_use1-az4': 20, 'c6gn.2xlarge_use1-az5': 1, 'c6gn.4xlarge_use1-az1': 1, 'c6gn.4xlarge_use1-az2': 40, 'c6gn.4xlarge_use1-az4': 35, 'c6gn.4xlarge_use1-az5': 10, 'c6gn.8xlarge_use1-az1': 25, 'c6gn.8xlarge_use1-az2': 35, 'c6gn.8xlarge_use1-az4': 30, 'c6gn.8xlarge_use1-az5': 5, 'c6gn.8xlarge_use1-az6': 5, 'c6gn.large_use1-az1': 5, 'c6gn.large_use1-az2': 25, 'c6gn.large_use1-az5': 15, 'c6gn.large_use1-az6': 1, 'c6gn.xlarge_use1-az1': 5, 'c6gn.xlarge_use1-az2': 10, 'c6gn.xlarge_use1-az4': 15, 'c6gn.xlarge_use1-az5': 5, 'c6gn.xlarge_use1-az6': 1, 'c6i.12xlarge_use1-az1': 15, 'c6i.12xlarge_use1-az2': 15, 'c6i.12xlarge_use1-az4': 30, 'c6i.12xlarge_use1-az5': 5, 'c6i.12xlarge_use1-az6': 5, 'c6i.16xlarge_use1-az1': 5, 'c6i.16xlarge_use1-az2': 15, 'c6i.16xlarge_use1-az4': 25, 'c6i.16xlarge_use1-az5': 10, 'c6i.16xlarge_use1-az6': 30, 'c6i.24xlarge_use1-az1': 5, 'c6i.24xlarge_use1-az2': 5, 'c6i.24xlarge_use1-az4': 10, 'c6i.24xlarge_use1-az5': 1, 'c6i.24xlarge_use1-az6': 15, 'c6i.2xlarge_use1-az1': 20, 'c6i.2xlarge_use1-az2': 50, 'c6i.2xlarge_use1-az4': 50, 'c6i.2xlarge_use1-az5': 5, 'c6i.2xlarge_use1-az6': 50, 'c6i.32xlarge_use1-az1': 10, 'c6i.32xlarge_use1-az2': 5, 'c6i.32xlarge_use1-az4': 50, 'c6i.32xlarge_use1-az5': 1, 'c6i.32xlarge_use1-az6': 40, 'c6i.4xlarge_use1-az1': 10, 'c6i.4xlarge_use1-az2': 40, 'c6i.4xlarge_use1-az4': 50, 'c6i.4xlarge_use1-az5': 15, 'c6i.4xlarge_use1-az6': 50, 'c6i.8xlarge_use1-az1': 10, 'c6i.8xlarge_use1-az2': 45, 'c6i.8xlarge_use1-az4': 50, 'c6i.8xlarge_use1-az5': 10, 'c6i.8xlarge_use1-az6': 50, 'c6i.large_use1-az1': 10, 'c6i.large_use1-az2': 40, 'c6i.large_use1-az4': 30, 'c6i.large_use1-az5': 10, 'c6i.large_use1-az6': 50, 'c6i.xlarge_use1-az1': 50, 'c6i.xlarge_use1-az2': 45, 'c6i.xlarge_use1-az4': 35, 'c6i.xlarge_use1-az5': 10, 'c6i.xlarge_use1-az6': 50, 'c6id.12xlarge_use1-az1': 1, 'c6id.12xlarge_use1-az2': 1, 'c6id.12xlarge_use1-az4': 5, 'c6id.12xlarge_use1-az6': 5, 'c6id.16xlarge_use1-az1': 1, 'c6id.16xlarge_use1-az2': 5, 'c6id.16xlarge_use1-az4': 5, 'c6id.16xlarge_use1-az5': 1, 'c6id.16xlarge_use1-az6': 1, 'c6id.24xlarge_use1-az1': 5, 'c6id.24xlarge_use1-az2': 15, 'c6id.24xlarge_use1-az4': 5, 'c6id.24xlarge_use1-az5': 1, 'c6id.24xlarge_use1-az6': 10, 'c6id.2xlarge_use1-az1': 1, 'c6id.2xlarge_use1-az2': 1, 'c6id.2xlarge_use1-az4': 5, 'c6id.2xlarge_use1-az5': 5, 'c6id.2xlarge_use1-az6': 1, 'c6id.32xlarge_use1-az1': 1, 'c6id.32xlarge_use1-az2': 5, 'c6id.32xlarge_use1-az4': 10, 'c6id.32xlarge_use1-az5': 1, 'c6id.32xlarge_use1-az6': 5, 'c6id.4xlarge_use1-az1': 15, 'c6id.4xlarge_use1-az2': 10, 'c6id.4xlarge_use1-az4': 10, 'c6id.4xlarge_use1-az6': 5, 'c6id.8xlarge_use1-az1': 5, 'c6id.8xlarge_use1-az2': 1, 'c6id.8xlarge_use1-az4': 5, 'c6id.8xlarge_use1-az5': 1, 'c6id.8xlarge_use1-az6': 1, 'c6id.large_use1-az1': 5, 'c6id.large_use1-az2': 5, 'c6id.large_use1-az4': 1, 'c6id.large_use1-az5': 5, 'c6id.large_use1-az6': 5, 'c6id.xlarge_use1-az1': 5, 'c6id.xlarge_use1-az2': 1, 'c6id.xlarge_use1-az4': 5, 'c6id.xlarge_use1-az5': 1, 'c6id.xlarge_use1-az6': 1, 'c6in.12xlarge_use1-az1': 1, 'c6in.12xlarge_use1-az6': 1, 'c6in.16xlarge_use1-az4': 1, 'c6in.24xlarge_use1-az6': 1, 'c6in.2xlarge_use1-az2': 1, 'c6in.2xlarge_use1-az4': 1, 'c6in.2xlarge_use1-az6': 1, 'c6in.32xlarge_use1-az1': 1, 'c6in.32xlarge_use1-az6': 1, 'c6in.4xlarge_use1-az2': 5, 'c6in.4xlarge_use1-az4': 5, 'c6in.4xlarge_use1-az6': 25, 'c6in.8xlarge_use1-az1': 1, 'c6in.8xlarge_use1-az6': 1, 'c6in.large_use1-az1': 5, 'c6in.large_use1-az2': 1, 'c6in.large_use1-az4': 1, 'c6in.large_use1-az5': 1, 'c6in.large_use1-az6': 5, 'c6in.xlarge_use1-az1': 20, 'c6in.xlarge_use1-az2': 1, 'c6in.xlarge_use1-az4': 1, 'c6in.xlarge_use1-az6': 10, 'c7a.12xlarge_use1-az1': 5, 'c7a.12xlarge_use1-az2': 5, 'c7a.12xlarge_use1-az4': 1, 'c7a.12xlarge_use1-az6': 15, 'c7a.16xlarge_use1-az1': 1, 'c7a.16xlarge_use1-az2': 1, 'c7a.16xlarge_use1-az6': 5, 'c7a.24xlarge_use1-az1': 1, 'c7a.24xlarge_use1-az2': 1, 'c7a.24xlarge_use1-az5': 1, 'c7a.24xlarge_use1-az6': 5, 'c7a.2xlarge_use1-az1': 1, 'c7a.2xlarge_use1-az2': 1, 'c7a.2xlarge_use1-az4': 25, 'c7a.2xlarge_use1-az5': 1, 'c7a.2xlarge_use1-az6': 10, 'c7a.32xlarge_use1-az1': 1, 'c7a.32xlarge_use1-az2': 1, 'c7a.32xlarge_use1-az6': 15, 'c7a.48xlarge_use1-az1': 1, 'c7a.48xlarge_use1-az2': 1, 'c7a.48xlarge_use1-az5': 1, 'c7a.48xlarge_use1-az6': 20, 'c7a.4xlarge_use1-az1': 5, 'c7a.4xlarge_use1-az2': 10, 'c7a.4xlarge_use1-az4': 5, 'c7a.4xlarge_use1-az5': 1, 'c7a.4xlarge_use1-az6': 50, 'c7a.8xlarge_use1-az1': 1, 'c7a.8xlarge_use1-az2': 1, 'c7a.8xlarge_use1-az4': 1, 'c7a.8xlarge_use1-az6': 10, 'c7a.large_use1-az1': 15, 'c7a.large_use1-az2': 25, 'c7a.large_use1-az4': 30, 'c7a.large_use1-az5': 10, 'c7a.large_use1-az6': 50, 'c7a.xlarge_use1-az1': 5, 'c7a.xlarge_use1-az2': 5, 'c7a.xlarge_use1-az4': 10, 'c7a.xlarge_use1-az5': 5, 'c7a.xlarge_use1-az6': 15, 'c7g.12xlarge_use1-az1': 15, 'c7g.12xlarge_use1-az2': 50, 'c7g.12xlarge_use1-az4': 15, 'c7g.12xlarge_use1-az5': 1, 'c7g.12xlarge_use1-az6': 50, 'c7g.16xlarge_use1-az1': 25, 'c7g.16xlarge_use1-az2': 40, 'c7g.16xlarge_use1-az4': 50, 'c7g.16xlarge_use1-az5': 10, 'c7g.16xlarge_use1-az6': 50, 'c7g.2xlarge_use1-az1': 50, 'c7g.2xlarge_use1-az2': 50, 'c7g.2xlarge_use1-az4': 50, 'c7g.2xlarge_use1-az5': 50, 'c7g.2xlarge_use1-az6': 50, 'c7g.4xlarge_use1-az1': 50, 'c7g.4xlarge_use1-az2': 50, 'c7g.4xlarge_use1-az4': 50, 'c7g.4xlarge_use1-az5': 50, 'c7g.4xlarge_use1-az6': 50, 'c7g.8xlarge_use1-az1': 50, 'c7g.8xlarge_use1-az2': 50, 'c7g.8xlarge_use1-az4': 50, 'c7g.8xlarge_use1-az5': 50, 'c7g.8xlarge_use1-az6': 50, 'c7g.large_use1-az2': 45, 'c7g.large_use1-az4': 30, 'c7g.large_use1-az5': 10, 'c7g.large_use1-az6': 30, 'c7g.xlarge_use1-az1': 50, 'c7g.xlarge_use1-az2': 50, 'c7g.xlarge_use1-az4': 50, 'c7g.xlarge_use1-az5': 50, 'c7g.xlarge_use1-az6': 50, 'c7gd.12xlarge_use1-az1': 5, 'c7gd.12xlarge_use1-az2': 30, 'c7gd.12xlarge_use1-az4': 15, 'c7gd.12xlarge_use1-az5': 15, 'c7gd.12xlarge_use1-az6': 50, 'c7gd.16xlarge_use1-az1': 5, 'c7gd.16xlarge_use1-az2': 30, 'c7gd.16xlarge_use1-az4': 40, 'c7gd.16xlarge_use1-az5': 1, 'c7gd.16xlarge_use1-az6': 50, 'c7gd.2xlarge_use1-az1': 15, 'c7gd.2xlarge_use1-az2': 50, 'c7gd.2xlarge_use1-az4': 50, 'c7gd.2xlarge_use1-az5': 5, 'c7gd.2xlarge_use1-az6': 50, 'c7gd.4xlarge_use1-az1': 30, 'c7gd.4xlarge_use1-az2': 25, 'c7gd.4xlarge_use1-az4': 50, 'c7gd.4xlarge_use1-az5': 1, 'c7gd.4xlarge_use1-az6': 50, 'c7gd.8xlarge_use1-az1': 5, 'c7gd.8xlarge_use1-az2': 15, 'c7gd.8xlarge_use1-az4': 10, 'c7gd.8xlarge_use1-az5': 5, 'c7gd.8xlarge_use1-az6': 20, 'c7gd.large_use1-az1': 1, 'c7gd.large_use1-az2': 25, 'c7gd.large_use1-az4': 5, 'c7gd.large_use1-az5': 10, 'c7gd.large_use1-az6': 20, 'c7gd.xlarge_use1-az1': 15, 'c7gd.xlarge_use1-az2': 50, 'c7gd.xlarge_use1-az4': 5, 'c7gd.xlarge_use1-az5': 15, 'c7gd.xlarge_use1-az6': 25, 'c7gn.12xlarge_use1-az2': 1, 'c7gn.12xlarge_use1-az5': 1, 'c7gn.12xlarge_use1-az6': 1, 'c7gn.16xlarge_use1-az2': 5, 'c7gn.16xlarge_use1-az5': 5, 'c7gn.16xlarge_use1-az6': 20, 'c7gn.2xlarge_use1-az2': 1, 'c7gn.2xlarge_use1-az5': 1, 'c7gn.4xlarge_use1-az2': 50, 'c7gn.4xlarge_use1-az5': 1, 'c7gn.4xlarge_use1-az6': 50, 'c7gn.8xlarge_use1-az2': 1, 'c7gn.8xlarge_use1-az5': 1, 'c7gn.8xlarge_use1-az6': 5, 'c7gn.large_use1-az1': 1, 'c7gn.large_use1-az2': 10, 'c7gn.large_use1-az5': 10, 'c7gn.large_use1-az6': 10, 'c7gn.xlarge_use1-az5': 5, 'c7gn.xlarge_use1-az6': 5, 'c7i-flex.2xlarge_use1-az1': 50, 'c7i-flex.2xlarge_use1-az2': 50, 'c7i-flex.2xlarge_use1-az4': 50, 'c7i-flex.2xlarge_use1-az5': 15, 'c7i-flex.2xlarge_use1-az6': 50, 'c7i-flex.4xlarge_use1-az1': 1, 'c7i-flex.4xlarge_use1-az2': 1, 'c7i-flex.4xlarge_use1-az4': 1, 'c7i-flex.4xlarge_use1-az6': 5, 'c7i-flex.8xlarge_use1-az1': 1, 'c7i-flex.8xlarge_use1-az2': 1, 'c7i-flex.8xlarge_use1-az4': 1, 'c7i-flex.8xlarge_use1-az6': 5, 'c7i-flex.large_use1-az1': 40, 'c7i-flex.large_use1-az2': 50, 'c7i-flex.large_use1-az4': 10, 'c7i-flex.large_use1-az5': 1, 'c7i-flex.large_use1-az6': 50, 'c7i-flex.xlarge_use1-az1': 50, 'c7i-flex.xlarge_use1-az2': 50, 'c7i-flex.xlarge_use1-az4': 50, 'c7i-flex.xlarge_use1-az5': 5, 'c7i-flex.xlarge_use1-az6': 50, 'c7i.12xlarge_use1-az1': 5, 'c7i.12xlarge_use1-az2': 15, 'c7i.12xlarge_use1-az4': 15, 'c7i.12xlarge_use1-az6': 5, 'c7i.16xlarge_use1-az1': 1, 'c7i.16xlarge_use1-az2': 5, 'c7i.16xlarge_use1-az4': 1, 'c7i.16xlarge_use1-az6': 15, 'c7i.24xlarge_use1-az1': 5, 'c7i.24xlarge_use1-az2': 5, 'c7i.24xlarge_use1-az4': 5, 'c7i.24xlarge_use1-az6': 15, 'c7i.2xlarge_use1-az1': 10, 'c7i.2xlarge_use1-az2': 10, 'c7i.2xlarge_use1-az4': 10, 'c7i.2xlarge_use1-az5': 5, 'c7i.2xlarge_use1-az6': 25, 'c7i.48xlarge_use1-az1': 10, 'c7i.48xlarge_use1-az2': 10, 'c7i.48xlarge_use1-az4': 5, 'c7i.48xlarge_use1-az5': 1, 'c7i.48xlarge_use1-az6': 50, 'c7i.4xlarge_use1-az1': 5, 'c7i.4xlarge_use1-az2': 5, 'c7i.4xlarge_use1-az4': 5, 'c7i.4xlarge_use1-az5': 1, 'c7i.4xlarge_use1-az6': 15, 'c7i.8xlarge_use1-az1': 1, 'c7i.8xlarge_use1-az2': 5, 'c7i.8xlarge_use1-az4': 5, 'c7i.8xlarge_use1-az6': 10, 'c7i.large_use1-az1': 45, 'c7i.large_use1-az2': 50, 'c7i.large_use1-az4': 50, 'c7i.large_use1-az5': 5, 'c7i.large_use1-az6': 50, 'c7i.xlarge_use1-az1': 5, 'c7i.xlarge_use1-az2': 10, 'c7i.xlarge_use1-az4': 5, 'c7i.xlarge_use1-az5': 1, 'c7i.xlarge_use1-az6': 5, 'c8g.12xlarge_use1-az1': 1, 'c8g.12xlarge_use1-az2': 5, 'c8g.12xlarge_use1-az4': 1, 'c8g.12xlarge_use1-az6': 25, 'c8g.16xlarge_use1-az1': 10, 'c8g.16xlarge_use1-az2': 5, 'c8g.16xlarge_use1-az4': 1, 'c8g.16xlarge_use1-az6': 50, 'c8g.24xlarge_use1-az1': 5, 'c8g.24xlarge_use1-az2': 10, 'c8g.24xlarge_use1-az4': 1, 'c8g.24xlarge_use1-az6': 25, 'c8g.2xlarge_use1-az1': 5, 'c8g.2xlarge_use1-az2': 5, 'c8g.2xlarge_use1-az4': 50, 'c8g.2xlarge_use1-az5': 1, 'c8g.2xlarge_use1-az6': 50, 'c8g.48xlarge_use1-az1': 1, 'c8g.48xlarge_use1-az2': 5, 'c8g.48xlarge_use1-az6': 50, 'c8g.4xlarge_use1-az1': 35, 'c8g.4xlarge_use1-az2': 15, 'c8g.4xlarge_use1-az4': 20, 'c8g.4xlarge_use1-az5': 10, 'c8g.4xlarge_use1-az6': 50, 'c8g.8xlarge_use1-az1': 1, 'c8g.8xlarge_use1-az2': 5, 'c8g.8xlarge_use1-az4': 5, 'c8g.8xlarge_use1-az6': 50, 'c8g.large_use1-az1': 5, 'c8g.large_use1-az2': 20, 'c8g.large_use1-az4': 5, 'c8g.large_use1-az5': 1, 'c8g.large_use1-az6': 40, 'c8g.metal-24xl_use1-az2': 1, 'c8g.metal-24xl_use1-az6': 20, 'c8g.metal-48xl_use1-az1': 1, 'c8g.metal-48xl_use1-az2': 1, 'c8g.metal-48xl_use1-az6': 50, 'c8g.xlarge_use1-az1': 5, 'c8g.xlarge_use1-az2': 30, 'c8g.xlarge_use1-az4': 5, 'c8g.xlarge_use1-az5': 1, 'c8g.xlarge_use1-az6': 50, 'c8gd.12xlarge_use1-az2': 5, 'c8gd.12xlarge_use1-az4': 5, 'c8gd.12xlarge_use1-az5': 1, 'c8gd.12xlarge_use1-az6': 5, 'c8gd.16xlarge_use1-az2': 10, 'c8gd.16xlarge_use1-az4': 10, 'c8gd.16xlarge_use1-az5': 5, 'c8gd.16xlarge_use1-az6': 50, 'c8gd.24xlarge_use1-az2': 1, 'c8gd.24xlarge_use1-az4': 5, 'c8gd.24xlarge_use1-az5': 1, 'c8gd.24xlarge_use1-az6': 5, 'c8gd.2xlarge_use1-az2': 50, 'c8gd.2xlarge_use1-az4': 50, 'c8gd.2xlarge_use1-az5': 10, 'c8gd.2xlarge_use1-az6': 50, 'c8gd.48xlarge_use1-az2': 1, 'c8gd.48xlarge_use1-az6': 15, 'c8gd.4xlarge_use1-az2': 10, 'c8gd.4xlarge_use1-az4': 30, 'c8gd.4xlarge_use1-az5': 1, 'c8gd.4xlarge_use1-az6': 50, 'c8gd.8xlarge_use1-az2': 1, 'c8gd.8xlarge_use1-az4': 1, 'c8gd.8xlarge_use1-az5': 1, 'c8gd.8xlarge_use1-az6': 5, 'c8gd.large_use1-az1': 1, 'c8gd.large_use1-az2': 40, 'c8gd.large_use1-az4': 35, 'c8gd.large_use1-az6': 50, 'c8gd.metal-24xl_use1-az2': 1, 'c8gd.metal-24xl_use1-az4': 1, 'c8gd.metal-24xl_use1-az5': 1, 'c8gd.metal-24xl_use1-az6': 5, 'c8gd.metal-48xl_use1-az2': 1, 'c8gd.metal-48xl_use1-az6': 1, 'c8gd.xlarge_use1-az1': 1, 'c8gd.xlarge_use1-az2': 20, 'c8gd.xlarge_use1-az4': 20, 'c8gd.xlarge_use1-az5': 15, 'c8gd.xlarge_use1-az6': 50, 'c8gn.2xlarge_use1-az2': 1, 'c8gn.2xlarge_use1-az6': 1, 'c8gn.4xlarge_use1-az2': 1, 'c8gn.4xlarge_use1-az5': 1, 'c8gn.8xlarge_use1-az2': 1, 'c8gn.8xlarge_use1-az6': 1, 'c8gn.large_use1-az6': 1, 'c8i-flex.12xlarge_use1-az6': 1, 'c8i-flex.16xlarge_use1-az6': 1, 'c8i-flex.2xlarge_use1-az2': 25, 'c8i-flex.2xlarge_use1-az4': 15, 'c8i-flex.2xlarge_use1-az6': 50, 'c8i-flex.4xlarge_use1-az2': 5, 'c8i-flex.4xlarge_use1-az4': 1, 'c8i-flex.4xlarge_use1-az6': 5, 'c8i-flex.8xlarge_use1-az6': 1, 'c8i-flex.large_use1-az4': 20, 'c8i-flex.xlarge_use1-az2': 40, 'c8i-flex.xlarge_use1-az4': 5, 'c8i-flex.xlarge_use1-az6': 50, 'c8i.12xlarge_use1-az2': 1, 'c8i.12xlarge_use1-az4': 1, 'c8i.12xlarge_use1-az6': 1, 'c8i.16xlarge_use1-az6': 1, 'c8i.24xlarge_use1-az6': 1, 'c8i.2xlarge_use1-az2': 10, 'c8i.2xlarge_use1-az4': 5, 'c8i.2xlarge_use1-az6': 20, 'c8i.32xlarge_use1-az2': 1, 'c8i.32xlarge_use1-az4': 1, 'c8i.32xlarge_use1-az6': 5, 'c8i.48xlarge_use1-az2': 1, 'c8i.48xlarge_use1-az6': 1, 'c8i.4xlarge_use1-az2': 5, 'c8i.4xlarge_use1-az4': 5, 'c8i.4xlarge_use1-az6': 5, 'c8i.8xlarge_use1-az2': 1, 'c8i.8xlarge_use1-az4': 1, 'c8i.8xlarge_use1-az6': 5, 'c8i.96xlarge_use1-az2': 1, 'c8i.96xlarge_use1-az6': 5, 'c8i.metal-48xl_use1-az2': 1, 'c8i.metal-96xl_use1-az2': 1, 'c8i.metal-96xl_use1-az6': 5, 'c8i.xlarge_use1-az2': 50, 'c8i.xlarge_use1-az4': 15, 'c8i.xlarge_use1-az6': 50, 'd2.2xlarge_use1-az6': 1, 'd2.xlarge_use1-az6': 1, 'd3.2xlarge_use1-az2': 45, 'd3.2xlarge_use1-az4': 40, 'd3.2xlarge_use1-az6': 35, 'd3.8xlarge_use1-az4': 35, 'd3.8xlarge_use1-az6': 20, 'd3.xlarge_use1-az1': 10, 'd3.xlarge_use1-az2': 50, 'd3.xlarge_use1-az6': 25, 'd3en.12xlarge_use1-az2': 10, 'd3en.12xlarge_use1-az4': 20, 'd3en.12xlarge_use1-az6': 50, 'd3en.2xlarge_use1-az6': 50, 'd3en.4xlarge_use1-az4': 10, 'd3en.4xlarge_use1-az6': 50, 'd3en.6xlarge_use1-az2': 5, 'd3en.6xlarge_use1-az6': 50, 'd3en.8xlarge_use1-az2': 15, 'd3en.8xlarge_use1-az4': 5, 'd3en.8xlarge_use1-az6': 50, 'd3en.xlarge_use1-az2': 50, 'd3en.xlarge_use1-az4': 30, 'd3en.xlarge_use1-az6': 50, 'f2.12xlarge_use1-az2': 1, 'f2.12xlarge_use1-az4': 1, 'f2.12xlarge_use1-az6': 1, 'f2.48xlarge_use1-az2': 5, 'f2.48xlarge_use1-az4': 5, 'f2.48xlarge_use1-az6': 1, 'g4ad.16xlarge_use1-az1': 5, 'g4ad.16xlarge_use1-az2': 5, 'g4ad.16xlarge_use1-az4': 5, 'g4ad.16xlarge_use1-az6': 10, 'g4ad.2xlarge_use1-az1': 5, 'g4ad.2xlarge_use1-az2': 10, 'g4ad.2xlarge_use1-az4': 10, 'g4ad.2xlarge_use1-az6': 10, 'g4ad.4xlarge_use1-az1': 10, 'g4ad.4xlarge_use1-az2': 15, 'g4ad.4xlarge_use1-az4': 15, 'g4ad.4xlarge_use1-az6': 5, 'g4ad.8xlarge_use1-az1': 1, 'g4ad.8xlarge_use1-az2': 5, 'g4ad.8xlarge_use1-az4': 5, 'g4ad.8xlarge_use1-az6': 5, 'g4ad.xlarge_use1-az1': 20, 'g4ad.xlarge_use1-az2': 20, 'g4ad.xlarge_use1-az4': 25, 'g4ad.xlarge_use1-az6': 20, 'g4dn.12xlarge_use1-az1': 5, 'g4dn.12xlarge_use1-az2': 15, 'g4dn.12xlarge_use1-az4': 15, 'g4dn.12xlarge_use1-az5': 15, 'g4dn.12xlarge_use1-az6': 50, 'g4dn.16xlarge_use1-az1': 1, 'g4dn.16xlarge_use1-az2': 10, 'g4dn.16xlarge_use1-az4': 1, 'g4dn.16xlarge_use1-az5': 5, 'g4dn.16xlarge_use1-az6': 15, 'g4dn.2xlarge_use1-az1': 45, 'g4dn.2xlarge_use1-az2': 50, 'g4dn.2xlarge_use1-az4': 50, 'g4dn.2xlarge_use1-az5': 50, 'g4dn.2xlarge_use1-az6': 50, 'g4dn.4xlarge_use1-az1': 5, 'g4dn.4xlarge_use1-az2': 40, 'g4dn.4xlarge_use1-az4': 25, 'g4dn.4xlarge_use1-az5': 40, 'g4dn.4xlarge_use1-az6': 40, 'g4dn.8xlarge_use1-az1': 1, 'g4dn.8xlarge_use1-az2': 1, 'g4dn.8xlarge_use1-az4': 10, 'g4dn.8xlarge_use1-az5': 1, 'g4dn.8xlarge_use1-az6': 5, 'g5.12xlarge_use1-az2': 1, 'g5.12xlarge_use1-az5': 10, 'g5.12xlarge_use1-az6': 5, 'g5.16xlarge_use1-az1': 1, 'g5.16xlarge_use1-az2': 1, 'g5.16xlarge_use1-az4': 5, 'g5.16xlarge_use1-az5': 5, 'g5.16xlarge_use1-az6': 10, 'g5.24xlarge_use1-az1': 1, 'g5.24xlarge_use1-az2': 1, 'g5.24xlarge_use1-az4': 1, 'g5.24xlarge_use1-az5': 1, 'g5.24xlarge_use1-az6': 5, 'g5.48xlarge_use1-az2': 1, 'g5.48xlarge_use1-az5': 5, 'g5.48xlarge_use1-az6': 25, 'g5.4xlarge_use1-az1': 1, 'g5.4xlarge_use1-az2': 50, 'g5.4xlarge_use1-az4': 50, 'g5.4xlarge_use1-az5': 40, 'g5.4xlarge_use1-az6': 50, 'g5.8xlarge_use1-az1': 1, 'g5.8xlarge_use1-az2': 5, 'g5.8xlarge_use1-az4': 10, 'g5.8xlarge_use1-az5': 20, 'g5.8xlarge_use1-az6': 10, 'g5g.16xlarge_use1-az1': 1, 'g5g.16xlarge_use1-az6': 5, 'g5g.4xlarge_use1-az6': 1, 'g5g.8xlarge_use1-az1': 1, 'g5g.8xlarge_use1-az4': 1, 'g5g.8xlarge_use1-az6': 1, 'g6.12xlarge_use1-az1': 5, 'g6.12xlarge_use1-az2': 1, 'g6.12xlarge_use1-az4': 30, 'g6.12xlarge_use1-az6': 50, 'g6.16xlarge_use1-az1': 1, 'g6.16xlarge_use1-az2': 1, 'g6.16xlarge_use1-az4': 1, 'g6.16xlarge_use1-az6': 5, 'g6.24xlarge_use1-az2': 1, 'g6.24xlarge_use1-az4': 1, 'g6.24xlarge_use1-az6': 1, 'g6.2xlarge_use1-az1': 10, 'g6.2xlarge_use1-az2': 25, 'g6.2xlarge_use1-az4': 50, 'g6.2xlarge_use1-az6': 50, 'g6.48xlarge_use1-az2': 5, 'g6.48xlarge_use1-az4': 30, 'g6.48xlarge_use1-az6': 50, 'g6.4xlarge_use1-az1': 5, 'g6.4xlarge_use1-az2': 10, 'g6.4xlarge_use1-az4': 35, 'g6.4xlarge_use1-az6': 50, 'g6.8xlarge_use1-az1': 5, 'g6.8xlarge_use1-az2': 5, 'g6.8xlarge_use1-az4': 10, 'g6.8xlarge_use1-az6': 15, 'g6e.16xlarge_use1-az1': 10, 'g6e.16xlarge_use1-az2': 15, 'g6e.16xlarge_use1-az4': 40, 'g6e.16xlarge_use1-az6': 20, 'g6e.48xlarge_use1-az4': 5, 'g6e.48xlarge_use1-az6': 1, 'g6e.4xlarge_use1-az1': 1, 'g6e.4xlarge_use1-az4': 5, 'g6e.4xlarge_use1-az6': 1, 'g6e.8xlarge_use1-az1': 1, 'g6e.8xlarge_use1-az2': 1, 'g6e.8xlarge_use1-az4': 1, 'g6e.8xlarge_use1-az6': 1, 'g6f.2xlarge_use1-az1': 1, 'g6f.2xlarge_use1-az4': 1, 'g6f.2xlarge_use1-az6': 5, 'g6f.4xlarge_use1-az1': 1, 'g6f.4xlarge_use1-az4': 1, 'g6f.4xlarge_use1-az6': 1, 'g6f.large_use1-az1': 10, 'g6f.large_use1-az2': 15, 'g6f.large_use1-az4': 40, 'g6f.large_use1-az6': 20, 'g6f.xlarge_use1-az1': 1, 'g6f.xlarge_use1-az2': 1, 'g6f.xlarge_use1-az4': 5, 'g6f.xlarge_use1-az6': 10, 'gr6.4xlarge_use1-az2': 1, 'gr6.4xlarge_use1-az4': 1, 'gr6.4xlarge_use1-az6': 1, 'gr6.8xlarge_use1-az1': 1, 'gr6.8xlarge_use1-az2': 1, 'gr6.8xlarge_use1-az4': 1, 'gr6.8xlarge_use1-az6': 1, 'i2.4xlarge_use1-az3': 1, 'i2.xlarge_use1-az1': 1, 'i2.xlarge_use1-az2': 15, 'i2.xlarge_use1-az3': 1, 'i2.xlarge_use1-az4': 20, 'i2.xlarge_use1-az6': 15, 'i3.16xlarge_use1-az1': 20, 'i3.16xlarge_use1-az2': 50, 'i3.16xlarge_use1-az3': 10, 'i3.16xlarge_use1-az4': 50, 'i3.16xlarge_use1-az5': 10, 'i3.16xlarge_use1-az6': 45, 'i3.2xlarge_use1-az1': 50, 'i3.2xlarge_use1-az2': 50, 'i3.2xlarge_use1-az3': 50, 'i3.2xlarge_use1-az4': 50, 'i3.2xlarge_use1-az5': 50, 'i3.2xlarge_use1-az6': 50, 'i3.4xlarge_use1-az1': 50, 'i3.4xlarge_use1-az2': 50, 'i3.4xlarge_use1-az3': 50, 'i3.4xlarge_use1-az4': 50, 'i3.4xlarge_use1-az5': 50, 'i3.4xlarge_use1-az6': 50, 'i3.8xlarge_use1-az1': 50, 'i3.8xlarge_use1-az2': 50, 'i3.8xlarge_use1-az3': 50, 'i3.8xlarge_use1-az4': 50, 'i3.8xlarge_use1-az5': 25, 'i3.8xlarge_use1-az6': 50, 'i3.large_use1-az1': 50, 'i3.large_use1-az2': 50, 'i3.large_use1-az3': 50, 'i3.large_use1-az4': 50, 'i3.large_use1-az5': 50, 'i3.large_use1-az6': 50, 'i3.xlarge_use1-az1': 50, 'i3.xlarge_use1-az2': 50, 'i3.xlarge_use1-az3': 50, 'i3.xlarge_use1-az4': 50, 'i3.xlarge_use1-az5': 50, 'i3.xlarge_use1-az6': 50, 'i3en.12xlarge_use1-az2': 1, 'i3en.12xlarge_use1-az6': 50, 'i3en.24xlarge_use1-az6': 20, 'i3en.3xlarge_use1-az2': 50, 'i3en.3xlarge_use1-az4': 50, 'i3en.3xlarge_use1-az5': 50, 'i3en.3xlarge_use1-az6': 50, 'i3en.6xlarge_use1-az2': 20, 'i3en.6xlarge_use1-az4': 10, 'i3en.large_use1-az1': 50, 'i3en.large_use1-az2': 50, 'i3en.large_use1-az4': 45, 'i3en.large_use1-az5': 35, 'i3en.large_use1-az6': 50, 'i3en.xlarge_use1-az1': 50, 'i3en.xlarge_use1-az2': 50, 'i3en.xlarge_use1-az4': 50, 'i3en.xlarge_use1-az5': 50, 'i3en.xlarge_use1-az6': 50, 'i4g.16xlarge_use1-az2': 1, 'i4g.16xlarge_use1-az4': 1, 'i4g.16xlarge_use1-az5': 50, 'i4g.16xlarge_use1-az6': 50, 'i4g.2xlarge_use1-az2': 10, 'i4g.2xlarge_use1-az4': 15, 'i4g.2xlarge_use1-az5': 40, 'i4g.2xlarge_use1-az6': 50, 'i4g.4xlarge_use1-az2': 25, 'i4g.4xlarge_use1-az4': 30, 'i4g.4xlarge_use1-az5': 50, 'i4g.4xlarge_use1-az6': 50, 'i4g.8xlarge_use1-az5': 45, 'i4g.8xlarge_use1-az6': 15, 'i4g.large_use1-az1': 5, 'i4g.large_use1-az2': 5, 'i4g.large_use1-az4': 5, 'i4g.large_use1-az5': 25, 'i4g.large_use1-az6': 50, 'i4g.xlarge_use1-az2': 10, 'i4g.xlarge_use1-az4': 1, 'i4g.xlarge_use1-az5': 50, 'i4g.xlarge_use1-az6': 50, 'i4i.12xlarge_use1-az2': 5, 'i4i.16xlarge_use1-az2': 1, 'i4i.16xlarge_use1-az6': 1, 'i4i.24xlarge_use1-az2': 1, 'i4i.2xlarge_use1-az1': 15, 'i4i.2xlarge_use1-az2': 50, 'i4i.2xlarge_use1-az4': 50, 'i4i.2xlarge_use1-az5': 1, 'i4i.2xlarge_use1-az6': 50, 'i4i.4xlarge_use1-az2': 35, 'i4i.4xlarge_use1-az4': 1, 'i4i.4xlarge_use1-az6': 15, 'i4i.8xlarge_use1-az1': 1, 'i4i.8xlarge_use1-az2': 40, 'i4i.large_use1-az1': 50, 'i4i.large_use1-az2': 50, 'i4i.large_use1-az4': 50, 'i4i.large_use1-az5': 50, 'i4i.large_use1-az6': 50, 'i4i.xlarge_use1-az1': 50, 'i4i.xlarge_use1-az2': 50, 'i4i.xlarge_use1-az4': 50, 'i4i.xlarge_use1-az5': 50, 'i4i.xlarge_use1-az6': 50, 'i7i.12xlarge_use1-az1': 1, 'i7i.12xlarge_use1-az2': 1, 'i7i.12xlarge_use1-az4': 1, 'i7i.12xlarge_use1-az5': 1, 'i7i.12xlarge_use1-az6': 1, 'i7i.16xlarge_use1-az2': 1, 'i7i.16xlarge_use1-az4': 5, 'i7i.16xlarge_use1-az5': 1, 'i7i.16xlarge_use1-az6': 1, 'i7i.24xlarge_use1-az2': 1, 'i7i.24xlarge_use1-az4': 1, 'i7i.24xlarge_use1-az5': 1, 'i7i.24xlarge_use1-az6': 1, 'i7i.2xlarge_use1-az1': 1, 'i7i.2xlarge_use1-az2': 50, 'i7i.2xlarge_use1-az4': 45, 'i7i.2xlarge_use1-az5': 20, 'i7i.2xlarge_use1-az6': 10, 'i7i.48xlarge_use1-az2': 1, 'i7i.4xlarge_use1-az1': 1, 'i7i.4xlarge_use1-az2': 15, 'i7i.4xlarge_use1-az4': 20, 'i7i.4xlarge_use1-az5': 5, 'i7i.4xlarge_use1-az6': 20, 'i7i.8xlarge_use1-az1': 1, 'i7i.8xlarge_use1-az2': 1, 'i7i.8xlarge_use1-az4': 5, 'i7i.8xlarge_use1-az5': 1, 'i7i.8xlarge_use1-az6': 1, 'i7i.metal-24xl_use1-az2': 1, 'i7i.metal-24xl_use1-az4': 50, 'i7i.metal-24xl_use1-az6': 35, 'i7i.xlarge_use1-az1': 1, 'i7i.xlarge_use1-az6': 20, 'i7ie.12xlarge_use1-az1': 1, 'i7ie.12xlarge_use1-az4': 1, 'i7ie.12xlarge_use1-az6': 30, 'i7ie.18xlarge_use1-az4': 1, 'i7ie.18xlarge_use1-az6': 20, 'i7ie.24xlarge_use1-az1': 1, 'i7ie.24xlarge_use1-az2': 1, 'i7ie.24xlarge_use1-az4': 1, 'i7ie.24xlarge_use1-az6': 50, 'i7ie.2xlarge_use1-az1': 5, 'i7ie.2xlarge_use1-az2': 1, 'i7ie.2xlarge_use1-az4': 15, 'i7ie.2xlarge_use1-az6': 35, 'i7ie.3xlarge_use1-az1': 5, 'i7ie.3xlarge_use1-az2': 1, 'i7ie.3xlarge_use1-az4': 5, 'i7ie.3xlarge_use1-az6': 30, 'i7ie.48xlarge_use1-az6': 50, 'i7ie.6xlarge_use1-az1': 25, 'i7ie.6xlarge_use1-az4': 20, 'i7ie.6xlarge_use1-az6': 50, 'i7ie.large_use1-az1': 45, 'i7ie.large_use1-az4': 50, 'i7ie.large_use1-az6': 50, 'i7ie.metal-24xl_use1-az4': 1, 'i7ie.metal-24xl_use1-az6': 15, 'i7ie.metal-48xl_use1-az6': 10, 'i7ie.xlarge_use1-az1': 10, 'i7ie.xlarge_use1-az2': 25, 'i7ie.xlarge_use1-az4': 45, 'i7ie.xlarge_use1-az6': 50, 'i8g.12xlarge_use1-az6': 1, 'i8g.24xlarge_use1-az6': 10, 'i8g.2xlarge_use1-az2': 1, 'i8g.4xlarge_use1-az2': 1, 'i8g.8xlarge_use1-az6': 5, 'i8g.large_use1-az2': 10, 'i8g.large_use1-az6': 5, 'i8g.xlarge_use1-az2': 1, 'i8g.xlarge_use1-az4': 1, 'i8g.xlarge_use1-az6': 1, 'i8ge.12xlarge_use1-az4': 1, 'i8ge.12xlarge_use1-az6': 5, 'i8ge.18xlarge_use1-az2': 1, 'i8ge.18xlarge_use1-az4': 1, 'i8ge.18xlarge_use1-az6': 5, 'i8ge.24xlarge_use1-az4': 1, 'i8ge.24xlarge_use1-az6': 5, 'i8ge.2xlarge_use1-az4': 10, 'i8ge.3xlarge_use1-az2': 1, 'i8ge.3xlarge_use1-az4': 5, 'i8ge.48xlarge_use1-az4': 5, 'i8ge.6xlarge_use1-az2': 1, 'i8ge.6xlarge_use1-az4': 1, 'i8ge.large_use1-az2': 5, 'i8ge.large_use1-az4': 50, 'i8ge.metal-24xl_use1-az4': 1, 'i8ge.metal-48xl_use1-az6': 1, 'i8ge.xlarge_use1-az4': 20, 'im4gn.16xlarge_use1-az4': 45, 'im4gn.2xlarge_use1-az1': 10, 'im4gn.2xlarge_use1-az4': 20, 'im4gn.2xlarge_use1-az6': 15, 'im4gn.4xlarge_use1-az1': 5, 'im4gn.4xlarge_use1-az4': 15, 'im4gn.8xlarge_use1-az1': 1, 'im4gn.8xlarge_use1-az4': 5, 'im4gn.large_use1-az1': 35, 'im4gn.large_use1-az2': 10, 'im4gn.large_use1-az4': 50, 'im4gn.large_use1-az6': 10, 'im4gn.xlarge_use1-az1': 25, 'im4gn.xlarge_use1-az2': 50, 'im4gn.xlarge_use1-az4': 30, 'im4gn.xlarge_use1-az6': 40, 'inf1.24xlarge_use1-az1': 1, 'inf1.24xlarge_use1-az2': 1, 'inf1.24xlarge_use1-az4': 10, 'inf1.24xlarge_use1-az5': 5, 'inf1.24xlarge_use1-az6': 20, 'inf1.2xlarge_use1-az1': 15, 'inf1.2xlarge_use1-az2': 15, 'inf1.2xlarge_use1-az4': 30, 'inf1.2xlarge_use1-az5': 40, 'inf1.2xlarge_use1-az6': 40, 'inf1.6xlarge_use1-az1': 1, 'inf1.6xlarge_use1-az2': 1, 'inf1.6xlarge_use1-az4': 5, 'inf1.6xlarge_use1-az5': 5, 'inf1.6xlarge_use1-az6': 10, 'inf1.xlarge_use1-az1': 50, 'inf1.xlarge_use1-az2': 50, 'inf1.xlarge_use1-az4': 40, 'inf1.xlarge_use1-az5': 50, 'inf1.xlarge_use1-az6': 50, 'inf2.24xlarge_use1-az4': 1, 'inf2.24xlarge_use1-az6': 10, 'inf2.48xlarge_use1-az6': 15, 'inf2.8xlarge_use1-az2': 5, 'inf2.8xlarge_use1-az4': 5, 'inf2.8xlarge_use1-az5': 1, 'inf2.8xlarge_use1-az6': 1, 'inf2.xlarge_use1-az2': 5, 'inf2.xlarge_use1-az4': 1, 'inf2.xlarge_use1-az6': 50, 'is4gen.2xlarge_use1-az2': 50, 'is4gen.2xlarge_use1-az4': 50, 'is4gen.2xlarge_use1-az6': 50, 'is4gen.medium_use1-az1': 50, 'is4gen.medium_use1-az2': 25, 'is4gen.medium_use1-az4': 40, 'is4gen.medium_use1-az6': 30, 'm2.2xlarge_use1-az1': 5, 'm2.2xlarge_use1-az2': 10, 'm2.2xlarge_use1-az4': 15, 'm2.2xlarge_use1-az6': 5, 'm2.4xlarge_use1-az1': 1, 'm2.4xlarge_use1-az2': 5, 'm2.4xlarge_use1-az4': 5, 'm2.4xlarge_use1-az6': 5, 'm2.xlarge_use1-az1': 5, 'm2.xlarge_use1-az2': 20, 'm2.xlarge_use1-az4': 20, 'm2.xlarge_use1-az6': 15, 'm3.2xlarge_use1-az2': 25, 'm3.2xlarge_use1-az3': 1, 'm3.2xlarge_use1-az4': 40, 'm3.2xlarge_use1-az6': 45, 'm3.large_use1-az6': 50, 'm3.xlarge_use1-az2': 50, 'm3.xlarge_use1-az3': 1, 'm3.xlarge_use1-az4': 50, 'm3.xlarge_use1-az6': 50, 'm4.10xlarge_use1-az1': 5, 'm4.10xlarge_use1-az2': 10, 'm4.10xlarge_use1-az3': 1, 'm4.10xlarge_use1-az4': 50, 'm4.10xlarge_use1-az5': 1, 'm4.10xlarge_use1-az6': 50, 'm4.2xlarge_use1-az1': 5, 'm4.2xlarge_use1-az2': 20, 'm4.2xlarge_use1-az3': 50, 'm4.2xlarge_use1-az4': 20, 'm4.2xlarge_use1-az5': 1, 'm4.2xlarge_use1-az6': 25, 'm4.4xlarge_use1-az1': 50, 'm4.4xlarge_use1-az2': 50, 'm4.4xlarge_use1-az3': 50, 'm4.4xlarge_use1-az4': 25, 'm4.4xlarge_use1-az5': 10, 'm4.4xlarge_use1-az6': 15, 'm4.large_use1-az1': 30, 'm4.large_use1-az2': 50, 'm4.large_use1-az3': 25, 'm4.large_use1-az4': 50, 'm4.large_use1-az5': 10, 'm4.large_use1-az6': 50, 'm4.xlarge_use1-az1': 15, 'm4.xlarge_use1-az2': 50, 'm4.xlarge_use1-az3': 50, 'm4.xlarge_use1-az4': 50, 'm4.xlarge_use1-az5': 30, 'm4.xlarge_use1-az6': 50, 'm5.12xlarge_use1-az1': 5, 'm5.12xlarge_use1-az2': 25, 'm5.12xlarge_use1-az4': 50, 'm5.12xlarge_use1-az5': 1, 'm5.12xlarge_use1-az6': 40, 'm5.16xlarge_use1-az1': 10, 'm5.16xlarge_use1-az2': 50, 'm5.16xlarge_use1-az4': 50, 'm5.16xlarge_use1-az5': 1, 'm5.16xlarge_use1-az6': 50, 'm5.24xlarge_use1-az1': 5, 'm5.24xlarge_use1-az2': 5, 'm5.24xlarge_use1-az4': 5, 'm5.24xlarge_use1-az5': 1, 'm5.24xlarge_use1-az6': 35, 'm5.2xlarge_use1-az1': 50, 'm5.2xlarge_use1-az2': 50, 'm5.2xlarge_use1-az4': 50, 'm5.2xlarge_use1-az5': 50, 'm5.2xlarge_use1-az6': 50, 'm5.4xlarge_use1-az1': 50, 'm5.4xlarge_use1-az2': 50, 'm5.4xlarge_use1-az4': 50, 'm5.4xlarge_use1-az5': 10, 'm5.4xlarge_use1-az6': 50, 'm5.8xlarge_use1-az1': 50, 'm5.8xlarge_use1-az2': 40, 'm5.8xlarge_use1-az4': 50, 'm5.8xlarge_use1-az5': 1, 'm5.8xlarge_use1-az6': 50, 'm5.large_use1-az1': 50, 'm5.large_use1-az2': 50, 'm5.large_use1-az4': 50, 'm5.large_use1-az5': 50, 'm5.large_use1-az6': 50, 'm5.xlarge_use1-az1': 50, 'm5.xlarge_use1-az2': 50, 'm5.xlarge_use1-az4': 50, 'm5.xlarge_use1-az5': 50, 'm5.xlarge_use1-az6': 50, 'm5a.12xlarge_use1-az2': 1, 'm5a.12xlarge_use1-az4': 1, 'm5a.12xlarge_use1-az6': 1, 'm5a.16xlarge_use1-az2': 1, 'm5a.16xlarge_use1-az4': 1, 'm5a.16xlarge_use1-az6': 1, 'm5a.24xlarge_use1-az1': 1, 'm5a.24xlarge_use1-az2': 1, 'm5a.24xlarge_use1-az4': 1, 'm5a.24xlarge_use1-az5': 5, 'm5a.24xlarge_use1-az6': 5, 'm5a.2xlarge_use1-az1': 10, 'm5a.2xlarge_use1-az2': 25, 'm5a.2xlarge_use1-az4': 25, 'm5a.2xlarge_use1-az5': 5, 'm5a.2xlarge_use1-az6': 45, 'm5a.4xlarge_use1-az1': 5, 'm5a.4xlarge_use1-az2': 10, 'm5a.4xlarge_use1-az4': 5, 'm5a.4xlarge_use1-az5': 10, 'm5a.4xlarge_use1-az6': 15, 'm5a.8xlarge_use1-az1': 1, 'm5a.8xlarge_use1-az2': 20, 'm5a.8xlarge_use1-az4': 20, 'm5a.8xlarge_use1-az5': 1, 'm5a.8xlarge_use1-az6': 5, 'm5a.large_use1-az1': 50, 'm5a.large_use1-az2': 50, 'm5a.large_use1-az4': 50, 'm5a.large_use1-az5': 45, 'm5a.large_use1-az6': 50, 'm5a.xlarge_use1-az1': 10, 'm5a.xlarge_use1-az2': 30, 'm5a.xlarge_use1-az4': 10, 'm5a.xlarge_use1-az5': 20, 'm5a.xlarge_use1-az6': 50, 'm5ad.12xlarge_use1-az1': 1, 'm5ad.16xlarge_use1-az1': 1, 'm5ad.16xlarge_use1-az2': 1, 'm5ad.16xlarge_use1-az4': 1, 'm5ad.16xlarge_use1-az6': 1, 'm5ad.24xlarge_use1-az1': 5, 'm5ad.24xlarge_use1-az2': 1, 'm5ad.24xlarge_use1-az4': 1, 'm5ad.24xlarge_use1-az6': 5, 'm5ad.2xlarge_use1-az2': 1, 'm5ad.2xlarge_use1-az4': 5, 'm5ad.4xlarge_use1-az1': 1, 'm5ad.4xlarge_use1-az2': 1, 'm5ad.4xlarge_use1-az4': 1, 'm5ad.4xlarge_use1-az6': 1, 'm5ad.8xlarge_use1-az2': 1, 'm5ad.large_use1-az1': 10, 'm5ad.large_use1-az2': 5, 'm5ad.large_use1-az4': 10, 'm5ad.large_use1-az5': 1, 'm5ad.large_use1-az6': 10, 'm5ad.xlarge_use1-az2': 10, 'm5ad.xlarge_use1-az4': 5, 'm5ad.xlarge_use1-az6': 5, 'm5d.12xlarge_use1-az1': 1, 'm5d.12xlarge_use1-az2': 25, 'm5d.12xlarge_use1-az4': 30, 'm5d.12xlarge_use1-az6': 15, 'm5d.16xlarge_use1-az1': 5, 'm5d.16xlarge_use1-az2': 35, 'm5d.16xlarge_use1-az4': 20, 'm5d.16xlarge_use1-az5': 1, 'm5d.16xlarge_use1-az6': 50, 'm5d.24xlarge_use1-az1': 20, 'm5d.24xlarge_use1-az2': 15, 'm5d.24xlarge_use1-az4': 5, 'm5d.24xlarge_use1-az5': 1, 'm5d.24xlarge_use1-az6': 50, 'm5d.2xlarge_use1-az1': 5, 'm5d.2xlarge_use1-az2': 25, 'm5d.2xlarge_use1-az4': 25, 'm5d.2xlarge_use1-az6': 30, 'm5d.4xlarge_use1-az1': 5, 'm5d.4xlarge_use1-az2': 15, 'm5d.4xlarge_use1-az4': 25, 'm5d.4xlarge_use1-az6': 25, 'm5d.8xlarge_use1-az1': 1, 'm5d.8xlarge_use1-az2': 25, 'm5d.8xlarge_use1-az4': 10, 'm5d.8xlarge_use1-az5': 1, 'm5d.8xlarge_use1-az6': 10, 'm5d.large_use1-az1': 5, 'm5d.large_use1-az2': 50, 'm5d.large_use1-az4': 50, 'm5d.large_use1-az6': 50, 'm5d.xlarge_use1-az1': 50, 'm5d.xlarge_use1-az2': 50, 'm5d.xlarge_use1-az4': 50, 'm5d.xlarge_use1-az5': 1, 'm5d.xlarge_use1-az6': 50, 'm5dn.12xlarge_use1-az1': 1, 'm5dn.12xlarge_use1-az4': 1, 'm5dn.12xlarge_use1-az6': 1, 'm5dn.16xlarge_use1-az1': 1, 'm5dn.16xlarge_use1-az2': 5, 'm5dn.16xlarge_use1-az4': 1, 'm5dn.16xlarge_use1-az6': 1, 'm5dn.24xlarge_use1-az1': 1, 'm5dn.24xlarge_use1-az2': 1, 'm5dn.24xlarge_use1-az4': 1, 'm5dn.24xlarge_use1-az6': 5, 'm5dn.2xlarge_use1-az1': 10, 'm5dn.2xlarge_use1-az2': 5, 'm5dn.2xlarge_use1-az4': 5, 'm5dn.2xlarge_use1-az6': 15, 'm5dn.4xlarge_use1-az1': 5, 'm5dn.4xlarge_use1-az2': 5, 'm5dn.4xlarge_use1-az4': 1, 'm5dn.4xlarge_use1-az5': 1, 'm5dn.4xlarge_use1-az6': 5, 'm5dn.8xlarge_use1-az2': 1, 'm5dn.8xlarge_use1-az6': 1, 'm5dn.large_use1-az1': 35, 'm5dn.large_use1-az2': 30, 'm5dn.large_use1-az4': 40, 'm5dn.large_use1-az5': 15, 'm5dn.large_use1-az6': 50, 'm5dn.xlarge_use1-az1': 10, 'm5dn.xlarge_use1-az2': 25, 'm5dn.xlarge_use1-az4': 20, 'm5dn.xlarge_use1-az5': 1, 'm5dn.xlarge_use1-az6': 30, 'm5n.12xlarge_use1-az1': 1, 'm5n.12xlarge_use1-az2': 1, 'm5n.12xlarge_use1-az4': 1, 'm5n.12xlarge_use1-az5': 1, 'm5n.12xlarge_use1-az6': 1, 'm5n.16xlarge_use1-az2': 1, 'm5n.16xlarge_use1-az4': 1, 'm5n.16xlarge_use1-az6': 1, 'm5n.24xlarge_use1-az2': 1, 'm5n.24xlarge_use1-az4': 1, 'm5n.24xlarge_use1-az6': 1, 'm5n.2xlarge_use1-az1': 15, 'm5n.2xlarge_use1-az2': 25, 'm5n.2xlarge_use1-az4': 30, 'm5n.2xlarge_use1-az5': 5, 'm5n.2xlarge_use1-az6': 25, 'm5n.4xlarge_use1-az1': 25, 'm5n.4xlarge_use1-az2': 35, 'm5n.4xlarge_use1-az4': 50, 'm5n.4xlarge_use1-az5': 5, 'm5n.4xlarge_use1-az6': 10, 'm5n.8xlarge_use1-az1': 1, 'm5n.8xlarge_use1-az2': 1, 'm5n.8xlarge_use1-az4': 1, 'm5n.8xlarge_use1-az6': 5, 'm5n.large_use1-az1': 5, 'm5n.large_use1-az2': 15, 'm5n.large_use1-az4': 5, 'm5n.large_use1-az5': 5, 'm5n.large_use1-az6': 15, 'm5n.xlarge_use1-az1': 20, 'm5n.xlarge_use1-az2': 50, 'm5n.xlarge_use1-az4': 50, 'm5n.xlarge_use1-az5': 1, 'm5n.xlarge_use1-az6': 50, 'm5zn.12xlarge_use1-az2': 1, 'm5zn.12xlarge_use1-az4': 10, 'm5zn.12xlarge_use1-az5': 1, 'm5zn.12xlarge_use1-az6': 5, 'm5zn.2xlarge_use1-az1': 1, 'm5zn.2xlarge_use1-az2': 1, 'm5zn.2xlarge_use1-az4': 25, 'm5zn.2xlarge_use1-az5': 1, 'm5zn.2xlarge_use1-az6': 5, 'm5zn.3xlarge_use1-az1': 1, 'm5zn.3xlarge_use1-az2': 1, 'm5zn.3xlarge_use1-az6': 5, 'm5zn.6xlarge_use1-az6': 1, 'm5zn.large_use1-az1': 5, 'm5zn.large_use1-az2': 5, 'm5zn.large_use1-az4': 30, 'm5zn.large_use1-az5': 15, 'm5zn.large_use1-az6': 20, 'm5zn.xlarge_use1-az1': 1, 'm5zn.xlarge_use1-az2': 1, 'm5zn.xlarge_use1-az4': 20, 'm5zn.xlarge_use1-az5': 5, 'm5zn.xlarge_use1-az6': 5, 'm6a.12xlarge_use1-az1': 5, 'm6a.12xlarge_use1-az2': 5, 'm6a.12xlarge_use1-az4': 15, 'm6a.12xlarge_use1-az6': 10, 'm6a.16xlarge_use1-az1': 5, 'm6a.16xlarge_use1-az2': 5, 'm6a.16xlarge_use1-az4': 5, 'm6a.16xlarge_use1-az6': 5, 'm6a.24xlarge_use1-az1': 1, 'm6a.24xlarge_use1-az2': 1, 'm6a.24xlarge_use1-az4': 1, 'm6a.24xlarge_use1-az6': 1, 'm6a.2xlarge_use1-az1': 50, 'm6a.2xlarge_use1-az2': 35, 'm6a.2xlarge_use1-az4': 45, 'm6a.2xlarge_use1-az5': 15, 'm6a.2xlarge_use1-az6': 50, 'm6a.32xlarge_use1-az2': 1, 'm6a.32xlarge_use1-az4': 1, 'm6a.32xlarge_use1-az5': 1, 'm6a.32xlarge_use1-az6': 1, 'm6a.48xlarge_use1-az2': 1, 'm6a.48xlarge_use1-az4': 1, 'm6a.48xlarge_use1-az6': 1, 'm6a.4xlarge_use1-az1': 45, 'm6a.4xlarge_use1-az2': 40, 'm6a.4xlarge_use1-az4': 25, 'm6a.4xlarge_use1-az5': 5, 'm6a.4xlarge_use1-az6': 50, 'm6a.8xlarge_use1-az1': 25, 'm6a.8xlarge_use1-az2': 15, 'm6a.8xlarge_use1-az4': 50, 'm6a.8xlarge_use1-az5': 10, 'm6a.8xlarge_use1-az6': 50, 'm6a.large_use1-az1': 50, 'm6a.large_use1-az2': 50, 'm6a.large_use1-az4': 50, 'm6a.large_use1-az5': 30, 'm6a.large_use1-az6': 50, 'm6a.xlarge_use1-az1': 50, 'm6a.xlarge_use1-az2': 50, 'm6a.xlarge_use1-az4': 50, 'm6a.xlarge_use1-az5': 35, 'm6a.xlarge_use1-az6': 50, 'm6g.12xlarge_use1-az1': 1, 'm6g.12xlarge_use1-az2': 5, 'm6g.12xlarge_use1-az4': 50, 'm6g.12xlarge_use1-az6': 50, 'm6g.16xlarge_use1-az1': 1, 'm6g.16xlarge_use1-az2': 5, 'm6g.16xlarge_use1-az4': 25, 'm6g.16xlarge_use1-az6': 50, 'm6g.2xlarge_use1-az1': 15, 'm6g.2xlarge_use1-az2': 50, 'm6g.2xlarge_use1-az4': 50, 'm6g.2xlarge_use1-az5': 5, 'm6g.2xlarge_use1-az6': 50, 'm6g.4xlarge_use1-az1': 10, 'm6g.4xlarge_use1-az2': 50, 'm6g.4xlarge_use1-az4': 50, 'm6g.4xlarge_use1-az5': 10, 'm6g.4xlarge_use1-az6': 50, 'm6g.8xlarge_use1-az1': 5, 'm6g.8xlarge_use1-az2': 50, 'm6g.8xlarge_use1-az4': 50, 'm6g.8xlarge_use1-az6': 50, 'm6g.large_use1-az1': 1, 'm6g.large_use1-az2': 50, 'm6g.large_use1-az4': 50, 'm6g.large_use1-az5': 5, 'm6g.large_use1-az6': 50, 'm6g.medium_use1-az1': 5, 'm6g.medium_use1-az2': 5, 'm6g.medium_use1-az4': 10, 'm6g.medium_use1-az5': 1, 'm6g.medium_use1-az6': 15, 'm6g.xlarge_use1-az1': 50, 'm6g.xlarge_use1-az2': 50, 'm6g.xlarge_use1-az4': 50, 'm6g.xlarge_use1-az5': 50, 'm6g.xlarge_use1-az6': 50, 'm6gd.12xlarge_use1-az1': 10, 'm6gd.12xlarge_use1-az2': 40, 'm6gd.12xlarge_use1-az4': 20, 'm6gd.12xlarge_use1-az5': 5, 'm6gd.12xlarge_use1-az6': 50, 'm6gd.16xlarge_use1-az1': 5, 'm6gd.16xlarge_use1-az2': 10, 'm6gd.16xlarge_use1-az4': 10, 'm6gd.16xlarge_use1-az5': 10, 'm6gd.16xlarge_use1-az6': 35, 'm6gd.2xlarge_use1-az1': 1, 'm6gd.2xlarge_use1-az2': 50, 'm6gd.2xlarge_use1-az4': 45, 'm6gd.2xlarge_use1-az5': 1, 'm6gd.2xlarge_use1-az6': 5, 'm6gd.4xlarge_use1-az1': 1, 'm6gd.4xlarge_use1-az2': 5, 'm6gd.4xlarge_use1-az4': 5, 'm6gd.4xlarge_use1-az5': 1, 'm6gd.4xlarge_use1-az6': 15, 'm6gd.8xlarge_use1-az1': 5, 'm6gd.8xlarge_use1-az2': 10, 'm6gd.8xlarge_use1-az4': 15, 'm6gd.8xlarge_use1-az5': 1, 'm6gd.8xlarge_use1-az6': 20, 'm6gd.large_use1-az1': 1, 'm6gd.large_use1-az2': 5, 'm6gd.large_use1-az4': 5, 'm6gd.large_use1-az5': 1, 'm6gd.large_use1-az6': 15, 'm6gd.medium_use1-az1': 1, 'm6gd.medium_use1-az2': 1, 'm6gd.medium_use1-az4': 1, 'm6gd.medium_use1-az5': 5, 'm6gd.medium_use1-az6': 1, 'm6gd.xlarge_use1-az1': 1, 'm6gd.xlarge_use1-az2': 10, 'm6gd.xlarge_use1-az4': 35, 'm6gd.xlarge_use1-az5': 1, 'm6gd.xlarge_use1-az6': 15, 'm6i.12xlarge_use1-az1': 1, 'm6i.12xlarge_use1-az2': 10, 'm6i.12xlarge_use1-az4': 50, 'm6i.12xlarge_use1-az5': 1, 'm6i.12xlarge_use1-az6': 30, 'm6i.16xlarge_use1-az1': 1, 'm6i.16xlarge_use1-az2': 10, 'm6i.16xlarge_use1-az4': 5, 'm6i.16xlarge_use1-az5': 1, 'm6i.16xlarge_use1-az6': 10, 'm6i.24xlarge_use1-az2': 10, 'm6i.24xlarge_use1-az4': 5, 'm6i.24xlarge_use1-az5': 1, 'm6i.24xlarge_use1-az6': 50, 'm6i.2xlarge_use1-az1': 25, 'm6i.2xlarge_use1-az2': 50, 'm6i.2xlarge_use1-az4': 50, 'm6i.2xlarge_use1-az5': 25, 'm6i.2xlarge_use1-az6': 50, 'm6i.32xlarge_use1-az2': 1, 'm6i.32xlarge_use1-az4': 5, 'm6i.32xlarge_use1-az5': 1, 'm6i.32xlarge_use1-az6': 15, 'm6i.4xlarge_use1-az1': 15, 'm6i.4xlarge_use1-az2': 50, 'm6i.4xlarge_use1-az4': 50, 'm6i.4xlarge_use1-az5': 50, 'm6i.4xlarge_use1-az6': 50, 'm6i.8xlarge_use1-az1': 1, 'm6i.8xlarge_use1-az2': 50, 'm6i.8xlarge_use1-az4': 50, 'm6i.8xlarge_use1-az5': 20, 'm6i.8xlarge_use1-az6': 50, 'm6i.large_use1-az1': 25, 'm6i.large_use1-az2': 50, 'm6i.large_use1-az4': 50, 'm6i.large_use1-az5': 50, 'm6i.large_use1-az6': 50, 'm6i.xlarge_use1-az1': 45, 'm6i.xlarge_use1-az2': 50, 'm6i.xlarge_use1-az4': 50, 'm6i.xlarge_use1-az5': 25, 'm6i.xlarge_use1-az6': 50, 'm6id.12xlarge_use1-az1': 1, 'm6id.12xlarge_use1-az2': 1, 'm6id.12xlarge_use1-az4': 1, 'm6id.12xlarge_use1-az6': 1, 'm6id.16xlarge_use1-az1': 1, 'm6id.16xlarge_use1-az2': 1, 'm6id.16xlarge_use1-az4': 1, 'm6id.16xlarge_use1-az6': 1, 'm6id.24xlarge_use1-az1': 10, 'm6id.24xlarge_use1-az2': 15, 'm6id.24xlarge_use1-az4': 35, 'm6id.24xlarge_use1-az5': 5, 'm6id.24xlarge_use1-az6': 15, 'm6id.2xlarge_use1-az1': 5, 'm6id.2xlarge_use1-az2': 5, 'm6id.2xlarge_use1-az4': 5, 'm6id.2xlarge_use1-az5': 1, 'm6id.2xlarge_use1-az6': 5, 'm6id.32xlarge_use1-az1': 10, 'm6id.32xlarge_use1-az2': 15, 'm6id.32xlarge_use1-az4': 5, 'm6id.32xlarge_use1-az5': 1, 'm6id.32xlarge_use1-az6': 50, 'm6id.4xlarge_use1-az1': 15, 'm6id.4xlarge_use1-az2': 10, 'm6id.4xlarge_use1-az4': 5, 'm6id.4xlarge_use1-az5': 1, 'm6id.4xlarge_use1-az6': 10, 'm6id.8xlarge_use1-az1': 1, 'm6id.8xlarge_use1-az4': 5, 'm6id.8xlarge_use1-az5': 1, 'm6id.8xlarge_use1-az6': 1, 'm6id.large_use1-az1': 30, 'm6id.large_use1-az2': 35, 'm6id.large_use1-az4': 15, 'm6id.large_use1-az5': 5, 'm6id.large_use1-az6': 50, 'm6id.xlarge_use1-az1': 20, 'm6id.xlarge_use1-az2': 45, 'm6id.xlarge_use1-az4': 15, 'm6id.xlarge_use1-az5': 5, 'm6id.xlarge_use1-az6': 25, 'm6idn.12xlarge_use1-az2': 1, 'm6idn.16xlarge_use1-az4': 1, 'm6idn.24xlarge_use1-az1': 1, 'm6idn.24xlarge_use1-az2': 1, 'm6idn.24xlarge_use1-az4': 1, 'm6idn.2xlarge_use1-az2': 10, 'm6idn.2xlarge_use1-az4': 5, 'm6idn.2xlarge_use1-az5': 1, 'm6idn.2xlarge_use1-az6': 5, 'm6idn.32xlarge_use1-az2': 1, 'm6idn.4xlarge_use1-az2': 10, 'm6idn.4xlarge_use1-az5': 5, 'm6idn.4xlarge_use1-az6': 5, 'm6idn.large_use1-az1': 25, 'm6idn.large_use1-az2': 35, 'm6idn.large_use1-az4': 15, 'm6idn.large_use1-az5': 10, 'm6idn.large_use1-az6': 10, 'm6idn.xlarge_use1-az1': 15, 'm6idn.xlarge_use1-az2': 50, 'm6idn.xlarge_use1-az4': 20, 'm6idn.xlarge_use1-az5': 5, 'm6idn.xlarge_use1-az6': 10, 'm6in.12xlarge_use1-az4': 1, 'm6in.16xlarge_use1-az2': 1, 'm6in.16xlarge_use1-az4': 1, 'm6in.24xlarge_use1-az1': 1, 'm6in.24xlarge_use1-az2': 1, 'm6in.2xlarge_use1-az1': 10, 'm6in.2xlarge_use1-az2': 20, 'm6in.2xlarge_use1-az4': 10, 'm6in.2xlarge_use1-az5': 1, 'm6in.2xlarge_use1-az6': 5, 'm6in.4xlarge_use1-az1': 1, 'm6in.4xlarge_use1-az2': 1, 'm6in.4xlarge_use1-az5': 1, 'm6in.8xlarge_use1-az1': 1, 'm6in.8xlarge_use1-az2': 1, 'm6in.8xlarge_use1-az4': 1, 'm6in.large_use1-az1': 5, 'm6in.large_use1-az2': 10, 'm6in.large_use1-az4': 5, 'm6in.large_use1-az5': 1, 'm6in.large_use1-az6': 1, 'm6in.xlarge_use1-az1': 5, 'm6in.xlarge_use1-az2': 10, 'm6in.xlarge_use1-az4': 1, 'm7a.12xlarge_use1-az2': 1, 'm7a.12xlarge_use1-az6': 20, 'm7a.16xlarge_use1-az2': 1, 'm7a.16xlarge_use1-az6': 40, 'm7a.24xlarge_use1-az2': 1, 'm7a.24xlarge_use1-az6': 50, 'm7a.2xlarge_use1-az1': 5, 'm7a.2xlarge_use1-az2': 15, 'm7a.2xlarge_use1-az4': 10, 'm7a.2xlarge_use1-az6': 50, 'm7a.32xlarge_use1-az6': 20, 'm7a.48xlarge_use1-az6': 40, 'm7a.4xlarge_use1-az1': 10, 'm7a.4xlarge_use1-az2': 5, 'm7a.4xlarge_use1-az4': 10, 'm7a.4xlarge_use1-az6': 25, 'm7a.8xlarge_use1-az1': 1, 'm7a.8xlarge_use1-az2': 5, 'm7a.8xlarge_use1-az4': 1, 'm7a.8xlarge_use1-az6': 50, 'm7a.large_use1-az1': 15, 'm7a.large_use1-az2': 50, 'm7a.large_use1-az4': 50, 'm7a.large_use1-az5': 5, 'm7a.large_use1-az6': 50, 'm7a.medium_use1-az1': 10, 'm7a.medium_use1-az2': 50, 'm7a.medium_use1-az4': 50, 'm7a.medium_use1-az6': 50, 'm7a.xlarge_use1-az1': 5, 'm7a.xlarge_use1-az2': 40, 'm7a.xlarge_use1-az4': 50, 'm7a.xlarge_use1-az6': 50, 'm7g.12xlarge_use1-az1': 1, 'm7g.12xlarge_use1-az2': 10, 'm7g.12xlarge_use1-az4': 45, 'm7g.12xlarge_use1-az5': 1, 'm7g.12xlarge_use1-az6': 50, 'm7g.16xlarge_use1-az1': 1, 'm7g.16xlarge_use1-az2': 30, 'm7g.16xlarge_use1-az4': 35, 'm7g.16xlarge_use1-az5': 1, 'm7g.16xlarge_use1-az6': 50, 'm7g.2xlarge_use1-az1': 35, 'm7g.2xlarge_use1-az2': 50, 'm7g.2xlarge_use1-az4': 50, 'm7g.2xlarge_use1-az5': 15, 'm7g.2xlarge_use1-az6': 50, 'm7g.4xlarge_use1-az1': 10, 'm7g.4xlarge_use1-az2': 30, 'm7g.4xlarge_use1-az4': 50, 'm7g.4xlarge_use1-az5': 10, 'm7g.4xlarge_use1-az6': 50, 'm7g.8xlarge_use1-az1': 1, 'm7g.8xlarge_use1-az2': 15, 'm7g.8xlarge_use1-az4': 40, 'm7g.8xlarge_use1-az5': 1, 'm7g.8xlarge_use1-az6': 50, 'm7g.large_use1-az1': 10, 'm7g.large_use1-az2': 50, 'm7g.large_use1-az4': 50, 'm7g.large_use1-az5': 30, 'm7g.large_use1-az6': 50, 'm7g.medium_use1-az1': 30, 'm7g.medium_use1-az2': 40, 'm7g.medium_use1-az4': 50, 'm7g.medium_use1-az5': 35, 'm7g.medium_use1-az6': 50, 'm7g.metal_use1-az1': 1, 'm7g.metal_use1-az2': 25, 'm7g.metal_use1-az4': 10, 'm7g.metal_use1-az5': 1, 'm7g.metal_use1-az6': 50, 'm7g.xlarge_use1-az1': 50, 'm7g.xlarge_use1-az2': 50, 'm7g.xlarge_use1-az4': 50, 'm7g.xlarge_use1-az5': 50, 'm7g.xlarge_use1-az6': 50, 'm7gd.12xlarge_use1-az1': 5, 'm7gd.12xlarge_use1-az2': 10, 'm7gd.12xlarge_use1-az4': 1, 'm7gd.12xlarge_use1-az6': 35, 'm7gd.16xlarge_use1-az1': 1, 'm7gd.16xlarge_use1-az2': 30, 'm7gd.16xlarge_use1-az4': 1, 'm7gd.16xlarge_use1-az6': 40, 'm7gd.2xlarge_use1-az1': 15, 'm7gd.2xlarge_use1-az2': 50, 'm7gd.2xlarge_use1-az4': 15, 'm7gd.2xlarge_use1-az6': 25, 'm7gd.4xlarge_use1-az1': 5, 'm7gd.4xlarge_use1-az2': 10, 'm7gd.4xlarge_use1-az4': 1, 'm7gd.4xlarge_use1-az6': 40, 'm7gd.8xlarge_use1-az1': 10, 'm7gd.8xlarge_use1-az2': 50, 'm7gd.8xlarge_use1-az4': 30, 'm7gd.8xlarge_use1-az5': 45, 'm7gd.8xlarge_use1-az6': 50, 'm7gd.large_use1-az1': 5, 'm7gd.large_use1-az2': 50, 'm7gd.large_use1-az4': 5, 'm7gd.large_use1-az6': 50, 'm7gd.medium_use1-az1': 15, 'm7gd.medium_use1-az2': 20, 'm7gd.medium_use1-az4': 15, 'm7gd.medium_use1-az5': 20, 'm7gd.medium_use1-az6': 25, 'm7gd.metal_use1-az1': 5, 'm7gd.metal_use1-az2': 15, 'm7gd.metal_use1-az4': 1, 'm7gd.metal_use1-az6': 15, 'm7gd.xlarge_use1-az1': 5, 'm7gd.xlarge_use1-az2': 10, 'm7gd.xlarge_use1-az4': 10, 'm7gd.xlarge_use1-az5': 1, 'm7gd.xlarge_use1-az6': 25, 'm7i-flex.2xlarge_use1-az1': 50, 'm7i-flex.2xlarge_use1-az2': 50, 'm7i-flex.2xlarge_use1-az4': 15, 'm7i-flex.2xlarge_use1-az5': 10, 'm7i-flex.2xlarge_use1-az6': 50, 'm7i-flex.4xlarge_use1-az2': 5, 'm7i-flex.4xlarge_use1-az4': 5, 'm7i-flex.4xlarge_use1-az6': 25, 'm7i-flex.8xlarge_use1-az1': 1, 'm7i-flex.8xlarge_use1-az2': 5, 'm7i-flex.8xlarge_use1-az4': 5, 'm7i-flex.8xlarge_use1-az5': 1, 'm7i-flex.8xlarge_use1-az6': 10, 'm7i-flex.large_use1-az1': 20, 'm7i-flex.large_use1-az2': 50, 'm7i-flex.large_use1-az4': 25, 'm7i-flex.large_use1-az5': 25, 'm7i-flex.large_use1-az6': 50, 'm7i-flex.xlarge_use1-az1': 50, 'm7i-flex.xlarge_use1-az2': 50, 'm7i-flex.xlarge_use1-az4': 50, 'm7i-flex.xlarge_use1-az5': 15, 'm7i-flex.xlarge_use1-az6': 50, 'm7i.12xlarge_use1-az1': 1, 'm7i.12xlarge_use1-az2': 5, 'm7i.12xlarge_use1-az4': 15, 'm7i.12xlarge_use1-az6': 50, 'm7i.16xlarge_use1-az1': 5, 'm7i.16xlarge_use1-az2': 10, 'm7i.16xlarge_use1-az4': 10, 'm7i.16xlarge_use1-az6': 50, 'm7i.24xlarge_use1-az2': 5, 'm7i.24xlarge_use1-az4': 5, 'm7i.24xlarge_use1-az6': 50, 'm7i.2xlarge_use1-az1': 1, 'm7i.2xlarge_use1-az2': 50, 'm7i.2xlarge_use1-az4': 50, 'm7i.2xlarge_use1-az6': 50, 'm7i.48xlarge_use1-az1': 1, 'm7i.48xlarge_use1-az2': 5, 'm7i.48xlarge_use1-az4': 20, 'm7i.48xlarge_use1-az6': 50, 'm7i.4xlarge_use1-az1': 1, 'm7i.4xlarge_use1-az2': 25, 'm7i.4xlarge_use1-az4': 10, 'm7i.4xlarge_use1-az6': 50, 'm7i.8xlarge_use1-az1': 40, 'm7i.8xlarge_use1-az2': 20, 'm7i.8xlarge_use1-az4': 50, 'm7i.8xlarge_use1-az6': 50, 'm7i.large_use1-az1': 50, 'm7i.large_use1-az2': 50, 'm7i.large_use1-az4': 50, 'm7i.large_use1-az5': 1, 'm7i.large_use1-az6': 50, 'm7i.xlarge_use1-az1': 30, 'm7i.xlarge_use1-az2': 35, 'm7i.xlarge_use1-az4': 50, 'm7i.xlarge_use1-az6': 50, 'm8g.12xlarge_use1-az2': 10, 'm8g.12xlarge_use1-az4': 10, 'm8g.12xlarge_use1-az5': 1, 'm8g.12xlarge_use1-az6': 35, 'm8g.16xlarge_use1-az2': 5, 'm8g.16xlarge_use1-az4': 5, 'm8g.16xlarge_use1-az5': 5, 'm8g.16xlarge_use1-az6': 45, 'm8g.24xlarge_use1-az2': 5, 'm8g.24xlarge_use1-az4': 1, 'm8g.24xlarge_use1-az5': 1, 'm8g.24xlarge_use1-az6': 25, 'm8g.2xlarge_use1-az4': 10, 'm8g.2xlarge_use1-az5': 10, 'm8g.48xlarge_use1-az2': 5, 'm8g.48xlarge_use1-az4': 5, 'm8g.48xlarge_use1-az6': 20, 'm8g.4xlarge_use1-az2': 5, 'm8g.4xlarge_use1-az4': 5, 'm8g.4xlarge_use1-az5': 1, 'm8g.4xlarge_use1-az6': 40, 'm8g.8xlarge_use1-az2': 10, 'm8g.8xlarge_use1-az4': 20, 'm8g.8xlarge_use1-az5': 1, 'm8g.8xlarge_use1-az6': 40, 'm8g.large_use1-az1': 1, 'm8g.large_use1-az2': 20, 'm8g.large_use1-az6': 45, 'm8g.medium_use1-az1': 1, 'm8g.medium_use1-az2': 15, 'm8g.metal-48xl_use1-az2': 5, 'm8g.metal-48xl_use1-az6': 25, 'm8g.xlarge_use1-az1': 1, 'm8g.xlarge_use1-az5': 15, 'm8g.xlarge_use1-az6': 50, 'm8gd.16xlarge_use1-az5': 1, 'm8gd.4xlarge_use1-az2': 5, 'm8gd.4xlarge_use1-az4': 1, 'm8gd.4xlarge_use1-az6': 1, 'm8gd.8xlarge_use1-az5': 1, 'm8gd.8xlarge_use1-az6': 5, 'm8gd.large_use1-az1': 20, 'm8gd.large_use1-az2': 15, 'm8gd.large_use1-az5': 1, 'm8gd.large_use1-az6': 1, 'm8gd.medium_use1-az6': 1, 'm8gd.metal-24xl_use1-az2': 1, 'm8gd.xlarge_use1-az1': 1, 'm8gd.xlarge_use1-az5': 1, 'm8i-flex.16xlarge_use1-az6': 5, 'm8i-flex.2xlarge_use1-az2': 10, 'm8i-flex.2xlarge_use1-az4': 1, 'm8i-flex.2xlarge_use1-az6': 50, 'm8i-flex.4xlarge_use1-az2': 1, 'm8i-flex.4xlarge_use1-az4': 1, 'm8i-flex.4xlarge_use1-az6': 5, 'm8i-flex.8xlarge_use1-az6': 1, 'm8i-flex.large_use1-az2': 5, 'm8i-flex.xlarge_use1-az2': 10, 'm8i-flex.xlarge_use1-az4': 25, 'm8i-flex.xlarge_use1-az6': 50, 'm8i.12xlarge_use1-az6': 1, 'm8i.16xlarge_use1-az4': 1, 'm8i.16xlarge_use1-az6': 1, 'm8i.24xlarge_use1-az6': 1, 'm8i.2xlarge_use1-az2': 10, 'm8i.2xlarge_use1-az4': 1, 'm8i.2xlarge_use1-az6': 10, 'm8i.32xlarge_use1-az2': 1, 'm8i.32xlarge_use1-az6': 5, 'm8i.48xlarge_use1-az2': 1, 'm8i.48xlarge_use1-az6': 5, 'm8i.4xlarge_use1-az2': 5, 'm8i.4xlarge_use1-az4': 1, 'm8i.4xlarge_use1-az6': 5, 'm8i.8xlarge_use1-az2': 1, 'm8i.8xlarge_use1-az4': 1, 'm8i.8xlarge_use1-az6': 20, 'm8i.96xlarge_use1-az6': 1, 'm8i.large_use1-az4': 25, 'm8i.metal-48xl_use1-az6': 1, 'm8i.metal-96xl_use1-az6': 1, 'm8i.xlarge_use1-az2': 30, 'm8i.xlarge_use1-az4': 10, 'p3.2xlarge_use1-az1': 50, 'p3.2xlarge_use1-az5': 50, 'p3.2xlarge_use1-az6': 50, 'r3.2xlarge_use1-az2': 1, 'r3.2xlarge_use1-az4': 1, 'r3.2xlarge_use1-az6': 1, 'r3.4xlarge_use1-az4': 1, 'r3.4xlarge_use1-az6': 1, 'r3.8xlarge_use1-az2': 1, 'r3.8xlarge_use1-az4': 1, 'r3.8xlarge_use1-az6': 5, 'r3.large_use1-az2': 50, 'r3.large_use1-az4': 50, 'r3.large_use1-az6': 50, 'r3.xlarge_use1-az2': 40, 'r3.xlarge_use1-az4': 50, 'r3.xlarge_use1-az6': 50, 'r4.16xlarge_use1-az1': 10, 'r4.16xlarge_use1-az2': 10, 'r4.16xlarge_use1-az3': 50, 'r4.16xlarge_use1-az4': 35, 'r4.16xlarge_use1-az5': 15, 'r4.16xlarge_use1-az6': 10, 'r4.2xlarge_use1-az1': 20, 'r4.2xlarge_use1-az2': 50, 'r4.2xlarge_use1-az3': 50, 'r4.2xlarge_use1-az4': 50, 'r4.2xlarge_use1-az5': 5, 'r4.2xlarge_use1-az6': 50, 'r4.4xlarge_use1-az1': 20, 'r4.4xlarge_use1-az2': 50, 'r4.4xlarge_use1-az3': 40, 'r4.4xlarge_use1-az4': 15, 'r4.4xlarge_use1-az5': 5, 'r4.4xlarge_use1-az6': 50, 'r4.8xlarge_use1-az1': 50, 'r4.8xlarge_use1-az2': 50, 'r4.8xlarge_use1-az3': 25, 'r4.8xlarge_use1-az4': 50, 'r4.8xlarge_use1-az5': 5, 'r4.8xlarge_use1-az6': 50, 'r4.large_use1-az1': 35, 'r4.large_use1-az2': 50, 'r4.large_use1-az4': 50, 'r4.large_use1-az5': 20, 'r4.large_use1-az6': 50, 'r4.xlarge_use1-az1': 50, 'r4.xlarge_use1-az2': 50, 'r4.xlarge_use1-az3': 50, 'r4.xlarge_use1-az4': 50, 'r4.xlarge_use1-az5': 30, 'r4.xlarge_use1-az6': 50, 'r5.12xlarge_use1-az1': 5, 'r5.12xlarge_use1-az2': 5, 'r5.12xlarge_use1-az4': 50, 'r5.12xlarge_use1-az5': 5, 'r5.12xlarge_use1-az6': 5, 'r5.16xlarge_use1-az1': 5, 'r5.16xlarge_use1-az4': 35, 'r5.16xlarge_use1-az5': 30, 'r5.16xlarge_use1-az6': 5, 'r5.24xlarge_use1-az4': 15, 'r5.24xlarge_use1-az5': 5, 'r5.24xlarge_use1-az6': 5, 'r5.2xlarge_use1-az1': 50, 'r5.2xlarge_use1-az2': 50, 'r5.2xlarge_use1-az4': 50, 'r5.2xlarge_use1-az5': 5, 'r5.2xlarge_use1-az6': 50, 'r5.4xlarge_use1-az1': 50, 'r5.4xlarge_use1-az2': 50, 'r5.4xlarge_use1-az4': 50, 'r5.4xlarge_use1-az5': 5, 'r5.4xlarge_use1-az6': 50, 'r5.8xlarge_use1-az1': 50, 'r5.8xlarge_use1-az2': 50, 'r5.8xlarge_use1-az4': 50, 'r5.8xlarge_use1-az5': 5, 'r5.8xlarge_use1-az6': 5, 'r5.large_use1-az1': 50, 'r5.large_use1-az2': 50, 'r5.large_use1-az4': 50, 'r5.large_use1-az5': 50, 'r5.large_use1-az6': 50, 'r5.xlarge_use1-az1': 50, 'r5.xlarge_use1-az2': 50, 'r5.xlarge_use1-az4': 50, 'r5.xlarge_use1-az5': 50, 'r5.xlarge_use1-az6': 50, 'r5a.12xlarge_use1-az1': 1, 'r5a.12xlarge_use1-az2': 1, 'r5a.12xlarge_use1-az4': 5, 'r5a.12xlarge_use1-az6': 5, 'r5a.16xlarge_use1-az1': 10, 'r5a.16xlarge_use1-az2': 10, 'r5a.16xlarge_use1-az4': 10, 'r5a.16xlarge_use1-az5': 5, 'r5a.16xlarge_use1-az6': 5, 'r5a.24xlarge_use1-az1': 5, 'r5a.24xlarge_use1-az2': 15, 'r5a.24xlarge_use1-az4': 10, 'r5a.24xlarge_use1-az5': 1, 'r5a.24xlarge_use1-az6': 10, 'r5a.2xlarge_use1-az1': 10, 'r5a.2xlarge_use1-az2': 20, 'r5a.2xlarge_use1-az4': 35, 'r5a.2xlarge_use1-az5': 5, 'r5a.2xlarge_use1-az6': 30, 'r5a.4xlarge_use1-az1': 25, 'r5a.4xlarge_use1-az2': 50, 'r5a.4xlarge_use1-az4': 50, 'r5a.4xlarge_use1-az5': 5, 'r5a.4xlarge_use1-az6': 50, 'r5a.8xlarge_use1-az1': 25, 'r5a.8xlarge_use1-az2': 10, 'r5a.8xlarge_use1-az4': 15, 'r5a.8xlarge_use1-az5': 30, 'r5a.8xlarge_use1-az6': 20, 'r5a.large_use1-az1': 50, 'r5a.large_use1-az2': 50, 'r5a.large_use1-az4': 50, 'r5a.large_use1-az5': 25, 'r5a.large_use1-az6': 50, 'r5a.xlarge_use1-az1': 20, 'r5a.xlarge_use1-az2': 50, 'r5a.xlarge_use1-az4': 50, 'r5a.xlarge_use1-az5': 5, 'r5a.xlarge_use1-az6': 50, 'r5ad.12xlarge_use1-az2': 1, 'r5ad.16xlarge_use1-az2': 50, 'r5ad.16xlarge_use1-az4': 10, 'r5ad.16xlarge_use1-az5': 1, 'r5ad.16xlarge_use1-az6': 10, 'r5ad.24xlarge_use1-az2': 25, 'r5ad.24xlarge_use1-az4': 1, 'r5ad.24xlarge_use1-az6': 10, 'r5ad.4xlarge_use1-az2': 10, 'r5ad.4xlarge_use1-az5': 1, 'r5ad.8xlarge_use1-az2': 5, 'r5ad.8xlarge_use1-az4': 20, 'r5ad.8xlarge_use1-az5': 1, 'r5ad.8xlarge_use1-az6': 10, 'r5ad.large_use1-az1': 1, 'r5ad.large_use1-az2': 30, 'r5ad.large_use1-az4': 10, 'r5ad.large_use1-az5': 5, 'r5ad.large_use1-az6': 10, 'r5ad.xlarge_use1-az1': 1, 'r5ad.xlarge_use1-az2': 10, 'r5ad.xlarge_use1-az5': 1, 'r5b.12xlarge_use1-az1': 5, 'r5b.12xlarge_use1-az4': 5, 'r5b.16xlarge_use1-az2': 5, 'r5b.16xlarge_use1-az6': 5, 'r5b.24xlarge_use1-az4': 5, 'r5b.24xlarge_use1-az6': 1, 'r5b.8xlarge_use1-az1': 5, 'r5b.large_use1-az1': 1, 'r5b.large_use1-az2': 5, 'r5b.large_use1-az4': 10, 'r5b.large_use1-az6': 5, 'r5b.xlarge_use1-az1': 1, 'r5b.xlarge_use1-az2': 1, 'r5b.xlarge_use1-az4': 5, 'r5b.xlarge_use1-az6': 1, 'r5d.12xlarge_use1-az1': 1, 'r5d.12xlarge_use1-az2': 5, 'r5d.12xlarge_use1-az4': 10, 'r5d.12xlarge_use1-az6': 1, 'r5d.16xlarge_use1-az1': 5, 'r5d.16xlarge_use1-az2': 50, 'r5d.16xlarge_use1-az4': 50, 'r5d.16xlarge_use1-az5': 10, 'r5d.16xlarge_use1-az6': 50, 'r5d.24xlarge_use1-az1': 1, 'r5d.24xlarge_use1-az2': 1, 'r5d.24xlarge_use1-az4': 10, 'r5d.24xlarge_use1-az5': 1, 'r5d.24xlarge_use1-az6': 10, 'r5d.2xlarge_use1-az5': 1, 'r5d.4xlarge_use1-az1': 5, 'r5d.4xlarge_use1-az2': 20, 'r5d.4xlarge_use1-az4': 45, 'r5d.4xlarge_use1-az5': 5, 'r5d.4xlarge_use1-az6': 25, 'r5d.8xlarge_use1-az1': 5, 'r5d.8xlarge_use1-az2': 15, 'r5d.8xlarge_use1-az4': 15, 'r5d.8xlarge_use1-az5': 5, 'r5d.8xlarge_use1-az6': 50, 'r5d.large_use1-az1': 10, 'r5d.large_use1-az2': 50, 'r5d.large_use1-az4': 50, 'r5d.large_use1-az5': 5, 'r5d.large_use1-az6': 50, 'r5dn.12xlarge_use1-az2': 1, 'r5dn.12xlarge_use1-az4': 1, 'r5dn.12xlarge_use1-az5': 1, 'r5dn.12xlarge_use1-az6': 1, 'r5dn.16xlarge_use1-az1': 5, 'r5dn.16xlarge_use1-az2': 5, 'r5dn.16xlarge_use1-az4': 15, 'r5dn.16xlarge_use1-az5': 10, 'r5dn.16xlarge_use1-az6': 30, 'r5dn.24xlarge_use1-az2': 5, 'r5dn.24xlarge_use1-az4': 10, 'r5dn.24xlarge_use1-az5': 1, 'r5dn.24xlarge_use1-az6': 25, 'r5dn.4xlarge_use1-az1': 5, 'r5dn.4xlarge_use1-az2': 25, 'r5dn.4xlarge_use1-az4': 45, 'r5dn.4xlarge_use1-az5': 5, 'r5dn.4xlarge_use1-az6': 20, 'r5dn.8xlarge_use1-az1': 1, 'r5dn.8xlarge_use1-az2': 5, 'r5dn.8xlarge_use1-az4': 5, 'r5dn.8xlarge_use1-az5': 5, 'r5dn.8xlarge_use1-az6': 50, 'r5dn.large_use1-az1': 50, 'r5dn.large_use1-az2': 50, 'r5dn.large_use1-az4': 50, 'r5dn.large_use1-az5': 50, 'r5dn.large_use1-az6': 50, 'r5dn.xlarge_use1-az5': 15, 'r5n.12xlarge_use1-az2': 1, 'r5n.12xlarge_use1-az4': 1, 'r5n.12xlarge_use1-az6': 1, 'r5n.16xlarge_use1-az1': 1, 'r5n.16xlarge_use1-az2': 10, 'r5n.16xlarge_use1-az4': 35, 'r5n.16xlarge_use1-az5': 1, 'r5n.16xlarge_use1-az6': 20, 'r5n.2xlarge_use1-az1': 5, 'r5n.2xlarge_use1-az2': 5, 'r5n.2xlarge_use1-az5': 1, 'r5n.2xlarge_use1-az6': 1, 'r5n.4xlarge_use1-az1': 5, 'r5n.4xlarge_use1-az2': 25, 'r5n.4xlarge_use1-az4': 15, 'r5n.4xlarge_use1-az6': 35, 'r5n.8xlarge_use1-az1': 10, 'r5n.8xlarge_use1-az2': 20, 'r5n.8xlarge_use1-az4': 35, 'r5n.8xlarge_use1-az6': 15, 'r5n.large_use1-az1': 20, 'r5n.large_use1-az2': 50, 'r5n.large_use1-az4': 50, 'r5n.large_use1-az5': 10, 'r5n.large_use1-az6': 30, 'r5n.xlarge_use1-az1': 1, 'r5n.xlarge_use1-az2': 10, 'r5n.xlarge_use1-az4': 15, 'r5n.xlarge_use1-az5': 1, 'r5n.xlarge_use1-az6': 20, 'r6a.12xlarge_use1-az1': 1, 'r6a.12xlarge_use1-az2': 10, 'r6a.12xlarge_use1-az4': 5, 'r6a.12xlarge_use1-az6': 10, 'r6a.16xlarge_use1-az1': 5, 'r6a.16xlarge_use1-az2': 15, 'r6a.16xlarge_use1-az4': 30, 'r6a.16xlarge_use1-az5': 15, 'r6a.16xlarge_use1-az6': 40, 'r6a.24xlarge_use1-az2': 5, 'r6a.24xlarge_use1-az4': 1, 'r6a.24xlarge_use1-az5': 1, 'r6a.24xlarge_use1-az6': 5, 'r6a.2xlarge_use1-az1': 50, 'r6a.2xlarge_use1-az2': 50, 'r6a.2xlarge_use1-az4': 40, 'r6a.2xlarge_use1-az5': 1, 'r6a.2xlarge_use1-az6': 50, 'r6a.32xlarge_use1-az2': 5, 'r6a.32xlarge_use1-az4': 5, 'r6a.32xlarge_use1-az5': 5, 'r6a.32xlarge_use1-az6': 5, 'r6a.48xlarge_use1-az2': 5, 'r6a.48xlarge_use1-az4': 5, 'r6a.48xlarge_use1-az5': 5, 'r6a.48xlarge_use1-az6': 1, 'r6a.4xlarge_use1-az1': 50, 'r6a.4xlarge_use1-az2': 50, 'r6a.4xlarge_use1-az4': 50, 'r6a.4xlarge_use1-az5': 40, 'r6a.4xlarge_use1-az6': 50, 'r6a.8xlarge_use1-az1': 20, 'r6a.8xlarge_use1-az2': 50, 'r6a.8xlarge_use1-az4': 50, 'r6a.8xlarge_use1-az5': 50, 'r6a.8xlarge_use1-az6': 50, 'r6a.large_use1-az1': 50, 'r6a.large_use1-az2': 50, 'r6a.large_use1-az4': 50, 'r6a.large_use1-az5': 50, 'r6a.large_use1-az6': 50, 'r6a.xlarge_use1-az1': 50, 'r6a.xlarge_use1-az2': 50, 'r6a.xlarge_use1-az4': 50, 'r6a.xlarge_use1-az5': 50, 'r6a.xlarge_use1-az6': 50, 'r6g.12xlarge_use1-az2': 50, 'r6g.12xlarge_use1-az4': 45, 'r6g.12xlarge_use1-az5': 10, 'r6g.12xlarge_use1-az6': 50, 'r6g.16xlarge_use1-az1': 1, 'r6g.16xlarge_use1-az2': 50, 'r6g.16xlarge_use1-az4': 50, 'r6g.16xlarge_use1-az5': 50, 'r6g.16xlarge_use1-az6': 50, 'r6g.2xlarge_use1-az1': 1, 'r6g.2xlarge_use1-az2': 25, 'r6g.2xlarge_use1-az4': 40, 'r6g.2xlarge_use1-az5': 10, 'r6g.2xlarge_use1-az6': 50, 'r6g.4xlarge_use1-az1': 10, 'r6g.4xlarge_use1-az2': 50, 'r6g.4xlarge_use1-az4': 50, 'r6g.4xlarge_use1-az5': 50, 'r6g.4xlarge_use1-az6': 50, 'r6g.8xlarge_use1-az1': 1, 'r6g.8xlarge_use1-az2': 10, 'r6g.8xlarge_use1-az4': 50, 'r6g.8xlarge_use1-az5': 50, 'r6g.8xlarge_use1-az6': 50, 'r6g.large_use1-az1': 10, 'r6g.large_use1-az2': 40, 'r6g.large_use1-az4': 50, 'r6g.large_use1-az5': 5, 'r6g.large_use1-az6': 50, 'r6g.medium_use1-az1': 1, 'r6g.medium_use1-az2': 10, 'r6g.medium_use1-az4': 15, 'r6g.medium_use1-az5': 15, 'r6g.medium_use1-az6': 35, 'r6g.xlarge_use1-az1': 1, 'r6g.xlarge_use1-az2': 50, 'r6g.xlarge_use1-az4': 50, 'r6g.xlarge_use1-az5': 50, 'r6g.xlarge_use1-az6': 50, 'r6gd.12xlarge_use1-az1': 1, 'r6gd.12xlarge_use1-az2': 5, 'r6gd.12xlarge_use1-az4': 10, 'r6gd.12xlarge_use1-az5': 1, 'r6gd.12xlarge_use1-az6': 10, 'r6gd.16xlarge_use1-az1': 5, 'r6gd.16xlarge_use1-az2': 5, 'r6gd.16xlarge_use1-az4': 50, 'r6gd.16xlarge_use1-az5': 1, 'r6gd.16xlarge_use1-az6': 45, 'r6gd.2xlarge_use1-az1': 1, 'r6gd.2xlarge_use1-az2': 20, 'r6gd.2xlarge_use1-az4': 30, 'r6gd.2xlarge_use1-az5': 1, 'r6gd.2xlarge_use1-az6': 1, 'r6gd.4xlarge_use1-az1': 5, 'r6gd.4xlarge_use1-az2': 20, 'r6gd.4xlarge_use1-az4': 50, 'r6gd.4xlarge_use1-az5': 1, 'r6gd.4xlarge_use1-az6': 25, 'r6gd.8xlarge_use1-az1': 1, 'r6gd.8xlarge_use1-az2': 10, 'r6gd.8xlarge_use1-az4': 20, 'r6gd.8xlarge_use1-az5': 1, 'r6gd.8xlarge_use1-az6': 30, 'r6gd.large_use1-az1': 50, 'r6gd.large_use1-az2': 50, 'r6gd.large_use1-az4': 50, 'r6gd.large_use1-az5': 50, 'r6gd.large_use1-az6': 50, 'r6gd.medium_use1-az1': 5, 'r6gd.medium_use1-az2': 1, 'r6gd.medium_use1-az4': 5, 'r6gd.medium_use1-az5': 5, 'r6gd.medium_use1-az6': 1, 'r6gd.xlarge_use1-az1': 1, 'r6gd.xlarge_use1-az2': 1, 'r6gd.xlarge_use1-az4': 5, 'r6gd.xlarge_use1-az6': 10, 'r6i.12xlarge_use1-az1': 5, 'r6i.12xlarge_use1-az2': 5, 'r6i.12xlarge_use1-az4': 5, 'r6i.12xlarge_use1-az5': 1, 'r6i.12xlarge_use1-az6': 10, 'r6i.16xlarge_use1-az1': 1, 'r6i.16xlarge_use1-az2': 1, 'r6i.16xlarge_use1-az4': 10, 'r6i.16xlarge_use1-az5': 10, 'r6i.16xlarge_use1-az6': 1, 'r6i.24xlarge_use1-az4': 10, 'r6i.24xlarge_use1-az5': 1, 'r6i.24xlarge_use1-az6': 5, 'r6i.2xlarge_use1-az1': 15, 'r6i.2xlarge_use1-az2': 35, 'r6i.2xlarge_use1-az4': 50, 'r6i.2xlarge_use1-az5': 5, 'r6i.2xlarge_use1-az6': 50, 'r6i.32xlarge_use1-az4': 1, 'r6i.32xlarge_use1-az5': 1, 'r6i.32xlarge_use1-az6': 1, 'r6i.4xlarge_use1-az1': 30, 'r6i.4xlarge_use1-az2': 20, 'r6i.4xlarge_use1-az4': 20, 'r6i.4xlarge_use1-az5': 10, 'r6i.4xlarge_use1-az6': 40, 'r6i.8xlarge_use1-az1': 5, 'r6i.8xlarge_use1-az2': 10, 'r6i.8xlarge_use1-az4': 10, 'r6i.8xlarge_use1-az5': 5, 'r6i.8xlarge_use1-az6': 10, 'r6i.large_use1-az1': 20, 'r6i.large_use1-az2': 50, 'r6i.large_use1-az4': 50, 'r6i.large_use1-az5': 20, 'r6i.large_use1-az6': 50, 'r6i.xlarge_use1-az1': 15, 'r6i.xlarge_use1-az2': 45, 'r6i.xlarge_use1-az4': 50, 'r6i.xlarge_use1-az5': 10, 'r6i.xlarge_use1-az6': 50, 'r6id.12xlarge_use1-az1': 1, 'r6id.12xlarge_use1-az2': 5, 'r6id.12xlarge_use1-az4': 1, 'r6id.12xlarge_use1-az6': 5, 'r6id.16xlarge_use1-az1': 5, 'r6id.16xlarge_use1-az2': 5, 'r6id.16xlarge_use1-az4': 15, 'r6id.16xlarge_use1-az5': 1, 'r6id.16xlarge_use1-az6': 20, 'r6id.24xlarge_use1-az1': 10, 'r6id.24xlarge_use1-az2': 10, 'r6id.24xlarge_use1-az4': 5, 'r6id.24xlarge_use1-az5': 15, 'r6id.24xlarge_use1-az6': 25, 'r6id.2xlarge_use1-az1': 5, 'r6id.2xlarge_use1-az2': 1, 'r6id.2xlarge_use1-az4': 10, 'r6id.2xlarge_use1-az5': 1, 'r6id.2xlarge_use1-az6': 10, 'r6id.32xlarge_use1-az1': 1, 'r6id.32xlarge_use1-az2': 5, 'r6id.32xlarge_use1-az4': 1, 'r6id.32xlarge_use1-az5': 1, 'r6id.32xlarge_use1-az6': 10, 'r6id.4xlarge_use1-az1': 40, 'r6id.4xlarge_use1-az2': 50, 'r6id.4xlarge_use1-az4': 10, 'r6id.4xlarge_use1-az5': 20, 'r6id.4xlarge_use1-az6': 35, 'r6id.8xlarge_use1-az1': 1, 'r6id.8xlarge_use1-az2': 1, 'r6id.8xlarge_use1-az4': 5, 'r6id.8xlarge_use1-az5': 1, 'r6id.8xlarge_use1-az6': 5, 'r6id.large_use1-az1': 15, 'r6id.large_use1-az2': 10, 'r6id.large_use1-az4': 5, 'r6id.large_use1-az5': 15, 'r6id.large_use1-az6': 30, 'r6id.xlarge_use1-az1': 5, 'r6id.xlarge_use1-az2': 15, 'r6id.xlarge_use1-az4': 10, 'r6id.xlarge_use1-az5': 15, 'r6id.xlarge_use1-az6': 15, 'r6idn.16xlarge_use1-az4': 1, 'r6idn.16xlarge_use1-az5': 1, 'r6idn.16xlarge_use1-az6': 1, 'r6idn.24xlarge_use1-az6': 1, 'r6idn.2xlarge_use1-az1': 1, 'r6idn.2xlarge_use1-az2': 1, 'r6idn.2xlarge_use1-az4': 5, 'r6idn.2xlarge_use1-az5': 1, 'r6idn.2xlarge_use1-az6': 5, 'r6idn.32xlarge_use1-az6': 1, 'r6idn.4xlarge_use1-az1': 15, 'r6idn.4xlarge_use1-az2': 15, 'r6idn.4xlarge_use1-az4': 15, 'r6idn.4xlarge_use1-az5': 5, 'r6idn.4xlarge_use1-az6': 10, 'r6idn.8xlarge_use1-az2': 1, 'r6idn.8xlarge_use1-az4': 1, 'r6idn.8xlarge_use1-az6': 5, 'r6idn.large_use1-az1': 1, 'r6idn.large_use1-az2': 1, 'r6idn.large_use1-az4': 5, 'r6idn.large_use1-az5': 5, 'r6idn.large_use1-az6': 5, 'r6idn.xlarge_use1-az1': 5, 'r6idn.xlarge_use1-az2': 1, 'r6idn.xlarge_use1-az4': 5, 'r6idn.xlarge_use1-az5': 1, 'r6idn.xlarge_use1-az6': 5, 'r6in.12xlarge_use1-az1': 1, 'r6in.12xlarge_use1-az6': 5, 'r6in.16xlarge_use1-az4': 1, 'r6in.16xlarge_use1-az5': 1, 'r6in.16xlarge_use1-az6': 5, 'r6in.24xlarge_use1-az6': 1, 'r6in.2xlarge_use1-az1': 1, 'r6in.2xlarge_use1-az2': 1, 'r6in.2xlarge_use1-az4': 1, 'r6in.2xlarge_use1-az5': 1, 'r6in.2xlarge_use1-az6': 1, 'r6in.4xlarge_use1-az1': 5, 'r6in.4xlarge_use1-az2': 20, 'r6in.4xlarge_use1-az4': 15, 'r6in.4xlarge_use1-az5': 20, 'r6in.4xlarge_use1-az6': 20, 'r6in.8xlarge_use1-az1': 5, 'r6in.8xlarge_use1-az4': 1, 'r6in.8xlarge_use1-az6': 5, 'r6in.large_use1-az1': 45, 'r6in.large_use1-az2': 50, 'r6in.large_use1-az4': 50, 'r6in.large_use1-az5': 40, 'r6in.large_use1-az6': 50, 'r6in.xlarge_use1-az1': 1, 'r6in.xlarge_use1-az2': 1, 'r6in.xlarge_use1-az4': 1, 'r6in.xlarge_use1-az5': 1, 'r6in.xlarge_use1-az6': 1, 'r7a.12xlarge_use1-az1': 1, 'r7a.12xlarge_use1-az2': 1, 'r7a.12xlarge_use1-az4': 5, 'r7a.12xlarge_use1-az6': 20, 'r7a.16xlarge_use1-az1': 1, 'r7a.16xlarge_use1-az2': 15, 'r7a.16xlarge_use1-az4': 30, 'r7a.16xlarge_use1-az6': 50, 'r7a.24xlarge_use1-az2': 10, 'r7a.24xlarge_use1-az4': 10, 'r7a.24xlarge_use1-az6': 35, 'r7a.2xlarge_use1-az1': 1, 'r7a.2xlarge_use1-az2': 5, 'r7a.2xlarge_use1-az4': 25, 'r7a.2xlarge_use1-az6': 1, 'r7a.32xlarge_use1-az2': 1, 'r7a.32xlarge_use1-az4': 1, 'r7a.32xlarge_use1-az6': 50, 'r7a.48xlarge_use1-az2': 5, 'r7a.48xlarge_use1-az4': 5, 'r7a.48xlarge_use1-az6': 50, 'r7a.4xlarge_use1-az1': 5, 'r7a.4xlarge_use1-az2': 25, 'r7a.4xlarge_use1-az4': 50, 'r7a.4xlarge_use1-az6': 50, 'r7a.8xlarge_use1-az1': 5, 'r7a.8xlarge_use1-az2': 20, 'r7a.8xlarge_use1-az4': 50, 'r7a.8xlarge_use1-az6': 50, 'r7a.large_use1-az1': 50, 'r7a.large_use1-az2': 50, 'r7a.large_use1-az4': 50, 'r7a.large_use1-az6': 50, 'r7a.medium_use1-az1': 10, 'r7a.medium_use1-az2': 25, 'r7a.medium_use1-az4': 50, 'r7a.medium_use1-az6': 50, 'r7a.xlarge_use1-az1': 20, 'r7a.xlarge_use1-az2': 50, 'r7a.xlarge_use1-az4': 50, 'r7a.xlarge_use1-az6': 25, 'r7g.12xlarge_use1-az1': 1, 'r7g.12xlarge_use1-az2': 5, 'r7g.12xlarge_use1-az4': 50, 'r7g.12xlarge_use1-az5': 1, 'r7g.12xlarge_use1-az6': 5, 'r7g.16xlarge_use1-az1': 5, 'r7g.16xlarge_use1-az2': 30, 'r7g.16xlarge_use1-az4': 50, 'r7g.16xlarge_use1-az5': 5, 'r7g.16xlarge_use1-az6': 50, 'r7g.2xlarge_use1-az1': 5, 'r7g.2xlarge_use1-az2': 10, 'r7g.2xlarge_use1-az4': 50, 'r7g.2xlarge_use1-az5': 5, 'r7g.2xlarge_use1-az6': 15, 'r7g.4xlarge_use1-az1': 5, 'r7g.4xlarge_use1-az2': 5, 'r7g.4xlarge_use1-az4': 50, 'r7g.4xlarge_use1-az5': 5, 'r7g.4xlarge_use1-az6': 15, 'r7g.8xlarge_use1-az1': 1, 'r7g.8xlarge_use1-az2': 50, 'r7g.8xlarge_use1-az4': 50, 'r7g.8xlarge_use1-az5': 50, 'r7g.8xlarge_use1-az6': 50, 'r7g.large_use1-az1': 20, 'r7g.large_use1-az2': 50, 'r7g.large_use1-az4': 50, 'r7g.large_use1-az5': 40, 'r7g.large_use1-az6': 40, 'r7g.medium_use1-az1': 50, 'r7g.medium_use1-az2': 50, 'r7g.medium_use1-az4': 50, 'r7g.medium_use1-az5': 25, 'r7g.medium_use1-az6': 50, 'r7g.xlarge_use1-az1': 50, 'r7g.xlarge_use1-az2': 50, 'r7g.xlarge_use1-az4': 50, 'r7g.xlarge_use1-az5': 10, 'r7g.xlarge_use1-az6': 50, 'r7gd.12xlarge_use1-az1': 1, 'r7gd.12xlarge_use1-az2': 10, 'r7gd.12xlarge_use1-az4': 35, 'r7gd.12xlarge_use1-az5': 10, 'r7gd.12xlarge_use1-az6': 50, 'r7gd.16xlarge_use1-az1': 5, 'r7gd.16xlarge_use1-az2': 50, 'r7gd.16xlarge_use1-az4': 50, 'r7gd.16xlarge_use1-az5': 50, 'r7gd.16xlarge_use1-az6': 50, 'r7gd.2xlarge_use1-az1': 5, 'r7gd.2xlarge_use1-az2': 25, 'r7gd.2xlarge_use1-az4': 25, 'r7gd.2xlarge_use1-az5': 40, 'r7gd.2xlarge_use1-az6': 50, 'r7gd.4xlarge_use1-az1': 1, 'r7gd.4xlarge_use1-az2': 20, 'r7gd.4xlarge_use1-az4': 25, 'r7gd.4xlarge_use1-az5': 30, 'r7gd.4xlarge_use1-az6': 50, 'r7gd.8xlarge_use1-az1': 1, 'r7gd.8xlarge_use1-az2': 10, 'r7gd.8xlarge_use1-az4': 30, 'r7gd.8xlarge_use1-az5': 20, 'r7gd.8xlarge_use1-az6': 50, 'r7gd.large_use1-az1': 15, 'r7gd.large_use1-az2': 10, 'r7gd.large_use1-az4': 50, 'r7gd.large_use1-az5': 15, 'r7gd.large_use1-az6': 35, 'r7gd.medium_use1-az1': 35, 'r7gd.medium_use1-az2': 15, 'r7gd.medium_use1-az4': 25, 'r7gd.medium_use1-az5': 15, 'r7gd.medium_use1-az6': 20, 'r7gd.xlarge_use1-az1': 1, 'r7gd.xlarge_use1-az2': 10, 'r7gd.xlarge_use1-az4': 25, 'r7gd.xlarge_use1-az5': 10, 'r7gd.xlarge_use1-az6': 50, 'r7i.12xlarge_use1-az4': 1, 'r7i.12xlarge_use1-az6': 10, 'r7i.16xlarge_use1-az1': 5, 'r7i.16xlarge_use1-az2': 15, 'r7i.16xlarge_use1-az4': 45, 'r7i.16xlarge_use1-az5': 5, 'r7i.16xlarge_use1-az6': 50, 'r7i.24xlarge_use1-az1': 1, 'r7i.24xlarge_use1-az2': 1, 'r7i.24xlarge_use1-az4': 5, 'r7i.24xlarge_use1-az5': 5, 'r7i.24xlarge_use1-az6': 5, 'r7i.2xlarge_use1-az1': 5, 'r7i.2xlarge_use1-az2': 5, 'r7i.2xlarge_use1-az4': 10, 'r7i.2xlarge_use1-az5': 5, 'r7i.2xlarge_use1-az6': 50, 'r7i.48xlarge_use1-az2': 1, 'r7i.48xlarge_use1-az4': 5, 'r7i.48xlarge_use1-az5': 1, 'r7i.48xlarge_use1-az6': 5, 'r7i.4xlarge_use1-az1': 5, 'r7i.4xlarge_use1-az2': 20, 'r7i.4xlarge_use1-az4': 10, 'r7i.4xlarge_use1-az5': 1, 'r7i.4xlarge_use1-az6': 50, 'r7i.8xlarge_use1-az1': 5, 'r7i.8xlarge_use1-az2': 25, 'r7i.8xlarge_use1-az4': 25, 'r7i.8xlarge_use1-az5': 5, 'r7i.8xlarge_use1-az6': 50, 'r7i.large_use1-az1': 15, 'r7i.large_use1-az2': 50, 'r7i.large_use1-az4': 50, 'r7i.large_use1-az5': 15, 'r7i.large_use1-az6': 50, 'r7i.xlarge_use1-az1': 5, 'r7i.xlarge_use1-az2': 15, 'r7i.xlarge_use1-az4': 10, 'r7i.xlarge_use1-az5': 15, 'r7i.xlarge_use1-az6': 50, 'r8g.12xlarge_use1-az2': 5, 'r8g.12xlarge_use1-az4': 5, 'r8g.12xlarge_use1-az6': 15, 'r8g.16xlarge_use1-az1': 1, 'r8g.16xlarge_use1-az2': 50, 'r8g.16xlarge_use1-az4': 50, 'r8g.16xlarge_use1-az5': 5, 'r8g.16xlarge_use1-az6': 50, 'r8g.24xlarge_use1-az2': 10, 'r8g.24xlarge_use1-az4': 5, 'r8g.24xlarge_use1-az5': 5, 'r8g.24xlarge_use1-az6': 35, 'r8g.2xlarge_use1-az2': 5, 'r8g.2xlarge_use1-az4': 5, 'r8g.2xlarge_use1-az5': 1, 'r8g.2xlarge_use1-az6': 5, 'r8g.48xlarge_use1-az2': 1, 'r8g.48xlarge_use1-az4': 5, 'r8g.48xlarge_use1-az6': 5, 'r8g.4xlarge_use1-az2': 10, 'r8g.4xlarge_use1-az4': 35, 'r8g.4xlarge_use1-az5': 5, 'r8g.4xlarge_use1-az6': 50, 'r8g.8xlarge_use1-az2': 40, 'r8g.8xlarge_use1-az4': 15, 'r8g.8xlarge_use1-az5': 1, 'r8g.8xlarge_use1-az6': 50, 'r8g.large_use1-az1': 5, 'r8g.large_use1-az2': 30, 'r8g.large_use1-az4': 15, 'r8g.large_use1-az5': 10, 'r8g.large_use1-az6': 20, 'r8g.medium_use1-az1': 15, 'r8g.medium_use1-az2': 30, 'r8g.medium_use1-az4': 20, 'r8g.medium_use1-az5': 5, 'r8g.medium_use1-az6': 15, 'r8g.xlarge_use1-az1': 1, 'r8g.xlarge_use1-az2': 10, 'r8g.xlarge_use1-az4': 5, 'r8g.xlarge_use1-az5': 5, 'r8g.xlarge_use1-az6': 10, 'r8gb.24xlarge_use1-az6': 1, 'r8gb.2xlarge_use1-az2': 1, 'r8gb.2xlarge_use1-az4': 1, 'r8gb.2xlarge_use1-az6': 1, 'r8gb.large_use1-az2': 20, 'r8gb.large_use1-az4': 15, 'r8gb.large_use1-az6': 25, 'r8gb.medium_use1-az2': 50, 'r8gb.metal-24xl_use1-az6': 1, 'r8gb.xlarge_use1-az2': 5, 'r8gb.xlarge_use1-az4': 5, 'r8gb.xlarge_use1-az6': 5, 'r8gd.12xlarge_use1-az5': 1, 'r8gd.12xlarge_use1-az6': 1, 'r8gd.16xlarge_use1-az2': 1, 'r8gd.16xlarge_use1-az4': 1, 'r8gd.16xlarge_use1-az5': 1, 'r8gd.16xlarge_use1-az6': 15, 'r8gd.24xlarge_use1-az2': 1, 'r8gd.24xlarge_use1-az5': 1, 'r8gd.24xlarge_use1-az6': 25, 'r8gd.2xlarge_use1-az2': 25, 'r8gd.2xlarge_use1-az4': 30, 'r8gd.2xlarge_use1-az6': 50, 'r8gd.48xlarge_use1-az6': 50, 'r8gd.4xlarge_use1-az1': 1, 'r8gd.4xlarge_use1-az2': 20, 'r8gd.4xlarge_use1-az5': 1, 'r8gd.4xlarge_use1-az6': 15, 'r8gd.8xlarge_use1-az2': 5, 'r8gd.8xlarge_use1-az4': 1, 'r8gd.8xlarge_use1-az5': 1, 'r8gd.8xlarge_use1-az6': 1, 'r8gd.large_use1-az2': 50, 'r8gd.large_use1-az5': 1, 'r8gd.large_use1-az6': 50, 'r8gd.medium_use1-az1': 5, 'r8gd.medium_use1-az2': 5, 'r8gd.medium_use1-az4': 5, 'r8gd.medium_use1-az5': 10, 'r8gd.metal-24xl_use1-az6': 1, 'r8gd.metal-48xl_use1-az6': 1, 'r8gd.xlarge_use1-az2': 25, 'r8gd.xlarge_use1-az4': 1, 'r8gd.xlarge_use1-az5': 50, 'r8gd.xlarge_use1-az6': 40, 'r8gn.16xlarge_use1-az6': 1, 'r8gn.24xlarge_use1-az2': 1, 'r8gn.2xlarge_use1-az2': 1, 'r8gn.2xlarge_use1-az6': 1, 'r8gn.48xlarge_use1-az6': 1, 'r8gn.4xlarge_use1-az6': 5, 'r8gn.8xlarge_use1-az2': 1, 'r8gn.8xlarge_use1-az6': 5, 'r8gn.large_use1-az2': 20, 'r8gn.large_use1-az4': 15, 'r8gn.large_use1-az6': 20, 'r8gn.medium_use1-az2': 35, 'r8gn.medium_use1-az4': 40, 'r8gn.metal-24xl_use1-az2': 1, 'r8gn.metal-24xl_use1-az6': 1, 'r8gn.xlarge_use1-az2': 1, 'r8gn.xlarge_use1-az4': 5, 'r8gn.xlarge_use1-az6': 10, 'r8i-flex.2xlarge_use1-az2': 1, 'r8i-flex.2xlarge_use1-az6': 5, 'r8i-flex.4xlarge_use1-az2': 1, 'r8i-flex.4xlarge_use1-az6': 1, 'r8i-flex.large_use1-az2': 1, 'r8i-flex.large_use1-az6': 5, 'r8i-flex.xlarge_use1-az2': 5, 'r8i-flex.xlarge_use1-az6': 1, 'r8i.12xlarge_use1-az2': 1, 'r8i.12xlarge_use1-az6': 1, 'r8i.16xlarge_use1-az2': 1, 'r8i.16xlarge_use1-az6': 1, 'r8i.24xlarge_use1-az6': 1, 'r8i.2xlarge_use1-az2': 5, 'r8i.2xlarge_use1-az6': 5, 'r8i.32xlarge_use1-az2': 1, 'r8i.32xlarge_use1-az6': 1, 'r8i.48xlarge_use1-az2': 1, 'r8i.48xlarge_use1-az6': 1, 'r8i.4xlarge_use1-az2': 1, 'r8i.4xlarge_use1-az6': 5, 'r8i.8xlarge_use1-az2': 1, 'r8i.8xlarge_use1-az6': 5, 'r8i.96xlarge_use1-az2': 1, 'r8i.96xlarge_use1-az6': 1, 'r8i.large_use1-az2': 20, 'r8i.large_use1-az6': 20, 'r8i.xlarge_use1-az2': 5, 'r8i.xlarge_use1-az6': 5, 't2.2xlarge_use1-az1': 50, 't2.2xlarge_use1-az2': 50, 't2.2xlarge_use1-az3': 15, 't2.2xlarge_use1-az4': 50, 't2.2xlarge_use1-az5': 50, 't2.2xlarge_use1-az6': 50, 't2.large_use1-az1': 20, 't2.large_use1-az2': 50, 't2.large_use1-az3': 50, 't2.large_use1-az4': 50, 't2.large_use1-az5': 25, 't2.large_use1-az6': 50, 't2.medium_use1-az1': 50, 't2.medium_use1-az2': 50, 't2.medium_use1-az3': 50, 't2.medium_use1-az4': 50, 't2.medium_use1-az5': 50, 't2.medium_use1-az6': 50, 't2.xlarge_use1-az1': 35, 't2.xlarge_use1-az2': 50, 't2.xlarge_use1-az3': 20, 't2.xlarge_use1-az4': 50, 't2.xlarge_use1-az5': 5, 't2.xlarge_use1-az6': 50, 't3.2xlarge_use1-az1': 50, 't3.2xlarge_use1-az2': 50, 't3.2xlarge_use1-az4': 50, 't3.2xlarge_use1-az5': 50, 't3.2xlarge_use1-az6': 50, 't3.large_use1-az1': 50, 't3.large_use1-az2': 50, 't3.large_use1-az4': 50, 't3.large_use1-az5': 50, 't3.large_use1-az6': 50, 't3.medium_use1-az1': 50, 't3.medium_use1-az2': 50, 't3.medium_use1-az4': 50, 't3.medium_use1-az5': 50, 't3.medium_use1-az6': 50, 't3.xlarge_use1-az1': 50, 't3.xlarge_use1-az2': 50, 't3.xlarge_use1-az4': 50, 't3.xlarge_use1-az5': 50, 't3.xlarge_use1-az6': 50, 't3a.2xlarge_use1-az1': 50, 't3a.2xlarge_use1-az2': 50, 't3a.2xlarge_use1-az4': 50, 't3a.2xlarge_use1-az5': 50, 't3a.2xlarge_use1-az6': 50, 't3a.large_use1-az1': 50, 't3a.large_use1-az2': 50, 't3a.large_use1-az4': 50, 't3a.large_use1-az5': 5, 't3a.large_use1-az6': 50, 't3a.medium_use1-az1': 50, 't3a.medium_use1-az2': 50, 't3a.medium_use1-az4': 50, 't3a.medium_use1-az5': 5, 't3a.medium_use1-az6': 50, 't3a.xlarge_use1-az1': 25, 't3a.xlarge_use1-az2': 50, 't3a.xlarge_use1-az4': 50, 't3a.xlarge_use1-az5': 15, 't3a.xlarge_use1-az6': 50, 't4g.2xlarge_use1-az1': 5, 't4g.2xlarge_use1-az2': 15, 't4g.2xlarge_use1-az4': 5, 't4g.2xlarge_use1-az5': 10, 't4g.2xlarge_use1-az6': 10, 't4g.large_use1-az1': 1, 't4g.large_use1-az2': 15, 't4g.large_use1-az4': 50, 't4g.large_use1-az5': 25, 't4g.large_use1-az6': 35, 't4g.medium_use1-az1': 1, 't4g.medium_use1-az2': 50, 't4g.medium_use1-az4': 50, 't4g.medium_use1-az5': 35, 't4g.medium_use1-az6': 50, 't4g.xlarge_use1-az1': 30, 't4g.xlarge_use1-az2': 15, 't4g.xlarge_use1-az4': 50, 't4g.xlarge_use1-az5': 5, 't4g.xlarge_use1-az6': 10, 'trn1.2xlarge_use1-az5': 5, 'trn1.2xlarge_use1-az6': 20, 'trn1.32xlarge_use1-az6': 50, 'trn1n.32xlarge_use1-az6': 50, 'vt1.3xlarge_use1-az2': 1, 'x1.16xlarge_use1-az2': 1, 'x1.16xlarge_use1-az4': 1, 'x1.16xlarge_use1-az6': 1, 'x1.32xlarge_use1-az2': 1, 'x1.32xlarge_use1-az3': 5, 'x1.32xlarge_use1-az6': 1, 'x1e.16xlarge_use1-az6': 5, 'x2gd.12xlarge_use1-az5': 5, 'x2gd.12xlarge_use1-az6': 1, 'x2gd.16xlarge_use1-az5': 1, 'x2gd.16xlarge_use1-az6': 15, 'x2gd.2xlarge_use1-az1': 5, 'x2gd.2xlarge_use1-az4': 1, 'x2gd.2xlarge_use1-az5': 5, 'x2gd.2xlarge_use1-az6': 30, 'x2gd.4xlarge_use1-az1': 1, 'x2gd.4xlarge_use1-az2': 1, 'x2gd.4xlarge_use1-az4': 5, 'x2gd.4xlarge_use1-az5': 1, 'x2gd.4xlarge_use1-az6': 35, 'x2gd.8xlarge_use1-az4': 1, 'x2gd.8xlarge_use1-az5': 1, 'x2gd.8xlarge_use1-az6': 5, 'x2gd.large_use1-az1': 35, 'x2gd.large_use1-az2': 25, 'x2gd.large_use1-az4': 15, 'x2gd.large_use1-az5': 25, 'x2gd.large_use1-az6': 50, 'x2gd.medium_use1-az1': 25, 'x2gd.medium_use1-az2': 35, 'x2gd.medium_use1-az4': 50, 'x2gd.medium_use1-az5': 50, 'x2gd.medium_use1-az6': 50, 'x2gd.xlarge_use1-az1': 5, 'x2gd.xlarge_use1-az2': 1, 'x2gd.xlarge_use1-az4': 20, 'x2gd.xlarge_use1-az5': 15, 'x2gd.xlarge_use1-az6': 25, 'x2idn.16xlarge_use1-az2': 1, 'x2idn.16xlarge_use1-az5': 1, 'x2idn.24xlarge_use1-az4': 1, 'x2idn.24xlarge_use1-az5': 1, 'x2idn.32xlarge_use1-az5': 1, 'x2iedn.2xlarge_use1-az1': 1, 'x2iedn.2xlarge_use1-az5': 1, 'x2iedn.8xlarge_use1-az6': 1, 'x2iedn.xlarge_use1-az5': 1, 'x2iezn.2xlarge_use1-az2': 5, 'x8g.12xlarge_use1-az2': 1, 'x8g.12xlarge_use1-az4': 20, 'x8g.12xlarge_use1-az6': 1, 'x8g.16xlarge_use1-az1': 1, 'x8g.16xlarge_use1-az2': 5, 'x8g.16xlarge_use1-az4': 5, 'x8g.16xlarge_use1-az6': 5, 'x8g.24xlarge_use1-az1': 1, 'x8g.24xlarge_use1-az2': 5, 'x8g.24xlarge_use1-az4': 5, 'x8g.24xlarge_use1-az6': 10, 'x8g.2xlarge_use1-az1': 5, 'x8g.2xlarge_use1-az2': 10, 'x8g.2xlarge_use1-az4': 10, 'x8g.2xlarge_use1-az6': 25, 'x8g.48xlarge_use1-az1': 1, 'x8g.48xlarge_use1-az2': 1, 'x8g.48xlarge_use1-az4': 10, 'x8g.48xlarge_use1-az6': 1, 'x8g.4xlarge_use1-az1': 1, 'x8g.4xlarge_use1-az2': 5, 'x8g.4xlarge_use1-az4': 5, 'x8g.4xlarge_use1-az6': 10, 'x8g.8xlarge_use1-az2': 15, 'x8g.8xlarge_use1-az4': 20, 'x8g.8xlarge_use1-az6': 5, 'x8g.large_use1-az1': 30, 'x8g.large_use1-az4': 50, 'x8g.large_use1-az6': 50, 'x8g.medium_use1-az1': 50, 'x8g.medium_use1-az4': 50, 'x8g.medium_use1-az6': 50, 'x8g.metal-24xl_use1-az1': 1, 'x8g.metal-24xl_use1-az2': 1, 'x8g.metal-24xl_use1-az4': 1, 'x8g.metal-24xl_use1-az6': 10, 'x8g.metal-48xl_use1-az2': 1, 'x8g.metal-48xl_use1-az4': 1, 'x8g.metal-48xl_use1-az6': 1, 'x8g.xlarge_use1-az1': 10, 'x8g.xlarge_use1-az2': 20, 'x8g.xlarge_use1-az4': 40, 'x8g.xlarge_use1-az6': 50, 'z1d.12xlarge_use1-az1': 1, 'z1d.12xlarge_use1-az2': 1, 'z1d.12xlarge_use1-az4': 1, 'z1d.12xlarge_use1-az5': 1, 'z1d.12xlarge_use1-az6': 5, 'z1d.2xlarge_use1-az1': 5, 'z1d.2xlarge_use1-az2': 5, 'z1d.2xlarge_use1-az4': 15, 'z1d.2xlarge_use1-az5': 1, 'z1d.2xlarge_use1-az6': 15, 'z1d.3xlarge_use1-az1': 5, 'z1d.3xlarge_use1-az2': 5, 'z1d.3xlarge_use1-az4': 10, 'z1d.3xlarge_use1-az5': 5, 'z1d.3xlarge_use1-az6': 5, 'z1d.6xlarge_use1-az1': 1, 'z1d.6xlarge_use1-az2': 1, 'z1d.6xlarge_use1-az4': 1, 'z1d.6xlarge_use1-az6': 1, 'z1d.large_use1-az1': 15, 'z1d.large_use1-az2': 5, 'z1d.large_use1-az4': 25, 'z1d.large_use1-az5': 10, 'z1d.large_use1-az6': 25, 'z1d.xlarge_use1-az1': 10, 'z1d.xlarge_use1-az2': 20, 'z1d.xlarge_use1-az4': 30, 'z1d.xlarge_use1-az5': 1, 'z1d.xlarge_use1-az6': 20}"
0.7000000000000001,25681.532199999958,29093530062,1132858.0333832265,1119069,1118969,"{'c3.8xlarge_use1-az6': 1, 'c4.2xlarge_use1-az4': 15, 'c4.2xlarge_use1-az5': 15, 'c4.4xlarge_use1-az1': 5, 'c4.4xlarge_use1-az2': 5, 'c4.4xlarge_use1-az4': 5, 'c4.4xlarge_use1-az5': 5, 'c4.4xlarge_use1-az6': 1, 'c4.8xlarge_use1-az1': 1, 'c4.8xlarge_use1-az2': 5, 'c4.8xlarge_use1-az3': 5, 'c4.8xlarge_use1-az4': 15, 'c4.8xlarge_use1-az5': 5, 'c4.8xlarge_use1-az6': 5, 'c5.12xlarge_use1-az1': 50, 'c5.12xlarge_use1-az2': 50, 'c5.12xlarge_use1-az4': 50, 'c5.12xlarge_use1-az5': 50, 'c5.12xlarge_use1-az6': 50, 'c5.18xlarge_use1-az1': 5, 'c5.18xlarge_use1-az2': 50, 'c5.18xlarge_use1-az4': 15, 'c5.18xlarge_use1-az5': 10, 'c5.18xlarge_use1-az6': 1, 'c5.24xlarge_use1-az1': 1, 'c5.24xlarge_use1-az2': 5, 'c5.24xlarge_use1-az4': 5, 'c5.24xlarge_use1-az5': 1, 'c5.24xlarge_use1-az6': 5, 'c5.2xlarge_use1-az1': 50, 'c5.2xlarge_use1-az2': 50, 'c5.2xlarge_use1-az4': 50, 'c5.2xlarge_use1-az5': 50, 'c5.2xlarge_use1-az6': 50, 'c5.4xlarge_use1-az1': 50, 'c5.4xlarge_use1-az2': 50, 'c5.4xlarge_use1-az4': 50, 'c5.4xlarge_use1-az5': 50, 'c5.4xlarge_use1-az6': 50, 'c5.9xlarge_use1-az1': 50, 'c5.9xlarge_use1-az2': 50, 'c5.9xlarge_use1-az4': 50, 'c5.9xlarge_use1-az5': 50, 'c5.9xlarge_use1-az6': 50, 'c5.large_use1-az1': 50, 'c5.large_use1-az2': 50, 'c5.large_use1-az4': 50, 'c5.large_use1-az5': 50, 'c5.large_use1-az6': 50, 'c5.xlarge_use1-az1': 50, 'c5.xlarge_use1-az2': 50, 'c5.xlarge_use1-az4': 50, 'c5.xlarge_use1-az5': 50, 'c5.xlarge_use1-az6': 50, 'c5a.12xlarge_use1-az1': 5, 'c5a.12xlarge_use1-az2': 10, 'c5a.12xlarge_use1-az4': 15, 'c5a.12xlarge_use1-az5': 1, 'c5a.12xlarge_use1-az6': 5, 'c5a.16xlarge_use1-az4': 1, 'c5a.16xlarge_use1-az6': 1, 'c5a.24xlarge_use1-az2': 1, 'c5a.24xlarge_use1-az4': 1, 'c5a.24xlarge_use1-az6': 1, 'c5a.2xlarge_use1-az1': 30, 'c5a.2xlarge_use1-az2': 20, 'c5a.2xlarge_use1-az4': 50, 'c5a.2xlarge_use1-az5': 15, 'c5a.2xlarge_use1-az6': 50, 'c5a.4xlarge_use1-az1': 5, 'c5a.4xlarge_use1-az2': 1, 'c5a.4xlarge_use1-az4': 5, 'c5a.4xlarge_use1-az5': 5, 'c5a.4xlarge_use1-az6': 5, 'c5a.8xlarge_use1-az1': 1, 'c5a.8xlarge_use1-az2': 1, 'c5a.8xlarge_use1-az4': 5, 'c5a.8xlarge_use1-az6': 15, 'c5a.large_use1-az1': 50, 'c5a.large_use1-az2': 50, 'c5a.large_use1-az4': 50, 'c5a.large_use1-az5': 45, 'c5a.large_use1-az6': 50, 'c5a.xlarge_use1-az1': 50, 'c5a.xlarge_use1-az2': 50, 'c5a.xlarge_use1-az4': 50, 'c5a.xlarge_use1-az5': 50, 'c5a.xlarge_use1-az6': 50, 'c5ad.12xlarge_use1-az1': 5, 'c5ad.12xlarge_use1-az2': 5, 'c5ad.12xlarge_use1-az4': 5, 'c5ad.12xlarge_use1-az6': 5, 'c5ad.16xlarge_use1-az1': 1, 'c5ad.16xlarge_use1-az2': 5, 'c5ad.16xlarge_use1-az4': 1, 'c5ad.16xlarge_use1-az6': 1, 'c5ad.24xlarge_use1-az1': 1, 'c5ad.24xlarge_use1-az2': 1, 'c5ad.24xlarge_use1-az4': 1, 'c5ad.24xlarge_use1-az6': 5, 'c5ad.2xlarge_use1-az1': 10, 'c5ad.2xlarge_use1-az2': 5, 'c5ad.2xlarge_use1-az4': 5, 'c5ad.2xlarge_use1-az5': 5, 'c5ad.2xlarge_use1-az6': 15, 'c5ad.4xlarge_use1-az1': 5, 'c5ad.4xlarge_use1-az2': 5, 'c5ad.4xlarge_use1-az4': 1, 'c5ad.4xlarge_use1-az5': 1, 'c5ad.4xlarge_use1-az6': 10, 'c5ad.8xlarge_use1-az1': 1, 'c5ad.8xlarge_use1-az2': 1, 'c5ad.8xlarge_use1-az4': 1, 'c5ad.8xlarge_use1-az5': 1, 'c5ad.8xlarge_use1-az6': 1, 'c5ad.large_use1-az1': 20, 'c5ad.large_use1-az2': 30, 'c5ad.large_use1-az4': 10, 'c5ad.large_use1-az5': 15, 'c5ad.large_use1-az6': 20, 'c5ad.xlarge_use1-az1': 15, 'c5ad.xlarge_use1-az2': 10, 'c5ad.xlarge_use1-az4': 5, 'c5ad.xlarge_use1-az5': 5, 'c5ad.xlarge_use1-az6': 15, 'c5d.12xlarge_use1-az2': 15, 'c5d.12xlarge_use1-az4': 5, 'c5d.12xlarge_use1-az6': 45, 'c5d.18xlarge_use1-az1': 5, 'c5d.18xlarge_use1-az2': 50, 'c5d.18xlarge_use1-az4': 50, 'c5d.18xlarge_use1-az5': 5, 'c5d.18xlarge_use1-az6': 30, 'c5d.24xlarge_use1-az2': 35, 'c5d.24xlarge_use1-az4': 25, 'c5d.24xlarge_use1-az6': 50, 'c5d.2xlarge_use1-az1': 15, 'c5d.2xlarge_use1-az2': 50, 'c5d.2xlarge_use1-az4': 50, 'c5d.2xlarge_use1-az5': 20, 'c5d.2xlarge_use1-az6': 50, 'c5d.4xlarge_use1-az1': 20, 'c5d.4xlarge_use1-az2': 50, 'c5d.4xlarge_use1-az4': 50, 'c5d.4xlarge_use1-az5': 25, 'c5d.4xlarge_use1-az6': 50, 'c5d.9xlarge_use1-az1': 10, 'c5d.9xlarge_use1-az2': 20, 'c5d.9xlarge_use1-az4': 50, 'c5d.9xlarge_use1-az5': 10, 'c5d.9xlarge_use1-az6': 25, 'c5d.large_use1-az1': 50, 'c5d.large_use1-az2': 50, 'c5d.large_use1-az4': 50, 'c5d.large_use1-az5': 35, 'c5d.large_use1-az6': 50, 'c5d.xlarge_use1-az1': 50, 'c5d.xlarge_use1-az2': 50, 'c5d.xlarge_use1-az4': 50, 'c5d.xlarge_use1-az5': 50, 'c5d.xlarge_use1-az6': 50, 'c5n.18xlarge_use1-az1': 30, 'c5n.18xlarge_use1-az2': 5, 'c5n.18xlarge_use1-az4': 10, 'c5n.2xlarge_use1-az1': 5, 'c5n.2xlarge_use1-az2': 10, 'c5n.2xlarge_use1-az4': 15, 'c5n.2xlarge_use1-az5': 10, 'c5n.2xlarge_use1-az6': 10, 'c5n.4xlarge_use1-az1': 5, 'c5n.4xlarge_use1-az2': 1, 'c5n.4xlarge_use1-az6': 1, 'c5n.9xlarge_use1-az1': 10, 'c5n.9xlarge_use1-az2': 1, 'c5n.9xlarge_use1-az4': 5, 'c5n.large_use1-az1': 10, 'c5n.large_use1-az2': 10, 'c5n.large_use1-az4': 25, 'c5n.large_use1-az5': 5, 'c5n.large_use1-az6': 5, 'c5n.xlarge_use1-az5': 1, 'c6a.12xlarge_use1-az1': 5, 'c6a.12xlarge_use1-az2': 50, 'c6a.12xlarge_use1-az4': 50, 'c6a.12xlarge_use1-az5': 1, 'c6a.12xlarge_use1-az6': 15, 'c6a.16xlarge_use1-az1': 1, 'c6a.16xlarge_use1-az2': 5, 'c6a.16xlarge_use1-az4': 10, 'c6a.16xlarge_use1-az5': 1, 'c6a.16xlarge_use1-az6': 15, 'c6a.24xlarge_use1-az1': 1, 'c6a.24xlarge_use1-az2': 5, 'c6a.24xlarge_use1-az4': 5, 'c6a.24xlarge_use1-az5': 5, 'c6a.24xlarge_use1-az6': 20, 'c6a.2xlarge_use1-az1': 10, 'c6a.2xlarge_use1-az2': 40, 'c6a.2xlarge_use1-az4': 50, 'c6a.2xlarge_use1-az5': 10, 'c6a.2xlarge_use1-az6': 50, 'c6a.32xlarge_use1-az2': 1, 'c6a.32xlarge_use1-az4': 1, 'c6a.32xlarge_use1-az5': 1, 'c6a.32xlarge_use1-az6': 5, 'c6a.48xlarge_use1-az2': 1, 'c6a.48xlarge_use1-az4': 10, 'c6a.48xlarge_use1-az5': 5, 'c6a.48xlarge_use1-az6': 25, 'c6a.4xlarge_use1-az1': 15, 'c6a.4xlarge_use1-az2': 15, 'c6a.4xlarge_use1-az4': 30, 'c6a.4xlarge_use1-az5': 15, 'c6a.4xlarge_use1-az6': 50, 'c6a.8xlarge_use1-az1': 5, 'c6a.8xlarge_use1-az2': 50, 'c6a.8xlarge_use1-az4': 30, 'c6a.8xlarge_use1-az5': 25, 'c6a.8xlarge_use1-az6': 50, 'c6a.large_use1-az1': 45, 'c6a.large_use1-az2': 50, 'c6a.large_use1-az4': 50, 'c6a.large_use1-az5': 50, 'c6a.large_use1-az6': 20, 'c6a.xlarge_use1-az1': 15, 'c6a.xlarge_use1-az2': 25, 'c6a.xlarge_use1-az4': 25, 'c6a.xlarge_use1-az5': 15, 'c6a.xlarge_use1-az6': 25, 'c6g.12xlarge_use1-az1': 15, 'c6g.12xlarge_use1-az2': 25, 'c6g.12xlarge_use1-az4': 50, 'c6g.12xlarge_use1-az5': 5, 'c6g.12xlarge_use1-az6': 50, 'c6g.16xlarge_use1-az1': 1, 'c6g.16xlarge_use1-az2': 15, 'c6g.16xlarge_use1-az4': 50, 'c6g.16xlarge_use1-az5': 5, 'c6g.16xlarge_use1-az6': 50, 'c6g.2xlarge_use1-az1': 5, 'c6g.2xlarge_use1-az2': 50, 'c6g.2xlarge_use1-az4': 50, 'c6g.2xlarge_use1-az5': 15, 'c6g.2xlarge_use1-az6': 50, 'c6g.4xlarge_use1-az1': 50, 'c6g.4xlarge_use1-az2': 50, 'c6g.4xlarge_use1-az4': 50, 'c6g.4xlarge_use1-az5': 50, 'c6g.4xlarge_use1-az6': 50, 'c6g.8xlarge_use1-az1': 50, 'c6g.8xlarge_use1-az2': 50, 'c6g.8xlarge_use1-az4': 50, 'c6g.8xlarge_use1-az5': 50, 'c6g.8xlarge_use1-az6': 50, 'c6g.large_use1-az2': 50, 'c6g.large_use1-az4': 50, 'c6g.large_use1-az5': 50, 'c6g.large_use1-az6': 50, 'c6g.xlarge_use1-az1': 30, 'c6g.xlarge_use1-az2': 50, 'c6g.xlarge_use1-az4': 50, 'c6g.xlarge_use1-az5': 10, 'c6g.xlarge_use1-az6': 50, 'c6gd.12xlarge_use1-az2': 50, 'c6gd.12xlarge_use1-az4': 30, 'c6gd.12xlarge_use1-az5': 1, 'c6gd.12xlarge_use1-az6': 50, 'c6gd.16xlarge_use1-az2': 50, 'c6gd.16xlarge_use1-az4': 30, 'c6gd.16xlarge_use1-az6': 50, 'c6gd.2xlarge_use1-az1': 15, 'c6gd.2xlarge_use1-az2': 50, 'c6gd.2xlarge_use1-az4': 50, 'c6gd.2xlarge_use1-az5': 1, 'c6gd.2xlarge_use1-az6': 50, 'c6gd.4xlarge_use1-az1': 20, 'c6gd.4xlarge_use1-az2': 50, 'c6gd.4xlarge_use1-az4': 50, 'c6gd.4xlarge_use1-az5': 10, 'c6gd.4xlarge_use1-az6': 50, 'c6gd.8xlarge_use1-az1': 25, 'c6gd.8xlarge_use1-az2': 45, 'c6gd.8xlarge_use1-az4': 45, 'c6gd.8xlarge_use1-az5': 1, 'c6gd.8xlarge_use1-az6': 50, 'c6gd.large_use1-az1': 50, 'c6gd.large_use1-az2': 5, 'c6gd.large_use1-az4': 20, 'c6gd.large_use1-az5': 1, 'c6gd.large_use1-az6': 50, 'c6gd.xlarge_use1-az1': 50, 'c6gd.xlarge_use1-az2': 1, 'c6gd.xlarge_use1-az4': 1, 'c6gd.xlarge_use1-az5': 50, 'c6gd.xlarge_use1-az6': 50, 'c6gn.12xlarge_use1-az2': 25, 'c6gn.12xlarge_use1-az4': 50, 'c6gn.12xlarge_use1-az5': 1, 'c6gn.16xlarge_use1-az1': 1, 'c6gn.16xlarge_use1-az2': 50, 'c6gn.16xlarge_use1-az4': 50, 'c6gn.16xlarge_use1-az5': 10, 'c6gn.2xlarge_use1-az1': 5, 'c6gn.2xlarge_use1-az2': 1, 'c6gn.2xlarge_use1-az4': 20, 'c6gn.2xlarge_use1-az5': 1, 'c6gn.4xlarge_use1-az1': 1, 'c6gn.4xlarge_use1-az2': 40, 'c6gn.4xlarge_use1-az4': 35, 'c6gn.4xlarge_use1-az5': 10, 'c6gn.8xlarge_use1-az1': 25, 'c6gn.8xlarge_use1-az2': 35, 'c6gn.8xlarge_use1-az4': 30, 'c6gn.8xlarge_use1-az5': 5, 'c6gn.8xlarge_use1-az6': 5, 'c6gn.large_use1-az1': 5, 'c6gn.large_use1-az2': 25, 'c6gn.large_use1-az5': 15, 'c6gn.large_use1-az6': 1, 'c6gn.xlarge_use1-az1': 5, 'c6gn.xlarge_use1-az2': 10, 'c6gn.xlarge_use1-az4': 15, 'c6gn.xlarge_use1-az5': 5, 'c6gn.xlarge_use1-az6': 1, 'c6i.12xlarge_use1-az1': 15, 'c6i.12xlarge_use1-az2': 15, 'c6i.12xlarge_use1-az4': 30, 'c6i.12xlarge_use1-az5': 5, 'c6i.12xlarge_use1-az6': 5, 'c6i.16xlarge_use1-az1': 5, 'c6i.16xlarge_use1-az2': 15, 'c6i.16xlarge_use1-az4': 25, 'c6i.16xlarge_use1-az5': 10, 'c6i.16xlarge_use1-az6': 30, 'c6i.24xlarge_use1-az1': 5, 'c6i.24xlarge_use1-az2': 5, 'c6i.24xlarge_use1-az4': 10, 'c6i.24xlarge_use1-az5': 1, 'c6i.24xlarge_use1-az6': 15, 'c6i.2xlarge_use1-az1': 20, 'c6i.2xlarge_use1-az2': 50, 'c6i.2xlarge_use1-az4': 50, 'c6i.2xlarge_use1-az5': 5, 'c6i.2xlarge_use1-az6': 50, 'c6i.32xlarge_use1-az1': 10, 'c6i.32xlarge_use1-az2': 5, 'c6i.32xlarge_use1-az4': 50, 'c6i.32xlarge_use1-az5': 1, 'c6i.32xlarge_use1-az6': 40, 'c6i.4xlarge_use1-az1': 10, 'c6i.4xlarge_use1-az2': 40, 'c6i.4xlarge_use1-az4': 50, 'c6i.4xlarge_use1-az5': 15, 'c6i.4xlarge_use1-az6': 50, 'c6i.8xlarge_use1-az1': 10, 'c6i.8xlarge_use1-az2': 45, 'c6i.8xlarge_use1-az4': 50, 'c6i.8xlarge_use1-az5': 10, 'c6i.8xlarge_use1-az6': 50, 'c6i.large_use1-az1': 10, 'c6i.large_use1-az2': 40, 'c6i.large_use1-az4': 30, 'c6i.large_use1-az5': 10, 'c6i.large_use1-az6': 50, 'c6i.xlarge_use1-az1': 50, 'c6i.xlarge_use1-az2': 45, 'c6i.xlarge_use1-az4': 35, 'c6i.xlarge_use1-az5': 10, 'c6i.xlarge_use1-az6': 50, 'c6id.12xlarge_use1-az1': 1, 'c6id.12xlarge_use1-az2': 1, 'c6id.12xlarge_use1-az4': 5, 'c6id.12xlarge_use1-az6': 5, 'c6id.16xlarge_use1-az1': 1, 'c6id.16xlarge_use1-az2': 5, 'c6id.16xlarge_use1-az4': 5, 'c6id.16xlarge_use1-az5': 1, 'c6id.16xlarge_use1-az6': 1, 'c6id.24xlarge_use1-az1': 5, 'c6id.24xlarge_use1-az2': 15, 'c6id.24xlarge_use1-az4': 5, 'c6id.24xlarge_use1-az5': 1, 'c6id.24xlarge_use1-az6': 10, 'c6id.2xlarge_use1-az1': 1, 'c6id.2xlarge_use1-az2': 1, 'c6id.2xlarge_use1-az4': 5, 'c6id.2xlarge_use1-az5': 5, 'c6id.2xlarge_use1-az6': 1, 'c6id.32xlarge_use1-az1': 1, 'c6id.32xlarge_use1-az2': 5, 'c6id.32xlarge_use1-az4': 10, 'c6id.32xlarge_use1-az5': 1, 'c6id.32xlarge_use1-az6': 5, 'c6id.4xlarge_use1-az1': 15, 'c6id.4xlarge_use1-az2': 10, 'c6id.4xlarge_use1-az4': 10, 'c6id.4xlarge_use1-az5': 1, 'c6id.4xlarge_use1-az6': 5, 'c6id.8xlarge_use1-az1': 5, 'c6id.8xlarge_use1-az2': 1, 'c6id.8xlarge_use1-az4': 5, 'c6id.8xlarge_use1-az5': 1, 'c6id.8xlarge_use1-az6': 1, 'c6id.large_use1-az1': 5, 'c6id.large_use1-az2': 5, 'c6id.large_use1-az4': 1, 'c6id.large_use1-az5': 5, 'c6id.large_use1-az6': 5, 'c6id.xlarge_use1-az1': 5, 'c6id.xlarge_use1-az2': 1, 'c6id.xlarge_use1-az4': 5, 'c6id.xlarge_use1-az5': 1, 'c6id.xlarge_use1-az6': 1, 'c6in.12xlarge_use1-az1': 1, 'c6in.12xlarge_use1-az6': 1, 'c6in.16xlarge_use1-az4': 1, 'c6in.24xlarge_use1-az6': 1, 'c6in.2xlarge_use1-az2': 1, 'c6in.2xlarge_use1-az4': 1, 'c6in.2xlarge_use1-az6': 1, 'c6in.32xlarge_use1-az1': 1, 'c6in.32xlarge_use1-az6': 1, 'c6in.4xlarge_use1-az2': 5, 'c6in.4xlarge_use1-az4': 5, 'c6in.4xlarge_use1-az6': 25, 'c6in.8xlarge_use1-az1': 1, 'c6in.8xlarge_use1-az6': 1, 'c6in.large_use1-az1': 5, 'c6in.large_use1-az2': 1, 'c6in.large_use1-az4': 1, 'c6in.large_use1-az5': 1, 'c6in.large_use1-az6': 5, 'c6in.xlarge_use1-az1': 20, 'c6in.xlarge_use1-az2': 1, 'c6in.xlarge_use1-az4': 1, 'c6in.xlarge_use1-az6': 10, 'c7a.12xlarge_use1-az1': 5, 'c7a.12xlarge_use1-az2': 5, 'c7a.12xlarge_use1-az4': 1, 'c7a.12xlarge_use1-az6': 15, 'c7a.16xlarge_use1-az1': 1, 'c7a.16xlarge_use1-az2': 1, 'c7a.16xlarge_use1-az6': 5, 'c7a.24xlarge_use1-az1': 1, 'c7a.24xlarge_use1-az2': 1, 'c7a.24xlarge_use1-az5': 1, 'c7a.24xlarge_use1-az6': 5, 'c7a.2xlarge_use1-az1': 1, 'c7a.2xlarge_use1-az2': 1, 'c7a.2xlarge_use1-az4': 25, 'c7a.2xlarge_use1-az5': 1, 'c7a.2xlarge_use1-az6': 10, 'c7a.32xlarge_use1-az1': 1, 'c7a.32xlarge_use1-az2': 1, 'c7a.32xlarge_use1-az6': 15, 'c7a.48xlarge_use1-az1': 1, 'c7a.48xlarge_use1-az2': 1, 'c7a.48xlarge_use1-az5': 1, 'c7a.48xlarge_use1-az6': 20, 'c7a.4xlarge_use1-az1': 5, 'c7a.4xlarge_use1-az2': 10, 'c7a.4xlarge_use1-az4': 5, 'c7a.4xlarge_use1-az5': 1, 'c7a.4xlarge_use1-az6': 50, 'c7a.8xlarge_use1-az1': 1, 'c7a.8xlarge_use1-az2': 1, 'c7a.8xlarge_use1-az4': 1, 'c7a.8xlarge_use1-az6': 10, 'c7a.large_use1-az1': 15, 'c7a.large_use1-az2': 25, 'c7a.large_use1-az4': 30, 'c7a.large_use1-az5': 10, 'c7a.large_use1-az6': 50, 'c7a.xlarge_use1-az1': 5, 'c7a.xlarge_use1-az2': 5, 'c7a.xlarge_use1-az4': 10, 'c7a.xlarge_use1-az5': 5, 'c7a.xlarge_use1-az6': 15, 'c7g.12xlarge_use1-az1': 15, 'c7g.12xlarge_use1-az2': 50, 'c7g.12xlarge_use1-az4': 15, 'c7g.12xlarge_use1-az5': 1, 'c7g.12xlarge_use1-az6': 50, 'c7g.16xlarge_use1-az1': 25, 'c7g.16xlarge_use1-az2': 40, 'c7g.16xlarge_use1-az4': 50, 'c7g.16xlarge_use1-az5': 10, 'c7g.16xlarge_use1-az6': 50, 'c7g.2xlarge_use1-az1': 50, 'c7g.2xlarge_use1-az2': 50, 'c7g.2xlarge_use1-az4': 50, 'c7g.2xlarge_use1-az5': 50, 'c7g.2xlarge_use1-az6': 50, 'c7g.4xlarge_use1-az1': 50, 'c7g.4xlarge_use1-az2': 50, 'c7g.4xlarge_use1-az4': 50, 'c7g.4xlarge_use1-az5': 50, 'c7g.4xlarge_use1-az6': 50, 'c7g.8xlarge_use1-az1': 50, 'c7g.8xlarge_use1-az2': 50, 'c7g.8xlarge_use1-az4': 50, 'c7g.8xlarge_use1-az5': 50, 'c7g.8xlarge_use1-az6': 50, 'c7g.large_use1-az2': 45, 'c7g.large_use1-az4': 30, 'c7g.large_use1-az5': 10, 'c7g.large_use1-az6': 30, 'c7g.xlarge_use1-az1': 50, 'c7g.xlarge_use1-az2': 50, 'c7g.xlarge_use1-az4': 50, 'c7g.xlarge_use1-az5': 50, 'c7g.xlarge_use1-az6': 50, 'c7gd.12xlarge_use1-az1': 5, 'c7gd.12xlarge_use1-az2': 30, 'c7gd.12xlarge_use1-az4': 15, 'c7gd.12xlarge_use1-az5': 15, 'c7gd.12xlarge_use1-az6': 50, 'c7gd.16xlarge_use1-az1': 5, 'c7gd.16xlarge_use1-az2': 30, 'c7gd.16xlarge_use1-az4': 40, 'c7gd.16xlarge_use1-az5': 1, 'c7gd.16xlarge_use1-az6': 50, 'c7gd.2xlarge_use1-az1': 15, 'c7gd.2xlarge_use1-az2': 50, 'c7gd.2xlarge_use1-az4': 50, 'c7gd.2xlarge_use1-az5': 5, 'c7gd.2xlarge_use1-az6': 50, 'c7gd.4xlarge_use1-az1': 30, 'c7gd.4xlarge_use1-az2': 25, 'c7gd.4xlarge_use1-az4': 50, 'c7gd.4xlarge_use1-az5': 1, 'c7gd.4xlarge_use1-az6': 50, 'c7gd.8xlarge_use1-az1': 5, 'c7gd.8xlarge_use1-az2': 15, 'c7gd.8xlarge_use1-az4': 10, 'c7gd.8xlarge_use1-az5': 5, 'c7gd.8xlarge_use1-az6': 20, 'c7gd.large_use1-az1': 1, 'c7gd.large_use1-az2': 25, 'c7gd.large_use1-az4': 5, 'c7gd.large_use1-az5': 10, 'c7gd.large_use1-az6': 20, 'c7gd.xlarge_use1-az1': 15, 'c7gd.xlarge_use1-az2': 50, 'c7gd.xlarge_use1-az4': 5, 'c7gd.xlarge_use1-az5': 15, 'c7gd.xlarge_use1-az6': 25, 'c7gn.12xlarge_use1-az2': 1, 'c7gn.12xlarge_use1-az5': 1, 'c7gn.12xlarge_use1-az6': 1, 'c7gn.16xlarge_use1-az2': 5, 'c7gn.16xlarge_use1-az5': 5, 'c7gn.16xlarge_use1-az6': 20, 'c7gn.2xlarge_use1-az2': 1, 'c7gn.2xlarge_use1-az5': 1, 'c7gn.2xlarge_use1-az6': 5, 'c7gn.4xlarge_use1-az2': 50, 'c7gn.4xlarge_use1-az4': 1, 'c7gn.4xlarge_use1-az5': 1, 'c7gn.4xlarge_use1-az6': 50, 'c7gn.8xlarge_use1-az2': 1, 'c7gn.8xlarge_use1-az5': 1, 'c7gn.8xlarge_use1-az6': 5, 'c7gn.large_use1-az1': 1, 'c7gn.large_use1-az2': 10, 'c7gn.large_use1-az5': 10, 'c7gn.large_use1-az6': 10, 'c7gn.xlarge_use1-az1': 1, 'c7gn.xlarge_use1-az5': 5, 'c7gn.xlarge_use1-az6': 5, 'c7i-flex.2xlarge_use1-az1': 50, 'c7i-flex.2xlarge_use1-az2': 50, 'c7i-flex.2xlarge_use1-az4': 50, 'c7i-flex.2xlarge_use1-az5': 15, 'c7i-flex.2xlarge_use1-az6': 50, 'c7i-flex.4xlarge_use1-az1': 1, 'c7i-flex.4xlarge_use1-az2': 1, 'c7i-flex.4xlarge_use1-az4': 1, 'c7i-flex.4xlarge_use1-az6': 5, 'c7i-flex.8xlarge_use1-az1': 1, 'c7i-flex.8xlarge_use1-az2': 1, 'c7i-flex.8xlarge_use1-az4': 1, 'c7i-flex.8xlarge_use1-az6': 5, 'c7i-flex.large_use1-az1': 40, 'c7i-flex.large_use1-az2': 50, 'c7i-flex.large_use1-az4': 10, 'c7i-flex.large_use1-az5': 1, 'c7i-flex.large_use1-az6': 50, 'c7i-flex.xlarge_use1-az1': 50, 'c7i-flex.xlarge_use1-az2': 50, 'c7i-flex.xlarge_use1-az4': 50, 'c7i-flex.xlarge_use1-az5': 5, 'c7i-flex.xlarge_use1-az6': 50, 'c7i.12xlarge_use1-az1': 5, 'c7i.12xlarge_use1-az2': 15, 'c7i.12xlarge_use1-az4': 15, 'c7i.12xlarge_use1-az6': 5, 'c7i.16xlarge_use1-az1': 1, 'c7i.16xlarge_use1-az2': 5, 'c7i.16xlarge_use1-az4': 1, 'c7i.16xlarge_use1-az6': 15, 'c7i.24xlarge_use1-az1': 5, 'c7i.24xlarge_use1-az2': 5, 'c7i.24xlarge_use1-az4': 5, 'c7i.24xlarge_use1-az5': 1, 'c7i.24xlarge_use1-az6': 15, 'c7i.2xlarge_use1-az1': 10, 'c7i.2xlarge_use1-az2': 10, 'c7i.2xlarge_use1-az4': 10, 'c7i.2xlarge_use1-az5': 5, 'c7i.2xlarge_use1-az6': 25, 'c7i.48xlarge_use1-az1': 10, 'c7i.48xlarge_use1-az2': 10, 'c7i.48xlarge_use1-az4': 5, 'c7i.48xlarge_use1-az5': 1, 'c7i.48xlarge_use1-az6': 50, 'c7i.4xlarge_use1-az1': 5, 'c7i.4xlarge_use1-az2': 5, 'c7i.4xlarge_use1-az4': 5, 'c7i.4xlarge_use1-az5': 1, 'c7i.4xlarge_use1-az6': 15, 'c7i.8xlarge_use1-az1': 1, 'c7i.8xlarge_use1-az2': 5, 'c7i.8xlarge_use1-az4': 5, 'c7i.8xlarge_use1-az6': 10, 'c7i.large_use1-az1': 45, 'c7i.large_use1-az2': 50, 'c7i.large_use1-az4': 50, 'c7i.large_use1-az5': 5, 'c7i.large_use1-az6': 50, 'c7i.xlarge_use1-az1': 5, 'c7i.xlarge_use1-az2': 10, 'c7i.xlarge_use1-az4': 5, 'c7i.xlarge_use1-az5': 1, 'c7i.xlarge_use1-az6': 5, 'c8g.12xlarge_use1-az1': 1, 'c8g.12xlarge_use1-az2': 5, 'c8g.12xlarge_use1-az4': 1, 'c8g.12xlarge_use1-az6': 25, 'c8g.16xlarge_use1-az1': 10, 'c8g.16xlarge_use1-az2': 5, 'c8g.16xlarge_use1-az4': 1, 'c8g.16xlarge_use1-az6': 50, 'c8g.24xlarge_use1-az1': 5, 'c8g.24xlarge_use1-az2': 10, 'c8g.24xlarge_use1-az4': 1, 'c8g.24xlarge_use1-az6': 25, 'c8g.2xlarge_use1-az1': 5, 'c8g.2xlarge_use1-az2': 5, 'c8g.2xlarge_use1-az4': 50, 'c8g.2xlarge_use1-az5': 1, 'c8g.2xlarge_use1-az6': 50, 'c8g.48xlarge_use1-az1': 1, 'c8g.48xlarge_use1-az2': 5, 'c8g.48xlarge_use1-az6': 50, 'c8g.4xlarge_use1-az1': 35, 'c8g.4xlarge_use1-az2': 15, 'c8g.4xlarge_use1-az4': 20, 'c8g.4xlarge_use1-az5': 10, 'c8g.4xlarge_use1-az6': 50, 'c8g.8xlarge_use1-az1': 1, 'c8g.8xlarge_use1-az2': 5, 'c8g.8xlarge_use1-az4': 5, 'c8g.8xlarge_use1-az6': 50, 'c8g.large_use1-az1': 5, 'c8g.large_use1-az2': 20, 'c8g.large_use1-az4': 5, 'c8g.large_use1-az5': 1, 'c8g.large_use1-az6': 40, 'c8g.metal-24xl_use1-az2': 1, 'c8g.metal-24xl_use1-az6': 20, 'c8g.metal-48xl_use1-az1': 1, 'c8g.metal-48xl_use1-az2': 1, 'c8g.metal-48xl_use1-az6': 50, 'c8g.xlarge_use1-az1': 5, 'c8g.xlarge_use1-az2': 30, 'c8g.xlarge_use1-az4': 5, 'c8g.xlarge_use1-az5': 1, 'c8g.xlarge_use1-az6': 50, 'c8gd.12xlarge_use1-az2': 5, 'c8gd.12xlarge_use1-az4': 5, 'c8gd.12xlarge_use1-az5': 1, 'c8gd.12xlarge_use1-az6': 5, 'c8gd.16xlarge_use1-az2': 10, 'c8gd.16xlarge_use1-az4': 10, 'c8gd.16xlarge_use1-az5': 5, 'c8gd.16xlarge_use1-az6': 50, 'c8gd.24xlarge_use1-az2': 1, 'c8gd.24xlarge_use1-az4': 5, 'c8gd.24xlarge_use1-az5': 1, 'c8gd.24xlarge_use1-az6': 5, 'c8gd.2xlarge_use1-az2': 50, 'c8gd.2xlarge_use1-az4': 50, 'c8gd.2xlarge_use1-az5': 10, 'c8gd.2xlarge_use1-az6': 50, 'c8gd.48xlarge_use1-az2': 1, 'c8gd.48xlarge_use1-az6': 15, 'c8gd.4xlarge_use1-az2': 10, 'c8gd.4xlarge_use1-az4': 30, 'c8gd.4xlarge_use1-az5': 1, 'c8gd.4xlarge_use1-az6': 50, 'c8gd.8xlarge_use1-az2': 1, 'c8gd.8xlarge_use1-az4': 1, 'c8gd.8xlarge_use1-az5': 1, 'c8gd.8xlarge_use1-az6': 5, 'c8gd.large_use1-az1': 1, 'c8gd.large_use1-az2': 40, 'c8gd.large_use1-az4': 35, 'c8gd.large_use1-az6': 50, 'c8gd.metal-24xl_use1-az2': 1, 'c8gd.metal-24xl_use1-az4': 1, 'c8gd.metal-24xl_use1-az5': 1, 'c8gd.metal-24xl_use1-az6': 5, 'c8gd.metal-48xl_use1-az2': 1, 'c8gd.metal-48xl_use1-az6': 1, 'c8gd.xlarge_use1-az1': 1, 'c8gd.xlarge_use1-az2': 20, 'c8gd.xlarge_use1-az4': 20, 'c8gd.xlarge_use1-az5': 15, 'c8gd.xlarge_use1-az6': 50, 'c8gn.2xlarge_use1-az2': 1, 'c8gn.2xlarge_use1-az6': 1, 'c8gn.4xlarge_use1-az2': 1, 'c8gn.4xlarge_use1-az5': 1, 'c8gn.8xlarge_use1-az2': 1, 'c8gn.8xlarge_use1-az6': 1, 'c8gn.large_use1-az6': 1, 'c8i-flex.12xlarge_use1-az6': 1, 'c8i-flex.16xlarge_use1-az6': 1, 'c8i-flex.2xlarge_use1-az2': 25, 'c8i-flex.2xlarge_use1-az4': 15, 'c8i-flex.2xlarge_use1-az6': 50, 'c8i-flex.4xlarge_use1-az2': 5, 'c8i-flex.4xlarge_use1-az4': 1, 'c8i-flex.4xlarge_use1-az6': 5, 'c8i-flex.8xlarge_use1-az6': 1, 'c8i-flex.large_use1-az4': 20, 'c8i-flex.xlarge_use1-az2': 40, 'c8i-flex.xlarge_use1-az4': 5, 'c8i-flex.xlarge_use1-az6': 50, 'c8i.12xlarge_use1-az2': 1, 'c8i.12xlarge_use1-az4': 1, 'c8i.12xlarge_use1-az6': 1, 'c8i.16xlarge_use1-az6': 1, 'c8i.24xlarge_use1-az6': 1, 'c8i.2xlarge_use1-az2': 10, 'c8i.2xlarge_use1-az4': 5, 'c8i.2xlarge_use1-az6': 20, 'c8i.32xlarge_use1-az2': 1, 'c8i.32xlarge_use1-az4': 1, 'c8i.32xlarge_use1-az6': 5, 'c8i.48xlarge_use1-az2': 1, 'c8i.48xlarge_use1-az6': 1, 'c8i.4xlarge_use1-az2': 5, 'c8i.4xlarge_use1-az4': 5, 'c8i.4xlarge_use1-az6': 5, 'c8i.8xlarge_use1-az2': 1, 'c8i.8xlarge_use1-az4': 1, 'c8i.8xlarge_use1-az6': 5, 'c8i.96xlarge_use1-az2': 1, 'c8i.96xlarge_use1-az6': 5, 'c8i.metal-48xl_use1-az2': 1, 'c8i.metal-96xl_use1-az2': 1, 'c8i.metal-96xl_use1-az6': 5, 'c8i.xlarge_use1-az2': 50, 'c8i.xlarge_use1-az4': 15, 'c8i.xlarge_use1-az6': 50, 'd2.2xlarge_use1-az6': 1, 'd2.xlarge_use1-az6': 1, 'd3.2xlarge_use1-az1': 15, 'd3.2xlarge_use1-az2': 45, 'd3.2xlarge_use1-az4': 40, 'd3.2xlarge_use1-az6': 35, 'd3.8xlarge_use1-az2': 40, 'd3.8xlarge_use1-az4': 35, 'd3.8xlarge_use1-az6': 20, 'd3.xlarge_use1-az1': 10, 'd3.xlarge_use1-az2': 50, 'd3.xlarge_use1-az6': 25, 'd3en.12xlarge_use1-az2': 10, 'd3en.12xlarge_use1-az4': 20, 'd3en.12xlarge_use1-az6': 50, 'd3en.2xlarge_use1-az6': 50, 'd3en.4xlarge_use1-az4': 10, 'd3en.4xlarge_use1-az6': 50, 'd3en.6xlarge_use1-az2': 5, 'd3en.6xlarge_use1-az6': 50, 'd3en.8xlarge_use1-az2': 15, 'd3en.8xlarge_use1-az4': 5, 'd3en.8xlarge_use1-az6': 50, 'd3en.xlarge_use1-az2': 50, 'd3en.xlarge_use1-az4': 30, 'd3en.xlarge_use1-az6': 50, 'f2.12xlarge_use1-az2': 1, 'f2.12xlarge_use1-az4': 1, 'f2.12xlarge_use1-az6': 1, 'f2.48xlarge_use1-az2': 5, 'f2.48xlarge_use1-az4': 5, 'f2.48xlarge_use1-az6': 1, 'g4ad.16xlarge_use1-az1': 5, 'g4ad.16xlarge_use1-az2': 5, 'g4ad.16xlarge_use1-az4': 5, 'g4ad.16xlarge_use1-az6': 10, 'g4ad.2xlarge_use1-az1': 5, 'g4ad.2xlarge_use1-az2': 10, 'g4ad.2xlarge_use1-az4': 10, 'g4ad.2xlarge_use1-az6': 10, 'g4ad.4xlarge_use1-az1': 10, 'g4ad.4xlarge_use1-az2': 15, 'g4ad.4xlarge_use1-az4': 15, 'g4ad.4xlarge_use1-az6': 5, 'g4ad.8xlarge_use1-az1': 1, 'g4ad.8xlarge_use1-az2': 5, 'g4ad.8xlarge_use1-az4': 5, 'g4ad.8xlarge_use1-az6': 5, 'g4ad.xlarge_use1-az1': 20, 'g4ad.xlarge_use1-az2': 20, 'g4ad.xlarge_use1-az4': 25, 'g4ad.xlarge_use1-az6': 20, 'g4dn.12xlarge_use1-az1': 5, 'g4dn.12xlarge_use1-az2': 15, 'g4dn.12xlarge_use1-az4': 15, 'g4dn.12xlarge_use1-az5': 15, 'g4dn.12xlarge_use1-az6': 50, 'g4dn.16xlarge_use1-az1': 1, 'g4dn.16xlarge_use1-az2': 10, 'g4dn.16xlarge_use1-az4': 1, 'g4dn.16xlarge_use1-az5': 5, 'g4dn.16xlarge_use1-az6': 15, 'g4dn.2xlarge_use1-az1': 45, 'g4dn.2xlarge_use1-az2': 50, 'g4dn.2xlarge_use1-az4': 50, 'g4dn.2xlarge_use1-az5': 50, 'g4dn.2xlarge_use1-az6': 50, 'g4dn.4xlarge_use1-az1': 5, 'g4dn.4xlarge_use1-az2': 40, 'g4dn.4xlarge_use1-az4': 25, 'g4dn.4xlarge_use1-az5': 40, 'g4dn.4xlarge_use1-az6': 40, 'g4dn.8xlarge_use1-az1': 1, 'g4dn.8xlarge_use1-az2': 1, 'g4dn.8xlarge_use1-az4': 10, 'g4dn.8xlarge_use1-az5': 1, 'g4dn.8xlarge_use1-az6': 5, 'g4dn.xlarge_use1-az6': 50, 'g5.12xlarge_use1-az2': 1, 'g5.12xlarge_use1-az5': 10, 'g5.12xlarge_use1-az6': 5, 'g5.16xlarge_use1-az1': 1, 'g5.16xlarge_use1-az2': 1, 'g5.16xlarge_use1-az4': 5, 'g5.16xlarge_use1-az5': 5, 'g5.16xlarge_use1-az6': 10, 'g5.24xlarge_use1-az1': 1, 'g5.24xlarge_use1-az2': 1, 'g5.24xlarge_use1-az4': 1, 'g5.24xlarge_use1-az5': 1, 'g5.24xlarge_use1-az6': 5, 'g5.48xlarge_use1-az2': 1, 'g5.48xlarge_use1-az5': 5, 'g5.48xlarge_use1-az6': 25, 'g5.4xlarge_use1-az1': 1, 'g5.4xlarge_use1-az2': 50, 'g5.4xlarge_use1-az4': 50, 'g5.4xlarge_use1-az5': 40, 'g5.4xlarge_use1-az6': 50, 'g5.8xlarge_use1-az1': 1, 'g5.8xlarge_use1-az2': 5, 'g5.8xlarge_use1-az4': 10, 'g5.8xlarge_use1-az5': 20, 'g5.8xlarge_use1-az6': 10, 'g5g.16xlarge_use1-az1': 1, 'g5g.16xlarge_use1-az6': 5, 'g5g.4xlarge_use1-az6': 1, 'g5g.8xlarge_use1-az1': 1, 'g5g.8xlarge_use1-az4': 1, 'g5g.8xlarge_use1-az6': 1, 'g6.12xlarge_use1-az1': 5, 'g6.12xlarge_use1-az2': 1, 'g6.12xlarge_use1-az4': 30, 'g6.12xlarge_use1-az6': 50, 'g6.16xlarge_use1-az1': 1, 'g6.16xlarge_use1-az2': 1, 'g6.16xlarge_use1-az4': 1, 'g6.16xlarge_use1-az6': 5, 'g6.24xlarge_use1-az2': 1, 'g6.24xlarge_use1-az4': 1, 'g6.24xlarge_use1-az6': 1, 'g6.2xlarge_use1-az1': 10, 'g6.2xlarge_use1-az2': 25, 'g6.2xlarge_use1-az4': 50, 'g6.2xlarge_use1-az6': 50, 'g6.48xlarge_use1-az2': 5, 'g6.48xlarge_use1-az4': 30, 'g6.48xlarge_use1-az6': 50, 'g6.4xlarge_use1-az1': 5, 'g6.4xlarge_use1-az2': 10, 'g6.4xlarge_use1-az4': 35, 'g6.4xlarge_use1-az6': 50, 'g6.8xlarge_use1-az1': 5, 'g6.8xlarge_use1-az2': 5, 'g6.8xlarge_use1-az4': 10, 'g6.8xlarge_use1-az6': 15, 'g6e.16xlarge_use1-az1': 10, 'g6e.16xlarge_use1-az2': 15, 'g6e.16xlarge_use1-az4': 40, 'g6e.16xlarge_use1-az6': 20, 'g6e.48xlarge_use1-az4': 5, 'g6e.48xlarge_use1-az6': 1, 'g6e.4xlarge_use1-az1': 1, 'g6e.4xlarge_use1-az4': 5, 'g6e.4xlarge_use1-az6': 1, 'g6e.8xlarge_use1-az1': 1, 'g6e.8xlarge_use1-az2': 1, 'g6e.8xlarge_use1-az4': 1, 'g6e.8xlarge_use1-az6': 1, 'g6f.2xlarge_use1-az1': 1, 'g6f.2xlarge_use1-az4': 1, 'g6f.2xlarge_use1-az6': 5, 'g6f.4xlarge_use1-az1': 1, 'g6f.4xlarge_use1-az4': 1, 'g6f.4xlarge_use1-az6': 1, 'g6f.large_use1-az1': 10, 'g6f.large_use1-az2': 15, 'g6f.large_use1-az4': 40, 'g6f.large_use1-az6': 20, 'g6f.xlarge_use1-az1': 1, 'g6f.xlarge_use1-az2': 1, 'g6f.xlarge_use1-az4': 5, 'g6f.xlarge_use1-az6': 10, 'gr6.4xlarge_use1-az2': 1, 'gr6.4xlarge_use1-az4': 1, 'gr6.4xlarge_use1-az6': 1, 'gr6.8xlarge_use1-az1': 1, 'gr6.8xlarge_use1-az2': 1, 'gr6.8xlarge_use1-az4': 1, 'gr6.8xlarge_use1-az6': 1, 'i2.4xlarge_use1-az3': 1, 'i2.xlarge_use1-az1': 1, 'i2.xlarge_use1-az2': 15, 'i2.xlarge_use1-az3': 1, 'i2.xlarge_use1-az4': 20, 'i2.xlarge_use1-az6': 15, 'i3.16xlarge_use1-az1': 20, 'i3.16xlarge_use1-az2': 50, 'i3.16xlarge_use1-az3': 10, 'i3.16xlarge_use1-az4': 50, 'i3.16xlarge_use1-az5': 10, 'i3.16xlarge_use1-az6': 45, 'i3.2xlarge_use1-az1': 50, 'i3.2xlarge_use1-az2': 50, 'i3.2xlarge_use1-az3': 50, 'i3.2xlarge_use1-az4': 50, 'i3.2xlarge_use1-az5': 50, 'i3.2xlarge_use1-az6': 50, 'i3.4xlarge_use1-az1': 50, 'i3.4xlarge_use1-az2': 50, 'i3.4xlarge_use1-az3': 50, 'i3.4xlarge_use1-az4': 50, 'i3.4xlarge_use1-az5': 50, 'i3.4xlarge_use1-az6': 50, 'i3.8xlarge_use1-az1': 50, 'i3.8xlarge_use1-az2': 50, 'i3.8xlarge_use1-az3': 50, 'i3.8xlarge_use1-az4': 50, 'i3.8xlarge_use1-az5': 25, 'i3.8xlarge_use1-az6': 50, 'i3.large_use1-az1': 50, 'i3.large_use1-az2': 50, 'i3.large_use1-az3': 50, 'i3.large_use1-az4': 50, 'i3.large_use1-az5': 50, 'i3.large_use1-az6': 50, 'i3.xlarge_use1-az1': 50, 'i3.xlarge_use1-az2': 50, 'i3.xlarge_use1-az3': 50, 'i3.xlarge_use1-az4': 50, 'i3.xlarge_use1-az5': 50, 'i3.xlarge_use1-az6': 50, 'i3en.12xlarge_use1-az2': 1, 'i3en.12xlarge_use1-az6': 50, 'i3en.24xlarge_use1-az6': 20, 'i3en.2xlarge_use1-az6': 50, 'i3en.3xlarge_use1-az1': 50, 'i3en.3xlarge_use1-az2': 50, 'i3en.3xlarge_use1-az4': 50, 'i3en.3xlarge_use1-az5': 50, 'i3en.3xlarge_use1-az6': 50, 'i3en.6xlarge_use1-az1': 10, 'i3en.6xlarge_use1-az2': 20, 'i3en.6xlarge_use1-az4': 10, 'i3en.large_use1-az1': 50, 'i3en.large_use1-az2': 50, 'i3en.large_use1-az4': 45, 'i3en.large_use1-az5': 35, 'i3en.large_use1-az6': 50, 'i3en.xlarge_use1-az1': 50, 'i3en.xlarge_use1-az2': 50, 'i3en.xlarge_use1-az4': 50, 'i3en.xlarge_use1-az5': 50, 'i3en.xlarge_use1-az6': 50, 'i4g.16xlarge_use1-az2': 1, 'i4g.16xlarge_use1-az4': 1, 'i4g.16xlarge_use1-az5': 50, 'i4g.16xlarge_use1-az6': 50, 'i4g.2xlarge_use1-az2': 10, 'i4g.2xlarge_use1-az4': 15, 'i4g.2xlarge_use1-az5': 40, 'i4g.2xlarge_use1-az6': 50, 'i4g.4xlarge_use1-az2': 25, 'i4g.4xlarge_use1-az4': 30, 'i4g.4xlarge_use1-az5': 50, 'i4g.4xlarge_use1-az6': 50, 'i4g.8xlarge_use1-az5': 45, 'i4g.8xlarge_use1-az6': 15, 'i4g.large_use1-az1': 5, 'i4g.large_use1-az2': 5, 'i4g.large_use1-az4': 5, 'i4g.large_use1-az5': 25, 'i4g.large_use1-az6': 50, 'i4g.xlarge_use1-az2': 10, 'i4g.xlarge_use1-az4': 1, 'i4g.xlarge_use1-az5': 50, 'i4g.xlarge_use1-az6': 50, 'i4i.12xlarge_use1-az2': 5, 'i4i.16xlarge_use1-az2': 1, 'i4i.16xlarge_use1-az6': 1, 'i4i.24xlarge_use1-az2': 1, 'i4i.2xlarge_use1-az1': 15, 'i4i.2xlarge_use1-az2': 50, 'i4i.2xlarge_use1-az4': 50, 'i4i.2xlarge_use1-az5': 1, 'i4i.2xlarge_use1-az6': 50, 'i4i.4xlarge_use1-az2': 35, 'i4i.4xlarge_use1-az4': 1, 'i4i.4xlarge_use1-az6': 15, 'i4i.8xlarge_use1-az1': 1, 'i4i.8xlarge_use1-az2': 40, 'i4i.large_use1-az1': 50, 'i4i.large_use1-az2': 50, 'i4i.large_use1-az4': 50, 'i4i.large_use1-az5': 50, 'i4i.large_use1-az6': 50, 'i4i.xlarge_use1-az1': 50, 'i4i.xlarge_use1-az2': 50, 'i4i.xlarge_use1-az4': 50, 'i4i.xlarge_use1-az5': 50, 'i4i.xlarge_use1-az6': 50, 'i7i.12xlarge_use1-az1': 1, 'i7i.12xlarge_use1-az2': 1, 'i7i.12xlarge_use1-az4': 1, 'i7i.12xlarge_use1-az5': 1, 'i7i.12xlarge_use1-az6': 1, 'i7i.16xlarge_use1-az2': 1, 'i7i.16xlarge_use1-az4': 5, 'i7i.16xlarge_use1-az5': 1, 'i7i.16xlarge_use1-az6': 1, 'i7i.24xlarge_use1-az2': 1, 'i7i.24xlarge_use1-az4': 1, 'i7i.24xlarge_use1-az5': 1, 'i7i.24xlarge_use1-az6': 1, 'i7i.2xlarge_use1-az1': 1, 'i7i.2xlarge_use1-az2': 50, 'i7i.2xlarge_use1-az4': 45, 'i7i.2xlarge_use1-az5': 20, 'i7i.2xlarge_use1-az6': 10, 'i7i.48xlarge_use1-az2': 1, 'i7i.4xlarge_use1-az1': 1, 'i7i.4xlarge_use1-az2': 15, 'i7i.4xlarge_use1-az4': 20, 'i7i.4xlarge_use1-az5': 5, 'i7i.4xlarge_use1-az6': 20, 'i7i.8xlarge_use1-az1': 1, 'i7i.8xlarge_use1-az2': 1, 'i7i.8xlarge_use1-az4': 5, 'i7i.8xlarge_use1-az5': 1, 'i7i.8xlarge_use1-az6': 1, 'i7i.metal-24xl_use1-az2': 1, 'i7i.metal-24xl_use1-az4': 50, 'i7i.metal-24xl_use1-az6': 35, 'i7i.xlarge_use1-az1': 1, 'i7i.xlarge_use1-az6': 20, 'i7ie.12xlarge_use1-az1': 1, 'i7ie.12xlarge_use1-az4': 1, 'i7ie.12xlarge_use1-az6': 30, 'i7ie.18xlarge_use1-az4': 1, 'i7ie.18xlarge_use1-az6': 20, 'i7ie.24xlarge_use1-az1': 1, 'i7ie.24xlarge_use1-az2': 1, 'i7ie.24xlarge_use1-az4': 1, 'i7ie.24xlarge_use1-az6': 50, 'i7ie.2xlarge_use1-az1': 5, 'i7ie.2xlarge_use1-az2': 1, 'i7ie.2xlarge_use1-az4': 15, 'i7ie.2xlarge_use1-az6': 35, 'i7ie.3xlarge_use1-az1': 5, 'i7ie.3xlarge_use1-az2': 1, 'i7ie.3xlarge_use1-az4': 5, 'i7ie.3xlarge_use1-az6': 30, 'i7ie.48xlarge_use1-az6': 50, 'i7ie.6xlarge_use1-az1': 25, 'i7ie.6xlarge_use1-az4': 20, 'i7ie.6xlarge_use1-az6': 50, 'i7ie.large_use1-az1': 45, 'i7ie.large_use1-az4': 50, 'i7ie.large_use1-az6': 50, 'i7ie.metal-24xl_use1-az4': 1, 'i7ie.metal-24xl_use1-az6': 15, 'i7ie.metal-48xl_use1-az6': 10, 'i7ie.xlarge_use1-az1': 10, 'i7ie.xlarge_use1-az2': 25, 'i7ie.xlarge_use1-az4': 45, 'i7ie.xlarge_use1-az6': 50, 'i8g.12xlarge_use1-az6': 1, 'i8g.24xlarge_use1-az6': 10, 'i8g.2xlarge_use1-az2': 1, 'i8g.4xlarge_use1-az2': 1, 'i8g.8xlarge_use1-az6': 5, 'i8g.large_use1-az2': 10, 'i8g.large_use1-az6': 5, 'i8g.xlarge_use1-az2': 1, 'i8g.xlarge_use1-az4': 1, 'i8g.xlarge_use1-az6': 1, 'i8ge.12xlarge_use1-az4': 1, 'i8ge.12xlarge_use1-az6': 5, 'i8ge.18xlarge_use1-az2': 1, 'i8ge.18xlarge_use1-az4': 1, 'i8ge.18xlarge_use1-az6': 5, 'i8ge.24xlarge_use1-az4': 1, 'i8ge.24xlarge_use1-az6': 5, 'i8ge.2xlarge_use1-az4': 10, 'i8ge.3xlarge_use1-az2': 1, 'i8ge.3xlarge_use1-az4': 5, 'i8ge.48xlarge_use1-az4': 5, 'i8ge.6xlarge_use1-az2': 1, 'i8ge.6xlarge_use1-az4': 1, 'i8ge.large_use1-az2': 5, 'i8ge.large_use1-az4': 50, 'i8ge.metal-24xl_use1-az4': 1, 'i8ge.metal-48xl_use1-az6': 1, 'i8ge.xlarge_use1-az4': 20, 'im4gn.16xlarge_use1-az4': 45, 'im4gn.2xlarge_use1-az1': 10, 'im4gn.2xlarge_use1-az4': 20, 'im4gn.2xlarge_use1-az6': 15, 'im4gn.4xlarge_use1-az1': 5, 'im4gn.4xlarge_use1-az4': 15, 'im4gn.8xlarge_use1-az1': 1, 'im4gn.8xlarge_use1-az4': 5, 'im4gn.large_use1-az1': 35, 'im4gn.large_use1-az2': 10, 'im4gn.large_use1-az4': 50, 'im4gn.large_use1-az6': 10, 'im4gn.xlarge_use1-az1': 25, 'im4gn.xlarge_use1-az2': 50, 'im4gn.xlarge_use1-az4': 30, 'im4gn.xlarge_use1-az6': 40, 'inf1.24xlarge_use1-az1': 1, 'inf1.24xlarge_use1-az2': 1, 'inf1.24xlarge_use1-az4': 10, 'inf1.24xlarge_use1-az5': 5, 'inf1.24xlarge_use1-az6': 20, 'inf1.2xlarge_use1-az1': 15, 'inf1.2xlarge_use1-az2': 15, 'inf1.2xlarge_use1-az4': 30, 'inf1.2xlarge_use1-az5': 40, 'inf1.2xlarge_use1-az6': 40, 'inf1.6xlarge_use1-az1': 1, 'inf1.6xlarge_use1-az2': 1, 'inf1.6xlarge_use1-az4': 5, 'inf1.6xlarge_use1-az5': 5, 'inf1.6xlarge_use1-az6': 10, 'inf1.xlarge_use1-az1': 50, 'inf1.xlarge_use1-az2': 50, 'inf1.xlarge_use1-az4': 40, 'inf1.xlarge_use1-az5': 50, 'inf1.xlarge_use1-az6': 50, 'inf2.24xlarge_use1-az4': 1, 'inf2.24xlarge_use1-az6': 10, 'inf2.48xlarge_use1-az6': 15, 'inf2.8xlarge_use1-az2': 5, 'inf2.8xlarge_use1-az4': 5, 'inf2.8xlarge_use1-az5': 1, 'inf2.8xlarge_use1-az6': 1, 'inf2.xlarge_use1-az2': 5, 'inf2.xlarge_use1-az4': 1, 'inf2.xlarge_use1-az6': 50, 'is4gen.2xlarge_use1-az2': 50, 'is4gen.2xlarge_use1-az4': 50, 'is4gen.2xlarge_use1-az6': 50, 'is4gen.medium_use1-az1': 50, 'is4gen.medium_use1-az2': 25, 'is4gen.medium_use1-az4': 40, 'is4gen.medium_use1-az6': 30, 'm1.xlarge_use1-az4': 10, 'm1.xlarge_use1-az6': 10, 'm2.2xlarge_use1-az1': 5, 'm2.2xlarge_use1-az2': 10, 'm2.2xlarge_use1-az4': 15, 'm2.2xlarge_use1-az6': 5, 'm2.4xlarge_use1-az1': 1, 'm2.4xlarge_use1-az2': 5, 'm2.4xlarge_use1-az4': 5, 'm2.4xlarge_use1-az6': 5, 'm2.xlarge_use1-az1': 5, 'm2.xlarge_use1-az2': 20, 'm2.xlarge_use1-az4': 20, 'm2.xlarge_use1-az6': 15, 'm3.2xlarge_use1-az2': 25, 'm3.2xlarge_use1-az3': 1, 'm3.2xlarge_use1-az4': 40, 'm3.2xlarge_use1-az6': 45, 'm3.large_use1-az4': 50, 'm3.large_use1-az6': 50, 'm3.xlarge_use1-az2': 50, 'm3.xlarge_use1-az3': 1, 'm3.xlarge_use1-az4': 50, 'm3.xlarge_use1-az6': 50, 'm4.10xlarge_use1-az1': 5, 'm4.10xlarge_use1-az2': 10, 'm4.10xlarge_use1-az3': 1, 'm4.10xlarge_use1-az4': 50, 'm4.10xlarge_use1-az5': 1, 'm4.10xlarge_use1-az6': 50, 'm4.2xlarge_use1-az1': 5, 'm4.2xlarge_use1-az2': 20, 'm4.2xlarge_use1-az3': 50, 'm4.2xlarge_use1-az4': 20, 'm4.2xlarge_use1-az5': 1, 'm4.2xlarge_use1-az6': 25, 'm4.4xlarge_use1-az1': 50, 'm4.4xlarge_use1-az2': 50, 'm4.4xlarge_use1-az3': 50, 'm4.4xlarge_use1-az4': 25, 'm4.4xlarge_use1-az5': 10, 'm4.4xlarge_use1-az6': 15, 'm4.large_use1-az1': 30, 'm4.large_use1-az2': 50, 'm4.large_use1-az3': 25, 'm4.large_use1-az4': 50, 'm4.large_use1-az5': 10, 'm4.large_use1-az6': 50, 'm4.xlarge_use1-az1': 15, 'm4.xlarge_use1-az2': 50, 'm4.xlarge_use1-az3': 50, 'm4.xlarge_use1-az4': 50, 'm4.xlarge_use1-az5': 30, 'm4.xlarge_use1-az6': 50, 'm5.12xlarge_use1-az1': 5, 'm5.12xlarge_use1-az2': 25, 'm5.12xlarge_use1-az4': 50, 'm5.12xlarge_use1-az5': 1, 'm5.12xlarge_use1-az6': 40, 'm5.16xlarge_use1-az1': 10, 'm5.16xlarge_use1-az2': 50, 'm5.16xlarge_use1-az4': 50, 'm5.16xlarge_use1-az5': 1, 'm5.16xlarge_use1-az6': 50, 'm5.24xlarge_use1-az1': 5, 'm5.24xlarge_use1-az2': 5, 'm5.24xlarge_use1-az4': 5, 'm5.24xlarge_use1-az5': 1, 'm5.24xlarge_use1-az6': 35, 'm5.2xlarge_use1-az1': 50, 'm5.2xlarge_use1-az2': 50, 'm5.2xlarge_use1-az4': 50, 'm5.2xlarge_use1-az5': 50, 'm5.2xlarge_use1-az6': 50, 'm5.4xlarge_use1-az1': 50, 'm5.4xlarge_use1-az2': 50, 'm5.4xlarge_use1-az4': 50, 'm5.4xlarge_use1-az5': 10, 'm5.4xlarge_use1-az6': 50, 'm5.8xlarge_use1-az1': 50, 'm5.8xlarge_use1-az2': 40, 'm5.8xlarge_use1-az4': 50, 'm5.8xlarge_use1-az5': 1, 'm5.8xlarge_use1-az6': 50, 'm5.large_use1-az1': 50, 'm5.large_use1-az2': 50, 'm5.large_use1-az4': 50, 'm5.large_use1-az5': 50, 'm5.large_use1-az6': 50, 'm5.xlarge_use1-az1': 50, 'm5.xlarge_use1-az2': 50, 'm5.xlarge_use1-az4': 50, 'm5.xlarge_use1-az5': 50, 'm5.xlarge_use1-az6': 50, 'm5a.12xlarge_use1-az2': 1, 'm5a.12xlarge_use1-az4': 1, 'm5a.12xlarge_use1-az6': 1, 'm5a.16xlarge_use1-az2': 1, 'm5a.16xlarge_use1-az4': 1, 'm5a.16xlarge_use1-az6': 1, 'm5a.24xlarge_use1-az1': 1, 'm5a.24xlarge_use1-az2': 1, 'm5a.24xlarge_use1-az4': 1, 'm5a.24xlarge_use1-az5': 5, 'm5a.24xlarge_use1-az6': 5, 'm5a.2xlarge_use1-az1': 10, 'm5a.2xlarge_use1-az2': 25, 'm5a.2xlarge_use1-az4': 25, 'm5a.2xlarge_use1-az5': 5, 'm5a.2xlarge_use1-az6': 45, 'm5a.4xlarge_use1-az1': 5, 'm5a.4xlarge_use1-az2': 10, 'm5a.4xlarge_use1-az4': 5, 'm5a.4xlarge_use1-az5': 10, 'm5a.4xlarge_use1-az6': 15, 'm5a.8xlarge_use1-az1': 1, 'm5a.8xlarge_use1-az2': 20, 'm5a.8xlarge_use1-az4': 20, 'm5a.8xlarge_use1-az5': 1, 'm5a.8xlarge_use1-az6': 5, 'm5a.large_use1-az1': 50, 'm5a.large_use1-az2': 50, 'm5a.large_use1-az4': 50, 'm5a.large_use1-az5': 45, 'm5a.large_use1-az6': 50, 'm5a.xlarge_use1-az1': 10, 'm5a.xlarge_use1-az2': 30, 'm5a.xlarge_use1-az4': 10, 'm5a.xlarge_use1-az5': 20, 'm5a.xlarge_use1-az6': 50, 'm5ad.12xlarge_use1-az1': 1, 'm5ad.16xlarge_use1-az1': 1, 'm5ad.16xlarge_use1-az2': 1, 'm5ad.16xlarge_use1-az4': 1, 'm5ad.16xlarge_use1-az6': 1, 'm5ad.24xlarge_use1-az1': 5, 'm5ad.24xlarge_use1-az2': 1, 'm5ad.24xlarge_use1-az4': 1, 'm5ad.24xlarge_use1-az6': 5, 'm5ad.2xlarge_use1-az2': 1, 'm5ad.2xlarge_use1-az4': 5, 'm5ad.4xlarge_use1-az1': 1, 'm5ad.4xlarge_use1-az2': 1, 'm5ad.4xlarge_use1-az4': 1, 'm5ad.4xlarge_use1-az6': 1, 'm5ad.8xlarge_use1-az2': 1, 'm5ad.large_use1-az1': 10, 'm5ad.large_use1-az2': 5, 'm5ad.large_use1-az4': 10, 'm5ad.large_use1-az5': 1, 'm5ad.large_use1-az6': 10, 'm5ad.xlarge_use1-az2': 10, 'm5ad.xlarge_use1-az4': 5, 'm5ad.xlarge_use1-az6': 5, 'm5d.12xlarge_use1-az1': 1, 'm5d.12xlarge_use1-az2': 25, 'm5d.12xlarge_use1-az4': 30, 'm5d.12xlarge_use1-az6': 15, 'm5d.16xlarge_use1-az1': 5, 'm5d.16xlarge_use1-az2': 35, 'm5d.16xlarge_use1-az4': 20, 'm5d.16xlarge_use1-az5': 1, 'm5d.16xlarge_use1-az6': 50, 'm5d.24xlarge_use1-az1': 20, 'm5d.24xlarge_use1-az2': 15, 'm5d.24xlarge_use1-az4': 5, 'm5d.24xlarge_use1-az5': 1, 'm5d.24xlarge_use1-az6': 50, 'm5d.2xlarge_use1-az1': 5, 'm5d.2xlarge_use1-az2': 25, 'm5d.2xlarge_use1-az4': 25, 'm5d.2xlarge_use1-az6': 30, 'm5d.4xlarge_use1-az1': 5, 'm5d.4xlarge_use1-az2': 15, 'm5d.4xlarge_use1-az4': 25, 'm5d.4xlarge_use1-az6': 25, 'm5d.8xlarge_use1-az1': 1, 'm5d.8xlarge_use1-az2': 25, 'm5d.8xlarge_use1-az4': 10, 'm5d.8xlarge_use1-az5': 1, 'm5d.8xlarge_use1-az6': 10, 'm5d.large_use1-az1': 5, 'm5d.large_use1-az2': 50, 'm5d.large_use1-az4': 50, 'm5d.large_use1-az6': 50, 'm5d.xlarge_use1-az1': 50, 'm5d.xlarge_use1-az2': 50, 'm5d.xlarge_use1-az4': 50, 'm5d.xlarge_use1-az5': 1, 'm5d.xlarge_use1-az6': 50, 'm5dn.12xlarge_use1-az1': 1, 'm5dn.12xlarge_use1-az4': 1, 'm5dn.12xlarge_use1-az6': 1, 'm5dn.16xlarge_use1-az1': 1, 'm5dn.16xlarge_use1-az2': 5, 'm5dn.16xlarge_use1-az4': 1, 'm5dn.16xlarge_use1-az6': 1, 'm5dn.24xlarge_use1-az1': 1, 'm5dn.24xlarge_use1-az2': 1, 'm5dn.24xlarge_use1-az4': 1, 'm5dn.24xlarge_use1-az6': 5, 'm5dn.2xlarge_use1-az1': 10, 'm5dn.2xlarge_use1-az2': 5, 'm5dn.2xlarge_use1-az4': 5, 'm5dn.2xlarge_use1-az6': 15, 'm5dn.4xlarge_use1-az1': 5, 'm5dn.4xlarge_use1-az2': 5, 'm5dn.4xlarge_use1-az4': 1, 'm5dn.4xlarge_use1-az5': 1, 'm5dn.4xlarge_use1-az6': 5, 'm5dn.8xlarge_use1-az2': 1, 'm5dn.8xlarge_use1-az6': 1, 'm5dn.large_use1-az1': 35, 'm5dn.large_use1-az2': 30, 'm5dn.large_use1-az4': 40, 'm5dn.large_use1-az5': 15, 'm5dn.large_use1-az6': 50, 'm5dn.xlarge_use1-az1': 10, 'm5dn.xlarge_use1-az2': 25, 'm5dn.xlarge_use1-az4': 20, 'm5dn.xlarge_use1-az5': 1, 'm5dn.xlarge_use1-az6': 30, 'm5n.12xlarge_use1-az1': 1, 'm5n.12xlarge_use1-az2': 1, 'm5n.12xlarge_use1-az4': 1, 'm5n.12xlarge_use1-az5': 1, 'm5n.12xlarge_use1-az6': 1, 'm5n.16xlarge_use1-az2': 1, 'm5n.16xlarge_use1-az4': 1, 'm5n.16xlarge_use1-az6': 1, 'm5n.24xlarge_use1-az2': 1, 'm5n.24xlarge_use1-az4': 1, 'm5n.24xlarge_use1-az6': 1, 'm5n.2xlarge_use1-az1': 15, 'm5n.2xlarge_use1-az2': 25, 'm5n.2xlarge_use1-az4': 30, 'm5n.2xlarge_use1-az5': 5, 'm5n.2xlarge_use1-az6': 25, 'm5n.4xlarge_use1-az1': 25, 'm5n.4xlarge_use1-az2': 35, 'm5n.4xlarge_use1-az4': 50, 'm5n.4xlarge_use1-az5': 5, 'm5n.4xlarge_use1-az6': 10, 'm5n.8xlarge_use1-az1': 1, 'm5n.8xlarge_use1-az2': 1, 'm5n.8xlarge_use1-az4': 1, 'm5n.8xlarge_use1-az6': 5, 'm5n.large_use1-az1': 5, 'm5n.large_use1-az2': 15, 'm5n.large_use1-az4': 5, 'm5n.large_use1-az5': 5, 'm5n.large_use1-az6': 15, 'm5n.xlarge_use1-az1': 20, 'm5n.xlarge_use1-az2': 50, 'm5n.xlarge_use1-az4': 50, 'm5n.xlarge_use1-az5': 1, 'm5n.xlarge_use1-az6': 50, 'm5zn.12xlarge_use1-az2': 1, 'm5zn.12xlarge_use1-az4': 10, 'm5zn.12xlarge_use1-az5': 1, 'm5zn.12xlarge_use1-az6': 5, 'm5zn.2xlarge_use1-az1': 1, 'm5zn.2xlarge_use1-az2': 1, 'm5zn.2xlarge_use1-az4': 25, 'm5zn.2xlarge_use1-az5': 1, 'm5zn.2xlarge_use1-az6': 5, 'm5zn.3xlarge_use1-az1': 1, 'm5zn.3xlarge_use1-az2': 1, 'm5zn.3xlarge_use1-az4': 5, 'm5zn.3xlarge_use1-az6': 5, 'm5zn.6xlarge_use1-az6': 1, 'm5zn.large_use1-az1': 5, 'm5zn.large_use1-az2': 5, 'm5zn.large_use1-az4': 30, 'm5zn.large_use1-az5': 15, 'm5zn.large_use1-az6': 20, 'm5zn.xlarge_use1-az1': 1, 'm5zn.xlarge_use1-az2': 1, 'm5zn.xlarge_use1-az4': 20, 'm5zn.xlarge_use1-az5': 5, 'm5zn.xlarge_use1-az6': 5, 'm6a.12xlarge_use1-az1': 5, 'm6a.12xlarge_use1-az2': 5, 'm6a.12xlarge_use1-az4': 15, 'm6a.12xlarge_use1-az6': 10, 'm6a.16xlarge_use1-az1': 5, 'm6a.16xlarge_use1-az2': 5, 'm6a.16xlarge_use1-az4': 5, 'm6a.16xlarge_use1-az6': 5, 'm6a.24xlarge_use1-az1': 1, 'm6a.24xlarge_use1-az2': 1, 'm6a.24xlarge_use1-az4': 1, 'm6a.24xlarge_use1-az6': 1, 'm6a.2xlarge_use1-az1': 50, 'm6a.2xlarge_use1-az2': 35, 'm6a.2xlarge_use1-az4': 45, 'm6a.2xlarge_use1-az5': 15, 'm6a.2xlarge_use1-az6': 50, 'm6a.32xlarge_use1-az2': 1, 'm6a.32xlarge_use1-az4': 1, 'm6a.32xlarge_use1-az5': 1, 'm6a.32xlarge_use1-az6': 1, 'm6a.48xlarge_use1-az2': 1, 'm6a.48xlarge_use1-az4': 1, 'm6a.48xlarge_use1-az6': 1, 'm6a.4xlarge_use1-az1': 45, 'm6a.4xlarge_use1-az2': 40, 'm6a.4xlarge_use1-az4': 25, 'm6a.4xlarge_use1-az5': 5, 'm6a.4xlarge_use1-az6': 50, 'm6a.8xlarge_use1-az1': 25, 'm6a.8xlarge_use1-az2': 15, 'm6a.8xlarge_use1-az4': 50, 'm6a.8xlarge_use1-az5': 10, 'm6a.8xlarge_use1-az6': 50, 'm6a.large_use1-az1': 50, 'm6a.large_use1-az2': 50, 'm6a.large_use1-az4': 50, 'm6a.large_use1-az5': 30, 'm6a.large_use1-az6': 50, 'm6a.xlarge_use1-az1': 50, 'm6a.xlarge_use1-az2': 50, 'm6a.xlarge_use1-az4': 50, 'm6a.xlarge_use1-az5': 35, 'm6a.xlarge_use1-az6': 50, 'm6g.12xlarge_use1-az1': 1, 'm6g.12xlarge_use1-az2': 5, 'm6g.12xlarge_use1-az4': 50, 'm6g.12xlarge_use1-az6': 50, 'm6g.16xlarge_use1-az1': 1, 'm6g.16xlarge_use1-az2': 5, 'm6g.16xlarge_use1-az4': 25, 'm6g.16xlarge_use1-az6': 50, 'm6g.2xlarge_use1-az1': 15, 'm6g.2xlarge_use1-az2': 50, 'm6g.2xlarge_use1-az4': 50, 'm6g.2xlarge_use1-az5': 5, 'm6g.2xlarge_use1-az6': 50, 'm6g.4xlarge_use1-az1': 10, 'm6g.4xlarge_use1-az2': 50, 'm6g.4xlarge_use1-az4': 50, 'm6g.4xlarge_use1-az5': 10, 'm6g.4xlarge_use1-az6': 50, 'm6g.8xlarge_use1-az1': 5, 'm6g.8xlarge_use1-az2': 50, 'm6g.8xlarge_use1-az4': 50, 'm6g.8xlarge_use1-az6': 50, 'm6g.large_use1-az1': 1, 'm6g.large_use1-az2': 50, 'm6g.large_use1-az4': 50, 'm6g.large_use1-az5': 5, 'm6g.large_use1-az6': 50, 'm6g.medium_use1-az1': 5, 'm6g.medium_use1-az2': 5, 'm6g.medium_use1-az4': 10, 'm6g.medium_use1-az5': 1, 'm6g.medium_use1-az6': 15, 'm6g.xlarge_use1-az1': 50, 'm6g.xlarge_use1-az2': 50, 'm6g.xlarge_use1-az4': 50, 'm6g.xlarge_use1-az5': 50, 'm6g.xlarge_use1-az6': 50, 'm6gd.12xlarge_use1-az1': 10, 'm6gd.12xlarge_use1-az2': 40, 'm6gd.12xlarge_use1-az4': 20, 'm6gd.12xlarge_use1-az5': 5, 'm6gd.12xlarge_use1-az6': 50, 'm6gd.16xlarge_use1-az1': 5, 'm6gd.16xlarge_use1-az2': 10, 'm6gd.16xlarge_use1-az4': 10, 'm6gd.16xlarge_use1-az5': 10, 'm6gd.16xlarge_use1-az6': 35, 'm6gd.2xlarge_use1-az1': 1, 'm6gd.2xlarge_use1-az2': 50, 'm6gd.2xlarge_use1-az4': 45, 'm6gd.2xlarge_use1-az5': 1, 'm6gd.2xlarge_use1-az6': 5, 'm6gd.4xlarge_use1-az1': 1, 'm6gd.4xlarge_use1-az2': 5, 'm6gd.4xlarge_use1-az4': 5, 'm6gd.4xlarge_use1-az5': 1, 'm6gd.4xlarge_use1-az6': 15, 'm6gd.8xlarge_use1-az1': 5, 'm6gd.8xlarge_use1-az2': 10, 'm6gd.8xlarge_use1-az4': 15, 'm6gd.8xlarge_use1-az5': 1, 'm6gd.8xlarge_use1-az6': 20, 'm6gd.large_use1-az1': 1, 'm6gd.large_use1-az2': 5, 'm6gd.large_use1-az4': 5, 'm6gd.large_use1-az5': 1, 'm6gd.large_use1-az6': 15, 'm6gd.medium_use1-az1': 1, 'm6gd.medium_use1-az2': 1, 'm6gd.medium_use1-az4': 1, 'm6gd.medium_use1-az5': 5, 'm6gd.medium_use1-az6': 1, 'm6gd.xlarge_use1-az1': 1, 'm6gd.xlarge_use1-az2': 10, 'm6gd.xlarge_use1-az4': 35, 'm6gd.xlarge_use1-az5': 1, 'm6gd.xlarge_use1-az6': 15, 'm6i.12xlarge_use1-az1': 1, 'm6i.12xlarge_use1-az2': 10, 'm6i.12xlarge_use1-az4': 50, 'm6i.12xlarge_use1-az5': 1, 'm6i.12xlarge_use1-az6': 30, 'm6i.16xlarge_use1-az1': 1, 'm6i.16xlarge_use1-az2': 10, 'm6i.16xlarge_use1-az4': 5, 'm6i.16xlarge_use1-az5': 1, 'm6i.16xlarge_use1-az6': 10, 'm6i.24xlarge_use1-az2': 10, 'm6i.24xlarge_use1-az4': 5, 'm6i.24xlarge_use1-az5': 1, 'm6i.24xlarge_use1-az6': 50, 'm6i.2xlarge_use1-az1': 25, 'm6i.2xlarge_use1-az2': 50, 'm6i.2xlarge_use1-az4': 50, 'm6i.2xlarge_use1-az5': 25, 'm6i.2xlarge_use1-az6': 50, 'm6i.32xlarge_use1-az2': 1, 'm6i.32xlarge_use1-az4': 5, 'm6i.32xlarge_use1-az5': 1, 'm6i.32xlarge_use1-az6': 15, 'm6i.4xlarge_use1-az1': 15, 'm6i.4xlarge_use1-az2': 50, 'm6i.4xlarge_use1-az4': 50, 'm6i.4xlarge_use1-az5': 50, 'm6i.4xlarge_use1-az6': 50, 'm6i.8xlarge_use1-az1': 1, 'm6i.8xlarge_use1-az2': 50, 'm6i.8xlarge_use1-az4': 50, 'm6i.8xlarge_use1-az5': 20, 'm6i.8xlarge_use1-az6': 50, 'm6i.large_use1-az1': 25, 'm6i.large_use1-az2': 50, 'm6i.large_use1-az4': 50, 'm6i.large_use1-az5': 50, 'm6i.large_use1-az6': 50, 'm6i.xlarge_use1-az1': 45, 'm6i.xlarge_use1-az2': 50, 'm6i.xlarge_use1-az4': 50, 'm6i.xlarge_use1-az5': 25, 'm6i.xlarge_use1-az6': 50, 'm6id.12xlarge_use1-az1': 1, 'm6id.12xlarge_use1-az2': 1, 'm6id.12xlarge_use1-az4': 1, 'm6id.12xlarge_use1-az6': 1, 'm6id.16xlarge_use1-az1': 1, 'm6id.16xlarge_use1-az2': 1, 'm6id.16xlarge_use1-az4': 1, 'm6id.16xlarge_use1-az6': 1, 'm6id.24xlarge_use1-az1': 10, 'm6id.24xlarge_use1-az2': 15, 'm6id.24xlarge_use1-az4': 35, 'm6id.24xlarge_use1-az5': 5, 'm6id.24xlarge_use1-az6': 15, 'm6id.2xlarge_use1-az1': 5, 'm6id.2xlarge_use1-az2': 5, 'm6id.2xlarge_use1-az4': 5, 'm6id.2xlarge_use1-az5': 1, 'm6id.2xlarge_use1-az6': 5, 'm6id.32xlarge_use1-az1': 10, 'm6id.32xlarge_use1-az2': 15, 'm6id.32xlarge_use1-az4': 5, 'm6id.32xlarge_use1-az5': 1, 'm6id.32xlarge_use1-az6': 50, 'm6id.4xlarge_use1-az1': 15, 'm6id.4xlarge_use1-az2': 10, 'm6id.4xlarge_use1-az4': 5, 'm6id.4xlarge_use1-az5': 1, 'm6id.4xlarge_use1-az6': 10, 'm6id.8xlarge_use1-az1': 1, 'm6id.8xlarge_use1-az4': 5, 'm6id.8xlarge_use1-az5': 1, 'm6id.8xlarge_use1-az6': 1, 'm6id.large_use1-az1': 30, 'm6id.large_use1-az2': 35, 'm6id.large_use1-az4': 15, 'm6id.large_use1-az5': 5, 'm6id.large_use1-az6': 50, 'm6id.xlarge_use1-az1': 20, 'm6id.xlarge_use1-az2': 45, 'm6id.xlarge_use1-az4': 15, 'm6id.xlarge_use1-az5': 5, 'm6id.xlarge_use1-az6': 25, 'm6idn.12xlarge_use1-az2': 1, 'm6idn.16xlarge_use1-az4': 1, 'm6idn.24xlarge_use1-az1': 1, 'm6idn.24xlarge_use1-az2': 1, 'm6idn.24xlarge_use1-az4': 1, 'm6idn.2xlarge_use1-az2': 10, 'm6idn.2xlarge_use1-az4': 5, 'm6idn.2xlarge_use1-az5': 1, 'm6idn.2xlarge_use1-az6': 5, 'm6idn.32xlarge_use1-az2': 1, 'm6idn.4xlarge_use1-az2': 10, 'm6idn.4xlarge_use1-az5': 5, 'm6idn.4xlarge_use1-az6': 5, 'm6idn.large_use1-az1': 25, 'm6idn.large_use1-az2': 35, 'm6idn.large_use1-az4': 15, 'm6idn.large_use1-az5': 10, 'm6idn.large_use1-az6': 10, 'm6idn.xlarge_use1-az1': 15, 'm6idn.xlarge_use1-az2': 50, 'm6idn.xlarge_use1-az4': 20, 'm6idn.xlarge_use1-az5': 5, 'm6idn.xlarge_use1-az6': 10, 'm6in.12xlarge_use1-az4': 1, 'm6in.16xlarge_use1-az2': 1, 'm6in.16xlarge_use1-az4': 1, 'm6in.24xlarge_use1-az1': 1, 'm6in.24xlarge_use1-az2': 1, 'm6in.2xlarge_use1-az1': 10, 'm6in.2xlarge_use1-az2': 20, 'm6in.2xlarge_use1-az4': 10, 'm6in.2xlarge_use1-az5': 1, 'm6in.2xlarge_use1-az6': 5, 'm6in.4xlarge_use1-az1': 1, 'm6in.4xlarge_use1-az2': 1, 'm6in.4xlarge_use1-az5': 1, 'm6in.8xlarge_use1-az1': 1, 'm6in.8xlarge_use1-az2': 1, 'm6in.8xlarge_use1-az4': 1, 'm6in.large_use1-az1': 5, 'm6in.large_use1-az2': 10, 'm6in.large_use1-az4': 5, 'm6in.large_use1-az5': 1, 'm6in.large_use1-az6': 1, 'm6in.xlarge_use1-az1': 5, 'm6in.xlarge_use1-az2': 10, 'm6in.xlarge_use1-az4': 1, 'm7a.12xlarge_use1-az2': 1, 'm7a.12xlarge_use1-az6': 20, 'm7a.16xlarge_use1-az2': 1, 'm7a.16xlarge_use1-az6': 40, 'm7a.24xlarge_use1-az2': 1, 'm7a.24xlarge_use1-az6': 50, 'm7a.2xlarge_use1-az1': 5, 'm7a.2xlarge_use1-az2': 15, 'm7a.2xlarge_use1-az4': 10, 'm7a.2xlarge_use1-az6': 50, 'm7a.32xlarge_use1-az6': 20, 'm7a.48xlarge_use1-az6': 40, 'm7a.4xlarge_use1-az1': 10, 'm7a.4xlarge_use1-az2': 5, 'm7a.4xlarge_use1-az4': 10, 'm7a.4xlarge_use1-az6': 25, 'm7a.8xlarge_use1-az1': 1, 'm7a.8xlarge_use1-az2': 5, 'm7a.8xlarge_use1-az4': 1, 'm7a.8xlarge_use1-az6': 50, 'm7a.large_use1-az1': 15, 'm7a.large_use1-az2': 50, 'm7a.large_use1-az4': 50, 'm7a.large_use1-az5': 5, 'm7a.large_use1-az6': 50, 'm7a.medium_use1-az1': 10, 'm7a.medium_use1-az2': 50, 'm7a.medium_use1-az4': 50, 'm7a.medium_use1-az6': 50, 'm7a.xlarge_use1-az1': 5, 'm7a.xlarge_use1-az2': 40, 'm7a.xlarge_use1-az4': 50, 'm7a.xlarge_use1-az6': 50, 'm7g.12xlarge_use1-az1': 1, 'm7g.12xlarge_use1-az2': 10, 'm7g.12xlarge_use1-az4': 45, 'm7g.12xlarge_use1-az5': 1, 'm7g.12xlarge_use1-az6': 50, 'm7g.16xlarge_use1-az1': 1, 'm7g.16xlarge_use1-az2': 30, 'm7g.16xlarge_use1-az4': 35, 'm7g.16xlarge_use1-az5': 1, 'm7g.16xlarge_use1-az6': 50, 'm7g.2xlarge_use1-az1': 35, 'm7g.2xlarge_use1-az2': 50, 'm7g.2xlarge_use1-az4': 50, 'm7g.2xlarge_use1-az5': 15, 'm7g.2xlarge_use1-az6': 50, 'm7g.4xlarge_use1-az1': 10, 'm7g.4xlarge_use1-az2': 30, 'm7g.4xlarge_use1-az4': 50, 'm7g.4xlarge_use1-az5': 10, 'm7g.4xlarge_use1-az6': 50, 'm7g.8xlarge_use1-az1': 1, 'm7g.8xlarge_use1-az2': 15, 'm7g.8xlarge_use1-az4': 40, 'm7g.8xlarge_use1-az5': 1, 'm7g.8xlarge_use1-az6': 50, 'm7g.large_use1-az1': 10, 'm7g.large_use1-az2': 50, 'm7g.large_use1-az4': 50, 'm7g.large_use1-az5': 30, 'm7g.large_use1-az6': 50, 'm7g.medium_use1-az1': 30, 'm7g.medium_use1-az2': 40, 'm7g.medium_use1-az4': 50, 'm7g.medium_use1-az5': 35, 'm7g.medium_use1-az6': 50, 'm7g.metal_use1-az1': 1, 'm7g.metal_use1-az2': 25, 'm7g.metal_use1-az4': 10, 'm7g.metal_use1-az5': 1, 'm7g.metal_use1-az6': 50, 'm7g.xlarge_use1-az1': 50, 'm7g.xlarge_use1-az2': 50, 'm7g.xlarge_use1-az4': 50, 'm7g.xlarge_use1-az5': 50, 'm7g.xlarge_use1-az6': 50, 'm7gd.12xlarge_use1-az1': 5, 'm7gd.12xlarge_use1-az2': 10, 'm7gd.12xlarge_use1-az4': 1, 'm7gd.12xlarge_use1-az6': 35, 'm7gd.16xlarge_use1-az1': 1, 'm7gd.16xlarge_use1-az2': 30, 'm7gd.16xlarge_use1-az4': 1, 'm7gd.16xlarge_use1-az6': 40, 'm7gd.2xlarge_use1-az1': 15, 'm7gd.2xlarge_use1-az2': 50, 'm7gd.2xlarge_use1-az4': 15, 'm7gd.2xlarge_use1-az6': 25, 'm7gd.4xlarge_use1-az1': 5, 'm7gd.4xlarge_use1-az2': 10, 'm7gd.4xlarge_use1-az4': 1, 'm7gd.4xlarge_use1-az6': 40, 'm7gd.8xlarge_use1-az1': 10, 'm7gd.8xlarge_use1-az2': 50, 'm7gd.8xlarge_use1-az4': 30, 'm7gd.8xlarge_use1-az5': 45, 'm7gd.8xlarge_use1-az6': 50, 'm7gd.large_use1-az1': 5, 'm7gd.large_use1-az2': 50, 'm7gd.large_use1-az4': 5, 'm7gd.large_use1-az6': 50, 'm7gd.medium_use1-az1': 15, 'm7gd.medium_use1-az2': 20, 'm7gd.medium_use1-az4': 15, 'm7gd.medium_use1-az5': 20, 'm7gd.medium_use1-az6': 25, 'm7gd.metal_use1-az1': 5, 'm7gd.metal_use1-az2': 15, 'm7gd.metal_use1-az4': 1, 'm7gd.metal_use1-az6': 15, 'm7gd.xlarge_use1-az1': 5, 'm7gd.xlarge_use1-az2': 10, 'm7gd.xlarge_use1-az4': 10, 'm7gd.xlarge_use1-az5': 1, 'm7gd.xlarge_use1-az6': 25, 'm7i-flex.2xlarge_use1-az1': 50, 'm7i-flex.2xlarge_use1-az2': 50, 'm7i-flex.2xlarge_use1-az4': 15, 'm7i-flex.2xlarge_use1-az5': 10, 'm7i-flex.2xlarge_use1-az6': 50, 'm7i-flex.4xlarge_use1-az2': 5, 'm7i-flex.4xlarge_use1-az4': 5, 'm7i-flex.4xlarge_use1-az6': 25, 'm7i-flex.8xlarge_use1-az1': 1, 'm7i-flex.8xlarge_use1-az2': 5, 'm7i-flex.8xlarge_use1-az4': 5, 'm7i-flex.8xlarge_use1-az5': 1, 'm7i-flex.8xlarge_use1-az6': 10, 'm7i-flex.large_use1-az1': 20, 'm7i-flex.large_use1-az2': 50, 'm7i-flex.large_use1-az4': 25, 'm7i-flex.large_use1-az5': 25, 'm7i-flex.large_use1-az6': 50, 'm7i-flex.xlarge_use1-az1': 50, 'm7i-flex.xlarge_use1-az2': 50, 'm7i-flex.xlarge_use1-az4': 50, 'm7i-flex.xlarge_use1-az5': 15, 'm7i-flex.xlarge_use1-az6': 50, 'm7i.12xlarge_use1-az1': 1, 'm7i.12xlarge_use1-az2': 5, 'm7i.12xlarge_use1-az4': 15, 'm7i.12xlarge_use1-az6': 50, 'm7i.16xlarge_use1-az1': 5, 'm7i.16xlarge_use1-az2': 10, 'm7i.16xlarge_use1-az4': 10, 'm7i.16xlarge_use1-az6': 50, 'm7i.24xlarge_use1-az2': 5, 'm7i.24xlarge_use1-az4': 5, 'm7i.24xlarge_use1-az6': 50, 'm7i.2xlarge_use1-az1': 1, 'm7i.2xlarge_use1-az2': 50, 'm7i.2xlarge_use1-az4': 50, 'm7i.2xlarge_use1-az6': 50, 'm7i.48xlarge_use1-az1': 1, 'm7i.48xlarge_use1-az2': 5, 'm7i.48xlarge_use1-az4': 20, 'm7i.48xlarge_use1-az6': 50, 'm7i.4xlarge_use1-az1': 1, 'm7i.4xlarge_use1-az2': 25, 'm7i.4xlarge_use1-az4': 10, 'm7i.4xlarge_use1-az6': 50, 'm7i.8xlarge_use1-az1': 40, 'm7i.8xlarge_use1-az2': 20, 'm7i.8xlarge_use1-az4': 50, 'm7i.8xlarge_use1-az6': 50, 'm7i.large_use1-az1': 50, 'm7i.large_use1-az2': 50, 'm7i.large_use1-az4': 50, 'm7i.large_use1-az5': 1, 'm7i.large_use1-az6': 50, 'm7i.xlarge_use1-az1': 30, 'm7i.xlarge_use1-az2': 35, 'm7i.xlarge_use1-az4': 50, 'm7i.xlarge_use1-az6': 50, 'm8g.12xlarge_use1-az2': 10, 'm8g.12xlarge_use1-az4': 10, 'm8g.12xlarge_use1-az5': 1, 'm8g.12xlarge_use1-az6': 35, 'm8g.16xlarge_use1-az2': 5, 'm8g.16xlarge_use1-az4': 5, 'm8g.16xlarge_use1-az5': 5, 'm8g.16xlarge_use1-az6': 45, 'm8g.24xlarge_use1-az2': 5, 'm8g.24xlarge_use1-az4': 1, 'm8g.24xlarge_use1-az5': 1, 'm8g.24xlarge_use1-az6': 25, 'm8g.2xlarge_use1-az4': 10, 'm8g.2xlarge_use1-az5': 10, 'm8g.48xlarge_use1-az2': 5, 'm8g.48xlarge_use1-az4': 5, 'm8g.48xlarge_use1-az6': 20, 'm8g.4xlarge_use1-az2': 5, 'm8g.4xlarge_use1-az4': 5, 'm8g.4xlarge_use1-az5': 1, 'm8g.4xlarge_use1-az6': 40, 'm8g.8xlarge_use1-az2': 10, 'm8g.8xlarge_use1-az4': 20, 'm8g.8xlarge_use1-az5': 1, 'm8g.8xlarge_use1-az6': 40, 'm8g.large_use1-az1': 1, 'm8g.large_use1-az2': 20, 'm8g.large_use1-az6': 45, 'm8g.medium_use1-az1': 1, 'm8g.medium_use1-az2': 15, 'm8g.metal-48xl_use1-az2': 5, 'm8g.metal-48xl_use1-az6': 25, 'm8g.xlarge_use1-az1': 1, 'm8g.xlarge_use1-az5': 15, 'm8g.xlarge_use1-az6': 50, 'm8gd.16xlarge_use1-az5': 1, 'm8gd.4xlarge_use1-az2': 5, 'm8gd.4xlarge_use1-az4': 1, 'm8gd.4xlarge_use1-az6': 1, 'm8gd.8xlarge_use1-az5': 1, 'm8gd.8xlarge_use1-az6': 5, 'm8gd.large_use1-az1': 20, 'm8gd.large_use1-az2': 15, 'm8gd.large_use1-az5': 1, 'm8gd.large_use1-az6': 1, 'm8gd.medium_use1-az6': 1, 'm8gd.metal-24xl_use1-az2': 1, 'm8gd.xlarge_use1-az1': 1, 'm8gd.xlarge_use1-az5': 1, 'm8i-flex.16xlarge_use1-az6': 5, 'm8i-flex.2xlarge_use1-az2': 10, 'm8i-flex.2xlarge_use1-az4': 1, 'm8i-flex.2xlarge_use1-az6': 50, 'm8i-flex.4xlarge_use1-az2': 1, 'm8i-flex.4xlarge_use1-az4': 1, 'm8i-flex.4xlarge_use1-az6': 5, 'm8i-flex.8xlarge_use1-az6': 1, 'm8i-flex.large_use1-az2': 5, 'm8i-flex.xlarge_use1-az2': 10, 'm8i-flex.xlarge_use1-az4': 25, 'm8i-flex.xlarge_use1-az6': 50, 'm8i.12xlarge_use1-az6': 1, 'm8i.16xlarge_use1-az4': 1, 'm8i.16xlarge_use1-az6': 1, 'm8i.24xlarge_use1-az6': 1, 'm8i.2xlarge_use1-az2': 10, 'm8i.2xlarge_use1-az4': 1, 'm8i.2xlarge_use1-az6': 10, 'm8i.32xlarge_use1-az2': 1, 'm8i.32xlarge_use1-az6': 5, 'm8i.48xlarge_use1-az2': 1, 'm8i.48xlarge_use1-az6': 5, 'm8i.4xlarge_use1-az2': 5, 'm8i.4xlarge_use1-az4': 1, 'm8i.4xlarge_use1-az6': 5, 'm8i.8xlarge_use1-az2': 1, 'm8i.8xlarge_use1-az4': 1, 'm8i.8xlarge_use1-az6': 20, 'm8i.96xlarge_use1-az6': 1, 'm8i.large_use1-az4': 25, 'm8i.metal-48xl_use1-az6': 1, 'm8i.metal-96xl_use1-az6': 1, 'm8i.xlarge_use1-az2': 30, 'm8i.xlarge_use1-az4': 10, 'p3.2xlarge_use1-az1': 50, 'p3.2xlarge_use1-az2': 50, 'p3.2xlarge_use1-az5': 50, 'p3.2xlarge_use1-az6': 50, 'r3.2xlarge_use1-az2': 1, 'r3.2xlarge_use1-az4': 1, 'r3.2xlarge_use1-az6': 1, 'r3.4xlarge_use1-az4': 1, 'r3.4xlarge_use1-az6': 1, 'r3.8xlarge_use1-az2': 1, 'r3.8xlarge_use1-az4': 1, 'r3.8xlarge_use1-az6': 5, 'r3.large_use1-az2': 50, 'r3.large_use1-az4': 50, 'r3.large_use1-az6': 50, 'r3.xlarge_use1-az2': 40, 'r3.xlarge_use1-az4': 50, 'r3.xlarge_use1-az6': 50, 'r4.16xlarge_use1-az1': 10, 'r4.16xlarge_use1-az2': 10, 'r4.16xlarge_use1-az3': 50, 'r4.16xlarge_use1-az4': 35, 'r4.16xlarge_use1-az5': 15, 'r4.16xlarge_use1-az6': 10, 'r4.2xlarge_use1-az1': 20, 'r4.2xlarge_use1-az2': 50, 'r4.2xlarge_use1-az3': 50, 'r4.2xlarge_use1-az4': 50, 'r4.2xlarge_use1-az5': 5, 'r4.2xlarge_use1-az6': 50, 'r4.4xlarge_use1-az1': 20, 'r4.4xlarge_use1-az2': 50, 'r4.4xlarge_use1-az3': 40, 'r4.4xlarge_use1-az4': 15, 'r4.4xlarge_use1-az5': 5, 'r4.4xlarge_use1-az6': 50, 'r4.8xlarge_use1-az1': 50, 'r4.8xlarge_use1-az2': 50, 'r4.8xlarge_use1-az3': 25, 'r4.8xlarge_use1-az4': 50, 'r4.8xlarge_use1-az5': 5, 'r4.8xlarge_use1-az6': 50, 'r4.large_use1-az1': 35, 'r4.large_use1-az2': 50, 'r4.large_use1-az4': 50, 'r4.large_use1-az5': 20, 'r4.large_use1-az6': 50, 'r4.xlarge_use1-az1': 50, 'r4.xlarge_use1-az2': 50, 'r4.xlarge_use1-az3': 50, 'r4.xlarge_use1-az4': 50, 'r4.xlarge_use1-az5': 30, 'r4.xlarge_use1-az6': 50, 'r5.12xlarge_use1-az1': 5, 'r5.12xlarge_use1-az2': 5, 'r5.12xlarge_use1-az4': 50, 'r5.12xlarge_use1-az5': 5, 'r5.12xlarge_use1-az6': 5, 'r5.16xlarge_use1-az1': 5, 'r5.16xlarge_use1-az4': 35, 'r5.16xlarge_use1-az5': 30, 'r5.16xlarge_use1-az6': 5, 'r5.24xlarge_use1-az4': 15, 'r5.24xlarge_use1-az5': 5, 'r5.24xlarge_use1-az6': 5, 'r5.2xlarge_use1-az1': 50, 'r5.2xlarge_use1-az2': 50, 'r5.2xlarge_use1-az4': 50, 'r5.2xlarge_use1-az5': 5, 'r5.2xlarge_use1-az6': 50, 'r5.4xlarge_use1-az1': 50, 'r5.4xlarge_use1-az2': 50, 'r5.4xlarge_use1-az4': 50, 'r5.4xlarge_use1-az5': 5, 'r5.4xlarge_use1-az6': 50, 'r5.8xlarge_use1-az1': 50, 'r5.8xlarge_use1-az2': 50, 'r5.8xlarge_use1-az4': 50, 'r5.8xlarge_use1-az5': 5, 'r5.8xlarge_use1-az6': 5, 'r5.large_use1-az1': 50, 'r5.large_use1-az2': 50, 'r5.large_use1-az4': 50, 'r5.large_use1-az5': 50, 'r5.large_use1-az6': 50, 'r5.xlarge_use1-az1': 50, 'r5.xlarge_use1-az2': 50, 'r5.xlarge_use1-az4': 50, 'r5.xlarge_use1-az5': 50, 'r5.xlarge_use1-az6': 50, 'r5a.12xlarge_use1-az1': 1, 'r5a.12xlarge_use1-az2': 1, 'r5a.12xlarge_use1-az4': 5, 'r5a.12xlarge_use1-az6': 5, 'r5a.16xlarge_use1-az1': 10, 'r5a.16xlarge_use1-az2': 10, 'r5a.16xlarge_use1-az4': 10, 'r5a.16xlarge_use1-az5': 5, 'r5a.16xlarge_use1-az6': 5, 'r5a.24xlarge_use1-az1': 5, 'r5a.24xlarge_use1-az2': 15, 'r5a.24xlarge_use1-az4': 10, 'r5a.24xlarge_use1-az5': 1, 'r5a.24xlarge_use1-az6': 10, 'r5a.2xlarge_use1-az1': 10, 'r5a.2xlarge_use1-az2': 20, 'r5a.2xlarge_use1-az4': 35, 'r5a.2xlarge_use1-az5': 5, 'r5a.2xlarge_use1-az6': 30, 'r5a.4xlarge_use1-az1': 25, 'r5a.4xlarge_use1-az2': 50, 'r5a.4xlarge_use1-az4': 50, 'r5a.4xlarge_use1-az5': 5, 'r5a.4xlarge_use1-az6': 50, 'r5a.8xlarge_use1-az1': 25, 'r5a.8xlarge_use1-az2': 10, 'r5a.8xlarge_use1-az4': 15, 'r5a.8xlarge_use1-az5': 30, 'r5a.8xlarge_use1-az6': 20, 'r5a.large_use1-az1': 50, 'r5a.large_use1-az2': 50, 'r5a.large_use1-az4': 50, 'r5a.large_use1-az5': 25, 'r5a.large_use1-az6': 50, 'r5a.xlarge_use1-az1': 20, 'r5a.xlarge_use1-az2': 50, 'r5a.xlarge_use1-az4': 50, 'r5a.xlarge_use1-az5': 5, 'r5a.xlarge_use1-az6': 50, 'r5ad.12xlarge_use1-az2': 1, 'r5ad.16xlarge_use1-az2': 50, 'r5ad.16xlarge_use1-az4': 10, 'r5ad.16xlarge_use1-az5': 1, 'r5ad.16xlarge_use1-az6': 10, 'r5ad.24xlarge_use1-az2': 25, 'r5ad.24xlarge_use1-az4': 1, 'r5ad.24xlarge_use1-az6': 10, 'r5ad.4xlarge_use1-az1': 1, 'r5ad.4xlarge_use1-az2': 10, 'r5ad.4xlarge_use1-az5': 1, 'r5ad.8xlarge_use1-az2': 5, 'r5ad.8xlarge_use1-az4': 20, 'r5ad.8xlarge_use1-az5': 1, 'r5ad.8xlarge_use1-az6': 10, 'r5ad.large_use1-az1': 1, 'r5ad.large_use1-az2': 30, 'r5ad.large_use1-az4': 10, 'r5ad.large_use1-az5': 5, 'r5ad.large_use1-az6': 10, 'r5ad.xlarge_use1-az1': 1, 'r5ad.xlarge_use1-az2': 10, 'r5ad.xlarge_use1-az5': 1, 'r5b.12xlarge_use1-az1': 5, 'r5b.12xlarge_use1-az4': 5, 'r5b.16xlarge_use1-az2': 5, 'r5b.16xlarge_use1-az4': 5, 'r5b.16xlarge_use1-az6': 5, 'r5b.24xlarge_use1-az4': 5, 'r5b.24xlarge_use1-az6': 1, 'r5b.8xlarge_use1-az1': 5, 'r5b.large_use1-az1': 1, 'r5b.large_use1-az2': 5, 'r5b.large_use1-az4': 10, 'r5b.large_use1-az6': 5, 'r5b.xlarge_use1-az1': 1, 'r5b.xlarge_use1-az2': 1, 'r5b.xlarge_use1-az4': 5, 'r5b.xlarge_use1-az6': 1, 'r5d.12xlarge_use1-az1': 1, 'r5d.12xlarge_use1-az2': 5, 'r5d.12xlarge_use1-az4': 10, 'r5d.12xlarge_use1-az6': 1, 'r5d.16xlarge_use1-az1': 5, 'r5d.16xlarge_use1-az2': 50, 'r5d.16xlarge_use1-az4': 50, 'r5d.16xlarge_use1-az5': 10, 'r5d.16xlarge_use1-az6': 50, 'r5d.24xlarge_use1-az1': 1, 'r5d.24xlarge_use1-az2': 1, 'r5d.24xlarge_use1-az4': 10, 'r5d.24xlarge_use1-az5': 1, 'r5d.24xlarge_use1-az6': 10, 'r5d.2xlarge_use1-az2': 15, 'r5d.2xlarge_use1-az5': 1, 'r5d.4xlarge_use1-az1': 5, 'r5d.4xlarge_use1-az2': 20, 'r5d.4xlarge_use1-az4': 45, 'r5d.4xlarge_use1-az5': 5, 'r5d.4xlarge_use1-az6': 25, 'r5d.8xlarge_use1-az1': 5, 'r5d.8xlarge_use1-az2': 15, 'r5d.8xlarge_use1-az4': 15, 'r5d.8xlarge_use1-az5': 5, 'r5d.8xlarge_use1-az6': 50, 'r5d.large_use1-az1': 10, 'r5d.large_use1-az2': 50, 'r5d.large_use1-az4': 50, 'r5d.large_use1-az5': 5, 'r5d.large_use1-az6': 50, 'r5dn.12xlarge_use1-az1': 1, 'r5dn.12xlarge_use1-az2': 1, 'r5dn.12xlarge_use1-az4': 1, 'r5dn.12xlarge_use1-az5': 1, 'r5dn.12xlarge_use1-az6': 1, 'r5dn.16xlarge_use1-az1': 5, 'r5dn.16xlarge_use1-az2': 5, 'r5dn.16xlarge_use1-az4': 15, 'r5dn.16xlarge_use1-az5': 10, 'r5dn.16xlarge_use1-az6': 30, 'r5dn.24xlarge_use1-az2': 5, 'r5dn.24xlarge_use1-az4': 10, 'r5dn.24xlarge_use1-az5': 1, 'r5dn.24xlarge_use1-az6': 25, 'r5dn.2xlarge_use1-az2': 45, 'r5dn.4xlarge_use1-az1': 5, 'r5dn.4xlarge_use1-az2': 25, 'r5dn.4xlarge_use1-az4': 45, 'r5dn.4xlarge_use1-az5': 5, 'r5dn.4xlarge_use1-az6': 20, 'r5dn.8xlarge_use1-az1': 1, 'r5dn.8xlarge_use1-az2': 5, 'r5dn.8xlarge_use1-az4': 5, 'r5dn.8xlarge_use1-az5': 5, 'r5dn.8xlarge_use1-az6': 50, 'r5dn.large_use1-az1': 50, 'r5dn.large_use1-az2': 50, 'r5dn.large_use1-az4': 50, 'r5dn.large_use1-az5': 50, 'r5dn.large_use1-az6': 50, 'r5dn.xlarge_use1-az5': 15, 'r5n.12xlarge_use1-az2': 1, 'r5n.12xlarge_use1-az4': 1, 'r5n.12xlarge_use1-az6': 1, 'r5n.16xlarge_use1-az1': 1, 'r5n.16xlarge_use1-az2': 10, 'r5n.16xlarge_use1-az4': 35, 'r5n.16xlarge_use1-az5': 1, 'r5n.16xlarge_use1-az6': 20, 'r5n.2xlarge_use1-az1': 5, 'r5n.2xlarge_use1-az2': 5, 'r5n.2xlarge_use1-az5': 1, 'r5n.2xlarge_use1-az6': 1, 'r5n.4xlarge_use1-az1': 5, 'r5n.4xlarge_use1-az2': 25, 'r5n.4xlarge_use1-az4': 15, 'r5n.4xlarge_use1-az6': 35, 'r5n.8xlarge_use1-az1': 10, 'r5n.8xlarge_use1-az2': 20, 'r5n.8xlarge_use1-az4': 35, 'r5n.8xlarge_use1-az6': 15, 'r5n.large_use1-az1': 20, 'r5n.large_use1-az2': 50, 'r5n.large_use1-az4': 50, 'r5n.large_use1-az5': 10, 'r5n.large_use1-az6': 30, 'r5n.xlarge_use1-az1': 1, 'r5n.xlarge_use1-az2': 10, 'r5n.xlarge_use1-az4': 15, 'r5n.xlarge_use1-az5': 1, 'r5n.xlarge_use1-az6': 20, 'r6a.12xlarge_use1-az1': 1, 'r6a.12xlarge_use1-az2': 10, 'r6a.12xlarge_use1-az4': 5, 'r6a.12xlarge_use1-az6': 10, 'r6a.16xlarge_use1-az1': 5, 'r6a.16xlarge_use1-az2': 15, 'r6a.16xlarge_use1-az4': 30, 'r6a.16xlarge_use1-az5': 15, 'r6a.16xlarge_use1-az6': 40, 'r6a.24xlarge_use1-az2': 5, 'r6a.24xlarge_use1-az4': 1, 'r6a.24xlarge_use1-az5': 1, 'r6a.24xlarge_use1-az6': 5, 'r6a.2xlarge_use1-az1': 50, 'r6a.2xlarge_use1-az2': 50, 'r6a.2xlarge_use1-az4': 40, 'r6a.2xlarge_use1-az5': 1, 'r6a.2xlarge_use1-az6': 50, 'r6a.32xlarge_use1-az2': 5, 'r6a.32xlarge_use1-az4': 5, 'r6a.32xlarge_use1-az5': 5, 'r6a.32xlarge_use1-az6': 5, 'r6a.48xlarge_use1-az2': 5, 'r6a.48xlarge_use1-az4': 5, 'r6a.48xlarge_use1-az5': 5, 'r6a.48xlarge_use1-az6': 1, 'r6a.4xlarge_use1-az1': 50, 'r6a.4xlarge_use1-az2': 50, 'r6a.4xlarge_use1-az4': 50, 'r6a.4xlarge_use1-az5': 40, 'r6a.4xlarge_use1-az6': 50, 'r6a.8xlarge_use1-az1': 20, 'r6a.8xlarge_use1-az2': 50, 'r6a.8xlarge_use1-az4': 50, 'r6a.8xlarge_use1-az5': 50, 'r6a.8xlarge_use1-az6': 50, 'r6a.large_use1-az1': 50, 'r6a.large_use1-az2': 50, 'r6a.large_use1-az4': 50, 'r6a.large_use1-az5': 50, 'r6a.large_use1-az6': 50, 'r6a.xlarge_use1-az1': 50, 'r6a.xlarge_use1-az2': 50, 'r6a.xlarge_use1-az4': 50, 'r6a.xlarge_use1-az5': 50, 'r6a.xlarge_use1-az6': 50, 'r6g.12xlarge_use1-az2': 50, 'r6g.12xlarge_use1-az4': 45, 'r6g.12xlarge_use1-az5': 10, 'r6g.12xlarge_use1-az6': 50, 'r6g.16xlarge_use1-az1': 1, 'r6g.16xlarge_use1-az2': 50, 'r6g.16xlarge_use1-az4': 50, 'r6g.16xlarge_use1-az5': 50, 'r6g.16xlarge_use1-az6': 50, 'r6g.2xlarge_use1-az1': 1, 'r6g.2xlarge_use1-az2': 25, 'r6g.2xlarge_use1-az4': 40, 'r6g.2xlarge_use1-az5': 10, 'r6g.2xlarge_use1-az6': 50, 'r6g.4xlarge_use1-az1': 10, 'r6g.4xlarge_use1-az2': 50, 'r6g.4xlarge_use1-az4': 50, 'r6g.4xlarge_use1-az5': 50, 'r6g.4xlarge_use1-az6': 50, 'r6g.8xlarge_use1-az1': 1, 'r6g.8xlarge_use1-az2': 10, 'r6g.8xlarge_use1-az4': 50, 'r6g.8xlarge_use1-az5': 50, 'r6g.8xlarge_use1-az6': 50, 'r6g.large_use1-az1': 10, 'r6g.large_use1-az2': 40, 'r6g.large_use1-az4': 50, 'r6g.large_use1-az5': 5, 'r6g.large_use1-az6': 50, 'r6g.medium_use1-az1': 1, 'r6g.medium_use1-az2': 10, 'r6g.medium_use1-az4': 15, 'r6g.medium_use1-az5': 15, 'r6g.medium_use1-az6': 35, 'r6g.xlarge_use1-az1': 1, 'r6g.xlarge_use1-az2': 50, 'r6g.xlarge_use1-az4': 50, 'r6g.xlarge_use1-az5': 50, 'r6g.xlarge_use1-az6': 50, 'r6gd.12xlarge_use1-az1': 1, 'r6gd.12xlarge_use1-az2': 5, 'r6gd.12xlarge_use1-az4': 10, 'r6gd.12xlarge_use1-az5': 1, 'r6gd.12xlarge_use1-az6': 10, 'r6gd.16xlarge_use1-az1': 5, 'r6gd.16xlarge_use1-az2': 5, 'r6gd.16xlarge_use1-az4': 50, 'r6gd.16xlarge_use1-az5': 1, 'r6gd.16xlarge_use1-az6': 45, 'r6gd.2xlarge_use1-az1': 1, 'r6gd.2xlarge_use1-az2': 20, 'r6gd.2xlarge_use1-az4': 30, 'r6gd.2xlarge_use1-az5': 1, 'r6gd.2xlarge_use1-az6': 1, 'r6gd.4xlarge_use1-az1': 5, 'r6gd.4xlarge_use1-az2': 20, 'r6gd.4xlarge_use1-az4': 50, 'r6gd.4xlarge_use1-az5': 1, 'r6gd.4xlarge_use1-az6': 25, 'r6gd.8xlarge_use1-az1': 1, 'r6gd.8xlarge_use1-az2': 10, 'r6gd.8xlarge_use1-az4': 20, 'r6gd.8xlarge_use1-az5': 1, 'r6gd.8xlarge_use1-az6': 30, 'r6gd.large_use1-az1': 50, 'r6gd.large_use1-az2': 50, 'r6gd.large_use1-az4': 50, 'r6gd.large_use1-az5': 50, 'r6gd.large_use1-az6': 50, 'r6gd.medium_use1-az1': 5, 'r6gd.medium_use1-az2': 1, 'r6gd.medium_use1-az4': 5, 'r6gd.medium_use1-az5': 5, 'r6gd.medium_use1-az6': 1, 'r6gd.xlarge_use1-az1': 1, 'r6gd.xlarge_use1-az2': 1, 'r6gd.xlarge_use1-az4': 5, 'r6gd.xlarge_use1-az6': 10, 'r6i.12xlarge_use1-az1': 5, 'r6i.12xlarge_use1-az2': 5, 'r6i.12xlarge_use1-az4': 5, 'r6i.12xlarge_use1-az5': 1, 'r6i.12xlarge_use1-az6': 10, 'r6i.16xlarge_use1-az1': 1, 'r6i.16xlarge_use1-az2': 1, 'r6i.16xlarge_use1-az4': 10, 'r6i.16xlarge_use1-az5': 10, 'r6i.16xlarge_use1-az6': 1, 'r6i.24xlarge_use1-az4': 10, 'r6i.24xlarge_use1-az5': 1, 'r6i.24xlarge_use1-az6': 5, 'r6i.2xlarge_use1-az1': 15, 'r6i.2xlarge_use1-az2': 35, 'r6i.2xlarge_use1-az4': 50, 'r6i.2xlarge_use1-az5': 5, 'r6i.2xlarge_use1-az6': 50, 'r6i.32xlarge_use1-az4': 1, 'r6i.32xlarge_use1-az5': 1, 'r6i.32xlarge_use1-az6': 1, 'r6i.4xlarge_use1-az1': 30, 'r6i.4xlarge_use1-az2': 20, 'r6i.4xlarge_use1-az4': 20, 'r6i.4xlarge_use1-az5': 10, 'r6i.4xlarge_use1-az6': 40, 'r6i.8xlarge_use1-az1': 5, 'r6i.8xlarge_use1-az2': 10, 'r6i.8xlarge_use1-az4': 10, 'r6i.8xlarge_use1-az5': 5, 'r6i.8xlarge_use1-az6': 10, 'r6i.large_use1-az1': 20, 'r6i.large_use1-az2': 50, 'r6i.large_use1-az4': 50, 'r6i.large_use1-az5': 20, 'r6i.large_use1-az6': 50, 'r6i.xlarge_use1-az1': 15, 'r6i.xlarge_use1-az2': 45, 'r6i.xlarge_use1-az4': 50, 'r6i.xlarge_use1-az5': 10, 'r6i.xlarge_use1-az6': 50, 'r6id.12xlarge_use1-az1': 1, 'r6id.12xlarge_use1-az2': 5, 'r6id.12xlarge_use1-az4': 1, 'r6id.12xlarge_use1-az6': 5, 'r6id.16xlarge_use1-az1': 5, 'r6id.16xlarge_use1-az2': 5, 'r6id.16xlarge_use1-az4': 15, 'r6id.16xlarge_use1-az5': 1, 'r6id.16xlarge_use1-az6': 20, 'r6id.24xlarge_use1-az1': 10, 'r6id.24xlarge_use1-az2': 10, 'r6id.24xlarge_use1-az4': 5, 'r6id.24xlarge_use1-az5': 15, 'r6id.24xlarge_use1-az6': 25, 'r6id.2xlarge_use1-az1': 5, 'r6id.2xlarge_use1-az2': 1, 'r6id.2xlarge_use1-az4': 10, 'r6id.2xlarge_use1-az5': 1, 'r6id.2xlarge_use1-az6': 10, 'r6id.32xlarge_use1-az1': 1, 'r6id.32xlarge_use1-az2': 5, 'r6id.32xlarge_use1-az4': 1, 'r6id.32xlarge_use1-az5': 1, 'r6id.32xlarge_use1-az6': 10, 'r6id.4xlarge_use1-az1': 40, 'r6id.4xlarge_use1-az2': 50, 'r6id.4xlarge_use1-az4': 10, 'r6id.4xlarge_use1-az5': 20, 'r6id.4xlarge_use1-az6': 35, 'r6id.8xlarge_use1-az1': 1, 'r6id.8xlarge_use1-az2': 1, 'r6id.8xlarge_use1-az4': 5, 'r6id.8xlarge_use1-az5': 1, 'r6id.8xlarge_use1-az6': 5, 'r6id.large_use1-az1': 15, 'r6id.large_use1-az2': 10, 'r6id.large_use1-az4': 5, 'r6id.large_use1-az5': 15, 'r6id.large_use1-az6': 30, 'r6id.xlarge_use1-az1': 5, 'r6id.xlarge_use1-az2': 15, 'r6id.xlarge_use1-az4': 10, 'r6id.xlarge_use1-az5': 15, 'r6id.xlarge_use1-az6': 15, 'r6idn.16xlarge_use1-az4': 1, 'r6idn.16xlarge_use1-az5': 1, 'r6idn.16xlarge_use1-az6': 1, 'r6idn.24xlarge_use1-az6': 1, 'r6idn.2xlarge_use1-az1': 1, 'r6idn.2xlarge_use1-az2': 1, 'r6idn.2xlarge_use1-az4': 5, 'r6idn.2xlarge_use1-az5': 1, 'r6idn.2xlarge_use1-az6': 5, 'r6idn.32xlarge_use1-az6': 1, 'r6idn.4xlarge_use1-az1': 15, 'r6idn.4xlarge_use1-az2': 15, 'r6idn.4xlarge_use1-az4': 15, 'r6idn.4xlarge_use1-az5': 5, 'r6idn.4xlarge_use1-az6': 10, 'r6idn.8xlarge_use1-az2': 1, 'r6idn.8xlarge_use1-az4': 1, 'r6idn.8xlarge_use1-az6': 5, 'r6idn.large_use1-az1': 1, 'r6idn.large_use1-az2': 1, 'r6idn.large_use1-az4': 5, 'r6idn.large_use1-az5': 5, 'r6idn.large_use1-az6': 5, 'r6idn.xlarge_use1-az1': 5, 'r6idn.xlarge_use1-az2': 1, 'r6idn.xlarge_use1-az4': 5, 'r6idn.xlarge_use1-az5': 1, 'r6idn.xlarge_use1-az6': 5, 'r6in.12xlarge_use1-az1': 1, 'r6in.12xlarge_use1-az6': 5, 'r6in.16xlarge_use1-az4': 1, 'r6in.16xlarge_use1-az5': 1, 'r6in.16xlarge_use1-az6': 5, 'r6in.24xlarge_use1-az6': 1, 'r6in.2xlarge_use1-az1': 1, 'r6in.2xlarge_use1-az2': 1, 'r6in.2xlarge_use1-az4': 1, 'r6in.2xlarge_use1-az5': 1, 'r6in.2xlarge_use1-az6': 1, 'r6in.4xlarge_use1-az1': 5, 'r6in.4xlarge_use1-az2': 20, 'r6in.4xlarge_use1-az4': 15, 'r6in.4xlarge_use1-az5': 20, 'r6in.4xlarge_use1-az6': 20, 'r6in.8xlarge_use1-az1': 5, 'r6in.8xlarge_use1-az4': 1, 'r6in.8xlarge_use1-az6': 5, 'r6in.large_use1-az1': 45, 'r6in.large_use1-az2': 50, 'r6in.large_use1-az4': 50, 'r6in.large_use1-az5': 40, 'r6in.large_use1-az6': 50, 'r6in.xlarge_use1-az1': 1, 'r6in.xlarge_use1-az2': 1, 'r6in.xlarge_use1-az4': 1, 'r6in.xlarge_use1-az5': 1, 'r6in.xlarge_use1-az6': 1, 'r7a.12xlarge_use1-az1': 1, 'r7a.12xlarge_use1-az2': 1, 'r7a.12xlarge_use1-az4': 5, 'r7a.12xlarge_use1-az6': 20, 'r7a.16xlarge_use1-az1': 1, 'r7a.16xlarge_use1-az2': 15, 'r7a.16xlarge_use1-az4': 30, 'r7a.16xlarge_use1-az6': 50, 'r7a.24xlarge_use1-az2': 10, 'r7a.24xlarge_use1-az4': 10, 'r7a.24xlarge_use1-az6': 35, 'r7a.2xlarge_use1-az1': 1, 'r7a.2xlarge_use1-az2': 5, 'r7a.2xlarge_use1-az4': 25, 'r7a.2xlarge_use1-az6': 1, 'r7a.32xlarge_use1-az2': 1, 'r7a.32xlarge_use1-az4': 1, 'r7a.32xlarge_use1-az6': 50, 'r7a.48xlarge_use1-az2': 5, 'r7a.48xlarge_use1-az4': 5, 'r7a.48xlarge_use1-az6': 50, 'r7a.4xlarge_use1-az1': 5, 'r7a.4xlarge_use1-az2': 25, 'r7a.4xlarge_use1-az4': 50, 'r7a.4xlarge_use1-az6': 50, 'r7a.8xlarge_use1-az1': 5, 'r7a.8xlarge_use1-az2': 20, 'r7a.8xlarge_use1-az4': 50, 'r7a.8xlarge_use1-az6': 50, 'r7a.large_use1-az1': 50, 'r7a.large_use1-az2': 50, 'r7a.large_use1-az4': 50, 'r7a.large_use1-az6': 50, 'r7a.medium_use1-az1': 10, 'r7a.medium_use1-az2': 25, 'r7a.medium_use1-az4': 50, 'r7a.medium_use1-az6': 50, 'r7a.xlarge_use1-az1': 20, 'r7a.xlarge_use1-az2': 50, 'r7a.xlarge_use1-az4': 50, 'r7a.xlarge_use1-az6': 25, 'r7g.12xlarge_use1-az1': 1, 'r7g.12xlarge_use1-az2': 5, 'r7g.12xlarge_use1-az4': 50, 'r7g.12xlarge_use1-az5': 1, 'r7g.12xlarge_use1-az6': 5, 'r7g.16xlarge_use1-az1': 5, 'r7g.16xlarge_use1-az2': 30, 'r7g.16xlarge_use1-az4': 50, 'r7g.16xlarge_use1-az5': 5, 'r7g.16xlarge_use1-az6': 50, 'r7g.2xlarge_use1-az1': 5, 'r7g.2xlarge_use1-az2': 10, 'r7g.2xlarge_use1-az4': 50, 'r7g.2xlarge_use1-az5': 5, 'r7g.2xlarge_use1-az6': 15, 'r7g.4xlarge_use1-az1': 5, 'r7g.4xlarge_use1-az2': 5, 'r7g.4xlarge_use1-az4': 50, 'r7g.4xlarge_use1-az5': 5, 'r7g.4xlarge_use1-az6': 15, 'r7g.8xlarge_use1-az1': 1, 'r7g.8xlarge_use1-az2': 50, 'r7g.8xlarge_use1-az4': 50, 'r7g.8xlarge_use1-az5': 50, 'r7g.8xlarge_use1-az6': 50, 'r7g.large_use1-az1': 20, 'r7g.large_use1-az2': 50, 'r7g.large_use1-az4': 50, 'r7g.large_use1-az5': 40, 'r7g.large_use1-az6': 40, 'r7g.medium_use1-az1': 50, 'r7g.medium_use1-az2': 50, 'r7g.medium_use1-az4': 50, 'r7g.medium_use1-az5': 25, 'r7g.medium_use1-az6': 50, 'r7g.xlarge_use1-az1': 50, 'r7g.xlarge_use1-az2': 50, 'r7g.xlarge_use1-az4': 50, 'r7g.xlarge_use1-az5': 10, 'r7g.xlarge_use1-az6': 50, 'r7gd.12xlarge_use1-az1': 1, 'r7gd.12xlarge_use1-az2': 10, 'r7gd.12xlarge_use1-az4': 35, 'r7gd.12xlarge_use1-az5': 10, 'r7gd.12xlarge_use1-az6': 50, 'r7gd.16xlarge_use1-az1': 5, 'r7gd.16xlarge_use1-az2': 50, 'r7gd.16xlarge_use1-az4': 50, 'r7gd.16xlarge_use1-az5': 50, 'r7gd.16xlarge_use1-az6': 50, 'r7gd.2xlarge_use1-az1': 5, 'r7gd.2xlarge_use1-az2': 25, 'r7gd.2xlarge_use1-az4': 25, 'r7gd.2xlarge_use1-az5': 40, 'r7gd.2xlarge_use1-az6': 50, 'r7gd.4xlarge_use1-az1': 1, 'r7gd.4xlarge_use1-az2': 20, 'r7gd.4xlarge_use1-az4': 25, 'r7gd.4xlarge_use1-az5': 30, 'r7gd.4xlarge_use1-az6': 50, 'r7gd.8xlarge_use1-az1': 1, 'r7gd.8xlarge_use1-az2': 10, 'r7gd.8xlarge_use1-az4': 30, 'r7gd.8xlarge_use1-az5': 20, 'r7gd.8xlarge_use1-az6': 50, 'r7gd.large_use1-az1': 15, 'r7gd.large_use1-az2': 10, 'r7gd.large_use1-az4': 50, 'r7gd.large_use1-az5': 15, 'r7gd.large_use1-az6': 35, 'r7gd.medium_use1-az1': 35, 'r7gd.medium_use1-az2': 15, 'r7gd.medium_use1-az4': 25, 'r7gd.medium_use1-az5': 15, 'r7gd.medium_use1-az6': 20, 'r7gd.xlarge_use1-az1': 1, 'r7gd.xlarge_use1-az2': 10, 'r7gd.xlarge_use1-az4': 25, 'r7gd.xlarge_use1-az5': 10, 'r7gd.xlarge_use1-az6': 50, 'r7i.12xlarge_use1-az4': 1, 'r7i.12xlarge_use1-az6': 10, 'r7i.16xlarge_use1-az1': 5, 'r7i.16xlarge_use1-az2': 15, 'r7i.16xlarge_use1-az4': 45, 'r7i.16xlarge_use1-az5': 5, 'r7i.16xlarge_use1-az6': 50, 'r7i.24xlarge_use1-az1': 1, 'r7i.24xlarge_use1-az2': 1, 'r7i.24xlarge_use1-az4': 5, 'r7i.24xlarge_use1-az5': 5, 'r7i.24xlarge_use1-az6': 5, 'r7i.2xlarge_use1-az1': 5, 'r7i.2xlarge_use1-az2': 5, 'r7i.2xlarge_use1-az4': 10, 'r7i.2xlarge_use1-az5': 5, 'r7i.2xlarge_use1-az6': 50, 'r7i.48xlarge_use1-az2': 1, 'r7i.48xlarge_use1-az4': 5, 'r7i.48xlarge_use1-az5': 1, 'r7i.48xlarge_use1-az6': 5, 'r7i.4xlarge_use1-az1': 5, 'r7i.4xlarge_use1-az2': 20, 'r7i.4xlarge_use1-az4': 10, 'r7i.4xlarge_use1-az5': 1, 'r7i.4xlarge_use1-az6': 50, 'r7i.8xlarge_use1-az1': 5, 'r7i.8xlarge_use1-az2': 25, 'r7i.8xlarge_use1-az4': 25, 'r7i.8xlarge_use1-az5': 5, 'r7i.8xlarge_use1-az6': 50, 'r7i.large_use1-az1': 15, 'r7i.large_use1-az2': 50, 'r7i.large_use1-az4': 50, 'r7i.large_use1-az5': 15, 'r7i.large_use1-az6': 50, 'r7i.xlarge_use1-az1': 5, 'r7i.xlarge_use1-az2': 15, 'r7i.xlarge_use1-az4': 10, 'r7i.xlarge_use1-az5': 15, 'r7i.xlarge_use1-az6': 50, 'r8g.12xlarge_use1-az2': 5, 'r8g.12xlarge_use1-az4': 5, 'r8g.12xlarge_use1-az6': 15, 'r8g.16xlarge_use1-az1': 1, 'r8g.16xlarge_use1-az2': 50, 'r8g.16xlarge_use1-az4': 50, 'r8g.16xlarge_use1-az5': 5, 'r8g.16xlarge_use1-az6': 50, 'r8g.24xlarge_use1-az2': 10, 'r8g.24xlarge_use1-az4': 5, 'r8g.24xlarge_use1-az5': 5, 'r8g.24xlarge_use1-az6': 35, 'r8g.2xlarge_use1-az2': 5, 'r8g.2xlarge_use1-az4': 5, 'r8g.2xlarge_use1-az5': 1, 'r8g.2xlarge_use1-az6': 5, 'r8g.48xlarge_use1-az2': 1, 'r8g.48xlarge_use1-az4': 5, 'r8g.48xlarge_use1-az6': 5, 'r8g.4xlarge_use1-az2': 10, 'r8g.4xlarge_use1-az4': 35, 'r8g.4xlarge_use1-az5': 5, 'r8g.4xlarge_use1-az6': 50, 'r8g.8xlarge_use1-az2': 40, 'r8g.8xlarge_use1-az4': 15, 'r8g.8xlarge_use1-az5': 1, 'r8g.8xlarge_use1-az6': 50, 'r8g.large_use1-az1': 5, 'r8g.large_use1-az2': 30, 'r8g.large_use1-az4': 15, 'r8g.large_use1-az5': 10, 'r8g.large_use1-az6': 20, 'r8g.medium_use1-az1': 15, 'r8g.medium_use1-az2': 30, 'r8g.medium_use1-az4': 20, 'r8g.medium_use1-az5': 5, 'r8g.medium_use1-az6': 15, 'r8g.xlarge_use1-az1': 1, 'r8g.xlarge_use1-az2': 10, 'r8g.xlarge_use1-az4': 5, 'r8g.xlarge_use1-az5': 5, 'r8g.xlarge_use1-az6': 10, 'r8gb.24xlarge_use1-az6': 1, 'r8gb.2xlarge_use1-az2': 1, 'r8gb.2xlarge_use1-az4': 1, 'r8gb.2xlarge_use1-az6': 1, 'r8gb.large_use1-az2': 20, 'r8gb.large_use1-az4': 15, 'r8gb.large_use1-az6': 25, 'r8gb.medium_use1-az2': 50, 'r8gb.metal-24xl_use1-az6': 1, 'r8gb.xlarge_use1-az2': 5, 'r8gb.xlarge_use1-az4': 5, 'r8gb.xlarge_use1-az6': 5, 'r8gd.12xlarge_use1-az5': 1, 'r8gd.12xlarge_use1-az6': 1, 'r8gd.16xlarge_use1-az2': 1, 'r8gd.16xlarge_use1-az4': 1, 'r8gd.16xlarge_use1-az5': 1, 'r8gd.16xlarge_use1-az6': 15, 'r8gd.24xlarge_use1-az2': 1, 'r8gd.24xlarge_use1-az5': 1, 'r8gd.24xlarge_use1-az6': 25, 'r8gd.2xlarge_use1-az2': 25, 'r8gd.2xlarge_use1-az4': 30, 'r8gd.2xlarge_use1-az6': 50, 'r8gd.48xlarge_use1-az6': 50, 'r8gd.4xlarge_use1-az1': 1, 'r8gd.4xlarge_use1-az2': 20, 'r8gd.4xlarge_use1-az5': 1, 'r8gd.4xlarge_use1-az6': 15, 'r8gd.8xlarge_use1-az2': 5, 'r8gd.8xlarge_use1-az4': 1, 'r8gd.8xlarge_use1-az5': 1, 'r8gd.8xlarge_use1-az6': 1, 'r8gd.large_use1-az2': 50, 'r8gd.large_use1-az5': 1, 'r8gd.large_use1-az6': 50, 'r8gd.medium_use1-az1': 5, 'r8gd.medium_use1-az2': 5, 'r8gd.medium_use1-az4': 5, 'r8gd.medium_use1-az5': 10, 'r8gd.metal-24xl_use1-az6': 1, 'r8gd.metal-48xl_use1-az6': 1, 'r8gd.xlarge_use1-az2': 25, 'r8gd.xlarge_use1-az4': 1, 'r8gd.xlarge_use1-az5': 50, 'r8gd.xlarge_use1-az6': 40, 'r8gn.16xlarge_use1-az6': 1, 'r8gn.24xlarge_use1-az2': 1, 'r8gn.2xlarge_use1-az2': 1, 'r8gn.2xlarge_use1-az4': 1, 'r8gn.2xlarge_use1-az6': 1, 'r8gn.48xlarge_use1-az6': 1, 'r8gn.4xlarge_use1-az6': 5, 'r8gn.8xlarge_use1-az2': 1, 'r8gn.8xlarge_use1-az6': 5, 'r8gn.large_use1-az2': 20, 'r8gn.large_use1-az4': 15, 'r8gn.large_use1-az6': 20, 'r8gn.medium_use1-az2': 35, 'r8gn.medium_use1-az4': 40, 'r8gn.metal-24xl_use1-az2': 1, 'r8gn.metal-24xl_use1-az6': 1, 'r8gn.xlarge_use1-az2': 1, 'r8gn.xlarge_use1-az4': 5, 'r8gn.xlarge_use1-az6': 10, 'r8i-flex.2xlarge_use1-az2': 1, 'r8i-flex.2xlarge_use1-az6': 5, 'r8i-flex.4xlarge_use1-az2': 1, 'r8i-flex.4xlarge_use1-az6': 1, 'r8i-flex.large_use1-az2': 1, 'r8i-flex.large_use1-az6': 5, 'r8i-flex.xlarge_use1-az2': 5, 'r8i-flex.xlarge_use1-az6': 1, 'r8i.12xlarge_use1-az2': 1, 'r8i.12xlarge_use1-az6': 1, 'r8i.16xlarge_use1-az2': 1, 'r8i.16xlarge_use1-az6': 1, 'r8i.24xlarge_use1-az6': 1, 'r8i.2xlarge_use1-az2': 5, 'r8i.2xlarge_use1-az6': 5, 'r8i.32xlarge_use1-az2': 1, 'r8i.32xlarge_use1-az6': 1, 'r8i.48xlarge_use1-az2': 1, 'r8i.48xlarge_use1-az6': 1, 'r8i.4xlarge_use1-az2': 1, 'r8i.4xlarge_use1-az6': 5, 'r8i.8xlarge_use1-az2': 1, 'r8i.8xlarge_use1-az6': 5, 'r8i.96xlarge_use1-az2': 1, 'r8i.96xlarge_use1-az6': 1, 'r8i.large_use1-az2': 20, 'r8i.large_use1-az6': 20, 'r8i.xlarge_use1-az2': 5, 'r8i.xlarge_use1-az6': 5, 't2.2xlarge_use1-az1': 50, 't2.2xlarge_use1-az2': 50, 't2.2xlarge_use1-az3': 15, 't2.2xlarge_use1-az4': 50, 't2.2xlarge_use1-az5': 50, 't2.2xlarge_use1-az6': 50, 't2.large_use1-az1': 20, 't2.large_use1-az2': 50, 't2.large_use1-az3': 50, 't2.large_use1-az4': 50, 't2.large_use1-az5': 25, 't2.large_use1-az6': 50, 't2.medium_use1-az1': 50, 't2.medium_use1-az2': 50, 't2.medium_use1-az3': 50, 't2.medium_use1-az4': 50, 't2.medium_use1-az5': 50, 't2.medium_use1-az6': 50, 't2.xlarge_use1-az1': 35, 't2.xlarge_use1-az2': 50, 't2.xlarge_use1-az3': 20, 't2.xlarge_use1-az4': 50, 't2.xlarge_use1-az5': 5, 't2.xlarge_use1-az6': 50, 't3.2xlarge_use1-az1': 50, 't3.2xlarge_use1-az2': 50, 't3.2xlarge_use1-az4': 50, 't3.2xlarge_use1-az5': 50, 't3.2xlarge_use1-az6': 50, 't3.large_use1-az1': 50, 't3.large_use1-az2': 50, 't3.large_use1-az4': 50, 't3.large_use1-az5': 50, 't3.large_use1-az6': 50, 't3.medium_use1-az1': 50, 't3.medium_use1-az2': 50, 't3.medium_use1-az4': 50, 't3.medium_use1-az5': 50, 't3.medium_use1-az6': 50, 't3.xlarge_use1-az1': 50, 't3.xlarge_use1-az2': 50, 't3.xlarge_use1-az4': 50, 't3.xlarge_use1-az5': 50, 't3.xlarge_use1-az6': 50, 't3a.2xlarge_use1-az1': 50, 't3a.2xlarge_use1-az2': 50, 't3a.2xlarge_use1-az4': 50, 't3a.2xlarge_use1-az5': 50, 't3a.2xlarge_use1-az6': 50, 't3a.large_use1-az1': 50, 't3a.large_use1-az2': 50, 't3a.large_use1-az4': 50, 't3a.large_use1-az5': 5, 't3a.large_use1-az6': 50, 't3a.medium_use1-az1': 50, 't3a.medium_use1-az2': 50, 't3a.medium_use1-az4': 50, 't3a.medium_use1-az5': 5, 't3a.medium_use1-az6': 50, 't3a.xlarge_use1-az1': 25, 't3a.xlarge_use1-az2': 50, 't3a.xlarge_use1-az4': 50, 't3a.xlarge_use1-az5': 15, 't3a.xlarge_use1-az6': 50, 't4g.2xlarge_use1-az1': 5, 't4g.2xlarge_use1-az2': 15, 't4g.2xlarge_use1-az4': 5, 't4g.2xlarge_use1-az5': 10, 't4g.2xlarge_use1-az6': 10, 't4g.large_use1-az1': 1, 't4g.large_use1-az2': 15, 't4g.large_use1-az4': 50, 't4g.large_use1-az5': 25, 't4g.large_use1-az6': 35, 't4g.medium_use1-az1': 1, 't4g.medium_use1-az2': 50, 't4g.medium_use1-az4': 50, 't4g.medium_use1-az5': 35, 't4g.medium_use1-az6': 50, 't4g.xlarge_use1-az1': 30, 't4g.xlarge_use1-az2': 15, 't4g.xlarge_use1-az4': 50, 't4g.xlarge_use1-az5': 5, 't4g.xlarge_use1-az6': 10, 'trn1.2xlarge_use1-az5': 5, 'trn1.2xlarge_use1-az6': 20, 'trn1.32xlarge_use1-az6': 50, 'trn1n.32xlarge_use1-az6': 50, 'vt1.3xlarge_use1-az2': 1, 'x1.16xlarge_use1-az2': 1, 'x1.16xlarge_use1-az4': 1, 'x1.16xlarge_use1-az6': 1, 'x1.32xlarge_use1-az2': 1, 'x1.32xlarge_use1-az3': 5, 'x1.32xlarge_use1-az6': 1, 'x1e.16xlarge_use1-az6': 5, 'x1e.xlarge_use1-az6': 5, 'x2gd.12xlarge_use1-az5': 5, 'x2gd.12xlarge_use1-az6': 1, 'x2gd.16xlarge_use1-az5': 1, 'x2gd.16xlarge_use1-az6': 15, 'x2gd.2xlarge_use1-az1': 5, 'x2gd.2xlarge_use1-az4': 1, 'x2gd.2xlarge_use1-az5': 5, 'x2gd.2xlarge_use1-az6': 30, 'x2gd.4xlarge_use1-az1': 1, 'x2gd.4xlarge_use1-az2': 1, 'x2gd.4xlarge_use1-az4': 5, 'x2gd.4xlarge_use1-az5': 1, 'x2gd.4xlarge_use1-az6': 35, 'x2gd.8xlarge_use1-az4': 1, 'x2gd.8xlarge_use1-az5': 1, 'x2gd.8xlarge_use1-az6': 5, 'x2gd.large_use1-az1': 35, 'x2gd.large_use1-az2': 25, 'x2gd.large_use1-az4': 15, 'x2gd.large_use1-az5': 25, 'x2gd.large_use1-az6': 50, 'x2gd.medium_use1-az1': 25, 'x2gd.medium_use1-az2': 35, 'x2gd.medium_use1-az4': 50, 'x2gd.medium_use1-az5': 50, 'x2gd.medium_use1-az6': 50, 'x2gd.xlarge_use1-az1': 5, 'x2gd.xlarge_use1-az2': 1, 'x2gd.xlarge_use1-az4': 20, 'x2gd.xlarge_use1-az5': 15, 'x2gd.xlarge_use1-az6': 25, 'x2idn.16xlarge_use1-az2': 1, 'x2idn.16xlarge_use1-az5': 1, 'x2idn.24xlarge_use1-az4': 1, 'x2idn.24xlarge_use1-az5': 1, 'x2idn.32xlarge_use1-az5': 1, 'x2iedn.24xlarge_use1-az4': 1, 'x2iedn.2xlarge_use1-az1': 1, 'x2iedn.2xlarge_use1-az5': 1, 'x2iedn.8xlarge_use1-az6': 1, 'x2iedn.xlarge_use1-az5': 1, 'x2iezn.2xlarge_use1-az2': 5, 'x2iezn.2xlarge_use1-az6': 1, 'x2iezn.6xlarge_use1-az4': 5, 'x2iezn.8xlarge_use1-az6': 1, 'x8g.12xlarge_use1-az2': 1, 'x8g.12xlarge_use1-az4': 20, 'x8g.12xlarge_use1-az6': 1, 'x8g.16xlarge_use1-az1': 1, 'x8g.16xlarge_use1-az2': 5, 'x8g.16xlarge_use1-az4': 5, 'x8g.16xlarge_use1-az6': 5, 'x8g.24xlarge_use1-az1': 1, 'x8g.24xlarge_use1-az2': 5, 'x8g.24xlarge_use1-az4': 5, 'x8g.24xlarge_use1-az6': 10, 'x8g.2xlarge_use1-az1': 5, 'x8g.2xlarge_use1-az2': 10, 'x8g.2xlarge_use1-az4': 10, 'x8g.2xlarge_use1-az6': 25, 'x8g.48xlarge_use1-az1': 1, 'x8g.48xlarge_use1-az2': 1, 'x8g.48xlarge_use1-az4': 10, 'x8g.48xlarge_use1-az6': 1, 'x8g.4xlarge_use1-az1': 1, 'x8g.4xlarge_use1-az2': 5, 'x8g.4xlarge_use1-az4': 5, 'x8g.4xlarge_use1-az6': 10, 'x8g.8xlarge_use1-az2': 15, 'x8g.8xlarge_use1-az4': 20, 'x8g.8xlarge_use1-az6': 5, 'x8g.large_use1-az1': 30, 'x8g.large_use1-az4': 50, 'x8g.large_use1-az6': 50, 'x8g.medium_use1-az1': 50, 'x8g.medium_use1-az4': 50, 'x8g.medium_use1-az6': 50, 'x8g.metal-24xl_use1-az1': 1, 'x8g.metal-24xl_use1-az2': 1, 'x8g.metal-24xl_use1-az4': 1, 'x8g.metal-24xl_use1-az6': 10, 'x8g.metal-48xl_use1-az2': 1, 'x8g.metal-48xl_use1-az4': 1, 'x8g.metal-48xl_use1-az6': 1, 'x8g.xlarge_use1-az1': 10, 'x8g.xlarge_use1-az2': 20, 'x8g.xlarge_use1-az4': 40, 'x8g.xlarge_use1-az6': 50, 'z1d.12xlarge_use1-az1': 1, 'z1d.12xlarge_use1-az2': 1, 'z1d.12xlarge_use1-az4': 1, 'z1d.12xlarge_use1-az5': 1, 'z1d.12xlarge_use1-az6': 5, 'z1d.2xlarge_use1-az1': 5, 'z1d.2xlarge_use1-az2': 5, 'z1d.2xlarge_use1-az4': 15, 'z1d.2xlarge_use1-az5': 1, 'z1d.2xlarge_use1-az6': 15, 'z1d.3xlarge_use1-az1': 5, 'z1d.3xlarge_use1-az2': 5, 'z1d.3xlarge_use1-az4': 10, 'z1d.3xlarge_use1-az5': 5, 'z1d.3xlarge_use1-az6': 5, 'z1d.6xlarge_use1-az1': 1, 'z1d.6xlarge_use1-az2': 1, 'z1d.6xlarge_use1-az4': 1, 'z1d.6xlarge_use1-az6': 1, 'z1d.large_use1-az1': 15, 'z1d.large_use1-az2': 5, 'z1d.large_use1-az4': 25, 'z1d.large_use1-az5': 10, 'z1d.large_use1-az6': 25, 'z1d.xlarge_use1-az1': 10, 'z1d.xlarge_use1-az2': 20, 'z1d.xlarge_use1-az4': 30, 'z1d.xlarge_use1-az5': 1, 'z1d.xlarge_use1-az6': 20}"
0.71,26015.99399999995,29246830429,1124186.545780185,1125581,1125481,"{'c3.8xlarge_use1-az6': 1, 'c4.2xlarge_use1-az4': 15, 'c4.2xlarge_use1-az5': 15, 'c4.2xlarge_use1-az6': 10, 'c4.4xlarge_use1-az1': 5, 'c4.4xlarge_use1-az2': 5, 'c4.4xlarge_use1-az3': 10, 'c4.4xlarge_use1-az4': 5, 'c4.4xlarge_use1-az5': 5, 'c4.4xlarge_use1-az6': 1, 'c4.8xlarge_use1-az1': 1, 'c4.8xlarge_use1-az2': 5, 'c4.8xlarge_use1-az3': 5, 'c4.8xlarge_use1-az4': 15, 'c4.8xlarge_use1-az5': 5, 'c4.8xlarge_use1-az6': 5, 'c4.xlarge_use1-az5': 50, 'c5.12xlarge_use1-az1': 50, 'c5.12xlarge_use1-az2': 50, 'c5.12xlarge_use1-az4': 50, 'c5.12xlarge_use1-az5': 50, 'c5.12xlarge_use1-az6': 50, 'c5.18xlarge_use1-az1': 5, 'c5.18xlarge_use1-az2': 50, 'c5.18xlarge_use1-az4': 15, 'c5.18xlarge_use1-az5': 10, 'c5.18xlarge_use1-az6': 1, 'c5.24xlarge_use1-az1': 1, 'c5.24xlarge_use1-az2': 5, 'c5.24xlarge_use1-az4': 5, 'c5.24xlarge_use1-az5': 1, 'c5.24xlarge_use1-az6': 5, 'c5.2xlarge_use1-az1': 50, 'c5.2xlarge_use1-az2': 50, 'c5.2xlarge_use1-az4': 50, 'c5.2xlarge_use1-az5': 50, 'c5.2xlarge_use1-az6': 50, 'c5.4xlarge_use1-az1': 50, 'c5.4xlarge_use1-az2': 50, 'c5.4xlarge_use1-az4': 50, 'c5.4xlarge_use1-az5': 50, 'c5.4xlarge_use1-az6': 50, 'c5.9xlarge_use1-az1': 50, 'c5.9xlarge_use1-az2': 50, 'c5.9xlarge_use1-az4': 50, 'c5.9xlarge_use1-az5': 50, 'c5.9xlarge_use1-az6': 50, 'c5.large_use1-az1': 50, 'c5.large_use1-az2': 50, 'c5.large_use1-az4': 50, 'c5.large_use1-az5': 50, 'c5.large_use1-az6': 50, 'c5.xlarge_use1-az1': 50, 'c5.xlarge_use1-az2': 50, 'c5.xlarge_use1-az4': 50, 'c5.xlarge_use1-az5': 50, 'c5.xlarge_use1-az6': 50, 'c5a.12xlarge_use1-az1': 5, 'c5a.12xlarge_use1-az2': 10, 'c5a.12xlarge_use1-az4': 15, 'c5a.12xlarge_use1-az5': 1, 'c5a.12xlarge_use1-az6': 5, 'c5a.16xlarge_use1-az4': 1, 'c5a.16xlarge_use1-az6': 1, 'c5a.24xlarge_use1-az2': 1, 'c5a.24xlarge_use1-az4': 1, 'c5a.24xlarge_use1-az6': 1, 'c5a.2xlarge_use1-az1': 30, 'c5a.2xlarge_use1-az2': 20, 'c5a.2xlarge_use1-az4': 50, 'c5a.2xlarge_use1-az5': 15, 'c5a.2xlarge_use1-az6': 50, 'c5a.4xlarge_use1-az1': 5, 'c5a.4xlarge_use1-az2': 1, 'c5a.4xlarge_use1-az4': 5, 'c5a.4xlarge_use1-az5': 5, 'c5a.4xlarge_use1-az6': 5, 'c5a.8xlarge_use1-az1': 1, 'c5a.8xlarge_use1-az2': 1, 'c5a.8xlarge_use1-az4': 5, 'c5a.8xlarge_use1-az6': 15, 'c5a.large_use1-az1': 50, 'c5a.large_use1-az2': 50, 'c5a.large_use1-az4': 50, 'c5a.large_use1-az5': 45, 'c5a.large_use1-az6': 50, 'c5a.xlarge_use1-az1': 50, 'c5a.xlarge_use1-az2': 50, 'c5a.xlarge_use1-az4': 50, 'c5a.xlarge_use1-az5': 50, 'c5a.xlarge_use1-az6': 50, 'c5ad.12xlarge_use1-az1': 5, 'c5ad.12xlarge_use1-az2': 5, 'c5ad.12xlarge_use1-az4': 5, 'c5ad.12xlarge_use1-az6': 5, 'c5ad.16xlarge_use1-az1': 1, 'c5ad.16xlarge_use1-az2': 5, 'c5ad.16xlarge_use1-az4': 1, 'c5ad.16xlarge_use1-az6': 1, 'c5ad.24xlarge_use1-az1': 1, 'c5ad.24xlarge_use1-az2': 1, 'c5ad.24xlarge_use1-az4': 1, 'c5ad.24xlarge_use1-az6': 5, 'c5ad.2xlarge_use1-az1': 10, 'c5ad.2xlarge_use1-az2': 5, 'c5ad.2xlarge_use1-az4': 5, 'c5ad.2xlarge_use1-az5': 5, 'c5ad.2xlarge_use1-az6': 15, 'c5ad.4xlarge_use1-az1': 5, 'c5ad.4xlarge_use1-az2': 5, 'c5ad.4xlarge_use1-az4': 1, 'c5ad.4xlarge_use1-az5': 1, 'c5ad.4xlarge_use1-az6': 10, 'c5ad.8xlarge_use1-az1': 1, 'c5ad.8xlarge_use1-az2': 1, 'c5ad.8xlarge_use1-az4': 1, 'c5ad.8xlarge_use1-az5': 1, 'c5ad.8xlarge_use1-az6': 1, 'c5ad.large_use1-az1': 20, 'c5ad.large_use1-az2': 30, 'c5ad.large_use1-az4': 10, 'c5ad.large_use1-az5': 15, 'c5ad.large_use1-az6': 20, 'c5ad.xlarge_use1-az1': 15, 'c5ad.xlarge_use1-az2': 10, 'c5ad.xlarge_use1-az4': 5, 'c5ad.xlarge_use1-az5': 5, 'c5ad.xlarge_use1-az6': 15, 'c5d.12xlarge_use1-az2': 15, 'c5d.12xlarge_use1-az4': 5, 'c5d.12xlarge_use1-az6': 45, 'c5d.18xlarge_use1-az1': 5, 'c5d.18xlarge_use1-az2': 50, 'c5d.18xlarge_use1-az4': 50, 'c5d.18xlarge_use1-az5': 5, 'c5d.18xlarge_use1-az6': 30, 'c5d.24xlarge_use1-az2': 35, 'c5d.24xlarge_use1-az4': 25, 'c5d.24xlarge_use1-az6': 50, 'c5d.2xlarge_use1-az1': 15, 'c5d.2xlarge_use1-az2': 50, 'c5d.2xlarge_use1-az4': 50, 'c5d.2xlarge_use1-az5': 20, 'c5d.2xlarge_use1-az6': 50, 'c5d.4xlarge_use1-az1': 20, 'c5d.4xlarge_use1-az2': 50, 'c5d.4xlarge_use1-az4': 50, 'c5d.4xlarge_use1-az5': 25, 'c5d.4xlarge_use1-az6': 50, 'c5d.9xlarge_use1-az1': 10, 'c5d.9xlarge_use1-az2': 20, 'c5d.9xlarge_use1-az4': 50, 'c5d.9xlarge_use1-az5': 10, 'c5d.9xlarge_use1-az6': 25, 'c5d.large_use1-az1': 50, 'c5d.large_use1-az2': 50, 'c5d.large_use1-az4': 50, 'c5d.large_use1-az5': 35, 'c5d.large_use1-az6': 50, 'c5d.xlarge_use1-az1': 50, 'c5d.xlarge_use1-az2': 50, 'c5d.xlarge_use1-az4': 50, 'c5d.xlarge_use1-az5': 50, 'c5d.xlarge_use1-az6': 50, 'c5n.18xlarge_use1-az1': 30, 'c5n.18xlarge_use1-az2': 5, 'c5n.18xlarge_use1-az4': 10, 'c5n.2xlarge_use1-az1': 5, 'c5n.2xlarge_use1-az2': 10, 'c5n.2xlarge_use1-az4': 15, 'c5n.2xlarge_use1-az5': 10, 'c5n.2xlarge_use1-az6': 10, 'c5n.4xlarge_use1-az1': 5, 'c5n.4xlarge_use1-az2': 1, 'c5n.4xlarge_use1-az4': 5, 'c5n.4xlarge_use1-az6': 1, 'c5n.9xlarge_use1-az1': 10, 'c5n.9xlarge_use1-az2': 1, 'c5n.9xlarge_use1-az4': 5, 'c5n.large_use1-az1': 10, 'c5n.large_use1-az2': 10, 'c5n.large_use1-az4': 25, 'c5n.large_use1-az5': 5, 'c5n.large_use1-az6': 5, 'c5n.xlarge_use1-az4': 5, 'c5n.xlarge_use1-az5': 1, 'c5n.xlarge_use1-az6': 1, 'c6a.12xlarge_use1-az1': 5, 'c6a.12xlarge_use1-az2': 50, 'c6a.12xlarge_use1-az4': 50, 'c6a.12xlarge_use1-az5': 1, 'c6a.12xlarge_use1-az6': 15, 'c6a.16xlarge_use1-az1': 1, 'c6a.16xlarge_use1-az2': 5, 'c6a.16xlarge_use1-az4': 10, 'c6a.16xlarge_use1-az5': 1, 'c6a.16xlarge_use1-az6': 15, 'c6a.24xlarge_use1-az1': 1, 'c6a.24xlarge_use1-az2': 5, 'c6a.24xlarge_use1-az4': 5, 'c6a.24xlarge_use1-az5': 5, 'c6a.24xlarge_use1-az6': 20, 'c6a.2xlarge_use1-az1': 10, 'c6a.2xlarge_use1-az2': 40, 'c6a.2xlarge_use1-az4': 50, 'c6a.2xlarge_use1-az5': 10, 'c6a.2xlarge_use1-az6': 50, 'c6a.32xlarge_use1-az2': 1, 'c6a.32xlarge_use1-az4': 1, 'c6a.32xlarge_use1-az5': 1, 'c6a.32xlarge_use1-az6': 5, 'c6a.48xlarge_use1-az2': 1, 'c6a.48xlarge_use1-az4': 10, 'c6a.48xlarge_use1-az5': 5, 'c6a.48xlarge_use1-az6': 25, 'c6a.4xlarge_use1-az1': 15, 'c6a.4xlarge_use1-az2': 15, 'c6a.4xlarge_use1-az4': 30, 'c6a.4xlarge_use1-az5': 15, 'c6a.4xlarge_use1-az6': 50, 'c6a.8xlarge_use1-az1': 5, 'c6a.8xlarge_use1-az2': 50, 'c6a.8xlarge_use1-az4': 30, 'c6a.8xlarge_use1-az5': 25, 'c6a.8xlarge_use1-az6': 50, 'c6a.large_use1-az1': 45, 'c6a.large_use1-az2': 50, 'c6a.large_use1-az4': 50, 'c6a.large_use1-az5': 50, 'c6a.large_use1-az6': 20, 'c6a.xlarge_use1-az1': 15, 'c6a.xlarge_use1-az2': 25, 'c6a.xlarge_use1-az4': 25, 'c6a.xlarge_use1-az5': 15, 'c6a.xlarge_use1-az6': 25, 'c6g.12xlarge_use1-az1': 15, 'c6g.12xlarge_use1-az2': 25, 'c6g.12xlarge_use1-az4': 50, 'c6g.12xlarge_use1-az5': 5, 'c6g.12xlarge_use1-az6': 50, 'c6g.16xlarge_use1-az1': 1, 'c6g.16xlarge_use1-az2': 15, 'c6g.16xlarge_use1-az4': 50, 'c6g.16xlarge_use1-az5': 5, 'c6g.16xlarge_use1-az6': 50, 'c6g.2xlarge_use1-az1': 5, 'c6g.2xlarge_use1-az2': 50, 'c6g.2xlarge_use1-az4': 50, 'c6g.2xlarge_use1-az5': 15, 'c6g.2xlarge_use1-az6': 50, 'c6g.4xlarge_use1-az1': 50, 'c6g.4xlarge_use1-az2': 50, 'c6g.4xlarge_use1-az4': 50, 'c6g.4xlarge_use1-az5': 50, 'c6g.4xlarge_use1-az6': 50, 'c6g.8xlarge_use1-az1': 50, 'c6g.8xlarge_use1-az2': 50, 'c6g.8xlarge_use1-az4': 50, 'c6g.8xlarge_use1-az5': 50, 'c6g.8xlarge_use1-az6': 50, 'c6g.large_use1-az2': 50, 'c6g.large_use1-az4': 50, 'c6g.large_use1-az5': 50, 'c6g.large_use1-az6': 50, 'c6g.xlarge_use1-az1': 30, 'c6g.xlarge_use1-az2': 50, 'c6g.xlarge_use1-az4': 50, 'c6g.xlarge_use1-az5': 10, 'c6g.xlarge_use1-az6': 50, 'c6gd.12xlarge_use1-az2': 50, 'c6gd.12xlarge_use1-az4': 30, 'c6gd.12xlarge_use1-az5': 1, 'c6gd.12xlarge_use1-az6': 50, 'c6gd.16xlarge_use1-az2': 50, 'c6gd.16xlarge_use1-az4': 30, 'c6gd.16xlarge_use1-az6': 50, 'c6gd.2xlarge_use1-az1': 15, 'c6gd.2xlarge_use1-az2': 50, 'c6gd.2xlarge_use1-az4': 50, 'c6gd.2xlarge_use1-az5': 1, 'c6gd.2xlarge_use1-az6': 50, 'c6gd.4xlarge_use1-az1': 20, 'c6gd.4xlarge_use1-az2': 50, 'c6gd.4xlarge_use1-az4': 50, 'c6gd.4xlarge_use1-az5': 10, 'c6gd.4xlarge_use1-az6': 50, 'c6gd.8xlarge_use1-az1': 25, 'c6gd.8xlarge_use1-az2': 45, 'c6gd.8xlarge_use1-az4': 45, 'c6gd.8xlarge_use1-az5': 1, 'c6gd.8xlarge_use1-az6': 50, 'c6gd.large_use1-az1': 50, 'c6gd.large_use1-az2': 5, 'c6gd.large_use1-az4': 20, 'c6gd.large_use1-az5': 1, 'c6gd.large_use1-az6': 50, 'c6gd.xlarge_use1-az1': 50, 'c6gd.xlarge_use1-az2': 1, 'c6gd.xlarge_use1-az4': 1, 'c6gd.xlarge_use1-az5': 50, 'c6gd.xlarge_use1-az6': 50, 'c6gn.12xlarge_use1-az2': 25, 'c6gn.12xlarge_use1-az4': 50, 'c6gn.12xlarge_use1-az5': 1, 'c6gn.16xlarge_use1-az1': 1, 'c6gn.16xlarge_use1-az2': 50, 'c6gn.16xlarge_use1-az4': 50, 'c6gn.16xlarge_use1-az5': 10, 'c6gn.2xlarge_use1-az1': 5, 'c6gn.2xlarge_use1-az2': 1, 'c6gn.2xlarge_use1-az4': 20, 'c6gn.2xlarge_use1-az5': 1, 'c6gn.4xlarge_use1-az1': 1, 'c6gn.4xlarge_use1-az2': 40, 'c6gn.4xlarge_use1-az4': 35, 'c6gn.4xlarge_use1-az5': 10, 'c6gn.8xlarge_use1-az1': 25, 'c6gn.8xlarge_use1-az2': 35, 'c6gn.8xlarge_use1-az4': 30, 'c6gn.8xlarge_use1-az5': 5, 'c6gn.8xlarge_use1-az6': 5, 'c6gn.large_use1-az1': 5, 'c6gn.large_use1-az2': 25, 'c6gn.large_use1-az4': 10, 'c6gn.large_use1-az5': 15, 'c6gn.large_use1-az6': 1, 'c6gn.xlarge_use1-az1': 5, 'c6gn.xlarge_use1-az2': 10, 'c6gn.xlarge_use1-az4': 15, 'c6gn.xlarge_use1-az5': 5, 'c6gn.xlarge_use1-az6': 1, 'c6i.12xlarge_use1-az1': 15, 'c6i.12xlarge_use1-az2': 15, 'c6i.12xlarge_use1-az4': 30, 'c6i.12xlarge_use1-az5': 5, 'c6i.12xlarge_use1-az6': 5, 'c6i.16xlarge_use1-az1': 5, 'c6i.16xlarge_use1-az2': 15, 'c6i.16xlarge_use1-az4': 25, 'c6i.16xlarge_use1-az5': 10, 'c6i.16xlarge_use1-az6': 30, 'c6i.24xlarge_use1-az1': 5, 'c6i.24xlarge_use1-az2': 5, 'c6i.24xlarge_use1-az4': 10, 'c6i.24xlarge_use1-az5': 1, 'c6i.24xlarge_use1-az6': 15, 'c6i.2xlarge_use1-az1': 20, 'c6i.2xlarge_use1-az2': 50, 'c6i.2xlarge_use1-az4': 50, 'c6i.2xlarge_use1-az5': 5, 'c6i.2xlarge_use1-az6': 50, 'c6i.32xlarge_use1-az1': 10, 'c6i.32xlarge_use1-az2': 5, 'c6i.32xlarge_use1-az4': 50, 'c6i.32xlarge_use1-az5': 1, 'c6i.32xlarge_use1-az6': 40, 'c6i.4xlarge_use1-az1': 10, 'c6i.4xlarge_use1-az2': 40, 'c6i.4xlarge_use1-az4': 50, 'c6i.4xlarge_use1-az5': 15, 'c6i.4xlarge_use1-az6': 50, 'c6i.8xlarge_use1-az1': 10, 'c6i.8xlarge_use1-az2': 45, 'c6i.8xlarge_use1-az4': 50, 'c6i.8xlarge_use1-az5': 10, 'c6i.8xlarge_use1-az6': 50, 'c6i.large_use1-az1': 10, 'c6i.large_use1-az2': 40, 'c6i.large_use1-az4': 30, 'c6i.large_use1-az5': 10, 'c6i.large_use1-az6': 50, 'c6i.xlarge_use1-az1': 50, 'c6i.xlarge_use1-az2': 45, 'c6i.xlarge_use1-az4': 35, 'c6i.xlarge_use1-az5': 10, 'c6i.xlarge_use1-az6': 50, 'c6id.12xlarge_use1-az1': 1, 'c6id.12xlarge_use1-az2': 1, 'c6id.12xlarge_use1-az4': 5, 'c6id.12xlarge_use1-az6': 5, 'c6id.16xlarge_use1-az1': 1, 'c6id.16xlarge_use1-az2': 5, 'c6id.16xlarge_use1-az4': 5, 'c6id.16xlarge_use1-az5': 1, 'c6id.16xlarge_use1-az6': 1, 'c6id.24xlarge_use1-az1': 5, 'c6id.24xlarge_use1-az2': 15, 'c6id.24xlarge_use1-az4': 5, 'c6id.24xlarge_use1-az5': 1, 'c6id.24xlarge_use1-az6': 10, 'c6id.2xlarge_use1-az1': 1, 'c6id.2xlarge_use1-az2': 1, 'c6id.2xlarge_use1-az4': 5, 'c6id.2xlarge_use1-az5': 5, 'c6id.2xlarge_use1-az6': 1, 'c6id.32xlarge_use1-az1': 1, 'c6id.32xlarge_use1-az2': 5, 'c6id.32xlarge_use1-az4': 10, 'c6id.32xlarge_use1-az5': 1, 'c6id.32xlarge_use1-az6': 5, 'c6id.4xlarge_use1-az1': 15, 'c6id.4xlarge_use1-az2': 10, 'c6id.4xlarge_use1-az4': 10, 'c6id.4xlarge_use1-az5': 1, 'c6id.4xlarge_use1-az6': 5, 'c6id.8xlarge_use1-az1': 5, 'c6id.8xlarge_use1-az2': 1, 'c6id.8xlarge_use1-az4': 5, 'c6id.8xlarge_use1-az5': 1, 'c6id.8xlarge_use1-az6': 1, 'c6id.large_use1-az1': 5, 'c6id.large_use1-az2': 5, 'c6id.large_use1-az4': 1, 'c6id.large_use1-az5': 5, 'c6id.large_use1-az6': 5, 'c6id.xlarge_use1-az1': 5, 'c6id.xlarge_use1-az2': 1, 'c6id.xlarge_use1-az4': 5, 'c6id.xlarge_use1-az5': 1, 'c6id.xlarge_use1-az6': 1, 'c6in.12xlarge_use1-az1': 1, 'c6in.12xlarge_use1-az6': 1, 'c6in.16xlarge_use1-az4': 1, 'c6in.24xlarge_use1-az6': 1, 'c6in.2xlarge_use1-az2': 1, 'c6in.2xlarge_use1-az4': 1, 'c6in.2xlarge_use1-az6': 1, 'c6in.32xlarge_use1-az1': 1, 'c6in.32xlarge_use1-az6': 1, 'c6in.4xlarge_use1-az2': 5, 'c6in.4xlarge_use1-az4': 5, 'c6in.4xlarge_use1-az6': 25, 'c6in.8xlarge_use1-az1': 1, 'c6in.8xlarge_use1-az6': 1, 'c6in.large_use1-az1': 5, 'c6in.large_use1-az2': 1, 'c6in.large_use1-az4': 1, 'c6in.large_use1-az5': 1, 'c6in.large_use1-az6': 5, 'c6in.xlarge_use1-az1': 20, 'c6in.xlarge_use1-az2': 1, 'c6in.xlarge_use1-az4': 1, 'c6in.xlarge_use1-az6': 10, 'c7a.12xlarge_use1-az1': 5, 'c7a.12xlarge_use1-az2': 5, 'c7a.12xlarge_use1-az4': 1, 'c7a.12xlarge_use1-az6': 15, 'c7a.16xlarge_use1-az1': 1, 'c7a.16xlarge_use1-az2': 1, 'c7a.16xlarge_use1-az6': 5, 'c7a.24xlarge_use1-az1': 1, 'c7a.24xlarge_use1-az2': 1, 'c7a.24xlarge_use1-az5': 1, 'c7a.24xlarge_use1-az6': 5, 'c7a.2xlarge_use1-az1': 1, 'c7a.2xlarge_use1-az2': 1, 'c7a.2xlarge_use1-az4': 25, 'c7a.2xlarge_use1-az5': 1, 'c7a.2xlarge_use1-az6': 10, 'c7a.32xlarge_use1-az1': 1, 'c7a.32xlarge_use1-az2': 1, 'c7a.32xlarge_use1-az6': 15, 'c7a.48xlarge_use1-az1': 1, 'c7a.48xlarge_use1-az2': 1, 'c7a.48xlarge_use1-az5': 1, 'c7a.48xlarge_use1-az6': 20, 'c7a.4xlarge_use1-az1': 5, 'c7a.4xlarge_use1-az2': 10, 'c7a.4xlarge_use1-az4': 5, 'c7a.4xlarge_use1-az5': 1, 'c7a.4xlarge_use1-az6': 50, 'c7a.8xlarge_use1-az1': 1, 'c7a.8xlarge_use1-az2': 1, 'c7a.8xlarge_use1-az4': 1, 'c7a.8xlarge_use1-az6': 10, 'c7a.large_use1-az1': 15, 'c7a.large_use1-az2': 25, 'c7a.large_use1-az4': 30, 'c7a.large_use1-az5': 10, 'c7a.large_use1-az6': 50, 'c7a.xlarge_use1-az1': 5, 'c7a.xlarge_use1-az2': 5, 'c7a.xlarge_use1-az4': 10, 'c7a.xlarge_use1-az5': 5, 'c7a.xlarge_use1-az6': 15, 'c7g.12xlarge_use1-az1': 15, 'c7g.12xlarge_use1-az2': 50, 'c7g.12xlarge_use1-az4': 15, 'c7g.12xlarge_use1-az5': 1, 'c7g.12xlarge_use1-az6': 50, 'c7g.16xlarge_use1-az1': 25, 'c7g.16xlarge_use1-az2': 40, 'c7g.16xlarge_use1-az4': 50, 'c7g.16xlarge_use1-az5': 10, 'c7g.16xlarge_use1-az6': 50, 'c7g.2xlarge_use1-az1': 50, 'c7g.2xlarge_use1-az2': 50, 'c7g.2xlarge_use1-az4': 50, 'c7g.2xlarge_use1-az5': 50, 'c7g.2xlarge_use1-az6': 50, 'c7g.4xlarge_use1-az1': 50, 'c7g.4xlarge_use1-az2': 50, 'c7g.4xlarge_use1-az4': 50, 'c7g.4xlarge_use1-az5': 50, 'c7g.4xlarge_use1-az6': 50, 'c7g.8xlarge_use1-az1': 50, 'c7g.8xlarge_use1-az2': 50, 'c7g.8xlarge_use1-az4': 50, 'c7g.8xlarge_use1-az5': 50, 'c7g.8xlarge_use1-az6': 50, 'c7g.large_use1-az2': 45, 'c7g.large_use1-az4': 30, 'c7g.large_use1-az5': 10, 'c7g.large_use1-az6': 30, 'c7g.xlarge_use1-az1': 50, 'c7g.xlarge_use1-az2': 50, 'c7g.xlarge_use1-az4': 50, 'c7g.xlarge_use1-az5': 50, 'c7g.xlarge_use1-az6': 50, 'c7gd.12xlarge_use1-az1': 5, 'c7gd.12xlarge_use1-az2': 30, 'c7gd.12xlarge_use1-az4': 15, 'c7gd.12xlarge_use1-az5': 15, 'c7gd.12xlarge_use1-az6': 50, 'c7gd.16xlarge_use1-az1': 5, 'c7gd.16xlarge_use1-az2': 30, 'c7gd.16xlarge_use1-az4': 40, 'c7gd.16xlarge_use1-az5': 1, 'c7gd.16xlarge_use1-az6': 50, 'c7gd.2xlarge_use1-az1': 15, 'c7gd.2xlarge_use1-az2': 50, 'c7gd.2xlarge_use1-az4': 50, 'c7gd.2xlarge_use1-az5': 5, 'c7gd.2xlarge_use1-az6': 50, 'c7gd.4xlarge_use1-az1': 30, 'c7gd.4xlarge_use1-az2': 25, 'c7gd.4xlarge_use1-az4': 50, 'c7gd.4xlarge_use1-az5': 1, 'c7gd.4xlarge_use1-az6': 50, 'c7gd.8xlarge_use1-az1': 5, 'c7gd.8xlarge_use1-az2': 15, 'c7gd.8xlarge_use1-az4': 10, 'c7gd.8xlarge_use1-az5': 5, 'c7gd.8xlarge_use1-az6': 20, 'c7gd.large_use1-az1': 1, 'c7gd.large_use1-az2': 25, 'c7gd.large_use1-az4': 5, 'c7gd.large_use1-az5': 10, 'c7gd.large_use1-az6': 20, 'c7gd.xlarge_use1-az1': 15, 'c7gd.xlarge_use1-az2': 50, 'c7gd.xlarge_use1-az4': 5, 'c7gd.xlarge_use1-az5': 15, 'c7gd.xlarge_use1-az6': 25, 'c7gn.12xlarge_use1-az2': 1, 'c7gn.12xlarge_use1-az5': 1, 'c7gn.12xlarge_use1-az6': 1, 'c7gn.16xlarge_use1-az2': 5, 'c7gn.16xlarge_use1-az5': 5, 'c7gn.16xlarge_use1-az6': 20, 'c7gn.2xlarge_use1-az2': 1, 'c7gn.2xlarge_use1-az5': 1, 'c7gn.2xlarge_use1-az6': 5, 'c7gn.4xlarge_use1-az2': 50, 'c7gn.4xlarge_use1-az4': 1, 'c7gn.4xlarge_use1-az5': 1, 'c7gn.4xlarge_use1-az6': 50, 'c7gn.8xlarge_use1-az2': 1, 'c7gn.8xlarge_use1-az5': 1, 'c7gn.8xlarge_use1-az6': 5, 'c7gn.large_use1-az1': 1, 'c7gn.large_use1-az2': 10, 'c7gn.large_use1-az5': 10, 'c7gn.large_use1-az6': 10, 'c7gn.xlarge_use1-az1': 1, 'c7gn.xlarge_use1-az5': 5, 'c7gn.xlarge_use1-az6': 5, 'c7i-flex.2xlarge_use1-az1': 50, 'c7i-flex.2xlarge_use1-az2': 50, 'c7i-flex.2xlarge_use1-az4': 50, 'c7i-flex.2xlarge_use1-az5': 15, 'c7i-flex.2xlarge_use1-az6': 50, 'c7i-flex.4xlarge_use1-az1': 1, 'c7i-flex.4xlarge_use1-az2': 1, 'c7i-flex.4xlarge_use1-az4': 1, 'c7i-flex.4xlarge_use1-az6': 5, 'c7i-flex.8xlarge_use1-az1': 1, 'c7i-flex.8xlarge_use1-az2': 1, 'c7i-flex.8xlarge_use1-az4': 1, 'c7i-flex.8xlarge_use1-az6': 5, 'c7i-flex.large_use1-az1': 40, 'c7i-flex.large_use1-az2': 50, 'c7i-flex.large_use1-az4': 10, 'c7i-flex.large_use1-az5': 1, 'c7i-flex.large_use1-az6': 50, 'c7i-flex.xlarge_use1-az1': 50, 'c7i-flex.xlarge_use1-az2': 50, 'c7i-flex.xlarge_use1-az4': 50, 'c7i-flex.xlarge_use1-az5': 5, 'c7i-flex.xlarge_use1-az6': 50, 'c7i.12xlarge_use1-az1': 5, 'c7i.12xlarge_use1-az2': 15, 'c7i.12xlarge_use1-az4': 15, 'c7i.12xlarge_use1-az6': 5, 'c7i.16xlarge_use1-az1': 1, 'c7i.16xlarge_use1-az2': 5, 'c7i.16xlarge_use1-az4': 1, 'c7i.16xlarge_use1-az6': 15, 'c7i.24xlarge_use1-az1': 5, 'c7i.24xlarge_use1-az2': 5, 'c7i.24xlarge_use1-az4': 5, 'c7i.24xlarge_use1-az5': 1, 'c7i.24xlarge_use1-az6': 15, 'c7i.2xlarge_use1-az1': 10, 'c7i.2xlarge_use1-az2': 10, 'c7i.2xlarge_use1-az4': 10, 'c7i.2xlarge_use1-az5': 5, 'c7i.2xlarge_use1-az6': 25, 'c7i.48xlarge_use1-az1': 10, 'c7i.48xlarge_use1-az2': 10, 'c7i.48xlarge_use1-az4': 5, 'c7i.48xlarge_use1-az5': 1, 'c7i.48xlarge_use1-az6': 50, 'c7i.4xlarge_use1-az1': 5, 'c7i.4xlarge_use1-az2': 5, 'c7i.4xlarge_use1-az4': 5, 'c7i.4xlarge_use1-az5': 1, 'c7i.4xlarge_use1-az6': 15, 'c7i.8xlarge_use1-az1': 1, 'c7i.8xlarge_use1-az2': 5, 'c7i.8xlarge_use1-az4': 5, 'c7i.8xlarge_use1-az6': 10, 'c7i.large_use1-az1': 45, 'c7i.large_use1-az2': 50, 'c7i.large_use1-az4': 50, 'c7i.large_use1-az5': 5, 'c7i.large_use1-az6': 50, 'c7i.xlarge_use1-az1': 5, 'c7i.xlarge_use1-az2': 10, 'c7i.xlarge_use1-az4': 5, 'c7i.xlarge_use1-az5': 1, 'c7i.xlarge_use1-az6': 5, 'c8g.12xlarge_use1-az1': 1, 'c8g.12xlarge_use1-az2': 5, 'c8g.12xlarge_use1-az4': 1, 'c8g.12xlarge_use1-az6': 25, 'c8g.16xlarge_use1-az1': 10, 'c8g.16xlarge_use1-az2': 5, 'c8g.16xlarge_use1-az4': 1, 'c8g.16xlarge_use1-az6': 50, 'c8g.24xlarge_use1-az1': 5, 'c8g.24xlarge_use1-az2': 10, 'c8g.24xlarge_use1-az4': 1, 'c8g.24xlarge_use1-az6': 25, 'c8g.2xlarge_use1-az1': 5, 'c8g.2xlarge_use1-az2': 5, 'c8g.2xlarge_use1-az4': 50, 'c8g.2xlarge_use1-az5': 1, 'c8g.2xlarge_use1-az6': 50, 'c8g.48xlarge_use1-az1': 1, 'c8g.48xlarge_use1-az2': 5, 'c8g.48xlarge_use1-az6': 50, 'c8g.4xlarge_use1-az1': 35, 'c8g.4xlarge_use1-az2': 15, 'c8g.4xlarge_use1-az4': 20, 'c8g.4xlarge_use1-az5': 10, 'c8g.4xlarge_use1-az6': 50, 'c8g.8xlarge_use1-az1': 1, 'c8g.8xlarge_use1-az2': 5, 'c8g.8xlarge_use1-az4': 5, 'c8g.8xlarge_use1-az6': 50, 'c8g.large_use1-az1': 5, 'c8g.large_use1-az2': 20, 'c8g.large_use1-az4': 5, 'c8g.large_use1-az5': 1, 'c8g.large_use1-az6': 40, 'c8g.metal-24xl_use1-az2': 1, 'c8g.metal-24xl_use1-az6': 20, 'c8g.metal-48xl_use1-az1': 1, 'c8g.metal-48xl_use1-az2': 1, 'c8g.metal-48xl_use1-az6': 50, 'c8g.xlarge_use1-az1': 5, 'c8g.xlarge_use1-az2': 30, 'c8g.xlarge_use1-az4': 5, 'c8g.xlarge_use1-az5': 1, 'c8g.xlarge_use1-az6': 50, 'c8gd.12xlarge_use1-az2': 5, 'c8gd.12xlarge_use1-az4': 5, 'c8gd.12xlarge_use1-az5': 1, 'c8gd.12xlarge_use1-az6': 5, 'c8gd.16xlarge_use1-az2': 10, 'c8gd.16xlarge_use1-az4': 10, 'c8gd.16xlarge_use1-az5': 5, 'c8gd.16xlarge_use1-az6': 50, 'c8gd.24xlarge_use1-az2': 1, 'c8gd.24xlarge_use1-az4': 5, 'c8gd.24xlarge_use1-az5': 1, 'c8gd.24xlarge_use1-az6': 5, 'c8gd.2xlarge_use1-az2': 50, 'c8gd.2xlarge_use1-az4': 50, 'c8gd.2xlarge_use1-az5': 10, 'c8gd.2xlarge_use1-az6': 50, 'c8gd.48xlarge_use1-az2': 1, 'c8gd.48xlarge_use1-az6': 15, 'c8gd.4xlarge_use1-az2': 10, 'c8gd.4xlarge_use1-az4': 30, 'c8gd.4xlarge_use1-az5': 1, 'c8gd.4xlarge_use1-az6': 50, 'c8gd.8xlarge_use1-az2': 1, 'c8gd.8xlarge_use1-az4': 1, 'c8gd.8xlarge_use1-az5': 1, 'c8gd.8xlarge_use1-az6': 5, 'c8gd.large_use1-az1': 1, 'c8gd.large_use1-az2': 40, 'c8gd.large_use1-az4': 35, 'c8gd.large_use1-az6': 50, 'c8gd.metal-24xl_use1-az2': 1, 'c8gd.metal-24xl_use1-az4': 1, 'c8gd.metal-24xl_use1-az5': 1, 'c8gd.metal-24xl_use1-az6': 5, 'c8gd.metal-48xl_use1-az2': 1, 'c8gd.metal-48xl_use1-az6': 1, 'c8gd.xlarge_use1-az1': 1, 'c8gd.xlarge_use1-az2': 20, 'c8gd.xlarge_use1-az4': 20, 'c8gd.xlarge_use1-az5': 15, 'c8gd.xlarge_use1-az6': 50, 'c8gn.2xlarge_use1-az2': 1, 'c8gn.2xlarge_use1-az6': 1, 'c8gn.4xlarge_use1-az2': 1, 'c8gn.4xlarge_use1-az5': 1, 'c8gn.8xlarge_use1-az2': 1, 'c8gn.8xlarge_use1-az6': 1, 'c8gn.large_use1-az6': 1, 'c8i-flex.12xlarge_use1-az6': 1, 'c8i-flex.16xlarge_use1-az6': 1, 'c8i-flex.2xlarge_use1-az2': 25, 'c8i-flex.2xlarge_use1-az4': 15, 'c8i-flex.2xlarge_use1-az6': 50, 'c8i-flex.4xlarge_use1-az2': 5, 'c8i-flex.4xlarge_use1-az4': 1, 'c8i-flex.4xlarge_use1-az6': 5, 'c8i-flex.8xlarge_use1-az6': 1, 'c8i-flex.large_use1-az4': 20, 'c8i-flex.xlarge_use1-az2': 40, 'c8i-flex.xlarge_use1-az4': 5, 'c8i-flex.xlarge_use1-az6': 50, 'c8i.12xlarge_use1-az2': 1, 'c8i.12xlarge_use1-az4': 1, 'c8i.12xlarge_use1-az6': 1, 'c8i.16xlarge_use1-az6': 1, 'c8i.24xlarge_use1-az6': 1, 'c8i.2xlarge_use1-az2': 10, 'c8i.2xlarge_use1-az4': 5, 'c8i.2xlarge_use1-az6': 20, 'c8i.32xlarge_use1-az2': 1, 'c8i.32xlarge_use1-az4': 1, 'c8i.32xlarge_use1-az6': 5, 'c8i.48xlarge_use1-az2': 1, 'c8i.48xlarge_use1-az6': 1, 'c8i.4xlarge_use1-az2': 5, 'c8i.4xlarge_use1-az4': 5, 'c8i.4xlarge_use1-az6': 5, 'c8i.8xlarge_use1-az2': 1, 'c8i.8xlarge_use1-az4': 1, 'c8i.8xlarge_use1-az6': 5, 'c8i.96xlarge_use1-az2': 1, 'c8i.96xlarge_use1-az6': 5, 'c8i.metal-48xl_use1-az2': 1, 'c8i.metal-96xl_use1-az2': 1, 'c8i.metal-96xl_use1-az6': 5, 'c8i.xlarge_use1-az2': 50, 'c8i.xlarge_use1-az4': 15, 'c8i.xlarge_use1-az6': 50, 'd2.2xlarge_use1-az6': 1, 'd2.4xlarge_use1-az6': 1, 'd2.xlarge_use1-az6': 1, 'd3.2xlarge_use1-az1': 15, 'd3.2xlarge_use1-az2': 45, 'd3.2xlarge_use1-az4': 40, 'd3.2xlarge_use1-az6': 35, 'd3.4xlarge_use1-az4': 15, 'd3.4xlarge_use1-az6': 5, 'd3.8xlarge_use1-az2': 40, 'd3.8xlarge_use1-az4': 35, 'd3.8xlarge_use1-az6': 20, 'd3.xlarge_use1-az1': 10, 'd3.xlarge_use1-az2': 50, 'd3.xlarge_use1-az4': 45, 'd3.xlarge_use1-az6': 25, 'd3en.12xlarge_use1-az2': 10, 'd3en.12xlarge_use1-az4': 20, 'd3en.12xlarge_use1-az6': 50, 'd3en.2xlarge_use1-az2': 25, 'd3en.2xlarge_use1-az6': 50, 'd3en.4xlarge_use1-az4': 10, 'd3en.4xlarge_use1-az6': 50, 'd3en.6xlarge_use1-az2': 5, 'd3en.6xlarge_use1-az4': 15, 'd3en.6xlarge_use1-az6': 50, 'd3en.8xlarge_use1-az2': 15, 'd3en.8xlarge_use1-az4': 5, 'd3en.8xlarge_use1-az6': 50, 'd3en.xlarge_use1-az2': 50, 'd3en.xlarge_use1-az4': 30, 'd3en.xlarge_use1-az6': 50, 'f2.12xlarge_use1-az2': 1, 'f2.12xlarge_use1-az4': 1, 'f2.12xlarge_use1-az6': 1, 'f2.48xlarge_use1-az2': 5, 'f2.48xlarge_use1-az4': 5, 'f2.48xlarge_use1-az6': 1, 'g4ad.16xlarge_use1-az1': 5, 'g4ad.16xlarge_use1-az2': 5, 'g4ad.16xlarge_use1-az4': 5, 'g4ad.16xlarge_use1-az6': 10, 'g4ad.2xlarge_use1-az1': 5, 'g4ad.2xlarge_use1-az2': 10, 'g4ad.2xlarge_use1-az4': 10, 'g4ad.2xlarge_use1-az6': 10, 'g4ad.4xlarge_use1-az1': 10, 'g4ad.4xlarge_use1-az2': 15, 'g4ad.4xlarge_use1-az4': 15, 'g4ad.4xlarge_use1-az6': 5, 'g4ad.8xlarge_use1-az1': 1, 'g4ad.8xlarge_use1-az2': 5, 'g4ad.8xlarge_use1-az4': 5, 'g4ad.8xlarge_use1-az6': 5, 'g4ad.xlarge_use1-az1': 20, 'g4ad.xlarge_use1-az2': 20, 'g4ad.xlarge_use1-az4': 25, 'g4ad.xlarge_use1-az6': 20, 'g4dn.12xlarge_use1-az1': 5, 'g4dn.12xlarge_use1-az2': 15, 'g4dn.12xlarge_use1-az4': 15, 'g4dn.12xlarge_use1-az5': 15, 'g4dn.12xlarge_use1-az6': 50, 'g4dn.16xlarge_use1-az1': 1, 'g4dn.16xlarge_use1-az2': 10, 'g4dn.16xlarge_use1-az4': 1, 'g4dn.16xlarge_use1-az5': 5, 'g4dn.16xlarge_use1-az6': 15, 'g4dn.2xlarge_use1-az1': 45, 'g4dn.2xlarge_use1-az2': 50, 'g4dn.2xlarge_use1-az4': 50, 'g4dn.2xlarge_use1-az5': 50, 'g4dn.2xlarge_use1-az6': 50, 'g4dn.4xlarge_use1-az1': 5, 'g4dn.4xlarge_use1-az2': 40, 'g4dn.4xlarge_use1-az4': 25, 'g4dn.4xlarge_use1-az5': 40, 'g4dn.4xlarge_use1-az6': 40, 'g4dn.8xlarge_use1-az1': 1, 'g4dn.8xlarge_use1-az2': 1, 'g4dn.8xlarge_use1-az4': 10, 'g4dn.8xlarge_use1-az5': 1, 'g4dn.8xlarge_use1-az6': 5, 'g4dn.xlarge_use1-az1': 50, 'g4dn.xlarge_use1-az2': 50, 'g4dn.xlarge_use1-az4': 50, 'g4dn.xlarge_use1-az5': 50, 'g4dn.xlarge_use1-az6': 50, 'g5.12xlarge_use1-az2': 1, 'g5.12xlarge_use1-az5': 10, 'g5.12xlarge_use1-az6': 5, 'g5.16xlarge_use1-az1': 1, 'g5.16xlarge_use1-az2': 1, 'g5.16xlarge_use1-az4': 5, 'g5.16xlarge_use1-az5': 5, 'g5.16xlarge_use1-az6': 10, 'g5.24xlarge_use1-az1': 1, 'g5.24xlarge_use1-az2': 1, 'g5.24xlarge_use1-az4': 1, 'g5.24xlarge_use1-az5': 1, 'g5.24xlarge_use1-az6': 5, 'g5.2xlarge_use1-az5': 50, 'g5.48xlarge_use1-az2': 1, 'g5.48xlarge_use1-az5': 5, 'g5.48xlarge_use1-az6': 25, 'g5.4xlarge_use1-az1': 1, 'g5.4xlarge_use1-az2': 50, 'g5.4xlarge_use1-az4': 50, 'g5.4xlarge_use1-az5': 40, 'g5.4xlarge_use1-az6': 50, 'g5.8xlarge_use1-az1': 1, 'g5.8xlarge_use1-az2': 5, 'g5.8xlarge_use1-az4': 10, 'g5.8xlarge_use1-az5': 20, 'g5.8xlarge_use1-az6': 10, 'g5g.16xlarge_use1-az1': 1, 'g5g.16xlarge_use1-az6': 5, 'g5g.4xlarge_use1-az6': 1, 'g5g.8xlarge_use1-az1': 1, 'g5g.8xlarge_use1-az4': 1, 'g5g.8xlarge_use1-az6': 1, 'g6.12xlarge_use1-az1': 5, 'g6.12xlarge_use1-az2': 1, 'g6.12xlarge_use1-az4': 30, 'g6.12xlarge_use1-az6': 50, 'g6.16xlarge_use1-az1': 1, 'g6.16xlarge_use1-az2': 1, 'g6.16xlarge_use1-az4': 1, 'g6.16xlarge_use1-az6': 5, 'g6.24xlarge_use1-az2': 1, 'g6.24xlarge_use1-az4': 1, 'g6.24xlarge_use1-az6': 1, 'g6.2xlarge_use1-az1': 10, 'g6.2xlarge_use1-az2': 25, 'g6.2xlarge_use1-az4': 50, 'g6.2xlarge_use1-az6': 50, 'g6.48xlarge_use1-az2': 5, 'g6.48xlarge_use1-az4': 30, 'g6.48xlarge_use1-az6': 50, 'g6.4xlarge_use1-az1': 5, 'g6.4xlarge_use1-az2': 10, 'g6.4xlarge_use1-az4': 35, 'g6.4xlarge_use1-az6': 50, 'g6.8xlarge_use1-az1': 5, 'g6.8xlarge_use1-az2': 5, 'g6.8xlarge_use1-az4': 10, 'g6.8xlarge_use1-az6': 15, 'g6e.16xlarge_use1-az1': 10, 'g6e.16xlarge_use1-az2': 15, 'g6e.16xlarge_use1-az4': 40, 'g6e.16xlarge_use1-az6': 20, 'g6e.48xlarge_use1-az4': 5, 'g6e.48xlarge_use1-az6': 1, 'g6e.4xlarge_use1-az1': 1, 'g6e.4xlarge_use1-az4': 5, 'g6e.4xlarge_use1-az6': 1, 'g6e.8xlarge_use1-az1': 1, 'g6e.8xlarge_use1-az2': 1, 'g6e.8xlarge_use1-az4': 1, 'g6e.8xlarge_use1-az6': 1, 'g6f.2xlarge_use1-az1': 1, 'g6f.2xlarge_use1-az4': 1, 'g6f.2xlarge_use1-az6': 5, 'g6f.4xlarge_use1-az1': 1, 'g6f.4xlarge_use1-az4': 1, 'g6f.4xlarge_use1-az6': 1, 'g6f.large_use1-az1': 10, 'g6f.large_use1-az2': 15, 'g6f.large_use1-az4': 40, 'g6f.large_use1-az6': 20, 'g6f.xlarge_use1-az1': 1, 'g6f.xlarge_use1-az2': 1, 'g6f.xlarge_use1-az4': 5, 'g6f.xlarge_use1-az6': 10, 'gr6.4xlarge_use1-az2': 1, 'gr6.4xlarge_use1-az4': 1, 'gr6.4xlarge_use1-az6': 1, 'gr6.8xlarge_use1-az1': 1, 'gr6.8xlarge_use1-az2': 1, 'gr6.8xlarge_use1-az4': 1, 'gr6.8xlarge_use1-az6': 1, 'i2.2xlarge_use1-az3': 5, 'i2.4xlarge_use1-az3': 1, 'i2.xlarge_use1-az1': 1, 'i2.xlarge_use1-az2': 15, 'i2.xlarge_use1-az3': 1, 'i2.xlarge_use1-az4': 20, 'i2.xlarge_use1-az6': 15, 'i3.16xlarge_use1-az1': 20, 'i3.16xlarge_use1-az2': 50, 'i3.16xlarge_use1-az3': 10, 'i3.16xlarge_use1-az4': 50, 'i3.16xlarge_use1-az5': 10, 'i3.16xlarge_use1-az6': 45, 'i3.2xlarge_use1-az1': 50, 'i3.2xlarge_use1-az2': 50, 'i3.2xlarge_use1-az3': 50, 'i3.2xlarge_use1-az4': 50, 'i3.2xlarge_use1-az5': 50, 'i3.2xlarge_use1-az6': 50, 'i3.4xlarge_use1-az1': 50, 'i3.4xlarge_use1-az2': 50, 'i3.4xlarge_use1-az3': 50, 'i3.4xlarge_use1-az4': 50, 'i3.4xlarge_use1-az5': 50, 'i3.4xlarge_use1-az6': 50, 'i3.8xlarge_use1-az1': 50, 'i3.8xlarge_use1-az2': 50, 'i3.8xlarge_use1-az3': 50, 'i3.8xlarge_use1-az4': 50, 'i3.8xlarge_use1-az5': 25, 'i3.8xlarge_use1-az6': 50, 'i3.large_use1-az1': 50, 'i3.large_use1-az2': 50, 'i3.large_use1-az3': 50, 'i3.large_use1-az4': 50, 'i3.large_use1-az5': 50, 'i3.large_use1-az6': 50, 'i3.xlarge_use1-az1': 50, 'i3.xlarge_use1-az2': 50, 'i3.xlarge_use1-az3': 50, 'i3.xlarge_use1-az4': 50, 'i3.xlarge_use1-az5': 50, 'i3.xlarge_use1-az6': 50, 'i3en.12xlarge_use1-az2': 1, 'i3en.12xlarge_use1-az6': 50, 'i3en.24xlarge_use1-az6': 20, 'i3en.2xlarge_use1-az4': 30, 'i3en.2xlarge_use1-az6': 50, 'i3en.3xlarge_use1-az1': 50, 'i3en.3xlarge_use1-az2': 50, 'i3en.3xlarge_use1-az4': 50, 'i3en.3xlarge_use1-az5': 50, 'i3en.3xlarge_use1-az6': 50, 'i3en.6xlarge_use1-az1': 10, 'i3en.6xlarge_use1-az2': 20, 'i3en.6xlarge_use1-az4': 10, 'i3en.6xlarge_use1-az6': 50, 'i3en.large_use1-az1': 50, 'i3en.large_use1-az2': 50, 'i3en.large_use1-az4': 45, 'i3en.large_use1-az5': 35, 'i3en.large_use1-az6': 50, 'i3en.xlarge_use1-az1': 50, 'i3en.xlarge_use1-az2': 50, 'i3en.xlarge_use1-az4': 50, 'i3en.xlarge_use1-az5': 50, 'i3en.xlarge_use1-az6': 50, 'i4g.16xlarge_use1-az2': 1, 'i4g.16xlarge_use1-az4': 1, 'i4g.16xlarge_use1-az5': 50, 'i4g.16xlarge_use1-az6': 50, 'i4g.2xlarge_use1-az2': 10, 'i4g.2xlarge_use1-az4': 15, 'i4g.2xlarge_use1-az5': 40, 'i4g.2xlarge_use1-az6': 50, 'i4g.4xlarge_use1-az2': 25, 'i4g.4xlarge_use1-az4': 30, 'i4g.4xlarge_use1-az5': 50, 'i4g.4xlarge_use1-az6': 50, 'i4g.8xlarge_use1-az5': 45, 'i4g.8xlarge_use1-az6': 15, 'i4g.large_use1-az1': 5, 'i4g.large_use1-az2': 5, 'i4g.large_use1-az4': 5, 'i4g.large_use1-az5': 25, 'i4g.large_use1-az6': 50, 'i4g.xlarge_use1-az2': 10, 'i4g.xlarge_use1-az4': 1, 'i4g.xlarge_use1-az5': 50, 'i4g.xlarge_use1-az6': 50, 'i4i.12xlarge_use1-az2': 5, 'i4i.16xlarge_use1-az2': 1, 'i4i.16xlarge_use1-az6': 1, 'i4i.24xlarge_use1-az2': 1, 'i4i.2xlarge_use1-az1': 15, 'i4i.2xlarge_use1-az2': 50, 'i4i.2xlarge_use1-az4': 50, 'i4i.2xlarge_use1-az5': 1, 'i4i.2xlarge_use1-az6': 50, 'i4i.4xlarge_use1-az1': 1, 'i4i.4xlarge_use1-az2': 35, 'i4i.4xlarge_use1-az4': 1, 'i4i.4xlarge_use1-az6': 15, 'i4i.8xlarge_use1-az1': 1, 'i4i.8xlarge_use1-az2': 40, 'i4i.8xlarge_use1-az6': 5, 'i4i.large_use1-az1': 50, 'i4i.large_use1-az2': 50, 'i4i.large_use1-az4': 50, 'i4i.large_use1-az5': 50, 'i4i.large_use1-az6': 50, 'i4i.xlarge_use1-az1': 50, 'i4i.xlarge_use1-az2': 50, 'i4i.xlarge_use1-az4': 50, 'i4i.xlarge_use1-az5': 50, 'i4i.xlarge_use1-az6': 50, 'i7i.12xlarge_use1-az1': 1, 'i7i.12xlarge_use1-az2': 1, 'i7i.12xlarge_use1-az4': 1, 'i7i.12xlarge_use1-az5': 1, 'i7i.12xlarge_use1-az6': 1, 'i7i.16xlarge_use1-az2': 1, 'i7i.16xlarge_use1-az4': 5, 'i7i.16xlarge_use1-az5': 1, 'i7i.16xlarge_use1-az6': 1, 'i7i.24xlarge_use1-az2': 1, 'i7i.24xlarge_use1-az4': 1, 'i7i.24xlarge_use1-az5': 1, 'i7i.24xlarge_use1-az6': 1, 'i7i.2xlarge_use1-az1': 1, 'i7i.2xlarge_use1-az2': 50, 'i7i.2xlarge_use1-az4': 45, 'i7i.2xlarge_use1-az5': 20, 'i7i.2xlarge_use1-az6': 10, 'i7i.48xlarge_use1-az2': 1, 'i7i.4xlarge_use1-az1': 1, 'i7i.4xlarge_use1-az2': 15, 'i7i.4xlarge_use1-az4': 20, 'i7i.4xlarge_use1-az5': 5, 'i7i.4xlarge_use1-az6': 20, 'i7i.8xlarge_use1-az1': 1, 'i7i.8xlarge_use1-az2': 1, 'i7i.8xlarge_use1-az4': 5, 'i7i.8xlarge_use1-az5': 1, 'i7i.8xlarge_use1-az6': 1, 'i7i.metal-24xl_use1-az2': 1, 'i7i.metal-24xl_use1-az4': 50, 'i7i.metal-24xl_use1-az6': 35, 'i7i.xlarge_use1-az1': 1, 'i7i.xlarge_use1-az6': 20, 'i7ie.12xlarge_use1-az1': 1, 'i7ie.12xlarge_use1-az4': 1, 'i7ie.12xlarge_use1-az6': 30, 'i7ie.18xlarge_use1-az4': 1, 'i7ie.18xlarge_use1-az6': 20, 'i7ie.24xlarge_use1-az1': 1, 'i7ie.24xlarge_use1-az2': 1, 'i7ie.24xlarge_use1-az4': 1, 'i7ie.24xlarge_use1-az6': 50, 'i7ie.2xlarge_use1-az1': 5, 'i7ie.2xlarge_use1-az2': 1, 'i7ie.2xlarge_use1-az4': 15, 'i7ie.2xlarge_use1-az6': 35, 'i7ie.3xlarge_use1-az1': 5, 'i7ie.3xlarge_use1-az2': 1, 'i7ie.3xlarge_use1-az4': 5, 'i7ie.3xlarge_use1-az6': 30, 'i7ie.48xlarge_use1-az6': 50, 'i7ie.6xlarge_use1-az1': 25, 'i7ie.6xlarge_use1-az4': 20, 'i7ie.6xlarge_use1-az6': 50, 'i7ie.large_use1-az1': 45, 'i7ie.large_use1-az2': 15, 'i7ie.large_use1-az4': 50, 'i7ie.large_use1-az6': 50, 'i7ie.metal-24xl_use1-az4': 1, 'i7ie.metal-24xl_use1-az6': 15, 'i7ie.metal-48xl_use1-az6': 10, 'i7ie.xlarge_use1-az1': 10, 'i7ie.xlarge_use1-az2': 25, 'i7ie.xlarge_use1-az4': 45, 'i7ie.xlarge_use1-az6': 50, 'i8g.12xlarge_use1-az6': 1, 'i8g.24xlarge_use1-az6': 10, 'i8g.2xlarge_use1-az2': 1, 'i8g.4xlarge_use1-az2': 1, 'i8g.8xlarge_use1-az6': 5, 'i8g.large_use1-az2': 10, 'i8g.large_use1-az6': 5, 'i8g.xlarge_use1-az2': 1, 'i8g.xlarge_use1-az4': 1, 'i8g.xlarge_use1-az6': 1, 'i8ge.12xlarge_use1-az4': 1, 'i8ge.12xlarge_use1-az6': 5, 'i8ge.18xlarge_use1-az2': 1, 'i8ge.18xlarge_use1-az4': 1, 'i8ge.18xlarge_use1-az6': 5, 'i8ge.24xlarge_use1-az4': 1, 'i8ge.24xlarge_use1-az6': 5, 'i8ge.2xlarge_use1-az4': 10, 'i8ge.3xlarge_use1-az2': 1, 'i8ge.3xlarge_use1-az4': 5, 'i8ge.48xlarge_use1-az4': 5, 'i8ge.6xlarge_use1-az2': 1, 'i8ge.6xlarge_use1-az4': 1, 'i8ge.large_use1-az2': 5, 'i8ge.large_use1-az4': 50, 'i8ge.metal-24xl_use1-az4': 1, 'i8ge.metal-48xl_use1-az6': 1, 'i8ge.xlarge_use1-az4': 20, 'im4gn.16xlarge_use1-az4': 45, 'im4gn.2xlarge_use1-az1': 10, 'im4gn.2xlarge_use1-az4': 20, 'im4gn.2xlarge_use1-az6': 15, 'im4gn.4xlarge_use1-az1': 5, 'im4gn.4xlarge_use1-az4': 15, 'im4gn.8xlarge_use1-az1': 1, 'im4gn.8xlarge_use1-az4': 5, 'im4gn.large_use1-az1': 35, 'im4gn.large_use1-az2': 10, 'im4gn.large_use1-az4': 50, 'im4gn.large_use1-az6': 10, 'im4gn.xlarge_use1-az1': 25, 'im4gn.xlarge_use1-az2': 50, 'im4gn.xlarge_use1-az4': 30, 'im4gn.xlarge_use1-az6': 40, 'inf1.24xlarge_use1-az1': 1, 'inf1.24xlarge_use1-az2': 1, 'inf1.24xlarge_use1-az4': 10, 'inf1.24xlarge_use1-az5': 5, 'inf1.24xlarge_use1-az6': 20, 'inf1.2xlarge_use1-az1': 15, 'inf1.2xlarge_use1-az2': 15, 'inf1.2xlarge_use1-az4': 30, 'inf1.2xlarge_use1-az5': 40, 'inf1.2xlarge_use1-az6': 40, 'inf1.6xlarge_use1-az1': 1, 'inf1.6xlarge_use1-az2': 1, 'inf1.6xlarge_use1-az4': 5, 'inf1.6xlarge_use1-az5': 5, 'inf1.6xlarge_use1-az6': 10, 'inf1.xlarge_use1-az1': 50, 'inf1.xlarge_use1-az2': 50, 'inf1.xlarge_use1-az4': 40, 'inf1.xlarge_use1-az5': 50, 'inf1.xlarge_use1-az6': 50, 'inf2.24xlarge_use1-az4': 1, 'inf2.24xlarge_use1-az6': 10, 'inf2.48xlarge_use1-az6': 15, 'inf2.8xlarge_use1-az2': 5, 'inf2.8xlarge_use1-az4': 5, 'inf2.8xlarge_use1-az5': 1, 'inf2.8xlarge_use1-az6': 1, 'inf2.xlarge_use1-az2': 5, 'inf2.xlarge_use1-az4': 1, 'inf2.xlarge_use1-az6': 50, 'is4gen.2xlarge_use1-az2': 50, 'is4gen.2xlarge_use1-az4': 50, 'is4gen.2xlarge_use1-az6': 50, 'is4gen.medium_use1-az1': 50, 'is4gen.medium_use1-az2': 25, 'is4gen.medium_use1-az4': 40, 'is4gen.medium_use1-az6': 30, 'm1.xlarge_use1-az2': 10, 'm1.xlarge_use1-az4': 10, 'm1.xlarge_use1-az6': 10, 'm2.2xlarge_use1-az1': 5, 'm2.2xlarge_use1-az2': 10, 'm2.2xlarge_use1-az4': 15, 'm2.2xlarge_use1-az6': 5, 'm2.4xlarge_use1-az1': 1, 'm2.4xlarge_use1-az2': 5, 'm2.4xlarge_use1-az4': 5, 'm2.4xlarge_use1-az6': 5, 'm2.xlarge_use1-az1': 5, 'm2.xlarge_use1-az2': 20, 'm2.xlarge_use1-az4': 20, 'm2.xlarge_use1-az6': 15, 'm3.2xlarge_use1-az2': 25, 'm3.2xlarge_use1-az3': 1, 'm3.2xlarge_use1-az4': 40, 'm3.2xlarge_use1-az6': 45, 'm3.large_use1-az2': 50, 'm3.large_use1-az4': 50, 'm3.large_use1-az6': 50, 'm3.xlarge_use1-az2': 50, 'm3.xlarge_use1-az3': 1, 'm3.xlarge_use1-az4': 50, 'm3.xlarge_use1-az6': 50, 'm4.10xlarge_use1-az1': 5, 'm4.10xlarge_use1-az2': 10, 'm4.10xlarge_use1-az3': 1, 'm4.10xlarge_use1-az4': 50, 'm4.10xlarge_use1-az5': 1, 'm4.10xlarge_use1-az6': 50, 'm4.2xlarge_use1-az1': 5, 'm4.2xlarge_use1-az2': 20, 'm4.2xlarge_use1-az3': 50, 'm4.2xlarge_use1-az4': 20, 'm4.2xlarge_use1-az5': 1, 'm4.2xlarge_use1-az6': 25, 'm4.4xlarge_use1-az1': 50, 'm4.4xlarge_use1-az2': 50, 'm4.4xlarge_use1-az3': 50, 'm4.4xlarge_use1-az4': 25, 'm4.4xlarge_use1-az5': 10, 'm4.4xlarge_use1-az6': 15, 'm4.large_use1-az1': 30, 'm4.large_use1-az2': 50, 'm4.large_use1-az3': 25, 'm4.large_use1-az4': 50, 'm4.large_use1-az5': 10, 'm4.large_use1-az6': 50, 'm4.xlarge_use1-az1': 15, 'm4.xlarge_use1-az2': 50, 'm4.xlarge_use1-az3': 50, 'm4.xlarge_use1-az4': 50, 'm4.xlarge_use1-az5': 30, 'm4.xlarge_use1-az6': 50, 'm5.12xlarge_use1-az1': 5, 'm5.12xlarge_use1-az2': 25, 'm5.12xlarge_use1-az4': 50, 'm5.12xlarge_use1-az5': 1, 'm5.12xlarge_use1-az6': 40, 'm5.16xlarge_use1-az1': 10, 'm5.16xlarge_use1-az2': 50, 'm5.16xlarge_use1-az4': 50, 'm5.16xlarge_use1-az5': 1, 'm5.16xlarge_use1-az6': 50, 'm5.24xlarge_use1-az1': 5, 'm5.24xlarge_use1-az2': 5, 'm5.24xlarge_use1-az4': 5, 'm5.24xlarge_use1-az5': 1, 'm5.24xlarge_use1-az6': 35, 'm5.2xlarge_use1-az1': 50, 'm5.2xlarge_use1-az2': 50, 'm5.2xlarge_use1-az4': 50, 'm5.2xlarge_use1-az5': 50, 'm5.2xlarge_use1-az6': 50, 'm5.4xlarge_use1-az1': 50, 'm5.4xlarge_use1-az2': 50, 'm5.4xlarge_use1-az4': 50, 'm5.4xlarge_use1-az5': 10, 'm5.4xlarge_use1-az6': 50, 'm5.8xlarge_use1-az1': 50, 'm5.8xlarge_use1-az2': 40, 'm5.8xlarge_use1-az4': 50, 'm5.8xlarge_use1-az5': 1, 'm5.8xlarge_use1-az6': 50, 'm5.large_use1-az1': 50, 'm5.large_use1-az2': 50, 'm5.large_use1-az4': 50, 'm5.large_use1-az5': 50, 'm5.large_use1-az6': 50, 'm5.xlarge_use1-az1': 50, 'm5.xlarge_use1-az2': 50, 'm5.xlarge_use1-az4': 50, 'm5.xlarge_use1-az5': 50, 'm5.xlarge_use1-az6': 50, 'm5a.12xlarge_use1-az2': 1, 'm5a.12xlarge_use1-az4': 1, 'm5a.12xlarge_use1-az6': 1, 'm5a.16xlarge_use1-az2': 1, 'm5a.16xlarge_use1-az4': 1, 'm5a.16xlarge_use1-az6': 1, 'm5a.24xlarge_use1-az1': 1, 'm5a.24xlarge_use1-az2': 1, 'm5a.24xlarge_use1-az4': 1, 'm5a.24xlarge_use1-az5': 5, 'm5a.24xlarge_use1-az6': 5, 'm5a.2xlarge_use1-az1': 10, 'm5a.2xlarge_use1-az2': 25, 'm5a.2xlarge_use1-az4': 25, 'm5a.2xlarge_use1-az5': 5, 'm5a.2xlarge_use1-az6': 45, 'm5a.4xlarge_use1-az1': 5, 'm5a.4xlarge_use1-az2': 10, 'm5a.4xlarge_use1-az4': 5, 'm5a.4xlarge_use1-az5': 10, 'm5a.4xlarge_use1-az6': 15, 'm5a.8xlarge_use1-az1': 1, 'm5a.8xlarge_use1-az2': 20, 'm5a.8xlarge_use1-az4': 20, 'm5a.8xlarge_use1-az5': 1, 'm5a.8xlarge_use1-az6': 5, 'm5a.large_use1-az1': 50, 'm5a.large_use1-az2': 50, 'm5a.large_use1-az4': 50, 'm5a.large_use1-az5': 45, 'm5a.large_use1-az6': 50, 'm5a.xlarge_use1-az1': 10, 'm5a.xlarge_use1-az2': 30, 'm5a.xlarge_use1-az4': 10, 'm5a.xlarge_use1-az5': 20, 'm5a.xlarge_use1-az6': 50, 'm5ad.12xlarge_use1-az1': 1, 'm5ad.16xlarge_use1-az1': 1, 'm5ad.16xlarge_use1-az2': 1, 'm5ad.16xlarge_use1-az4': 1, 'm5ad.16xlarge_use1-az6': 1, 'm5ad.24xlarge_use1-az1': 5, 'm5ad.24xlarge_use1-az2': 1, 'm5ad.24xlarge_use1-az4': 1, 'm5ad.24xlarge_use1-az6': 5, 'm5ad.2xlarge_use1-az2': 1, 'm5ad.2xlarge_use1-az4': 5, 'm5ad.4xlarge_use1-az1': 1, 'm5ad.4xlarge_use1-az2': 1, 'm5ad.4xlarge_use1-az4': 1, 'm5ad.4xlarge_use1-az6': 1, 'm5ad.8xlarge_use1-az2': 1, 'm5ad.large_use1-az1': 10, 'm5ad.large_use1-az2': 5, 'm5ad.large_use1-az4': 10, 'm5ad.large_use1-az5': 1, 'm5ad.large_use1-az6': 10, 'm5ad.xlarge_use1-az1': 1, 'm5ad.xlarge_use1-az2': 10, 'm5ad.xlarge_use1-az4': 5, 'm5ad.xlarge_use1-az6': 5, 'm5d.12xlarge_use1-az1': 1, 'm5d.12xlarge_use1-az2': 25, 'm5d.12xlarge_use1-az4': 30, 'm5d.12xlarge_use1-az6': 15, 'm5d.16xlarge_use1-az1': 5, 'm5d.16xlarge_use1-az2': 35, 'm5d.16xlarge_use1-az4': 20, 'm5d.16xlarge_use1-az5': 1, 'm5d.16xlarge_use1-az6': 50, 'm5d.24xlarge_use1-az1': 20, 'm5d.24xlarge_use1-az2': 15, 'm5d.24xlarge_use1-az4': 5, 'm5d.24xlarge_use1-az5': 1, 'm5d.24xlarge_use1-az6': 50, 'm5d.2xlarge_use1-az1': 5, 'm5d.2xlarge_use1-az2': 25, 'm5d.2xlarge_use1-az4': 25, 'm5d.2xlarge_use1-az6': 30, 'm5d.4xlarge_use1-az1': 5, 'm5d.4xlarge_use1-az2': 15, 'm5d.4xlarge_use1-az4': 25, 'm5d.4xlarge_use1-az6': 25, 'm5d.8xlarge_use1-az1': 1, 'm5d.8xlarge_use1-az2': 25, 'm5d.8xlarge_use1-az4': 10, 'm5d.8xlarge_use1-az5': 1, 'm5d.8xlarge_use1-az6': 10, 'm5d.large_use1-az1': 5, 'm5d.large_use1-az2': 50, 'm5d.large_use1-az4': 50, 'm5d.large_use1-az6': 50, 'm5d.xlarge_use1-az1': 50, 'm5d.xlarge_use1-az2': 50, 'm5d.xlarge_use1-az4': 50, 'm5d.xlarge_use1-az5': 1, 'm5d.xlarge_use1-az6': 50, 'm5dn.12xlarge_use1-az1': 1, 'm5dn.12xlarge_use1-az4': 1, 'm5dn.12xlarge_use1-az6': 1, 'm5dn.16xlarge_use1-az1': 1, 'm5dn.16xlarge_use1-az2': 5, 'm5dn.16xlarge_use1-az4': 1, 'm5dn.16xlarge_use1-az6': 1, 'm5dn.24xlarge_use1-az1': 1, 'm5dn.24xlarge_use1-az2': 1, 'm5dn.24xlarge_use1-az4': 1, 'm5dn.24xlarge_use1-az6': 5, 'm5dn.2xlarge_use1-az1': 10, 'm5dn.2xlarge_use1-az2': 5, 'm5dn.2xlarge_use1-az4': 5, 'm5dn.2xlarge_use1-az6': 15, 'm5dn.4xlarge_use1-az1': 5, 'm5dn.4xlarge_use1-az2': 5, 'm5dn.4xlarge_use1-az4': 1, 'm5dn.4xlarge_use1-az5': 1, 'm5dn.4xlarge_use1-az6': 5, 'm5dn.8xlarge_use1-az2': 1, 'm5dn.8xlarge_use1-az6': 1, 'm5dn.large_use1-az1': 35, 'm5dn.large_use1-az2': 30, 'm5dn.large_use1-az4': 40, 'm5dn.large_use1-az5': 15, 'm5dn.large_use1-az6': 50, 'm5dn.xlarge_use1-az1': 10, 'm5dn.xlarge_use1-az2': 25, 'm5dn.xlarge_use1-az4': 20, 'm5dn.xlarge_use1-az5': 1, 'm5dn.xlarge_use1-az6': 30, 'm5n.12xlarge_use1-az1': 1, 'm5n.12xlarge_use1-az2': 1, 'm5n.12xlarge_use1-az4': 1, 'm5n.12xlarge_use1-az5': 1, 'm5n.12xlarge_use1-az6': 1, 'm5n.16xlarge_use1-az2': 1, 'm5n.16xlarge_use1-az4': 1, 'm5n.16xlarge_use1-az6': 1, 'm5n.24xlarge_use1-az2': 1, 'm5n.24xlarge_use1-az4': 1, 'm5n.24xlarge_use1-az6': 1, 'm5n.2xlarge_use1-az1': 15, 'm5n.2xlarge_use1-az2': 25, 'm5n.2xlarge_use1-az4': 30, 'm5n.2xlarge_use1-az5': 5, 'm5n.2xlarge_use1-az6': 25, 'm5n.4xlarge_use1-az1': 25, 'm5n.4xlarge_use1-az2': 35, 'm5n.4xlarge_use1-az4': 50, 'm5n.4xlarge_use1-az5': 5, 'm5n.4xlarge_use1-az6': 10, 'm5n.8xlarge_use1-az1': 1, 'm5n.8xlarge_use1-az2': 1, 'm5n.8xlarge_use1-az4': 1, 'm5n.8xlarge_use1-az6': 5, 'm5n.large_use1-az1': 5, 'm5n.large_use1-az2': 15, 'm5n.large_use1-az4': 5, 'm5n.large_use1-az5': 5, 'm5n.large_use1-az6': 15, 'm5n.xlarge_use1-az1': 20, 'm5n.xlarge_use1-az2': 50, 'm5n.xlarge_use1-az4': 50, 'm5n.xlarge_use1-az5': 1, 'm5n.xlarge_use1-az6': 50, 'm5zn.12xlarge_use1-az2': 1, 'm5zn.12xlarge_use1-az4': 10, 'm5zn.12xlarge_use1-az5': 1, 'm5zn.12xlarge_use1-az6': 5, 'm5zn.2xlarge_use1-az1': 1, 'm5zn.2xlarge_use1-az2': 1, 'm5zn.2xlarge_use1-az4': 25, 'm5zn.2xlarge_use1-az5': 1, 'm5zn.2xlarge_use1-az6': 5, 'm5zn.3xlarge_use1-az1': 1, 'm5zn.3xlarge_use1-az2': 1, 'm5zn.3xlarge_use1-az4': 5, 'm5zn.3xlarge_use1-az6': 5, 'm5zn.6xlarge_use1-az4': 1, 'm5zn.6xlarge_use1-az6': 1, 'm5zn.large_use1-az1': 5, 'm5zn.large_use1-az2': 5, 'm5zn.large_use1-az4': 30, 'm5zn.large_use1-az5': 15, 'm5zn.large_use1-az6': 20, 'm5zn.xlarge_use1-az1': 1, 'm5zn.xlarge_use1-az2': 1, 'm5zn.xlarge_use1-az4': 20, 'm5zn.xlarge_use1-az5': 5, 'm5zn.xlarge_use1-az6': 5, 'm6a.12xlarge_use1-az1': 5, 'm6a.12xlarge_use1-az2': 5, 'm6a.12xlarge_use1-az4': 15, 'm6a.12xlarge_use1-az6': 10, 'm6a.16xlarge_use1-az1': 5, 'm6a.16xlarge_use1-az2': 5, 'm6a.16xlarge_use1-az4': 5, 'm6a.16xlarge_use1-az6': 5, 'm6a.24xlarge_use1-az1': 1, 'm6a.24xlarge_use1-az2': 1, 'm6a.24xlarge_use1-az4': 1, 'm6a.24xlarge_use1-az6': 1, 'm6a.2xlarge_use1-az1': 50, 'm6a.2xlarge_use1-az2': 35, 'm6a.2xlarge_use1-az4': 45, 'm6a.2xlarge_use1-az5': 15, 'm6a.2xlarge_use1-az6': 50, 'm6a.32xlarge_use1-az2': 1, 'm6a.32xlarge_use1-az4': 1, 'm6a.32xlarge_use1-az5': 1, 'm6a.32xlarge_use1-az6': 1, 'm6a.48xlarge_use1-az2': 1, 'm6a.48xlarge_use1-az4': 1, 'm6a.48xlarge_use1-az6': 1, 'm6a.4xlarge_use1-az1': 45, 'm6a.4xlarge_use1-az2': 40, 'm6a.4xlarge_use1-az4': 25, 'm6a.4xlarge_use1-az5': 5, 'm6a.4xlarge_use1-az6': 50, 'm6a.8xlarge_use1-az1': 25, 'm6a.8xlarge_use1-az2': 15, 'm6a.8xlarge_use1-az4': 50, 'm6a.8xlarge_use1-az5': 10, 'm6a.8xlarge_use1-az6': 50, 'm6a.large_use1-az1': 50, 'm6a.large_use1-az2': 50, 'm6a.large_use1-az4': 50, 'm6a.large_use1-az5': 30, 'm6a.large_use1-az6': 50, 'm6a.xlarge_use1-az1': 50, 'm6a.xlarge_use1-az2': 50, 'm6a.xlarge_use1-az4': 50, 'm6a.xlarge_use1-az5': 35, 'm6a.xlarge_use1-az6': 50, 'm6g.12xlarge_use1-az1': 1, 'm6g.12xlarge_use1-az2': 5, 'm6g.12xlarge_use1-az4': 50, 'm6g.12xlarge_use1-az6': 50, 'm6g.16xlarge_use1-az1': 1, 'm6g.16xlarge_use1-az2': 5, 'm6g.16xlarge_use1-az4': 25, 'm6g.16xlarge_use1-az6': 50, 'm6g.2xlarge_use1-az1': 15, 'm6g.2xlarge_use1-az2': 50, 'm6g.2xlarge_use1-az4': 50, 'm6g.2xlarge_use1-az5': 5, 'm6g.2xlarge_use1-az6': 50, 'm6g.4xlarge_use1-az1': 10, 'm6g.4xlarge_use1-az2': 50, 'm6g.4xlarge_use1-az4': 50, 'm6g.4xlarge_use1-az5': 10, 'm6g.4xlarge_use1-az6': 50, 'm6g.8xlarge_use1-az1': 5, 'm6g.8xlarge_use1-az2': 50, 'm6g.8xlarge_use1-az4': 50, 'm6g.8xlarge_use1-az6': 50, 'm6g.large_use1-az1': 1, 'm6g.large_use1-az2': 50, 'm6g.large_use1-az4': 50, 'm6g.large_use1-az5': 5, 'm6g.large_use1-az6': 50, 'm6g.medium_use1-az1': 5, 'm6g.medium_use1-az2': 5, 'm6g.medium_use1-az4': 10, 'm6g.medium_use1-az5': 1, 'm6g.medium_use1-az6': 15, 'm6g.xlarge_use1-az1': 50, 'm6g.xlarge_use1-az2': 50, 'm6g.xlarge_use1-az4': 50, 'm6g.xlarge_use1-az5': 50, 'm6g.xlarge_use1-az6': 50, 'm6gd.12xlarge_use1-az1': 10, 'm6gd.12xlarge_use1-az2': 40, 'm6gd.12xlarge_use1-az4': 20, 'm6gd.12xlarge_use1-az5': 5, 'm6gd.12xlarge_use1-az6': 50, 'm6gd.16xlarge_use1-az1': 5, 'm6gd.16xlarge_use1-az2': 10, 'm6gd.16xlarge_use1-az4': 10, 'm6gd.16xlarge_use1-az5': 10, 'm6gd.16xlarge_use1-az6': 35, 'm6gd.2xlarge_use1-az1': 1, 'm6gd.2xlarge_use1-az2': 50, 'm6gd.2xlarge_use1-az4': 45, 'm6gd.2xlarge_use1-az5': 1, 'm6gd.2xlarge_use1-az6': 5, 'm6gd.4xlarge_use1-az1': 1, 'm6gd.4xlarge_use1-az2': 5, 'm6gd.4xlarge_use1-az4': 5, 'm6gd.4xlarge_use1-az5': 1, 'm6gd.4xlarge_use1-az6': 15, 'm6gd.8xlarge_use1-az1': 5, 'm6gd.8xlarge_use1-az2': 10, 'm6gd.8xlarge_use1-az4': 15, 'm6gd.8xlarge_use1-az5': 1, 'm6gd.8xlarge_use1-az6': 20, 'm6gd.large_use1-az1': 1, 'm6gd.large_use1-az2': 5, 'm6gd.large_use1-az4': 5, 'm6gd.large_use1-az5': 1, 'm6gd.large_use1-az6': 15, 'm6gd.medium_use1-az1': 1, 'm6gd.medium_use1-az2': 1, 'm6gd.medium_use1-az4': 1, 'm6gd.medium_use1-az5': 5, 'm6gd.medium_use1-az6': 1, 'm6gd.xlarge_use1-az1': 1, 'm6gd.xlarge_use1-az2': 10, 'm6gd.xlarge_use1-az4': 35, 'm6gd.xlarge_use1-az5': 1, 'm6gd.xlarge_use1-az6': 15, 'm6i.12xlarge_use1-az1': 1, 'm6i.12xlarge_use1-az2': 10, 'm6i.12xlarge_use1-az4': 50, 'm6i.12xlarge_use1-az5': 1, 'm6i.12xlarge_use1-az6': 30, 'm6i.16xlarge_use1-az1': 1, 'm6i.16xlarge_use1-az2': 10, 'm6i.16xlarge_use1-az4': 5, 'm6i.16xlarge_use1-az5': 1, 'm6i.16xlarge_use1-az6': 10, 'm6i.24xlarge_use1-az2': 10, 'm6i.24xlarge_use1-az4': 5, 'm6i.24xlarge_use1-az5': 1, 'm6i.24xlarge_use1-az6': 50, 'm6i.2xlarge_use1-az1': 25, 'm6i.2xlarge_use1-az2': 50, 'm6i.2xlarge_use1-az4': 50, 'm6i.2xlarge_use1-az5': 25, 'm6i.2xlarge_use1-az6': 50, 'm6i.32xlarge_use1-az2': 1, 'm6i.32xlarge_use1-az4': 5, 'm6i.32xlarge_use1-az5': 1, 'm6i.32xlarge_use1-az6': 15, 'm6i.4xlarge_use1-az1': 15, 'm6i.4xlarge_use1-az2': 50, 'm6i.4xlarge_use1-az4': 50, 'm6i.4xlarge_use1-az5': 50, 'm6i.4xlarge_use1-az6': 50, 'm6i.8xlarge_use1-az1': 1, 'm6i.8xlarge_use1-az2': 50, 'm6i.8xlarge_use1-az4': 50, 'm6i.8xlarge_use1-az5': 20, 'm6i.8xlarge_use1-az6': 50, 'm6i.large_use1-az1': 25, 'm6i.large_use1-az2': 50, 'm6i.large_use1-az4': 50, 'm6i.large_use1-az5': 50, 'm6i.large_use1-az6': 50, 'm6i.xlarge_use1-az1': 45, 'm6i.xlarge_use1-az2': 50, 'm6i.xlarge_use1-az4': 50, 'm6i.xlarge_use1-az5': 25, 'm6i.xlarge_use1-az6': 50, 'm6id.12xlarge_use1-az1': 1, 'm6id.12xlarge_use1-az2': 1, 'm6id.12xlarge_use1-az4': 1, 'm6id.12xlarge_use1-az6': 1, 'm6id.16xlarge_use1-az1': 1, 'm6id.16xlarge_use1-az2': 1, 'm6id.16xlarge_use1-az4': 1, 'm6id.16xlarge_use1-az6': 1, 'm6id.24xlarge_use1-az1': 10, 'm6id.24xlarge_use1-az2': 15, 'm6id.24xlarge_use1-az4': 35, 'm6id.24xlarge_use1-az5': 5, 'm6id.24xlarge_use1-az6': 15, 'm6id.2xlarge_use1-az1': 5, 'm6id.2xlarge_use1-az2': 5, 'm6id.2xlarge_use1-az4': 5, 'm6id.2xlarge_use1-az5': 1, 'm6id.2xlarge_use1-az6': 5, 'm6id.32xlarge_use1-az1': 10, 'm6id.32xlarge_use1-az2': 15, 'm6id.32xlarge_use1-az4': 5, 'm6id.32xlarge_use1-az5': 1, 'm6id.32xlarge_use1-az6': 50, 'm6id.4xlarge_use1-az1': 15, 'm6id.4xlarge_use1-az2': 10, 'm6id.4xlarge_use1-az4': 5, 'm6id.4xlarge_use1-az5': 1, 'm6id.4xlarge_use1-az6': 10, 'm6id.8xlarge_use1-az1': 1, 'm6id.8xlarge_use1-az4': 5, 'm6id.8xlarge_use1-az5': 1, 'm6id.8xlarge_use1-az6': 1, 'm6id.large_use1-az1': 30, 'm6id.large_use1-az2': 35, 'm6id.large_use1-az4': 15, 'm6id.large_use1-az5': 5, 'm6id.large_use1-az6': 50, 'm6id.xlarge_use1-az1': 20, 'm6id.xlarge_use1-az2': 45, 'm6id.xlarge_use1-az4': 15, 'm6id.xlarge_use1-az5': 5, 'm6id.xlarge_use1-az6': 25, 'm6idn.12xlarge_use1-az2': 1, 'm6idn.16xlarge_use1-az4': 1, 'm6idn.24xlarge_use1-az1': 1, 'm6idn.24xlarge_use1-az2': 1, 'm6idn.24xlarge_use1-az4': 1, 'm6idn.2xlarge_use1-az1': 5, 'm6idn.2xlarge_use1-az2': 10, 'm6idn.2xlarge_use1-az4': 5, 'm6idn.2xlarge_use1-az5': 1, 'm6idn.2xlarge_use1-az6': 5, 'm6idn.32xlarge_use1-az2': 1, 'm6idn.4xlarge_use1-az1': 30, 'm6idn.4xlarge_use1-az2': 10, 'm6idn.4xlarge_use1-az4': 5, 'm6idn.4xlarge_use1-az5': 5, 'm6idn.4xlarge_use1-az6': 5, 'm6idn.large_use1-az1': 25, 'm6idn.large_use1-az2': 35, 'm6idn.large_use1-az4': 15, 'm6idn.large_use1-az5': 10, 'm6idn.large_use1-az6': 10, 'm6idn.xlarge_use1-az1': 15, 'm6idn.xlarge_use1-az2': 50, 'm6idn.xlarge_use1-az4': 20, 'm6idn.xlarge_use1-az5': 5, 'm6idn.xlarge_use1-az6': 10, 'm6in.12xlarge_use1-az4': 1, 'm6in.16xlarge_use1-az2': 1, 'm6in.16xlarge_use1-az4': 1, 'm6in.24xlarge_use1-az1': 1, 'm6in.24xlarge_use1-az2': 1, 'm6in.2xlarge_use1-az1': 10, 'm6in.2xlarge_use1-az2': 20, 'm6in.2xlarge_use1-az4': 10, 'm6in.2xlarge_use1-az5': 1, 'm6in.2xlarge_use1-az6': 5, 'm6in.4xlarge_use1-az1': 1, 'm6in.4xlarge_use1-az2': 1, 'm6in.4xlarge_use1-az5': 1, 'm6in.8xlarge_use1-az1': 1, 'm6in.8xlarge_use1-az2': 1, 'm6in.8xlarge_use1-az4': 1, 'm6in.large_use1-az1': 5, 'm6in.large_use1-az2': 10, 'm6in.large_use1-az4': 5, 'm6in.large_use1-az5': 1, 'm6in.large_use1-az6': 1, 'm6in.xlarge_use1-az1': 5, 'm6in.xlarge_use1-az2': 10, 'm6in.xlarge_use1-az4': 1, 'm7a.12xlarge_use1-az2': 1, 'm7a.12xlarge_use1-az6': 20, 'm7a.16xlarge_use1-az2': 1, 'm7a.16xlarge_use1-az6': 40, 'm7a.24xlarge_use1-az2': 1, 'm7a.24xlarge_use1-az6': 50, 'm7a.2xlarge_use1-az1': 5, 'm7a.2xlarge_use1-az2': 15, 'm7a.2xlarge_use1-az4': 10, 'm7a.2xlarge_use1-az6': 50, 'm7a.32xlarge_use1-az6': 20, 'm7a.48xlarge_use1-az6': 40, 'm7a.4xlarge_use1-az1': 10, 'm7a.4xlarge_use1-az2': 5, 'm7a.4xlarge_use1-az4': 10, 'm7a.4xlarge_use1-az6': 25, 'm7a.8xlarge_use1-az1': 1, 'm7a.8xlarge_use1-az2': 5, 'm7a.8xlarge_use1-az4': 1, 'm7a.8xlarge_use1-az6': 50, 'm7a.large_use1-az1': 15, 'm7a.large_use1-az2': 50, 'm7a.large_use1-az4': 50, 'm7a.large_use1-az5': 5, 'm7a.large_use1-az6': 50, 'm7a.medium_use1-az1': 10, 'm7a.medium_use1-az2': 50, 'm7a.medium_use1-az4': 50, 'm7a.medium_use1-az6': 50, 'm7a.xlarge_use1-az1': 5, 'm7a.xlarge_use1-az2': 40, 'm7a.xlarge_use1-az4': 50, 'm7a.xlarge_use1-az6': 50, 'm7g.12xlarge_use1-az1': 1, 'm7g.12xlarge_use1-az2': 10, 'm7g.12xlarge_use1-az4': 45, 'm7g.12xlarge_use1-az5': 1, 'm7g.12xlarge_use1-az6': 50, 'm7g.16xlarge_use1-az1': 1, 'm7g.16xlarge_use1-az2': 30, 'm7g.16xlarge_use1-az4': 35, 'm7g.16xlarge_use1-az5': 1, 'm7g.16xlarge_use1-az6': 50, 'm7g.2xlarge_use1-az1': 35, 'm7g.2xlarge_use1-az2': 50, 'm7g.2xlarge_use1-az4': 50, 'm7g.2xlarge_use1-az5': 15, 'm7g.2xlarge_use1-az6': 50, 'm7g.4xlarge_use1-az1': 10, 'm7g.4xlarge_use1-az2': 30, 'm7g.4xlarge_use1-az4': 50, 'm7g.4xlarge_use1-az5': 10, 'm7g.4xlarge_use1-az6': 50, 'm7g.8xlarge_use1-az1': 1, 'm7g.8xlarge_use1-az2': 15, 'm7g.8xlarge_use1-az4': 40, 'm7g.8xlarge_use1-az5': 1, 'm7g.8xlarge_use1-az6': 50, 'm7g.large_use1-az1': 10, 'm7g.large_use1-az2': 50, 'm7g.large_use1-az4': 50, 'm7g.large_use1-az5': 30, 'm7g.large_use1-az6': 50, 'm7g.medium_use1-az1': 30, 'm7g.medium_use1-az2': 40, 'm7g.medium_use1-az4': 50, 'm7g.medium_use1-az5': 35, 'm7g.medium_use1-az6': 50, 'm7g.metal_use1-az1': 1, 'm7g.metal_use1-az2': 25, 'm7g.metal_use1-az4': 10, 'm7g.metal_use1-az5': 1, 'm7g.metal_use1-az6': 50, 'm7g.xlarge_use1-az1': 50, 'm7g.xlarge_use1-az2': 50, 'm7g.xlarge_use1-az4': 50, 'm7g.xlarge_use1-az5': 50, 'm7g.xlarge_use1-az6': 50, 'm7gd.12xlarge_use1-az1': 5, 'm7gd.12xlarge_use1-az2': 10, 'm7gd.12xlarge_use1-az4': 1, 'm7gd.12xlarge_use1-az6': 35, 'm7gd.16xlarge_use1-az1': 1, 'm7gd.16xlarge_use1-az2': 30, 'm7gd.16xlarge_use1-az4': 1, 'm7gd.16xlarge_use1-az6': 40, 'm7gd.2xlarge_use1-az1': 15, 'm7gd.2xlarge_use1-az2': 50, 'm7gd.2xlarge_use1-az4': 15, 'm7gd.2xlarge_use1-az6': 25, 'm7gd.4xlarge_use1-az1': 5, 'm7gd.4xlarge_use1-az2': 10, 'm7gd.4xlarge_use1-az4': 1, 'm7gd.4xlarge_use1-az6': 40, 'm7gd.8xlarge_use1-az1': 10, 'm7gd.8xlarge_use1-az2': 50, 'm7gd.8xlarge_use1-az4': 30, 'm7gd.8xlarge_use1-az5': 45, 'm7gd.8xlarge_use1-az6': 50, 'm7gd.large_use1-az1': 5, 'm7gd.large_use1-az2': 50, 'm7gd.large_use1-az4': 5, 'm7gd.large_use1-az6': 50, 'm7gd.medium_use1-az1': 15, 'm7gd.medium_use1-az2': 20, 'm7gd.medium_use1-az4': 15, 'm7gd.medium_use1-az5': 20, 'm7gd.medium_use1-az6': 25, 'm7gd.metal_use1-az1': 5, 'm7gd.metal_use1-az2': 15, 'm7gd.metal_use1-az4': 1, 'm7gd.metal_use1-az6': 15, 'm7gd.xlarge_use1-az1': 5, 'm7gd.xlarge_use1-az2': 10, 'm7gd.xlarge_use1-az4': 10, 'm7gd.xlarge_use1-az5': 1, 'm7gd.xlarge_use1-az6': 25, 'm7i-flex.2xlarge_use1-az1': 50, 'm7i-flex.2xlarge_use1-az2': 50, 'm7i-flex.2xlarge_use1-az4': 15, 'm7i-flex.2xlarge_use1-az5': 10, 'm7i-flex.2xlarge_use1-az6': 50, 'm7i-flex.4xlarge_use1-az2': 5, 'm7i-flex.4xlarge_use1-az4': 5, 'm7i-flex.4xlarge_use1-az6': 25, 'm7i-flex.8xlarge_use1-az1': 1, 'm7i-flex.8xlarge_use1-az2': 5, 'm7i-flex.8xlarge_use1-az4': 5, 'm7i-flex.8xlarge_use1-az5': 1, 'm7i-flex.8xlarge_use1-az6': 10, 'm7i-flex.large_use1-az1': 20, 'm7i-flex.large_use1-az2': 50, 'm7i-flex.large_use1-az4': 25, 'm7i-flex.large_use1-az5': 25, 'm7i-flex.large_use1-az6': 50, 'm7i-flex.xlarge_use1-az1': 50, 'm7i-flex.xlarge_use1-az2': 50, 'm7i-flex.xlarge_use1-az4': 50, 'm7i-flex.xlarge_use1-az5': 15, 'm7i-flex.xlarge_use1-az6': 50, 'm7i.12xlarge_use1-az1': 1, 'm7i.12xlarge_use1-az2': 5, 'm7i.12xlarge_use1-az4': 15, 'm7i.12xlarge_use1-az6': 50, 'm7i.16xlarge_use1-az1': 5, 'm7i.16xlarge_use1-az2': 10, 'm7i.16xlarge_use1-az4': 10, 'm7i.16xlarge_use1-az6': 50, 'm7i.24xlarge_use1-az2': 5, 'm7i.24xlarge_use1-az4': 5, 'm7i.24xlarge_use1-az6': 50, 'm7i.2xlarge_use1-az1': 1, 'm7i.2xlarge_use1-az2': 50, 'm7i.2xlarge_use1-az4': 50, 'm7i.2xlarge_use1-az6': 50, 'm7i.48xlarge_use1-az1': 1, 'm7i.48xlarge_use1-az2': 5, 'm7i.48xlarge_use1-az4': 20, 'm7i.48xlarge_use1-az6': 50, 'm7i.4xlarge_use1-az1': 1, 'm7i.4xlarge_use1-az2': 25, 'm7i.4xlarge_use1-az4': 10, 'm7i.4xlarge_use1-az6': 50, 'm7i.8xlarge_use1-az1': 40, 'm7i.8xlarge_use1-az2': 20, 'm7i.8xlarge_use1-az4': 50, 'm7i.8xlarge_use1-az6': 50, 'm7i.large_use1-az1': 50, 'm7i.large_use1-az2': 50, 'm7i.large_use1-az4': 50, 'm7i.large_use1-az5': 1, 'm7i.large_use1-az6': 50, 'm7i.xlarge_use1-az1': 30, 'm7i.xlarge_use1-az2': 35, 'm7i.xlarge_use1-az4': 50, 'm7i.xlarge_use1-az6': 50, 'm8g.12xlarge_use1-az2': 10, 'm8g.12xlarge_use1-az4': 10, 'm8g.12xlarge_use1-az5': 1, 'm8g.12xlarge_use1-az6': 35, 'm8g.16xlarge_use1-az2': 5, 'm8g.16xlarge_use1-az4': 5, 'm8g.16xlarge_use1-az5': 5, 'm8g.16xlarge_use1-az6': 45, 'm8g.24xlarge_use1-az2': 5, 'm8g.24xlarge_use1-az4': 1, 'm8g.24xlarge_use1-az5': 1, 'm8g.24xlarge_use1-az6': 25, 'm8g.2xlarge_use1-az4': 10, 'm8g.2xlarge_use1-az5': 10, 'm8g.48xlarge_use1-az2': 5, 'm8g.48xlarge_use1-az4': 5, 'm8g.48xlarge_use1-az6': 20, 'm8g.4xlarge_use1-az2': 5, 'm8g.4xlarge_use1-az4': 5, 'm8g.4xlarge_use1-az5': 1, 'm8g.4xlarge_use1-az6': 40, 'm8g.8xlarge_use1-az2': 10, 'm8g.8xlarge_use1-az4': 20, 'm8g.8xlarge_use1-az5': 1, 'm8g.8xlarge_use1-az6': 40, 'm8g.large_use1-az1': 1, 'm8g.large_use1-az2': 20, 'm8g.large_use1-az6': 45, 'm8g.medium_use1-az1': 1, 'm8g.medium_use1-az2': 15, 'm8g.metal-48xl_use1-az2': 5, 'm8g.metal-48xl_use1-az6': 25, 'm8g.xlarge_use1-az1': 1, 'm8g.xlarge_use1-az5': 15, 'm8g.xlarge_use1-az6': 50, 'm8gd.16xlarge_use1-az5': 1, 'm8gd.4xlarge_use1-az2': 5, 'm8gd.4xlarge_use1-az4': 1, 'm8gd.4xlarge_use1-az6': 1, 'm8gd.8xlarge_use1-az5': 1, 'm8gd.8xlarge_use1-az6': 5, 'm8gd.large_use1-az1': 20, 'm8gd.large_use1-az2': 15, 'm8gd.large_use1-az5': 1, 'm8gd.large_use1-az6': 1, 'm8gd.medium_use1-az6': 1, 'm8gd.metal-24xl_use1-az2': 1, 'm8gd.xlarge_use1-az1': 1, 'm8gd.xlarge_use1-az5': 1, 'm8i-flex.16xlarge_use1-az6': 5, 'm8i-flex.2xlarge_use1-az2': 10, 'm8i-flex.2xlarge_use1-az4': 1, 'm8i-flex.2xlarge_use1-az6': 50, 'm8i-flex.4xlarge_use1-az2': 1, 'm8i-flex.4xlarge_use1-az4': 1, 'm8i-flex.4xlarge_use1-az6': 5, 'm8i-flex.8xlarge_use1-az6': 1, 'm8i-flex.large_use1-az2': 5, 'm8i-flex.xlarge_use1-az2': 10, 'm8i-flex.xlarge_use1-az4': 25, 'm8i-flex.xlarge_use1-az6': 50, 'm8i.12xlarge_use1-az6': 1, 'm8i.16xlarge_use1-az4': 1, 'm8i.16xlarge_use1-az6': 1, 'm8i.24xlarge_use1-az6': 1, 'm8i.2xlarge_use1-az2': 10, 'm8i.2xlarge_use1-az4': 1, 'm8i.2xlarge_use1-az6': 10, 'm8i.32xlarge_use1-az2': 1, 'm8i.32xlarge_use1-az6': 5, 'm8i.48xlarge_use1-az2': 1, 'm8i.48xlarge_use1-az6': 5, 'm8i.4xlarge_use1-az2': 5, 'm8i.4xlarge_use1-az4': 1, 'm8i.4xlarge_use1-az6': 5, 'm8i.8xlarge_use1-az2': 1, 'm8i.8xlarge_use1-az4': 1, 'm8i.8xlarge_use1-az6': 20, 'm8i.96xlarge_use1-az6': 1, 'm8i.large_use1-az4': 25, 'm8i.metal-48xl_use1-az6': 1, 'm8i.metal-96xl_use1-az6': 1, 'm8i.xlarge_use1-az2': 30, 'm8i.xlarge_use1-az4': 10, 'p3.2xlarge_use1-az1': 50, 'p3.2xlarge_use1-az2': 50, 'p3.2xlarge_use1-az5': 50, 'p3.2xlarge_use1-az6': 50, 'r3.2xlarge_use1-az2': 1, 'r3.2xlarge_use1-az4': 1, 'r3.2xlarge_use1-az6': 1, 'r3.4xlarge_use1-az4': 1, 'r3.4xlarge_use1-az6': 1, 'r3.8xlarge_use1-az2': 1, 'r3.8xlarge_use1-az4': 1, 'r3.8xlarge_use1-az6': 5, 'r3.large_use1-az2': 50, 'r3.large_use1-az4': 50, 'r3.large_use1-az6': 50, 'r3.xlarge_use1-az2': 40, 'r3.xlarge_use1-az4': 50, 'r3.xlarge_use1-az6': 50, 'r4.16xlarge_use1-az1': 10, 'r4.16xlarge_use1-az2': 10, 'r4.16xlarge_use1-az3': 50, 'r4.16xlarge_use1-az4': 35, 'r4.16xlarge_use1-az5': 15, 'r4.16xlarge_use1-az6': 10, 'r4.2xlarge_use1-az1': 20, 'r4.2xlarge_use1-az2': 50, 'r4.2xlarge_use1-az3': 50, 'r4.2xlarge_use1-az4': 50, 'r4.2xlarge_use1-az5': 5, 'r4.2xlarge_use1-az6': 50, 'r4.4xlarge_use1-az1': 20, 'r4.4xlarge_use1-az2': 50, 'r4.4xlarge_use1-az3': 40, 'r4.4xlarge_use1-az4': 15, 'r4.4xlarge_use1-az5': 5, 'r4.4xlarge_use1-az6': 50, 'r4.8xlarge_use1-az1': 50, 'r4.8xlarge_use1-az2': 50, 'r4.8xlarge_use1-az3': 25, 'r4.8xlarge_use1-az4': 50, 'r4.8xlarge_use1-az5': 5, 'r4.8xlarge_use1-az6': 50, 'r4.large_use1-az1': 35, 'r4.large_use1-az2': 50, 'r4.large_use1-az4': 50, 'r4.large_use1-az5': 20, 'r4.large_use1-az6': 50, 'r4.xlarge_use1-az1': 50, 'r4.xlarge_use1-az2': 50, 'r4.xlarge_use1-az3': 50, 'r4.xlarge_use1-az4': 50, 'r4.xlarge_use1-az5': 30, 'r4.xlarge_use1-az6': 50, 'r5.12xlarge_use1-az1': 5, 'r5.12xlarge_use1-az2': 5, 'r5.12xlarge_use1-az4': 50, 'r5.12xlarge_use1-az5': 5, 'r5.12xlarge_use1-az6': 5, 'r5.16xlarge_use1-az1': 5, 'r5.16xlarge_use1-az4': 35, 'r5.16xlarge_use1-az5': 30, 'r5.16xlarge_use1-az6': 5, 'r5.24xlarge_use1-az4': 15, 'r5.24xlarge_use1-az5': 5, 'r5.24xlarge_use1-az6': 5, 'r5.2xlarge_use1-az1': 50, 'r5.2xlarge_use1-az2': 50, 'r5.2xlarge_use1-az4': 50, 'r5.2xlarge_use1-az5': 5, 'r5.2xlarge_use1-az6': 50, 'r5.4xlarge_use1-az1': 50, 'r5.4xlarge_use1-az2': 50, 'r5.4xlarge_use1-az4': 50, 'r5.4xlarge_use1-az5': 5, 'r5.4xlarge_use1-az6': 50, 'r5.8xlarge_use1-az1': 50, 'r5.8xlarge_use1-az2': 50, 'r5.8xlarge_use1-az4': 50, 'r5.8xlarge_use1-az5': 5, 'r5.8xlarge_use1-az6': 5, 'r5.large_use1-az1': 50, 'r5.large_use1-az2': 50, 'r5.large_use1-az4': 50, 'r5.large_use1-az5': 50, 'r5.large_use1-az6': 50, 'r5.xlarge_use1-az1': 50, 'r5.xlarge_use1-az2': 50, 'r5.xlarge_use1-az4': 50, 'r5.xlarge_use1-az5': 50, 'r5.xlarge_use1-az6': 50, 'r5a.12xlarge_use1-az1': 1, 'r5a.12xlarge_use1-az2': 1, 'r5a.12xlarge_use1-az4': 5, 'r5a.12xlarge_use1-az6': 5, 'r5a.16xlarge_use1-az1': 10, 'r5a.16xlarge_use1-az2': 10, 'r5a.16xlarge_use1-az4': 10, 'r5a.16xlarge_use1-az5': 5, 'r5a.16xlarge_use1-az6': 5, 'r5a.24xlarge_use1-az1': 5, 'r5a.24xlarge_use1-az2': 15, 'r5a.24xlarge_use1-az4': 10, 'r5a.24xlarge_use1-az5': 1, 'r5a.24xlarge_use1-az6': 10, 'r5a.2xlarge_use1-az1': 10, 'r5a.2xlarge_use1-az2': 20, 'r5a.2xlarge_use1-az4': 35, 'r5a.2xlarge_use1-az5': 5, 'r5a.2xlarge_use1-az6': 30, 'r5a.4xlarge_use1-az1': 25, 'r5a.4xlarge_use1-az2': 50, 'r5a.4xlarge_use1-az4': 50, 'r5a.4xlarge_use1-az5': 5, 'r5a.4xlarge_use1-az6': 50, 'r5a.8xlarge_use1-az1': 25, 'r5a.8xlarge_use1-az2': 10, 'r5a.8xlarge_use1-az4': 15, 'r5a.8xlarge_use1-az5': 30, 'r5a.8xlarge_use1-az6': 20, 'r5a.large_use1-az1': 50, 'r5a.large_use1-az2': 50, 'r5a.large_use1-az4': 50, 'r5a.large_use1-az5': 25, 'r5a.large_use1-az6': 50, 'r5a.xlarge_use1-az1': 20, 'r5a.xlarge_use1-az2': 50, 'r5a.xlarge_use1-az4': 50, 'r5a.xlarge_use1-az5': 5, 'r5a.xlarge_use1-az6': 50, 'r5ad.12xlarge_use1-az2': 1, 'r5ad.16xlarge_use1-az2': 50, 'r5ad.16xlarge_use1-az4': 10, 'r5ad.16xlarge_use1-az5': 1, 'r5ad.16xlarge_use1-az6': 10, 'r5ad.24xlarge_use1-az2': 25, 'r5ad.24xlarge_use1-az4': 1, 'r5ad.24xlarge_use1-az6': 10, 'r5ad.4xlarge_use1-az1': 1, 'r5ad.4xlarge_use1-az2': 10, 'r5ad.4xlarge_use1-az5': 1, 'r5ad.8xlarge_use1-az2': 5, 'r5ad.8xlarge_use1-az4': 20, 'r5ad.8xlarge_use1-az5': 1, 'r5ad.8xlarge_use1-az6': 10, 'r5ad.large_use1-az1': 1, 'r5ad.large_use1-az2': 30, 'r5ad.large_use1-az4': 10, 'r5ad.large_use1-az5': 5, 'r5ad.large_use1-az6': 10, 'r5ad.xlarge_use1-az1': 1, 'r5ad.xlarge_use1-az2': 10, 'r5ad.xlarge_use1-az5': 1, 'r5b.12xlarge_use1-az1': 5, 'r5b.12xlarge_use1-az4': 5, 'r5b.16xlarge_use1-az1': 5, 'r5b.16xlarge_use1-az2': 5, 'r5b.16xlarge_use1-az4': 5, 'r5b.16xlarge_use1-az6': 5, 'r5b.24xlarge_use1-az1': 1, 'r5b.24xlarge_use1-az4': 5, 'r5b.24xlarge_use1-az6': 1, 'r5b.4xlarge_use1-az1': 5, 'r5b.8xlarge_use1-az1': 5, 'r5b.large_use1-az1': 1, 'r5b.large_use1-az2': 5, 'r5b.large_use1-az4': 10, 'r5b.large_use1-az6': 5, 'r5b.xlarge_use1-az1': 1, 'r5b.xlarge_use1-az2': 1, 'r5b.xlarge_use1-az4': 5, 'r5b.xlarge_use1-az6': 1, 'r5d.12xlarge_use1-az1': 1, 'r5d.12xlarge_use1-az2': 5, 'r5d.12xlarge_use1-az4': 10, 'r5d.12xlarge_use1-az6': 1, 'r5d.16xlarge_use1-az1': 5, 'r5d.16xlarge_use1-az2': 50, 'r5d.16xlarge_use1-az4': 50, 'r5d.16xlarge_use1-az5': 10, 'r5d.16xlarge_use1-az6': 50, 'r5d.24xlarge_use1-az1': 1, 'r5d.24xlarge_use1-az2': 1, 'r5d.24xlarge_use1-az4': 10, 'r5d.24xlarge_use1-az5': 1, 'r5d.24xlarge_use1-az6': 10, 'r5d.2xlarge_use1-az1': 5, 'r5d.2xlarge_use1-az2': 15, 'r5d.2xlarge_use1-az5': 1, 'r5d.4xlarge_use1-az1': 5, 'r5d.4xlarge_use1-az2': 20, 'r5d.4xlarge_use1-az4': 45, 'r5d.4xlarge_use1-az5': 5, 'r5d.4xlarge_use1-az6': 25, 'r5d.8xlarge_use1-az1': 5, 'r5d.8xlarge_use1-az2': 15, 'r5d.8xlarge_use1-az4': 15, 'r5d.8xlarge_use1-az5': 5, 'r5d.8xlarge_use1-az6': 50, 'r5d.large_use1-az1': 10, 'r5d.large_use1-az2': 50, 'r5d.large_use1-az4': 50, 'r5d.large_use1-az5': 5, 'r5d.large_use1-az6': 50, 'r5d.xlarge_use1-az2': 15, 'r5dn.12xlarge_use1-az1': 1, 'r5dn.12xlarge_use1-az2': 1, 'r5dn.12xlarge_use1-az4': 1, 'r5dn.12xlarge_use1-az5': 1, 'r5dn.12xlarge_use1-az6': 1, 'r5dn.16xlarge_use1-az1': 5, 'r5dn.16xlarge_use1-az2': 5, 'r5dn.16xlarge_use1-az4': 15, 'r5dn.16xlarge_use1-az5': 10, 'r5dn.16xlarge_use1-az6': 30, 'r5dn.24xlarge_use1-az2': 5, 'r5dn.24xlarge_use1-az4': 10, 'r5dn.24xlarge_use1-az5': 1, 'r5dn.24xlarge_use1-az6': 25, 'r5dn.2xlarge_use1-az2': 45, 'r5dn.4xlarge_use1-az1': 5, 'r5dn.4xlarge_use1-az2': 25, 'r5dn.4xlarge_use1-az4': 45, 'r5dn.4xlarge_use1-az5': 5, 'r5dn.4xlarge_use1-az6': 20, 'r5dn.8xlarge_use1-az1': 1, 'r5dn.8xlarge_use1-az2': 5, 'r5dn.8xlarge_use1-az4': 5, 'r5dn.8xlarge_use1-az5': 5, 'r5dn.8xlarge_use1-az6': 50, 'r5dn.large_use1-az1': 50, 'r5dn.large_use1-az2': 50, 'r5dn.large_use1-az4': 50, 'r5dn.large_use1-az5': 50, 'r5dn.large_use1-az6': 50, 'r5dn.xlarge_use1-az5': 15, 'r5n.12xlarge_use1-az2': 1, 'r5n.12xlarge_use1-az4': 1, 'r5n.12xlarge_use1-az6': 1, 'r5n.16xlarge_use1-az1': 1, 'r5n.16xlarge_use1-az2': 10, 'r5n.16xlarge_use1-az4': 35, 'r5n.16xlarge_use1-az5': 1, 'r5n.16xlarge_use1-az6': 20, 'r5n.2xlarge_use1-az1': 5, 'r5n.2xlarge_use1-az2': 5, 'r5n.2xlarge_use1-az5': 1, 'r5n.2xlarge_use1-az6': 1, 'r5n.4xlarge_use1-az1': 5, 'r5n.4xlarge_use1-az2': 25, 'r5n.4xlarge_use1-az4': 15, 'r5n.4xlarge_use1-az5': 5, 'r5n.4xlarge_use1-az6': 35, 'r5n.8xlarge_use1-az1': 10, 'r5n.8xlarge_use1-az2': 20, 'r5n.8xlarge_use1-az4': 35, 'r5n.8xlarge_use1-az6': 15, 'r5n.large_use1-az1': 20, 'r5n.large_use1-az2': 50, 'r5n.large_use1-az4': 50, 'r5n.large_use1-az5': 10, 'r5n.large_use1-az6': 30, 'r5n.xlarge_use1-az1': 1, 'r5n.xlarge_use1-az2': 10, 'r5n.xlarge_use1-az4': 15, 'r5n.xlarge_use1-az5': 1, 'r5n.xlarge_use1-az6': 20, 'r6a.12xlarge_use1-az1': 1, 'r6a.12xlarge_use1-az2': 10, 'r6a.12xlarge_use1-az4': 5, 'r6a.12xlarge_use1-az6': 10, 'r6a.16xlarge_use1-az1': 5, 'r6a.16xlarge_use1-az2': 15, 'r6a.16xlarge_use1-az4': 30, 'r6a.16xlarge_use1-az5': 15, 'r6a.16xlarge_use1-az6': 40, 'r6a.24xlarge_use1-az2': 5, 'r6a.24xlarge_use1-az4': 1, 'r6a.24xlarge_use1-az5': 1, 'r6a.24xlarge_use1-az6': 5, 'r6a.2xlarge_use1-az1': 50, 'r6a.2xlarge_use1-az2': 50, 'r6a.2xlarge_use1-az4': 40, 'r6a.2xlarge_use1-az5': 1, 'r6a.2xlarge_use1-az6': 50, 'r6a.32xlarge_use1-az2': 5, 'r6a.32xlarge_use1-az4': 5, 'r6a.32xlarge_use1-az5': 5, 'r6a.32xlarge_use1-az6': 5, 'r6a.48xlarge_use1-az2': 5, 'r6a.48xlarge_use1-az4': 5, 'r6a.48xlarge_use1-az5': 5, 'r6a.48xlarge_use1-az6': 1, 'r6a.4xlarge_use1-az1': 50, 'r6a.4xlarge_use1-az2': 50, 'r6a.4xlarge_use1-az4': 50, 'r6a.4xlarge_use1-az5': 40, 'r6a.4xlarge_use1-az6': 50, 'r6a.8xlarge_use1-az1': 20, 'r6a.8xlarge_use1-az2': 50, 'r6a.8xlarge_use1-az4': 50, 'r6a.8xlarge_use1-az5': 50, 'r6a.8xlarge_use1-az6': 50, 'r6a.large_use1-az1': 50, 'r6a.large_use1-az2': 50, 'r6a.large_use1-az4': 50, 'r6a.large_use1-az5': 50, 'r6a.large_use1-az6': 50, 'r6a.xlarge_use1-az1': 50, 'r6a.xlarge_use1-az2': 50, 'r6a.xlarge_use1-az4': 50, 'r6a.xlarge_use1-az5': 50, 'r6a.xlarge_use1-az6': 50, 'r6g.12xlarge_use1-az2': 50, 'r6g.12xlarge_use1-az4': 45, 'r6g.12xlarge_use1-az5': 10, 'r6g.12xlarge_use1-az6': 50, 'r6g.16xlarge_use1-az1': 1, 'r6g.16xlarge_use1-az2': 50, 'r6g.16xlarge_use1-az4': 50, 'r6g.16xlarge_use1-az5': 50, 'r6g.16xlarge_use1-az6': 50, 'r6g.2xlarge_use1-az1': 1, 'r6g.2xlarge_use1-az2': 25, 'r6g.2xlarge_use1-az4': 40, 'r6g.2xlarge_use1-az5': 10, 'r6g.2xlarge_use1-az6': 50, 'r6g.4xlarge_use1-az1': 10, 'r6g.4xlarge_use1-az2': 50, 'r6g.4xlarge_use1-az4': 50, 'r6g.4xlarge_use1-az5': 50, 'r6g.4xlarge_use1-az6': 50, 'r6g.8xlarge_use1-az1': 1, 'r6g.8xlarge_use1-az2': 10, 'r6g.8xlarge_use1-az4': 50, 'r6g.8xlarge_use1-az5': 50, 'r6g.8xlarge_use1-az6': 50, 'r6g.large_use1-az1': 10, 'r6g.large_use1-az2': 40, 'r6g.large_use1-az4': 50, 'r6g.large_use1-az5': 5, 'r6g.large_use1-az6': 50, 'r6g.medium_use1-az1': 1, 'r6g.medium_use1-az2': 10, 'r6g.medium_use1-az4': 15, 'r6g.medium_use1-az5': 15, 'r6g.medium_use1-az6': 35, 'r6g.xlarge_use1-az1': 1, 'r6g.xlarge_use1-az2': 50, 'r6g.xlarge_use1-az4': 50, 'r6g.xlarge_use1-az5': 50, 'r6g.xlarge_use1-az6': 50, 'r6gd.12xlarge_use1-az1': 1, 'r6gd.12xlarge_use1-az2': 5, 'r6gd.12xlarge_use1-az4': 10, 'r6gd.12xlarge_use1-az5': 1, 'r6gd.12xlarge_use1-az6': 10, 'r6gd.16xlarge_use1-az1': 5, 'r6gd.16xlarge_use1-az2': 5, 'r6gd.16xlarge_use1-az4': 50, 'r6gd.16xlarge_use1-az5': 1, 'r6gd.16xlarge_use1-az6': 45, 'r6gd.2xlarge_use1-az1': 1, 'r6gd.2xlarge_use1-az2': 20, 'r6gd.2xlarge_use1-az4': 30, 'r6gd.2xlarge_use1-az5': 1, 'r6gd.2xlarge_use1-az6': 1, 'r6gd.4xlarge_use1-az1': 5, 'r6gd.4xlarge_use1-az2': 20, 'r6gd.4xlarge_use1-az4': 50, 'r6gd.4xlarge_use1-az5': 1, 'r6gd.4xlarge_use1-az6': 25, 'r6gd.8xlarge_use1-az1': 1, 'r6gd.8xlarge_use1-az2': 10, 'r6gd.8xlarge_use1-az4': 20, 'r6gd.8xlarge_use1-az5': 1, 'r6gd.8xlarge_use1-az6': 30, 'r6gd.large_use1-az1': 50, 'r6gd.large_use1-az2': 50, 'r6gd.large_use1-az4': 50, 'r6gd.large_use1-az5': 50, 'r6gd.large_use1-az6': 50, 'r6gd.medium_use1-az1': 5, 'r6gd.medium_use1-az2': 1, 'r6gd.medium_use1-az4': 5, 'r6gd.medium_use1-az5': 5, 'r6gd.medium_use1-az6': 1, 'r6gd.xlarge_use1-az1': 1, 'r6gd.xlarge_use1-az2': 1, 'r6gd.xlarge_use1-az4': 5, 'r6gd.xlarge_use1-az6': 10, 'r6i.12xlarge_use1-az1': 5, 'r6i.12xlarge_use1-az2': 5, 'r6i.12xlarge_use1-az4': 5, 'r6i.12xlarge_use1-az5': 1, 'r6i.12xlarge_use1-az6': 10, 'r6i.16xlarge_use1-az1': 1, 'r6i.16xlarge_use1-az2': 1, 'r6i.16xlarge_use1-az4': 10, 'r6i.16xlarge_use1-az5': 10, 'r6i.16xlarge_use1-az6': 1, 'r6i.24xlarge_use1-az4': 10, 'r6i.24xlarge_use1-az5': 1, 'r6i.24xlarge_use1-az6': 5, 'r6i.2xlarge_use1-az1': 15, 'r6i.2xlarge_use1-az2': 35, 'r6i.2xlarge_use1-az4': 50, 'r6i.2xlarge_use1-az5': 5, 'r6i.2xlarge_use1-az6': 50, 'r6i.32xlarge_use1-az4': 1, 'r6i.32xlarge_use1-az5': 1, 'r6i.32xlarge_use1-az6': 1, 'r6i.4xlarge_use1-az1': 30, 'r6i.4xlarge_use1-az2': 20, 'r6i.4xlarge_use1-az4': 20, 'r6i.4xlarge_use1-az5': 10, 'r6i.4xlarge_use1-az6': 40, 'r6i.8xlarge_use1-az1': 5, 'r6i.8xlarge_use1-az2': 10, 'r6i.8xlarge_use1-az4': 10, 'r6i.8xlarge_use1-az5': 5, 'r6i.8xlarge_use1-az6': 10, 'r6i.large_use1-az1': 20, 'r6i.large_use1-az2': 50, 'r6i.large_use1-az4': 50, 'r6i.large_use1-az5': 20, 'r6i.large_use1-az6': 50, 'r6i.xlarge_use1-az1': 15, 'r6i.xlarge_use1-az2': 45, 'r6i.xlarge_use1-az4': 50, 'r6i.xlarge_use1-az5': 10, 'r6i.xlarge_use1-az6': 50, 'r6id.12xlarge_use1-az1': 1, 'r6id.12xlarge_use1-az2': 5, 'r6id.12xlarge_use1-az4': 1, 'r6id.12xlarge_use1-az6': 5, 'r6id.16xlarge_use1-az1': 5, 'r6id.16xlarge_use1-az2': 5, 'r6id.16xlarge_use1-az4': 15, 'r6id.16xlarge_use1-az5': 1, 'r6id.16xlarge_use1-az6': 20, 'r6id.24xlarge_use1-az1': 10, 'r6id.24xlarge_use1-az2': 10, 'r6id.24xlarge_use1-az4': 5, 'r6id.24xlarge_use1-az5': 15, 'r6id.24xlarge_use1-az6': 25, 'r6id.2xlarge_use1-az1': 5, 'r6id.2xlarge_use1-az2': 1, 'r6id.2xlarge_use1-az4': 10, 'r6id.2xlarge_use1-az5': 1, 'r6id.2xlarge_use1-az6': 10, 'r6id.32xlarge_use1-az1': 1, 'r6id.32xlarge_use1-az2': 5, 'r6id.32xlarge_use1-az4': 1, 'r6id.32xlarge_use1-az5': 1, 'r6id.32xlarge_use1-az6': 10, 'r6id.4xlarge_use1-az1': 40, 'r6id.4xlarge_use1-az2': 50, 'r6id.4xlarge_use1-az4': 10, 'r6id.4xlarge_use1-az5': 20, 'r6id.4xlarge_use1-az6': 35, 'r6id.8xlarge_use1-az1': 1, 'r6id.8xlarge_use1-az2': 1, 'r6id.8xlarge_use1-az4': 5, 'r6id.8xlarge_use1-az5': 1, 'r6id.8xlarge_use1-az6': 5, 'r6id.large_use1-az1': 15, 'r6id.large_use1-az2': 10, 'r6id.large_use1-az4': 5, 'r6id.large_use1-az5': 15, 'r6id.large_use1-az6': 30, 'r6id.xlarge_use1-az1': 5, 'r6id.xlarge_use1-az2': 15, 'r6id.xlarge_use1-az4': 10, 'r6id.xlarge_use1-az5': 15, 'r6id.xlarge_use1-az6': 15, 'r6idn.16xlarge_use1-az4': 1, 'r6idn.16xlarge_use1-az5': 1, 'r6idn.16xlarge_use1-az6': 1, 'r6idn.24xlarge_use1-az6': 1, 'r6idn.2xlarge_use1-az1': 1, 'r6idn.2xlarge_use1-az2': 1, 'r6idn.2xlarge_use1-az4': 5, 'r6idn.2xlarge_use1-az5': 1, 'r6idn.2xlarge_use1-az6': 5, 'r6idn.32xlarge_use1-az6': 1, 'r6idn.4xlarge_use1-az1': 15, 'r6idn.4xlarge_use1-az2': 15, 'r6idn.4xlarge_use1-az4': 15, 'r6idn.4xlarge_use1-az5': 5, 'r6idn.4xlarge_use1-az6': 10, 'r6idn.8xlarge_use1-az2': 1, 'r6idn.8xlarge_use1-az4': 1, 'r6idn.8xlarge_use1-az6': 5, 'r6idn.large_use1-az1': 1, 'r6idn.large_use1-az2': 1, 'r6idn.large_use1-az4': 5, 'r6idn.large_use1-az5': 5, 'r6idn.large_use1-az6': 5, 'r6idn.xlarge_use1-az1': 5, 'r6idn.xlarge_use1-az2': 1, 'r6idn.xlarge_use1-az4': 5, 'r6idn.xlarge_use1-az5': 1, 'r6idn.xlarge_use1-az6': 5, 'r6in.12xlarge_use1-az1': 1, 'r6in.12xlarge_use1-az6': 5, 'r6in.16xlarge_use1-az4': 1, 'r6in.16xlarge_use1-az5': 1, 'r6in.16xlarge_use1-az6': 5, 'r6in.24xlarge_use1-az6': 1, 'r6in.2xlarge_use1-az1': 1, 'r6in.2xlarge_use1-az2': 1, 'r6in.2xlarge_use1-az4': 1, 'r6in.2xlarge_use1-az5': 1, 'r6in.2xlarge_use1-az6': 1, 'r6in.4xlarge_use1-az1': 5, 'r6in.4xlarge_use1-az2': 20, 'r6in.4xlarge_use1-az4': 15, 'r6in.4xlarge_use1-az5': 20, 'r6in.4xlarge_use1-az6': 20, 'r6in.8xlarge_use1-az1': 5, 'r6in.8xlarge_use1-az4': 1, 'r6in.8xlarge_use1-az6': 5, 'r6in.large_use1-az1': 45, 'r6in.large_use1-az2': 50, 'r6in.large_use1-az4': 50, 'r6in.large_use1-az5': 40, 'r6in.large_use1-az6': 50, 'r6in.xlarge_use1-az1': 1, 'r6in.xlarge_use1-az2': 1, 'r6in.xlarge_use1-az4': 1, 'r6in.xlarge_use1-az5': 1, 'r6in.xlarge_use1-az6': 1, 'r7a.12xlarge_use1-az1': 1, 'r7a.12xlarge_use1-az2': 1, 'r7a.12xlarge_use1-az4': 5, 'r7a.12xlarge_use1-az6': 20, 'r7a.16xlarge_use1-az1': 1, 'r7a.16xlarge_use1-az2': 15, 'r7a.16xlarge_use1-az4': 30, 'r7a.16xlarge_use1-az6': 50, 'r7a.24xlarge_use1-az2': 10, 'r7a.24xlarge_use1-az4': 10, 'r7a.24xlarge_use1-az6': 35, 'r7a.2xlarge_use1-az1': 1, 'r7a.2xlarge_use1-az2': 5, 'r7a.2xlarge_use1-az4': 25, 'r7a.2xlarge_use1-az6': 1, 'r7a.32xlarge_use1-az2': 1, 'r7a.32xlarge_use1-az4': 1, 'r7a.32xlarge_use1-az6': 50, 'r7a.48xlarge_use1-az2': 5, 'r7a.48xlarge_use1-az4': 5, 'r7a.48xlarge_use1-az6': 50, 'r7a.4xlarge_use1-az1': 5, 'r7a.4xlarge_use1-az2': 25, 'r7a.4xlarge_use1-az4': 50, 'r7a.4xlarge_use1-az6': 50, 'r7a.8xlarge_use1-az1': 5, 'r7a.8xlarge_use1-az2': 20, 'r7a.8xlarge_use1-az4': 50, 'r7a.8xlarge_use1-az6': 50, 'r7a.large_use1-az1': 50, 'r7a.large_use1-az2': 50, 'r7a.large_use1-az4': 50, 'r7a.large_use1-az6': 50, 'r7a.medium_use1-az1': 10, 'r7a.medium_use1-az2': 25, 'r7a.medium_use1-az4': 50, 'r7a.medium_use1-az6': 50, 'r7a.xlarge_use1-az1': 20, 'r7a.xlarge_use1-az2': 50, 'r7a.xlarge_use1-az4': 50, 'r7a.xlarge_use1-az6': 25, 'r7g.12xlarge_use1-az1': 1, 'r7g.12xlarge_use1-az2': 5, 'r7g.12xlarge_use1-az4': 50, 'r7g.12xlarge_use1-az5': 1, 'r7g.12xlarge_use1-az6': 5, 'r7g.16xlarge_use1-az1': 5, 'r7g.16xlarge_use1-az2': 30, 'r7g.16xlarge_use1-az4': 50, 'r7g.16xlarge_use1-az5': 5, 'r7g.16xlarge_use1-az6': 50, 'r7g.2xlarge_use1-az1': 5, 'r7g.2xlarge_use1-az2': 10, 'r7g.2xlarge_use1-az4': 50, 'r7g.2xlarge_use1-az5': 5, 'r7g.2xlarge_use1-az6': 15, 'r7g.4xlarge_use1-az1': 5, 'r7g.4xlarge_use1-az2': 5, 'r7g.4xlarge_use1-az4': 50, 'r7g.4xlarge_use1-az5': 5, 'r7g.4xlarge_use1-az6': 15, 'r7g.8xlarge_use1-az1': 1, 'r7g.8xlarge_use1-az2': 50, 'r7g.8xlarge_use1-az4': 50, 'r7g.8xlarge_use1-az5': 50, 'r7g.8xlarge_use1-az6': 50, 'r7g.large_use1-az1': 20, 'r7g.large_use1-az2': 50, 'r7g.large_use1-az4': 50, 'r7g.large_use1-az5': 40, 'r7g.large_use1-az6': 40, 'r7g.medium_use1-az1': 50, 'r7g.medium_use1-az2': 50, 'r7g.medium_use1-az4': 50, 'r7g.medium_use1-az5': 25, 'r7g.medium_use1-az6': 50, 'r7g.xlarge_use1-az1': 50, 'r7g.xlarge_use1-az2': 50, 'r7g.xlarge_use1-az4': 50, 'r7g.xlarge_use1-az5': 10, 'r7g.xlarge_use1-az6': 50, 'r7gd.12xlarge_use1-az1': 1, 'r7gd.12xlarge_use1-az2': 10, 'r7gd.12xlarge_use1-az4': 35, 'r7gd.12xlarge_use1-az5': 10, 'r7gd.12xlarge_use1-az6': 50, 'r7gd.16xlarge_use1-az1': 5, 'r7gd.16xlarge_use1-az2': 50, 'r7gd.16xlarge_use1-az4': 50, 'r7gd.16xlarge_use1-az5': 50, 'r7gd.16xlarge_use1-az6': 50, 'r7gd.2xlarge_use1-az1': 5, 'r7gd.2xlarge_use1-az2': 25, 'r7gd.2xlarge_use1-az4': 25, 'r7gd.2xlarge_use1-az5': 40, 'r7gd.2xlarge_use1-az6': 50, 'r7gd.4xlarge_use1-az1': 1, 'r7gd.4xlarge_use1-az2': 20, 'r7gd.4xlarge_use1-az4': 25, 'r7gd.4xlarge_use1-az5': 30, 'r7gd.4xlarge_use1-az6': 50, 'r7gd.8xlarge_use1-az1': 1, 'r7gd.8xlarge_use1-az2': 10, 'r7gd.8xlarge_use1-az4': 30, 'r7gd.8xlarge_use1-az5': 20, 'r7gd.8xlarge_use1-az6': 50, 'r7gd.large_use1-az1': 15, 'r7gd.large_use1-az2': 10, 'r7gd.large_use1-az4': 50, 'r7gd.large_use1-az5': 15, 'r7gd.large_use1-az6': 35, 'r7gd.medium_use1-az1': 35, 'r7gd.medium_use1-az2': 15, 'r7gd.medium_use1-az4': 25, 'r7gd.medium_use1-az5': 15, 'r7gd.medium_use1-az6': 20, 'r7gd.xlarge_use1-az1': 1, 'r7gd.xlarge_use1-az2': 10, 'r7gd.xlarge_use1-az4': 25, 'r7gd.xlarge_use1-az5': 10, 'r7gd.xlarge_use1-az6': 50, 'r7i.12xlarge_use1-az4': 1, 'r7i.12xlarge_use1-az6': 10, 'r7i.16xlarge_use1-az1': 5, 'r7i.16xlarge_use1-az2': 15, 'r7i.16xlarge_use1-az4': 45, 'r7i.16xlarge_use1-az5': 5, 'r7i.16xlarge_use1-az6': 50, 'r7i.24xlarge_use1-az1': 1, 'r7i.24xlarge_use1-az2': 1, 'r7i.24xlarge_use1-az4': 5, 'r7i.24xlarge_use1-az5': 5, 'r7i.24xlarge_use1-az6': 5, 'r7i.2xlarge_use1-az1': 5, 'r7i.2xlarge_use1-az2': 5, 'r7i.2xlarge_use1-az4': 10, 'r7i.2xlarge_use1-az5': 5, 'r7i.2xlarge_use1-az6': 50, 'r7i.48xlarge_use1-az2': 1, 'r7i.48xlarge_use1-az4': 5, 'r7i.48xlarge_use1-az5': 1, 'r7i.48xlarge_use1-az6': 5, 'r7i.4xlarge_use1-az1': 5, 'r7i.4xlarge_use1-az2': 20, 'r7i.4xlarge_use1-az4': 10, 'r7i.4xlarge_use1-az5': 1, 'r7i.4xlarge_use1-az6': 50, 'r7i.8xlarge_use1-az1': 5, 'r7i.8xlarge_use1-az2': 25, 'r7i.8xlarge_use1-az4': 25, 'r7i.8xlarge_use1-az5': 5, 'r7i.8xlarge_use1-az6': 50, 'r7i.large_use1-az1': 15, 'r7i.large_use1-az2': 50, 'r7i.large_use1-az4': 50, 'r7i.large_use1-az5': 15, 'r7i.large_use1-az6': 50, 'r7i.xlarge_use1-az1': 5, 'r7i.xlarge_use1-az2': 15, 'r7i.xlarge_use1-az4': 10, 'r7i.xlarge_use1-az5': 15, 'r7i.xlarge_use1-az6': 50, 'r8g.12xlarge_use1-az2': 5, 'r8g.12xlarge_use1-az4': 5, 'r8g.12xlarge_use1-az6': 15, 'r8g.16xlarge_use1-az1': 1, 'r8g.16xlarge_use1-az2': 50, 'r8g.16xlarge_use1-az4': 50, 'r8g.16xlarge_use1-az5': 5, 'r8g.16xlarge_use1-az6': 50, 'r8g.24xlarge_use1-az2': 10, 'r8g.24xlarge_use1-az4': 5, 'r8g.24xlarge_use1-az5': 5, 'r8g.24xlarge_use1-az6': 35, 'r8g.2xlarge_use1-az2': 5, 'r8g.2xlarge_use1-az4': 5, 'r8g.2xlarge_use1-az5': 1, 'r8g.2xlarge_use1-az6': 5, 'r8g.48xlarge_use1-az2': 1, 'r8g.48xlarge_use1-az4': 5, 'r8g.48xlarge_use1-az6': 5, 'r8g.4xlarge_use1-az2': 10, 'r8g.4xlarge_use1-az4': 35, 'r8g.4xlarge_use1-az5': 5, 'r8g.4xlarge_use1-az6': 50, 'r8g.8xlarge_use1-az2': 40, 'r8g.8xlarge_use1-az4': 15, 'r8g.8xlarge_use1-az5': 1, 'r8g.8xlarge_use1-az6': 50, 'r8g.large_use1-az1': 5, 'r8g.large_use1-az2': 30, 'r8g.large_use1-az4': 15, 'r8g.large_use1-az5': 10, 'r8g.large_use1-az6': 20, 'r8g.medium_use1-az1': 15, 'r8g.medium_use1-az2': 30, 'r8g.medium_use1-az4': 20, 'r8g.medium_use1-az5': 5, 'r8g.medium_use1-az6': 15, 'r8g.xlarge_use1-az1': 1, 'r8g.xlarge_use1-az2': 10, 'r8g.xlarge_use1-az4': 5, 'r8g.xlarge_use1-az5': 5, 'r8g.xlarge_use1-az6': 10, 'r8gb.24xlarge_use1-az6': 1, 'r8gb.2xlarge_use1-az2': 1, 'r8gb.2xlarge_use1-az4': 1, 'r8gb.2xlarge_use1-az6': 1, 'r8gb.large_use1-az2': 20, 'r8gb.large_use1-az4': 15, 'r8gb.large_use1-az6': 25, 'r8gb.medium_use1-az2': 50, 'r8gb.metal-24xl_use1-az6': 1, 'r8gb.xlarge_use1-az2': 5, 'r8gb.xlarge_use1-az4': 5, 'r8gb.xlarge_use1-az6': 5, 'r8gd.12xlarge_use1-az5': 1, 'r8gd.12xlarge_use1-az6': 1, 'r8gd.16xlarge_use1-az2': 1, 'r8gd.16xlarge_use1-az4': 1, 'r8gd.16xlarge_use1-az5': 1, 'r8gd.16xlarge_use1-az6': 15, 'r8gd.24xlarge_use1-az2': 1, 'r8gd.24xlarge_use1-az5': 1, 'r8gd.24xlarge_use1-az6': 25, 'r8gd.2xlarge_use1-az2': 25, 'r8gd.2xlarge_use1-az4': 30, 'r8gd.2xlarge_use1-az6': 50, 'r8gd.48xlarge_use1-az6': 50, 'r8gd.4xlarge_use1-az1': 1, 'r8gd.4xlarge_use1-az2': 20, 'r8gd.4xlarge_use1-az5': 1, 'r8gd.4xlarge_use1-az6': 15, 'r8gd.8xlarge_use1-az2': 5, 'r8gd.8xlarge_use1-az4': 1, 'r8gd.8xlarge_use1-az5': 1, 'r8gd.8xlarge_use1-az6': 1, 'r8gd.large_use1-az2': 50, 'r8gd.large_use1-az5': 1, 'r8gd.large_use1-az6': 50, 'r8gd.medium_use1-az1': 5, 'r8gd.medium_use1-az2': 5, 'r8gd.medium_use1-az4': 5, 'r8gd.medium_use1-az5': 10, 'r8gd.metal-24xl_use1-az6': 1, 'r8gd.metal-48xl_use1-az6': 1, 'r8gd.xlarge_use1-az2': 25, 'r8gd.xlarge_use1-az4': 1, 'r8gd.xlarge_use1-az5': 50, 'r8gd.xlarge_use1-az6': 40, 'r8gn.16xlarge_use1-az6': 1, 'r8gn.24xlarge_use1-az2': 1, 'r8gn.2xlarge_use1-az2': 1, 'r8gn.2xlarge_use1-az4': 1, 'r8gn.2xlarge_use1-az6': 1, 'r8gn.48xlarge_use1-az6': 1, 'r8gn.4xlarge_use1-az6': 5, 'r8gn.8xlarge_use1-az2': 1, 'r8gn.8xlarge_use1-az6': 5, 'r8gn.large_use1-az2': 20, 'r8gn.large_use1-az4': 15, 'r8gn.large_use1-az6': 20, 'r8gn.medium_use1-az2': 35, 'r8gn.medium_use1-az4': 40, 'r8gn.metal-24xl_use1-az2': 1, 'r8gn.metal-24xl_use1-az6': 1, 'r8gn.xlarge_use1-az2': 1, 'r8gn.xlarge_use1-az4': 5, 'r8gn.xlarge_use1-az6': 10, 'r8i-flex.2xlarge_use1-az2': 1, 'r8i-flex.2xlarge_use1-az6': 5, 'r8i-flex.4xlarge_use1-az2': 1, 'r8i-flex.4xlarge_use1-az6': 1, 'r8i-flex.large_use1-az2': 1, 'r8i-flex.large_use1-az6': 5, 'r8i-flex.xlarge_use1-az2': 5, 'r8i-flex.xlarge_use1-az6': 1, 'r8i.12xlarge_use1-az2': 1, 'r8i.12xlarge_use1-az6': 1, 'r8i.16xlarge_use1-az2': 1, 'r8i.16xlarge_use1-az6': 1, 'r8i.24xlarge_use1-az6': 1, 'r8i.2xlarge_use1-az2': 5, 'r8i.2xlarge_use1-az6': 5, 'r8i.32xlarge_use1-az2': 1, 'r8i.32xlarge_use1-az6': 1, 'r8i.48xlarge_use1-az2': 1, 'r8i.48xlarge_use1-az6': 1, 'r8i.4xlarge_use1-az2': 1, 'r8i.4xlarge_use1-az6': 5, 'r8i.8xlarge_use1-az2': 1, 'r8i.8xlarge_use1-az6': 5, 'r8i.96xlarge_use1-az2': 1, 'r8i.96xlarge_use1-az6': 1, 'r8i.large_use1-az2': 20, 'r8i.large_use1-az6': 20, 'r8i.xlarge_use1-az2': 5, 'r8i.xlarge_use1-az6': 5, 't2.2xlarge_use1-az1': 50, 't2.2xlarge_use1-az2': 50, 't2.2xlarge_use1-az3': 15, 't2.2xlarge_use1-az4': 50, 't2.2xlarge_use1-az5': 50, 't2.2xlarge_use1-az6': 50, 't2.large_use1-az1': 20, 't2.large_use1-az2': 50, 't2.large_use1-az3': 50, 't2.large_use1-az4': 50, 't2.large_use1-az5': 25, 't2.large_use1-az6': 50, 't2.medium_use1-az1': 50, 't2.medium_use1-az2': 50, 't2.medium_use1-az3': 50, 't2.medium_use1-az4': 50, 't2.medium_use1-az5': 50, 't2.medium_use1-az6': 50, 't2.xlarge_use1-az1': 35, 't2.xlarge_use1-az2': 50, 't2.xlarge_use1-az3': 20, 't2.xlarge_use1-az4': 50, 't2.xlarge_use1-az5': 5, 't2.xlarge_use1-az6': 50, 't3.2xlarge_use1-az1': 50, 't3.2xlarge_use1-az2': 50, 't3.2xlarge_use1-az4': 50, 't3.2xlarge_use1-az5': 50, 't3.2xlarge_use1-az6': 50, 't3.large_use1-az1': 50, 't3.large_use1-az2': 50, 't3.large_use1-az4': 50, 't3.large_use1-az5': 50, 't3.large_use1-az6': 50, 't3.medium_use1-az1': 50, 't3.medium_use1-az2': 50, 't3.medium_use1-az4': 50, 't3.medium_use1-az5': 50, 't3.medium_use1-az6': 50, 't3.xlarge_use1-az1': 50, 't3.xlarge_use1-az2': 50, 't3.xlarge_use1-az4': 50, 't3.xlarge_use1-az5': 50, 't3.xlarge_use1-az6': 50, 't3a.2xlarge_use1-az1': 50, 't3a.2xlarge_use1-az2': 50, 't3a.2xlarge_use1-az4': 50, 't3a.2xlarge_use1-az5': 50, 't3a.2xlarge_use1-az6': 50, 't3a.large_use1-az1': 50, 't3a.large_use1-az2': 50, 't3a.large_use1-az4': 50, 't3a.large_use1-az5': 5, 't3a.large_use1-az6': 50, 't3a.medium_use1-az1': 50, 't3a.medium_use1-az2': 50, 't3a.medium_use1-az4': 50, 't3a.medium_use1-az5': 5, 't3a.medium_use1-az6': 50, 't3a.xlarge_use1-az1': 25, 't3a.xlarge_use1-az2': 50, 't3a.xlarge_use1-az4': 50, 't3a.xlarge_use1-az5': 15, 't3a.xlarge_use1-az6': 50, 't4g.2xlarge_use1-az1': 5, 't4g.2xlarge_use1-az2': 15, 't4g.2xlarge_use1-az4': 5, 't4g.2xlarge_use1-az5': 10, 't4g.2xlarge_use1-az6': 10, 't4g.large_use1-az1': 1, 't4g.large_use1-az2': 15, 't4g.large_use1-az4': 50, 't4g.large_use1-az5': 25, 't4g.large_use1-az6': 35, 't4g.medium_use1-az1': 1, 't4g.medium_use1-az2': 50, 't4g.medium_use1-az4': 50, 't4g.medium_use1-az5': 35, 't4g.medium_use1-az6': 50, 't4g.xlarge_use1-az1': 30, 't4g.xlarge_use1-az2': 15, 't4g.xlarge_use1-az4': 50, 't4g.xlarge_use1-az5': 5, 't4g.xlarge_use1-az6': 10, 'trn1.2xlarge_use1-az5': 5, 'trn1.2xlarge_use1-az6': 20, 'trn1.32xlarge_use1-az6': 50, 'trn1n.32xlarge_use1-az6': 50, 'vt1.3xlarge_use1-az2': 1, 'vt1.6xlarge_use1-az2': 1, 'x1.16xlarge_use1-az2': 1, 'x1.16xlarge_use1-az4': 1, 'x1.16xlarge_use1-az6': 1, 'x1.32xlarge_use1-az2': 1, 'x1.32xlarge_use1-az3': 5, 'x1.32xlarge_use1-az6': 1, 'x1e.16xlarge_use1-az6': 5, 'x1e.2xlarge_use1-az6': 1, 'x1e.xlarge_use1-az2': 20, 'x1e.xlarge_use1-az4': 15, 'x1e.xlarge_use1-az6': 5, 'x2gd.12xlarge_use1-az5': 5, 'x2gd.12xlarge_use1-az6': 1, 'x2gd.16xlarge_use1-az5': 1, 'x2gd.16xlarge_use1-az6': 15, 'x2gd.2xlarge_use1-az1': 5, 'x2gd.2xlarge_use1-az4': 1, 'x2gd.2xlarge_use1-az5': 5, 'x2gd.2xlarge_use1-az6': 30, 'x2gd.4xlarge_use1-az1': 1, 'x2gd.4xlarge_use1-az2': 1, 'x2gd.4xlarge_use1-az4': 5, 'x2gd.4xlarge_use1-az5': 1, 'x2gd.4xlarge_use1-az6': 35, 'x2gd.8xlarge_use1-az4': 1, 'x2gd.8xlarge_use1-az5': 1, 'x2gd.8xlarge_use1-az6': 5, 'x2gd.large_use1-az1': 35, 'x2gd.large_use1-az2': 25, 'x2gd.large_use1-az4': 15, 'x2gd.large_use1-az5': 25, 'x2gd.large_use1-az6': 50, 'x2gd.medium_use1-az1': 25, 'x2gd.medium_use1-az2': 35, 'x2gd.medium_use1-az4': 50, 'x2gd.medium_use1-az5': 50, 'x2gd.medium_use1-az6': 50, 'x2gd.xlarge_use1-az1': 5, 'x2gd.xlarge_use1-az2': 1, 'x2gd.xlarge_use1-az4': 20, 'x2gd.xlarge_use1-az5': 15, 'x2gd.xlarge_use1-az6': 25, 'x2idn.16xlarge_use1-az2': 1, 'x2idn.16xlarge_use1-az5': 1, 'x2idn.24xlarge_use1-az4': 1, 'x2idn.24xlarge_use1-az5': 1, 'x2idn.32xlarge_use1-az5': 1, 'x2iedn.24xlarge_use1-az4': 1, 'x2iedn.24xlarge_use1-az6': 1, 'x2iedn.2xlarge_use1-az1': 1, 'x2iedn.2xlarge_use1-az4': 15, 'x2iedn.2xlarge_use1-az5': 1, 'x2iedn.2xlarge_use1-az6': 5, 'x2iedn.4xlarge_use1-az5': 1, 'x2iedn.4xlarge_use1-az6': 1, 'x2iedn.8xlarge_use1-az6': 1, 'x2iedn.xlarge_use1-az2': 20, 'x2iedn.xlarge_use1-az4': 10, 'x2iedn.xlarge_use1-az5': 1, 'x2iedn.xlarge_use1-az6': 10, 'x2iezn.12xlarge_use1-az6': 5, 'x2iezn.2xlarge_use1-az2': 5, 'x2iezn.2xlarge_use1-az4': 10, 'x2iezn.2xlarge_use1-az6': 1, 'x2iezn.4xlarge_use1-az6': 1, 'x2iezn.6xlarge_use1-az4': 5, 'x2iezn.8xlarge_use1-az6': 1, 'x8g.12xlarge_use1-az2': 1, 'x8g.12xlarge_use1-az4': 20, 'x8g.12xlarge_use1-az6': 1, 'x8g.16xlarge_use1-az1': 1, 'x8g.16xlarge_use1-az2': 5, 'x8g.16xlarge_use1-az4': 5, 'x8g.16xlarge_use1-az6': 5, 'x8g.24xlarge_use1-az1': 1, 'x8g.24xlarge_use1-az2': 5, 'x8g.24xlarge_use1-az4': 5, 'x8g.24xlarge_use1-az6': 10, 'x8g.2xlarge_use1-az1': 5, 'x8g.2xlarge_use1-az2': 10, 'x8g.2xlarge_use1-az4': 10, 'x8g.2xlarge_use1-az6': 25, 'x8g.48xlarge_use1-az1': 1, 'x8g.48xlarge_use1-az2': 1, 'x8g.48xlarge_use1-az4': 10, 'x8g.48xlarge_use1-az6': 1, 'x8g.4xlarge_use1-az1': 1, 'x8g.4xlarge_use1-az2': 5, 'x8g.4xlarge_use1-az4': 5, 'x8g.4xlarge_use1-az6': 10, 'x8g.8xlarge_use1-az2': 15, 'x8g.8xlarge_use1-az4': 20, 'x8g.8xlarge_use1-az6': 5, 'x8g.large_use1-az1': 30, 'x8g.large_use1-az4': 50, 'x8g.large_use1-az6': 50, 'x8g.medium_use1-az1': 50, 'x8g.medium_use1-az4': 50, 'x8g.medium_use1-az6': 50, 'x8g.metal-24xl_use1-az1': 1, 'x8g.metal-24xl_use1-az2': 1, 'x8g.metal-24xl_use1-az4': 1, 'x8g.metal-24xl_use1-az6': 10, 'x8g.metal-48xl_use1-az2': 1, 'x8g.metal-48xl_use1-az4': 1, 'x8g.metal-48xl_use1-az6': 1, 'x8g.xlarge_use1-az1': 10, 'x8g.xlarge_use1-az2': 20, 'x8g.xlarge_use1-az4': 40, 'x8g.xlarge_use1-az6': 50, 'z1d.12xlarge_use1-az1': 1, 'z1d.12xlarge_use1-az2': 1, 'z1d.12xlarge_use1-az4': 1, 'z1d.12xlarge_use1-az5': 1, 'z1d.12xlarge_use1-az6': 5, 'z1d.2xlarge_use1-az1': 5, 'z1d.2xlarge_use1-az2': 5, 'z1d.2xlarge_use1-az4': 15, 'z1d.2xlarge_use1-az5': 1, 'z1d.2xlarge_use1-az6': 15, 'z1d.3xlarge_use1-az1': 5, 'z1d.3xlarge_use1-az2': 5, 'z1d.3xlarge_use1-az4': 10, 'z1d.3xlarge_use1-az5': 5, 'z1d.3xlarge_use1-az6': 5, 'z1d.6xlarge_use1-az1': 1, 'z1d.6xlarge_use1-az2': 1, 'z1d.6xlarge_use1-az4': 1, 'z1d.6xlarge_use1-az6': 1, 'z1d.large_use1-az1': 15, 'z1d.large_use1-az2': 5, 'z1d.large_use1-az4': 25, 'z1d.large_use1-az5': 10, 'z1d.large_use1-az6': 25, 'z1d.xlarge_use1-az1': 10, 'z1d.xlarge_use1-az2': 20, 'z1d.xlarge_use1-az4': 30, 'z1d.xlarge_use1-az5': 1, 'z1d.xlarge_use1-az6': 20}"
0.72,26162.03849999995,29311169663,1120370.2518641804,1128039,1127939,"{'c3.8xlarge_use1-az6': 1, 'c4.2xlarge_use1-az1': 5, 'c4.2xlarge_use1-az2': 5, 'c4.2xlarge_use1-az4': 15, 'c4.2xlarge_use1-az5': 15, 'c4.2xlarge_use1-az6': 10, 'c4.4xlarge_use1-az1': 5, 'c4.4xlarge_use1-az2': 5, 'c4.4xlarge_use1-az3': 10, 'c4.4xlarge_use1-az4': 5, 'c4.4xlarge_use1-az5': 5, 'c4.4xlarge_use1-az6': 1, 'c4.8xlarge_use1-az1': 1, 'c4.8xlarge_use1-az2': 5, 'c4.8xlarge_use1-az3': 5, 'c4.8xlarge_use1-az4': 15, 'c4.8xlarge_use1-az5': 5, 'c4.8xlarge_use1-az6': 5, 'c4.xlarge_use1-az5': 50, 'c5.12xlarge_use1-az1': 50, 'c5.12xlarge_use1-az2': 50, 'c5.12xlarge_use1-az4': 50, 'c5.12xlarge_use1-az5': 50, 'c5.12xlarge_use1-az6': 50, 'c5.18xlarge_use1-az1': 5, 'c5.18xlarge_use1-az2': 50, 'c5.18xlarge_use1-az4': 15, 'c5.18xlarge_use1-az5': 10, 'c5.18xlarge_use1-az6': 1, 'c5.24xlarge_use1-az1': 1, 'c5.24xlarge_use1-az2': 5, 'c5.24xlarge_use1-az4': 5, 'c5.24xlarge_use1-az5': 1, 'c5.24xlarge_use1-az6': 5, 'c5.2xlarge_use1-az1': 50, 'c5.2xlarge_use1-az2': 50, 'c5.2xlarge_use1-az4': 50, 'c5.2xlarge_use1-az5': 50, 'c5.2xlarge_use1-az6': 50, 'c5.4xlarge_use1-az1': 50, 'c5.4xlarge_use1-az2': 50, 'c5.4xlarge_use1-az4': 50, 'c5.4xlarge_use1-az5': 50, 'c5.4xlarge_use1-az6': 50, 'c5.9xlarge_use1-az1': 50, 'c5.9xlarge_use1-az2': 50, 'c5.9xlarge_use1-az4': 50, 'c5.9xlarge_use1-az5': 50, 'c5.9xlarge_use1-az6': 50, 'c5.large_use1-az1': 50, 'c5.large_use1-az2': 50, 'c5.large_use1-az4': 50, 'c5.large_use1-az5': 50, 'c5.large_use1-az6': 50, 'c5.xlarge_use1-az1': 50, 'c5.xlarge_use1-az2': 50, 'c5.xlarge_use1-az4': 50, 'c5.xlarge_use1-az5': 50, 'c5.xlarge_use1-az6': 50, 'c5a.12xlarge_use1-az1': 5, 'c5a.12xlarge_use1-az2': 10, 'c5a.12xlarge_use1-az4': 15, 'c5a.12xlarge_use1-az5': 1, 'c5a.12xlarge_use1-az6': 5, 'c5a.16xlarge_use1-az4': 1, 'c5a.16xlarge_use1-az6': 1, 'c5a.24xlarge_use1-az2': 1, 'c5a.24xlarge_use1-az4': 1, 'c5a.24xlarge_use1-az6': 1, 'c5a.2xlarge_use1-az1': 30, 'c5a.2xlarge_use1-az2': 20, 'c5a.2xlarge_use1-az4': 50, 'c5a.2xlarge_use1-az5': 15, 'c5a.2xlarge_use1-az6': 50, 'c5a.4xlarge_use1-az1': 5, 'c5a.4xlarge_use1-az2': 1, 'c5a.4xlarge_use1-az4': 5, 'c5a.4xlarge_use1-az5': 5, 'c5a.4xlarge_use1-az6': 5, 'c5a.8xlarge_use1-az1': 1, 'c5a.8xlarge_use1-az2': 1, 'c5a.8xlarge_use1-az4': 5, 'c5a.8xlarge_use1-az6': 15, 'c5a.large_use1-az1': 50, 'c5a.large_use1-az2': 50, 'c5a.large_use1-az4': 50, 'c5a.large_use1-az5': 45, 'c5a.large_use1-az6': 50, 'c5a.xlarge_use1-az1': 50, 'c5a.xlarge_use1-az2': 50, 'c5a.xlarge_use1-az4': 50, 'c5a.xlarge_use1-az5': 50, 'c5a.xlarge_use1-az6': 50, 'c5ad.12xlarge_use1-az1': 5, 'c5ad.12xlarge_use1-az2': 5, 'c5ad.12xlarge_use1-az4': 5, 'c5ad.12xlarge_use1-az6': 5, 'c5ad.16xlarge_use1-az1': 1, 'c5ad.16xlarge_use1-az2': 5, 'c5ad.16xlarge_use1-az4': 1, 'c5ad.16xlarge_use1-az6': 1, 'c5ad.24xlarge_use1-az1': 1, 'c5ad.24xlarge_use1-az2': 1, 'c5ad.24xlarge_use1-az4': 1, 'c5ad.24xlarge_use1-az6': 5, 'c5ad.2xlarge_use1-az1': 10, 'c5ad.2xlarge_use1-az2': 5, 'c5ad.2xlarge_use1-az4': 5, 'c5ad.2xlarge_use1-az5': 5, 'c5ad.2xlarge_use1-az6': 15, 'c5ad.4xlarge_use1-az1': 5, 'c5ad.4xlarge_use1-az2': 5, 'c5ad.4xlarge_use1-az4': 1, 'c5ad.4xlarge_use1-az5': 1, 'c5ad.4xlarge_use1-az6': 10, 'c5ad.8xlarge_use1-az1': 1, 'c5ad.8xlarge_use1-az2': 1, 'c5ad.8xlarge_use1-az4': 1, 'c5ad.8xlarge_use1-az5': 1, 'c5ad.8xlarge_use1-az6': 1, 'c5ad.large_use1-az1': 20, 'c5ad.large_use1-az2': 30, 'c5ad.large_use1-az4': 10, 'c5ad.large_use1-az5': 15, 'c5ad.large_use1-az6': 20, 'c5ad.xlarge_use1-az1': 15, 'c5ad.xlarge_use1-az2': 10, 'c5ad.xlarge_use1-az4': 5, 'c5ad.xlarge_use1-az5': 5, 'c5ad.xlarge_use1-az6': 15, 'c5d.12xlarge_use1-az2': 15, 'c5d.12xlarge_use1-az4': 5, 'c5d.12xlarge_use1-az6': 45, 'c5d.18xlarge_use1-az1': 5, 'c5d.18xlarge_use1-az2': 50, 'c5d.18xlarge_use1-az4': 50, 'c5d.18xlarge_use1-az5': 5, 'c5d.18xlarge_use1-az6': 30, 'c5d.24xlarge_use1-az2': 35, 'c5d.24xlarge_use1-az4': 25, 'c5d.24xlarge_use1-az6': 50, 'c5d.2xlarge_use1-az1': 15, 'c5d.2xlarge_use1-az2': 50, 'c5d.2xlarge_use1-az4': 50, 'c5d.2xlarge_use1-az5': 20, 'c5d.2xlarge_use1-az6': 50, 'c5d.4xlarge_use1-az1': 20, 'c5d.4xlarge_use1-az2': 50, 'c5d.4xlarge_use1-az4': 50, 'c5d.4xlarge_use1-az5': 25, 'c5d.4xlarge_use1-az6': 50, 'c5d.9xlarge_use1-az1': 10, 'c5d.9xlarge_use1-az2': 20, 'c5d.9xlarge_use1-az4': 50, 'c5d.9xlarge_use1-az5': 10, 'c5d.9xlarge_use1-az6': 25, 'c5d.large_use1-az1': 50, 'c5d.large_use1-az2': 50, 'c5d.large_use1-az4': 50, 'c5d.large_use1-az5': 35, 'c5d.large_use1-az6': 50, 'c5d.xlarge_use1-az1': 50, 'c5d.xlarge_use1-az2': 50, 'c5d.xlarge_use1-az4': 50, 'c5d.xlarge_use1-az5': 50, 'c5d.xlarge_use1-az6': 50, 'c5n.18xlarge_use1-az1': 30, 'c5n.18xlarge_use1-az2': 5, 'c5n.18xlarge_use1-az4': 10, 'c5n.2xlarge_use1-az1': 5, 'c5n.2xlarge_use1-az2': 10, 'c5n.2xlarge_use1-az4': 15, 'c5n.2xlarge_use1-az5': 10, 'c5n.2xlarge_use1-az6': 10, 'c5n.4xlarge_use1-az1': 5, 'c5n.4xlarge_use1-az2': 1, 'c5n.4xlarge_use1-az4': 5, 'c5n.4xlarge_use1-az6': 1, 'c5n.9xlarge_use1-az1': 10, 'c5n.9xlarge_use1-az2': 1, 'c5n.9xlarge_use1-az4': 5, 'c5n.large_use1-az1': 10, 'c5n.large_use1-az2': 10, 'c5n.large_use1-az4': 25, 'c5n.large_use1-az5': 5, 'c5n.large_use1-az6': 5, 'c5n.xlarge_use1-az2': 1, 'c5n.xlarge_use1-az4': 5, 'c5n.xlarge_use1-az5': 1, 'c5n.xlarge_use1-az6': 1, 'c6a.12xlarge_use1-az1': 5, 'c6a.12xlarge_use1-az2': 50, 'c6a.12xlarge_use1-az4': 50, 'c6a.12xlarge_use1-az5': 1, 'c6a.12xlarge_use1-az6': 15, 'c6a.16xlarge_use1-az1': 1, 'c6a.16xlarge_use1-az2': 5, 'c6a.16xlarge_use1-az4': 10, 'c6a.16xlarge_use1-az5': 1, 'c6a.16xlarge_use1-az6': 15, 'c6a.24xlarge_use1-az1': 1, 'c6a.24xlarge_use1-az2': 5, 'c6a.24xlarge_use1-az4': 5, 'c6a.24xlarge_use1-az5': 5, 'c6a.24xlarge_use1-az6': 20, 'c6a.2xlarge_use1-az1': 10, 'c6a.2xlarge_use1-az2': 40, 'c6a.2xlarge_use1-az4': 50, 'c6a.2xlarge_use1-az5': 10, 'c6a.2xlarge_use1-az6': 50, 'c6a.32xlarge_use1-az2': 1, 'c6a.32xlarge_use1-az4': 1, 'c6a.32xlarge_use1-az5': 1, 'c6a.32xlarge_use1-az6': 5, 'c6a.48xlarge_use1-az2': 1, 'c6a.48xlarge_use1-az4': 10, 'c6a.48xlarge_use1-az5': 5, 'c6a.48xlarge_use1-az6': 25, 'c6a.4xlarge_use1-az1': 15, 'c6a.4xlarge_use1-az2': 15, 'c6a.4xlarge_use1-az4': 30, 'c6a.4xlarge_use1-az5': 15, 'c6a.4xlarge_use1-az6': 50, 'c6a.8xlarge_use1-az1': 5, 'c6a.8xlarge_use1-az2': 50, 'c6a.8xlarge_use1-az4': 30, 'c6a.8xlarge_use1-az5': 25, 'c6a.8xlarge_use1-az6': 50, 'c6a.large_use1-az1': 45, 'c6a.large_use1-az2': 50, 'c6a.large_use1-az4': 50, 'c6a.large_use1-az5': 50, 'c6a.large_use1-az6': 20, 'c6a.xlarge_use1-az1': 15, 'c6a.xlarge_use1-az2': 25, 'c6a.xlarge_use1-az4': 25, 'c6a.xlarge_use1-az5': 15, 'c6a.xlarge_use1-az6': 25, 'c6g.12xlarge_use1-az1': 15, 'c6g.12xlarge_use1-az2': 25, 'c6g.12xlarge_use1-az4': 50, 'c6g.12xlarge_use1-az5': 5, 'c6g.12xlarge_use1-az6': 50, 'c6g.16xlarge_use1-az1': 1, 'c6g.16xlarge_use1-az2': 15, 'c6g.16xlarge_use1-az4': 50, 'c6g.16xlarge_use1-az5': 5, 'c6g.16xlarge_use1-az6': 50, 'c6g.2xlarge_use1-az1': 5, 'c6g.2xlarge_use1-az2': 50, 'c6g.2xlarge_use1-az4': 50, 'c6g.2xlarge_use1-az5': 15, 'c6g.2xlarge_use1-az6': 50, 'c6g.4xlarge_use1-az1': 50, 'c6g.4xlarge_use1-az2': 50, 'c6g.4xlarge_use1-az4': 50, 'c6g.4xlarge_use1-az5': 50, 'c6g.4xlarge_use1-az6': 50, 'c6g.8xlarge_use1-az1': 50, 'c6g.8xlarge_use1-az2': 50, 'c6g.8xlarge_use1-az4': 50, 'c6g.8xlarge_use1-az5': 50, 'c6g.8xlarge_use1-az6': 50, 'c6g.large_use1-az2': 50, 'c6g.large_use1-az4': 50, 'c6g.large_use1-az5': 50, 'c6g.large_use1-az6': 50, 'c6g.xlarge_use1-az1': 30, 'c6g.xlarge_use1-az2': 50, 'c6g.xlarge_use1-az4': 50, 'c6g.xlarge_use1-az5': 10, 'c6g.xlarge_use1-az6': 50, 'c6gd.12xlarge_use1-az2': 50, 'c6gd.12xlarge_use1-az4': 30, 'c6gd.12xlarge_use1-az5': 1, 'c6gd.12xlarge_use1-az6': 50, 'c6gd.16xlarge_use1-az2': 50, 'c6gd.16xlarge_use1-az4': 30, 'c6gd.16xlarge_use1-az6': 50, 'c6gd.2xlarge_use1-az1': 15, 'c6gd.2xlarge_use1-az2': 50, 'c6gd.2xlarge_use1-az4': 50, 'c6gd.2xlarge_use1-az5': 1, 'c6gd.2xlarge_use1-az6': 50, 'c6gd.4xlarge_use1-az1': 20, 'c6gd.4xlarge_use1-az2': 50, 'c6gd.4xlarge_use1-az4': 50, 'c6gd.4xlarge_use1-az5': 10, 'c6gd.4xlarge_use1-az6': 50, 'c6gd.8xlarge_use1-az1': 25, 'c6gd.8xlarge_use1-az2': 45, 'c6gd.8xlarge_use1-az4': 45, 'c6gd.8xlarge_use1-az5': 1, 'c6gd.8xlarge_use1-az6': 50, 'c6gd.large_use1-az1': 50, 'c6gd.large_use1-az2': 5, 'c6gd.large_use1-az4': 20, 'c6gd.large_use1-az5': 1, 'c6gd.large_use1-az6': 50, 'c6gd.xlarge_use1-az1': 50, 'c6gd.xlarge_use1-az2': 1, 'c6gd.xlarge_use1-az4': 1, 'c6gd.xlarge_use1-az5': 50, 'c6gd.xlarge_use1-az6': 50, 'c6gn.12xlarge_use1-az2': 25, 'c6gn.12xlarge_use1-az4': 50, 'c6gn.12xlarge_use1-az5': 1, 'c6gn.16xlarge_use1-az1': 1, 'c6gn.16xlarge_use1-az2': 50, 'c6gn.16xlarge_use1-az4': 50, 'c6gn.16xlarge_use1-az5': 10, 'c6gn.2xlarge_use1-az1': 5, 'c6gn.2xlarge_use1-az2': 1, 'c6gn.2xlarge_use1-az4': 20, 'c6gn.2xlarge_use1-az5': 1, 'c6gn.4xlarge_use1-az1': 1, 'c6gn.4xlarge_use1-az2': 40, 'c6gn.4xlarge_use1-az4': 35, 'c6gn.4xlarge_use1-az5': 10, 'c6gn.8xlarge_use1-az1': 25, 'c6gn.8xlarge_use1-az2': 35, 'c6gn.8xlarge_use1-az4': 30, 'c6gn.8xlarge_use1-az5': 5, 'c6gn.8xlarge_use1-az6': 5, 'c6gn.large_use1-az1': 5, 'c6gn.large_use1-az2': 25, 'c6gn.large_use1-az4': 10, 'c6gn.large_use1-az5': 15, 'c6gn.large_use1-az6': 1, 'c6gn.xlarge_use1-az1': 5, 'c6gn.xlarge_use1-az2': 10, 'c6gn.xlarge_use1-az4': 15, 'c6gn.xlarge_use1-az5': 5, 'c6gn.xlarge_use1-az6': 1, 'c6i.12xlarge_use1-az1': 15, 'c6i.12xlarge_use1-az2': 15, 'c6i.12xlarge_use1-az4': 30, 'c6i.12xlarge_use1-az5': 5, 'c6i.12xlarge_use1-az6': 5, 'c6i.16xlarge_use1-az1': 5, 'c6i.16xlarge_use1-az2': 15, 'c6i.16xlarge_use1-az4': 25, 'c6i.16xlarge_use1-az5': 10, 'c6i.16xlarge_use1-az6': 30, 'c6i.24xlarge_use1-az1': 5, 'c6i.24xlarge_use1-az2': 5, 'c6i.24xlarge_use1-az4': 10, 'c6i.24xlarge_use1-az5': 1, 'c6i.24xlarge_use1-az6': 15, 'c6i.2xlarge_use1-az1': 20, 'c6i.2xlarge_use1-az2': 50, 'c6i.2xlarge_use1-az4': 50, 'c6i.2xlarge_use1-az5': 5, 'c6i.2xlarge_use1-az6': 50, 'c6i.32xlarge_use1-az1': 10, 'c6i.32xlarge_use1-az2': 5, 'c6i.32xlarge_use1-az4': 50, 'c6i.32xlarge_use1-az5': 1, 'c6i.32xlarge_use1-az6': 40, 'c6i.4xlarge_use1-az1': 10, 'c6i.4xlarge_use1-az2': 40, 'c6i.4xlarge_use1-az4': 50, 'c6i.4xlarge_use1-az5': 15, 'c6i.4xlarge_use1-az6': 50, 'c6i.8xlarge_use1-az1': 10, 'c6i.8xlarge_use1-az2': 45, 'c6i.8xlarge_use1-az4': 50, 'c6i.8xlarge_use1-az5': 10, 'c6i.8xlarge_use1-az6': 50, 'c6i.large_use1-az1': 10, 'c6i.large_use1-az2': 40, 'c6i.large_use1-az4': 30, 'c6i.large_use1-az5': 10, 'c6i.large_use1-az6': 50, 'c6i.xlarge_use1-az1': 50, 'c6i.xlarge_use1-az2': 45, 'c6i.xlarge_use1-az4': 35, 'c6i.xlarge_use1-az5': 10, 'c6i.xlarge_use1-az6': 50, 'c6id.12xlarge_use1-az1': 1, 'c6id.12xlarge_use1-az2': 1, 'c6id.12xlarge_use1-az4': 5, 'c6id.12xlarge_use1-az6': 5, 'c6id.16xlarge_use1-az1': 1, 'c6id.16xlarge_use1-az2': 5, 'c6id.16xlarge_use1-az4': 5, 'c6id.16xlarge_use1-az5': 1, 'c6id.16xlarge_use1-az6': 1, 'c6id.24xlarge_use1-az1': 5, 'c6id.24xlarge_use1-az2': 15, 'c6id.24xlarge_use1-az4': 5, 'c6id.24xlarge_use1-az5': 1, 'c6id.24xlarge_use1-az6': 10, 'c6id.2xlarge_use1-az1': 1, 'c6id.2xlarge_use1-az2': 1, 'c6id.2xlarge_use1-az4': 5, 'c6id.2xlarge_use1-az5': 5, 'c6id.2xlarge_use1-az6': 1, 'c6id.32xlarge_use1-az1': 1, 'c6id.32xlarge_use1-az2': 5, 'c6id.32xlarge_use1-az4': 10, 'c6id.32xlarge_use1-az5': 1, 'c6id.32xlarge_use1-az6': 5, 'c6id.4xlarge_use1-az1': 15, 'c6id.4xlarge_use1-az2': 10, 'c6id.4xlarge_use1-az4': 10, 'c6id.4xlarge_use1-az5': 1, 'c6id.4xlarge_use1-az6': 5, 'c6id.8xlarge_use1-az1': 5, 'c6id.8xlarge_use1-az2': 1, 'c6id.8xlarge_use1-az4': 5, 'c6id.8xlarge_use1-az5': 1, 'c6id.8xlarge_use1-az6': 1, 'c6id.large_use1-az1': 5, 'c6id.large_use1-az2': 5, 'c6id.large_use1-az4': 1, 'c6id.large_use1-az5': 5, 'c6id.large_use1-az6': 5, 'c6id.xlarge_use1-az1': 5, 'c6id.xlarge_use1-az2': 1, 'c6id.xlarge_use1-az4': 5, 'c6id.xlarge_use1-az5': 1, 'c6id.xlarge_use1-az6': 1, 'c6in.12xlarge_use1-az1': 1, 'c6in.12xlarge_use1-az6': 1, 'c6in.16xlarge_use1-az4': 1, 'c6in.24xlarge_use1-az6': 1, 'c6in.2xlarge_use1-az2': 1, 'c6in.2xlarge_use1-az4': 1, 'c6in.2xlarge_use1-az6': 1, 'c6in.32xlarge_use1-az1': 1, 'c6in.32xlarge_use1-az6': 1, 'c6in.4xlarge_use1-az2': 5, 'c6in.4xlarge_use1-az4': 5, 'c6in.4xlarge_use1-az6': 25, 'c6in.8xlarge_use1-az1': 1, 'c6in.8xlarge_use1-az6': 1, 'c6in.large_use1-az1': 5, 'c6in.large_use1-az2': 1, 'c6in.large_use1-az4': 1, 'c6in.large_use1-az5': 1, 'c6in.large_use1-az6': 5, 'c6in.xlarge_use1-az1': 20, 'c6in.xlarge_use1-az2': 1, 'c6in.xlarge_use1-az4': 1, 'c6in.xlarge_use1-az6': 10, 'c7a.12xlarge_use1-az1': 5, 'c7a.12xlarge_use1-az2': 5, 'c7a.12xlarge_use1-az4': 1, 'c7a.12xlarge_use1-az6': 15, 'c7a.16xlarge_use1-az1': 1, 'c7a.16xlarge_use1-az2': 1, 'c7a.16xlarge_use1-az6': 5, 'c7a.24xlarge_use1-az1': 1, 'c7a.24xlarge_use1-az2': 1, 'c7a.24xlarge_use1-az5': 1, 'c7a.24xlarge_use1-az6': 5, 'c7a.2xlarge_use1-az1': 1, 'c7a.2xlarge_use1-az2': 1, 'c7a.2xlarge_use1-az4': 25, 'c7a.2xlarge_use1-az5': 1, 'c7a.2xlarge_use1-az6': 10, 'c7a.32xlarge_use1-az1': 1, 'c7a.32xlarge_use1-az2': 1, 'c7a.32xlarge_use1-az6': 15, 'c7a.48xlarge_use1-az1': 1, 'c7a.48xlarge_use1-az2': 1, 'c7a.48xlarge_use1-az5': 1, 'c7a.48xlarge_use1-az6': 20, 'c7a.4xlarge_use1-az1': 5, 'c7a.4xlarge_use1-az2': 10, 'c7a.4xlarge_use1-az4': 5, 'c7a.4xlarge_use1-az5': 1, 'c7a.4xlarge_use1-az6': 50, 'c7a.8xlarge_use1-az1': 1, 'c7a.8xlarge_use1-az2': 1, 'c7a.8xlarge_use1-az4': 1, 'c7a.8xlarge_use1-az6': 10, 'c7a.large_use1-az1': 15, 'c7a.large_use1-az2': 25, 'c7a.large_use1-az4': 30, 'c7a.large_use1-az5': 10, 'c7a.large_use1-az6': 50, 'c7a.xlarge_use1-az1': 5, 'c7a.xlarge_use1-az2': 5, 'c7a.xlarge_use1-az4': 10, 'c7a.xlarge_use1-az5': 5, 'c7a.xlarge_use1-az6': 15, 'c7g.12xlarge_use1-az1': 15, 'c7g.12xlarge_use1-az2': 50, 'c7g.12xlarge_use1-az4': 15, 'c7g.12xlarge_use1-az5': 1, 'c7g.12xlarge_use1-az6': 50, 'c7g.16xlarge_use1-az1': 25, 'c7g.16xlarge_use1-az2': 40, 'c7g.16xlarge_use1-az4': 50, 'c7g.16xlarge_use1-az5': 10, 'c7g.16xlarge_use1-az6': 50, 'c7g.2xlarge_use1-az1': 50, 'c7g.2xlarge_use1-az2': 50, 'c7g.2xlarge_use1-az4': 50, 'c7g.2xlarge_use1-az5': 50, 'c7g.2xlarge_use1-az6': 50, 'c7g.4xlarge_use1-az1': 50, 'c7g.4xlarge_use1-az2': 50, 'c7g.4xlarge_use1-az4': 50, 'c7g.4xlarge_use1-az5': 50, 'c7g.4xlarge_use1-az6': 50, 'c7g.8xlarge_use1-az1': 50, 'c7g.8xlarge_use1-az2': 50, 'c7g.8xlarge_use1-az4': 50, 'c7g.8xlarge_use1-az5': 50, 'c7g.8xlarge_use1-az6': 50, 'c7g.large_use1-az2': 45, 'c7g.large_use1-az4': 30, 'c7g.large_use1-az5': 10, 'c7g.large_use1-az6': 30, 'c7g.xlarge_use1-az1': 50, 'c7g.xlarge_use1-az2': 50, 'c7g.xlarge_use1-az4': 50, 'c7g.xlarge_use1-az5': 50, 'c7g.xlarge_use1-az6': 50, 'c7gd.12xlarge_use1-az1': 5, 'c7gd.12xlarge_use1-az2': 30, 'c7gd.12xlarge_use1-az4': 15, 'c7gd.12xlarge_use1-az5': 15, 'c7gd.12xlarge_use1-az6': 50, 'c7gd.16xlarge_use1-az1': 5, 'c7gd.16xlarge_use1-az2': 30, 'c7gd.16xlarge_use1-az4': 40, 'c7gd.16xlarge_use1-az5': 1, 'c7gd.16xlarge_use1-az6': 50, 'c7gd.2xlarge_use1-az1': 15, 'c7gd.2xlarge_use1-az2': 50, 'c7gd.2xlarge_use1-az4': 50, 'c7gd.2xlarge_use1-az5': 5, 'c7gd.2xlarge_use1-az6': 50, 'c7gd.4xlarge_use1-az1': 30, 'c7gd.4xlarge_use1-az2': 25, 'c7gd.4xlarge_use1-az4': 50, 'c7gd.4xlarge_use1-az5': 1, 'c7gd.4xlarge_use1-az6': 50, 'c7gd.8xlarge_use1-az1': 5, 'c7gd.8xlarge_use1-az2': 15, 'c7gd.8xlarge_use1-az4': 10, 'c7gd.8xlarge_use1-az5': 5, 'c7gd.8xlarge_use1-az6': 20, 'c7gd.large_use1-az1': 1, 'c7gd.large_use1-az2': 25, 'c7gd.large_use1-az4': 5, 'c7gd.large_use1-az5': 10, 'c7gd.large_use1-az6': 20, 'c7gd.xlarge_use1-az1': 15, 'c7gd.xlarge_use1-az2': 50, 'c7gd.xlarge_use1-az4': 5, 'c7gd.xlarge_use1-az5': 15, 'c7gd.xlarge_use1-az6': 25, 'c7gn.12xlarge_use1-az2': 1, 'c7gn.12xlarge_use1-az5': 1, 'c7gn.12xlarge_use1-az6': 1, 'c7gn.16xlarge_use1-az2': 5, 'c7gn.16xlarge_use1-az5': 5, 'c7gn.16xlarge_use1-az6': 20, 'c7gn.2xlarge_use1-az2': 1, 'c7gn.2xlarge_use1-az5': 1, 'c7gn.2xlarge_use1-az6': 5, 'c7gn.4xlarge_use1-az2': 50, 'c7gn.4xlarge_use1-az4': 1, 'c7gn.4xlarge_use1-az5': 1, 'c7gn.4xlarge_use1-az6': 50, 'c7gn.8xlarge_use1-az2': 1, 'c7gn.8xlarge_use1-az5': 1, 'c7gn.8xlarge_use1-az6': 5, 'c7gn.large_use1-az1': 1, 'c7gn.large_use1-az2': 10, 'c7gn.large_use1-az5': 10, 'c7gn.large_use1-az6': 10, 'c7gn.xlarge_use1-az1': 1, 'c7gn.xlarge_use1-az2': 5, 'c7gn.xlarge_use1-az5': 5, 'c7gn.xlarge_use1-az6': 5, 'c7i-flex.2xlarge_use1-az1': 50, 'c7i-flex.2xlarge_use1-az2': 50, 'c7i-flex.2xlarge_use1-az4': 50, 'c7i-flex.2xlarge_use1-az5': 15, 'c7i-flex.2xlarge_use1-az6': 50, 'c7i-flex.4xlarge_use1-az1': 1, 'c7i-flex.4xlarge_use1-az2': 1, 'c7i-flex.4xlarge_use1-az4': 1, 'c7i-flex.4xlarge_use1-az6': 5, 'c7i-flex.8xlarge_use1-az1': 1, 'c7i-flex.8xlarge_use1-az2': 1, 'c7i-flex.8xlarge_use1-az4': 1, 'c7i-flex.8xlarge_use1-az6': 5, 'c7i-flex.large_use1-az1': 40, 'c7i-flex.large_use1-az2': 50, 'c7i-flex.large_use1-az4': 10, 'c7i-flex.large_use1-az5': 1, 'c7i-flex.large_use1-az6': 50, 'c7i-flex.xlarge_use1-az1': 50, 'c7i-flex.xlarge_use1-az2': 50, 'c7i-flex.xlarge_use1-az4': 50, 'c7i-flex.xlarge_use1-az5': 5, 'c7i-flex.xlarge_use1-az6': 50, 'c7i.12xlarge_use1-az1': 5, 'c7i.12xlarge_use1-az2': 15, 'c7i.12xlarge_use1-az4': 15, 'c7i.12xlarge_use1-az6': 5, 'c7i.16xlarge_use1-az1': 1, 'c7i.16xlarge_use1-az2': 5, 'c7i.16xlarge_use1-az4': 1, 'c7i.16xlarge_use1-az6': 15, 'c7i.24xlarge_use1-az1': 5, 'c7i.24xlarge_use1-az2': 5, 'c7i.24xlarge_use1-az4': 5, 'c7i.24xlarge_use1-az5': 1, 'c7i.24xlarge_use1-az6': 15, 'c7i.2xlarge_use1-az1': 10, 'c7i.2xlarge_use1-az2': 10, 'c7i.2xlarge_use1-az4': 10, 'c7i.2xlarge_use1-az5': 5, 'c7i.2xlarge_use1-az6': 25, 'c7i.48xlarge_use1-az1': 10, 'c7i.48xlarge_use1-az2': 10, 'c7i.48xlarge_use1-az4': 5, 'c7i.48xlarge_use1-az5': 1, 'c7i.48xlarge_use1-az6': 50, 'c7i.4xlarge_use1-az1': 5, 'c7i.4xlarge_use1-az2': 5, 'c7i.4xlarge_use1-az4': 5, 'c7i.4xlarge_use1-az5': 1, 'c7i.4xlarge_use1-az6': 15, 'c7i.8xlarge_use1-az1': 1, 'c7i.8xlarge_use1-az2': 5, 'c7i.8xlarge_use1-az4': 5, 'c7i.8xlarge_use1-az6': 10, 'c7i.large_use1-az1': 45, 'c7i.large_use1-az2': 50, 'c7i.large_use1-az4': 50, 'c7i.large_use1-az5': 5, 'c7i.large_use1-az6': 50, 'c7i.xlarge_use1-az1': 5, 'c7i.xlarge_use1-az2': 10, 'c7i.xlarge_use1-az4': 5, 'c7i.xlarge_use1-az5': 1, 'c7i.xlarge_use1-az6': 5, 'c8g.12xlarge_use1-az1': 1, 'c8g.12xlarge_use1-az2': 5, 'c8g.12xlarge_use1-az4': 1, 'c8g.12xlarge_use1-az6': 25, 'c8g.16xlarge_use1-az1': 10, 'c8g.16xlarge_use1-az2': 5, 'c8g.16xlarge_use1-az4': 1, 'c8g.16xlarge_use1-az6': 50, 'c8g.24xlarge_use1-az1': 5, 'c8g.24xlarge_use1-az2': 10, 'c8g.24xlarge_use1-az4': 1, 'c8g.24xlarge_use1-az6': 25, 'c8g.2xlarge_use1-az1': 5, 'c8g.2xlarge_use1-az2': 5, 'c8g.2xlarge_use1-az4': 50, 'c8g.2xlarge_use1-az5': 1, 'c8g.2xlarge_use1-az6': 50, 'c8g.48xlarge_use1-az1': 1, 'c8g.48xlarge_use1-az2': 5, 'c8g.48xlarge_use1-az6': 50, 'c8g.4xlarge_use1-az1': 35, 'c8g.4xlarge_use1-az2': 15, 'c8g.4xlarge_use1-az4': 20, 'c8g.4xlarge_use1-az5': 10, 'c8g.4xlarge_use1-az6': 50, 'c8g.8xlarge_use1-az1': 1, 'c8g.8xlarge_use1-az2': 5, 'c8g.8xlarge_use1-az4': 5, 'c8g.8xlarge_use1-az6': 50, 'c8g.large_use1-az1': 5, 'c8g.large_use1-az2': 20, 'c8g.large_use1-az4': 5, 'c8g.large_use1-az5': 1, 'c8g.large_use1-az6': 40, 'c8g.metal-24xl_use1-az2': 1, 'c8g.metal-24xl_use1-az6': 20, 'c8g.metal-48xl_use1-az1': 1, 'c8g.metal-48xl_use1-az2': 1, 'c8g.metal-48xl_use1-az6': 50, 'c8g.xlarge_use1-az1': 5, 'c8g.xlarge_use1-az2': 30, 'c8g.xlarge_use1-az4': 5, 'c8g.xlarge_use1-az5': 1, 'c8g.xlarge_use1-az6': 50, 'c8gd.12xlarge_use1-az2': 5, 'c8gd.12xlarge_use1-az4': 5, 'c8gd.12xlarge_use1-az5': 1, 'c8gd.12xlarge_use1-az6': 5, 'c8gd.16xlarge_use1-az2': 10, 'c8gd.16xlarge_use1-az4': 10, 'c8gd.16xlarge_use1-az5': 5, 'c8gd.16xlarge_use1-az6': 50, 'c8gd.24xlarge_use1-az2': 1, 'c8gd.24xlarge_use1-az4': 5, 'c8gd.24xlarge_use1-az5': 1, 'c8gd.24xlarge_use1-az6': 5, 'c8gd.2xlarge_use1-az2': 50, 'c8gd.2xlarge_use1-az4': 50, 'c8gd.2xlarge_use1-az5': 10, 'c8gd.2xlarge_use1-az6': 50, 'c8gd.48xlarge_use1-az2': 1, 'c8gd.48xlarge_use1-az6': 15, 'c8gd.4xlarge_use1-az2': 10, 'c8gd.4xlarge_use1-az4': 30, 'c8gd.4xlarge_use1-az5': 1, 'c8gd.4xlarge_use1-az6': 50, 'c8gd.8xlarge_use1-az2': 1, 'c8gd.8xlarge_use1-az4': 1, 'c8gd.8xlarge_use1-az5': 1, 'c8gd.8xlarge_use1-az6': 5, 'c8gd.large_use1-az1': 1, 'c8gd.large_use1-az2': 40, 'c8gd.large_use1-az4': 35, 'c8gd.large_use1-az6': 50, 'c8gd.metal-24xl_use1-az2': 1, 'c8gd.metal-24xl_use1-az4': 1, 'c8gd.metal-24xl_use1-az5': 1, 'c8gd.metal-24xl_use1-az6': 5, 'c8gd.metal-48xl_use1-az2': 1, 'c8gd.metal-48xl_use1-az6': 1, 'c8gd.xlarge_use1-az1': 1, 'c8gd.xlarge_use1-az2': 20, 'c8gd.xlarge_use1-az4': 20, 'c8gd.xlarge_use1-az5': 15, 'c8gd.xlarge_use1-az6': 50, 'c8gn.2xlarge_use1-az2': 1, 'c8gn.2xlarge_use1-az4': 1, 'c8gn.2xlarge_use1-az6': 1, 'c8gn.4xlarge_use1-az2': 1, 'c8gn.4xlarge_use1-az5': 1, 'c8gn.8xlarge_use1-az2': 1, 'c8gn.8xlarge_use1-az6': 1, 'c8gn.large_use1-az6': 1, 'c8i-flex.12xlarge_use1-az6': 1, 'c8i-flex.16xlarge_use1-az6': 1, 'c8i-flex.2xlarge_use1-az2': 25, 'c8i-flex.2xlarge_use1-az4': 15, 'c8i-flex.2xlarge_use1-az6': 50, 'c8i-flex.4xlarge_use1-az2': 5, 'c8i-flex.4xlarge_use1-az4': 1, 'c8i-flex.4xlarge_use1-az6': 5, 'c8i-flex.8xlarge_use1-az6': 1, 'c8i-flex.large_use1-az4': 20, 'c8i-flex.xlarge_use1-az2': 40, 'c8i-flex.xlarge_use1-az4': 5, 'c8i-flex.xlarge_use1-az6': 50, 'c8i.12xlarge_use1-az2': 1, 'c8i.12xlarge_use1-az4': 1, 'c8i.12xlarge_use1-az6': 1, 'c8i.16xlarge_use1-az6': 1, 'c8i.24xlarge_use1-az6': 1, 'c8i.2xlarge_use1-az2': 10, 'c8i.2xlarge_use1-az4': 5, 'c8i.2xlarge_use1-az6': 20, 'c8i.32xlarge_use1-az2': 1, 'c8i.32xlarge_use1-az4': 1, 'c8i.32xlarge_use1-az6': 5, 'c8i.48xlarge_use1-az2': 1, 'c8i.48xlarge_use1-az6': 1, 'c8i.4xlarge_use1-az2': 5, 'c8i.4xlarge_use1-az4': 5, 'c8i.4xlarge_use1-az6': 5, 'c8i.8xlarge_use1-az2': 1, 'c8i.8xlarge_use1-az4': 1, 'c8i.8xlarge_use1-az6': 5, 'c8i.96xlarge_use1-az2': 1, 'c8i.96xlarge_use1-az6': 5, 'c8i.metal-48xl_use1-az2': 1, 'c8i.metal-96xl_use1-az2': 1, 'c8i.metal-96xl_use1-az6': 5, 'c8i.xlarge_use1-az2': 50, 'c8i.xlarge_use1-az4': 15, 'c8i.xlarge_use1-az6': 50, 'd2.2xlarge_use1-az1': 1, 'd2.2xlarge_use1-az6': 1, 'd2.4xlarge_use1-az6': 1, 'd2.xlarge_use1-az6': 1, 'd3.2xlarge_use1-az1': 15, 'd3.2xlarge_use1-az2': 45, 'd3.2xlarge_use1-az4': 40, 'd3.2xlarge_use1-az6': 35, 'd3.4xlarge_use1-az4': 15, 'd3.4xlarge_use1-az6': 5, 'd3.8xlarge_use1-az2': 40, 'd3.8xlarge_use1-az4': 35, 'd3.8xlarge_use1-az6': 20, 'd3.xlarge_use1-az1': 10, 'd3.xlarge_use1-az2': 50, 'd3.xlarge_use1-az4': 45, 'd3.xlarge_use1-az6': 25, 'd3en.12xlarge_use1-az2': 10, 'd3en.12xlarge_use1-az4': 20, 'd3en.12xlarge_use1-az6': 50, 'd3en.2xlarge_use1-az1': 5, 'd3en.2xlarge_use1-az2': 25, 'd3en.2xlarge_use1-az4': 15, 'd3en.2xlarge_use1-az6': 50, 'd3en.4xlarge_use1-az4': 10, 'd3en.4xlarge_use1-az6': 50, 'd3en.6xlarge_use1-az2': 5, 'd3en.6xlarge_use1-az4': 15, 'd3en.6xlarge_use1-az6': 50, 'd3en.8xlarge_use1-az2': 15, 'd3en.8xlarge_use1-az4': 5, 'd3en.8xlarge_use1-az6': 50, 'd3en.xlarge_use1-az2': 50, 'd3en.xlarge_use1-az4': 30, 'd3en.xlarge_use1-az6': 50, 'f2.12xlarge_use1-az2': 1, 'f2.12xlarge_use1-az4': 1, 'f2.12xlarge_use1-az6': 1, 'f2.48xlarge_use1-az2': 5, 'f2.48xlarge_use1-az4': 5, 'f2.48xlarge_use1-az6': 1, 'g4ad.16xlarge_use1-az1': 5, 'g4ad.16xlarge_use1-az2': 5, 'g4ad.16xlarge_use1-az4': 5, 'g4ad.16xlarge_use1-az6': 10, 'g4ad.2xlarge_use1-az1': 5, 'g4ad.2xlarge_use1-az2': 10, 'g4ad.2xlarge_use1-az4': 10, 'g4ad.2xlarge_use1-az6': 10, 'g4ad.4xlarge_use1-az1': 10, 'g4ad.4xlarge_use1-az2': 15, 'g4ad.4xlarge_use1-az4': 15, 'g4ad.4xlarge_use1-az6': 5, 'g4ad.8xlarge_use1-az1': 1, 'g4ad.8xlarge_use1-az2': 5, 'g4ad.8xlarge_use1-az4': 5, 'g4ad.8xlarge_use1-az6': 5, 'g4ad.xlarge_use1-az1': 20, 'g4ad.xlarge_use1-az2': 20, 'g4ad.xlarge_use1-az4': 25, 'g4ad.xlarge_use1-az6': 20, 'g4dn.12xlarge_use1-az1': 5, 'g4dn.12xlarge_use1-az2': 15, 'g4dn.12xlarge_use1-az4': 15, 'g4dn.12xlarge_use1-az5': 15, 'g4dn.12xlarge_use1-az6': 50, 'g4dn.16xlarge_use1-az1': 1, 'g4dn.16xlarge_use1-az2': 10, 'g4dn.16xlarge_use1-az4': 1, 'g4dn.16xlarge_use1-az5': 5, 'g4dn.16xlarge_use1-az6': 15, 'g4dn.2xlarge_use1-az1': 45, 'g4dn.2xlarge_use1-az2': 50, 'g4dn.2xlarge_use1-az4': 50, 'g4dn.2xlarge_use1-az5': 50, 'g4dn.2xlarge_use1-az6': 50, 'g4dn.4xlarge_use1-az1': 5, 'g4dn.4xlarge_use1-az2': 40, 'g4dn.4xlarge_use1-az4': 25, 'g4dn.4xlarge_use1-az5': 40, 'g4dn.4xlarge_use1-az6': 40, 'g4dn.8xlarge_use1-az1': 1, 'g4dn.8xlarge_use1-az2': 1, 'g4dn.8xlarge_use1-az4': 10, 'g4dn.8xlarge_use1-az5': 1, 'g4dn.8xlarge_use1-az6': 5, 'g4dn.xlarge_use1-az1': 50, 'g4dn.xlarge_use1-az2': 50, 'g4dn.xlarge_use1-az4': 50, 'g4dn.xlarge_use1-az5': 50, 'g4dn.xlarge_use1-az6': 50, 'g5.12xlarge_use1-az2': 1, 'g5.12xlarge_use1-az5': 10, 'g5.12xlarge_use1-az6': 5, 'g5.16xlarge_use1-az1': 1, 'g5.16xlarge_use1-az2': 1, 'g5.16xlarge_use1-az4': 5, 'g5.16xlarge_use1-az5': 5, 'g5.16xlarge_use1-az6': 10, 'g5.24xlarge_use1-az1': 1, 'g5.24xlarge_use1-az2': 1, 'g5.24xlarge_use1-az4': 1, 'g5.24xlarge_use1-az5': 1, 'g5.24xlarge_use1-az6': 5, 'g5.2xlarge_use1-az5': 50, 'g5.48xlarge_use1-az2': 1, 'g5.48xlarge_use1-az5': 5, 'g5.48xlarge_use1-az6': 25, 'g5.4xlarge_use1-az1': 1, 'g5.4xlarge_use1-az2': 50, 'g5.4xlarge_use1-az4': 50, 'g5.4xlarge_use1-az5': 40, 'g5.4xlarge_use1-az6': 50, 'g5.8xlarge_use1-az1': 1, 'g5.8xlarge_use1-az2': 5, 'g5.8xlarge_use1-az4': 10, 'g5.8xlarge_use1-az5': 20, 'g5.8xlarge_use1-az6': 10, 'g5g.16xlarge_use1-az1': 1, 'g5g.16xlarge_use1-az6': 5, 'g5g.4xlarge_use1-az6': 1, 'g5g.8xlarge_use1-az1': 1, 'g5g.8xlarge_use1-az4': 1, 'g5g.8xlarge_use1-az6': 1, 'g6.12xlarge_use1-az1': 5, 'g6.12xlarge_use1-az2': 1, 'g6.12xlarge_use1-az4': 30, 'g6.12xlarge_use1-az6': 50, 'g6.16xlarge_use1-az1': 1, 'g6.16xlarge_use1-az2': 1, 'g6.16xlarge_use1-az4': 1, 'g6.16xlarge_use1-az6': 5, 'g6.24xlarge_use1-az2': 1, 'g6.24xlarge_use1-az4': 1, 'g6.24xlarge_use1-az6': 1, 'g6.2xlarge_use1-az1': 10, 'g6.2xlarge_use1-az2': 25, 'g6.2xlarge_use1-az4': 50, 'g6.2xlarge_use1-az6': 50, 'g6.48xlarge_use1-az2': 5, 'g6.48xlarge_use1-az4': 30, 'g6.48xlarge_use1-az6': 50, 'g6.4xlarge_use1-az1': 5, 'g6.4xlarge_use1-az2': 10, 'g6.4xlarge_use1-az4': 35, 'g6.4xlarge_use1-az6': 50, 'g6.8xlarge_use1-az1': 5, 'g6.8xlarge_use1-az2': 5, 'g6.8xlarge_use1-az4': 10, 'g6.8xlarge_use1-az6': 15, 'g6e.16xlarge_use1-az1': 10, 'g6e.16xlarge_use1-az2': 15, 'g6e.16xlarge_use1-az4': 40, 'g6e.16xlarge_use1-az6': 20, 'g6e.48xlarge_use1-az4': 5, 'g6e.48xlarge_use1-az6': 1, 'g6e.4xlarge_use1-az1': 1, 'g6e.4xlarge_use1-az4': 5, 'g6e.4xlarge_use1-az6': 1, 'g6e.8xlarge_use1-az1': 1, 'g6e.8xlarge_use1-az2': 1, 'g6e.8xlarge_use1-az4': 1, 'g6e.8xlarge_use1-az6': 1, 'g6f.2xlarge_use1-az1': 1, 'g6f.2xlarge_use1-az4': 1, 'g6f.2xlarge_use1-az6': 5, 'g6f.4xlarge_use1-az1': 1, 'g6f.4xlarge_use1-az4': 1, 'g6f.4xlarge_use1-az6': 1, 'g6f.large_use1-az1': 10, 'g6f.large_use1-az2': 15, 'g6f.large_use1-az4': 40, 'g6f.large_use1-az6': 20, 'g6f.xlarge_use1-az1': 1, 'g6f.xlarge_use1-az2': 1, 'g6f.xlarge_use1-az4': 5, 'g6f.xlarge_use1-az6': 10, 'gr6.4xlarge_use1-az2': 1, 'gr6.4xlarge_use1-az4': 1, 'gr6.4xlarge_use1-az6': 1, 'gr6.8xlarge_use1-az1': 1, 'gr6.8xlarge_use1-az2': 1, 'gr6.8xlarge_use1-az4': 1, 'gr6.8xlarge_use1-az6': 1, 'i2.2xlarge_use1-az3': 5, 'i2.4xlarge_use1-az1': 1, 'i2.4xlarge_use1-az3': 1, 'i2.8xlarge_use1-az3': 1, 'i2.xlarge_use1-az1': 1, 'i2.xlarge_use1-az2': 15, 'i2.xlarge_use1-az3': 1, 'i2.xlarge_use1-az4': 20, 'i2.xlarge_use1-az6': 15, 'i3.16xlarge_use1-az1': 20, 'i3.16xlarge_use1-az2': 50, 'i3.16xlarge_use1-az3': 10, 'i3.16xlarge_use1-az4': 50, 'i3.16xlarge_use1-az5': 10, 'i3.16xlarge_use1-az6': 45, 'i3.2xlarge_use1-az1': 50, 'i3.2xlarge_use1-az2': 50, 'i3.2xlarge_use1-az3': 50, 'i3.2xlarge_use1-az4': 50, 'i3.2xlarge_use1-az5': 50, 'i3.2xlarge_use1-az6': 50, 'i3.4xlarge_use1-az1': 50, 'i3.4xlarge_use1-az2': 50, 'i3.4xlarge_use1-az3': 50, 'i3.4xlarge_use1-az4': 50, 'i3.4xlarge_use1-az5': 50, 'i3.4xlarge_use1-az6': 50, 'i3.8xlarge_use1-az1': 50, 'i3.8xlarge_use1-az2': 50, 'i3.8xlarge_use1-az3': 50, 'i3.8xlarge_use1-az4': 50, 'i3.8xlarge_use1-az5': 25, 'i3.8xlarge_use1-az6': 50, 'i3.large_use1-az1': 50, 'i3.large_use1-az2': 50, 'i3.large_use1-az3': 50, 'i3.large_use1-az4': 50, 'i3.large_use1-az5': 50, 'i3.large_use1-az6': 50, 'i3.xlarge_use1-az1': 50, 'i3.xlarge_use1-az2': 50, 'i3.xlarge_use1-az3': 50, 'i3.xlarge_use1-az4': 50, 'i3.xlarge_use1-az5': 50, 'i3.xlarge_use1-az6': 50, 'i3en.12xlarge_use1-az2': 1, 'i3en.12xlarge_use1-az6': 50, 'i3en.24xlarge_use1-az6': 20, 'i3en.2xlarge_use1-az4': 30, 'i3en.2xlarge_use1-az6': 50, 'i3en.3xlarge_use1-az1': 50, 'i3en.3xlarge_use1-az2': 50, 'i3en.3xlarge_use1-az4': 50, 'i3en.3xlarge_use1-az5': 50, 'i3en.3xlarge_use1-az6': 50, 'i3en.6xlarge_use1-az1': 10, 'i3en.6xlarge_use1-az2': 20, 'i3en.6xlarge_use1-az4': 10, 'i3en.6xlarge_use1-az6': 50, 'i3en.large_use1-az1': 50, 'i3en.large_use1-az2': 50, 'i3en.large_use1-az4': 45, 'i3en.large_use1-az5': 35, 'i3en.large_use1-az6': 50, 'i3en.xlarge_use1-az1': 50, 'i3en.xlarge_use1-az2': 50, 'i3en.xlarge_use1-az4': 50, 'i3en.xlarge_use1-az5': 50, 'i3en.xlarge_use1-az6': 50, 'i4g.16xlarge_use1-az2': 1, 'i4g.16xlarge_use1-az4': 1, 'i4g.16xlarge_use1-az5': 50, 'i4g.16xlarge_use1-az6': 50, 'i4g.2xlarge_use1-az2': 10, 'i4g.2xlarge_use1-az4': 15, 'i4g.2xlarge_use1-az5': 40, 'i4g.2xlarge_use1-az6': 50, 'i4g.4xlarge_use1-az2': 25, 'i4g.4xlarge_use1-az4': 30, 'i4g.4xlarge_use1-az5': 50, 'i4g.4xlarge_use1-az6': 50, 'i4g.8xlarge_use1-az5': 45, 'i4g.8xlarge_use1-az6': 15, 'i4g.large_use1-az1': 5, 'i4g.large_use1-az2': 5, 'i4g.large_use1-az4': 5, 'i4g.large_use1-az5': 25, 'i4g.large_use1-az6': 50, 'i4g.xlarge_use1-az2': 10, 'i4g.xlarge_use1-az4': 1, 'i4g.xlarge_use1-az5': 50, 'i4g.xlarge_use1-az6': 50, 'i4i.12xlarge_use1-az2': 5, 'i4i.16xlarge_use1-az2': 1, 'i4i.16xlarge_use1-az6': 1, 'i4i.24xlarge_use1-az2': 1, 'i4i.2xlarge_use1-az1': 15, 'i4i.2xlarge_use1-az2': 50, 'i4i.2xlarge_use1-az4': 50, 'i4i.2xlarge_use1-az5': 1, 'i4i.2xlarge_use1-az6': 50, 'i4i.4xlarge_use1-az1': 1, 'i4i.4xlarge_use1-az2': 35, 'i4i.4xlarge_use1-az4': 1, 'i4i.4xlarge_use1-az6': 15, 'i4i.8xlarge_use1-az1': 1, 'i4i.8xlarge_use1-az2': 40, 'i4i.8xlarge_use1-az6': 5, 'i4i.large_use1-az1': 50, 'i4i.large_use1-az2': 50, 'i4i.large_use1-az4': 50, 'i4i.large_use1-az5': 50, 'i4i.large_use1-az6': 50, 'i4i.xlarge_use1-az1': 50, 'i4i.xlarge_use1-az2': 50, 'i4i.xlarge_use1-az4': 50, 'i4i.xlarge_use1-az5': 50, 'i4i.xlarge_use1-az6': 50, 'i7i.12xlarge_use1-az1': 1, 'i7i.12xlarge_use1-az2': 1, 'i7i.12xlarge_use1-az4': 1, 'i7i.12xlarge_use1-az5': 1, 'i7i.12xlarge_use1-az6': 1, 'i7i.16xlarge_use1-az2': 1, 'i7i.16xlarge_use1-az4': 5, 'i7i.16xlarge_use1-az5': 1, 'i7i.16xlarge_use1-az6': 1, 'i7i.24xlarge_use1-az2': 1, 'i7i.24xlarge_use1-az4': 1, 'i7i.24xlarge_use1-az5': 1, 'i7i.24xlarge_use1-az6': 1, 'i7i.2xlarge_use1-az1': 1, 'i7i.2xlarge_use1-az2': 50, 'i7i.2xlarge_use1-az4': 45, 'i7i.2xlarge_use1-az5': 20, 'i7i.2xlarge_use1-az6': 10, 'i7i.48xlarge_use1-az2': 1, 'i7i.4xlarge_use1-az1': 1, 'i7i.4xlarge_use1-az2': 15, 'i7i.4xlarge_use1-az4': 20, 'i7i.4xlarge_use1-az5': 5, 'i7i.4xlarge_use1-az6': 20, 'i7i.8xlarge_use1-az1': 1, 'i7i.8xlarge_use1-az2': 1, 'i7i.8xlarge_use1-az4': 5, 'i7i.8xlarge_use1-az5': 1, 'i7i.8xlarge_use1-az6': 1, 'i7i.metal-24xl_use1-az2': 1, 'i7i.metal-24xl_use1-az4': 50, 'i7i.metal-24xl_use1-az6': 35, 'i7i.xlarge_use1-az1': 1, 'i7i.xlarge_use1-az6': 20, 'i7ie.12xlarge_use1-az1': 1, 'i7ie.12xlarge_use1-az4': 1, 'i7ie.12xlarge_use1-az6': 30, 'i7ie.18xlarge_use1-az4': 1, 'i7ie.18xlarge_use1-az6': 20, 'i7ie.24xlarge_use1-az1': 1, 'i7ie.24xlarge_use1-az2': 1, 'i7ie.24xlarge_use1-az4': 1, 'i7ie.24xlarge_use1-az6': 50, 'i7ie.2xlarge_use1-az1': 5, 'i7ie.2xlarge_use1-az2': 1, 'i7ie.2xlarge_use1-az4': 15, 'i7ie.2xlarge_use1-az6': 35, 'i7ie.3xlarge_use1-az1': 5, 'i7ie.3xlarge_use1-az2': 1, 'i7ie.3xlarge_use1-az4': 5, 'i7ie.3xlarge_use1-az6': 30, 'i7ie.48xlarge_use1-az6': 50, 'i7ie.6xlarge_use1-az1': 25, 'i7ie.6xlarge_use1-az4': 20, 'i7ie.6xlarge_use1-az6': 50, 'i7ie.large_use1-az1': 45, 'i7ie.large_use1-az2': 15, 'i7ie.large_use1-az4': 50, 'i7ie.large_use1-az6': 50, 'i7ie.metal-24xl_use1-az4': 1, 'i7ie.metal-24xl_use1-az6': 15, 'i7ie.metal-48xl_use1-az6': 10, 'i7ie.xlarge_use1-az1': 10, 'i7ie.xlarge_use1-az2': 25, 'i7ie.xlarge_use1-az4': 45, 'i7ie.xlarge_use1-az6': 50, 'i8g.12xlarge_use1-az6': 1, 'i8g.24xlarge_use1-az6': 10, 'i8g.2xlarge_use1-az2': 1, 'i8g.4xlarge_use1-az2': 1, 'i8g.8xlarge_use1-az6': 5, 'i8g.large_use1-az2': 10, 'i8g.large_use1-az6': 5, 'i8g.xlarge_use1-az2': 1, 'i8g.xlarge_use1-az4': 1, 'i8g.xlarge_use1-az6': 1, 'i8ge.12xlarge_use1-az4': 1, 'i8ge.12xlarge_use1-az6': 5, 'i8ge.18xlarge_use1-az2': 1, 'i8ge.18xlarge_use1-az4': 1, 'i8ge.18xlarge_use1-az6': 5, 'i8ge.24xlarge_use1-az4': 1, 'i8ge.24xlarge_use1-az6': 5, 'i8ge.2xlarge_use1-az4': 10, 'i8ge.3xlarge_use1-az2': 1, 'i8ge.3xlarge_use1-az4': 5, 'i8ge.48xlarge_use1-az4': 5, 'i8ge.6xlarge_use1-az2': 1, 'i8ge.6xlarge_use1-az4': 1, 'i8ge.large_use1-az2': 5, 'i8ge.large_use1-az4': 50, 'i8ge.metal-24xl_use1-az4': 1, 'i8ge.metal-48xl_use1-az6': 1, 'i8ge.xlarge_use1-az4': 20, 'im4gn.16xlarge_use1-az4': 45, 'im4gn.2xlarge_use1-az1': 10, 'im4gn.2xlarge_use1-az4': 20, 'im4gn.2xlarge_use1-az6': 15, 'im4gn.4xlarge_use1-az1': 5, 'im4gn.4xlarge_use1-az4': 15, 'im4gn.8xlarge_use1-az1': 1, 'im4gn.8xlarge_use1-az4': 5, 'im4gn.large_use1-az1': 35, 'im4gn.large_use1-az2': 10, 'im4gn.large_use1-az4': 50, 'im4gn.large_use1-az6': 10, 'im4gn.xlarge_use1-az1': 25, 'im4gn.xlarge_use1-az2': 50, 'im4gn.xlarge_use1-az4': 30, 'im4gn.xlarge_use1-az6': 40, 'inf1.24xlarge_use1-az1': 1, 'inf1.24xlarge_use1-az2': 1, 'inf1.24xlarge_use1-az4': 10, 'inf1.24xlarge_use1-az5': 5, 'inf1.24xlarge_use1-az6': 20, 'inf1.2xlarge_use1-az1': 15, 'inf1.2xlarge_use1-az2': 15, 'inf1.2xlarge_use1-az4': 30, 'inf1.2xlarge_use1-az5': 40, 'inf1.2xlarge_use1-az6': 40, 'inf1.6xlarge_use1-az1': 1, 'inf1.6xlarge_use1-az2': 1, 'inf1.6xlarge_use1-az4': 5, 'inf1.6xlarge_use1-az5': 5, 'inf1.6xlarge_use1-az6': 10, 'inf1.xlarge_use1-az1': 50, 'inf1.xlarge_use1-az2': 50, 'inf1.xlarge_use1-az4': 40, 'inf1.xlarge_use1-az5': 50, 'inf1.xlarge_use1-az6': 50, 'inf2.24xlarge_use1-az4': 1, 'inf2.24xlarge_use1-az6': 10, 'inf2.48xlarge_use1-az6': 15, 'inf2.8xlarge_use1-az2': 5, 'inf2.8xlarge_use1-az4': 5, 'inf2.8xlarge_use1-az5': 1, 'inf2.8xlarge_use1-az6': 1, 'inf2.xlarge_use1-az2': 5, 'inf2.xlarge_use1-az4': 1, 'inf2.xlarge_use1-az6': 50, 'is4gen.2xlarge_use1-az2': 50, 'is4gen.2xlarge_use1-az4': 50, 'is4gen.2xlarge_use1-az6': 50, 'is4gen.8xlarge_use1-az1': 1, 'is4gen.medium_use1-az1': 50, 'is4gen.medium_use1-az2': 25, 'is4gen.medium_use1-az4': 40, 'is4gen.medium_use1-az6': 30, 'm1.xlarge_use1-az2': 10, 'm1.xlarge_use1-az4': 10, 'm1.xlarge_use1-az6': 10, 'm2.2xlarge_use1-az1': 5, 'm2.2xlarge_use1-az2': 10, 'm2.2xlarge_use1-az4': 15, 'm2.2xlarge_use1-az6': 5, 'm2.4xlarge_use1-az1': 1, 'm2.4xlarge_use1-az2': 5, 'm2.4xlarge_use1-az4': 5, 'm2.4xlarge_use1-az6': 5, 'm2.xlarge_use1-az1': 5, 'm2.xlarge_use1-az2': 20, 'm2.xlarge_use1-az4': 20, 'm2.xlarge_use1-az6': 15, 'm3.2xlarge_use1-az2': 25, 'm3.2xlarge_use1-az3': 1, 'm3.2xlarge_use1-az4': 40, 'm3.2xlarge_use1-az6': 45, 'm3.large_use1-az2': 50, 'm3.large_use1-az4': 50, 'm3.large_use1-az6': 50, 'm3.xlarge_use1-az2': 50, 'm3.xlarge_use1-az3': 1, 'm3.xlarge_use1-az4': 50, 'm3.xlarge_use1-az6': 50, 'm4.10xlarge_use1-az1': 5, 'm4.10xlarge_use1-az2': 10, 'm4.10xlarge_use1-az3': 1, 'm4.10xlarge_use1-az4': 50, 'm4.10xlarge_use1-az5': 1, 'm4.10xlarge_use1-az6': 50, 'm4.2xlarge_use1-az1': 5, 'm4.2xlarge_use1-az2': 20, 'm4.2xlarge_use1-az3': 50, 'm4.2xlarge_use1-az4': 20, 'm4.2xlarge_use1-az5': 1, 'm4.2xlarge_use1-az6': 25, 'm4.4xlarge_use1-az1': 50, 'm4.4xlarge_use1-az2': 50, 'm4.4xlarge_use1-az3': 50, 'm4.4xlarge_use1-az4': 25, 'm4.4xlarge_use1-az5': 10, 'm4.4xlarge_use1-az6': 15, 'm4.large_use1-az1': 30, 'm4.large_use1-az2': 50, 'm4.large_use1-az3': 25, 'm4.large_use1-az4': 50, 'm4.large_use1-az5': 10, 'm4.large_use1-az6': 50, 'm4.xlarge_use1-az1': 15, 'm4.xlarge_use1-az2': 50, 'm4.xlarge_use1-az3': 50, 'm4.xlarge_use1-az4': 50, 'm4.xlarge_use1-az5': 30, 'm4.xlarge_use1-az6': 50, 'm5.12xlarge_use1-az1': 5, 'm5.12xlarge_use1-az2': 25, 'm5.12xlarge_use1-az4': 50, 'm5.12xlarge_use1-az5': 1, 'm5.12xlarge_use1-az6': 40, 'm5.16xlarge_use1-az1': 10, 'm5.16xlarge_use1-az2': 50, 'm5.16xlarge_use1-az4': 50, 'm5.16xlarge_use1-az5': 1, 'm5.16xlarge_use1-az6': 50, 'm5.24xlarge_use1-az1': 5, 'm5.24xlarge_use1-az2': 5, 'm5.24xlarge_use1-az4': 5, 'm5.24xlarge_use1-az5': 1, 'm5.24xlarge_use1-az6': 35, 'm5.2xlarge_use1-az1': 50, 'm5.2xlarge_use1-az2': 50, 'm5.2xlarge_use1-az4': 50, 'm5.2xlarge_use1-az5': 50, 'm5.2xlarge_use1-az6': 50, 'm5.4xlarge_use1-az1': 50, 'm5.4xlarge_use1-az2': 50, 'm5.4xlarge_use1-az4': 50, 'm5.4xlarge_use1-az5': 10, 'm5.4xlarge_use1-az6': 50, 'm5.8xlarge_use1-az1': 50, 'm5.8xlarge_use1-az2': 40, 'm5.8xlarge_use1-az4': 50, 'm5.8xlarge_use1-az5': 1, 'm5.8xlarge_use1-az6': 50, 'm5.large_use1-az1': 50, 'm5.large_use1-az2': 50, 'm5.large_use1-az4': 50, 'm5.large_use1-az5': 50, 'm5.large_use1-az6': 50, 'm5.xlarge_use1-az1': 50, 'm5.xlarge_use1-az2': 50, 'm5.xlarge_use1-az4': 50, 'm5.xlarge_use1-az5': 50, 'm5.xlarge_use1-az6': 50, 'm5a.12xlarge_use1-az2': 1, 'm5a.12xlarge_use1-az4': 1, 'm5a.12xlarge_use1-az6': 1, 'm5a.16xlarge_use1-az2': 1, 'm5a.16xlarge_use1-az4': 1, 'm5a.16xlarge_use1-az6': 1, 'm5a.24xlarge_use1-az1': 1, 'm5a.24xlarge_use1-az2': 1, 'm5a.24xlarge_use1-az4': 1, 'm5a.24xlarge_use1-az5': 5, 'm5a.24xlarge_use1-az6': 5, 'm5a.2xlarge_use1-az1': 10, 'm5a.2xlarge_use1-az2': 25, 'm5a.2xlarge_use1-az4': 25, 'm5a.2xlarge_use1-az5': 5, 'm5a.2xlarge_use1-az6': 45, 'm5a.4xlarge_use1-az1': 5, 'm5a.4xlarge_use1-az2': 10, 'm5a.4xlarge_use1-az4': 5, 'm5a.4xlarge_use1-az5': 10, 'm5a.4xlarge_use1-az6': 15, 'm5a.8xlarge_use1-az1': 1, 'm5a.8xlarge_use1-az2': 20, 'm5a.8xlarge_use1-az4': 20, 'm5a.8xlarge_use1-az5': 1, 'm5a.8xlarge_use1-az6': 5, 'm5a.large_use1-az1': 50, 'm5a.large_use1-az2': 50, 'm5a.large_use1-az4': 50, 'm5a.large_use1-az5': 45, 'm5a.large_use1-az6': 50, 'm5a.xlarge_use1-az1': 10, 'm5a.xlarge_use1-az2': 30, 'm5a.xlarge_use1-az4': 10, 'm5a.xlarge_use1-az5': 20, 'm5a.xlarge_use1-az6': 50, 'm5ad.12xlarge_use1-az1': 1, 'm5ad.16xlarge_use1-az1': 1, 'm5ad.16xlarge_use1-az2': 1, 'm5ad.16xlarge_use1-az4': 1, 'm5ad.16xlarge_use1-az6': 1, 'm5ad.24xlarge_use1-az1': 5, 'm5ad.24xlarge_use1-az2': 1, 'm5ad.24xlarge_use1-az4': 1, 'm5ad.24xlarge_use1-az6': 5, 'm5ad.2xlarge_use1-az1': 1, 'm5ad.2xlarge_use1-az2': 1, 'm5ad.2xlarge_use1-az4': 5, 'm5ad.2xlarge_use1-az6': 1, 'm5ad.4xlarge_use1-az1': 1, 'm5ad.4xlarge_use1-az2': 1, 'm5ad.4xlarge_use1-az4': 1, 'm5ad.4xlarge_use1-az6': 1, 'm5ad.8xlarge_use1-az2': 1, 'm5ad.large_use1-az1': 10, 'm5ad.large_use1-az2': 5, 'm5ad.large_use1-az4': 10, 'm5ad.large_use1-az5': 1, 'm5ad.large_use1-az6': 10, 'm5ad.xlarge_use1-az1': 1, 'm5ad.xlarge_use1-az2': 10, 'm5ad.xlarge_use1-az4': 5, 'm5ad.xlarge_use1-az6': 5, 'm5d.12xlarge_use1-az1': 1, 'm5d.12xlarge_use1-az2': 25, 'm5d.12xlarge_use1-az4': 30, 'm5d.12xlarge_use1-az6': 15, 'm5d.16xlarge_use1-az1': 5, 'm5d.16xlarge_use1-az2': 35, 'm5d.16xlarge_use1-az4': 20, 'm5d.16xlarge_use1-az5': 1, 'm5d.16xlarge_use1-az6': 50, 'm5d.24xlarge_use1-az1': 20, 'm5d.24xlarge_use1-az2': 15, 'm5d.24xlarge_use1-az4': 5, 'm5d.24xlarge_use1-az5': 1, 'm5d.24xlarge_use1-az6': 50, 'm5d.2xlarge_use1-az1': 5, 'm5d.2xlarge_use1-az2': 25, 'm5d.2xlarge_use1-az4': 25, 'm5d.2xlarge_use1-az6': 30, 'm5d.4xlarge_use1-az1': 5, 'm5d.4xlarge_use1-az2': 15, 'm5d.4xlarge_use1-az4': 25, 'm5d.4xlarge_use1-az6': 25, 'm5d.8xlarge_use1-az1': 1, 'm5d.8xlarge_use1-az2': 25, 'm5d.8xlarge_use1-az4': 10, 'm5d.8xlarge_use1-az5': 1, 'm5d.8xlarge_use1-az6': 10, 'm5d.large_use1-az1': 5, 'm5d.large_use1-az2': 50, 'm5d.large_use1-az4': 50, 'm5d.large_use1-az6': 50, 'm5d.xlarge_use1-az1': 50, 'm5d.xlarge_use1-az2': 50, 'm5d.xlarge_use1-az4': 50, 'm5d.xlarge_use1-az5': 1, 'm5d.xlarge_use1-az6': 50, 'm5dn.12xlarge_use1-az1': 1, 'm5dn.12xlarge_use1-az4': 1, 'm5dn.12xlarge_use1-az6': 1, 'm5dn.16xlarge_use1-az1': 1, 'm5dn.16xlarge_use1-az2': 5, 'm5dn.16xlarge_use1-az4': 1, 'm5dn.16xlarge_use1-az6': 1, 'm5dn.24xlarge_use1-az1': 1, 'm5dn.24xlarge_use1-az2': 1, 'm5dn.24xlarge_use1-az4': 1, 'm5dn.24xlarge_use1-az6': 5, 'm5dn.2xlarge_use1-az1': 10, 'm5dn.2xlarge_use1-az2': 5, 'm5dn.2xlarge_use1-az4': 5, 'm5dn.2xlarge_use1-az5': 1, 'm5dn.2xlarge_use1-az6': 15, 'm5dn.4xlarge_use1-az1': 5, 'm5dn.4xlarge_use1-az2': 5, 'm5dn.4xlarge_use1-az4': 1, 'm5dn.4xlarge_use1-az5': 1, 'm5dn.4xlarge_use1-az6': 5, 'm5dn.8xlarge_use1-az2': 1, 'm5dn.8xlarge_use1-az6': 1, 'm5dn.large_use1-az1': 35, 'm5dn.large_use1-az2': 30, 'm5dn.large_use1-az4': 40, 'm5dn.large_use1-az5': 15, 'm5dn.large_use1-az6': 50, 'm5dn.xlarge_use1-az1': 10, 'm5dn.xlarge_use1-az2': 25, 'm5dn.xlarge_use1-az4': 20, 'm5dn.xlarge_use1-az5': 1, 'm5dn.xlarge_use1-az6': 30, 'm5n.12xlarge_use1-az1': 1, 'm5n.12xlarge_use1-az2': 1, 'm5n.12xlarge_use1-az4': 1, 'm5n.12xlarge_use1-az5': 1, 'm5n.12xlarge_use1-az6': 1, 'm5n.16xlarge_use1-az2': 1, 'm5n.16xlarge_use1-az4': 1, 'm5n.16xlarge_use1-az6': 1, 'm5n.24xlarge_use1-az2': 1, 'm5n.24xlarge_use1-az4': 1, 'm5n.24xlarge_use1-az6': 1, 'm5n.2xlarge_use1-az1': 15, 'm5n.2xlarge_use1-az2': 25, 'm5n.2xlarge_use1-az4': 30, 'm5n.2xlarge_use1-az5': 5, 'm5n.2xlarge_use1-az6': 25, 'm5n.4xlarge_use1-az1': 25, 'm5n.4xlarge_use1-az2': 35, 'm5n.4xlarge_use1-az4': 50, 'm5n.4xlarge_use1-az5': 5, 'm5n.4xlarge_use1-az6': 10, 'm5n.8xlarge_use1-az1': 1, 'm5n.8xlarge_use1-az2': 1, 'm5n.8xlarge_use1-az4': 1, 'm5n.8xlarge_use1-az6': 5, 'm5n.large_use1-az1': 5, 'm5n.large_use1-az2': 15, 'm5n.large_use1-az4': 5, 'm5n.large_use1-az5': 5, 'm5n.large_use1-az6': 15, 'm5n.xlarge_use1-az1': 20, 'm5n.xlarge_use1-az2': 50, 'm5n.xlarge_use1-az4': 50, 'm5n.xlarge_use1-az5': 1, 'm5n.xlarge_use1-az6': 50, 'm5zn.12xlarge_use1-az2': 1, 'm5zn.12xlarge_use1-az4': 10, 'm5zn.12xlarge_use1-az5': 1, 'm5zn.12xlarge_use1-az6': 5, 'm5zn.2xlarge_use1-az1': 1, 'm5zn.2xlarge_use1-az2': 1, 'm5zn.2xlarge_use1-az4': 25, 'm5zn.2xlarge_use1-az5': 1, 'm5zn.2xlarge_use1-az6': 5, 'm5zn.3xlarge_use1-az1': 1, 'm5zn.3xlarge_use1-az2': 1, 'm5zn.3xlarge_use1-az4': 5, 'm5zn.3xlarge_use1-az6': 5, 'm5zn.6xlarge_use1-az4': 1, 'm5zn.6xlarge_use1-az6': 1, 'm5zn.large_use1-az1': 5, 'm5zn.large_use1-az2': 5, 'm5zn.large_use1-az4': 30, 'm5zn.large_use1-az5': 15, 'm5zn.large_use1-az6': 20, 'm5zn.xlarge_use1-az1': 1, 'm5zn.xlarge_use1-az2': 1, 'm5zn.xlarge_use1-az4': 20, 'm5zn.xlarge_use1-az5': 5, 'm5zn.xlarge_use1-az6': 5, 'm6a.12xlarge_use1-az1': 5, 'm6a.12xlarge_use1-az2': 5, 'm6a.12xlarge_use1-az4': 15, 'm6a.12xlarge_use1-az6': 10, 'm6a.16xlarge_use1-az1': 5, 'm6a.16xlarge_use1-az2': 5, 'm6a.16xlarge_use1-az4': 5, 'm6a.16xlarge_use1-az6': 5, 'm6a.24xlarge_use1-az1': 1, 'm6a.24xlarge_use1-az2': 1, 'm6a.24xlarge_use1-az4': 1, 'm6a.24xlarge_use1-az6': 1, 'm6a.2xlarge_use1-az1': 50, 'm6a.2xlarge_use1-az2': 35, 'm6a.2xlarge_use1-az4': 45, 'm6a.2xlarge_use1-az5': 15, 'm6a.2xlarge_use1-az6': 50, 'm6a.32xlarge_use1-az2': 1, 'm6a.32xlarge_use1-az4': 1, 'm6a.32xlarge_use1-az5': 1, 'm6a.32xlarge_use1-az6': 1, 'm6a.48xlarge_use1-az2': 1, 'm6a.48xlarge_use1-az4': 1, 'm6a.48xlarge_use1-az6': 1, 'm6a.4xlarge_use1-az1': 45, 'm6a.4xlarge_use1-az2': 40, 'm6a.4xlarge_use1-az4': 25, 'm6a.4xlarge_use1-az5': 5, 'm6a.4xlarge_use1-az6': 50, 'm6a.8xlarge_use1-az1': 25, 'm6a.8xlarge_use1-az2': 15, 'm6a.8xlarge_use1-az4': 50, 'm6a.8xlarge_use1-az5': 10, 'm6a.8xlarge_use1-az6': 50, 'm6a.large_use1-az1': 50, 'm6a.large_use1-az2': 50, 'm6a.large_use1-az4': 50, 'm6a.large_use1-az5': 30, 'm6a.large_use1-az6': 50, 'm6a.xlarge_use1-az1': 50, 'm6a.xlarge_use1-az2': 50, 'm6a.xlarge_use1-az4': 50, 'm6a.xlarge_use1-az5': 35, 'm6a.xlarge_use1-az6': 50, 'm6g.12xlarge_use1-az1': 1, 'm6g.12xlarge_use1-az2': 5, 'm6g.12xlarge_use1-az4': 50, 'm6g.12xlarge_use1-az6': 50, 'm6g.16xlarge_use1-az1': 1, 'm6g.16xlarge_use1-az2': 5, 'm6g.16xlarge_use1-az4': 25, 'm6g.16xlarge_use1-az6': 50, 'm6g.2xlarge_use1-az1': 15, 'm6g.2xlarge_use1-az2': 50, 'm6g.2xlarge_use1-az4': 50, 'm6g.2xlarge_use1-az5': 5, 'm6g.2xlarge_use1-az6': 50, 'm6g.4xlarge_use1-az1': 10, 'm6g.4xlarge_use1-az2': 50, 'm6g.4xlarge_use1-az4': 50, 'm6g.4xlarge_use1-az5': 10, 'm6g.4xlarge_use1-az6': 50, 'm6g.8xlarge_use1-az1': 5, 'm6g.8xlarge_use1-az2': 50, 'm6g.8xlarge_use1-az4': 50, 'm6g.8xlarge_use1-az6': 50, 'm6g.large_use1-az1': 1, 'm6g.large_use1-az2': 50, 'm6g.large_use1-az4': 50, 'm6g.large_use1-az5': 5, 'm6g.large_use1-az6': 50, 'm6g.medium_use1-az1': 5, 'm6g.medium_use1-az2': 5, 'm6g.medium_use1-az4': 10, 'm6g.medium_use1-az5': 1, 'm6g.medium_use1-az6': 15, 'm6g.xlarge_use1-az1': 50, 'm6g.xlarge_use1-az2': 50, 'm6g.xlarge_use1-az4': 50, 'm6g.xlarge_use1-az5': 50, 'm6g.xlarge_use1-az6': 50, 'm6gd.12xlarge_use1-az1': 10, 'm6gd.12xlarge_use1-az2': 40, 'm6gd.12xlarge_use1-az4': 20, 'm6gd.12xlarge_use1-az5': 5, 'm6gd.12xlarge_use1-az6': 50, 'm6gd.16xlarge_use1-az1': 5, 'm6gd.16xlarge_use1-az2': 10, 'm6gd.16xlarge_use1-az4': 10, 'm6gd.16xlarge_use1-az5': 10, 'm6gd.16xlarge_use1-az6': 35, 'm6gd.2xlarge_use1-az1': 1, 'm6gd.2xlarge_use1-az2': 50, 'm6gd.2xlarge_use1-az4': 45, 'm6gd.2xlarge_use1-az5': 1, 'm6gd.2xlarge_use1-az6': 5, 'm6gd.4xlarge_use1-az1': 1, 'm6gd.4xlarge_use1-az2': 5, 'm6gd.4xlarge_use1-az4': 5, 'm6gd.4xlarge_use1-az5': 1, 'm6gd.4xlarge_use1-az6': 15, 'm6gd.8xlarge_use1-az1': 5, 'm6gd.8xlarge_use1-az2': 10, 'm6gd.8xlarge_use1-az4': 15, 'm6gd.8xlarge_use1-az5': 1, 'm6gd.8xlarge_use1-az6': 20, 'm6gd.large_use1-az1': 1, 'm6gd.large_use1-az2': 5, 'm6gd.large_use1-az4': 5, 'm6gd.large_use1-az5': 1, 'm6gd.large_use1-az6': 15, 'm6gd.medium_use1-az1': 1, 'm6gd.medium_use1-az2': 1, 'm6gd.medium_use1-az4': 1, 'm6gd.medium_use1-az5': 5, 'm6gd.medium_use1-az6': 1, 'm6gd.xlarge_use1-az1': 1, 'm6gd.xlarge_use1-az2': 10, 'm6gd.xlarge_use1-az4': 35, 'm6gd.xlarge_use1-az5': 1, 'm6gd.xlarge_use1-az6': 15, 'm6i.12xlarge_use1-az1': 1, 'm6i.12xlarge_use1-az2': 10, 'm6i.12xlarge_use1-az4': 50, 'm6i.12xlarge_use1-az5': 1, 'm6i.12xlarge_use1-az6': 30, 'm6i.16xlarge_use1-az1': 1, 'm6i.16xlarge_use1-az2': 10, 'm6i.16xlarge_use1-az4': 5, 'm6i.16xlarge_use1-az5': 1, 'm6i.16xlarge_use1-az6': 10, 'm6i.24xlarge_use1-az2': 10, 'm6i.24xlarge_use1-az4': 5, 'm6i.24xlarge_use1-az5': 1, 'm6i.24xlarge_use1-az6': 50, 'm6i.2xlarge_use1-az1': 25, 'm6i.2xlarge_use1-az2': 50, 'm6i.2xlarge_use1-az4': 50, 'm6i.2xlarge_use1-az5': 25, 'm6i.2xlarge_use1-az6': 50, 'm6i.32xlarge_use1-az2': 1, 'm6i.32xlarge_use1-az4': 5, 'm6i.32xlarge_use1-az5': 1, 'm6i.32xlarge_use1-az6': 15, 'm6i.4xlarge_use1-az1': 15, 'm6i.4xlarge_use1-az2': 50, 'm6i.4xlarge_use1-az4': 50, 'm6i.4xlarge_use1-az5': 50, 'm6i.4xlarge_use1-az6': 50, 'm6i.8xlarge_use1-az1': 1, 'm6i.8xlarge_use1-az2': 50, 'm6i.8xlarge_use1-az4': 50, 'm6i.8xlarge_use1-az5': 20, 'm6i.8xlarge_use1-az6': 50, 'm6i.large_use1-az1': 25, 'm6i.large_use1-az2': 50, 'm6i.large_use1-az4': 50, 'm6i.large_use1-az5': 50, 'm6i.large_use1-az6': 50, 'm6i.xlarge_use1-az1': 45, 'm6i.xlarge_use1-az2': 50, 'm6i.xlarge_use1-az4': 50, 'm6i.xlarge_use1-az5': 25, 'm6i.xlarge_use1-az6': 50, 'm6id.12xlarge_use1-az1': 1, 'm6id.12xlarge_use1-az2': 1, 'm6id.12xlarge_use1-az4': 1, 'm6id.12xlarge_use1-az6': 1, 'm6id.16xlarge_use1-az1': 1, 'm6id.16xlarge_use1-az2': 1, 'm6id.16xlarge_use1-az4': 1, 'm6id.16xlarge_use1-az6': 1, 'm6id.24xlarge_use1-az1': 10, 'm6id.24xlarge_use1-az2': 15, 'm6id.24xlarge_use1-az4': 35, 'm6id.24xlarge_use1-az5': 5, 'm6id.24xlarge_use1-az6': 15, 'm6id.2xlarge_use1-az1': 5, 'm6id.2xlarge_use1-az2': 5, 'm6id.2xlarge_use1-az4': 5, 'm6id.2xlarge_use1-az5': 1, 'm6id.2xlarge_use1-az6': 5, 'm6id.32xlarge_use1-az1': 10, 'm6id.32xlarge_use1-az2': 15, 'm6id.32xlarge_use1-az4': 5, 'm6id.32xlarge_use1-az5': 1, 'm6id.32xlarge_use1-az6': 50, 'm6id.4xlarge_use1-az1': 15, 'm6id.4xlarge_use1-az2': 10, 'm6id.4xlarge_use1-az4': 5, 'm6id.4xlarge_use1-az5': 1, 'm6id.4xlarge_use1-az6': 10, 'm6id.8xlarge_use1-az1': 1, 'm6id.8xlarge_use1-az4': 5, 'm6id.8xlarge_use1-az5': 1, 'm6id.8xlarge_use1-az6': 1, 'm6id.large_use1-az1': 30, 'm6id.large_use1-az2': 35, 'm6id.large_use1-az4': 15, 'm6id.large_use1-az5': 5, 'm6id.large_use1-az6': 50, 'm6id.xlarge_use1-az1': 20, 'm6id.xlarge_use1-az2': 45, 'm6id.xlarge_use1-az4': 15, 'm6id.xlarge_use1-az5': 5, 'm6id.xlarge_use1-az6': 25, 'm6idn.12xlarge_use1-az2': 1, 'm6idn.16xlarge_use1-az4': 1, 'm6idn.24xlarge_use1-az1': 1, 'm6idn.24xlarge_use1-az2': 1, 'm6idn.24xlarge_use1-az4': 1, 'm6idn.2xlarge_use1-az1': 5, 'm6idn.2xlarge_use1-az2': 10, 'm6idn.2xlarge_use1-az4': 5, 'm6idn.2xlarge_use1-az5': 1, 'm6idn.2xlarge_use1-az6': 5, 'm6idn.32xlarge_use1-az2': 1, 'm6idn.4xlarge_use1-az1': 30, 'm6idn.4xlarge_use1-az2': 10, 'm6idn.4xlarge_use1-az4': 5, 'm6idn.4xlarge_use1-az5': 5, 'm6idn.4xlarge_use1-az6': 5, 'm6idn.large_use1-az1': 25, 'm6idn.large_use1-az2': 35, 'm6idn.large_use1-az4': 15, 'm6idn.large_use1-az5': 10, 'm6idn.large_use1-az6': 10, 'm6idn.xlarge_use1-az1': 15, 'm6idn.xlarge_use1-az2': 50, 'm6idn.xlarge_use1-az4': 20, 'm6idn.xlarge_use1-az5': 5, 'm6idn.xlarge_use1-az6': 10, 'm6in.12xlarge_use1-az4': 1, 'm6in.16xlarge_use1-az2': 1, 'm6in.16xlarge_use1-az4': 1, 'm6in.24xlarge_use1-az1': 1, 'm6in.24xlarge_use1-az2': 1, 'm6in.2xlarge_use1-az1': 10, 'm6in.2xlarge_use1-az2': 20, 'm6in.2xlarge_use1-az4': 10, 'm6in.2xlarge_use1-az5': 1, 'm6in.2xlarge_use1-az6': 5, 'm6in.4xlarge_use1-az1': 1, 'm6in.4xlarge_use1-az2': 1, 'm6in.4xlarge_use1-az5': 1, 'm6in.8xlarge_use1-az1': 1, 'm6in.8xlarge_use1-az2': 1, 'm6in.8xlarge_use1-az4': 1, 'm6in.large_use1-az1': 5, 'm6in.large_use1-az2': 10, 'm6in.large_use1-az4': 5, 'm6in.large_use1-az5': 1, 'm6in.large_use1-az6': 1, 'm6in.xlarge_use1-az1': 5, 'm6in.xlarge_use1-az2': 10, 'm6in.xlarge_use1-az4': 1, 'm7a.12xlarge_use1-az2': 1, 'm7a.12xlarge_use1-az6': 20, 'm7a.16xlarge_use1-az2': 1, 'm7a.16xlarge_use1-az6': 40, 'm7a.24xlarge_use1-az2': 1, 'm7a.24xlarge_use1-az6': 50, 'm7a.2xlarge_use1-az1': 5, 'm7a.2xlarge_use1-az2': 15, 'm7a.2xlarge_use1-az4': 10, 'm7a.2xlarge_use1-az6': 50, 'm7a.32xlarge_use1-az6': 20, 'm7a.48xlarge_use1-az6': 40, 'm7a.4xlarge_use1-az1': 10, 'm7a.4xlarge_use1-az2': 5, 'm7a.4xlarge_use1-az4': 10, 'm7a.4xlarge_use1-az6': 25, 'm7a.8xlarge_use1-az1': 1, 'm7a.8xlarge_use1-az2': 5, 'm7a.8xlarge_use1-az4': 1, 'm7a.8xlarge_use1-az6': 50, 'm7a.large_use1-az1': 15, 'm7a.large_use1-az2': 50, 'm7a.large_use1-az4': 50, 'm7a.large_use1-az5': 5, 'm7a.large_use1-az6': 50, 'm7a.medium_use1-az1': 10, 'm7a.medium_use1-az2': 50, 'm7a.medium_use1-az4': 50, 'm7a.medium_use1-az6': 50, 'm7a.xlarge_use1-az1': 5, 'm7a.xlarge_use1-az2': 40, 'm7a.xlarge_use1-az4': 50, 'm7a.xlarge_use1-az6': 50, 'm7g.12xlarge_use1-az1': 1, 'm7g.12xlarge_use1-az2': 10, 'm7g.12xlarge_use1-az4': 45, 'm7g.12xlarge_use1-az5': 1, 'm7g.12xlarge_use1-az6': 50, 'm7g.16xlarge_use1-az1': 1, 'm7g.16xlarge_use1-az2': 30, 'm7g.16xlarge_use1-az4': 35, 'm7g.16xlarge_use1-az5': 1, 'm7g.16xlarge_use1-az6': 50, 'm7g.2xlarge_use1-az1': 35, 'm7g.2xlarge_use1-az2': 50, 'm7g.2xlarge_use1-az4': 50, 'm7g.2xlarge_use1-az5': 15, 'm7g.2xlarge_use1-az6': 50, 'm7g.4xlarge_use1-az1': 10, 'm7g.4xlarge_use1-az2': 30, 'm7g.4xlarge_use1-az4': 50, 'm7g.4xlarge_use1-az5': 10, 'm7g.4xlarge_use1-az6': 50, 'm7g.8xlarge_use1-az1': 1, 'm7g.8xlarge_use1-az2': 15, 'm7g.8xlarge_use1-az4': 40, 'm7g.8xlarge_use1-az5': 1, 'm7g.8xlarge_use1-az6': 50, 'm7g.large_use1-az1': 10, 'm7g.large_use1-az2': 50, 'm7g.large_use1-az4': 50, 'm7g.large_use1-az5': 30, 'm7g.large_use1-az6': 50, 'm7g.medium_use1-az1': 30, 'm7g.medium_use1-az2': 40, 'm7g.medium_use1-az4': 50, 'm7g.medium_use1-az5': 35, 'm7g.medium_use1-az6': 50, 'm7g.metal_use1-az1': 1, 'm7g.metal_use1-az2': 25, 'm7g.metal_use1-az4': 10, 'm7g.metal_use1-az5': 1, 'm7g.metal_use1-az6': 50, 'm7g.xlarge_use1-az1': 50, 'm7g.xlarge_use1-az2': 50, 'm7g.xlarge_use1-az4': 50, 'm7g.xlarge_use1-az5': 50, 'm7g.xlarge_use1-az6': 50, 'm7gd.12xlarge_use1-az1': 5, 'm7gd.12xlarge_use1-az2': 10, 'm7gd.12xlarge_use1-az4': 1, 'm7gd.12xlarge_use1-az6': 35, 'm7gd.16xlarge_use1-az1': 1, 'm7gd.16xlarge_use1-az2': 30, 'm7gd.16xlarge_use1-az4': 1, 'm7gd.16xlarge_use1-az6': 40, 'm7gd.2xlarge_use1-az1': 15, 'm7gd.2xlarge_use1-az2': 50, 'm7gd.2xlarge_use1-az4': 15, 'm7gd.2xlarge_use1-az6': 25, 'm7gd.4xlarge_use1-az1': 5, 'm7gd.4xlarge_use1-az2': 10, 'm7gd.4xlarge_use1-az4': 1, 'm7gd.4xlarge_use1-az6': 40, 'm7gd.8xlarge_use1-az1': 10, 'm7gd.8xlarge_use1-az2': 50, 'm7gd.8xlarge_use1-az4': 30, 'm7gd.8xlarge_use1-az5': 45, 'm7gd.8xlarge_use1-az6': 50, 'm7gd.large_use1-az1': 5, 'm7gd.large_use1-az2': 50, 'm7gd.large_use1-az4': 5, 'm7gd.large_use1-az6': 50, 'm7gd.medium_use1-az1': 15, 'm7gd.medium_use1-az2': 20, 'm7gd.medium_use1-az4': 15, 'm7gd.medium_use1-az5': 20, 'm7gd.medium_use1-az6': 25, 'm7gd.metal_use1-az1': 5, 'm7gd.metal_use1-az2': 15, 'm7gd.metal_use1-az4': 1, 'm7gd.metal_use1-az6': 15, 'm7gd.xlarge_use1-az1': 5, 'm7gd.xlarge_use1-az2': 10, 'm7gd.xlarge_use1-az4': 10, 'm7gd.xlarge_use1-az5': 1, 'm7gd.xlarge_use1-az6': 25, 'm7i-flex.2xlarge_use1-az1': 50, 'm7i-flex.2xlarge_use1-az2': 50, 'm7i-flex.2xlarge_use1-az4': 15, 'm7i-flex.2xlarge_use1-az5': 10, 'm7i-flex.2xlarge_use1-az6': 50, 'm7i-flex.4xlarge_use1-az2': 5, 'm7i-flex.4xlarge_use1-az4': 5, 'm7i-flex.4xlarge_use1-az6': 25, 'm7i-flex.8xlarge_use1-az1': 1, 'm7i-flex.8xlarge_use1-az2': 5, 'm7i-flex.8xlarge_use1-az4': 5, 'm7i-flex.8xlarge_use1-az5': 1, 'm7i-flex.8xlarge_use1-az6': 10, 'm7i-flex.large_use1-az1': 20, 'm7i-flex.large_use1-az2': 50, 'm7i-flex.large_use1-az4': 25, 'm7i-flex.large_use1-az5': 25, 'm7i-flex.large_use1-az6': 50, 'm7i-flex.xlarge_use1-az1': 50, 'm7i-flex.xlarge_use1-az2': 50, 'm7i-flex.xlarge_use1-az4': 50, 'm7i-flex.xlarge_use1-az5': 15, 'm7i-flex.xlarge_use1-az6': 50, 'm7i.12xlarge_use1-az1': 1, 'm7i.12xlarge_use1-az2': 5, 'm7i.12xlarge_use1-az4': 15, 'm7i.12xlarge_use1-az6': 50, 'm7i.16xlarge_use1-az1': 5, 'm7i.16xlarge_use1-az2': 10, 'm7i.16xlarge_use1-az4': 10, 'm7i.16xlarge_use1-az6': 50, 'm7i.24xlarge_use1-az2': 5, 'm7i.24xlarge_use1-az4': 5, 'm7i.24xlarge_use1-az6': 50, 'm7i.2xlarge_use1-az1': 1, 'm7i.2xlarge_use1-az2': 50, 'm7i.2xlarge_use1-az4': 50, 'm7i.2xlarge_use1-az6': 50, 'm7i.48xlarge_use1-az1': 1, 'm7i.48xlarge_use1-az2': 5, 'm7i.48xlarge_use1-az4': 20, 'm7i.48xlarge_use1-az6': 50, 'm7i.4xlarge_use1-az1': 1, 'm7i.4xlarge_use1-az2': 25, 'm7i.4xlarge_use1-az4': 10, 'm7i.4xlarge_use1-az6': 50, 'm7i.8xlarge_use1-az1': 40, 'm7i.8xlarge_use1-az2': 20, 'm7i.8xlarge_use1-az4': 50, 'm7i.8xlarge_use1-az6': 50, 'm7i.large_use1-az1': 50, 'm7i.large_use1-az2': 50, 'm7i.large_use1-az4': 50, 'm7i.large_use1-az5': 1, 'm7i.large_use1-az6': 50, 'm7i.xlarge_use1-az1': 30, 'm7i.xlarge_use1-az2': 35, 'm7i.xlarge_use1-az4': 50, 'm7i.xlarge_use1-az6': 50, 'm8g.12xlarge_use1-az2': 10, 'm8g.12xlarge_use1-az4': 10, 'm8g.12xlarge_use1-az5': 1, 'm8g.12xlarge_use1-az6': 35, 'm8g.16xlarge_use1-az2': 5, 'm8g.16xlarge_use1-az4': 5, 'm8g.16xlarge_use1-az5': 5, 'm8g.16xlarge_use1-az6': 45, 'm8g.24xlarge_use1-az2': 5, 'm8g.24xlarge_use1-az4': 1, 'm8g.24xlarge_use1-az5': 1, 'm8g.24xlarge_use1-az6': 25, 'm8g.2xlarge_use1-az4': 10, 'm8g.2xlarge_use1-az5': 10, 'm8g.48xlarge_use1-az2': 5, 'm8g.48xlarge_use1-az4': 5, 'm8g.48xlarge_use1-az6': 20, 'm8g.4xlarge_use1-az2': 5, 'm8g.4xlarge_use1-az4': 5, 'm8g.4xlarge_use1-az5': 1, 'm8g.4xlarge_use1-az6': 40, 'm8g.8xlarge_use1-az2': 10, 'm8g.8xlarge_use1-az4': 20, 'm8g.8xlarge_use1-az5': 1, 'm8g.8xlarge_use1-az6': 40, 'm8g.large_use1-az1': 1, 'm8g.large_use1-az2': 20, 'm8g.large_use1-az6': 45, 'm8g.medium_use1-az1': 1, 'm8g.medium_use1-az2': 15, 'm8g.metal-48xl_use1-az2': 5, 'm8g.metal-48xl_use1-az6': 25, 'm8g.xlarge_use1-az1': 1, 'm8g.xlarge_use1-az5': 15, 'm8g.xlarge_use1-az6': 50, 'm8gd.16xlarge_use1-az5': 1, 'm8gd.4xlarge_use1-az2': 5, 'm8gd.4xlarge_use1-az4': 1, 'm8gd.4xlarge_use1-az6': 1, 'm8gd.8xlarge_use1-az5': 1, 'm8gd.8xlarge_use1-az6': 5, 'm8gd.large_use1-az1': 20, 'm8gd.large_use1-az2': 15, 'm8gd.large_use1-az5': 1, 'm8gd.large_use1-az6': 1, 'm8gd.medium_use1-az6': 1, 'm8gd.metal-24xl_use1-az2': 1, 'm8gd.xlarge_use1-az1': 1, 'm8gd.xlarge_use1-az5': 1, 'm8i-flex.16xlarge_use1-az6': 5, 'm8i-flex.2xlarge_use1-az2': 10, 'm8i-flex.2xlarge_use1-az4': 1, 'm8i-flex.2xlarge_use1-az6': 50, 'm8i-flex.4xlarge_use1-az2': 1, 'm8i-flex.4xlarge_use1-az4': 1, 'm8i-flex.4xlarge_use1-az6': 5, 'm8i-flex.8xlarge_use1-az6': 1, 'm8i-flex.large_use1-az2': 5, 'm8i-flex.xlarge_use1-az2': 10, 'm8i-flex.xlarge_use1-az4': 25, 'm8i-flex.xlarge_use1-az6': 50, 'm8i.12xlarge_use1-az6': 1, 'm8i.16xlarge_use1-az4': 1, 'm8i.16xlarge_use1-az6': 1, 'm8i.24xlarge_use1-az6': 1, 'm8i.2xlarge_use1-az2': 10, 'm8i.2xlarge_use1-az4': 1, 'm8i.2xlarge_use1-az6': 10, 'm8i.32xlarge_use1-az2': 1, 'm8i.32xlarge_use1-az6': 5, 'm8i.48xlarge_use1-az2': 1, 'm8i.48xlarge_use1-az6': 5, 'm8i.4xlarge_use1-az2': 5, 'm8i.4xlarge_use1-az4': 1, 'm8i.4xlarge_use1-az6': 5, 'm8i.8xlarge_use1-az2': 1, 'm8i.8xlarge_use1-az4': 1, 'm8i.8xlarge_use1-az6': 20, 'm8i.96xlarge_use1-az6': 1, 'm8i.large_use1-az4': 25, 'm8i.metal-48xl_use1-az6': 1, 'm8i.metal-96xl_use1-az6': 1, 'm8i.xlarge_use1-az2': 30, 'm8i.xlarge_use1-az4': 10, 'p3.2xlarge_use1-az1': 50, 'p3.2xlarge_use1-az2': 50, 'p3.2xlarge_use1-az5': 50, 'p3.2xlarge_use1-az6': 50, 'r3.2xlarge_use1-az2': 1, 'r3.2xlarge_use1-az4': 1, 'r3.2xlarge_use1-az6': 1, 'r3.4xlarge_use1-az4': 1, 'r3.4xlarge_use1-az6': 1, 'r3.8xlarge_use1-az2': 1, 'r3.8xlarge_use1-az4': 1, 'r3.8xlarge_use1-az6': 5, 'r3.large_use1-az2': 50, 'r3.large_use1-az4': 50, 'r3.large_use1-az6': 50, 'r3.xlarge_use1-az2': 40, 'r3.xlarge_use1-az4': 50, 'r3.xlarge_use1-az6': 50, 'r4.16xlarge_use1-az1': 10, 'r4.16xlarge_use1-az2': 10, 'r4.16xlarge_use1-az3': 50, 'r4.16xlarge_use1-az4': 35, 'r4.16xlarge_use1-az5': 15, 'r4.16xlarge_use1-az6': 10, 'r4.2xlarge_use1-az1': 20, 'r4.2xlarge_use1-az2': 50, 'r4.2xlarge_use1-az3': 50, 'r4.2xlarge_use1-az4': 50, 'r4.2xlarge_use1-az5': 5, 'r4.2xlarge_use1-az6': 50, 'r4.4xlarge_use1-az1': 20, 'r4.4xlarge_use1-az2': 50, 'r4.4xlarge_use1-az3': 40, 'r4.4xlarge_use1-az4': 15, 'r4.4xlarge_use1-az5': 5, 'r4.4xlarge_use1-az6': 50, 'r4.8xlarge_use1-az1': 50, 'r4.8xlarge_use1-az2': 50, 'r4.8xlarge_use1-az3': 25, 'r4.8xlarge_use1-az4': 50, 'r4.8xlarge_use1-az5': 5, 'r4.8xlarge_use1-az6': 50, 'r4.large_use1-az1': 35, 'r4.large_use1-az2': 50, 'r4.large_use1-az4': 50, 'r4.large_use1-az5': 20, 'r4.large_use1-az6': 50, 'r4.xlarge_use1-az1': 50, 'r4.xlarge_use1-az2': 50, 'r4.xlarge_use1-az3': 50, 'r4.xlarge_use1-az4': 50, 'r4.xlarge_use1-az5': 30, 'r4.xlarge_use1-az6': 50, 'r5.12xlarge_use1-az1': 5, 'r5.12xlarge_use1-az2': 5, 'r5.12xlarge_use1-az4': 50, 'r5.12xlarge_use1-az5': 5, 'r5.12xlarge_use1-az6': 5, 'r5.16xlarge_use1-az1': 5, 'r5.16xlarge_use1-az4': 35, 'r5.16xlarge_use1-az5': 30, 'r5.16xlarge_use1-az6': 5, 'r5.24xlarge_use1-az4': 15, 'r5.24xlarge_use1-az5': 5, 'r5.24xlarge_use1-az6': 5, 'r5.2xlarge_use1-az1': 50, 'r5.2xlarge_use1-az2': 50, 'r5.2xlarge_use1-az4': 50, 'r5.2xlarge_use1-az5': 5, 'r5.2xlarge_use1-az6': 50, 'r5.4xlarge_use1-az1': 50, 'r5.4xlarge_use1-az2': 50, 'r5.4xlarge_use1-az4': 50, 'r5.4xlarge_use1-az5': 5, 'r5.4xlarge_use1-az6': 50, 'r5.8xlarge_use1-az1': 50, 'r5.8xlarge_use1-az2': 50, 'r5.8xlarge_use1-az4': 50, 'r5.8xlarge_use1-az5': 5, 'r5.8xlarge_use1-az6': 5, 'r5.large_use1-az1': 50, 'r5.large_use1-az2': 50, 'r5.large_use1-az4': 50, 'r5.large_use1-az5': 50, 'r5.large_use1-az6': 50, 'r5.xlarge_use1-az1': 50, 'r5.xlarge_use1-az2': 50, 'r5.xlarge_use1-az4': 50, 'r5.xlarge_use1-az5': 50, 'r5.xlarge_use1-az6': 50, 'r5a.12xlarge_use1-az1': 1, 'r5a.12xlarge_use1-az2': 1, 'r5a.12xlarge_use1-az4': 5, 'r5a.12xlarge_use1-az6': 5, 'r5a.16xlarge_use1-az1': 10, 'r5a.16xlarge_use1-az2': 10, 'r5a.16xlarge_use1-az4': 10, 'r5a.16xlarge_use1-az5': 5, 'r5a.16xlarge_use1-az6': 5, 'r5a.24xlarge_use1-az1': 5, 'r5a.24xlarge_use1-az2': 15, 'r5a.24xlarge_use1-az4': 10, 'r5a.24xlarge_use1-az5': 1, 'r5a.24xlarge_use1-az6': 10, 'r5a.2xlarge_use1-az1': 10, 'r5a.2xlarge_use1-az2': 20, 'r5a.2xlarge_use1-az4': 35, 'r5a.2xlarge_use1-az5': 5, 'r5a.2xlarge_use1-az6': 30, 'r5a.4xlarge_use1-az1': 25, 'r5a.4xlarge_use1-az2': 50, 'r5a.4xlarge_use1-az4': 50, 'r5a.4xlarge_use1-az5': 5, 'r5a.4xlarge_use1-az6': 50, 'r5a.8xlarge_use1-az1': 25, 'r5a.8xlarge_use1-az2': 10, 'r5a.8xlarge_use1-az4': 15, 'r5a.8xlarge_use1-az5': 30, 'r5a.8xlarge_use1-az6': 20, 'r5a.large_use1-az1': 50, 'r5a.large_use1-az2': 50, 'r5a.large_use1-az4': 50, 'r5a.large_use1-az5': 25, 'r5a.large_use1-az6': 50, 'r5a.xlarge_use1-az1': 20, 'r5a.xlarge_use1-az2': 50, 'r5a.xlarge_use1-az4': 50, 'r5a.xlarge_use1-az5': 5, 'r5a.xlarge_use1-az6': 50, 'r5ad.12xlarge_use1-az2': 1, 'r5ad.16xlarge_use1-az2': 50, 'r5ad.16xlarge_use1-az4': 10, 'r5ad.16xlarge_use1-az5': 1, 'r5ad.16xlarge_use1-az6': 10, 'r5ad.24xlarge_use1-az2': 25, 'r5ad.24xlarge_use1-az4': 1, 'r5ad.24xlarge_use1-az6': 10, 'r5ad.2xlarge_use1-az1': 1, 'r5ad.2xlarge_use1-az2': 1, 'r5ad.4xlarge_use1-az1': 1, 'r5ad.4xlarge_use1-az2': 10, 'r5ad.4xlarge_use1-az4': 5, 'r5ad.4xlarge_use1-az5': 1, 'r5ad.8xlarge_use1-az2': 5, 'r5ad.8xlarge_use1-az4': 20, 'r5ad.8xlarge_use1-az5': 1, 'r5ad.8xlarge_use1-az6': 10, 'r5ad.large_use1-az1': 1, 'r5ad.large_use1-az2': 30, 'r5ad.large_use1-az4': 10, 'r5ad.large_use1-az5': 5, 'r5ad.large_use1-az6': 10, 'r5ad.xlarge_use1-az1': 1, 'r5ad.xlarge_use1-az2': 10, 'r5ad.xlarge_use1-az5': 1, 'r5b.12xlarge_use1-az1': 5, 'r5b.12xlarge_use1-az4': 5, 'r5b.12xlarge_use1-az6': 1, 'r5b.16xlarge_use1-az1': 5, 'r5b.16xlarge_use1-az2': 5, 'r5b.16xlarge_use1-az4': 5, 'r5b.16xlarge_use1-az6': 5, 'r5b.24xlarge_use1-az1': 1, 'r5b.24xlarge_use1-az4': 5, 'r5b.24xlarge_use1-az6': 1, 'r5b.4xlarge_use1-az1': 5, 'r5b.8xlarge_use1-az1': 5, 'r5b.8xlarge_use1-az2': 1, 'r5b.large_use1-az1': 1, 'r5b.large_use1-az2': 5, 'r5b.large_use1-az4': 10, 'r5b.large_use1-az6': 5, 'r5b.xlarge_use1-az1': 1, 'r5b.xlarge_use1-az2': 1, 'r5b.xlarge_use1-az4': 5, 'r5b.xlarge_use1-az6': 1, 'r5d.12xlarge_use1-az1': 1, 'r5d.12xlarge_use1-az2': 5, 'r5d.12xlarge_use1-az4': 10, 'r5d.12xlarge_use1-az6': 1, 'r5d.16xlarge_use1-az1': 5, 'r5d.16xlarge_use1-az2': 50, 'r5d.16xlarge_use1-az4': 50, 'r5d.16xlarge_use1-az5': 10, 'r5d.16xlarge_use1-az6': 50, 'r5d.24xlarge_use1-az1': 1, 'r5d.24xlarge_use1-az2': 1, 'r5d.24xlarge_use1-az4': 10, 'r5d.24xlarge_use1-az5': 1, 'r5d.24xlarge_use1-az6': 10, 'r5d.2xlarge_use1-az1': 5, 'r5d.2xlarge_use1-az2': 15, 'r5d.2xlarge_use1-az5': 1, 'r5d.2xlarge_use1-az6': 15, 'r5d.4xlarge_use1-az1': 5, 'r5d.4xlarge_use1-az2': 20, 'r5d.4xlarge_use1-az4': 45, 'r5d.4xlarge_use1-az5': 5, 'r5d.4xlarge_use1-az6': 25, 'r5d.8xlarge_use1-az1': 5, 'r5d.8xlarge_use1-az2': 15, 'r5d.8xlarge_use1-az4': 15, 'r5d.8xlarge_use1-az5': 5, 'r5d.8xlarge_use1-az6': 50, 'r5d.large_use1-az1': 10, 'r5d.large_use1-az2': 50, 'r5d.large_use1-az4': 50, 'r5d.large_use1-az5': 5, 'r5d.large_use1-az6': 50, 'r5d.xlarge_use1-az2': 15, 'r5dn.12xlarge_use1-az1': 1, 'r5dn.12xlarge_use1-az2': 1, 'r5dn.12xlarge_use1-az4': 1, 'r5dn.12xlarge_use1-az5': 1, 'r5dn.12xlarge_use1-az6': 1, 'r5dn.16xlarge_use1-az1': 5, 'r5dn.16xlarge_use1-az2': 5, 'r5dn.16xlarge_use1-az4': 15, 'r5dn.16xlarge_use1-az5': 10, 'r5dn.16xlarge_use1-az6': 30, 'r5dn.24xlarge_use1-az2': 5, 'r5dn.24xlarge_use1-az4': 10, 'r5dn.24xlarge_use1-az5': 1, 'r5dn.24xlarge_use1-az6': 25, 'r5dn.2xlarge_use1-az2': 45, 'r5dn.2xlarge_use1-az6': 5, 'r5dn.4xlarge_use1-az1': 5, 'r5dn.4xlarge_use1-az2': 25, 'r5dn.4xlarge_use1-az4': 45, 'r5dn.4xlarge_use1-az5': 5, 'r5dn.4xlarge_use1-az6': 20, 'r5dn.8xlarge_use1-az1': 1, 'r5dn.8xlarge_use1-az2': 5, 'r5dn.8xlarge_use1-az4': 5, 'r5dn.8xlarge_use1-az5': 5, 'r5dn.8xlarge_use1-az6': 50, 'r5dn.large_use1-az1': 50, 'r5dn.large_use1-az2': 50, 'r5dn.large_use1-az4': 50, 'r5dn.large_use1-az5': 50, 'r5dn.large_use1-az6': 50, 'r5dn.xlarge_use1-az4': 15, 'r5dn.xlarge_use1-az5': 15, 'r5dn.xlarge_use1-az6': 15, 'r5n.12xlarge_use1-az2': 1, 'r5n.12xlarge_use1-az4': 1, 'r5n.12xlarge_use1-az6': 1, 'r5n.16xlarge_use1-az1': 1, 'r5n.16xlarge_use1-az2': 10, 'r5n.16xlarge_use1-az4': 35, 'r5n.16xlarge_use1-az5': 1, 'r5n.16xlarge_use1-az6': 20, 'r5n.2xlarge_use1-az1': 5, 'r5n.2xlarge_use1-az2': 5, 'r5n.2xlarge_use1-az4': 15, 'r5n.2xlarge_use1-az5': 1, 'r5n.2xlarge_use1-az6': 1, 'r5n.4xlarge_use1-az1': 5, 'r5n.4xlarge_use1-az2': 25, 'r5n.4xlarge_use1-az4': 15, 'r5n.4xlarge_use1-az5': 5, 'r5n.4xlarge_use1-az6': 35, 'r5n.8xlarge_use1-az1': 10, 'r5n.8xlarge_use1-az2': 20, 'r5n.8xlarge_use1-az4': 35, 'r5n.8xlarge_use1-az6': 15, 'r5n.large_use1-az1': 20, 'r5n.large_use1-az2': 50, 'r5n.large_use1-az4': 50, 'r5n.large_use1-az5': 10, 'r5n.large_use1-az6': 30, 'r5n.xlarge_use1-az1': 1, 'r5n.xlarge_use1-az2': 10, 'r5n.xlarge_use1-az4': 15, 'r5n.xlarge_use1-az5': 1, 'r5n.xlarge_use1-az6': 20, 'r6a.12xlarge_use1-az1': 1, 'r6a.12xlarge_use1-az2': 10, 'r6a.12xlarge_use1-az4': 5, 'r6a.12xlarge_use1-az6': 10, 'r6a.16xlarge_use1-az1': 5, 'r6a.16xlarge_use1-az2': 15, 'r6a.16xlarge_use1-az4': 30, 'r6a.16xlarge_use1-az5': 15, 'r6a.16xlarge_use1-az6': 40, 'r6a.24xlarge_use1-az2': 5, 'r6a.24xlarge_use1-az4': 1, 'r6a.24xlarge_use1-az5': 1, 'r6a.24xlarge_use1-az6': 5, 'r6a.2xlarge_use1-az1': 50, 'r6a.2xlarge_use1-az2': 50, 'r6a.2xlarge_use1-az4': 40, 'r6a.2xlarge_use1-az5': 1, 'r6a.2xlarge_use1-az6': 50, 'r6a.32xlarge_use1-az2': 5, 'r6a.32xlarge_use1-az4': 5, 'r6a.32xlarge_use1-az5': 5, 'r6a.32xlarge_use1-az6': 5, 'r6a.48xlarge_use1-az2': 5, 'r6a.48xlarge_use1-az4': 5, 'r6a.48xlarge_use1-az5': 5, 'r6a.48xlarge_use1-az6': 1, 'r6a.4xlarge_use1-az1': 50, 'r6a.4xlarge_use1-az2': 50, 'r6a.4xlarge_use1-az4': 50, 'r6a.4xlarge_use1-az5': 40, 'r6a.4xlarge_use1-az6': 50, 'r6a.8xlarge_use1-az1': 20, 'r6a.8xlarge_use1-az2': 50, 'r6a.8xlarge_use1-az4': 50, 'r6a.8xlarge_use1-az5': 50, 'r6a.8xlarge_use1-az6': 50, 'r6a.large_use1-az1': 50, 'r6a.large_use1-az2': 50, 'r6a.large_use1-az4': 50, 'r6a.large_use1-az5': 50, 'r6a.large_use1-az6': 50, 'r6a.xlarge_use1-az1': 50, 'r6a.xlarge_use1-az2': 50, 'r6a.xlarge_use1-az4': 50, 'r6a.xlarge_use1-az5': 50, 'r6a.xlarge_use1-az6': 50, 'r6g.12xlarge_use1-az2': 50, 'r6g.12xlarge_use1-az4': 45, 'r6g.12xlarge_use1-az5': 10, 'r6g.12xlarge_use1-az6': 50, 'r6g.16xlarge_use1-az1': 1, 'r6g.16xlarge_use1-az2': 50, 'r6g.16xlarge_use1-az4': 50, 'r6g.16xlarge_use1-az5': 50, 'r6g.16xlarge_use1-az6': 50, 'r6g.2xlarge_use1-az1': 1, 'r6g.2xlarge_use1-az2': 25, 'r6g.2xlarge_use1-az4': 40, 'r6g.2xlarge_use1-az5': 10, 'r6g.2xlarge_use1-az6': 50, 'r6g.4xlarge_use1-az1': 10, 'r6g.4xlarge_use1-az2': 50, 'r6g.4xlarge_use1-az4': 50, 'r6g.4xlarge_use1-az5': 50, 'r6g.4xlarge_use1-az6': 50, 'r6g.8xlarge_use1-az1': 1, 'r6g.8xlarge_use1-az2': 10, 'r6g.8xlarge_use1-az4': 50, 'r6g.8xlarge_use1-az5': 50, 'r6g.8xlarge_use1-az6': 50, 'r6g.large_use1-az1': 10, 'r6g.large_use1-az2': 40, 'r6g.large_use1-az4': 50, 'r6g.large_use1-az5': 5, 'r6g.large_use1-az6': 50, 'r6g.medium_use1-az1': 1, 'r6g.medium_use1-az2': 10, 'r6g.medium_use1-az4': 15, 'r6g.medium_use1-az5': 15, 'r6g.medium_use1-az6': 35, 'r6g.xlarge_use1-az1': 1, 'r6g.xlarge_use1-az2': 50, 'r6g.xlarge_use1-az4': 50, 'r6g.xlarge_use1-az5': 50, 'r6g.xlarge_use1-az6': 50, 'r6gd.12xlarge_use1-az1': 1, 'r6gd.12xlarge_use1-az2': 5, 'r6gd.12xlarge_use1-az4': 10, 'r6gd.12xlarge_use1-az5': 1, 'r6gd.12xlarge_use1-az6': 10, 'r6gd.16xlarge_use1-az1': 5, 'r6gd.16xlarge_use1-az2': 5, 'r6gd.16xlarge_use1-az4': 50, 'r6gd.16xlarge_use1-az5': 1, 'r6gd.16xlarge_use1-az6': 45, 'r6gd.2xlarge_use1-az1': 1, 'r6gd.2xlarge_use1-az2': 20, 'r6gd.2xlarge_use1-az4': 30, 'r6gd.2xlarge_use1-az5': 1, 'r6gd.2xlarge_use1-az6': 1, 'r6gd.4xlarge_use1-az1': 5, 'r6gd.4xlarge_use1-az2': 20, 'r6gd.4xlarge_use1-az4': 50, 'r6gd.4xlarge_use1-az5': 1, 'r6gd.4xlarge_use1-az6': 25, 'r6gd.8xlarge_use1-az1': 1, 'r6gd.8xlarge_use1-az2': 10, 'r6gd.8xlarge_use1-az4': 20, 'r6gd.8xlarge_use1-az5': 1, 'r6gd.8xlarge_use1-az6': 30, 'r6gd.large_use1-az1': 50, 'r6gd.large_use1-az2': 50, 'r6gd.large_use1-az4': 50, 'r6gd.large_use1-az5': 50, 'r6gd.large_use1-az6': 50, 'r6gd.medium_use1-az1': 5, 'r6gd.medium_use1-az2': 1, 'r6gd.medium_use1-az4': 5, 'r6gd.medium_use1-az5': 5, 'r6gd.medium_use1-az6': 1, 'r6gd.xlarge_use1-az1': 1, 'r6gd.xlarge_use1-az2': 1, 'r6gd.xlarge_use1-az4': 5, 'r6gd.xlarge_use1-az6': 10, 'r6i.12xlarge_use1-az1': 5, 'r6i.12xlarge_use1-az2': 5, 'r6i.12xlarge_use1-az4': 5, 'r6i.12xlarge_use1-az5': 1, 'r6i.12xlarge_use1-az6': 10, 'r6i.16xlarge_use1-az1': 1, 'r6i.16xlarge_use1-az2': 1, 'r6i.16xlarge_use1-az4': 10, 'r6i.16xlarge_use1-az5': 10, 'r6i.16xlarge_use1-az6': 1, 'r6i.24xlarge_use1-az4': 10, 'r6i.24xlarge_use1-az5': 1, 'r6i.24xlarge_use1-az6': 5, 'r6i.2xlarge_use1-az1': 15, 'r6i.2xlarge_use1-az2': 35, 'r6i.2xlarge_use1-az4': 50, 'r6i.2xlarge_use1-az5': 5, 'r6i.2xlarge_use1-az6': 50, 'r6i.32xlarge_use1-az4': 1, 'r6i.32xlarge_use1-az5': 1, 'r6i.32xlarge_use1-az6': 1, 'r6i.4xlarge_use1-az1': 30, 'r6i.4xlarge_use1-az2': 20, 'r6i.4xlarge_use1-az4': 20, 'r6i.4xlarge_use1-az5': 10, 'r6i.4xlarge_use1-az6': 40, 'r6i.8xlarge_use1-az1': 5, 'r6i.8xlarge_use1-az2': 10, 'r6i.8xlarge_use1-az4': 10, 'r6i.8xlarge_use1-az5': 5, 'r6i.8xlarge_use1-az6': 10, 'r6i.large_use1-az1': 20, 'r6i.large_use1-az2': 50, 'r6i.large_use1-az4': 50, 'r6i.large_use1-az5': 20, 'r6i.large_use1-az6': 50, 'r6i.xlarge_use1-az1': 15, 'r6i.xlarge_use1-az2': 45, 'r6i.xlarge_use1-az4': 50, 'r6i.xlarge_use1-az5': 10, 'r6i.xlarge_use1-az6': 50, 'r6id.12xlarge_use1-az1': 1, 'r6id.12xlarge_use1-az2': 5, 'r6id.12xlarge_use1-az4': 1, 'r6id.12xlarge_use1-az6': 5, 'r6id.16xlarge_use1-az1': 5, 'r6id.16xlarge_use1-az2': 5, 'r6id.16xlarge_use1-az4': 15, 'r6id.16xlarge_use1-az5': 1, 'r6id.16xlarge_use1-az6': 20, 'r6id.24xlarge_use1-az1': 10, 'r6id.24xlarge_use1-az2': 10, 'r6id.24xlarge_use1-az4': 5, 'r6id.24xlarge_use1-az5': 15, 'r6id.24xlarge_use1-az6': 25, 'r6id.2xlarge_use1-az1': 5, 'r6id.2xlarge_use1-az2': 1, 'r6id.2xlarge_use1-az4': 10, 'r6id.2xlarge_use1-az5': 1, 'r6id.2xlarge_use1-az6': 10, 'r6id.32xlarge_use1-az1': 1, 'r6id.32xlarge_use1-az2': 5, 'r6id.32xlarge_use1-az4': 1, 'r6id.32xlarge_use1-az5': 1, 'r6id.32xlarge_use1-az6': 10, 'r6id.4xlarge_use1-az1': 40, 'r6id.4xlarge_use1-az2': 50, 'r6id.4xlarge_use1-az4': 10, 'r6id.4xlarge_use1-az5': 20, 'r6id.4xlarge_use1-az6': 35, 'r6id.8xlarge_use1-az1': 1, 'r6id.8xlarge_use1-az2': 1, 'r6id.8xlarge_use1-az4': 5, 'r6id.8xlarge_use1-az5': 1, 'r6id.8xlarge_use1-az6': 5, 'r6id.large_use1-az1': 15, 'r6id.large_use1-az2': 10, 'r6id.large_use1-az4': 5, 'r6id.large_use1-az5': 15, 'r6id.large_use1-az6': 30, 'r6id.xlarge_use1-az1': 5, 'r6id.xlarge_use1-az2': 15, 'r6id.xlarge_use1-az4': 10, 'r6id.xlarge_use1-az5': 15, 'r6id.xlarge_use1-az6': 15, 'r6idn.16xlarge_use1-az4': 1, 'r6idn.16xlarge_use1-az5': 1, 'r6idn.16xlarge_use1-az6': 1, 'r6idn.24xlarge_use1-az6': 1, 'r6idn.2xlarge_use1-az1': 1, 'r6idn.2xlarge_use1-az2': 1, 'r6idn.2xlarge_use1-az4': 5, 'r6idn.2xlarge_use1-az5': 1, 'r6idn.2xlarge_use1-az6': 5, 'r6idn.32xlarge_use1-az6': 1, 'r6idn.4xlarge_use1-az1': 15, 'r6idn.4xlarge_use1-az2': 15, 'r6idn.4xlarge_use1-az4': 15, 'r6idn.4xlarge_use1-az5': 5, 'r6idn.4xlarge_use1-az6': 10, 'r6idn.8xlarge_use1-az2': 1, 'r6idn.8xlarge_use1-az4': 1, 'r6idn.8xlarge_use1-az6': 5, 'r6idn.large_use1-az1': 1, 'r6idn.large_use1-az2': 1, 'r6idn.large_use1-az4': 5, 'r6idn.large_use1-az5': 5, 'r6idn.large_use1-az6': 5, 'r6idn.xlarge_use1-az1': 5, 'r6idn.xlarge_use1-az2': 1, 'r6idn.xlarge_use1-az4': 5, 'r6idn.xlarge_use1-az5': 1, 'r6idn.xlarge_use1-az6': 5, 'r6in.12xlarge_use1-az1': 1, 'r6in.12xlarge_use1-az6': 5, 'r6in.16xlarge_use1-az4': 1, 'r6in.16xlarge_use1-az5': 1, 'r6in.16xlarge_use1-az6': 5, 'r6in.24xlarge_use1-az6': 1, 'r6in.2xlarge_use1-az1': 1, 'r6in.2xlarge_use1-az2': 1, 'r6in.2xlarge_use1-az4': 1, 'r6in.2xlarge_use1-az5': 1, 'r6in.2xlarge_use1-az6': 1, 'r6in.4xlarge_use1-az1': 5, 'r6in.4xlarge_use1-az2': 20, 'r6in.4xlarge_use1-az4': 15, 'r6in.4xlarge_use1-az5': 20, 'r6in.4xlarge_use1-az6': 20, 'r6in.8xlarge_use1-az1': 5, 'r6in.8xlarge_use1-az4': 1, 'r6in.8xlarge_use1-az6': 5, 'r6in.large_use1-az1': 45, 'r6in.large_use1-az2': 50, 'r6in.large_use1-az4': 50, 'r6in.large_use1-az5': 40, 'r6in.large_use1-az6': 50, 'r6in.xlarge_use1-az1': 1, 'r6in.xlarge_use1-az2': 1, 'r6in.xlarge_use1-az4': 1, 'r6in.xlarge_use1-az5': 1, 'r6in.xlarge_use1-az6': 1, 'r7a.12xlarge_use1-az1': 1, 'r7a.12xlarge_use1-az2': 1, 'r7a.12xlarge_use1-az4': 5, 'r7a.12xlarge_use1-az6': 20, 'r7a.16xlarge_use1-az1': 1, 'r7a.16xlarge_use1-az2': 15, 'r7a.16xlarge_use1-az4': 30, 'r7a.16xlarge_use1-az6': 50, 'r7a.24xlarge_use1-az2': 10, 'r7a.24xlarge_use1-az4': 10, 'r7a.24xlarge_use1-az6': 35, 'r7a.2xlarge_use1-az1': 1, 'r7a.2xlarge_use1-az2': 5, 'r7a.2xlarge_use1-az4': 25, 'r7a.2xlarge_use1-az6': 1, 'r7a.32xlarge_use1-az2': 1, 'r7a.32xlarge_use1-az4': 1, 'r7a.32xlarge_use1-az6': 50, 'r7a.48xlarge_use1-az2': 5, 'r7a.48xlarge_use1-az4': 5, 'r7a.48xlarge_use1-az6': 50, 'r7a.4xlarge_use1-az1': 5, 'r7a.4xlarge_use1-az2': 25, 'r7a.4xlarge_use1-az4': 50, 'r7a.4xlarge_use1-az6': 50, 'r7a.8xlarge_use1-az1': 5, 'r7a.8xlarge_use1-az2': 20, 'r7a.8xlarge_use1-az4': 50, 'r7a.8xlarge_use1-az6': 50, 'r7a.large_use1-az1': 50, 'r7a.large_use1-az2': 50, 'r7a.large_use1-az4': 50, 'r7a.large_use1-az6': 50, 'r7a.medium_use1-az1': 10, 'r7a.medium_use1-az2': 25, 'r7a.medium_use1-az4': 50, 'r7a.medium_use1-az6': 50, 'r7a.xlarge_use1-az1': 20, 'r7a.xlarge_use1-az2': 50, 'r7a.xlarge_use1-az4': 50, 'r7a.xlarge_use1-az6': 25, 'r7g.12xlarge_use1-az1': 1, 'r7g.12xlarge_use1-az2': 5, 'r7g.12xlarge_use1-az4': 50, 'r7g.12xlarge_use1-az5': 1, 'r7g.12xlarge_use1-az6': 5, 'r7g.16xlarge_use1-az1': 5, 'r7g.16xlarge_use1-az2': 30, 'r7g.16xlarge_use1-az4': 50, 'r7g.16xlarge_use1-az5': 5, 'r7g.16xlarge_use1-az6': 50, 'r7g.2xlarge_use1-az1': 5, 'r7g.2xlarge_use1-az2': 10, 'r7g.2xlarge_use1-az4': 50, 'r7g.2xlarge_use1-az5': 5, 'r7g.2xlarge_use1-az6': 15, 'r7g.4xlarge_use1-az1': 5, 'r7g.4xlarge_use1-az2': 5, 'r7g.4xlarge_use1-az4': 50, 'r7g.4xlarge_use1-az5': 5, 'r7g.4xlarge_use1-az6': 15, 'r7g.8xlarge_use1-az1': 1, 'r7g.8xlarge_use1-az2': 50, 'r7g.8xlarge_use1-az4': 50, 'r7g.8xlarge_use1-az5': 50, 'r7g.8xlarge_use1-az6': 50, 'r7g.large_use1-az1': 20, 'r7g.large_use1-az2': 50, 'r7g.large_use1-az4': 50, 'r7g.large_use1-az5': 40, 'r7g.large_use1-az6': 40, 'r7g.medium_use1-az1': 50, 'r7g.medium_use1-az2': 50, 'r7g.medium_use1-az4': 50, 'r7g.medium_use1-az5': 25, 'r7g.medium_use1-az6': 50, 'r7g.xlarge_use1-az1': 50, 'r7g.xlarge_use1-az2': 50, 'r7g.xlarge_use1-az4': 50, 'r7g.xlarge_use1-az5': 10, 'r7g.xlarge_use1-az6': 50, 'r7gd.12xlarge_use1-az1': 1, 'r7gd.12xlarge_use1-az2': 10, 'r7gd.12xlarge_use1-az4': 35, 'r7gd.12xlarge_use1-az5': 10, 'r7gd.12xlarge_use1-az6': 50, 'r7gd.16xlarge_use1-az1': 5, 'r7gd.16xlarge_use1-az2': 50, 'r7gd.16xlarge_use1-az4': 50, 'r7gd.16xlarge_use1-az5': 50, 'r7gd.16xlarge_use1-az6': 50, 'r7gd.2xlarge_use1-az1': 5, 'r7gd.2xlarge_use1-az2': 25, 'r7gd.2xlarge_use1-az4': 25, 'r7gd.2xlarge_use1-az5': 40, 'r7gd.2xlarge_use1-az6': 50, 'r7gd.4xlarge_use1-az1': 1, 'r7gd.4xlarge_use1-az2': 20, 'r7gd.4xlarge_use1-az4': 25, 'r7gd.4xlarge_use1-az5': 30, 'r7gd.4xlarge_use1-az6': 50, 'r7gd.8xlarge_use1-az1': 1, 'r7gd.8xlarge_use1-az2': 10, 'r7gd.8xlarge_use1-az4': 30, 'r7gd.8xlarge_use1-az5': 20, 'r7gd.8xlarge_use1-az6': 50, 'r7gd.large_use1-az1': 15, 'r7gd.large_use1-az2': 10, 'r7gd.large_use1-az4': 50, 'r7gd.large_use1-az5': 15, 'r7gd.large_use1-az6': 35, 'r7gd.medium_use1-az1': 35, 'r7gd.medium_use1-az2': 15, 'r7gd.medium_use1-az4': 25, 'r7gd.medium_use1-az5': 15, 'r7gd.medium_use1-az6': 20, 'r7gd.xlarge_use1-az1': 1, 'r7gd.xlarge_use1-az2': 10, 'r7gd.xlarge_use1-az4': 25, 'r7gd.xlarge_use1-az5': 10, 'r7gd.xlarge_use1-az6': 50, 'r7i.12xlarge_use1-az4': 1, 'r7i.12xlarge_use1-az6': 10, 'r7i.16xlarge_use1-az1': 5, 'r7i.16xlarge_use1-az2': 15, 'r7i.16xlarge_use1-az4': 45, 'r7i.16xlarge_use1-az5': 5, 'r7i.16xlarge_use1-az6': 50, 'r7i.24xlarge_use1-az1': 1, 'r7i.24xlarge_use1-az2': 1, 'r7i.24xlarge_use1-az4': 5, 'r7i.24xlarge_use1-az5': 5, 'r7i.24xlarge_use1-az6': 5, 'r7i.2xlarge_use1-az1': 5, 'r7i.2xlarge_use1-az2': 5, 'r7i.2xlarge_use1-az4': 10, 'r7i.2xlarge_use1-az5': 5, 'r7i.2xlarge_use1-az6': 50, 'r7i.48xlarge_use1-az2': 1, 'r7i.48xlarge_use1-az4': 5, 'r7i.48xlarge_use1-az5': 1, 'r7i.48xlarge_use1-az6': 5, 'r7i.4xlarge_use1-az1': 5, 'r7i.4xlarge_use1-az2': 20, 'r7i.4xlarge_use1-az4': 10, 'r7i.4xlarge_use1-az5': 1, 'r7i.4xlarge_use1-az6': 50, 'r7i.8xlarge_use1-az1': 5, 'r7i.8xlarge_use1-az2': 25, 'r7i.8xlarge_use1-az4': 25, 'r7i.8xlarge_use1-az5': 5, 'r7i.8xlarge_use1-az6': 50, 'r7i.large_use1-az1': 15, 'r7i.large_use1-az2': 50, 'r7i.large_use1-az4': 50, 'r7i.large_use1-az5': 15, 'r7i.large_use1-az6': 50, 'r7i.xlarge_use1-az1': 5, 'r7i.xlarge_use1-az2': 15, 'r7i.xlarge_use1-az4': 10, 'r7i.xlarge_use1-az5': 15, 'r7i.xlarge_use1-az6': 50, 'r8g.12xlarge_use1-az2': 5, 'r8g.12xlarge_use1-az4': 5, 'r8g.12xlarge_use1-az6': 15, 'r8g.16xlarge_use1-az1': 1, 'r8g.16xlarge_use1-az2': 50, 'r8g.16xlarge_use1-az4': 50, 'r8g.16xlarge_use1-az5': 5, 'r8g.16xlarge_use1-az6': 50, 'r8g.24xlarge_use1-az2': 10, 'r8g.24xlarge_use1-az4': 5, 'r8g.24xlarge_use1-az5': 5, 'r8g.24xlarge_use1-az6': 35, 'r8g.2xlarge_use1-az2': 5, 'r8g.2xlarge_use1-az4': 5, 'r8g.2xlarge_use1-az5': 1, 'r8g.2xlarge_use1-az6': 5, 'r8g.48xlarge_use1-az2': 1, 'r8g.48xlarge_use1-az4': 5, 'r8g.48xlarge_use1-az6': 5, 'r8g.4xlarge_use1-az2': 10, 'r8g.4xlarge_use1-az4': 35, 'r8g.4xlarge_use1-az5': 5, 'r8g.4xlarge_use1-az6': 50, 'r8g.8xlarge_use1-az2': 40, 'r8g.8xlarge_use1-az4': 15, 'r8g.8xlarge_use1-az5': 1, 'r8g.8xlarge_use1-az6': 50, 'r8g.large_use1-az1': 5, 'r8g.large_use1-az2': 30, 'r8g.large_use1-az4': 15, 'r8g.large_use1-az5': 10, 'r8g.large_use1-az6': 20, 'r8g.medium_use1-az1': 15, 'r8g.medium_use1-az2': 30, 'r8g.medium_use1-az4': 20, 'r8g.medium_use1-az5': 5, 'r8g.medium_use1-az6': 15, 'r8g.xlarge_use1-az1': 1, 'r8g.xlarge_use1-az2': 10, 'r8g.xlarge_use1-az4': 5, 'r8g.xlarge_use1-az5': 5, 'r8g.xlarge_use1-az6': 10, 'r8gb.24xlarge_use1-az6': 1, 'r8gb.2xlarge_use1-az2': 1, 'r8gb.2xlarge_use1-az4': 1, 'r8gb.2xlarge_use1-az6': 1, 'r8gb.large_use1-az2': 20, 'r8gb.large_use1-az4': 15, 'r8gb.large_use1-az6': 25, 'r8gb.medium_use1-az2': 50, 'r8gb.metal-24xl_use1-az6': 1, 'r8gb.xlarge_use1-az2': 5, 'r8gb.xlarge_use1-az4': 5, 'r8gb.xlarge_use1-az6': 5, 'r8gd.12xlarge_use1-az5': 1, 'r8gd.12xlarge_use1-az6': 1, 'r8gd.16xlarge_use1-az2': 1, 'r8gd.16xlarge_use1-az4': 1, 'r8gd.16xlarge_use1-az5': 1, 'r8gd.16xlarge_use1-az6': 15, 'r8gd.24xlarge_use1-az2': 1, 'r8gd.24xlarge_use1-az5': 1, 'r8gd.24xlarge_use1-az6': 25, 'r8gd.2xlarge_use1-az2': 25, 'r8gd.2xlarge_use1-az4': 30, 'r8gd.2xlarge_use1-az6': 50, 'r8gd.48xlarge_use1-az6': 50, 'r8gd.4xlarge_use1-az1': 1, 'r8gd.4xlarge_use1-az2': 20, 'r8gd.4xlarge_use1-az5': 1, 'r8gd.4xlarge_use1-az6': 15, 'r8gd.8xlarge_use1-az2': 5, 'r8gd.8xlarge_use1-az4': 1, 'r8gd.8xlarge_use1-az5': 1, 'r8gd.8xlarge_use1-az6': 1, 'r8gd.large_use1-az2': 50, 'r8gd.large_use1-az5': 1, 'r8gd.large_use1-az6': 50, 'r8gd.medium_use1-az1': 5, 'r8gd.medium_use1-az2': 5, 'r8gd.medium_use1-az4': 5, 'r8gd.medium_use1-az5': 10, 'r8gd.metal-24xl_use1-az6': 1, 'r8gd.metal-48xl_use1-az6': 1, 'r8gd.xlarge_use1-az2': 25, 'r8gd.xlarge_use1-az4': 1, 'r8gd.xlarge_use1-az5': 50, 'r8gd.xlarge_use1-az6': 40, 'r8gn.16xlarge_use1-az6': 1, 'r8gn.24xlarge_use1-az2': 1, 'r8gn.2xlarge_use1-az2': 1, 'r8gn.2xlarge_use1-az4': 1, 'r8gn.2xlarge_use1-az6': 1, 'r8gn.48xlarge_use1-az6': 1, 'r8gn.4xlarge_use1-az6': 5, 'r8gn.8xlarge_use1-az2': 1, 'r8gn.8xlarge_use1-az6': 5, 'r8gn.large_use1-az2': 20, 'r8gn.large_use1-az4': 15, 'r8gn.large_use1-az6': 20, 'r8gn.medium_use1-az2': 35, 'r8gn.medium_use1-az4': 40, 'r8gn.metal-24xl_use1-az2': 1, 'r8gn.metal-24xl_use1-az6': 1, 'r8gn.xlarge_use1-az2': 1, 'r8gn.xlarge_use1-az4': 5, 'r8gn.xlarge_use1-az6': 10, 'r8i-flex.2xlarge_use1-az2': 1, 'r8i-flex.2xlarge_use1-az6': 5, 'r8i-flex.4xlarge_use1-az2': 1, 'r8i-flex.4xlarge_use1-az6': 1, 'r8i-flex.large_use1-az2': 1, 'r8i-flex.large_use1-az6': 5, 'r8i-flex.xlarge_use1-az2': 5, 'r8i-flex.xlarge_use1-az6': 1, 'r8i.12xlarge_use1-az2': 1, 'r8i.12xlarge_use1-az6': 1, 'r8i.16xlarge_use1-az2': 1, 'r8i.16xlarge_use1-az6': 1, 'r8i.24xlarge_use1-az6': 1, 'r8i.2xlarge_use1-az2': 5, 'r8i.2xlarge_use1-az6': 5, 'r8i.32xlarge_use1-az2': 1, 'r8i.32xlarge_use1-az6': 1, 'r8i.48xlarge_use1-az2': 1, 'r8i.48xlarge_use1-az6': 1, 'r8i.4xlarge_use1-az2': 1, 'r8i.4xlarge_use1-az6': 5, 'r8i.8xlarge_use1-az2': 1, 'r8i.8xlarge_use1-az6': 5, 'r8i.96xlarge_use1-az2': 1, 'r8i.96xlarge_use1-az6': 1, 'r8i.large_use1-az2': 20, 'r8i.large_use1-az6': 20, 'r8i.xlarge_use1-az2': 5, 'r8i.xlarge_use1-az6': 5, 't2.2xlarge_use1-az1': 50, 't2.2xlarge_use1-az2': 50, 't2.2xlarge_use1-az3': 15, 't2.2xlarge_use1-az4': 50, 't2.2xlarge_use1-az5': 50, 't2.2xlarge_use1-az6': 50, 't2.large_use1-az1': 20, 't2.large_use1-az2': 50, 't2.large_use1-az3': 50, 't2.large_use1-az4': 50, 't2.large_use1-az5': 25, 't2.large_use1-az6': 50, 't2.medium_use1-az1': 50, 't2.medium_use1-az2': 50, 't2.medium_use1-az3': 50, 't2.medium_use1-az4': 50, 't2.medium_use1-az5': 50, 't2.medium_use1-az6': 50, 't2.xlarge_use1-az1': 35, 't2.xlarge_use1-az2': 50, 't2.xlarge_use1-az3': 20, 't2.xlarge_use1-az4': 50, 't2.xlarge_use1-az5': 5, 't2.xlarge_use1-az6': 50, 't3.2xlarge_use1-az1': 50, 't3.2xlarge_use1-az2': 50, 't3.2xlarge_use1-az4': 50, 't3.2xlarge_use1-az5': 50, 't3.2xlarge_use1-az6': 50, 't3.large_use1-az1': 50, 't3.large_use1-az2': 50, 't3.large_use1-az4': 50, 't3.large_use1-az5': 50, 't3.large_use1-az6': 50, 't3.medium_use1-az1': 50, 't3.medium_use1-az2': 50, 't3.medium_use1-az4': 50, 't3.medium_use1-az5': 50, 't3.medium_use1-az6': 50, 't3.xlarge_use1-az1': 50, 't3.xlarge_use1-az2': 50, 't3.xlarge_use1-az4': 50, 't3.xlarge_use1-az5': 50, 't3.xlarge_use1-az6': 50, 't3a.2xlarge_use1-az1': 50, 't3a.2xlarge_use1-az2': 50, 't3a.2xlarge_use1-az4': 50, 't3a.2xlarge_use1-az5': 50, 't3a.2xlarge_use1-az6': 50, 't3a.large_use1-az1': 50, 't3a.large_use1-az2': 50, 't3a.large_use1-az4': 50, 't3a.large_use1-az5': 5, 't3a.large_use1-az6': 50, 't3a.medium_use1-az1': 50, 't3a.medium_use1-az2': 50, 't3a.medium_use1-az4': 50, 't3a.medium_use1-az5': 5, 't3a.medium_use1-az6': 50, 't3a.xlarge_use1-az1': 25, 't3a.xlarge_use1-az2': 50, 't3a.xlarge_use1-az4': 50, 't3a.xlarge_use1-az5': 15, 't3a.xlarge_use1-az6': 50, 't4g.2xlarge_use1-az1': 5, 't4g.2xlarge_use1-az2': 15, 't4g.2xlarge_use1-az4': 5, 't4g.2xlarge_use1-az5': 10, 't4g.2xlarge_use1-az6': 10, 't4g.large_use1-az1': 1, 't4g.large_use1-az2': 15, 't4g.large_use1-az4': 50, 't4g.large_use1-az5': 25, 't4g.large_use1-az6': 35, 't4g.medium_use1-az1': 1, 't4g.medium_use1-az2': 50, 't4g.medium_use1-az4': 50, 't4g.medium_use1-az5': 35, 't4g.medium_use1-az6': 50, 't4g.xlarge_use1-az1': 30, 't4g.xlarge_use1-az2': 15, 't4g.xlarge_use1-az4': 50, 't4g.xlarge_use1-az5': 5, 't4g.xlarge_use1-az6': 10, 'trn1.2xlarge_use1-az5': 5, 'trn1.2xlarge_use1-az6': 20, 'trn1.32xlarge_use1-az6': 50, 'trn1n.32xlarge_use1-az6': 50, 'vt1.3xlarge_use1-az2': 1, 'vt1.6xlarge_use1-az2': 1, 'x1.16xlarge_use1-az2': 1, 'x1.16xlarge_use1-az4': 1, 'x1.16xlarge_use1-az6': 1, 'x1.32xlarge_use1-az2': 1, 'x1.32xlarge_use1-az3': 5, 'x1.32xlarge_use1-az6': 1, 'x1e.16xlarge_use1-az6': 5, 'x1e.2xlarge_use1-az4': 10, 'x1e.2xlarge_use1-az6': 1, 'x1e.4xlarge_use1-az6': 1, 'x1e.8xlarge_use1-az6': 5, 'x1e.xlarge_use1-az2': 20, 'x1e.xlarge_use1-az4': 15, 'x1e.xlarge_use1-az6': 5, 'x2gd.12xlarge_use1-az5': 5, 'x2gd.12xlarge_use1-az6': 1, 'x2gd.16xlarge_use1-az5': 1, 'x2gd.16xlarge_use1-az6': 15, 'x2gd.2xlarge_use1-az1': 5, 'x2gd.2xlarge_use1-az4': 1, 'x2gd.2xlarge_use1-az5': 5, 'x2gd.2xlarge_use1-az6': 30, 'x2gd.4xlarge_use1-az1': 1, 'x2gd.4xlarge_use1-az2': 1, 'x2gd.4xlarge_use1-az4': 5, 'x2gd.4xlarge_use1-az5': 1, 'x2gd.4xlarge_use1-az6': 35, 'x2gd.8xlarge_use1-az4': 1, 'x2gd.8xlarge_use1-az5': 1, 'x2gd.8xlarge_use1-az6': 5, 'x2gd.large_use1-az1': 35, 'x2gd.large_use1-az2': 25, 'x2gd.large_use1-az4': 15, 'x2gd.large_use1-az5': 25, 'x2gd.large_use1-az6': 50, 'x2gd.medium_use1-az1': 25, 'x2gd.medium_use1-az2': 35, 'x2gd.medium_use1-az4': 50, 'x2gd.medium_use1-az5': 50, 'x2gd.medium_use1-az6': 50, 'x2gd.xlarge_use1-az1': 5, 'x2gd.xlarge_use1-az2': 1, 'x2gd.xlarge_use1-az4': 20, 'x2gd.xlarge_use1-az5': 15, 'x2gd.xlarge_use1-az6': 25, 'x2idn.16xlarge_use1-az2': 1, 'x2idn.16xlarge_use1-az5': 1, 'x2idn.24xlarge_use1-az4': 1, 'x2idn.24xlarge_use1-az5': 1, 'x2idn.32xlarge_use1-az5': 1, 'x2iedn.24xlarge_use1-az4': 1, 'x2iedn.24xlarge_use1-az6': 1, 'x2iedn.2xlarge_use1-az1': 1, 'x2iedn.2xlarge_use1-az2': 25, 'x2iedn.2xlarge_use1-az4': 15, 'x2iedn.2xlarge_use1-az5': 1, 'x2iedn.2xlarge_use1-az6': 5, 'x2iedn.4xlarge_use1-az2': 1, 'x2iedn.4xlarge_use1-az5': 1, 'x2iedn.4xlarge_use1-az6': 1, 'x2iedn.8xlarge_use1-az4': 1, 'x2iedn.8xlarge_use1-az6': 1, 'x2iedn.xlarge_use1-az1': 5, 'x2iedn.xlarge_use1-az2': 20, 'x2iedn.xlarge_use1-az4': 10, 'x2iedn.xlarge_use1-az5': 1, 'x2iedn.xlarge_use1-az6': 10, 'x2iezn.12xlarge_use1-az4': 20, 'x2iezn.12xlarge_use1-az6': 5, 'x2iezn.2xlarge_use1-az2': 5, 'x2iezn.2xlarge_use1-az4': 10, 'x2iezn.2xlarge_use1-az6': 1, 'x2iezn.4xlarge_use1-az4': 5, 'x2iezn.4xlarge_use1-az6': 1, 'x2iezn.6xlarge_use1-az4': 5, 'x2iezn.8xlarge_use1-az6': 1, 'x8g.12xlarge_use1-az2': 1, 'x8g.12xlarge_use1-az4': 20, 'x8g.12xlarge_use1-az6': 1, 'x8g.16xlarge_use1-az1': 1, 'x8g.16xlarge_use1-az2': 5, 'x8g.16xlarge_use1-az4': 5, 'x8g.16xlarge_use1-az6': 5, 'x8g.24xlarge_use1-az1': 1, 'x8g.24xlarge_use1-az2': 5, 'x8g.24xlarge_use1-az4': 5, 'x8g.24xlarge_use1-az6': 10, 'x8g.2xlarge_use1-az1': 5, 'x8g.2xlarge_use1-az2': 10, 'x8g.2xlarge_use1-az4': 10, 'x8g.2xlarge_use1-az6': 25, 'x8g.48xlarge_use1-az1': 1, 'x8g.48xlarge_use1-az2': 1, 'x8g.48xlarge_use1-az4': 10, 'x8g.48xlarge_use1-az6': 1, 'x8g.4xlarge_use1-az1': 1, 'x8g.4xlarge_use1-az2': 5, 'x8g.4xlarge_use1-az4': 5, 'x8g.4xlarge_use1-az6': 10, 'x8g.8xlarge_use1-az2': 15, 'x8g.8xlarge_use1-az4': 20, 'x8g.8xlarge_use1-az6': 5, 'x8g.large_use1-az1': 30, 'x8g.large_use1-az4': 50, 'x8g.large_use1-az6': 50, 'x8g.medium_use1-az1': 50, 'x8g.medium_use1-az4': 50, 'x8g.medium_use1-az6': 50, 'x8g.metal-24xl_use1-az1': 1, 'x8g.metal-24xl_use1-az2': 1, 'x8g.metal-24xl_use1-az4': 1, 'x8g.metal-24xl_use1-az6': 10, 'x8g.metal-48xl_use1-az2': 1, 'x8g.metal-48xl_use1-az4': 1, 'x8g.metal-48xl_use1-az6': 1, 'x8g.xlarge_use1-az1': 10, 'x8g.xlarge_use1-az2': 20, 'x8g.xlarge_use1-az4': 40, 'x8g.xlarge_use1-az6': 50, 'z1d.12xlarge_use1-az1': 1, 'z1d.12xlarge_use1-az2': 1, 'z1d.12xlarge_use1-az4': 1, 'z1d.12xlarge_use1-az5': 1, 'z1d.12xlarge_use1-az6': 5, 'z1d.2xlarge_use1-az1': 5, 'z1d.2xlarge_use1-az2': 5, 'z1d.2xlarge_use1-az4': 15, 'z1d.2xlarge_use1-az5': 1, 'z1d.2xlarge_use1-az6': 15, 'z1d.3xlarge_use1-az1': 5, 'z1d.3xlarge_use1-az2': 5, 'z1d.3xlarge_use1-az4': 10, 'z1d.3xlarge_use1-az5': 5, 'z1d.3xlarge_use1-az6': 5, 'z1d.6xlarge_use1-az1': 1, 'z1d.6xlarge_use1-az2': 1, 'z1d.6xlarge_use1-az4': 1, 'z1d.6xlarge_use1-az6': 1, 'z1d.large_use1-az1': 15, 'z1d.large_use1-az2': 5, 'z1d.large_use1-az4': 25, 'z1d.large_use1-az5': 10, 'z1d.large_use1-az6': 25, 'z1d.xlarge_use1-az1': 10, 'z1d.xlarge_use1-az2': 20, 'z1d.xlarge_use1-az4': 30, 'z1d.xlarge_use1-az5': 1, 'z1d.xlarge_use1-az6': 20}"
0.73,26326.449299999953,29379591437,1115972.4238903858,1131098,1130998,"{'c3.8xlarge_use1-az2': 5, 'c3.8xlarge_use1-az4': 5, 'c3.8xlarge_use1-az6': 1, 'c4.2xlarge_use1-az1': 5, 'c4.2xlarge_use1-az2': 5, 'c4.2xlarge_use1-az3': 25, 'c4.2xlarge_use1-az4': 15, 'c4.2xlarge_use1-az5': 15, 'c4.2xlarge_use1-az6': 10, 'c4.4xlarge_use1-az1': 5, 'c4.4xlarge_use1-az2': 5, 'c4.4xlarge_use1-az3': 10, 'c4.4xlarge_use1-az4': 5, 'c4.4xlarge_use1-az5': 5, 'c4.4xlarge_use1-az6': 1, 'c4.8xlarge_use1-az1': 1, 'c4.8xlarge_use1-az2': 5, 'c4.8xlarge_use1-az3': 5, 'c4.8xlarge_use1-az4': 15, 'c4.8xlarge_use1-az5': 5, 'c4.8xlarge_use1-az6': 5, 'c4.xlarge_use1-az5': 50, 'c5.12xlarge_use1-az1': 50, 'c5.12xlarge_use1-az2': 50, 'c5.12xlarge_use1-az4': 50, 'c5.12xlarge_use1-az5': 50, 'c5.12xlarge_use1-az6': 50, 'c5.18xlarge_use1-az1': 5, 'c5.18xlarge_use1-az2': 50, 'c5.18xlarge_use1-az4': 15, 'c5.18xlarge_use1-az5': 10, 'c5.18xlarge_use1-az6': 1, 'c5.24xlarge_use1-az1': 1, 'c5.24xlarge_use1-az2': 5, 'c5.24xlarge_use1-az4': 5, 'c5.24xlarge_use1-az5': 1, 'c5.24xlarge_use1-az6': 5, 'c5.2xlarge_use1-az1': 50, 'c5.2xlarge_use1-az2': 50, 'c5.2xlarge_use1-az4': 50, 'c5.2xlarge_use1-az5': 50, 'c5.2xlarge_use1-az6': 50, 'c5.4xlarge_use1-az1': 50, 'c5.4xlarge_use1-az2': 50, 'c5.4xlarge_use1-az4': 50, 'c5.4xlarge_use1-az5': 50, 'c5.4xlarge_use1-az6': 50, 'c5.9xlarge_use1-az1': 50, 'c5.9xlarge_use1-az2': 50, 'c5.9xlarge_use1-az4': 50, 'c5.9xlarge_use1-az5': 50, 'c5.9xlarge_use1-az6': 50, 'c5.large_use1-az1': 50, 'c5.large_use1-az2': 50, 'c5.large_use1-az4': 50, 'c5.large_use1-az5': 50, 'c5.large_use1-az6': 50, 'c5.xlarge_use1-az1': 50, 'c5.xlarge_use1-az2': 50, 'c5.xlarge_use1-az4': 50, 'c5.xlarge_use1-az5': 50, 'c5.xlarge_use1-az6': 50, 'c5a.12xlarge_use1-az1': 5, 'c5a.12xlarge_use1-az2': 10, 'c5a.12xlarge_use1-az4': 15, 'c5a.12xlarge_use1-az5': 1, 'c5a.12xlarge_use1-az6': 5, 'c5a.16xlarge_use1-az4': 1, 'c5a.16xlarge_use1-az6': 1, 'c5a.24xlarge_use1-az2': 1, 'c5a.24xlarge_use1-az4': 1, 'c5a.24xlarge_use1-az6': 1, 'c5a.2xlarge_use1-az1': 30, 'c5a.2xlarge_use1-az2': 20, 'c5a.2xlarge_use1-az4': 50, 'c5a.2xlarge_use1-az5': 15, 'c5a.2xlarge_use1-az6': 50, 'c5a.4xlarge_use1-az1': 5, 'c5a.4xlarge_use1-az2': 1, 'c5a.4xlarge_use1-az4': 5, 'c5a.4xlarge_use1-az5': 5, 'c5a.4xlarge_use1-az6': 5, 'c5a.8xlarge_use1-az1': 1, 'c5a.8xlarge_use1-az2': 1, 'c5a.8xlarge_use1-az4': 5, 'c5a.8xlarge_use1-az6': 15, 'c5a.large_use1-az1': 50, 'c5a.large_use1-az2': 50, 'c5a.large_use1-az4': 50, 'c5a.large_use1-az5': 45, 'c5a.large_use1-az6': 50, 'c5a.xlarge_use1-az1': 50, 'c5a.xlarge_use1-az2': 50, 'c5a.xlarge_use1-az4': 50, 'c5a.xlarge_use1-az5': 50, 'c5a.xlarge_use1-az6': 50, 'c5ad.12xlarge_use1-az1': 5, 'c5ad.12xlarge_use1-az2': 5, 'c5ad.12xlarge_use1-az4': 5, 'c5ad.12xlarge_use1-az6': 5, 'c5ad.16xlarge_use1-az1': 1, 'c5ad.16xlarge_use1-az2': 5, 'c5ad.16xlarge_use1-az4': 1, 'c5ad.16xlarge_use1-az6': 1, 'c5ad.24xlarge_use1-az1': 1, 'c5ad.24xlarge_use1-az2': 1, 'c5ad.24xlarge_use1-az4': 1, 'c5ad.24xlarge_use1-az6': 5, 'c5ad.2xlarge_use1-az1': 10, 'c5ad.2xlarge_use1-az2': 5, 'c5ad.2xlarge_use1-az4': 5, 'c5ad.2xlarge_use1-az5': 5, 'c5ad.2xlarge_use1-az6': 15, 'c5ad.4xlarge_use1-az1': 5, 'c5ad.4xlarge_use1-az2': 5, 'c5ad.4xlarge_use1-az4': 1, 'c5ad.4xlarge_use1-az5': 1, 'c5ad.4xlarge_use1-az6': 10, 'c5ad.8xlarge_use1-az1': 1, 'c5ad.8xlarge_use1-az2': 1, 'c5ad.8xlarge_use1-az4': 1, 'c5ad.8xlarge_use1-az5': 1, 'c5ad.8xlarge_use1-az6': 1, 'c5ad.large_use1-az1': 20, 'c5ad.large_use1-az2': 30, 'c5ad.large_use1-az4': 10, 'c5ad.large_use1-az5': 15, 'c5ad.large_use1-az6': 20, 'c5ad.xlarge_use1-az1': 15, 'c5ad.xlarge_use1-az2': 10, 'c5ad.xlarge_use1-az4': 5, 'c5ad.xlarge_use1-az5': 5, 'c5ad.xlarge_use1-az6': 15, 'c5d.12xlarge_use1-az2': 15, 'c5d.12xlarge_use1-az4': 5, 'c5d.12xlarge_use1-az6': 45, 'c5d.18xlarge_use1-az1': 5, 'c5d.18xlarge_use1-az2': 50, 'c5d.18xlarge_use1-az4': 50, 'c5d.18xlarge_use1-az5': 5, 'c5d.18xlarge_use1-az6': 30, 'c5d.24xlarge_use1-az2': 35, 'c5d.24xlarge_use1-az4': 25, 'c5d.24xlarge_use1-az6': 50, 'c5d.2xlarge_use1-az1': 15, 'c5d.2xlarge_use1-az2': 50, 'c5d.2xlarge_use1-az4': 50, 'c5d.2xlarge_use1-az5': 20, 'c5d.2xlarge_use1-az6': 50, 'c5d.4xlarge_use1-az1': 20, 'c5d.4xlarge_use1-az2': 50, 'c5d.4xlarge_use1-az4': 50, 'c5d.4xlarge_use1-az5': 25, 'c5d.4xlarge_use1-az6': 50, 'c5d.9xlarge_use1-az1': 10, 'c5d.9xlarge_use1-az2': 20, 'c5d.9xlarge_use1-az4': 50, 'c5d.9xlarge_use1-az5': 10, 'c5d.9xlarge_use1-az6': 25, 'c5d.large_use1-az1': 50, 'c5d.large_use1-az2': 50, 'c5d.large_use1-az4': 50, 'c5d.large_use1-az5': 35, 'c5d.large_use1-az6': 50, 'c5d.xlarge_use1-az1': 50, 'c5d.xlarge_use1-az2': 50, 'c5d.xlarge_use1-az4': 50, 'c5d.xlarge_use1-az5': 50, 'c5d.xlarge_use1-az6': 50, 'c5n.18xlarge_use1-az1': 30, 'c5n.18xlarge_use1-az2': 5, 'c5n.18xlarge_use1-az4': 10, 'c5n.2xlarge_use1-az1': 5, 'c5n.2xlarge_use1-az2': 10, 'c5n.2xlarge_use1-az4': 15, 'c5n.2xlarge_use1-az5': 10, 'c5n.2xlarge_use1-az6': 10, 'c5n.4xlarge_use1-az1': 5, 'c5n.4xlarge_use1-az2': 1, 'c5n.4xlarge_use1-az4': 5, 'c5n.4xlarge_use1-az6': 1, 'c5n.9xlarge_use1-az1': 10, 'c5n.9xlarge_use1-az2': 1, 'c5n.9xlarge_use1-az4': 5, 'c5n.large_use1-az1': 10, 'c5n.large_use1-az2': 10, 'c5n.large_use1-az4': 25, 'c5n.large_use1-az5': 5, 'c5n.large_use1-az6': 5, 'c5n.xlarge_use1-az1': 1, 'c5n.xlarge_use1-az2': 1, 'c5n.xlarge_use1-az4': 5, 'c5n.xlarge_use1-az5': 1, 'c5n.xlarge_use1-az6': 1, 'c6a.12xlarge_use1-az1': 5, 'c6a.12xlarge_use1-az2': 50, 'c6a.12xlarge_use1-az4': 50, 'c6a.12xlarge_use1-az5': 1, 'c6a.12xlarge_use1-az6': 15, 'c6a.16xlarge_use1-az1': 1, 'c6a.16xlarge_use1-az2': 5, 'c6a.16xlarge_use1-az4': 10, 'c6a.16xlarge_use1-az5': 1, 'c6a.16xlarge_use1-az6': 15, 'c6a.24xlarge_use1-az1': 1, 'c6a.24xlarge_use1-az2': 5, 'c6a.24xlarge_use1-az4': 5, 'c6a.24xlarge_use1-az5': 5, 'c6a.24xlarge_use1-az6': 20, 'c6a.2xlarge_use1-az1': 10, 'c6a.2xlarge_use1-az2': 40, 'c6a.2xlarge_use1-az4': 50, 'c6a.2xlarge_use1-az5': 10, 'c6a.2xlarge_use1-az6': 50, 'c6a.32xlarge_use1-az2': 1, 'c6a.32xlarge_use1-az4': 1, 'c6a.32xlarge_use1-az5': 1, 'c6a.32xlarge_use1-az6': 5, 'c6a.48xlarge_use1-az2': 1, 'c6a.48xlarge_use1-az4': 10, 'c6a.48xlarge_use1-az5': 5, 'c6a.48xlarge_use1-az6': 25, 'c6a.4xlarge_use1-az1': 15, 'c6a.4xlarge_use1-az2': 15, 'c6a.4xlarge_use1-az4': 30, 'c6a.4xlarge_use1-az5': 15, 'c6a.4xlarge_use1-az6': 50, 'c6a.8xlarge_use1-az1': 5, 'c6a.8xlarge_use1-az2': 50, 'c6a.8xlarge_use1-az4': 30, 'c6a.8xlarge_use1-az5': 25, 'c6a.8xlarge_use1-az6': 50, 'c6a.large_use1-az1': 45, 'c6a.large_use1-az2': 50, 'c6a.large_use1-az4': 50, 'c6a.large_use1-az5': 50, 'c6a.large_use1-az6': 20, 'c6a.xlarge_use1-az1': 15, 'c6a.xlarge_use1-az2': 25, 'c6a.xlarge_use1-az4': 25, 'c6a.xlarge_use1-az5': 15, 'c6a.xlarge_use1-az6': 25, 'c6g.12xlarge_use1-az1': 15, 'c6g.12xlarge_use1-az2': 25, 'c6g.12xlarge_use1-az4': 50, 'c6g.12xlarge_use1-az5': 5, 'c6g.12xlarge_use1-az6': 50, 'c6g.16xlarge_use1-az1': 1, 'c6g.16xlarge_use1-az2': 15, 'c6g.16xlarge_use1-az4': 50, 'c6g.16xlarge_use1-az5': 5, 'c6g.16xlarge_use1-az6': 50, 'c6g.2xlarge_use1-az1': 5, 'c6g.2xlarge_use1-az2': 50, 'c6g.2xlarge_use1-az4': 50, 'c6g.2xlarge_use1-az5': 15, 'c6g.2xlarge_use1-az6': 50, 'c6g.4xlarge_use1-az1': 50, 'c6g.4xlarge_use1-az2': 50, 'c6g.4xlarge_use1-az4': 50, 'c6g.4xlarge_use1-az5': 50, 'c6g.4xlarge_use1-az6': 50, 'c6g.8xlarge_use1-az1': 50, 'c6g.8xlarge_use1-az2': 50, 'c6g.8xlarge_use1-az4': 50, 'c6g.8xlarge_use1-az5': 50, 'c6g.8xlarge_use1-az6': 50, 'c6g.large_use1-az2': 50, 'c6g.large_use1-az4': 50, 'c6g.large_use1-az5': 50, 'c6g.large_use1-az6': 50, 'c6g.xlarge_use1-az1': 30, 'c6g.xlarge_use1-az2': 50, 'c6g.xlarge_use1-az4': 50, 'c6g.xlarge_use1-az5': 10, 'c6g.xlarge_use1-az6': 50, 'c6gd.12xlarge_use1-az2': 50, 'c6gd.12xlarge_use1-az4': 30, 'c6gd.12xlarge_use1-az5': 1, 'c6gd.12xlarge_use1-az6': 50, 'c6gd.16xlarge_use1-az2': 50, 'c6gd.16xlarge_use1-az4': 30, 'c6gd.16xlarge_use1-az6': 50, 'c6gd.2xlarge_use1-az1': 15, 'c6gd.2xlarge_use1-az2': 50, 'c6gd.2xlarge_use1-az4': 50, 'c6gd.2xlarge_use1-az5': 1, 'c6gd.2xlarge_use1-az6': 50, 'c6gd.4xlarge_use1-az1': 20, 'c6gd.4xlarge_use1-az2': 50, 'c6gd.4xlarge_use1-az4': 50, 'c6gd.4xlarge_use1-az5': 10, 'c6gd.4xlarge_use1-az6': 50, 'c6gd.8xlarge_use1-az1': 25, 'c6gd.8xlarge_use1-az2': 45, 'c6gd.8xlarge_use1-az4': 45, 'c6gd.8xlarge_use1-az5': 1, 'c6gd.8xlarge_use1-az6': 50, 'c6gd.large_use1-az1': 50, 'c6gd.large_use1-az2': 5, 'c6gd.large_use1-az4': 20, 'c6gd.large_use1-az5': 1, 'c6gd.large_use1-az6': 50, 'c6gd.xlarge_use1-az1': 50, 'c6gd.xlarge_use1-az2': 1, 'c6gd.xlarge_use1-az4': 1, 'c6gd.xlarge_use1-az5': 50, 'c6gd.xlarge_use1-az6': 50, 'c6gn.12xlarge_use1-az2': 25, 'c6gn.12xlarge_use1-az4': 50, 'c6gn.12xlarge_use1-az5': 1, 'c6gn.16xlarge_use1-az1': 1, 'c6gn.16xlarge_use1-az2': 50, 'c6gn.16xlarge_use1-az4': 50, 'c6gn.16xlarge_use1-az5': 10, 'c6gn.2xlarge_use1-az1': 5, 'c6gn.2xlarge_use1-az2': 1, 'c6gn.2xlarge_use1-az4': 20, 'c6gn.2xlarge_use1-az5': 1, 'c6gn.4xlarge_use1-az1': 1, 'c6gn.4xlarge_use1-az2': 40, 'c6gn.4xlarge_use1-az4': 35, 'c6gn.4xlarge_use1-az5': 10, 'c6gn.8xlarge_use1-az1': 25, 'c6gn.8xlarge_use1-az2': 35, 'c6gn.8xlarge_use1-az4': 30, 'c6gn.8xlarge_use1-az5': 5, 'c6gn.8xlarge_use1-az6': 5, 'c6gn.large_use1-az1': 5, 'c6gn.large_use1-az2': 25, 'c6gn.large_use1-az4': 10, 'c6gn.large_use1-az5': 15, 'c6gn.large_use1-az6': 1, 'c6gn.xlarge_use1-az1': 5, 'c6gn.xlarge_use1-az2': 10, 'c6gn.xlarge_use1-az4': 15, 'c6gn.xlarge_use1-az5': 5, 'c6gn.xlarge_use1-az6': 1, 'c6i.12xlarge_use1-az1': 15, 'c6i.12xlarge_use1-az2': 15, 'c6i.12xlarge_use1-az4': 30, 'c6i.12xlarge_use1-az5': 5, 'c6i.12xlarge_use1-az6': 5, 'c6i.16xlarge_use1-az1': 5, 'c6i.16xlarge_use1-az2': 15, 'c6i.16xlarge_use1-az4': 25, 'c6i.16xlarge_use1-az5': 10, 'c6i.16xlarge_use1-az6': 30, 'c6i.24xlarge_use1-az1': 5, 'c6i.24xlarge_use1-az2': 5, 'c6i.24xlarge_use1-az4': 10, 'c6i.24xlarge_use1-az5': 1, 'c6i.24xlarge_use1-az6': 15, 'c6i.2xlarge_use1-az1': 20, 'c6i.2xlarge_use1-az2': 50, 'c6i.2xlarge_use1-az4': 50, 'c6i.2xlarge_use1-az5': 5, 'c6i.2xlarge_use1-az6': 50, 'c6i.32xlarge_use1-az1': 10, 'c6i.32xlarge_use1-az2': 5, 'c6i.32xlarge_use1-az4': 50, 'c6i.32xlarge_use1-az5': 1, 'c6i.32xlarge_use1-az6': 40, 'c6i.4xlarge_use1-az1': 10, 'c6i.4xlarge_use1-az2': 40, 'c6i.4xlarge_use1-az4': 50, 'c6i.4xlarge_use1-az5': 15, 'c6i.4xlarge_use1-az6': 50, 'c6i.8xlarge_use1-az1': 10, 'c6i.8xlarge_use1-az2': 45, 'c6i.8xlarge_use1-az4': 50, 'c6i.8xlarge_use1-az5': 10, 'c6i.8xlarge_use1-az6': 50, 'c6i.large_use1-az1': 10, 'c6i.large_use1-az2': 40, 'c6i.large_use1-az4': 30, 'c6i.large_use1-az5': 10, 'c6i.large_use1-az6': 50, 'c6i.xlarge_use1-az1': 50, 'c6i.xlarge_use1-az2': 45, 'c6i.xlarge_use1-az4': 35, 'c6i.xlarge_use1-az5': 10, 'c6i.xlarge_use1-az6': 50, 'c6id.12xlarge_use1-az1': 1, 'c6id.12xlarge_use1-az2': 1, 'c6id.12xlarge_use1-az4': 5, 'c6id.12xlarge_use1-az6': 5, 'c6id.16xlarge_use1-az1': 1, 'c6id.16xlarge_use1-az2': 5, 'c6id.16xlarge_use1-az4': 5, 'c6id.16xlarge_use1-az5': 1, 'c6id.16xlarge_use1-az6': 1, 'c6id.24xlarge_use1-az1': 5, 'c6id.24xlarge_use1-az2': 15, 'c6id.24xlarge_use1-az4': 5, 'c6id.24xlarge_use1-az5': 1, 'c6id.24xlarge_use1-az6': 10, 'c6id.2xlarge_use1-az1': 1, 'c6id.2xlarge_use1-az2': 1, 'c6id.2xlarge_use1-az4': 5, 'c6id.2xlarge_use1-az5': 5, 'c6id.2xlarge_use1-az6': 1, 'c6id.32xlarge_use1-az1': 1, 'c6id.32xlarge_use1-az2': 5, 'c6id.32xlarge_use1-az4': 10, 'c6id.32xlarge_use1-az5': 1, 'c6id.32xlarge_use1-az6': 5, 'c6id.4xlarge_use1-az1': 15, 'c6id.4xlarge_use1-az2': 10, 'c6id.4xlarge_use1-az4': 10, 'c6id.4xlarge_use1-az5': 1, 'c6id.4xlarge_use1-az6': 5, 'c6id.8xlarge_use1-az1': 5, 'c6id.8xlarge_use1-az2': 1, 'c6id.8xlarge_use1-az4': 5, 'c6id.8xlarge_use1-az5': 1, 'c6id.8xlarge_use1-az6': 1, 'c6id.large_use1-az1': 5, 'c6id.large_use1-az2': 5, 'c6id.large_use1-az4': 1, 'c6id.large_use1-az5': 5, 'c6id.large_use1-az6': 5, 'c6id.xlarge_use1-az1': 5, 'c6id.xlarge_use1-az2': 1, 'c6id.xlarge_use1-az4': 5, 'c6id.xlarge_use1-az5': 1, 'c6id.xlarge_use1-az6': 1, 'c6in.12xlarge_use1-az1': 1, 'c6in.12xlarge_use1-az6': 1, 'c6in.16xlarge_use1-az4': 1, 'c6in.24xlarge_use1-az6': 1, 'c6in.2xlarge_use1-az2': 1, 'c6in.2xlarge_use1-az4': 1, 'c6in.2xlarge_use1-az6': 1, 'c6in.32xlarge_use1-az1': 1, 'c6in.32xlarge_use1-az6': 1, 'c6in.4xlarge_use1-az2': 5, 'c6in.4xlarge_use1-az4': 5, 'c6in.4xlarge_use1-az6': 25, 'c6in.8xlarge_use1-az1': 1, 'c6in.8xlarge_use1-az6': 1, 'c6in.large_use1-az1': 5, 'c6in.large_use1-az2': 1, 'c6in.large_use1-az4': 1, 'c6in.large_use1-az5': 1, 'c6in.large_use1-az6': 5, 'c6in.xlarge_use1-az1': 20, 'c6in.xlarge_use1-az2': 1, 'c6in.xlarge_use1-az4': 1, 'c6in.xlarge_use1-az6': 10, 'c7a.12xlarge_use1-az1': 5, 'c7a.12xlarge_use1-az2': 5, 'c7a.12xlarge_use1-az4': 1, 'c7a.12xlarge_use1-az6': 15, 'c7a.16xlarge_use1-az1': 1, 'c7a.16xlarge_use1-az2': 1, 'c7a.16xlarge_use1-az6': 5, 'c7a.24xlarge_use1-az1': 1, 'c7a.24xlarge_use1-az2': 1, 'c7a.24xlarge_use1-az5': 1, 'c7a.24xlarge_use1-az6': 5, 'c7a.2xlarge_use1-az1': 1, 'c7a.2xlarge_use1-az2': 1, 'c7a.2xlarge_use1-az4': 25, 'c7a.2xlarge_use1-az5': 1, 'c7a.2xlarge_use1-az6': 10, 'c7a.32xlarge_use1-az1': 1, 'c7a.32xlarge_use1-az2': 1, 'c7a.32xlarge_use1-az6': 15, 'c7a.48xlarge_use1-az1': 1, 'c7a.48xlarge_use1-az2': 1, 'c7a.48xlarge_use1-az5': 1, 'c7a.48xlarge_use1-az6': 20, 'c7a.4xlarge_use1-az1': 5, 'c7a.4xlarge_use1-az2': 10, 'c7a.4xlarge_use1-az4': 5, 'c7a.4xlarge_use1-az5': 1, 'c7a.4xlarge_use1-az6': 50, 'c7a.8xlarge_use1-az1': 1, 'c7a.8xlarge_use1-az2': 1, 'c7a.8xlarge_use1-az4': 1, 'c7a.8xlarge_use1-az6': 10, 'c7a.large_use1-az1': 15, 'c7a.large_use1-az2': 25, 'c7a.large_use1-az4': 30, 'c7a.large_use1-az5': 10, 'c7a.large_use1-az6': 50, 'c7a.xlarge_use1-az1': 5, 'c7a.xlarge_use1-az2': 5, 'c7a.xlarge_use1-az4': 10, 'c7a.xlarge_use1-az5': 5, 'c7a.xlarge_use1-az6': 15, 'c7g.12xlarge_use1-az1': 15, 'c7g.12xlarge_use1-az2': 50, 'c7g.12xlarge_use1-az4': 15, 'c7g.12xlarge_use1-az5': 1, 'c7g.12xlarge_use1-az6': 50, 'c7g.16xlarge_use1-az1': 25, 'c7g.16xlarge_use1-az2': 40, 'c7g.16xlarge_use1-az4': 50, 'c7g.16xlarge_use1-az5': 10, 'c7g.16xlarge_use1-az6': 50, 'c7g.2xlarge_use1-az1': 50, 'c7g.2xlarge_use1-az2': 50, 'c7g.2xlarge_use1-az4': 50, 'c7g.2xlarge_use1-az5': 50, 'c7g.2xlarge_use1-az6': 50, 'c7g.4xlarge_use1-az1': 50, 'c7g.4xlarge_use1-az2': 50, 'c7g.4xlarge_use1-az4': 50, 'c7g.4xlarge_use1-az5': 50, 'c7g.4xlarge_use1-az6': 50, 'c7g.8xlarge_use1-az1': 50, 'c7g.8xlarge_use1-az2': 50, 'c7g.8xlarge_use1-az4': 50, 'c7g.8xlarge_use1-az5': 50, 'c7g.8xlarge_use1-az6': 50, 'c7g.large_use1-az2': 45, 'c7g.large_use1-az4': 30, 'c7g.large_use1-az5': 10, 'c7g.large_use1-az6': 30, 'c7g.xlarge_use1-az1': 50, 'c7g.xlarge_use1-az2': 50, 'c7g.xlarge_use1-az4': 50, 'c7g.xlarge_use1-az5': 50, 'c7g.xlarge_use1-az6': 50, 'c7gd.12xlarge_use1-az1': 5, 'c7gd.12xlarge_use1-az2': 30, 'c7gd.12xlarge_use1-az4': 15, 'c7gd.12xlarge_use1-az5': 15, 'c7gd.12xlarge_use1-az6': 50, 'c7gd.16xlarge_use1-az1': 5, 'c7gd.16xlarge_use1-az2': 30, 'c7gd.16xlarge_use1-az4': 40, 'c7gd.16xlarge_use1-az5': 1, 'c7gd.16xlarge_use1-az6': 50, 'c7gd.2xlarge_use1-az1': 15, 'c7gd.2xlarge_use1-az2': 50, 'c7gd.2xlarge_use1-az4': 50, 'c7gd.2xlarge_use1-az5': 5, 'c7gd.2xlarge_use1-az6': 50, 'c7gd.4xlarge_use1-az1': 30, 'c7gd.4xlarge_use1-az2': 25, 'c7gd.4xlarge_use1-az4': 50, 'c7gd.4xlarge_use1-az5': 1, 'c7gd.4xlarge_use1-az6': 50, 'c7gd.8xlarge_use1-az1': 5, 'c7gd.8xlarge_use1-az2': 15, 'c7gd.8xlarge_use1-az4': 10, 'c7gd.8xlarge_use1-az5': 5, 'c7gd.8xlarge_use1-az6': 20, 'c7gd.large_use1-az1': 1, 'c7gd.large_use1-az2': 25, 'c7gd.large_use1-az4': 5, 'c7gd.large_use1-az5': 10, 'c7gd.large_use1-az6': 20, 'c7gd.xlarge_use1-az1': 15, 'c7gd.xlarge_use1-az2': 50, 'c7gd.xlarge_use1-az4': 5, 'c7gd.xlarge_use1-az5': 15, 'c7gd.xlarge_use1-az6': 25, 'c7gn.12xlarge_use1-az2': 1, 'c7gn.12xlarge_use1-az5': 1, 'c7gn.12xlarge_use1-az6': 1, 'c7gn.16xlarge_use1-az2': 5, 'c7gn.16xlarge_use1-az5': 5, 'c7gn.16xlarge_use1-az6': 20, 'c7gn.2xlarge_use1-az2': 1, 'c7gn.2xlarge_use1-az5': 1, 'c7gn.2xlarge_use1-az6': 5, 'c7gn.4xlarge_use1-az2': 50, 'c7gn.4xlarge_use1-az4': 1, 'c7gn.4xlarge_use1-az5': 1, 'c7gn.4xlarge_use1-az6': 50, 'c7gn.8xlarge_use1-az2': 1, 'c7gn.8xlarge_use1-az5': 1, 'c7gn.8xlarge_use1-az6': 5, 'c7gn.large_use1-az1': 1, 'c7gn.large_use1-az2': 10, 'c7gn.large_use1-az5': 10, 'c7gn.large_use1-az6': 10, 'c7gn.xlarge_use1-az1': 1, 'c7gn.xlarge_use1-az2': 5, 'c7gn.xlarge_use1-az5': 5, 'c7gn.xlarge_use1-az6': 5, 'c7i-flex.2xlarge_use1-az1': 50, 'c7i-flex.2xlarge_use1-az2': 50, 'c7i-flex.2xlarge_use1-az4': 50, 'c7i-flex.2xlarge_use1-az5': 15, 'c7i-flex.2xlarge_use1-az6': 50, 'c7i-flex.4xlarge_use1-az1': 1, 'c7i-flex.4xlarge_use1-az2': 1, 'c7i-flex.4xlarge_use1-az4': 1, 'c7i-flex.4xlarge_use1-az6': 5, 'c7i-flex.8xlarge_use1-az1': 1, 'c7i-flex.8xlarge_use1-az2': 1, 'c7i-flex.8xlarge_use1-az4': 1, 'c7i-flex.8xlarge_use1-az6': 5, 'c7i-flex.large_use1-az1': 40, 'c7i-flex.large_use1-az2': 50, 'c7i-flex.large_use1-az4': 10, 'c7i-flex.large_use1-az5': 1, 'c7i-flex.large_use1-az6': 50, 'c7i-flex.xlarge_use1-az1': 50, 'c7i-flex.xlarge_use1-az2': 50, 'c7i-flex.xlarge_use1-az4': 50, 'c7i-flex.xlarge_use1-az5': 5, 'c7i-flex.xlarge_use1-az6': 50, 'c7i.12xlarge_use1-az1': 5, 'c7i.12xlarge_use1-az2': 15, 'c7i.12xlarge_use1-az4': 15, 'c7i.12xlarge_use1-az6': 5, 'c7i.16xlarge_use1-az1': 1, 'c7i.16xlarge_use1-az2': 5, 'c7i.16xlarge_use1-az4': 1, 'c7i.16xlarge_use1-az6': 15, 'c7i.24xlarge_use1-az1': 5, 'c7i.24xlarge_use1-az2': 5, 'c7i.24xlarge_use1-az4': 5, 'c7i.24xlarge_use1-az5': 1, 'c7i.24xlarge_use1-az6': 15, 'c7i.2xlarge_use1-az1': 10, 'c7i.2xlarge_use1-az2': 10, 'c7i.2xlarge_use1-az4': 10, 'c7i.2xlarge_use1-az5': 5, 'c7i.2xlarge_use1-az6': 25, 'c7i.48xlarge_use1-az1': 10, 'c7i.48xlarge_use1-az2': 10, 'c7i.48xlarge_use1-az4': 5, 'c7i.48xlarge_use1-az5': 1, 'c7i.48xlarge_use1-az6': 50, 'c7i.4xlarge_use1-az1': 5, 'c7i.4xlarge_use1-az2': 5, 'c7i.4xlarge_use1-az4': 5, 'c7i.4xlarge_use1-az5': 1, 'c7i.4xlarge_use1-az6': 15, 'c7i.8xlarge_use1-az1': 1, 'c7i.8xlarge_use1-az2': 5, 'c7i.8xlarge_use1-az4': 5, 'c7i.8xlarge_use1-az6': 10, 'c7i.large_use1-az1': 45, 'c7i.large_use1-az2': 50, 'c7i.large_use1-az4': 50, 'c7i.large_use1-az5': 5, 'c7i.large_use1-az6': 50, 'c7i.xlarge_use1-az1': 5, 'c7i.xlarge_use1-az2': 10, 'c7i.xlarge_use1-az4': 5, 'c7i.xlarge_use1-az5': 1, 'c7i.xlarge_use1-az6': 5, 'c8g.12xlarge_use1-az1': 1, 'c8g.12xlarge_use1-az2': 5, 'c8g.12xlarge_use1-az4': 1, 'c8g.12xlarge_use1-az6': 25, 'c8g.16xlarge_use1-az1': 10, 'c8g.16xlarge_use1-az2': 5, 'c8g.16xlarge_use1-az4': 1, 'c8g.16xlarge_use1-az6': 50, 'c8g.24xlarge_use1-az1': 5, 'c8g.24xlarge_use1-az2': 10, 'c8g.24xlarge_use1-az4': 1, 'c8g.24xlarge_use1-az6': 25, 'c8g.2xlarge_use1-az1': 5, 'c8g.2xlarge_use1-az2': 5, 'c8g.2xlarge_use1-az4': 50, 'c8g.2xlarge_use1-az5': 1, 'c8g.2xlarge_use1-az6': 50, 'c8g.48xlarge_use1-az1': 1, 'c8g.48xlarge_use1-az2': 5, 'c8g.48xlarge_use1-az6': 50, 'c8g.4xlarge_use1-az1': 35, 'c8g.4xlarge_use1-az2': 15, 'c8g.4xlarge_use1-az4': 20, 'c8g.4xlarge_use1-az5': 10, 'c8g.4xlarge_use1-az6': 50, 'c8g.8xlarge_use1-az1': 1, 'c8g.8xlarge_use1-az2': 5, 'c8g.8xlarge_use1-az4': 5, 'c8g.8xlarge_use1-az6': 50, 'c8g.large_use1-az1': 5, 'c8g.large_use1-az2': 20, 'c8g.large_use1-az4': 5, 'c8g.large_use1-az5': 1, 'c8g.large_use1-az6': 40, 'c8g.metal-24xl_use1-az2': 1, 'c8g.metal-24xl_use1-az6': 20, 'c8g.metal-48xl_use1-az1': 1, 'c8g.metal-48xl_use1-az2': 1, 'c8g.metal-48xl_use1-az6': 50, 'c8g.xlarge_use1-az1': 5, 'c8g.xlarge_use1-az2': 30, 'c8g.xlarge_use1-az4': 5, 'c8g.xlarge_use1-az5': 1, 'c8g.xlarge_use1-az6': 50, 'c8gd.12xlarge_use1-az2': 5, 'c8gd.12xlarge_use1-az4': 5, 'c8gd.12xlarge_use1-az5': 1, 'c8gd.12xlarge_use1-az6': 5, 'c8gd.16xlarge_use1-az2': 10, 'c8gd.16xlarge_use1-az4': 10, 'c8gd.16xlarge_use1-az5': 5, 'c8gd.16xlarge_use1-az6': 50, 'c8gd.24xlarge_use1-az2': 1, 'c8gd.24xlarge_use1-az4': 5, 'c8gd.24xlarge_use1-az5': 1, 'c8gd.24xlarge_use1-az6': 5, 'c8gd.2xlarge_use1-az2': 50, 'c8gd.2xlarge_use1-az4': 50, 'c8gd.2xlarge_use1-az5': 10, 'c8gd.2xlarge_use1-az6': 50, 'c8gd.48xlarge_use1-az2': 1, 'c8gd.48xlarge_use1-az6': 15, 'c8gd.4xlarge_use1-az2': 10, 'c8gd.4xlarge_use1-az4': 30, 'c8gd.4xlarge_use1-az5': 1, 'c8gd.4xlarge_use1-az6': 50, 'c8gd.8xlarge_use1-az2': 1, 'c8gd.8xlarge_use1-az4': 1, 'c8gd.8xlarge_use1-az5': 1, 'c8gd.8xlarge_use1-az6': 5, 'c8gd.large_use1-az1': 1, 'c8gd.large_use1-az2': 40, 'c8gd.large_use1-az4': 35, 'c8gd.large_use1-az6': 50, 'c8gd.metal-24xl_use1-az2': 1, 'c8gd.metal-24xl_use1-az4': 1, 'c8gd.metal-24xl_use1-az5': 1, 'c8gd.metal-24xl_use1-az6': 5, 'c8gd.metal-48xl_use1-az2': 1, 'c8gd.metal-48xl_use1-az6': 1, 'c8gd.xlarge_use1-az1': 1, 'c8gd.xlarge_use1-az2': 20, 'c8gd.xlarge_use1-az4': 20, 'c8gd.xlarge_use1-az5': 15, 'c8gd.xlarge_use1-az6': 50, 'c8gn.2xlarge_use1-az2': 1, 'c8gn.2xlarge_use1-az4': 1, 'c8gn.2xlarge_use1-az6': 1, 'c8gn.4xlarge_use1-az2': 1, 'c8gn.4xlarge_use1-az5': 1, 'c8gn.8xlarge_use1-az2': 1, 'c8gn.8xlarge_use1-az6': 1, 'c8gn.large_use1-az6': 1, 'c8i-flex.12xlarge_use1-az6': 1, 'c8i-flex.16xlarge_use1-az6': 1, 'c8i-flex.2xlarge_use1-az2': 25, 'c8i-flex.2xlarge_use1-az4': 15, 'c8i-flex.2xlarge_use1-az6': 50, 'c8i-flex.4xlarge_use1-az2': 5, 'c8i-flex.4xlarge_use1-az4': 1, 'c8i-flex.4xlarge_use1-az6': 5, 'c8i-flex.8xlarge_use1-az6': 1, 'c8i-flex.large_use1-az4': 20, 'c8i-flex.xlarge_use1-az2': 40, 'c8i-flex.xlarge_use1-az4': 5, 'c8i-flex.xlarge_use1-az6': 50, 'c8i.12xlarge_use1-az2': 1, 'c8i.12xlarge_use1-az4': 1, 'c8i.12xlarge_use1-az6': 1, 'c8i.16xlarge_use1-az6': 1, 'c8i.24xlarge_use1-az6': 1, 'c8i.2xlarge_use1-az2': 10, 'c8i.2xlarge_use1-az4': 5, 'c8i.2xlarge_use1-az6': 20, 'c8i.32xlarge_use1-az2': 1, 'c8i.32xlarge_use1-az4': 1, 'c8i.32xlarge_use1-az6': 5, 'c8i.48xlarge_use1-az2': 1, 'c8i.48xlarge_use1-az6': 1, 'c8i.4xlarge_use1-az2': 5, 'c8i.4xlarge_use1-az4': 5, 'c8i.4xlarge_use1-az6': 5, 'c8i.8xlarge_use1-az2': 1, 'c8i.8xlarge_use1-az4': 1, 'c8i.8xlarge_use1-az6': 5, 'c8i.96xlarge_use1-az2': 1, 'c8i.96xlarge_use1-az6': 5, 'c8i.metal-48xl_use1-az2': 1, 'c8i.metal-96xl_use1-az2': 1, 'c8i.metal-96xl_use1-az6': 5, 'c8i.xlarge_use1-az2': 50, 'c8i.xlarge_use1-az4': 15, 'c8i.xlarge_use1-az6': 50, 'd2.2xlarge_use1-az1': 1, 'd2.2xlarge_use1-az6': 1, 'd2.4xlarge_use1-az6': 1, 'd2.xlarge_use1-az6': 1, 'd3.2xlarge_use1-az1': 15, 'd3.2xlarge_use1-az2': 45, 'd3.2xlarge_use1-az4': 40, 'd3.2xlarge_use1-az6': 35, 'd3.4xlarge_use1-az4': 15, 'd3.4xlarge_use1-az6': 5, 'd3.8xlarge_use1-az2': 40, 'd3.8xlarge_use1-az4': 35, 'd3.8xlarge_use1-az6': 20, 'd3.xlarge_use1-az1': 10, 'd3.xlarge_use1-az2': 50, 'd3.xlarge_use1-az4': 45, 'd3.xlarge_use1-az6': 25, 'd3en.12xlarge_use1-az2': 10, 'd3en.12xlarge_use1-az4': 20, 'd3en.12xlarge_use1-az6': 50, 'd3en.2xlarge_use1-az1': 5, 'd3en.2xlarge_use1-az2': 25, 'd3en.2xlarge_use1-az4': 15, 'd3en.2xlarge_use1-az6': 50, 'd3en.4xlarge_use1-az4': 10, 'd3en.4xlarge_use1-az6': 50, 'd3en.6xlarge_use1-az2': 5, 'd3en.6xlarge_use1-az4': 15, 'd3en.6xlarge_use1-az6': 50, 'd3en.8xlarge_use1-az2': 15, 'd3en.8xlarge_use1-az4': 5, 'd3en.8xlarge_use1-az6': 50, 'd3en.xlarge_use1-az1': 5, 'd3en.xlarge_use1-az2': 50, 'd3en.xlarge_use1-az4': 30, 'd3en.xlarge_use1-az6': 50, 'f2.12xlarge_use1-az2': 1, 'f2.12xlarge_use1-az4': 1, 'f2.12xlarge_use1-az6': 1, 'f2.48xlarge_use1-az2': 5, 'f2.48xlarge_use1-az4': 5, 'f2.48xlarge_use1-az6': 1, 'g4ad.16xlarge_use1-az1': 5, 'g4ad.16xlarge_use1-az2': 5, 'g4ad.16xlarge_use1-az4': 5, 'g4ad.16xlarge_use1-az6': 10, 'g4ad.2xlarge_use1-az1': 5, 'g4ad.2xlarge_use1-az2': 10, 'g4ad.2xlarge_use1-az4': 10, 'g4ad.2xlarge_use1-az6': 10, 'g4ad.4xlarge_use1-az1': 10, 'g4ad.4xlarge_use1-az2': 15, 'g4ad.4xlarge_use1-az4': 15, 'g4ad.4xlarge_use1-az6': 5, 'g4ad.8xlarge_use1-az1': 1, 'g4ad.8xlarge_use1-az2': 5, 'g4ad.8xlarge_use1-az4': 5, 'g4ad.8xlarge_use1-az6': 5, 'g4ad.xlarge_use1-az1': 20, 'g4ad.xlarge_use1-az2': 20, 'g4ad.xlarge_use1-az4': 25, 'g4ad.xlarge_use1-az6': 20, 'g4dn.12xlarge_use1-az1': 5, 'g4dn.12xlarge_use1-az2': 15, 'g4dn.12xlarge_use1-az4': 15, 'g4dn.12xlarge_use1-az5': 15, 'g4dn.12xlarge_use1-az6': 50, 'g4dn.16xlarge_use1-az1': 1, 'g4dn.16xlarge_use1-az2': 10, 'g4dn.16xlarge_use1-az4': 1, 'g4dn.16xlarge_use1-az5': 5, 'g4dn.16xlarge_use1-az6': 15, 'g4dn.2xlarge_use1-az1': 45, 'g4dn.2xlarge_use1-az2': 50, 'g4dn.2xlarge_use1-az4': 50, 'g4dn.2xlarge_use1-az5': 50, 'g4dn.2xlarge_use1-az6': 50, 'g4dn.4xlarge_use1-az1': 5, 'g4dn.4xlarge_use1-az2': 40, 'g4dn.4xlarge_use1-az4': 25, 'g4dn.4xlarge_use1-az5': 40, 'g4dn.4xlarge_use1-az6': 40, 'g4dn.8xlarge_use1-az1': 1, 'g4dn.8xlarge_use1-az2': 1, 'g4dn.8xlarge_use1-az4': 10, 'g4dn.8xlarge_use1-az5': 1, 'g4dn.8xlarge_use1-az6': 5, 'g4dn.xlarge_use1-az1': 50, 'g4dn.xlarge_use1-az2': 50, 'g4dn.xlarge_use1-az4': 50, 'g4dn.xlarge_use1-az5': 50, 'g4dn.xlarge_use1-az6': 50, 'g5.12xlarge_use1-az2': 1, 'g5.12xlarge_use1-az5': 10, 'g5.12xlarge_use1-az6': 5, 'g5.16xlarge_use1-az1': 1, 'g5.16xlarge_use1-az2': 1, 'g5.16xlarge_use1-az4': 5, 'g5.16xlarge_use1-az5': 5, 'g5.16xlarge_use1-az6': 10, 'g5.24xlarge_use1-az1': 1, 'g5.24xlarge_use1-az2': 1, 'g5.24xlarge_use1-az4': 1, 'g5.24xlarge_use1-az5': 1, 'g5.24xlarge_use1-az6': 5, 'g5.2xlarge_use1-az5': 50, 'g5.2xlarge_use1-az6': 45, 'g5.48xlarge_use1-az2': 1, 'g5.48xlarge_use1-az5': 5, 'g5.48xlarge_use1-az6': 25, 'g5.4xlarge_use1-az1': 1, 'g5.4xlarge_use1-az2': 50, 'g5.4xlarge_use1-az4': 50, 'g5.4xlarge_use1-az5': 40, 'g5.4xlarge_use1-az6': 50, 'g5.8xlarge_use1-az1': 1, 'g5.8xlarge_use1-az2': 5, 'g5.8xlarge_use1-az4': 10, 'g5.8xlarge_use1-az5': 20, 'g5.8xlarge_use1-az6': 10, 'g5g.16xlarge_use1-az1': 1, 'g5g.16xlarge_use1-az6': 5, 'g5g.4xlarge_use1-az6': 1, 'g5g.8xlarge_use1-az1': 1, 'g5g.8xlarge_use1-az4': 1, 'g5g.8xlarge_use1-az6': 1, 'g6.12xlarge_use1-az1': 5, 'g6.12xlarge_use1-az2': 1, 'g6.12xlarge_use1-az4': 30, 'g6.12xlarge_use1-az6': 50, 'g6.16xlarge_use1-az1': 1, 'g6.16xlarge_use1-az2': 1, 'g6.16xlarge_use1-az4': 1, 'g6.16xlarge_use1-az6': 5, 'g6.24xlarge_use1-az2': 1, 'g6.24xlarge_use1-az4': 1, 'g6.24xlarge_use1-az6': 1, 'g6.2xlarge_use1-az1': 10, 'g6.2xlarge_use1-az2': 25, 'g6.2xlarge_use1-az4': 50, 'g6.2xlarge_use1-az6': 50, 'g6.48xlarge_use1-az2': 5, 'g6.48xlarge_use1-az4': 30, 'g6.48xlarge_use1-az6': 50, 'g6.4xlarge_use1-az1': 5, 'g6.4xlarge_use1-az2': 10, 'g6.4xlarge_use1-az4': 35, 'g6.4xlarge_use1-az6': 50, 'g6.8xlarge_use1-az1': 5, 'g6.8xlarge_use1-az2': 5, 'g6.8xlarge_use1-az4': 10, 'g6.8xlarge_use1-az6': 15, 'g6e.16xlarge_use1-az1': 10, 'g6e.16xlarge_use1-az2': 15, 'g6e.16xlarge_use1-az4': 40, 'g6e.16xlarge_use1-az6': 20, 'g6e.48xlarge_use1-az4': 5, 'g6e.48xlarge_use1-az6': 1, 'g6e.4xlarge_use1-az1': 1, 'g6e.4xlarge_use1-az4': 5, 'g6e.4xlarge_use1-az6': 1, 'g6e.8xlarge_use1-az1': 1, 'g6e.8xlarge_use1-az2': 1, 'g6e.8xlarge_use1-az4': 1, 'g6e.8xlarge_use1-az6': 1, 'g6f.2xlarge_use1-az1': 1, 'g6f.2xlarge_use1-az4': 1, 'g6f.2xlarge_use1-az6': 5, 'g6f.4xlarge_use1-az1': 1, 'g6f.4xlarge_use1-az4': 1, 'g6f.4xlarge_use1-az6': 1, 'g6f.large_use1-az1': 10, 'g6f.large_use1-az2': 15, 'g6f.large_use1-az4': 40, 'g6f.large_use1-az6': 20, 'g6f.xlarge_use1-az1': 1, 'g6f.xlarge_use1-az2': 1, 'g6f.xlarge_use1-az4': 5, 'g6f.xlarge_use1-az6': 10, 'gr6.4xlarge_use1-az2': 1, 'gr6.4xlarge_use1-az4': 1, 'gr6.4xlarge_use1-az6': 1, 'gr6.8xlarge_use1-az1': 1, 'gr6.8xlarge_use1-az2': 1, 'gr6.8xlarge_use1-az4': 1, 'gr6.8xlarge_use1-az6': 1, 'i2.2xlarge_use1-az3': 5, 'i2.4xlarge_use1-az1': 1, 'i2.4xlarge_use1-az2': 10, 'i2.4xlarge_use1-az3': 1, 'i2.4xlarge_use1-az6': 5, 'i2.8xlarge_use1-az3': 1, 'i2.xlarge_use1-az1': 1, 'i2.xlarge_use1-az2': 15, 'i2.xlarge_use1-az3': 1, 'i2.xlarge_use1-az4': 20, 'i2.xlarge_use1-az6': 15, 'i3.16xlarge_use1-az1': 20, 'i3.16xlarge_use1-az2': 50, 'i3.16xlarge_use1-az3': 10, 'i3.16xlarge_use1-az4': 50, 'i3.16xlarge_use1-az5': 10, 'i3.16xlarge_use1-az6': 45, 'i3.2xlarge_use1-az1': 50, 'i3.2xlarge_use1-az2': 50, 'i3.2xlarge_use1-az3': 50, 'i3.2xlarge_use1-az4': 50, 'i3.2xlarge_use1-az5': 50, 'i3.2xlarge_use1-az6': 50, 'i3.4xlarge_use1-az1': 50, 'i3.4xlarge_use1-az2': 50, 'i3.4xlarge_use1-az3': 50, 'i3.4xlarge_use1-az4': 50, 'i3.4xlarge_use1-az5': 50, 'i3.4xlarge_use1-az6': 50, 'i3.8xlarge_use1-az1': 50, 'i3.8xlarge_use1-az2': 50, 'i3.8xlarge_use1-az3': 50, 'i3.8xlarge_use1-az4': 50, 'i3.8xlarge_use1-az5': 25, 'i3.8xlarge_use1-az6': 50, 'i3.large_use1-az1': 50, 'i3.large_use1-az2': 50, 'i3.large_use1-az3': 50, 'i3.large_use1-az4': 50, 'i3.large_use1-az5': 50, 'i3.large_use1-az6': 50, 'i3.xlarge_use1-az1': 50, 'i3.xlarge_use1-az2': 50, 'i3.xlarge_use1-az3': 50, 'i3.xlarge_use1-az4': 50, 'i3.xlarge_use1-az5': 50, 'i3.xlarge_use1-az6': 50, 'i3en.12xlarge_use1-az2': 1, 'i3en.12xlarge_use1-az6': 50, 'i3en.24xlarge_use1-az6': 20, 'i3en.2xlarge_use1-az1': 50, 'i3en.2xlarge_use1-az2': 50, 'i3en.2xlarge_use1-az4': 30, 'i3en.2xlarge_use1-az5': 50, 'i3en.2xlarge_use1-az6': 50, 'i3en.3xlarge_use1-az1': 50, 'i3en.3xlarge_use1-az2': 50, 'i3en.3xlarge_use1-az4': 50, 'i3en.3xlarge_use1-az5': 50, 'i3en.3xlarge_use1-az6': 50, 'i3en.6xlarge_use1-az1': 10, 'i3en.6xlarge_use1-az2': 20, 'i3en.6xlarge_use1-az4': 10, 'i3en.6xlarge_use1-az6': 50, 'i3en.large_use1-az1': 50, 'i3en.large_use1-az2': 50, 'i3en.large_use1-az4': 45, 'i3en.large_use1-az5': 35, 'i3en.large_use1-az6': 50, 'i3en.xlarge_use1-az1': 50, 'i3en.xlarge_use1-az2': 50, 'i3en.xlarge_use1-az4': 50, 'i3en.xlarge_use1-az5': 50, 'i3en.xlarge_use1-az6': 50, 'i4g.16xlarge_use1-az2': 1, 'i4g.16xlarge_use1-az4': 1, 'i4g.16xlarge_use1-az5': 50, 'i4g.16xlarge_use1-az6': 50, 'i4g.2xlarge_use1-az2': 10, 'i4g.2xlarge_use1-az4': 15, 'i4g.2xlarge_use1-az5': 40, 'i4g.2xlarge_use1-az6': 50, 'i4g.4xlarge_use1-az2': 25, 'i4g.4xlarge_use1-az4': 30, 'i4g.4xlarge_use1-az5': 50, 'i4g.4xlarge_use1-az6': 50, 'i4g.8xlarge_use1-az5': 45, 'i4g.8xlarge_use1-az6': 15, 'i4g.large_use1-az1': 5, 'i4g.large_use1-az2': 5, 'i4g.large_use1-az4': 5, 'i4g.large_use1-az5': 25, 'i4g.large_use1-az6': 50, 'i4g.xlarge_use1-az2': 10, 'i4g.xlarge_use1-az4': 1, 'i4g.xlarge_use1-az5': 50, 'i4g.xlarge_use1-az6': 50, 'i4i.12xlarge_use1-az2': 5, 'i4i.16xlarge_use1-az2': 1, 'i4i.16xlarge_use1-az6': 1, 'i4i.24xlarge_use1-az2': 1, 'i4i.2xlarge_use1-az1': 15, 'i4i.2xlarge_use1-az2': 50, 'i4i.2xlarge_use1-az4': 50, 'i4i.2xlarge_use1-az5': 1, 'i4i.2xlarge_use1-az6': 50, 'i4i.4xlarge_use1-az1': 1, 'i4i.4xlarge_use1-az2': 35, 'i4i.4xlarge_use1-az4': 1, 'i4i.4xlarge_use1-az6': 15, 'i4i.8xlarge_use1-az1': 1, 'i4i.8xlarge_use1-az2': 40, 'i4i.8xlarge_use1-az6': 5, 'i4i.large_use1-az1': 50, 'i4i.large_use1-az2': 50, 'i4i.large_use1-az4': 50, 'i4i.large_use1-az5': 50, 'i4i.large_use1-az6': 50, 'i4i.xlarge_use1-az1': 50, 'i4i.xlarge_use1-az2': 50, 'i4i.xlarge_use1-az4': 50, 'i4i.xlarge_use1-az5': 50, 'i4i.xlarge_use1-az6': 50, 'i7i.12xlarge_use1-az1': 1, 'i7i.12xlarge_use1-az2': 1, 'i7i.12xlarge_use1-az4': 1, 'i7i.12xlarge_use1-az5': 1, 'i7i.12xlarge_use1-az6': 1, 'i7i.16xlarge_use1-az2': 1, 'i7i.16xlarge_use1-az4': 5, 'i7i.16xlarge_use1-az5': 1, 'i7i.16xlarge_use1-az6': 1, 'i7i.24xlarge_use1-az2': 1, 'i7i.24xlarge_use1-az4': 1, 'i7i.24xlarge_use1-az5': 1, 'i7i.24xlarge_use1-az6': 1, 'i7i.2xlarge_use1-az1': 1, 'i7i.2xlarge_use1-az2': 50, 'i7i.2xlarge_use1-az4': 45, 'i7i.2xlarge_use1-az5': 20, 'i7i.2xlarge_use1-az6': 10, 'i7i.48xlarge_use1-az2': 1, 'i7i.4xlarge_use1-az1': 1, 'i7i.4xlarge_use1-az2': 15, 'i7i.4xlarge_use1-az4': 20, 'i7i.4xlarge_use1-az5': 5, 'i7i.4xlarge_use1-az6': 20, 'i7i.8xlarge_use1-az1': 1, 'i7i.8xlarge_use1-az2': 1, 'i7i.8xlarge_use1-az4': 5, 'i7i.8xlarge_use1-az5': 1, 'i7i.8xlarge_use1-az6': 1, 'i7i.metal-24xl_use1-az2': 1, 'i7i.metal-24xl_use1-az4': 50, 'i7i.metal-24xl_use1-az6': 35, 'i7i.xlarge_use1-az1': 1, 'i7i.xlarge_use1-az6': 20, 'i7ie.12xlarge_use1-az1': 1, 'i7ie.12xlarge_use1-az4': 1, 'i7ie.12xlarge_use1-az6': 30, 'i7ie.18xlarge_use1-az4': 1, 'i7ie.18xlarge_use1-az6': 20, 'i7ie.24xlarge_use1-az1': 1, 'i7ie.24xlarge_use1-az2': 1, 'i7ie.24xlarge_use1-az4': 1, 'i7ie.24xlarge_use1-az6': 50, 'i7ie.2xlarge_use1-az1': 5, 'i7ie.2xlarge_use1-az2': 1, 'i7ie.2xlarge_use1-az4': 15, 'i7ie.2xlarge_use1-az6': 35, 'i7ie.3xlarge_use1-az1': 5, 'i7ie.3xlarge_use1-az2': 1, 'i7ie.3xlarge_use1-az4': 5, 'i7ie.3xlarge_use1-az6': 30, 'i7ie.48xlarge_use1-az6': 50, 'i7ie.6xlarge_use1-az1': 25, 'i7ie.6xlarge_use1-az4': 20, 'i7ie.6xlarge_use1-az6': 50, 'i7ie.large_use1-az1': 45, 'i7ie.large_use1-az2': 15, 'i7ie.large_use1-az4': 50, 'i7ie.large_use1-az6': 50, 'i7ie.metal-24xl_use1-az4': 1, 'i7ie.metal-24xl_use1-az6': 15, 'i7ie.metal-48xl_use1-az6': 10, 'i7ie.xlarge_use1-az1': 10, 'i7ie.xlarge_use1-az2': 25, 'i7ie.xlarge_use1-az4': 45, 'i7ie.xlarge_use1-az6': 50, 'i8g.12xlarge_use1-az6': 1, 'i8g.24xlarge_use1-az6': 10, 'i8g.2xlarge_use1-az2': 1, 'i8g.4xlarge_use1-az2': 1, 'i8g.8xlarge_use1-az6': 5, 'i8g.large_use1-az2': 10, 'i8g.large_use1-az6': 5, 'i8g.xlarge_use1-az2': 1, 'i8g.xlarge_use1-az4': 1, 'i8g.xlarge_use1-az6': 1, 'i8ge.12xlarge_use1-az4': 1, 'i8ge.12xlarge_use1-az6': 5, 'i8ge.18xlarge_use1-az2': 1, 'i8ge.18xlarge_use1-az4': 1, 'i8ge.18xlarge_use1-az6': 5, 'i8ge.24xlarge_use1-az4': 1, 'i8ge.24xlarge_use1-az6': 5, 'i8ge.2xlarge_use1-az4': 10, 'i8ge.3xlarge_use1-az2': 1, 'i8ge.3xlarge_use1-az4': 5, 'i8ge.48xlarge_use1-az4': 5, 'i8ge.6xlarge_use1-az2': 1, 'i8ge.6xlarge_use1-az4': 1, 'i8ge.large_use1-az2': 5, 'i8ge.large_use1-az4': 50, 'i8ge.metal-24xl_use1-az4': 1, 'i8ge.metal-48xl_use1-az6': 1, 'i8ge.xlarge_use1-az4': 20, 'im4gn.16xlarge_use1-az4': 45, 'im4gn.2xlarge_use1-az1': 10, 'im4gn.2xlarge_use1-az4': 20, 'im4gn.2xlarge_use1-az6': 15, 'im4gn.4xlarge_use1-az1': 5, 'im4gn.4xlarge_use1-az4': 15, 'im4gn.8xlarge_use1-az1': 1, 'im4gn.8xlarge_use1-az4': 5, 'im4gn.large_use1-az1': 35, 'im4gn.large_use1-az2': 10, 'im4gn.large_use1-az4': 50, 'im4gn.large_use1-az6': 10, 'im4gn.xlarge_use1-az1': 25, 'im4gn.xlarge_use1-az2': 50, 'im4gn.xlarge_use1-az4': 30, 'im4gn.xlarge_use1-az6': 40, 'inf1.24xlarge_use1-az1': 1, 'inf1.24xlarge_use1-az2': 1, 'inf1.24xlarge_use1-az4': 10, 'inf1.24xlarge_use1-az5': 5, 'inf1.24xlarge_use1-az6': 20, 'inf1.2xlarge_use1-az1': 15, 'inf1.2xlarge_use1-az2': 15, 'inf1.2xlarge_use1-az4': 30, 'inf1.2xlarge_use1-az5': 40, 'inf1.2xlarge_use1-az6': 40, 'inf1.6xlarge_use1-az1': 1, 'inf1.6xlarge_use1-az2': 1, 'inf1.6xlarge_use1-az4': 5, 'inf1.6xlarge_use1-az5': 5, 'inf1.6xlarge_use1-az6': 10, 'inf1.xlarge_use1-az1': 50, 'inf1.xlarge_use1-az2': 50, 'inf1.xlarge_use1-az4': 40, 'inf1.xlarge_use1-az5': 50, 'inf1.xlarge_use1-az6': 50, 'inf2.24xlarge_use1-az4': 1, 'inf2.24xlarge_use1-az6': 10, 'inf2.48xlarge_use1-az6': 15, 'inf2.8xlarge_use1-az2': 5, 'inf2.8xlarge_use1-az4': 5, 'inf2.8xlarge_use1-az5': 1, 'inf2.8xlarge_use1-az6': 1, 'inf2.xlarge_use1-az2': 5, 'inf2.xlarge_use1-az4': 1, 'inf2.xlarge_use1-az6': 50, 'is4gen.2xlarge_use1-az2': 50, 'is4gen.2xlarge_use1-az4': 50, 'is4gen.2xlarge_use1-az6': 50, 'is4gen.8xlarge_use1-az1': 1, 'is4gen.8xlarge_use1-az4': 1, 'is4gen.medium_use1-az1': 50, 'is4gen.medium_use1-az2': 25, 'is4gen.medium_use1-az4': 40, 'is4gen.medium_use1-az6': 30, 'is4gen.xlarge_use1-az4': 15, 'm1.xlarge_use1-az2': 10, 'm1.xlarge_use1-az4': 10, 'm1.xlarge_use1-az6': 10, 'm2.2xlarge_use1-az1': 5, 'm2.2xlarge_use1-az2': 10, 'm2.2xlarge_use1-az4': 15, 'm2.2xlarge_use1-az6': 5, 'm2.4xlarge_use1-az1': 1, 'm2.4xlarge_use1-az2': 5, 'm2.4xlarge_use1-az4': 5, 'm2.4xlarge_use1-az6': 5, 'm2.xlarge_use1-az1': 5, 'm2.xlarge_use1-az2': 20, 'm2.xlarge_use1-az4': 20, 'm2.xlarge_use1-az6': 15, 'm3.2xlarge_use1-az2': 25, 'm3.2xlarge_use1-az3': 1, 'm3.2xlarge_use1-az4': 40, 'm3.2xlarge_use1-az6': 45, 'm3.large_use1-az2': 50, 'm3.large_use1-az4': 50, 'm3.large_use1-az6': 50, 'm3.xlarge_use1-az2': 50, 'm3.xlarge_use1-az3': 1, 'm3.xlarge_use1-az4': 50, 'm3.xlarge_use1-az6': 50, 'm4.10xlarge_use1-az1': 5, 'm4.10xlarge_use1-az2': 10, 'm4.10xlarge_use1-az3': 1, 'm4.10xlarge_use1-az4': 50, 'm4.10xlarge_use1-az5': 1, 'm4.10xlarge_use1-az6': 50, 'm4.2xlarge_use1-az1': 5, 'm4.2xlarge_use1-az2': 20, 'm4.2xlarge_use1-az3': 50, 'm4.2xlarge_use1-az4': 20, 'm4.2xlarge_use1-az5': 1, 'm4.2xlarge_use1-az6': 25, 'm4.4xlarge_use1-az1': 50, 'm4.4xlarge_use1-az2': 50, 'm4.4xlarge_use1-az3': 50, 'm4.4xlarge_use1-az4': 25, 'm4.4xlarge_use1-az5': 10, 'm4.4xlarge_use1-az6': 15, 'm4.large_use1-az1': 30, 'm4.large_use1-az2': 50, 'm4.large_use1-az3': 25, 'm4.large_use1-az4': 50, 'm4.large_use1-az5': 10, 'm4.large_use1-az6': 50, 'm4.xlarge_use1-az1': 15, 'm4.xlarge_use1-az2': 50, 'm4.xlarge_use1-az3': 50, 'm4.xlarge_use1-az4': 50, 'm4.xlarge_use1-az5': 30, 'm4.xlarge_use1-az6': 50, 'm5.12xlarge_use1-az1': 5, 'm5.12xlarge_use1-az2': 25, 'm5.12xlarge_use1-az4': 50, 'm5.12xlarge_use1-az5': 1, 'm5.12xlarge_use1-az6': 40, 'm5.16xlarge_use1-az1': 10, 'm5.16xlarge_use1-az2': 50, 'm5.16xlarge_use1-az4': 50, 'm5.16xlarge_use1-az5': 1, 'm5.16xlarge_use1-az6': 50, 'm5.24xlarge_use1-az1': 5, 'm5.24xlarge_use1-az2': 5, 'm5.24xlarge_use1-az4': 5, 'm5.24xlarge_use1-az5': 1, 'm5.24xlarge_use1-az6': 35, 'm5.2xlarge_use1-az1': 50, 'm5.2xlarge_use1-az2': 50, 'm5.2xlarge_use1-az4': 50, 'm5.2xlarge_use1-az5': 50, 'm5.2xlarge_use1-az6': 50, 'm5.4xlarge_use1-az1': 50, 'm5.4xlarge_use1-az2': 50, 'm5.4xlarge_use1-az4': 50, 'm5.4xlarge_use1-az5': 10, 'm5.4xlarge_use1-az6': 50, 'm5.8xlarge_use1-az1': 50, 'm5.8xlarge_use1-az2': 40, 'm5.8xlarge_use1-az4': 50, 'm5.8xlarge_use1-az5': 1, 'm5.8xlarge_use1-az6': 50, 'm5.large_use1-az1': 50, 'm5.large_use1-az2': 50, 'm5.large_use1-az4': 50, 'm5.large_use1-az5': 50, 'm5.large_use1-az6': 50, 'm5.xlarge_use1-az1': 50, 'm5.xlarge_use1-az2': 50, 'm5.xlarge_use1-az4': 50, 'm5.xlarge_use1-az5': 50, 'm5.xlarge_use1-az6': 50, 'm5a.12xlarge_use1-az2': 1, 'm5a.12xlarge_use1-az4': 1, 'm5a.12xlarge_use1-az6': 1, 'm5a.16xlarge_use1-az2': 1, 'm5a.16xlarge_use1-az4': 1, 'm5a.16xlarge_use1-az6': 1, 'm5a.24xlarge_use1-az1': 1, 'm5a.24xlarge_use1-az2': 1, 'm5a.24xlarge_use1-az4': 1, 'm5a.24xlarge_use1-az5': 5, 'm5a.24xlarge_use1-az6': 5, 'm5a.2xlarge_use1-az1': 10, 'm5a.2xlarge_use1-az2': 25, 'm5a.2xlarge_use1-az4': 25, 'm5a.2xlarge_use1-az5': 5, 'm5a.2xlarge_use1-az6': 45, 'm5a.4xlarge_use1-az1': 5, 'm5a.4xlarge_use1-az2': 10, 'm5a.4xlarge_use1-az4': 5, 'm5a.4xlarge_use1-az5': 10, 'm5a.4xlarge_use1-az6': 15, 'm5a.8xlarge_use1-az1': 1, 'm5a.8xlarge_use1-az2': 20, 'm5a.8xlarge_use1-az4': 20, 'm5a.8xlarge_use1-az5': 1, 'm5a.8xlarge_use1-az6': 5, 'm5a.large_use1-az1': 50, 'm5a.large_use1-az2': 50, 'm5a.large_use1-az4': 50, 'm5a.large_use1-az5': 45, 'm5a.large_use1-az6': 50, 'm5a.xlarge_use1-az1': 10, 'm5a.xlarge_use1-az2': 30, 'm5a.xlarge_use1-az4': 10, 'm5a.xlarge_use1-az5': 20, 'm5a.xlarge_use1-az6': 50, 'm5ad.12xlarge_use1-az1': 1, 'm5ad.16xlarge_use1-az1': 1, 'm5ad.16xlarge_use1-az2': 1, 'm5ad.16xlarge_use1-az4': 1, 'm5ad.16xlarge_use1-az6': 1, 'm5ad.24xlarge_use1-az1': 5, 'm5ad.24xlarge_use1-az2': 1, 'm5ad.24xlarge_use1-az4': 1, 'm5ad.24xlarge_use1-az6': 5, 'm5ad.2xlarge_use1-az1': 1, 'm5ad.2xlarge_use1-az2': 1, 'm5ad.2xlarge_use1-az4': 5, 'm5ad.2xlarge_use1-az6': 1, 'm5ad.4xlarge_use1-az1': 1, 'm5ad.4xlarge_use1-az2': 1, 'm5ad.4xlarge_use1-az4': 1, 'm5ad.4xlarge_use1-az6': 1, 'm5ad.8xlarge_use1-az2': 1, 'm5ad.large_use1-az1': 10, 'm5ad.large_use1-az2': 5, 'm5ad.large_use1-az4': 10, 'm5ad.large_use1-az5': 1, 'm5ad.large_use1-az6': 10, 'm5ad.xlarge_use1-az1': 1, 'm5ad.xlarge_use1-az2': 10, 'm5ad.xlarge_use1-az4': 5, 'm5ad.xlarge_use1-az6': 5, 'm5d.12xlarge_use1-az1': 1, 'm5d.12xlarge_use1-az2': 25, 'm5d.12xlarge_use1-az4': 30, 'm5d.12xlarge_use1-az6': 15, 'm5d.16xlarge_use1-az1': 5, 'm5d.16xlarge_use1-az2': 35, 'm5d.16xlarge_use1-az4': 20, 'm5d.16xlarge_use1-az5': 1, 'm5d.16xlarge_use1-az6': 50, 'm5d.24xlarge_use1-az1': 20, 'm5d.24xlarge_use1-az2': 15, 'm5d.24xlarge_use1-az4': 5, 'm5d.24xlarge_use1-az5': 1, 'm5d.24xlarge_use1-az6': 50, 'm5d.2xlarge_use1-az1': 5, 'm5d.2xlarge_use1-az2': 25, 'm5d.2xlarge_use1-az4': 25, 'm5d.2xlarge_use1-az6': 30, 'm5d.4xlarge_use1-az1': 5, 'm5d.4xlarge_use1-az2': 15, 'm5d.4xlarge_use1-az4': 25, 'm5d.4xlarge_use1-az6': 25, 'm5d.8xlarge_use1-az1': 1, 'm5d.8xlarge_use1-az2': 25, 'm5d.8xlarge_use1-az4': 10, 'm5d.8xlarge_use1-az5': 1, 'm5d.8xlarge_use1-az6': 10, 'm5d.large_use1-az1': 5, 'm5d.large_use1-az2': 50, 'm5d.large_use1-az4': 50, 'm5d.large_use1-az6': 50, 'm5d.xlarge_use1-az1': 50, 'm5d.xlarge_use1-az2': 50, 'm5d.xlarge_use1-az4': 50, 'm5d.xlarge_use1-az5': 1, 'm5d.xlarge_use1-az6': 50, 'm5dn.12xlarge_use1-az1': 1, 'm5dn.12xlarge_use1-az4': 1, 'm5dn.12xlarge_use1-az6': 1, 'm5dn.16xlarge_use1-az1': 1, 'm5dn.16xlarge_use1-az2': 5, 'm5dn.16xlarge_use1-az4': 1, 'm5dn.16xlarge_use1-az6': 1, 'm5dn.24xlarge_use1-az1': 1, 'm5dn.24xlarge_use1-az2': 1, 'm5dn.24xlarge_use1-az4': 1, 'm5dn.24xlarge_use1-az6': 5, 'm5dn.2xlarge_use1-az1': 10, 'm5dn.2xlarge_use1-az2': 5, 'm5dn.2xlarge_use1-az4': 5, 'm5dn.2xlarge_use1-az5': 1, 'm5dn.2xlarge_use1-az6': 15, 'm5dn.4xlarge_use1-az1': 5, 'm5dn.4xlarge_use1-az2': 5, 'm5dn.4xlarge_use1-az4': 1, 'm5dn.4xlarge_use1-az5': 1, 'm5dn.4xlarge_use1-az6': 5, 'm5dn.8xlarge_use1-az2': 1, 'm5dn.8xlarge_use1-az6': 1, 'm5dn.large_use1-az1': 35, 'm5dn.large_use1-az2': 30, 'm5dn.large_use1-az4': 40, 'm5dn.large_use1-az5': 15, 'm5dn.large_use1-az6': 50, 'm5dn.xlarge_use1-az1': 10, 'm5dn.xlarge_use1-az2': 25, 'm5dn.xlarge_use1-az4': 20, 'm5dn.xlarge_use1-az5': 1, 'm5dn.xlarge_use1-az6': 30, 'm5n.12xlarge_use1-az1': 1, 'm5n.12xlarge_use1-az2': 1, 'm5n.12xlarge_use1-az4': 1, 'm5n.12xlarge_use1-az5': 1, 'm5n.12xlarge_use1-az6': 1, 'm5n.16xlarge_use1-az2': 1, 'm5n.16xlarge_use1-az4': 1, 'm5n.16xlarge_use1-az6': 1, 'm5n.24xlarge_use1-az2': 1, 'm5n.24xlarge_use1-az4': 1, 'm5n.24xlarge_use1-az6': 1, 'm5n.2xlarge_use1-az1': 15, 'm5n.2xlarge_use1-az2': 25, 'm5n.2xlarge_use1-az4': 30, 'm5n.2xlarge_use1-az5': 5, 'm5n.2xlarge_use1-az6': 25, 'm5n.4xlarge_use1-az1': 25, 'm5n.4xlarge_use1-az2': 35, 'm5n.4xlarge_use1-az4': 50, 'm5n.4xlarge_use1-az5': 5, 'm5n.4xlarge_use1-az6': 10, 'm5n.8xlarge_use1-az1': 1, 'm5n.8xlarge_use1-az2': 1, 'm5n.8xlarge_use1-az4': 1, 'm5n.8xlarge_use1-az6': 5, 'm5n.large_use1-az1': 5, 'm5n.large_use1-az2': 15, 'm5n.large_use1-az4': 5, 'm5n.large_use1-az5': 5, 'm5n.large_use1-az6': 15, 'm5n.xlarge_use1-az1': 20, 'm5n.xlarge_use1-az2': 50, 'm5n.xlarge_use1-az4': 50, 'm5n.xlarge_use1-az5': 1, 'm5n.xlarge_use1-az6': 50, 'm5zn.12xlarge_use1-az2': 1, 'm5zn.12xlarge_use1-az4': 10, 'm5zn.12xlarge_use1-az5': 1, 'm5zn.12xlarge_use1-az6': 5, 'm5zn.2xlarge_use1-az1': 1, 'm5zn.2xlarge_use1-az2': 1, 'm5zn.2xlarge_use1-az4': 25, 'm5zn.2xlarge_use1-az5': 1, 'm5zn.2xlarge_use1-az6': 5, 'm5zn.3xlarge_use1-az1': 1, 'm5zn.3xlarge_use1-az2': 1, 'm5zn.3xlarge_use1-az4': 5, 'm5zn.3xlarge_use1-az6': 5, 'm5zn.6xlarge_use1-az4': 1, 'm5zn.6xlarge_use1-az6': 1, 'm5zn.large_use1-az1': 5, 'm5zn.large_use1-az2': 5, 'm5zn.large_use1-az4': 30, 'm5zn.large_use1-az5': 15, 'm5zn.large_use1-az6': 20, 'm5zn.xlarge_use1-az1': 1, 'm5zn.xlarge_use1-az2': 1, 'm5zn.xlarge_use1-az4': 20, 'm5zn.xlarge_use1-az5': 5, 'm5zn.xlarge_use1-az6': 5, 'm6a.12xlarge_use1-az1': 5, 'm6a.12xlarge_use1-az2': 5, 'm6a.12xlarge_use1-az4': 15, 'm6a.12xlarge_use1-az6': 10, 'm6a.16xlarge_use1-az1': 5, 'm6a.16xlarge_use1-az2': 5, 'm6a.16xlarge_use1-az4': 5, 'm6a.16xlarge_use1-az6': 5, 'm6a.24xlarge_use1-az1': 1, 'm6a.24xlarge_use1-az2': 1, 'm6a.24xlarge_use1-az4': 1, 'm6a.24xlarge_use1-az6': 1, 'm6a.2xlarge_use1-az1': 50, 'm6a.2xlarge_use1-az2': 35, 'm6a.2xlarge_use1-az4': 45, 'm6a.2xlarge_use1-az5': 15, 'm6a.2xlarge_use1-az6': 50, 'm6a.32xlarge_use1-az2': 1, 'm6a.32xlarge_use1-az4': 1, 'm6a.32xlarge_use1-az5': 1, 'm6a.32xlarge_use1-az6': 1, 'm6a.48xlarge_use1-az2': 1, 'm6a.48xlarge_use1-az4': 1, 'm6a.48xlarge_use1-az6': 1, 'm6a.4xlarge_use1-az1': 45, 'm6a.4xlarge_use1-az2': 40, 'm6a.4xlarge_use1-az4': 25, 'm6a.4xlarge_use1-az5': 5, 'm6a.4xlarge_use1-az6': 50, 'm6a.8xlarge_use1-az1': 25, 'm6a.8xlarge_use1-az2': 15, 'm6a.8xlarge_use1-az4': 50, 'm6a.8xlarge_use1-az5': 10, 'm6a.8xlarge_use1-az6': 50, 'm6a.large_use1-az1': 50, 'm6a.large_use1-az2': 50, 'm6a.large_use1-az4': 50, 'm6a.large_use1-az5': 30, 'm6a.large_use1-az6': 50, 'm6a.xlarge_use1-az1': 50, 'm6a.xlarge_use1-az2': 50, 'm6a.xlarge_use1-az4': 50, 'm6a.xlarge_use1-az5': 35, 'm6a.xlarge_use1-az6': 50, 'm6g.12xlarge_use1-az1': 1, 'm6g.12xlarge_use1-az2': 5, 'm6g.12xlarge_use1-az4': 50, 'm6g.12xlarge_use1-az6': 50, 'm6g.16xlarge_use1-az1': 1, 'm6g.16xlarge_use1-az2': 5, 'm6g.16xlarge_use1-az4': 25, 'm6g.16xlarge_use1-az6': 50, 'm6g.2xlarge_use1-az1': 15, 'm6g.2xlarge_use1-az2': 50, 'm6g.2xlarge_use1-az4': 50, 'm6g.2xlarge_use1-az5': 5, 'm6g.2xlarge_use1-az6': 50, 'm6g.4xlarge_use1-az1': 10, 'm6g.4xlarge_use1-az2': 50, 'm6g.4xlarge_use1-az4': 50, 'm6g.4xlarge_use1-az5': 10, 'm6g.4xlarge_use1-az6': 50, 'm6g.8xlarge_use1-az1': 5, 'm6g.8xlarge_use1-az2': 50, 'm6g.8xlarge_use1-az4': 50, 'm6g.8xlarge_use1-az6': 50, 'm6g.large_use1-az1': 1, 'm6g.large_use1-az2': 50, 'm6g.large_use1-az4': 50, 'm6g.large_use1-az5': 5, 'm6g.large_use1-az6': 50, 'm6g.medium_use1-az1': 5, 'm6g.medium_use1-az2': 5, 'm6g.medium_use1-az4': 10, 'm6g.medium_use1-az5': 1, 'm6g.medium_use1-az6': 15, 'm6g.xlarge_use1-az1': 50, 'm6g.xlarge_use1-az2': 50, 'm6g.xlarge_use1-az4': 50, 'm6g.xlarge_use1-az5': 50, 'm6g.xlarge_use1-az6': 50, 'm6gd.12xlarge_use1-az1': 10, 'm6gd.12xlarge_use1-az2': 40, 'm6gd.12xlarge_use1-az4': 20, 'm6gd.12xlarge_use1-az5': 5, 'm6gd.12xlarge_use1-az6': 50, 'm6gd.16xlarge_use1-az1': 5, 'm6gd.16xlarge_use1-az2': 10, 'm6gd.16xlarge_use1-az4': 10, 'm6gd.16xlarge_use1-az5': 10, 'm6gd.16xlarge_use1-az6': 35, 'm6gd.2xlarge_use1-az1': 1, 'm6gd.2xlarge_use1-az2': 50, 'm6gd.2xlarge_use1-az4': 45, 'm6gd.2xlarge_use1-az5': 1, 'm6gd.2xlarge_use1-az6': 5, 'm6gd.4xlarge_use1-az1': 1, 'm6gd.4xlarge_use1-az2': 5, 'm6gd.4xlarge_use1-az4': 5, 'm6gd.4xlarge_use1-az5': 1, 'm6gd.4xlarge_use1-az6': 15, 'm6gd.8xlarge_use1-az1': 5, 'm6gd.8xlarge_use1-az2': 10, 'm6gd.8xlarge_use1-az4': 15, 'm6gd.8xlarge_use1-az5': 1, 'm6gd.8xlarge_use1-az6': 20, 'm6gd.large_use1-az1': 1, 'm6gd.large_use1-az2': 5, 'm6gd.large_use1-az4': 5, 'm6gd.large_use1-az5': 1, 'm6gd.large_use1-az6': 15, 'm6gd.medium_use1-az1': 1, 'm6gd.medium_use1-az2': 1, 'm6gd.medium_use1-az4': 1, 'm6gd.medium_use1-az5': 5, 'm6gd.medium_use1-az6': 1, 'm6gd.xlarge_use1-az1': 1, 'm6gd.xlarge_use1-az2': 10, 'm6gd.xlarge_use1-az4': 35, 'm6gd.xlarge_use1-az5': 1, 'm6gd.xlarge_use1-az6': 15, 'm6i.12xlarge_use1-az1': 1, 'm6i.12xlarge_use1-az2': 10, 'm6i.12xlarge_use1-az4': 50, 'm6i.12xlarge_use1-az5': 1, 'm6i.12xlarge_use1-az6': 30, 'm6i.16xlarge_use1-az1': 1, 'm6i.16xlarge_use1-az2': 10, 'm6i.16xlarge_use1-az4': 5, 'm6i.16xlarge_use1-az5': 1, 'm6i.16xlarge_use1-az6': 10, 'm6i.24xlarge_use1-az2': 10, 'm6i.24xlarge_use1-az4': 5, 'm6i.24xlarge_use1-az5': 1, 'm6i.24xlarge_use1-az6': 50, 'm6i.2xlarge_use1-az1': 25, 'm6i.2xlarge_use1-az2': 50, 'm6i.2xlarge_use1-az4': 50, 'm6i.2xlarge_use1-az5': 25, 'm6i.2xlarge_use1-az6': 50, 'm6i.32xlarge_use1-az2': 1, 'm6i.32xlarge_use1-az4': 5, 'm6i.32xlarge_use1-az5': 1, 'm6i.32xlarge_use1-az6': 15, 'm6i.4xlarge_use1-az1': 15, 'm6i.4xlarge_use1-az2': 50, 'm6i.4xlarge_use1-az4': 50, 'm6i.4xlarge_use1-az5': 50, 'm6i.4xlarge_use1-az6': 50, 'm6i.8xlarge_use1-az1': 1, 'm6i.8xlarge_use1-az2': 50, 'm6i.8xlarge_use1-az4': 50, 'm6i.8xlarge_use1-az5': 20, 'm6i.8xlarge_use1-az6': 50, 'm6i.large_use1-az1': 25, 'm6i.large_use1-az2': 50, 'm6i.large_use1-az4': 50, 'm6i.large_use1-az5': 50, 'm6i.large_use1-az6': 50, 'm6i.xlarge_use1-az1': 45, 'm6i.xlarge_use1-az2': 50, 'm6i.xlarge_use1-az4': 50, 'm6i.xlarge_use1-az5': 25, 'm6i.xlarge_use1-az6': 50, 'm6id.12xlarge_use1-az1': 1, 'm6id.12xlarge_use1-az2': 1, 'm6id.12xlarge_use1-az4': 1, 'm6id.12xlarge_use1-az6': 1, 'm6id.16xlarge_use1-az1': 1, 'm6id.16xlarge_use1-az2': 1, 'm6id.16xlarge_use1-az4': 1, 'm6id.16xlarge_use1-az6': 1, 'm6id.24xlarge_use1-az1': 10, 'm6id.24xlarge_use1-az2': 15, 'm6id.24xlarge_use1-az4': 35, 'm6id.24xlarge_use1-az5': 5, 'm6id.24xlarge_use1-az6': 15, 'm6id.2xlarge_use1-az1': 5, 'm6id.2xlarge_use1-az2': 5, 'm6id.2xlarge_use1-az4': 5, 'm6id.2xlarge_use1-az5': 1, 'm6id.2xlarge_use1-az6': 5, 'm6id.32xlarge_use1-az1': 10, 'm6id.32xlarge_use1-az2': 15, 'm6id.32xlarge_use1-az4': 5, 'm6id.32xlarge_use1-az5': 1, 'm6id.32xlarge_use1-az6': 50, 'm6id.4xlarge_use1-az1': 15, 'm6id.4xlarge_use1-az2': 10, 'm6id.4xlarge_use1-az4': 5, 'm6id.4xlarge_use1-az5': 1, 'm6id.4xlarge_use1-az6': 10, 'm6id.8xlarge_use1-az1': 1, 'm6id.8xlarge_use1-az4': 5, 'm6id.8xlarge_use1-az5': 1, 'm6id.8xlarge_use1-az6': 1, 'm6id.large_use1-az1': 30, 'm6id.large_use1-az2': 35, 'm6id.large_use1-az4': 15, 'm6id.large_use1-az5': 5, 'm6id.large_use1-az6': 50, 'm6id.xlarge_use1-az1': 20, 'm6id.xlarge_use1-az2': 45, 'm6id.xlarge_use1-az4': 15, 'm6id.xlarge_use1-az5': 5, 'm6id.xlarge_use1-az6': 25, 'm6idn.12xlarge_use1-az2': 1, 'm6idn.16xlarge_use1-az4': 1, 'm6idn.24xlarge_use1-az1': 1, 'm6idn.24xlarge_use1-az2': 1, 'm6idn.24xlarge_use1-az4': 1, 'm6idn.2xlarge_use1-az1': 5, 'm6idn.2xlarge_use1-az2': 10, 'm6idn.2xlarge_use1-az4': 5, 'm6idn.2xlarge_use1-az5': 1, 'm6idn.2xlarge_use1-az6': 5, 'm6idn.32xlarge_use1-az2': 1, 'm6idn.4xlarge_use1-az1': 30, 'm6idn.4xlarge_use1-az2': 10, 'm6idn.4xlarge_use1-az4': 5, 'm6idn.4xlarge_use1-az5': 5, 'm6idn.4xlarge_use1-az6': 5, 'm6idn.large_use1-az1': 25, 'm6idn.large_use1-az2': 35, 'm6idn.large_use1-az4': 15, 'm6idn.large_use1-az5': 10, 'm6idn.large_use1-az6': 10, 'm6idn.xlarge_use1-az1': 15, 'm6idn.xlarge_use1-az2': 50, 'm6idn.xlarge_use1-az4': 20, 'm6idn.xlarge_use1-az5': 5, 'm6idn.xlarge_use1-az6': 10, 'm6in.12xlarge_use1-az4': 1, 'm6in.16xlarge_use1-az2': 1, 'm6in.16xlarge_use1-az4': 1, 'm6in.24xlarge_use1-az1': 1, 'm6in.24xlarge_use1-az2': 1, 'm6in.2xlarge_use1-az1': 10, 'm6in.2xlarge_use1-az2': 20, 'm6in.2xlarge_use1-az4': 10, 'm6in.2xlarge_use1-az5': 1, 'm6in.2xlarge_use1-az6': 5, 'm6in.4xlarge_use1-az1': 1, 'm6in.4xlarge_use1-az2': 1, 'm6in.4xlarge_use1-az5': 1, 'm6in.8xlarge_use1-az1': 1, 'm6in.8xlarge_use1-az2': 1, 'm6in.8xlarge_use1-az4': 1, 'm6in.large_use1-az1': 5, 'm6in.large_use1-az2': 10, 'm6in.large_use1-az4': 5, 'm6in.large_use1-az5': 1, 'm6in.large_use1-az6': 1, 'm6in.xlarge_use1-az1': 5, 'm6in.xlarge_use1-az2': 10, 'm6in.xlarge_use1-az4': 1, 'm7a.12xlarge_use1-az2': 1, 'm7a.12xlarge_use1-az6': 20, 'm7a.16xlarge_use1-az2': 1, 'm7a.16xlarge_use1-az6': 40, 'm7a.24xlarge_use1-az2': 1, 'm7a.24xlarge_use1-az6': 50, 'm7a.2xlarge_use1-az1': 5, 'm7a.2xlarge_use1-az2': 15, 'm7a.2xlarge_use1-az4': 10, 'm7a.2xlarge_use1-az6': 50, 'm7a.32xlarge_use1-az6': 20, 'm7a.48xlarge_use1-az6': 40, 'm7a.4xlarge_use1-az1': 10, 'm7a.4xlarge_use1-az2': 5, 'm7a.4xlarge_use1-az4': 10, 'm7a.4xlarge_use1-az6': 25, 'm7a.8xlarge_use1-az1': 1, 'm7a.8xlarge_use1-az2': 5, 'm7a.8xlarge_use1-az4': 1, 'm7a.8xlarge_use1-az6': 50, 'm7a.large_use1-az1': 15, 'm7a.large_use1-az2': 50, 'm7a.large_use1-az4': 50, 'm7a.large_use1-az5': 5, 'm7a.large_use1-az6': 50, 'm7a.medium_use1-az1': 10, 'm7a.medium_use1-az2': 50, 'm7a.medium_use1-az4': 50, 'm7a.medium_use1-az6': 50, 'm7a.xlarge_use1-az1': 5, 'm7a.xlarge_use1-az2': 40, 'm7a.xlarge_use1-az4': 50, 'm7a.xlarge_use1-az6': 50, 'm7g.12xlarge_use1-az1': 1, 'm7g.12xlarge_use1-az2': 10, 'm7g.12xlarge_use1-az4': 45, 'm7g.12xlarge_use1-az5': 1, 'm7g.12xlarge_use1-az6': 50, 'm7g.16xlarge_use1-az1': 1, 'm7g.16xlarge_use1-az2': 30, 'm7g.16xlarge_use1-az4': 35, 'm7g.16xlarge_use1-az5': 1, 'm7g.16xlarge_use1-az6': 50, 'm7g.2xlarge_use1-az1': 35, 'm7g.2xlarge_use1-az2': 50, 'm7g.2xlarge_use1-az4': 50, 'm7g.2xlarge_use1-az5': 15, 'm7g.2xlarge_use1-az6': 50, 'm7g.4xlarge_use1-az1': 10, 'm7g.4xlarge_use1-az2': 30, 'm7g.4xlarge_use1-az4': 50, 'm7g.4xlarge_use1-az5': 10, 'm7g.4xlarge_use1-az6': 50, 'm7g.8xlarge_use1-az1': 1, 'm7g.8xlarge_use1-az2': 15, 'm7g.8xlarge_use1-az4': 40, 'm7g.8xlarge_use1-az5': 1, 'm7g.8xlarge_use1-az6': 50, 'm7g.large_use1-az1': 10, 'm7g.large_use1-az2': 50, 'm7g.large_use1-az4': 50, 'm7g.large_use1-az5': 30, 'm7g.large_use1-az6': 50, 'm7g.medium_use1-az1': 30, 'm7g.medium_use1-az2': 40, 'm7g.medium_use1-az4': 50, 'm7g.medium_use1-az5': 35, 'm7g.medium_use1-az6': 50, 'm7g.metal_use1-az1': 1, 'm7g.metal_use1-az2': 25, 'm7g.metal_use1-az4': 10, 'm7g.metal_use1-az5': 1, 'm7g.metal_use1-az6': 50, 'm7g.xlarge_use1-az1': 50, 'm7g.xlarge_use1-az2': 50, 'm7g.xlarge_use1-az4': 50, 'm7g.xlarge_use1-az5': 50, 'm7g.xlarge_use1-az6': 50, 'm7gd.12xlarge_use1-az1': 5, 'm7gd.12xlarge_use1-az2': 10, 'm7gd.12xlarge_use1-az4': 1, 'm7gd.12xlarge_use1-az6': 35, 'm7gd.16xlarge_use1-az1': 1, 'm7gd.16xlarge_use1-az2': 30, 'm7gd.16xlarge_use1-az4': 1, 'm7gd.16xlarge_use1-az6': 40, 'm7gd.2xlarge_use1-az1': 15, 'm7gd.2xlarge_use1-az2': 50, 'm7gd.2xlarge_use1-az4': 15, 'm7gd.2xlarge_use1-az6': 25, 'm7gd.4xlarge_use1-az1': 5, 'm7gd.4xlarge_use1-az2': 10, 'm7gd.4xlarge_use1-az4': 1, 'm7gd.4xlarge_use1-az6': 40, 'm7gd.8xlarge_use1-az1': 10, 'm7gd.8xlarge_use1-az2': 50, 'm7gd.8xlarge_use1-az4': 30, 'm7gd.8xlarge_use1-az5': 45, 'm7gd.8xlarge_use1-az6': 50, 'm7gd.large_use1-az1': 5, 'm7gd.large_use1-az2': 50, 'm7gd.large_use1-az4': 5, 'm7gd.large_use1-az6': 50, 'm7gd.medium_use1-az1': 15, 'm7gd.medium_use1-az2': 20, 'm7gd.medium_use1-az4': 15, 'm7gd.medium_use1-az5': 20, 'm7gd.medium_use1-az6': 25, 'm7gd.metal_use1-az1': 5, 'm7gd.metal_use1-az2': 15, 'm7gd.metal_use1-az4': 1, 'm7gd.metal_use1-az6': 15, 'm7gd.xlarge_use1-az1': 5, 'm7gd.xlarge_use1-az2': 10, 'm7gd.xlarge_use1-az4': 10, 'm7gd.xlarge_use1-az5': 1, 'm7gd.xlarge_use1-az6': 25, 'm7i-flex.2xlarge_use1-az1': 50, 'm7i-flex.2xlarge_use1-az2': 50, 'm7i-flex.2xlarge_use1-az4': 15, 'm7i-flex.2xlarge_use1-az5': 10, 'm7i-flex.2xlarge_use1-az6': 50, 'm7i-flex.4xlarge_use1-az2': 5, 'm7i-flex.4xlarge_use1-az4': 5, 'm7i-flex.4xlarge_use1-az6': 25, 'm7i-flex.8xlarge_use1-az1': 1, 'm7i-flex.8xlarge_use1-az2': 5, 'm7i-flex.8xlarge_use1-az4': 5, 'm7i-flex.8xlarge_use1-az5': 1, 'm7i-flex.8xlarge_use1-az6': 10, 'm7i-flex.large_use1-az1': 20, 'm7i-flex.large_use1-az2': 50, 'm7i-flex.large_use1-az4': 25, 'm7i-flex.large_use1-az5': 25, 'm7i-flex.large_use1-az6': 50, 'm7i-flex.xlarge_use1-az1': 50, 'm7i-flex.xlarge_use1-az2': 50, 'm7i-flex.xlarge_use1-az4': 50, 'm7i-flex.xlarge_use1-az5': 15, 'm7i-flex.xlarge_use1-az6': 50, 'm7i.12xlarge_use1-az1': 1, 'm7i.12xlarge_use1-az2': 5, 'm7i.12xlarge_use1-az4': 15, 'm7i.12xlarge_use1-az6': 50, 'm7i.16xlarge_use1-az1': 5, 'm7i.16xlarge_use1-az2': 10, 'm7i.16xlarge_use1-az4': 10, 'm7i.16xlarge_use1-az6': 50, 'm7i.24xlarge_use1-az2': 5, 'm7i.24xlarge_use1-az4': 5, 'm7i.24xlarge_use1-az6': 50, 'm7i.2xlarge_use1-az1': 1, 'm7i.2xlarge_use1-az2': 50, 'm7i.2xlarge_use1-az4': 50, 'm7i.2xlarge_use1-az6': 50, 'm7i.48xlarge_use1-az1': 1, 'm7i.48xlarge_use1-az2': 5, 'm7i.48xlarge_use1-az4': 20, 'm7i.48xlarge_use1-az6': 50, 'm7i.4xlarge_use1-az1': 1, 'm7i.4xlarge_use1-az2': 25, 'm7i.4xlarge_use1-az4': 10, 'm7i.4xlarge_use1-az6': 50, 'm7i.8xlarge_use1-az1': 40, 'm7i.8xlarge_use1-az2': 20, 'm7i.8xlarge_use1-az4': 50, 'm7i.8xlarge_use1-az6': 50, 'm7i.large_use1-az1': 50, 'm7i.large_use1-az2': 50, 'm7i.large_use1-az4': 50, 'm7i.large_use1-az5': 1, 'm7i.large_use1-az6': 50, 'm7i.xlarge_use1-az1': 30, 'm7i.xlarge_use1-az2': 35, 'm7i.xlarge_use1-az4': 50, 'm7i.xlarge_use1-az6': 50, 'm8g.12xlarge_use1-az2': 10, 'm8g.12xlarge_use1-az4': 10, 'm8g.12xlarge_use1-az5': 1, 'm8g.12xlarge_use1-az6': 35, 'm8g.16xlarge_use1-az2': 5, 'm8g.16xlarge_use1-az4': 5, 'm8g.16xlarge_use1-az5': 5, 'm8g.16xlarge_use1-az6': 45, 'm8g.24xlarge_use1-az2': 5, 'm8g.24xlarge_use1-az4': 1, 'm8g.24xlarge_use1-az5': 1, 'm8g.24xlarge_use1-az6': 25, 'm8g.2xlarge_use1-az4': 10, 'm8g.2xlarge_use1-az5': 10, 'm8g.48xlarge_use1-az2': 5, 'm8g.48xlarge_use1-az4': 5, 'm8g.48xlarge_use1-az6': 20, 'm8g.4xlarge_use1-az2': 5, 'm8g.4xlarge_use1-az4': 5, 'm8g.4xlarge_use1-az5': 1, 'm8g.4xlarge_use1-az6': 40, 'm8g.8xlarge_use1-az2': 10, 'm8g.8xlarge_use1-az4': 20, 'm8g.8xlarge_use1-az5': 1, 'm8g.8xlarge_use1-az6': 40, 'm8g.large_use1-az1': 1, 'm8g.large_use1-az2': 20, 'm8g.large_use1-az6': 45, 'm8g.medium_use1-az1': 1, 'm8g.medium_use1-az2': 15, 'm8g.metal-48xl_use1-az2': 5, 'm8g.metal-48xl_use1-az6': 25, 'm8g.xlarge_use1-az1': 1, 'm8g.xlarge_use1-az5': 15, 'm8g.xlarge_use1-az6': 50, 'm8gd.16xlarge_use1-az5': 1, 'm8gd.4xlarge_use1-az2': 5, 'm8gd.4xlarge_use1-az4': 1, 'm8gd.4xlarge_use1-az6': 1, 'm8gd.8xlarge_use1-az5': 1, 'm8gd.8xlarge_use1-az6': 5, 'm8gd.large_use1-az1': 20, 'm8gd.large_use1-az2': 15, 'm8gd.large_use1-az5': 1, 'm8gd.large_use1-az6': 1, 'm8gd.medium_use1-az6': 1, 'm8gd.metal-24xl_use1-az2': 1, 'm8gd.xlarge_use1-az1': 1, 'm8gd.xlarge_use1-az5': 1, 'm8i-flex.16xlarge_use1-az6': 5, 'm8i-flex.2xlarge_use1-az2': 10, 'm8i-flex.2xlarge_use1-az4': 1, 'm8i-flex.2xlarge_use1-az6': 50, 'm8i-flex.4xlarge_use1-az2': 1, 'm8i-flex.4xlarge_use1-az4': 1, 'm8i-flex.4xlarge_use1-az6': 5, 'm8i-flex.8xlarge_use1-az6': 1, 'm8i-flex.large_use1-az2': 5, 'm8i-flex.xlarge_use1-az2': 10, 'm8i-flex.xlarge_use1-az4': 25, 'm8i-flex.xlarge_use1-az6': 50, 'm8i.12xlarge_use1-az6': 1, 'm8i.16xlarge_use1-az4': 1, 'm8i.16xlarge_use1-az6': 1, 'm8i.24xlarge_use1-az6': 1, 'm8i.2xlarge_use1-az2': 10, 'm8i.2xlarge_use1-az4': 1, 'm8i.2xlarge_use1-az6': 10, 'm8i.32xlarge_use1-az2': 1, 'm8i.32xlarge_use1-az6': 5, 'm8i.48xlarge_use1-az2': 1, 'm8i.48xlarge_use1-az6': 5, 'm8i.4xlarge_use1-az2': 5, 'm8i.4xlarge_use1-az4': 1, 'm8i.4xlarge_use1-az6': 5, 'm8i.8xlarge_use1-az2': 1, 'm8i.8xlarge_use1-az4': 1, 'm8i.8xlarge_use1-az6': 20, 'm8i.96xlarge_use1-az6': 1, 'm8i.large_use1-az4': 25, 'm8i.metal-48xl_use1-az6': 1, 'm8i.metal-96xl_use1-az6': 1, 'm8i.xlarge_use1-az2': 30, 'm8i.xlarge_use1-az4': 10, 'p3.2xlarge_use1-az1': 50, 'p3.2xlarge_use1-az2': 50, 'p3.2xlarge_use1-az5': 50, 'p3.2xlarge_use1-az6': 50, 'r3.2xlarge_use1-az2': 1, 'r3.2xlarge_use1-az4': 1, 'r3.2xlarge_use1-az6': 1, 'r3.4xlarge_use1-az4': 1, 'r3.4xlarge_use1-az6': 1, 'r3.8xlarge_use1-az2': 1, 'r3.8xlarge_use1-az4': 1, 'r3.8xlarge_use1-az6': 5, 'r3.large_use1-az2': 50, 'r3.large_use1-az4': 50, 'r3.large_use1-az6': 50, 'r3.xlarge_use1-az2': 40, 'r3.xlarge_use1-az4': 50, 'r3.xlarge_use1-az6': 50, 'r4.16xlarge_use1-az1': 10, 'r4.16xlarge_use1-az2': 10, 'r4.16xlarge_use1-az3': 50, 'r4.16xlarge_use1-az4': 35, 'r4.16xlarge_use1-az5': 15, 'r4.16xlarge_use1-az6': 10, 'r4.2xlarge_use1-az1': 20, 'r4.2xlarge_use1-az2': 50, 'r4.2xlarge_use1-az3': 50, 'r4.2xlarge_use1-az4': 50, 'r4.2xlarge_use1-az5': 5, 'r4.2xlarge_use1-az6': 50, 'r4.4xlarge_use1-az1': 20, 'r4.4xlarge_use1-az2': 50, 'r4.4xlarge_use1-az3': 40, 'r4.4xlarge_use1-az4': 15, 'r4.4xlarge_use1-az5': 5, 'r4.4xlarge_use1-az6': 50, 'r4.8xlarge_use1-az1': 50, 'r4.8xlarge_use1-az2': 50, 'r4.8xlarge_use1-az3': 25, 'r4.8xlarge_use1-az4': 50, 'r4.8xlarge_use1-az5': 5, 'r4.8xlarge_use1-az6': 50, 'r4.large_use1-az1': 35, 'r4.large_use1-az2': 50, 'r4.large_use1-az4': 50, 'r4.large_use1-az5': 20, 'r4.large_use1-az6': 50, 'r4.xlarge_use1-az1': 50, 'r4.xlarge_use1-az2': 50, 'r4.xlarge_use1-az3': 50, 'r4.xlarge_use1-az4': 50, 'r4.xlarge_use1-az5': 30, 'r4.xlarge_use1-az6': 50, 'r5.12xlarge_use1-az1': 5, 'r5.12xlarge_use1-az2': 5, 'r5.12xlarge_use1-az4': 50, 'r5.12xlarge_use1-az5': 5, 'r5.12xlarge_use1-az6': 5, 'r5.16xlarge_use1-az1': 5, 'r5.16xlarge_use1-az4': 35, 'r5.16xlarge_use1-az5': 30, 'r5.16xlarge_use1-az6': 5, 'r5.24xlarge_use1-az4': 15, 'r5.24xlarge_use1-az5': 5, 'r5.24xlarge_use1-az6': 5, 'r5.2xlarge_use1-az1': 50, 'r5.2xlarge_use1-az2': 50, 'r5.2xlarge_use1-az4': 50, 'r5.2xlarge_use1-az5': 5, 'r5.2xlarge_use1-az6': 50, 'r5.4xlarge_use1-az1': 50, 'r5.4xlarge_use1-az2': 50, 'r5.4xlarge_use1-az4': 50, 'r5.4xlarge_use1-az5': 5, 'r5.4xlarge_use1-az6': 50, 'r5.8xlarge_use1-az1': 50, 'r5.8xlarge_use1-az2': 50, 'r5.8xlarge_use1-az4': 50, 'r5.8xlarge_use1-az5': 5, 'r5.8xlarge_use1-az6': 5, 'r5.large_use1-az1': 50, 'r5.large_use1-az2': 50, 'r5.large_use1-az4': 50, 'r5.large_use1-az5': 50, 'r5.large_use1-az6': 50, 'r5.xlarge_use1-az1': 50, 'r5.xlarge_use1-az2': 50, 'r5.xlarge_use1-az4': 50, 'r5.xlarge_use1-az5': 50, 'r5.xlarge_use1-az6': 50, 'r5a.12xlarge_use1-az1': 1, 'r5a.12xlarge_use1-az2': 1, 'r5a.12xlarge_use1-az4': 5, 'r5a.12xlarge_use1-az6': 5, 'r5a.16xlarge_use1-az1': 10, 'r5a.16xlarge_use1-az2': 10, 'r5a.16xlarge_use1-az4': 10, 'r5a.16xlarge_use1-az5': 5, 'r5a.16xlarge_use1-az6': 5, 'r5a.24xlarge_use1-az1': 5, 'r5a.24xlarge_use1-az2': 15, 'r5a.24xlarge_use1-az4': 10, 'r5a.24xlarge_use1-az5': 1, 'r5a.24xlarge_use1-az6': 10, 'r5a.2xlarge_use1-az1': 10, 'r5a.2xlarge_use1-az2': 20, 'r5a.2xlarge_use1-az4': 35, 'r5a.2xlarge_use1-az5': 5, 'r5a.2xlarge_use1-az6': 30, 'r5a.4xlarge_use1-az1': 25, 'r5a.4xlarge_use1-az2': 50, 'r5a.4xlarge_use1-az4': 50, 'r5a.4xlarge_use1-az5': 5, 'r5a.4xlarge_use1-az6': 50, 'r5a.8xlarge_use1-az1': 25, 'r5a.8xlarge_use1-az2': 10, 'r5a.8xlarge_use1-az4': 15, 'r5a.8xlarge_use1-az5': 30, 'r5a.8xlarge_use1-az6': 20, 'r5a.large_use1-az1': 50, 'r5a.large_use1-az2': 50, 'r5a.large_use1-az4': 50, 'r5a.large_use1-az5': 25, 'r5a.large_use1-az6': 50, 'r5a.xlarge_use1-az1': 20, 'r5a.xlarge_use1-az2': 50, 'r5a.xlarge_use1-az4': 50, 'r5a.xlarge_use1-az5': 5, 'r5a.xlarge_use1-az6': 50, 'r5ad.12xlarge_use1-az2': 1, 'r5ad.16xlarge_use1-az2': 50, 'r5ad.16xlarge_use1-az4': 10, 'r5ad.16xlarge_use1-az5': 1, 'r5ad.16xlarge_use1-az6': 10, 'r5ad.24xlarge_use1-az2': 25, 'r5ad.24xlarge_use1-az4': 1, 'r5ad.24xlarge_use1-az6': 10, 'r5ad.2xlarge_use1-az1': 1, 'r5ad.2xlarge_use1-az2': 1, 'r5ad.4xlarge_use1-az1': 1, 'r5ad.4xlarge_use1-az2': 10, 'r5ad.4xlarge_use1-az4': 5, 'r5ad.4xlarge_use1-az5': 1, 'r5ad.8xlarge_use1-az2': 5, 'r5ad.8xlarge_use1-az4': 20, 'r5ad.8xlarge_use1-az5': 1, 'r5ad.8xlarge_use1-az6': 10, 'r5ad.large_use1-az1': 1, 'r5ad.large_use1-az2': 30, 'r5ad.large_use1-az4': 10, 'r5ad.large_use1-az5': 5, 'r5ad.large_use1-az6': 10, 'r5ad.xlarge_use1-az1': 1, 'r5ad.xlarge_use1-az2': 10, 'r5ad.xlarge_use1-az5': 1, 'r5ad.xlarge_use1-az6': 5, 'r5b.12xlarge_use1-az1': 5, 'r5b.12xlarge_use1-az4': 5, 'r5b.12xlarge_use1-az6': 1, 'r5b.16xlarge_use1-az1': 5, 'r5b.16xlarge_use1-az2': 5, 'r5b.16xlarge_use1-az4': 5, 'r5b.16xlarge_use1-az6': 5, 'r5b.24xlarge_use1-az1': 1, 'r5b.24xlarge_use1-az4': 5, 'r5b.24xlarge_use1-az6': 1, 'r5b.2xlarge_use1-az6': 1, 'r5b.4xlarge_use1-az1': 5, 'r5b.8xlarge_use1-az1': 5, 'r5b.8xlarge_use1-az2': 1, 'r5b.large_use1-az1': 1, 'r5b.large_use1-az2': 5, 'r5b.large_use1-az4': 10, 'r5b.large_use1-az6': 5, 'r5b.xlarge_use1-az1': 1, 'r5b.xlarge_use1-az2': 1, 'r5b.xlarge_use1-az4': 5, 'r5b.xlarge_use1-az6': 1, 'r5d.12xlarge_use1-az1': 1, 'r5d.12xlarge_use1-az2': 5, 'r5d.12xlarge_use1-az4': 10, 'r5d.12xlarge_use1-az6': 1, 'r5d.16xlarge_use1-az1': 5, 'r5d.16xlarge_use1-az2': 50, 'r5d.16xlarge_use1-az4': 50, 'r5d.16xlarge_use1-az5': 10, 'r5d.16xlarge_use1-az6': 50, 'r5d.24xlarge_use1-az1': 1, 'r5d.24xlarge_use1-az2': 1, 'r5d.24xlarge_use1-az4': 10, 'r5d.24xlarge_use1-az5': 1, 'r5d.24xlarge_use1-az6': 10, 'r5d.2xlarge_use1-az1': 5, 'r5d.2xlarge_use1-az2': 15, 'r5d.2xlarge_use1-az5': 1, 'r5d.2xlarge_use1-az6': 15, 'r5d.4xlarge_use1-az1': 5, 'r5d.4xlarge_use1-az2': 20, 'r5d.4xlarge_use1-az4': 45, 'r5d.4xlarge_use1-az5': 5, 'r5d.4xlarge_use1-az6': 25, 'r5d.8xlarge_use1-az1': 5, 'r5d.8xlarge_use1-az2': 15, 'r5d.8xlarge_use1-az4': 15, 'r5d.8xlarge_use1-az5': 5, 'r5d.8xlarge_use1-az6': 50, 'r5d.large_use1-az1': 10, 'r5d.large_use1-az2': 50, 'r5d.large_use1-az4': 50, 'r5d.large_use1-az5': 5, 'r5d.large_use1-az6': 50, 'r5d.xlarge_use1-az1': 1, 'r5d.xlarge_use1-az2': 15, 'r5d.xlarge_use1-az4': 15, 'r5d.xlarge_use1-az5': 1, 'r5dn.12xlarge_use1-az1': 1, 'r5dn.12xlarge_use1-az2': 1, 'r5dn.12xlarge_use1-az4': 1, 'r5dn.12xlarge_use1-az5': 1, 'r5dn.12xlarge_use1-az6': 1, 'r5dn.16xlarge_use1-az1': 5, 'r5dn.16xlarge_use1-az2': 5, 'r5dn.16xlarge_use1-az4': 15, 'r5dn.16xlarge_use1-az5': 10, 'r5dn.16xlarge_use1-az6': 30, 'r5dn.24xlarge_use1-az2': 5, 'r5dn.24xlarge_use1-az4': 10, 'r5dn.24xlarge_use1-az5': 1, 'r5dn.24xlarge_use1-az6': 25, 'r5dn.2xlarge_use1-az2': 45, 'r5dn.2xlarge_use1-az4': 30, 'r5dn.2xlarge_use1-az5': 50, 'r5dn.2xlarge_use1-az6': 5, 'r5dn.4xlarge_use1-az1': 5, 'r5dn.4xlarge_use1-az2': 25, 'r5dn.4xlarge_use1-az4': 45, 'r5dn.4xlarge_use1-az5': 5, 'r5dn.4xlarge_use1-az6': 20, 'r5dn.8xlarge_use1-az1': 1, 'r5dn.8xlarge_use1-az2': 5, 'r5dn.8xlarge_use1-az4': 5, 'r5dn.8xlarge_use1-az5': 5, 'r5dn.8xlarge_use1-az6': 50, 'r5dn.large_use1-az1': 50, 'r5dn.large_use1-az2': 50, 'r5dn.large_use1-az4': 50, 'r5dn.large_use1-az5': 50, 'r5dn.large_use1-az6': 50, 'r5dn.xlarge_use1-az4': 15, 'r5dn.xlarge_use1-az5': 15, 'r5dn.xlarge_use1-az6': 15, 'r5n.12xlarge_use1-az2': 1, 'r5n.12xlarge_use1-az4': 1, 'r5n.12xlarge_use1-az6': 1, 'r5n.16xlarge_use1-az1': 1, 'r5n.16xlarge_use1-az2': 10, 'r5n.16xlarge_use1-az4': 35, 'r5n.16xlarge_use1-az5': 1, 'r5n.16xlarge_use1-az6': 20, 'r5n.2xlarge_use1-az1': 5, 'r5n.2xlarge_use1-az2': 5, 'r5n.2xlarge_use1-az4': 15, 'r5n.2xlarge_use1-az5': 1, 'r5n.2xlarge_use1-az6': 1, 'r5n.4xlarge_use1-az1': 5, 'r5n.4xlarge_use1-az2': 25, 'r5n.4xlarge_use1-az4': 15, 'r5n.4xlarge_use1-az5': 5, 'r5n.4xlarge_use1-az6': 35, 'r5n.8xlarge_use1-az1': 10, 'r5n.8xlarge_use1-az2': 20, 'r5n.8xlarge_use1-az4': 35, 'r5n.8xlarge_use1-az6': 15, 'r5n.large_use1-az1': 20, 'r5n.large_use1-az2': 50, 'r5n.large_use1-az4': 50, 'r5n.large_use1-az5': 10, 'r5n.large_use1-az6': 30, 'r5n.xlarge_use1-az1': 1, 'r5n.xlarge_use1-az2': 10, 'r5n.xlarge_use1-az4': 15, 'r5n.xlarge_use1-az5': 1, 'r5n.xlarge_use1-az6': 20, 'r6a.12xlarge_use1-az1': 1, 'r6a.12xlarge_use1-az2': 10, 'r6a.12xlarge_use1-az4': 5, 'r6a.12xlarge_use1-az6': 10, 'r6a.16xlarge_use1-az1': 5, 'r6a.16xlarge_use1-az2': 15, 'r6a.16xlarge_use1-az4': 30, 'r6a.16xlarge_use1-az5': 15, 'r6a.16xlarge_use1-az6': 40, 'r6a.24xlarge_use1-az2': 5, 'r6a.24xlarge_use1-az4': 1, 'r6a.24xlarge_use1-az5': 1, 'r6a.24xlarge_use1-az6': 5, 'r6a.2xlarge_use1-az1': 50, 'r6a.2xlarge_use1-az2': 50, 'r6a.2xlarge_use1-az4': 40, 'r6a.2xlarge_use1-az5': 1, 'r6a.2xlarge_use1-az6': 50, 'r6a.32xlarge_use1-az2': 5, 'r6a.32xlarge_use1-az4': 5, 'r6a.32xlarge_use1-az5': 5, 'r6a.32xlarge_use1-az6': 5, 'r6a.48xlarge_use1-az2': 5, 'r6a.48xlarge_use1-az4': 5, 'r6a.48xlarge_use1-az5': 5, 'r6a.48xlarge_use1-az6': 1, 'r6a.4xlarge_use1-az1': 50, 'r6a.4xlarge_use1-az2': 50, 'r6a.4xlarge_use1-az4': 50, 'r6a.4xlarge_use1-az5': 40, 'r6a.4xlarge_use1-az6': 50, 'r6a.8xlarge_use1-az1': 20, 'r6a.8xlarge_use1-az2': 50, 'r6a.8xlarge_use1-az4': 50, 'r6a.8xlarge_use1-az5': 50, 'r6a.8xlarge_use1-az6': 50, 'r6a.large_use1-az1': 50, 'r6a.large_use1-az2': 50, 'r6a.large_use1-az4': 50, 'r6a.large_use1-az5': 50, 'r6a.large_use1-az6': 50, 'r6a.xlarge_use1-az1': 50, 'r6a.xlarge_use1-az2': 50, 'r6a.xlarge_use1-az4': 50, 'r6a.xlarge_use1-az5': 50, 'r6a.xlarge_use1-az6': 50, 'r6g.12xlarge_use1-az2': 50, 'r6g.12xlarge_use1-az4': 45, 'r6g.12xlarge_use1-az5': 10, 'r6g.12xlarge_use1-az6': 50, 'r6g.16xlarge_use1-az1': 1, 'r6g.16xlarge_use1-az2': 50, 'r6g.16xlarge_use1-az4': 50, 'r6g.16xlarge_use1-az5': 50, 'r6g.16xlarge_use1-az6': 50, 'r6g.2xlarge_use1-az1': 1, 'r6g.2xlarge_use1-az2': 25, 'r6g.2xlarge_use1-az4': 40, 'r6g.2xlarge_use1-az5': 10, 'r6g.2xlarge_use1-az6': 50, 'r6g.4xlarge_use1-az1': 10, 'r6g.4xlarge_use1-az2': 50, 'r6g.4xlarge_use1-az4': 50, 'r6g.4xlarge_use1-az5': 50, 'r6g.4xlarge_use1-az6': 50, 'r6g.8xlarge_use1-az1': 1, 'r6g.8xlarge_use1-az2': 10, 'r6g.8xlarge_use1-az4': 50, 'r6g.8xlarge_use1-az5': 50, 'r6g.8xlarge_use1-az6': 50, 'r6g.large_use1-az1': 10, 'r6g.large_use1-az2': 40, 'r6g.large_use1-az4': 50, 'r6g.large_use1-az5': 5, 'r6g.large_use1-az6': 50, 'r6g.medium_use1-az1': 1, 'r6g.medium_use1-az2': 10, 'r6g.medium_use1-az4': 15, 'r6g.medium_use1-az5': 15, 'r6g.medium_use1-az6': 35, 'r6g.xlarge_use1-az1': 1, 'r6g.xlarge_use1-az2': 50, 'r6g.xlarge_use1-az4': 50, 'r6g.xlarge_use1-az5': 50, 'r6g.xlarge_use1-az6': 50, 'r6gd.12xlarge_use1-az1': 1, 'r6gd.12xlarge_use1-az2': 5, 'r6gd.12xlarge_use1-az4': 10, 'r6gd.12xlarge_use1-az5': 1, 'r6gd.12xlarge_use1-az6': 10, 'r6gd.16xlarge_use1-az1': 5, 'r6gd.16xlarge_use1-az2': 5, 'r6gd.16xlarge_use1-az4': 50, 'r6gd.16xlarge_use1-az5': 1, 'r6gd.16xlarge_use1-az6': 45, 'r6gd.2xlarge_use1-az1': 1, 'r6gd.2xlarge_use1-az2': 20, 'r6gd.2xlarge_use1-az4': 30, 'r6gd.2xlarge_use1-az5': 1, 'r6gd.2xlarge_use1-az6': 1, 'r6gd.4xlarge_use1-az1': 5, 'r6gd.4xlarge_use1-az2': 20, 'r6gd.4xlarge_use1-az4': 50, 'r6gd.4xlarge_use1-az5': 1, 'r6gd.4xlarge_use1-az6': 25, 'r6gd.8xlarge_use1-az1': 1, 'r6gd.8xlarge_use1-az2': 10, 'r6gd.8xlarge_use1-az4': 20, 'r6gd.8xlarge_use1-az5': 1, 'r6gd.8xlarge_use1-az6': 30, 'r6gd.large_use1-az1': 50, 'r6gd.large_use1-az2': 50, 'r6gd.large_use1-az4': 50, 'r6gd.large_use1-az5': 50, 'r6gd.large_use1-az6': 50, 'r6gd.medium_use1-az1': 5, 'r6gd.medium_use1-az2': 1, 'r6gd.medium_use1-az4': 5, 'r6gd.medium_use1-az5': 5, 'r6gd.medium_use1-az6': 1, 'r6gd.xlarge_use1-az1': 1, 'r6gd.xlarge_use1-az2': 1, 'r6gd.xlarge_use1-az4': 5, 'r6gd.xlarge_use1-az6': 10, 'r6i.12xlarge_use1-az1': 5, 'r6i.12xlarge_use1-az2': 5, 'r6i.12xlarge_use1-az4': 5, 'r6i.12xlarge_use1-az5': 1, 'r6i.12xlarge_use1-az6': 10, 'r6i.16xlarge_use1-az1': 1, 'r6i.16xlarge_use1-az2': 1, 'r6i.16xlarge_use1-az4': 10, 'r6i.16xlarge_use1-az5': 10, 'r6i.16xlarge_use1-az6': 1, 'r6i.24xlarge_use1-az4': 10, 'r6i.24xlarge_use1-az5': 1, 'r6i.24xlarge_use1-az6': 5, 'r6i.2xlarge_use1-az1': 15, 'r6i.2xlarge_use1-az2': 35, 'r6i.2xlarge_use1-az4': 50, 'r6i.2xlarge_use1-az5': 5, 'r6i.2xlarge_use1-az6': 50, 'r6i.32xlarge_use1-az4': 1, 'r6i.32xlarge_use1-az5': 1, 'r6i.32xlarge_use1-az6': 1, 'r6i.4xlarge_use1-az1': 30, 'r6i.4xlarge_use1-az2': 20, 'r6i.4xlarge_use1-az4': 20, 'r6i.4xlarge_use1-az5': 10, 'r6i.4xlarge_use1-az6': 40, 'r6i.8xlarge_use1-az1': 5, 'r6i.8xlarge_use1-az2': 10, 'r6i.8xlarge_use1-az4': 10, 'r6i.8xlarge_use1-az5': 5, 'r6i.8xlarge_use1-az6': 10, 'r6i.large_use1-az1': 20, 'r6i.large_use1-az2': 50, 'r6i.large_use1-az4': 50, 'r6i.large_use1-az5': 20, 'r6i.large_use1-az6': 50, 'r6i.xlarge_use1-az1': 15, 'r6i.xlarge_use1-az2': 45, 'r6i.xlarge_use1-az4': 50, 'r6i.xlarge_use1-az5': 10, 'r6i.xlarge_use1-az6': 50, 'r6id.12xlarge_use1-az1': 1, 'r6id.12xlarge_use1-az2': 5, 'r6id.12xlarge_use1-az4': 1, 'r6id.12xlarge_use1-az6': 5, 'r6id.16xlarge_use1-az1': 5, 'r6id.16xlarge_use1-az2': 5, 'r6id.16xlarge_use1-az4': 15, 'r6id.16xlarge_use1-az5': 1, 'r6id.16xlarge_use1-az6': 20, 'r6id.24xlarge_use1-az1': 10, 'r6id.24xlarge_use1-az2': 10, 'r6id.24xlarge_use1-az4': 5, 'r6id.24xlarge_use1-az5': 15, 'r6id.24xlarge_use1-az6': 25, 'r6id.2xlarge_use1-az1': 5, 'r6id.2xlarge_use1-az2': 1, 'r6id.2xlarge_use1-az4': 10, 'r6id.2xlarge_use1-az5': 1, 'r6id.2xlarge_use1-az6': 10, 'r6id.32xlarge_use1-az1': 1, 'r6id.32xlarge_use1-az2': 5, 'r6id.32xlarge_use1-az4': 1, 'r6id.32xlarge_use1-az5': 1, 'r6id.32xlarge_use1-az6': 10, 'r6id.4xlarge_use1-az1': 40, 'r6id.4xlarge_use1-az2': 50, 'r6id.4xlarge_use1-az4': 10, 'r6id.4xlarge_use1-az5': 20, 'r6id.4xlarge_use1-az6': 35, 'r6id.8xlarge_use1-az1': 1, 'r6id.8xlarge_use1-az2': 1, 'r6id.8xlarge_use1-az4': 5, 'r6id.8xlarge_use1-az5': 1, 'r6id.8xlarge_use1-az6': 5, 'r6id.large_use1-az1': 15, 'r6id.large_use1-az2': 10, 'r6id.large_use1-az4': 5, 'r6id.large_use1-az5': 15, 'r6id.large_use1-az6': 30, 'r6id.xlarge_use1-az1': 5, 'r6id.xlarge_use1-az2': 15, 'r6id.xlarge_use1-az4': 10, 'r6id.xlarge_use1-az5': 15, 'r6id.xlarge_use1-az6': 15, 'r6idn.16xlarge_use1-az4': 1, 'r6idn.16xlarge_use1-az5': 1, 'r6idn.16xlarge_use1-az6': 1, 'r6idn.24xlarge_use1-az6': 1, 'r6idn.2xlarge_use1-az1': 1, 'r6idn.2xlarge_use1-az2': 1, 'r6idn.2xlarge_use1-az4': 5, 'r6idn.2xlarge_use1-az5': 1, 'r6idn.2xlarge_use1-az6': 5, 'r6idn.32xlarge_use1-az6': 1, 'r6idn.4xlarge_use1-az1': 15, 'r6idn.4xlarge_use1-az2': 15, 'r6idn.4xlarge_use1-az4': 15, 'r6idn.4xlarge_use1-az5': 5, 'r6idn.4xlarge_use1-az6': 10, 'r6idn.8xlarge_use1-az2': 1, 'r6idn.8xlarge_use1-az4': 1, 'r6idn.8xlarge_use1-az6': 5, 'r6idn.large_use1-az1': 1, 'r6idn.large_use1-az2': 1, 'r6idn.large_use1-az4': 5, 'r6idn.large_use1-az5': 5, 'r6idn.large_use1-az6': 5, 'r6idn.xlarge_use1-az1': 5, 'r6idn.xlarge_use1-az2': 1, 'r6idn.xlarge_use1-az4': 5, 'r6idn.xlarge_use1-az5': 1, 'r6idn.xlarge_use1-az6': 5, 'r6in.12xlarge_use1-az1': 1, 'r6in.12xlarge_use1-az6': 5, 'r6in.16xlarge_use1-az4': 1, 'r6in.16xlarge_use1-az5': 1, 'r6in.16xlarge_use1-az6': 5, 'r6in.24xlarge_use1-az6': 1, 'r6in.2xlarge_use1-az1': 1, 'r6in.2xlarge_use1-az2': 1, 'r6in.2xlarge_use1-az4': 1, 'r6in.2xlarge_use1-az5': 1, 'r6in.2xlarge_use1-az6': 1, 'r6in.4xlarge_use1-az1': 5, 'r6in.4xlarge_use1-az2': 20, 'r6in.4xlarge_use1-az4': 15, 'r6in.4xlarge_use1-az5': 20, 'r6in.4xlarge_use1-az6': 20, 'r6in.8xlarge_use1-az1': 5, 'r6in.8xlarge_use1-az4': 1, 'r6in.8xlarge_use1-az6': 5, 'r6in.large_use1-az1': 45, 'r6in.large_use1-az2': 50, 'r6in.large_use1-az4': 50, 'r6in.large_use1-az5': 40, 'r6in.large_use1-az6': 50, 'r6in.xlarge_use1-az1': 1, 'r6in.xlarge_use1-az2': 1, 'r6in.xlarge_use1-az4': 1, 'r6in.xlarge_use1-az5': 1, 'r6in.xlarge_use1-az6': 1, 'r7a.12xlarge_use1-az1': 1, 'r7a.12xlarge_use1-az2': 1, 'r7a.12xlarge_use1-az4': 5, 'r7a.12xlarge_use1-az6': 20, 'r7a.16xlarge_use1-az1': 1, 'r7a.16xlarge_use1-az2': 15, 'r7a.16xlarge_use1-az4': 30, 'r7a.16xlarge_use1-az6': 50, 'r7a.24xlarge_use1-az2': 10, 'r7a.24xlarge_use1-az4': 10, 'r7a.24xlarge_use1-az6': 35, 'r7a.2xlarge_use1-az1': 1, 'r7a.2xlarge_use1-az2': 5, 'r7a.2xlarge_use1-az4': 25, 'r7a.2xlarge_use1-az6': 1, 'r7a.32xlarge_use1-az2': 1, 'r7a.32xlarge_use1-az4': 1, 'r7a.32xlarge_use1-az6': 50, 'r7a.48xlarge_use1-az2': 5, 'r7a.48xlarge_use1-az4': 5, 'r7a.48xlarge_use1-az6': 50, 'r7a.4xlarge_use1-az1': 5, 'r7a.4xlarge_use1-az2': 25, 'r7a.4xlarge_use1-az4': 50, 'r7a.4xlarge_use1-az6': 50, 'r7a.8xlarge_use1-az1': 5, 'r7a.8xlarge_use1-az2': 20, 'r7a.8xlarge_use1-az4': 50, 'r7a.8xlarge_use1-az6': 50, 'r7a.large_use1-az1': 50, 'r7a.large_use1-az2': 50, 'r7a.large_use1-az4': 50, 'r7a.large_use1-az6': 50, 'r7a.medium_use1-az1': 10, 'r7a.medium_use1-az2': 25, 'r7a.medium_use1-az4': 50, 'r7a.medium_use1-az6': 50, 'r7a.xlarge_use1-az1': 20, 'r7a.xlarge_use1-az2': 50, 'r7a.xlarge_use1-az4': 50, 'r7a.xlarge_use1-az6': 25, 'r7g.12xlarge_use1-az1': 1, 'r7g.12xlarge_use1-az2': 5, 'r7g.12xlarge_use1-az4': 50, 'r7g.12xlarge_use1-az5': 1, 'r7g.12xlarge_use1-az6': 5, 'r7g.16xlarge_use1-az1': 5, 'r7g.16xlarge_use1-az2': 30, 'r7g.16xlarge_use1-az4': 50, 'r7g.16xlarge_use1-az5': 5, 'r7g.16xlarge_use1-az6': 50, 'r7g.2xlarge_use1-az1': 5, 'r7g.2xlarge_use1-az2': 10, 'r7g.2xlarge_use1-az4': 50, 'r7g.2xlarge_use1-az5': 5, 'r7g.2xlarge_use1-az6': 15, 'r7g.4xlarge_use1-az1': 5, 'r7g.4xlarge_use1-az2': 5, 'r7g.4xlarge_use1-az4': 50, 'r7g.4xlarge_use1-az5': 5, 'r7g.4xlarge_use1-az6': 15, 'r7g.8xlarge_use1-az1': 1, 'r7g.8xlarge_use1-az2': 50, 'r7g.8xlarge_use1-az4': 50, 'r7g.8xlarge_use1-az5': 50, 'r7g.8xlarge_use1-az6': 50, 'r7g.large_use1-az1': 20, 'r7g.large_use1-az2': 50, 'r7g.large_use1-az4': 50, 'r7g.large_use1-az5': 40, 'r7g.large_use1-az6': 40, 'r7g.medium_use1-az1': 50, 'r7g.medium_use1-az2': 50, 'r7g.medium_use1-az4': 50, 'r7g.medium_use1-az5': 25, 'r7g.medium_use1-az6': 50, 'r7g.xlarge_use1-az1': 50, 'r7g.xlarge_use1-az2': 50, 'r7g.xlarge_use1-az4': 50, 'r7g.xlarge_use1-az5': 10, 'r7g.xlarge_use1-az6': 50, 'r7gd.12xlarge_use1-az1': 1, 'r7gd.12xlarge_use1-az2': 10, 'r7gd.12xlarge_use1-az4': 35, 'r7gd.12xlarge_use1-az5': 10, 'r7gd.12xlarge_use1-az6': 50, 'r7gd.16xlarge_use1-az1': 5, 'r7gd.16xlarge_use1-az2': 50, 'r7gd.16xlarge_use1-az4': 50, 'r7gd.16xlarge_use1-az5': 50, 'r7gd.16xlarge_use1-az6': 50, 'r7gd.2xlarge_use1-az1': 5, 'r7gd.2xlarge_use1-az2': 25, 'r7gd.2xlarge_use1-az4': 25, 'r7gd.2xlarge_use1-az5': 40, 'r7gd.2xlarge_use1-az6': 50, 'r7gd.4xlarge_use1-az1': 1, 'r7gd.4xlarge_use1-az2': 20, 'r7gd.4xlarge_use1-az4': 25, 'r7gd.4xlarge_use1-az5': 30, 'r7gd.4xlarge_use1-az6': 50, 'r7gd.8xlarge_use1-az1': 1, 'r7gd.8xlarge_use1-az2': 10, 'r7gd.8xlarge_use1-az4': 30, 'r7gd.8xlarge_use1-az5': 20, 'r7gd.8xlarge_use1-az6': 50, 'r7gd.large_use1-az1': 15, 'r7gd.large_use1-az2': 10, 'r7gd.large_use1-az4': 50, 'r7gd.large_use1-az5': 15, 'r7gd.large_use1-az6': 35, 'r7gd.medium_use1-az1': 35, 'r7gd.medium_use1-az2': 15, 'r7gd.medium_use1-az4': 25, 'r7gd.medium_use1-az5': 15, 'r7gd.medium_use1-az6': 20, 'r7gd.xlarge_use1-az1': 1, 'r7gd.xlarge_use1-az2': 10, 'r7gd.xlarge_use1-az4': 25, 'r7gd.xlarge_use1-az5': 10, 'r7gd.xlarge_use1-az6': 50, 'r7i.12xlarge_use1-az4': 1, 'r7i.12xlarge_use1-az6': 10, 'r7i.16xlarge_use1-az1': 5, 'r7i.16xlarge_use1-az2': 15, 'r7i.16xlarge_use1-az4': 45, 'r7i.16xlarge_use1-az5': 5, 'r7i.16xlarge_use1-az6': 50, 'r7i.24xlarge_use1-az1': 1, 'r7i.24xlarge_use1-az2': 1, 'r7i.24xlarge_use1-az4': 5, 'r7i.24xlarge_use1-az5': 5, 'r7i.24xlarge_use1-az6': 5, 'r7i.2xlarge_use1-az1': 5, 'r7i.2xlarge_use1-az2': 5, 'r7i.2xlarge_use1-az4': 10, 'r7i.2xlarge_use1-az5': 5, 'r7i.2xlarge_use1-az6': 50, 'r7i.48xlarge_use1-az2': 1, 'r7i.48xlarge_use1-az4': 5, 'r7i.48xlarge_use1-az5': 1, 'r7i.48xlarge_use1-az6': 5, 'r7i.4xlarge_use1-az1': 5, 'r7i.4xlarge_use1-az2': 20, 'r7i.4xlarge_use1-az4': 10, 'r7i.4xlarge_use1-az5': 1, 'r7i.4xlarge_use1-az6': 50, 'r7i.8xlarge_use1-az1': 5, 'r7i.8xlarge_use1-az2': 25, 'r7i.8xlarge_use1-az4': 25, 'r7i.8xlarge_use1-az5': 5, 'r7i.8xlarge_use1-az6': 50, 'r7i.large_use1-az1': 15, 'r7i.large_use1-az2': 50, 'r7i.large_use1-az4': 50, 'r7i.large_use1-az5': 15, 'r7i.large_use1-az6': 50, 'r7i.xlarge_use1-az1': 5, 'r7i.xlarge_use1-az2': 15, 'r7i.xlarge_use1-az4': 10, 'r7i.xlarge_use1-az5': 15, 'r7i.xlarge_use1-az6': 50, 'r8g.12xlarge_use1-az2': 5, 'r8g.12xlarge_use1-az4': 5, 'r8g.12xlarge_use1-az6': 15, 'r8g.16xlarge_use1-az1': 1, 'r8g.16xlarge_use1-az2': 50, 'r8g.16xlarge_use1-az4': 50, 'r8g.16xlarge_use1-az5': 5, 'r8g.16xlarge_use1-az6': 50, 'r8g.24xlarge_use1-az2': 10, 'r8g.24xlarge_use1-az4': 5, 'r8g.24xlarge_use1-az5': 5, 'r8g.24xlarge_use1-az6': 35, 'r8g.2xlarge_use1-az2': 5, 'r8g.2xlarge_use1-az4': 5, 'r8g.2xlarge_use1-az5': 1, 'r8g.2xlarge_use1-az6': 5, 'r8g.48xlarge_use1-az2': 1, 'r8g.48xlarge_use1-az4': 5, 'r8g.48xlarge_use1-az6': 5, 'r8g.4xlarge_use1-az2': 10, 'r8g.4xlarge_use1-az4': 35, 'r8g.4xlarge_use1-az5': 5, 'r8g.4xlarge_use1-az6': 50, 'r8g.8xlarge_use1-az2': 40, 'r8g.8xlarge_use1-az4': 15, 'r8g.8xlarge_use1-az5': 1, 'r8g.8xlarge_use1-az6': 50, 'r8g.large_use1-az1': 5, 'r8g.large_use1-az2': 30, 'r8g.large_use1-az4': 15, 'r8g.large_use1-az5': 10, 'r8g.large_use1-az6': 20, 'r8g.medium_use1-az1': 15, 'r8g.medium_use1-az2': 30, 'r8g.medium_use1-az4': 20, 'r8g.medium_use1-az5': 5, 'r8g.medium_use1-az6': 15, 'r8g.xlarge_use1-az1': 1, 'r8g.xlarge_use1-az2': 10, 'r8g.xlarge_use1-az4': 5, 'r8g.xlarge_use1-az5': 5, 'r8g.xlarge_use1-az6': 10, 'r8gb.24xlarge_use1-az6': 1, 'r8gb.2xlarge_use1-az2': 1, 'r8gb.2xlarge_use1-az4': 1, 'r8gb.2xlarge_use1-az6': 1, 'r8gb.large_use1-az2': 20, 'r8gb.large_use1-az4': 15, 'r8gb.large_use1-az6': 25, 'r8gb.medium_use1-az2': 50, 'r8gb.metal-24xl_use1-az6': 1, 'r8gb.xlarge_use1-az2': 5, 'r8gb.xlarge_use1-az4': 5, 'r8gb.xlarge_use1-az6': 5, 'r8gd.12xlarge_use1-az5': 1, 'r8gd.12xlarge_use1-az6': 1, 'r8gd.16xlarge_use1-az2': 1, 'r8gd.16xlarge_use1-az4': 1, 'r8gd.16xlarge_use1-az5': 1, 'r8gd.16xlarge_use1-az6': 15, 'r8gd.24xlarge_use1-az2': 1, 'r8gd.24xlarge_use1-az5': 1, 'r8gd.24xlarge_use1-az6': 25, 'r8gd.2xlarge_use1-az2': 25, 'r8gd.2xlarge_use1-az4': 30, 'r8gd.2xlarge_use1-az6': 50, 'r8gd.48xlarge_use1-az6': 50, 'r8gd.4xlarge_use1-az1': 1, 'r8gd.4xlarge_use1-az2': 20, 'r8gd.4xlarge_use1-az5': 1, 'r8gd.4xlarge_use1-az6': 15, 'r8gd.8xlarge_use1-az2': 5, 'r8gd.8xlarge_use1-az4': 1, 'r8gd.8xlarge_use1-az5': 1, 'r8gd.8xlarge_use1-az6': 1, 'r8gd.large_use1-az2': 50, 'r8gd.large_use1-az5': 1, 'r8gd.large_use1-az6': 50, 'r8gd.medium_use1-az1': 5, 'r8gd.medium_use1-az2': 5, 'r8gd.medium_use1-az4': 5, 'r8gd.medium_use1-az5': 10, 'r8gd.metal-24xl_use1-az6': 1, 'r8gd.metal-48xl_use1-az6': 1, 'r8gd.xlarge_use1-az2': 25, 'r8gd.xlarge_use1-az4': 1, 'r8gd.xlarge_use1-az5': 50, 'r8gd.xlarge_use1-az6': 40, 'r8gn.16xlarge_use1-az6': 1, 'r8gn.24xlarge_use1-az2': 1, 'r8gn.2xlarge_use1-az2': 1, 'r8gn.2xlarge_use1-az4': 1, 'r8gn.2xlarge_use1-az6': 1, 'r8gn.48xlarge_use1-az6': 1, 'r8gn.4xlarge_use1-az6': 5, 'r8gn.8xlarge_use1-az2': 1, 'r8gn.8xlarge_use1-az6': 5, 'r8gn.large_use1-az2': 20, 'r8gn.large_use1-az4': 15, 'r8gn.large_use1-az6': 20, 'r8gn.medium_use1-az2': 35, 'r8gn.medium_use1-az4': 40, 'r8gn.metal-24xl_use1-az2': 1, 'r8gn.metal-24xl_use1-az6': 1, 'r8gn.xlarge_use1-az2': 1, 'r8gn.xlarge_use1-az4': 5, 'r8gn.xlarge_use1-az6': 10, 'r8i-flex.2xlarge_use1-az2': 1, 'r8i-flex.2xlarge_use1-az6': 5, 'r8i-flex.4xlarge_use1-az2': 1, 'r8i-flex.4xlarge_use1-az6': 1, 'r8i-flex.large_use1-az2': 1, 'r8i-flex.large_use1-az6': 5, 'r8i-flex.xlarge_use1-az2': 5, 'r8i-flex.xlarge_use1-az6': 1, 'r8i.12xlarge_use1-az2': 1, 'r8i.12xlarge_use1-az6': 1, 'r8i.16xlarge_use1-az2': 1, 'r8i.16xlarge_use1-az6': 1, 'r8i.24xlarge_use1-az6': 1, 'r8i.2xlarge_use1-az2': 5, 'r8i.2xlarge_use1-az6': 5, 'r8i.32xlarge_use1-az2': 1, 'r8i.32xlarge_use1-az6': 1, 'r8i.48xlarge_use1-az2': 1, 'r8i.48xlarge_use1-az6': 1, 'r8i.4xlarge_use1-az2': 1, 'r8i.4xlarge_use1-az6': 5, 'r8i.8xlarge_use1-az2': 1, 'r8i.8xlarge_use1-az6': 5, 'r8i.96xlarge_use1-az2': 1, 'r8i.96xlarge_use1-az6': 1, 'r8i.large_use1-az2': 20, 'r8i.large_use1-az6': 20, 'r8i.xlarge_use1-az2': 5, 'r8i.xlarge_use1-az6': 5, 't2.2xlarge_use1-az1': 50, 't2.2xlarge_use1-az2': 50, 't2.2xlarge_use1-az3': 15, 't2.2xlarge_use1-az4': 50, 't2.2xlarge_use1-az5': 50, 't2.2xlarge_use1-az6': 50, 't2.large_use1-az1': 20, 't2.large_use1-az2': 50, 't2.large_use1-az3': 50, 't2.large_use1-az4': 50, 't2.large_use1-az5': 25, 't2.large_use1-az6': 50, 't2.medium_use1-az1': 50, 't2.medium_use1-az2': 50, 't2.medium_use1-az3': 50, 't2.medium_use1-az4': 50, 't2.medium_use1-az5': 50, 't2.medium_use1-az6': 50, 't2.xlarge_use1-az1': 35, 't2.xlarge_use1-az2': 50, 't2.xlarge_use1-az3': 20, 't2.xlarge_use1-az4': 50, 't2.xlarge_use1-az5': 5, 't2.xlarge_use1-az6': 50, 't3.2xlarge_use1-az1': 50, 't3.2xlarge_use1-az2': 50, 't3.2xlarge_use1-az4': 50, 't3.2xlarge_use1-az5': 50, 't3.2xlarge_use1-az6': 50, 't3.large_use1-az1': 50, 't3.large_use1-az2': 50, 't3.large_use1-az4': 50, 't3.large_use1-az5': 50, 't3.large_use1-az6': 50, 't3.medium_use1-az1': 50, 't3.medium_use1-az2': 50, 't3.medium_use1-az4': 50, 't3.medium_use1-az5': 50, 't3.medium_use1-az6': 50, 't3.xlarge_use1-az1': 50, 't3.xlarge_use1-az2': 50, 't3.xlarge_use1-az4': 50, 't3.xlarge_use1-az5': 50, 't3.xlarge_use1-az6': 50, 't3a.2xlarge_use1-az1': 50, 't3a.2xlarge_use1-az2': 50, 't3a.2xlarge_use1-az4': 50, 't3a.2xlarge_use1-az5': 50, 't3a.2xlarge_use1-az6': 50, 't3a.large_use1-az1': 50, 't3a.large_use1-az2': 50, 't3a.large_use1-az4': 50, 't3a.large_use1-az5': 5, 't3a.large_use1-az6': 50, 't3a.medium_use1-az1': 50, 't3a.medium_use1-az2': 50, 't3a.medium_use1-az4': 50, 't3a.medium_use1-az5': 5, 't3a.medium_use1-az6': 50, 't3a.xlarge_use1-az1': 25, 't3a.xlarge_use1-az2': 50, 't3a.xlarge_use1-az4': 50, 't3a.xlarge_use1-az5': 15, 't3a.xlarge_use1-az6': 50, 't4g.2xlarge_use1-az1': 5, 't4g.2xlarge_use1-az2': 15, 't4g.2xlarge_use1-az4': 5, 't4g.2xlarge_use1-az5': 10, 't4g.2xlarge_use1-az6': 10, 't4g.large_use1-az1': 1, 't4g.large_use1-az2': 15, 't4g.large_use1-az4': 50, 't4g.large_use1-az5': 25, 't4g.large_use1-az6': 35, 't4g.medium_use1-az1': 1, 't4g.medium_use1-az2': 50, 't4g.medium_use1-az4': 50, 't4g.medium_use1-az5': 35, 't4g.medium_use1-az6': 50, 't4g.xlarge_use1-az1': 30, 't4g.xlarge_use1-az2': 15, 't4g.xlarge_use1-az4': 50, 't4g.xlarge_use1-az5': 5, 't4g.xlarge_use1-az6': 10, 'trn1.2xlarge_use1-az5': 5, 'trn1.2xlarge_use1-az6': 20, 'trn1.32xlarge_use1-az6': 50, 'trn1n.32xlarge_use1-az6': 50, 'vt1.3xlarge_use1-az2': 1, 'vt1.6xlarge_use1-az2': 1, 'x1.16xlarge_use1-az2': 1, 'x1.16xlarge_use1-az4': 1, 'x1.16xlarge_use1-az6': 1, 'x1.32xlarge_use1-az2': 1, 'x1.32xlarge_use1-az3': 5, 'x1.32xlarge_use1-az6': 1, 'x1e.16xlarge_use1-az2': 1, 'x1e.16xlarge_use1-az6': 5, 'x1e.2xlarge_use1-az2': 5, 'x1e.2xlarge_use1-az4': 10, 'x1e.2xlarge_use1-az6': 1, 'x1e.4xlarge_use1-az4': 5, 'x1e.4xlarge_use1-az6': 1, 'x1e.8xlarge_use1-az6': 5, 'x1e.xlarge_use1-az2': 20, 'x1e.xlarge_use1-az4': 15, 'x1e.xlarge_use1-az6': 5, 'x2gd.12xlarge_use1-az5': 5, 'x2gd.12xlarge_use1-az6': 1, 'x2gd.16xlarge_use1-az5': 1, 'x2gd.16xlarge_use1-az6': 15, 'x2gd.2xlarge_use1-az1': 5, 'x2gd.2xlarge_use1-az4': 1, 'x2gd.2xlarge_use1-az5': 5, 'x2gd.2xlarge_use1-az6': 30, 'x2gd.4xlarge_use1-az1': 1, 'x2gd.4xlarge_use1-az2': 1, 'x2gd.4xlarge_use1-az4': 5, 'x2gd.4xlarge_use1-az5': 1, 'x2gd.4xlarge_use1-az6': 35, 'x2gd.8xlarge_use1-az4': 1, 'x2gd.8xlarge_use1-az5': 1, 'x2gd.8xlarge_use1-az6': 5, 'x2gd.large_use1-az1': 35, 'x2gd.large_use1-az2': 25, 'x2gd.large_use1-az4': 15, 'x2gd.large_use1-az5': 25, 'x2gd.large_use1-az6': 50, 'x2gd.medium_use1-az1': 25, 'x2gd.medium_use1-az2': 35, 'x2gd.medium_use1-az4': 50, 'x2gd.medium_use1-az5': 50, 'x2gd.medium_use1-az6': 50, 'x2gd.xlarge_use1-az1': 5, 'x2gd.xlarge_use1-az2': 1, 'x2gd.xlarge_use1-az4': 20, 'x2gd.xlarge_use1-az5': 15, 'x2gd.xlarge_use1-az6': 25, 'x2idn.16xlarge_use1-az2': 1, 'x2idn.16xlarge_use1-az5': 1, 'x2idn.24xlarge_use1-az4': 1, 'x2idn.24xlarge_use1-az5': 1, 'x2idn.32xlarge_use1-az5': 1, 'x2iedn.24xlarge_use1-az4': 1, 'x2iedn.24xlarge_use1-az6': 1, 'x2iedn.2xlarge_use1-az1': 1, 'x2iedn.2xlarge_use1-az2': 25, 'x2iedn.2xlarge_use1-az4': 15, 'x2iedn.2xlarge_use1-az5': 1, 'x2iedn.2xlarge_use1-az6': 5, 'x2iedn.4xlarge_use1-az2': 1, 'x2iedn.4xlarge_use1-az5': 1, 'x2iedn.4xlarge_use1-az6': 1, 'x2iedn.8xlarge_use1-az4': 1, 'x2iedn.8xlarge_use1-az6': 1, 'x2iedn.xlarge_use1-az1': 5, 'x2iedn.xlarge_use1-az2': 20, 'x2iedn.xlarge_use1-az4': 10, 'x2iedn.xlarge_use1-az5': 1, 'x2iedn.xlarge_use1-az6': 10, 'x2iezn.12xlarge_use1-az4': 20, 'x2iezn.12xlarge_use1-az6': 5, 'x2iezn.2xlarge_use1-az2': 5, 'x2iezn.2xlarge_use1-az4': 10, 'x2iezn.2xlarge_use1-az6': 1, 'x2iezn.4xlarge_use1-az4': 5, 'x2iezn.4xlarge_use1-az6': 1, 'x2iezn.6xlarge_use1-az4': 5, 'x2iezn.8xlarge_use1-az6': 1, 'x8g.12xlarge_use1-az2': 1, 'x8g.12xlarge_use1-az4': 20, 'x8g.12xlarge_use1-az6': 1, 'x8g.16xlarge_use1-az1': 1, 'x8g.16xlarge_use1-az2': 5, 'x8g.16xlarge_use1-az4': 5, 'x8g.16xlarge_use1-az6': 5, 'x8g.24xlarge_use1-az1': 1, 'x8g.24xlarge_use1-az2': 5, 'x8g.24xlarge_use1-az4': 5, 'x8g.24xlarge_use1-az6': 10, 'x8g.2xlarge_use1-az1': 5, 'x8g.2xlarge_use1-az2': 10, 'x8g.2xlarge_use1-az4': 10, 'x8g.2xlarge_use1-az6': 25, 'x8g.48xlarge_use1-az1': 1, 'x8g.48xlarge_use1-az2': 1, 'x8g.48xlarge_use1-az4': 10, 'x8g.48xlarge_use1-az6': 1, 'x8g.4xlarge_use1-az1': 1, 'x8g.4xlarge_use1-az2': 5, 'x8g.4xlarge_use1-az4': 5, 'x8g.4xlarge_use1-az6': 10, 'x8g.8xlarge_use1-az2': 15, 'x8g.8xlarge_use1-az4': 20, 'x8g.8xlarge_use1-az6': 5, 'x8g.large_use1-az1': 30, 'x8g.large_use1-az4': 50, 'x8g.large_use1-az6': 50, 'x8g.medium_use1-az1': 50, 'x8g.medium_use1-az4': 50, 'x8g.medium_use1-az6': 50, 'x8g.metal-24xl_use1-az1': 1, 'x8g.metal-24xl_use1-az2': 1, 'x8g.metal-24xl_use1-az4': 1, 'x8g.metal-24xl_use1-az6': 10, 'x8g.metal-48xl_use1-az2': 1, 'x8g.metal-48xl_use1-az4': 1, 'x8g.metal-48xl_use1-az6': 1, 'x8g.xlarge_use1-az1': 10, 'x8g.xlarge_use1-az2': 20, 'x8g.xlarge_use1-az4': 40, 'x8g.xlarge_use1-az6': 50, 'z1d.12xlarge_use1-az1': 1, 'z1d.12xlarge_use1-az2': 1, 'z1d.12xlarge_use1-az4': 1, 'z1d.12xlarge_use1-az5': 1, 'z1d.12xlarge_use1-az6': 5, 'z1d.2xlarge_use1-az1': 5, 'z1d.2xlarge_use1-az2': 5, 'z1d.2xlarge_use1-az4': 15, 'z1d.2xlarge_use1-az5': 1, 'z1d.2xlarge_use1-az6': 15, 'z1d.3xlarge_use1-az1': 5, 'z1d.3xlarge_use1-az2': 5, 'z1d.3xlarge_use1-az4': 10, 'z1d.3xlarge_use1-az5': 5, 'z1d.3xlarge_use1-az6': 5, 'z1d.6xlarge_use1-az1': 1, 'z1d.6xlarge_use1-az2': 1, 'z1d.6xlarge_use1-az4': 1, 'z1d.6xlarge_use1-az6': 1, 'z1d.large_use1-az1': 15, 'z1d.large_use1-az2': 5, 'z1d.large_use1-az4': 25, 'z1d.large_use1-az5': 10, 'z1d.large_use1-az6': 25, 'z1d.xlarge_use1-az1': 10, 'z1d.xlarge_use1-az2': 20, 'z1d.xlarge_use1-az4': 30, 'z1d.xlarge_use1-az5': 1, 'z1d.xlarge_use1-az6': 20}"
0.74,26442.89429999995,29425846051,1112807.3091237065,1133131,1133031,"{'c3.8xlarge_use1-az2': 5, 'c3.8xlarge_use1-az4': 5, 'c3.8xlarge_use1-az6': 1, 'c4.2xlarge_use1-az1': 5, 'c4.2xlarge_use1-az2': 5, 'c4.2xlarge_use1-az3': 25, 'c4.2xlarge_use1-az4': 15, 'c4.2xlarge_use1-az5': 15, 'c4.2xlarge_use1-az6': 10, 'c4.4xlarge_use1-az1': 5, 'c4.4xlarge_use1-az2': 5, 'c4.4xlarge_use1-az3': 10, 'c4.4xlarge_use1-az4': 5, 'c4.4xlarge_use1-az5': 5, 'c4.4xlarge_use1-az6': 1, 'c4.8xlarge_use1-az1': 1, 'c4.8xlarge_use1-az2': 5, 'c4.8xlarge_use1-az3': 5, 'c4.8xlarge_use1-az4': 15, 'c4.8xlarge_use1-az5': 5, 'c4.8xlarge_use1-az6': 5, 'c4.xlarge_use1-az2': 40, 'c4.xlarge_use1-az5': 50, 'c4.xlarge_use1-az6': 50, 'c5.12xlarge_use1-az1': 50, 'c5.12xlarge_use1-az2': 50, 'c5.12xlarge_use1-az4': 50, 'c5.12xlarge_use1-az5': 50, 'c5.12xlarge_use1-az6': 50, 'c5.18xlarge_use1-az1': 5, 'c5.18xlarge_use1-az2': 50, 'c5.18xlarge_use1-az4': 15, 'c5.18xlarge_use1-az5': 10, 'c5.18xlarge_use1-az6': 1, 'c5.24xlarge_use1-az1': 1, 'c5.24xlarge_use1-az2': 5, 'c5.24xlarge_use1-az4': 5, 'c5.24xlarge_use1-az5': 1, 'c5.24xlarge_use1-az6': 5, 'c5.2xlarge_use1-az1': 50, 'c5.2xlarge_use1-az2': 50, 'c5.2xlarge_use1-az4': 50, 'c5.2xlarge_use1-az5': 50, 'c5.2xlarge_use1-az6': 50, 'c5.4xlarge_use1-az1': 50, 'c5.4xlarge_use1-az2': 50, 'c5.4xlarge_use1-az4': 50, 'c5.4xlarge_use1-az5': 50, 'c5.4xlarge_use1-az6': 50, 'c5.9xlarge_use1-az1': 50, 'c5.9xlarge_use1-az2': 50, 'c5.9xlarge_use1-az4': 50, 'c5.9xlarge_use1-az5': 50, 'c5.9xlarge_use1-az6': 50, 'c5.large_use1-az1': 50, 'c5.large_use1-az2': 50, 'c5.large_use1-az4': 50, 'c5.large_use1-az5': 50, 'c5.large_use1-az6': 50, 'c5.xlarge_use1-az1': 50, 'c5.xlarge_use1-az2': 50, 'c5.xlarge_use1-az4': 50, 'c5.xlarge_use1-az5': 50, 'c5.xlarge_use1-az6': 50, 'c5a.12xlarge_use1-az1': 5, 'c5a.12xlarge_use1-az2': 10, 'c5a.12xlarge_use1-az4': 15, 'c5a.12xlarge_use1-az5': 1, 'c5a.12xlarge_use1-az6': 5, 'c5a.16xlarge_use1-az4': 1, 'c5a.16xlarge_use1-az6': 1, 'c5a.24xlarge_use1-az2': 1, 'c5a.24xlarge_use1-az4': 1, 'c5a.24xlarge_use1-az6': 1, 'c5a.2xlarge_use1-az1': 30, 'c5a.2xlarge_use1-az2': 20, 'c5a.2xlarge_use1-az4': 50, 'c5a.2xlarge_use1-az5': 15, 'c5a.2xlarge_use1-az6': 50, 'c5a.4xlarge_use1-az1': 5, 'c5a.4xlarge_use1-az2': 1, 'c5a.4xlarge_use1-az4': 5, 'c5a.4xlarge_use1-az5': 5, 'c5a.4xlarge_use1-az6': 5, 'c5a.8xlarge_use1-az1': 1, 'c5a.8xlarge_use1-az2': 1, 'c5a.8xlarge_use1-az4': 5, 'c5a.8xlarge_use1-az6': 15, 'c5a.large_use1-az1': 50, 'c5a.large_use1-az2': 50, 'c5a.large_use1-az4': 50, 'c5a.large_use1-az5': 45, 'c5a.large_use1-az6': 50, 'c5a.xlarge_use1-az1': 50, 'c5a.xlarge_use1-az2': 50, 'c5a.xlarge_use1-az4': 50, 'c5a.xlarge_use1-az5': 50, 'c5a.xlarge_use1-az6': 50, 'c5ad.12xlarge_use1-az1': 5, 'c5ad.12xlarge_use1-az2': 5, 'c5ad.12xlarge_use1-az4': 5, 'c5ad.12xlarge_use1-az6': 5, 'c5ad.16xlarge_use1-az1': 1, 'c5ad.16xlarge_use1-az2': 5, 'c5ad.16xlarge_use1-az4': 1, 'c5ad.16xlarge_use1-az6': 1, 'c5ad.24xlarge_use1-az1': 1, 'c5ad.24xlarge_use1-az2': 1, 'c5ad.24xlarge_use1-az4': 1, 'c5ad.24xlarge_use1-az6': 5, 'c5ad.2xlarge_use1-az1': 10, 'c5ad.2xlarge_use1-az2': 5, 'c5ad.2xlarge_use1-az4': 5, 'c5ad.2xlarge_use1-az5': 5, 'c5ad.2xlarge_use1-az6': 15, 'c5ad.4xlarge_use1-az1': 5, 'c5ad.4xlarge_use1-az2': 5, 'c5ad.4xlarge_use1-az4': 1, 'c5ad.4xlarge_use1-az5': 1, 'c5ad.4xlarge_use1-az6': 10, 'c5ad.8xlarge_use1-az1': 1, 'c5ad.8xlarge_use1-az2': 1, 'c5ad.8xlarge_use1-az4': 1, 'c5ad.8xlarge_use1-az5': 1, 'c5ad.8xlarge_use1-az6': 1, 'c5ad.large_use1-az1': 20, 'c5ad.large_use1-az2': 30, 'c5ad.large_use1-az4': 10, 'c5ad.large_use1-az5': 15, 'c5ad.large_use1-az6': 20, 'c5ad.xlarge_use1-az1': 15, 'c5ad.xlarge_use1-az2': 10, 'c5ad.xlarge_use1-az4': 5, 'c5ad.xlarge_use1-az5': 5, 'c5ad.xlarge_use1-az6': 15, 'c5d.12xlarge_use1-az2': 15, 'c5d.12xlarge_use1-az4': 5, 'c5d.12xlarge_use1-az6': 45, 'c5d.18xlarge_use1-az1': 5, 'c5d.18xlarge_use1-az2': 50, 'c5d.18xlarge_use1-az4': 50, 'c5d.18xlarge_use1-az5': 5, 'c5d.18xlarge_use1-az6': 30, 'c5d.24xlarge_use1-az2': 35, 'c5d.24xlarge_use1-az4': 25, 'c5d.24xlarge_use1-az6': 50, 'c5d.2xlarge_use1-az1': 15, 'c5d.2xlarge_use1-az2': 50, 'c5d.2xlarge_use1-az4': 50, 'c5d.2xlarge_use1-az5': 20, 'c5d.2xlarge_use1-az6': 50, 'c5d.4xlarge_use1-az1': 20, 'c5d.4xlarge_use1-az2': 50, 'c5d.4xlarge_use1-az4': 50, 'c5d.4xlarge_use1-az5': 25, 'c5d.4xlarge_use1-az6': 50, 'c5d.9xlarge_use1-az1': 10, 'c5d.9xlarge_use1-az2': 20, 'c5d.9xlarge_use1-az4': 50, 'c5d.9xlarge_use1-az5': 10, 'c5d.9xlarge_use1-az6': 25, 'c5d.large_use1-az1': 50, 'c5d.large_use1-az2': 50, 'c5d.large_use1-az4': 50, 'c5d.large_use1-az5': 35, 'c5d.large_use1-az6': 50, 'c5d.xlarge_use1-az1': 50, 'c5d.xlarge_use1-az2': 50, 'c5d.xlarge_use1-az4': 50, 'c5d.xlarge_use1-az5': 50, 'c5d.xlarge_use1-az6': 50, 'c5n.18xlarge_use1-az1': 30, 'c5n.18xlarge_use1-az2': 5, 'c5n.18xlarge_use1-az4': 10, 'c5n.2xlarge_use1-az1': 5, 'c5n.2xlarge_use1-az2': 10, 'c5n.2xlarge_use1-az4': 15, 'c5n.2xlarge_use1-az5': 10, 'c5n.2xlarge_use1-az6': 10, 'c5n.4xlarge_use1-az1': 5, 'c5n.4xlarge_use1-az2': 1, 'c5n.4xlarge_use1-az4': 5, 'c5n.4xlarge_use1-az6': 1, 'c5n.9xlarge_use1-az1': 10, 'c5n.9xlarge_use1-az2': 1, 'c5n.9xlarge_use1-az4': 5, 'c5n.large_use1-az1': 10, 'c5n.large_use1-az2': 10, 'c5n.large_use1-az4': 25, 'c5n.large_use1-az5': 5, 'c5n.large_use1-az6': 5, 'c5n.xlarge_use1-az1': 1, 'c5n.xlarge_use1-az2': 1, 'c5n.xlarge_use1-az4': 5, 'c5n.xlarge_use1-az5': 1, 'c5n.xlarge_use1-az6': 1, 'c6a.12xlarge_use1-az1': 5, 'c6a.12xlarge_use1-az2': 50, 'c6a.12xlarge_use1-az4': 50, 'c6a.12xlarge_use1-az5': 1, 'c6a.12xlarge_use1-az6': 15, 'c6a.16xlarge_use1-az1': 1, 'c6a.16xlarge_use1-az2': 5, 'c6a.16xlarge_use1-az4': 10, 'c6a.16xlarge_use1-az5': 1, 'c6a.16xlarge_use1-az6': 15, 'c6a.24xlarge_use1-az1': 1, 'c6a.24xlarge_use1-az2': 5, 'c6a.24xlarge_use1-az4': 5, 'c6a.24xlarge_use1-az5': 5, 'c6a.24xlarge_use1-az6': 20, 'c6a.2xlarge_use1-az1': 10, 'c6a.2xlarge_use1-az2': 40, 'c6a.2xlarge_use1-az4': 50, 'c6a.2xlarge_use1-az5': 10, 'c6a.2xlarge_use1-az6': 50, 'c6a.32xlarge_use1-az2': 1, 'c6a.32xlarge_use1-az4': 1, 'c6a.32xlarge_use1-az5': 1, 'c6a.32xlarge_use1-az6': 5, 'c6a.48xlarge_use1-az2': 1, 'c6a.48xlarge_use1-az4': 10, 'c6a.48xlarge_use1-az5': 5, 'c6a.48xlarge_use1-az6': 25, 'c6a.4xlarge_use1-az1': 15, 'c6a.4xlarge_use1-az2': 15, 'c6a.4xlarge_use1-az4': 30, 'c6a.4xlarge_use1-az5': 15, 'c6a.4xlarge_use1-az6': 50, 'c6a.8xlarge_use1-az1': 5, 'c6a.8xlarge_use1-az2': 50, 'c6a.8xlarge_use1-az4': 30, 'c6a.8xlarge_use1-az5': 25, 'c6a.8xlarge_use1-az6': 50, 'c6a.large_use1-az1': 45, 'c6a.large_use1-az2': 50, 'c6a.large_use1-az4': 50, 'c6a.large_use1-az5': 50, 'c6a.large_use1-az6': 20, 'c6a.xlarge_use1-az1': 15, 'c6a.xlarge_use1-az2': 25, 'c6a.xlarge_use1-az4': 25, 'c6a.xlarge_use1-az5': 15, 'c6a.xlarge_use1-az6': 25, 'c6g.12xlarge_use1-az1': 15, 'c6g.12xlarge_use1-az2': 25, 'c6g.12xlarge_use1-az4': 50, 'c6g.12xlarge_use1-az5': 5, 'c6g.12xlarge_use1-az6': 50, 'c6g.16xlarge_use1-az1': 1, 'c6g.16xlarge_use1-az2': 15, 'c6g.16xlarge_use1-az4': 50, 'c6g.16xlarge_use1-az5': 5, 'c6g.16xlarge_use1-az6': 50, 'c6g.2xlarge_use1-az1': 5, 'c6g.2xlarge_use1-az2': 50, 'c6g.2xlarge_use1-az4': 50, 'c6g.2xlarge_use1-az5': 15, 'c6g.2xlarge_use1-az6': 50, 'c6g.4xlarge_use1-az1': 50, 'c6g.4xlarge_use1-az2': 50, 'c6g.4xlarge_use1-az4': 50, 'c6g.4xlarge_use1-az5': 50, 'c6g.4xlarge_use1-az6': 50, 'c6g.8xlarge_use1-az1': 50, 'c6g.8xlarge_use1-az2': 50, 'c6g.8xlarge_use1-az4': 50, 'c6g.8xlarge_use1-az5': 50, 'c6g.8xlarge_use1-az6': 50, 'c6g.large_use1-az1': 5, 'c6g.large_use1-az2': 50, 'c6g.large_use1-az4': 50, 'c6g.large_use1-az5': 50, 'c6g.large_use1-az6': 50, 'c6g.xlarge_use1-az1': 30, 'c6g.xlarge_use1-az2': 50, 'c6g.xlarge_use1-az4': 50, 'c6g.xlarge_use1-az5': 10, 'c6g.xlarge_use1-az6': 50, 'c6gd.12xlarge_use1-az2': 50, 'c6gd.12xlarge_use1-az4': 30, 'c6gd.12xlarge_use1-az5': 1, 'c6gd.12xlarge_use1-az6': 50, 'c6gd.16xlarge_use1-az2': 50, 'c6gd.16xlarge_use1-az4': 30, 'c6gd.16xlarge_use1-az6': 50, 'c6gd.2xlarge_use1-az1': 15, 'c6gd.2xlarge_use1-az2': 50, 'c6gd.2xlarge_use1-az4': 50, 'c6gd.2xlarge_use1-az5': 1, 'c6gd.2xlarge_use1-az6': 50, 'c6gd.4xlarge_use1-az1': 20, 'c6gd.4xlarge_use1-az2': 50, 'c6gd.4xlarge_use1-az4': 50, 'c6gd.4xlarge_use1-az5': 10, 'c6gd.4xlarge_use1-az6': 50, 'c6gd.8xlarge_use1-az1': 25, 'c6gd.8xlarge_use1-az2': 45, 'c6gd.8xlarge_use1-az4': 45, 'c6gd.8xlarge_use1-az5': 1, 'c6gd.8xlarge_use1-az6': 50, 'c6gd.large_use1-az1': 50, 'c6gd.large_use1-az2': 5, 'c6gd.large_use1-az4': 20, 'c6gd.large_use1-az5': 1, 'c6gd.large_use1-az6': 50, 'c6gd.xlarge_use1-az1': 50, 'c6gd.xlarge_use1-az2': 1, 'c6gd.xlarge_use1-az4': 1, 'c6gd.xlarge_use1-az5': 50, 'c6gd.xlarge_use1-az6': 50, 'c6gn.12xlarge_use1-az2': 25, 'c6gn.12xlarge_use1-az4': 50, 'c6gn.12xlarge_use1-az5': 1, 'c6gn.16xlarge_use1-az1': 1, 'c6gn.16xlarge_use1-az2': 50, 'c6gn.16xlarge_use1-az4': 50, 'c6gn.16xlarge_use1-az5': 10, 'c6gn.2xlarge_use1-az1': 5, 'c6gn.2xlarge_use1-az2': 1, 'c6gn.2xlarge_use1-az4': 20, 'c6gn.2xlarge_use1-az5': 1, 'c6gn.4xlarge_use1-az1': 1, 'c6gn.4xlarge_use1-az2': 40, 'c6gn.4xlarge_use1-az4': 35, 'c6gn.4xlarge_use1-az5': 10, 'c6gn.8xlarge_use1-az1': 25, 'c6gn.8xlarge_use1-az2': 35, 'c6gn.8xlarge_use1-az4': 30, 'c6gn.8xlarge_use1-az5': 5, 'c6gn.8xlarge_use1-az6': 5, 'c6gn.large_use1-az1': 5, 'c6gn.large_use1-az2': 25, 'c6gn.large_use1-az4': 10, 'c6gn.large_use1-az5': 15, 'c6gn.large_use1-az6': 1, 'c6gn.xlarge_use1-az1': 5, 'c6gn.xlarge_use1-az2': 10, 'c6gn.xlarge_use1-az4': 15, 'c6gn.xlarge_use1-az5': 5, 'c6gn.xlarge_use1-az6': 1, 'c6i.12xlarge_use1-az1': 15, 'c6i.12xlarge_use1-az2': 15, 'c6i.12xlarge_use1-az4': 30, 'c6i.12xlarge_use1-az5': 5, 'c6i.12xlarge_use1-az6': 5, 'c6i.16xlarge_use1-az1': 5, 'c6i.16xlarge_use1-az2': 15, 'c6i.16xlarge_use1-az4': 25, 'c6i.16xlarge_use1-az5': 10, 'c6i.16xlarge_use1-az6': 30, 'c6i.24xlarge_use1-az1': 5, 'c6i.24xlarge_use1-az2': 5, 'c6i.24xlarge_use1-az4': 10, 'c6i.24xlarge_use1-az5': 1, 'c6i.24xlarge_use1-az6': 15, 'c6i.2xlarge_use1-az1': 20, 'c6i.2xlarge_use1-az2': 50, 'c6i.2xlarge_use1-az4': 50, 'c6i.2xlarge_use1-az5': 5, 'c6i.2xlarge_use1-az6': 50, 'c6i.32xlarge_use1-az1': 10, 'c6i.32xlarge_use1-az2': 5, 'c6i.32xlarge_use1-az4': 50, 'c6i.32xlarge_use1-az5': 1, 'c6i.32xlarge_use1-az6': 40, 'c6i.4xlarge_use1-az1': 10, 'c6i.4xlarge_use1-az2': 40, 'c6i.4xlarge_use1-az4': 50, 'c6i.4xlarge_use1-az5': 15, 'c6i.4xlarge_use1-az6': 50, 'c6i.8xlarge_use1-az1': 10, 'c6i.8xlarge_use1-az2': 45, 'c6i.8xlarge_use1-az4': 50, 'c6i.8xlarge_use1-az5': 10, 'c6i.8xlarge_use1-az6': 50, 'c6i.large_use1-az1': 10, 'c6i.large_use1-az2': 40, 'c6i.large_use1-az4': 30, 'c6i.large_use1-az5': 10, 'c6i.large_use1-az6': 50, 'c6i.xlarge_use1-az1': 50, 'c6i.xlarge_use1-az2': 45, 'c6i.xlarge_use1-az4': 35, 'c6i.xlarge_use1-az5': 10, 'c6i.xlarge_use1-az6': 50, 'c6id.12xlarge_use1-az1': 1, 'c6id.12xlarge_use1-az2': 1, 'c6id.12xlarge_use1-az4': 5, 'c6id.12xlarge_use1-az6': 5, 'c6id.16xlarge_use1-az1': 1, 'c6id.16xlarge_use1-az2': 5, 'c6id.16xlarge_use1-az4': 5, 'c6id.16xlarge_use1-az5': 1, 'c6id.16xlarge_use1-az6': 1, 'c6id.24xlarge_use1-az1': 5, 'c6id.24xlarge_use1-az2': 15, 'c6id.24xlarge_use1-az4': 5, 'c6id.24xlarge_use1-az5': 1, 'c6id.24xlarge_use1-az6': 10, 'c6id.2xlarge_use1-az1': 1, 'c6id.2xlarge_use1-az2': 1, 'c6id.2xlarge_use1-az4': 5, 'c6id.2xlarge_use1-az5': 5, 'c6id.2xlarge_use1-az6': 1, 'c6id.32xlarge_use1-az1': 1, 'c6id.32xlarge_use1-az2': 5, 'c6id.32xlarge_use1-az4': 10, 'c6id.32xlarge_use1-az5': 1, 'c6id.32xlarge_use1-az6': 5, 'c6id.4xlarge_use1-az1': 15, 'c6id.4xlarge_use1-az2': 10, 'c6id.4xlarge_use1-az4': 10, 'c6id.4xlarge_use1-az5': 1, 'c6id.4xlarge_use1-az6': 5, 'c6id.8xlarge_use1-az1': 5, 'c6id.8xlarge_use1-az2': 1, 'c6id.8xlarge_use1-az4': 5, 'c6id.8xlarge_use1-az5': 1, 'c6id.8xlarge_use1-az6': 1, 'c6id.large_use1-az1': 5, 'c6id.large_use1-az2': 5, 'c6id.large_use1-az4': 1, 'c6id.large_use1-az5': 5, 'c6id.large_use1-az6': 5, 'c6id.xlarge_use1-az1': 5, 'c6id.xlarge_use1-az2': 1, 'c6id.xlarge_use1-az4': 5, 'c6id.xlarge_use1-az5': 1, 'c6id.xlarge_use1-az6': 1, 'c6in.12xlarge_use1-az1': 1, 'c6in.12xlarge_use1-az6': 1, 'c6in.16xlarge_use1-az4': 1, 'c6in.24xlarge_use1-az6': 1, 'c6in.2xlarge_use1-az2': 1, 'c6in.2xlarge_use1-az4': 1, 'c6in.2xlarge_use1-az6': 1, 'c6in.32xlarge_use1-az1': 1, 'c6in.32xlarge_use1-az6': 1, 'c6in.4xlarge_use1-az1': 5, 'c6in.4xlarge_use1-az2': 5, 'c6in.4xlarge_use1-az4': 5, 'c6in.4xlarge_use1-az6': 25, 'c6in.8xlarge_use1-az1': 1, 'c6in.8xlarge_use1-az6': 1, 'c6in.large_use1-az1': 5, 'c6in.large_use1-az2': 1, 'c6in.large_use1-az4': 1, 'c6in.large_use1-az5': 1, 'c6in.large_use1-az6': 5, 'c6in.xlarge_use1-az1': 20, 'c6in.xlarge_use1-az2': 1, 'c6in.xlarge_use1-az4': 1, 'c6in.xlarge_use1-az6': 10, 'c7a.12xlarge_use1-az1': 5, 'c7a.12xlarge_use1-az2': 5, 'c7a.12xlarge_use1-az4': 1, 'c7a.12xlarge_use1-az6': 15, 'c7a.16xlarge_use1-az1': 1, 'c7a.16xlarge_use1-az2': 1, 'c7a.16xlarge_use1-az6': 5, 'c7a.24xlarge_use1-az1': 1, 'c7a.24xlarge_use1-az2': 1, 'c7a.24xlarge_use1-az5': 1, 'c7a.24xlarge_use1-az6': 5, 'c7a.2xlarge_use1-az1': 1, 'c7a.2xlarge_use1-az2': 1, 'c7a.2xlarge_use1-az4': 25, 'c7a.2xlarge_use1-az5': 1, 'c7a.2xlarge_use1-az6': 10, 'c7a.32xlarge_use1-az1': 1, 'c7a.32xlarge_use1-az2': 1, 'c7a.32xlarge_use1-az6': 15, 'c7a.48xlarge_use1-az1': 1, 'c7a.48xlarge_use1-az2': 1, 'c7a.48xlarge_use1-az5': 1, 'c7a.48xlarge_use1-az6': 20, 'c7a.4xlarge_use1-az1': 5, 'c7a.4xlarge_use1-az2': 10, 'c7a.4xlarge_use1-az4': 5, 'c7a.4xlarge_use1-az5': 1, 'c7a.4xlarge_use1-az6': 50, 'c7a.8xlarge_use1-az1': 1, 'c7a.8xlarge_use1-az2': 1, 'c7a.8xlarge_use1-az4': 1, 'c7a.8xlarge_use1-az6': 10, 'c7a.large_use1-az1': 15, 'c7a.large_use1-az2': 25, 'c7a.large_use1-az4': 30, 'c7a.large_use1-az5': 10, 'c7a.large_use1-az6': 50, 'c7a.xlarge_use1-az1': 5, 'c7a.xlarge_use1-az2': 5, 'c7a.xlarge_use1-az4': 10, 'c7a.xlarge_use1-az5': 5, 'c7a.xlarge_use1-az6': 15, 'c7g.12xlarge_use1-az1': 15, 'c7g.12xlarge_use1-az2': 50, 'c7g.12xlarge_use1-az4': 15, 'c7g.12xlarge_use1-az5': 1, 'c7g.12xlarge_use1-az6': 50, 'c7g.16xlarge_use1-az1': 25, 'c7g.16xlarge_use1-az2': 40, 'c7g.16xlarge_use1-az4': 50, 'c7g.16xlarge_use1-az5': 10, 'c7g.16xlarge_use1-az6': 50, 'c7g.2xlarge_use1-az1': 50, 'c7g.2xlarge_use1-az2': 50, 'c7g.2xlarge_use1-az4': 50, 'c7g.2xlarge_use1-az5': 50, 'c7g.2xlarge_use1-az6': 50, 'c7g.4xlarge_use1-az1': 50, 'c7g.4xlarge_use1-az2': 50, 'c7g.4xlarge_use1-az4': 50, 'c7g.4xlarge_use1-az5': 50, 'c7g.4xlarge_use1-az6': 50, 'c7g.8xlarge_use1-az1': 50, 'c7g.8xlarge_use1-az2': 50, 'c7g.8xlarge_use1-az4': 50, 'c7g.8xlarge_use1-az5': 50, 'c7g.8xlarge_use1-az6': 50, 'c7g.large_use1-az1': 5, 'c7g.large_use1-az2': 45, 'c7g.large_use1-az4': 30, 'c7g.large_use1-az5': 10, 'c7g.large_use1-az6': 30, 'c7g.xlarge_use1-az1': 50, 'c7g.xlarge_use1-az2': 50, 'c7g.xlarge_use1-az4': 50, 'c7g.xlarge_use1-az5': 50, 'c7g.xlarge_use1-az6': 50, 'c7gd.12xlarge_use1-az1': 5, 'c7gd.12xlarge_use1-az2': 30, 'c7gd.12xlarge_use1-az4': 15, 'c7gd.12xlarge_use1-az5': 15, 'c7gd.12xlarge_use1-az6': 50, 'c7gd.16xlarge_use1-az1': 5, 'c7gd.16xlarge_use1-az2': 30, 'c7gd.16xlarge_use1-az4': 40, 'c7gd.16xlarge_use1-az5': 1, 'c7gd.16xlarge_use1-az6': 50, 'c7gd.2xlarge_use1-az1': 15, 'c7gd.2xlarge_use1-az2': 50, 'c7gd.2xlarge_use1-az4': 50, 'c7gd.2xlarge_use1-az5': 5, 'c7gd.2xlarge_use1-az6': 50, 'c7gd.4xlarge_use1-az1': 30, 'c7gd.4xlarge_use1-az2': 25, 'c7gd.4xlarge_use1-az4': 50, 'c7gd.4xlarge_use1-az5': 1, 'c7gd.4xlarge_use1-az6': 50, 'c7gd.8xlarge_use1-az1': 5, 'c7gd.8xlarge_use1-az2': 15, 'c7gd.8xlarge_use1-az4': 10, 'c7gd.8xlarge_use1-az5': 5, 'c7gd.8xlarge_use1-az6': 20, 'c7gd.large_use1-az1': 1, 'c7gd.large_use1-az2': 25, 'c7gd.large_use1-az4': 5, 'c7gd.large_use1-az5': 10, 'c7gd.large_use1-az6': 20, 'c7gd.xlarge_use1-az1': 15, 'c7gd.xlarge_use1-az2': 50, 'c7gd.xlarge_use1-az4': 5, 'c7gd.xlarge_use1-az5': 15, 'c7gd.xlarge_use1-az6': 25, 'c7gn.12xlarge_use1-az2': 1, 'c7gn.12xlarge_use1-az5': 1, 'c7gn.12xlarge_use1-az6': 1, 'c7gn.16xlarge_use1-az2': 5, 'c7gn.16xlarge_use1-az5': 5, 'c7gn.16xlarge_use1-az6': 20, 'c7gn.2xlarge_use1-az1': 1, 'c7gn.2xlarge_use1-az2': 1, 'c7gn.2xlarge_use1-az5': 1, 'c7gn.2xlarge_use1-az6': 5, 'c7gn.4xlarge_use1-az2': 50, 'c7gn.4xlarge_use1-az4': 1, 'c7gn.4xlarge_use1-az5': 1, 'c7gn.4xlarge_use1-az6': 50, 'c7gn.8xlarge_use1-az2': 1, 'c7gn.8xlarge_use1-az5': 1, 'c7gn.8xlarge_use1-az6': 5, 'c7gn.large_use1-az1': 1, 'c7gn.large_use1-az2': 10, 'c7gn.large_use1-az5': 10, 'c7gn.large_use1-az6': 10, 'c7gn.xlarge_use1-az1': 1, 'c7gn.xlarge_use1-az2': 5, 'c7gn.xlarge_use1-az5': 5, 'c7gn.xlarge_use1-az6': 5, 'c7i-flex.2xlarge_use1-az1': 50, 'c7i-flex.2xlarge_use1-az2': 50, 'c7i-flex.2xlarge_use1-az4': 50, 'c7i-flex.2xlarge_use1-az5': 15, 'c7i-flex.2xlarge_use1-az6': 50, 'c7i-flex.4xlarge_use1-az1': 1, 'c7i-flex.4xlarge_use1-az2': 1, 'c7i-flex.4xlarge_use1-az4': 1, 'c7i-flex.4xlarge_use1-az6': 5, 'c7i-flex.8xlarge_use1-az1': 1, 'c7i-flex.8xlarge_use1-az2': 1, 'c7i-flex.8xlarge_use1-az4': 1, 'c7i-flex.8xlarge_use1-az6': 5, 'c7i-flex.large_use1-az1': 40, 'c7i-flex.large_use1-az2': 50, 'c7i-flex.large_use1-az4': 10, 'c7i-flex.large_use1-az5': 1, 'c7i-flex.large_use1-az6': 50, 'c7i-flex.xlarge_use1-az1': 50, 'c7i-flex.xlarge_use1-az2': 50, 'c7i-flex.xlarge_use1-az4': 50, 'c7i-flex.xlarge_use1-az5': 5, 'c7i-flex.xlarge_use1-az6': 50, 'c7i.12xlarge_use1-az1': 5, 'c7i.12xlarge_use1-az2': 15, 'c7i.12xlarge_use1-az4': 15, 'c7i.12xlarge_use1-az6': 5, 'c7i.16xlarge_use1-az1': 1, 'c7i.16xlarge_use1-az2': 5, 'c7i.16xlarge_use1-az4': 1, 'c7i.16xlarge_use1-az6': 15, 'c7i.24xlarge_use1-az1': 5, 'c7i.24xlarge_use1-az2': 5, 'c7i.24xlarge_use1-az4': 5, 'c7i.24xlarge_use1-az5': 1, 'c7i.24xlarge_use1-az6': 15, 'c7i.2xlarge_use1-az1': 10, 'c7i.2xlarge_use1-az2': 10, 'c7i.2xlarge_use1-az4': 10, 'c7i.2xlarge_use1-az5': 5, 'c7i.2xlarge_use1-az6': 25, 'c7i.48xlarge_use1-az1': 10, 'c7i.48xlarge_use1-az2': 10, 'c7i.48xlarge_use1-az4': 5, 'c7i.48xlarge_use1-az5': 1, 'c7i.48xlarge_use1-az6': 50, 'c7i.4xlarge_use1-az1': 5, 'c7i.4xlarge_use1-az2': 5, 'c7i.4xlarge_use1-az4': 5, 'c7i.4xlarge_use1-az5': 1, 'c7i.4xlarge_use1-az6': 15, 'c7i.8xlarge_use1-az1': 1, 'c7i.8xlarge_use1-az2': 5, 'c7i.8xlarge_use1-az4': 5, 'c7i.8xlarge_use1-az6': 10, 'c7i.large_use1-az1': 45, 'c7i.large_use1-az2': 50, 'c7i.large_use1-az4': 50, 'c7i.large_use1-az5': 5, 'c7i.large_use1-az6': 50, 'c7i.xlarge_use1-az1': 5, 'c7i.xlarge_use1-az2': 10, 'c7i.xlarge_use1-az4': 5, 'c7i.xlarge_use1-az5': 1, 'c7i.xlarge_use1-az6': 5, 'c8g.12xlarge_use1-az1': 1, 'c8g.12xlarge_use1-az2': 5, 'c8g.12xlarge_use1-az4': 1, 'c8g.12xlarge_use1-az6': 25, 'c8g.16xlarge_use1-az1': 10, 'c8g.16xlarge_use1-az2': 5, 'c8g.16xlarge_use1-az4': 1, 'c8g.16xlarge_use1-az6': 50, 'c8g.24xlarge_use1-az1': 5, 'c8g.24xlarge_use1-az2': 10, 'c8g.24xlarge_use1-az4': 1, 'c8g.24xlarge_use1-az6': 25, 'c8g.2xlarge_use1-az1': 5, 'c8g.2xlarge_use1-az2': 5, 'c8g.2xlarge_use1-az4': 50, 'c8g.2xlarge_use1-az5': 1, 'c8g.2xlarge_use1-az6': 50, 'c8g.48xlarge_use1-az1': 1, 'c8g.48xlarge_use1-az2': 5, 'c8g.48xlarge_use1-az6': 50, 'c8g.4xlarge_use1-az1': 35, 'c8g.4xlarge_use1-az2': 15, 'c8g.4xlarge_use1-az4': 20, 'c8g.4xlarge_use1-az5': 10, 'c8g.4xlarge_use1-az6': 50, 'c8g.8xlarge_use1-az1': 1, 'c8g.8xlarge_use1-az2': 5, 'c8g.8xlarge_use1-az4': 5, 'c8g.8xlarge_use1-az6': 50, 'c8g.large_use1-az1': 5, 'c8g.large_use1-az2': 20, 'c8g.large_use1-az4': 5, 'c8g.large_use1-az5': 1, 'c8g.large_use1-az6': 40, 'c8g.metal-24xl_use1-az2': 1, 'c8g.metal-24xl_use1-az6': 20, 'c8g.metal-48xl_use1-az1': 1, 'c8g.metal-48xl_use1-az2': 1, 'c8g.metal-48xl_use1-az6': 50, 'c8g.xlarge_use1-az1': 5, 'c8g.xlarge_use1-az2': 30, 'c8g.xlarge_use1-az4': 5, 'c8g.xlarge_use1-az5': 1, 'c8g.xlarge_use1-az6': 50, 'c8gd.12xlarge_use1-az2': 5, 'c8gd.12xlarge_use1-az4': 5, 'c8gd.12xlarge_use1-az5': 1, 'c8gd.12xlarge_use1-az6': 5, 'c8gd.16xlarge_use1-az2': 10, 'c8gd.16xlarge_use1-az4': 10, 'c8gd.16xlarge_use1-az5': 5, 'c8gd.16xlarge_use1-az6': 50, 'c8gd.24xlarge_use1-az2': 1, 'c8gd.24xlarge_use1-az4': 5, 'c8gd.24xlarge_use1-az5': 1, 'c8gd.24xlarge_use1-az6': 5, 'c8gd.2xlarge_use1-az2': 50, 'c8gd.2xlarge_use1-az4': 50, 'c8gd.2xlarge_use1-az5': 10, 'c8gd.2xlarge_use1-az6': 50, 'c8gd.48xlarge_use1-az2': 1, 'c8gd.48xlarge_use1-az6': 15, 'c8gd.4xlarge_use1-az2': 10, 'c8gd.4xlarge_use1-az4': 30, 'c8gd.4xlarge_use1-az5': 1, 'c8gd.4xlarge_use1-az6': 50, 'c8gd.8xlarge_use1-az2': 1, 'c8gd.8xlarge_use1-az4': 1, 'c8gd.8xlarge_use1-az5': 1, 'c8gd.8xlarge_use1-az6': 5, 'c8gd.large_use1-az1': 1, 'c8gd.large_use1-az2': 40, 'c8gd.large_use1-az4': 35, 'c8gd.large_use1-az6': 50, 'c8gd.metal-24xl_use1-az2': 1, 'c8gd.metal-24xl_use1-az4': 1, 'c8gd.metal-24xl_use1-az5': 1, 'c8gd.metal-24xl_use1-az6': 5, 'c8gd.metal-48xl_use1-az2': 1, 'c8gd.metal-48xl_use1-az6': 1, 'c8gd.xlarge_use1-az1': 1, 'c8gd.xlarge_use1-az2': 20, 'c8gd.xlarge_use1-az4': 20, 'c8gd.xlarge_use1-az5': 15, 'c8gd.xlarge_use1-az6': 50, 'c8gn.2xlarge_use1-az2': 1, 'c8gn.2xlarge_use1-az4': 1, 'c8gn.2xlarge_use1-az6': 1, 'c8gn.4xlarge_use1-az2': 1, 'c8gn.4xlarge_use1-az5': 1, 'c8gn.8xlarge_use1-az2': 1, 'c8gn.8xlarge_use1-az6': 1, 'c8gn.large_use1-az6': 1, 'c8i-flex.12xlarge_use1-az6': 1, 'c8i-flex.16xlarge_use1-az6': 1, 'c8i-flex.2xlarge_use1-az2': 25, 'c8i-flex.2xlarge_use1-az4': 15, 'c8i-flex.2xlarge_use1-az6': 50, 'c8i-flex.4xlarge_use1-az2': 5, 'c8i-flex.4xlarge_use1-az4': 1, 'c8i-flex.4xlarge_use1-az6': 5, 'c8i-flex.8xlarge_use1-az6': 1, 'c8i-flex.large_use1-az4': 20, 'c8i-flex.xlarge_use1-az2': 40, 'c8i-flex.xlarge_use1-az4': 5, 'c8i-flex.xlarge_use1-az6': 50, 'c8i.12xlarge_use1-az2': 1, 'c8i.12xlarge_use1-az4': 1, 'c8i.12xlarge_use1-az6': 1, 'c8i.16xlarge_use1-az6': 1, 'c8i.24xlarge_use1-az6': 1, 'c8i.2xlarge_use1-az2': 10, 'c8i.2xlarge_use1-az4': 5, 'c8i.2xlarge_use1-az6': 20, 'c8i.32xlarge_use1-az2': 1, 'c8i.32xlarge_use1-az4': 1, 'c8i.32xlarge_use1-az6': 5, 'c8i.48xlarge_use1-az2': 1, 'c8i.48xlarge_use1-az6': 1, 'c8i.4xlarge_use1-az2': 5, 'c8i.4xlarge_use1-az4': 5, 'c8i.4xlarge_use1-az6': 5, 'c8i.8xlarge_use1-az2': 1, 'c8i.8xlarge_use1-az4': 1, 'c8i.8xlarge_use1-az6': 5, 'c8i.96xlarge_use1-az2': 1, 'c8i.96xlarge_use1-az6': 5, 'c8i.metal-48xl_use1-az2': 1, 'c8i.metal-96xl_use1-az2': 1, 'c8i.metal-96xl_use1-az6': 5, 'c8i.xlarge_use1-az2': 50, 'c8i.xlarge_use1-az4': 15, 'c8i.xlarge_use1-az6': 50, 'd2.2xlarge_use1-az1': 1, 'd2.2xlarge_use1-az6': 1, 'd2.4xlarge_use1-az6': 1, 'd2.xlarge_use1-az6': 1, 'd3.2xlarge_use1-az1': 15, 'd3.2xlarge_use1-az2': 45, 'd3.2xlarge_use1-az4': 40, 'd3.2xlarge_use1-az6': 35, 'd3.4xlarge_use1-az2': 5, 'd3.4xlarge_use1-az4': 15, 'd3.4xlarge_use1-az6': 5, 'd3.8xlarge_use1-az1': 1, 'd3.8xlarge_use1-az2': 40, 'd3.8xlarge_use1-az4': 35, 'd3.8xlarge_use1-az6': 20, 'd3.xlarge_use1-az1': 10, 'd3.xlarge_use1-az2': 50, 'd3.xlarge_use1-az4': 45, 'd3.xlarge_use1-az6': 25, 'd3en.12xlarge_use1-az1': 1, 'd3en.12xlarge_use1-az2': 10, 'd3en.12xlarge_use1-az4': 20, 'd3en.12xlarge_use1-az6': 50, 'd3en.2xlarge_use1-az1': 5, 'd3en.2xlarge_use1-az2': 25, 'd3en.2xlarge_use1-az4': 15, 'd3en.2xlarge_use1-az6': 50, 'd3en.4xlarge_use1-az4': 10, 'd3en.4xlarge_use1-az6': 50, 'd3en.6xlarge_use1-az1': 1, 'd3en.6xlarge_use1-az2': 5, 'd3en.6xlarge_use1-az4': 15, 'd3en.6xlarge_use1-az6': 50, 'd3en.8xlarge_use1-az1': 1, 'd3en.8xlarge_use1-az2': 15, 'd3en.8xlarge_use1-az4': 5, 'd3en.8xlarge_use1-az6': 50, 'd3en.xlarge_use1-az1': 5, 'd3en.xlarge_use1-az2': 50, 'd3en.xlarge_use1-az4': 30, 'd3en.xlarge_use1-az6': 50, 'f2.12xlarge_use1-az2': 1, 'f2.12xlarge_use1-az4': 1, 'f2.12xlarge_use1-az6': 1, 'f2.48xlarge_use1-az2': 5, 'f2.48xlarge_use1-az4': 5, 'f2.48xlarge_use1-az6': 1, 'g4ad.16xlarge_use1-az1': 5, 'g4ad.16xlarge_use1-az2': 5, 'g4ad.16xlarge_use1-az4': 5, 'g4ad.16xlarge_use1-az6': 10, 'g4ad.2xlarge_use1-az1': 5, 'g4ad.2xlarge_use1-az2': 10, 'g4ad.2xlarge_use1-az4': 10, 'g4ad.2xlarge_use1-az6': 10, 'g4ad.4xlarge_use1-az1': 10, 'g4ad.4xlarge_use1-az2': 15, 'g4ad.4xlarge_use1-az4': 15, 'g4ad.4xlarge_use1-az6': 5, 'g4ad.8xlarge_use1-az1': 1, 'g4ad.8xlarge_use1-az2': 5, 'g4ad.8xlarge_use1-az4': 5, 'g4ad.8xlarge_use1-az6': 5, 'g4ad.xlarge_use1-az1': 20, 'g4ad.xlarge_use1-az2': 20, 'g4ad.xlarge_use1-az4': 25, 'g4ad.xlarge_use1-az6': 20, 'g4dn.12xlarge_use1-az1': 5, 'g4dn.12xlarge_use1-az2': 15, 'g4dn.12xlarge_use1-az4': 15, 'g4dn.12xlarge_use1-az5': 15, 'g4dn.12xlarge_use1-az6': 50, 'g4dn.16xlarge_use1-az1': 1, 'g4dn.16xlarge_use1-az2': 10, 'g4dn.16xlarge_use1-az4': 1, 'g4dn.16xlarge_use1-az5': 5, 'g4dn.16xlarge_use1-az6': 15, 'g4dn.2xlarge_use1-az1': 45, 'g4dn.2xlarge_use1-az2': 50, 'g4dn.2xlarge_use1-az4': 50, 'g4dn.2xlarge_use1-az5': 50, 'g4dn.2xlarge_use1-az6': 50, 'g4dn.4xlarge_use1-az1': 5, 'g4dn.4xlarge_use1-az2': 40, 'g4dn.4xlarge_use1-az4': 25, 'g4dn.4xlarge_use1-az5': 40, 'g4dn.4xlarge_use1-az6': 40, 'g4dn.8xlarge_use1-az1': 1, 'g4dn.8xlarge_use1-az2': 1, 'g4dn.8xlarge_use1-az4': 10, 'g4dn.8xlarge_use1-az5': 1, 'g4dn.8xlarge_use1-az6': 5, 'g4dn.xlarge_use1-az1': 50, 'g4dn.xlarge_use1-az2': 50, 'g4dn.xlarge_use1-az4': 50, 'g4dn.xlarge_use1-az5': 50, 'g4dn.xlarge_use1-az6': 50, 'g5.12xlarge_use1-az2': 1, 'g5.12xlarge_use1-az5': 10, 'g5.12xlarge_use1-az6': 5, 'g5.16xlarge_use1-az1': 1, 'g5.16xlarge_use1-az2': 1, 'g5.16xlarge_use1-az4': 5, 'g5.16xlarge_use1-az5': 5, 'g5.16xlarge_use1-az6': 10, 'g5.24xlarge_use1-az1': 1, 'g5.24xlarge_use1-az2': 1, 'g5.24xlarge_use1-az4': 1, 'g5.24xlarge_use1-az5': 1, 'g5.24xlarge_use1-az6': 5, 'g5.2xlarge_use1-az1': 25, 'g5.2xlarge_use1-az5': 50, 'g5.2xlarge_use1-az6': 45, 'g5.48xlarge_use1-az2': 1, 'g5.48xlarge_use1-az5': 5, 'g5.48xlarge_use1-az6': 25, 'g5.4xlarge_use1-az1': 1, 'g5.4xlarge_use1-az2': 50, 'g5.4xlarge_use1-az4': 50, 'g5.4xlarge_use1-az5': 40, 'g5.4xlarge_use1-az6': 50, 'g5.8xlarge_use1-az1': 1, 'g5.8xlarge_use1-az2': 5, 'g5.8xlarge_use1-az4': 10, 'g5.8xlarge_use1-az5': 20, 'g5.8xlarge_use1-az6': 10, 'g5g.16xlarge_use1-az1': 1, 'g5g.16xlarge_use1-az6': 5, 'g5g.4xlarge_use1-az6': 1, 'g5g.8xlarge_use1-az1': 1, 'g5g.8xlarge_use1-az4': 1, 'g5g.8xlarge_use1-az6': 1, 'g6.12xlarge_use1-az1': 5, 'g6.12xlarge_use1-az2': 1, 'g6.12xlarge_use1-az4': 30, 'g6.12xlarge_use1-az6': 50, 'g6.16xlarge_use1-az1': 1, 'g6.16xlarge_use1-az2': 1, 'g6.16xlarge_use1-az4': 1, 'g6.16xlarge_use1-az6': 5, 'g6.24xlarge_use1-az2': 1, 'g6.24xlarge_use1-az4': 1, 'g6.24xlarge_use1-az6': 1, 'g6.2xlarge_use1-az1': 10, 'g6.2xlarge_use1-az2': 25, 'g6.2xlarge_use1-az4': 50, 'g6.2xlarge_use1-az6': 50, 'g6.48xlarge_use1-az2': 5, 'g6.48xlarge_use1-az4': 30, 'g6.48xlarge_use1-az6': 50, 'g6.4xlarge_use1-az1': 5, 'g6.4xlarge_use1-az2': 10, 'g6.4xlarge_use1-az4': 35, 'g6.4xlarge_use1-az6': 50, 'g6.8xlarge_use1-az1': 5, 'g6.8xlarge_use1-az2': 5, 'g6.8xlarge_use1-az4': 10, 'g6.8xlarge_use1-az6': 15, 'g6e.16xlarge_use1-az1': 10, 'g6e.16xlarge_use1-az2': 15, 'g6e.16xlarge_use1-az4': 40, 'g6e.16xlarge_use1-az6': 20, 'g6e.48xlarge_use1-az4': 5, 'g6e.48xlarge_use1-az6': 1, 'g6e.4xlarge_use1-az1': 1, 'g6e.4xlarge_use1-az4': 5, 'g6e.4xlarge_use1-az6': 1, 'g6e.8xlarge_use1-az1': 1, 'g6e.8xlarge_use1-az2': 1, 'g6e.8xlarge_use1-az4': 1, 'g6e.8xlarge_use1-az6': 1, 'g6f.2xlarge_use1-az1': 1, 'g6f.2xlarge_use1-az4': 1, 'g6f.2xlarge_use1-az6': 5, 'g6f.4xlarge_use1-az1': 1, 'g6f.4xlarge_use1-az4': 1, 'g6f.4xlarge_use1-az6': 1, 'g6f.large_use1-az1': 10, 'g6f.large_use1-az2': 15, 'g6f.large_use1-az4': 40, 'g6f.large_use1-az6': 20, 'g6f.xlarge_use1-az1': 1, 'g6f.xlarge_use1-az2': 1, 'g6f.xlarge_use1-az4': 5, 'g6f.xlarge_use1-az6': 10, 'gr6.4xlarge_use1-az2': 1, 'gr6.4xlarge_use1-az4': 1, 'gr6.4xlarge_use1-az6': 1, 'gr6.8xlarge_use1-az1': 1, 'gr6.8xlarge_use1-az2': 1, 'gr6.8xlarge_use1-az4': 1, 'gr6.8xlarge_use1-az6': 1, 'i2.2xlarge_use1-az2': 10, 'i2.2xlarge_use1-az3': 5, 'i2.4xlarge_use1-az1': 1, 'i2.4xlarge_use1-az2': 10, 'i2.4xlarge_use1-az3': 1, 'i2.4xlarge_use1-az4': 10, 'i2.4xlarge_use1-az6': 5, 'i2.8xlarge_use1-az3': 1, 'i2.xlarge_use1-az1': 1, 'i2.xlarge_use1-az2': 15, 'i2.xlarge_use1-az3': 1, 'i2.xlarge_use1-az4': 20, 'i2.xlarge_use1-az6': 15, 'i3.16xlarge_use1-az1': 20, 'i3.16xlarge_use1-az2': 50, 'i3.16xlarge_use1-az3': 10, 'i3.16xlarge_use1-az4': 50, 'i3.16xlarge_use1-az5': 10, 'i3.16xlarge_use1-az6': 45, 'i3.2xlarge_use1-az1': 50, 'i3.2xlarge_use1-az2': 50, 'i3.2xlarge_use1-az3': 50, 'i3.2xlarge_use1-az4': 50, 'i3.2xlarge_use1-az5': 50, 'i3.2xlarge_use1-az6': 50, 'i3.4xlarge_use1-az1': 50, 'i3.4xlarge_use1-az2': 50, 'i3.4xlarge_use1-az3': 50, 'i3.4xlarge_use1-az4': 50, 'i3.4xlarge_use1-az5': 50, 'i3.4xlarge_use1-az6': 50, 'i3.8xlarge_use1-az1': 50, 'i3.8xlarge_use1-az2': 50, 'i3.8xlarge_use1-az3': 50, 'i3.8xlarge_use1-az4': 50, 'i3.8xlarge_use1-az5': 25, 'i3.8xlarge_use1-az6': 50, 'i3.large_use1-az1': 50, 'i3.large_use1-az2': 50, 'i3.large_use1-az3': 50, 'i3.large_use1-az4': 50, 'i3.large_use1-az5': 50, 'i3.large_use1-az6': 50, 'i3.xlarge_use1-az1': 50, 'i3.xlarge_use1-az2': 50, 'i3.xlarge_use1-az3': 50, 'i3.xlarge_use1-az4': 50, 'i3.xlarge_use1-az5': 50, 'i3.xlarge_use1-az6': 50, 'i3en.12xlarge_use1-az2': 1, 'i3en.12xlarge_use1-az6': 50, 'i3en.24xlarge_use1-az6': 20, 'i3en.2xlarge_use1-az1': 50, 'i3en.2xlarge_use1-az2': 50, 'i3en.2xlarge_use1-az4': 30, 'i3en.2xlarge_use1-az5': 50, 'i3en.2xlarge_use1-az6': 50, 'i3en.3xlarge_use1-az1': 50, 'i3en.3xlarge_use1-az2': 50, 'i3en.3xlarge_use1-az4': 50, 'i3en.3xlarge_use1-az5': 50, 'i3en.3xlarge_use1-az6': 50, 'i3en.6xlarge_use1-az1': 10, 'i3en.6xlarge_use1-az2': 20, 'i3en.6xlarge_use1-az4': 10, 'i3en.6xlarge_use1-az6': 50, 'i3en.large_use1-az1': 50, 'i3en.large_use1-az2': 50, 'i3en.large_use1-az4': 45, 'i3en.large_use1-az5': 35, 'i3en.large_use1-az6': 50, 'i3en.xlarge_use1-az1': 50, 'i3en.xlarge_use1-az2': 50, 'i3en.xlarge_use1-az4': 50, 'i3en.xlarge_use1-az5': 50, 'i3en.xlarge_use1-az6': 50, 'i4g.16xlarge_use1-az2': 1, 'i4g.16xlarge_use1-az4': 1, 'i4g.16xlarge_use1-az5': 50, 'i4g.16xlarge_use1-az6': 50, 'i4g.2xlarge_use1-az2': 10, 'i4g.2xlarge_use1-az4': 15, 'i4g.2xlarge_use1-az5': 40, 'i4g.2xlarge_use1-az6': 50, 'i4g.4xlarge_use1-az2': 25, 'i4g.4xlarge_use1-az4': 30, 'i4g.4xlarge_use1-az5': 50, 'i4g.4xlarge_use1-az6': 50, 'i4g.8xlarge_use1-az5': 45, 'i4g.8xlarge_use1-az6': 15, 'i4g.large_use1-az1': 5, 'i4g.large_use1-az2': 5, 'i4g.large_use1-az4': 5, 'i4g.large_use1-az5': 25, 'i4g.large_use1-az6': 50, 'i4g.xlarge_use1-az2': 10, 'i4g.xlarge_use1-az4': 1, 'i4g.xlarge_use1-az5': 50, 'i4g.xlarge_use1-az6': 50, 'i4i.12xlarge_use1-az2': 5, 'i4i.16xlarge_use1-az1': 1, 'i4i.16xlarge_use1-az2': 1, 'i4i.16xlarge_use1-az6': 1, 'i4i.24xlarge_use1-az2': 1, 'i4i.2xlarge_use1-az1': 15, 'i4i.2xlarge_use1-az2': 50, 'i4i.2xlarge_use1-az4': 50, 'i4i.2xlarge_use1-az5': 1, 'i4i.2xlarge_use1-az6': 50, 'i4i.4xlarge_use1-az1': 1, 'i4i.4xlarge_use1-az2': 35, 'i4i.4xlarge_use1-az4': 1, 'i4i.4xlarge_use1-az6': 15, 'i4i.8xlarge_use1-az1': 1, 'i4i.8xlarge_use1-az2': 40, 'i4i.8xlarge_use1-az6': 5, 'i4i.large_use1-az1': 50, 'i4i.large_use1-az2': 50, 'i4i.large_use1-az4': 50, 'i4i.large_use1-az5': 50, 'i4i.large_use1-az6': 50, 'i4i.xlarge_use1-az1': 50, 'i4i.xlarge_use1-az2': 50, 'i4i.xlarge_use1-az4': 50, 'i4i.xlarge_use1-az5': 50, 'i4i.xlarge_use1-az6': 50, 'i7i.12xlarge_use1-az1': 1, 'i7i.12xlarge_use1-az2': 1, 'i7i.12xlarge_use1-az4': 1, 'i7i.12xlarge_use1-az5': 1, 'i7i.12xlarge_use1-az6': 1, 'i7i.16xlarge_use1-az2': 1, 'i7i.16xlarge_use1-az4': 5, 'i7i.16xlarge_use1-az5': 1, 'i7i.16xlarge_use1-az6': 1, 'i7i.24xlarge_use1-az2': 1, 'i7i.24xlarge_use1-az4': 1, 'i7i.24xlarge_use1-az5': 1, 'i7i.24xlarge_use1-az6': 1, 'i7i.2xlarge_use1-az1': 1, 'i7i.2xlarge_use1-az2': 50, 'i7i.2xlarge_use1-az4': 45, 'i7i.2xlarge_use1-az5': 20, 'i7i.2xlarge_use1-az6': 10, 'i7i.48xlarge_use1-az2': 1, 'i7i.4xlarge_use1-az1': 1, 'i7i.4xlarge_use1-az2': 15, 'i7i.4xlarge_use1-az4': 20, 'i7i.4xlarge_use1-az5': 5, 'i7i.4xlarge_use1-az6': 20, 'i7i.8xlarge_use1-az1': 1, 'i7i.8xlarge_use1-az2': 1, 'i7i.8xlarge_use1-az4': 5, 'i7i.8xlarge_use1-az5': 1, 'i7i.8xlarge_use1-az6': 1, 'i7i.metal-24xl_use1-az2': 1, 'i7i.metal-24xl_use1-az4': 50, 'i7i.metal-24xl_use1-az6': 35, 'i7i.xlarge_use1-az1': 1, 'i7i.xlarge_use1-az6': 20, 'i7ie.12xlarge_use1-az1': 1, 'i7ie.12xlarge_use1-az4': 1, 'i7ie.12xlarge_use1-az6': 30, 'i7ie.18xlarge_use1-az4': 1, 'i7ie.18xlarge_use1-az6': 20, 'i7ie.24xlarge_use1-az1': 1, 'i7ie.24xlarge_use1-az2': 1, 'i7ie.24xlarge_use1-az4': 1, 'i7ie.24xlarge_use1-az6': 50, 'i7ie.2xlarge_use1-az1': 5, 'i7ie.2xlarge_use1-az2': 1, 'i7ie.2xlarge_use1-az4': 15, 'i7ie.2xlarge_use1-az6': 35, 'i7ie.3xlarge_use1-az1': 5, 'i7ie.3xlarge_use1-az2': 1, 'i7ie.3xlarge_use1-az4': 5, 'i7ie.3xlarge_use1-az6': 30, 'i7ie.48xlarge_use1-az6': 50, 'i7ie.6xlarge_use1-az1': 25, 'i7ie.6xlarge_use1-az4': 20, 'i7ie.6xlarge_use1-az6': 50, 'i7ie.large_use1-az1': 45, 'i7ie.large_use1-az2': 15, 'i7ie.large_use1-az4': 50, 'i7ie.large_use1-az6': 50, 'i7ie.metal-24xl_use1-az4': 1, 'i7ie.metal-24xl_use1-az6': 15, 'i7ie.metal-48xl_use1-az6': 10, 'i7ie.xlarge_use1-az1': 10, 'i7ie.xlarge_use1-az2': 25, 'i7ie.xlarge_use1-az4': 45, 'i7ie.xlarge_use1-az6': 50, 'i8g.12xlarge_use1-az6': 1, 'i8g.24xlarge_use1-az6': 10, 'i8g.2xlarge_use1-az2': 1, 'i8g.4xlarge_use1-az2': 1, 'i8g.8xlarge_use1-az6': 5, 'i8g.large_use1-az2': 10, 'i8g.large_use1-az6': 5, 'i8g.xlarge_use1-az2': 1, 'i8g.xlarge_use1-az4': 1, 'i8g.xlarge_use1-az6': 1, 'i8ge.12xlarge_use1-az4': 1, 'i8ge.12xlarge_use1-az6': 5, 'i8ge.18xlarge_use1-az2': 1, 'i8ge.18xlarge_use1-az4': 1, 'i8ge.18xlarge_use1-az6': 5, 'i8ge.24xlarge_use1-az4': 1, 'i8ge.24xlarge_use1-az6': 5, 'i8ge.2xlarge_use1-az4': 10, 'i8ge.3xlarge_use1-az2': 1, 'i8ge.3xlarge_use1-az4': 5, 'i8ge.48xlarge_use1-az4': 5, 'i8ge.6xlarge_use1-az2': 1, 'i8ge.6xlarge_use1-az4': 1, 'i8ge.large_use1-az2': 5, 'i8ge.large_use1-az4': 50, 'i8ge.metal-24xl_use1-az4': 1, 'i8ge.metal-48xl_use1-az6': 1, 'i8ge.xlarge_use1-az4': 20, 'im4gn.16xlarge_use1-az4': 45, 'im4gn.2xlarge_use1-az1': 10, 'im4gn.2xlarge_use1-az4': 20, 'im4gn.2xlarge_use1-az6': 15, 'im4gn.4xlarge_use1-az1': 5, 'im4gn.4xlarge_use1-az4': 15, 'im4gn.8xlarge_use1-az1': 1, 'im4gn.8xlarge_use1-az4': 5, 'im4gn.large_use1-az1': 35, 'im4gn.large_use1-az2': 10, 'im4gn.large_use1-az4': 50, 'im4gn.large_use1-az6': 10, 'im4gn.xlarge_use1-az1': 25, 'im4gn.xlarge_use1-az2': 50, 'im4gn.xlarge_use1-az4': 30, 'im4gn.xlarge_use1-az6': 40, 'inf1.24xlarge_use1-az1': 1, 'inf1.24xlarge_use1-az2': 1, 'inf1.24xlarge_use1-az4': 10, 'inf1.24xlarge_use1-az5': 5, 'inf1.24xlarge_use1-az6': 20, 'inf1.2xlarge_use1-az1': 15, 'inf1.2xlarge_use1-az2': 15, 'inf1.2xlarge_use1-az4': 30, 'inf1.2xlarge_use1-az5': 40, 'inf1.2xlarge_use1-az6': 40, 'inf1.6xlarge_use1-az1': 1, 'inf1.6xlarge_use1-az2': 1, 'inf1.6xlarge_use1-az4': 5, 'inf1.6xlarge_use1-az5': 5, 'inf1.6xlarge_use1-az6': 10, 'inf1.xlarge_use1-az1': 50, 'inf1.xlarge_use1-az2': 50, 'inf1.xlarge_use1-az4': 40, 'inf1.xlarge_use1-az5': 50, 'inf1.xlarge_use1-az6': 50, 'inf2.24xlarge_use1-az4': 1, 'inf2.24xlarge_use1-az6': 10, 'inf2.48xlarge_use1-az6': 15, 'inf2.8xlarge_use1-az2': 5, 'inf2.8xlarge_use1-az4': 5, 'inf2.8xlarge_use1-az5': 1, 'inf2.8xlarge_use1-az6': 1, 'inf2.xlarge_use1-az2': 5, 'inf2.xlarge_use1-az4': 1, 'inf2.xlarge_use1-az6': 50, 'is4gen.2xlarge_use1-az2': 50, 'is4gen.2xlarge_use1-az4': 50, 'is4gen.2xlarge_use1-az6': 50, 'is4gen.8xlarge_use1-az1': 1, 'is4gen.8xlarge_use1-az4': 1, 'is4gen.medium_use1-az1': 50, 'is4gen.medium_use1-az2': 25, 'is4gen.medium_use1-az4': 40, 'is4gen.medium_use1-az6': 30, 'is4gen.xlarge_use1-az4': 15, 'm1.xlarge_use1-az2': 10, 'm1.xlarge_use1-az4': 10, 'm1.xlarge_use1-az6': 10, 'm2.2xlarge_use1-az1': 5, 'm2.2xlarge_use1-az2': 10, 'm2.2xlarge_use1-az4': 15, 'm2.2xlarge_use1-az6': 5, 'm2.4xlarge_use1-az1': 1, 'm2.4xlarge_use1-az2': 5, 'm2.4xlarge_use1-az4': 5, 'm2.4xlarge_use1-az6': 5, 'm2.xlarge_use1-az1': 5, 'm2.xlarge_use1-az2': 20, 'm2.xlarge_use1-az4': 20, 'm2.xlarge_use1-az6': 15, 'm3.2xlarge_use1-az2': 25, 'm3.2xlarge_use1-az3': 1, 'm3.2xlarge_use1-az4': 40, 'm3.2xlarge_use1-az6': 45, 'm3.large_use1-az2': 50, 'm3.large_use1-az3': 1, 'm3.large_use1-az4': 50, 'm3.large_use1-az6': 50, 'm3.xlarge_use1-az2': 50, 'm3.xlarge_use1-az3': 1, 'm3.xlarge_use1-az4': 50, 'm3.xlarge_use1-az6': 50, 'm4.10xlarge_use1-az1': 5, 'm4.10xlarge_use1-az2': 10, 'm4.10xlarge_use1-az3': 1, 'm4.10xlarge_use1-az4': 50, 'm4.10xlarge_use1-az5': 1, 'm4.10xlarge_use1-az6': 50, 'm4.2xlarge_use1-az1': 5, 'm4.2xlarge_use1-az2': 20, 'm4.2xlarge_use1-az3': 50, 'm4.2xlarge_use1-az4': 20, 'm4.2xlarge_use1-az5': 1, 'm4.2xlarge_use1-az6': 25, 'm4.4xlarge_use1-az1': 50, 'm4.4xlarge_use1-az2': 50, 'm4.4xlarge_use1-az3': 50, 'm4.4xlarge_use1-az4': 25, 'm4.4xlarge_use1-az5': 10, 'm4.4xlarge_use1-az6': 15, 'm4.large_use1-az1': 30, 'm4.large_use1-az2': 50, 'm4.large_use1-az3': 25, 'm4.large_use1-az4': 50, 'm4.large_use1-az5': 10, 'm4.large_use1-az6': 50, 'm4.xlarge_use1-az1': 15, 'm4.xlarge_use1-az2': 50, 'm4.xlarge_use1-az3': 50, 'm4.xlarge_use1-az4': 50, 'm4.xlarge_use1-az5': 30, 'm4.xlarge_use1-az6': 50, 'm5.12xlarge_use1-az1': 5, 'm5.12xlarge_use1-az2': 25, 'm5.12xlarge_use1-az4': 50, 'm5.12xlarge_use1-az5': 1, 'm5.12xlarge_use1-az6': 40, 'm5.16xlarge_use1-az1': 10, 'm5.16xlarge_use1-az2': 50, 'm5.16xlarge_use1-az4': 50, 'm5.16xlarge_use1-az5': 1, 'm5.16xlarge_use1-az6': 50, 'm5.24xlarge_use1-az1': 5, 'm5.24xlarge_use1-az2': 5, 'm5.24xlarge_use1-az4': 5, 'm5.24xlarge_use1-az5': 1, 'm5.24xlarge_use1-az6': 35, 'm5.2xlarge_use1-az1': 50, 'm5.2xlarge_use1-az2': 50, 'm5.2xlarge_use1-az4': 50, 'm5.2xlarge_use1-az5': 50, 'm5.2xlarge_use1-az6': 50, 'm5.4xlarge_use1-az1': 50, 'm5.4xlarge_use1-az2': 50, 'm5.4xlarge_use1-az4': 50, 'm5.4xlarge_use1-az5': 10, 'm5.4xlarge_use1-az6': 50, 'm5.8xlarge_use1-az1': 50, 'm5.8xlarge_use1-az2': 40, 'm5.8xlarge_use1-az4': 50, 'm5.8xlarge_use1-az5': 1, 'm5.8xlarge_use1-az6': 50, 'm5.large_use1-az1': 50, 'm5.large_use1-az2': 50, 'm5.large_use1-az4': 50, 'm5.large_use1-az5': 50, 'm5.large_use1-az6': 50, 'm5.xlarge_use1-az1': 50, 'm5.xlarge_use1-az2': 50, 'm5.xlarge_use1-az4': 50, 'm5.xlarge_use1-az5': 50, 'm5.xlarge_use1-az6': 50, 'm5a.12xlarge_use1-az2': 1, 'm5a.12xlarge_use1-az4': 1, 'm5a.12xlarge_use1-az6': 1, 'm5a.16xlarge_use1-az2': 1, 'm5a.16xlarge_use1-az4': 1, 'm5a.16xlarge_use1-az6': 1, 'm5a.24xlarge_use1-az1': 1, 'm5a.24xlarge_use1-az2': 1, 'm5a.24xlarge_use1-az4': 1, 'm5a.24xlarge_use1-az5': 5, 'm5a.24xlarge_use1-az6': 5, 'm5a.2xlarge_use1-az1': 10, 'm5a.2xlarge_use1-az2': 25, 'm5a.2xlarge_use1-az4': 25, 'm5a.2xlarge_use1-az5': 5, 'm5a.2xlarge_use1-az6': 45, 'm5a.4xlarge_use1-az1': 5, 'm5a.4xlarge_use1-az2': 10, 'm5a.4xlarge_use1-az4': 5, 'm5a.4xlarge_use1-az5': 10, 'm5a.4xlarge_use1-az6': 15, 'm5a.8xlarge_use1-az1': 1, 'm5a.8xlarge_use1-az2': 20, 'm5a.8xlarge_use1-az4': 20, 'm5a.8xlarge_use1-az5': 1, 'm5a.8xlarge_use1-az6': 5, 'm5a.large_use1-az1': 50, 'm5a.large_use1-az2': 50, 'm5a.large_use1-az4': 50, 'm5a.large_use1-az5': 45, 'm5a.large_use1-az6': 50, 'm5a.xlarge_use1-az1': 10, 'm5a.xlarge_use1-az2': 30, 'm5a.xlarge_use1-az4': 10, 'm5a.xlarge_use1-az5': 20, 'm5a.xlarge_use1-az6': 50, 'm5ad.12xlarge_use1-az1': 1, 'm5ad.16xlarge_use1-az1': 1, 'm5ad.16xlarge_use1-az2': 1, 'm5ad.16xlarge_use1-az4': 1, 'm5ad.16xlarge_use1-az6': 1, 'm5ad.24xlarge_use1-az1': 5, 'm5ad.24xlarge_use1-az2': 1, 'm5ad.24xlarge_use1-az4': 1, 'm5ad.24xlarge_use1-az6': 5, 'm5ad.2xlarge_use1-az1': 1, 'm5ad.2xlarge_use1-az2': 1, 'm5ad.2xlarge_use1-az4': 5, 'm5ad.2xlarge_use1-az6': 1, 'm5ad.4xlarge_use1-az1': 1, 'm5ad.4xlarge_use1-az2': 1, 'm5ad.4xlarge_use1-az4': 1, 'm5ad.4xlarge_use1-az6': 1, 'm5ad.8xlarge_use1-az2': 1, 'm5ad.large_use1-az1': 10, 'm5ad.large_use1-az2': 5, 'm5ad.large_use1-az4': 10, 'm5ad.large_use1-az5': 1, 'm5ad.large_use1-az6': 10, 'm5ad.xlarge_use1-az1': 1, 'm5ad.xlarge_use1-az2': 10, 'm5ad.xlarge_use1-az4': 5, 'm5ad.xlarge_use1-az6': 5, 'm5d.12xlarge_use1-az1': 1, 'm5d.12xlarge_use1-az2': 25, 'm5d.12xlarge_use1-az4': 30, 'm5d.12xlarge_use1-az6': 15, 'm5d.16xlarge_use1-az1': 5, 'm5d.16xlarge_use1-az2': 35, 'm5d.16xlarge_use1-az4': 20, 'm5d.16xlarge_use1-az5': 1, 'm5d.16xlarge_use1-az6': 50, 'm5d.24xlarge_use1-az1': 20, 'm5d.24xlarge_use1-az2': 15, 'm5d.24xlarge_use1-az4': 5, 'm5d.24xlarge_use1-az5': 1, 'm5d.24xlarge_use1-az6': 50, 'm5d.2xlarge_use1-az1': 5, 'm5d.2xlarge_use1-az2': 25, 'm5d.2xlarge_use1-az4': 25, 'm5d.2xlarge_use1-az6': 30, 'm5d.4xlarge_use1-az1': 5, 'm5d.4xlarge_use1-az2': 15, 'm5d.4xlarge_use1-az4': 25, 'm5d.4xlarge_use1-az6': 25, 'm5d.8xlarge_use1-az1': 1, 'm5d.8xlarge_use1-az2': 25, 'm5d.8xlarge_use1-az4': 10, 'm5d.8xlarge_use1-az5': 1, 'm5d.8xlarge_use1-az6': 10, 'm5d.large_use1-az1': 5, 'm5d.large_use1-az2': 50, 'm5d.large_use1-az4': 50, 'm5d.large_use1-az6': 50, 'm5d.xlarge_use1-az1': 50, 'm5d.xlarge_use1-az2': 50, 'm5d.xlarge_use1-az4': 50, 'm5d.xlarge_use1-az5': 1, 'm5d.xlarge_use1-az6': 50, 'm5dn.12xlarge_use1-az1': 1, 'm5dn.12xlarge_use1-az4': 1, 'm5dn.12xlarge_use1-az6': 1, 'm5dn.16xlarge_use1-az1': 1, 'm5dn.16xlarge_use1-az2': 5, 'm5dn.16xlarge_use1-az4': 1, 'm5dn.16xlarge_use1-az6': 1, 'm5dn.24xlarge_use1-az1': 1, 'm5dn.24xlarge_use1-az2': 1, 'm5dn.24xlarge_use1-az4': 1, 'm5dn.24xlarge_use1-az6': 5, 'm5dn.2xlarge_use1-az1': 10, 'm5dn.2xlarge_use1-az2': 5, 'm5dn.2xlarge_use1-az4': 5, 'm5dn.2xlarge_use1-az5': 1, 'm5dn.2xlarge_use1-az6': 15, 'm5dn.4xlarge_use1-az1': 5, 'm5dn.4xlarge_use1-az2': 5, 'm5dn.4xlarge_use1-az4': 1, 'm5dn.4xlarge_use1-az5': 1, 'm5dn.4xlarge_use1-az6': 5, 'm5dn.8xlarge_use1-az2': 1, 'm5dn.8xlarge_use1-az6': 1, 'm5dn.large_use1-az1': 35, 'm5dn.large_use1-az2': 30, 'm5dn.large_use1-az4': 40, 'm5dn.large_use1-az5': 15, 'm5dn.large_use1-az6': 50, 'm5dn.xlarge_use1-az1': 10, 'm5dn.xlarge_use1-az2': 25, 'm5dn.xlarge_use1-az4': 20, 'm5dn.xlarge_use1-az5': 1, 'm5dn.xlarge_use1-az6': 30, 'm5n.12xlarge_use1-az1': 1, 'm5n.12xlarge_use1-az2': 1, 'm5n.12xlarge_use1-az4': 1, 'm5n.12xlarge_use1-az5': 1, 'm5n.12xlarge_use1-az6': 1, 'm5n.16xlarge_use1-az2': 1, 'm5n.16xlarge_use1-az4': 1, 'm5n.16xlarge_use1-az6': 1, 'm5n.24xlarge_use1-az2': 1, 'm5n.24xlarge_use1-az4': 1, 'm5n.24xlarge_use1-az6': 1, 'm5n.2xlarge_use1-az1': 15, 'm5n.2xlarge_use1-az2': 25, 'm5n.2xlarge_use1-az4': 30, 'm5n.2xlarge_use1-az5': 5, 'm5n.2xlarge_use1-az6': 25, 'm5n.4xlarge_use1-az1': 25, 'm5n.4xlarge_use1-az2': 35, 'm5n.4xlarge_use1-az4': 50, 'm5n.4xlarge_use1-az5': 5, 'm5n.4xlarge_use1-az6': 10, 'm5n.8xlarge_use1-az1': 1, 'm5n.8xlarge_use1-az2': 1, 'm5n.8xlarge_use1-az4': 1, 'm5n.8xlarge_use1-az6': 5, 'm5n.large_use1-az1': 5, 'm5n.large_use1-az2': 15, 'm5n.large_use1-az4': 5, 'm5n.large_use1-az5': 5, 'm5n.large_use1-az6': 15, 'm5n.xlarge_use1-az1': 20, 'm5n.xlarge_use1-az2': 50, 'm5n.xlarge_use1-az4': 50, 'm5n.xlarge_use1-az5': 1, 'm5n.xlarge_use1-az6': 50, 'm5zn.12xlarge_use1-az2': 1, 'm5zn.12xlarge_use1-az4': 10, 'm5zn.12xlarge_use1-az5': 1, 'm5zn.12xlarge_use1-az6': 5, 'm5zn.2xlarge_use1-az1': 1, 'm5zn.2xlarge_use1-az2': 1, 'm5zn.2xlarge_use1-az4': 25, 'm5zn.2xlarge_use1-az5': 1, 'm5zn.2xlarge_use1-az6': 5, 'm5zn.3xlarge_use1-az1': 1, 'm5zn.3xlarge_use1-az2': 1, 'm5zn.3xlarge_use1-az4': 5, 'm5zn.3xlarge_use1-az6': 5, 'm5zn.6xlarge_use1-az4': 1, 'm5zn.6xlarge_use1-az6': 1, 'm5zn.large_use1-az1': 5, 'm5zn.large_use1-az2': 5, 'm5zn.large_use1-az4': 30, 'm5zn.large_use1-az5': 15, 'm5zn.large_use1-az6': 20, 'm5zn.xlarge_use1-az1': 1, 'm5zn.xlarge_use1-az2': 1, 'm5zn.xlarge_use1-az4': 20, 'm5zn.xlarge_use1-az5': 5, 'm5zn.xlarge_use1-az6': 5, 'm6a.12xlarge_use1-az1': 5, 'm6a.12xlarge_use1-az2': 5, 'm6a.12xlarge_use1-az4': 15, 'm6a.12xlarge_use1-az6': 10, 'm6a.16xlarge_use1-az1': 5, 'm6a.16xlarge_use1-az2': 5, 'm6a.16xlarge_use1-az4': 5, 'm6a.16xlarge_use1-az6': 5, 'm6a.24xlarge_use1-az1': 1, 'm6a.24xlarge_use1-az2': 1, 'm6a.24xlarge_use1-az4': 1, 'm6a.24xlarge_use1-az6': 1, 'm6a.2xlarge_use1-az1': 50, 'm6a.2xlarge_use1-az2': 35, 'm6a.2xlarge_use1-az4': 45, 'm6a.2xlarge_use1-az5': 15, 'm6a.2xlarge_use1-az6': 50, 'm6a.32xlarge_use1-az2': 1, 'm6a.32xlarge_use1-az4': 1, 'm6a.32xlarge_use1-az5': 1, 'm6a.32xlarge_use1-az6': 1, 'm6a.48xlarge_use1-az2': 1, 'm6a.48xlarge_use1-az4': 1, 'm6a.48xlarge_use1-az6': 1, 'm6a.4xlarge_use1-az1': 45, 'm6a.4xlarge_use1-az2': 40, 'm6a.4xlarge_use1-az4': 25, 'm6a.4xlarge_use1-az5': 5, 'm6a.4xlarge_use1-az6': 50, 'm6a.8xlarge_use1-az1': 25, 'm6a.8xlarge_use1-az2': 15, 'm6a.8xlarge_use1-az4': 50, 'm6a.8xlarge_use1-az5': 10, 'm6a.8xlarge_use1-az6': 50, 'm6a.large_use1-az1': 50, 'm6a.large_use1-az2': 50, 'm6a.large_use1-az4': 50, 'm6a.large_use1-az5': 30, 'm6a.large_use1-az6': 50, 'm6a.xlarge_use1-az1': 50, 'm6a.xlarge_use1-az2': 50, 'm6a.xlarge_use1-az4': 50, 'm6a.xlarge_use1-az5': 35, 'm6a.xlarge_use1-az6': 50, 'm6g.12xlarge_use1-az1': 1, 'm6g.12xlarge_use1-az2': 5, 'm6g.12xlarge_use1-az4': 50, 'm6g.12xlarge_use1-az6': 50, 'm6g.16xlarge_use1-az1': 1, 'm6g.16xlarge_use1-az2': 5, 'm6g.16xlarge_use1-az4': 25, 'm6g.16xlarge_use1-az6': 50, 'm6g.2xlarge_use1-az1': 15, 'm6g.2xlarge_use1-az2': 50, 'm6g.2xlarge_use1-az4': 50, 'm6g.2xlarge_use1-az5': 5, 'm6g.2xlarge_use1-az6': 50, 'm6g.4xlarge_use1-az1': 10, 'm6g.4xlarge_use1-az2': 50, 'm6g.4xlarge_use1-az4': 50, 'm6g.4xlarge_use1-az5': 10, 'm6g.4xlarge_use1-az6': 50, 'm6g.8xlarge_use1-az1': 5, 'm6g.8xlarge_use1-az2': 50, 'm6g.8xlarge_use1-az4': 50, 'm6g.8xlarge_use1-az6': 50, 'm6g.large_use1-az1': 1, 'm6g.large_use1-az2': 50, 'm6g.large_use1-az4': 50, 'm6g.large_use1-az5': 5, 'm6g.large_use1-az6': 50, 'm6g.medium_use1-az1': 5, 'm6g.medium_use1-az2': 5, 'm6g.medium_use1-az4': 10, 'm6g.medium_use1-az5': 1, 'm6g.medium_use1-az6': 15, 'm6g.xlarge_use1-az1': 50, 'm6g.xlarge_use1-az2': 50, 'm6g.xlarge_use1-az4': 50, 'm6g.xlarge_use1-az5': 50, 'm6g.xlarge_use1-az6': 50, 'm6gd.12xlarge_use1-az1': 10, 'm6gd.12xlarge_use1-az2': 40, 'm6gd.12xlarge_use1-az4': 20, 'm6gd.12xlarge_use1-az5': 5, 'm6gd.12xlarge_use1-az6': 50, 'm6gd.16xlarge_use1-az1': 5, 'm6gd.16xlarge_use1-az2': 10, 'm6gd.16xlarge_use1-az4': 10, 'm6gd.16xlarge_use1-az5': 10, 'm6gd.16xlarge_use1-az6': 35, 'm6gd.2xlarge_use1-az1': 1, 'm6gd.2xlarge_use1-az2': 50, 'm6gd.2xlarge_use1-az4': 45, 'm6gd.2xlarge_use1-az5': 1, 'm6gd.2xlarge_use1-az6': 5, 'm6gd.4xlarge_use1-az1': 1, 'm6gd.4xlarge_use1-az2': 5, 'm6gd.4xlarge_use1-az4': 5, 'm6gd.4xlarge_use1-az5': 1, 'm6gd.4xlarge_use1-az6': 15, 'm6gd.8xlarge_use1-az1': 5, 'm6gd.8xlarge_use1-az2': 10, 'm6gd.8xlarge_use1-az4': 15, 'm6gd.8xlarge_use1-az5': 1, 'm6gd.8xlarge_use1-az6': 20, 'm6gd.large_use1-az1': 1, 'm6gd.large_use1-az2': 5, 'm6gd.large_use1-az4': 5, 'm6gd.large_use1-az5': 1, 'm6gd.large_use1-az6': 15, 'm6gd.medium_use1-az1': 1, 'm6gd.medium_use1-az2': 1, 'm6gd.medium_use1-az4': 1, 'm6gd.medium_use1-az5': 5, 'm6gd.medium_use1-az6': 1, 'm6gd.xlarge_use1-az1': 1, 'm6gd.xlarge_use1-az2': 10, 'm6gd.xlarge_use1-az4': 35, 'm6gd.xlarge_use1-az5': 1, 'm6gd.xlarge_use1-az6': 15, 'm6i.12xlarge_use1-az1': 1, 'm6i.12xlarge_use1-az2': 10, 'm6i.12xlarge_use1-az4': 50, 'm6i.12xlarge_use1-az5': 1, 'm6i.12xlarge_use1-az6': 30, 'm6i.16xlarge_use1-az1': 1, 'm6i.16xlarge_use1-az2': 10, 'm6i.16xlarge_use1-az4': 5, 'm6i.16xlarge_use1-az5': 1, 'm6i.16xlarge_use1-az6': 10, 'm6i.24xlarge_use1-az2': 10, 'm6i.24xlarge_use1-az4': 5, 'm6i.24xlarge_use1-az5': 1, 'm6i.24xlarge_use1-az6': 50, 'm6i.2xlarge_use1-az1': 25, 'm6i.2xlarge_use1-az2': 50, 'm6i.2xlarge_use1-az4': 50, 'm6i.2xlarge_use1-az5': 25, 'm6i.2xlarge_use1-az6': 50, 'm6i.32xlarge_use1-az2': 1, 'm6i.32xlarge_use1-az4': 5, 'm6i.32xlarge_use1-az5': 1, 'm6i.32xlarge_use1-az6': 15, 'm6i.4xlarge_use1-az1': 15, 'm6i.4xlarge_use1-az2': 50, 'm6i.4xlarge_use1-az4': 50, 'm6i.4xlarge_use1-az5': 50, 'm6i.4xlarge_use1-az6': 50, 'm6i.8xlarge_use1-az1': 1, 'm6i.8xlarge_use1-az2': 50, 'm6i.8xlarge_use1-az4': 50, 'm6i.8xlarge_use1-az5': 20, 'm6i.8xlarge_use1-az6': 50, 'm6i.large_use1-az1': 25, 'm6i.large_use1-az2': 50, 'm6i.large_use1-az4': 50, 'm6i.large_use1-az5': 50, 'm6i.large_use1-az6': 50, 'm6i.xlarge_use1-az1': 45, 'm6i.xlarge_use1-az2': 50, 'm6i.xlarge_use1-az4': 50, 'm6i.xlarge_use1-az5': 25, 'm6i.xlarge_use1-az6': 50, 'm6id.12xlarge_use1-az1': 1, 'm6id.12xlarge_use1-az2': 1, 'm6id.12xlarge_use1-az4': 1, 'm6id.12xlarge_use1-az6': 1, 'm6id.16xlarge_use1-az1': 1, 'm6id.16xlarge_use1-az2': 1, 'm6id.16xlarge_use1-az4': 1, 'm6id.16xlarge_use1-az6': 1, 'm6id.24xlarge_use1-az1': 10, 'm6id.24xlarge_use1-az2': 15, 'm6id.24xlarge_use1-az4': 35, 'm6id.24xlarge_use1-az5': 5, 'm6id.24xlarge_use1-az6': 15, 'm6id.2xlarge_use1-az1': 5, 'm6id.2xlarge_use1-az2': 5, 'm6id.2xlarge_use1-az4': 5, 'm6id.2xlarge_use1-az5': 1, 'm6id.2xlarge_use1-az6': 5, 'm6id.32xlarge_use1-az1': 10, 'm6id.32xlarge_use1-az2': 15, 'm6id.32xlarge_use1-az4': 5, 'm6id.32xlarge_use1-az5': 1, 'm6id.32xlarge_use1-az6': 50, 'm6id.4xlarge_use1-az1': 15, 'm6id.4xlarge_use1-az2': 10, 'm6id.4xlarge_use1-az4': 5, 'm6id.4xlarge_use1-az5': 1, 'm6id.4xlarge_use1-az6': 10, 'm6id.8xlarge_use1-az1': 1, 'm6id.8xlarge_use1-az4': 5, 'm6id.8xlarge_use1-az5': 1, 'm6id.8xlarge_use1-az6': 1, 'm6id.large_use1-az1': 30, 'm6id.large_use1-az2': 35, 'm6id.large_use1-az4': 15, 'm6id.large_use1-az5': 5, 'm6id.large_use1-az6': 50, 'm6id.xlarge_use1-az1': 20, 'm6id.xlarge_use1-az2': 45, 'm6id.xlarge_use1-az4': 15, 'm6id.xlarge_use1-az5': 5, 'm6id.xlarge_use1-az6': 25, 'm6idn.12xlarge_use1-az2': 1, 'm6idn.16xlarge_use1-az4': 1, 'm6idn.24xlarge_use1-az1': 1, 'm6idn.24xlarge_use1-az2': 1, 'm6idn.24xlarge_use1-az4': 1, 'm6idn.2xlarge_use1-az1': 5, 'm6idn.2xlarge_use1-az2': 10, 'm6idn.2xlarge_use1-az4': 5, 'm6idn.2xlarge_use1-az5': 1, 'm6idn.2xlarge_use1-az6': 5, 'm6idn.32xlarge_use1-az2': 1, 'm6idn.4xlarge_use1-az1': 30, 'm6idn.4xlarge_use1-az2': 10, 'm6idn.4xlarge_use1-az4': 5, 'm6idn.4xlarge_use1-az5': 5, 'm6idn.4xlarge_use1-az6': 5, 'm6idn.large_use1-az1': 25, 'm6idn.large_use1-az2': 35, 'm6idn.large_use1-az4': 15, 'm6idn.large_use1-az5': 10, 'm6idn.large_use1-az6': 10, 'm6idn.xlarge_use1-az1': 15, 'm6idn.xlarge_use1-az2': 50, 'm6idn.xlarge_use1-az4': 20, 'm6idn.xlarge_use1-az5': 5, 'm6idn.xlarge_use1-az6': 10, 'm6in.12xlarge_use1-az4': 1, 'm6in.16xlarge_use1-az2': 1, 'm6in.16xlarge_use1-az4': 1, 'm6in.24xlarge_use1-az1': 1, 'm6in.24xlarge_use1-az2': 1, 'm6in.2xlarge_use1-az1': 10, 'm6in.2xlarge_use1-az2': 20, 'm6in.2xlarge_use1-az4': 10, 'm6in.2xlarge_use1-az5': 1, 'm6in.2xlarge_use1-az6': 5, 'm6in.4xlarge_use1-az1': 1, 'm6in.4xlarge_use1-az2': 1, 'm6in.4xlarge_use1-az5': 1, 'm6in.8xlarge_use1-az1': 1, 'm6in.8xlarge_use1-az2': 1, 'm6in.8xlarge_use1-az4': 1, 'm6in.large_use1-az1': 5, 'm6in.large_use1-az2': 10, 'm6in.large_use1-az4': 5, 'm6in.large_use1-az5': 1, 'm6in.large_use1-az6': 1, 'm6in.xlarge_use1-az1': 5, 'm6in.xlarge_use1-az2': 10, 'm6in.xlarge_use1-az4': 1, 'm7a.12xlarge_use1-az2': 1, 'm7a.12xlarge_use1-az6': 20, 'm7a.16xlarge_use1-az2': 1, 'm7a.16xlarge_use1-az6': 40, 'm7a.24xlarge_use1-az2': 1, 'm7a.24xlarge_use1-az6': 50, 'm7a.2xlarge_use1-az1': 5, 'm7a.2xlarge_use1-az2': 15, 'm7a.2xlarge_use1-az4': 10, 'm7a.2xlarge_use1-az6': 50, 'm7a.32xlarge_use1-az6': 20, 'm7a.48xlarge_use1-az6': 40, 'm7a.4xlarge_use1-az1': 10, 'm7a.4xlarge_use1-az2': 5, 'm7a.4xlarge_use1-az4': 10, 'm7a.4xlarge_use1-az6': 25, 'm7a.8xlarge_use1-az1': 1, 'm7a.8xlarge_use1-az2': 5, 'm7a.8xlarge_use1-az4': 1, 'm7a.8xlarge_use1-az6': 50, 'm7a.large_use1-az1': 15, 'm7a.large_use1-az2': 50, 'm7a.large_use1-az4': 50, 'm7a.large_use1-az5': 5, 'm7a.large_use1-az6': 50, 'm7a.medium_use1-az1': 10, 'm7a.medium_use1-az2': 50, 'm7a.medium_use1-az4': 50, 'm7a.medium_use1-az6': 50, 'm7a.xlarge_use1-az1': 5, 'm7a.xlarge_use1-az2': 40, 'm7a.xlarge_use1-az4': 50, 'm7a.xlarge_use1-az6': 50, 'm7g.12xlarge_use1-az1': 1, 'm7g.12xlarge_use1-az2': 10, 'm7g.12xlarge_use1-az4': 45, 'm7g.12xlarge_use1-az5': 1, 'm7g.12xlarge_use1-az6': 50, 'm7g.16xlarge_use1-az1': 1, 'm7g.16xlarge_use1-az2': 30, 'm7g.16xlarge_use1-az4': 35, 'm7g.16xlarge_use1-az5': 1, 'm7g.16xlarge_use1-az6': 50, 'm7g.2xlarge_use1-az1': 35, 'm7g.2xlarge_use1-az2': 50, 'm7g.2xlarge_use1-az4': 50, 'm7g.2xlarge_use1-az5': 15, 'm7g.2xlarge_use1-az6': 50, 'm7g.4xlarge_use1-az1': 10, 'm7g.4xlarge_use1-az2': 30, 'm7g.4xlarge_use1-az4': 50, 'm7g.4xlarge_use1-az5': 10, 'm7g.4xlarge_use1-az6': 50, 'm7g.8xlarge_use1-az1': 1, 'm7g.8xlarge_use1-az2': 15, 'm7g.8xlarge_use1-az4': 40, 'm7g.8xlarge_use1-az5': 1, 'm7g.8xlarge_use1-az6': 50, 'm7g.large_use1-az1': 10, 'm7g.large_use1-az2': 50, 'm7g.large_use1-az4': 50, 'm7g.large_use1-az5': 30, 'm7g.large_use1-az6': 50, 'm7g.medium_use1-az1': 30, 'm7g.medium_use1-az2': 40, 'm7g.medium_use1-az4': 50, 'm7g.medium_use1-az5': 35, 'm7g.medium_use1-az6': 50, 'm7g.metal_use1-az1': 1, 'm7g.metal_use1-az2': 25, 'm7g.metal_use1-az4': 10, 'm7g.metal_use1-az5': 1, 'm7g.metal_use1-az6': 50, 'm7g.xlarge_use1-az1': 50, 'm7g.xlarge_use1-az2': 50, 'm7g.xlarge_use1-az4': 50, 'm7g.xlarge_use1-az5': 50, 'm7g.xlarge_use1-az6': 50, 'm7gd.12xlarge_use1-az1': 5, 'm7gd.12xlarge_use1-az2': 10, 'm7gd.12xlarge_use1-az4': 1, 'm7gd.12xlarge_use1-az6': 35, 'm7gd.16xlarge_use1-az1': 1, 'm7gd.16xlarge_use1-az2': 30, 'm7gd.16xlarge_use1-az4': 1, 'm7gd.16xlarge_use1-az6': 40, 'm7gd.2xlarge_use1-az1': 15, 'm7gd.2xlarge_use1-az2': 50, 'm7gd.2xlarge_use1-az4': 15, 'm7gd.2xlarge_use1-az6': 25, 'm7gd.4xlarge_use1-az1': 5, 'm7gd.4xlarge_use1-az2': 10, 'm7gd.4xlarge_use1-az4': 1, 'm7gd.4xlarge_use1-az6': 40, 'm7gd.8xlarge_use1-az1': 10, 'm7gd.8xlarge_use1-az2': 50, 'm7gd.8xlarge_use1-az4': 30, 'm7gd.8xlarge_use1-az5': 45, 'm7gd.8xlarge_use1-az6': 50, 'm7gd.large_use1-az1': 5, 'm7gd.large_use1-az2': 50, 'm7gd.large_use1-az4': 5, 'm7gd.large_use1-az6': 50, 'm7gd.medium_use1-az1': 15, 'm7gd.medium_use1-az2': 20, 'm7gd.medium_use1-az4': 15, 'm7gd.medium_use1-az5': 20, 'm7gd.medium_use1-az6': 25, 'm7gd.metal_use1-az1': 5, 'm7gd.metal_use1-az2': 15, 'm7gd.metal_use1-az4': 1, 'm7gd.metal_use1-az6': 15, 'm7gd.xlarge_use1-az1': 5, 'm7gd.xlarge_use1-az2': 10, 'm7gd.xlarge_use1-az4': 10, 'm7gd.xlarge_use1-az5': 1, 'm7gd.xlarge_use1-az6': 25, 'm7i-flex.2xlarge_use1-az1': 50, 'm7i-flex.2xlarge_use1-az2': 50, 'm7i-flex.2xlarge_use1-az4': 15, 'm7i-flex.2xlarge_use1-az5': 10, 'm7i-flex.2xlarge_use1-az6': 50, 'm7i-flex.4xlarge_use1-az2': 5, 'm7i-flex.4xlarge_use1-az4': 5, 'm7i-flex.4xlarge_use1-az6': 25, 'm7i-flex.8xlarge_use1-az1': 1, 'm7i-flex.8xlarge_use1-az2': 5, 'm7i-flex.8xlarge_use1-az4': 5, 'm7i-flex.8xlarge_use1-az5': 1, 'm7i-flex.8xlarge_use1-az6': 10, 'm7i-flex.large_use1-az1': 20, 'm7i-flex.large_use1-az2': 50, 'm7i-flex.large_use1-az4': 25, 'm7i-flex.large_use1-az5': 25, 'm7i-flex.large_use1-az6': 50, 'm7i-flex.xlarge_use1-az1': 50, 'm7i-flex.xlarge_use1-az2': 50, 'm7i-flex.xlarge_use1-az4': 50, 'm7i-flex.xlarge_use1-az5': 15, 'm7i-flex.xlarge_use1-az6': 50, 'm7i.12xlarge_use1-az1': 1, 'm7i.12xlarge_use1-az2': 5, 'm7i.12xlarge_use1-az4': 15, 'm7i.12xlarge_use1-az6': 50, 'm7i.16xlarge_use1-az1': 5, 'm7i.16xlarge_use1-az2': 10, 'm7i.16xlarge_use1-az4': 10, 'm7i.16xlarge_use1-az6': 50, 'm7i.24xlarge_use1-az2': 5, 'm7i.24xlarge_use1-az4': 5, 'm7i.24xlarge_use1-az6': 50, 'm7i.2xlarge_use1-az1': 1, 'm7i.2xlarge_use1-az2': 50, 'm7i.2xlarge_use1-az4': 50, 'm7i.2xlarge_use1-az6': 50, 'm7i.48xlarge_use1-az1': 1, 'm7i.48xlarge_use1-az2': 5, 'm7i.48xlarge_use1-az4': 20, 'm7i.48xlarge_use1-az6': 50, 'm7i.4xlarge_use1-az1': 1, 'm7i.4xlarge_use1-az2': 25, 'm7i.4xlarge_use1-az4': 10, 'm7i.4xlarge_use1-az6': 50, 'm7i.8xlarge_use1-az1': 40, 'm7i.8xlarge_use1-az2': 20, 'm7i.8xlarge_use1-az4': 50, 'm7i.8xlarge_use1-az6': 50, 'm7i.large_use1-az1': 50, 'm7i.large_use1-az2': 50, 'm7i.large_use1-az4': 50, 'm7i.large_use1-az5': 1, 'm7i.large_use1-az6': 50, 'm7i.xlarge_use1-az1': 30, 'm7i.xlarge_use1-az2': 35, 'm7i.xlarge_use1-az4': 50, 'm7i.xlarge_use1-az6': 50, 'm8g.12xlarge_use1-az2': 10, 'm8g.12xlarge_use1-az4': 10, 'm8g.12xlarge_use1-az5': 1, 'm8g.12xlarge_use1-az6': 35, 'm8g.16xlarge_use1-az2': 5, 'm8g.16xlarge_use1-az4': 5, 'm8g.16xlarge_use1-az5': 5, 'm8g.16xlarge_use1-az6': 45, 'm8g.24xlarge_use1-az2': 5, 'm8g.24xlarge_use1-az4': 1, 'm8g.24xlarge_use1-az5': 1, 'm8g.24xlarge_use1-az6': 25, 'm8g.2xlarge_use1-az4': 10, 'm8g.2xlarge_use1-az5': 10, 'm8g.48xlarge_use1-az2': 5, 'm8g.48xlarge_use1-az4': 5, 'm8g.48xlarge_use1-az6': 20, 'm8g.4xlarge_use1-az2': 5, 'm8g.4xlarge_use1-az4': 5, 'm8g.4xlarge_use1-az5': 1, 'm8g.4xlarge_use1-az6': 40, 'm8g.8xlarge_use1-az2': 10, 'm8g.8xlarge_use1-az4': 20, 'm8g.8xlarge_use1-az5': 1, 'm8g.8xlarge_use1-az6': 40, 'm8g.large_use1-az1': 1, 'm8g.large_use1-az2': 20, 'm8g.large_use1-az6': 45, 'm8g.medium_use1-az1': 1, 'm8g.medium_use1-az2': 15, 'm8g.metal-48xl_use1-az2': 5, 'm8g.metal-48xl_use1-az6': 25, 'm8g.xlarge_use1-az1': 1, 'm8g.xlarge_use1-az5': 15, 'm8g.xlarge_use1-az6': 50, 'm8gd.16xlarge_use1-az5': 1, 'm8gd.4xlarge_use1-az2': 5, 'm8gd.4xlarge_use1-az4': 1, 'm8gd.4xlarge_use1-az6': 1, 'm8gd.8xlarge_use1-az5': 1, 'm8gd.8xlarge_use1-az6': 5, 'm8gd.large_use1-az1': 20, 'm8gd.large_use1-az2': 15, 'm8gd.large_use1-az5': 1, 'm8gd.large_use1-az6': 1, 'm8gd.medium_use1-az6': 1, 'm8gd.metal-24xl_use1-az2': 1, 'm8gd.xlarge_use1-az1': 1, 'm8gd.xlarge_use1-az5': 1, 'm8i-flex.16xlarge_use1-az6': 5, 'm8i-flex.2xlarge_use1-az2': 10, 'm8i-flex.2xlarge_use1-az4': 1, 'm8i-flex.2xlarge_use1-az6': 50, 'm8i-flex.4xlarge_use1-az2': 1, 'm8i-flex.4xlarge_use1-az4': 1, 'm8i-flex.4xlarge_use1-az6': 5, 'm8i-flex.8xlarge_use1-az6': 1, 'm8i-flex.large_use1-az2': 5, 'm8i-flex.xlarge_use1-az2': 10, 'm8i-flex.xlarge_use1-az4': 25, 'm8i-flex.xlarge_use1-az6': 50, 'm8i.12xlarge_use1-az6': 1, 'm8i.16xlarge_use1-az4': 1, 'm8i.16xlarge_use1-az6': 1, 'm8i.24xlarge_use1-az6': 1, 'm8i.2xlarge_use1-az2': 10, 'm8i.2xlarge_use1-az4': 1, 'm8i.2xlarge_use1-az6': 10, 'm8i.32xlarge_use1-az2': 1, 'm8i.32xlarge_use1-az6': 5, 'm8i.48xlarge_use1-az2': 1, 'm8i.48xlarge_use1-az6': 5, 'm8i.4xlarge_use1-az2': 5, 'm8i.4xlarge_use1-az4': 1, 'm8i.4xlarge_use1-az6': 5, 'm8i.8xlarge_use1-az2': 1, 'm8i.8xlarge_use1-az4': 1, 'm8i.8xlarge_use1-az6': 20, 'm8i.96xlarge_use1-az6': 1, 'm8i.large_use1-az4': 25, 'm8i.metal-48xl_use1-az6': 1, 'm8i.metal-96xl_use1-az6': 1, 'm8i.xlarge_use1-az2': 30, 'm8i.xlarge_use1-az4': 10, 'p3.2xlarge_use1-az1': 50, 'p3.2xlarge_use1-az2': 50, 'p3.2xlarge_use1-az5': 50, 'p3.2xlarge_use1-az6': 50, 'r3.2xlarge_use1-az2': 1, 'r3.2xlarge_use1-az4': 1, 'r3.2xlarge_use1-az6': 1, 'r3.4xlarge_use1-az4': 1, 'r3.4xlarge_use1-az6': 1, 'r3.8xlarge_use1-az2': 1, 'r3.8xlarge_use1-az4': 1, 'r3.8xlarge_use1-az6': 5, 'r3.large_use1-az2': 50, 'r3.large_use1-az4': 50, 'r3.large_use1-az6': 50, 'r3.xlarge_use1-az2': 40, 'r3.xlarge_use1-az4': 50, 'r3.xlarge_use1-az6': 50, 'r4.16xlarge_use1-az1': 10, 'r4.16xlarge_use1-az2': 10, 'r4.16xlarge_use1-az3': 50, 'r4.16xlarge_use1-az4': 35, 'r4.16xlarge_use1-az5': 15, 'r4.16xlarge_use1-az6': 10, 'r4.2xlarge_use1-az1': 20, 'r4.2xlarge_use1-az2': 50, 'r4.2xlarge_use1-az3': 50, 'r4.2xlarge_use1-az4': 50, 'r4.2xlarge_use1-az5': 5, 'r4.2xlarge_use1-az6': 50, 'r4.4xlarge_use1-az1': 20, 'r4.4xlarge_use1-az2': 50, 'r4.4xlarge_use1-az3': 40, 'r4.4xlarge_use1-az4': 15, 'r4.4xlarge_use1-az5': 5, 'r4.4xlarge_use1-az6': 50, 'r4.8xlarge_use1-az1': 50, 'r4.8xlarge_use1-az2': 50, 'r4.8xlarge_use1-az3': 25, 'r4.8xlarge_use1-az4': 50, 'r4.8xlarge_use1-az5': 5, 'r4.8xlarge_use1-az6': 50, 'r4.large_use1-az1': 35, 'r4.large_use1-az2': 50, 'r4.large_use1-az4': 50, 'r4.large_use1-az5': 20, 'r4.large_use1-az6': 50, 'r4.xlarge_use1-az1': 50, 'r4.xlarge_use1-az2': 50, 'r4.xlarge_use1-az3': 50, 'r4.xlarge_use1-az4': 50, 'r4.xlarge_use1-az5': 30, 'r4.xlarge_use1-az6': 50, 'r5.12xlarge_use1-az1': 5, 'r5.12xlarge_use1-az2': 5, 'r5.12xlarge_use1-az4': 50, 'r5.12xlarge_use1-az5': 5, 'r5.12xlarge_use1-az6': 5, 'r5.16xlarge_use1-az1': 5, 'r5.16xlarge_use1-az4': 35, 'r5.16xlarge_use1-az5': 30, 'r5.16xlarge_use1-az6': 5, 'r5.24xlarge_use1-az4': 15, 'r5.24xlarge_use1-az5': 5, 'r5.24xlarge_use1-az6': 5, 'r5.2xlarge_use1-az1': 50, 'r5.2xlarge_use1-az2': 50, 'r5.2xlarge_use1-az4': 50, 'r5.2xlarge_use1-az5': 5, 'r5.2xlarge_use1-az6': 50, 'r5.4xlarge_use1-az1': 50, 'r5.4xlarge_use1-az2': 50, 'r5.4xlarge_use1-az4': 50, 'r5.4xlarge_use1-az5': 5, 'r5.4xlarge_use1-az6': 50, 'r5.8xlarge_use1-az1': 50, 'r5.8xlarge_use1-az2': 50, 'r5.8xlarge_use1-az4': 50, 'r5.8xlarge_use1-az5': 5, 'r5.8xlarge_use1-az6': 5, 'r5.large_use1-az1': 50, 'r5.large_use1-az2': 50, 'r5.large_use1-az4': 50, 'r5.large_use1-az5': 50, 'r5.large_use1-az6': 50, 'r5.xlarge_use1-az1': 50, 'r5.xlarge_use1-az2': 50, 'r5.xlarge_use1-az4': 50, 'r5.xlarge_use1-az5': 50, 'r5.xlarge_use1-az6': 50, 'r5a.12xlarge_use1-az1': 1, 'r5a.12xlarge_use1-az2': 1, 'r5a.12xlarge_use1-az4': 5, 'r5a.12xlarge_use1-az6': 5, 'r5a.16xlarge_use1-az1': 10, 'r5a.16xlarge_use1-az2': 10, 'r5a.16xlarge_use1-az4': 10, 'r5a.16xlarge_use1-az5': 5, 'r5a.16xlarge_use1-az6': 5, 'r5a.24xlarge_use1-az1': 5, 'r5a.24xlarge_use1-az2': 15, 'r5a.24xlarge_use1-az4': 10, 'r5a.24xlarge_use1-az5': 1, 'r5a.24xlarge_use1-az6': 10, 'r5a.2xlarge_use1-az1': 10, 'r5a.2xlarge_use1-az2': 20, 'r5a.2xlarge_use1-az4': 35, 'r5a.2xlarge_use1-az5': 5, 'r5a.2xlarge_use1-az6': 30, 'r5a.4xlarge_use1-az1': 25, 'r5a.4xlarge_use1-az2': 50, 'r5a.4xlarge_use1-az4': 50, 'r5a.4xlarge_use1-az5': 5, 'r5a.4xlarge_use1-az6': 50, 'r5a.8xlarge_use1-az1': 25, 'r5a.8xlarge_use1-az2': 10, 'r5a.8xlarge_use1-az4': 15, 'r5a.8xlarge_use1-az5': 30, 'r5a.8xlarge_use1-az6': 20, 'r5a.large_use1-az1': 50, 'r5a.large_use1-az2': 50, 'r5a.large_use1-az4': 50, 'r5a.large_use1-az5': 25, 'r5a.large_use1-az6': 50, 'r5a.xlarge_use1-az1': 20, 'r5a.xlarge_use1-az2': 50, 'r5a.xlarge_use1-az4': 50, 'r5a.xlarge_use1-az5': 5, 'r5a.xlarge_use1-az6': 50, 'r5ad.12xlarge_use1-az2': 1, 'r5ad.16xlarge_use1-az2': 50, 'r5ad.16xlarge_use1-az4': 10, 'r5ad.16xlarge_use1-az5': 1, 'r5ad.16xlarge_use1-az6': 10, 'r5ad.24xlarge_use1-az2': 25, 'r5ad.24xlarge_use1-az4': 1, 'r5ad.24xlarge_use1-az6': 10, 'r5ad.2xlarge_use1-az1': 1, 'r5ad.2xlarge_use1-az2': 1, 'r5ad.2xlarge_use1-az5': 1, 'r5ad.2xlarge_use1-az6': 1, 'r5ad.4xlarge_use1-az1': 1, 'r5ad.4xlarge_use1-az2': 10, 'r5ad.4xlarge_use1-az4': 5, 'r5ad.4xlarge_use1-az5': 1, 'r5ad.8xlarge_use1-az2': 5, 'r5ad.8xlarge_use1-az4': 20, 'r5ad.8xlarge_use1-az5': 1, 'r5ad.8xlarge_use1-az6': 10, 'r5ad.large_use1-az1': 1, 'r5ad.large_use1-az2': 30, 'r5ad.large_use1-az4': 10, 'r5ad.large_use1-az5': 5, 'r5ad.large_use1-az6': 10, 'r5ad.xlarge_use1-az1': 1, 'r5ad.xlarge_use1-az2': 10, 'r5ad.xlarge_use1-az4': 10, 'r5ad.xlarge_use1-az5': 1, 'r5ad.xlarge_use1-az6': 5, 'r5b.12xlarge_use1-az1': 5, 'r5b.12xlarge_use1-az4': 5, 'r5b.12xlarge_use1-az6': 1, 'r5b.16xlarge_use1-az1': 5, 'r5b.16xlarge_use1-az2': 5, 'r5b.16xlarge_use1-az4': 5, 'r5b.16xlarge_use1-az6': 5, 'r5b.24xlarge_use1-az1': 1, 'r5b.24xlarge_use1-az4': 5, 'r5b.24xlarge_use1-az6': 1, 'r5b.2xlarge_use1-az2': 1, 'r5b.2xlarge_use1-az4': 1, 'r5b.2xlarge_use1-az6': 1, 'r5b.4xlarge_use1-az1': 5, 'r5b.4xlarge_use1-az2': 5, 'r5b.4xlarge_use1-az4': 5, 'r5b.4xlarge_use1-az6': 5, 'r5b.8xlarge_use1-az1': 5, 'r5b.8xlarge_use1-az2': 1, 'r5b.8xlarge_use1-az4': 1, 'r5b.8xlarge_use1-az6': 1, 'r5b.large_use1-az1': 1, 'r5b.large_use1-az2': 5, 'r5b.large_use1-az4': 10, 'r5b.large_use1-az6': 5, 'r5b.xlarge_use1-az1': 1, 'r5b.xlarge_use1-az2': 1, 'r5b.xlarge_use1-az4': 5, 'r5b.xlarge_use1-az6': 1, 'r5d.12xlarge_use1-az1': 1, 'r5d.12xlarge_use1-az2': 5, 'r5d.12xlarge_use1-az4': 10, 'r5d.12xlarge_use1-az6': 1, 'r5d.16xlarge_use1-az1': 5, 'r5d.16xlarge_use1-az2': 50, 'r5d.16xlarge_use1-az4': 50, 'r5d.16xlarge_use1-az5': 10, 'r5d.16xlarge_use1-az6': 50, 'r5d.24xlarge_use1-az1': 1, 'r5d.24xlarge_use1-az2': 1, 'r5d.24xlarge_use1-az4': 10, 'r5d.24xlarge_use1-az5': 1, 'r5d.24xlarge_use1-az6': 10, 'r5d.2xlarge_use1-az1': 5, 'r5d.2xlarge_use1-az2': 15, 'r5d.2xlarge_use1-az4': 15, 'r5d.2xlarge_use1-az5': 1, 'r5d.2xlarge_use1-az6': 15, 'r5d.4xlarge_use1-az1': 5, 'r5d.4xlarge_use1-az2': 20, 'r5d.4xlarge_use1-az4': 45, 'r5d.4xlarge_use1-az5': 5, 'r5d.4xlarge_use1-az6': 25, 'r5d.8xlarge_use1-az1': 5, 'r5d.8xlarge_use1-az2': 15, 'r5d.8xlarge_use1-az4': 15, 'r5d.8xlarge_use1-az5': 5, 'r5d.8xlarge_use1-az6': 50, 'r5d.large_use1-az1': 10, 'r5d.large_use1-az2': 50, 'r5d.large_use1-az4': 50, 'r5d.large_use1-az5': 5, 'r5d.large_use1-az6': 50, 'r5d.xlarge_use1-az1': 1, 'r5d.xlarge_use1-az2': 15, 'r5d.xlarge_use1-az4': 15, 'r5d.xlarge_use1-az5': 1, 'r5d.xlarge_use1-az6': 10, 'r5dn.12xlarge_use1-az1': 1, 'r5dn.12xlarge_use1-az2': 1, 'r5dn.12xlarge_use1-az4': 1, 'r5dn.12xlarge_use1-az5': 1, 'r5dn.12xlarge_use1-az6': 1, 'r5dn.16xlarge_use1-az1': 5, 'r5dn.16xlarge_use1-az2': 5, 'r5dn.16xlarge_use1-az4': 15, 'r5dn.16xlarge_use1-az5': 10, 'r5dn.16xlarge_use1-az6': 30, 'r5dn.24xlarge_use1-az2': 5, 'r5dn.24xlarge_use1-az4': 10, 'r5dn.24xlarge_use1-az5': 1, 'r5dn.24xlarge_use1-az6': 25, 'r5dn.2xlarge_use1-az1': 50, 'r5dn.2xlarge_use1-az2': 45, 'r5dn.2xlarge_use1-az4': 30, 'r5dn.2xlarge_use1-az5': 50, 'r5dn.2xlarge_use1-az6': 5, 'r5dn.4xlarge_use1-az1': 5, 'r5dn.4xlarge_use1-az2': 25, 'r5dn.4xlarge_use1-az4': 45, 'r5dn.4xlarge_use1-az5': 5, 'r5dn.4xlarge_use1-az6': 20, 'r5dn.8xlarge_use1-az1': 1, 'r5dn.8xlarge_use1-az2': 5, 'r5dn.8xlarge_use1-az4': 5, 'r5dn.8xlarge_use1-az5': 5, 'r5dn.8xlarge_use1-az6': 50, 'r5dn.large_use1-az1': 50, 'r5dn.large_use1-az2': 50, 'r5dn.large_use1-az4': 50, 'r5dn.large_use1-az5': 50, 'r5dn.large_use1-az6': 50, 'r5dn.xlarge_use1-az1': 5, 'r5dn.xlarge_use1-az2': 15, 'r5dn.xlarge_use1-az4': 15, 'r5dn.xlarge_use1-az5': 15, 'r5dn.xlarge_use1-az6': 15, 'r5n.12xlarge_use1-az2': 1, 'r5n.12xlarge_use1-az4': 1, 'r5n.12xlarge_use1-az6': 1, 'r5n.16xlarge_use1-az1': 1, 'r5n.16xlarge_use1-az2': 10, 'r5n.16xlarge_use1-az4': 35, 'r5n.16xlarge_use1-az5': 1, 'r5n.16xlarge_use1-az6': 20, 'r5n.2xlarge_use1-az1': 5, 'r5n.2xlarge_use1-az2': 5, 'r5n.2xlarge_use1-az4': 15, 'r5n.2xlarge_use1-az5': 1, 'r5n.2xlarge_use1-az6': 1, 'r5n.4xlarge_use1-az1': 5, 'r5n.4xlarge_use1-az2': 25, 'r5n.4xlarge_use1-az4': 15, 'r5n.4xlarge_use1-az5': 5, 'r5n.4xlarge_use1-az6': 35, 'r5n.8xlarge_use1-az1': 10, 'r5n.8xlarge_use1-az2': 20, 'r5n.8xlarge_use1-az4': 35, 'r5n.8xlarge_use1-az6': 15, 'r5n.large_use1-az1': 20, 'r5n.large_use1-az2': 50, 'r5n.large_use1-az4': 50, 'r5n.large_use1-az5': 10, 'r5n.large_use1-az6': 30, 'r5n.xlarge_use1-az1': 1, 'r5n.xlarge_use1-az2': 10, 'r5n.xlarge_use1-az4': 15, 'r5n.xlarge_use1-az5': 1, 'r5n.xlarge_use1-az6': 20, 'r6a.12xlarge_use1-az1': 1, 'r6a.12xlarge_use1-az2': 10, 'r6a.12xlarge_use1-az4': 5, 'r6a.12xlarge_use1-az6': 10, 'r6a.16xlarge_use1-az1': 5, 'r6a.16xlarge_use1-az2': 15, 'r6a.16xlarge_use1-az4': 30, 'r6a.16xlarge_use1-az5': 15, 'r6a.16xlarge_use1-az6': 40, 'r6a.24xlarge_use1-az2': 5, 'r6a.24xlarge_use1-az4': 1, 'r6a.24xlarge_use1-az5': 1, 'r6a.24xlarge_use1-az6': 5, 'r6a.2xlarge_use1-az1': 50, 'r6a.2xlarge_use1-az2': 50, 'r6a.2xlarge_use1-az4': 40, 'r6a.2xlarge_use1-az5': 1, 'r6a.2xlarge_use1-az6': 50, 'r6a.32xlarge_use1-az2': 5, 'r6a.32xlarge_use1-az4': 5, 'r6a.32xlarge_use1-az5': 5, 'r6a.32xlarge_use1-az6': 5, 'r6a.48xlarge_use1-az2': 5, 'r6a.48xlarge_use1-az4': 5, 'r6a.48xlarge_use1-az5': 5, 'r6a.48xlarge_use1-az6': 1, 'r6a.4xlarge_use1-az1': 50, 'r6a.4xlarge_use1-az2': 50, 'r6a.4xlarge_use1-az4': 50, 'r6a.4xlarge_use1-az5': 40, 'r6a.4xlarge_use1-az6': 50, 'r6a.8xlarge_use1-az1': 20, 'r6a.8xlarge_use1-az2': 50, 'r6a.8xlarge_use1-az4': 50, 'r6a.8xlarge_use1-az5': 50, 'r6a.8xlarge_use1-az6': 50, 'r6a.large_use1-az1': 50, 'r6a.large_use1-az2': 50, 'r6a.large_use1-az4': 50, 'r6a.large_use1-az5': 50, 'r6a.large_use1-az6': 50, 'r6a.xlarge_use1-az1': 50, 'r6a.xlarge_use1-az2': 50, 'r6a.xlarge_use1-az4': 50, 'r6a.xlarge_use1-az5': 50, 'r6a.xlarge_use1-az6': 50, 'r6g.12xlarge_use1-az2': 50, 'r6g.12xlarge_use1-az4': 45, 'r6g.12xlarge_use1-az5': 10, 'r6g.12xlarge_use1-az6': 50, 'r6g.16xlarge_use1-az1': 1, 'r6g.16xlarge_use1-az2': 50, 'r6g.16xlarge_use1-az4': 50, 'r6g.16xlarge_use1-az5': 50, 'r6g.16xlarge_use1-az6': 50, 'r6g.2xlarge_use1-az1': 1, 'r6g.2xlarge_use1-az2': 25, 'r6g.2xlarge_use1-az4': 40, 'r6g.2xlarge_use1-az5': 10, 'r6g.2xlarge_use1-az6': 50, 'r6g.4xlarge_use1-az1': 10, 'r6g.4xlarge_use1-az2': 50, 'r6g.4xlarge_use1-az4': 50, 'r6g.4xlarge_use1-az5': 50, 'r6g.4xlarge_use1-az6': 50, 'r6g.8xlarge_use1-az1': 1, 'r6g.8xlarge_use1-az2': 10, 'r6g.8xlarge_use1-az4': 50, 'r6g.8xlarge_use1-az5': 50, 'r6g.8xlarge_use1-az6': 50, 'r6g.large_use1-az1': 10, 'r6g.large_use1-az2': 40, 'r6g.large_use1-az4': 50, 'r6g.large_use1-az5': 5, 'r6g.large_use1-az6': 50, 'r6g.medium_use1-az1': 1, 'r6g.medium_use1-az2': 10, 'r6g.medium_use1-az4': 15, 'r6g.medium_use1-az5': 15, 'r6g.medium_use1-az6': 35, 'r6g.xlarge_use1-az1': 1, 'r6g.xlarge_use1-az2': 50, 'r6g.xlarge_use1-az4': 50, 'r6g.xlarge_use1-az5': 50, 'r6g.xlarge_use1-az6': 50, 'r6gd.12xlarge_use1-az1': 1, 'r6gd.12xlarge_use1-az2': 5, 'r6gd.12xlarge_use1-az4': 10, 'r6gd.12xlarge_use1-az5': 1, 'r6gd.12xlarge_use1-az6': 10, 'r6gd.16xlarge_use1-az1': 5, 'r6gd.16xlarge_use1-az2': 5, 'r6gd.16xlarge_use1-az4': 50, 'r6gd.16xlarge_use1-az5': 1, 'r6gd.16xlarge_use1-az6': 45, 'r6gd.2xlarge_use1-az1': 1, 'r6gd.2xlarge_use1-az2': 20, 'r6gd.2xlarge_use1-az4': 30, 'r6gd.2xlarge_use1-az5': 1, 'r6gd.2xlarge_use1-az6': 1, 'r6gd.4xlarge_use1-az1': 5, 'r6gd.4xlarge_use1-az2': 20, 'r6gd.4xlarge_use1-az4': 50, 'r6gd.4xlarge_use1-az5': 1, 'r6gd.4xlarge_use1-az6': 25, 'r6gd.8xlarge_use1-az1': 1, 'r6gd.8xlarge_use1-az2': 10, 'r6gd.8xlarge_use1-az4': 20, 'r6gd.8xlarge_use1-az5': 1, 'r6gd.8xlarge_use1-az6': 30, 'r6gd.large_use1-az1': 50, 'r6gd.large_use1-az2': 50, 'r6gd.large_use1-az4': 50, 'r6gd.large_use1-az5': 50, 'r6gd.large_use1-az6': 50, 'r6gd.medium_use1-az1': 5, 'r6gd.medium_use1-az2': 1, 'r6gd.medium_use1-az4': 5, 'r6gd.medium_use1-az5': 5, 'r6gd.medium_use1-az6': 1, 'r6gd.xlarge_use1-az1': 1, 'r6gd.xlarge_use1-az2': 1, 'r6gd.xlarge_use1-az4': 5, 'r6gd.xlarge_use1-az6': 10, 'r6i.12xlarge_use1-az1': 5, 'r6i.12xlarge_use1-az2': 5, 'r6i.12xlarge_use1-az4': 5, 'r6i.12xlarge_use1-az5': 1, 'r6i.12xlarge_use1-az6': 10, 'r6i.16xlarge_use1-az1': 1, 'r6i.16xlarge_use1-az2': 1, 'r6i.16xlarge_use1-az4': 10, 'r6i.16xlarge_use1-az5': 10, 'r6i.16xlarge_use1-az6': 1, 'r6i.24xlarge_use1-az4': 10, 'r6i.24xlarge_use1-az5': 1, 'r6i.24xlarge_use1-az6': 5, 'r6i.2xlarge_use1-az1': 15, 'r6i.2xlarge_use1-az2': 35, 'r6i.2xlarge_use1-az4': 50, 'r6i.2xlarge_use1-az5': 5, 'r6i.2xlarge_use1-az6': 50, 'r6i.32xlarge_use1-az4': 1, 'r6i.32xlarge_use1-az5': 1, 'r6i.32xlarge_use1-az6': 1, 'r6i.4xlarge_use1-az1': 30, 'r6i.4xlarge_use1-az2': 20, 'r6i.4xlarge_use1-az4': 20, 'r6i.4xlarge_use1-az5': 10, 'r6i.4xlarge_use1-az6': 40, 'r6i.8xlarge_use1-az1': 5, 'r6i.8xlarge_use1-az2': 10, 'r6i.8xlarge_use1-az4': 10, 'r6i.8xlarge_use1-az5': 5, 'r6i.8xlarge_use1-az6': 10, 'r6i.large_use1-az1': 20, 'r6i.large_use1-az2': 50, 'r6i.large_use1-az4': 50, 'r6i.large_use1-az5': 20, 'r6i.large_use1-az6': 50, 'r6i.xlarge_use1-az1': 15, 'r6i.xlarge_use1-az2': 45, 'r6i.xlarge_use1-az4': 50, 'r6i.xlarge_use1-az5': 10, 'r6i.xlarge_use1-az6': 50, 'r6id.12xlarge_use1-az1': 1, 'r6id.12xlarge_use1-az2': 5, 'r6id.12xlarge_use1-az4': 1, 'r6id.12xlarge_use1-az6': 5, 'r6id.16xlarge_use1-az1': 5, 'r6id.16xlarge_use1-az2': 5, 'r6id.16xlarge_use1-az4': 15, 'r6id.16xlarge_use1-az5': 1, 'r6id.16xlarge_use1-az6': 20, 'r6id.24xlarge_use1-az1': 10, 'r6id.24xlarge_use1-az2': 10, 'r6id.24xlarge_use1-az4': 5, 'r6id.24xlarge_use1-az5': 15, 'r6id.24xlarge_use1-az6': 25, 'r6id.2xlarge_use1-az1': 5, 'r6id.2xlarge_use1-az2': 1, 'r6id.2xlarge_use1-az4': 10, 'r6id.2xlarge_use1-az5': 1, 'r6id.2xlarge_use1-az6': 10, 'r6id.32xlarge_use1-az1': 1, 'r6id.32xlarge_use1-az2': 5, 'r6id.32xlarge_use1-az4': 1, 'r6id.32xlarge_use1-az5': 1, 'r6id.32xlarge_use1-az6': 10, 'r6id.4xlarge_use1-az1': 40, 'r6id.4xlarge_use1-az2': 50, 'r6id.4xlarge_use1-az4': 10, 'r6id.4xlarge_use1-az5': 20, 'r6id.4xlarge_use1-az6': 35, 'r6id.8xlarge_use1-az1': 1, 'r6id.8xlarge_use1-az2': 1, 'r6id.8xlarge_use1-az4': 5, 'r6id.8xlarge_use1-az5': 1, 'r6id.8xlarge_use1-az6': 5, 'r6id.large_use1-az1': 15, 'r6id.large_use1-az2': 10, 'r6id.large_use1-az4': 5, 'r6id.large_use1-az5': 15, 'r6id.large_use1-az6': 30, 'r6id.xlarge_use1-az1': 5, 'r6id.xlarge_use1-az2': 15, 'r6id.xlarge_use1-az4': 10, 'r6id.xlarge_use1-az5': 15, 'r6id.xlarge_use1-az6': 15, 'r6idn.16xlarge_use1-az4': 1, 'r6idn.16xlarge_use1-az5': 1, 'r6idn.16xlarge_use1-az6': 1, 'r6idn.24xlarge_use1-az6': 1, 'r6idn.2xlarge_use1-az1': 1, 'r6idn.2xlarge_use1-az2': 1, 'r6idn.2xlarge_use1-az4': 5, 'r6idn.2xlarge_use1-az5': 1, 'r6idn.2xlarge_use1-az6': 5, 'r6idn.32xlarge_use1-az6': 1, 'r6idn.4xlarge_use1-az1': 15, 'r6idn.4xlarge_use1-az2': 15, 'r6idn.4xlarge_use1-az4': 15, 'r6idn.4xlarge_use1-az5': 5, 'r6idn.4xlarge_use1-az6': 10, 'r6idn.8xlarge_use1-az2': 1, 'r6idn.8xlarge_use1-az4': 1, 'r6idn.8xlarge_use1-az6': 5, 'r6idn.large_use1-az1': 1, 'r6idn.large_use1-az2': 1, 'r6idn.large_use1-az4': 5, 'r6idn.large_use1-az5': 5, 'r6idn.large_use1-az6': 5, 'r6idn.xlarge_use1-az1': 5, 'r6idn.xlarge_use1-az2': 1, 'r6idn.xlarge_use1-az4': 5, 'r6idn.xlarge_use1-az5': 1, 'r6idn.xlarge_use1-az6': 5, 'r6in.12xlarge_use1-az1': 1, 'r6in.12xlarge_use1-az6': 5, 'r6in.16xlarge_use1-az4': 1, 'r6in.16xlarge_use1-az5': 1, 'r6in.16xlarge_use1-az6': 5, 'r6in.24xlarge_use1-az6': 1, 'r6in.2xlarge_use1-az1': 1, 'r6in.2xlarge_use1-az2': 1, 'r6in.2xlarge_use1-az4': 1, 'r6in.2xlarge_use1-az5': 1, 'r6in.2xlarge_use1-az6': 1, 'r6in.4xlarge_use1-az1': 5, 'r6in.4xlarge_use1-az2': 20, 'r6in.4xlarge_use1-az4': 15, 'r6in.4xlarge_use1-az5': 20, 'r6in.4xlarge_use1-az6': 20, 'r6in.8xlarge_use1-az1': 5, 'r6in.8xlarge_use1-az4': 1, 'r6in.8xlarge_use1-az6': 5, 'r6in.large_use1-az1': 45, 'r6in.large_use1-az2': 50, 'r6in.large_use1-az4': 50, 'r6in.large_use1-az5': 40, 'r6in.large_use1-az6': 50, 'r6in.xlarge_use1-az1': 1, 'r6in.xlarge_use1-az2': 1, 'r6in.xlarge_use1-az4': 1, 'r6in.xlarge_use1-az5': 1, 'r6in.xlarge_use1-az6': 1, 'r7a.12xlarge_use1-az1': 1, 'r7a.12xlarge_use1-az2': 1, 'r7a.12xlarge_use1-az4': 5, 'r7a.12xlarge_use1-az6': 20, 'r7a.16xlarge_use1-az1': 1, 'r7a.16xlarge_use1-az2': 15, 'r7a.16xlarge_use1-az4': 30, 'r7a.16xlarge_use1-az6': 50, 'r7a.24xlarge_use1-az2': 10, 'r7a.24xlarge_use1-az4': 10, 'r7a.24xlarge_use1-az6': 35, 'r7a.2xlarge_use1-az1': 1, 'r7a.2xlarge_use1-az2': 5, 'r7a.2xlarge_use1-az4': 25, 'r7a.2xlarge_use1-az6': 1, 'r7a.32xlarge_use1-az2': 1, 'r7a.32xlarge_use1-az4': 1, 'r7a.32xlarge_use1-az6': 50, 'r7a.48xlarge_use1-az2': 5, 'r7a.48xlarge_use1-az4': 5, 'r7a.48xlarge_use1-az6': 50, 'r7a.4xlarge_use1-az1': 5, 'r7a.4xlarge_use1-az2': 25, 'r7a.4xlarge_use1-az4': 50, 'r7a.4xlarge_use1-az6': 50, 'r7a.8xlarge_use1-az1': 5, 'r7a.8xlarge_use1-az2': 20, 'r7a.8xlarge_use1-az4': 50, 'r7a.8xlarge_use1-az6': 50, 'r7a.large_use1-az1': 50, 'r7a.large_use1-az2': 50, 'r7a.large_use1-az4': 50, 'r7a.large_use1-az6': 50, 'r7a.medium_use1-az1': 10, 'r7a.medium_use1-az2': 25, 'r7a.medium_use1-az4': 50, 'r7a.medium_use1-az6': 50, 'r7a.xlarge_use1-az1': 20, 'r7a.xlarge_use1-az2': 50, 'r7a.xlarge_use1-az4': 50, 'r7a.xlarge_use1-az6': 25, 'r7g.12xlarge_use1-az1': 1, 'r7g.12xlarge_use1-az2': 5, 'r7g.12xlarge_use1-az4': 50, 'r7g.12xlarge_use1-az5': 1, 'r7g.12xlarge_use1-az6': 5, 'r7g.16xlarge_use1-az1': 5, 'r7g.16xlarge_use1-az2': 30, 'r7g.16xlarge_use1-az4': 50, 'r7g.16xlarge_use1-az5': 5, 'r7g.16xlarge_use1-az6': 50, 'r7g.2xlarge_use1-az1': 5, 'r7g.2xlarge_use1-az2': 10, 'r7g.2xlarge_use1-az4': 50, 'r7g.2xlarge_use1-az5': 5, 'r7g.2xlarge_use1-az6': 15, 'r7g.4xlarge_use1-az1': 5, 'r7g.4xlarge_use1-az2': 5, 'r7g.4xlarge_use1-az4': 50, 'r7g.4xlarge_use1-az5': 5, 'r7g.4xlarge_use1-az6': 15, 'r7g.8xlarge_use1-az1': 1, 'r7g.8xlarge_use1-az2': 50, 'r7g.8xlarge_use1-az4': 50, 'r7g.8xlarge_use1-az5': 50, 'r7g.8xlarge_use1-az6': 50, 'r7g.large_use1-az1': 20, 'r7g.large_use1-az2': 50, 'r7g.large_use1-az4': 50, 'r7g.large_use1-az5': 40, 'r7g.large_use1-az6': 40, 'r7g.medium_use1-az1': 50, 'r7g.medium_use1-az2': 50, 'r7g.medium_use1-az4': 50, 'r7g.medium_use1-az5': 25, 'r7g.medium_use1-az6': 50, 'r7g.xlarge_use1-az1': 50, 'r7g.xlarge_use1-az2': 50, 'r7g.xlarge_use1-az4': 50, 'r7g.xlarge_use1-az5': 10, 'r7g.xlarge_use1-az6': 50, 'r7gd.12xlarge_use1-az1': 1, 'r7gd.12xlarge_use1-az2': 10, 'r7gd.12xlarge_use1-az4': 35, 'r7gd.12xlarge_use1-az5': 10, 'r7gd.12xlarge_use1-az6': 50, 'r7gd.16xlarge_use1-az1': 5, 'r7gd.16xlarge_use1-az2': 50, 'r7gd.16xlarge_use1-az4': 50, 'r7gd.16xlarge_use1-az5': 50, 'r7gd.16xlarge_use1-az6': 50, 'r7gd.2xlarge_use1-az1': 5, 'r7gd.2xlarge_use1-az2': 25, 'r7gd.2xlarge_use1-az4': 25, 'r7gd.2xlarge_use1-az5': 40, 'r7gd.2xlarge_use1-az6': 50, 'r7gd.4xlarge_use1-az1': 1, 'r7gd.4xlarge_use1-az2': 20, 'r7gd.4xlarge_use1-az4': 25, 'r7gd.4xlarge_use1-az5': 30, 'r7gd.4xlarge_use1-az6': 50, 'r7gd.8xlarge_use1-az1': 1, 'r7gd.8xlarge_use1-az2': 10, 'r7gd.8xlarge_use1-az4': 30, 'r7gd.8xlarge_use1-az5': 20, 'r7gd.8xlarge_use1-az6': 50, 'r7gd.large_use1-az1': 15, 'r7gd.large_use1-az2': 10, 'r7gd.large_use1-az4': 50, 'r7gd.large_use1-az5': 15, 'r7gd.large_use1-az6': 35, 'r7gd.medium_use1-az1': 35, 'r7gd.medium_use1-az2': 15, 'r7gd.medium_use1-az4': 25, 'r7gd.medium_use1-az5': 15, 'r7gd.medium_use1-az6': 20, 'r7gd.xlarge_use1-az1': 1, 'r7gd.xlarge_use1-az2': 10, 'r7gd.xlarge_use1-az4': 25, 'r7gd.xlarge_use1-az5': 10, 'r7gd.xlarge_use1-az6': 50, 'r7i.12xlarge_use1-az4': 1, 'r7i.12xlarge_use1-az6': 10, 'r7i.16xlarge_use1-az1': 5, 'r7i.16xlarge_use1-az2': 15, 'r7i.16xlarge_use1-az4': 45, 'r7i.16xlarge_use1-az5': 5, 'r7i.16xlarge_use1-az6': 50, 'r7i.24xlarge_use1-az1': 1, 'r7i.24xlarge_use1-az2': 1, 'r7i.24xlarge_use1-az4': 5, 'r7i.24xlarge_use1-az5': 5, 'r7i.24xlarge_use1-az6': 5, 'r7i.2xlarge_use1-az1': 5, 'r7i.2xlarge_use1-az2': 5, 'r7i.2xlarge_use1-az4': 10, 'r7i.2xlarge_use1-az5': 5, 'r7i.2xlarge_use1-az6': 50, 'r7i.48xlarge_use1-az2': 1, 'r7i.48xlarge_use1-az4': 5, 'r7i.48xlarge_use1-az5': 1, 'r7i.48xlarge_use1-az6': 5, 'r7i.4xlarge_use1-az1': 5, 'r7i.4xlarge_use1-az2': 20, 'r7i.4xlarge_use1-az4': 10, 'r7i.4xlarge_use1-az5': 1, 'r7i.4xlarge_use1-az6': 50, 'r7i.8xlarge_use1-az1': 5, 'r7i.8xlarge_use1-az2': 25, 'r7i.8xlarge_use1-az4': 25, 'r7i.8xlarge_use1-az5': 5, 'r7i.8xlarge_use1-az6': 50, 'r7i.large_use1-az1': 15, 'r7i.large_use1-az2': 50, 'r7i.large_use1-az4': 50, 'r7i.large_use1-az5': 15, 'r7i.large_use1-az6': 50, 'r7i.xlarge_use1-az1': 5, 'r7i.xlarge_use1-az2': 15, 'r7i.xlarge_use1-az4': 10, 'r7i.xlarge_use1-az5': 15, 'r7i.xlarge_use1-az6': 50, 'r8g.12xlarge_use1-az2': 5, 'r8g.12xlarge_use1-az4': 5, 'r8g.12xlarge_use1-az6': 15, 'r8g.16xlarge_use1-az1': 1, 'r8g.16xlarge_use1-az2': 50, 'r8g.16xlarge_use1-az4': 50, 'r8g.16xlarge_use1-az5': 5, 'r8g.16xlarge_use1-az6': 50, 'r8g.24xlarge_use1-az2': 10, 'r8g.24xlarge_use1-az4': 5, 'r8g.24xlarge_use1-az5': 5, 'r8g.24xlarge_use1-az6': 35, 'r8g.2xlarge_use1-az2': 5, 'r8g.2xlarge_use1-az4': 5, 'r8g.2xlarge_use1-az5': 1, 'r8g.2xlarge_use1-az6': 5, 'r8g.48xlarge_use1-az2': 1, 'r8g.48xlarge_use1-az4': 5, 'r8g.48xlarge_use1-az6': 5, 'r8g.4xlarge_use1-az2': 10, 'r8g.4xlarge_use1-az4': 35, 'r8g.4xlarge_use1-az5': 5, 'r8g.4xlarge_use1-az6': 50, 'r8g.8xlarge_use1-az2': 40, 'r8g.8xlarge_use1-az4': 15, 'r8g.8xlarge_use1-az5': 1, 'r8g.8xlarge_use1-az6': 50, 'r8g.large_use1-az1': 5, 'r8g.large_use1-az2': 30, 'r8g.large_use1-az4': 15, 'r8g.large_use1-az5': 10, 'r8g.large_use1-az6': 20, 'r8g.medium_use1-az1': 15, 'r8g.medium_use1-az2': 30, 'r8g.medium_use1-az4': 20, 'r8g.medium_use1-az5': 5, 'r8g.medium_use1-az6': 15, 'r8g.xlarge_use1-az1': 1, 'r8g.xlarge_use1-az2': 10, 'r8g.xlarge_use1-az4': 5, 'r8g.xlarge_use1-az5': 5, 'r8g.xlarge_use1-az6': 10, 'r8gb.24xlarge_use1-az6': 1, 'r8gb.2xlarge_use1-az2': 1, 'r8gb.2xlarge_use1-az4': 1, 'r8gb.2xlarge_use1-az6': 1, 'r8gb.large_use1-az2': 20, 'r8gb.large_use1-az4': 15, 'r8gb.large_use1-az6': 25, 'r8gb.medium_use1-az2': 50, 'r8gb.metal-24xl_use1-az6': 1, 'r8gb.xlarge_use1-az2': 5, 'r8gb.xlarge_use1-az4': 5, 'r8gb.xlarge_use1-az6': 5, 'r8gd.12xlarge_use1-az5': 1, 'r8gd.12xlarge_use1-az6': 1, 'r8gd.16xlarge_use1-az2': 1, 'r8gd.16xlarge_use1-az4': 1, 'r8gd.16xlarge_use1-az5': 1, 'r8gd.16xlarge_use1-az6': 15, 'r8gd.24xlarge_use1-az2': 1, 'r8gd.24xlarge_use1-az5': 1, 'r8gd.24xlarge_use1-az6': 25, 'r8gd.2xlarge_use1-az2': 25, 'r8gd.2xlarge_use1-az4': 30, 'r8gd.2xlarge_use1-az6': 50, 'r8gd.48xlarge_use1-az6': 50, 'r8gd.4xlarge_use1-az1': 1, 'r8gd.4xlarge_use1-az2': 20, 'r8gd.4xlarge_use1-az5': 1, 'r8gd.4xlarge_use1-az6': 15, 'r8gd.8xlarge_use1-az2': 5, 'r8gd.8xlarge_use1-az4': 1, 'r8gd.8xlarge_use1-az5': 1, 'r8gd.8xlarge_use1-az6': 1, 'r8gd.large_use1-az2': 50, 'r8gd.large_use1-az5': 1, 'r8gd.large_use1-az6': 50, 'r8gd.medium_use1-az1': 5, 'r8gd.medium_use1-az2': 5, 'r8gd.medium_use1-az4': 5, 'r8gd.medium_use1-az5': 10, 'r8gd.metal-24xl_use1-az6': 1, 'r8gd.metal-48xl_use1-az6': 1, 'r8gd.xlarge_use1-az2': 25, 'r8gd.xlarge_use1-az4': 1, 'r8gd.xlarge_use1-az5': 50, 'r8gd.xlarge_use1-az6': 40, 'r8gn.16xlarge_use1-az6': 1, 'r8gn.24xlarge_use1-az2': 1, 'r8gn.2xlarge_use1-az2': 1, 'r8gn.2xlarge_use1-az4': 1, 'r8gn.2xlarge_use1-az6': 1, 'r8gn.48xlarge_use1-az6': 1, 'r8gn.4xlarge_use1-az6': 5, 'r8gn.8xlarge_use1-az2': 1, 'r8gn.8xlarge_use1-az6': 5, 'r8gn.large_use1-az2': 20, 'r8gn.large_use1-az4': 15, 'r8gn.large_use1-az6': 20, 'r8gn.medium_use1-az2': 35, 'r8gn.medium_use1-az4': 40, 'r8gn.metal-24xl_use1-az2': 1, 'r8gn.metal-24xl_use1-az6': 1, 'r8gn.xlarge_use1-az2': 1, 'r8gn.xlarge_use1-az4': 5, 'r8gn.xlarge_use1-az6': 10, 'r8i-flex.2xlarge_use1-az2': 1, 'r8i-flex.2xlarge_use1-az6': 5, 'r8i-flex.4xlarge_use1-az2': 1, 'r8i-flex.4xlarge_use1-az6': 1, 'r8i-flex.large_use1-az2': 1, 'r8i-flex.large_use1-az6': 5, 'r8i-flex.xlarge_use1-az2': 5, 'r8i-flex.xlarge_use1-az6': 1, 'r8i.12xlarge_use1-az2': 1, 'r8i.12xlarge_use1-az6': 1, 'r8i.16xlarge_use1-az2': 1, 'r8i.16xlarge_use1-az6': 1, 'r8i.24xlarge_use1-az6': 1, 'r8i.2xlarge_use1-az2': 5, 'r8i.2xlarge_use1-az6': 5, 'r8i.32xlarge_use1-az2': 1, 'r8i.32xlarge_use1-az6': 1, 'r8i.48xlarge_use1-az2': 1, 'r8i.48xlarge_use1-az6': 1, 'r8i.4xlarge_use1-az2': 1, 'r8i.4xlarge_use1-az6': 5, 'r8i.8xlarge_use1-az2': 1, 'r8i.8xlarge_use1-az6': 5, 'r8i.96xlarge_use1-az2': 1, 'r8i.96xlarge_use1-az6': 1, 'r8i.large_use1-az2': 20, 'r8i.large_use1-az6': 20, 'r8i.xlarge_use1-az2': 5, 'r8i.xlarge_use1-az6': 5, 't2.2xlarge_use1-az1': 50, 't2.2xlarge_use1-az2': 50, 't2.2xlarge_use1-az3': 15, 't2.2xlarge_use1-az4': 50, 't2.2xlarge_use1-az5': 50, 't2.2xlarge_use1-az6': 50, 't2.large_use1-az1': 20, 't2.large_use1-az2': 50, 't2.large_use1-az3': 50, 't2.large_use1-az4': 50, 't2.large_use1-az5': 25, 't2.large_use1-az6': 50, 't2.medium_use1-az1': 50, 't2.medium_use1-az2': 50, 't2.medium_use1-az3': 50, 't2.medium_use1-az4': 50, 't2.medium_use1-az5': 50, 't2.medium_use1-az6': 50, 't2.xlarge_use1-az1': 35, 't2.xlarge_use1-az2': 50, 't2.xlarge_use1-az3': 20, 't2.xlarge_use1-az4': 50, 't2.xlarge_use1-az5': 5, 't2.xlarge_use1-az6': 50, 't3.2xlarge_use1-az1': 50, 't3.2xlarge_use1-az2': 50, 't3.2xlarge_use1-az4': 50, 't3.2xlarge_use1-az5': 50, 't3.2xlarge_use1-az6': 50, 't3.large_use1-az1': 50, 't3.large_use1-az2': 50, 't3.large_use1-az4': 50, 't3.large_use1-az5': 50, 't3.large_use1-az6': 50, 't3.medium_use1-az1': 50, 't3.medium_use1-az2': 50, 't3.medium_use1-az4': 50, 't3.medium_use1-az5': 50, 't3.medium_use1-az6': 50, 't3.xlarge_use1-az1': 50, 't3.xlarge_use1-az2': 50, 't3.xlarge_use1-az4': 50, 't3.xlarge_use1-az5': 50, 't3.xlarge_use1-az6': 50, 't3a.2xlarge_use1-az1': 50, 't3a.2xlarge_use1-az2': 50, 't3a.2xlarge_use1-az4': 50, 't3a.2xlarge_use1-az5': 50, 't3a.2xlarge_use1-az6': 50, 't3a.large_use1-az1': 50, 't3a.large_use1-az2': 50, 't3a.large_use1-az4': 50, 't3a.large_use1-az5': 5, 't3a.large_use1-az6': 50, 't3a.medium_use1-az1': 50, 't3a.medium_use1-az2': 50, 't3a.medium_use1-az4': 50, 't3a.medium_use1-az5': 5, 't3a.medium_use1-az6': 50, 't3a.xlarge_use1-az1': 25, 't3a.xlarge_use1-az2': 50, 't3a.xlarge_use1-az4': 50, 't3a.xlarge_use1-az5': 15, 't3a.xlarge_use1-az6': 50, 't4g.2xlarge_use1-az1': 5, 't4g.2xlarge_use1-az2': 15, 't4g.2xlarge_use1-az4': 5, 't4g.2xlarge_use1-az5': 10, 't4g.2xlarge_use1-az6': 10, 't4g.large_use1-az1': 1, 't4g.large_use1-az2': 15, 't4g.large_use1-az4': 50, 't4g.large_use1-az5': 25, 't4g.large_use1-az6': 35, 't4g.medium_use1-az1': 1, 't4g.medium_use1-az2': 50, 't4g.medium_use1-az4': 50, 't4g.medium_use1-az5': 35, 't4g.medium_use1-az6': 50, 't4g.xlarge_use1-az1': 30, 't4g.xlarge_use1-az2': 15, 't4g.xlarge_use1-az4': 50, 't4g.xlarge_use1-az5': 5, 't4g.xlarge_use1-az6': 10, 'trn1.2xlarge_use1-az5': 5, 'trn1.2xlarge_use1-az6': 20, 'trn1.32xlarge_use1-az6': 50, 'trn1n.32xlarge_use1-az6': 50, 'vt1.3xlarge_use1-az2': 1, 'vt1.6xlarge_use1-az2': 1, 'x1.16xlarge_use1-az2': 1, 'x1.16xlarge_use1-az4': 1, 'x1.16xlarge_use1-az6': 1, 'x1.32xlarge_use1-az2': 1, 'x1.32xlarge_use1-az3': 5, 'x1.32xlarge_use1-az6': 1, 'x1e.16xlarge_use1-az2': 1, 'x1e.16xlarge_use1-az6': 5, 'x1e.2xlarge_use1-az2': 5, 'x1e.2xlarge_use1-az4': 10, 'x1e.2xlarge_use1-az6': 1, 'x1e.4xlarge_use1-az2': 5, 'x1e.4xlarge_use1-az4': 5, 'x1e.4xlarge_use1-az6': 1, 'x1e.8xlarge_use1-az2': 1, 'x1e.8xlarge_use1-az6': 5, 'x1e.xlarge_use1-az2': 20, 'x1e.xlarge_use1-az4': 15, 'x1e.xlarge_use1-az6': 5, 'x2gd.12xlarge_use1-az5': 5, 'x2gd.12xlarge_use1-az6': 1, 'x2gd.16xlarge_use1-az5': 1, 'x2gd.16xlarge_use1-az6': 15, 'x2gd.2xlarge_use1-az1': 5, 'x2gd.2xlarge_use1-az4': 1, 'x2gd.2xlarge_use1-az5': 5, 'x2gd.2xlarge_use1-az6': 30, 'x2gd.4xlarge_use1-az1': 1, 'x2gd.4xlarge_use1-az2': 1, 'x2gd.4xlarge_use1-az4': 5, 'x2gd.4xlarge_use1-az5': 1, 'x2gd.4xlarge_use1-az6': 35, 'x2gd.8xlarge_use1-az4': 1, 'x2gd.8xlarge_use1-az5': 1, 'x2gd.8xlarge_use1-az6': 5, 'x2gd.large_use1-az1': 35, 'x2gd.large_use1-az2': 25, 'x2gd.large_use1-az4': 15, 'x2gd.large_use1-az5': 25, 'x2gd.large_use1-az6': 50, 'x2gd.medium_use1-az1': 25, 'x2gd.medium_use1-az2': 35, 'x2gd.medium_use1-az4': 50, 'x2gd.medium_use1-az5': 50, 'x2gd.medium_use1-az6': 50, 'x2gd.xlarge_use1-az1': 5, 'x2gd.xlarge_use1-az2': 1, 'x2gd.xlarge_use1-az4': 20, 'x2gd.xlarge_use1-az5': 15, 'x2gd.xlarge_use1-az6': 25, 'x2idn.16xlarge_use1-az2': 1, 'x2idn.16xlarge_use1-az5': 1, 'x2idn.24xlarge_use1-az4': 1, 'x2idn.24xlarge_use1-az5': 1, 'x2idn.32xlarge_use1-az5': 1, 'x2iedn.24xlarge_use1-az4': 1, 'x2iedn.24xlarge_use1-az6': 1, 'x2iedn.2xlarge_use1-az1': 1, 'x2iedn.2xlarge_use1-az2': 25, 'x2iedn.2xlarge_use1-az4': 15, 'x2iedn.2xlarge_use1-az5': 1, 'x2iedn.2xlarge_use1-az6': 5, 'x2iedn.4xlarge_use1-az2': 1, 'x2iedn.4xlarge_use1-az4': 1, 'x2iedn.4xlarge_use1-az5': 1, 'x2iedn.4xlarge_use1-az6': 1, 'x2iedn.8xlarge_use1-az4': 1, 'x2iedn.8xlarge_use1-az6': 1, 'x2iedn.xlarge_use1-az1': 5, 'x2iedn.xlarge_use1-az2': 20, 'x2iedn.xlarge_use1-az4': 10, 'x2iedn.xlarge_use1-az5': 1, 'x2iedn.xlarge_use1-az6': 10, 'x2iezn.12xlarge_use1-az4': 20, 'x2iezn.12xlarge_use1-az6': 5, 'x2iezn.2xlarge_use1-az2': 5, 'x2iezn.2xlarge_use1-az4': 10, 'x2iezn.2xlarge_use1-az6': 1, 'x2iezn.4xlarge_use1-az4': 5, 'x2iezn.4xlarge_use1-az6': 1, 'x2iezn.6xlarge_use1-az4': 5, 'x2iezn.6xlarge_use1-az6': 1, 'x2iezn.8xlarge_use1-az6': 1, 'x8g.12xlarge_use1-az2': 1, 'x8g.12xlarge_use1-az4': 20, 'x8g.12xlarge_use1-az6': 1, 'x8g.16xlarge_use1-az1': 1, 'x8g.16xlarge_use1-az2': 5, 'x8g.16xlarge_use1-az4': 5, 'x8g.16xlarge_use1-az6': 5, 'x8g.24xlarge_use1-az1': 1, 'x8g.24xlarge_use1-az2': 5, 'x8g.24xlarge_use1-az4': 5, 'x8g.24xlarge_use1-az6': 10, 'x8g.2xlarge_use1-az1': 5, 'x8g.2xlarge_use1-az2': 10, 'x8g.2xlarge_use1-az4': 10, 'x8g.2xlarge_use1-az6': 25, 'x8g.48xlarge_use1-az1': 1, 'x8g.48xlarge_use1-az2': 1, 'x8g.48xlarge_use1-az4': 10, 'x8g.48xlarge_use1-az6': 1, 'x8g.4xlarge_use1-az1': 1, 'x8g.4xlarge_use1-az2': 5, 'x8g.4xlarge_use1-az4': 5, 'x8g.4xlarge_use1-az6': 10, 'x8g.8xlarge_use1-az2': 15, 'x8g.8xlarge_use1-az4': 20, 'x8g.8xlarge_use1-az6': 5, 'x8g.large_use1-az1': 30, 'x8g.large_use1-az4': 50, 'x8g.large_use1-az6': 50, 'x8g.medium_use1-az1': 50, 'x8g.medium_use1-az4': 50, 'x8g.medium_use1-az6': 50, 'x8g.metal-24xl_use1-az1': 1, 'x8g.metal-24xl_use1-az2': 1, 'x8g.metal-24xl_use1-az4': 1, 'x8g.metal-24xl_use1-az6': 10, 'x8g.metal-48xl_use1-az2': 1, 'x8g.metal-48xl_use1-az4': 1, 'x8g.metal-48xl_use1-az6': 1, 'x8g.xlarge_use1-az1': 10, 'x8g.xlarge_use1-az2': 20, 'x8g.xlarge_use1-az4': 40, 'x8g.xlarge_use1-az6': 50, 'z1d.12xlarge_use1-az1': 1, 'z1d.12xlarge_use1-az2': 1, 'z1d.12xlarge_use1-az4': 1, 'z1d.12xlarge_use1-az5': 1, 'z1d.12xlarge_use1-az6': 5, 'z1d.2xlarge_use1-az1': 5, 'z1d.2xlarge_use1-az2': 5, 'z1d.2xlarge_use1-az4': 15, 'z1d.2xlarge_use1-az5': 1, 'z1d.2xlarge_use1-az6': 15, 'z1d.3xlarge_use1-az1': 5, 'z1d.3xlarge_use1-az2': 5, 'z1d.3xlarge_use1-az4': 10, 'z1d.3xlarge_use1-az5': 5, 'z1d.3xlarge_use1-az6': 5, 'z1d.6xlarge_use1-az1': 1, 'z1d.6xlarge_use1-az2': 1, 'z1d.6xlarge_use1-az4': 1, 'z1d.6xlarge_use1-az6': 1, 'z1d.large_use1-az1': 15, 'z1d.large_use1-az2': 5, 'z1d.large_use1-az4': 25, 'z1d.large_use1-az5': 10, 'z1d.large_use1-az6': 25, 'z1d.xlarge_use1-az1': 10, 'z1d.xlarge_use1-az2': 20, 'z1d.xlarge_use1-az4': 30, 'z1d.xlarge_use1-az5': 1, 'z1d.xlarge_use1-az6': 20}"
0.75,26761.93349999995,29547497619,1104086.8037238582,1138399,1138299,"{'c3.8xlarge_use1-az2': 5, 'c3.8xlarge_use1-az4': 5, 'c3.8xlarge_use1-az6': 1, 'c4.2xlarge_use1-az1': 5, 'c4.2xlarge_use1-az2': 5, 'c4.2xlarge_use1-az3': 25, 'c4.2xlarge_use1-az4': 15, 'c4.2xlarge_use1-az5': 15, 'c4.2xlarge_use1-az6': 10, 'c4.4xlarge_use1-az1': 5, 'c4.4xlarge_use1-az2': 5, 'c4.4xlarge_use1-az3': 10, 'c4.4xlarge_use1-az4': 5, 'c4.4xlarge_use1-az5': 5, 'c4.4xlarge_use1-az6': 1, 'c4.8xlarge_use1-az1': 1, 'c4.8xlarge_use1-az2': 5, 'c4.8xlarge_use1-az3': 5, 'c4.8xlarge_use1-az4': 15, 'c4.8xlarge_use1-az5': 5, 'c4.8xlarge_use1-az6': 5, 'c4.xlarge_use1-az2': 40, 'c4.xlarge_use1-az5': 50, 'c4.xlarge_use1-az6': 50, 'c5.12xlarge_use1-az1': 50, 'c5.12xlarge_use1-az2': 50, 'c5.12xlarge_use1-az4': 50, 'c5.12xlarge_use1-az5': 50, 'c5.12xlarge_use1-az6': 50, 'c5.18xlarge_use1-az1': 5, 'c5.18xlarge_use1-az2': 50, 'c5.18xlarge_use1-az4': 15, 'c5.18xlarge_use1-az5': 10, 'c5.18xlarge_use1-az6': 1, 'c5.24xlarge_use1-az1': 1, 'c5.24xlarge_use1-az2': 5, 'c5.24xlarge_use1-az4': 5, 'c5.24xlarge_use1-az5': 1, 'c5.24xlarge_use1-az6': 5, 'c5.2xlarge_use1-az1': 50, 'c5.2xlarge_use1-az2': 50, 'c5.2xlarge_use1-az4': 50, 'c5.2xlarge_use1-az5': 50, 'c5.2xlarge_use1-az6': 50, 'c5.4xlarge_use1-az1': 50, 'c5.4xlarge_use1-az2': 50, 'c5.4xlarge_use1-az4': 50, 'c5.4xlarge_use1-az5': 50, 'c5.4xlarge_use1-az6': 50, 'c5.9xlarge_use1-az1': 50, 'c5.9xlarge_use1-az2': 50, 'c5.9xlarge_use1-az4': 50, 'c5.9xlarge_use1-az5': 50, 'c5.9xlarge_use1-az6': 50, 'c5.large_use1-az1': 50, 'c5.large_use1-az2': 50, 'c5.large_use1-az4': 50, 'c5.large_use1-az5': 50, 'c5.large_use1-az6': 50, 'c5.xlarge_use1-az1': 50, 'c5.xlarge_use1-az2': 50, 'c5.xlarge_use1-az4': 50, 'c5.xlarge_use1-az5': 50, 'c5.xlarge_use1-az6': 50, 'c5a.12xlarge_use1-az1': 5, 'c5a.12xlarge_use1-az2': 10, 'c5a.12xlarge_use1-az4': 15, 'c5a.12xlarge_use1-az5': 1, 'c5a.12xlarge_use1-az6': 5, 'c5a.16xlarge_use1-az4': 1, 'c5a.16xlarge_use1-az6': 1, 'c5a.24xlarge_use1-az2': 1, 'c5a.24xlarge_use1-az4': 1, 'c5a.24xlarge_use1-az6': 1, 'c5a.2xlarge_use1-az1': 30, 'c5a.2xlarge_use1-az2': 20, 'c5a.2xlarge_use1-az4': 50, 'c5a.2xlarge_use1-az5': 15, 'c5a.2xlarge_use1-az6': 50, 'c5a.4xlarge_use1-az1': 5, 'c5a.4xlarge_use1-az2': 1, 'c5a.4xlarge_use1-az4': 5, 'c5a.4xlarge_use1-az5': 5, 'c5a.4xlarge_use1-az6': 5, 'c5a.8xlarge_use1-az1': 1, 'c5a.8xlarge_use1-az2': 1, 'c5a.8xlarge_use1-az4': 5, 'c5a.8xlarge_use1-az6': 15, 'c5a.large_use1-az1': 50, 'c5a.large_use1-az2': 50, 'c5a.large_use1-az4': 50, 'c5a.large_use1-az5': 45, 'c5a.large_use1-az6': 50, 'c5a.xlarge_use1-az1': 50, 'c5a.xlarge_use1-az2': 50, 'c5a.xlarge_use1-az4': 50, 'c5a.xlarge_use1-az5': 50, 'c5a.xlarge_use1-az6': 50, 'c5ad.12xlarge_use1-az1': 5, 'c5ad.12xlarge_use1-az2': 5, 'c5ad.12xlarge_use1-az4': 5, 'c5ad.12xlarge_use1-az6': 5, 'c5ad.16xlarge_use1-az1': 1, 'c5ad.16xlarge_use1-az2': 5, 'c5ad.16xlarge_use1-az4': 1, 'c5ad.16xlarge_use1-az6': 1, 'c5ad.24xlarge_use1-az1': 1, 'c5ad.24xlarge_use1-az2': 1, 'c5ad.24xlarge_use1-az4': 1, 'c5ad.24xlarge_use1-az6': 5, 'c5ad.2xlarge_use1-az1': 10, 'c5ad.2xlarge_use1-az2': 5, 'c5ad.2xlarge_use1-az4': 5, 'c5ad.2xlarge_use1-az5': 5, 'c5ad.2xlarge_use1-az6': 15, 'c5ad.4xlarge_use1-az1': 5, 'c5ad.4xlarge_use1-az2': 5, 'c5ad.4xlarge_use1-az4': 1, 'c5ad.4xlarge_use1-az5': 1, 'c5ad.4xlarge_use1-az6': 10, 'c5ad.8xlarge_use1-az1': 1, 'c5ad.8xlarge_use1-az2': 1, 'c5ad.8xlarge_use1-az4': 1, 'c5ad.8xlarge_use1-az5': 1, 'c5ad.8xlarge_use1-az6': 1, 'c5ad.large_use1-az1': 20, 'c5ad.large_use1-az2': 30, 'c5ad.large_use1-az4': 10, 'c5ad.large_use1-az5': 15, 'c5ad.large_use1-az6': 20, 'c5ad.xlarge_use1-az1': 15, 'c5ad.xlarge_use1-az2': 10, 'c5ad.xlarge_use1-az4': 5, 'c5ad.xlarge_use1-az5': 5, 'c5ad.xlarge_use1-az6': 15, 'c5d.12xlarge_use1-az2': 15, 'c5d.12xlarge_use1-az4': 5, 'c5d.12xlarge_use1-az6': 45, 'c5d.18xlarge_use1-az1': 5, 'c5d.18xlarge_use1-az2': 50, 'c5d.18xlarge_use1-az4': 50, 'c5d.18xlarge_use1-az5': 5, 'c5d.18xlarge_use1-az6': 30, 'c5d.24xlarge_use1-az2': 35, 'c5d.24xlarge_use1-az4': 25, 'c5d.24xlarge_use1-az6': 50, 'c5d.2xlarge_use1-az1': 15, 'c5d.2xlarge_use1-az2': 50, 'c5d.2xlarge_use1-az4': 50, 'c5d.2xlarge_use1-az5': 20, 'c5d.2xlarge_use1-az6': 50, 'c5d.4xlarge_use1-az1': 20, 'c5d.4xlarge_use1-az2': 50, 'c5d.4xlarge_use1-az4': 50, 'c5d.4xlarge_use1-az5': 25, 'c5d.4xlarge_use1-az6': 50, 'c5d.9xlarge_use1-az1': 10, 'c5d.9xlarge_use1-az2': 20, 'c5d.9xlarge_use1-az4': 50, 'c5d.9xlarge_use1-az5': 10, 'c5d.9xlarge_use1-az6': 25, 'c5d.large_use1-az1': 50, 'c5d.large_use1-az2': 50, 'c5d.large_use1-az4': 50, 'c5d.large_use1-az5': 35, 'c5d.large_use1-az6': 50, 'c5d.xlarge_use1-az1': 50, 'c5d.xlarge_use1-az2': 50, 'c5d.xlarge_use1-az4': 50, 'c5d.xlarge_use1-az5': 50, 'c5d.xlarge_use1-az6': 50, 'c5n.18xlarge_use1-az1': 30, 'c5n.18xlarge_use1-az2': 5, 'c5n.18xlarge_use1-az4': 10, 'c5n.2xlarge_use1-az1': 5, 'c5n.2xlarge_use1-az2': 10, 'c5n.2xlarge_use1-az4': 15, 'c5n.2xlarge_use1-az5': 10, 'c5n.2xlarge_use1-az6': 10, 'c5n.4xlarge_use1-az1': 5, 'c5n.4xlarge_use1-az2': 1, 'c5n.4xlarge_use1-az4': 5, 'c5n.4xlarge_use1-az6': 1, 'c5n.9xlarge_use1-az1': 10, 'c5n.9xlarge_use1-az2': 1, 'c5n.9xlarge_use1-az4': 5, 'c5n.large_use1-az1': 10, 'c5n.large_use1-az2': 10, 'c5n.large_use1-az4': 25, 'c5n.large_use1-az5': 5, 'c5n.large_use1-az6': 5, 'c5n.xlarge_use1-az1': 1, 'c5n.xlarge_use1-az2': 1, 'c5n.xlarge_use1-az4': 5, 'c5n.xlarge_use1-az5': 1, 'c5n.xlarge_use1-az6': 1, 'c6a.12xlarge_use1-az1': 5, 'c6a.12xlarge_use1-az2': 50, 'c6a.12xlarge_use1-az4': 50, 'c6a.12xlarge_use1-az5': 1, 'c6a.12xlarge_use1-az6': 15, 'c6a.16xlarge_use1-az1': 1, 'c6a.16xlarge_use1-az2': 5, 'c6a.16xlarge_use1-az4': 10, 'c6a.16xlarge_use1-az5': 1, 'c6a.16xlarge_use1-az6': 15, 'c6a.24xlarge_use1-az1': 1, 'c6a.24xlarge_use1-az2': 5, 'c6a.24xlarge_use1-az4': 5, 'c6a.24xlarge_use1-az5': 5, 'c6a.24xlarge_use1-az6': 20, 'c6a.2xlarge_use1-az1': 10, 'c6a.2xlarge_use1-az2': 40, 'c6a.2xlarge_use1-az4': 50, 'c6a.2xlarge_use1-az5': 10, 'c6a.2xlarge_use1-az6': 50, 'c6a.32xlarge_use1-az2': 1, 'c6a.32xlarge_use1-az4': 1, 'c6a.32xlarge_use1-az5': 1, 'c6a.32xlarge_use1-az6': 5, 'c6a.48xlarge_use1-az2': 1, 'c6a.48xlarge_use1-az4': 10, 'c6a.48xlarge_use1-az5': 5, 'c6a.48xlarge_use1-az6': 25, 'c6a.4xlarge_use1-az1': 15, 'c6a.4xlarge_use1-az2': 15, 'c6a.4xlarge_use1-az4': 30, 'c6a.4xlarge_use1-az5': 15, 'c6a.4xlarge_use1-az6': 50, 'c6a.8xlarge_use1-az1': 5, 'c6a.8xlarge_use1-az2': 50, 'c6a.8xlarge_use1-az4': 30, 'c6a.8xlarge_use1-az5': 25, 'c6a.8xlarge_use1-az6': 50, 'c6a.large_use1-az1': 45, 'c6a.large_use1-az2': 50, 'c6a.large_use1-az4': 50, 'c6a.large_use1-az5': 50, 'c6a.large_use1-az6': 20, 'c6a.xlarge_use1-az1': 15, 'c6a.xlarge_use1-az2': 25, 'c6a.xlarge_use1-az4': 25, 'c6a.xlarge_use1-az5': 15, 'c6a.xlarge_use1-az6': 25, 'c6g.12xlarge_use1-az1': 15, 'c6g.12xlarge_use1-az2': 25, 'c6g.12xlarge_use1-az4': 50, 'c6g.12xlarge_use1-az5': 5, 'c6g.12xlarge_use1-az6': 50, 'c6g.16xlarge_use1-az1': 1, 'c6g.16xlarge_use1-az2': 15, 'c6g.16xlarge_use1-az4': 50, 'c6g.16xlarge_use1-az5': 5, 'c6g.16xlarge_use1-az6': 50, 'c6g.2xlarge_use1-az1': 5, 'c6g.2xlarge_use1-az2': 50, 'c6g.2xlarge_use1-az4': 50, 'c6g.2xlarge_use1-az5': 15, 'c6g.2xlarge_use1-az6': 50, 'c6g.4xlarge_use1-az1': 50, 'c6g.4xlarge_use1-az2': 50, 'c6g.4xlarge_use1-az4': 50, 'c6g.4xlarge_use1-az5': 50, 'c6g.4xlarge_use1-az6': 50, 'c6g.8xlarge_use1-az1': 50, 'c6g.8xlarge_use1-az2': 50, 'c6g.8xlarge_use1-az4': 50, 'c6g.8xlarge_use1-az5': 50, 'c6g.8xlarge_use1-az6': 50, 'c6g.large_use1-az1': 5, 'c6g.large_use1-az2': 50, 'c6g.large_use1-az4': 50, 'c6g.large_use1-az5': 50, 'c6g.large_use1-az6': 50, 'c6g.xlarge_use1-az1': 30, 'c6g.xlarge_use1-az2': 50, 'c6g.xlarge_use1-az4': 50, 'c6g.xlarge_use1-az5': 10, 'c6g.xlarge_use1-az6': 50, 'c6gd.12xlarge_use1-az2': 50, 'c6gd.12xlarge_use1-az4': 30, 'c6gd.12xlarge_use1-az5': 1, 'c6gd.12xlarge_use1-az6': 50, 'c6gd.16xlarge_use1-az2': 50, 'c6gd.16xlarge_use1-az4': 30, 'c6gd.16xlarge_use1-az6': 50, 'c6gd.2xlarge_use1-az1': 15, 'c6gd.2xlarge_use1-az2': 50, 'c6gd.2xlarge_use1-az4': 50, 'c6gd.2xlarge_use1-az5': 1, 'c6gd.2xlarge_use1-az6': 50, 'c6gd.4xlarge_use1-az1': 20, 'c6gd.4xlarge_use1-az2': 50, 'c6gd.4xlarge_use1-az4': 50, 'c6gd.4xlarge_use1-az5': 10, 'c6gd.4xlarge_use1-az6': 50, 'c6gd.8xlarge_use1-az1': 25, 'c6gd.8xlarge_use1-az2': 45, 'c6gd.8xlarge_use1-az4': 45, 'c6gd.8xlarge_use1-az5': 1, 'c6gd.8xlarge_use1-az6': 50, 'c6gd.large_use1-az1': 50, 'c6gd.large_use1-az2': 5, 'c6gd.large_use1-az4': 20, 'c6gd.large_use1-az5': 1, 'c6gd.large_use1-az6': 50, 'c6gd.xlarge_use1-az1': 50, 'c6gd.xlarge_use1-az2': 1, 'c6gd.xlarge_use1-az4': 1, 'c6gd.xlarge_use1-az5': 50, 'c6gd.xlarge_use1-az6': 50, 'c6gn.12xlarge_use1-az2': 25, 'c6gn.12xlarge_use1-az4': 50, 'c6gn.12xlarge_use1-az5': 1, 'c6gn.16xlarge_use1-az1': 1, 'c6gn.16xlarge_use1-az2': 50, 'c6gn.16xlarge_use1-az4': 50, 'c6gn.16xlarge_use1-az5': 10, 'c6gn.2xlarge_use1-az1': 5, 'c6gn.2xlarge_use1-az2': 1, 'c6gn.2xlarge_use1-az4': 20, 'c6gn.2xlarge_use1-az5': 1, 'c6gn.4xlarge_use1-az1': 1, 'c6gn.4xlarge_use1-az2': 40, 'c6gn.4xlarge_use1-az4': 35, 'c6gn.4xlarge_use1-az5': 10, 'c6gn.8xlarge_use1-az1': 25, 'c6gn.8xlarge_use1-az2': 35, 'c6gn.8xlarge_use1-az4': 30, 'c6gn.8xlarge_use1-az5': 5, 'c6gn.8xlarge_use1-az6': 5, 'c6gn.large_use1-az1': 5, 'c6gn.large_use1-az2': 25, 'c6gn.large_use1-az4': 10, 'c6gn.large_use1-az5': 15, 'c6gn.large_use1-az6': 1, 'c6gn.xlarge_use1-az1': 5, 'c6gn.xlarge_use1-az2': 10, 'c6gn.xlarge_use1-az4': 15, 'c6gn.xlarge_use1-az5': 5, 'c6gn.xlarge_use1-az6': 1, 'c6i.12xlarge_use1-az1': 15, 'c6i.12xlarge_use1-az2': 15, 'c6i.12xlarge_use1-az4': 30, 'c6i.12xlarge_use1-az5': 5, 'c6i.12xlarge_use1-az6': 5, 'c6i.16xlarge_use1-az1': 5, 'c6i.16xlarge_use1-az2': 15, 'c6i.16xlarge_use1-az4': 25, 'c6i.16xlarge_use1-az5': 10, 'c6i.16xlarge_use1-az6': 30, 'c6i.24xlarge_use1-az1': 5, 'c6i.24xlarge_use1-az2': 5, 'c6i.24xlarge_use1-az4': 10, 'c6i.24xlarge_use1-az5': 1, 'c6i.24xlarge_use1-az6': 15, 'c6i.2xlarge_use1-az1': 20, 'c6i.2xlarge_use1-az2': 50, 'c6i.2xlarge_use1-az4': 50, 'c6i.2xlarge_use1-az5': 5, 'c6i.2xlarge_use1-az6': 50, 'c6i.32xlarge_use1-az1': 10, 'c6i.32xlarge_use1-az2': 5, 'c6i.32xlarge_use1-az4': 50, 'c6i.32xlarge_use1-az5': 1, 'c6i.32xlarge_use1-az6': 40, 'c6i.4xlarge_use1-az1': 10, 'c6i.4xlarge_use1-az2': 40, 'c6i.4xlarge_use1-az4': 50, 'c6i.4xlarge_use1-az5': 15, 'c6i.4xlarge_use1-az6': 50, 'c6i.8xlarge_use1-az1': 10, 'c6i.8xlarge_use1-az2': 45, 'c6i.8xlarge_use1-az4': 50, 'c6i.8xlarge_use1-az5': 10, 'c6i.8xlarge_use1-az6': 50, 'c6i.large_use1-az1': 10, 'c6i.large_use1-az2': 40, 'c6i.large_use1-az4': 30, 'c6i.large_use1-az5': 10, 'c6i.large_use1-az6': 50, 'c6i.xlarge_use1-az1': 50, 'c6i.xlarge_use1-az2': 45, 'c6i.xlarge_use1-az4': 35, 'c6i.xlarge_use1-az5': 10, 'c6i.xlarge_use1-az6': 50, 'c6id.12xlarge_use1-az1': 1, 'c6id.12xlarge_use1-az2': 1, 'c6id.12xlarge_use1-az4': 5, 'c6id.12xlarge_use1-az6': 5, 'c6id.16xlarge_use1-az1': 1, 'c6id.16xlarge_use1-az2': 5, 'c6id.16xlarge_use1-az4': 5, 'c6id.16xlarge_use1-az5': 1, 'c6id.16xlarge_use1-az6': 1, 'c6id.24xlarge_use1-az1': 5, 'c6id.24xlarge_use1-az2': 15, 'c6id.24xlarge_use1-az4': 5, 'c6id.24xlarge_use1-az5': 1, 'c6id.24xlarge_use1-az6': 10, 'c6id.2xlarge_use1-az1': 1, 'c6id.2xlarge_use1-az2': 1, 'c6id.2xlarge_use1-az4': 5, 'c6id.2xlarge_use1-az5': 5, 'c6id.2xlarge_use1-az6': 1, 'c6id.32xlarge_use1-az1': 1, 'c6id.32xlarge_use1-az2': 5, 'c6id.32xlarge_use1-az4': 10, 'c6id.32xlarge_use1-az5': 1, 'c6id.32xlarge_use1-az6': 5, 'c6id.4xlarge_use1-az1': 15, 'c6id.4xlarge_use1-az2': 10, 'c6id.4xlarge_use1-az4': 10, 'c6id.4xlarge_use1-az5': 1, 'c6id.4xlarge_use1-az6': 5, 'c6id.8xlarge_use1-az1': 5, 'c6id.8xlarge_use1-az2': 1, 'c6id.8xlarge_use1-az4': 5, 'c6id.8xlarge_use1-az5': 1, 'c6id.8xlarge_use1-az6': 1, 'c6id.large_use1-az1': 5, 'c6id.large_use1-az2': 5, 'c6id.large_use1-az4': 1, 'c6id.large_use1-az5': 5, 'c6id.large_use1-az6': 5, 'c6id.xlarge_use1-az1': 5, 'c6id.xlarge_use1-az2': 1, 'c6id.xlarge_use1-az4': 5, 'c6id.xlarge_use1-az5': 1, 'c6id.xlarge_use1-az6': 1, 'c6in.12xlarge_use1-az1': 1, 'c6in.12xlarge_use1-az6': 1, 'c6in.16xlarge_use1-az4': 1, 'c6in.24xlarge_use1-az6': 1, 'c6in.2xlarge_use1-az1': 1, 'c6in.2xlarge_use1-az2': 1, 'c6in.2xlarge_use1-az4': 1, 'c6in.2xlarge_use1-az6': 1, 'c6in.32xlarge_use1-az1': 1, 'c6in.32xlarge_use1-az6': 1, 'c6in.4xlarge_use1-az1': 5, 'c6in.4xlarge_use1-az2': 5, 'c6in.4xlarge_use1-az4': 5, 'c6in.4xlarge_use1-az6': 25, 'c6in.8xlarge_use1-az1': 1, 'c6in.8xlarge_use1-az6': 1, 'c6in.large_use1-az1': 5, 'c6in.large_use1-az2': 1, 'c6in.large_use1-az4': 1, 'c6in.large_use1-az5': 1, 'c6in.large_use1-az6': 5, 'c6in.xlarge_use1-az1': 20, 'c6in.xlarge_use1-az2': 1, 'c6in.xlarge_use1-az4': 1, 'c6in.xlarge_use1-az6': 10, 'c7a.12xlarge_use1-az1': 5, 'c7a.12xlarge_use1-az2': 5, 'c7a.12xlarge_use1-az4': 1, 'c7a.12xlarge_use1-az6': 15, 'c7a.16xlarge_use1-az1': 1, 'c7a.16xlarge_use1-az2': 1, 'c7a.16xlarge_use1-az6': 5, 'c7a.24xlarge_use1-az1': 1, 'c7a.24xlarge_use1-az2': 1, 'c7a.24xlarge_use1-az5': 1, 'c7a.24xlarge_use1-az6': 5, 'c7a.2xlarge_use1-az1': 1, 'c7a.2xlarge_use1-az2': 1, 'c7a.2xlarge_use1-az4': 25, 'c7a.2xlarge_use1-az5': 1, 'c7a.2xlarge_use1-az6': 10, 'c7a.32xlarge_use1-az1': 1, 'c7a.32xlarge_use1-az2': 1, 'c7a.32xlarge_use1-az6': 15, 'c7a.48xlarge_use1-az1': 1, 'c7a.48xlarge_use1-az2': 1, 'c7a.48xlarge_use1-az5': 1, 'c7a.48xlarge_use1-az6': 20, 'c7a.4xlarge_use1-az1': 5, 'c7a.4xlarge_use1-az2': 10, 'c7a.4xlarge_use1-az4': 5, 'c7a.4xlarge_use1-az5': 1, 'c7a.4xlarge_use1-az6': 50, 'c7a.8xlarge_use1-az1': 1, 'c7a.8xlarge_use1-az2': 1, 'c7a.8xlarge_use1-az4': 1, 'c7a.8xlarge_use1-az6': 10, 'c7a.large_use1-az1': 15, 'c7a.large_use1-az2': 25, 'c7a.large_use1-az4': 30, 'c7a.large_use1-az5': 10, 'c7a.large_use1-az6': 50, 'c7a.xlarge_use1-az1': 5, 'c7a.xlarge_use1-az2': 5, 'c7a.xlarge_use1-az4': 10, 'c7a.xlarge_use1-az5': 5, 'c7a.xlarge_use1-az6': 15, 'c7g.12xlarge_use1-az1': 15, 'c7g.12xlarge_use1-az2': 50, 'c7g.12xlarge_use1-az4': 15, 'c7g.12xlarge_use1-az5': 1, 'c7g.12xlarge_use1-az6': 50, 'c7g.16xlarge_use1-az1': 25, 'c7g.16xlarge_use1-az2': 40, 'c7g.16xlarge_use1-az4': 50, 'c7g.16xlarge_use1-az5': 10, 'c7g.16xlarge_use1-az6': 50, 'c7g.2xlarge_use1-az1': 50, 'c7g.2xlarge_use1-az2': 50, 'c7g.2xlarge_use1-az4': 50, 'c7g.2xlarge_use1-az5': 50, 'c7g.2xlarge_use1-az6': 50, 'c7g.4xlarge_use1-az1': 50, 'c7g.4xlarge_use1-az2': 50, 'c7g.4xlarge_use1-az4': 50, 'c7g.4xlarge_use1-az5': 50, 'c7g.4xlarge_use1-az6': 50, 'c7g.8xlarge_use1-az1': 50, 'c7g.8xlarge_use1-az2': 50, 'c7g.8xlarge_use1-az4': 50, 'c7g.8xlarge_use1-az5': 50, 'c7g.8xlarge_use1-az6': 50, 'c7g.large_use1-az1': 5, 'c7g.large_use1-az2': 45, 'c7g.large_use1-az4': 30, 'c7g.large_use1-az5': 10, 'c7g.large_use1-az6': 30, 'c7g.xlarge_use1-az1': 50, 'c7g.xlarge_use1-az2': 50, 'c7g.xlarge_use1-az4': 50, 'c7g.xlarge_use1-az5': 50, 'c7g.xlarge_use1-az6': 50, 'c7gd.12xlarge_use1-az1': 5, 'c7gd.12xlarge_use1-az2': 30, 'c7gd.12xlarge_use1-az4': 15, 'c7gd.12xlarge_use1-az5': 15, 'c7gd.12xlarge_use1-az6': 50, 'c7gd.16xlarge_use1-az1': 5, 'c7gd.16xlarge_use1-az2': 30, 'c7gd.16xlarge_use1-az4': 40, 'c7gd.16xlarge_use1-az5': 1, 'c7gd.16xlarge_use1-az6': 50, 'c7gd.2xlarge_use1-az1': 15, 'c7gd.2xlarge_use1-az2': 50, 'c7gd.2xlarge_use1-az4': 50, 'c7gd.2xlarge_use1-az5': 5, 'c7gd.2xlarge_use1-az6': 50, 'c7gd.4xlarge_use1-az1': 30, 'c7gd.4xlarge_use1-az2': 25, 'c7gd.4xlarge_use1-az4': 50, 'c7gd.4xlarge_use1-az5': 1, 'c7gd.4xlarge_use1-az6': 50, 'c7gd.8xlarge_use1-az1': 5, 'c7gd.8xlarge_use1-az2': 15, 'c7gd.8xlarge_use1-az4': 10, 'c7gd.8xlarge_use1-az5': 5, 'c7gd.8xlarge_use1-az6': 20, 'c7gd.large_use1-az1': 1, 'c7gd.large_use1-az2': 25, 'c7gd.large_use1-az4': 5, 'c7gd.large_use1-az5': 10, 'c7gd.large_use1-az6': 20, 'c7gd.xlarge_use1-az1': 15, 'c7gd.xlarge_use1-az2': 50, 'c7gd.xlarge_use1-az4': 5, 'c7gd.xlarge_use1-az5': 15, 'c7gd.xlarge_use1-az6': 25, 'c7gn.12xlarge_use1-az2': 1, 'c7gn.12xlarge_use1-az5': 1, 'c7gn.12xlarge_use1-az6': 1, 'c7gn.16xlarge_use1-az2': 5, 'c7gn.16xlarge_use1-az5': 5, 'c7gn.16xlarge_use1-az6': 20, 'c7gn.2xlarge_use1-az1': 1, 'c7gn.2xlarge_use1-az2': 1, 'c7gn.2xlarge_use1-az5': 1, 'c7gn.2xlarge_use1-az6': 5, 'c7gn.4xlarge_use1-az2': 50, 'c7gn.4xlarge_use1-az4': 1, 'c7gn.4xlarge_use1-az5': 1, 'c7gn.4xlarge_use1-az6': 50, 'c7gn.8xlarge_use1-az2': 1, 'c7gn.8xlarge_use1-az5': 1, 'c7gn.8xlarge_use1-az6': 5, 'c7gn.large_use1-az1': 1, 'c7gn.large_use1-az2': 10, 'c7gn.large_use1-az5': 10, 'c7gn.large_use1-az6': 10, 'c7gn.xlarge_use1-az1': 1, 'c7gn.xlarge_use1-az2': 5, 'c7gn.xlarge_use1-az5': 5, 'c7gn.xlarge_use1-az6': 5, 'c7i-flex.2xlarge_use1-az1': 50, 'c7i-flex.2xlarge_use1-az2': 50, 'c7i-flex.2xlarge_use1-az4': 50, 'c7i-flex.2xlarge_use1-az5': 15, 'c7i-flex.2xlarge_use1-az6': 50, 'c7i-flex.4xlarge_use1-az1': 1, 'c7i-flex.4xlarge_use1-az2': 1, 'c7i-flex.4xlarge_use1-az4': 1, 'c7i-flex.4xlarge_use1-az6': 5, 'c7i-flex.8xlarge_use1-az1': 1, 'c7i-flex.8xlarge_use1-az2': 1, 'c7i-flex.8xlarge_use1-az4': 1, 'c7i-flex.8xlarge_use1-az6': 5, 'c7i-flex.large_use1-az1': 40, 'c7i-flex.large_use1-az2': 50, 'c7i-flex.large_use1-az4': 10, 'c7i-flex.large_use1-az5': 1, 'c7i-flex.large_use1-az6': 50, 'c7i-flex.xlarge_use1-az1': 50, 'c7i-flex.xlarge_use1-az2': 50, 'c7i-flex.xlarge_use1-az4': 50, 'c7i-flex.xlarge_use1-az5': 5, 'c7i-flex.xlarge_use1-az6': 50, 'c7i.12xlarge_use1-az1': 5, 'c7i.12xlarge_use1-az2': 15, 'c7i.12xlarge_use1-az4': 15, 'c7i.12xlarge_use1-az6': 5, 'c7i.16xlarge_use1-az1': 1, 'c7i.16xlarge_use1-az2': 5, 'c7i.16xlarge_use1-az4': 1, 'c7i.16xlarge_use1-az6': 15, 'c7i.24xlarge_use1-az1': 5, 'c7i.24xlarge_use1-az2': 5, 'c7i.24xlarge_use1-az4': 5, 'c7i.24xlarge_use1-az5': 1, 'c7i.24xlarge_use1-az6': 15, 'c7i.2xlarge_use1-az1': 10, 'c7i.2xlarge_use1-az2': 10, 'c7i.2xlarge_use1-az4': 10, 'c7i.2xlarge_use1-az5': 5, 'c7i.2xlarge_use1-az6': 25, 'c7i.48xlarge_use1-az1': 10, 'c7i.48xlarge_use1-az2': 10, 'c7i.48xlarge_use1-az4': 5, 'c7i.48xlarge_use1-az5': 1, 'c7i.48xlarge_use1-az6': 50, 'c7i.4xlarge_use1-az1': 5, 'c7i.4xlarge_use1-az2': 5, 'c7i.4xlarge_use1-az4': 5, 'c7i.4xlarge_use1-az5': 1, 'c7i.4xlarge_use1-az6': 15, 'c7i.8xlarge_use1-az1': 1, 'c7i.8xlarge_use1-az2': 5, 'c7i.8xlarge_use1-az4': 5, 'c7i.8xlarge_use1-az6': 10, 'c7i.large_use1-az1': 45, 'c7i.large_use1-az2': 50, 'c7i.large_use1-az4': 50, 'c7i.large_use1-az5': 5, 'c7i.large_use1-az6': 50, 'c7i.xlarge_use1-az1': 5, 'c7i.xlarge_use1-az2': 10, 'c7i.xlarge_use1-az4': 5, 'c7i.xlarge_use1-az5': 1, 'c7i.xlarge_use1-az6': 5, 'c8g.12xlarge_use1-az1': 1, 'c8g.12xlarge_use1-az2': 5, 'c8g.12xlarge_use1-az4': 1, 'c8g.12xlarge_use1-az6': 25, 'c8g.16xlarge_use1-az1': 10, 'c8g.16xlarge_use1-az2': 5, 'c8g.16xlarge_use1-az4': 1, 'c8g.16xlarge_use1-az6': 50, 'c8g.24xlarge_use1-az1': 5, 'c8g.24xlarge_use1-az2': 10, 'c8g.24xlarge_use1-az4': 1, 'c8g.24xlarge_use1-az6': 25, 'c8g.2xlarge_use1-az1': 5, 'c8g.2xlarge_use1-az2': 5, 'c8g.2xlarge_use1-az4': 50, 'c8g.2xlarge_use1-az5': 1, 'c8g.2xlarge_use1-az6': 50, 'c8g.48xlarge_use1-az1': 1, 'c8g.48xlarge_use1-az2': 5, 'c8g.48xlarge_use1-az6': 50, 'c8g.4xlarge_use1-az1': 35, 'c8g.4xlarge_use1-az2': 15, 'c8g.4xlarge_use1-az4': 20, 'c8g.4xlarge_use1-az5': 10, 'c8g.4xlarge_use1-az6': 50, 'c8g.8xlarge_use1-az1': 1, 'c8g.8xlarge_use1-az2': 5, 'c8g.8xlarge_use1-az4': 5, 'c8g.8xlarge_use1-az6': 50, 'c8g.large_use1-az1': 5, 'c8g.large_use1-az2': 20, 'c8g.large_use1-az4': 5, 'c8g.large_use1-az5': 1, 'c8g.large_use1-az6': 40, 'c8g.metal-24xl_use1-az2': 1, 'c8g.metal-24xl_use1-az6': 20, 'c8g.metal-48xl_use1-az1': 1, 'c8g.metal-48xl_use1-az2': 1, 'c8g.metal-48xl_use1-az6': 50, 'c8g.xlarge_use1-az1': 5, 'c8g.xlarge_use1-az2': 30, 'c8g.xlarge_use1-az4': 5, 'c8g.xlarge_use1-az5': 1, 'c8g.xlarge_use1-az6': 50, 'c8gd.12xlarge_use1-az2': 5, 'c8gd.12xlarge_use1-az4': 5, 'c8gd.12xlarge_use1-az5': 1, 'c8gd.12xlarge_use1-az6': 5, 'c8gd.16xlarge_use1-az2': 10, 'c8gd.16xlarge_use1-az4': 10, 'c8gd.16xlarge_use1-az5': 5, 'c8gd.16xlarge_use1-az6': 50, 'c8gd.24xlarge_use1-az2': 1, 'c8gd.24xlarge_use1-az4': 5, 'c8gd.24xlarge_use1-az5': 1, 'c8gd.24xlarge_use1-az6': 5, 'c8gd.2xlarge_use1-az2': 50, 'c8gd.2xlarge_use1-az4': 50, 'c8gd.2xlarge_use1-az5': 10, 'c8gd.2xlarge_use1-az6': 50, 'c8gd.48xlarge_use1-az2': 1, 'c8gd.48xlarge_use1-az6': 15, 'c8gd.4xlarge_use1-az2': 10, 'c8gd.4xlarge_use1-az4': 30, 'c8gd.4xlarge_use1-az5': 1, 'c8gd.4xlarge_use1-az6': 50, 'c8gd.8xlarge_use1-az2': 1, 'c8gd.8xlarge_use1-az4': 1, 'c8gd.8xlarge_use1-az5': 1, 'c8gd.8xlarge_use1-az6': 5, 'c8gd.large_use1-az1': 1, 'c8gd.large_use1-az2': 40, 'c8gd.large_use1-az4': 35, 'c8gd.large_use1-az6': 50, 'c8gd.metal-24xl_use1-az2': 1, 'c8gd.metal-24xl_use1-az4': 1, 'c8gd.metal-24xl_use1-az5': 1, 'c8gd.metal-24xl_use1-az6': 5, 'c8gd.metal-48xl_use1-az2': 1, 'c8gd.metal-48xl_use1-az6': 1, 'c8gd.xlarge_use1-az1': 1, 'c8gd.xlarge_use1-az2': 20, 'c8gd.xlarge_use1-az4': 20, 'c8gd.xlarge_use1-az5': 15, 'c8gd.xlarge_use1-az6': 50, 'c8gn.2xlarge_use1-az2': 1, 'c8gn.2xlarge_use1-az4': 1, 'c8gn.2xlarge_use1-az6': 1, 'c8gn.4xlarge_use1-az2': 1, 'c8gn.4xlarge_use1-az5': 1, 'c8gn.8xlarge_use1-az2': 1, 'c8gn.8xlarge_use1-az6': 1, 'c8gn.large_use1-az6': 1, 'c8i-flex.12xlarge_use1-az6': 1, 'c8i-flex.16xlarge_use1-az6': 1, 'c8i-flex.2xlarge_use1-az2': 25, 'c8i-flex.2xlarge_use1-az4': 15, 'c8i-flex.2xlarge_use1-az6': 50, 'c8i-flex.4xlarge_use1-az2': 5, 'c8i-flex.4xlarge_use1-az4': 1, 'c8i-flex.4xlarge_use1-az6': 5, 'c8i-flex.8xlarge_use1-az6': 1, 'c8i-flex.large_use1-az4': 20, 'c8i-flex.xlarge_use1-az2': 40, 'c8i-flex.xlarge_use1-az4': 5, 'c8i-flex.xlarge_use1-az6': 50, 'c8i.12xlarge_use1-az2': 1, 'c8i.12xlarge_use1-az4': 1, 'c8i.12xlarge_use1-az6': 1, 'c8i.16xlarge_use1-az6': 1, 'c8i.24xlarge_use1-az6': 1, 'c8i.2xlarge_use1-az2': 10, 'c8i.2xlarge_use1-az4': 5, 'c8i.2xlarge_use1-az6': 20, 'c8i.32xlarge_use1-az2': 1, 'c8i.32xlarge_use1-az4': 1, 'c8i.32xlarge_use1-az6': 5, 'c8i.48xlarge_use1-az2': 1, 'c8i.48xlarge_use1-az6': 1, 'c8i.4xlarge_use1-az2': 5, 'c8i.4xlarge_use1-az4': 5, 'c8i.4xlarge_use1-az6': 5, 'c8i.8xlarge_use1-az2': 1, 'c8i.8xlarge_use1-az4': 1, 'c8i.8xlarge_use1-az6': 5, 'c8i.96xlarge_use1-az2': 1, 'c8i.96xlarge_use1-az6': 5, 'c8i.metal-48xl_use1-az2': 1, 'c8i.metal-96xl_use1-az2': 1, 'c8i.metal-96xl_use1-az6': 5, 'c8i.xlarge_use1-az2': 50, 'c8i.xlarge_use1-az4': 15, 'c8i.xlarge_use1-az6': 50, 'd2.2xlarge_use1-az1': 1, 'd2.2xlarge_use1-az6': 1, 'd2.4xlarge_use1-az6': 1, 'd2.xlarge_use1-az6': 1, 'd3.2xlarge_use1-az1': 15, 'd3.2xlarge_use1-az2': 45, 'd3.2xlarge_use1-az4': 40, 'd3.2xlarge_use1-az6': 35, 'd3.4xlarge_use1-az2': 5, 'd3.4xlarge_use1-az4': 15, 'd3.4xlarge_use1-az6': 5, 'd3.8xlarge_use1-az1': 1, 'd3.8xlarge_use1-az2': 40, 'd3.8xlarge_use1-az4': 35, 'd3.8xlarge_use1-az6': 20, 'd3.xlarge_use1-az1': 10, 'd3.xlarge_use1-az2': 50, 'd3.xlarge_use1-az4': 45, 'd3.xlarge_use1-az6': 25, 'd3en.12xlarge_use1-az1': 1, 'd3en.12xlarge_use1-az2': 10, 'd3en.12xlarge_use1-az4': 20, 'd3en.12xlarge_use1-az6': 50, 'd3en.2xlarge_use1-az1': 5, 'd3en.2xlarge_use1-az2': 25, 'd3en.2xlarge_use1-az4': 15, 'd3en.2xlarge_use1-az6': 50, 'd3en.4xlarge_use1-az4': 10, 'd3en.4xlarge_use1-az6': 50, 'd3en.6xlarge_use1-az1': 1, 'd3en.6xlarge_use1-az2': 5, 'd3en.6xlarge_use1-az4': 15, 'd3en.6xlarge_use1-az6': 50, 'd3en.8xlarge_use1-az1': 1, 'd3en.8xlarge_use1-az2': 15, 'd3en.8xlarge_use1-az4': 5, 'd3en.8xlarge_use1-az6': 50, 'd3en.xlarge_use1-az1': 5, 'd3en.xlarge_use1-az2': 50, 'd3en.xlarge_use1-az4': 30, 'd3en.xlarge_use1-az6': 50, 'f2.12xlarge_use1-az2': 1, 'f2.12xlarge_use1-az4': 1, 'f2.12xlarge_use1-az6': 1, 'f2.48xlarge_use1-az2': 5, 'f2.48xlarge_use1-az4': 5, 'f2.48xlarge_use1-az6': 1, 'g4ad.16xlarge_use1-az1': 5, 'g4ad.16xlarge_use1-az2': 5, 'g4ad.16xlarge_use1-az4': 5, 'g4ad.16xlarge_use1-az6': 10, 'g4ad.2xlarge_use1-az1': 5, 'g4ad.2xlarge_use1-az2': 10, 'g4ad.2xlarge_use1-az4': 10, 'g4ad.2xlarge_use1-az6': 10, 'g4ad.4xlarge_use1-az1': 10, 'g4ad.4xlarge_use1-az2': 15, 'g4ad.4xlarge_use1-az4': 15, 'g4ad.4xlarge_use1-az6': 5, 'g4ad.8xlarge_use1-az1': 1, 'g4ad.8xlarge_use1-az2': 5, 'g4ad.8xlarge_use1-az4': 5, 'g4ad.8xlarge_use1-az6': 5, 'g4ad.xlarge_use1-az1': 20, 'g4ad.xlarge_use1-az2': 20, 'g4ad.xlarge_use1-az4': 25, 'g4ad.xlarge_use1-az6': 20, 'g4dn.12xlarge_use1-az1': 5, 'g4dn.12xlarge_use1-az2': 15, 'g4dn.12xlarge_use1-az4': 15, 'g4dn.12xlarge_use1-az5': 15, 'g4dn.12xlarge_use1-az6': 50, 'g4dn.16xlarge_use1-az1': 1, 'g4dn.16xlarge_use1-az2': 10, 'g4dn.16xlarge_use1-az4': 1, 'g4dn.16xlarge_use1-az5': 5, 'g4dn.16xlarge_use1-az6': 15, 'g4dn.2xlarge_use1-az1': 45, 'g4dn.2xlarge_use1-az2': 50, 'g4dn.2xlarge_use1-az4': 50, 'g4dn.2xlarge_use1-az5': 50, 'g4dn.2xlarge_use1-az6': 50, 'g4dn.4xlarge_use1-az1': 5, 'g4dn.4xlarge_use1-az2': 40, 'g4dn.4xlarge_use1-az4': 25, 'g4dn.4xlarge_use1-az5': 40, 'g4dn.4xlarge_use1-az6': 40, 'g4dn.8xlarge_use1-az1': 1, 'g4dn.8xlarge_use1-az2': 1, 'g4dn.8xlarge_use1-az4': 10, 'g4dn.8xlarge_use1-az5': 1, 'g4dn.8xlarge_use1-az6': 5, 'g4dn.xlarge_use1-az1': 50, 'g4dn.xlarge_use1-az2': 50, 'g4dn.xlarge_use1-az4': 50, 'g4dn.xlarge_use1-az5': 50, 'g4dn.xlarge_use1-az6': 50, 'g5.12xlarge_use1-az2': 1, 'g5.12xlarge_use1-az5': 10, 'g5.12xlarge_use1-az6': 5, 'g5.16xlarge_use1-az1': 1, 'g5.16xlarge_use1-az2': 1, 'g5.16xlarge_use1-az4': 5, 'g5.16xlarge_use1-az5': 5, 'g5.16xlarge_use1-az6': 10, 'g5.24xlarge_use1-az1': 1, 'g5.24xlarge_use1-az2': 1, 'g5.24xlarge_use1-az4': 1, 'g5.24xlarge_use1-az5': 1, 'g5.24xlarge_use1-az6': 5, 'g5.2xlarge_use1-az1': 25, 'g5.2xlarge_use1-az5': 50, 'g5.2xlarge_use1-az6': 45, 'g5.48xlarge_use1-az2': 1, 'g5.48xlarge_use1-az5': 5, 'g5.48xlarge_use1-az6': 25, 'g5.4xlarge_use1-az1': 1, 'g5.4xlarge_use1-az2': 50, 'g5.4xlarge_use1-az4': 50, 'g5.4xlarge_use1-az5': 40, 'g5.4xlarge_use1-az6': 50, 'g5.8xlarge_use1-az1': 1, 'g5.8xlarge_use1-az2': 5, 'g5.8xlarge_use1-az4': 10, 'g5.8xlarge_use1-az5': 20, 'g5.8xlarge_use1-az6': 10, 'g5g.16xlarge_use1-az1': 1, 'g5g.16xlarge_use1-az6': 5, 'g5g.4xlarge_use1-az6': 1, 'g5g.8xlarge_use1-az1': 1, 'g5g.8xlarge_use1-az4': 1, 'g5g.8xlarge_use1-az6': 1, 'g6.12xlarge_use1-az1': 5, 'g6.12xlarge_use1-az2': 1, 'g6.12xlarge_use1-az4': 30, 'g6.12xlarge_use1-az6': 50, 'g6.16xlarge_use1-az1': 1, 'g6.16xlarge_use1-az2': 1, 'g6.16xlarge_use1-az4': 1, 'g6.16xlarge_use1-az6': 5, 'g6.24xlarge_use1-az2': 1, 'g6.24xlarge_use1-az4': 1, 'g6.24xlarge_use1-az6': 1, 'g6.2xlarge_use1-az1': 10, 'g6.2xlarge_use1-az2': 25, 'g6.2xlarge_use1-az4': 50, 'g6.2xlarge_use1-az6': 50, 'g6.48xlarge_use1-az2': 5, 'g6.48xlarge_use1-az4': 30, 'g6.48xlarge_use1-az6': 50, 'g6.4xlarge_use1-az1': 5, 'g6.4xlarge_use1-az2': 10, 'g6.4xlarge_use1-az4': 35, 'g6.4xlarge_use1-az6': 50, 'g6.8xlarge_use1-az1': 5, 'g6.8xlarge_use1-az2': 5, 'g6.8xlarge_use1-az4': 10, 'g6.8xlarge_use1-az6': 15, 'g6e.16xlarge_use1-az1': 10, 'g6e.16xlarge_use1-az2': 15, 'g6e.16xlarge_use1-az4': 40, 'g6e.16xlarge_use1-az6': 20, 'g6e.48xlarge_use1-az4': 5, 'g6e.48xlarge_use1-az6': 1, 'g6e.4xlarge_use1-az1': 1, 'g6e.4xlarge_use1-az4': 5, 'g6e.4xlarge_use1-az6': 1, 'g6e.8xlarge_use1-az1': 1, 'g6e.8xlarge_use1-az2': 1, 'g6e.8xlarge_use1-az4': 1, 'g6e.8xlarge_use1-az6': 1, 'g6f.2xlarge_use1-az1': 1, 'g6f.2xlarge_use1-az4': 1, 'g6f.2xlarge_use1-az6': 5, 'g6f.4xlarge_use1-az1': 1, 'g6f.4xlarge_use1-az4': 1, 'g6f.4xlarge_use1-az6': 1, 'g6f.large_use1-az1': 10, 'g6f.large_use1-az2': 15, 'g6f.large_use1-az4': 40, 'g6f.large_use1-az6': 20, 'g6f.xlarge_use1-az1': 1, 'g6f.xlarge_use1-az2': 1, 'g6f.xlarge_use1-az4': 5, 'g6f.xlarge_use1-az6': 10, 'gr6.4xlarge_use1-az2': 1, 'gr6.4xlarge_use1-az4': 1, 'gr6.4xlarge_use1-az6': 1, 'gr6.8xlarge_use1-az1': 1, 'gr6.8xlarge_use1-az2': 1, 'gr6.8xlarge_use1-az4': 1, 'gr6.8xlarge_use1-az6': 1, 'i2.2xlarge_use1-az2': 10, 'i2.2xlarge_use1-az3': 5, 'i2.2xlarge_use1-az6': 5, 'i2.4xlarge_use1-az1': 1, 'i2.4xlarge_use1-az2': 10, 'i2.4xlarge_use1-az3': 1, 'i2.4xlarge_use1-az4': 10, 'i2.4xlarge_use1-az6': 5, 'i2.8xlarge_use1-az3': 1, 'i2.xlarge_use1-az1': 1, 'i2.xlarge_use1-az2': 15, 'i2.xlarge_use1-az3': 1, 'i2.xlarge_use1-az4': 20, 'i2.xlarge_use1-az6': 15, 'i3.16xlarge_use1-az1': 20, 'i3.16xlarge_use1-az2': 50, 'i3.16xlarge_use1-az3': 10, 'i3.16xlarge_use1-az4': 50, 'i3.16xlarge_use1-az5': 10, 'i3.16xlarge_use1-az6': 45, 'i3.2xlarge_use1-az1': 50, 'i3.2xlarge_use1-az2': 50, 'i3.2xlarge_use1-az3': 50, 'i3.2xlarge_use1-az4': 50, 'i3.2xlarge_use1-az5': 50, 'i3.2xlarge_use1-az6': 50, 'i3.4xlarge_use1-az1': 50, 'i3.4xlarge_use1-az2': 50, 'i3.4xlarge_use1-az3': 50, 'i3.4xlarge_use1-az4': 50, 'i3.4xlarge_use1-az5': 50, 'i3.4xlarge_use1-az6': 50, 'i3.8xlarge_use1-az1': 50, 'i3.8xlarge_use1-az2': 50, 'i3.8xlarge_use1-az3': 50, 'i3.8xlarge_use1-az4': 50, 'i3.8xlarge_use1-az5': 25, 'i3.8xlarge_use1-az6': 50, 'i3.large_use1-az1': 50, 'i3.large_use1-az2': 50, 'i3.large_use1-az3': 50, 'i3.large_use1-az4': 50, 'i3.large_use1-az5': 50, 'i3.large_use1-az6': 50, 'i3.xlarge_use1-az1': 50, 'i3.xlarge_use1-az2': 50, 'i3.xlarge_use1-az3': 50, 'i3.xlarge_use1-az4': 50, 'i3.xlarge_use1-az5': 50, 'i3.xlarge_use1-az6': 50, 'i3en.12xlarge_use1-az1': 1, 'i3en.12xlarge_use1-az2': 1, 'i3en.12xlarge_use1-az6': 50, 'i3en.24xlarge_use1-az6': 20, 'i3en.2xlarge_use1-az1': 50, 'i3en.2xlarge_use1-az2': 50, 'i3en.2xlarge_use1-az4': 30, 'i3en.2xlarge_use1-az5': 50, 'i3en.2xlarge_use1-az6': 50, 'i3en.3xlarge_use1-az1': 50, 'i3en.3xlarge_use1-az2': 50, 'i3en.3xlarge_use1-az4': 50, 'i3en.3xlarge_use1-az5': 50, 'i3en.3xlarge_use1-az6': 50, 'i3en.6xlarge_use1-az1': 10, 'i3en.6xlarge_use1-az2': 20, 'i3en.6xlarge_use1-az4': 10, 'i3en.6xlarge_use1-az6': 50, 'i3en.large_use1-az1': 50, 'i3en.large_use1-az2': 50, 'i3en.large_use1-az4': 45, 'i3en.large_use1-az5': 35, 'i3en.large_use1-az6': 50, 'i3en.xlarge_use1-az1': 50, 'i3en.xlarge_use1-az2': 50, 'i3en.xlarge_use1-az4': 50, 'i3en.xlarge_use1-az5': 50, 'i3en.xlarge_use1-az6': 50, 'i4g.16xlarge_use1-az2': 1, 'i4g.16xlarge_use1-az4': 1, 'i4g.16xlarge_use1-az5': 50, 'i4g.16xlarge_use1-az6': 50, 'i4g.2xlarge_use1-az2': 10, 'i4g.2xlarge_use1-az4': 15, 'i4g.2xlarge_use1-az5': 40, 'i4g.2xlarge_use1-az6': 50, 'i4g.4xlarge_use1-az2': 25, 'i4g.4xlarge_use1-az4': 30, 'i4g.4xlarge_use1-az5': 50, 'i4g.4xlarge_use1-az6': 50, 'i4g.8xlarge_use1-az5': 45, 'i4g.8xlarge_use1-az6': 15, 'i4g.large_use1-az1': 5, 'i4g.large_use1-az2': 5, 'i4g.large_use1-az4': 5, 'i4g.large_use1-az5': 25, 'i4g.large_use1-az6': 50, 'i4g.xlarge_use1-az2': 10, 'i4g.xlarge_use1-az4': 1, 'i4g.xlarge_use1-az5': 50, 'i4g.xlarge_use1-az6': 50, 'i4i.12xlarge_use1-az2': 5, 'i4i.16xlarge_use1-az1': 1, 'i4i.16xlarge_use1-az2': 1, 'i4i.16xlarge_use1-az4': 1, 'i4i.16xlarge_use1-az6': 1, 'i4i.24xlarge_use1-az2': 1, 'i4i.2xlarge_use1-az1': 15, 'i4i.2xlarge_use1-az2': 50, 'i4i.2xlarge_use1-az4': 50, 'i4i.2xlarge_use1-az5': 1, 'i4i.2xlarge_use1-az6': 50, 'i4i.4xlarge_use1-az1': 1, 'i4i.4xlarge_use1-az2': 35, 'i4i.4xlarge_use1-az4': 1, 'i4i.4xlarge_use1-az6': 15, 'i4i.8xlarge_use1-az1': 1, 'i4i.8xlarge_use1-az2': 40, 'i4i.8xlarge_use1-az6': 5, 'i4i.large_use1-az1': 50, 'i4i.large_use1-az2': 50, 'i4i.large_use1-az4': 50, 'i4i.large_use1-az5': 50, 'i4i.large_use1-az6': 50, 'i4i.xlarge_use1-az1': 50, 'i4i.xlarge_use1-az2': 50, 'i4i.xlarge_use1-az4': 50, 'i4i.xlarge_use1-az5': 50, 'i4i.xlarge_use1-az6': 50, 'i7i.12xlarge_use1-az1': 1, 'i7i.12xlarge_use1-az2': 1, 'i7i.12xlarge_use1-az4': 1, 'i7i.12xlarge_use1-az5': 1, 'i7i.12xlarge_use1-az6': 1, 'i7i.16xlarge_use1-az2': 1, 'i7i.16xlarge_use1-az4': 5, 'i7i.16xlarge_use1-az5': 1, 'i7i.16xlarge_use1-az6': 1, 'i7i.24xlarge_use1-az2': 1, 'i7i.24xlarge_use1-az4': 1, 'i7i.24xlarge_use1-az5': 1, 'i7i.24xlarge_use1-az6': 1, 'i7i.2xlarge_use1-az1': 1, 'i7i.2xlarge_use1-az2': 50, 'i7i.2xlarge_use1-az4': 45, 'i7i.2xlarge_use1-az5': 20, 'i7i.2xlarge_use1-az6': 10, 'i7i.48xlarge_use1-az2': 1, 'i7i.4xlarge_use1-az1': 1, 'i7i.4xlarge_use1-az2': 15, 'i7i.4xlarge_use1-az4': 20, 'i7i.4xlarge_use1-az5': 5, 'i7i.4xlarge_use1-az6': 20, 'i7i.8xlarge_use1-az1': 1, 'i7i.8xlarge_use1-az2': 1, 'i7i.8xlarge_use1-az4': 5, 'i7i.8xlarge_use1-az5': 1, 'i7i.8xlarge_use1-az6': 1, 'i7i.metal-24xl_use1-az2': 1, 'i7i.metal-24xl_use1-az4': 50, 'i7i.metal-24xl_use1-az6': 35, 'i7i.xlarge_use1-az1': 1, 'i7i.xlarge_use1-az6': 20, 'i7ie.12xlarge_use1-az1': 1, 'i7ie.12xlarge_use1-az4': 1, 'i7ie.12xlarge_use1-az6': 30, 'i7ie.18xlarge_use1-az4': 1, 'i7ie.18xlarge_use1-az6': 20, 'i7ie.24xlarge_use1-az1': 1, 'i7ie.24xlarge_use1-az2': 1, 'i7ie.24xlarge_use1-az4': 1, 'i7ie.24xlarge_use1-az6': 50, 'i7ie.2xlarge_use1-az1': 5, 'i7ie.2xlarge_use1-az2': 1, 'i7ie.2xlarge_use1-az4': 15, 'i7ie.2xlarge_use1-az6': 35, 'i7ie.3xlarge_use1-az1': 5, 'i7ie.3xlarge_use1-az2': 1, 'i7ie.3xlarge_use1-az4': 5, 'i7ie.3xlarge_use1-az6': 30, 'i7ie.48xlarge_use1-az6': 50, 'i7ie.6xlarge_use1-az1': 25, 'i7ie.6xlarge_use1-az4': 20, 'i7ie.6xlarge_use1-az6': 50, 'i7ie.large_use1-az1': 45, 'i7ie.large_use1-az2': 15, 'i7ie.large_use1-az4': 50, 'i7ie.large_use1-az6': 50, 'i7ie.metal-24xl_use1-az4': 1, 'i7ie.metal-24xl_use1-az6': 15, 'i7ie.metal-48xl_use1-az6': 10, 'i7ie.xlarge_use1-az1': 10, 'i7ie.xlarge_use1-az2': 25, 'i7ie.xlarge_use1-az4': 45, 'i7ie.xlarge_use1-az6': 50, 'i8g.12xlarge_use1-az6': 1, 'i8g.24xlarge_use1-az6': 10, 'i8g.2xlarge_use1-az2': 1, 'i8g.4xlarge_use1-az2': 1, 'i8g.8xlarge_use1-az6': 5, 'i8g.large_use1-az2': 10, 'i8g.large_use1-az6': 5, 'i8g.xlarge_use1-az2': 1, 'i8g.xlarge_use1-az4': 1, 'i8g.xlarge_use1-az6': 1, 'i8ge.12xlarge_use1-az4': 1, 'i8ge.12xlarge_use1-az6': 5, 'i8ge.18xlarge_use1-az2': 1, 'i8ge.18xlarge_use1-az4': 1, 'i8ge.18xlarge_use1-az6': 5, 'i8ge.24xlarge_use1-az4': 1, 'i8ge.24xlarge_use1-az6': 5, 'i8ge.2xlarge_use1-az4': 10, 'i8ge.3xlarge_use1-az2': 1, 'i8ge.3xlarge_use1-az4': 5, 'i8ge.48xlarge_use1-az4': 5, 'i8ge.6xlarge_use1-az2': 1, 'i8ge.6xlarge_use1-az4': 1, 'i8ge.large_use1-az2': 5, 'i8ge.large_use1-az4': 50, 'i8ge.metal-24xl_use1-az4': 1, 'i8ge.metal-48xl_use1-az6': 1, 'i8ge.xlarge_use1-az4': 20, 'im4gn.16xlarge_use1-az4': 45, 'im4gn.2xlarge_use1-az1': 10, 'im4gn.2xlarge_use1-az4': 20, 'im4gn.2xlarge_use1-az6': 15, 'im4gn.4xlarge_use1-az1': 5, 'im4gn.4xlarge_use1-az4': 15, 'im4gn.8xlarge_use1-az1': 1, 'im4gn.8xlarge_use1-az4': 5, 'im4gn.large_use1-az1': 35, 'im4gn.large_use1-az2': 10, 'im4gn.large_use1-az4': 50, 'im4gn.large_use1-az6': 10, 'im4gn.xlarge_use1-az1': 25, 'im4gn.xlarge_use1-az2': 50, 'im4gn.xlarge_use1-az4': 30, 'im4gn.xlarge_use1-az6': 40, 'inf1.24xlarge_use1-az1': 1, 'inf1.24xlarge_use1-az2': 1, 'inf1.24xlarge_use1-az4': 10, 'inf1.24xlarge_use1-az5': 5, 'inf1.24xlarge_use1-az6': 20, 'inf1.2xlarge_use1-az1': 15, 'inf1.2xlarge_use1-az2': 15, 'inf1.2xlarge_use1-az4': 30, 'inf1.2xlarge_use1-az5': 40, 'inf1.2xlarge_use1-az6': 40, 'inf1.6xlarge_use1-az1': 1, 'inf1.6xlarge_use1-az2': 1, 'inf1.6xlarge_use1-az4': 5, 'inf1.6xlarge_use1-az5': 5, 'inf1.6xlarge_use1-az6': 10, 'inf1.xlarge_use1-az1': 50, 'inf1.xlarge_use1-az2': 50, 'inf1.xlarge_use1-az4': 40, 'inf1.xlarge_use1-az5': 50, 'inf1.xlarge_use1-az6': 50, 'inf2.24xlarge_use1-az4': 1, 'inf2.24xlarge_use1-az6': 10, 'inf2.48xlarge_use1-az6': 15, 'inf2.8xlarge_use1-az2': 5, 'inf2.8xlarge_use1-az4': 5, 'inf2.8xlarge_use1-az5': 1, 'inf2.8xlarge_use1-az6': 1, 'inf2.xlarge_use1-az2': 5, 'inf2.xlarge_use1-az4': 1, 'inf2.xlarge_use1-az6': 50, 'is4gen.2xlarge_use1-az1': 1, 'is4gen.2xlarge_use1-az2': 50, 'is4gen.2xlarge_use1-az4': 50, 'is4gen.2xlarge_use1-az6': 50, 'is4gen.8xlarge_use1-az1': 1, 'is4gen.8xlarge_use1-az4': 1, 'is4gen.medium_use1-az1': 50, 'is4gen.medium_use1-az2': 25, 'is4gen.medium_use1-az4': 40, 'is4gen.medium_use1-az6': 30, 'is4gen.xlarge_use1-az2': 1, 'is4gen.xlarge_use1-az4': 15, 'm1.large_use1-az2': 25, 'm1.large_use1-az6': 15, 'm1.xlarge_use1-az2': 10, 'm1.xlarge_use1-az4': 10, 'm1.xlarge_use1-az6': 10, 'm2.2xlarge_use1-az1': 5, 'm2.2xlarge_use1-az2': 10, 'm2.2xlarge_use1-az4': 15, 'm2.2xlarge_use1-az6': 5, 'm2.4xlarge_use1-az1': 1, 'm2.4xlarge_use1-az2': 5, 'm2.4xlarge_use1-az4': 5, 'm2.4xlarge_use1-az6': 5, 'm2.xlarge_use1-az1': 5, 'm2.xlarge_use1-az2': 20, 'm2.xlarge_use1-az4': 20, 'm2.xlarge_use1-az6': 15, 'm3.2xlarge_use1-az2': 25, 'm3.2xlarge_use1-az3': 1, 'm3.2xlarge_use1-az4': 40, 'm3.2xlarge_use1-az6': 45, 'm3.large_use1-az2': 50, 'm3.large_use1-az3': 1, 'm3.large_use1-az4': 50, 'm3.large_use1-az6': 50, 'm3.xlarge_use1-az2': 50, 'm3.xlarge_use1-az3': 1, 'm3.xlarge_use1-az4': 50, 'm3.xlarge_use1-az6': 50, 'm4.10xlarge_use1-az1': 5, 'm4.10xlarge_use1-az2': 10, 'm4.10xlarge_use1-az3': 1, 'm4.10xlarge_use1-az4': 50, 'm4.10xlarge_use1-az5': 1, 'm4.10xlarge_use1-az6': 50, 'm4.2xlarge_use1-az1': 5, 'm4.2xlarge_use1-az2': 20, 'm4.2xlarge_use1-az3': 50, 'm4.2xlarge_use1-az4': 20, 'm4.2xlarge_use1-az5': 1, 'm4.2xlarge_use1-az6': 25, 'm4.4xlarge_use1-az1': 50, 'm4.4xlarge_use1-az2': 50, 'm4.4xlarge_use1-az3': 50, 'm4.4xlarge_use1-az4': 25, 'm4.4xlarge_use1-az5': 10, 'm4.4xlarge_use1-az6': 15, 'm4.large_use1-az1': 30, 'm4.large_use1-az2': 50, 'm4.large_use1-az3': 25, 'm4.large_use1-az4': 50, 'm4.large_use1-az5': 10, 'm4.large_use1-az6': 50, 'm4.xlarge_use1-az1': 15, 'm4.xlarge_use1-az2': 50, 'm4.xlarge_use1-az3': 50, 'm4.xlarge_use1-az4': 50, 'm4.xlarge_use1-az5': 30, 'm4.xlarge_use1-az6': 50, 'm5.12xlarge_use1-az1': 5, 'm5.12xlarge_use1-az2': 25, 'm5.12xlarge_use1-az4': 50, 'm5.12xlarge_use1-az5': 1, 'm5.12xlarge_use1-az6': 40, 'm5.16xlarge_use1-az1': 10, 'm5.16xlarge_use1-az2': 50, 'm5.16xlarge_use1-az4': 50, 'm5.16xlarge_use1-az5': 1, 'm5.16xlarge_use1-az6': 50, 'm5.24xlarge_use1-az1': 5, 'm5.24xlarge_use1-az2': 5, 'm5.24xlarge_use1-az4': 5, 'm5.24xlarge_use1-az5': 1, 'm5.24xlarge_use1-az6': 35, 'm5.2xlarge_use1-az1': 50, 'm5.2xlarge_use1-az2': 50, 'm5.2xlarge_use1-az4': 50, 'm5.2xlarge_use1-az5': 50, 'm5.2xlarge_use1-az6': 50, 'm5.4xlarge_use1-az1': 50, 'm5.4xlarge_use1-az2': 50, 'm5.4xlarge_use1-az4': 50, 'm5.4xlarge_use1-az5': 10, 'm5.4xlarge_use1-az6': 50, 'm5.8xlarge_use1-az1': 50, 'm5.8xlarge_use1-az2': 40, 'm5.8xlarge_use1-az4': 50, 'm5.8xlarge_use1-az5': 1, 'm5.8xlarge_use1-az6': 50, 'm5.large_use1-az1': 50, 'm5.large_use1-az2': 50, 'm5.large_use1-az4': 50, 'm5.large_use1-az5': 50, 'm5.large_use1-az6': 50, 'm5.xlarge_use1-az1': 50, 'm5.xlarge_use1-az2': 50, 'm5.xlarge_use1-az4': 50, 'm5.xlarge_use1-az5': 50, 'm5.xlarge_use1-az6': 50, 'm5a.12xlarge_use1-az2': 1, 'm5a.12xlarge_use1-az4': 1, 'm5a.12xlarge_use1-az6': 1, 'm5a.16xlarge_use1-az2': 1, 'm5a.16xlarge_use1-az4': 1, 'm5a.16xlarge_use1-az6': 1, 'm5a.24xlarge_use1-az1': 1, 'm5a.24xlarge_use1-az2': 1, 'm5a.24xlarge_use1-az4': 1, 'm5a.24xlarge_use1-az5': 5, 'm5a.24xlarge_use1-az6': 5, 'm5a.2xlarge_use1-az1': 10, 'm5a.2xlarge_use1-az2': 25, 'm5a.2xlarge_use1-az4': 25, 'm5a.2xlarge_use1-az5': 5, 'm5a.2xlarge_use1-az6': 45, 'm5a.4xlarge_use1-az1': 5, 'm5a.4xlarge_use1-az2': 10, 'm5a.4xlarge_use1-az4': 5, 'm5a.4xlarge_use1-az5': 10, 'm5a.4xlarge_use1-az6': 15, 'm5a.8xlarge_use1-az1': 1, 'm5a.8xlarge_use1-az2': 20, 'm5a.8xlarge_use1-az4': 20, 'm5a.8xlarge_use1-az5': 1, 'm5a.8xlarge_use1-az6': 5, 'm5a.large_use1-az1': 50, 'm5a.large_use1-az2': 50, 'm5a.large_use1-az4': 50, 'm5a.large_use1-az5': 45, 'm5a.large_use1-az6': 50, 'm5a.xlarge_use1-az1': 10, 'm5a.xlarge_use1-az2': 30, 'm5a.xlarge_use1-az4': 10, 'm5a.xlarge_use1-az5': 20, 'm5a.xlarge_use1-az6': 50, 'm5ad.12xlarge_use1-az1': 1, 'm5ad.16xlarge_use1-az1': 1, 'm5ad.16xlarge_use1-az2': 1, 'm5ad.16xlarge_use1-az4': 1, 'm5ad.16xlarge_use1-az6': 1, 'm5ad.24xlarge_use1-az1': 5, 'm5ad.24xlarge_use1-az2': 1, 'm5ad.24xlarge_use1-az4': 1, 'm5ad.24xlarge_use1-az6': 5, 'm5ad.2xlarge_use1-az1': 1, 'm5ad.2xlarge_use1-az2': 1, 'm5ad.2xlarge_use1-az4': 5, 'm5ad.2xlarge_use1-az6': 1, 'm5ad.4xlarge_use1-az1': 1, 'm5ad.4xlarge_use1-az2': 1, 'm5ad.4xlarge_use1-az4': 1, 'm5ad.4xlarge_use1-az6': 1, 'm5ad.8xlarge_use1-az2': 1, 'm5ad.large_use1-az1': 10, 'm5ad.large_use1-az2': 5, 'm5ad.large_use1-az4': 10, 'm5ad.large_use1-az5': 1, 'm5ad.large_use1-az6': 10, 'm5ad.xlarge_use1-az1': 1, 'm5ad.xlarge_use1-az2': 10, 'm5ad.xlarge_use1-az4': 5, 'm5ad.xlarge_use1-az6': 5, 'm5d.12xlarge_use1-az1': 1, 'm5d.12xlarge_use1-az2': 25, 'm5d.12xlarge_use1-az4': 30, 'm5d.12xlarge_use1-az6': 15, 'm5d.16xlarge_use1-az1': 5, 'm5d.16xlarge_use1-az2': 35, 'm5d.16xlarge_use1-az4': 20, 'm5d.16xlarge_use1-az5': 1, 'm5d.16xlarge_use1-az6': 50, 'm5d.24xlarge_use1-az1': 20, 'm5d.24xlarge_use1-az2': 15, 'm5d.24xlarge_use1-az4': 5, 'm5d.24xlarge_use1-az5': 1, 'm5d.24xlarge_use1-az6': 50, 'm5d.2xlarge_use1-az1': 5, 'm5d.2xlarge_use1-az2': 25, 'm5d.2xlarge_use1-az4': 25, 'm5d.2xlarge_use1-az6': 30, 'm5d.4xlarge_use1-az1': 5, 'm5d.4xlarge_use1-az2': 15, 'm5d.4xlarge_use1-az4': 25, 'm5d.4xlarge_use1-az6': 25, 'm5d.8xlarge_use1-az1': 1, 'm5d.8xlarge_use1-az2': 25, 'm5d.8xlarge_use1-az4': 10, 'm5d.8xlarge_use1-az5': 1, 'm5d.8xlarge_use1-az6': 10, 'm5d.large_use1-az1': 5, 'm5d.large_use1-az2': 50, 'm5d.large_use1-az4': 50, 'm5d.large_use1-az6': 50, 'm5d.xlarge_use1-az1': 50, 'm5d.xlarge_use1-az2': 50, 'm5d.xlarge_use1-az4': 50, 'm5d.xlarge_use1-az5': 1, 'm5d.xlarge_use1-az6': 50, 'm5dn.12xlarge_use1-az1': 1, 'm5dn.12xlarge_use1-az4': 1, 'm5dn.12xlarge_use1-az6': 1, 'm5dn.16xlarge_use1-az1': 1, 'm5dn.16xlarge_use1-az2': 5, 'm5dn.16xlarge_use1-az4': 1, 'm5dn.16xlarge_use1-az6': 1, 'm5dn.24xlarge_use1-az1': 1, 'm5dn.24xlarge_use1-az2': 1, 'm5dn.24xlarge_use1-az4': 1, 'm5dn.24xlarge_use1-az6': 5, 'm5dn.2xlarge_use1-az1': 10, 'm5dn.2xlarge_use1-az2': 5, 'm5dn.2xlarge_use1-az4': 5, 'm5dn.2xlarge_use1-az5': 1, 'm5dn.2xlarge_use1-az6': 15, 'm5dn.4xlarge_use1-az1': 5, 'm5dn.4xlarge_use1-az2': 5, 'm5dn.4xlarge_use1-az4': 1, 'm5dn.4xlarge_use1-az5': 1, 'm5dn.4xlarge_use1-az6': 5, 'm5dn.8xlarge_use1-az2': 1, 'm5dn.8xlarge_use1-az6': 1, 'm5dn.large_use1-az1': 35, 'm5dn.large_use1-az2': 30, 'm5dn.large_use1-az4': 40, 'm5dn.large_use1-az5': 15, 'm5dn.large_use1-az6': 50, 'm5dn.xlarge_use1-az1': 10, 'm5dn.xlarge_use1-az2': 25, 'm5dn.xlarge_use1-az4': 20, 'm5dn.xlarge_use1-az5': 1, 'm5dn.xlarge_use1-az6': 30, 'm5n.12xlarge_use1-az1': 1, 'm5n.12xlarge_use1-az2': 1, 'm5n.12xlarge_use1-az4': 1, 'm5n.12xlarge_use1-az5': 1, 'm5n.12xlarge_use1-az6': 1, 'm5n.16xlarge_use1-az2': 1, 'm5n.16xlarge_use1-az4': 1, 'm5n.16xlarge_use1-az6': 1, 'm5n.24xlarge_use1-az2': 1, 'm5n.24xlarge_use1-az4': 1, 'm5n.24xlarge_use1-az6': 1, 'm5n.2xlarge_use1-az1': 15, 'm5n.2xlarge_use1-az2': 25, 'm5n.2xlarge_use1-az4': 30, 'm5n.2xlarge_use1-az5': 5, 'm5n.2xlarge_use1-az6': 25, 'm5n.4xlarge_use1-az1': 25, 'm5n.4xlarge_use1-az2': 35, 'm5n.4xlarge_use1-az4': 50, 'm5n.4xlarge_use1-az5': 5, 'm5n.4xlarge_use1-az6': 10, 'm5n.8xlarge_use1-az1': 1, 'm5n.8xlarge_use1-az2': 1, 'm5n.8xlarge_use1-az4': 1, 'm5n.8xlarge_use1-az6': 5, 'm5n.large_use1-az1': 5, 'm5n.large_use1-az2': 15, 'm5n.large_use1-az4': 5, 'm5n.large_use1-az5': 5, 'm5n.large_use1-az6': 15, 'm5n.xlarge_use1-az1': 20, 'm5n.xlarge_use1-az2': 50, 'm5n.xlarge_use1-az4': 50, 'm5n.xlarge_use1-az5': 1, 'm5n.xlarge_use1-az6': 50, 'm5zn.12xlarge_use1-az2': 1, 'm5zn.12xlarge_use1-az4': 10, 'm5zn.12xlarge_use1-az5': 1, 'm5zn.12xlarge_use1-az6': 5, 'm5zn.2xlarge_use1-az1': 1, 'm5zn.2xlarge_use1-az2': 1, 'm5zn.2xlarge_use1-az4': 25, 'm5zn.2xlarge_use1-az5': 1, 'm5zn.2xlarge_use1-az6': 5, 'm5zn.3xlarge_use1-az1': 1, 'm5zn.3xlarge_use1-az2': 1, 'm5zn.3xlarge_use1-az4': 5, 'm5zn.3xlarge_use1-az6': 5, 'm5zn.6xlarge_use1-az4': 1, 'm5zn.6xlarge_use1-az6': 1, 'm5zn.large_use1-az1': 5, 'm5zn.large_use1-az2': 5, 'm5zn.large_use1-az4': 30, 'm5zn.large_use1-az5': 15, 'm5zn.large_use1-az6': 20, 'm5zn.xlarge_use1-az1': 1, 'm5zn.xlarge_use1-az2': 1, 'm5zn.xlarge_use1-az4': 20, 'm5zn.xlarge_use1-az5': 5, 'm5zn.xlarge_use1-az6': 5, 'm6a.12xlarge_use1-az1': 5, 'm6a.12xlarge_use1-az2': 5, 'm6a.12xlarge_use1-az4': 15, 'm6a.12xlarge_use1-az6': 10, 'm6a.16xlarge_use1-az1': 5, 'm6a.16xlarge_use1-az2': 5, 'm6a.16xlarge_use1-az4': 5, 'm6a.16xlarge_use1-az6': 5, 'm6a.24xlarge_use1-az1': 1, 'm6a.24xlarge_use1-az2': 1, 'm6a.24xlarge_use1-az4': 1, 'm6a.24xlarge_use1-az6': 1, 'm6a.2xlarge_use1-az1': 50, 'm6a.2xlarge_use1-az2': 35, 'm6a.2xlarge_use1-az4': 45, 'm6a.2xlarge_use1-az5': 15, 'm6a.2xlarge_use1-az6': 50, 'm6a.32xlarge_use1-az2': 1, 'm6a.32xlarge_use1-az4': 1, 'm6a.32xlarge_use1-az5': 1, 'm6a.32xlarge_use1-az6': 1, 'm6a.48xlarge_use1-az2': 1, 'm6a.48xlarge_use1-az4': 1, 'm6a.48xlarge_use1-az6': 1, 'm6a.4xlarge_use1-az1': 45, 'm6a.4xlarge_use1-az2': 40, 'm6a.4xlarge_use1-az4': 25, 'm6a.4xlarge_use1-az5': 5, 'm6a.4xlarge_use1-az6': 50, 'm6a.8xlarge_use1-az1': 25, 'm6a.8xlarge_use1-az2': 15, 'm6a.8xlarge_use1-az4': 50, 'm6a.8xlarge_use1-az5': 10, 'm6a.8xlarge_use1-az6': 50, 'm6a.large_use1-az1': 50, 'm6a.large_use1-az2': 50, 'm6a.large_use1-az4': 50, 'm6a.large_use1-az5': 30, 'm6a.large_use1-az6': 50, 'm6a.xlarge_use1-az1': 50, 'm6a.xlarge_use1-az2': 50, 'm6a.xlarge_use1-az4': 50, 'm6a.xlarge_use1-az5': 35, 'm6a.xlarge_use1-az6': 50, 'm6g.12xlarge_use1-az1': 1, 'm6g.12xlarge_use1-az2': 5, 'm6g.12xlarge_use1-az4': 50, 'm6g.12xlarge_use1-az6': 50, 'm6g.16xlarge_use1-az1': 1, 'm6g.16xlarge_use1-az2': 5, 'm6g.16xlarge_use1-az4': 25, 'm6g.16xlarge_use1-az6': 50, 'm6g.2xlarge_use1-az1': 15, 'm6g.2xlarge_use1-az2': 50, 'm6g.2xlarge_use1-az4': 50, 'm6g.2xlarge_use1-az5': 5, 'm6g.2xlarge_use1-az6': 50, 'm6g.4xlarge_use1-az1': 10, 'm6g.4xlarge_use1-az2': 50, 'm6g.4xlarge_use1-az4': 50, 'm6g.4xlarge_use1-az5': 10, 'm6g.4xlarge_use1-az6': 50, 'm6g.8xlarge_use1-az1': 5, 'm6g.8xlarge_use1-az2': 50, 'm6g.8xlarge_use1-az4': 50, 'm6g.8xlarge_use1-az6': 50, 'm6g.large_use1-az1': 1, 'm6g.large_use1-az2': 50, 'm6g.large_use1-az4': 50, 'm6g.large_use1-az5': 5, 'm6g.large_use1-az6': 50, 'm6g.medium_use1-az1': 5, 'm6g.medium_use1-az2': 5, 'm6g.medium_use1-az4': 10, 'm6g.medium_use1-az5': 1, 'm6g.medium_use1-az6': 15, 'm6g.xlarge_use1-az1': 50, 'm6g.xlarge_use1-az2': 50, 'm6g.xlarge_use1-az4': 50, 'm6g.xlarge_use1-az5': 50, 'm6g.xlarge_use1-az6': 50, 'm6gd.12xlarge_use1-az1': 10, 'm6gd.12xlarge_use1-az2': 40, 'm6gd.12xlarge_use1-az4': 20, 'm6gd.12xlarge_use1-az5': 5, 'm6gd.12xlarge_use1-az6': 50, 'm6gd.16xlarge_use1-az1': 5, 'm6gd.16xlarge_use1-az2': 10, 'm6gd.16xlarge_use1-az4': 10, 'm6gd.16xlarge_use1-az5': 10, 'm6gd.16xlarge_use1-az6': 35, 'm6gd.2xlarge_use1-az1': 1, 'm6gd.2xlarge_use1-az2': 50, 'm6gd.2xlarge_use1-az4': 45, 'm6gd.2xlarge_use1-az5': 1, 'm6gd.2xlarge_use1-az6': 5, 'm6gd.4xlarge_use1-az1': 1, 'm6gd.4xlarge_use1-az2': 5, 'm6gd.4xlarge_use1-az4': 5, 'm6gd.4xlarge_use1-az5': 1, 'm6gd.4xlarge_use1-az6': 15, 'm6gd.8xlarge_use1-az1': 5, 'm6gd.8xlarge_use1-az2': 10, 'm6gd.8xlarge_use1-az4': 15, 'm6gd.8xlarge_use1-az5': 1, 'm6gd.8xlarge_use1-az6': 20, 'm6gd.large_use1-az1': 1, 'm6gd.large_use1-az2': 5, 'm6gd.large_use1-az4': 5, 'm6gd.large_use1-az5': 1, 'm6gd.large_use1-az6': 15, 'm6gd.medium_use1-az1': 1, 'm6gd.medium_use1-az2': 1, 'm6gd.medium_use1-az4': 1, 'm6gd.medium_use1-az5': 5, 'm6gd.medium_use1-az6': 1, 'm6gd.xlarge_use1-az1': 1, 'm6gd.xlarge_use1-az2': 10, 'm6gd.xlarge_use1-az4': 35, 'm6gd.xlarge_use1-az5': 1, 'm6gd.xlarge_use1-az6': 15, 'm6i.12xlarge_use1-az1': 1, 'm6i.12xlarge_use1-az2': 10, 'm6i.12xlarge_use1-az4': 50, 'm6i.12xlarge_use1-az5': 1, 'm6i.12xlarge_use1-az6': 30, 'm6i.16xlarge_use1-az1': 1, 'm6i.16xlarge_use1-az2': 10, 'm6i.16xlarge_use1-az4': 5, 'm6i.16xlarge_use1-az5': 1, 'm6i.16xlarge_use1-az6': 10, 'm6i.24xlarge_use1-az2': 10, 'm6i.24xlarge_use1-az4': 5, 'm6i.24xlarge_use1-az5': 1, 'm6i.24xlarge_use1-az6': 50, 'm6i.2xlarge_use1-az1': 25, 'm6i.2xlarge_use1-az2': 50, 'm6i.2xlarge_use1-az4': 50, 'm6i.2xlarge_use1-az5': 25, 'm6i.2xlarge_use1-az6': 50, 'm6i.32xlarge_use1-az2': 1, 'm6i.32xlarge_use1-az4': 5, 'm6i.32xlarge_use1-az5': 1, 'm6i.32xlarge_use1-az6': 15, 'm6i.4xlarge_use1-az1': 15, 'm6i.4xlarge_use1-az2': 50, 'm6i.4xlarge_use1-az4': 50, 'm6i.4xlarge_use1-az5': 50, 'm6i.4xlarge_use1-az6': 50, 'm6i.8xlarge_use1-az1': 1, 'm6i.8xlarge_use1-az2': 50, 'm6i.8xlarge_use1-az4': 50, 'm6i.8xlarge_use1-az5': 20, 'm6i.8xlarge_use1-az6': 50, 'm6i.large_use1-az1': 25, 'm6i.large_use1-az2': 50, 'm6i.large_use1-az4': 50, 'm6i.large_use1-az5': 50, 'm6i.large_use1-az6': 50, 'm6i.xlarge_use1-az1': 45, 'm6i.xlarge_use1-az2': 50, 'm6i.xlarge_use1-az4': 50, 'm6i.xlarge_use1-az5': 25, 'm6i.xlarge_use1-az6': 50, 'm6id.12xlarge_use1-az1': 1, 'm6id.12xlarge_use1-az2': 1, 'm6id.12xlarge_use1-az4': 1, 'm6id.12xlarge_use1-az6': 1, 'm6id.16xlarge_use1-az1': 1, 'm6id.16xlarge_use1-az2': 1, 'm6id.16xlarge_use1-az4': 1, 'm6id.16xlarge_use1-az6': 1, 'm6id.24xlarge_use1-az1': 10, 'm6id.24xlarge_use1-az2': 15, 'm6id.24xlarge_use1-az4': 35, 'm6id.24xlarge_use1-az5': 5, 'm6id.24xlarge_use1-az6': 15, 'm6id.2xlarge_use1-az1': 5, 'm6id.2xlarge_use1-az2': 5, 'm6id.2xlarge_use1-az4': 5, 'm6id.2xlarge_use1-az5': 1, 'm6id.2xlarge_use1-az6': 5, 'm6id.32xlarge_use1-az1': 10, 'm6id.32xlarge_use1-az2': 15, 'm6id.32xlarge_use1-az4': 5, 'm6id.32xlarge_use1-az5': 1, 'm6id.32xlarge_use1-az6': 50, 'm6id.4xlarge_use1-az1': 15, 'm6id.4xlarge_use1-az2': 10, 'm6id.4xlarge_use1-az4': 5, 'm6id.4xlarge_use1-az5': 1, 'm6id.4xlarge_use1-az6': 10, 'm6id.8xlarge_use1-az1': 1, 'm6id.8xlarge_use1-az4': 5, 'm6id.8xlarge_use1-az5': 1, 'm6id.8xlarge_use1-az6': 1, 'm6id.large_use1-az1': 30, 'm6id.large_use1-az2': 35, 'm6id.large_use1-az4': 15, 'm6id.large_use1-az5': 5, 'm6id.large_use1-az6': 50, 'm6id.xlarge_use1-az1': 20, 'm6id.xlarge_use1-az2': 45, 'm6id.xlarge_use1-az4': 15, 'm6id.xlarge_use1-az5': 5, 'm6id.xlarge_use1-az6': 25, 'm6idn.12xlarge_use1-az2': 1, 'm6idn.16xlarge_use1-az4': 1, 'm6idn.24xlarge_use1-az1': 1, 'm6idn.24xlarge_use1-az2': 1, 'm6idn.24xlarge_use1-az4': 1, 'm6idn.2xlarge_use1-az1': 5, 'm6idn.2xlarge_use1-az2': 10, 'm6idn.2xlarge_use1-az4': 5, 'm6idn.2xlarge_use1-az5': 1, 'm6idn.2xlarge_use1-az6': 5, 'm6idn.32xlarge_use1-az2': 1, 'm6idn.4xlarge_use1-az1': 30, 'm6idn.4xlarge_use1-az2': 10, 'm6idn.4xlarge_use1-az4': 5, 'm6idn.4xlarge_use1-az5': 5, 'm6idn.4xlarge_use1-az6': 5, 'm6idn.large_use1-az1': 25, 'm6idn.large_use1-az2': 35, 'm6idn.large_use1-az4': 15, 'm6idn.large_use1-az5': 10, 'm6idn.large_use1-az6': 10, 'm6idn.xlarge_use1-az1': 15, 'm6idn.xlarge_use1-az2': 50, 'm6idn.xlarge_use1-az4': 20, 'm6idn.xlarge_use1-az5': 5, 'm6idn.xlarge_use1-az6': 10, 'm6in.12xlarge_use1-az4': 1, 'm6in.16xlarge_use1-az2': 1, 'm6in.16xlarge_use1-az4': 1, 'm6in.24xlarge_use1-az1': 1, 'm6in.24xlarge_use1-az2': 1, 'm6in.2xlarge_use1-az1': 10, 'm6in.2xlarge_use1-az2': 20, 'm6in.2xlarge_use1-az4': 10, 'm6in.2xlarge_use1-az5': 1, 'm6in.2xlarge_use1-az6': 5, 'm6in.4xlarge_use1-az1': 1, 'm6in.4xlarge_use1-az2': 1, 'm6in.4xlarge_use1-az5': 1, 'm6in.8xlarge_use1-az1': 1, 'm6in.8xlarge_use1-az2': 1, 'm6in.8xlarge_use1-az4': 1, 'm6in.large_use1-az1': 5, 'm6in.large_use1-az2': 10, 'm6in.large_use1-az4': 5, 'm6in.large_use1-az5': 1, 'm6in.large_use1-az6': 1, 'm6in.xlarge_use1-az1': 5, 'm6in.xlarge_use1-az2': 10, 'm6in.xlarge_use1-az4': 1, 'm7a.12xlarge_use1-az2': 1, 'm7a.12xlarge_use1-az6': 20, 'm7a.16xlarge_use1-az2': 1, 'm7a.16xlarge_use1-az6': 40, 'm7a.24xlarge_use1-az2': 1, 'm7a.24xlarge_use1-az6': 50, 'm7a.2xlarge_use1-az1': 5, 'm7a.2xlarge_use1-az2': 15, 'm7a.2xlarge_use1-az4': 10, 'm7a.2xlarge_use1-az6': 50, 'm7a.32xlarge_use1-az6': 20, 'm7a.48xlarge_use1-az6': 40, 'm7a.4xlarge_use1-az1': 10, 'm7a.4xlarge_use1-az2': 5, 'm7a.4xlarge_use1-az4': 10, 'm7a.4xlarge_use1-az6': 25, 'm7a.8xlarge_use1-az1': 1, 'm7a.8xlarge_use1-az2': 5, 'm7a.8xlarge_use1-az4': 1, 'm7a.8xlarge_use1-az6': 50, 'm7a.large_use1-az1': 15, 'm7a.large_use1-az2': 50, 'm7a.large_use1-az4': 50, 'm7a.large_use1-az5': 5, 'm7a.large_use1-az6': 50, 'm7a.medium_use1-az1': 10, 'm7a.medium_use1-az2': 50, 'm7a.medium_use1-az4': 50, 'm7a.medium_use1-az6': 50, 'm7a.xlarge_use1-az1': 5, 'm7a.xlarge_use1-az2': 40, 'm7a.xlarge_use1-az4': 50, 'm7a.xlarge_use1-az6': 50, 'm7g.12xlarge_use1-az1': 1, 'm7g.12xlarge_use1-az2': 10, 'm7g.12xlarge_use1-az4': 45, 'm7g.12xlarge_use1-az5': 1, 'm7g.12xlarge_use1-az6': 50, 'm7g.16xlarge_use1-az1': 1, 'm7g.16xlarge_use1-az2': 30, 'm7g.16xlarge_use1-az4': 35, 'm7g.16xlarge_use1-az5': 1, 'm7g.16xlarge_use1-az6': 50, 'm7g.2xlarge_use1-az1': 35, 'm7g.2xlarge_use1-az2': 50, 'm7g.2xlarge_use1-az4': 50, 'm7g.2xlarge_use1-az5': 15, 'm7g.2xlarge_use1-az6': 50, 'm7g.4xlarge_use1-az1': 10, 'm7g.4xlarge_use1-az2': 30, 'm7g.4xlarge_use1-az4': 50, 'm7g.4xlarge_use1-az5': 10, 'm7g.4xlarge_use1-az6': 50, 'm7g.8xlarge_use1-az1': 1, 'm7g.8xlarge_use1-az2': 15, 'm7g.8xlarge_use1-az4': 40, 'm7g.8xlarge_use1-az5': 1, 'm7g.8xlarge_use1-az6': 50, 'm7g.large_use1-az1': 10, 'm7g.large_use1-az2': 50, 'm7g.large_use1-az4': 50, 'm7g.large_use1-az5': 30, 'm7g.large_use1-az6': 50, 'm7g.medium_use1-az1': 30, 'm7g.medium_use1-az2': 40, 'm7g.medium_use1-az4': 50, 'm7g.medium_use1-az5': 35, 'm7g.medium_use1-az6': 50, 'm7g.metal_use1-az1': 1, 'm7g.metal_use1-az2': 25, 'm7g.metal_use1-az4': 10, 'm7g.metal_use1-az5': 1, 'm7g.metal_use1-az6': 50, 'm7g.xlarge_use1-az1': 50, 'm7g.xlarge_use1-az2': 50, 'm7g.xlarge_use1-az4': 50, 'm7g.xlarge_use1-az5': 50, 'm7g.xlarge_use1-az6': 50, 'm7gd.12xlarge_use1-az1': 5, 'm7gd.12xlarge_use1-az2': 10, 'm7gd.12xlarge_use1-az4': 1, 'm7gd.12xlarge_use1-az6': 35, 'm7gd.16xlarge_use1-az1': 1, 'm7gd.16xlarge_use1-az2': 30, 'm7gd.16xlarge_use1-az4': 1, 'm7gd.16xlarge_use1-az6': 40, 'm7gd.2xlarge_use1-az1': 15, 'm7gd.2xlarge_use1-az2': 50, 'm7gd.2xlarge_use1-az4': 15, 'm7gd.2xlarge_use1-az6': 25, 'm7gd.4xlarge_use1-az1': 5, 'm7gd.4xlarge_use1-az2': 10, 'm7gd.4xlarge_use1-az4': 1, 'm7gd.4xlarge_use1-az6': 40, 'm7gd.8xlarge_use1-az1': 10, 'm7gd.8xlarge_use1-az2': 50, 'm7gd.8xlarge_use1-az4': 30, 'm7gd.8xlarge_use1-az5': 45, 'm7gd.8xlarge_use1-az6': 50, 'm7gd.large_use1-az1': 5, 'm7gd.large_use1-az2': 50, 'm7gd.large_use1-az4': 5, 'm7gd.large_use1-az6': 50, 'm7gd.medium_use1-az1': 15, 'm7gd.medium_use1-az2': 20, 'm7gd.medium_use1-az4': 15, 'm7gd.medium_use1-az5': 20, 'm7gd.medium_use1-az6': 25, 'm7gd.metal_use1-az1': 5, 'm7gd.metal_use1-az2': 15, 'm7gd.metal_use1-az4': 1, 'm7gd.metal_use1-az6': 15, 'm7gd.xlarge_use1-az1': 5, 'm7gd.xlarge_use1-az2': 10, 'm7gd.xlarge_use1-az4': 10, 'm7gd.xlarge_use1-az5': 1, 'm7gd.xlarge_use1-az6': 25, 'm7i-flex.2xlarge_use1-az1': 50, 'm7i-flex.2xlarge_use1-az2': 50, 'm7i-flex.2xlarge_use1-az4': 15, 'm7i-flex.2xlarge_use1-az5': 10, 'm7i-flex.2xlarge_use1-az6': 50, 'm7i-flex.4xlarge_use1-az2': 5, 'm7i-flex.4xlarge_use1-az4': 5, 'm7i-flex.4xlarge_use1-az6': 25, 'm7i-flex.8xlarge_use1-az1': 1, 'm7i-flex.8xlarge_use1-az2': 5, 'm7i-flex.8xlarge_use1-az4': 5, 'm7i-flex.8xlarge_use1-az5': 1, 'm7i-flex.8xlarge_use1-az6': 10, 'm7i-flex.large_use1-az1': 20, 'm7i-flex.large_use1-az2': 50, 'm7i-flex.large_use1-az4': 25, 'm7i-flex.large_use1-az5': 25, 'm7i-flex.large_use1-az6': 50, 'm7i-flex.xlarge_use1-az1': 50, 'm7i-flex.xlarge_use1-az2': 50, 'm7i-flex.xlarge_use1-az4': 50, 'm7i-flex.xlarge_use1-az5': 15, 'm7i-flex.xlarge_use1-az6': 50, 'm7i.12xlarge_use1-az1': 1, 'm7i.12xlarge_use1-az2': 5, 'm7i.12xlarge_use1-az4': 15, 'm7i.12xlarge_use1-az6': 50, 'm7i.16xlarge_use1-az1': 5, 'm7i.16xlarge_use1-az2': 10, 'm7i.16xlarge_use1-az4': 10, 'm7i.16xlarge_use1-az6': 50, 'm7i.24xlarge_use1-az2': 5, 'm7i.24xlarge_use1-az4': 5, 'm7i.24xlarge_use1-az6': 50, 'm7i.2xlarge_use1-az1': 1, 'm7i.2xlarge_use1-az2': 50, 'm7i.2xlarge_use1-az4': 50, 'm7i.2xlarge_use1-az6': 50, 'm7i.48xlarge_use1-az1': 1, 'm7i.48xlarge_use1-az2': 5, 'm7i.48xlarge_use1-az4': 20, 'm7i.48xlarge_use1-az6': 50, 'm7i.4xlarge_use1-az1': 1, 'm7i.4xlarge_use1-az2': 25, 'm7i.4xlarge_use1-az4': 10, 'm7i.4xlarge_use1-az6': 50, 'm7i.8xlarge_use1-az1': 40, 'm7i.8xlarge_use1-az2': 20, 'm7i.8xlarge_use1-az4': 50, 'm7i.8xlarge_use1-az6': 50, 'm7i.large_use1-az1': 50, 'm7i.large_use1-az2': 50, 'm7i.large_use1-az4': 50, 'm7i.large_use1-az5': 1, 'm7i.large_use1-az6': 50, 'm7i.xlarge_use1-az1': 30, 'm7i.xlarge_use1-az2': 35, 'm7i.xlarge_use1-az4': 50, 'm7i.xlarge_use1-az6': 50, 'm8g.12xlarge_use1-az2': 10, 'm8g.12xlarge_use1-az4': 10, 'm8g.12xlarge_use1-az5': 1, 'm8g.12xlarge_use1-az6': 35, 'm8g.16xlarge_use1-az2': 5, 'm8g.16xlarge_use1-az4': 5, 'm8g.16xlarge_use1-az5': 5, 'm8g.16xlarge_use1-az6': 45, 'm8g.24xlarge_use1-az2': 5, 'm8g.24xlarge_use1-az4': 1, 'm8g.24xlarge_use1-az5': 1, 'm8g.24xlarge_use1-az6': 25, 'm8g.2xlarge_use1-az4': 10, 'm8g.2xlarge_use1-az5': 10, 'm8g.48xlarge_use1-az2': 5, 'm8g.48xlarge_use1-az4': 5, 'm8g.48xlarge_use1-az6': 20, 'm8g.4xlarge_use1-az2': 5, 'm8g.4xlarge_use1-az4': 5, 'm8g.4xlarge_use1-az5': 1, 'm8g.4xlarge_use1-az6': 40, 'm8g.8xlarge_use1-az2': 10, 'm8g.8xlarge_use1-az4': 20, 'm8g.8xlarge_use1-az5': 1, 'm8g.8xlarge_use1-az6': 40, 'm8g.large_use1-az1': 1, 'm8g.large_use1-az2': 20, 'm8g.large_use1-az6': 45, 'm8g.medium_use1-az1': 1, 'm8g.medium_use1-az2': 15, 'm8g.metal-48xl_use1-az2': 5, 'm8g.metal-48xl_use1-az6': 25, 'm8g.xlarge_use1-az1': 1, 'm8g.xlarge_use1-az5': 15, 'm8g.xlarge_use1-az6': 50, 'm8gd.16xlarge_use1-az5': 1, 'm8gd.4xlarge_use1-az2': 5, 'm8gd.4xlarge_use1-az4': 1, 'm8gd.4xlarge_use1-az6': 1, 'm8gd.8xlarge_use1-az5': 1, 'm8gd.8xlarge_use1-az6': 5, 'm8gd.large_use1-az1': 20, 'm8gd.large_use1-az2': 15, 'm8gd.large_use1-az5': 1, 'm8gd.large_use1-az6': 1, 'm8gd.medium_use1-az6': 1, 'm8gd.metal-24xl_use1-az2': 1, 'm8gd.xlarge_use1-az1': 1, 'm8gd.xlarge_use1-az5': 1, 'm8i-flex.16xlarge_use1-az6': 5, 'm8i-flex.2xlarge_use1-az2': 10, 'm8i-flex.2xlarge_use1-az4': 1, 'm8i-flex.2xlarge_use1-az6': 50, 'm8i-flex.4xlarge_use1-az2': 1, 'm8i-flex.4xlarge_use1-az4': 1, 'm8i-flex.4xlarge_use1-az6': 5, 'm8i-flex.8xlarge_use1-az6': 1, 'm8i-flex.large_use1-az2': 5, 'm8i-flex.xlarge_use1-az2': 10, 'm8i-flex.xlarge_use1-az4': 25, 'm8i-flex.xlarge_use1-az6': 50, 'm8i.12xlarge_use1-az6': 1, 'm8i.16xlarge_use1-az4': 1, 'm8i.16xlarge_use1-az6': 1, 'm8i.24xlarge_use1-az6': 1, 'm8i.2xlarge_use1-az2': 10, 'm8i.2xlarge_use1-az4': 1, 'm8i.2xlarge_use1-az6': 10, 'm8i.32xlarge_use1-az2': 1, 'm8i.32xlarge_use1-az6': 5, 'm8i.48xlarge_use1-az2': 1, 'm8i.48xlarge_use1-az6': 5, 'm8i.4xlarge_use1-az2': 5, 'm8i.4xlarge_use1-az4': 1, 'm8i.4xlarge_use1-az6': 5, 'm8i.8xlarge_use1-az2': 1, 'm8i.8xlarge_use1-az4': 1, 'm8i.8xlarge_use1-az6': 20, 'm8i.96xlarge_use1-az6': 1, 'm8i.large_use1-az4': 25, 'm8i.metal-48xl_use1-az6': 1, 'm8i.metal-96xl_use1-az6': 1, 'm8i.xlarge_use1-az2': 30, 'm8i.xlarge_use1-az4': 10, 'p3.2xlarge_use1-az1': 50, 'p3.2xlarge_use1-az2': 50, 'p3.2xlarge_use1-az5': 50, 'p3.2xlarge_use1-az6': 50, 'p3dn.24xlarge_use1-az6': 50, 'r3.2xlarge_use1-az2': 1, 'r3.2xlarge_use1-az4': 1, 'r3.2xlarge_use1-az6': 1, 'r3.4xlarge_use1-az4': 1, 'r3.4xlarge_use1-az6': 1, 'r3.8xlarge_use1-az2': 1, 'r3.8xlarge_use1-az4': 1, 'r3.8xlarge_use1-az6': 5, 'r3.large_use1-az2': 50, 'r3.large_use1-az4': 50, 'r3.large_use1-az6': 50, 'r3.xlarge_use1-az2': 40, 'r3.xlarge_use1-az4': 50, 'r3.xlarge_use1-az6': 50, 'r4.16xlarge_use1-az1': 10, 'r4.16xlarge_use1-az2': 10, 'r4.16xlarge_use1-az3': 50, 'r4.16xlarge_use1-az4': 35, 'r4.16xlarge_use1-az5': 15, 'r4.16xlarge_use1-az6': 10, 'r4.2xlarge_use1-az1': 20, 'r4.2xlarge_use1-az2': 50, 'r4.2xlarge_use1-az3': 50, 'r4.2xlarge_use1-az4': 50, 'r4.2xlarge_use1-az5': 5, 'r4.2xlarge_use1-az6': 50, 'r4.4xlarge_use1-az1': 20, 'r4.4xlarge_use1-az2': 50, 'r4.4xlarge_use1-az3': 40, 'r4.4xlarge_use1-az4': 15, 'r4.4xlarge_use1-az5': 5, 'r4.4xlarge_use1-az6': 50, 'r4.8xlarge_use1-az1': 50, 'r4.8xlarge_use1-az2': 50, 'r4.8xlarge_use1-az3': 25, 'r4.8xlarge_use1-az4': 50, 'r4.8xlarge_use1-az5': 5, 'r4.8xlarge_use1-az6': 50, 'r4.large_use1-az1': 35, 'r4.large_use1-az2': 50, 'r4.large_use1-az3': 10, 'r4.large_use1-az4': 50, 'r4.large_use1-az5': 20, 'r4.large_use1-az6': 50, 'r4.xlarge_use1-az1': 50, 'r4.xlarge_use1-az2': 50, 'r4.xlarge_use1-az3': 50, 'r4.xlarge_use1-az4': 50, 'r4.xlarge_use1-az5': 30, 'r4.xlarge_use1-az6': 50, 'r5.12xlarge_use1-az1': 5, 'r5.12xlarge_use1-az2': 5, 'r5.12xlarge_use1-az4': 50, 'r5.12xlarge_use1-az5': 5, 'r5.12xlarge_use1-az6': 5, 'r5.16xlarge_use1-az1': 5, 'r5.16xlarge_use1-az4': 35, 'r5.16xlarge_use1-az5': 30, 'r5.16xlarge_use1-az6': 5, 'r5.24xlarge_use1-az4': 15, 'r5.24xlarge_use1-az5': 5, 'r5.24xlarge_use1-az6': 5, 'r5.2xlarge_use1-az1': 50, 'r5.2xlarge_use1-az2': 50, 'r5.2xlarge_use1-az4': 50, 'r5.2xlarge_use1-az5': 5, 'r5.2xlarge_use1-az6': 50, 'r5.4xlarge_use1-az1': 50, 'r5.4xlarge_use1-az2': 50, 'r5.4xlarge_use1-az4': 50, 'r5.4xlarge_use1-az5': 5, 'r5.4xlarge_use1-az6': 50, 'r5.8xlarge_use1-az1': 50, 'r5.8xlarge_use1-az2': 50, 'r5.8xlarge_use1-az4': 50, 'r5.8xlarge_use1-az5': 5, 'r5.8xlarge_use1-az6': 5, 'r5.large_use1-az1': 50, 'r5.large_use1-az2': 50, 'r5.large_use1-az4': 50, 'r5.large_use1-az5': 50, 'r5.large_use1-az6': 50, 'r5.xlarge_use1-az1': 50, 'r5.xlarge_use1-az2': 50, 'r5.xlarge_use1-az4': 50, 'r5.xlarge_use1-az5': 50, 'r5.xlarge_use1-az6': 50, 'r5a.12xlarge_use1-az1': 1, 'r5a.12xlarge_use1-az2': 1, 'r5a.12xlarge_use1-az4': 5, 'r5a.12xlarge_use1-az6': 5, 'r5a.16xlarge_use1-az1': 10, 'r5a.16xlarge_use1-az2': 10, 'r5a.16xlarge_use1-az4': 10, 'r5a.16xlarge_use1-az5': 5, 'r5a.16xlarge_use1-az6': 5, 'r5a.24xlarge_use1-az1': 5, 'r5a.24xlarge_use1-az2': 15, 'r5a.24xlarge_use1-az4': 10, 'r5a.24xlarge_use1-az5': 1, 'r5a.24xlarge_use1-az6': 10, 'r5a.2xlarge_use1-az1': 10, 'r5a.2xlarge_use1-az2': 20, 'r5a.2xlarge_use1-az4': 35, 'r5a.2xlarge_use1-az5': 5, 'r5a.2xlarge_use1-az6': 30, 'r5a.4xlarge_use1-az1': 25, 'r5a.4xlarge_use1-az2': 50, 'r5a.4xlarge_use1-az4': 50, 'r5a.4xlarge_use1-az5': 5, 'r5a.4xlarge_use1-az6': 50, 'r5a.8xlarge_use1-az1': 25, 'r5a.8xlarge_use1-az2': 10, 'r5a.8xlarge_use1-az4': 15, 'r5a.8xlarge_use1-az5': 30, 'r5a.8xlarge_use1-az6': 20, 'r5a.large_use1-az1': 50, 'r5a.large_use1-az2': 50, 'r5a.large_use1-az4': 50, 'r5a.large_use1-az5': 25, 'r5a.large_use1-az6': 50, 'r5a.xlarge_use1-az1': 20, 'r5a.xlarge_use1-az2': 50, 'r5a.xlarge_use1-az4': 50, 'r5a.xlarge_use1-az5': 5, 'r5a.xlarge_use1-az6': 50, 'r5ad.12xlarge_use1-az2': 1, 'r5ad.16xlarge_use1-az2': 50, 'r5ad.16xlarge_use1-az4': 10, 'r5ad.16xlarge_use1-az5': 1, 'r5ad.16xlarge_use1-az6': 10, 'r5ad.24xlarge_use1-az2': 25, 'r5ad.24xlarge_use1-az4': 1, 'r5ad.24xlarge_use1-az6': 10, 'r5ad.2xlarge_use1-az1': 1, 'r5ad.2xlarge_use1-az2': 1, 'r5ad.2xlarge_use1-az4': 1, 'r5ad.2xlarge_use1-az5': 1, 'r5ad.2xlarge_use1-az6': 1, 'r5ad.4xlarge_use1-az1': 1, 'r5ad.4xlarge_use1-az2': 10, 'r5ad.4xlarge_use1-az4': 5, 'r5ad.4xlarge_use1-az5': 1, 'r5ad.4xlarge_use1-az6': 1, 'r5ad.8xlarge_use1-az2': 5, 'r5ad.8xlarge_use1-az4': 20, 'r5ad.8xlarge_use1-az5': 1, 'r5ad.8xlarge_use1-az6': 10, 'r5ad.large_use1-az1': 1, 'r5ad.large_use1-az2': 30, 'r5ad.large_use1-az4': 10, 'r5ad.large_use1-az5': 5, 'r5ad.large_use1-az6': 10, 'r5ad.xlarge_use1-az1': 1, 'r5ad.xlarge_use1-az2': 10, 'r5ad.xlarge_use1-az4': 10, 'r5ad.xlarge_use1-az5': 1, 'r5ad.xlarge_use1-az6': 5, 'r5b.12xlarge_use1-az1': 5, 'r5b.12xlarge_use1-az4': 5, 'r5b.12xlarge_use1-az6': 1, 'r5b.16xlarge_use1-az1': 5, 'r5b.16xlarge_use1-az2': 5, 'r5b.16xlarge_use1-az4': 5, 'r5b.16xlarge_use1-az6': 5, 'r5b.24xlarge_use1-az1': 1, 'r5b.24xlarge_use1-az4': 5, 'r5b.24xlarge_use1-az6': 1, 'r5b.2xlarge_use1-az2': 1, 'r5b.2xlarge_use1-az4': 1, 'r5b.2xlarge_use1-az6': 1, 'r5b.4xlarge_use1-az1': 5, 'r5b.4xlarge_use1-az2': 5, 'r5b.4xlarge_use1-az4': 5, 'r5b.4xlarge_use1-az6': 5, 'r5b.8xlarge_use1-az1': 5, 'r5b.8xlarge_use1-az2': 1, 'r5b.8xlarge_use1-az4': 1, 'r5b.8xlarge_use1-az6': 1, 'r5b.large_use1-az1': 1, 'r5b.large_use1-az2': 5, 'r5b.large_use1-az4': 10, 'r5b.large_use1-az6': 5, 'r5b.xlarge_use1-az1': 1, 'r5b.xlarge_use1-az2': 1, 'r5b.xlarge_use1-az4': 5, 'r5b.xlarge_use1-az6': 1, 'r5d.12xlarge_use1-az1': 1, 'r5d.12xlarge_use1-az2': 5, 'r5d.12xlarge_use1-az4': 10, 'r5d.12xlarge_use1-az6': 1, 'r5d.16xlarge_use1-az1': 5, 'r5d.16xlarge_use1-az2': 50, 'r5d.16xlarge_use1-az4': 50, 'r5d.16xlarge_use1-az5': 10, 'r5d.16xlarge_use1-az6': 50, 'r5d.24xlarge_use1-az1': 1, 'r5d.24xlarge_use1-az2': 1, 'r5d.24xlarge_use1-az4': 10, 'r5d.24xlarge_use1-az5': 1, 'r5d.24xlarge_use1-az6': 10, 'r5d.2xlarge_use1-az1': 5, 'r5d.2xlarge_use1-az2': 15, 'r5d.2xlarge_use1-az4': 15, 'r5d.2xlarge_use1-az5': 1, 'r5d.2xlarge_use1-az6': 15, 'r5d.4xlarge_use1-az1': 5, 'r5d.4xlarge_use1-az2': 20, 'r5d.4xlarge_use1-az4': 45, 'r5d.4xlarge_use1-az5': 5, 'r5d.4xlarge_use1-az6': 25, 'r5d.8xlarge_use1-az1': 5, 'r5d.8xlarge_use1-az2': 15, 'r5d.8xlarge_use1-az4': 15, 'r5d.8xlarge_use1-az5': 5, 'r5d.8xlarge_use1-az6': 50, 'r5d.large_use1-az1': 10, 'r5d.large_use1-az2': 50, 'r5d.large_use1-az4': 50, 'r5d.large_use1-az5': 5, 'r5d.large_use1-az6': 50, 'r5d.xlarge_use1-az1': 1, 'r5d.xlarge_use1-az2': 15, 'r5d.xlarge_use1-az4': 15, 'r5d.xlarge_use1-az5': 1, 'r5d.xlarge_use1-az6': 10, 'r5dn.12xlarge_use1-az1': 1, 'r5dn.12xlarge_use1-az2': 1, 'r5dn.12xlarge_use1-az4': 1, 'r5dn.12xlarge_use1-az5': 1, 'r5dn.12xlarge_use1-az6': 1, 'r5dn.16xlarge_use1-az1': 5, 'r5dn.16xlarge_use1-az2': 5, 'r5dn.16xlarge_use1-az4': 15, 'r5dn.16xlarge_use1-az5': 10, 'r5dn.16xlarge_use1-az6': 30, 'r5dn.24xlarge_use1-az2': 5, 'r5dn.24xlarge_use1-az4': 10, 'r5dn.24xlarge_use1-az5': 1, 'r5dn.24xlarge_use1-az6': 25, 'r5dn.2xlarge_use1-az1': 50, 'r5dn.2xlarge_use1-az2': 45, 'r5dn.2xlarge_use1-az4': 30, 'r5dn.2xlarge_use1-az5': 50, 'r5dn.2xlarge_use1-az6': 5, 'r5dn.4xlarge_use1-az1': 5, 'r5dn.4xlarge_use1-az2': 25, 'r5dn.4xlarge_use1-az4': 45, 'r5dn.4xlarge_use1-az5': 5, 'r5dn.4xlarge_use1-az6': 20, 'r5dn.8xlarge_use1-az1': 1, 'r5dn.8xlarge_use1-az2': 5, 'r5dn.8xlarge_use1-az4': 5, 'r5dn.8xlarge_use1-az5': 5, 'r5dn.8xlarge_use1-az6': 50, 'r5dn.large_use1-az1': 50, 'r5dn.large_use1-az2': 50, 'r5dn.large_use1-az4': 50, 'r5dn.large_use1-az5': 50, 'r5dn.large_use1-az6': 50, 'r5dn.xlarge_use1-az1': 5, 'r5dn.xlarge_use1-az2': 15, 'r5dn.xlarge_use1-az4': 15, 'r5dn.xlarge_use1-az5': 15, 'r5dn.xlarge_use1-az6': 15, 'r5n.12xlarge_use1-az2': 1, 'r5n.12xlarge_use1-az4': 1, 'r5n.12xlarge_use1-az6': 1, 'r5n.16xlarge_use1-az1': 1, 'r5n.16xlarge_use1-az2': 10, 'r5n.16xlarge_use1-az4': 35, 'r5n.16xlarge_use1-az5': 1, 'r5n.16xlarge_use1-az6': 20, 'r5n.2xlarge_use1-az1': 5, 'r5n.2xlarge_use1-az2': 5, 'r5n.2xlarge_use1-az4': 15, 'r5n.2xlarge_use1-az5': 1, 'r5n.2xlarge_use1-az6': 1, 'r5n.4xlarge_use1-az1': 5, 'r5n.4xlarge_use1-az2': 25, 'r5n.4xlarge_use1-az4': 15, 'r5n.4xlarge_use1-az5': 5, 'r5n.4xlarge_use1-az6': 35, 'r5n.8xlarge_use1-az1': 10, 'r5n.8xlarge_use1-az2': 20, 'r5n.8xlarge_use1-az4': 35, 'r5n.8xlarge_use1-az6': 15, 'r5n.large_use1-az1': 20, 'r5n.large_use1-az2': 50, 'r5n.large_use1-az4': 50, 'r5n.large_use1-az5': 10, 'r5n.large_use1-az6': 30, 'r5n.xlarge_use1-az1': 1, 'r5n.xlarge_use1-az2': 10, 'r5n.xlarge_use1-az4': 15, 'r5n.xlarge_use1-az5': 1, 'r5n.xlarge_use1-az6': 20, 'r6a.12xlarge_use1-az1': 1, 'r6a.12xlarge_use1-az2': 10, 'r6a.12xlarge_use1-az4': 5, 'r6a.12xlarge_use1-az6': 10, 'r6a.16xlarge_use1-az1': 5, 'r6a.16xlarge_use1-az2': 15, 'r6a.16xlarge_use1-az4': 30, 'r6a.16xlarge_use1-az5': 15, 'r6a.16xlarge_use1-az6': 40, 'r6a.24xlarge_use1-az2': 5, 'r6a.24xlarge_use1-az4': 1, 'r6a.24xlarge_use1-az5': 1, 'r6a.24xlarge_use1-az6': 5, 'r6a.2xlarge_use1-az1': 50, 'r6a.2xlarge_use1-az2': 50, 'r6a.2xlarge_use1-az4': 40, 'r6a.2xlarge_use1-az5': 1, 'r6a.2xlarge_use1-az6': 50, 'r6a.32xlarge_use1-az2': 5, 'r6a.32xlarge_use1-az4': 5, 'r6a.32xlarge_use1-az5': 5, 'r6a.32xlarge_use1-az6': 5, 'r6a.48xlarge_use1-az2': 5, 'r6a.48xlarge_use1-az4': 5, 'r6a.48xlarge_use1-az5': 5, 'r6a.48xlarge_use1-az6': 1, 'r6a.4xlarge_use1-az1': 50, 'r6a.4xlarge_use1-az2': 50, 'r6a.4xlarge_use1-az4': 50, 'r6a.4xlarge_use1-az5': 40, 'r6a.4xlarge_use1-az6': 50, 'r6a.8xlarge_use1-az1': 20, 'r6a.8xlarge_use1-az2': 50, 'r6a.8xlarge_use1-az4': 50, 'r6a.8xlarge_use1-az5': 50, 'r6a.8xlarge_use1-az6': 50, 'r6a.large_use1-az1': 50, 'r6a.large_use1-az2': 50, 'r6a.large_use1-az4': 50, 'r6a.large_use1-az5': 50, 'r6a.large_use1-az6': 50, 'r6a.xlarge_use1-az1': 50, 'r6a.xlarge_use1-az2': 50, 'r6a.xlarge_use1-az4': 50, 'r6a.xlarge_use1-az5': 50, 'r6a.xlarge_use1-az6': 50, 'r6g.12xlarge_use1-az2': 50, 'r6g.12xlarge_use1-az4': 45, 'r6g.12xlarge_use1-az5': 10, 'r6g.12xlarge_use1-az6': 50, 'r6g.16xlarge_use1-az1': 1, 'r6g.16xlarge_use1-az2': 50, 'r6g.16xlarge_use1-az4': 50, 'r6g.16xlarge_use1-az5': 50, 'r6g.16xlarge_use1-az6': 50, 'r6g.2xlarge_use1-az1': 1, 'r6g.2xlarge_use1-az2': 25, 'r6g.2xlarge_use1-az4': 40, 'r6g.2xlarge_use1-az5': 10, 'r6g.2xlarge_use1-az6': 50, 'r6g.4xlarge_use1-az1': 10, 'r6g.4xlarge_use1-az2': 50, 'r6g.4xlarge_use1-az4': 50, 'r6g.4xlarge_use1-az5': 50, 'r6g.4xlarge_use1-az6': 50, 'r6g.8xlarge_use1-az1': 1, 'r6g.8xlarge_use1-az2': 10, 'r6g.8xlarge_use1-az4': 50, 'r6g.8xlarge_use1-az5': 50, 'r6g.8xlarge_use1-az6': 50, 'r6g.large_use1-az1': 10, 'r6g.large_use1-az2': 40, 'r6g.large_use1-az4': 50, 'r6g.large_use1-az5': 5, 'r6g.large_use1-az6': 50, 'r6g.medium_use1-az1': 1, 'r6g.medium_use1-az2': 10, 'r6g.medium_use1-az4': 15, 'r6g.medium_use1-az5': 15, 'r6g.medium_use1-az6': 35, 'r6g.xlarge_use1-az1': 1, 'r6g.xlarge_use1-az2': 50, 'r6g.xlarge_use1-az4': 50, 'r6g.xlarge_use1-az5': 50, 'r6g.xlarge_use1-az6': 50, 'r6gd.12xlarge_use1-az1': 1, 'r6gd.12xlarge_use1-az2': 5, 'r6gd.12xlarge_use1-az4': 10, 'r6gd.12xlarge_use1-az5': 1, 'r6gd.12xlarge_use1-az6': 10, 'r6gd.16xlarge_use1-az1': 5, 'r6gd.16xlarge_use1-az2': 5, 'r6gd.16xlarge_use1-az4': 50, 'r6gd.16xlarge_use1-az5': 1, 'r6gd.16xlarge_use1-az6': 45, 'r6gd.2xlarge_use1-az1': 1, 'r6gd.2xlarge_use1-az2': 20, 'r6gd.2xlarge_use1-az4': 30, 'r6gd.2xlarge_use1-az5': 1, 'r6gd.2xlarge_use1-az6': 1, 'r6gd.4xlarge_use1-az1': 5, 'r6gd.4xlarge_use1-az2': 20, 'r6gd.4xlarge_use1-az4': 50, 'r6gd.4xlarge_use1-az5': 1, 'r6gd.4xlarge_use1-az6': 25, 'r6gd.8xlarge_use1-az1': 1, 'r6gd.8xlarge_use1-az2': 10, 'r6gd.8xlarge_use1-az4': 20, 'r6gd.8xlarge_use1-az5': 1, 'r6gd.8xlarge_use1-az6': 30, 'r6gd.large_use1-az1': 50, 'r6gd.large_use1-az2': 50, 'r6gd.large_use1-az4': 50, 'r6gd.large_use1-az5': 50, 'r6gd.large_use1-az6': 50, 'r6gd.medium_use1-az1': 5, 'r6gd.medium_use1-az2': 1, 'r6gd.medium_use1-az4': 5, 'r6gd.medium_use1-az5': 5, 'r6gd.medium_use1-az6': 1, 'r6gd.xlarge_use1-az1': 1, 'r6gd.xlarge_use1-az2': 1, 'r6gd.xlarge_use1-az4': 5, 'r6gd.xlarge_use1-az6': 10, 'r6i.12xlarge_use1-az1': 5, 'r6i.12xlarge_use1-az2': 5, 'r6i.12xlarge_use1-az4': 5, 'r6i.12xlarge_use1-az5': 1, 'r6i.12xlarge_use1-az6': 10, 'r6i.16xlarge_use1-az1': 1, 'r6i.16xlarge_use1-az2': 1, 'r6i.16xlarge_use1-az4': 10, 'r6i.16xlarge_use1-az5': 10, 'r6i.16xlarge_use1-az6': 1, 'r6i.24xlarge_use1-az4': 10, 'r6i.24xlarge_use1-az5': 1, 'r6i.24xlarge_use1-az6': 5, 'r6i.2xlarge_use1-az1': 15, 'r6i.2xlarge_use1-az2': 35, 'r6i.2xlarge_use1-az4': 50, 'r6i.2xlarge_use1-az5': 5, 'r6i.2xlarge_use1-az6': 50, 'r6i.32xlarge_use1-az4': 1, 'r6i.32xlarge_use1-az5': 1, 'r6i.32xlarge_use1-az6': 1, 'r6i.4xlarge_use1-az1': 30, 'r6i.4xlarge_use1-az2': 20, 'r6i.4xlarge_use1-az4': 20, 'r6i.4xlarge_use1-az5': 10, 'r6i.4xlarge_use1-az6': 40, 'r6i.8xlarge_use1-az1': 5, 'r6i.8xlarge_use1-az2': 10, 'r6i.8xlarge_use1-az4': 10, 'r6i.8xlarge_use1-az5': 5, 'r6i.8xlarge_use1-az6': 10, 'r6i.large_use1-az1': 20, 'r6i.large_use1-az2': 50, 'r6i.large_use1-az4': 50, 'r6i.large_use1-az5': 20, 'r6i.large_use1-az6': 50, 'r6i.xlarge_use1-az1': 15, 'r6i.xlarge_use1-az2': 45, 'r6i.xlarge_use1-az4': 50, 'r6i.xlarge_use1-az5': 10, 'r6i.xlarge_use1-az6': 50, 'r6id.12xlarge_use1-az1': 1, 'r6id.12xlarge_use1-az2': 5, 'r6id.12xlarge_use1-az4': 1, 'r6id.12xlarge_use1-az6': 5, 'r6id.16xlarge_use1-az1': 5, 'r6id.16xlarge_use1-az2': 5, 'r6id.16xlarge_use1-az4': 15, 'r6id.16xlarge_use1-az5': 1, 'r6id.16xlarge_use1-az6': 20, 'r6id.24xlarge_use1-az1': 10, 'r6id.24xlarge_use1-az2': 10, 'r6id.24xlarge_use1-az4': 5, 'r6id.24xlarge_use1-az5': 15, 'r6id.24xlarge_use1-az6': 25, 'r6id.2xlarge_use1-az1': 5, 'r6id.2xlarge_use1-az2': 1, 'r6id.2xlarge_use1-az4': 10, 'r6id.2xlarge_use1-az5': 1, 'r6id.2xlarge_use1-az6': 10, 'r6id.32xlarge_use1-az1': 1, 'r6id.32xlarge_use1-az2': 5, 'r6id.32xlarge_use1-az4': 1, 'r6id.32xlarge_use1-az5': 1, 'r6id.32xlarge_use1-az6': 10, 'r6id.4xlarge_use1-az1': 40, 'r6id.4xlarge_use1-az2': 50, 'r6id.4xlarge_use1-az4': 10, 'r6id.4xlarge_use1-az5': 20, 'r6id.4xlarge_use1-az6': 35, 'r6id.8xlarge_use1-az1': 1, 'r6id.8xlarge_use1-az2': 1, 'r6id.8xlarge_use1-az4': 5, 'r6id.8xlarge_use1-az5': 1, 'r6id.8xlarge_use1-az6': 5, 'r6id.large_use1-az1': 15, 'r6id.large_use1-az2': 10, 'r6id.large_use1-az4': 5, 'r6id.large_use1-az5': 15, 'r6id.large_use1-az6': 30, 'r6id.xlarge_use1-az1': 5, 'r6id.xlarge_use1-az2': 15, 'r6id.xlarge_use1-az4': 10, 'r6id.xlarge_use1-az5': 15, 'r6id.xlarge_use1-az6': 15, 'r6idn.16xlarge_use1-az4': 1, 'r6idn.16xlarge_use1-az5': 1, 'r6idn.16xlarge_use1-az6': 1, 'r6idn.24xlarge_use1-az6': 1, 'r6idn.2xlarge_use1-az1': 1, 'r6idn.2xlarge_use1-az2': 1, 'r6idn.2xlarge_use1-az4': 5, 'r6idn.2xlarge_use1-az5': 1, 'r6idn.2xlarge_use1-az6': 5, 'r6idn.32xlarge_use1-az6': 1, 'r6idn.4xlarge_use1-az1': 15, 'r6idn.4xlarge_use1-az2': 15, 'r6idn.4xlarge_use1-az4': 15, 'r6idn.4xlarge_use1-az5': 5, 'r6idn.4xlarge_use1-az6': 10, 'r6idn.8xlarge_use1-az2': 1, 'r6idn.8xlarge_use1-az4': 1, 'r6idn.8xlarge_use1-az6': 5, 'r6idn.large_use1-az1': 1, 'r6idn.large_use1-az2': 1, 'r6idn.large_use1-az4': 5, 'r6idn.large_use1-az5': 5, 'r6idn.large_use1-az6': 5, 'r6idn.xlarge_use1-az1': 5, 'r6idn.xlarge_use1-az2': 1, 'r6idn.xlarge_use1-az4': 5, 'r6idn.xlarge_use1-az5': 1, 'r6idn.xlarge_use1-az6': 5, 'r6in.12xlarge_use1-az1': 1, 'r6in.12xlarge_use1-az6': 5, 'r6in.16xlarge_use1-az4': 1, 'r6in.16xlarge_use1-az5': 1, 'r6in.16xlarge_use1-az6': 5, 'r6in.24xlarge_use1-az6': 1, 'r6in.2xlarge_use1-az1': 1, 'r6in.2xlarge_use1-az2': 1, 'r6in.2xlarge_use1-az4': 1, 'r6in.2xlarge_use1-az5': 1, 'r6in.2xlarge_use1-az6': 1, 'r6in.4xlarge_use1-az1': 5, 'r6in.4xlarge_use1-az2': 20, 'r6in.4xlarge_use1-az4': 15, 'r6in.4xlarge_use1-az5': 20, 'r6in.4xlarge_use1-az6': 20, 'r6in.8xlarge_use1-az1': 5, 'r6in.8xlarge_use1-az4': 1, 'r6in.8xlarge_use1-az6': 5, 'r6in.large_use1-az1': 45, 'r6in.large_use1-az2': 50, 'r6in.large_use1-az4': 50, 'r6in.large_use1-az5': 40, 'r6in.large_use1-az6': 50, 'r6in.xlarge_use1-az1': 1, 'r6in.xlarge_use1-az2': 1, 'r6in.xlarge_use1-az4': 1, 'r6in.xlarge_use1-az5': 1, 'r6in.xlarge_use1-az6': 1, 'r7a.12xlarge_use1-az1': 1, 'r7a.12xlarge_use1-az2': 1, 'r7a.12xlarge_use1-az4': 5, 'r7a.12xlarge_use1-az6': 20, 'r7a.16xlarge_use1-az1': 1, 'r7a.16xlarge_use1-az2': 15, 'r7a.16xlarge_use1-az4': 30, 'r7a.16xlarge_use1-az6': 50, 'r7a.24xlarge_use1-az2': 10, 'r7a.24xlarge_use1-az4': 10, 'r7a.24xlarge_use1-az6': 35, 'r7a.2xlarge_use1-az1': 1, 'r7a.2xlarge_use1-az2': 5, 'r7a.2xlarge_use1-az4': 25, 'r7a.2xlarge_use1-az6': 1, 'r7a.32xlarge_use1-az2': 1, 'r7a.32xlarge_use1-az4': 1, 'r7a.32xlarge_use1-az6': 50, 'r7a.48xlarge_use1-az2': 5, 'r7a.48xlarge_use1-az4': 5, 'r7a.48xlarge_use1-az6': 50, 'r7a.4xlarge_use1-az1': 5, 'r7a.4xlarge_use1-az2': 25, 'r7a.4xlarge_use1-az4': 50, 'r7a.4xlarge_use1-az6': 50, 'r7a.8xlarge_use1-az1': 5, 'r7a.8xlarge_use1-az2': 20, 'r7a.8xlarge_use1-az4': 50, 'r7a.8xlarge_use1-az6': 50, 'r7a.large_use1-az1': 50, 'r7a.large_use1-az2': 50, 'r7a.large_use1-az4': 50, 'r7a.large_use1-az6': 50, 'r7a.medium_use1-az1': 10, 'r7a.medium_use1-az2': 25, 'r7a.medium_use1-az4': 50, 'r7a.medium_use1-az6': 50, 'r7a.xlarge_use1-az1': 20, 'r7a.xlarge_use1-az2': 50, 'r7a.xlarge_use1-az4': 50, 'r7a.xlarge_use1-az6': 25, 'r7g.12xlarge_use1-az1': 1, 'r7g.12xlarge_use1-az2': 5, 'r7g.12xlarge_use1-az4': 50, 'r7g.12xlarge_use1-az5': 1, 'r7g.12xlarge_use1-az6': 5, 'r7g.16xlarge_use1-az1': 5, 'r7g.16xlarge_use1-az2': 30, 'r7g.16xlarge_use1-az4': 50, 'r7g.16xlarge_use1-az5': 5, 'r7g.16xlarge_use1-az6': 50, 'r7g.2xlarge_use1-az1': 5, 'r7g.2xlarge_use1-az2': 10, 'r7g.2xlarge_use1-az4': 50, 'r7g.2xlarge_use1-az5': 5, 'r7g.2xlarge_use1-az6': 15, 'r7g.4xlarge_use1-az1': 5, 'r7g.4xlarge_use1-az2': 5, 'r7g.4xlarge_use1-az4': 50, 'r7g.4xlarge_use1-az5': 5, 'r7g.4xlarge_use1-az6': 15, 'r7g.8xlarge_use1-az1': 1, 'r7g.8xlarge_use1-az2': 50, 'r7g.8xlarge_use1-az4': 50, 'r7g.8xlarge_use1-az5': 50, 'r7g.8xlarge_use1-az6': 50, 'r7g.large_use1-az1': 20, 'r7g.large_use1-az2': 50, 'r7g.large_use1-az4': 50, 'r7g.large_use1-az5': 40, 'r7g.large_use1-az6': 40, 'r7g.medium_use1-az1': 50, 'r7g.medium_use1-az2': 50, 'r7g.medium_use1-az4': 50, 'r7g.medium_use1-az5': 25, 'r7g.medium_use1-az6': 50, 'r7g.xlarge_use1-az1': 50, 'r7g.xlarge_use1-az2': 50, 'r7g.xlarge_use1-az4': 50, 'r7g.xlarge_use1-az5': 10, 'r7g.xlarge_use1-az6': 50, 'r7gd.12xlarge_use1-az1': 1, 'r7gd.12xlarge_use1-az2': 10, 'r7gd.12xlarge_use1-az4': 35, 'r7gd.12xlarge_use1-az5': 10, 'r7gd.12xlarge_use1-az6': 50, 'r7gd.16xlarge_use1-az1': 5, 'r7gd.16xlarge_use1-az2': 50, 'r7gd.16xlarge_use1-az4': 50, 'r7gd.16xlarge_use1-az5': 50, 'r7gd.16xlarge_use1-az6': 50, 'r7gd.2xlarge_use1-az1': 5, 'r7gd.2xlarge_use1-az2': 25, 'r7gd.2xlarge_use1-az4': 25, 'r7gd.2xlarge_use1-az5': 40, 'r7gd.2xlarge_use1-az6': 50, 'r7gd.4xlarge_use1-az1': 1, 'r7gd.4xlarge_use1-az2': 20, 'r7gd.4xlarge_use1-az4': 25, 'r7gd.4xlarge_use1-az5': 30, 'r7gd.4xlarge_use1-az6': 50, 'r7gd.8xlarge_use1-az1': 1, 'r7gd.8xlarge_use1-az2': 10, 'r7gd.8xlarge_use1-az4': 30, 'r7gd.8xlarge_use1-az5': 20, 'r7gd.8xlarge_use1-az6': 50, 'r7gd.large_use1-az1': 15, 'r7gd.large_use1-az2': 10, 'r7gd.large_use1-az4': 50, 'r7gd.large_use1-az5': 15, 'r7gd.large_use1-az6': 35, 'r7gd.medium_use1-az1': 35, 'r7gd.medium_use1-az2': 15, 'r7gd.medium_use1-az4': 25, 'r7gd.medium_use1-az5': 15, 'r7gd.medium_use1-az6': 20, 'r7gd.xlarge_use1-az1': 1, 'r7gd.xlarge_use1-az2': 10, 'r7gd.xlarge_use1-az4': 25, 'r7gd.xlarge_use1-az5': 10, 'r7gd.xlarge_use1-az6': 50, 'r7i.12xlarge_use1-az4': 1, 'r7i.12xlarge_use1-az6': 10, 'r7i.16xlarge_use1-az1': 5, 'r7i.16xlarge_use1-az2': 15, 'r7i.16xlarge_use1-az4': 45, 'r7i.16xlarge_use1-az5': 5, 'r7i.16xlarge_use1-az6': 50, 'r7i.24xlarge_use1-az1': 1, 'r7i.24xlarge_use1-az2': 1, 'r7i.24xlarge_use1-az4': 5, 'r7i.24xlarge_use1-az5': 5, 'r7i.24xlarge_use1-az6': 5, 'r7i.2xlarge_use1-az1': 5, 'r7i.2xlarge_use1-az2': 5, 'r7i.2xlarge_use1-az4': 10, 'r7i.2xlarge_use1-az5': 5, 'r7i.2xlarge_use1-az6': 50, 'r7i.48xlarge_use1-az2': 1, 'r7i.48xlarge_use1-az4': 5, 'r7i.48xlarge_use1-az5': 1, 'r7i.48xlarge_use1-az6': 5, 'r7i.4xlarge_use1-az1': 5, 'r7i.4xlarge_use1-az2': 20, 'r7i.4xlarge_use1-az4': 10, 'r7i.4xlarge_use1-az5': 1, 'r7i.4xlarge_use1-az6': 50, 'r7i.8xlarge_use1-az1': 5, 'r7i.8xlarge_use1-az2': 25, 'r7i.8xlarge_use1-az4': 25, 'r7i.8xlarge_use1-az5': 5, 'r7i.8xlarge_use1-az6': 50, 'r7i.large_use1-az1': 15, 'r7i.large_use1-az2': 50, 'r7i.large_use1-az4': 50, 'r7i.large_use1-az5': 15, 'r7i.large_use1-az6': 50, 'r7i.xlarge_use1-az1': 5, 'r7i.xlarge_use1-az2': 15, 'r7i.xlarge_use1-az4': 10, 'r7i.xlarge_use1-az5': 15, 'r7i.xlarge_use1-az6': 50, 'r8g.12xlarge_use1-az2': 5, 'r8g.12xlarge_use1-az4': 5, 'r8g.12xlarge_use1-az6': 15, 'r8g.16xlarge_use1-az1': 1, 'r8g.16xlarge_use1-az2': 50, 'r8g.16xlarge_use1-az4': 50, 'r8g.16xlarge_use1-az5': 5, 'r8g.16xlarge_use1-az6': 50, 'r8g.24xlarge_use1-az2': 10, 'r8g.24xlarge_use1-az4': 5, 'r8g.24xlarge_use1-az5': 5, 'r8g.24xlarge_use1-az6': 35, 'r8g.2xlarge_use1-az2': 5, 'r8g.2xlarge_use1-az4': 5, 'r8g.2xlarge_use1-az5': 1, 'r8g.2xlarge_use1-az6': 5, 'r8g.48xlarge_use1-az2': 1, 'r8g.48xlarge_use1-az4': 5, 'r8g.48xlarge_use1-az6': 5, 'r8g.4xlarge_use1-az2': 10, 'r8g.4xlarge_use1-az4': 35, 'r8g.4xlarge_use1-az5': 5, 'r8g.4xlarge_use1-az6': 50, 'r8g.8xlarge_use1-az2': 40, 'r8g.8xlarge_use1-az4': 15, 'r8g.8xlarge_use1-az5': 1, 'r8g.8xlarge_use1-az6': 50, 'r8g.large_use1-az1': 5, 'r8g.large_use1-az2': 30, 'r8g.large_use1-az4': 15, 'r8g.large_use1-az5': 10, 'r8g.large_use1-az6': 20, 'r8g.medium_use1-az1': 15, 'r8g.medium_use1-az2': 30, 'r8g.medium_use1-az4': 20, 'r8g.medium_use1-az5': 5, 'r8g.medium_use1-az6': 15, 'r8g.xlarge_use1-az1': 1, 'r8g.xlarge_use1-az2': 10, 'r8g.xlarge_use1-az4': 5, 'r8g.xlarge_use1-az5': 5, 'r8g.xlarge_use1-az6': 10, 'r8gb.24xlarge_use1-az6': 1, 'r8gb.2xlarge_use1-az2': 1, 'r8gb.2xlarge_use1-az4': 1, 'r8gb.2xlarge_use1-az6': 1, 'r8gb.large_use1-az2': 20, 'r8gb.large_use1-az4': 15, 'r8gb.large_use1-az6': 25, 'r8gb.medium_use1-az2': 50, 'r8gb.metal-24xl_use1-az6': 1, 'r8gb.xlarge_use1-az2': 5, 'r8gb.xlarge_use1-az4': 5, 'r8gb.xlarge_use1-az6': 5, 'r8gd.12xlarge_use1-az5': 1, 'r8gd.12xlarge_use1-az6': 1, 'r8gd.16xlarge_use1-az2': 1, 'r8gd.16xlarge_use1-az4': 1, 'r8gd.16xlarge_use1-az5': 1, 'r8gd.16xlarge_use1-az6': 15, 'r8gd.24xlarge_use1-az2': 1, 'r8gd.24xlarge_use1-az5': 1, 'r8gd.24xlarge_use1-az6': 25, 'r8gd.2xlarge_use1-az2': 25, 'r8gd.2xlarge_use1-az4': 30, 'r8gd.2xlarge_use1-az6': 50, 'r8gd.48xlarge_use1-az6': 50, 'r8gd.4xlarge_use1-az1': 1, 'r8gd.4xlarge_use1-az2': 20, 'r8gd.4xlarge_use1-az5': 1, 'r8gd.4xlarge_use1-az6': 15, 'r8gd.8xlarge_use1-az2': 5, 'r8gd.8xlarge_use1-az4': 1, 'r8gd.8xlarge_use1-az5': 1, 'r8gd.8xlarge_use1-az6': 1, 'r8gd.large_use1-az2': 50, 'r8gd.large_use1-az5': 1, 'r8gd.large_use1-az6': 50, 'r8gd.medium_use1-az1': 5, 'r8gd.medium_use1-az2': 5, 'r8gd.medium_use1-az4': 5, 'r8gd.medium_use1-az5': 10, 'r8gd.metal-24xl_use1-az6': 1, 'r8gd.metal-48xl_use1-az6': 1, 'r8gd.xlarge_use1-az2': 25, 'r8gd.xlarge_use1-az4': 1, 'r8gd.xlarge_use1-az5': 50, 'r8gd.xlarge_use1-az6': 40, 'r8gn.16xlarge_use1-az6': 1, 'r8gn.24xlarge_use1-az2': 1, 'r8gn.2xlarge_use1-az2': 1, 'r8gn.2xlarge_use1-az4': 1, 'r8gn.2xlarge_use1-az6': 1, 'r8gn.48xlarge_use1-az6': 1, 'r8gn.4xlarge_use1-az6': 5, 'r8gn.8xlarge_use1-az2': 1, 'r8gn.8xlarge_use1-az6': 5, 'r8gn.large_use1-az2': 20, 'r8gn.large_use1-az4': 15, 'r8gn.large_use1-az6': 20, 'r8gn.medium_use1-az2': 35, 'r8gn.medium_use1-az4': 40, 'r8gn.metal-24xl_use1-az2': 1, 'r8gn.metal-24xl_use1-az6': 1, 'r8gn.xlarge_use1-az2': 1, 'r8gn.xlarge_use1-az4': 5, 'r8gn.xlarge_use1-az6': 10, 'r8i-flex.2xlarge_use1-az2': 1, 'r8i-flex.2xlarge_use1-az6': 5, 'r8i-flex.4xlarge_use1-az2': 1, 'r8i-flex.4xlarge_use1-az6': 1, 'r8i-flex.large_use1-az2': 1, 'r8i-flex.large_use1-az6': 5, 'r8i-flex.xlarge_use1-az2': 5, 'r8i-flex.xlarge_use1-az6': 1, 'r8i.12xlarge_use1-az2': 1, 'r8i.12xlarge_use1-az6': 1, 'r8i.16xlarge_use1-az2': 1, 'r8i.16xlarge_use1-az6': 1, 'r8i.24xlarge_use1-az6': 1, 'r8i.2xlarge_use1-az2': 5, 'r8i.2xlarge_use1-az6': 5, 'r8i.32xlarge_use1-az2': 1, 'r8i.32xlarge_use1-az6': 1, 'r8i.48xlarge_use1-az2': 1, 'r8i.48xlarge_use1-az6': 1, 'r8i.4xlarge_use1-az2': 1, 'r8i.4xlarge_use1-az6': 5, 'r8i.8xlarge_use1-az2': 1, 'r8i.8xlarge_use1-az6': 5, 'r8i.96xlarge_use1-az2': 1, 'r8i.96xlarge_use1-az6': 1, 'r8i.large_use1-az2': 20, 'r8i.large_use1-az6': 20, 'r8i.xlarge_use1-az2': 5, 'r8i.xlarge_use1-az6': 5, 't2.2xlarge_use1-az1': 50, 't2.2xlarge_use1-az2': 50, 't2.2xlarge_use1-az3': 15, 't2.2xlarge_use1-az4': 50, 't2.2xlarge_use1-az5': 50, 't2.2xlarge_use1-az6': 50, 't2.large_use1-az1': 20, 't2.large_use1-az2': 50, 't2.large_use1-az3': 50, 't2.large_use1-az4': 50, 't2.large_use1-az5': 25, 't2.large_use1-az6': 50, 't2.medium_use1-az1': 50, 't2.medium_use1-az2': 50, 't2.medium_use1-az3': 50, 't2.medium_use1-az4': 50, 't2.medium_use1-az5': 50, 't2.medium_use1-az6': 50, 't2.xlarge_use1-az1': 35, 't2.xlarge_use1-az2': 50, 't2.xlarge_use1-az3': 20, 't2.xlarge_use1-az4': 50, 't2.xlarge_use1-az5': 5, 't2.xlarge_use1-az6': 50, 't3.2xlarge_use1-az1': 50, 't3.2xlarge_use1-az2': 50, 't3.2xlarge_use1-az4': 50, 't3.2xlarge_use1-az5': 50, 't3.2xlarge_use1-az6': 50, 't3.large_use1-az1': 50, 't3.large_use1-az2': 50, 't3.large_use1-az4': 50, 't3.large_use1-az5': 50, 't3.large_use1-az6': 50, 't3.medium_use1-az1': 50, 't3.medium_use1-az2': 50, 't3.medium_use1-az4': 50, 't3.medium_use1-az5': 50, 't3.medium_use1-az6': 50, 't3.xlarge_use1-az1': 50, 't3.xlarge_use1-az2': 50, 't3.xlarge_use1-az4': 50, 't3.xlarge_use1-az5': 50, 't3.xlarge_use1-az6': 50, 't3a.2xlarge_use1-az1': 50, 't3a.2xlarge_use1-az2': 50, 't3a.2xlarge_use1-az4': 50, 't3a.2xlarge_use1-az5': 50, 't3a.2xlarge_use1-az6': 50, 't3a.large_use1-az1': 50, 't3a.large_use1-az2': 50, 't3a.large_use1-az4': 50, 't3a.large_use1-az5': 5, 't3a.large_use1-az6': 50, 't3a.medium_use1-az1': 50, 't3a.medium_use1-az2': 50, 't3a.medium_use1-az4': 50, 't3a.medium_use1-az5': 5, 't3a.medium_use1-az6': 50, 't3a.xlarge_use1-az1': 25, 't3a.xlarge_use1-az2': 50, 't3a.xlarge_use1-az4': 50, 't3a.xlarge_use1-az5': 15, 't3a.xlarge_use1-az6': 50, 't4g.2xlarge_use1-az1': 5, 't4g.2xlarge_use1-az2': 15, 't4g.2xlarge_use1-az4': 5, 't4g.2xlarge_use1-az5': 10, 't4g.2xlarge_use1-az6': 10, 't4g.large_use1-az1': 1, 't4g.large_use1-az2': 15, 't4g.large_use1-az4': 50, 't4g.large_use1-az5': 25, 't4g.large_use1-az6': 35, 't4g.medium_use1-az1': 1, 't4g.medium_use1-az2': 50, 't4g.medium_use1-az4': 50, 't4g.medium_use1-az5': 35, 't4g.medium_use1-az6': 50, 't4g.xlarge_use1-az1': 30, 't4g.xlarge_use1-az2': 15, 't4g.xlarge_use1-az4': 50, 't4g.xlarge_use1-az5': 5, 't4g.xlarge_use1-az6': 10, 'trn1.2xlarge_use1-az5': 5, 'trn1.2xlarge_use1-az6': 20, 'trn1.32xlarge_use1-az6': 50, 'trn1n.32xlarge_use1-az6': 50, 'vt1.3xlarge_use1-az2': 1, 'vt1.6xlarge_use1-az2': 1, 'x1.16xlarge_use1-az2': 1, 'x1.16xlarge_use1-az4': 1, 'x1.16xlarge_use1-az6': 1, 'x1.32xlarge_use1-az2': 1, 'x1.32xlarge_use1-az3': 5, 'x1.32xlarge_use1-az6': 1, 'x1e.16xlarge_use1-az2': 1, 'x1e.16xlarge_use1-az4': 1, 'x1e.16xlarge_use1-az6': 5, 'x1e.2xlarge_use1-az2': 5, 'x1e.2xlarge_use1-az4': 10, 'x1e.2xlarge_use1-az6': 1, 'x1e.4xlarge_use1-az2': 5, 'x1e.4xlarge_use1-az4': 5, 'x1e.4xlarge_use1-az6': 1, 'x1e.8xlarge_use1-az2': 1, 'x1e.8xlarge_use1-az6': 5, 'x1e.xlarge_use1-az1': 10, 'x1e.xlarge_use1-az2': 20, 'x1e.xlarge_use1-az4': 15, 'x1e.xlarge_use1-az6': 5, 'x2gd.12xlarge_use1-az5': 5, 'x2gd.12xlarge_use1-az6': 1, 'x2gd.16xlarge_use1-az5': 1, 'x2gd.16xlarge_use1-az6': 15, 'x2gd.2xlarge_use1-az1': 5, 'x2gd.2xlarge_use1-az4': 1, 'x2gd.2xlarge_use1-az5': 5, 'x2gd.2xlarge_use1-az6': 30, 'x2gd.4xlarge_use1-az1': 1, 'x2gd.4xlarge_use1-az2': 1, 'x2gd.4xlarge_use1-az4': 5, 'x2gd.4xlarge_use1-az5': 1, 'x2gd.4xlarge_use1-az6': 35, 'x2gd.8xlarge_use1-az4': 1, 'x2gd.8xlarge_use1-az5': 1, 'x2gd.8xlarge_use1-az6': 5, 'x2gd.large_use1-az1': 35, 'x2gd.large_use1-az2': 25, 'x2gd.large_use1-az4': 15, 'x2gd.large_use1-az5': 25, 'x2gd.large_use1-az6': 50, 'x2gd.medium_use1-az1': 25, 'x2gd.medium_use1-az2': 35, 'x2gd.medium_use1-az4': 50, 'x2gd.medium_use1-az5': 50, 'x2gd.medium_use1-az6': 50, 'x2gd.xlarge_use1-az1': 5, 'x2gd.xlarge_use1-az2': 1, 'x2gd.xlarge_use1-az4': 20, 'x2gd.xlarge_use1-az5': 15, 'x2gd.xlarge_use1-az6': 25, 'x2idn.16xlarge_use1-az2': 1, 'x2idn.16xlarge_use1-az5': 1, 'x2idn.24xlarge_use1-az4': 1, 'x2idn.24xlarge_use1-az5': 1, 'x2idn.32xlarge_use1-az5': 1, 'x2iedn.24xlarge_use1-az4': 1, 'x2iedn.24xlarge_use1-az6': 1, 'x2iedn.2xlarge_use1-az1': 1, 'x2iedn.2xlarge_use1-az2': 25, 'x2iedn.2xlarge_use1-az4': 15, 'x2iedn.2xlarge_use1-az5': 1, 'x2iedn.2xlarge_use1-az6': 5, 'x2iedn.4xlarge_use1-az1': 1, 'x2iedn.4xlarge_use1-az2': 1, 'x2iedn.4xlarge_use1-az4': 1, 'x2iedn.4xlarge_use1-az5': 1, 'x2iedn.4xlarge_use1-az6': 1, 'x2iedn.8xlarge_use1-az4': 1, 'x2iedn.8xlarge_use1-az6': 1, 'x2iedn.xlarge_use1-az1': 5, 'x2iedn.xlarge_use1-az2': 20, 'x2iedn.xlarge_use1-az4': 10, 'x2iedn.xlarge_use1-az5': 1, 'x2iedn.xlarge_use1-az6': 10, 'x2iezn.12xlarge_use1-az2': 1, 'x2iezn.12xlarge_use1-az4': 20, 'x2iezn.12xlarge_use1-az6': 5, 'x2iezn.2xlarge_use1-az2': 5, 'x2iezn.2xlarge_use1-az4': 10, 'x2iezn.2xlarge_use1-az6': 1, 'x2iezn.4xlarge_use1-az2': 1, 'x2iezn.4xlarge_use1-az4': 5, 'x2iezn.4xlarge_use1-az6': 1, 'x2iezn.6xlarge_use1-az4': 5, 'x2iezn.6xlarge_use1-az6': 1, 'x2iezn.8xlarge_use1-az2': 1, 'x2iezn.8xlarge_use1-az6': 1, 'x8g.12xlarge_use1-az2': 1, 'x8g.12xlarge_use1-az4': 20, 'x8g.12xlarge_use1-az6': 1, 'x8g.16xlarge_use1-az1': 1, 'x8g.16xlarge_use1-az2': 5, 'x8g.16xlarge_use1-az4': 5, 'x8g.16xlarge_use1-az6': 5, 'x8g.24xlarge_use1-az1': 1, 'x8g.24xlarge_use1-az2': 5, 'x8g.24xlarge_use1-az4': 5, 'x8g.24xlarge_use1-az6': 10, 'x8g.2xlarge_use1-az1': 5, 'x8g.2xlarge_use1-az2': 10, 'x8g.2xlarge_use1-az4': 10, 'x8g.2xlarge_use1-az6': 25, 'x8g.48xlarge_use1-az1': 1, 'x8g.48xlarge_use1-az2': 1, 'x8g.48xlarge_use1-az4': 10, 'x8g.48xlarge_use1-az6': 1, 'x8g.4xlarge_use1-az1': 1, 'x8g.4xlarge_use1-az2': 5, 'x8g.4xlarge_use1-az4': 5, 'x8g.4xlarge_use1-az6': 10, 'x8g.8xlarge_use1-az2': 15, 'x8g.8xlarge_use1-az4': 20, 'x8g.8xlarge_use1-az6': 5, 'x8g.large_use1-az1': 30, 'x8g.large_use1-az4': 50, 'x8g.large_use1-az6': 50, 'x8g.medium_use1-az1': 50, 'x8g.medium_use1-az4': 50, 'x8g.medium_use1-az6': 50, 'x8g.metal-24xl_use1-az1': 1, 'x8g.metal-24xl_use1-az2': 1, 'x8g.metal-24xl_use1-az4': 1, 'x8g.metal-24xl_use1-az6': 10, 'x8g.metal-48xl_use1-az2': 1, 'x8g.metal-48xl_use1-az4': 1, 'x8g.metal-48xl_use1-az6': 1, 'x8g.xlarge_use1-az1': 10, 'x8g.xlarge_use1-az2': 20, 'x8g.xlarge_use1-az4': 40, 'x8g.xlarge_use1-az6': 50, 'z1d.12xlarge_use1-az1': 1, 'z1d.12xlarge_use1-az2': 1, 'z1d.12xlarge_use1-az4': 1, 'z1d.12xlarge_use1-az5': 1, 'z1d.12xlarge_use1-az6': 5, 'z1d.2xlarge_use1-az1': 5, 'z1d.2xlarge_use1-az2': 5, 'z1d.2xlarge_use1-az4': 15, 'z1d.2xlarge_use1-az5': 1, 'z1d.2xlarge_use1-az6': 15, 'z1d.3xlarge_use1-az1': 5, 'z1d.3xlarge_use1-az2': 5, 'z1d.3xlarge_use1-az4': 10, 'z1d.3xlarge_use1-az5': 5, 'z1d.3xlarge_use1-az6': 5, 'z1d.6xlarge_use1-az1': 1, 'z1d.6xlarge_use1-az2': 1, 'z1d.6xlarge_use1-az4': 1, 'z1d.6xlarge_use1-az6': 1, 'z1d.large_use1-az1': 15, 'z1d.large_use1-az2': 5, 'z1d.large_use1-az4': 25, 'z1d.large_use1-az5': 10, 'z1d.large_use1-az6': 25, 'z1d.xlarge_use1-az1': 10, 'z1d.xlarge_use1-az2': 20, 'z1d.xlarge_use1-az4': 30, 'z1d.xlarge_use1-az5': 1, 'z1d.xlarge_use1-az6': 20}"
0.76,26802.49059999995,29561921141,1102954.258355134,1138977,1138877,"{'c3.8xlarge_use1-az2': 5, 'c3.8xlarge_use1-az4': 5, 'c3.8xlarge_use1-az6': 1, 'c4.2xlarge_use1-az1': 5, 'c4.2xlarge_use1-az2': 5, 'c4.2xlarge_use1-az3': 25, 'c4.2xlarge_use1-az4': 15, 'c4.2xlarge_use1-az5': 15, 'c4.2xlarge_use1-az6': 10, 'c4.4xlarge_use1-az1': 5, 'c4.4xlarge_use1-az2': 5, 'c4.4xlarge_use1-az3': 10, 'c4.4xlarge_use1-az4': 5, 'c4.4xlarge_use1-az5': 5, 'c4.4xlarge_use1-az6': 1, 'c4.8xlarge_use1-az1': 1, 'c4.8xlarge_use1-az2': 5, 'c4.8xlarge_use1-az3': 5, 'c4.8xlarge_use1-az4': 15, 'c4.8xlarge_use1-az5': 5, 'c4.8xlarge_use1-az6': 5, 'c4.xlarge_use1-az2': 40, 'c4.xlarge_use1-az4': 40, 'c4.xlarge_use1-az5': 50, 'c4.xlarge_use1-az6': 50, 'c5.12xlarge_use1-az1': 50, 'c5.12xlarge_use1-az2': 50, 'c5.12xlarge_use1-az4': 50, 'c5.12xlarge_use1-az5': 50, 'c5.12xlarge_use1-az6': 50, 'c5.18xlarge_use1-az1': 5, 'c5.18xlarge_use1-az2': 50, 'c5.18xlarge_use1-az4': 15, 'c5.18xlarge_use1-az5': 10, 'c5.18xlarge_use1-az6': 1, 'c5.24xlarge_use1-az1': 1, 'c5.24xlarge_use1-az2': 5, 'c5.24xlarge_use1-az4': 5, 'c5.24xlarge_use1-az5': 1, 'c5.24xlarge_use1-az6': 5, 'c5.2xlarge_use1-az1': 50, 'c5.2xlarge_use1-az2': 50, 'c5.2xlarge_use1-az4': 50, 'c5.2xlarge_use1-az5': 50, 'c5.2xlarge_use1-az6': 50, 'c5.4xlarge_use1-az1': 50, 'c5.4xlarge_use1-az2': 50, 'c5.4xlarge_use1-az4': 50, 'c5.4xlarge_use1-az5': 50, 'c5.4xlarge_use1-az6': 50, 'c5.9xlarge_use1-az1': 50, 'c5.9xlarge_use1-az2': 50, 'c5.9xlarge_use1-az4': 50, 'c5.9xlarge_use1-az5': 50, 'c5.9xlarge_use1-az6': 50, 'c5.large_use1-az1': 50, 'c5.large_use1-az2': 50, 'c5.large_use1-az4': 50, 'c5.large_use1-az5': 50, 'c5.large_use1-az6': 50, 'c5.xlarge_use1-az1': 50, 'c5.xlarge_use1-az2': 50, 'c5.xlarge_use1-az4': 50, 'c5.xlarge_use1-az5': 50, 'c5.xlarge_use1-az6': 50, 'c5a.12xlarge_use1-az1': 5, 'c5a.12xlarge_use1-az2': 10, 'c5a.12xlarge_use1-az4': 15, 'c5a.12xlarge_use1-az5': 1, 'c5a.12xlarge_use1-az6': 5, 'c5a.16xlarge_use1-az4': 1, 'c5a.16xlarge_use1-az6': 1, 'c5a.24xlarge_use1-az2': 1, 'c5a.24xlarge_use1-az4': 1, 'c5a.24xlarge_use1-az6': 1, 'c5a.2xlarge_use1-az1': 30, 'c5a.2xlarge_use1-az2': 20, 'c5a.2xlarge_use1-az4': 50, 'c5a.2xlarge_use1-az5': 15, 'c5a.2xlarge_use1-az6': 50, 'c5a.4xlarge_use1-az1': 5, 'c5a.4xlarge_use1-az2': 1, 'c5a.4xlarge_use1-az4': 5, 'c5a.4xlarge_use1-az5': 5, 'c5a.4xlarge_use1-az6': 5, 'c5a.8xlarge_use1-az1': 1, 'c5a.8xlarge_use1-az2': 1, 'c5a.8xlarge_use1-az4': 5, 'c5a.8xlarge_use1-az6': 15, 'c5a.large_use1-az1': 50, 'c5a.large_use1-az2': 50, 'c5a.large_use1-az4': 50, 'c5a.large_use1-az5': 45, 'c5a.large_use1-az6': 50, 'c5a.xlarge_use1-az1': 50, 'c5a.xlarge_use1-az2': 50, 'c5a.xlarge_use1-az4': 50, 'c5a.xlarge_use1-az5': 50, 'c5a.xlarge_use1-az6': 50, 'c5ad.12xlarge_use1-az1': 5, 'c5ad.12xlarge_use1-az2': 5, 'c5ad.12xlarge_use1-az4': 5, 'c5ad.12xlarge_use1-az6': 5, 'c5ad.16xlarge_use1-az1': 1, 'c5ad.16xlarge_use1-az2': 5, 'c5ad.16xlarge_use1-az4': 1, 'c5ad.16xlarge_use1-az6': 1, 'c5ad.24xlarge_use1-az1': 1, 'c5ad.24xlarge_use1-az2': 1, 'c5ad.24xlarge_use1-az4': 1, 'c5ad.24xlarge_use1-az6': 5, 'c5ad.2xlarge_use1-az1': 10, 'c5ad.2xlarge_use1-az2': 5, 'c5ad.2xlarge_use1-az4': 5, 'c5ad.2xlarge_use1-az5': 5, 'c5ad.2xlarge_use1-az6': 15, 'c5ad.4xlarge_use1-az1': 5, 'c5ad.4xlarge_use1-az2': 5, 'c5ad.4xlarge_use1-az4': 1, 'c5ad.4xlarge_use1-az5': 1, 'c5ad.4xlarge_use1-az6': 10, 'c5ad.8xlarge_use1-az1': 1, 'c5ad.8xlarge_use1-az2': 1, 'c5ad.8xlarge_use1-az4': 1, 'c5ad.8xlarge_use1-az5': 1, 'c5ad.8xlarge_use1-az6': 1, 'c5ad.large_use1-az1': 20, 'c5ad.large_use1-az2': 30, 'c5ad.large_use1-az4': 10, 'c5ad.large_use1-az5': 15, 'c5ad.large_use1-az6': 20, 'c5ad.xlarge_use1-az1': 15, 'c5ad.xlarge_use1-az2': 10, 'c5ad.xlarge_use1-az4': 5, 'c5ad.xlarge_use1-az5': 5, 'c5ad.xlarge_use1-az6': 15, 'c5d.12xlarge_use1-az2': 15, 'c5d.12xlarge_use1-az4': 5, 'c5d.12xlarge_use1-az6': 45, 'c5d.18xlarge_use1-az1': 5, 'c5d.18xlarge_use1-az2': 50, 'c5d.18xlarge_use1-az4': 50, 'c5d.18xlarge_use1-az5': 5, 'c5d.18xlarge_use1-az6': 30, 'c5d.24xlarge_use1-az2': 35, 'c5d.24xlarge_use1-az4': 25, 'c5d.24xlarge_use1-az6': 50, 'c5d.2xlarge_use1-az1': 15, 'c5d.2xlarge_use1-az2': 50, 'c5d.2xlarge_use1-az4': 50, 'c5d.2xlarge_use1-az5': 20, 'c5d.2xlarge_use1-az6': 50, 'c5d.4xlarge_use1-az1': 20, 'c5d.4xlarge_use1-az2': 50, 'c5d.4xlarge_use1-az4': 50, 'c5d.4xlarge_use1-az5': 25, 'c5d.4xlarge_use1-az6': 50, 'c5d.9xlarge_use1-az1': 10, 'c5d.9xlarge_use1-az2': 20, 'c5d.9xlarge_use1-az4': 50, 'c5d.9xlarge_use1-az5': 10, 'c5d.9xlarge_use1-az6': 25, 'c5d.large_use1-az1': 50, 'c5d.large_use1-az2': 50, 'c5d.large_use1-az4': 50, 'c5d.large_use1-az5': 35, 'c5d.large_use1-az6': 50, 'c5d.xlarge_use1-az1': 50, 'c5d.xlarge_use1-az2': 50, 'c5d.xlarge_use1-az4': 50, 'c5d.xlarge_use1-az5': 50, 'c5d.xlarge_use1-az6': 50, 'c5n.18xlarge_use1-az1': 30, 'c5n.18xlarge_use1-az2': 5, 'c5n.18xlarge_use1-az4': 10, 'c5n.2xlarge_use1-az1': 5, 'c5n.2xlarge_use1-az2': 10, 'c5n.2xlarge_use1-az4': 15, 'c5n.2xlarge_use1-az5': 10, 'c5n.2xlarge_use1-az6': 10, 'c5n.4xlarge_use1-az1': 5, 'c5n.4xlarge_use1-az2': 1, 'c5n.4xlarge_use1-az4': 5, 'c5n.4xlarge_use1-az6': 1, 'c5n.9xlarge_use1-az1': 10, 'c5n.9xlarge_use1-az2': 1, 'c5n.9xlarge_use1-az4': 5, 'c5n.large_use1-az1': 10, 'c5n.large_use1-az2': 10, 'c5n.large_use1-az4': 25, 'c5n.large_use1-az5': 5, 'c5n.large_use1-az6': 5, 'c5n.xlarge_use1-az1': 1, 'c5n.xlarge_use1-az2': 1, 'c5n.xlarge_use1-az4': 5, 'c5n.xlarge_use1-az5': 1, 'c5n.xlarge_use1-az6': 1, 'c6a.12xlarge_use1-az1': 5, 'c6a.12xlarge_use1-az2': 50, 'c6a.12xlarge_use1-az4': 50, 'c6a.12xlarge_use1-az5': 1, 'c6a.12xlarge_use1-az6': 15, 'c6a.16xlarge_use1-az1': 1, 'c6a.16xlarge_use1-az2': 5, 'c6a.16xlarge_use1-az4': 10, 'c6a.16xlarge_use1-az5': 1, 'c6a.16xlarge_use1-az6': 15, 'c6a.24xlarge_use1-az1': 1, 'c6a.24xlarge_use1-az2': 5, 'c6a.24xlarge_use1-az4': 5, 'c6a.24xlarge_use1-az5': 5, 'c6a.24xlarge_use1-az6': 20, 'c6a.2xlarge_use1-az1': 10, 'c6a.2xlarge_use1-az2': 40, 'c6a.2xlarge_use1-az4': 50, 'c6a.2xlarge_use1-az5': 10, 'c6a.2xlarge_use1-az6': 50, 'c6a.32xlarge_use1-az2': 1, 'c6a.32xlarge_use1-az4': 1, 'c6a.32xlarge_use1-az5': 1, 'c6a.32xlarge_use1-az6': 5, 'c6a.48xlarge_use1-az2': 1, 'c6a.48xlarge_use1-az4': 10, 'c6a.48xlarge_use1-az5': 5, 'c6a.48xlarge_use1-az6': 25, 'c6a.4xlarge_use1-az1': 15, 'c6a.4xlarge_use1-az2': 15, 'c6a.4xlarge_use1-az4': 30, 'c6a.4xlarge_use1-az5': 15, 'c6a.4xlarge_use1-az6': 50, 'c6a.8xlarge_use1-az1': 5, 'c6a.8xlarge_use1-az2': 50, 'c6a.8xlarge_use1-az4': 30, 'c6a.8xlarge_use1-az5': 25, 'c6a.8xlarge_use1-az6': 50, 'c6a.large_use1-az1': 45, 'c6a.large_use1-az2': 50, 'c6a.large_use1-az4': 50, 'c6a.large_use1-az5': 50, 'c6a.large_use1-az6': 20, 'c6a.xlarge_use1-az1': 15, 'c6a.xlarge_use1-az2': 25, 'c6a.xlarge_use1-az4': 25, 'c6a.xlarge_use1-az5': 15, 'c6a.xlarge_use1-az6': 25, 'c6g.12xlarge_use1-az1': 15, 'c6g.12xlarge_use1-az2': 25, 'c6g.12xlarge_use1-az4': 50, 'c6g.12xlarge_use1-az5': 5, 'c6g.12xlarge_use1-az6': 50, 'c6g.16xlarge_use1-az1': 1, 'c6g.16xlarge_use1-az2': 15, 'c6g.16xlarge_use1-az4': 50, 'c6g.16xlarge_use1-az5': 5, 'c6g.16xlarge_use1-az6': 50, 'c6g.2xlarge_use1-az1': 5, 'c6g.2xlarge_use1-az2': 50, 'c6g.2xlarge_use1-az4': 50, 'c6g.2xlarge_use1-az5': 15, 'c6g.2xlarge_use1-az6': 50, 'c6g.4xlarge_use1-az1': 50, 'c6g.4xlarge_use1-az2': 50, 'c6g.4xlarge_use1-az4': 50, 'c6g.4xlarge_use1-az5': 50, 'c6g.4xlarge_use1-az6': 50, 'c6g.8xlarge_use1-az1': 50, 'c6g.8xlarge_use1-az2': 50, 'c6g.8xlarge_use1-az4': 50, 'c6g.8xlarge_use1-az5': 50, 'c6g.8xlarge_use1-az6': 50, 'c6g.large_use1-az1': 5, 'c6g.large_use1-az2': 50, 'c6g.large_use1-az4': 50, 'c6g.large_use1-az5': 50, 'c6g.large_use1-az6': 50, 'c6g.xlarge_use1-az1': 30, 'c6g.xlarge_use1-az2': 50, 'c6g.xlarge_use1-az4': 50, 'c6g.xlarge_use1-az5': 10, 'c6g.xlarge_use1-az6': 50, 'c6gd.12xlarge_use1-az2': 50, 'c6gd.12xlarge_use1-az4': 30, 'c6gd.12xlarge_use1-az5': 1, 'c6gd.12xlarge_use1-az6': 50, 'c6gd.16xlarge_use1-az2': 50, 'c6gd.16xlarge_use1-az4': 30, 'c6gd.16xlarge_use1-az6': 50, 'c6gd.2xlarge_use1-az1': 15, 'c6gd.2xlarge_use1-az2': 50, 'c6gd.2xlarge_use1-az4': 50, 'c6gd.2xlarge_use1-az5': 1, 'c6gd.2xlarge_use1-az6': 50, 'c6gd.4xlarge_use1-az1': 20, 'c6gd.4xlarge_use1-az2': 50, 'c6gd.4xlarge_use1-az4': 50, 'c6gd.4xlarge_use1-az5': 10, 'c6gd.4xlarge_use1-az6': 50, 'c6gd.8xlarge_use1-az1': 25, 'c6gd.8xlarge_use1-az2': 45, 'c6gd.8xlarge_use1-az4': 45, 'c6gd.8xlarge_use1-az5': 1, 'c6gd.8xlarge_use1-az6': 50, 'c6gd.large_use1-az1': 50, 'c6gd.large_use1-az2': 5, 'c6gd.large_use1-az4': 20, 'c6gd.large_use1-az5': 1, 'c6gd.large_use1-az6': 50, 'c6gd.xlarge_use1-az1': 50, 'c6gd.xlarge_use1-az2': 1, 'c6gd.xlarge_use1-az4': 1, 'c6gd.xlarge_use1-az5': 50, 'c6gd.xlarge_use1-az6': 50, 'c6gn.12xlarge_use1-az2': 25, 'c6gn.12xlarge_use1-az4': 50, 'c6gn.12xlarge_use1-az5': 1, 'c6gn.16xlarge_use1-az1': 1, 'c6gn.16xlarge_use1-az2': 50, 'c6gn.16xlarge_use1-az4': 50, 'c6gn.16xlarge_use1-az5': 10, 'c6gn.2xlarge_use1-az1': 5, 'c6gn.2xlarge_use1-az2': 1, 'c6gn.2xlarge_use1-az4': 20, 'c6gn.2xlarge_use1-az5': 1, 'c6gn.4xlarge_use1-az1': 1, 'c6gn.4xlarge_use1-az2': 40, 'c6gn.4xlarge_use1-az4': 35, 'c6gn.4xlarge_use1-az5': 10, 'c6gn.8xlarge_use1-az1': 25, 'c6gn.8xlarge_use1-az2': 35, 'c6gn.8xlarge_use1-az4': 30, 'c6gn.8xlarge_use1-az5': 5, 'c6gn.8xlarge_use1-az6': 5, 'c6gn.large_use1-az1': 5, 'c6gn.large_use1-az2': 25, 'c6gn.large_use1-az4': 10, 'c6gn.large_use1-az5': 15, 'c6gn.large_use1-az6': 1, 'c6gn.xlarge_use1-az1': 5, 'c6gn.xlarge_use1-az2': 10, 'c6gn.xlarge_use1-az4': 15, 'c6gn.xlarge_use1-az5': 5, 'c6gn.xlarge_use1-az6': 1, 'c6i.12xlarge_use1-az1': 15, 'c6i.12xlarge_use1-az2': 15, 'c6i.12xlarge_use1-az4': 30, 'c6i.12xlarge_use1-az5': 5, 'c6i.12xlarge_use1-az6': 5, 'c6i.16xlarge_use1-az1': 5, 'c6i.16xlarge_use1-az2': 15, 'c6i.16xlarge_use1-az4': 25, 'c6i.16xlarge_use1-az5': 10, 'c6i.16xlarge_use1-az6': 30, 'c6i.24xlarge_use1-az1': 5, 'c6i.24xlarge_use1-az2': 5, 'c6i.24xlarge_use1-az4': 10, 'c6i.24xlarge_use1-az5': 1, 'c6i.24xlarge_use1-az6': 15, 'c6i.2xlarge_use1-az1': 20, 'c6i.2xlarge_use1-az2': 50, 'c6i.2xlarge_use1-az4': 50, 'c6i.2xlarge_use1-az5': 5, 'c6i.2xlarge_use1-az6': 50, 'c6i.32xlarge_use1-az1': 10, 'c6i.32xlarge_use1-az2': 5, 'c6i.32xlarge_use1-az4': 50, 'c6i.32xlarge_use1-az5': 1, 'c6i.32xlarge_use1-az6': 40, 'c6i.4xlarge_use1-az1': 10, 'c6i.4xlarge_use1-az2': 40, 'c6i.4xlarge_use1-az4': 50, 'c6i.4xlarge_use1-az5': 15, 'c6i.4xlarge_use1-az6': 50, 'c6i.8xlarge_use1-az1': 10, 'c6i.8xlarge_use1-az2': 45, 'c6i.8xlarge_use1-az4': 50, 'c6i.8xlarge_use1-az5': 10, 'c6i.8xlarge_use1-az6': 50, 'c6i.large_use1-az1': 10, 'c6i.large_use1-az2': 40, 'c6i.large_use1-az4': 30, 'c6i.large_use1-az5': 10, 'c6i.large_use1-az6': 50, 'c6i.xlarge_use1-az1': 50, 'c6i.xlarge_use1-az2': 45, 'c6i.xlarge_use1-az4': 35, 'c6i.xlarge_use1-az5': 10, 'c6i.xlarge_use1-az6': 50, 'c6id.12xlarge_use1-az1': 1, 'c6id.12xlarge_use1-az2': 1, 'c6id.12xlarge_use1-az4': 5, 'c6id.12xlarge_use1-az6': 5, 'c6id.16xlarge_use1-az1': 1, 'c6id.16xlarge_use1-az2': 5, 'c6id.16xlarge_use1-az4': 5, 'c6id.16xlarge_use1-az5': 1, 'c6id.16xlarge_use1-az6': 1, 'c6id.24xlarge_use1-az1': 5, 'c6id.24xlarge_use1-az2': 15, 'c6id.24xlarge_use1-az4': 5, 'c6id.24xlarge_use1-az5': 1, 'c6id.24xlarge_use1-az6': 10, 'c6id.2xlarge_use1-az1': 1, 'c6id.2xlarge_use1-az2': 1, 'c6id.2xlarge_use1-az4': 5, 'c6id.2xlarge_use1-az5': 5, 'c6id.2xlarge_use1-az6': 1, 'c6id.32xlarge_use1-az1': 1, 'c6id.32xlarge_use1-az2': 5, 'c6id.32xlarge_use1-az4': 10, 'c6id.32xlarge_use1-az5': 1, 'c6id.32xlarge_use1-az6': 5, 'c6id.4xlarge_use1-az1': 15, 'c6id.4xlarge_use1-az2': 10, 'c6id.4xlarge_use1-az4': 10, 'c6id.4xlarge_use1-az5': 1, 'c6id.4xlarge_use1-az6': 5, 'c6id.8xlarge_use1-az1': 5, 'c6id.8xlarge_use1-az2': 1, 'c6id.8xlarge_use1-az4': 5, 'c6id.8xlarge_use1-az5': 1, 'c6id.8xlarge_use1-az6': 1, 'c6id.large_use1-az1': 5, 'c6id.large_use1-az2': 5, 'c6id.large_use1-az4': 1, 'c6id.large_use1-az5': 5, 'c6id.large_use1-az6': 5, 'c6id.xlarge_use1-az1': 5, 'c6id.xlarge_use1-az2': 1, 'c6id.xlarge_use1-az4': 5, 'c6id.xlarge_use1-az5': 1, 'c6id.xlarge_use1-az6': 1, 'c6in.12xlarge_use1-az1': 1, 'c6in.12xlarge_use1-az6': 1, 'c6in.16xlarge_use1-az4': 1, 'c6in.24xlarge_use1-az6': 1, 'c6in.2xlarge_use1-az1': 1, 'c6in.2xlarge_use1-az2': 1, 'c6in.2xlarge_use1-az4': 1, 'c6in.2xlarge_use1-az6': 1, 'c6in.32xlarge_use1-az1': 1, 'c6in.32xlarge_use1-az6': 1, 'c6in.4xlarge_use1-az1': 5, 'c6in.4xlarge_use1-az2': 5, 'c6in.4xlarge_use1-az4': 5, 'c6in.4xlarge_use1-az6': 25, 'c6in.8xlarge_use1-az1': 1, 'c6in.8xlarge_use1-az6': 1, 'c6in.large_use1-az1': 5, 'c6in.large_use1-az2': 1, 'c6in.large_use1-az4': 1, 'c6in.large_use1-az5': 1, 'c6in.large_use1-az6': 5, 'c6in.xlarge_use1-az1': 20, 'c6in.xlarge_use1-az2': 1, 'c6in.xlarge_use1-az4': 1, 'c6in.xlarge_use1-az6': 10, 'c7a.12xlarge_use1-az1': 5, 'c7a.12xlarge_use1-az2': 5, 'c7a.12xlarge_use1-az4': 1, 'c7a.12xlarge_use1-az6': 15, 'c7a.16xlarge_use1-az1': 1, 'c7a.16xlarge_use1-az2': 1, 'c7a.16xlarge_use1-az6': 5, 'c7a.24xlarge_use1-az1': 1, 'c7a.24xlarge_use1-az2': 1, 'c7a.24xlarge_use1-az5': 1, 'c7a.24xlarge_use1-az6': 5, 'c7a.2xlarge_use1-az1': 1, 'c7a.2xlarge_use1-az2': 1, 'c7a.2xlarge_use1-az4': 25, 'c7a.2xlarge_use1-az5': 1, 'c7a.2xlarge_use1-az6': 10, 'c7a.32xlarge_use1-az1': 1, 'c7a.32xlarge_use1-az2': 1, 'c7a.32xlarge_use1-az6': 15, 'c7a.48xlarge_use1-az1': 1, 'c7a.48xlarge_use1-az2': 1, 'c7a.48xlarge_use1-az5': 1, 'c7a.48xlarge_use1-az6': 20, 'c7a.4xlarge_use1-az1': 5, 'c7a.4xlarge_use1-az2': 10, 'c7a.4xlarge_use1-az4': 5, 'c7a.4xlarge_use1-az5': 1, 'c7a.4xlarge_use1-az6': 50, 'c7a.8xlarge_use1-az1': 1, 'c7a.8xlarge_use1-az2': 1, 'c7a.8xlarge_use1-az4': 1, 'c7a.8xlarge_use1-az6': 10, 'c7a.large_use1-az1': 15, 'c7a.large_use1-az2': 25, 'c7a.large_use1-az4': 30, 'c7a.large_use1-az5': 10, 'c7a.large_use1-az6': 50, 'c7a.xlarge_use1-az1': 5, 'c7a.xlarge_use1-az2': 5, 'c7a.xlarge_use1-az4': 10, 'c7a.xlarge_use1-az5': 5, 'c7a.xlarge_use1-az6': 15, 'c7g.12xlarge_use1-az1': 15, 'c7g.12xlarge_use1-az2': 50, 'c7g.12xlarge_use1-az4': 15, 'c7g.12xlarge_use1-az5': 1, 'c7g.12xlarge_use1-az6': 50, 'c7g.16xlarge_use1-az1': 25, 'c7g.16xlarge_use1-az2': 40, 'c7g.16xlarge_use1-az4': 50, 'c7g.16xlarge_use1-az5': 10, 'c7g.16xlarge_use1-az6': 50, 'c7g.2xlarge_use1-az1': 50, 'c7g.2xlarge_use1-az2': 50, 'c7g.2xlarge_use1-az4': 50, 'c7g.2xlarge_use1-az5': 50, 'c7g.2xlarge_use1-az6': 50, 'c7g.4xlarge_use1-az1': 50, 'c7g.4xlarge_use1-az2': 50, 'c7g.4xlarge_use1-az4': 50, 'c7g.4xlarge_use1-az5': 50, 'c7g.4xlarge_use1-az6': 50, 'c7g.8xlarge_use1-az1': 50, 'c7g.8xlarge_use1-az2': 50, 'c7g.8xlarge_use1-az4': 50, 'c7g.8xlarge_use1-az5': 50, 'c7g.8xlarge_use1-az6': 50, 'c7g.large_use1-az1': 5, 'c7g.large_use1-az2': 45, 'c7g.large_use1-az4': 30, 'c7g.large_use1-az5': 10, 'c7g.large_use1-az6': 30, 'c7g.xlarge_use1-az1': 50, 'c7g.xlarge_use1-az2': 50, 'c7g.xlarge_use1-az4': 50, 'c7g.xlarge_use1-az5': 50, 'c7g.xlarge_use1-az6': 50, 'c7gd.12xlarge_use1-az1': 5, 'c7gd.12xlarge_use1-az2': 30, 'c7gd.12xlarge_use1-az4': 15, 'c7gd.12xlarge_use1-az5': 15, 'c7gd.12xlarge_use1-az6': 50, 'c7gd.16xlarge_use1-az1': 5, 'c7gd.16xlarge_use1-az2': 30, 'c7gd.16xlarge_use1-az4': 40, 'c7gd.16xlarge_use1-az5': 1, 'c7gd.16xlarge_use1-az6': 50, 'c7gd.2xlarge_use1-az1': 15, 'c7gd.2xlarge_use1-az2': 50, 'c7gd.2xlarge_use1-az4': 50, 'c7gd.2xlarge_use1-az5': 5, 'c7gd.2xlarge_use1-az6': 50, 'c7gd.4xlarge_use1-az1': 30, 'c7gd.4xlarge_use1-az2': 25, 'c7gd.4xlarge_use1-az4': 50, 'c7gd.4xlarge_use1-az5': 1, 'c7gd.4xlarge_use1-az6': 50, 'c7gd.8xlarge_use1-az1': 5, 'c7gd.8xlarge_use1-az2': 15, 'c7gd.8xlarge_use1-az4': 10, 'c7gd.8xlarge_use1-az5': 5, 'c7gd.8xlarge_use1-az6': 20, 'c7gd.large_use1-az1': 1, 'c7gd.large_use1-az2': 25, 'c7gd.large_use1-az4': 5, 'c7gd.large_use1-az5': 10, 'c7gd.large_use1-az6': 20, 'c7gd.xlarge_use1-az1': 15, 'c7gd.xlarge_use1-az2': 50, 'c7gd.xlarge_use1-az4': 5, 'c7gd.xlarge_use1-az5': 15, 'c7gd.xlarge_use1-az6': 25, 'c7gn.12xlarge_use1-az2': 1, 'c7gn.12xlarge_use1-az5': 1, 'c7gn.12xlarge_use1-az6': 1, 'c7gn.16xlarge_use1-az2': 5, 'c7gn.16xlarge_use1-az5': 5, 'c7gn.16xlarge_use1-az6': 20, 'c7gn.2xlarge_use1-az1': 1, 'c7gn.2xlarge_use1-az2': 1, 'c7gn.2xlarge_use1-az5': 1, 'c7gn.2xlarge_use1-az6': 5, 'c7gn.4xlarge_use1-az2': 50, 'c7gn.4xlarge_use1-az4': 1, 'c7gn.4xlarge_use1-az5': 1, 'c7gn.4xlarge_use1-az6': 50, 'c7gn.8xlarge_use1-az2': 1, 'c7gn.8xlarge_use1-az5': 1, 'c7gn.8xlarge_use1-az6': 5, 'c7gn.large_use1-az1': 1, 'c7gn.large_use1-az2': 10, 'c7gn.large_use1-az5': 10, 'c7gn.large_use1-az6': 10, 'c7gn.xlarge_use1-az1': 1, 'c7gn.xlarge_use1-az2': 5, 'c7gn.xlarge_use1-az5': 5, 'c7gn.xlarge_use1-az6': 5, 'c7i-flex.2xlarge_use1-az1': 50, 'c7i-flex.2xlarge_use1-az2': 50, 'c7i-flex.2xlarge_use1-az4': 50, 'c7i-flex.2xlarge_use1-az5': 15, 'c7i-flex.2xlarge_use1-az6': 50, 'c7i-flex.4xlarge_use1-az1': 1, 'c7i-flex.4xlarge_use1-az2': 1, 'c7i-flex.4xlarge_use1-az4': 1, 'c7i-flex.4xlarge_use1-az6': 5, 'c7i-flex.8xlarge_use1-az1': 1, 'c7i-flex.8xlarge_use1-az2': 1, 'c7i-flex.8xlarge_use1-az4': 1, 'c7i-flex.8xlarge_use1-az6': 5, 'c7i-flex.large_use1-az1': 40, 'c7i-flex.large_use1-az2': 50, 'c7i-flex.large_use1-az4': 10, 'c7i-flex.large_use1-az5': 1, 'c7i-flex.large_use1-az6': 50, 'c7i-flex.xlarge_use1-az1': 50, 'c7i-flex.xlarge_use1-az2': 50, 'c7i-flex.xlarge_use1-az4': 50, 'c7i-flex.xlarge_use1-az5': 5, 'c7i-flex.xlarge_use1-az6': 50, 'c7i.12xlarge_use1-az1': 5, 'c7i.12xlarge_use1-az2': 15, 'c7i.12xlarge_use1-az4': 15, 'c7i.12xlarge_use1-az6': 5, 'c7i.16xlarge_use1-az1': 1, 'c7i.16xlarge_use1-az2': 5, 'c7i.16xlarge_use1-az4': 1, 'c7i.16xlarge_use1-az6': 15, 'c7i.24xlarge_use1-az1': 5, 'c7i.24xlarge_use1-az2': 5, 'c7i.24xlarge_use1-az4': 5, 'c7i.24xlarge_use1-az5': 1, 'c7i.24xlarge_use1-az6': 15, 'c7i.2xlarge_use1-az1': 10, 'c7i.2xlarge_use1-az2': 10, 'c7i.2xlarge_use1-az4': 10, 'c7i.2xlarge_use1-az5': 5, 'c7i.2xlarge_use1-az6': 25, 'c7i.48xlarge_use1-az1': 10, 'c7i.48xlarge_use1-az2': 10, 'c7i.48xlarge_use1-az4': 5, 'c7i.48xlarge_use1-az5': 1, 'c7i.48xlarge_use1-az6': 50, 'c7i.4xlarge_use1-az1': 5, 'c7i.4xlarge_use1-az2': 5, 'c7i.4xlarge_use1-az4': 5, 'c7i.4xlarge_use1-az5': 1, 'c7i.4xlarge_use1-az6': 15, 'c7i.8xlarge_use1-az1': 1, 'c7i.8xlarge_use1-az2': 5, 'c7i.8xlarge_use1-az4': 5, 'c7i.8xlarge_use1-az6': 10, 'c7i.large_use1-az1': 45, 'c7i.large_use1-az2': 50, 'c7i.large_use1-az4': 50, 'c7i.large_use1-az5': 5, 'c7i.large_use1-az6': 50, 'c7i.xlarge_use1-az1': 5, 'c7i.xlarge_use1-az2': 10, 'c7i.xlarge_use1-az4': 5, 'c7i.xlarge_use1-az5': 1, 'c7i.xlarge_use1-az6': 5, 'c8g.12xlarge_use1-az1': 1, 'c8g.12xlarge_use1-az2': 5, 'c8g.12xlarge_use1-az4': 1, 'c8g.12xlarge_use1-az6': 25, 'c8g.16xlarge_use1-az1': 10, 'c8g.16xlarge_use1-az2': 5, 'c8g.16xlarge_use1-az4': 1, 'c8g.16xlarge_use1-az6': 50, 'c8g.24xlarge_use1-az1': 5, 'c8g.24xlarge_use1-az2': 10, 'c8g.24xlarge_use1-az4': 1, 'c8g.24xlarge_use1-az6': 25, 'c8g.2xlarge_use1-az1': 5, 'c8g.2xlarge_use1-az2': 5, 'c8g.2xlarge_use1-az4': 50, 'c8g.2xlarge_use1-az5': 1, 'c8g.2xlarge_use1-az6': 50, 'c8g.48xlarge_use1-az1': 1, 'c8g.48xlarge_use1-az2': 5, 'c8g.48xlarge_use1-az6': 50, 'c8g.4xlarge_use1-az1': 35, 'c8g.4xlarge_use1-az2': 15, 'c8g.4xlarge_use1-az4': 20, 'c8g.4xlarge_use1-az5': 10, 'c8g.4xlarge_use1-az6': 50, 'c8g.8xlarge_use1-az1': 1, 'c8g.8xlarge_use1-az2': 5, 'c8g.8xlarge_use1-az4': 5, 'c8g.8xlarge_use1-az6': 50, 'c8g.large_use1-az1': 5, 'c8g.large_use1-az2': 20, 'c8g.large_use1-az4': 5, 'c8g.large_use1-az5': 1, 'c8g.large_use1-az6': 40, 'c8g.metal-24xl_use1-az2': 1, 'c8g.metal-24xl_use1-az6': 20, 'c8g.metal-48xl_use1-az1': 1, 'c8g.metal-48xl_use1-az2': 1, 'c8g.metal-48xl_use1-az6': 50, 'c8g.xlarge_use1-az1': 5, 'c8g.xlarge_use1-az2': 30, 'c8g.xlarge_use1-az4': 5, 'c8g.xlarge_use1-az5': 1, 'c8g.xlarge_use1-az6': 50, 'c8gd.12xlarge_use1-az2': 5, 'c8gd.12xlarge_use1-az4': 5, 'c8gd.12xlarge_use1-az5': 1, 'c8gd.12xlarge_use1-az6': 5, 'c8gd.16xlarge_use1-az2': 10, 'c8gd.16xlarge_use1-az4': 10, 'c8gd.16xlarge_use1-az5': 5, 'c8gd.16xlarge_use1-az6': 50, 'c8gd.24xlarge_use1-az2': 1, 'c8gd.24xlarge_use1-az4': 5, 'c8gd.24xlarge_use1-az5': 1, 'c8gd.24xlarge_use1-az6': 5, 'c8gd.2xlarge_use1-az2': 50, 'c8gd.2xlarge_use1-az4': 50, 'c8gd.2xlarge_use1-az5': 10, 'c8gd.2xlarge_use1-az6': 50, 'c8gd.48xlarge_use1-az2': 1, 'c8gd.48xlarge_use1-az6': 15, 'c8gd.4xlarge_use1-az2': 10, 'c8gd.4xlarge_use1-az4': 30, 'c8gd.4xlarge_use1-az5': 1, 'c8gd.4xlarge_use1-az6': 50, 'c8gd.8xlarge_use1-az2': 1, 'c8gd.8xlarge_use1-az4': 1, 'c8gd.8xlarge_use1-az5': 1, 'c8gd.8xlarge_use1-az6': 5, 'c8gd.large_use1-az1': 1, 'c8gd.large_use1-az2': 40, 'c8gd.large_use1-az4': 35, 'c8gd.large_use1-az6': 50, 'c8gd.metal-24xl_use1-az2': 1, 'c8gd.metal-24xl_use1-az4': 1, 'c8gd.metal-24xl_use1-az5': 1, 'c8gd.metal-24xl_use1-az6': 5, 'c8gd.metal-48xl_use1-az2': 1, 'c8gd.metal-48xl_use1-az6': 1, 'c8gd.xlarge_use1-az1': 1, 'c8gd.xlarge_use1-az2': 20, 'c8gd.xlarge_use1-az4': 20, 'c8gd.xlarge_use1-az5': 15, 'c8gd.xlarge_use1-az6': 50, 'c8gn.2xlarge_use1-az2': 1, 'c8gn.2xlarge_use1-az4': 1, 'c8gn.2xlarge_use1-az6': 1, 'c8gn.4xlarge_use1-az2': 1, 'c8gn.4xlarge_use1-az5': 1, 'c8gn.8xlarge_use1-az2': 1, 'c8gn.8xlarge_use1-az6': 1, 'c8gn.large_use1-az6': 1, 'c8i-flex.12xlarge_use1-az6': 1, 'c8i-flex.16xlarge_use1-az6': 1, 'c8i-flex.2xlarge_use1-az2': 25, 'c8i-flex.2xlarge_use1-az4': 15, 'c8i-flex.2xlarge_use1-az6': 50, 'c8i-flex.4xlarge_use1-az2': 5, 'c8i-flex.4xlarge_use1-az4': 1, 'c8i-flex.4xlarge_use1-az6': 5, 'c8i-flex.8xlarge_use1-az6': 1, 'c8i-flex.large_use1-az4': 20, 'c8i-flex.xlarge_use1-az2': 40, 'c8i-flex.xlarge_use1-az4': 5, 'c8i-flex.xlarge_use1-az6': 50, 'c8i.12xlarge_use1-az2': 1, 'c8i.12xlarge_use1-az4': 1, 'c8i.12xlarge_use1-az6': 1, 'c8i.16xlarge_use1-az6': 1, 'c8i.24xlarge_use1-az6': 1, 'c8i.2xlarge_use1-az2': 10, 'c8i.2xlarge_use1-az4': 5, 'c8i.2xlarge_use1-az6': 20, 'c8i.32xlarge_use1-az2': 1, 'c8i.32xlarge_use1-az4': 1, 'c8i.32xlarge_use1-az6': 5, 'c8i.48xlarge_use1-az2': 1, 'c8i.48xlarge_use1-az6': 1, 'c8i.4xlarge_use1-az2': 5, 'c8i.4xlarge_use1-az4': 5, 'c8i.4xlarge_use1-az6': 5, 'c8i.8xlarge_use1-az2': 1, 'c8i.8xlarge_use1-az4': 1, 'c8i.8xlarge_use1-az6': 5, 'c8i.96xlarge_use1-az2': 1, 'c8i.96xlarge_use1-az6': 5, 'c8i.metal-48xl_use1-az2': 1, 'c8i.metal-96xl_use1-az2': 1, 'c8i.metal-96xl_use1-az6': 5, 'c8i.xlarge_use1-az2': 50, 'c8i.xlarge_use1-az4': 15, 'c8i.xlarge_use1-az6': 50, 'd2.2xlarge_use1-az1': 1, 'd2.2xlarge_use1-az6': 1, 'd2.4xlarge_use1-az2': 1, 'd2.4xlarge_use1-az6': 1, 'd2.xlarge_use1-az6': 1, 'd3.2xlarge_use1-az1': 15, 'd3.2xlarge_use1-az2': 45, 'd3.2xlarge_use1-az4': 40, 'd3.2xlarge_use1-az6': 35, 'd3.4xlarge_use1-az1': 1, 'd3.4xlarge_use1-az2': 5, 'd3.4xlarge_use1-az4': 15, 'd3.4xlarge_use1-az6': 5, 'd3.8xlarge_use1-az1': 1, 'd3.8xlarge_use1-az2': 40, 'd3.8xlarge_use1-az4': 35, 'd3.8xlarge_use1-az6': 20, 'd3.xlarge_use1-az1': 10, 'd3.xlarge_use1-az2': 50, 'd3.xlarge_use1-az4': 45, 'd3.xlarge_use1-az6': 25, 'd3en.12xlarge_use1-az1': 1, 'd3en.12xlarge_use1-az2': 10, 'd3en.12xlarge_use1-az4': 20, 'd3en.12xlarge_use1-az6': 50, 'd3en.2xlarge_use1-az1': 5, 'd3en.2xlarge_use1-az2': 25, 'd3en.2xlarge_use1-az4': 15, 'd3en.2xlarge_use1-az6': 50, 'd3en.4xlarge_use1-az2': 5, 'd3en.4xlarge_use1-az4': 10, 'd3en.4xlarge_use1-az6': 50, 'd3en.6xlarge_use1-az1': 1, 'd3en.6xlarge_use1-az2': 5, 'd3en.6xlarge_use1-az4': 15, 'd3en.6xlarge_use1-az6': 50, 'd3en.8xlarge_use1-az1': 1, 'd3en.8xlarge_use1-az2': 15, 'd3en.8xlarge_use1-az4': 5, 'd3en.8xlarge_use1-az6': 50, 'd3en.xlarge_use1-az1': 5, 'd3en.xlarge_use1-az2': 50, 'd3en.xlarge_use1-az4': 30, 'd3en.xlarge_use1-az6': 50, 'f2.12xlarge_use1-az2': 1, 'f2.12xlarge_use1-az4': 1, 'f2.12xlarge_use1-az6': 1, 'f2.48xlarge_use1-az2': 5, 'f2.48xlarge_use1-az4': 5, 'f2.48xlarge_use1-az6': 1, 'g4ad.16xlarge_use1-az1': 5, 'g4ad.16xlarge_use1-az2': 5, 'g4ad.16xlarge_use1-az4': 5, 'g4ad.16xlarge_use1-az6': 10, 'g4ad.2xlarge_use1-az1': 5, 'g4ad.2xlarge_use1-az2': 10, 'g4ad.2xlarge_use1-az4': 10, 'g4ad.2xlarge_use1-az6': 10, 'g4ad.4xlarge_use1-az1': 10, 'g4ad.4xlarge_use1-az2': 15, 'g4ad.4xlarge_use1-az4': 15, 'g4ad.4xlarge_use1-az6': 5, 'g4ad.8xlarge_use1-az1': 1, 'g4ad.8xlarge_use1-az2': 5, 'g4ad.8xlarge_use1-az4': 5, 'g4ad.8xlarge_use1-az6': 5, 'g4ad.xlarge_use1-az1': 20, 'g4ad.xlarge_use1-az2': 20, 'g4ad.xlarge_use1-az4': 25, 'g4ad.xlarge_use1-az6': 20, 'g4dn.12xlarge_use1-az1': 5, 'g4dn.12xlarge_use1-az2': 15, 'g4dn.12xlarge_use1-az4': 15, 'g4dn.12xlarge_use1-az5': 15, 'g4dn.12xlarge_use1-az6': 50, 'g4dn.16xlarge_use1-az1': 1, 'g4dn.16xlarge_use1-az2': 10, 'g4dn.16xlarge_use1-az4': 1, 'g4dn.16xlarge_use1-az5': 5, 'g4dn.16xlarge_use1-az6': 15, 'g4dn.2xlarge_use1-az1': 45, 'g4dn.2xlarge_use1-az2': 50, 'g4dn.2xlarge_use1-az4': 50, 'g4dn.2xlarge_use1-az5': 50, 'g4dn.2xlarge_use1-az6': 50, 'g4dn.4xlarge_use1-az1': 5, 'g4dn.4xlarge_use1-az2': 40, 'g4dn.4xlarge_use1-az4': 25, 'g4dn.4xlarge_use1-az5': 40, 'g4dn.4xlarge_use1-az6': 40, 'g4dn.8xlarge_use1-az1': 1, 'g4dn.8xlarge_use1-az2': 1, 'g4dn.8xlarge_use1-az4': 10, 'g4dn.8xlarge_use1-az5': 1, 'g4dn.8xlarge_use1-az6': 5, 'g4dn.xlarge_use1-az1': 50, 'g4dn.xlarge_use1-az2': 50, 'g4dn.xlarge_use1-az4': 50, 'g4dn.xlarge_use1-az5': 50, 'g4dn.xlarge_use1-az6': 50, 'g5.12xlarge_use1-az2': 1, 'g5.12xlarge_use1-az5': 10, 'g5.12xlarge_use1-az6': 5, 'g5.16xlarge_use1-az1': 1, 'g5.16xlarge_use1-az2': 1, 'g5.16xlarge_use1-az4': 5, 'g5.16xlarge_use1-az5': 5, 'g5.16xlarge_use1-az6': 10, 'g5.24xlarge_use1-az1': 1, 'g5.24xlarge_use1-az2': 1, 'g5.24xlarge_use1-az4': 1, 'g5.24xlarge_use1-az5': 1, 'g5.24xlarge_use1-az6': 5, 'g5.2xlarge_use1-az1': 25, 'g5.2xlarge_use1-az4': 15, 'g5.2xlarge_use1-az5': 50, 'g5.2xlarge_use1-az6': 45, 'g5.48xlarge_use1-az2': 1, 'g5.48xlarge_use1-az5': 5, 'g5.48xlarge_use1-az6': 25, 'g5.4xlarge_use1-az1': 1, 'g5.4xlarge_use1-az2': 50, 'g5.4xlarge_use1-az4': 50, 'g5.4xlarge_use1-az5': 40, 'g5.4xlarge_use1-az6': 50, 'g5.8xlarge_use1-az1': 1, 'g5.8xlarge_use1-az2': 5, 'g5.8xlarge_use1-az4': 10, 'g5.8xlarge_use1-az5': 20, 'g5.8xlarge_use1-az6': 10, 'g5g.16xlarge_use1-az1': 1, 'g5g.16xlarge_use1-az6': 5, 'g5g.4xlarge_use1-az6': 1, 'g5g.8xlarge_use1-az1': 1, 'g5g.8xlarge_use1-az4': 1, 'g5g.8xlarge_use1-az6': 1, 'g6.12xlarge_use1-az1': 5, 'g6.12xlarge_use1-az2': 1, 'g6.12xlarge_use1-az4': 30, 'g6.12xlarge_use1-az6': 50, 'g6.16xlarge_use1-az1': 1, 'g6.16xlarge_use1-az2': 1, 'g6.16xlarge_use1-az4': 1, 'g6.16xlarge_use1-az6': 5, 'g6.24xlarge_use1-az2': 1, 'g6.24xlarge_use1-az4': 1, 'g6.24xlarge_use1-az6': 1, 'g6.2xlarge_use1-az1': 10, 'g6.2xlarge_use1-az2': 25, 'g6.2xlarge_use1-az4': 50, 'g6.2xlarge_use1-az6': 50, 'g6.48xlarge_use1-az2': 5, 'g6.48xlarge_use1-az4': 30, 'g6.48xlarge_use1-az6': 50, 'g6.4xlarge_use1-az1': 5, 'g6.4xlarge_use1-az2': 10, 'g6.4xlarge_use1-az4': 35, 'g6.4xlarge_use1-az6': 50, 'g6.8xlarge_use1-az1': 5, 'g6.8xlarge_use1-az2': 5, 'g6.8xlarge_use1-az4': 10, 'g6.8xlarge_use1-az6': 15, 'g6e.16xlarge_use1-az1': 10, 'g6e.16xlarge_use1-az2': 15, 'g6e.16xlarge_use1-az4': 40, 'g6e.16xlarge_use1-az6': 20, 'g6e.2xlarge_use1-az2': 1, 'g6e.2xlarge_use1-az4': 10, 'g6e.2xlarge_use1-az6': 5, 'g6e.48xlarge_use1-az4': 5, 'g6e.48xlarge_use1-az6': 1, 'g6e.4xlarge_use1-az1': 1, 'g6e.4xlarge_use1-az4': 5, 'g6e.4xlarge_use1-az6': 1, 'g6e.8xlarge_use1-az1': 1, 'g6e.8xlarge_use1-az2': 1, 'g6e.8xlarge_use1-az4': 1, 'g6e.8xlarge_use1-az6': 1, 'g6f.2xlarge_use1-az1': 1, 'g6f.2xlarge_use1-az4': 1, 'g6f.2xlarge_use1-az6': 5, 'g6f.4xlarge_use1-az1': 1, 'g6f.4xlarge_use1-az4': 1, 'g6f.4xlarge_use1-az6': 1, 'g6f.large_use1-az1': 10, 'g6f.large_use1-az2': 15, 'g6f.large_use1-az4': 40, 'g6f.large_use1-az6': 20, 'g6f.xlarge_use1-az1': 1, 'g6f.xlarge_use1-az2': 1, 'g6f.xlarge_use1-az4': 5, 'g6f.xlarge_use1-az6': 10, 'gr6.4xlarge_use1-az2': 1, 'gr6.4xlarge_use1-az4': 1, 'gr6.4xlarge_use1-az6': 1, 'gr6.8xlarge_use1-az1': 1, 'gr6.8xlarge_use1-az2': 1, 'gr6.8xlarge_use1-az4': 1, 'gr6.8xlarge_use1-az6': 1, 'i2.2xlarge_use1-az2': 10, 'i2.2xlarge_use1-az3': 5, 'i2.2xlarge_use1-az6': 5, 'i2.4xlarge_use1-az1': 1, 'i2.4xlarge_use1-az2': 10, 'i2.4xlarge_use1-az3': 1, 'i2.4xlarge_use1-az4': 10, 'i2.4xlarge_use1-az6': 5, 'i2.8xlarge_use1-az3': 1, 'i2.xlarge_use1-az1': 1, 'i2.xlarge_use1-az2': 15, 'i2.xlarge_use1-az3': 1, 'i2.xlarge_use1-az4': 20, 'i2.xlarge_use1-az6': 15, 'i3.16xlarge_use1-az1': 20, 'i3.16xlarge_use1-az2': 50, 'i3.16xlarge_use1-az3': 10, 'i3.16xlarge_use1-az4': 50, 'i3.16xlarge_use1-az5': 10, 'i3.16xlarge_use1-az6': 45, 'i3.2xlarge_use1-az1': 50, 'i3.2xlarge_use1-az2': 50, 'i3.2xlarge_use1-az3': 50, 'i3.2xlarge_use1-az4': 50, 'i3.2xlarge_use1-az5': 50, 'i3.2xlarge_use1-az6': 50, 'i3.4xlarge_use1-az1': 50, 'i3.4xlarge_use1-az2': 50, 'i3.4xlarge_use1-az3': 50, 'i3.4xlarge_use1-az4': 50, 'i3.4xlarge_use1-az5': 50, 'i3.4xlarge_use1-az6': 50, 'i3.8xlarge_use1-az1': 50, 'i3.8xlarge_use1-az2': 50, 'i3.8xlarge_use1-az3': 50, 'i3.8xlarge_use1-az4': 50, 'i3.8xlarge_use1-az5': 25, 'i3.8xlarge_use1-az6': 50, 'i3.large_use1-az1': 50, 'i3.large_use1-az2': 50, 'i3.large_use1-az3': 50, 'i3.large_use1-az4': 50, 'i3.large_use1-az5': 50, 'i3.large_use1-az6': 50, 'i3.xlarge_use1-az1': 50, 'i3.xlarge_use1-az2': 50, 'i3.xlarge_use1-az3': 50, 'i3.xlarge_use1-az4': 50, 'i3.xlarge_use1-az5': 50, 'i3.xlarge_use1-az6': 50, 'i3en.12xlarge_use1-az1': 1, 'i3en.12xlarge_use1-az2': 1, 'i3en.12xlarge_use1-az6': 50, 'i3en.24xlarge_use1-az6': 20, 'i3en.2xlarge_use1-az1': 50, 'i3en.2xlarge_use1-az2': 50, 'i3en.2xlarge_use1-az4': 30, 'i3en.2xlarge_use1-az5': 50, 'i3en.2xlarge_use1-az6': 50, 'i3en.3xlarge_use1-az1': 50, 'i3en.3xlarge_use1-az2': 50, 'i3en.3xlarge_use1-az4': 50, 'i3en.3xlarge_use1-az5': 50, 'i3en.3xlarge_use1-az6': 50, 'i3en.6xlarge_use1-az1': 10, 'i3en.6xlarge_use1-az2': 20, 'i3en.6xlarge_use1-az4': 10, 'i3en.6xlarge_use1-az6': 50, 'i3en.large_use1-az1': 50, 'i3en.large_use1-az2': 50, 'i3en.large_use1-az4': 45, 'i3en.large_use1-az5': 35, 'i3en.large_use1-az6': 50, 'i3en.xlarge_use1-az1': 50, 'i3en.xlarge_use1-az2': 50, 'i3en.xlarge_use1-az4': 50, 'i3en.xlarge_use1-az5': 50, 'i3en.xlarge_use1-az6': 50, 'i4g.16xlarge_use1-az2': 1, 'i4g.16xlarge_use1-az4': 1, 'i4g.16xlarge_use1-az5': 50, 'i4g.16xlarge_use1-az6': 50, 'i4g.2xlarge_use1-az2': 10, 'i4g.2xlarge_use1-az4': 15, 'i4g.2xlarge_use1-az5': 40, 'i4g.2xlarge_use1-az6': 50, 'i4g.4xlarge_use1-az2': 25, 'i4g.4xlarge_use1-az4': 30, 'i4g.4xlarge_use1-az5': 50, 'i4g.4xlarge_use1-az6': 50, 'i4g.8xlarge_use1-az5': 45, 'i4g.8xlarge_use1-az6': 15, 'i4g.large_use1-az1': 5, 'i4g.large_use1-az2': 5, 'i4g.large_use1-az4': 5, 'i4g.large_use1-az5': 25, 'i4g.large_use1-az6': 50, 'i4g.xlarge_use1-az2': 10, 'i4g.xlarge_use1-az4': 1, 'i4g.xlarge_use1-az5': 50, 'i4g.xlarge_use1-az6': 50, 'i4i.12xlarge_use1-az2': 5, 'i4i.16xlarge_use1-az1': 1, 'i4i.16xlarge_use1-az2': 1, 'i4i.16xlarge_use1-az4': 1, 'i4i.16xlarge_use1-az6': 1, 'i4i.24xlarge_use1-az2': 1, 'i4i.2xlarge_use1-az1': 15, 'i4i.2xlarge_use1-az2': 50, 'i4i.2xlarge_use1-az4': 50, 'i4i.2xlarge_use1-az5': 1, 'i4i.2xlarge_use1-az6': 50, 'i4i.4xlarge_use1-az1': 1, 'i4i.4xlarge_use1-az2': 35, 'i4i.4xlarge_use1-az4': 1, 'i4i.4xlarge_use1-az6': 15, 'i4i.8xlarge_use1-az1': 1, 'i4i.8xlarge_use1-az2': 40, 'i4i.8xlarge_use1-az6': 5, 'i4i.large_use1-az1': 50, 'i4i.large_use1-az2': 50, 'i4i.large_use1-az4': 50, 'i4i.large_use1-az5': 50, 'i4i.large_use1-az6': 50, 'i4i.xlarge_use1-az1': 50, 'i4i.xlarge_use1-az2': 50, 'i4i.xlarge_use1-az4': 50, 'i4i.xlarge_use1-az5': 50, 'i4i.xlarge_use1-az6': 50, 'i7i.12xlarge_use1-az1': 1, 'i7i.12xlarge_use1-az2': 1, 'i7i.12xlarge_use1-az4': 1, 'i7i.12xlarge_use1-az5': 1, 'i7i.12xlarge_use1-az6': 1, 'i7i.16xlarge_use1-az2': 1, 'i7i.16xlarge_use1-az4': 5, 'i7i.16xlarge_use1-az5': 1, 'i7i.16xlarge_use1-az6': 1, 'i7i.24xlarge_use1-az2': 1, 'i7i.24xlarge_use1-az4': 1, 'i7i.24xlarge_use1-az5': 1, 'i7i.24xlarge_use1-az6': 1, 'i7i.2xlarge_use1-az1': 1, 'i7i.2xlarge_use1-az2': 50, 'i7i.2xlarge_use1-az4': 45, 'i7i.2xlarge_use1-az5': 20, 'i7i.2xlarge_use1-az6': 10, 'i7i.48xlarge_use1-az2': 1, 'i7i.4xlarge_use1-az1': 1, 'i7i.4xlarge_use1-az2': 15, 'i7i.4xlarge_use1-az4': 20, 'i7i.4xlarge_use1-az5': 5, 'i7i.4xlarge_use1-az6': 20, 'i7i.8xlarge_use1-az1': 1, 'i7i.8xlarge_use1-az2': 1, 'i7i.8xlarge_use1-az4': 5, 'i7i.8xlarge_use1-az5': 1, 'i7i.8xlarge_use1-az6': 1, 'i7i.metal-24xl_use1-az2': 1, 'i7i.metal-24xl_use1-az4': 50, 'i7i.metal-24xl_use1-az6': 35, 'i7i.xlarge_use1-az1': 1, 'i7i.xlarge_use1-az6': 20, 'i7ie.12xlarge_use1-az1': 1, 'i7ie.12xlarge_use1-az4': 1, 'i7ie.12xlarge_use1-az6': 30, 'i7ie.18xlarge_use1-az4': 1, 'i7ie.18xlarge_use1-az6': 20, 'i7ie.24xlarge_use1-az1': 1, 'i7ie.24xlarge_use1-az2': 1, 'i7ie.24xlarge_use1-az4': 1, 'i7ie.24xlarge_use1-az6': 50, 'i7ie.2xlarge_use1-az1': 5, 'i7ie.2xlarge_use1-az2': 1, 'i7ie.2xlarge_use1-az4': 15, 'i7ie.2xlarge_use1-az6': 35, 'i7ie.3xlarge_use1-az1': 5, 'i7ie.3xlarge_use1-az2': 1, 'i7ie.3xlarge_use1-az4': 5, 'i7ie.3xlarge_use1-az6': 30, 'i7ie.48xlarge_use1-az6': 50, 'i7ie.6xlarge_use1-az1': 25, 'i7ie.6xlarge_use1-az4': 20, 'i7ie.6xlarge_use1-az6': 50, 'i7ie.large_use1-az1': 45, 'i7ie.large_use1-az2': 15, 'i7ie.large_use1-az4': 50, 'i7ie.large_use1-az6': 50, 'i7ie.metal-24xl_use1-az4': 1, 'i7ie.metal-24xl_use1-az6': 15, 'i7ie.metal-48xl_use1-az6': 10, 'i7ie.xlarge_use1-az1': 10, 'i7ie.xlarge_use1-az2': 25, 'i7ie.xlarge_use1-az4': 45, 'i7ie.xlarge_use1-az6': 50, 'i8g.12xlarge_use1-az6': 1, 'i8g.24xlarge_use1-az6': 10, 'i8g.2xlarge_use1-az2': 1, 'i8g.4xlarge_use1-az2': 1, 'i8g.8xlarge_use1-az6': 5, 'i8g.large_use1-az2': 10, 'i8g.large_use1-az6': 5, 'i8g.xlarge_use1-az2': 1, 'i8g.xlarge_use1-az4': 1, 'i8g.xlarge_use1-az6': 1, 'i8ge.12xlarge_use1-az4': 1, 'i8ge.12xlarge_use1-az6': 5, 'i8ge.18xlarge_use1-az2': 1, 'i8ge.18xlarge_use1-az4': 1, 'i8ge.18xlarge_use1-az6': 5, 'i8ge.24xlarge_use1-az4': 1, 'i8ge.24xlarge_use1-az6': 5, 'i8ge.2xlarge_use1-az4': 10, 'i8ge.3xlarge_use1-az2': 1, 'i8ge.3xlarge_use1-az4': 5, 'i8ge.48xlarge_use1-az4': 5, 'i8ge.6xlarge_use1-az2': 1, 'i8ge.6xlarge_use1-az4': 1, 'i8ge.large_use1-az2': 5, 'i8ge.large_use1-az4': 50, 'i8ge.metal-24xl_use1-az4': 1, 'i8ge.metal-48xl_use1-az6': 1, 'i8ge.xlarge_use1-az4': 20, 'im4gn.16xlarge_use1-az4': 45, 'im4gn.2xlarge_use1-az1': 10, 'im4gn.2xlarge_use1-az4': 20, 'im4gn.2xlarge_use1-az6': 15, 'im4gn.4xlarge_use1-az1': 5, 'im4gn.4xlarge_use1-az4': 15, 'im4gn.8xlarge_use1-az1': 1, 'im4gn.8xlarge_use1-az4': 5, 'im4gn.large_use1-az1': 35, 'im4gn.large_use1-az2': 10, 'im4gn.large_use1-az4': 50, 'im4gn.large_use1-az6': 10, 'im4gn.xlarge_use1-az1': 25, 'im4gn.xlarge_use1-az2': 50, 'im4gn.xlarge_use1-az4': 30, 'im4gn.xlarge_use1-az6': 40, 'inf1.24xlarge_use1-az1': 1, 'inf1.24xlarge_use1-az2': 1, 'inf1.24xlarge_use1-az4': 10, 'inf1.24xlarge_use1-az5': 5, 'inf1.24xlarge_use1-az6': 20, 'inf1.2xlarge_use1-az1': 15, 'inf1.2xlarge_use1-az2': 15, 'inf1.2xlarge_use1-az4': 30, 'inf1.2xlarge_use1-az5': 40, 'inf1.2xlarge_use1-az6': 40, 'inf1.6xlarge_use1-az1': 1, 'inf1.6xlarge_use1-az2': 1, 'inf1.6xlarge_use1-az4': 5, 'inf1.6xlarge_use1-az5': 5, 'inf1.6xlarge_use1-az6': 10, 'inf1.xlarge_use1-az1': 50, 'inf1.xlarge_use1-az2': 50, 'inf1.xlarge_use1-az4': 40, 'inf1.xlarge_use1-az5': 50, 'inf1.xlarge_use1-az6': 50, 'inf2.24xlarge_use1-az4': 1, 'inf2.24xlarge_use1-az6': 10, 'inf2.48xlarge_use1-az6': 15, 'inf2.8xlarge_use1-az2': 5, 'inf2.8xlarge_use1-az4': 5, 'inf2.8xlarge_use1-az5': 1, 'inf2.8xlarge_use1-az6': 1, 'inf2.xlarge_use1-az2': 5, 'inf2.xlarge_use1-az4': 1, 'inf2.xlarge_use1-az6': 50, 'is4gen.2xlarge_use1-az1': 1, 'is4gen.2xlarge_use1-az2': 50, 'is4gen.2xlarge_use1-az4': 50, 'is4gen.2xlarge_use1-az6': 50, 'is4gen.8xlarge_use1-az1': 1, 'is4gen.8xlarge_use1-az4': 1, 'is4gen.large_use1-az1': 5, 'is4gen.medium_use1-az1': 50, 'is4gen.medium_use1-az2': 25, 'is4gen.medium_use1-az4': 40, 'is4gen.medium_use1-az6': 30, 'is4gen.xlarge_use1-az2': 1, 'is4gen.xlarge_use1-az4': 15, 'm1.large_use1-az2': 25, 'm1.large_use1-az6': 15, 'm1.xlarge_use1-az2': 10, 'm1.xlarge_use1-az4': 10, 'm1.xlarge_use1-az6': 10, 'm2.2xlarge_use1-az1': 5, 'm2.2xlarge_use1-az2': 10, 'm2.2xlarge_use1-az4': 15, 'm2.2xlarge_use1-az6': 5, 'm2.4xlarge_use1-az1': 1, 'm2.4xlarge_use1-az2': 5, 'm2.4xlarge_use1-az4': 5, 'm2.4xlarge_use1-az6': 5, 'm2.xlarge_use1-az1': 5, 'm2.xlarge_use1-az2': 20, 'm2.xlarge_use1-az4': 20, 'm2.xlarge_use1-az6': 15, 'm3.2xlarge_use1-az2': 25, 'm3.2xlarge_use1-az3': 1, 'm3.2xlarge_use1-az4': 40, 'm3.2xlarge_use1-az6': 45, 'm3.large_use1-az2': 50, 'm3.large_use1-az3': 1, 'm3.large_use1-az4': 50, 'm3.large_use1-az6': 50, 'm3.xlarge_use1-az2': 50, 'm3.xlarge_use1-az3': 1, 'm3.xlarge_use1-az4': 50, 'm3.xlarge_use1-az6': 50, 'm4.10xlarge_use1-az1': 5, 'm4.10xlarge_use1-az2': 10, 'm4.10xlarge_use1-az3': 1, 'm4.10xlarge_use1-az4': 50, 'm4.10xlarge_use1-az5': 1, 'm4.10xlarge_use1-az6': 50, 'm4.2xlarge_use1-az1': 5, 'm4.2xlarge_use1-az2': 20, 'm4.2xlarge_use1-az3': 50, 'm4.2xlarge_use1-az4': 20, 'm4.2xlarge_use1-az5': 1, 'm4.2xlarge_use1-az6': 25, 'm4.4xlarge_use1-az1': 50, 'm4.4xlarge_use1-az2': 50, 'm4.4xlarge_use1-az3': 50, 'm4.4xlarge_use1-az4': 25, 'm4.4xlarge_use1-az5': 10, 'm4.4xlarge_use1-az6': 15, 'm4.large_use1-az1': 30, 'm4.large_use1-az2': 50, 'm4.large_use1-az3': 25, 'm4.large_use1-az4': 50, 'm4.large_use1-az5': 10, 'm4.large_use1-az6': 50, 'm4.xlarge_use1-az1': 15, 'm4.xlarge_use1-az2': 50, 'm4.xlarge_use1-az3': 50, 'm4.xlarge_use1-az4': 50, 'm4.xlarge_use1-az5': 30, 'm4.xlarge_use1-az6': 50, 'm5.12xlarge_use1-az1': 5, 'm5.12xlarge_use1-az2': 25, 'm5.12xlarge_use1-az4': 50, 'm5.12xlarge_use1-az5': 1, 'm5.12xlarge_use1-az6': 40, 'm5.16xlarge_use1-az1': 10, 'm5.16xlarge_use1-az2': 50, 'm5.16xlarge_use1-az4': 50, 'm5.16xlarge_use1-az5': 1, 'm5.16xlarge_use1-az6': 50, 'm5.24xlarge_use1-az1': 5, 'm5.24xlarge_use1-az2': 5, 'm5.24xlarge_use1-az4': 5, 'm5.24xlarge_use1-az5': 1, 'm5.24xlarge_use1-az6': 35, 'm5.2xlarge_use1-az1': 50, 'm5.2xlarge_use1-az2': 50, 'm5.2xlarge_use1-az4': 50, 'm5.2xlarge_use1-az5': 50, 'm5.2xlarge_use1-az6': 50, 'm5.4xlarge_use1-az1': 50, 'm5.4xlarge_use1-az2': 50, 'm5.4xlarge_use1-az4': 50, 'm5.4xlarge_use1-az5': 10, 'm5.4xlarge_use1-az6': 50, 'm5.8xlarge_use1-az1': 50, 'm5.8xlarge_use1-az2': 40, 'm5.8xlarge_use1-az4': 50, 'm5.8xlarge_use1-az5': 1, 'm5.8xlarge_use1-az6': 50, 'm5.large_use1-az1': 50, 'm5.large_use1-az2': 50, 'm5.large_use1-az4': 50, 'm5.large_use1-az5': 50, 'm5.large_use1-az6': 50, 'm5.xlarge_use1-az1': 50, 'm5.xlarge_use1-az2': 50, 'm5.xlarge_use1-az4': 50, 'm5.xlarge_use1-az5': 50, 'm5.xlarge_use1-az6': 50, 'm5a.12xlarge_use1-az2': 1, 'm5a.12xlarge_use1-az4': 1, 'm5a.12xlarge_use1-az6': 1, 'm5a.16xlarge_use1-az2': 1, 'm5a.16xlarge_use1-az4': 1, 'm5a.16xlarge_use1-az6': 1, 'm5a.24xlarge_use1-az1': 1, 'm5a.24xlarge_use1-az2': 1, 'm5a.24xlarge_use1-az4': 1, 'm5a.24xlarge_use1-az5': 5, 'm5a.24xlarge_use1-az6': 5, 'm5a.2xlarge_use1-az1': 10, 'm5a.2xlarge_use1-az2': 25, 'm5a.2xlarge_use1-az4': 25, 'm5a.2xlarge_use1-az5': 5, 'm5a.2xlarge_use1-az6': 45, 'm5a.4xlarge_use1-az1': 5, 'm5a.4xlarge_use1-az2': 10, 'm5a.4xlarge_use1-az4': 5, 'm5a.4xlarge_use1-az5': 10, 'm5a.4xlarge_use1-az6': 15, 'm5a.8xlarge_use1-az1': 1, 'm5a.8xlarge_use1-az2': 20, 'm5a.8xlarge_use1-az4': 20, 'm5a.8xlarge_use1-az5': 1, 'm5a.8xlarge_use1-az6': 5, 'm5a.large_use1-az1': 50, 'm5a.large_use1-az2': 50, 'm5a.large_use1-az4': 50, 'm5a.large_use1-az5': 45, 'm5a.large_use1-az6': 50, 'm5a.xlarge_use1-az1': 10, 'm5a.xlarge_use1-az2': 30, 'm5a.xlarge_use1-az4': 10, 'm5a.xlarge_use1-az5': 20, 'm5a.xlarge_use1-az6': 50, 'm5ad.12xlarge_use1-az1': 1, 'm5ad.16xlarge_use1-az1': 1, 'm5ad.16xlarge_use1-az2': 1, 'm5ad.16xlarge_use1-az4': 1, 'm5ad.16xlarge_use1-az6': 1, 'm5ad.24xlarge_use1-az1': 5, 'm5ad.24xlarge_use1-az2': 1, 'm5ad.24xlarge_use1-az4': 1, 'm5ad.24xlarge_use1-az6': 5, 'm5ad.2xlarge_use1-az1': 1, 'm5ad.2xlarge_use1-az2': 1, 'm5ad.2xlarge_use1-az4': 5, 'm5ad.2xlarge_use1-az6': 1, 'm5ad.4xlarge_use1-az1': 1, 'm5ad.4xlarge_use1-az2': 1, 'm5ad.4xlarge_use1-az4': 1, 'm5ad.4xlarge_use1-az6': 1, 'm5ad.8xlarge_use1-az2': 1, 'm5ad.large_use1-az1': 10, 'm5ad.large_use1-az2': 5, 'm5ad.large_use1-az4': 10, 'm5ad.large_use1-az5': 1, 'm5ad.large_use1-az6': 10, 'm5ad.xlarge_use1-az1': 1, 'm5ad.xlarge_use1-az2': 10, 'm5ad.xlarge_use1-az4': 5, 'm5ad.xlarge_use1-az6': 5, 'm5d.12xlarge_use1-az1': 1, 'm5d.12xlarge_use1-az2': 25, 'm5d.12xlarge_use1-az4': 30, 'm5d.12xlarge_use1-az6': 15, 'm5d.16xlarge_use1-az1': 5, 'm5d.16xlarge_use1-az2': 35, 'm5d.16xlarge_use1-az4': 20, 'm5d.16xlarge_use1-az5': 1, 'm5d.16xlarge_use1-az6': 50, 'm5d.24xlarge_use1-az1': 20, 'm5d.24xlarge_use1-az2': 15, 'm5d.24xlarge_use1-az4': 5, 'm5d.24xlarge_use1-az5': 1, 'm5d.24xlarge_use1-az6': 50, 'm5d.2xlarge_use1-az1': 5, 'm5d.2xlarge_use1-az2': 25, 'm5d.2xlarge_use1-az4': 25, 'm5d.2xlarge_use1-az6': 30, 'm5d.4xlarge_use1-az1': 5, 'm5d.4xlarge_use1-az2': 15, 'm5d.4xlarge_use1-az4': 25, 'm5d.4xlarge_use1-az6': 25, 'm5d.8xlarge_use1-az1': 1, 'm5d.8xlarge_use1-az2': 25, 'm5d.8xlarge_use1-az4': 10, 'm5d.8xlarge_use1-az5': 1, 'm5d.8xlarge_use1-az6': 10, 'm5d.large_use1-az1': 5, 'm5d.large_use1-az2': 50, 'm5d.large_use1-az4': 50, 'm5d.large_use1-az6': 50, 'm5d.xlarge_use1-az1': 50, 'm5d.xlarge_use1-az2': 50, 'm5d.xlarge_use1-az4': 50, 'm5d.xlarge_use1-az5': 1, 'm5d.xlarge_use1-az6': 50, 'm5dn.12xlarge_use1-az1': 1, 'm5dn.12xlarge_use1-az4': 1, 'm5dn.12xlarge_use1-az6': 1, 'm5dn.16xlarge_use1-az1': 1, 'm5dn.16xlarge_use1-az2': 5, 'm5dn.16xlarge_use1-az4': 1, 'm5dn.16xlarge_use1-az6': 1, 'm5dn.24xlarge_use1-az1': 1, 'm5dn.24xlarge_use1-az2': 1, 'm5dn.24xlarge_use1-az4': 1, 'm5dn.24xlarge_use1-az6': 5, 'm5dn.2xlarge_use1-az1': 10, 'm5dn.2xlarge_use1-az2': 5, 'm5dn.2xlarge_use1-az4': 5, 'm5dn.2xlarge_use1-az5': 1, 'm5dn.2xlarge_use1-az6': 15, 'm5dn.4xlarge_use1-az1': 5, 'm5dn.4xlarge_use1-az2': 5, 'm5dn.4xlarge_use1-az4': 1, 'm5dn.4xlarge_use1-az5': 1, 'm5dn.4xlarge_use1-az6': 5, 'm5dn.8xlarge_use1-az2': 1, 'm5dn.8xlarge_use1-az6': 1, 'm5dn.large_use1-az1': 35, 'm5dn.large_use1-az2': 30, 'm5dn.large_use1-az4': 40, 'm5dn.large_use1-az5': 15, 'm5dn.large_use1-az6': 50, 'm5dn.xlarge_use1-az1': 10, 'm5dn.xlarge_use1-az2': 25, 'm5dn.xlarge_use1-az4': 20, 'm5dn.xlarge_use1-az5': 1, 'm5dn.xlarge_use1-az6': 30, 'm5n.12xlarge_use1-az1': 1, 'm5n.12xlarge_use1-az2': 1, 'm5n.12xlarge_use1-az4': 1, 'm5n.12xlarge_use1-az5': 1, 'm5n.12xlarge_use1-az6': 1, 'm5n.16xlarge_use1-az2': 1, 'm5n.16xlarge_use1-az4': 1, 'm5n.16xlarge_use1-az6': 1, 'm5n.24xlarge_use1-az2': 1, 'm5n.24xlarge_use1-az4': 1, 'm5n.24xlarge_use1-az6': 1, 'm5n.2xlarge_use1-az1': 15, 'm5n.2xlarge_use1-az2': 25, 'm5n.2xlarge_use1-az4': 30, 'm5n.2xlarge_use1-az5': 5, 'm5n.2xlarge_use1-az6': 25, 'm5n.4xlarge_use1-az1': 25, 'm5n.4xlarge_use1-az2': 35, 'm5n.4xlarge_use1-az4': 50, 'm5n.4xlarge_use1-az5': 5, 'm5n.4xlarge_use1-az6': 10, 'm5n.8xlarge_use1-az1': 1, 'm5n.8xlarge_use1-az2': 1, 'm5n.8xlarge_use1-az4': 1, 'm5n.8xlarge_use1-az6': 5, 'm5n.large_use1-az1': 5, 'm5n.large_use1-az2': 15, 'm5n.large_use1-az4': 5, 'm5n.large_use1-az5': 5, 'm5n.large_use1-az6': 15, 'm5n.xlarge_use1-az1': 20, 'm5n.xlarge_use1-az2': 50, 'm5n.xlarge_use1-az4': 50, 'm5n.xlarge_use1-az5': 1, 'm5n.xlarge_use1-az6': 50, 'm5zn.12xlarge_use1-az2': 1, 'm5zn.12xlarge_use1-az4': 10, 'm5zn.12xlarge_use1-az5': 1, 'm5zn.12xlarge_use1-az6': 5, 'm5zn.2xlarge_use1-az1': 1, 'm5zn.2xlarge_use1-az2': 1, 'm5zn.2xlarge_use1-az4': 25, 'm5zn.2xlarge_use1-az5': 1, 'm5zn.2xlarge_use1-az6': 5, 'm5zn.3xlarge_use1-az1': 1, 'm5zn.3xlarge_use1-az2': 1, 'm5zn.3xlarge_use1-az4': 5, 'm5zn.3xlarge_use1-az6': 5, 'm5zn.6xlarge_use1-az4': 1, 'm5zn.6xlarge_use1-az6': 1, 'm5zn.large_use1-az1': 5, 'm5zn.large_use1-az2': 5, 'm5zn.large_use1-az4': 30, 'm5zn.large_use1-az5': 15, 'm5zn.large_use1-az6': 20, 'm5zn.xlarge_use1-az1': 1, 'm5zn.xlarge_use1-az2': 1, 'm5zn.xlarge_use1-az4': 20, 'm5zn.xlarge_use1-az5': 5, 'm5zn.xlarge_use1-az6': 5, 'm6a.12xlarge_use1-az1': 5, 'm6a.12xlarge_use1-az2': 5, 'm6a.12xlarge_use1-az4': 15, 'm6a.12xlarge_use1-az6': 10, 'm6a.16xlarge_use1-az1': 5, 'm6a.16xlarge_use1-az2': 5, 'm6a.16xlarge_use1-az4': 5, 'm6a.16xlarge_use1-az6': 5, 'm6a.24xlarge_use1-az1': 1, 'm6a.24xlarge_use1-az2': 1, 'm6a.24xlarge_use1-az4': 1, 'm6a.24xlarge_use1-az6': 1, 'm6a.2xlarge_use1-az1': 50, 'm6a.2xlarge_use1-az2': 35, 'm6a.2xlarge_use1-az4': 45, 'm6a.2xlarge_use1-az5': 15, 'm6a.2xlarge_use1-az6': 50, 'm6a.32xlarge_use1-az2': 1, 'm6a.32xlarge_use1-az4': 1, 'm6a.32xlarge_use1-az5': 1, 'm6a.32xlarge_use1-az6': 1, 'm6a.48xlarge_use1-az2': 1, 'm6a.48xlarge_use1-az4': 1, 'm6a.48xlarge_use1-az6': 1, 'm6a.4xlarge_use1-az1': 45, 'm6a.4xlarge_use1-az2': 40, 'm6a.4xlarge_use1-az4': 25, 'm6a.4xlarge_use1-az5': 5, 'm6a.4xlarge_use1-az6': 50, 'm6a.8xlarge_use1-az1': 25, 'm6a.8xlarge_use1-az2': 15, 'm6a.8xlarge_use1-az4': 50, 'm6a.8xlarge_use1-az5': 10, 'm6a.8xlarge_use1-az6': 50, 'm6a.large_use1-az1': 50, 'm6a.large_use1-az2': 50, 'm6a.large_use1-az4': 50, 'm6a.large_use1-az5': 30, 'm6a.large_use1-az6': 50, 'm6a.xlarge_use1-az1': 50, 'm6a.xlarge_use1-az2': 50, 'm6a.xlarge_use1-az4': 50, 'm6a.xlarge_use1-az5': 35, 'm6a.xlarge_use1-az6': 50, 'm6g.12xlarge_use1-az1': 1, 'm6g.12xlarge_use1-az2': 5, 'm6g.12xlarge_use1-az4': 50, 'm6g.12xlarge_use1-az6': 50, 'm6g.16xlarge_use1-az1': 1, 'm6g.16xlarge_use1-az2': 5, 'm6g.16xlarge_use1-az4': 25, 'm6g.16xlarge_use1-az6': 50, 'm6g.2xlarge_use1-az1': 15, 'm6g.2xlarge_use1-az2': 50, 'm6g.2xlarge_use1-az4': 50, 'm6g.2xlarge_use1-az5': 5, 'm6g.2xlarge_use1-az6': 50, 'm6g.4xlarge_use1-az1': 10, 'm6g.4xlarge_use1-az2': 50, 'm6g.4xlarge_use1-az4': 50, 'm6g.4xlarge_use1-az5': 10, 'm6g.4xlarge_use1-az6': 50, 'm6g.8xlarge_use1-az1': 5, 'm6g.8xlarge_use1-az2': 50, 'm6g.8xlarge_use1-az4': 50, 'm6g.8xlarge_use1-az6': 50, 'm6g.large_use1-az1': 1, 'm6g.large_use1-az2': 50, 'm6g.large_use1-az4': 50, 'm6g.large_use1-az5': 5, 'm6g.large_use1-az6': 50, 'm6g.medium_use1-az1': 5, 'm6g.medium_use1-az2': 5, 'm6g.medium_use1-az4': 10, 'm6g.medium_use1-az5': 1, 'm6g.medium_use1-az6': 15, 'm6g.xlarge_use1-az1': 50, 'm6g.xlarge_use1-az2': 50, 'm6g.xlarge_use1-az4': 50, 'm6g.xlarge_use1-az5': 50, 'm6g.xlarge_use1-az6': 50, 'm6gd.12xlarge_use1-az1': 10, 'm6gd.12xlarge_use1-az2': 40, 'm6gd.12xlarge_use1-az4': 20, 'm6gd.12xlarge_use1-az5': 5, 'm6gd.12xlarge_use1-az6': 50, 'm6gd.16xlarge_use1-az1': 5, 'm6gd.16xlarge_use1-az2': 10, 'm6gd.16xlarge_use1-az4': 10, 'm6gd.16xlarge_use1-az5': 10, 'm6gd.16xlarge_use1-az6': 35, 'm6gd.2xlarge_use1-az1': 1, 'm6gd.2xlarge_use1-az2': 50, 'm6gd.2xlarge_use1-az4': 45, 'm6gd.2xlarge_use1-az5': 1, 'm6gd.2xlarge_use1-az6': 5, 'm6gd.4xlarge_use1-az1': 1, 'm6gd.4xlarge_use1-az2': 5, 'm6gd.4xlarge_use1-az4': 5, 'm6gd.4xlarge_use1-az5': 1, 'm6gd.4xlarge_use1-az6': 15, 'm6gd.8xlarge_use1-az1': 5, 'm6gd.8xlarge_use1-az2': 10, 'm6gd.8xlarge_use1-az4': 15, 'm6gd.8xlarge_use1-az5': 1, 'm6gd.8xlarge_use1-az6': 20, 'm6gd.large_use1-az1': 1, 'm6gd.large_use1-az2': 5, 'm6gd.large_use1-az4': 5, 'm6gd.large_use1-az5': 1, 'm6gd.large_use1-az6': 15, 'm6gd.medium_use1-az1': 1, 'm6gd.medium_use1-az2': 1, 'm6gd.medium_use1-az4': 1, 'm6gd.medium_use1-az5': 5, 'm6gd.medium_use1-az6': 1, 'm6gd.xlarge_use1-az1': 1, 'm6gd.xlarge_use1-az2': 10, 'm6gd.xlarge_use1-az4': 35, 'm6gd.xlarge_use1-az5': 1, 'm6gd.xlarge_use1-az6': 15, 'm6i.12xlarge_use1-az1': 1, 'm6i.12xlarge_use1-az2': 10, 'm6i.12xlarge_use1-az4': 50, 'm6i.12xlarge_use1-az5': 1, 'm6i.12xlarge_use1-az6': 30, 'm6i.16xlarge_use1-az1': 1, 'm6i.16xlarge_use1-az2': 10, 'm6i.16xlarge_use1-az4': 5, 'm6i.16xlarge_use1-az5': 1, 'm6i.16xlarge_use1-az6': 10, 'm6i.24xlarge_use1-az2': 10, 'm6i.24xlarge_use1-az4': 5, 'm6i.24xlarge_use1-az5': 1, 'm6i.24xlarge_use1-az6': 50, 'm6i.2xlarge_use1-az1': 25, 'm6i.2xlarge_use1-az2': 50, 'm6i.2xlarge_use1-az4': 50, 'm6i.2xlarge_use1-az5': 25, 'm6i.2xlarge_use1-az6': 50, 'm6i.32xlarge_use1-az2': 1, 'm6i.32xlarge_use1-az4': 5, 'm6i.32xlarge_use1-az5': 1, 'm6i.32xlarge_use1-az6': 15, 'm6i.4xlarge_use1-az1': 15, 'm6i.4xlarge_use1-az2': 50, 'm6i.4xlarge_use1-az4': 50, 'm6i.4xlarge_use1-az5': 50, 'm6i.4xlarge_use1-az6': 50, 'm6i.8xlarge_use1-az1': 1, 'm6i.8xlarge_use1-az2': 50, 'm6i.8xlarge_use1-az4': 50, 'm6i.8xlarge_use1-az5': 20, 'm6i.8xlarge_use1-az6': 50, 'm6i.large_use1-az1': 25, 'm6i.large_use1-az2': 50, 'm6i.large_use1-az4': 50, 'm6i.large_use1-az5': 50, 'm6i.large_use1-az6': 50, 'm6i.xlarge_use1-az1': 45, 'm6i.xlarge_use1-az2': 50, 'm6i.xlarge_use1-az4': 50, 'm6i.xlarge_use1-az5': 25, 'm6i.xlarge_use1-az6': 50, 'm6id.12xlarge_use1-az1': 1, 'm6id.12xlarge_use1-az2': 1, 'm6id.12xlarge_use1-az4': 1, 'm6id.12xlarge_use1-az6': 1, 'm6id.16xlarge_use1-az1': 1, 'm6id.16xlarge_use1-az2': 1, 'm6id.16xlarge_use1-az4': 1, 'm6id.16xlarge_use1-az6': 1, 'm6id.24xlarge_use1-az1': 10, 'm6id.24xlarge_use1-az2': 15, 'm6id.24xlarge_use1-az4': 35, 'm6id.24xlarge_use1-az5': 5, 'm6id.24xlarge_use1-az6': 15, 'm6id.2xlarge_use1-az1': 5, 'm6id.2xlarge_use1-az2': 5, 'm6id.2xlarge_use1-az4': 5, 'm6id.2xlarge_use1-az5': 1, 'm6id.2xlarge_use1-az6': 5, 'm6id.32xlarge_use1-az1': 10, 'm6id.32xlarge_use1-az2': 15, 'm6id.32xlarge_use1-az4': 5, 'm6id.32xlarge_use1-az5': 1, 'm6id.32xlarge_use1-az6': 50, 'm6id.4xlarge_use1-az1': 15, 'm6id.4xlarge_use1-az2': 10, 'm6id.4xlarge_use1-az4': 5, 'm6id.4xlarge_use1-az5': 1, 'm6id.4xlarge_use1-az6': 10, 'm6id.8xlarge_use1-az1': 1, 'm6id.8xlarge_use1-az4': 5, 'm6id.8xlarge_use1-az5': 1, 'm6id.8xlarge_use1-az6': 1, 'm6id.large_use1-az1': 30, 'm6id.large_use1-az2': 35, 'm6id.large_use1-az4': 15, 'm6id.large_use1-az5': 5, 'm6id.large_use1-az6': 50, 'm6id.xlarge_use1-az1': 20, 'm6id.xlarge_use1-az2': 45, 'm6id.xlarge_use1-az4': 15, 'm6id.xlarge_use1-az5': 5, 'm6id.xlarge_use1-az6': 25, 'm6idn.12xlarge_use1-az2': 1, 'm6idn.16xlarge_use1-az4': 1, 'm6idn.24xlarge_use1-az1': 1, 'm6idn.24xlarge_use1-az2': 1, 'm6idn.24xlarge_use1-az4': 1, 'm6idn.2xlarge_use1-az1': 5, 'm6idn.2xlarge_use1-az2': 10, 'm6idn.2xlarge_use1-az4': 5, 'm6idn.2xlarge_use1-az5': 1, 'm6idn.2xlarge_use1-az6': 5, 'm6idn.32xlarge_use1-az2': 1, 'm6idn.4xlarge_use1-az1': 30, 'm6idn.4xlarge_use1-az2': 10, 'm6idn.4xlarge_use1-az4': 5, 'm6idn.4xlarge_use1-az5': 5, 'm6idn.4xlarge_use1-az6': 5, 'm6idn.large_use1-az1': 25, 'm6idn.large_use1-az2': 35, 'm6idn.large_use1-az4': 15, 'm6idn.large_use1-az5': 10, 'm6idn.large_use1-az6': 10, 'm6idn.xlarge_use1-az1': 15, 'm6idn.xlarge_use1-az2': 50, 'm6idn.xlarge_use1-az4': 20, 'm6idn.xlarge_use1-az5': 5, 'm6idn.xlarge_use1-az6': 10, 'm6in.12xlarge_use1-az4': 1, 'm6in.16xlarge_use1-az2': 1, 'm6in.16xlarge_use1-az4': 1, 'm6in.24xlarge_use1-az1': 1, 'm6in.24xlarge_use1-az2': 1, 'm6in.2xlarge_use1-az1': 10, 'm6in.2xlarge_use1-az2': 20, 'm6in.2xlarge_use1-az4': 10, 'm6in.2xlarge_use1-az5': 1, 'm6in.2xlarge_use1-az6': 5, 'm6in.4xlarge_use1-az1': 1, 'm6in.4xlarge_use1-az2': 1, 'm6in.4xlarge_use1-az5': 1, 'm6in.8xlarge_use1-az1': 1, 'm6in.8xlarge_use1-az2': 1, 'm6in.8xlarge_use1-az4': 1, 'm6in.large_use1-az1': 5, 'm6in.large_use1-az2': 10, 'm6in.large_use1-az4': 5, 'm6in.large_use1-az5': 1, 'm6in.large_use1-az6': 1, 'm6in.xlarge_use1-az1': 5, 'm6in.xlarge_use1-az2': 10, 'm6in.xlarge_use1-az4': 1, 'm7a.12xlarge_use1-az2': 1, 'm7a.12xlarge_use1-az6': 20, 'm7a.16xlarge_use1-az2': 1, 'm7a.16xlarge_use1-az6': 40, 'm7a.24xlarge_use1-az2': 1, 'm7a.24xlarge_use1-az6': 50, 'm7a.2xlarge_use1-az1': 5, 'm7a.2xlarge_use1-az2': 15, 'm7a.2xlarge_use1-az4': 10, 'm7a.2xlarge_use1-az6': 50, 'm7a.32xlarge_use1-az6': 20, 'm7a.48xlarge_use1-az6': 40, 'm7a.4xlarge_use1-az1': 10, 'm7a.4xlarge_use1-az2': 5, 'm7a.4xlarge_use1-az4': 10, 'm7a.4xlarge_use1-az6': 25, 'm7a.8xlarge_use1-az1': 1, 'm7a.8xlarge_use1-az2': 5, 'm7a.8xlarge_use1-az4': 1, 'm7a.8xlarge_use1-az6': 50, 'm7a.large_use1-az1': 15, 'm7a.large_use1-az2': 50, 'm7a.large_use1-az4': 50, 'm7a.large_use1-az5': 5, 'm7a.large_use1-az6': 50, 'm7a.medium_use1-az1': 10, 'm7a.medium_use1-az2': 50, 'm7a.medium_use1-az4': 50, 'm7a.medium_use1-az6': 50, 'm7a.xlarge_use1-az1': 5, 'm7a.xlarge_use1-az2': 40, 'm7a.xlarge_use1-az4': 50, 'm7a.xlarge_use1-az6': 50, 'm7g.12xlarge_use1-az1': 1, 'm7g.12xlarge_use1-az2': 10, 'm7g.12xlarge_use1-az4': 45, 'm7g.12xlarge_use1-az5': 1, 'm7g.12xlarge_use1-az6': 50, 'm7g.16xlarge_use1-az1': 1, 'm7g.16xlarge_use1-az2': 30, 'm7g.16xlarge_use1-az4': 35, 'm7g.16xlarge_use1-az5': 1, 'm7g.16xlarge_use1-az6': 50, 'm7g.2xlarge_use1-az1': 35, 'm7g.2xlarge_use1-az2': 50, 'm7g.2xlarge_use1-az4': 50, 'm7g.2xlarge_use1-az5': 15, 'm7g.2xlarge_use1-az6': 50, 'm7g.4xlarge_use1-az1': 10, 'm7g.4xlarge_use1-az2': 30, 'm7g.4xlarge_use1-az4': 50, 'm7g.4xlarge_use1-az5': 10, 'm7g.4xlarge_use1-az6': 50, 'm7g.8xlarge_use1-az1': 1, 'm7g.8xlarge_use1-az2': 15, 'm7g.8xlarge_use1-az4': 40, 'm7g.8xlarge_use1-az5': 1, 'm7g.8xlarge_use1-az6': 50, 'm7g.large_use1-az1': 10, 'm7g.large_use1-az2': 50, 'm7g.large_use1-az4': 50, 'm7g.large_use1-az5': 30, 'm7g.large_use1-az6': 50, 'm7g.medium_use1-az1': 30, 'm7g.medium_use1-az2': 40, 'm7g.medium_use1-az4': 50, 'm7g.medium_use1-az5': 35, 'm7g.medium_use1-az6': 50, 'm7g.metal_use1-az1': 1, 'm7g.metal_use1-az2': 25, 'm7g.metal_use1-az4': 10, 'm7g.metal_use1-az5': 1, 'm7g.metal_use1-az6': 50, 'm7g.xlarge_use1-az1': 50, 'm7g.xlarge_use1-az2': 50, 'm7g.xlarge_use1-az4': 50, 'm7g.xlarge_use1-az5': 50, 'm7g.xlarge_use1-az6': 50, 'm7gd.12xlarge_use1-az1': 5, 'm7gd.12xlarge_use1-az2': 10, 'm7gd.12xlarge_use1-az4': 1, 'm7gd.12xlarge_use1-az6': 35, 'm7gd.16xlarge_use1-az1': 1, 'm7gd.16xlarge_use1-az2': 30, 'm7gd.16xlarge_use1-az4': 1, 'm7gd.16xlarge_use1-az6': 40, 'm7gd.2xlarge_use1-az1': 15, 'm7gd.2xlarge_use1-az2': 50, 'm7gd.2xlarge_use1-az4': 15, 'm7gd.2xlarge_use1-az6': 25, 'm7gd.4xlarge_use1-az1': 5, 'm7gd.4xlarge_use1-az2': 10, 'm7gd.4xlarge_use1-az4': 1, 'm7gd.4xlarge_use1-az6': 40, 'm7gd.8xlarge_use1-az1': 10, 'm7gd.8xlarge_use1-az2': 50, 'm7gd.8xlarge_use1-az4': 30, 'm7gd.8xlarge_use1-az5': 45, 'm7gd.8xlarge_use1-az6': 50, 'm7gd.large_use1-az1': 5, 'm7gd.large_use1-az2': 50, 'm7gd.large_use1-az4': 5, 'm7gd.large_use1-az6': 50, 'm7gd.medium_use1-az1': 15, 'm7gd.medium_use1-az2': 20, 'm7gd.medium_use1-az4': 15, 'm7gd.medium_use1-az5': 20, 'm7gd.medium_use1-az6': 25, 'm7gd.metal_use1-az1': 5, 'm7gd.metal_use1-az2': 15, 'm7gd.metal_use1-az4': 1, 'm7gd.metal_use1-az6': 15, 'm7gd.xlarge_use1-az1': 5, 'm7gd.xlarge_use1-az2': 10, 'm7gd.xlarge_use1-az4': 10, 'm7gd.xlarge_use1-az5': 1, 'm7gd.xlarge_use1-az6': 25, 'm7i-flex.2xlarge_use1-az1': 50, 'm7i-flex.2xlarge_use1-az2': 50, 'm7i-flex.2xlarge_use1-az4': 15, 'm7i-flex.2xlarge_use1-az5': 10, 'm7i-flex.2xlarge_use1-az6': 50, 'm7i-flex.4xlarge_use1-az2': 5, 'm7i-flex.4xlarge_use1-az4': 5, 'm7i-flex.4xlarge_use1-az6': 25, 'm7i-flex.8xlarge_use1-az1': 1, 'm7i-flex.8xlarge_use1-az2': 5, 'm7i-flex.8xlarge_use1-az4': 5, 'm7i-flex.8xlarge_use1-az5': 1, 'm7i-flex.8xlarge_use1-az6': 10, 'm7i-flex.large_use1-az1': 20, 'm7i-flex.large_use1-az2': 50, 'm7i-flex.large_use1-az4': 25, 'm7i-flex.large_use1-az5': 25, 'm7i-flex.large_use1-az6': 50, 'm7i-flex.xlarge_use1-az1': 50, 'm7i-flex.xlarge_use1-az2': 50, 'm7i-flex.xlarge_use1-az4': 50, 'm7i-flex.xlarge_use1-az5': 15, 'm7i-flex.xlarge_use1-az6': 50, 'm7i.12xlarge_use1-az1': 1, 'm7i.12xlarge_use1-az2': 5, 'm7i.12xlarge_use1-az4': 15, 'm7i.12xlarge_use1-az6': 50, 'm7i.16xlarge_use1-az1': 5, 'm7i.16xlarge_use1-az2': 10, 'm7i.16xlarge_use1-az4': 10, 'm7i.16xlarge_use1-az6': 50, 'm7i.24xlarge_use1-az2': 5, 'm7i.24xlarge_use1-az4': 5, 'm7i.24xlarge_use1-az6': 50, 'm7i.2xlarge_use1-az1': 1, 'm7i.2xlarge_use1-az2': 50, 'm7i.2xlarge_use1-az4': 50, 'm7i.2xlarge_use1-az6': 50, 'm7i.48xlarge_use1-az1': 1, 'm7i.48xlarge_use1-az2': 5, 'm7i.48xlarge_use1-az4': 20, 'm7i.48xlarge_use1-az6': 50, 'm7i.4xlarge_use1-az1': 1, 'm7i.4xlarge_use1-az2': 25, 'm7i.4xlarge_use1-az4': 10, 'm7i.4xlarge_use1-az6': 50, 'm7i.8xlarge_use1-az1': 40, 'm7i.8xlarge_use1-az2': 20, 'm7i.8xlarge_use1-az4': 50, 'm7i.8xlarge_use1-az6': 50, 'm7i.large_use1-az1': 50, 'm7i.large_use1-az2': 50, 'm7i.large_use1-az4': 50, 'm7i.large_use1-az5': 1, 'm7i.large_use1-az6': 50, 'm7i.xlarge_use1-az1': 30, 'm7i.xlarge_use1-az2': 35, 'm7i.xlarge_use1-az4': 50, 'm7i.xlarge_use1-az6': 50, 'm8g.12xlarge_use1-az2': 10, 'm8g.12xlarge_use1-az4': 10, 'm8g.12xlarge_use1-az5': 1, 'm8g.12xlarge_use1-az6': 35, 'm8g.16xlarge_use1-az2': 5, 'm8g.16xlarge_use1-az4': 5, 'm8g.16xlarge_use1-az5': 5, 'm8g.16xlarge_use1-az6': 45, 'm8g.24xlarge_use1-az2': 5, 'm8g.24xlarge_use1-az4': 1, 'm8g.24xlarge_use1-az5': 1, 'm8g.24xlarge_use1-az6': 25, 'm8g.2xlarge_use1-az4': 10, 'm8g.2xlarge_use1-az5': 10, 'm8g.48xlarge_use1-az2': 5, 'm8g.48xlarge_use1-az4': 5, 'm8g.48xlarge_use1-az6': 20, 'm8g.4xlarge_use1-az2': 5, 'm8g.4xlarge_use1-az4': 5, 'm8g.4xlarge_use1-az5': 1, 'm8g.4xlarge_use1-az6': 40, 'm8g.8xlarge_use1-az2': 10, 'm8g.8xlarge_use1-az4': 20, 'm8g.8xlarge_use1-az5': 1, 'm8g.8xlarge_use1-az6': 40, 'm8g.large_use1-az1': 1, 'm8g.large_use1-az2': 20, 'm8g.large_use1-az6': 45, 'm8g.medium_use1-az1': 1, 'm8g.medium_use1-az2': 15, 'm8g.metal-48xl_use1-az2': 5, 'm8g.metal-48xl_use1-az6': 25, 'm8g.xlarge_use1-az1': 1, 'm8g.xlarge_use1-az5': 15, 'm8g.xlarge_use1-az6': 50, 'm8gd.16xlarge_use1-az5': 1, 'm8gd.4xlarge_use1-az2': 5, 'm8gd.4xlarge_use1-az4': 1, 'm8gd.4xlarge_use1-az6': 1, 'm8gd.8xlarge_use1-az5': 1, 'm8gd.8xlarge_use1-az6': 5, 'm8gd.large_use1-az1': 20, 'm8gd.large_use1-az2': 15, 'm8gd.large_use1-az5': 1, 'm8gd.large_use1-az6': 1, 'm8gd.medium_use1-az6': 1, 'm8gd.metal-24xl_use1-az2': 1, 'm8gd.xlarge_use1-az1': 1, 'm8gd.xlarge_use1-az5': 1, 'm8i-flex.16xlarge_use1-az6': 5, 'm8i-flex.2xlarge_use1-az2': 10, 'm8i-flex.2xlarge_use1-az4': 1, 'm8i-flex.2xlarge_use1-az6': 50, 'm8i-flex.4xlarge_use1-az2': 1, 'm8i-flex.4xlarge_use1-az4': 1, 'm8i-flex.4xlarge_use1-az6': 5, 'm8i-flex.8xlarge_use1-az6': 1, 'm8i-flex.large_use1-az2': 5, 'm8i-flex.xlarge_use1-az2': 10, 'm8i-flex.xlarge_use1-az4': 25, 'm8i-flex.xlarge_use1-az6': 50, 'm8i.12xlarge_use1-az6': 1, 'm8i.16xlarge_use1-az4': 1, 'm8i.16xlarge_use1-az6': 1, 'm8i.24xlarge_use1-az6': 1, 'm8i.2xlarge_use1-az2': 10, 'm8i.2xlarge_use1-az4': 1, 'm8i.2xlarge_use1-az6': 10, 'm8i.32xlarge_use1-az2': 1, 'm8i.32xlarge_use1-az6': 5, 'm8i.48xlarge_use1-az2': 1, 'm8i.48xlarge_use1-az6': 5, 'm8i.4xlarge_use1-az2': 5, 'm8i.4xlarge_use1-az4': 1, 'm8i.4xlarge_use1-az6': 5, 'm8i.8xlarge_use1-az2': 1, 'm8i.8xlarge_use1-az4': 1, 'm8i.8xlarge_use1-az6': 20, 'm8i.96xlarge_use1-az6': 1, 'm8i.large_use1-az4': 25, 'm8i.metal-48xl_use1-az6': 1, 'm8i.metal-96xl_use1-az6': 1, 'm8i.xlarge_use1-az2': 30, 'm8i.xlarge_use1-az4': 10, 'p3.2xlarge_use1-az1': 50, 'p3.2xlarge_use1-az2': 50, 'p3.2xlarge_use1-az5': 50, 'p3.2xlarge_use1-az6': 50, 'p3dn.24xlarge_use1-az6': 50, 'r3.2xlarge_use1-az2': 1, 'r3.2xlarge_use1-az4': 1, 'r3.2xlarge_use1-az6': 1, 'r3.4xlarge_use1-az4': 1, 'r3.4xlarge_use1-az6': 1, 'r3.8xlarge_use1-az2': 1, 'r3.8xlarge_use1-az4': 1, 'r3.8xlarge_use1-az6': 5, 'r3.large_use1-az2': 50, 'r3.large_use1-az4': 50, 'r3.large_use1-az6': 50, 'r3.xlarge_use1-az2': 40, 'r3.xlarge_use1-az4': 50, 'r3.xlarge_use1-az6': 50, 'r4.16xlarge_use1-az1': 10, 'r4.16xlarge_use1-az2': 10, 'r4.16xlarge_use1-az3': 50, 'r4.16xlarge_use1-az4': 35, 'r4.16xlarge_use1-az5': 15, 'r4.16xlarge_use1-az6': 10, 'r4.2xlarge_use1-az1': 20, 'r4.2xlarge_use1-az2': 50, 'r4.2xlarge_use1-az3': 50, 'r4.2xlarge_use1-az4': 50, 'r4.2xlarge_use1-az5': 5, 'r4.2xlarge_use1-az6': 50, 'r4.4xlarge_use1-az1': 20, 'r4.4xlarge_use1-az2': 50, 'r4.4xlarge_use1-az3': 40, 'r4.4xlarge_use1-az4': 15, 'r4.4xlarge_use1-az5': 5, 'r4.4xlarge_use1-az6': 50, 'r4.8xlarge_use1-az1': 50, 'r4.8xlarge_use1-az2': 50, 'r4.8xlarge_use1-az3': 25, 'r4.8xlarge_use1-az4': 50, 'r4.8xlarge_use1-az5': 5, 'r4.8xlarge_use1-az6': 50, 'r4.large_use1-az1': 35, 'r4.large_use1-az2': 50, 'r4.large_use1-az3': 10, 'r4.large_use1-az4': 50, 'r4.large_use1-az5': 20, 'r4.large_use1-az6': 50, 'r4.xlarge_use1-az1': 50, 'r4.xlarge_use1-az2': 50, 'r4.xlarge_use1-az3': 50, 'r4.xlarge_use1-az4': 50, 'r4.xlarge_use1-az5': 30, 'r4.xlarge_use1-az6': 50, 'r5.12xlarge_use1-az1': 5, 'r5.12xlarge_use1-az2': 5, 'r5.12xlarge_use1-az4': 50, 'r5.12xlarge_use1-az5': 5, 'r5.12xlarge_use1-az6': 5, 'r5.16xlarge_use1-az1': 5, 'r5.16xlarge_use1-az4': 35, 'r5.16xlarge_use1-az5': 30, 'r5.16xlarge_use1-az6': 5, 'r5.24xlarge_use1-az4': 15, 'r5.24xlarge_use1-az5': 5, 'r5.24xlarge_use1-az6': 5, 'r5.2xlarge_use1-az1': 50, 'r5.2xlarge_use1-az2': 50, 'r5.2xlarge_use1-az4': 50, 'r5.2xlarge_use1-az5': 5, 'r5.2xlarge_use1-az6': 50, 'r5.4xlarge_use1-az1': 50, 'r5.4xlarge_use1-az2': 50, 'r5.4xlarge_use1-az4': 50, 'r5.4xlarge_use1-az5': 5, 'r5.4xlarge_use1-az6': 50, 'r5.8xlarge_use1-az1': 50, 'r5.8xlarge_use1-az2': 50, 'r5.8xlarge_use1-az4': 50, 'r5.8xlarge_use1-az5': 5, 'r5.8xlarge_use1-az6': 5, 'r5.large_use1-az1': 50, 'r5.large_use1-az2': 50, 'r5.large_use1-az4': 50, 'r5.large_use1-az5': 50, 'r5.large_use1-az6': 50, 'r5.xlarge_use1-az1': 50, 'r5.xlarge_use1-az2': 50, 'r5.xlarge_use1-az4': 50, 'r5.xlarge_use1-az5': 50, 'r5.xlarge_use1-az6': 50, 'r5a.12xlarge_use1-az1': 1, 'r5a.12xlarge_use1-az2': 1, 'r5a.12xlarge_use1-az4': 5, 'r5a.12xlarge_use1-az6': 5, 'r5a.16xlarge_use1-az1': 10, 'r5a.16xlarge_use1-az2': 10, 'r5a.16xlarge_use1-az4': 10, 'r5a.16xlarge_use1-az5': 5, 'r5a.16xlarge_use1-az6': 5, 'r5a.24xlarge_use1-az1': 5, 'r5a.24xlarge_use1-az2': 15, 'r5a.24xlarge_use1-az4': 10, 'r5a.24xlarge_use1-az5': 1, 'r5a.24xlarge_use1-az6': 10, 'r5a.2xlarge_use1-az1': 10, 'r5a.2xlarge_use1-az2': 20, 'r5a.2xlarge_use1-az4': 35, 'r5a.2xlarge_use1-az5': 5, 'r5a.2xlarge_use1-az6': 30, 'r5a.4xlarge_use1-az1': 25, 'r5a.4xlarge_use1-az2': 50, 'r5a.4xlarge_use1-az4': 50, 'r5a.4xlarge_use1-az5': 5, 'r5a.4xlarge_use1-az6': 50, 'r5a.8xlarge_use1-az1': 25, 'r5a.8xlarge_use1-az2': 10, 'r5a.8xlarge_use1-az4': 15, 'r5a.8xlarge_use1-az5': 30, 'r5a.8xlarge_use1-az6': 20, 'r5a.large_use1-az1': 50, 'r5a.large_use1-az2': 50, 'r5a.large_use1-az4': 50, 'r5a.large_use1-az5': 25, 'r5a.large_use1-az6': 50, 'r5a.xlarge_use1-az1': 20, 'r5a.xlarge_use1-az2': 50, 'r5a.xlarge_use1-az4': 50, 'r5a.xlarge_use1-az5': 5, 'r5a.xlarge_use1-az6': 50, 'r5ad.12xlarge_use1-az2': 1, 'r5ad.16xlarge_use1-az2': 50, 'r5ad.16xlarge_use1-az4': 10, 'r5ad.16xlarge_use1-az5': 1, 'r5ad.16xlarge_use1-az6': 10, 'r5ad.24xlarge_use1-az2': 25, 'r5ad.24xlarge_use1-az4': 1, 'r5ad.24xlarge_use1-az6': 10, 'r5ad.2xlarge_use1-az1': 1, 'r5ad.2xlarge_use1-az2': 1, 'r5ad.2xlarge_use1-az4': 1, 'r5ad.2xlarge_use1-az5': 1, 'r5ad.2xlarge_use1-az6': 1, 'r5ad.4xlarge_use1-az1': 1, 'r5ad.4xlarge_use1-az2': 10, 'r5ad.4xlarge_use1-az4': 5, 'r5ad.4xlarge_use1-az5': 1, 'r5ad.4xlarge_use1-az6': 1, 'r5ad.8xlarge_use1-az2': 5, 'r5ad.8xlarge_use1-az4': 20, 'r5ad.8xlarge_use1-az5': 1, 'r5ad.8xlarge_use1-az6': 10, 'r5ad.large_use1-az1': 1, 'r5ad.large_use1-az2': 30, 'r5ad.large_use1-az4': 10, 'r5ad.large_use1-az5': 5, 'r5ad.large_use1-az6': 10, 'r5ad.xlarge_use1-az1': 1, 'r5ad.xlarge_use1-az2': 10, 'r5ad.xlarge_use1-az4': 10, 'r5ad.xlarge_use1-az5': 1, 'r5ad.xlarge_use1-az6': 5, 'r5b.12xlarge_use1-az1': 5, 'r5b.12xlarge_use1-az4': 5, 'r5b.12xlarge_use1-az6': 1, 'r5b.16xlarge_use1-az1': 5, 'r5b.16xlarge_use1-az2': 5, 'r5b.16xlarge_use1-az4': 5, 'r5b.16xlarge_use1-az6': 5, 'r5b.24xlarge_use1-az1': 1, 'r5b.24xlarge_use1-az4': 5, 'r5b.24xlarge_use1-az6': 1, 'r5b.2xlarge_use1-az1': 1, 'r5b.2xlarge_use1-az2': 1, 'r5b.2xlarge_use1-az4': 1, 'r5b.2xlarge_use1-az6': 1, 'r5b.4xlarge_use1-az1': 5, 'r5b.4xlarge_use1-az2': 5, 'r5b.4xlarge_use1-az4': 5, 'r5b.4xlarge_use1-az6': 5, 'r5b.8xlarge_use1-az1': 5, 'r5b.8xlarge_use1-az2': 1, 'r5b.8xlarge_use1-az4': 1, 'r5b.8xlarge_use1-az6': 1, 'r5b.large_use1-az1': 1, 'r5b.large_use1-az2': 5, 'r5b.large_use1-az4': 10, 'r5b.large_use1-az6': 5, 'r5b.xlarge_use1-az1': 1, 'r5b.xlarge_use1-az2': 1, 'r5b.xlarge_use1-az4': 5, 'r5b.xlarge_use1-az6': 1, 'r5d.12xlarge_use1-az1': 1, 'r5d.12xlarge_use1-az2': 5, 'r5d.12xlarge_use1-az4': 10, 'r5d.12xlarge_use1-az6': 1, 'r5d.16xlarge_use1-az1': 5, 'r5d.16xlarge_use1-az2': 50, 'r5d.16xlarge_use1-az4': 50, 'r5d.16xlarge_use1-az5': 10, 'r5d.16xlarge_use1-az6': 50, 'r5d.24xlarge_use1-az1': 1, 'r5d.24xlarge_use1-az2': 1, 'r5d.24xlarge_use1-az4': 10, 'r5d.24xlarge_use1-az5': 1, 'r5d.24xlarge_use1-az6': 10, 'r5d.2xlarge_use1-az1': 5, 'r5d.2xlarge_use1-az2': 15, 'r5d.2xlarge_use1-az4': 15, 'r5d.2xlarge_use1-az5': 1, 'r5d.2xlarge_use1-az6': 15, 'r5d.4xlarge_use1-az1': 5, 'r5d.4xlarge_use1-az2': 20, 'r5d.4xlarge_use1-az4': 45, 'r5d.4xlarge_use1-az5': 5, 'r5d.4xlarge_use1-az6': 25, 'r5d.8xlarge_use1-az1': 5, 'r5d.8xlarge_use1-az2': 15, 'r5d.8xlarge_use1-az4': 15, 'r5d.8xlarge_use1-az5': 5, 'r5d.8xlarge_use1-az6': 50, 'r5d.large_use1-az1': 10, 'r5d.large_use1-az2': 50, 'r5d.large_use1-az4': 50, 'r5d.large_use1-az5': 5, 'r5d.large_use1-az6': 50, 'r5d.xlarge_use1-az1': 1, 'r5d.xlarge_use1-az2': 15, 'r5d.xlarge_use1-az4': 15, 'r5d.xlarge_use1-az5': 1, 'r5d.xlarge_use1-az6': 10, 'r5dn.12xlarge_use1-az1': 1, 'r5dn.12xlarge_use1-az2': 1, 'r5dn.12xlarge_use1-az4': 1, 'r5dn.12xlarge_use1-az5': 1, 'r5dn.12xlarge_use1-az6': 1, 'r5dn.16xlarge_use1-az1': 5, 'r5dn.16xlarge_use1-az2': 5, 'r5dn.16xlarge_use1-az4': 15, 'r5dn.16xlarge_use1-az5': 10, 'r5dn.16xlarge_use1-az6': 30, 'r5dn.24xlarge_use1-az2': 5, 'r5dn.24xlarge_use1-az4': 10, 'r5dn.24xlarge_use1-az5': 1, 'r5dn.24xlarge_use1-az6': 25, 'r5dn.2xlarge_use1-az1': 50, 'r5dn.2xlarge_use1-az2': 45, 'r5dn.2xlarge_use1-az4': 30, 'r5dn.2xlarge_use1-az5': 50, 'r5dn.2xlarge_use1-az6': 5, 'r5dn.4xlarge_use1-az1': 5, 'r5dn.4xlarge_use1-az2': 25, 'r5dn.4xlarge_use1-az4': 45, 'r5dn.4xlarge_use1-az5': 5, 'r5dn.4xlarge_use1-az6': 20, 'r5dn.8xlarge_use1-az1': 1, 'r5dn.8xlarge_use1-az2': 5, 'r5dn.8xlarge_use1-az4': 5, 'r5dn.8xlarge_use1-az5': 5, 'r5dn.8xlarge_use1-az6': 50, 'r5dn.large_use1-az1': 50, 'r5dn.large_use1-az2': 50, 'r5dn.large_use1-az4': 50, 'r5dn.large_use1-az5': 50, 'r5dn.large_use1-az6': 50, 'r5dn.xlarge_use1-az1': 5, 'r5dn.xlarge_use1-az2': 15, 'r5dn.xlarge_use1-az4': 15, 'r5dn.xlarge_use1-az5': 15, 'r5dn.xlarge_use1-az6': 15, 'r5n.12xlarge_use1-az2': 1, 'r5n.12xlarge_use1-az4': 1, 'r5n.12xlarge_use1-az6': 1, 'r5n.16xlarge_use1-az1': 1, 'r5n.16xlarge_use1-az2': 10, 'r5n.16xlarge_use1-az4': 35, 'r5n.16xlarge_use1-az5': 1, 'r5n.16xlarge_use1-az6': 20, 'r5n.2xlarge_use1-az1': 5, 'r5n.2xlarge_use1-az2': 5, 'r5n.2xlarge_use1-az4': 15, 'r5n.2xlarge_use1-az5': 1, 'r5n.2xlarge_use1-az6': 1, 'r5n.4xlarge_use1-az1': 5, 'r5n.4xlarge_use1-az2': 25, 'r5n.4xlarge_use1-az4': 15, 'r5n.4xlarge_use1-az5': 5, 'r5n.4xlarge_use1-az6': 35, 'r5n.8xlarge_use1-az1': 10, 'r5n.8xlarge_use1-az2': 20, 'r5n.8xlarge_use1-az4': 35, 'r5n.8xlarge_use1-az6': 15, 'r5n.large_use1-az1': 20, 'r5n.large_use1-az2': 50, 'r5n.large_use1-az4': 50, 'r5n.large_use1-az5': 10, 'r5n.large_use1-az6': 30, 'r5n.xlarge_use1-az1': 1, 'r5n.xlarge_use1-az2': 10, 'r5n.xlarge_use1-az4': 15, 'r5n.xlarge_use1-az5': 1, 'r5n.xlarge_use1-az6': 20, 'r6a.12xlarge_use1-az1': 1, 'r6a.12xlarge_use1-az2': 10, 'r6a.12xlarge_use1-az4': 5, 'r6a.12xlarge_use1-az6': 10, 'r6a.16xlarge_use1-az1': 5, 'r6a.16xlarge_use1-az2': 15, 'r6a.16xlarge_use1-az4': 30, 'r6a.16xlarge_use1-az5': 15, 'r6a.16xlarge_use1-az6': 40, 'r6a.24xlarge_use1-az2': 5, 'r6a.24xlarge_use1-az4': 1, 'r6a.24xlarge_use1-az5': 1, 'r6a.24xlarge_use1-az6': 5, 'r6a.2xlarge_use1-az1': 50, 'r6a.2xlarge_use1-az2': 50, 'r6a.2xlarge_use1-az4': 40, 'r6a.2xlarge_use1-az5': 1, 'r6a.2xlarge_use1-az6': 50, 'r6a.32xlarge_use1-az2': 5, 'r6a.32xlarge_use1-az4': 5, 'r6a.32xlarge_use1-az5': 5, 'r6a.32xlarge_use1-az6': 5, 'r6a.48xlarge_use1-az2': 5, 'r6a.48xlarge_use1-az4': 5, 'r6a.48xlarge_use1-az5': 5, 'r6a.48xlarge_use1-az6': 1, 'r6a.4xlarge_use1-az1': 50, 'r6a.4xlarge_use1-az2': 50, 'r6a.4xlarge_use1-az4': 50, 'r6a.4xlarge_use1-az5': 40, 'r6a.4xlarge_use1-az6': 50, 'r6a.8xlarge_use1-az1': 20, 'r6a.8xlarge_use1-az2': 50, 'r6a.8xlarge_use1-az4': 50, 'r6a.8xlarge_use1-az5': 50, 'r6a.8xlarge_use1-az6': 50, 'r6a.large_use1-az1': 50, 'r6a.large_use1-az2': 50, 'r6a.large_use1-az4': 50, 'r6a.large_use1-az5': 50, 'r6a.large_use1-az6': 50, 'r6a.xlarge_use1-az1': 50, 'r6a.xlarge_use1-az2': 50, 'r6a.xlarge_use1-az4': 50, 'r6a.xlarge_use1-az5': 50, 'r6a.xlarge_use1-az6': 50, 'r6g.12xlarge_use1-az2': 50, 'r6g.12xlarge_use1-az4': 45, 'r6g.12xlarge_use1-az5': 10, 'r6g.12xlarge_use1-az6': 50, 'r6g.16xlarge_use1-az1': 1, 'r6g.16xlarge_use1-az2': 50, 'r6g.16xlarge_use1-az4': 50, 'r6g.16xlarge_use1-az5': 50, 'r6g.16xlarge_use1-az6': 50, 'r6g.2xlarge_use1-az1': 1, 'r6g.2xlarge_use1-az2': 25, 'r6g.2xlarge_use1-az4': 40, 'r6g.2xlarge_use1-az5': 10, 'r6g.2xlarge_use1-az6': 50, 'r6g.4xlarge_use1-az1': 10, 'r6g.4xlarge_use1-az2': 50, 'r6g.4xlarge_use1-az4': 50, 'r6g.4xlarge_use1-az5': 50, 'r6g.4xlarge_use1-az6': 50, 'r6g.8xlarge_use1-az1': 1, 'r6g.8xlarge_use1-az2': 10, 'r6g.8xlarge_use1-az4': 50, 'r6g.8xlarge_use1-az5': 50, 'r6g.8xlarge_use1-az6': 50, 'r6g.large_use1-az1': 10, 'r6g.large_use1-az2': 40, 'r6g.large_use1-az4': 50, 'r6g.large_use1-az5': 5, 'r6g.large_use1-az6': 50, 'r6g.medium_use1-az1': 1, 'r6g.medium_use1-az2': 10, 'r6g.medium_use1-az4': 15, 'r6g.medium_use1-az5': 15, 'r6g.medium_use1-az6': 35, 'r6g.xlarge_use1-az1': 1, 'r6g.xlarge_use1-az2': 50, 'r6g.xlarge_use1-az4': 50, 'r6g.xlarge_use1-az5': 50, 'r6g.xlarge_use1-az6': 50, 'r6gd.12xlarge_use1-az1': 1, 'r6gd.12xlarge_use1-az2': 5, 'r6gd.12xlarge_use1-az4': 10, 'r6gd.12xlarge_use1-az5': 1, 'r6gd.12xlarge_use1-az6': 10, 'r6gd.16xlarge_use1-az1': 5, 'r6gd.16xlarge_use1-az2': 5, 'r6gd.16xlarge_use1-az4': 50, 'r6gd.16xlarge_use1-az5': 1, 'r6gd.16xlarge_use1-az6': 45, 'r6gd.2xlarge_use1-az1': 1, 'r6gd.2xlarge_use1-az2': 20, 'r6gd.2xlarge_use1-az4': 30, 'r6gd.2xlarge_use1-az5': 1, 'r6gd.2xlarge_use1-az6': 1, 'r6gd.4xlarge_use1-az1': 5, 'r6gd.4xlarge_use1-az2': 20, 'r6gd.4xlarge_use1-az4': 50, 'r6gd.4xlarge_use1-az5': 1, 'r6gd.4xlarge_use1-az6': 25, 'r6gd.8xlarge_use1-az1': 1, 'r6gd.8xlarge_use1-az2': 10, 'r6gd.8xlarge_use1-az4': 20, 'r6gd.8xlarge_use1-az5': 1, 'r6gd.8xlarge_use1-az6': 30, 'r6gd.large_use1-az1': 50, 'r6gd.large_use1-az2': 50, 'r6gd.large_use1-az4': 50, 'r6gd.large_use1-az5': 50, 'r6gd.large_use1-az6': 50, 'r6gd.medium_use1-az1': 5, 'r6gd.medium_use1-az2': 1, 'r6gd.medium_use1-az4': 5, 'r6gd.medium_use1-az5': 5, 'r6gd.medium_use1-az6': 1, 'r6gd.xlarge_use1-az1': 1, 'r6gd.xlarge_use1-az2': 1, 'r6gd.xlarge_use1-az4': 5, 'r6gd.xlarge_use1-az6': 10, 'r6i.12xlarge_use1-az1': 5, 'r6i.12xlarge_use1-az2': 5, 'r6i.12xlarge_use1-az4': 5, 'r6i.12xlarge_use1-az5': 1, 'r6i.12xlarge_use1-az6': 10, 'r6i.16xlarge_use1-az1': 1, 'r6i.16xlarge_use1-az2': 1, 'r6i.16xlarge_use1-az4': 10, 'r6i.16xlarge_use1-az5': 10, 'r6i.16xlarge_use1-az6': 1, 'r6i.24xlarge_use1-az4': 10, 'r6i.24xlarge_use1-az5': 1, 'r6i.24xlarge_use1-az6': 5, 'r6i.2xlarge_use1-az1': 15, 'r6i.2xlarge_use1-az2': 35, 'r6i.2xlarge_use1-az4': 50, 'r6i.2xlarge_use1-az5': 5, 'r6i.2xlarge_use1-az6': 50, 'r6i.32xlarge_use1-az4': 1, 'r6i.32xlarge_use1-az5': 1, 'r6i.32xlarge_use1-az6': 1, 'r6i.4xlarge_use1-az1': 30, 'r6i.4xlarge_use1-az2': 20, 'r6i.4xlarge_use1-az4': 20, 'r6i.4xlarge_use1-az5': 10, 'r6i.4xlarge_use1-az6': 40, 'r6i.8xlarge_use1-az1': 5, 'r6i.8xlarge_use1-az2': 10, 'r6i.8xlarge_use1-az4': 10, 'r6i.8xlarge_use1-az5': 5, 'r6i.8xlarge_use1-az6': 10, 'r6i.large_use1-az1': 20, 'r6i.large_use1-az2': 50, 'r6i.large_use1-az4': 50, 'r6i.large_use1-az5': 20, 'r6i.large_use1-az6': 50, 'r6i.xlarge_use1-az1': 15, 'r6i.xlarge_use1-az2': 45, 'r6i.xlarge_use1-az4': 50, 'r6i.xlarge_use1-az5': 10, 'r6i.xlarge_use1-az6': 50, 'r6id.12xlarge_use1-az1': 1, 'r6id.12xlarge_use1-az2': 5, 'r6id.12xlarge_use1-az4': 1, 'r6id.12xlarge_use1-az6': 5, 'r6id.16xlarge_use1-az1': 5, 'r6id.16xlarge_use1-az2': 5, 'r6id.16xlarge_use1-az4': 15, 'r6id.16xlarge_use1-az5': 1, 'r6id.16xlarge_use1-az6': 20, 'r6id.24xlarge_use1-az1': 10, 'r6id.24xlarge_use1-az2': 10, 'r6id.24xlarge_use1-az4': 5, 'r6id.24xlarge_use1-az5': 15, 'r6id.24xlarge_use1-az6': 25, 'r6id.2xlarge_use1-az1': 5, 'r6id.2xlarge_use1-az2': 1, 'r6id.2xlarge_use1-az4': 10, 'r6id.2xlarge_use1-az5': 1, 'r6id.2xlarge_use1-az6': 10, 'r6id.32xlarge_use1-az1': 1, 'r6id.32xlarge_use1-az2': 5, 'r6id.32xlarge_use1-az4': 1, 'r6id.32xlarge_use1-az5': 1, 'r6id.32xlarge_use1-az6': 10, 'r6id.4xlarge_use1-az1': 40, 'r6id.4xlarge_use1-az2': 50, 'r6id.4xlarge_use1-az4': 10, 'r6id.4xlarge_use1-az5': 20, 'r6id.4xlarge_use1-az6': 35, 'r6id.8xlarge_use1-az1': 1, 'r6id.8xlarge_use1-az2': 1, 'r6id.8xlarge_use1-az4': 5, 'r6id.8xlarge_use1-az5': 1, 'r6id.8xlarge_use1-az6': 5, 'r6id.large_use1-az1': 15, 'r6id.large_use1-az2': 10, 'r6id.large_use1-az4': 5, 'r6id.large_use1-az5': 15, 'r6id.large_use1-az6': 30, 'r6id.xlarge_use1-az1': 5, 'r6id.xlarge_use1-az2': 15, 'r6id.xlarge_use1-az4': 10, 'r6id.xlarge_use1-az5': 15, 'r6id.xlarge_use1-az6': 15, 'r6idn.16xlarge_use1-az4': 1, 'r6idn.16xlarge_use1-az5': 1, 'r6idn.16xlarge_use1-az6': 1, 'r6idn.24xlarge_use1-az6': 1, 'r6idn.2xlarge_use1-az1': 1, 'r6idn.2xlarge_use1-az2': 1, 'r6idn.2xlarge_use1-az4': 5, 'r6idn.2xlarge_use1-az5': 1, 'r6idn.2xlarge_use1-az6': 5, 'r6idn.32xlarge_use1-az6': 1, 'r6idn.4xlarge_use1-az1': 15, 'r6idn.4xlarge_use1-az2': 15, 'r6idn.4xlarge_use1-az4': 15, 'r6idn.4xlarge_use1-az5': 5, 'r6idn.4xlarge_use1-az6': 10, 'r6idn.8xlarge_use1-az2': 1, 'r6idn.8xlarge_use1-az4': 1, 'r6idn.8xlarge_use1-az6': 5, 'r6idn.large_use1-az1': 1, 'r6idn.large_use1-az2': 1, 'r6idn.large_use1-az4': 5, 'r6idn.large_use1-az5': 5, 'r6idn.large_use1-az6': 5, 'r6idn.xlarge_use1-az1': 5, 'r6idn.xlarge_use1-az2': 1, 'r6idn.xlarge_use1-az4': 5, 'r6idn.xlarge_use1-az5': 1, 'r6idn.xlarge_use1-az6': 5, 'r6in.12xlarge_use1-az1': 1, 'r6in.12xlarge_use1-az6': 5, 'r6in.16xlarge_use1-az4': 1, 'r6in.16xlarge_use1-az5': 1, 'r6in.16xlarge_use1-az6': 5, 'r6in.24xlarge_use1-az6': 1, 'r6in.2xlarge_use1-az1': 1, 'r6in.2xlarge_use1-az2': 1, 'r6in.2xlarge_use1-az4': 1, 'r6in.2xlarge_use1-az5': 1, 'r6in.2xlarge_use1-az6': 1, 'r6in.4xlarge_use1-az1': 5, 'r6in.4xlarge_use1-az2': 20, 'r6in.4xlarge_use1-az4': 15, 'r6in.4xlarge_use1-az5': 20, 'r6in.4xlarge_use1-az6': 20, 'r6in.8xlarge_use1-az1': 5, 'r6in.8xlarge_use1-az4': 1, 'r6in.8xlarge_use1-az6': 5, 'r6in.large_use1-az1': 45, 'r6in.large_use1-az2': 50, 'r6in.large_use1-az4': 50, 'r6in.large_use1-az5': 40, 'r6in.large_use1-az6': 50, 'r6in.xlarge_use1-az1': 1, 'r6in.xlarge_use1-az2': 1, 'r6in.xlarge_use1-az4': 1, 'r6in.xlarge_use1-az5': 1, 'r6in.xlarge_use1-az6': 1, 'r7a.12xlarge_use1-az1': 1, 'r7a.12xlarge_use1-az2': 1, 'r7a.12xlarge_use1-az4': 5, 'r7a.12xlarge_use1-az6': 20, 'r7a.16xlarge_use1-az1': 1, 'r7a.16xlarge_use1-az2': 15, 'r7a.16xlarge_use1-az4': 30, 'r7a.16xlarge_use1-az6': 50, 'r7a.24xlarge_use1-az2': 10, 'r7a.24xlarge_use1-az4': 10, 'r7a.24xlarge_use1-az6': 35, 'r7a.2xlarge_use1-az1': 1, 'r7a.2xlarge_use1-az2': 5, 'r7a.2xlarge_use1-az4': 25, 'r7a.2xlarge_use1-az6': 1, 'r7a.32xlarge_use1-az2': 1, 'r7a.32xlarge_use1-az4': 1, 'r7a.32xlarge_use1-az6': 50, 'r7a.48xlarge_use1-az2': 5, 'r7a.48xlarge_use1-az4': 5, 'r7a.48xlarge_use1-az6': 50, 'r7a.4xlarge_use1-az1': 5, 'r7a.4xlarge_use1-az2': 25, 'r7a.4xlarge_use1-az4': 50, 'r7a.4xlarge_use1-az6': 50, 'r7a.8xlarge_use1-az1': 5, 'r7a.8xlarge_use1-az2': 20, 'r7a.8xlarge_use1-az4': 50, 'r7a.8xlarge_use1-az6': 50, 'r7a.large_use1-az1': 50, 'r7a.large_use1-az2': 50, 'r7a.large_use1-az4': 50, 'r7a.large_use1-az6': 50, 'r7a.medium_use1-az1': 10, 'r7a.medium_use1-az2': 25, 'r7a.medium_use1-az4': 50, 'r7a.medium_use1-az6': 50, 'r7a.xlarge_use1-az1': 20, 'r7a.xlarge_use1-az2': 50, 'r7a.xlarge_use1-az4': 50, 'r7a.xlarge_use1-az6': 25, 'r7g.12xlarge_use1-az1': 1, 'r7g.12xlarge_use1-az2': 5, 'r7g.12xlarge_use1-az4': 50, 'r7g.12xlarge_use1-az5': 1, 'r7g.12xlarge_use1-az6': 5, 'r7g.16xlarge_use1-az1': 5, 'r7g.16xlarge_use1-az2': 30, 'r7g.16xlarge_use1-az4': 50, 'r7g.16xlarge_use1-az5': 5, 'r7g.16xlarge_use1-az6': 50, 'r7g.2xlarge_use1-az1': 5, 'r7g.2xlarge_use1-az2': 10, 'r7g.2xlarge_use1-az4': 50, 'r7g.2xlarge_use1-az5': 5, 'r7g.2xlarge_use1-az6': 15, 'r7g.4xlarge_use1-az1': 5, 'r7g.4xlarge_use1-az2': 5, 'r7g.4xlarge_use1-az4': 50, 'r7g.4xlarge_use1-az5': 5, 'r7g.4xlarge_use1-az6': 15, 'r7g.8xlarge_use1-az1': 1, 'r7g.8xlarge_use1-az2': 50, 'r7g.8xlarge_use1-az4': 50, 'r7g.8xlarge_use1-az5': 50, 'r7g.8xlarge_use1-az6': 50, 'r7g.large_use1-az1': 20, 'r7g.large_use1-az2': 50, 'r7g.large_use1-az4': 50, 'r7g.large_use1-az5': 40, 'r7g.large_use1-az6': 40, 'r7g.medium_use1-az1': 50, 'r7g.medium_use1-az2': 50, 'r7g.medium_use1-az4': 50, 'r7g.medium_use1-az5': 25, 'r7g.medium_use1-az6': 50, 'r7g.xlarge_use1-az1': 50, 'r7g.xlarge_use1-az2': 50, 'r7g.xlarge_use1-az4': 50, 'r7g.xlarge_use1-az5': 10, 'r7g.xlarge_use1-az6': 50, 'r7gd.12xlarge_use1-az1': 1, 'r7gd.12xlarge_use1-az2': 10, 'r7gd.12xlarge_use1-az4': 35, 'r7gd.12xlarge_use1-az5': 10, 'r7gd.12xlarge_use1-az6': 50, 'r7gd.16xlarge_use1-az1': 5, 'r7gd.16xlarge_use1-az2': 50, 'r7gd.16xlarge_use1-az4': 50, 'r7gd.16xlarge_use1-az5': 50, 'r7gd.16xlarge_use1-az6': 50, 'r7gd.2xlarge_use1-az1': 5, 'r7gd.2xlarge_use1-az2': 25, 'r7gd.2xlarge_use1-az4': 25, 'r7gd.2xlarge_use1-az5': 40, 'r7gd.2xlarge_use1-az6': 50, 'r7gd.4xlarge_use1-az1': 1, 'r7gd.4xlarge_use1-az2': 20, 'r7gd.4xlarge_use1-az4': 25, 'r7gd.4xlarge_use1-az5': 30, 'r7gd.4xlarge_use1-az6': 50, 'r7gd.8xlarge_use1-az1': 1, 'r7gd.8xlarge_use1-az2': 10, 'r7gd.8xlarge_use1-az4': 30, 'r7gd.8xlarge_use1-az5': 20, 'r7gd.8xlarge_use1-az6': 50, 'r7gd.large_use1-az1': 15, 'r7gd.large_use1-az2': 10, 'r7gd.large_use1-az4': 50, 'r7gd.large_use1-az5': 15, 'r7gd.large_use1-az6': 35, 'r7gd.medium_use1-az1': 35, 'r7gd.medium_use1-az2': 15, 'r7gd.medium_use1-az4': 25, 'r7gd.medium_use1-az5': 15, 'r7gd.medium_use1-az6': 20, 'r7gd.xlarge_use1-az1': 1, 'r7gd.xlarge_use1-az2': 10, 'r7gd.xlarge_use1-az4': 25, 'r7gd.xlarge_use1-az5': 10, 'r7gd.xlarge_use1-az6': 50, 'r7i.12xlarge_use1-az4': 1, 'r7i.12xlarge_use1-az6': 10, 'r7i.16xlarge_use1-az1': 5, 'r7i.16xlarge_use1-az2': 15, 'r7i.16xlarge_use1-az4': 45, 'r7i.16xlarge_use1-az5': 5, 'r7i.16xlarge_use1-az6': 50, 'r7i.24xlarge_use1-az1': 1, 'r7i.24xlarge_use1-az2': 1, 'r7i.24xlarge_use1-az4': 5, 'r7i.24xlarge_use1-az5': 5, 'r7i.24xlarge_use1-az6': 5, 'r7i.2xlarge_use1-az1': 5, 'r7i.2xlarge_use1-az2': 5, 'r7i.2xlarge_use1-az4': 10, 'r7i.2xlarge_use1-az5': 5, 'r7i.2xlarge_use1-az6': 50, 'r7i.48xlarge_use1-az2': 1, 'r7i.48xlarge_use1-az4': 5, 'r7i.48xlarge_use1-az5': 1, 'r7i.48xlarge_use1-az6': 5, 'r7i.4xlarge_use1-az1': 5, 'r7i.4xlarge_use1-az2': 20, 'r7i.4xlarge_use1-az4': 10, 'r7i.4xlarge_use1-az5': 1, 'r7i.4xlarge_use1-az6': 50, 'r7i.8xlarge_use1-az1': 5, 'r7i.8xlarge_use1-az2': 25, 'r7i.8xlarge_use1-az4': 25, 'r7i.8xlarge_use1-az5': 5, 'r7i.8xlarge_use1-az6': 50, 'r7i.large_use1-az1': 15, 'r7i.large_use1-az2': 50, 'r7i.large_use1-az4': 50, 'r7i.large_use1-az5': 15, 'r7i.large_use1-az6': 50, 'r7i.xlarge_use1-az1': 5, 'r7i.xlarge_use1-az2': 15, 'r7i.xlarge_use1-az4': 10, 'r7i.xlarge_use1-az5': 15, 'r7i.xlarge_use1-az6': 50, 'r8g.12xlarge_use1-az2': 5, 'r8g.12xlarge_use1-az4': 5, 'r8g.12xlarge_use1-az6': 15, 'r8g.16xlarge_use1-az1': 1, 'r8g.16xlarge_use1-az2': 50, 'r8g.16xlarge_use1-az4': 50, 'r8g.16xlarge_use1-az5': 5, 'r8g.16xlarge_use1-az6': 50, 'r8g.24xlarge_use1-az2': 10, 'r8g.24xlarge_use1-az4': 5, 'r8g.24xlarge_use1-az5': 5, 'r8g.24xlarge_use1-az6': 35, 'r8g.2xlarge_use1-az2': 5, 'r8g.2xlarge_use1-az4': 5, 'r8g.2xlarge_use1-az5': 1, 'r8g.2xlarge_use1-az6': 5, 'r8g.48xlarge_use1-az2': 1, 'r8g.48xlarge_use1-az4': 5, 'r8g.48xlarge_use1-az6': 5, 'r8g.4xlarge_use1-az2': 10, 'r8g.4xlarge_use1-az4': 35, 'r8g.4xlarge_use1-az5': 5, 'r8g.4xlarge_use1-az6': 50, 'r8g.8xlarge_use1-az2': 40, 'r8g.8xlarge_use1-az4': 15, 'r8g.8xlarge_use1-az5': 1, 'r8g.8xlarge_use1-az6': 50, 'r8g.large_use1-az1': 5, 'r8g.large_use1-az2': 30, 'r8g.large_use1-az4': 15, 'r8g.large_use1-az5': 10, 'r8g.large_use1-az6': 20, 'r8g.medium_use1-az1': 15, 'r8g.medium_use1-az2': 30, 'r8g.medium_use1-az4': 20, 'r8g.medium_use1-az5': 5, 'r8g.medium_use1-az6': 15, 'r8g.xlarge_use1-az1': 1, 'r8g.xlarge_use1-az2': 10, 'r8g.xlarge_use1-az4': 5, 'r8g.xlarge_use1-az5': 5, 'r8g.xlarge_use1-az6': 10, 'r8gb.24xlarge_use1-az6': 1, 'r8gb.2xlarge_use1-az2': 1, 'r8gb.2xlarge_use1-az4': 1, 'r8gb.2xlarge_use1-az6': 1, 'r8gb.large_use1-az2': 20, 'r8gb.large_use1-az4': 15, 'r8gb.large_use1-az6': 25, 'r8gb.medium_use1-az2': 50, 'r8gb.metal-24xl_use1-az6': 1, 'r8gb.xlarge_use1-az2': 5, 'r8gb.xlarge_use1-az4': 5, 'r8gb.xlarge_use1-az6': 5, 'r8gd.12xlarge_use1-az5': 1, 'r8gd.12xlarge_use1-az6': 1, 'r8gd.16xlarge_use1-az2': 1, 'r8gd.16xlarge_use1-az4': 1, 'r8gd.16xlarge_use1-az5': 1, 'r8gd.16xlarge_use1-az6': 15, 'r8gd.24xlarge_use1-az2': 1, 'r8gd.24xlarge_use1-az5': 1, 'r8gd.24xlarge_use1-az6': 25, 'r8gd.2xlarge_use1-az2': 25, 'r8gd.2xlarge_use1-az4': 30, 'r8gd.2xlarge_use1-az6': 50, 'r8gd.48xlarge_use1-az6': 50, 'r8gd.4xlarge_use1-az1': 1, 'r8gd.4xlarge_use1-az2': 20, 'r8gd.4xlarge_use1-az5': 1, 'r8gd.4xlarge_use1-az6': 15, 'r8gd.8xlarge_use1-az2': 5, 'r8gd.8xlarge_use1-az4': 1, 'r8gd.8xlarge_use1-az5': 1, 'r8gd.8xlarge_use1-az6': 1, 'r8gd.large_use1-az2': 50, 'r8gd.large_use1-az5': 1, 'r8gd.large_use1-az6': 50, 'r8gd.medium_use1-az1': 5, 'r8gd.medium_use1-az2': 5, 'r8gd.medium_use1-az4': 5, 'r8gd.medium_use1-az5': 10, 'r8gd.metal-24xl_use1-az6': 1, 'r8gd.metal-48xl_use1-az6': 1, 'r8gd.xlarge_use1-az2': 25, 'r8gd.xlarge_use1-az4': 1, 'r8gd.xlarge_use1-az5': 50, 'r8gd.xlarge_use1-az6': 40, 'r8gn.16xlarge_use1-az6': 1, 'r8gn.24xlarge_use1-az2': 1, 'r8gn.2xlarge_use1-az2': 1, 'r8gn.2xlarge_use1-az4': 1, 'r8gn.2xlarge_use1-az6': 1, 'r8gn.48xlarge_use1-az6': 1, 'r8gn.4xlarge_use1-az6': 5, 'r8gn.8xlarge_use1-az2': 1, 'r8gn.8xlarge_use1-az6': 5, 'r8gn.large_use1-az2': 20, 'r8gn.large_use1-az4': 15, 'r8gn.large_use1-az6': 20, 'r8gn.medium_use1-az2': 35, 'r8gn.medium_use1-az4': 40, 'r8gn.metal-24xl_use1-az2': 1, 'r8gn.metal-24xl_use1-az6': 1, 'r8gn.xlarge_use1-az2': 1, 'r8gn.xlarge_use1-az4': 5, 'r8gn.xlarge_use1-az6': 10, 'r8i-flex.2xlarge_use1-az2': 1, 'r8i-flex.2xlarge_use1-az6': 5, 'r8i-flex.4xlarge_use1-az2': 1, 'r8i-flex.4xlarge_use1-az6': 1, 'r8i-flex.large_use1-az2': 1, 'r8i-flex.large_use1-az6': 5, 'r8i-flex.xlarge_use1-az2': 5, 'r8i-flex.xlarge_use1-az6': 1, 'r8i.12xlarge_use1-az2': 1, 'r8i.12xlarge_use1-az6': 1, 'r8i.16xlarge_use1-az2': 1, 'r8i.16xlarge_use1-az6': 1, 'r8i.24xlarge_use1-az6': 1, 'r8i.2xlarge_use1-az2': 5, 'r8i.2xlarge_use1-az6': 5, 'r8i.32xlarge_use1-az2': 1, 'r8i.32xlarge_use1-az6': 1, 'r8i.48xlarge_use1-az2': 1, 'r8i.48xlarge_use1-az6': 1, 'r8i.4xlarge_use1-az2': 1, 'r8i.4xlarge_use1-az6': 5, 'r8i.8xlarge_use1-az2': 1, 'r8i.8xlarge_use1-az6': 5, 'r8i.96xlarge_use1-az2': 1, 'r8i.96xlarge_use1-az6': 1, 'r8i.large_use1-az2': 20, 'r8i.large_use1-az6': 20, 'r8i.xlarge_use1-az2': 5, 'r8i.xlarge_use1-az6': 5, 't2.2xlarge_use1-az1': 50, 't2.2xlarge_use1-az2': 50, 't2.2xlarge_use1-az3': 15, 't2.2xlarge_use1-az4': 50, 't2.2xlarge_use1-az5': 50, 't2.2xlarge_use1-az6': 50, 't2.large_use1-az1': 20, 't2.large_use1-az2': 50, 't2.large_use1-az3': 50, 't2.large_use1-az4': 50, 't2.large_use1-az5': 25, 't2.large_use1-az6': 50, 't2.medium_use1-az1': 50, 't2.medium_use1-az2': 50, 't2.medium_use1-az3': 50, 't2.medium_use1-az4': 50, 't2.medium_use1-az5': 50, 't2.medium_use1-az6': 50, 't2.xlarge_use1-az1': 35, 't2.xlarge_use1-az2': 50, 't2.xlarge_use1-az3': 20, 't2.xlarge_use1-az4': 50, 't2.xlarge_use1-az5': 5, 't2.xlarge_use1-az6': 50, 't3.2xlarge_use1-az1': 50, 't3.2xlarge_use1-az2': 50, 't3.2xlarge_use1-az4': 50, 't3.2xlarge_use1-az5': 50, 't3.2xlarge_use1-az6': 50, 't3.large_use1-az1': 50, 't3.large_use1-az2': 50, 't3.large_use1-az4': 50, 't3.large_use1-az5': 50, 't3.large_use1-az6': 50, 't3.medium_use1-az1': 50, 't3.medium_use1-az2': 50, 't3.medium_use1-az4': 50, 't3.medium_use1-az5': 50, 't3.medium_use1-az6': 50, 't3.xlarge_use1-az1': 50, 't3.xlarge_use1-az2': 50, 't3.xlarge_use1-az4': 50, 't3.xlarge_use1-az5': 50, 't3.xlarge_use1-az6': 50, 't3a.2xlarge_use1-az1': 50, 't3a.2xlarge_use1-az2': 50, 't3a.2xlarge_use1-az4': 50, 't3a.2xlarge_use1-az5': 50, 't3a.2xlarge_use1-az6': 50, 't3a.large_use1-az1': 50, 't3a.large_use1-az2': 50, 't3a.large_use1-az4': 50, 't3a.large_use1-az5': 5, 't3a.large_use1-az6': 50, 't3a.medium_use1-az1': 50, 't3a.medium_use1-az2': 50, 't3a.medium_use1-az4': 50, 't3a.medium_use1-az5': 5, 't3a.medium_use1-az6': 50, 't3a.xlarge_use1-az1': 25, 't3a.xlarge_use1-az2': 50, 't3a.xlarge_use1-az4': 50, 't3a.xlarge_use1-az5': 15, 't3a.xlarge_use1-az6': 50, 't4g.2xlarge_use1-az1': 5, 't4g.2xlarge_use1-az2': 15, 't4g.2xlarge_use1-az4': 5, 't4g.2xlarge_use1-az5': 10, 't4g.2xlarge_use1-az6': 10, 't4g.large_use1-az1': 1, 't4g.large_use1-az2': 15, 't4g.large_use1-az4': 50, 't4g.large_use1-az5': 25, 't4g.large_use1-az6': 35, 't4g.medium_use1-az1': 1, 't4g.medium_use1-az2': 50, 't4g.medium_use1-az4': 50, 't4g.medium_use1-az5': 35, 't4g.medium_use1-az6': 50, 't4g.xlarge_use1-az1': 30, 't4g.xlarge_use1-az2': 15, 't4g.xlarge_use1-az4': 50, 't4g.xlarge_use1-az5': 5, 't4g.xlarge_use1-az6': 10, 'trn1.2xlarge_use1-az5': 5, 'trn1.2xlarge_use1-az6': 20, 'trn1.32xlarge_use1-az6': 50, 'trn1n.32xlarge_use1-az6': 50, 'vt1.3xlarge_use1-az2': 1, 'vt1.6xlarge_use1-az2': 1, 'x1.16xlarge_use1-az2': 1, 'x1.16xlarge_use1-az4': 1, 'x1.16xlarge_use1-az6': 1, 'x1.32xlarge_use1-az2': 1, 'x1.32xlarge_use1-az3': 5, 'x1.32xlarge_use1-az6': 1, 'x1e.16xlarge_use1-az2': 1, 'x1e.16xlarge_use1-az4': 1, 'x1e.16xlarge_use1-az6': 5, 'x1e.2xlarge_use1-az2': 5, 'x1e.2xlarge_use1-az4': 10, 'x1e.2xlarge_use1-az6': 1, 'x1e.4xlarge_use1-az2': 5, 'x1e.4xlarge_use1-az4': 5, 'x1e.4xlarge_use1-az6': 1, 'x1e.8xlarge_use1-az2': 1, 'x1e.8xlarge_use1-az4': 5, 'x1e.8xlarge_use1-az6': 5, 'x1e.xlarge_use1-az1': 10, 'x1e.xlarge_use1-az2': 20, 'x1e.xlarge_use1-az4': 15, 'x1e.xlarge_use1-az6': 5, 'x2gd.12xlarge_use1-az5': 5, 'x2gd.12xlarge_use1-az6': 1, 'x2gd.16xlarge_use1-az5': 1, 'x2gd.16xlarge_use1-az6': 15, 'x2gd.2xlarge_use1-az1': 5, 'x2gd.2xlarge_use1-az4': 1, 'x2gd.2xlarge_use1-az5': 5, 'x2gd.2xlarge_use1-az6': 30, 'x2gd.4xlarge_use1-az1': 1, 'x2gd.4xlarge_use1-az2': 1, 'x2gd.4xlarge_use1-az4': 5, 'x2gd.4xlarge_use1-az5': 1, 'x2gd.4xlarge_use1-az6': 35, 'x2gd.8xlarge_use1-az4': 1, 'x2gd.8xlarge_use1-az5': 1, 'x2gd.8xlarge_use1-az6': 5, 'x2gd.large_use1-az1': 35, 'x2gd.large_use1-az2': 25, 'x2gd.large_use1-az4': 15, 'x2gd.large_use1-az5': 25, 'x2gd.large_use1-az6': 50, 'x2gd.medium_use1-az1': 25, 'x2gd.medium_use1-az2': 35, 'x2gd.medium_use1-az4': 50, 'x2gd.medium_use1-az5': 50, 'x2gd.medium_use1-az6': 50, 'x2gd.xlarge_use1-az1': 5, 'x2gd.xlarge_use1-az2': 1, 'x2gd.xlarge_use1-az4': 20, 'x2gd.xlarge_use1-az5': 15, 'x2gd.xlarge_use1-az6': 25, 'x2idn.16xlarge_use1-az2': 1, 'x2idn.16xlarge_use1-az5': 1, 'x2idn.24xlarge_use1-az4': 1, 'x2idn.24xlarge_use1-az5': 1, 'x2idn.32xlarge_use1-az5': 1, 'x2iedn.24xlarge_use1-az4': 1, 'x2iedn.24xlarge_use1-az6': 1, 'x2iedn.2xlarge_use1-az1': 1, 'x2iedn.2xlarge_use1-az2': 25, 'x2iedn.2xlarge_use1-az4': 15, 'x2iedn.2xlarge_use1-az5': 1, 'x2iedn.2xlarge_use1-az6': 5, 'x2iedn.4xlarge_use1-az1': 1, 'x2iedn.4xlarge_use1-az2': 1, 'x2iedn.4xlarge_use1-az4': 1, 'x2iedn.4xlarge_use1-az5': 1, 'x2iedn.4xlarge_use1-az6': 1, 'x2iedn.8xlarge_use1-az4': 1, 'x2iedn.8xlarge_use1-az6': 1, 'x2iedn.xlarge_use1-az1': 5, 'x2iedn.xlarge_use1-az2': 20, 'x2iedn.xlarge_use1-az4': 10, 'x2iedn.xlarge_use1-az5': 1, 'x2iedn.xlarge_use1-az6': 10, 'x2iezn.12xlarge_use1-az2': 1, 'x2iezn.12xlarge_use1-az4': 20, 'x2iezn.12xlarge_use1-az6': 5, 'x2iezn.2xlarge_use1-az2': 5, 'x2iezn.2xlarge_use1-az4': 10, 'x2iezn.2xlarge_use1-az6': 1, 'x2iezn.4xlarge_use1-az2': 1, 'x2iezn.4xlarge_use1-az4': 5, 'x2iezn.4xlarge_use1-az6': 1, 'x2iezn.6xlarge_use1-az4': 5, 'x2iezn.6xlarge_use1-az6': 1, 'x2iezn.8xlarge_use1-az2': 1, 'x2iezn.8xlarge_use1-az6': 1, 'x8g.12xlarge_use1-az2': 1, 'x8g.12xlarge_use1-az4': 20, 'x8g.12xlarge_use1-az6': 1, 'x8g.16xlarge_use1-az1': 1, 'x8g.16xlarge_use1-az2': 5, 'x8g.16xlarge_use1-az4': 5, 'x8g.16xlarge_use1-az6': 5, 'x8g.24xlarge_use1-az1': 1, 'x8g.24xlarge_use1-az2': 5, 'x8g.24xlarge_use1-az4': 5, 'x8g.24xlarge_use1-az6': 10, 'x8g.2xlarge_use1-az1': 5, 'x8g.2xlarge_use1-az2': 10, 'x8g.2xlarge_use1-az4': 10, 'x8g.2xlarge_use1-az6': 25, 'x8g.48xlarge_use1-az1': 1, 'x8g.48xlarge_use1-az2': 1, 'x8g.48xlarge_use1-az4': 10, 'x8g.48xlarge_use1-az6': 1, 'x8g.4xlarge_use1-az1': 1, 'x8g.4xlarge_use1-az2': 5, 'x8g.4xlarge_use1-az4': 5, 'x8g.4xlarge_use1-az6': 10, 'x8g.8xlarge_use1-az2': 15, 'x8g.8xlarge_use1-az4': 20, 'x8g.8xlarge_use1-az6': 5, 'x8g.large_use1-az1': 30, 'x8g.large_use1-az4': 50, 'x8g.large_use1-az6': 50, 'x8g.medium_use1-az1': 50, 'x8g.medium_use1-az4': 50, 'x8g.medium_use1-az6': 50, 'x8g.metal-24xl_use1-az1': 1, 'x8g.metal-24xl_use1-az2': 1, 'x8g.metal-24xl_use1-az4': 1, 'x8g.metal-24xl_use1-az6': 10, 'x8g.metal-48xl_use1-az2': 1, 'x8g.metal-48xl_use1-az4': 1, 'x8g.metal-48xl_use1-az6': 1, 'x8g.xlarge_use1-az1': 10, 'x8g.xlarge_use1-az2': 20, 'x8g.xlarge_use1-az4': 40, 'x8g.xlarge_use1-az6': 50, 'z1d.12xlarge_use1-az1': 1, 'z1d.12xlarge_use1-az2': 1, 'z1d.12xlarge_use1-az4': 1, 'z1d.12xlarge_use1-az5': 1, 'z1d.12xlarge_use1-az6': 5, 'z1d.2xlarge_use1-az1': 5, 'z1d.2xlarge_use1-az2': 5, 'z1d.2xlarge_use1-az4': 15, 'z1d.2xlarge_use1-az5': 1, 'z1d.2xlarge_use1-az6': 15, 'z1d.3xlarge_use1-az1': 5, 'z1d.3xlarge_use1-az2': 5, 'z1d.3xlarge_use1-az4': 10, 'z1d.3xlarge_use1-az5': 5, 'z1d.3xlarge_use1-az6': 5, 'z1d.6xlarge_use1-az1': 1, 'z1d.6xlarge_use1-az2': 1, 'z1d.6xlarge_use1-az4': 1, 'z1d.6xlarge_use1-az6': 1, 'z1d.large_use1-az1': 15, 'z1d.large_use1-az2': 5, 'z1d.large_use1-az4': 25, 'z1d.large_use1-az5': 10, 'z1d.large_use1-az6': 25, 'z1d.xlarge_use1-az1': 10, 'z1d.xlarge_use1-az2': 20, 'z1d.xlarge_use1-az4': 30, 'z1d.xlarge_use1-az5': 1, 'z1d.xlarge_use1-az6': 20}"
0.77,26850.25179999995,29577977066,1101590.3048793622,1139558,1139458,"{'c3.8xlarge_use1-az2': 5, 'c3.8xlarge_use1-az4': 5, 'c3.8xlarge_use1-az6': 1, 'c4.2xlarge_use1-az1': 5, 'c4.2xlarge_use1-az2': 5, 'c4.2xlarge_use1-az3': 25, 'c4.2xlarge_use1-az4': 15, 'c4.2xlarge_use1-az5': 15, 'c4.2xlarge_use1-az6': 10, 'c4.4xlarge_use1-az1': 5, 'c4.4xlarge_use1-az2': 5, 'c4.4xlarge_use1-az3': 10, 'c4.4xlarge_use1-az4': 5, 'c4.4xlarge_use1-az5': 5, 'c4.4xlarge_use1-az6': 1, 'c4.8xlarge_use1-az1': 1, 'c4.8xlarge_use1-az2': 5, 'c4.8xlarge_use1-az3': 5, 'c4.8xlarge_use1-az4': 15, 'c4.8xlarge_use1-az5': 5, 'c4.8xlarge_use1-az6': 5, 'c4.xlarge_use1-az1': 25, 'c4.xlarge_use1-az2': 40, 'c4.xlarge_use1-az4': 40, 'c4.xlarge_use1-az5': 50, 'c4.xlarge_use1-az6': 50, 'c5.12xlarge_use1-az1': 50, 'c5.12xlarge_use1-az2': 50, 'c5.12xlarge_use1-az4': 50, 'c5.12xlarge_use1-az5': 50, 'c5.12xlarge_use1-az6': 50, 'c5.18xlarge_use1-az1': 5, 'c5.18xlarge_use1-az2': 50, 'c5.18xlarge_use1-az4': 15, 'c5.18xlarge_use1-az5': 10, 'c5.18xlarge_use1-az6': 1, 'c5.24xlarge_use1-az1': 1, 'c5.24xlarge_use1-az2': 5, 'c5.24xlarge_use1-az4': 5, 'c5.24xlarge_use1-az5': 1, 'c5.24xlarge_use1-az6': 5, 'c5.2xlarge_use1-az1': 50, 'c5.2xlarge_use1-az2': 50, 'c5.2xlarge_use1-az4': 50, 'c5.2xlarge_use1-az5': 50, 'c5.2xlarge_use1-az6': 50, 'c5.4xlarge_use1-az1': 50, 'c5.4xlarge_use1-az2': 50, 'c5.4xlarge_use1-az4': 50, 'c5.4xlarge_use1-az5': 50, 'c5.4xlarge_use1-az6': 50, 'c5.9xlarge_use1-az1': 50, 'c5.9xlarge_use1-az2': 50, 'c5.9xlarge_use1-az4': 50, 'c5.9xlarge_use1-az5': 50, 'c5.9xlarge_use1-az6': 50, 'c5.large_use1-az1': 50, 'c5.large_use1-az2': 50, 'c5.large_use1-az4': 50, 'c5.large_use1-az5': 50, 'c5.large_use1-az6': 50, 'c5.xlarge_use1-az1': 50, 'c5.xlarge_use1-az2': 50, 'c5.xlarge_use1-az4': 50, 'c5.xlarge_use1-az5': 50, 'c5.xlarge_use1-az6': 50, 'c5a.12xlarge_use1-az1': 5, 'c5a.12xlarge_use1-az2': 10, 'c5a.12xlarge_use1-az4': 15, 'c5a.12xlarge_use1-az5': 1, 'c5a.12xlarge_use1-az6': 5, 'c5a.16xlarge_use1-az4': 1, 'c5a.16xlarge_use1-az6': 1, 'c5a.24xlarge_use1-az2': 1, 'c5a.24xlarge_use1-az4': 1, 'c5a.24xlarge_use1-az6': 1, 'c5a.2xlarge_use1-az1': 30, 'c5a.2xlarge_use1-az2': 20, 'c5a.2xlarge_use1-az4': 50, 'c5a.2xlarge_use1-az5': 15, 'c5a.2xlarge_use1-az6': 50, 'c5a.4xlarge_use1-az1': 5, 'c5a.4xlarge_use1-az2': 1, 'c5a.4xlarge_use1-az4': 5, 'c5a.4xlarge_use1-az5': 5, 'c5a.4xlarge_use1-az6': 5, 'c5a.8xlarge_use1-az1': 1, 'c5a.8xlarge_use1-az2': 1, 'c5a.8xlarge_use1-az4': 5, 'c5a.8xlarge_use1-az6': 15, 'c5a.large_use1-az1': 50, 'c5a.large_use1-az2': 50, 'c5a.large_use1-az4': 50, 'c5a.large_use1-az5': 45, 'c5a.large_use1-az6': 50, 'c5a.xlarge_use1-az1': 50, 'c5a.xlarge_use1-az2': 50, 'c5a.xlarge_use1-az4': 50, 'c5a.xlarge_use1-az5': 50, 'c5a.xlarge_use1-az6': 50, 'c5ad.12xlarge_use1-az1': 5, 'c5ad.12xlarge_use1-az2': 5, 'c5ad.12xlarge_use1-az4': 5, 'c5ad.12xlarge_use1-az6': 5, 'c5ad.16xlarge_use1-az1': 1, 'c5ad.16xlarge_use1-az2': 5, 'c5ad.16xlarge_use1-az4': 1, 'c5ad.16xlarge_use1-az6': 1, 'c5ad.24xlarge_use1-az1': 1, 'c5ad.24xlarge_use1-az2': 1, 'c5ad.24xlarge_use1-az4': 1, 'c5ad.24xlarge_use1-az6': 5, 'c5ad.2xlarge_use1-az1': 10, 'c5ad.2xlarge_use1-az2': 5, 'c5ad.2xlarge_use1-az4': 5, 'c5ad.2xlarge_use1-az5': 5, 'c5ad.2xlarge_use1-az6': 15, 'c5ad.4xlarge_use1-az1': 5, 'c5ad.4xlarge_use1-az2': 5, 'c5ad.4xlarge_use1-az4': 1, 'c5ad.4xlarge_use1-az5': 1, 'c5ad.4xlarge_use1-az6': 10, 'c5ad.8xlarge_use1-az1': 1, 'c5ad.8xlarge_use1-az2': 1, 'c5ad.8xlarge_use1-az4': 1, 'c5ad.8xlarge_use1-az5': 1, 'c5ad.8xlarge_use1-az6': 1, 'c5ad.large_use1-az1': 20, 'c5ad.large_use1-az2': 30, 'c5ad.large_use1-az4': 10, 'c5ad.large_use1-az5': 15, 'c5ad.large_use1-az6': 20, 'c5ad.xlarge_use1-az1': 15, 'c5ad.xlarge_use1-az2': 10, 'c5ad.xlarge_use1-az4': 5, 'c5ad.xlarge_use1-az5': 5, 'c5ad.xlarge_use1-az6': 15, 'c5d.12xlarge_use1-az2': 15, 'c5d.12xlarge_use1-az4': 5, 'c5d.12xlarge_use1-az6': 45, 'c5d.18xlarge_use1-az1': 5, 'c5d.18xlarge_use1-az2': 50, 'c5d.18xlarge_use1-az4': 50, 'c5d.18xlarge_use1-az5': 5, 'c5d.18xlarge_use1-az6': 30, 'c5d.24xlarge_use1-az2': 35, 'c5d.24xlarge_use1-az4': 25, 'c5d.24xlarge_use1-az6': 50, 'c5d.2xlarge_use1-az1': 15, 'c5d.2xlarge_use1-az2': 50, 'c5d.2xlarge_use1-az4': 50, 'c5d.2xlarge_use1-az5': 20, 'c5d.2xlarge_use1-az6': 50, 'c5d.4xlarge_use1-az1': 20, 'c5d.4xlarge_use1-az2': 50, 'c5d.4xlarge_use1-az4': 50, 'c5d.4xlarge_use1-az5': 25, 'c5d.4xlarge_use1-az6': 50, 'c5d.9xlarge_use1-az1': 10, 'c5d.9xlarge_use1-az2': 20, 'c5d.9xlarge_use1-az4': 50, 'c5d.9xlarge_use1-az5': 10, 'c5d.9xlarge_use1-az6': 25, 'c5d.large_use1-az1': 50, 'c5d.large_use1-az2': 50, 'c5d.large_use1-az4': 50, 'c5d.large_use1-az5': 35, 'c5d.large_use1-az6': 50, 'c5d.xlarge_use1-az1': 50, 'c5d.xlarge_use1-az2': 50, 'c5d.xlarge_use1-az4': 50, 'c5d.xlarge_use1-az5': 50, 'c5d.xlarge_use1-az6': 50, 'c5n.18xlarge_use1-az1': 30, 'c5n.18xlarge_use1-az2': 5, 'c5n.18xlarge_use1-az4': 10, 'c5n.2xlarge_use1-az1': 5, 'c5n.2xlarge_use1-az2': 10, 'c5n.2xlarge_use1-az4': 15, 'c5n.2xlarge_use1-az5': 10, 'c5n.2xlarge_use1-az6': 10, 'c5n.4xlarge_use1-az1': 5, 'c5n.4xlarge_use1-az2': 1, 'c5n.4xlarge_use1-az4': 5, 'c5n.4xlarge_use1-az6': 1, 'c5n.9xlarge_use1-az1': 10, 'c5n.9xlarge_use1-az2': 1, 'c5n.9xlarge_use1-az4': 5, 'c5n.large_use1-az1': 10, 'c5n.large_use1-az2': 10, 'c5n.large_use1-az4': 25, 'c5n.large_use1-az5': 5, 'c5n.large_use1-az6': 5, 'c5n.xlarge_use1-az1': 1, 'c5n.xlarge_use1-az2': 1, 'c5n.xlarge_use1-az4': 5, 'c5n.xlarge_use1-az5': 1, 'c5n.xlarge_use1-az6': 1, 'c6a.12xlarge_use1-az1': 5, 'c6a.12xlarge_use1-az2': 50, 'c6a.12xlarge_use1-az4': 50, 'c6a.12xlarge_use1-az5': 1, 'c6a.12xlarge_use1-az6': 15, 'c6a.16xlarge_use1-az1': 1, 'c6a.16xlarge_use1-az2': 5, 'c6a.16xlarge_use1-az4': 10, 'c6a.16xlarge_use1-az5': 1, 'c6a.16xlarge_use1-az6': 15, 'c6a.24xlarge_use1-az1': 1, 'c6a.24xlarge_use1-az2': 5, 'c6a.24xlarge_use1-az4': 5, 'c6a.24xlarge_use1-az5': 5, 'c6a.24xlarge_use1-az6': 20, 'c6a.2xlarge_use1-az1': 10, 'c6a.2xlarge_use1-az2': 40, 'c6a.2xlarge_use1-az4': 50, 'c6a.2xlarge_use1-az5': 10, 'c6a.2xlarge_use1-az6': 50, 'c6a.32xlarge_use1-az2': 1, 'c6a.32xlarge_use1-az4': 1, 'c6a.32xlarge_use1-az5': 1, 'c6a.32xlarge_use1-az6': 5, 'c6a.48xlarge_use1-az2': 1, 'c6a.48xlarge_use1-az4': 10, 'c6a.48xlarge_use1-az5': 5, 'c6a.48xlarge_use1-az6': 25, 'c6a.4xlarge_use1-az1': 15, 'c6a.4xlarge_use1-az2': 15, 'c6a.4xlarge_use1-az4': 30, 'c6a.4xlarge_use1-az5': 15, 'c6a.4xlarge_use1-az6': 50, 'c6a.8xlarge_use1-az1': 5, 'c6a.8xlarge_use1-az2': 50, 'c6a.8xlarge_use1-az4': 30, 'c6a.8xlarge_use1-az5': 25, 'c6a.8xlarge_use1-az6': 50, 'c6a.large_use1-az1': 45, 'c6a.large_use1-az2': 50, 'c6a.large_use1-az4': 50, 'c6a.large_use1-az5': 50, 'c6a.large_use1-az6': 20, 'c6a.xlarge_use1-az1': 15, 'c6a.xlarge_use1-az2': 25, 'c6a.xlarge_use1-az4': 25, 'c6a.xlarge_use1-az5': 15, 'c6a.xlarge_use1-az6': 25, 'c6g.12xlarge_use1-az1': 15, 'c6g.12xlarge_use1-az2': 25, 'c6g.12xlarge_use1-az4': 50, 'c6g.12xlarge_use1-az5': 5, 'c6g.12xlarge_use1-az6': 50, 'c6g.16xlarge_use1-az1': 1, 'c6g.16xlarge_use1-az2': 15, 'c6g.16xlarge_use1-az4': 50, 'c6g.16xlarge_use1-az5': 5, 'c6g.16xlarge_use1-az6': 50, 'c6g.2xlarge_use1-az1': 5, 'c6g.2xlarge_use1-az2': 50, 'c6g.2xlarge_use1-az4': 50, 'c6g.2xlarge_use1-az5': 15, 'c6g.2xlarge_use1-az6': 50, 'c6g.4xlarge_use1-az1': 50, 'c6g.4xlarge_use1-az2': 50, 'c6g.4xlarge_use1-az4': 50, 'c6g.4xlarge_use1-az5': 50, 'c6g.4xlarge_use1-az6': 50, 'c6g.8xlarge_use1-az1': 50, 'c6g.8xlarge_use1-az2': 50, 'c6g.8xlarge_use1-az4': 50, 'c6g.8xlarge_use1-az5': 50, 'c6g.8xlarge_use1-az6': 50, 'c6g.large_use1-az1': 5, 'c6g.large_use1-az2': 50, 'c6g.large_use1-az4': 50, 'c6g.large_use1-az5': 50, 'c6g.large_use1-az6': 50, 'c6g.xlarge_use1-az1': 30, 'c6g.xlarge_use1-az2': 50, 'c6g.xlarge_use1-az4': 50, 'c6g.xlarge_use1-az5': 10, 'c6g.xlarge_use1-az6': 50, 'c6gd.12xlarge_use1-az2': 50, 'c6gd.12xlarge_use1-az4': 30, 'c6gd.12xlarge_use1-az5': 1, 'c6gd.12xlarge_use1-az6': 50, 'c6gd.16xlarge_use1-az2': 50, 'c6gd.16xlarge_use1-az4': 30, 'c6gd.16xlarge_use1-az6': 50, 'c6gd.2xlarge_use1-az1': 15, 'c6gd.2xlarge_use1-az2': 50, 'c6gd.2xlarge_use1-az4': 50, 'c6gd.2xlarge_use1-az5': 1, 'c6gd.2xlarge_use1-az6': 50, 'c6gd.4xlarge_use1-az1': 20, 'c6gd.4xlarge_use1-az2': 50, 'c6gd.4xlarge_use1-az4': 50, 'c6gd.4xlarge_use1-az5': 10, 'c6gd.4xlarge_use1-az6': 50, 'c6gd.8xlarge_use1-az1': 25, 'c6gd.8xlarge_use1-az2': 45, 'c6gd.8xlarge_use1-az4': 45, 'c6gd.8xlarge_use1-az5': 1, 'c6gd.8xlarge_use1-az6': 50, 'c6gd.large_use1-az1': 50, 'c6gd.large_use1-az2': 5, 'c6gd.large_use1-az4': 20, 'c6gd.large_use1-az5': 1, 'c6gd.large_use1-az6': 50, 'c6gd.xlarge_use1-az1': 50, 'c6gd.xlarge_use1-az2': 1, 'c6gd.xlarge_use1-az4': 1, 'c6gd.xlarge_use1-az5': 50, 'c6gd.xlarge_use1-az6': 50, 'c6gn.12xlarge_use1-az2': 25, 'c6gn.12xlarge_use1-az4': 50, 'c6gn.12xlarge_use1-az5': 1, 'c6gn.16xlarge_use1-az1': 1, 'c6gn.16xlarge_use1-az2': 50, 'c6gn.16xlarge_use1-az4': 50, 'c6gn.16xlarge_use1-az5': 10, 'c6gn.2xlarge_use1-az1': 5, 'c6gn.2xlarge_use1-az2': 1, 'c6gn.2xlarge_use1-az4': 20, 'c6gn.2xlarge_use1-az5': 1, 'c6gn.4xlarge_use1-az1': 1, 'c6gn.4xlarge_use1-az2': 40, 'c6gn.4xlarge_use1-az4': 35, 'c6gn.4xlarge_use1-az5': 10, 'c6gn.8xlarge_use1-az1': 25, 'c6gn.8xlarge_use1-az2': 35, 'c6gn.8xlarge_use1-az4': 30, 'c6gn.8xlarge_use1-az5': 5, 'c6gn.8xlarge_use1-az6': 5, 'c6gn.large_use1-az1': 5, 'c6gn.large_use1-az2': 25, 'c6gn.large_use1-az4': 10, 'c6gn.large_use1-az5': 15, 'c6gn.large_use1-az6': 1, 'c6gn.xlarge_use1-az1': 5, 'c6gn.xlarge_use1-az2': 10, 'c6gn.xlarge_use1-az4': 15, 'c6gn.xlarge_use1-az5': 5, 'c6gn.xlarge_use1-az6': 1, 'c6i.12xlarge_use1-az1': 15, 'c6i.12xlarge_use1-az2': 15, 'c6i.12xlarge_use1-az4': 30, 'c6i.12xlarge_use1-az5': 5, 'c6i.12xlarge_use1-az6': 5, 'c6i.16xlarge_use1-az1': 5, 'c6i.16xlarge_use1-az2': 15, 'c6i.16xlarge_use1-az4': 25, 'c6i.16xlarge_use1-az5': 10, 'c6i.16xlarge_use1-az6': 30, 'c6i.24xlarge_use1-az1': 5, 'c6i.24xlarge_use1-az2': 5, 'c6i.24xlarge_use1-az4': 10, 'c6i.24xlarge_use1-az5': 1, 'c6i.24xlarge_use1-az6': 15, 'c6i.2xlarge_use1-az1': 20, 'c6i.2xlarge_use1-az2': 50, 'c6i.2xlarge_use1-az4': 50, 'c6i.2xlarge_use1-az5': 5, 'c6i.2xlarge_use1-az6': 50, 'c6i.32xlarge_use1-az1': 10, 'c6i.32xlarge_use1-az2': 5, 'c6i.32xlarge_use1-az4': 50, 'c6i.32xlarge_use1-az5': 1, 'c6i.32xlarge_use1-az6': 40, 'c6i.4xlarge_use1-az1': 10, 'c6i.4xlarge_use1-az2': 40, 'c6i.4xlarge_use1-az4': 50, 'c6i.4xlarge_use1-az5': 15, 'c6i.4xlarge_use1-az6': 50, 'c6i.8xlarge_use1-az1': 10, 'c6i.8xlarge_use1-az2': 45, 'c6i.8xlarge_use1-az4': 50, 'c6i.8xlarge_use1-az5': 10, 'c6i.8xlarge_use1-az6': 50, 'c6i.large_use1-az1': 10, 'c6i.large_use1-az2': 40, 'c6i.large_use1-az4': 30, 'c6i.large_use1-az5': 10, 'c6i.large_use1-az6': 50, 'c6i.xlarge_use1-az1': 50, 'c6i.xlarge_use1-az2': 45, 'c6i.xlarge_use1-az4': 35, 'c6i.xlarge_use1-az5': 10, 'c6i.xlarge_use1-az6': 50, 'c6id.12xlarge_use1-az1': 1, 'c6id.12xlarge_use1-az2': 1, 'c6id.12xlarge_use1-az4': 5, 'c6id.12xlarge_use1-az6': 5, 'c6id.16xlarge_use1-az1': 1, 'c6id.16xlarge_use1-az2': 5, 'c6id.16xlarge_use1-az4': 5, 'c6id.16xlarge_use1-az5': 1, 'c6id.16xlarge_use1-az6': 1, 'c6id.24xlarge_use1-az1': 5, 'c6id.24xlarge_use1-az2': 15, 'c6id.24xlarge_use1-az4': 5, 'c6id.24xlarge_use1-az5': 1, 'c6id.24xlarge_use1-az6': 10, 'c6id.2xlarge_use1-az1': 1, 'c6id.2xlarge_use1-az2': 1, 'c6id.2xlarge_use1-az4': 5, 'c6id.2xlarge_use1-az5': 5, 'c6id.2xlarge_use1-az6': 1, 'c6id.32xlarge_use1-az1': 1, 'c6id.32xlarge_use1-az2': 5, 'c6id.32xlarge_use1-az4': 10, 'c6id.32xlarge_use1-az5': 1, 'c6id.32xlarge_use1-az6': 5, 'c6id.4xlarge_use1-az1': 15, 'c6id.4xlarge_use1-az2': 10, 'c6id.4xlarge_use1-az4': 10, 'c6id.4xlarge_use1-az5': 1, 'c6id.4xlarge_use1-az6': 5, 'c6id.8xlarge_use1-az1': 5, 'c6id.8xlarge_use1-az2': 1, 'c6id.8xlarge_use1-az4': 5, 'c6id.8xlarge_use1-az5': 1, 'c6id.8xlarge_use1-az6': 1, 'c6id.large_use1-az1': 5, 'c6id.large_use1-az2': 5, 'c6id.large_use1-az4': 1, 'c6id.large_use1-az5': 5, 'c6id.large_use1-az6': 5, 'c6id.xlarge_use1-az1': 5, 'c6id.xlarge_use1-az2': 1, 'c6id.xlarge_use1-az4': 5, 'c6id.xlarge_use1-az5': 1, 'c6id.xlarge_use1-az6': 1, 'c6in.12xlarge_use1-az1': 1, 'c6in.12xlarge_use1-az6': 1, 'c6in.16xlarge_use1-az4': 1, 'c6in.24xlarge_use1-az6': 1, 'c6in.2xlarge_use1-az1': 1, 'c6in.2xlarge_use1-az2': 1, 'c6in.2xlarge_use1-az4': 1, 'c6in.2xlarge_use1-az6': 1, 'c6in.32xlarge_use1-az1': 1, 'c6in.32xlarge_use1-az6': 1, 'c6in.4xlarge_use1-az1': 5, 'c6in.4xlarge_use1-az2': 5, 'c6in.4xlarge_use1-az4': 5, 'c6in.4xlarge_use1-az6': 25, 'c6in.8xlarge_use1-az1': 1, 'c6in.8xlarge_use1-az6': 1, 'c6in.large_use1-az1': 5, 'c6in.large_use1-az2': 1, 'c6in.large_use1-az4': 1, 'c6in.large_use1-az5': 1, 'c6in.large_use1-az6': 5, 'c6in.xlarge_use1-az1': 20, 'c6in.xlarge_use1-az2': 1, 'c6in.xlarge_use1-az4': 1, 'c6in.xlarge_use1-az6': 10, 'c7a.12xlarge_use1-az1': 5, 'c7a.12xlarge_use1-az2': 5, 'c7a.12xlarge_use1-az4': 1, 'c7a.12xlarge_use1-az6': 15, 'c7a.16xlarge_use1-az1': 1, 'c7a.16xlarge_use1-az2': 1, 'c7a.16xlarge_use1-az6': 5, 'c7a.24xlarge_use1-az1': 1, 'c7a.24xlarge_use1-az2': 1, 'c7a.24xlarge_use1-az5': 1, 'c7a.24xlarge_use1-az6': 5, 'c7a.2xlarge_use1-az1': 1, 'c7a.2xlarge_use1-az2': 1, 'c7a.2xlarge_use1-az4': 25, 'c7a.2xlarge_use1-az5': 1, 'c7a.2xlarge_use1-az6': 10, 'c7a.32xlarge_use1-az1': 1, 'c7a.32xlarge_use1-az2': 1, 'c7a.32xlarge_use1-az6': 15, 'c7a.48xlarge_use1-az1': 1, 'c7a.48xlarge_use1-az2': 1, 'c7a.48xlarge_use1-az5': 1, 'c7a.48xlarge_use1-az6': 20, 'c7a.4xlarge_use1-az1': 5, 'c7a.4xlarge_use1-az2': 10, 'c7a.4xlarge_use1-az4': 5, 'c7a.4xlarge_use1-az5': 1, 'c7a.4xlarge_use1-az6': 50, 'c7a.8xlarge_use1-az1': 1, 'c7a.8xlarge_use1-az2': 1, 'c7a.8xlarge_use1-az4': 1, 'c7a.8xlarge_use1-az6': 10, 'c7a.large_use1-az1': 15, 'c7a.large_use1-az2': 25, 'c7a.large_use1-az4': 30, 'c7a.large_use1-az5': 10, 'c7a.large_use1-az6': 50, 'c7a.xlarge_use1-az1': 5, 'c7a.xlarge_use1-az2': 5, 'c7a.xlarge_use1-az4': 10, 'c7a.xlarge_use1-az5': 5, 'c7a.xlarge_use1-az6': 15, 'c7g.12xlarge_use1-az1': 15, 'c7g.12xlarge_use1-az2': 50, 'c7g.12xlarge_use1-az4': 15, 'c7g.12xlarge_use1-az5': 1, 'c7g.12xlarge_use1-az6': 50, 'c7g.16xlarge_use1-az1': 25, 'c7g.16xlarge_use1-az2': 40, 'c7g.16xlarge_use1-az4': 50, 'c7g.16xlarge_use1-az5': 10, 'c7g.16xlarge_use1-az6': 50, 'c7g.2xlarge_use1-az1': 50, 'c7g.2xlarge_use1-az2': 50, 'c7g.2xlarge_use1-az4': 50, 'c7g.2xlarge_use1-az5': 50, 'c7g.2xlarge_use1-az6': 50, 'c7g.4xlarge_use1-az1': 50, 'c7g.4xlarge_use1-az2': 50, 'c7g.4xlarge_use1-az4': 50, 'c7g.4xlarge_use1-az5': 50, 'c7g.4xlarge_use1-az6': 50, 'c7g.8xlarge_use1-az1': 50, 'c7g.8xlarge_use1-az2': 50, 'c7g.8xlarge_use1-az4': 50, 'c7g.8xlarge_use1-az5': 50, 'c7g.8xlarge_use1-az6': 50, 'c7g.large_use1-az1': 5, 'c7g.large_use1-az2': 45, 'c7g.large_use1-az4': 30, 'c7g.large_use1-az5': 10, 'c7g.large_use1-az6': 30, 'c7g.xlarge_use1-az1': 50, 'c7g.xlarge_use1-az2': 50, 'c7g.xlarge_use1-az4': 50, 'c7g.xlarge_use1-az5': 50, 'c7g.xlarge_use1-az6': 50, 'c7gd.12xlarge_use1-az1': 5, 'c7gd.12xlarge_use1-az2': 30, 'c7gd.12xlarge_use1-az4': 15, 'c7gd.12xlarge_use1-az5': 15, 'c7gd.12xlarge_use1-az6': 50, 'c7gd.16xlarge_use1-az1': 5, 'c7gd.16xlarge_use1-az2': 30, 'c7gd.16xlarge_use1-az4': 40, 'c7gd.16xlarge_use1-az5': 1, 'c7gd.16xlarge_use1-az6': 50, 'c7gd.2xlarge_use1-az1': 15, 'c7gd.2xlarge_use1-az2': 50, 'c7gd.2xlarge_use1-az4': 50, 'c7gd.2xlarge_use1-az5': 5, 'c7gd.2xlarge_use1-az6': 50, 'c7gd.4xlarge_use1-az1': 30, 'c7gd.4xlarge_use1-az2': 25, 'c7gd.4xlarge_use1-az4': 50, 'c7gd.4xlarge_use1-az5': 1, 'c7gd.4xlarge_use1-az6': 50, 'c7gd.8xlarge_use1-az1': 5, 'c7gd.8xlarge_use1-az2': 15, 'c7gd.8xlarge_use1-az4': 10, 'c7gd.8xlarge_use1-az5': 5, 'c7gd.8xlarge_use1-az6': 20, 'c7gd.large_use1-az1': 1, 'c7gd.large_use1-az2': 25, 'c7gd.large_use1-az4': 5, 'c7gd.large_use1-az5': 10, 'c7gd.large_use1-az6': 20, 'c7gd.xlarge_use1-az1': 15, 'c7gd.xlarge_use1-az2': 50, 'c7gd.xlarge_use1-az4': 5, 'c7gd.xlarge_use1-az5': 15, 'c7gd.xlarge_use1-az6': 25, 'c7gn.12xlarge_use1-az2': 1, 'c7gn.12xlarge_use1-az5': 1, 'c7gn.12xlarge_use1-az6': 1, 'c7gn.16xlarge_use1-az2': 5, 'c7gn.16xlarge_use1-az5': 5, 'c7gn.16xlarge_use1-az6': 20, 'c7gn.2xlarge_use1-az1': 1, 'c7gn.2xlarge_use1-az2': 1, 'c7gn.2xlarge_use1-az5': 1, 'c7gn.2xlarge_use1-az6': 5, 'c7gn.4xlarge_use1-az2': 50, 'c7gn.4xlarge_use1-az4': 1, 'c7gn.4xlarge_use1-az5': 1, 'c7gn.4xlarge_use1-az6': 50, 'c7gn.8xlarge_use1-az2': 1, 'c7gn.8xlarge_use1-az5': 1, 'c7gn.8xlarge_use1-az6': 5, 'c7gn.large_use1-az1': 1, 'c7gn.large_use1-az2': 10, 'c7gn.large_use1-az5': 10, 'c7gn.large_use1-az6': 10, 'c7gn.xlarge_use1-az1': 1, 'c7gn.xlarge_use1-az2': 5, 'c7gn.xlarge_use1-az5': 5, 'c7gn.xlarge_use1-az6': 5, 'c7i-flex.2xlarge_use1-az1': 50, 'c7i-flex.2xlarge_use1-az2': 50, 'c7i-flex.2xlarge_use1-az4': 50, 'c7i-flex.2xlarge_use1-az5': 15, 'c7i-flex.2xlarge_use1-az6': 50, 'c7i-flex.4xlarge_use1-az1': 1, 'c7i-flex.4xlarge_use1-az2': 1, 'c7i-flex.4xlarge_use1-az4': 1, 'c7i-flex.4xlarge_use1-az6': 5, 'c7i-flex.8xlarge_use1-az1': 1, 'c7i-flex.8xlarge_use1-az2': 1, 'c7i-flex.8xlarge_use1-az4': 1, 'c7i-flex.8xlarge_use1-az6': 5, 'c7i-flex.large_use1-az1': 40, 'c7i-flex.large_use1-az2': 50, 'c7i-flex.large_use1-az4': 10, 'c7i-flex.large_use1-az5': 1, 'c7i-flex.large_use1-az6': 50, 'c7i-flex.xlarge_use1-az1': 50, 'c7i-flex.xlarge_use1-az2': 50, 'c7i-flex.xlarge_use1-az4': 50, 'c7i-flex.xlarge_use1-az5': 5, 'c7i-flex.xlarge_use1-az6': 50, 'c7i.12xlarge_use1-az1': 5, 'c7i.12xlarge_use1-az2': 15, 'c7i.12xlarge_use1-az4': 15, 'c7i.12xlarge_use1-az6': 5, 'c7i.16xlarge_use1-az1': 1, 'c7i.16xlarge_use1-az2': 5, 'c7i.16xlarge_use1-az4': 1, 'c7i.16xlarge_use1-az6': 15, 'c7i.24xlarge_use1-az1': 5, 'c7i.24xlarge_use1-az2': 5, 'c7i.24xlarge_use1-az4': 5, 'c7i.24xlarge_use1-az5': 1, 'c7i.24xlarge_use1-az6': 15, 'c7i.2xlarge_use1-az1': 10, 'c7i.2xlarge_use1-az2': 10, 'c7i.2xlarge_use1-az4': 10, 'c7i.2xlarge_use1-az5': 5, 'c7i.2xlarge_use1-az6': 25, 'c7i.48xlarge_use1-az1': 10, 'c7i.48xlarge_use1-az2': 10, 'c7i.48xlarge_use1-az4': 5, 'c7i.48xlarge_use1-az5': 1, 'c7i.48xlarge_use1-az6': 50, 'c7i.4xlarge_use1-az1': 5, 'c7i.4xlarge_use1-az2': 5, 'c7i.4xlarge_use1-az4': 5, 'c7i.4xlarge_use1-az5': 1, 'c7i.4xlarge_use1-az6': 15, 'c7i.8xlarge_use1-az1': 1, 'c7i.8xlarge_use1-az2': 5, 'c7i.8xlarge_use1-az4': 5, 'c7i.8xlarge_use1-az6': 10, 'c7i.large_use1-az1': 45, 'c7i.large_use1-az2': 50, 'c7i.large_use1-az4': 50, 'c7i.large_use1-az5': 5, 'c7i.large_use1-az6': 50, 'c7i.xlarge_use1-az1': 5, 'c7i.xlarge_use1-az2': 10, 'c7i.xlarge_use1-az4': 5, 'c7i.xlarge_use1-az5': 1, 'c7i.xlarge_use1-az6': 5, 'c8g.12xlarge_use1-az1': 1, 'c8g.12xlarge_use1-az2': 5, 'c8g.12xlarge_use1-az4': 1, 'c8g.12xlarge_use1-az6': 25, 'c8g.16xlarge_use1-az1': 10, 'c8g.16xlarge_use1-az2': 5, 'c8g.16xlarge_use1-az4': 1, 'c8g.16xlarge_use1-az6': 50, 'c8g.24xlarge_use1-az1': 5, 'c8g.24xlarge_use1-az2': 10, 'c8g.24xlarge_use1-az4': 1, 'c8g.24xlarge_use1-az6': 25, 'c8g.2xlarge_use1-az1': 5, 'c8g.2xlarge_use1-az2': 5, 'c8g.2xlarge_use1-az4': 50, 'c8g.2xlarge_use1-az5': 1, 'c8g.2xlarge_use1-az6': 50, 'c8g.48xlarge_use1-az1': 1, 'c8g.48xlarge_use1-az2': 5, 'c8g.48xlarge_use1-az6': 50, 'c8g.4xlarge_use1-az1': 35, 'c8g.4xlarge_use1-az2': 15, 'c8g.4xlarge_use1-az4': 20, 'c8g.4xlarge_use1-az5': 10, 'c8g.4xlarge_use1-az6': 50, 'c8g.8xlarge_use1-az1': 1, 'c8g.8xlarge_use1-az2': 5, 'c8g.8xlarge_use1-az4': 5, 'c8g.8xlarge_use1-az6': 50, 'c8g.large_use1-az1': 5, 'c8g.large_use1-az2': 20, 'c8g.large_use1-az4': 5, 'c8g.large_use1-az5': 1, 'c8g.large_use1-az6': 40, 'c8g.metal-24xl_use1-az2': 1, 'c8g.metal-24xl_use1-az6': 20, 'c8g.metal-48xl_use1-az1': 1, 'c8g.metal-48xl_use1-az2': 1, 'c8g.metal-48xl_use1-az6': 50, 'c8g.xlarge_use1-az1': 5, 'c8g.xlarge_use1-az2': 30, 'c8g.xlarge_use1-az4': 5, 'c8g.xlarge_use1-az5': 1, 'c8g.xlarge_use1-az6': 50, 'c8gd.12xlarge_use1-az2': 5, 'c8gd.12xlarge_use1-az4': 5, 'c8gd.12xlarge_use1-az5': 1, 'c8gd.12xlarge_use1-az6': 5, 'c8gd.16xlarge_use1-az2': 10, 'c8gd.16xlarge_use1-az4': 10, 'c8gd.16xlarge_use1-az5': 5, 'c8gd.16xlarge_use1-az6': 50, 'c8gd.24xlarge_use1-az2': 1, 'c8gd.24xlarge_use1-az4': 5, 'c8gd.24xlarge_use1-az5': 1, 'c8gd.24xlarge_use1-az6': 5, 'c8gd.2xlarge_use1-az2': 50, 'c8gd.2xlarge_use1-az4': 50, 'c8gd.2xlarge_use1-az5': 10, 'c8gd.2xlarge_use1-az6': 50, 'c8gd.48xlarge_use1-az2': 1, 'c8gd.48xlarge_use1-az6': 15, 'c8gd.4xlarge_use1-az2': 10, 'c8gd.4xlarge_use1-az4': 30, 'c8gd.4xlarge_use1-az5': 1, 'c8gd.4xlarge_use1-az6': 50, 'c8gd.8xlarge_use1-az2': 1, 'c8gd.8xlarge_use1-az4': 1, 'c8gd.8xlarge_use1-az5': 1, 'c8gd.8xlarge_use1-az6': 5, 'c8gd.large_use1-az1': 1, 'c8gd.large_use1-az2': 40, 'c8gd.large_use1-az4': 35, 'c8gd.large_use1-az6': 50, 'c8gd.metal-24xl_use1-az2': 1, 'c8gd.metal-24xl_use1-az4': 1, 'c8gd.metal-24xl_use1-az5': 1, 'c8gd.metal-24xl_use1-az6': 5, 'c8gd.metal-48xl_use1-az2': 1, 'c8gd.metal-48xl_use1-az6': 1, 'c8gd.xlarge_use1-az1': 1, 'c8gd.xlarge_use1-az2': 20, 'c8gd.xlarge_use1-az4': 20, 'c8gd.xlarge_use1-az5': 15, 'c8gd.xlarge_use1-az6': 50, 'c8gn.2xlarge_use1-az2': 1, 'c8gn.2xlarge_use1-az4': 1, 'c8gn.2xlarge_use1-az6': 1, 'c8gn.4xlarge_use1-az2': 1, 'c8gn.4xlarge_use1-az5': 1, 'c8gn.8xlarge_use1-az2': 1, 'c8gn.8xlarge_use1-az6': 1, 'c8gn.large_use1-az6': 1, 'c8i-flex.12xlarge_use1-az6': 1, 'c8i-flex.16xlarge_use1-az6': 1, 'c8i-flex.2xlarge_use1-az2': 25, 'c8i-flex.2xlarge_use1-az4': 15, 'c8i-flex.2xlarge_use1-az6': 50, 'c8i-flex.4xlarge_use1-az2': 5, 'c8i-flex.4xlarge_use1-az4': 1, 'c8i-flex.4xlarge_use1-az6': 5, 'c8i-flex.8xlarge_use1-az6': 1, 'c8i-flex.large_use1-az4': 20, 'c8i-flex.xlarge_use1-az2': 40, 'c8i-flex.xlarge_use1-az4': 5, 'c8i-flex.xlarge_use1-az6': 50, 'c8i.12xlarge_use1-az2': 1, 'c8i.12xlarge_use1-az4': 1, 'c8i.12xlarge_use1-az6': 1, 'c8i.16xlarge_use1-az6': 1, 'c8i.24xlarge_use1-az6': 1, 'c8i.2xlarge_use1-az2': 10, 'c8i.2xlarge_use1-az4': 5, 'c8i.2xlarge_use1-az6': 20, 'c8i.32xlarge_use1-az2': 1, 'c8i.32xlarge_use1-az4': 1, 'c8i.32xlarge_use1-az6': 5, 'c8i.48xlarge_use1-az2': 1, 'c8i.48xlarge_use1-az6': 1, 'c8i.4xlarge_use1-az2': 5, 'c8i.4xlarge_use1-az4': 5, 'c8i.4xlarge_use1-az6': 5, 'c8i.8xlarge_use1-az2': 1, 'c8i.8xlarge_use1-az4': 1, 'c8i.8xlarge_use1-az6': 5, 'c8i.96xlarge_use1-az2': 1, 'c8i.96xlarge_use1-az6': 5, 'c8i.metal-48xl_use1-az2': 1, 'c8i.metal-96xl_use1-az2': 1, 'c8i.metal-96xl_use1-az6': 5, 'c8i.xlarge_use1-az2': 50, 'c8i.xlarge_use1-az4': 15, 'c8i.xlarge_use1-az6': 50, 'd2.2xlarge_use1-az1': 1, 'd2.2xlarge_use1-az6': 1, 'd2.4xlarge_use1-az2': 1, 'd2.4xlarge_use1-az6': 1, 'd2.xlarge_use1-az6': 1, 'd3.2xlarge_use1-az1': 15, 'd3.2xlarge_use1-az2': 45, 'd3.2xlarge_use1-az4': 40, 'd3.2xlarge_use1-az6': 35, 'd3.4xlarge_use1-az1': 1, 'd3.4xlarge_use1-az2': 5, 'd3.4xlarge_use1-az4': 15, 'd3.4xlarge_use1-az6': 5, 'd3.8xlarge_use1-az1': 1, 'd3.8xlarge_use1-az2': 40, 'd3.8xlarge_use1-az4': 35, 'd3.8xlarge_use1-az6': 20, 'd3.xlarge_use1-az1': 10, 'd3.xlarge_use1-az2': 50, 'd3.xlarge_use1-az4': 45, 'd3.xlarge_use1-az6': 25, 'd3en.12xlarge_use1-az1': 1, 'd3en.12xlarge_use1-az2': 10, 'd3en.12xlarge_use1-az4': 20, 'd3en.12xlarge_use1-az6': 50, 'd3en.2xlarge_use1-az1': 5, 'd3en.2xlarge_use1-az2': 25, 'd3en.2xlarge_use1-az4': 15, 'd3en.2xlarge_use1-az6': 50, 'd3en.4xlarge_use1-az2': 5, 'd3en.4xlarge_use1-az4': 10, 'd3en.4xlarge_use1-az6': 50, 'd3en.6xlarge_use1-az1': 1, 'd3en.6xlarge_use1-az2': 5, 'd3en.6xlarge_use1-az4': 15, 'd3en.6xlarge_use1-az6': 50, 'd3en.8xlarge_use1-az1': 1, 'd3en.8xlarge_use1-az2': 15, 'd3en.8xlarge_use1-az4': 5, 'd3en.8xlarge_use1-az6': 50, 'd3en.xlarge_use1-az1': 5, 'd3en.xlarge_use1-az2': 50, 'd3en.xlarge_use1-az4': 30, 'd3en.xlarge_use1-az6': 50, 'f2.12xlarge_use1-az2': 1, 'f2.12xlarge_use1-az4': 1, 'f2.12xlarge_use1-az6': 1, 'f2.48xlarge_use1-az2': 5, 'f2.48xlarge_use1-az4': 5, 'f2.48xlarge_use1-az6': 1, 'g4ad.16xlarge_use1-az1': 5, 'g4ad.16xlarge_use1-az2': 5, 'g4ad.16xlarge_use1-az4': 5, 'g4ad.16xlarge_use1-az6': 10, 'g4ad.2xlarge_use1-az1': 5, 'g4ad.2xlarge_use1-az2': 10, 'g4ad.2xlarge_use1-az4': 10, 'g4ad.2xlarge_use1-az6': 10, 'g4ad.4xlarge_use1-az1': 10, 'g4ad.4xlarge_use1-az2': 15, 'g4ad.4xlarge_use1-az4': 15, 'g4ad.4xlarge_use1-az6': 5, 'g4ad.8xlarge_use1-az1': 1, 'g4ad.8xlarge_use1-az2': 5, 'g4ad.8xlarge_use1-az4': 5, 'g4ad.8xlarge_use1-az6': 5, 'g4ad.xlarge_use1-az1': 20, 'g4ad.xlarge_use1-az2': 20, 'g4ad.xlarge_use1-az4': 25, 'g4ad.xlarge_use1-az6': 20, 'g4dn.12xlarge_use1-az1': 5, 'g4dn.12xlarge_use1-az2': 15, 'g4dn.12xlarge_use1-az4': 15, 'g4dn.12xlarge_use1-az5': 15, 'g4dn.12xlarge_use1-az6': 50, 'g4dn.16xlarge_use1-az1': 1, 'g4dn.16xlarge_use1-az2': 10, 'g4dn.16xlarge_use1-az4': 1, 'g4dn.16xlarge_use1-az5': 5, 'g4dn.16xlarge_use1-az6': 15, 'g4dn.2xlarge_use1-az1': 45, 'g4dn.2xlarge_use1-az2': 50, 'g4dn.2xlarge_use1-az4': 50, 'g4dn.2xlarge_use1-az5': 50, 'g4dn.2xlarge_use1-az6': 50, 'g4dn.4xlarge_use1-az1': 5, 'g4dn.4xlarge_use1-az2': 40, 'g4dn.4xlarge_use1-az4': 25, 'g4dn.4xlarge_use1-az5': 40, 'g4dn.4xlarge_use1-az6': 40, 'g4dn.8xlarge_use1-az1': 1, 'g4dn.8xlarge_use1-az2': 1, 'g4dn.8xlarge_use1-az4': 10, 'g4dn.8xlarge_use1-az5': 1, 'g4dn.8xlarge_use1-az6': 5, 'g4dn.xlarge_use1-az1': 50, 'g4dn.xlarge_use1-az2': 50, 'g4dn.xlarge_use1-az4': 50, 'g4dn.xlarge_use1-az5': 50, 'g4dn.xlarge_use1-az6': 50, 'g5.12xlarge_use1-az2': 1, 'g5.12xlarge_use1-az5': 10, 'g5.12xlarge_use1-az6': 5, 'g5.16xlarge_use1-az1': 1, 'g5.16xlarge_use1-az2': 1, 'g5.16xlarge_use1-az4': 5, 'g5.16xlarge_use1-az5': 5, 'g5.16xlarge_use1-az6': 10, 'g5.24xlarge_use1-az1': 1, 'g5.24xlarge_use1-az2': 1, 'g5.24xlarge_use1-az4': 1, 'g5.24xlarge_use1-az5': 1, 'g5.24xlarge_use1-az6': 5, 'g5.2xlarge_use1-az1': 25, 'g5.2xlarge_use1-az2': 15, 'g5.2xlarge_use1-az4': 15, 'g5.2xlarge_use1-az5': 50, 'g5.2xlarge_use1-az6': 45, 'g5.48xlarge_use1-az2': 1, 'g5.48xlarge_use1-az5': 5, 'g5.48xlarge_use1-az6': 25, 'g5.4xlarge_use1-az1': 1, 'g5.4xlarge_use1-az2': 50, 'g5.4xlarge_use1-az4': 50, 'g5.4xlarge_use1-az5': 40, 'g5.4xlarge_use1-az6': 50, 'g5.8xlarge_use1-az1': 1, 'g5.8xlarge_use1-az2': 5, 'g5.8xlarge_use1-az4': 10, 'g5.8xlarge_use1-az5': 20, 'g5.8xlarge_use1-az6': 10, 'g5g.16xlarge_use1-az1': 1, 'g5g.16xlarge_use1-az6': 5, 'g5g.4xlarge_use1-az6': 1, 'g5g.8xlarge_use1-az1': 1, 'g5g.8xlarge_use1-az4': 1, 'g5g.8xlarge_use1-az6': 1, 'g6.12xlarge_use1-az1': 5, 'g6.12xlarge_use1-az2': 1, 'g6.12xlarge_use1-az4': 30, 'g6.12xlarge_use1-az6': 50, 'g6.16xlarge_use1-az1': 1, 'g6.16xlarge_use1-az2': 1, 'g6.16xlarge_use1-az4': 1, 'g6.16xlarge_use1-az6': 5, 'g6.24xlarge_use1-az2': 1, 'g6.24xlarge_use1-az4': 1, 'g6.24xlarge_use1-az6': 1, 'g6.2xlarge_use1-az1': 10, 'g6.2xlarge_use1-az2': 25, 'g6.2xlarge_use1-az4': 50, 'g6.2xlarge_use1-az6': 50, 'g6.48xlarge_use1-az2': 5, 'g6.48xlarge_use1-az4': 30, 'g6.48xlarge_use1-az6': 50, 'g6.4xlarge_use1-az1': 5, 'g6.4xlarge_use1-az2': 10, 'g6.4xlarge_use1-az4': 35, 'g6.4xlarge_use1-az6': 50, 'g6.8xlarge_use1-az1': 5, 'g6.8xlarge_use1-az2': 5, 'g6.8xlarge_use1-az4': 10, 'g6.8xlarge_use1-az6': 15, 'g6e.16xlarge_use1-az1': 10, 'g6e.16xlarge_use1-az2': 15, 'g6e.16xlarge_use1-az4': 40, 'g6e.16xlarge_use1-az6': 20, 'g6e.2xlarge_use1-az2': 1, 'g6e.2xlarge_use1-az4': 10, 'g6e.2xlarge_use1-az6': 5, 'g6e.48xlarge_use1-az4': 5, 'g6e.48xlarge_use1-az6': 1, 'g6e.4xlarge_use1-az1': 1, 'g6e.4xlarge_use1-az4': 5, 'g6e.4xlarge_use1-az6': 1, 'g6e.8xlarge_use1-az1': 1, 'g6e.8xlarge_use1-az2': 1, 'g6e.8xlarge_use1-az4': 1, 'g6e.8xlarge_use1-az6': 1, 'g6f.2xlarge_use1-az1': 1, 'g6f.2xlarge_use1-az4': 1, 'g6f.2xlarge_use1-az6': 5, 'g6f.4xlarge_use1-az1': 1, 'g6f.4xlarge_use1-az4': 1, 'g6f.4xlarge_use1-az6': 1, 'g6f.large_use1-az1': 10, 'g6f.large_use1-az2': 15, 'g6f.large_use1-az4': 40, 'g6f.large_use1-az6': 20, 'g6f.xlarge_use1-az1': 1, 'g6f.xlarge_use1-az2': 1, 'g6f.xlarge_use1-az4': 5, 'g6f.xlarge_use1-az6': 10, 'gr6.4xlarge_use1-az2': 1, 'gr6.4xlarge_use1-az4': 1, 'gr6.4xlarge_use1-az6': 1, 'gr6.8xlarge_use1-az1': 1, 'gr6.8xlarge_use1-az2': 1, 'gr6.8xlarge_use1-az4': 1, 'gr6.8xlarge_use1-az6': 1, 'i2.2xlarge_use1-az2': 10, 'i2.2xlarge_use1-az3': 5, 'i2.2xlarge_use1-az6': 5, 'i2.4xlarge_use1-az1': 1, 'i2.4xlarge_use1-az2': 10, 'i2.4xlarge_use1-az3': 1, 'i2.4xlarge_use1-az4': 10, 'i2.4xlarge_use1-az6': 5, 'i2.8xlarge_use1-az2': 1, 'i2.8xlarge_use1-az3': 1, 'i2.8xlarge_use1-az6': 1, 'i2.xlarge_use1-az1': 1, 'i2.xlarge_use1-az2': 15, 'i2.xlarge_use1-az3': 1, 'i2.xlarge_use1-az4': 20, 'i2.xlarge_use1-az6': 15, 'i3.16xlarge_use1-az1': 20, 'i3.16xlarge_use1-az2': 50, 'i3.16xlarge_use1-az3': 10, 'i3.16xlarge_use1-az4': 50, 'i3.16xlarge_use1-az5': 10, 'i3.16xlarge_use1-az6': 45, 'i3.2xlarge_use1-az1': 50, 'i3.2xlarge_use1-az2': 50, 'i3.2xlarge_use1-az3': 50, 'i3.2xlarge_use1-az4': 50, 'i3.2xlarge_use1-az5': 50, 'i3.2xlarge_use1-az6': 50, 'i3.4xlarge_use1-az1': 50, 'i3.4xlarge_use1-az2': 50, 'i3.4xlarge_use1-az3': 50, 'i3.4xlarge_use1-az4': 50, 'i3.4xlarge_use1-az5': 50, 'i3.4xlarge_use1-az6': 50, 'i3.8xlarge_use1-az1': 50, 'i3.8xlarge_use1-az2': 50, 'i3.8xlarge_use1-az3': 50, 'i3.8xlarge_use1-az4': 50, 'i3.8xlarge_use1-az5': 25, 'i3.8xlarge_use1-az6': 50, 'i3.large_use1-az1': 50, 'i3.large_use1-az2': 50, 'i3.large_use1-az3': 50, 'i3.large_use1-az4': 50, 'i3.large_use1-az5': 50, 'i3.large_use1-az6': 50, 'i3.xlarge_use1-az1': 50, 'i3.xlarge_use1-az2': 50, 'i3.xlarge_use1-az3': 50, 'i3.xlarge_use1-az4': 50, 'i3.xlarge_use1-az5': 50, 'i3.xlarge_use1-az6': 50, 'i3en.12xlarge_use1-az1': 1, 'i3en.12xlarge_use1-az2': 1, 'i3en.12xlarge_use1-az6': 50, 'i3en.24xlarge_use1-az6': 20, 'i3en.2xlarge_use1-az1': 50, 'i3en.2xlarge_use1-az2': 50, 'i3en.2xlarge_use1-az4': 30, 'i3en.2xlarge_use1-az5': 50, 'i3en.2xlarge_use1-az6': 50, 'i3en.3xlarge_use1-az1': 50, 'i3en.3xlarge_use1-az2': 50, 'i3en.3xlarge_use1-az4': 50, 'i3en.3xlarge_use1-az5': 50, 'i3en.3xlarge_use1-az6': 50, 'i3en.6xlarge_use1-az1': 10, 'i3en.6xlarge_use1-az2': 20, 'i3en.6xlarge_use1-az4': 10, 'i3en.6xlarge_use1-az6': 50, 'i3en.large_use1-az1': 50, 'i3en.large_use1-az2': 50, 'i3en.large_use1-az4': 45, 'i3en.large_use1-az5': 35, 'i3en.large_use1-az6': 50, 'i3en.xlarge_use1-az1': 50, 'i3en.xlarge_use1-az2': 50, 'i3en.xlarge_use1-az4': 50, 'i3en.xlarge_use1-az5': 50, 'i3en.xlarge_use1-az6': 50, 'i4g.16xlarge_use1-az2': 1, 'i4g.16xlarge_use1-az4': 1, 'i4g.16xlarge_use1-az5': 50, 'i4g.16xlarge_use1-az6': 50, 'i4g.2xlarge_use1-az2': 10, 'i4g.2xlarge_use1-az4': 15, 'i4g.2xlarge_use1-az5': 40, 'i4g.2xlarge_use1-az6': 50, 'i4g.4xlarge_use1-az2': 25, 'i4g.4xlarge_use1-az4': 30, 'i4g.4xlarge_use1-az5': 50, 'i4g.4xlarge_use1-az6': 50, 'i4g.8xlarge_use1-az5': 45, 'i4g.8xlarge_use1-az6': 15, 'i4g.large_use1-az1': 5, 'i4g.large_use1-az2': 5, 'i4g.large_use1-az4': 5, 'i4g.large_use1-az5': 25, 'i4g.large_use1-az6': 50, 'i4g.xlarge_use1-az2': 10, 'i4g.xlarge_use1-az4': 1, 'i4g.xlarge_use1-az5': 50, 'i4g.xlarge_use1-az6': 50, 'i4i.12xlarge_use1-az2': 5, 'i4i.16xlarge_use1-az1': 1, 'i4i.16xlarge_use1-az2': 1, 'i4i.16xlarge_use1-az4': 1, 'i4i.16xlarge_use1-az6': 1, 'i4i.24xlarge_use1-az2': 1, 'i4i.2xlarge_use1-az1': 15, 'i4i.2xlarge_use1-az2': 50, 'i4i.2xlarge_use1-az4': 50, 'i4i.2xlarge_use1-az5': 1, 'i4i.2xlarge_use1-az6': 50, 'i4i.4xlarge_use1-az1': 1, 'i4i.4xlarge_use1-az2': 35, 'i4i.4xlarge_use1-az4': 1, 'i4i.4xlarge_use1-az6': 15, 'i4i.8xlarge_use1-az1': 1, 'i4i.8xlarge_use1-az2': 40, 'i4i.8xlarge_use1-az6': 5, 'i4i.large_use1-az1': 50, 'i4i.large_use1-az2': 50, 'i4i.large_use1-az4': 50, 'i4i.large_use1-az5': 50, 'i4i.large_use1-az6': 50, 'i4i.xlarge_use1-az1': 50, 'i4i.xlarge_use1-az2': 50, 'i4i.xlarge_use1-az4': 50, 'i4i.xlarge_use1-az5': 50, 'i4i.xlarge_use1-az6': 50, 'i7i.12xlarge_use1-az1': 1, 'i7i.12xlarge_use1-az2': 1, 'i7i.12xlarge_use1-az4': 1, 'i7i.12xlarge_use1-az5': 1, 'i7i.12xlarge_use1-az6': 1, 'i7i.16xlarge_use1-az2': 1, 'i7i.16xlarge_use1-az4': 5, 'i7i.16xlarge_use1-az5': 1, 'i7i.16xlarge_use1-az6': 1, 'i7i.24xlarge_use1-az2': 1, 'i7i.24xlarge_use1-az4': 1, 'i7i.24xlarge_use1-az5': 1, 'i7i.24xlarge_use1-az6': 1, 'i7i.2xlarge_use1-az1': 1, 'i7i.2xlarge_use1-az2': 50, 'i7i.2xlarge_use1-az4': 45, 'i7i.2xlarge_use1-az5': 20, 'i7i.2xlarge_use1-az6': 10, 'i7i.48xlarge_use1-az2': 1, 'i7i.4xlarge_use1-az1': 1, 'i7i.4xlarge_use1-az2': 15, 'i7i.4xlarge_use1-az4': 20, 'i7i.4xlarge_use1-az5': 5, 'i7i.4xlarge_use1-az6': 20, 'i7i.8xlarge_use1-az1': 1, 'i7i.8xlarge_use1-az2': 1, 'i7i.8xlarge_use1-az4': 5, 'i7i.8xlarge_use1-az5': 1, 'i7i.8xlarge_use1-az6': 1, 'i7i.metal-24xl_use1-az2': 1, 'i7i.metal-24xl_use1-az4': 50, 'i7i.metal-24xl_use1-az6': 35, 'i7i.xlarge_use1-az1': 1, 'i7i.xlarge_use1-az6': 20, 'i7ie.12xlarge_use1-az1': 1, 'i7ie.12xlarge_use1-az4': 1, 'i7ie.12xlarge_use1-az6': 30, 'i7ie.18xlarge_use1-az4': 1, 'i7ie.18xlarge_use1-az6': 20, 'i7ie.24xlarge_use1-az1': 1, 'i7ie.24xlarge_use1-az2': 1, 'i7ie.24xlarge_use1-az4': 1, 'i7ie.24xlarge_use1-az6': 50, 'i7ie.2xlarge_use1-az1': 5, 'i7ie.2xlarge_use1-az2': 1, 'i7ie.2xlarge_use1-az4': 15, 'i7ie.2xlarge_use1-az6': 35, 'i7ie.3xlarge_use1-az1': 5, 'i7ie.3xlarge_use1-az2': 1, 'i7ie.3xlarge_use1-az4': 5, 'i7ie.3xlarge_use1-az6': 30, 'i7ie.48xlarge_use1-az6': 50, 'i7ie.6xlarge_use1-az1': 25, 'i7ie.6xlarge_use1-az4': 20, 'i7ie.6xlarge_use1-az6': 50, 'i7ie.large_use1-az1': 45, 'i7ie.large_use1-az2': 15, 'i7ie.large_use1-az4': 50, 'i7ie.large_use1-az6': 50, 'i7ie.metal-24xl_use1-az4': 1, 'i7ie.metal-24xl_use1-az6': 15, 'i7ie.metal-48xl_use1-az6': 10, 'i7ie.xlarge_use1-az1': 10, 'i7ie.xlarge_use1-az2': 25, 'i7ie.xlarge_use1-az4': 45, 'i7ie.xlarge_use1-az6': 50, 'i8g.12xlarge_use1-az6': 1, 'i8g.24xlarge_use1-az6': 10, 'i8g.2xlarge_use1-az2': 1, 'i8g.4xlarge_use1-az2': 1, 'i8g.8xlarge_use1-az6': 5, 'i8g.large_use1-az2': 10, 'i8g.large_use1-az6': 5, 'i8g.xlarge_use1-az2': 1, 'i8g.xlarge_use1-az4': 1, 'i8g.xlarge_use1-az6': 1, 'i8ge.12xlarge_use1-az4': 1, 'i8ge.12xlarge_use1-az6': 5, 'i8ge.18xlarge_use1-az2': 1, 'i8ge.18xlarge_use1-az4': 1, 'i8ge.18xlarge_use1-az6': 5, 'i8ge.24xlarge_use1-az4': 1, 'i8ge.24xlarge_use1-az6': 5, 'i8ge.2xlarge_use1-az4': 10, 'i8ge.3xlarge_use1-az2': 1, 'i8ge.3xlarge_use1-az4': 5, 'i8ge.48xlarge_use1-az4': 5, 'i8ge.6xlarge_use1-az2': 1, 'i8ge.6xlarge_use1-az4': 1, 'i8ge.large_use1-az2': 5, 'i8ge.large_use1-az4': 50, 'i8ge.metal-24xl_use1-az4': 1, 'i8ge.metal-48xl_use1-az6': 1, 'i8ge.xlarge_use1-az4': 20, 'im4gn.16xlarge_use1-az4': 45, 'im4gn.2xlarge_use1-az1': 10, 'im4gn.2xlarge_use1-az4': 20, 'im4gn.2xlarge_use1-az6': 15, 'im4gn.4xlarge_use1-az1': 5, 'im4gn.4xlarge_use1-az4': 15, 'im4gn.8xlarge_use1-az1': 1, 'im4gn.8xlarge_use1-az4': 5, 'im4gn.large_use1-az1': 35, 'im4gn.large_use1-az2': 10, 'im4gn.large_use1-az4': 50, 'im4gn.large_use1-az6': 10, 'im4gn.xlarge_use1-az1': 25, 'im4gn.xlarge_use1-az2': 50, 'im4gn.xlarge_use1-az4': 30, 'im4gn.xlarge_use1-az6': 40, 'inf1.24xlarge_use1-az1': 1, 'inf1.24xlarge_use1-az2': 1, 'inf1.24xlarge_use1-az4': 10, 'inf1.24xlarge_use1-az5': 5, 'inf1.24xlarge_use1-az6': 20, 'inf1.2xlarge_use1-az1': 15, 'inf1.2xlarge_use1-az2': 15, 'inf1.2xlarge_use1-az4': 30, 'inf1.2xlarge_use1-az5': 40, 'inf1.2xlarge_use1-az6': 40, 'inf1.6xlarge_use1-az1': 1, 'inf1.6xlarge_use1-az2': 1, 'inf1.6xlarge_use1-az4': 5, 'inf1.6xlarge_use1-az5': 5, 'inf1.6xlarge_use1-az6': 10, 'inf1.xlarge_use1-az1': 50, 'inf1.xlarge_use1-az2': 50, 'inf1.xlarge_use1-az4': 40, 'inf1.xlarge_use1-az5': 50, 'inf1.xlarge_use1-az6': 50, 'inf2.24xlarge_use1-az4': 1, 'inf2.24xlarge_use1-az6': 10, 'inf2.48xlarge_use1-az6': 15, 'inf2.8xlarge_use1-az2': 5, 'inf2.8xlarge_use1-az4': 5, 'inf2.8xlarge_use1-az5': 1, 'inf2.8xlarge_use1-az6': 1, 'inf2.xlarge_use1-az2': 5, 'inf2.xlarge_use1-az4': 1, 'inf2.xlarge_use1-az6': 50, 'is4gen.2xlarge_use1-az1': 1, 'is4gen.2xlarge_use1-az2': 50, 'is4gen.2xlarge_use1-az4': 50, 'is4gen.2xlarge_use1-az6': 50, 'is4gen.8xlarge_use1-az1': 1, 'is4gen.8xlarge_use1-az4': 1, 'is4gen.large_use1-az1': 5, 'is4gen.medium_use1-az1': 50, 'is4gen.medium_use1-az2': 25, 'is4gen.medium_use1-az4': 40, 'is4gen.medium_use1-az6': 30, 'is4gen.xlarge_use1-az2': 1, 'is4gen.xlarge_use1-az4': 15, 'm1.large_use1-az2': 25, 'm1.large_use1-az4': 20, 'm1.large_use1-az6': 15, 'm1.xlarge_use1-az2': 10, 'm1.xlarge_use1-az4': 10, 'm1.xlarge_use1-az6': 10, 'm2.2xlarge_use1-az1': 5, 'm2.2xlarge_use1-az2': 10, 'm2.2xlarge_use1-az4': 15, 'm2.2xlarge_use1-az6': 5, 'm2.4xlarge_use1-az1': 1, 'm2.4xlarge_use1-az2': 5, 'm2.4xlarge_use1-az4': 5, 'm2.4xlarge_use1-az6': 5, 'm2.xlarge_use1-az1': 5, 'm2.xlarge_use1-az2': 20, 'm2.xlarge_use1-az4': 20, 'm2.xlarge_use1-az6': 15, 'm3.2xlarge_use1-az2': 25, 'm3.2xlarge_use1-az3': 1, 'm3.2xlarge_use1-az4': 40, 'm3.2xlarge_use1-az6': 45, 'm3.large_use1-az2': 50, 'm3.large_use1-az3': 1, 'm3.large_use1-az4': 50, 'm3.large_use1-az6': 50, 'm3.xlarge_use1-az2': 50, 'm3.xlarge_use1-az3': 1, 'm3.xlarge_use1-az4': 50, 'm3.xlarge_use1-az6': 50, 'm4.10xlarge_use1-az1': 5, 'm4.10xlarge_use1-az2': 10, 'm4.10xlarge_use1-az3': 1, 'm4.10xlarge_use1-az4': 50, 'm4.10xlarge_use1-az5': 1, 'm4.10xlarge_use1-az6': 50, 'm4.2xlarge_use1-az1': 5, 'm4.2xlarge_use1-az2': 20, 'm4.2xlarge_use1-az3': 50, 'm4.2xlarge_use1-az4': 20, 'm4.2xlarge_use1-az5': 1, 'm4.2xlarge_use1-az6': 25, 'm4.4xlarge_use1-az1': 50, 'm4.4xlarge_use1-az2': 50, 'm4.4xlarge_use1-az3': 50, 'm4.4xlarge_use1-az4': 25, 'm4.4xlarge_use1-az5': 10, 'm4.4xlarge_use1-az6': 15, 'm4.large_use1-az1': 30, 'm4.large_use1-az2': 50, 'm4.large_use1-az3': 25, 'm4.large_use1-az4': 50, 'm4.large_use1-az5': 10, 'm4.large_use1-az6': 50, 'm4.xlarge_use1-az1': 15, 'm4.xlarge_use1-az2': 50, 'm4.xlarge_use1-az3': 50, 'm4.xlarge_use1-az4': 50, 'm4.xlarge_use1-az5': 30, 'm4.xlarge_use1-az6': 50, 'm5.12xlarge_use1-az1': 5, 'm5.12xlarge_use1-az2': 25, 'm5.12xlarge_use1-az4': 50, 'm5.12xlarge_use1-az5': 1, 'm5.12xlarge_use1-az6': 40, 'm5.16xlarge_use1-az1': 10, 'm5.16xlarge_use1-az2': 50, 'm5.16xlarge_use1-az4': 50, 'm5.16xlarge_use1-az5': 1, 'm5.16xlarge_use1-az6': 50, 'm5.24xlarge_use1-az1': 5, 'm5.24xlarge_use1-az2': 5, 'm5.24xlarge_use1-az4': 5, 'm5.24xlarge_use1-az5': 1, 'm5.24xlarge_use1-az6': 35, 'm5.2xlarge_use1-az1': 50, 'm5.2xlarge_use1-az2': 50, 'm5.2xlarge_use1-az4': 50, 'm5.2xlarge_use1-az5': 50, 'm5.2xlarge_use1-az6': 50, 'm5.4xlarge_use1-az1': 50, 'm5.4xlarge_use1-az2': 50, 'm5.4xlarge_use1-az4': 50, 'm5.4xlarge_use1-az5': 10, 'm5.4xlarge_use1-az6': 50, 'm5.8xlarge_use1-az1': 50, 'm5.8xlarge_use1-az2': 40, 'm5.8xlarge_use1-az4': 50, 'm5.8xlarge_use1-az5': 1, 'm5.8xlarge_use1-az6': 50, 'm5.large_use1-az1': 50, 'm5.large_use1-az2': 50, 'm5.large_use1-az4': 50, 'm5.large_use1-az5': 50, 'm5.large_use1-az6': 50, 'm5.xlarge_use1-az1': 50, 'm5.xlarge_use1-az2': 50, 'm5.xlarge_use1-az4': 50, 'm5.xlarge_use1-az5': 50, 'm5.xlarge_use1-az6': 50, 'm5a.12xlarge_use1-az2': 1, 'm5a.12xlarge_use1-az4': 1, 'm5a.12xlarge_use1-az6': 1, 'm5a.16xlarge_use1-az2': 1, 'm5a.16xlarge_use1-az4': 1, 'm5a.16xlarge_use1-az6': 1, 'm5a.24xlarge_use1-az1': 1, 'm5a.24xlarge_use1-az2': 1, 'm5a.24xlarge_use1-az4': 1, 'm5a.24xlarge_use1-az5': 5, 'm5a.24xlarge_use1-az6': 5, 'm5a.2xlarge_use1-az1': 10, 'm5a.2xlarge_use1-az2': 25, 'm5a.2xlarge_use1-az4': 25, 'm5a.2xlarge_use1-az5': 5, 'm5a.2xlarge_use1-az6': 45, 'm5a.4xlarge_use1-az1': 5, 'm5a.4xlarge_use1-az2': 10, 'm5a.4xlarge_use1-az4': 5, 'm5a.4xlarge_use1-az5': 10, 'm5a.4xlarge_use1-az6': 15, 'm5a.8xlarge_use1-az1': 1, 'm5a.8xlarge_use1-az2': 20, 'm5a.8xlarge_use1-az4': 20, 'm5a.8xlarge_use1-az5': 1, 'm5a.8xlarge_use1-az6': 5, 'm5a.large_use1-az1': 50, 'm5a.large_use1-az2': 50, 'm5a.large_use1-az4': 50, 'm5a.large_use1-az5': 45, 'm5a.large_use1-az6': 50, 'm5a.xlarge_use1-az1': 10, 'm5a.xlarge_use1-az2': 30, 'm5a.xlarge_use1-az4': 10, 'm5a.xlarge_use1-az5': 20, 'm5a.xlarge_use1-az6': 50, 'm5ad.12xlarge_use1-az1': 1, 'm5ad.16xlarge_use1-az1': 1, 'm5ad.16xlarge_use1-az2': 1, 'm5ad.16xlarge_use1-az4': 1, 'm5ad.16xlarge_use1-az6': 1, 'm5ad.24xlarge_use1-az1': 5, 'm5ad.24xlarge_use1-az2': 1, 'm5ad.24xlarge_use1-az4': 1, 'm5ad.24xlarge_use1-az6': 5, 'm5ad.2xlarge_use1-az1': 1, 'm5ad.2xlarge_use1-az2': 1, 'm5ad.2xlarge_use1-az4': 5, 'm5ad.2xlarge_use1-az6': 1, 'm5ad.4xlarge_use1-az1': 1, 'm5ad.4xlarge_use1-az2': 1, 'm5ad.4xlarge_use1-az4': 1, 'm5ad.4xlarge_use1-az6': 1, 'm5ad.8xlarge_use1-az2': 1, 'm5ad.large_use1-az1': 10, 'm5ad.large_use1-az2': 5, 'm5ad.large_use1-az4': 10, 'm5ad.large_use1-az5': 1, 'm5ad.large_use1-az6': 10, 'm5ad.xlarge_use1-az1': 1, 'm5ad.xlarge_use1-az2': 10, 'm5ad.xlarge_use1-az4': 5, 'm5ad.xlarge_use1-az6': 5, 'm5d.12xlarge_use1-az1': 1, 'm5d.12xlarge_use1-az2': 25, 'm5d.12xlarge_use1-az4': 30, 'm5d.12xlarge_use1-az6': 15, 'm5d.16xlarge_use1-az1': 5, 'm5d.16xlarge_use1-az2': 35, 'm5d.16xlarge_use1-az4': 20, 'm5d.16xlarge_use1-az5': 1, 'm5d.16xlarge_use1-az6': 50, 'm5d.24xlarge_use1-az1': 20, 'm5d.24xlarge_use1-az2': 15, 'm5d.24xlarge_use1-az4': 5, 'm5d.24xlarge_use1-az5': 1, 'm5d.24xlarge_use1-az6': 50, 'm5d.2xlarge_use1-az1': 5, 'm5d.2xlarge_use1-az2': 25, 'm5d.2xlarge_use1-az4': 25, 'm5d.2xlarge_use1-az6': 30, 'm5d.4xlarge_use1-az1': 5, 'm5d.4xlarge_use1-az2': 15, 'm5d.4xlarge_use1-az4': 25, 'm5d.4xlarge_use1-az6': 25, 'm5d.8xlarge_use1-az1': 1, 'm5d.8xlarge_use1-az2': 25, 'm5d.8xlarge_use1-az4': 10, 'm5d.8xlarge_use1-az5': 1, 'm5d.8xlarge_use1-az6': 10, 'm5d.large_use1-az1': 5, 'm5d.large_use1-az2': 50, 'm5d.large_use1-az4': 50, 'm5d.large_use1-az6': 50, 'm5d.xlarge_use1-az1': 50, 'm5d.xlarge_use1-az2': 50, 'm5d.xlarge_use1-az4': 50, 'm5d.xlarge_use1-az5': 1, 'm5d.xlarge_use1-az6': 50, 'm5dn.12xlarge_use1-az1': 1, 'm5dn.12xlarge_use1-az4': 1, 'm5dn.12xlarge_use1-az6': 1, 'm5dn.16xlarge_use1-az1': 1, 'm5dn.16xlarge_use1-az2': 5, 'm5dn.16xlarge_use1-az4': 1, 'm5dn.16xlarge_use1-az6': 1, 'm5dn.24xlarge_use1-az1': 1, 'm5dn.24xlarge_use1-az2': 1, 'm5dn.24xlarge_use1-az4': 1, 'm5dn.24xlarge_use1-az6': 5, 'm5dn.2xlarge_use1-az1': 10, 'm5dn.2xlarge_use1-az2': 5, 'm5dn.2xlarge_use1-az4': 5, 'm5dn.2xlarge_use1-az5': 1, 'm5dn.2xlarge_use1-az6': 15, 'm5dn.4xlarge_use1-az1': 5, 'm5dn.4xlarge_use1-az2': 5, 'm5dn.4xlarge_use1-az4': 1, 'm5dn.4xlarge_use1-az5': 1, 'm5dn.4xlarge_use1-az6': 5, 'm5dn.8xlarge_use1-az2': 1, 'm5dn.8xlarge_use1-az6': 1, 'm5dn.large_use1-az1': 35, 'm5dn.large_use1-az2': 30, 'm5dn.large_use1-az4': 40, 'm5dn.large_use1-az5': 15, 'm5dn.large_use1-az6': 50, 'm5dn.xlarge_use1-az1': 10, 'm5dn.xlarge_use1-az2': 25, 'm5dn.xlarge_use1-az4': 20, 'm5dn.xlarge_use1-az5': 1, 'm5dn.xlarge_use1-az6': 30, 'm5n.12xlarge_use1-az1': 1, 'm5n.12xlarge_use1-az2': 1, 'm5n.12xlarge_use1-az4': 1, 'm5n.12xlarge_use1-az5': 1, 'm5n.12xlarge_use1-az6': 1, 'm5n.16xlarge_use1-az2': 1, 'm5n.16xlarge_use1-az4': 1, 'm5n.16xlarge_use1-az6': 1, 'm5n.24xlarge_use1-az2': 1, 'm5n.24xlarge_use1-az4': 1, 'm5n.24xlarge_use1-az6': 1, 'm5n.2xlarge_use1-az1': 15, 'm5n.2xlarge_use1-az2': 25, 'm5n.2xlarge_use1-az4': 30, 'm5n.2xlarge_use1-az5': 5, 'm5n.2xlarge_use1-az6': 25, 'm5n.4xlarge_use1-az1': 25, 'm5n.4xlarge_use1-az2': 35, 'm5n.4xlarge_use1-az4': 50, 'm5n.4xlarge_use1-az5': 5, 'm5n.4xlarge_use1-az6': 10, 'm5n.8xlarge_use1-az1': 1, 'm5n.8xlarge_use1-az2': 1, 'm5n.8xlarge_use1-az4': 1, 'm5n.8xlarge_use1-az6': 5, 'm5n.large_use1-az1': 5, 'm5n.large_use1-az2': 15, 'm5n.large_use1-az4': 5, 'm5n.large_use1-az5': 5, 'm5n.large_use1-az6': 15, 'm5n.xlarge_use1-az1': 20, 'm5n.xlarge_use1-az2': 50, 'm5n.xlarge_use1-az4': 50, 'm5n.xlarge_use1-az5': 1, 'm5n.xlarge_use1-az6': 50, 'm5zn.12xlarge_use1-az2': 1, 'm5zn.12xlarge_use1-az4': 10, 'm5zn.12xlarge_use1-az5': 1, 'm5zn.12xlarge_use1-az6': 5, 'm5zn.2xlarge_use1-az1': 1, 'm5zn.2xlarge_use1-az2': 1, 'm5zn.2xlarge_use1-az4': 25, 'm5zn.2xlarge_use1-az5': 1, 'm5zn.2xlarge_use1-az6': 5, 'm5zn.3xlarge_use1-az1': 1, 'm5zn.3xlarge_use1-az2': 1, 'm5zn.3xlarge_use1-az4': 5, 'm5zn.3xlarge_use1-az6': 5, 'm5zn.6xlarge_use1-az4': 1, 'm5zn.6xlarge_use1-az6': 1, 'm5zn.large_use1-az1': 5, 'm5zn.large_use1-az2': 5, 'm5zn.large_use1-az4': 30, 'm5zn.large_use1-az5': 15, 'm5zn.large_use1-az6': 20, 'm5zn.xlarge_use1-az1': 1, 'm5zn.xlarge_use1-az2': 1, 'm5zn.xlarge_use1-az4': 20, 'm5zn.xlarge_use1-az5': 5, 'm5zn.xlarge_use1-az6': 5, 'm6a.12xlarge_use1-az1': 5, 'm6a.12xlarge_use1-az2': 5, 'm6a.12xlarge_use1-az4': 15, 'm6a.12xlarge_use1-az6': 10, 'm6a.16xlarge_use1-az1': 5, 'm6a.16xlarge_use1-az2': 5, 'm6a.16xlarge_use1-az4': 5, 'm6a.16xlarge_use1-az6': 5, 'm6a.24xlarge_use1-az1': 1, 'm6a.24xlarge_use1-az2': 1, 'm6a.24xlarge_use1-az4': 1, 'm6a.24xlarge_use1-az6': 1, 'm6a.2xlarge_use1-az1': 50, 'm6a.2xlarge_use1-az2': 35, 'm6a.2xlarge_use1-az4': 45, 'm6a.2xlarge_use1-az5': 15, 'm6a.2xlarge_use1-az6': 50, 'm6a.32xlarge_use1-az2': 1, 'm6a.32xlarge_use1-az4': 1, 'm6a.32xlarge_use1-az5': 1, 'm6a.32xlarge_use1-az6': 1, 'm6a.48xlarge_use1-az2': 1, 'm6a.48xlarge_use1-az4': 1, 'm6a.48xlarge_use1-az6': 1, 'm6a.4xlarge_use1-az1': 45, 'm6a.4xlarge_use1-az2': 40, 'm6a.4xlarge_use1-az4': 25, 'm6a.4xlarge_use1-az5': 5, 'm6a.4xlarge_use1-az6': 50, 'm6a.8xlarge_use1-az1': 25, 'm6a.8xlarge_use1-az2': 15, 'm6a.8xlarge_use1-az4': 50, 'm6a.8xlarge_use1-az5': 10, 'm6a.8xlarge_use1-az6': 50, 'm6a.large_use1-az1': 50, 'm6a.large_use1-az2': 50, 'm6a.large_use1-az4': 50, 'm6a.large_use1-az5': 30, 'm6a.large_use1-az6': 50, 'm6a.xlarge_use1-az1': 50, 'm6a.xlarge_use1-az2': 50, 'm6a.xlarge_use1-az4': 50, 'm6a.xlarge_use1-az5': 35, 'm6a.xlarge_use1-az6': 50, 'm6g.12xlarge_use1-az1': 1, 'm6g.12xlarge_use1-az2': 5, 'm6g.12xlarge_use1-az4': 50, 'm6g.12xlarge_use1-az6': 50, 'm6g.16xlarge_use1-az1': 1, 'm6g.16xlarge_use1-az2': 5, 'm6g.16xlarge_use1-az4': 25, 'm6g.16xlarge_use1-az6': 50, 'm6g.2xlarge_use1-az1': 15, 'm6g.2xlarge_use1-az2': 50, 'm6g.2xlarge_use1-az4': 50, 'm6g.2xlarge_use1-az5': 5, 'm6g.2xlarge_use1-az6': 50, 'm6g.4xlarge_use1-az1': 10, 'm6g.4xlarge_use1-az2': 50, 'm6g.4xlarge_use1-az4': 50, 'm6g.4xlarge_use1-az5': 10, 'm6g.4xlarge_use1-az6': 50, 'm6g.8xlarge_use1-az1': 5, 'm6g.8xlarge_use1-az2': 50, 'm6g.8xlarge_use1-az4': 50, 'm6g.8xlarge_use1-az6': 50, 'm6g.large_use1-az1': 1, 'm6g.large_use1-az2': 50, 'm6g.large_use1-az4': 50, 'm6g.large_use1-az5': 5, 'm6g.large_use1-az6': 50, 'm6g.medium_use1-az1': 5, 'm6g.medium_use1-az2': 5, 'm6g.medium_use1-az4': 10, 'm6g.medium_use1-az5': 1, 'm6g.medium_use1-az6': 15, 'm6g.xlarge_use1-az1': 50, 'm6g.xlarge_use1-az2': 50, 'm6g.xlarge_use1-az4': 50, 'm6g.xlarge_use1-az5': 50, 'm6g.xlarge_use1-az6': 50, 'm6gd.12xlarge_use1-az1': 10, 'm6gd.12xlarge_use1-az2': 40, 'm6gd.12xlarge_use1-az4': 20, 'm6gd.12xlarge_use1-az5': 5, 'm6gd.12xlarge_use1-az6': 50, 'm6gd.16xlarge_use1-az1': 5, 'm6gd.16xlarge_use1-az2': 10, 'm6gd.16xlarge_use1-az4': 10, 'm6gd.16xlarge_use1-az5': 10, 'm6gd.16xlarge_use1-az6': 35, 'm6gd.2xlarge_use1-az1': 1, 'm6gd.2xlarge_use1-az2': 50, 'm6gd.2xlarge_use1-az4': 45, 'm6gd.2xlarge_use1-az5': 1, 'm6gd.2xlarge_use1-az6': 5, 'm6gd.4xlarge_use1-az1': 1, 'm6gd.4xlarge_use1-az2': 5, 'm6gd.4xlarge_use1-az4': 5, 'm6gd.4xlarge_use1-az5': 1, 'm6gd.4xlarge_use1-az6': 15, 'm6gd.8xlarge_use1-az1': 5, 'm6gd.8xlarge_use1-az2': 10, 'm6gd.8xlarge_use1-az4': 15, 'm6gd.8xlarge_use1-az5': 1, 'm6gd.8xlarge_use1-az6': 20, 'm6gd.large_use1-az1': 1, 'm6gd.large_use1-az2': 5, 'm6gd.large_use1-az4': 5, 'm6gd.large_use1-az5': 1, 'm6gd.large_use1-az6': 15, 'm6gd.medium_use1-az1': 1, 'm6gd.medium_use1-az2': 1, 'm6gd.medium_use1-az4': 1, 'm6gd.medium_use1-az5': 5, 'm6gd.medium_use1-az6': 1, 'm6gd.xlarge_use1-az1': 1, 'm6gd.xlarge_use1-az2': 10, 'm6gd.xlarge_use1-az4': 35, 'm6gd.xlarge_use1-az5': 1, 'm6gd.xlarge_use1-az6': 15, 'm6i.12xlarge_use1-az1': 1, 'm6i.12xlarge_use1-az2': 10, 'm6i.12xlarge_use1-az4': 50, 'm6i.12xlarge_use1-az5': 1, 'm6i.12xlarge_use1-az6': 30, 'm6i.16xlarge_use1-az1': 1, 'm6i.16xlarge_use1-az2': 10, 'm6i.16xlarge_use1-az4': 5, 'm6i.16xlarge_use1-az5': 1, 'm6i.16xlarge_use1-az6': 10, 'm6i.24xlarge_use1-az2': 10, 'm6i.24xlarge_use1-az4': 5, 'm6i.24xlarge_use1-az5': 1, 'm6i.24xlarge_use1-az6': 50, 'm6i.2xlarge_use1-az1': 25, 'm6i.2xlarge_use1-az2': 50, 'm6i.2xlarge_use1-az4': 50, 'm6i.2xlarge_use1-az5': 25, 'm6i.2xlarge_use1-az6': 50, 'm6i.32xlarge_use1-az2': 1, 'm6i.32xlarge_use1-az4': 5, 'm6i.32xlarge_use1-az5': 1, 'm6i.32xlarge_use1-az6': 15, 'm6i.4xlarge_use1-az1': 15, 'm6i.4xlarge_use1-az2': 50, 'm6i.4xlarge_use1-az4': 50, 'm6i.4xlarge_use1-az5': 50, 'm6i.4xlarge_use1-az6': 50, 'm6i.8xlarge_use1-az1': 1, 'm6i.8xlarge_use1-az2': 50, 'm6i.8xlarge_use1-az4': 50, 'm6i.8xlarge_use1-az5': 20, 'm6i.8xlarge_use1-az6': 50, 'm6i.large_use1-az1': 25, 'm6i.large_use1-az2': 50, 'm6i.large_use1-az4': 50, 'm6i.large_use1-az5': 50, 'm6i.large_use1-az6': 50, 'm6i.xlarge_use1-az1': 45, 'm6i.xlarge_use1-az2': 50, 'm6i.xlarge_use1-az4': 50, 'm6i.xlarge_use1-az5': 25, 'm6i.xlarge_use1-az6': 50, 'm6id.12xlarge_use1-az1': 1, 'm6id.12xlarge_use1-az2': 1, 'm6id.12xlarge_use1-az4': 1, 'm6id.12xlarge_use1-az6': 1, 'm6id.16xlarge_use1-az1': 1, 'm6id.16xlarge_use1-az2': 1, 'm6id.16xlarge_use1-az4': 1, 'm6id.16xlarge_use1-az6': 1, 'm6id.24xlarge_use1-az1': 10, 'm6id.24xlarge_use1-az2': 15, 'm6id.24xlarge_use1-az4': 35, 'm6id.24xlarge_use1-az5': 5, 'm6id.24xlarge_use1-az6': 15, 'm6id.2xlarge_use1-az1': 5, 'm6id.2xlarge_use1-az2': 5, 'm6id.2xlarge_use1-az4': 5, 'm6id.2xlarge_use1-az5': 1, 'm6id.2xlarge_use1-az6': 5, 'm6id.32xlarge_use1-az1': 10, 'm6id.32xlarge_use1-az2': 15, 'm6id.32xlarge_use1-az4': 5, 'm6id.32xlarge_use1-az5': 1, 'm6id.32xlarge_use1-az6': 50, 'm6id.4xlarge_use1-az1': 15, 'm6id.4xlarge_use1-az2': 10, 'm6id.4xlarge_use1-az4': 5, 'm6id.4xlarge_use1-az5': 1, 'm6id.4xlarge_use1-az6': 10, 'm6id.8xlarge_use1-az1': 1, 'm6id.8xlarge_use1-az4': 5, 'm6id.8xlarge_use1-az5': 1, 'm6id.8xlarge_use1-az6': 1, 'm6id.large_use1-az1': 30, 'm6id.large_use1-az2': 35, 'm6id.large_use1-az4': 15, 'm6id.large_use1-az5': 5, 'm6id.large_use1-az6': 50, 'm6id.xlarge_use1-az1': 20, 'm6id.xlarge_use1-az2': 45, 'm6id.xlarge_use1-az4': 15, 'm6id.xlarge_use1-az5': 5, 'm6id.xlarge_use1-az6': 25, 'm6idn.12xlarge_use1-az2': 1, 'm6idn.16xlarge_use1-az4': 1, 'm6idn.24xlarge_use1-az1': 1, 'm6idn.24xlarge_use1-az2': 1, 'm6idn.24xlarge_use1-az4': 1, 'm6idn.2xlarge_use1-az1': 5, 'm6idn.2xlarge_use1-az2': 10, 'm6idn.2xlarge_use1-az4': 5, 'm6idn.2xlarge_use1-az5': 1, 'm6idn.2xlarge_use1-az6': 5, 'm6idn.32xlarge_use1-az2': 1, 'm6idn.4xlarge_use1-az1': 30, 'm6idn.4xlarge_use1-az2': 10, 'm6idn.4xlarge_use1-az4': 5, 'm6idn.4xlarge_use1-az5': 5, 'm6idn.4xlarge_use1-az6': 5, 'm6idn.large_use1-az1': 25, 'm6idn.large_use1-az2': 35, 'm6idn.large_use1-az4': 15, 'm6idn.large_use1-az5': 10, 'm6idn.large_use1-az6': 10, 'm6idn.xlarge_use1-az1': 15, 'm6idn.xlarge_use1-az2': 50, 'm6idn.xlarge_use1-az4': 20, 'm6idn.xlarge_use1-az5': 5, 'm6idn.xlarge_use1-az6': 10, 'm6in.12xlarge_use1-az4': 1, 'm6in.16xlarge_use1-az2': 1, 'm6in.16xlarge_use1-az4': 1, 'm6in.24xlarge_use1-az1': 1, 'm6in.24xlarge_use1-az2': 1, 'm6in.2xlarge_use1-az1': 10, 'm6in.2xlarge_use1-az2': 20, 'm6in.2xlarge_use1-az4': 10, 'm6in.2xlarge_use1-az5': 1, 'm6in.2xlarge_use1-az6': 5, 'm6in.4xlarge_use1-az1': 1, 'm6in.4xlarge_use1-az2': 1, 'm6in.4xlarge_use1-az5': 1, 'm6in.8xlarge_use1-az1': 1, 'm6in.8xlarge_use1-az2': 1, 'm6in.8xlarge_use1-az4': 1, 'm6in.large_use1-az1': 5, 'm6in.large_use1-az2': 10, 'm6in.large_use1-az4': 5, 'm6in.large_use1-az5': 1, 'm6in.large_use1-az6': 1, 'm6in.xlarge_use1-az1': 5, 'm6in.xlarge_use1-az2': 10, 'm6in.xlarge_use1-az4': 1, 'm7a.12xlarge_use1-az2': 1, 'm7a.12xlarge_use1-az6': 20, 'm7a.16xlarge_use1-az2': 1, 'm7a.16xlarge_use1-az6': 40, 'm7a.24xlarge_use1-az2': 1, 'm7a.24xlarge_use1-az6': 50, 'm7a.2xlarge_use1-az1': 5, 'm7a.2xlarge_use1-az2': 15, 'm7a.2xlarge_use1-az4': 10, 'm7a.2xlarge_use1-az6': 50, 'm7a.32xlarge_use1-az6': 20, 'm7a.48xlarge_use1-az6': 40, 'm7a.4xlarge_use1-az1': 10, 'm7a.4xlarge_use1-az2': 5, 'm7a.4xlarge_use1-az4': 10, 'm7a.4xlarge_use1-az6': 25, 'm7a.8xlarge_use1-az1': 1, 'm7a.8xlarge_use1-az2': 5, 'm7a.8xlarge_use1-az4': 1, 'm7a.8xlarge_use1-az6': 50, 'm7a.large_use1-az1': 15, 'm7a.large_use1-az2': 50, 'm7a.large_use1-az4': 50, 'm7a.large_use1-az5': 5, 'm7a.large_use1-az6': 50, 'm7a.medium_use1-az1': 10, 'm7a.medium_use1-az2': 50, 'm7a.medium_use1-az4': 50, 'm7a.medium_use1-az6': 50, 'm7a.xlarge_use1-az1': 5, 'm7a.xlarge_use1-az2': 40, 'm7a.xlarge_use1-az4': 50, 'm7a.xlarge_use1-az6': 50, 'm7g.12xlarge_use1-az1': 1, 'm7g.12xlarge_use1-az2': 10, 'm7g.12xlarge_use1-az4': 45, 'm7g.12xlarge_use1-az5': 1, 'm7g.12xlarge_use1-az6': 50, 'm7g.16xlarge_use1-az1': 1, 'm7g.16xlarge_use1-az2': 30, 'm7g.16xlarge_use1-az4': 35, 'm7g.16xlarge_use1-az5': 1, 'm7g.16xlarge_use1-az6': 50, 'm7g.2xlarge_use1-az1': 35, 'm7g.2xlarge_use1-az2': 50, 'm7g.2xlarge_use1-az4': 50, 'm7g.2xlarge_use1-az5': 15, 'm7g.2xlarge_use1-az6': 50, 'm7g.4xlarge_use1-az1': 10, 'm7g.4xlarge_use1-az2': 30, 'm7g.4xlarge_use1-az4': 50, 'm7g.4xlarge_use1-az5': 10, 'm7g.4xlarge_use1-az6': 50, 'm7g.8xlarge_use1-az1': 1, 'm7g.8xlarge_use1-az2': 15, 'm7g.8xlarge_use1-az4': 40, 'm7g.8xlarge_use1-az5': 1, 'm7g.8xlarge_use1-az6': 50, 'm7g.large_use1-az1': 10, 'm7g.large_use1-az2': 50, 'm7g.large_use1-az4': 50, 'm7g.large_use1-az5': 30, 'm7g.large_use1-az6': 50, 'm7g.medium_use1-az1': 30, 'm7g.medium_use1-az2': 40, 'm7g.medium_use1-az4': 50, 'm7g.medium_use1-az5': 35, 'm7g.medium_use1-az6': 50, 'm7g.metal_use1-az1': 1, 'm7g.metal_use1-az2': 25, 'm7g.metal_use1-az4': 10, 'm7g.metal_use1-az5': 1, 'm7g.metal_use1-az6': 50, 'm7g.xlarge_use1-az1': 50, 'm7g.xlarge_use1-az2': 50, 'm7g.xlarge_use1-az4': 50, 'm7g.xlarge_use1-az5': 50, 'm7g.xlarge_use1-az6': 50, 'm7gd.12xlarge_use1-az1': 5, 'm7gd.12xlarge_use1-az2': 10, 'm7gd.12xlarge_use1-az4': 1, 'm7gd.12xlarge_use1-az6': 35, 'm7gd.16xlarge_use1-az1': 1, 'm7gd.16xlarge_use1-az2': 30, 'm7gd.16xlarge_use1-az4': 1, 'm7gd.16xlarge_use1-az6': 40, 'm7gd.2xlarge_use1-az1': 15, 'm7gd.2xlarge_use1-az2': 50, 'm7gd.2xlarge_use1-az4': 15, 'm7gd.2xlarge_use1-az6': 25, 'm7gd.4xlarge_use1-az1': 5, 'm7gd.4xlarge_use1-az2': 10, 'm7gd.4xlarge_use1-az4': 1, 'm7gd.4xlarge_use1-az6': 40, 'm7gd.8xlarge_use1-az1': 10, 'm7gd.8xlarge_use1-az2': 50, 'm7gd.8xlarge_use1-az4': 30, 'm7gd.8xlarge_use1-az5': 45, 'm7gd.8xlarge_use1-az6': 50, 'm7gd.large_use1-az1': 5, 'm7gd.large_use1-az2': 50, 'm7gd.large_use1-az4': 5, 'm7gd.large_use1-az6': 50, 'm7gd.medium_use1-az1': 15, 'm7gd.medium_use1-az2': 20, 'm7gd.medium_use1-az4': 15, 'm7gd.medium_use1-az5': 20, 'm7gd.medium_use1-az6': 25, 'm7gd.metal_use1-az1': 5, 'm7gd.metal_use1-az2': 15, 'm7gd.metal_use1-az4': 1, 'm7gd.metal_use1-az6': 15, 'm7gd.xlarge_use1-az1': 5, 'm7gd.xlarge_use1-az2': 10, 'm7gd.xlarge_use1-az4': 10, 'm7gd.xlarge_use1-az5': 1, 'm7gd.xlarge_use1-az6': 25, 'm7i-flex.2xlarge_use1-az1': 50, 'm7i-flex.2xlarge_use1-az2': 50, 'm7i-flex.2xlarge_use1-az4': 15, 'm7i-flex.2xlarge_use1-az5': 10, 'm7i-flex.2xlarge_use1-az6': 50, 'm7i-flex.4xlarge_use1-az2': 5, 'm7i-flex.4xlarge_use1-az4': 5, 'm7i-flex.4xlarge_use1-az6': 25, 'm7i-flex.8xlarge_use1-az1': 1, 'm7i-flex.8xlarge_use1-az2': 5, 'm7i-flex.8xlarge_use1-az4': 5, 'm7i-flex.8xlarge_use1-az5': 1, 'm7i-flex.8xlarge_use1-az6': 10, 'm7i-flex.large_use1-az1': 20, 'm7i-flex.large_use1-az2': 50, 'm7i-flex.large_use1-az4': 25, 'm7i-flex.large_use1-az5': 25, 'm7i-flex.large_use1-az6': 50, 'm7i-flex.xlarge_use1-az1': 50, 'm7i-flex.xlarge_use1-az2': 50, 'm7i-flex.xlarge_use1-az4': 50, 'm7i-flex.xlarge_use1-az5': 15, 'm7i-flex.xlarge_use1-az6': 50, 'm7i.12xlarge_use1-az1': 1, 'm7i.12xlarge_use1-az2': 5, 'm7i.12xlarge_use1-az4': 15, 'm7i.12xlarge_use1-az6': 50, 'm7i.16xlarge_use1-az1': 5, 'm7i.16xlarge_use1-az2': 10, 'm7i.16xlarge_use1-az4': 10, 'm7i.16xlarge_use1-az6': 50, 'm7i.24xlarge_use1-az2': 5, 'm7i.24xlarge_use1-az4': 5, 'm7i.24xlarge_use1-az6': 50, 'm7i.2xlarge_use1-az1': 1, 'm7i.2xlarge_use1-az2': 50, 'm7i.2xlarge_use1-az4': 50, 'm7i.2xlarge_use1-az6': 50, 'm7i.48xlarge_use1-az1': 1, 'm7i.48xlarge_use1-az2': 5, 'm7i.48xlarge_use1-az4': 20, 'm7i.48xlarge_use1-az6': 50, 'm7i.4xlarge_use1-az1': 1, 'm7i.4xlarge_use1-az2': 25, 'm7i.4xlarge_use1-az4': 10, 'm7i.4xlarge_use1-az6': 50, 'm7i.8xlarge_use1-az1': 40, 'm7i.8xlarge_use1-az2': 20, 'm7i.8xlarge_use1-az4': 50, 'm7i.8xlarge_use1-az6': 50, 'm7i.large_use1-az1': 50, 'm7i.large_use1-az2': 50, 'm7i.large_use1-az4': 50, 'm7i.large_use1-az5': 1, 'm7i.large_use1-az6': 50, 'm7i.xlarge_use1-az1': 30, 'm7i.xlarge_use1-az2': 35, 'm7i.xlarge_use1-az4': 50, 'm7i.xlarge_use1-az6': 50, 'm8g.12xlarge_use1-az2': 10, 'm8g.12xlarge_use1-az4': 10, 'm8g.12xlarge_use1-az5': 1, 'm8g.12xlarge_use1-az6': 35, 'm8g.16xlarge_use1-az2': 5, 'm8g.16xlarge_use1-az4': 5, 'm8g.16xlarge_use1-az5': 5, 'm8g.16xlarge_use1-az6': 45, 'm8g.24xlarge_use1-az2': 5, 'm8g.24xlarge_use1-az4': 1, 'm8g.24xlarge_use1-az5': 1, 'm8g.24xlarge_use1-az6': 25, 'm8g.2xlarge_use1-az4': 10, 'm8g.2xlarge_use1-az5': 10, 'm8g.48xlarge_use1-az2': 5, 'm8g.48xlarge_use1-az4': 5, 'm8g.48xlarge_use1-az6': 20, 'm8g.4xlarge_use1-az2': 5, 'm8g.4xlarge_use1-az4': 5, 'm8g.4xlarge_use1-az5': 1, 'm8g.4xlarge_use1-az6': 40, 'm8g.8xlarge_use1-az2': 10, 'm8g.8xlarge_use1-az4': 20, 'm8g.8xlarge_use1-az5': 1, 'm8g.8xlarge_use1-az6': 40, 'm8g.large_use1-az1': 1, 'm8g.large_use1-az2': 20, 'm8g.large_use1-az6': 45, 'm8g.medium_use1-az1': 1, 'm8g.medium_use1-az2': 15, 'm8g.metal-48xl_use1-az2': 5, 'm8g.metal-48xl_use1-az6': 25, 'm8g.xlarge_use1-az1': 1, 'm8g.xlarge_use1-az5': 15, 'm8g.xlarge_use1-az6': 50, 'm8gd.16xlarge_use1-az5': 1, 'm8gd.4xlarge_use1-az2': 5, 'm8gd.4xlarge_use1-az4': 1, 'm8gd.4xlarge_use1-az6': 1, 'm8gd.8xlarge_use1-az5': 1, 'm8gd.8xlarge_use1-az6': 5, 'm8gd.large_use1-az1': 20, 'm8gd.large_use1-az2': 15, 'm8gd.large_use1-az5': 1, 'm8gd.large_use1-az6': 1, 'm8gd.medium_use1-az6': 1, 'm8gd.metal-24xl_use1-az2': 1, 'm8gd.xlarge_use1-az1': 1, 'm8gd.xlarge_use1-az5': 1, 'm8i-flex.16xlarge_use1-az6': 5, 'm8i-flex.2xlarge_use1-az2': 10, 'm8i-flex.2xlarge_use1-az4': 1, 'm8i-flex.2xlarge_use1-az6': 50, 'm8i-flex.4xlarge_use1-az2': 1, 'm8i-flex.4xlarge_use1-az4': 1, 'm8i-flex.4xlarge_use1-az6': 5, 'm8i-flex.8xlarge_use1-az6': 1, 'm8i-flex.large_use1-az2': 5, 'm8i-flex.xlarge_use1-az2': 10, 'm8i-flex.xlarge_use1-az4': 25, 'm8i-flex.xlarge_use1-az6': 50, 'm8i.12xlarge_use1-az6': 1, 'm8i.16xlarge_use1-az4': 1, 'm8i.16xlarge_use1-az6': 1, 'm8i.24xlarge_use1-az6': 1, 'm8i.2xlarge_use1-az2': 10, 'm8i.2xlarge_use1-az4': 1, 'm8i.2xlarge_use1-az6': 10, 'm8i.32xlarge_use1-az2': 1, 'm8i.32xlarge_use1-az6': 5, 'm8i.48xlarge_use1-az2': 1, 'm8i.48xlarge_use1-az6': 5, 'm8i.4xlarge_use1-az2': 5, 'm8i.4xlarge_use1-az4': 1, 'm8i.4xlarge_use1-az6': 5, 'm8i.8xlarge_use1-az2': 1, 'm8i.8xlarge_use1-az4': 1, 'm8i.8xlarge_use1-az6': 20, 'm8i.96xlarge_use1-az6': 1, 'm8i.large_use1-az4': 25, 'm8i.metal-48xl_use1-az6': 1, 'm8i.metal-96xl_use1-az6': 1, 'm8i.xlarge_use1-az2': 30, 'm8i.xlarge_use1-az4': 10, 'p3.2xlarge_use1-az1': 50, 'p3.2xlarge_use1-az2': 50, 'p3.2xlarge_use1-az5': 50, 'p3.2xlarge_use1-az6': 50, 'p3dn.24xlarge_use1-az6': 50, 'r3.2xlarge_use1-az2': 1, 'r3.2xlarge_use1-az4': 1, 'r3.2xlarge_use1-az6': 1, 'r3.4xlarge_use1-az4': 1, 'r3.4xlarge_use1-az6': 1, 'r3.8xlarge_use1-az2': 1, 'r3.8xlarge_use1-az4': 1, 'r3.8xlarge_use1-az6': 5, 'r3.large_use1-az2': 50, 'r3.large_use1-az4': 50, 'r3.large_use1-az6': 50, 'r3.xlarge_use1-az2': 40, 'r3.xlarge_use1-az4': 50, 'r3.xlarge_use1-az6': 50, 'r4.16xlarge_use1-az1': 10, 'r4.16xlarge_use1-az2': 10, 'r4.16xlarge_use1-az3': 50, 'r4.16xlarge_use1-az4': 35, 'r4.16xlarge_use1-az5': 15, 'r4.16xlarge_use1-az6': 10, 'r4.2xlarge_use1-az1': 20, 'r4.2xlarge_use1-az2': 50, 'r4.2xlarge_use1-az3': 50, 'r4.2xlarge_use1-az4': 50, 'r4.2xlarge_use1-az5': 5, 'r4.2xlarge_use1-az6': 50, 'r4.4xlarge_use1-az1': 20, 'r4.4xlarge_use1-az2': 50, 'r4.4xlarge_use1-az3': 40, 'r4.4xlarge_use1-az4': 15, 'r4.4xlarge_use1-az5': 5, 'r4.4xlarge_use1-az6': 50, 'r4.8xlarge_use1-az1': 50, 'r4.8xlarge_use1-az2': 50, 'r4.8xlarge_use1-az3': 25, 'r4.8xlarge_use1-az4': 50, 'r4.8xlarge_use1-az5': 5, 'r4.8xlarge_use1-az6': 50, 'r4.large_use1-az1': 35, 'r4.large_use1-az2': 50, 'r4.large_use1-az3': 10, 'r4.large_use1-az4': 50, 'r4.large_use1-az5': 20, 'r4.large_use1-az6': 50, 'r4.xlarge_use1-az1': 50, 'r4.xlarge_use1-az2': 50, 'r4.xlarge_use1-az3': 50, 'r4.xlarge_use1-az4': 50, 'r4.xlarge_use1-az5': 30, 'r4.xlarge_use1-az6': 50, 'r5.12xlarge_use1-az1': 5, 'r5.12xlarge_use1-az2': 5, 'r5.12xlarge_use1-az4': 50, 'r5.12xlarge_use1-az5': 5, 'r5.12xlarge_use1-az6': 5, 'r5.16xlarge_use1-az1': 5, 'r5.16xlarge_use1-az4': 35, 'r5.16xlarge_use1-az5': 30, 'r5.16xlarge_use1-az6': 5, 'r5.24xlarge_use1-az4': 15, 'r5.24xlarge_use1-az5': 5, 'r5.24xlarge_use1-az6': 5, 'r5.2xlarge_use1-az1': 50, 'r5.2xlarge_use1-az2': 50, 'r5.2xlarge_use1-az4': 50, 'r5.2xlarge_use1-az5': 5, 'r5.2xlarge_use1-az6': 50, 'r5.4xlarge_use1-az1': 50, 'r5.4xlarge_use1-az2': 50, 'r5.4xlarge_use1-az4': 50, 'r5.4xlarge_use1-az5': 5, 'r5.4xlarge_use1-az6': 50, 'r5.8xlarge_use1-az1': 50, 'r5.8xlarge_use1-az2': 50, 'r5.8xlarge_use1-az4': 50, 'r5.8xlarge_use1-az5': 5, 'r5.8xlarge_use1-az6': 5, 'r5.large_use1-az1': 50, 'r5.large_use1-az2': 50, 'r5.large_use1-az4': 50, 'r5.large_use1-az5': 50, 'r5.large_use1-az6': 50, 'r5.xlarge_use1-az1': 50, 'r5.xlarge_use1-az2': 50, 'r5.xlarge_use1-az4': 50, 'r5.xlarge_use1-az5': 50, 'r5.xlarge_use1-az6': 50, 'r5a.12xlarge_use1-az1': 1, 'r5a.12xlarge_use1-az2': 1, 'r5a.12xlarge_use1-az4': 5, 'r5a.12xlarge_use1-az6': 5, 'r5a.16xlarge_use1-az1': 10, 'r5a.16xlarge_use1-az2': 10, 'r5a.16xlarge_use1-az4': 10, 'r5a.16xlarge_use1-az5': 5, 'r5a.16xlarge_use1-az6': 5, 'r5a.24xlarge_use1-az1': 5, 'r5a.24xlarge_use1-az2': 15, 'r5a.24xlarge_use1-az4': 10, 'r5a.24xlarge_use1-az5': 1, 'r5a.24xlarge_use1-az6': 10, 'r5a.2xlarge_use1-az1': 10, 'r5a.2xlarge_use1-az2': 20, 'r5a.2xlarge_use1-az4': 35, 'r5a.2xlarge_use1-az5': 5, 'r5a.2xlarge_use1-az6': 30, 'r5a.4xlarge_use1-az1': 25, 'r5a.4xlarge_use1-az2': 50, 'r5a.4xlarge_use1-az4': 50, 'r5a.4xlarge_use1-az5': 5, 'r5a.4xlarge_use1-az6': 50, 'r5a.8xlarge_use1-az1': 25, 'r5a.8xlarge_use1-az2': 10, 'r5a.8xlarge_use1-az4': 15, 'r5a.8xlarge_use1-az5': 30, 'r5a.8xlarge_use1-az6': 20, 'r5a.large_use1-az1': 50, 'r5a.large_use1-az2': 50, 'r5a.large_use1-az4': 50, 'r5a.large_use1-az5': 25, 'r5a.large_use1-az6': 50, 'r5a.xlarge_use1-az1': 20, 'r5a.xlarge_use1-az2': 50, 'r5a.xlarge_use1-az4': 50, 'r5a.xlarge_use1-az5': 5, 'r5a.xlarge_use1-az6': 50, 'r5ad.12xlarge_use1-az2': 1, 'r5ad.16xlarge_use1-az2': 50, 'r5ad.16xlarge_use1-az4': 10, 'r5ad.16xlarge_use1-az5': 1, 'r5ad.16xlarge_use1-az6': 10, 'r5ad.24xlarge_use1-az2': 25, 'r5ad.24xlarge_use1-az4': 1, 'r5ad.24xlarge_use1-az6': 10, 'r5ad.2xlarge_use1-az1': 1, 'r5ad.2xlarge_use1-az2': 1, 'r5ad.2xlarge_use1-az4': 1, 'r5ad.2xlarge_use1-az5': 1, 'r5ad.2xlarge_use1-az6': 1, 'r5ad.4xlarge_use1-az1': 1, 'r5ad.4xlarge_use1-az2': 10, 'r5ad.4xlarge_use1-az4': 5, 'r5ad.4xlarge_use1-az5': 1, 'r5ad.4xlarge_use1-az6': 1, 'r5ad.8xlarge_use1-az2': 5, 'r5ad.8xlarge_use1-az4': 20, 'r5ad.8xlarge_use1-az5': 1, 'r5ad.8xlarge_use1-az6': 10, 'r5ad.large_use1-az1': 1, 'r5ad.large_use1-az2': 30, 'r5ad.large_use1-az4': 10, 'r5ad.large_use1-az5': 5, 'r5ad.large_use1-az6': 10, 'r5ad.xlarge_use1-az1': 1, 'r5ad.xlarge_use1-az2': 10, 'r5ad.xlarge_use1-az4': 10, 'r5ad.xlarge_use1-az5': 1, 'r5ad.xlarge_use1-az6': 5, 'r5b.12xlarge_use1-az1': 5, 'r5b.12xlarge_use1-az4': 5, 'r5b.12xlarge_use1-az6': 1, 'r5b.16xlarge_use1-az1': 5, 'r5b.16xlarge_use1-az2': 5, 'r5b.16xlarge_use1-az4': 5, 'r5b.16xlarge_use1-az6': 5, 'r5b.24xlarge_use1-az1': 1, 'r5b.24xlarge_use1-az4': 5, 'r5b.24xlarge_use1-az6': 1, 'r5b.2xlarge_use1-az1': 1, 'r5b.2xlarge_use1-az2': 1, 'r5b.2xlarge_use1-az4': 1, 'r5b.2xlarge_use1-az6': 1, 'r5b.4xlarge_use1-az1': 5, 'r5b.4xlarge_use1-az2': 5, 'r5b.4xlarge_use1-az4': 5, 'r5b.4xlarge_use1-az6': 5, 'r5b.8xlarge_use1-az1': 5, 'r5b.8xlarge_use1-az2': 1, 'r5b.8xlarge_use1-az4': 1, 'r5b.8xlarge_use1-az6': 1, 'r5b.large_use1-az1': 1, 'r5b.large_use1-az2': 5, 'r5b.large_use1-az4': 10, 'r5b.large_use1-az6': 5, 'r5b.xlarge_use1-az1': 1, 'r5b.xlarge_use1-az2': 1, 'r5b.xlarge_use1-az4': 5, 'r5b.xlarge_use1-az6': 1, 'r5d.12xlarge_use1-az1': 1, 'r5d.12xlarge_use1-az2': 5, 'r5d.12xlarge_use1-az4': 10, 'r5d.12xlarge_use1-az6': 1, 'r5d.16xlarge_use1-az1': 5, 'r5d.16xlarge_use1-az2': 50, 'r5d.16xlarge_use1-az4': 50, 'r5d.16xlarge_use1-az5': 10, 'r5d.16xlarge_use1-az6': 50, 'r5d.24xlarge_use1-az1': 1, 'r5d.24xlarge_use1-az2': 1, 'r5d.24xlarge_use1-az4': 10, 'r5d.24xlarge_use1-az5': 1, 'r5d.24xlarge_use1-az6': 10, 'r5d.2xlarge_use1-az1': 5, 'r5d.2xlarge_use1-az2': 15, 'r5d.2xlarge_use1-az4': 15, 'r5d.2xlarge_use1-az5': 1, 'r5d.2xlarge_use1-az6': 15, 'r5d.4xlarge_use1-az1': 5, 'r5d.4xlarge_use1-az2': 20, 'r5d.4xlarge_use1-az4': 45, 'r5d.4xlarge_use1-az5': 5, 'r5d.4xlarge_use1-az6': 25, 'r5d.8xlarge_use1-az1': 5, 'r5d.8xlarge_use1-az2': 15, 'r5d.8xlarge_use1-az4': 15, 'r5d.8xlarge_use1-az5': 5, 'r5d.8xlarge_use1-az6': 50, 'r5d.large_use1-az1': 10, 'r5d.large_use1-az2': 50, 'r5d.large_use1-az4': 50, 'r5d.large_use1-az5': 5, 'r5d.large_use1-az6': 50, 'r5d.xlarge_use1-az1': 1, 'r5d.xlarge_use1-az2': 15, 'r5d.xlarge_use1-az4': 15, 'r5d.xlarge_use1-az5': 1, 'r5d.xlarge_use1-az6': 10, 'r5dn.12xlarge_use1-az1': 1, 'r5dn.12xlarge_use1-az2': 1, 'r5dn.12xlarge_use1-az4': 1, 'r5dn.12xlarge_use1-az5': 1, 'r5dn.12xlarge_use1-az6': 1, 'r5dn.16xlarge_use1-az1': 5, 'r5dn.16xlarge_use1-az2': 5, 'r5dn.16xlarge_use1-az4': 15, 'r5dn.16xlarge_use1-az5': 10, 'r5dn.16xlarge_use1-az6': 30, 'r5dn.24xlarge_use1-az2': 5, 'r5dn.24xlarge_use1-az4': 10, 'r5dn.24xlarge_use1-az5': 1, 'r5dn.24xlarge_use1-az6': 25, 'r5dn.2xlarge_use1-az1': 50, 'r5dn.2xlarge_use1-az2': 45, 'r5dn.2xlarge_use1-az4': 30, 'r5dn.2xlarge_use1-az5': 50, 'r5dn.2xlarge_use1-az6': 5, 'r5dn.4xlarge_use1-az1': 5, 'r5dn.4xlarge_use1-az2': 25, 'r5dn.4xlarge_use1-az4': 45, 'r5dn.4xlarge_use1-az5': 5, 'r5dn.4xlarge_use1-az6': 20, 'r5dn.8xlarge_use1-az1': 1, 'r5dn.8xlarge_use1-az2': 5, 'r5dn.8xlarge_use1-az4': 5, 'r5dn.8xlarge_use1-az5': 5, 'r5dn.8xlarge_use1-az6': 50, 'r5dn.large_use1-az1': 50, 'r5dn.large_use1-az2': 50, 'r5dn.large_use1-az4': 50, 'r5dn.large_use1-az5': 50, 'r5dn.large_use1-az6': 50, 'r5dn.xlarge_use1-az1': 5, 'r5dn.xlarge_use1-az2': 15, 'r5dn.xlarge_use1-az4': 15, 'r5dn.xlarge_use1-az5': 15, 'r5dn.xlarge_use1-az6': 15, 'r5n.12xlarge_use1-az2': 1, 'r5n.12xlarge_use1-az4': 1, 'r5n.12xlarge_use1-az6': 1, 'r5n.16xlarge_use1-az1': 1, 'r5n.16xlarge_use1-az2': 10, 'r5n.16xlarge_use1-az4': 35, 'r5n.16xlarge_use1-az5': 1, 'r5n.16xlarge_use1-az6': 20, 'r5n.2xlarge_use1-az1': 5, 'r5n.2xlarge_use1-az2': 5, 'r5n.2xlarge_use1-az4': 15, 'r5n.2xlarge_use1-az5': 1, 'r5n.2xlarge_use1-az6': 1, 'r5n.4xlarge_use1-az1': 5, 'r5n.4xlarge_use1-az2': 25, 'r5n.4xlarge_use1-az4': 15, 'r5n.4xlarge_use1-az5': 5, 'r5n.4xlarge_use1-az6': 35, 'r5n.8xlarge_use1-az1': 10, 'r5n.8xlarge_use1-az2': 20, 'r5n.8xlarge_use1-az4': 35, 'r5n.8xlarge_use1-az6': 15, 'r5n.large_use1-az1': 20, 'r5n.large_use1-az2': 50, 'r5n.large_use1-az4': 50, 'r5n.large_use1-az5': 10, 'r5n.large_use1-az6': 30, 'r5n.xlarge_use1-az1': 1, 'r5n.xlarge_use1-az2': 10, 'r5n.xlarge_use1-az4': 15, 'r5n.xlarge_use1-az5': 1, 'r5n.xlarge_use1-az6': 20, 'r6a.12xlarge_use1-az1': 1, 'r6a.12xlarge_use1-az2': 10, 'r6a.12xlarge_use1-az4': 5, 'r6a.12xlarge_use1-az6': 10, 'r6a.16xlarge_use1-az1': 5, 'r6a.16xlarge_use1-az2': 15, 'r6a.16xlarge_use1-az4': 30, 'r6a.16xlarge_use1-az5': 15, 'r6a.16xlarge_use1-az6': 40, 'r6a.24xlarge_use1-az2': 5, 'r6a.24xlarge_use1-az4': 1, 'r6a.24xlarge_use1-az5': 1, 'r6a.24xlarge_use1-az6': 5, 'r6a.2xlarge_use1-az1': 50, 'r6a.2xlarge_use1-az2': 50, 'r6a.2xlarge_use1-az4': 40, 'r6a.2xlarge_use1-az5': 1, 'r6a.2xlarge_use1-az6': 50, 'r6a.32xlarge_use1-az2': 5, 'r6a.32xlarge_use1-az4': 5, 'r6a.32xlarge_use1-az5': 5, 'r6a.32xlarge_use1-az6': 5, 'r6a.48xlarge_use1-az2': 5, 'r6a.48xlarge_use1-az4': 5, 'r6a.48xlarge_use1-az5': 5, 'r6a.48xlarge_use1-az6': 1, 'r6a.4xlarge_use1-az1': 50, 'r6a.4xlarge_use1-az2': 50, 'r6a.4xlarge_use1-az4': 50, 'r6a.4xlarge_use1-az5': 40, 'r6a.4xlarge_use1-az6': 50, 'r6a.8xlarge_use1-az1': 20, 'r6a.8xlarge_use1-az2': 50, 'r6a.8xlarge_use1-az4': 50, 'r6a.8xlarge_use1-az5': 50, 'r6a.8xlarge_use1-az6': 50, 'r6a.large_use1-az1': 50, 'r6a.large_use1-az2': 50, 'r6a.large_use1-az4': 50, 'r6a.large_use1-az5': 50, 'r6a.large_use1-az6': 50, 'r6a.xlarge_use1-az1': 50, 'r6a.xlarge_use1-az2': 50, 'r6a.xlarge_use1-az4': 50, 'r6a.xlarge_use1-az5': 50, 'r6a.xlarge_use1-az6': 50, 'r6g.12xlarge_use1-az2': 50, 'r6g.12xlarge_use1-az4': 45, 'r6g.12xlarge_use1-az5': 10, 'r6g.12xlarge_use1-az6': 50, 'r6g.16xlarge_use1-az1': 1, 'r6g.16xlarge_use1-az2': 50, 'r6g.16xlarge_use1-az4': 50, 'r6g.16xlarge_use1-az5': 50, 'r6g.16xlarge_use1-az6': 50, 'r6g.2xlarge_use1-az1': 1, 'r6g.2xlarge_use1-az2': 25, 'r6g.2xlarge_use1-az4': 40, 'r6g.2xlarge_use1-az5': 10, 'r6g.2xlarge_use1-az6': 50, 'r6g.4xlarge_use1-az1': 10, 'r6g.4xlarge_use1-az2': 50, 'r6g.4xlarge_use1-az4': 50, 'r6g.4xlarge_use1-az5': 50, 'r6g.4xlarge_use1-az6': 50, 'r6g.8xlarge_use1-az1': 1, 'r6g.8xlarge_use1-az2': 10, 'r6g.8xlarge_use1-az4': 50, 'r6g.8xlarge_use1-az5': 50, 'r6g.8xlarge_use1-az6': 50, 'r6g.large_use1-az1': 10, 'r6g.large_use1-az2': 40, 'r6g.large_use1-az4': 50, 'r6g.large_use1-az5': 5, 'r6g.large_use1-az6': 50, 'r6g.medium_use1-az1': 1, 'r6g.medium_use1-az2': 10, 'r6g.medium_use1-az4': 15, 'r6g.medium_use1-az5': 15, 'r6g.medium_use1-az6': 35, 'r6g.xlarge_use1-az1': 1, 'r6g.xlarge_use1-az2': 50, 'r6g.xlarge_use1-az4': 50, 'r6g.xlarge_use1-az5': 50, 'r6g.xlarge_use1-az6': 50, 'r6gd.12xlarge_use1-az1': 1, 'r6gd.12xlarge_use1-az2': 5, 'r6gd.12xlarge_use1-az4': 10, 'r6gd.12xlarge_use1-az5': 1, 'r6gd.12xlarge_use1-az6': 10, 'r6gd.16xlarge_use1-az1': 5, 'r6gd.16xlarge_use1-az2': 5, 'r6gd.16xlarge_use1-az4': 50, 'r6gd.16xlarge_use1-az5': 1, 'r6gd.16xlarge_use1-az6': 45, 'r6gd.2xlarge_use1-az1': 1, 'r6gd.2xlarge_use1-az2': 20, 'r6gd.2xlarge_use1-az4': 30, 'r6gd.2xlarge_use1-az5': 1, 'r6gd.2xlarge_use1-az6': 1, 'r6gd.4xlarge_use1-az1': 5, 'r6gd.4xlarge_use1-az2': 20, 'r6gd.4xlarge_use1-az4': 50, 'r6gd.4xlarge_use1-az5': 1, 'r6gd.4xlarge_use1-az6': 25, 'r6gd.8xlarge_use1-az1': 1, 'r6gd.8xlarge_use1-az2': 10, 'r6gd.8xlarge_use1-az4': 20, 'r6gd.8xlarge_use1-az5': 1, 'r6gd.8xlarge_use1-az6': 30, 'r6gd.large_use1-az1': 50, 'r6gd.large_use1-az2': 50, 'r6gd.large_use1-az4': 50, 'r6gd.large_use1-az5': 50, 'r6gd.large_use1-az6': 50, 'r6gd.medium_use1-az1': 5, 'r6gd.medium_use1-az2': 1, 'r6gd.medium_use1-az4': 5, 'r6gd.medium_use1-az5': 5, 'r6gd.medium_use1-az6': 1, 'r6gd.xlarge_use1-az1': 1, 'r6gd.xlarge_use1-az2': 1, 'r6gd.xlarge_use1-az4': 5, 'r6gd.xlarge_use1-az6': 10, 'r6i.12xlarge_use1-az1': 5, 'r6i.12xlarge_use1-az2': 5, 'r6i.12xlarge_use1-az4': 5, 'r6i.12xlarge_use1-az5': 1, 'r6i.12xlarge_use1-az6': 10, 'r6i.16xlarge_use1-az1': 1, 'r6i.16xlarge_use1-az2': 1, 'r6i.16xlarge_use1-az4': 10, 'r6i.16xlarge_use1-az5': 10, 'r6i.16xlarge_use1-az6': 1, 'r6i.24xlarge_use1-az4': 10, 'r6i.24xlarge_use1-az5': 1, 'r6i.24xlarge_use1-az6': 5, 'r6i.2xlarge_use1-az1': 15, 'r6i.2xlarge_use1-az2': 35, 'r6i.2xlarge_use1-az4': 50, 'r6i.2xlarge_use1-az5': 5, 'r6i.2xlarge_use1-az6': 50, 'r6i.32xlarge_use1-az4': 1, 'r6i.32xlarge_use1-az5': 1, 'r6i.32xlarge_use1-az6': 1, 'r6i.4xlarge_use1-az1': 30, 'r6i.4xlarge_use1-az2': 20, 'r6i.4xlarge_use1-az4': 20, 'r6i.4xlarge_use1-az5': 10, 'r6i.4xlarge_use1-az6': 40, 'r6i.8xlarge_use1-az1': 5, 'r6i.8xlarge_use1-az2': 10, 'r6i.8xlarge_use1-az4': 10, 'r6i.8xlarge_use1-az5': 5, 'r6i.8xlarge_use1-az6': 10, 'r6i.large_use1-az1': 20, 'r6i.large_use1-az2': 50, 'r6i.large_use1-az4': 50, 'r6i.large_use1-az5': 20, 'r6i.large_use1-az6': 50, 'r6i.xlarge_use1-az1': 15, 'r6i.xlarge_use1-az2': 45, 'r6i.xlarge_use1-az4': 50, 'r6i.xlarge_use1-az5': 10, 'r6i.xlarge_use1-az6': 50, 'r6id.12xlarge_use1-az1': 1, 'r6id.12xlarge_use1-az2': 5, 'r6id.12xlarge_use1-az4': 1, 'r6id.12xlarge_use1-az6': 5, 'r6id.16xlarge_use1-az1': 5, 'r6id.16xlarge_use1-az2': 5, 'r6id.16xlarge_use1-az4': 15, 'r6id.16xlarge_use1-az5': 1, 'r6id.16xlarge_use1-az6': 20, 'r6id.24xlarge_use1-az1': 10, 'r6id.24xlarge_use1-az2': 10, 'r6id.24xlarge_use1-az4': 5, 'r6id.24xlarge_use1-az5': 15, 'r6id.24xlarge_use1-az6': 25, 'r6id.2xlarge_use1-az1': 5, 'r6id.2xlarge_use1-az2': 1, 'r6id.2xlarge_use1-az4': 10, 'r6id.2xlarge_use1-az5': 1, 'r6id.2xlarge_use1-az6': 10, 'r6id.32xlarge_use1-az1': 1, 'r6id.32xlarge_use1-az2': 5, 'r6id.32xlarge_use1-az4': 1, 'r6id.32xlarge_use1-az5': 1, 'r6id.32xlarge_use1-az6': 10, 'r6id.4xlarge_use1-az1': 40, 'r6id.4xlarge_use1-az2': 50, 'r6id.4xlarge_use1-az4': 10, 'r6id.4xlarge_use1-az5': 20, 'r6id.4xlarge_use1-az6': 35, 'r6id.8xlarge_use1-az1': 1, 'r6id.8xlarge_use1-az2': 1, 'r6id.8xlarge_use1-az4': 5, 'r6id.8xlarge_use1-az5': 1, 'r6id.8xlarge_use1-az6': 5, 'r6id.large_use1-az1': 15, 'r6id.large_use1-az2': 10, 'r6id.large_use1-az4': 5, 'r6id.large_use1-az5': 15, 'r6id.large_use1-az6': 30, 'r6id.xlarge_use1-az1': 5, 'r6id.xlarge_use1-az2': 15, 'r6id.xlarge_use1-az4': 10, 'r6id.xlarge_use1-az5': 15, 'r6id.xlarge_use1-az6': 15, 'r6idn.16xlarge_use1-az4': 1, 'r6idn.16xlarge_use1-az5': 1, 'r6idn.16xlarge_use1-az6': 1, 'r6idn.24xlarge_use1-az6': 1, 'r6idn.2xlarge_use1-az1': 1, 'r6idn.2xlarge_use1-az2': 1, 'r6idn.2xlarge_use1-az4': 5, 'r6idn.2xlarge_use1-az5': 1, 'r6idn.2xlarge_use1-az6': 5, 'r6idn.32xlarge_use1-az6': 1, 'r6idn.4xlarge_use1-az1': 15, 'r6idn.4xlarge_use1-az2': 15, 'r6idn.4xlarge_use1-az4': 15, 'r6idn.4xlarge_use1-az5': 5, 'r6idn.4xlarge_use1-az6': 10, 'r6idn.8xlarge_use1-az2': 1, 'r6idn.8xlarge_use1-az4': 1, 'r6idn.8xlarge_use1-az6': 5, 'r6idn.large_use1-az1': 1, 'r6idn.large_use1-az2': 1, 'r6idn.large_use1-az4': 5, 'r6idn.large_use1-az5': 5, 'r6idn.large_use1-az6': 5, 'r6idn.xlarge_use1-az1': 5, 'r6idn.xlarge_use1-az2': 1, 'r6idn.xlarge_use1-az4': 5, 'r6idn.xlarge_use1-az5': 1, 'r6idn.xlarge_use1-az6': 5, 'r6in.12xlarge_use1-az1': 1, 'r6in.12xlarge_use1-az6': 5, 'r6in.16xlarge_use1-az4': 1, 'r6in.16xlarge_use1-az5': 1, 'r6in.16xlarge_use1-az6': 5, 'r6in.24xlarge_use1-az6': 1, 'r6in.2xlarge_use1-az1': 1, 'r6in.2xlarge_use1-az2': 1, 'r6in.2xlarge_use1-az4': 1, 'r6in.2xlarge_use1-az5': 1, 'r6in.2xlarge_use1-az6': 1, 'r6in.4xlarge_use1-az1': 5, 'r6in.4xlarge_use1-az2': 20, 'r6in.4xlarge_use1-az4': 15, 'r6in.4xlarge_use1-az5': 20, 'r6in.4xlarge_use1-az6': 20, 'r6in.8xlarge_use1-az1': 5, 'r6in.8xlarge_use1-az4': 1, 'r6in.8xlarge_use1-az6': 5, 'r6in.large_use1-az1': 45, 'r6in.large_use1-az2': 50, 'r6in.large_use1-az4': 50, 'r6in.large_use1-az5': 40, 'r6in.large_use1-az6': 50, 'r6in.xlarge_use1-az1': 1, 'r6in.xlarge_use1-az2': 1, 'r6in.xlarge_use1-az4': 1, 'r6in.xlarge_use1-az5': 1, 'r6in.xlarge_use1-az6': 1, 'r7a.12xlarge_use1-az1': 1, 'r7a.12xlarge_use1-az2': 1, 'r7a.12xlarge_use1-az4': 5, 'r7a.12xlarge_use1-az6': 20, 'r7a.16xlarge_use1-az1': 1, 'r7a.16xlarge_use1-az2': 15, 'r7a.16xlarge_use1-az4': 30, 'r7a.16xlarge_use1-az6': 50, 'r7a.24xlarge_use1-az2': 10, 'r7a.24xlarge_use1-az4': 10, 'r7a.24xlarge_use1-az6': 35, 'r7a.2xlarge_use1-az1': 1, 'r7a.2xlarge_use1-az2': 5, 'r7a.2xlarge_use1-az4': 25, 'r7a.2xlarge_use1-az6': 1, 'r7a.32xlarge_use1-az2': 1, 'r7a.32xlarge_use1-az4': 1, 'r7a.32xlarge_use1-az6': 50, 'r7a.48xlarge_use1-az2': 5, 'r7a.48xlarge_use1-az4': 5, 'r7a.48xlarge_use1-az6': 50, 'r7a.4xlarge_use1-az1': 5, 'r7a.4xlarge_use1-az2': 25, 'r7a.4xlarge_use1-az4': 50, 'r7a.4xlarge_use1-az6': 50, 'r7a.8xlarge_use1-az1': 5, 'r7a.8xlarge_use1-az2': 20, 'r7a.8xlarge_use1-az4': 50, 'r7a.8xlarge_use1-az6': 50, 'r7a.large_use1-az1': 50, 'r7a.large_use1-az2': 50, 'r7a.large_use1-az4': 50, 'r7a.large_use1-az6': 50, 'r7a.medium_use1-az1': 10, 'r7a.medium_use1-az2': 25, 'r7a.medium_use1-az4': 50, 'r7a.medium_use1-az6': 50, 'r7a.xlarge_use1-az1': 20, 'r7a.xlarge_use1-az2': 50, 'r7a.xlarge_use1-az4': 50, 'r7a.xlarge_use1-az6': 25, 'r7g.12xlarge_use1-az1': 1, 'r7g.12xlarge_use1-az2': 5, 'r7g.12xlarge_use1-az4': 50, 'r7g.12xlarge_use1-az5': 1, 'r7g.12xlarge_use1-az6': 5, 'r7g.16xlarge_use1-az1': 5, 'r7g.16xlarge_use1-az2': 30, 'r7g.16xlarge_use1-az4': 50, 'r7g.16xlarge_use1-az5': 5, 'r7g.16xlarge_use1-az6': 50, 'r7g.2xlarge_use1-az1': 5, 'r7g.2xlarge_use1-az2': 10, 'r7g.2xlarge_use1-az4': 50, 'r7g.2xlarge_use1-az5': 5, 'r7g.2xlarge_use1-az6': 15, 'r7g.4xlarge_use1-az1': 5, 'r7g.4xlarge_use1-az2': 5, 'r7g.4xlarge_use1-az4': 50, 'r7g.4xlarge_use1-az5': 5, 'r7g.4xlarge_use1-az6': 15, 'r7g.8xlarge_use1-az1': 1, 'r7g.8xlarge_use1-az2': 50, 'r7g.8xlarge_use1-az4': 50, 'r7g.8xlarge_use1-az5': 50, 'r7g.8xlarge_use1-az6': 50, 'r7g.large_use1-az1': 20, 'r7g.large_use1-az2': 50, 'r7g.large_use1-az4': 50, 'r7g.large_use1-az5': 40, 'r7g.large_use1-az6': 40, 'r7g.medium_use1-az1': 50, 'r7g.medium_use1-az2': 50, 'r7g.medium_use1-az4': 50, 'r7g.medium_use1-az5': 25, 'r7g.medium_use1-az6': 50, 'r7g.xlarge_use1-az1': 50, 'r7g.xlarge_use1-az2': 50, 'r7g.xlarge_use1-az4': 50, 'r7g.xlarge_use1-az5': 10, 'r7g.xlarge_use1-az6': 50, 'r7gd.12xlarge_use1-az1': 1, 'r7gd.12xlarge_use1-az2': 10, 'r7gd.12xlarge_use1-az4': 35, 'r7gd.12xlarge_use1-az5': 10, 'r7gd.12xlarge_use1-az6': 50, 'r7gd.16xlarge_use1-az1': 5, 'r7gd.16xlarge_use1-az2': 50, 'r7gd.16xlarge_use1-az4': 50, 'r7gd.16xlarge_use1-az5': 50, 'r7gd.16xlarge_use1-az6': 50, 'r7gd.2xlarge_use1-az1': 5, 'r7gd.2xlarge_use1-az2': 25, 'r7gd.2xlarge_use1-az4': 25, 'r7gd.2xlarge_use1-az5': 40, 'r7gd.2xlarge_use1-az6': 50, 'r7gd.4xlarge_use1-az1': 1, 'r7gd.4xlarge_use1-az2': 20, 'r7gd.4xlarge_use1-az4': 25, 'r7gd.4xlarge_use1-az5': 30, 'r7gd.4xlarge_use1-az6': 50, 'r7gd.8xlarge_use1-az1': 1, 'r7gd.8xlarge_use1-az2': 10, 'r7gd.8xlarge_use1-az4': 30, 'r7gd.8xlarge_use1-az5': 20, 'r7gd.8xlarge_use1-az6': 50, 'r7gd.large_use1-az1': 15, 'r7gd.large_use1-az2': 10, 'r7gd.large_use1-az4': 50, 'r7gd.large_use1-az5': 15, 'r7gd.large_use1-az6': 35, 'r7gd.medium_use1-az1': 35, 'r7gd.medium_use1-az2': 15, 'r7gd.medium_use1-az4': 25, 'r7gd.medium_use1-az5': 15, 'r7gd.medium_use1-az6': 20, 'r7gd.xlarge_use1-az1': 1, 'r7gd.xlarge_use1-az2': 10, 'r7gd.xlarge_use1-az4': 25, 'r7gd.xlarge_use1-az5': 10, 'r7gd.xlarge_use1-az6': 50, 'r7i.12xlarge_use1-az4': 1, 'r7i.12xlarge_use1-az6': 10, 'r7i.16xlarge_use1-az1': 5, 'r7i.16xlarge_use1-az2': 15, 'r7i.16xlarge_use1-az4': 45, 'r7i.16xlarge_use1-az5': 5, 'r7i.16xlarge_use1-az6': 50, 'r7i.24xlarge_use1-az1': 1, 'r7i.24xlarge_use1-az2': 1, 'r7i.24xlarge_use1-az4': 5, 'r7i.24xlarge_use1-az5': 5, 'r7i.24xlarge_use1-az6': 5, 'r7i.2xlarge_use1-az1': 5, 'r7i.2xlarge_use1-az2': 5, 'r7i.2xlarge_use1-az4': 10, 'r7i.2xlarge_use1-az5': 5, 'r7i.2xlarge_use1-az6': 50, 'r7i.48xlarge_use1-az2': 1, 'r7i.48xlarge_use1-az4': 5, 'r7i.48xlarge_use1-az5': 1, 'r7i.48xlarge_use1-az6': 5, 'r7i.4xlarge_use1-az1': 5, 'r7i.4xlarge_use1-az2': 20, 'r7i.4xlarge_use1-az4': 10, 'r7i.4xlarge_use1-az5': 1, 'r7i.4xlarge_use1-az6': 50, 'r7i.8xlarge_use1-az1': 5, 'r7i.8xlarge_use1-az2': 25, 'r7i.8xlarge_use1-az4': 25, 'r7i.8xlarge_use1-az5': 5, 'r7i.8xlarge_use1-az6': 50, 'r7i.large_use1-az1': 15, 'r7i.large_use1-az2': 50, 'r7i.large_use1-az4': 50, 'r7i.large_use1-az5': 15, 'r7i.large_use1-az6': 50, 'r7i.xlarge_use1-az1': 5, 'r7i.xlarge_use1-az2': 15, 'r7i.xlarge_use1-az4': 10, 'r7i.xlarge_use1-az5': 15, 'r7i.xlarge_use1-az6': 50, 'r8g.12xlarge_use1-az2': 5, 'r8g.12xlarge_use1-az4': 5, 'r8g.12xlarge_use1-az6': 15, 'r8g.16xlarge_use1-az1': 1, 'r8g.16xlarge_use1-az2': 50, 'r8g.16xlarge_use1-az4': 50, 'r8g.16xlarge_use1-az5': 5, 'r8g.16xlarge_use1-az6': 50, 'r8g.24xlarge_use1-az2': 10, 'r8g.24xlarge_use1-az4': 5, 'r8g.24xlarge_use1-az5': 5, 'r8g.24xlarge_use1-az6': 35, 'r8g.2xlarge_use1-az2': 5, 'r8g.2xlarge_use1-az4': 5, 'r8g.2xlarge_use1-az5': 1, 'r8g.2xlarge_use1-az6': 5, 'r8g.48xlarge_use1-az2': 1, 'r8g.48xlarge_use1-az4': 5, 'r8g.48xlarge_use1-az6': 5, 'r8g.4xlarge_use1-az2': 10, 'r8g.4xlarge_use1-az4': 35, 'r8g.4xlarge_use1-az5': 5, 'r8g.4xlarge_use1-az6': 50, 'r8g.8xlarge_use1-az2': 40, 'r8g.8xlarge_use1-az4': 15, 'r8g.8xlarge_use1-az5': 1, 'r8g.8xlarge_use1-az6': 50, 'r8g.large_use1-az1': 5, 'r8g.large_use1-az2': 30, 'r8g.large_use1-az4': 15, 'r8g.large_use1-az5': 10, 'r8g.large_use1-az6': 20, 'r8g.medium_use1-az1': 15, 'r8g.medium_use1-az2': 30, 'r8g.medium_use1-az4': 20, 'r8g.medium_use1-az5': 5, 'r8g.medium_use1-az6': 15, 'r8g.xlarge_use1-az1': 1, 'r8g.xlarge_use1-az2': 10, 'r8g.xlarge_use1-az4': 5, 'r8g.xlarge_use1-az5': 5, 'r8g.xlarge_use1-az6': 10, 'r8gb.24xlarge_use1-az6': 1, 'r8gb.2xlarge_use1-az2': 1, 'r8gb.2xlarge_use1-az4': 1, 'r8gb.2xlarge_use1-az6': 1, 'r8gb.large_use1-az2': 20, 'r8gb.large_use1-az4': 15, 'r8gb.large_use1-az6': 25, 'r8gb.medium_use1-az2': 50, 'r8gb.metal-24xl_use1-az6': 1, 'r8gb.xlarge_use1-az2': 5, 'r8gb.xlarge_use1-az4': 5, 'r8gb.xlarge_use1-az6': 5, 'r8gd.12xlarge_use1-az5': 1, 'r8gd.12xlarge_use1-az6': 1, 'r8gd.16xlarge_use1-az2': 1, 'r8gd.16xlarge_use1-az4': 1, 'r8gd.16xlarge_use1-az5': 1, 'r8gd.16xlarge_use1-az6': 15, 'r8gd.24xlarge_use1-az2': 1, 'r8gd.24xlarge_use1-az5': 1, 'r8gd.24xlarge_use1-az6': 25, 'r8gd.2xlarge_use1-az2': 25, 'r8gd.2xlarge_use1-az4': 30, 'r8gd.2xlarge_use1-az6': 50, 'r8gd.48xlarge_use1-az6': 50, 'r8gd.4xlarge_use1-az1': 1, 'r8gd.4xlarge_use1-az2': 20, 'r8gd.4xlarge_use1-az5': 1, 'r8gd.4xlarge_use1-az6': 15, 'r8gd.8xlarge_use1-az2': 5, 'r8gd.8xlarge_use1-az4': 1, 'r8gd.8xlarge_use1-az5': 1, 'r8gd.8xlarge_use1-az6': 1, 'r8gd.large_use1-az2': 50, 'r8gd.large_use1-az5': 1, 'r8gd.large_use1-az6': 50, 'r8gd.medium_use1-az1': 5, 'r8gd.medium_use1-az2': 5, 'r8gd.medium_use1-az4': 5, 'r8gd.medium_use1-az5': 10, 'r8gd.metal-24xl_use1-az6': 1, 'r8gd.metal-48xl_use1-az6': 1, 'r8gd.xlarge_use1-az2': 25, 'r8gd.xlarge_use1-az4': 1, 'r8gd.xlarge_use1-az5': 50, 'r8gd.xlarge_use1-az6': 40, 'r8gn.16xlarge_use1-az6': 1, 'r8gn.24xlarge_use1-az2': 1, 'r8gn.2xlarge_use1-az2': 1, 'r8gn.2xlarge_use1-az4': 1, 'r8gn.2xlarge_use1-az6': 1, 'r8gn.48xlarge_use1-az6': 1, 'r8gn.4xlarge_use1-az6': 5, 'r8gn.8xlarge_use1-az2': 1, 'r8gn.8xlarge_use1-az6': 5, 'r8gn.large_use1-az2': 20, 'r8gn.large_use1-az4': 15, 'r8gn.large_use1-az6': 20, 'r8gn.medium_use1-az2': 35, 'r8gn.medium_use1-az4': 40, 'r8gn.metal-24xl_use1-az2': 1, 'r8gn.metal-24xl_use1-az6': 1, 'r8gn.xlarge_use1-az2': 1, 'r8gn.xlarge_use1-az4': 5, 'r8gn.xlarge_use1-az6': 10, 'r8i-flex.2xlarge_use1-az2': 1, 'r8i-flex.2xlarge_use1-az6': 5, 'r8i-flex.4xlarge_use1-az2': 1, 'r8i-flex.4xlarge_use1-az6': 1, 'r8i-flex.large_use1-az2': 1, 'r8i-flex.large_use1-az6': 5, 'r8i-flex.xlarge_use1-az2': 5, 'r8i-flex.xlarge_use1-az6': 1, 'r8i.12xlarge_use1-az2': 1, 'r8i.12xlarge_use1-az6': 1, 'r8i.16xlarge_use1-az2': 1, 'r8i.16xlarge_use1-az6': 1, 'r8i.24xlarge_use1-az6': 1, 'r8i.2xlarge_use1-az2': 5, 'r8i.2xlarge_use1-az6': 5, 'r8i.32xlarge_use1-az2': 1, 'r8i.32xlarge_use1-az6': 1, 'r8i.48xlarge_use1-az2': 1, 'r8i.48xlarge_use1-az6': 1, 'r8i.4xlarge_use1-az2': 1, 'r8i.4xlarge_use1-az6': 5, 'r8i.8xlarge_use1-az2': 1, 'r8i.8xlarge_use1-az6': 5, 'r8i.96xlarge_use1-az2': 1, 'r8i.96xlarge_use1-az6': 1, 'r8i.large_use1-az2': 20, 'r8i.large_use1-az6': 20, 'r8i.xlarge_use1-az2': 5, 'r8i.xlarge_use1-az6': 5, 't2.2xlarge_use1-az1': 50, 't2.2xlarge_use1-az2': 50, 't2.2xlarge_use1-az3': 15, 't2.2xlarge_use1-az4': 50, 't2.2xlarge_use1-az5': 50, 't2.2xlarge_use1-az6': 50, 't2.large_use1-az1': 20, 't2.large_use1-az2': 50, 't2.large_use1-az3': 50, 't2.large_use1-az4': 50, 't2.large_use1-az5': 25, 't2.large_use1-az6': 50, 't2.medium_use1-az1': 50, 't2.medium_use1-az2': 50, 't2.medium_use1-az3': 50, 't2.medium_use1-az4': 50, 't2.medium_use1-az5': 50, 't2.medium_use1-az6': 50, 't2.xlarge_use1-az1': 35, 't2.xlarge_use1-az2': 50, 't2.xlarge_use1-az3': 20, 't2.xlarge_use1-az4': 50, 't2.xlarge_use1-az5': 5, 't2.xlarge_use1-az6': 50, 't3.2xlarge_use1-az1': 50, 't3.2xlarge_use1-az2': 50, 't3.2xlarge_use1-az4': 50, 't3.2xlarge_use1-az5': 50, 't3.2xlarge_use1-az6': 50, 't3.large_use1-az1': 50, 't3.large_use1-az2': 50, 't3.large_use1-az4': 50, 't3.large_use1-az5': 50, 't3.large_use1-az6': 50, 't3.medium_use1-az1': 50, 't3.medium_use1-az2': 50, 't3.medium_use1-az4': 50, 't3.medium_use1-az5': 50, 't3.medium_use1-az6': 50, 't3.xlarge_use1-az1': 50, 't3.xlarge_use1-az2': 50, 't3.xlarge_use1-az4': 50, 't3.xlarge_use1-az5': 50, 't3.xlarge_use1-az6': 50, 't3a.2xlarge_use1-az1': 50, 't3a.2xlarge_use1-az2': 50, 't3a.2xlarge_use1-az4': 50, 't3a.2xlarge_use1-az5': 50, 't3a.2xlarge_use1-az6': 50, 't3a.large_use1-az1': 50, 't3a.large_use1-az2': 50, 't3a.large_use1-az4': 50, 't3a.large_use1-az5': 5, 't3a.large_use1-az6': 50, 't3a.medium_use1-az1': 50, 't3a.medium_use1-az2': 50, 't3a.medium_use1-az4': 50, 't3a.medium_use1-az5': 5, 't3a.medium_use1-az6': 50, 't3a.xlarge_use1-az1': 25, 't3a.xlarge_use1-az2': 50, 't3a.xlarge_use1-az4': 50, 't3a.xlarge_use1-az5': 15, 't3a.xlarge_use1-az6': 50, 't4g.2xlarge_use1-az1': 5, 't4g.2xlarge_use1-az2': 15, 't4g.2xlarge_use1-az4': 5, 't4g.2xlarge_use1-az5': 10, 't4g.2xlarge_use1-az6': 10, 't4g.large_use1-az1': 1, 't4g.large_use1-az2': 15, 't4g.large_use1-az4': 50, 't4g.large_use1-az5': 25, 't4g.large_use1-az6': 35, 't4g.medium_use1-az1': 1, 't4g.medium_use1-az2': 50, 't4g.medium_use1-az4': 50, 't4g.medium_use1-az5': 35, 't4g.medium_use1-az6': 50, 't4g.xlarge_use1-az1': 30, 't4g.xlarge_use1-az2': 15, 't4g.xlarge_use1-az4': 50, 't4g.xlarge_use1-az5': 5, 't4g.xlarge_use1-az6': 10, 'trn1.2xlarge_use1-az5': 5, 'trn1.2xlarge_use1-az6': 20, 'trn1.32xlarge_use1-az6': 50, 'trn1n.32xlarge_use1-az6': 50, 'vt1.3xlarge_use1-az2': 1, 'vt1.6xlarge_use1-az2': 1, 'x1.16xlarge_use1-az2': 1, 'x1.16xlarge_use1-az4': 1, 'x1.16xlarge_use1-az6': 1, 'x1.32xlarge_use1-az2': 1, 'x1.32xlarge_use1-az3': 5, 'x1.32xlarge_use1-az6': 1, 'x1e.16xlarge_use1-az2': 1, 'x1e.16xlarge_use1-az4': 1, 'x1e.16xlarge_use1-az6': 5, 'x1e.2xlarge_use1-az1': 1, 'x1e.2xlarge_use1-az2': 5, 'x1e.2xlarge_use1-az4': 10, 'x1e.2xlarge_use1-az6': 1, 'x1e.4xlarge_use1-az2': 5, 'x1e.4xlarge_use1-az4': 5, 'x1e.4xlarge_use1-az6': 1, 'x1e.8xlarge_use1-az2': 1, 'x1e.8xlarge_use1-az4': 5, 'x1e.8xlarge_use1-az6': 5, 'x1e.xlarge_use1-az1': 10, 'x1e.xlarge_use1-az2': 20, 'x1e.xlarge_use1-az4': 15, 'x1e.xlarge_use1-az6': 5, 'x2gd.12xlarge_use1-az5': 5, 'x2gd.12xlarge_use1-az6': 1, 'x2gd.16xlarge_use1-az5': 1, 'x2gd.16xlarge_use1-az6': 15, 'x2gd.2xlarge_use1-az1': 5, 'x2gd.2xlarge_use1-az4': 1, 'x2gd.2xlarge_use1-az5': 5, 'x2gd.2xlarge_use1-az6': 30, 'x2gd.4xlarge_use1-az1': 1, 'x2gd.4xlarge_use1-az2': 1, 'x2gd.4xlarge_use1-az4': 5, 'x2gd.4xlarge_use1-az5': 1, 'x2gd.4xlarge_use1-az6': 35, 'x2gd.8xlarge_use1-az4': 1, 'x2gd.8xlarge_use1-az5': 1, 'x2gd.8xlarge_use1-az6': 5, 'x2gd.large_use1-az1': 35, 'x2gd.large_use1-az2': 25, 'x2gd.large_use1-az4': 15, 'x2gd.large_use1-az5': 25, 'x2gd.large_use1-az6': 50, 'x2gd.medium_use1-az1': 25, 'x2gd.medium_use1-az2': 35, 'x2gd.medium_use1-az4': 50, 'x2gd.medium_use1-az5': 50, 'x2gd.medium_use1-az6': 50, 'x2gd.xlarge_use1-az1': 5, 'x2gd.xlarge_use1-az2': 1, 'x2gd.xlarge_use1-az4': 20, 'x2gd.xlarge_use1-az5': 15, 'x2gd.xlarge_use1-az6': 25, 'x2idn.16xlarge_use1-az2': 1, 'x2idn.16xlarge_use1-az5': 1, 'x2idn.24xlarge_use1-az4': 1, 'x2idn.24xlarge_use1-az5': 1, 'x2idn.32xlarge_use1-az5': 1, 'x2iedn.24xlarge_use1-az4': 1, 'x2iedn.24xlarge_use1-az6': 1, 'x2iedn.2xlarge_use1-az1': 1, 'x2iedn.2xlarge_use1-az2': 25, 'x2iedn.2xlarge_use1-az4': 15, 'x2iedn.2xlarge_use1-az5': 1, 'x2iedn.2xlarge_use1-az6': 5, 'x2iedn.4xlarge_use1-az1': 1, 'x2iedn.4xlarge_use1-az2': 1, 'x2iedn.4xlarge_use1-az4': 1, 'x2iedn.4xlarge_use1-az5': 1, 'x2iedn.4xlarge_use1-az6': 1, 'x2iedn.8xlarge_use1-az4': 1, 'x2iedn.8xlarge_use1-az6': 1, 'x2iedn.xlarge_use1-az1': 5, 'x2iedn.xlarge_use1-az2': 20, 'x2iedn.xlarge_use1-az4': 10, 'x2iedn.xlarge_use1-az5': 1, 'x2iedn.xlarge_use1-az6': 10, 'x2iezn.12xlarge_use1-az2': 1, 'x2iezn.12xlarge_use1-az4': 20, 'x2iezn.12xlarge_use1-az6': 5, 'x2iezn.2xlarge_use1-az2': 5, 'x2iezn.2xlarge_use1-az4': 10, 'x2iezn.2xlarge_use1-az6': 1, 'x2iezn.4xlarge_use1-az2': 1, 'x2iezn.4xlarge_use1-az4': 5, 'x2iezn.4xlarge_use1-az6': 1, 'x2iezn.6xlarge_use1-az2': 1, 'x2iezn.6xlarge_use1-az4': 5, 'x2iezn.6xlarge_use1-az6': 1, 'x2iezn.8xlarge_use1-az2': 1, 'x2iezn.8xlarge_use1-az4': 10, 'x2iezn.8xlarge_use1-az6': 1, 'x8g.12xlarge_use1-az2': 1, 'x8g.12xlarge_use1-az4': 20, 'x8g.12xlarge_use1-az6': 1, 'x8g.16xlarge_use1-az1': 1, 'x8g.16xlarge_use1-az2': 5, 'x8g.16xlarge_use1-az4': 5, 'x8g.16xlarge_use1-az6': 5, 'x8g.24xlarge_use1-az1': 1, 'x8g.24xlarge_use1-az2': 5, 'x8g.24xlarge_use1-az4': 5, 'x8g.24xlarge_use1-az6': 10, 'x8g.2xlarge_use1-az1': 5, 'x8g.2xlarge_use1-az2': 10, 'x8g.2xlarge_use1-az4': 10, 'x8g.2xlarge_use1-az6': 25, 'x8g.48xlarge_use1-az1': 1, 'x8g.48xlarge_use1-az2': 1, 'x8g.48xlarge_use1-az4': 10, 'x8g.48xlarge_use1-az6': 1, 'x8g.4xlarge_use1-az1': 1, 'x8g.4xlarge_use1-az2': 5, 'x8g.4xlarge_use1-az4': 5, 'x8g.4xlarge_use1-az6': 10, 'x8g.8xlarge_use1-az2': 15, 'x8g.8xlarge_use1-az4': 20, 'x8g.8xlarge_use1-az6': 5, 'x8g.large_use1-az1': 30, 'x8g.large_use1-az4': 50, 'x8g.large_use1-az6': 50, 'x8g.medium_use1-az1': 50, 'x8g.medium_use1-az4': 50, 'x8g.medium_use1-az6': 50, 'x8g.metal-24xl_use1-az1': 1, 'x8g.metal-24xl_use1-az2': 1, 'x8g.metal-24xl_use1-az4': 1, 'x8g.metal-24xl_use1-az6': 10, 'x8g.metal-48xl_use1-az2': 1, 'x8g.metal-48xl_use1-az4': 1, 'x8g.metal-48xl_use1-az6': 1, 'x8g.xlarge_use1-az1': 10, 'x8g.xlarge_use1-az2': 20, 'x8g.xlarge_use1-az4': 40, 'x8g.xlarge_use1-az6': 50, 'z1d.12xlarge_use1-az1': 1, 'z1d.12xlarge_use1-az2': 1, 'z1d.12xlarge_use1-az4': 1, 'z1d.12xlarge_use1-az5': 1, 'z1d.12xlarge_use1-az6': 5, 'z1d.2xlarge_use1-az1': 5, 'z1d.2xlarge_use1-az2': 5, 'z1d.2xlarge_use1-az4': 15, 'z1d.2xlarge_use1-az5': 1, 'z1d.2xlarge_use1-az6': 15, 'z1d.3xlarge_use1-az1': 5, 'z1d.3xlarge_use1-az2': 5, 'z1d.3xlarge_use1-az4': 10, 'z1d.3xlarge_use1-az5': 5, 'z1d.3xlarge_use1-az6': 5, 'z1d.6xlarge_use1-az1': 1, 'z1d.6xlarge_use1-az2': 1, 'z1d.6xlarge_use1-az4': 1, 'z1d.6xlarge_use1-az6': 1, 'z1d.large_use1-az1': 15, 'z1d.large_use1-az2': 5, 'z1d.large_use1-az4': 25, 'z1d.large_use1-az5': 10, 'z1d.large_use1-az6': 25, 'z1d.xlarge_use1-az1': 10, 'z1d.xlarge_use1-az2': 20, 'z1d.xlarge_use1-az4': 30, 'z1d.xlarge_use1-az5': 1, 'z1d.xlarge_use1-az6': 20}"
0.78,26866.026399999948,29582890216,1101126.3733487057,1139770,1139670,"{'c3.2xlarge_use1-az4': 50, 'c3.8xlarge_use1-az2': 5, 'c3.8xlarge_use1-az4': 5, 'c3.8xlarge_use1-az6': 1, 'c4.2xlarge_use1-az1': 5, 'c4.2xlarge_use1-az2': 5, 'c4.2xlarge_use1-az3': 25, 'c4.2xlarge_use1-az4': 15, 'c4.2xlarge_use1-az5': 15, 'c4.2xlarge_use1-az6': 10, 'c4.4xlarge_use1-az1': 5, 'c4.4xlarge_use1-az2': 5, 'c4.4xlarge_use1-az3': 10, 'c4.4xlarge_use1-az4': 5, 'c4.4xlarge_use1-az5': 5, 'c4.4xlarge_use1-az6': 1, 'c4.8xlarge_use1-az1': 1, 'c4.8xlarge_use1-az2': 5, 'c4.8xlarge_use1-az3': 5, 'c4.8xlarge_use1-az4': 15, 'c4.8xlarge_use1-az5': 5, 'c4.8xlarge_use1-az6': 5, 'c4.xlarge_use1-az1': 25, 'c4.xlarge_use1-az2': 40, 'c4.xlarge_use1-az4': 40, 'c4.xlarge_use1-az5': 50, 'c4.xlarge_use1-az6': 50, 'c5.12xlarge_use1-az1': 50, 'c5.12xlarge_use1-az2': 50, 'c5.12xlarge_use1-az4': 50, 'c5.12xlarge_use1-az5': 50, 'c5.12xlarge_use1-az6': 50, 'c5.18xlarge_use1-az1': 5, 'c5.18xlarge_use1-az2': 50, 'c5.18xlarge_use1-az4': 15, 'c5.18xlarge_use1-az5': 10, 'c5.18xlarge_use1-az6': 1, 'c5.24xlarge_use1-az1': 1, 'c5.24xlarge_use1-az2': 5, 'c5.24xlarge_use1-az4': 5, 'c5.24xlarge_use1-az5': 1, 'c5.24xlarge_use1-az6': 5, 'c5.2xlarge_use1-az1': 50, 'c5.2xlarge_use1-az2': 50, 'c5.2xlarge_use1-az4': 50, 'c5.2xlarge_use1-az5': 50, 'c5.2xlarge_use1-az6': 50, 'c5.4xlarge_use1-az1': 50, 'c5.4xlarge_use1-az2': 50, 'c5.4xlarge_use1-az4': 50, 'c5.4xlarge_use1-az5': 50, 'c5.4xlarge_use1-az6': 50, 'c5.9xlarge_use1-az1': 50, 'c5.9xlarge_use1-az2': 50, 'c5.9xlarge_use1-az4': 50, 'c5.9xlarge_use1-az5': 50, 'c5.9xlarge_use1-az6': 50, 'c5.large_use1-az1': 50, 'c5.large_use1-az2': 50, 'c5.large_use1-az4': 50, 'c5.large_use1-az5': 50, 'c5.large_use1-az6': 50, 'c5.xlarge_use1-az1': 50, 'c5.xlarge_use1-az2': 50, 'c5.xlarge_use1-az4': 50, 'c5.xlarge_use1-az5': 50, 'c5.xlarge_use1-az6': 50, 'c5a.12xlarge_use1-az1': 5, 'c5a.12xlarge_use1-az2': 10, 'c5a.12xlarge_use1-az4': 15, 'c5a.12xlarge_use1-az5': 1, 'c5a.12xlarge_use1-az6': 5, 'c5a.16xlarge_use1-az4': 1, 'c5a.16xlarge_use1-az6': 1, 'c5a.24xlarge_use1-az2': 1, 'c5a.24xlarge_use1-az4': 1, 'c5a.24xlarge_use1-az6': 1, 'c5a.2xlarge_use1-az1': 30, 'c5a.2xlarge_use1-az2': 20, 'c5a.2xlarge_use1-az4': 50, 'c5a.2xlarge_use1-az5': 15, 'c5a.2xlarge_use1-az6': 50, 'c5a.4xlarge_use1-az1': 5, 'c5a.4xlarge_use1-az2': 1, 'c5a.4xlarge_use1-az4': 5, 'c5a.4xlarge_use1-az5': 5, 'c5a.4xlarge_use1-az6': 5, 'c5a.8xlarge_use1-az1': 1, 'c5a.8xlarge_use1-az2': 1, 'c5a.8xlarge_use1-az4': 5, 'c5a.8xlarge_use1-az6': 15, 'c5a.large_use1-az1': 50, 'c5a.large_use1-az2': 50, 'c5a.large_use1-az4': 50, 'c5a.large_use1-az5': 45, 'c5a.large_use1-az6': 50, 'c5a.xlarge_use1-az1': 50, 'c5a.xlarge_use1-az2': 50, 'c5a.xlarge_use1-az4': 50, 'c5a.xlarge_use1-az5': 50, 'c5a.xlarge_use1-az6': 50, 'c5ad.12xlarge_use1-az1': 5, 'c5ad.12xlarge_use1-az2': 5, 'c5ad.12xlarge_use1-az4': 5, 'c5ad.12xlarge_use1-az6': 5, 'c5ad.16xlarge_use1-az1': 1, 'c5ad.16xlarge_use1-az2': 5, 'c5ad.16xlarge_use1-az4': 1, 'c5ad.16xlarge_use1-az6': 1, 'c5ad.24xlarge_use1-az1': 1, 'c5ad.24xlarge_use1-az2': 1, 'c5ad.24xlarge_use1-az4': 1, 'c5ad.24xlarge_use1-az6': 5, 'c5ad.2xlarge_use1-az1': 10, 'c5ad.2xlarge_use1-az2': 5, 'c5ad.2xlarge_use1-az4': 5, 'c5ad.2xlarge_use1-az5': 5, 'c5ad.2xlarge_use1-az6': 15, 'c5ad.4xlarge_use1-az1': 5, 'c5ad.4xlarge_use1-az2': 5, 'c5ad.4xlarge_use1-az4': 1, 'c5ad.4xlarge_use1-az5': 1, 'c5ad.4xlarge_use1-az6': 10, 'c5ad.8xlarge_use1-az1': 1, 'c5ad.8xlarge_use1-az2': 1, 'c5ad.8xlarge_use1-az4': 1, 'c5ad.8xlarge_use1-az5': 1, 'c5ad.8xlarge_use1-az6': 1, 'c5ad.large_use1-az1': 20, 'c5ad.large_use1-az2': 30, 'c5ad.large_use1-az4': 10, 'c5ad.large_use1-az5': 15, 'c5ad.large_use1-az6': 20, 'c5ad.xlarge_use1-az1': 15, 'c5ad.xlarge_use1-az2': 10, 'c5ad.xlarge_use1-az4': 5, 'c5ad.xlarge_use1-az5': 5, 'c5ad.xlarge_use1-az6': 15, 'c5d.12xlarge_use1-az2': 15, 'c5d.12xlarge_use1-az4': 5, 'c5d.12xlarge_use1-az6': 45, 'c5d.18xlarge_use1-az1': 5, 'c5d.18xlarge_use1-az2': 50, 'c5d.18xlarge_use1-az4': 50, 'c5d.18xlarge_use1-az5': 5, 'c5d.18xlarge_use1-az6': 30, 'c5d.24xlarge_use1-az2': 35, 'c5d.24xlarge_use1-az4': 25, 'c5d.24xlarge_use1-az6': 50, 'c5d.2xlarge_use1-az1': 15, 'c5d.2xlarge_use1-az2': 50, 'c5d.2xlarge_use1-az4': 50, 'c5d.2xlarge_use1-az5': 20, 'c5d.2xlarge_use1-az6': 50, 'c5d.4xlarge_use1-az1': 20, 'c5d.4xlarge_use1-az2': 50, 'c5d.4xlarge_use1-az4': 50, 'c5d.4xlarge_use1-az5': 25, 'c5d.4xlarge_use1-az6': 50, 'c5d.9xlarge_use1-az1': 10, 'c5d.9xlarge_use1-az2': 20, 'c5d.9xlarge_use1-az4': 50, 'c5d.9xlarge_use1-az5': 10, 'c5d.9xlarge_use1-az6': 25, 'c5d.large_use1-az1': 50, 'c5d.large_use1-az2': 50, 'c5d.large_use1-az4': 50, 'c5d.large_use1-az5': 35, 'c5d.large_use1-az6': 50, 'c5d.xlarge_use1-az1': 50, 'c5d.xlarge_use1-az2': 50, 'c5d.xlarge_use1-az4': 50, 'c5d.xlarge_use1-az5': 50, 'c5d.xlarge_use1-az6': 50, 'c5n.18xlarge_use1-az1': 30, 'c5n.18xlarge_use1-az2': 5, 'c5n.18xlarge_use1-az4': 10, 'c5n.2xlarge_use1-az1': 5, 'c5n.2xlarge_use1-az2': 10, 'c5n.2xlarge_use1-az4': 15, 'c5n.2xlarge_use1-az5': 10, 'c5n.2xlarge_use1-az6': 10, 'c5n.4xlarge_use1-az1': 5, 'c5n.4xlarge_use1-az2': 1, 'c5n.4xlarge_use1-az4': 5, 'c5n.4xlarge_use1-az6': 1, 'c5n.9xlarge_use1-az1': 10, 'c5n.9xlarge_use1-az2': 1, 'c5n.9xlarge_use1-az4': 5, 'c5n.large_use1-az1': 10, 'c5n.large_use1-az2': 10, 'c5n.large_use1-az4': 25, 'c5n.large_use1-az5': 5, 'c5n.large_use1-az6': 5, 'c5n.xlarge_use1-az1': 1, 'c5n.xlarge_use1-az2': 1, 'c5n.xlarge_use1-az4': 5, 'c5n.xlarge_use1-az5': 1, 'c5n.xlarge_use1-az6': 1, 'c6a.12xlarge_use1-az1': 5, 'c6a.12xlarge_use1-az2': 50, 'c6a.12xlarge_use1-az4': 50, 'c6a.12xlarge_use1-az5': 1, 'c6a.12xlarge_use1-az6': 15, 'c6a.16xlarge_use1-az1': 1, 'c6a.16xlarge_use1-az2': 5, 'c6a.16xlarge_use1-az4': 10, 'c6a.16xlarge_use1-az5': 1, 'c6a.16xlarge_use1-az6': 15, 'c6a.24xlarge_use1-az1': 1, 'c6a.24xlarge_use1-az2': 5, 'c6a.24xlarge_use1-az4': 5, 'c6a.24xlarge_use1-az5': 5, 'c6a.24xlarge_use1-az6': 20, 'c6a.2xlarge_use1-az1': 10, 'c6a.2xlarge_use1-az2': 40, 'c6a.2xlarge_use1-az4': 50, 'c6a.2xlarge_use1-az5': 10, 'c6a.2xlarge_use1-az6': 50, 'c6a.32xlarge_use1-az2': 1, 'c6a.32xlarge_use1-az4': 1, 'c6a.32xlarge_use1-az5': 1, 'c6a.32xlarge_use1-az6': 5, 'c6a.48xlarge_use1-az2': 1, 'c6a.48xlarge_use1-az4': 10, 'c6a.48xlarge_use1-az5': 5, 'c6a.48xlarge_use1-az6': 25, 'c6a.4xlarge_use1-az1': 15, 'c6a.4xlarge_use1-az2': 15, 'c6a.4xlarge_use1-az4': 30, 'c6a.4xlarge_use1-az5': 15, 'c6a.4xlarge_use1-az6': 50, 'c6a.8xlarge_use1-az1': 5, 'c6a.8xlarge_use1-az2': 50, 'c6a.8xlarge_use1-az4': 30, 'c6a.8xlarge_use1-az5': 25, 'c6a.8xlarge_use1-az6': 50, 'c6a.large_use1-az1': 45, 'c6a.large_use1-az2': 50, 'c6a.large_use1-az4': 50, 'c6a.large_use1-az5': 50, 'c6a.large_use1-az6': 20, 'c6a.xlarge_use1-az1': 15, 'c6a.xlarge_use1-az2': 25, 'c6a.xlarge_use1-az4': 25, 'c6a.xlarge_use1-az5': 15, 'c6a.xlarge_use1-az6': 25, 'c6g.12xlarge_use1-az1': 15, 'c6g.12xlarge_use1-az2': 25, 'c6g.12xlarge_use1-az4': 50, 'c6g.12xlarge_use1-az5': 5, 'c6g.12xlarge_use1-az6': 50, 'c6g.16xlarge_use1-az1': 1, 'c6g.16xlarge_use1-az2': 15, 'c6g.16xlarge_use1-az4': 50, 'c6g.16xlarge_use1-az5': 5, 'c6g.16xlarge_use1-az6': 50, 'c6g.2xlarge_use1-az1': 5, 'c6g.2xlarge_use1-az2': 50, 'c6g.2xlarge_use1-az4': 50, 'c6g.2xlarge_use1-az5': 15, 'c6g.2xlarge_use1-az6': 50, 'c6g.4xlarge_use1-az1': 50, 'c6g.4xlarge_use1-az2': 50, 'c6g.4xlarge_use1-az4': 50, 'c6g.4xlarge_use1-az5': 50, 'c6g.4xlarge_use1-az6': 50, 'c6g.8xlarge_use1-az1': 50, 'c6g.8xlarge_use1-az2': 50, 'c6g.8xlarge_use1-az4': 50, 'c6g.8xlarge_use1-az5': 50, 'c6g.8xlarge_use1-az6': 50, 'c6g.large_use1-az1': 5, 'c6g.large_use1-az2': 50, 'c6g.large_use1-az4': 50, 'c6g.large_use1-az5': 50, 'c6g.large_use1-az6': 50, 'c6g.xlarge_use1-az1': 30, 'c6g.xlarge_use1-az2': 50, 'c6g.xlarge_use1-az4': 50, 'c6g.xlarge_use1-az5': 10, 'c6g.xlarge_use1-az6': 50, 'c6gd.12xlarge_use1-az2': 50, 'c6gd.12xlarge_use1-az4': 30, 'c6gd.12xlarge_use1-az5': 1, 'c6gd.12xlarge_use1-az6': 50, 'c6gd.16xlarge_use1-az2': 50, 'c6gd.16xlarge_use1-az4': 30, 'c6gd.16xlarge_use1-az6': 50, 'c6gd.2xlarge_use1-az1': 15, 'c6gd.2xlarge_use1-az2': 50, 'c6gd.2xlarge_use1-az4': 50, 'c6gd.2xlarge_use1-az5': 1, 'c6gd.2xlarge_use1-az6': 50, 'c6gd.4xlarge_use1-az1': 20, 'c6gd.4xlarge_use1-az2': 50, 'c6gd.4xlarge_use1-az4': 50, 'c6gd.4xlarge_use1-az5': 10, 'c6gd.4xlarge_use1-az6': 50, 'c6gd.8xlarge_use1-az1': 25, 'c6gd.8xlarge_use1-az2': 45, 'c6gd.8xlarge_use1-az4': 45, 'c6gd.8xlarge_use1-az5': 1, 'c6gd.8xlarge_use1-az6': 50, 'c6gd.large_use1-az1': 50, 'c6gd.large_use1-az2': 5, 'c6gd.large_use1-az4': 20, 'c6gd.large_use1-az5': 1, 'c6gd.large_use1-az6': 50, 'c6gd.xlarge_use1-az1': 50, 'c6gd.xlarge_use1-az2': 1, 'c6gd.xlarge_use1-az4': 1, 'c6gd.xlarge_use1-az5': 50, 'c6gd.xlarge_use1-az6': 50, 'c6gn.12xlarge_use1-az2': 25, 'c6gn.12xlarge_use1-az4': 50, 'c6gn.12xlarge_use1-az5': 1, 'c6gn.16xlarge_use1-az1': 1, 'c6gn.16xlarge_use1-az2': 50, 'c6gn.16xlarge_use1-az4': 50, 'c6gn.16xlarge_use1-az5': 10, 'c6gn.2xlarge_use1-az1': 5, 'c6gn.2xlarge_use1-az2': 1, 'c6gn.2xlarge_use1-az4': 20, 'c6gn.2xlarge_use1-az5': 1, 'c6gn.4xlarge_use1-az1': 1, 'c6gn.4xlarge_use1-az2': 40, 'c6gn.4xlarge_use1-az4': 35, 'c6gn.4xlarge_use1-az5': 10, 'c6gn.8xlarge_use1-az1': 25, 'c6gn.8xlarge_use1-az2': 35, 'c6gn.8xlarge_use1-az4': 30, 'c6gn.8xlarge_use1-az5': 5, 'c6gn.8xlarge_use1-az6': 5, 'c6gn.large_use1-az1': 5, 'c6gn.large_use1-az2': 25, 'c6gn.large_use1-az4': 10, 'c6gn.large_use1-az5': 15, 'c6gn.large_use1-az6': 1, 'c6gn.xlarge_use1-az1': 5, 'c6gn.xlarge_use1-az2': 10, 'c6gn.xlarge_use1-az4': 15, 'c6gn.xlarge_use1-az5': 5, 'c6gn.xlarge_use1-az6': 1, 'c6i.12xlarge_use1-az1': 15, 'c6i.12xlarge_use1-az2': 15, 'c6i.12xlarge_use1-az4': 30, 'c6i.12xlarge_use1-az5': 5, 'c6i.12xlarge_use1-az6': 5, 'c6i.16xlarge_use1-az1': 5, 'c6i.16xlarge_use1-az2': 15, 'c6i.16xlarge_use1-az4': 25, 'c6i.16xlarge_use1-az5': 10, 'c6i.16xlarge_use1-az6': 30, 'c6i.24xlarge_use1-az1': 5, 'c6i.24xlarge_use1-az2': 5, 'c6i.24xlarge_use1-az4': 10, 'c6i.24xlarge_use1-az5': 1, 'c6i.24xlarge_use1-az6': 15, 'c6i.2xlarge_use1-az1': 20, 'c6i.2xlarge_use1-az2': 50, 'c6i.2xlarge_use1-az4': 50, 'c6i.2xlarge_use1-az5': 5, 'c6i.2xlarge_use1-az6': 50, 'c6i.32xlarge_use1-az1': 10, 'c6i.32xlarge_use1-az2': 5, 'c6i.32xlarge_use1-az4': 50, 'c6i.32xlarge_use1-az5': 1, 'c6i.32xlarge_use1-az6': 40, 'c6i.4xlarge_use1-az1': 10, 'c6i.4xlarge_use1-az2': 40, 'c6i.4xlarge_use1-az4': 50, 'c6i.4xlarge_use1-az5': 15, 'c6i.4xlarge_use1-az6': 50, 'c6i.8xlarge_use1-az1': 10, 'c6i.8xlarge_use1-az2': 45, 'c6i.8xlarge_use1-az4': 50, 'c6i.8xlarge_use1-az5': 10, 'c6i.8xlarge_use1-az6': 50, 'c6i.large_use1-az1': 10, 'c6i.large_use1-az2': 40, 'c6i.large_use1-az4': 30, 'c6i.large_use1-az5': 10, 'c6i.large_use1-az6': 50, 'c6i.xlarge_use1-az1': 50, 'c6i.xlarge_use1-az2': 45, 'c6i.xlarge_use1-az4': 35, 'c6i.xlarge_use1-az5': 10, 'c6i.xlarge_use1-az6': 50, 'c6id.12xlarge_use1-az1': 1, 'c6id.12xlarge_use1-az2': 1, 'c6id.12xlarge_use1-az4': 5, 'c6id.12xlarge_use1-az6': 5, 'c6id.16xlarge_use1-az1': 1, 'c6id.16xlarge_use1-az2': 5, 'c6id.16xlarge_use1-az4': 5, 'c6id.16xlarge_use1-az5': 1, 'c6id.16xlarge_use1-az6': 1, 'c6id.24xlarge_use1-az1': 5, 'c6id.24xlarge_use1-az2': 15, 'c6id.24xlarge_use1-az4': 5, 'c6id.24xlarge_use1-az5': 1, 'c6id.24xlarge_use1-az6': 10, 'c6id.2xlarge_use1-az1': 1, 'c6id.2xlarge_use1-az2': 1, 'c6id.2xlarge_use1-az4': 5, 'c6id.2xlarge_use1-az5': 5, 'c6id.2xlarge_use1-az6': 1, 'c6id.32xlarge_use1-az1': 1, 'c6id.32xlarge_use1-az2': 5, 'c6id.32xlarge_use1-az4': 10, 'c6id.32xlarge_use1-az5': 1, 'c6id.32xlarge_use1-az6': 5, 'c6id.4xlarge_use1-az1': 15, 'c6id.4xlarge_use1-az2': 10, 'c6id.4xlarge_use1-az4': 10, 'c6id.4xlarge_use1-az5': 1, 'c6id.4xlarge_use1-az6': 5, 'c6id.8xlarge_use1-az1': 5, 'c6id.8xlarge_use1-az2': 1, 'c6id.8xlarge_use1-az4': 5, 'c6id.8xlarge_use1-az5': 1, 'c6id.8xlarge_use1-az6': 1, 'c6id.large_use1-az1': 5, 'c6id.large_use1-az2': 5, 'c6id.large_use1-az4': 1, 'c6id.large_use1-az5': 5, 'c6id.large_use1-az6': 5, 'c6id.xlarge_use1-az1': 5, 'c6id.xlarge_use1-az2': 1, 'c6id.xlarge_use1-az4': 5, 'c6id.xlarge_use1-az5': 1, 'c6id.xlarge_use1-az6': 1, 'c6in.12xlarge_use1-az1': 1, 'c6in.12xlarge_use1-az6': 1, 'c6in.16xlarge_use1-az4': 1, 'c6in.24xlarge_use1-az6': 1, 'c6in.2xlarge_use1-az1': 1, 'c6in.2xlarge_use1-az2': 1, 'c6in.2xlarge_use1-az4': 1, 'c6in.2xlarge_use1-az6': 1, 'c6in.32xlarge_use1-az1': 1, 'c6in.32xlarge_use1-az6': 1, 'c6in.4xlarge_use1-az1': 5, 'c6in.4xlarge_use1-az2': 5, 'c6in.4xlarge_use1-az4': 5, 'c6in.4xlarge_use1-az6': 25, 'c6in.8xlarge_use1-az1': 1, 'c6in.8xlarge_use1-az6': 1, 'c6in.large_use1-az1': 5, 'c6in.large_use1-az2': 1, 'c6in.large_use1-az4': 1, 'c6in.large_use1-az5': 1, 'c6in.large_use1-az6': 5, 'c6in.xlarge_use1-az1': 20, 'c6in.xlarge_use1-az2': 1, 'c6in.xlarge_use1-az4': 1, 'c6in.xlarge_use1-az6': 10, 'c7a.12xlarge_use1-az1': 5, 'c7a.12xlarge_use1-az2': 5, 'c7a.12xlarge_use1-az4': 1, 'c7a.12xlarge_use1-az6': 15, 'c7a.16xlarge_use1-az1': 1, 'c7a.16xlarge_use1-az2': 1, 'c7a.16xlarge_use1-az6': 5, 'c7a.24xlarge_use1-az1': 1, 'c7a.24xlarge_use1-az2': 1, 'c7a.24xlarge_use1-az5': 1, 'c7a.24xlarge_use1-az6': 5, 'c7a.2xlarge_use1-az1': 1, 'c7a.2xlarge_use1-az2': 1, 'c7a.2xlarge_use1-az4': 25, 'c7a.2xlarge_use1-az5': 1, 'c7a.2xlarge_use1-az6': 10, 'c7a.32xlarge_use1-az1': 1, 'c7a.32xlarge_use1-az2': 1, 'c7a.32xlarge_use1-az6': 15, 'c7a.48xlarge_use1-az1': 1, 'c7a.48xlarge_use1-az2': 1, 'c7a.48xlarge_use1-az5': 1, 'c7a.48xlarge_use1-az6': 20, 'c7a.4xlarge_use1-az1': 5, 'c7a.4xlarge_use1-az2': 10, 'c7a.4xlarge_use1-az4': 5, 'c7a.4xlarge_use1-az5': 1, 'c7a.4xlarge_use1-az6': 50, 'c7a.8xlarge_use1-az1': 1, 'c7a.8xlarge_use1-az2': 1, 'c7a.8xlarge_use1-az4': 1, 'c7a.8xlarge_use1-az6': 10, 'c7a.large_use1-az1': 15, 'c7a.large_use1-az2': 25, 'c7a.large_use1-az4': 30, 'c7a.large_use1-az5': 10, 'c7a.large_use1-az6': 50, 'c7a.xlarge_use1-az1': 5, 'c7a.xlarge_use1-az2': 5, 'c7a.xlarge_use1-az4': 10, 'c7a.xlarge_use1-az5': 5, 'c7a.xlarge_use1-az6': 15, 'c7g.12xlarge_use1-az1': 15, 'c7g.12xlarge_use1-az2': 50, 'c7g.12xlarge_use1-az4': 15, 'c7g.12xlarge_use1-az5': 1, 'c7g.12xlarge_use1-az6': 50, 'c7g.16xlarge_use1-az1': 25, 'c7g.16xlarge_use1-az2': 40, 'c7g.16xlarge_use1-az4': 50, 'c7g.16xlarge_use1-az5': 10, 'c7g.16xlarge_use1-az6': 50, 'c7g.2xlarge_use1-az1': 50, 'c7g.2xlarge_use1-az2': 50, 'c7g.2xlarge_use1-az4': 50, 'c7g.2xlarge_use1-az5': 50, 'c7g.2xlarge_use1-az6': 50, 'c7g.4xlarge_use1-az1': 50, 'c7g.4xlarge_use1-az2': 50, 'c7g.4xlarge_use1-az4': 50, 'c7g.4xlarge_use1-az5': 50, 'c7g.4xlarge_use1-az6': 50, 'c7g.8xlarge_use1-az1': 50, 'c7g.8xlarge_use1-az2': 50, 'c7g.8xlarge_use1-az4': 50, 'c7g.8xlarge_use1-az5': 50, 'c7g.8xlarge_use1-az6': 50, 'c7g.large_use1-az1': 5, 'c7g.large_use1-az2': 45, 'c7g.large_use1-az4': 30, 'c7g.large_use1-az5': 10, 'c7g.large_use1-az6': 30, 'c7g.xlarge_use1-az1': 50, 'c7g.xlarge_use1-az2': 50, 'c7g.xlarge_use1-az4': 50, 'c7g.xlarge_use1-az5': 50, 'c7g.xlarge_use1-az6': 50, 'c7gd.12xlarge_use1-az1': 5, 'c7gd.12xlarge_use1-az2': 30, 'c7gd.12xlarge_use1-az4': 15, 'c7gd.12xlarge_use1-az5': 15, 'c7gd.12xlarge_use1-az6': 50, 'c7gd.16xlarge_use1-az1': 5, 'c7gd.16xlarge_use1-az2': 30, 'c7gd.16xlarge_use1-az4': 40, 'c7gd.16xlarge_use1-az5': 1, 'c7gd.16xlarge_use1-az6': 50, 'c7gd.2xlarge_use1-az1': 15, 'c7gd.2xlarge_use1-az2': 50, 'c7gd.2xlarge_use1-az4': 50, 'c7gd.2xlarge_use1-az5': 5, 'c7gd.2xlarge_use1-az6': 50, 'c7gd.4xlarge_use1-az1': 30, 'c7gd.4xlarge_use1-az2': 25, 'c7gd.4xlarge_use1-az4': 50, 'c7gd.4xlarge_use1-az5': 1, 'c7gd.4xlarge_use1-az6': 50, 'c7gd.8xlarge_use1-az1': 5, 'c7gd.8xlarge_use1-az2': 15, 'c7gd.8xlarge_use1-az4': 10, 'c7gd.8xlarge_use1-az5': 5, 'c7gd.8xlarge_use1-az6': 20, 'c7gd.large_use1-az1': 1, 'c7gd.large_use1-az2': 25, 'c7gd.large_use1-az4': 5, 'c7gd.large_use1-az5': 10, 'c7gd.large_use1-az6': 20, 'c7gd.xlarge_use1-az1': 15, 'c7gd.xlarge_use1-az2': 50, 'c7gd.xlarge_use1-az4': 5, 'c7gd.xlarge_use1-az5': 15, 'c7gd.xlarge_use1-az6': 25, 'c7gn.12xlarge_use1-az2': 1, 'c7gn.12xlarge_use1-az5': 1, 'c7gn.12xlarge_use1-az6': 1, 'c7gn.16xlarge_use1-az2': 5, 'c7gn.16xlarge_use1-az5': 5, 'c7gn.16xlarge_use1-az6': 20, 'c7gn.2xlarge_use1-az1': 1, 'c7gn.2xlarge_use1-az2': 1, 'c7gn.2xlarge_use1-az5': 1, 'c7gn.2xlarge_use1-az6': 5, 'c7gn.4xlarge_use1-az2': 50, 'c7gn.4xlarge_use1-az4': 1, 'c7gn.4xlarge_use1-az5': 1, 'c7gn.4xlarge_use1-az6': 50, 'c7gn.8xlarge_use1-az2': 1, 'c7gn.8xlarge_use1-az5': 1, 'c7gn.8xlarge_use1-az6': 5, 'c7gn.large_use1-az1': 1, 'c7gn.large_use1-az2': 10, 'c7gn.large_use1-az5': 10, 'c7gn.large_use1-az6': 10, 'c7gn.xlarge_use1-az1': 1, 'c7gn.xlarge_use1-az2': 5, 'c7gn.xlarge_use1-az5': 5, 'c7gn.xlarge_use1-az6': 5, 'c7i-flex.2xlarge_use1-az1': 50, 'c7i-flex.2xlarge_use1-az2': 50, 'c7i-flex.2xlarge_use1-az4': 50, 'c7i-flex.2xlarge_use1-az5': 15, 'c7i-flex.2xlarge_use1-az6': 50, 'c7i-flex.4xlarge_use1-az1': 1, 'c7i-flex.4xlarge_use1-az2': 1, 'c7i-flex.4xlarge_use1-az4': 1, 'c7i-flex.4xlarge_use1-az6': 5, 'c7i-flex.8xlarge_use1-az1': 1, 'c7i-flex.8xlarge_use1-az2': 1, 'c7i-flex.8xlarge_use1-az4': 1, 'c7i-flex.8xlarge_use1-az6': 5, 'c7i-flex.large_use1-az1': 40, 'c7i-flex.large_use1-az2': 50, 'c7i-flex.large_use1-az4': 10, 'c7i-flex.large_use1-az5': 1, 'c7i-flex.large_use1-az6': 50, 'c7i-flex.xlarge_use1-az1': 50, 'c7i-flex.xlarge_use1-az2': 50, 'c7i-flex.xlarge_use1-az4': 50, 'c7i-flex.xlarge_use1-az5': 5, 'c7i-flex.xlarge_use1-az6': 50, 'c7i.12xlarge_use1-az1': 5, 'c7i.12xlarge_use1-az2': 15, 'c7i.12xlarge_use1-az4': 15, 'c7i.12xlarge_use1-az6': 5, 'c7i.16xlarge_use1-az1': 1, 'c7i.16xlarge_use1-az2': 5, 'c7i.16xlarge_use1-az4': 1, 'c7i.16xlarge_use1-az6': 15, 'c7i.24xlarge_use1-az1': 5, 'c7i.24xlarge_use1-az2': 5, 'c7i.24xlarge_use1-az4': 5, 'c7i.24xlarge_use1-az5': 1, 'c7i.24xlarge_use1-az6': 15, 'c7i.2xlarge_use1-az1': 10, 'c7i.2xlarge_use1-az2': 10, 'c7i.2xlarge_use1-az4': 10, 'c7i.2xlarge_use1-az5': 5, 'c7i.2xlarge_use1-az6': 25, 'c7i.48xlarge_use1-az1': 10, 'c7i.48xlarge_use1-az2': 10, 'c7i.48xlarge_use1-az4': 5, 'c7i.48xlarge_use1-az5': 1, 'c7i.48xlarge_use1-az6': 50, 'c7i.4xlarge_use1-az1': 5, 'c7i.4xlarge_use1-az2': 5, 'c7i.4xlarge_use1-az4': 5, 'c7i.4xlarge_use1-az5': 1, 'c7i.4xlarge_use1-az6': 15, 'c7i.8xlarge_use1-az1': 1, 'c7i.8xlarge_use1-az2': 5, 'c7i.8xlarge_use1-az4': 5, 'c7i.8xlarge_use1-az6': 10, 'c7i.large_use1-az1': 45, 'c7i.large_use1-az2': 50, 'c7i.large_use1-az4': 50, 'c7i.large_use1-az5': 5, 'c7i.large_use1-az6': 50, 'c7i.xlarge_use1-az1': 5, 'c7i.xlarge_use1-az2': 10, 'c7i.xlarge_use1-az4': 5, 'c7i.xlarge_use1-az5': 1, 'c7i.xlarge_use1-az6': 5, 'c8g.12xlarge_use1-az1': 1, 'c8g.12xlarge_use1-az2': 5, 'c8g.12xlarge_use1-az4': 1, 'c8g.12xlarge_use1-az6': 25, 'c8g.16xlarge_use1-az1': 10, 'c8g.16xlarge_use1-az2': 5, 'c8g.16xlarge_use1-az4': 1, 'c8g.16xlarge_use1-az6': 50, 'c8g.24xlarge_use1-az1': 5, 'c8g.24xlarge_use1-az2': 10, 'c8g.24xlarge_use1-az4': 1, 'c8g.24xlarge_use1-az6': 25, 'c8g.2xlarge_use1-az1': 5, 'c8g.2xlarge_use1-az2': 5, 'c8g.2xlarge_use1-az4': 50, 'c8g.2xlarge_use1-az5': 1, 'c8g.2xlarge_use1-az6': 50, 'c8g.48xlarge_use1-az1': 1, 'c8g.48xlarge_use1-az2': 5, 'c8g.48xlarge_use1-az6': 50, 'c8g.4xlarge_use1-az1': 35, 'c8g.4xlarge_use1-az2': 15, 'c8g.4xlarge_use1-az4': 20, 'c8g.4xlarge_use1-az5': 10, 'c8g.4xlarge_use1-az6': 50, 'c8g.8xlarge_use1-az1': 1, 'c8g.8xlarge_use1-az2': 5, 'c8g.8xlarge_use1-az4': 5, 'c8g.8xlarge_use1-az6': 50, 'c8g.large_use1-az1': 5, 'c8g.large_use1-az2': 20, 'c8g.large_use1-az4': 5, 'c8g.large_use1-az5': 1, 'c8g.large_use1-az6': 40, 'c8g.metal-24xl_use1-az2': 1, 'c8g.metal-24xl_use1-az6': 20, 'c8g.metal-48xl_use1-az1': 1, 'c8g.metal-48xl_use1-az2': 1, 'c8g.metal-48xl_use1-az6': 50, 'c8g.xlarge_use1-az1': 5, 'c8g.xlarge_use1-az2': 30, 'c8g.xlarge_use1-az4': 5, 'c8g.xlarge_use1-az5': 1, 'c8g.xlarge_use1-az6': 50, 'c8gd.12xlarge_use1-az2': 5, 'c8gd.12xlarge_use1-az4': 5, 'c8gd.12xlarge_use1-az5': 1, 'c8gd.12xlarge_use1-az6': 5, 'c8gd.16xlarge_use1-az2': 10, 'c8gd.16xlarge_use1-az4': 10, 'c8gd.16xlarge_use1-az5': 5, 'c8gd.16xlarge_use1-az6': 50, 'c8gd.24xlarge_use1-az2': 1, 'c8gd.24xlarge_use1-az4': 5, 'c8gd.24xlarge_use1-az5': 1, 'c8gd.24xlarge_use1-az6': 5, 'c8gd.2xlarge_use1-az2': 50, 'c8gd.2xlarge_use1-az4': 50, 'c8gd.2xlarge_use1-az5': 10, 'c8gd.2xlarge_use1-az6': 50, 'c8gd.48xlarge_use1-az2': 1, 'c8gd.48xlarge_use1-az6': 15, 'c8gd.4xlarge_use1-az2': 10, 'c8gd.4xlarge_use1-az4': 30, 'c8gd.4xlarge_use1-az5': 1, 'c8gd.4xlarge_use1-az6': 50, 'c8gd.8xlarge_use1-az2': 1, 'c8gd.8xlarge_use1-az4': 1, 'c8gd.8xlarge_use1-az5': 1, 'c8gd.8xlarge_use1-az6': 5, 'c8gd.large_use1-az1': 1, 'c8gd.large_use1-az2': 40, 'c8gd.large_use1-az4': 35, 'c8gd.large_use1-az6': 50, 'c8gd.metal-24xl_use1-az2': 1, 'c8gd.metal-24xl_use1-az4': 1, 'c8gd.metal-24xl_use1-az5': 1, 'c8gd.metal-24xl_use1-az6': 5, 'c8gd.metal-48xl_use1-az2': 1, 'c8gd.metal-48xl_use1-az6': 1, 'c8gd.xlarge_use1-az1': 1, 'c8gd.xlarge_use1-az2': 20, 'c8gd.xlarge_use1-az4': 20, 'c8gd.xlarge_use1-az5': 15, 'c8gd.xlarge_use1-az6': 50, 'c8gn.2xlarge_use1-az2': 1, 'c8gn.2xlarge_use1-az4': 1, 'c8gn.2xlarge_use1-az6': 1, 'c8gn.4xlarge_use1-az2': 1, 'c8gn.4xlarge_use1-az5': 1, 'c8gn.8xlarge_use1-az2': 1, 'c8gn.8xlarge_use1-az6': 1, 'c8gn.large_use1-az6': 1, 'c8i-flex.12xlarge_use1-az6': 1, 'c8i-flex.16xlarge_use1-az6': 1, 'c8i-flex.2xlarge_use1-az2': 25, 'c8i-flex.2xlarge_use1-az4': 15, 'c8i-flex.2xlarge_use1-az6': 50, 'c8i-flex.4xlarge_use1-az2': 5, 'c8i-flex.4xlarge_use1-az4': 1, 'c8i-flex.4xlarge_use1-az6': 5, 'c8i-flex.8xlarge_use1-az6': 1, 'c8i-flex.large_use1-az4': 20, 'c8i-flex.xlarge_use1-az2': 40, 'c8i-flex.xlarge_use1-az4': 5, 'c8i-flex.xlarge_use1-az6': 50, 'c8i.12xlarge_use1-az2': 1, 'c8i.12xlarge_use1-az4': 1, 'c8i.12xlarge_use1-az6': 1, 'c8i.16xlarge_use1-az6': 1, 'c8i.24xlarge_use1-az6': 1, 'c8i.2xlarge_use1-az2': 10, 'c8i.2xlarge_use1-az4': 5, 'c8i.2xlarge_use1-az6': 20, 'c8i.32xlarge_use1-az2': 1, 'c8i.32xlarge_use1-az4': 1, 'c8i.32xlarge_use1-az6': 5, 'c8i.48xlarge_use1-az2': 1, 'c8i.48xlarge_use1-az6': 1, 'c8i.4xlarge_use1-az2': 5, 'c8i.4xlarge_use1-az4': 5, 'c8i.4xlarge_use1-az6': 5, 'c8i.8xlarge_use1-az2': 1, 'c8i.8xlarge_use1-az4': 1, 'c8i.8xlarge_use1-az6': 5, 'c8i.96xlarge_use1-az2': 1, 'c8i.96xlarge_use1-az6': 5, 'c8i.metal-48xl_use1-az2': 1, 'c8i.metal-96xl_use1-az2': 1, 'c8i.metal-96xl_use1-az6': 5, 'c8i.xlarge_use1-az2': 50, 'c8i.xlarge_use1-az4': 15, 'c8i.xlarge_use1-az6': 50, 'd2.2xlarge_use1-az1': 1, 'd2.2xlarge_use1-az6': 1, 'd2.4xlarge_use1-az2': 1, 'd2.4xlarge_use1-az6': 1, 'd2.xlarge_use1-az6': 1, 'd3.2xlarge_use1-az1': 15, 'd3.2xlarge_use1-az2': 45, 'd3.2xlarge_use1-az4': 40, 'd3.2xlarge_use1-az6': 35, 'd3.4xlarge_use1-az1': 1, 'd3.4xlarge_use1-az2': 5, 'd3.4xlarge_use1-az4': 15, 'd3.4xlarge_use1-az6': 5, 'd3.8xlarge_use1-az1': 1, 'd3.8xlarge_use1-az2': 40, 'd3.8xlarge_use1-az4': 35, 'd3.8xlarge_use1-az6': 20, 'd3.xlarge_use1-az1': 10, 'd3.xlarge_use1-az2': 50, 'd3.xlarge_use1-az4': 45, 'd3.xlarge_use1-az6': 25, 'd3en.12xlarge_use1-az1': 1, 'd3en.12xlarge_use1-az2': 10, 'd3en.12xlarge_use1-az4': 20, 'd3en.12xlarge_use1-az6': 50, 'd3en.2xlarge_use1-az1': 5, 'd3en.2xlarge_use1-az2': 25, 'd3en.2xlarge_use1-az4': 15, 'd3en.2xlarge_use1-az6': 50, 'd3en.4xlarge_use1-az2': 5, 'd3en.4xlarge_use1-az4': 10, 'd3en.4xlarge_use1-az6': 50, 'd3en.6xlarge_use1-az1': 1, 'd3en.6xlarge_use1-az2': 5, 'd3en.6xlarge_use1-az4': 15, 'd3en.6xlarge_use1-az6': 50, 'd3en.8xlarge_use1-az1': 1, 'd3en.8xlarge_use1-az2': 15, 'd3en.8xlarge_use1-az4': 5, 'd3en.8xlarge_use1-az6': 50, 'd3en.xlarge_use1-az1': 5, 'd3en.xlarge_use1-az2': 50, 'd3en.xlarge_use1-az4': 30, 'd3en.xlarge_use1-az6': 50, 'f2.12xlarge_use1-az2': 1, 'f2.12xlarge_use1-az4': 1, 'f2.12xlarge_use1-az6': 1, 'f2.48xlarge_use1-az2': 5, 'f2.48xlarge_use1-az4': 5, 'f2.48xlarge_use1-az6': 1, 'g4ad.16xlarge_use1-az1': 5, 'g4ad.16xlarge_use1-az2': 5, 'g4ad.16xlarge_use1-az4': 5, 'g4ad.16xlarge_use1-az6': 10, 'g4ad.2xlarge_use1-az1': 5, 'g4ad.2xlarge_use1-az2': 10, 'g4ad.2xlarge_use1-az4': 10, 'g4ad.2xlarge_use1-az6': 10, 'g4ad.4xlarge_use1-az1': 10, 'g4ad.4xlarge_use1-az2': 15, 'g4ad.4xlarge_use1-az4': 15, 'g4ad.4xlarge_use1-az6': 5, 'g4ad.8xlarge_use1-az1': 1, 'g4ad.8xlarge_use1-az2': 5, 'g4ad.8xlarge_use1-az4': 5, 'g4ad.8xlarge_use1-az6': 5, 'g4ad.xlarge_use1-az1': 20, 'g4ad.xlarge_use1-az2': 20, 'g4ad.xlarge_use1-az4': 25, 'g4ad.xlarge_use1-az6': 20, 'g4dn.12xlarge_use1-az1': 5, 'g4dn.12xlarge_use1-az2': 15, 'g4dn.12xlarge_use1-az4': 15, 'g4dn.12xlarge_use1-az5': 15, 'g4dn.12xlarge_use1-az6': 50, 'g4dn.16xlarge_use1-az1': 1, 'g4dn.16xlarge_use1-az2': 10, 'g4dn.16xlarge_use1-az4': 1, 'g4dn.16xlarge_use1-az5': 5, 'g4dn.16xlarge_use1-az6': 15, 'g4dn.2xlarge_use1-az1': 45, 'g4dn.2xlarge_use1-az2': 50, 'g4dn.2xlarge_use1-az4': 50, 'g4dn.2xlarge_use1-az5': 50, 'g4dn.2xlarge_use1-az6': 50, 'g4dn.4xlarge_use1-az1': 5, 'g4dn.4xlarge_use1-az2': 40, 'g4dn.4xlarge_use1-az4': 25, 'g4dn.4xlarge_use1-az5': 40, 'g4dn.4xlarge_use1-az6': 40, 'g4dn.8xlarge_use1-az1': 1, 'g4dn.8xlarge_use1-az2': 1, 'g4dn.8xlarge_use1-az4': 10, 'g4dn.8xlarge_use1-az5': 1, 'g4dn.8xlarge_use1-az6': 5, 'g4dn.xlarge_use1-az1': 50, 'g4dn.xlarge_use1-az2': 50, 'g4dn.xlarge_use1-az4': 50, 'g4dn.xlarge_use1-az5': 50, 'g4dn.xlarge_use1-az6': 50, 'g5.12xlarge_use1-az2': 1, 'g5.12xlarge_use1-az5': 10, 'g5.12xlarge_use1-az6': 5, 'g5.16xlarge_use1-az1': 1, 'g5.16xlarge_use1-az2': 1, 'g5.16xlarge_use1-az4': 5, 'g5.16xlarge_use1-az5': 5, 'g5.16xlarge_use1-az6': 10, 'g5.24xlarge_use1-az1': 1, 'g5.24xlarge_use1-az2': 1, 'g5.24xlarge_use1-az4': 1, 'g5.24xlarge_use1-az5': 1, 'g5.24xlarge_use1-az6': 5, 'g5.2xlarge_use1-az1': 25, 'g5.2xlarge_use1-az2': 15, 'g5.2xlarge_use1-az4': 15, 'g5.2xlarge_use1-az5': 50, 'g5.2xlarge_use1-az6': 45, 'g5.48xlarge_use1-az2': 1, 'g5.48xlarge_use1-az5': 5, 'g5.48xlarge_use1-az6': 25, 'g5.4xlarge_use1-az1': 1, 'g5.4xlarge_use1-az2': 50, 'g5.4xlarge_use1-az4': 50, 'g5.4xlarge_use1-az5': 40, 'g5.4xlarge_use1-az6': 50, 'g5.8xlarge_use1-az1': 1, 'g5.8xlarge_use1-az2': 5, 'g5.8xlarge_use1-az4': 10, 'g5.8xlarge_use1-az5': 20, 'g5.8xlarge_use1-az6': 10, 'g5g.16xlarge_use1-az1': 1, 'g5g.16xlarge_use1-az6': 5, 'g5g.4xlarge_use1-az6': 1, 'g5g.8xlarge_use1-az1': 1, 'g5g.8xlarge_use1-az4': 1, 'g5g.8xlarge_use1-az6': 1, 'g5g.xlarge_use1-az2': 1, 'g6.12xlarge_use1-az1': 5, 'g6.12xlarge_use1-az2': 1, 'g6.12xlarge_use1-az4': 30, 'g6.12xlarge_use1-az6': 50, 'g6.16xlarge_use1-az1': 1, 'g6.16xlarge_use1-az2': 1, 'g6.16xlarge_use1-az4': 1, 'g6.16xlarge_use1-az6': 5, 'g6.24xlarge_use1-az2': 1, 'g6.24xlarge_use1-az4': 1, 'g6.24xlarge_use1-az6': 1, 'g6.2xlarge_use1-az1': 10, 'g6.2xlarge_use1-az2': 25, 'g6.2xlarge_use1-az4': 50, 'g6.2xlarge_use1-az6': 50, 'g6.48xlarge_use1-az2': 5, 'g6.48xlarge_use1-az4': 30, 'g6.48xlarge_use1-az6': 50, 'g6.4xlarge_use1-az1': 5, 'g6.4xlarge_use1-az2': 10, 'g6.4xlarge_use1-az4': 35, 'g6.4xlarge_use1-az6': 50, 'g6.8xlarge_use1-az1': 5, 'g6.8xlarge_use1-az2': 5, 'g6.8xlarge_use1-az4': 10, 'g6.8xlarge_use1-az6': 15, 'g6.xlarge_use1-az2': 5, 'g6.xlarge_use1-az4': 5, 'g6e.16xlarge_use1-az1': 10, 'g6e.16xlarge_use1-az2': 15, 'g6e.16xlarge_use1-az4': 40, 'g6e.16xlarge_use1-az6': 20, 'g6e.2xlarge_use1-az2': 1, 'g6e.2xlarge_use1-az4': 10, 'g6e.2xlarge_use1-az6': 5, 'g6e.48xlarge_use1-az4': 5, 'g6e.48xlarge_use1-az6': 1, 'g6e.4xlarge_use1-az1': 1, 'g6e.4xlarge_use1-az4': 5, 'g6e.4xlarge_use1-az6': 1, 'g6e.8xlarge_use1-az1': 1, 'g6e.8xlarge_use1-az2': 1, 'g6e.8xlarge_use1-az4': 1, 'g6e.8xlarge_use1-az6': 1, 'g6f.2xlarge_use1-az1': 1, 'g6f.2xlarge_use1-az4': 1, 'g6f.2xlarge_use1-az6': 5, 'g6f.4xlarge_use1-az1': 1, 'g6f.4xlarge_use1-az4': 1, 'g6f.4xlarge_use1-az6': 1, 'g6f.large_use1-az1': 10, 'g6f.large_use1-az2': 15, 'g6f.large_use1-az4': 40, 'g6f.large_use1-az6': 20, 'g6f.xlarge_use1-az1': 1, 'g6f.xlarge_use1-az2': 1, 'g6f.xlarge_use1-az4': 5, 'g6f.xlarge_use1-az6': 10, 'gr6.4xlarge_use1-az2': 1, 'gr6.4xlarge_use1-az4': 1, 'gr6.4xlarge_use1-az6': 1, 'gr6.8xlarge_use1-az1': 1, 'gr6.8xlarge_use1-az2': 1, 'gr6.8xlarge_use1-az4': 1, 'gr6.8xlarge_use1-az6': 1, 'i2.2xlarge_use1-az2': 10, 'i2.2xlarge_use1-az3': 5, 'i2.2xlarge_use1-az6': 5, 'i2.4xlarge_use1-az1': 1, 'i2.4xlarge_use1-az2': 10, 'i2.4xlarge_use1-az3': 1, 'i2.4xlarge_use1-az4': 10, 'i2.4xlarge_use1-az6': 5, 'i2.8xlarge_use1-az2': 1, 'i2.8xlarge_use1-az3': 1, 'i2.8xlarge_use1-az6': 1, 'i2.xlarge_use1-az1': 1, 'i2.xlarge_use1-az2': 15, 'i2.xlarge_use1-az3': 1, 'i2.xlarge_use1-az4': 20, 'i2.xlarge_use1-az6': 15, 'i3.16xlarge_use1-az1': 20, 'i3.16xlarge_use1-az2': 50, 'i3.16xlarge_use1-az3': 10, 'i3.16xlarge_use1-az4': 50, 'i3.16xlarge_use1-az5': 10, 'i3.16xlarge_use1-az6': 45, 'i3.2xlarge_use1-az1': 50, 'i3.2xlarge_use1-az2': 50, 'i3.2xlarge_use1-az3': 50, 'i3.2xlarge_use1-az4': 50, 'i3.2xlarge_use1-az5': 50, 'i3.2xlarge_use1-az6': 50, 'i3.4xlarge_use1-az1': 50, 'i3.4xlarge_use1-az2': 50, 'i3.4xlarge_use1-az3': 50, 'i3.4xlarge_use1-az4': 50, 'i3.4xlarge_use1-az5': 50, 'i3.4xlarge_use1-az6': 50, 'i3.8xlarge_use1-az1': 50, 'i3.8xlarge_use1-az2': 50, 'i3.8xlarge_use1-az3': 50, 'i3.8xlarge_use1-az4': 50, 'i3.8xlarge_use1-az5': 25, 'i3.8xlarge_use1-az6': 50, 'i3.large_use1-az1': 50, 'i3.large_use1-az2': 50, 'i3.large_use1-az3': 50, 'i3.large_use1-az4': 50, 'i3.large_use1-az5': 50, 'i3.large_use1-az6': 50, 'i3.xlarge_use1-az1': 50, 'i3.xlarge_use1-az2': 50, 'i3.xlarge_use1-az3': 50, 'i3.xlarge_use1-az4': 50, 'i3.xlarge_use1-az5': 50, 'i3.xlarge_use1-az6': 50, 'i3en.12xlarge_use1-az1': 1, 'i3en.12xlarge_use1-az2': 1, 'i3en.12xlarge_use1-az6': 50, 'i3en.24xlarge_use1-az6': 20, 'i3en.2xlarge_use1-az1': 50, 'i3en.2xlarge_use1-az2': 50, 'i3en.2xlarge_use1-az4': 30, 'i3en.2xlarge_use1-az5': 50, 'i3en.2xlarge_use1-az6': 50, 'i3en.3xlarge_use1-az1': 50, 'i3en.3xlarge_use1-az2': 50, 'i3en.3xlarge_use1-az4': 50, 'i3en.3xlarge_use1-az5': 50, 'i3en.3xlarge_use1-az6': 50, 'i3en.6xlarge_use1-az1': 10, 'i3en.6xlarge_use1-az2': 20, 'i3en.6xlarge_use1-az4': 10, 'i3en.6xlarge_use1-az6': 50, 'i3en.large_use1-az1': 50, 'i3en.large_use1-az2': 50, 'i3en.large_use1-az4': 45, 'i3en.large_use1-az5': 35, 'i3en.large_use1-az6': 50, 'i3en.xlarge_use1-az1': 50, 'i3en.xlarge_use1-az2': 50, 'i3en.xlarge_use1-az4': 50, 'i3en.xlarge_use1-az5': 50, 'i3en.xlarge_use1-az6': 50, 'i4g.16xlarge_use1-az2': 1, 'i4g.16xlarge_use1-az4': 1, 'i4g.16xlarge_use1-az5': 50, 'i4g.16xlarge_use1-az6': 50, 'i4g.2xlarge_use1-az2': 10, 'i4g.2xlarge_use1-az4': 15, 'i4g.2xlarge_use1-az5': 40, 'i4g.2xlarge_use1-az6': 50, 'i4g.4xlarge_use1-az2': 25, 'i4g.4xlarge_use1-az4': 30, 'i4g.4xlarge_use1-az5': 50, 'i4g.4xlarge_use1-az6': 50, 'i4g.8xlarge_use1-az5': 45, 'i4g.8xlarge_use1-az6': 15, 'i4g.large_use1-az1': 5, 'i4g.large_use1-az2': 5, 'i4g.large_use1-az4': 5, 'i4g.large_use1-az5': 25, 'i4g.large_use1-az6': 50, 'i4g.xlarge_use1-az2': 10, 'i4g.xlarge_use1-az4': 1, 'i4g.xlarge_use1-az5': 50, 'i4g.xlarge_use1-az6': 50, 'i4i.12xlarge_use1-az2': 5, 'i4i.16xlarge_use1-az1': 1, 'i4i.16xlarge_use1-az2': 1, 'i4i.16xlarge_use1-az4': 1, 'i4i.16xlarge_use1-az6': 1, 'i4i.24xlarge_use1-az2': 1, 'i4i.2xlarge_use1-az1': 15, 'i4i.2xlarge_use1-az2': 50, 'i4i.2xlarge_use1-az4': 50, 'i4i.2xlarge_use1-az5': 1, 'i4i.2xlarge_use1-az6': 50, 'i4i.4xlarge_use1-az1': 1, 'i4i.4xlarge_use1-az2': 35, 'i4i.4xlarge_use1-az4': 1, 'i4i.4xlarge_use1-az6': 15, 'i4i.8xlarge_use1-az1': 1, 'i4i.8xlarge_use1-az2': 40, 'i4i.8xlarge_use1-az6': 5, 'i4i.large_use1-az1': 50, 'i4i.large_use1-az2': 50, 'i4i.large_use1-az4': 50, 'i4i.large_use1-az5': 50, 'i4i.large_use1-az6': 50, 'i4i.xlarge_use1-az1': 50, 'i4i.xlarge_use1-az2': 50, 'i4i.xlarge_use1-az4': 50, 'i4i.xlarge_use1-az5': 50, 'i4i.xlarge_use1-az6': 50, 'i7i.12xlarge_use1-az1': 1, 'i7i.12xlarge_use1-az2': 1, 'i7i.12xlarge_use1-az4': 1, 'i7i.12xlarge_use1-az5': 1, 'i7i.12xlarge_use1-az6': 1, 'i7i.16xlarge_use1-az2': 1, 'i7i.16xlarge_use1-az4': 5, 'i7i.16xlarge_use1-az5': 1, 'i7i.16xlarge_use1-az6': 1, 'i7i.24xlarge_use1-az2': 1, 'i7i.24xlarge_use1-az4': 1, 'i7i.24xlarge_use1-az5': 1, 'i7i.24xlarge_use1-az6': 1, 'i7i.2xlarge_use1-az1': 1, 'i7i.2xlarge_use1-az2': 50, 'i7i.2xlarge_use1-az4': 45, 'i7i.2xlarge_use1-az5': 20, 'i7i.2xlarge_use1-az6': 10, 'i7i.48xlarge_use1-az2': 1, 'i7i.4xlarge_use1-az1': 1, 'i7i.4xlarge_use1-az2': 15, 'i7i.4xlarge_use1-az4': 20, 'i7i.4xlarge_use1-az5': 5, 'i7i.4xlarge_use1-az6': 20, 'i7i.8xlarge_use1-az1': 1, 'i7i.8xlarge_use1-az2': 1, 'i7i.8xlarge_use1-az4': 5, 'i7i.8xlarge_use1-az5': 1, 'i7i.8xlarge_use1-az6': 1, 'i7i.metal-24xl_use1-az2': 1, 'i7i.metal-24xl_use1-az4': 50, 'i7i.metal-24xl_use1-az6': 35, 'i7i.xlarge_use1-az1': 1, 'i7i.xlarge_use1-az6': 20, 'i7ie.12xlarge_use1-az1': 1, 'i7ie.12xlarge_use1-az4': 1, 'i7ie.12xlarge_use1-az6': 30, 'i7ie.18xlarge_use1-az4': 1, 'i7ie.18xlarge_use1-az6': 20, 'i7ie.24xlarge_use1-az1': 1, 'i7ie.24xlarge_use1-az2': 1, 'i7ie.24xlarge_use1-az4': 1, 'i7ie.24xlarge_use1-az6': 50, 'i7ie.2xlarge_use1-az1': 5, 'i7ie.2xlarge_use1-az2': 1, 'i7ie.2xlarge_use1-az4': 15, 'i7ie.2xlarge_use1-az6': 35, 'i7ie.3xlarge_use1-az1': 5, 'i7ie.3xlarge_use1-az2': 1, 'i7ie.3xlarge_use1-az4': 5, 'i7ie.3xlarge_use1-az6': 30, 'i7ie.48xlarge_use1-az6': 50, 'i7ie.6xlarge_use1-az1': 25, 'i7ie.6xlarge_use1-az4': 20, 'i7ie.6xlarge_use1-az6': 50, 'i7ie.large_use1-az1': 45, 'i7ie.large_use1-az2': 15, 'i7ie.large_use1-az4': 50, 'i7ie.large_use1-az6': 50, 'i7ie.metal-24xl_use1-az4': 1, 'i7ie.metal-24xl_use1-az6': 15, 'i7ie.metal-48xl_use1-az6': 10, 'i7ie.xlarge_use1-az1': 10, 'i7ie.xlarge_use1-az2': 25, 'i7ie.xlarge_use1-az4': 45, 'i7ie.xlarge_use1-az6': 50, 'i8g.12xlarge_use1-az6': 1, 'i8g.24xlarge_use1-az6': 10, 'i8g.2xlarge_use1-az2': 1, 'i8g.4xlarge_use1-az2': 1, 'i8g.8xlarge_use1-az6': 5, 'i8g.large_use1-az2': 10, 'i8g.large_use1-az6': 5, 'i8g.xlarge_use1-az2': 1, 'i8g.xlarge_use1-az4': 1, 'i8g.xlarge_use1-az6': 1, 'i8ge.12xlarge_use1-az4': 1, 'i8ge.12xlarge_use1-az6': 5, 'i8ge.18xlarge_use1-az2': 1, 'i8ge.18xlarge_use1-az4': 1, 'i8ge.18xlarge_use1-az6': 5, 'i8ge.24xlarge_use1-az4': 1, 'i8ge.24xlarge_use1-az6': 5, 'i8ge.2xlarge_use1-az4': 10, 'i8ge.3xlarge_use1-az2': 1, 'i8ge.3xlarge_use1-az4': 5, 'i8ge.48xlarge_use1-az4': 5, 'i8ge.6xlarge_use1-az2': 1, 'i8ge.6xlarge_use1-az4': 1, 'i8ge.large_use1-az2': 5, 'i8ge.large_use1-az4': 50, 'i8ge.metal-24xl_use1-az4': 1, 'i8ge.metal-48xl_use1-az6': 1, 'i8ge.xlarge_use1-az4': 20, 'im4gn.16xlarge_use1-az4': 45, 'im4gn.2xlarge_use1-az1': 10, 'im4gn.2xlarge_use1-az4': 20, 'im4gn.2xlarge_use1-az6': 15, 'im4gn.4xlarge_use1-az1': 5, 'im4gn.4xlarge_use1-az4': 15, 'im4gn.8xlarge_use1-az1': 1, 'im4gn.8xlarge_use1-az4': 5, 'im4gn.large_use1-az1': 35, 'im4gn.large_use1-az2': 10, 'im4gn.large_use1-az4': 50, 'im4gn.large_use1-az6': 10, 'im4gn.xlarge_use1-az1': 25, 'im4gn.xlarge_use1-az2': 50, 'im4gn.xlarge_use1-az4': 30, 'im4gn.xlarge_use1-az6': 40, 'inf1.24xlarge_use1-az1': 1, 'inf1.24xlarge_use1-az2': 1, 'inf1.24xlarge_use1-az4': 10, 'inf1.24xlarge_use1-az5': 5, 'inf1.24xlarge_use1-az6': 20, 'inf1.2xlarge_use1-az1': 15, 'inf1.2xlarge_use1-az2': 15, 'inf1.2xlarge_use1-az4': 30, 'inf1.2xlarge_use1-az5': 40, 'inf1.2xlarge_use1-az6': 40, 'inf1.6xlarge_use1-az1': 1, 'inf1.6xlarge_use1-az2': 1, 'inf1.6xlarge_use1-az4': 5, 'inf1.6xlarge_use1-az5': 5, 'inf1.6xlarge_use1-az6': 10, 'inf1.xlarge_use1-az1': 50, 'inf1.xlarge_use1-az2': 50, 'inf1.xlarge_use1-az4': 40, 'inf1.xlarge_use1-az5': 50, 'inf1.xlarge_use1-az6': 50, 'inf2.24xlarge_use1-az4': 1, 'inf2.24xlarge_use1-az6': 10, 'inf2.48xlarge_use1-az6': 15, 'inf2.8xlarge_use1-az2': 5, 'inf2.8xlarge_use1-az4': 5, 'inf2.8xlarge_use1-az5': 1, 'inf2.8xlarge_use1-az6': 1, 'inf2.xlarge_use1-az2': 5, 'inf2.xlarge_use1-az4': 1, 'inf2.xlarge_use1-az6': 50, 'is4gen.2xlarge_use1-az1': 1, 'is4gen.2xlarge_use1-az2': 50, 'is4gen.2xlarge_use1-az4': 50, 'is4gen.2xlarge_use1-az6': 50, 'is4gen.8xlarge_use1-az1': 1, 'is4gen.8xlarge_use1-az4': 1, 'is4gen.large_use1-az1': 5, 'is4gen.large_use1-az4': 10, 'is4gen.medium_use1-az1': 50, 'is4gen.medium_use1-az2': 25, 'is4gen.medium_use1-az4': 40, 'is4gen.medium_use1-az6': 30, 'is4gen.xlarge_use1-az2': 1, 'is4gen.xlarge_use1-az4': 15, 'm1.large_use1-az2': 25, 'm1.large_use1-az4': 20, 'm1.large_use1-az6': 15, 'm1.xlarge_use1-az2': 10, 'm1.xlarge_use1-az4': 10, 'm1.xlarge_use1-az6': 10, 'm2.2xlarge_use1-az1': 5, 'm2.2xlarge_use1-az2': 10, 'm2.2xlarge_use1-az4': 15, 'm2.2xlarge_use1-az6': 5, 'm2.4xlarge_use1-az1': 1, 'm2.4xlarge_use1-az2': 5, 'm2.4xlarge_use1-az4': 5, 'm2.4xlarge_use1-az6': 5, 'm2.xlarge_use1-az1': 5, 'm2.xlarge_use1-az2': 20, 'm2.xlarge_use1-az4': 20, 'm2.xlarge_use1-az6': 15, 'm3.2xlarge_use1-az2': 25, 'm3.2xlarge_use1-az3': 1, 'm3.2xlarge_use1-az4': 40, 'm3.2xlarge_use1-az6': 45, 'm3.large_use1-az2': 50, 'm3.large_use1-az3': 1, 'm3.large_use1-az4': 50, 'm3.large_use1-az6': 50, 'm3.xlarge_use1-az2': 50, 'm3.xlarge_use1-az3': 1, 'm3.xlarge_use1-az4': 50, 'm3.xlarge_use1-az6': 50, 'm4.10xlarge_use1-az1': 5, 'm4.10xlarge_use1-az2': 10, 'm4.10xlarge_use1-az3': 1, 'm4.10xlarge_use1-az4': 50, 'm4.10xlarge_use1-az5': 1, 'm4.10xlarge_use1-az6': 50, 'm4.2xlarge_use1-az1': 5, 'm4.2xlarge_use1-az2': 20, 'm4.2xlarge_use1-az3': 50, 'm4.2xlarge_use1-az4': 20, 'm4.2xlarge_use1-az5': 1, 'm4.2xlarge_use1-az6': 25, 'm4.4xlarge_use1-az1': 50, 'm4.4xlarge_use1-az2': 50, 'm4.4xlarge_use1-az3': 50, 'm4.4xlarge_use1-az4': 25, 'm4.4xlarge_use1-az5': 10, 'm4.4xlarge_use1-az6': 15, 'm4.large_use1-az1': 30, 'm4.large_use1-az2': 50, 'm4.large_use1-az3': 25, 'm4.large_use1-az4': 50, 'm4.large_use1-az5': 10, 'm4.large_use1-az6': 50, 'm4.xlarge_use1-az1': 15, 'm4.xlarge_use1-az2': 50, 'm4.xlarge_use1-az3': 50, 'm4.xlarge_use1-az4': 50, 'm4.xlarge_use1-az5': 30, 'm4.xlarge_use1-az6': 50, 'm5.12xlarge_use1-az1': 5, 'm5.12xlarge_use1-az2': 25, 'm5.12xlarge_use1-az4': 50, 'm5.12xlarge_use1-az5': 1, 'm5.12xlarge_use1-az6': 40, 'm5.16xlarge_use1-az1': 10, 'm5.16xlarge_use1-az2': 50, 'm5.16xlarge_use1-az4': 50, 'm5.16xlarge_use1-az5': 1, 'm5.16xlarge_use1-az6': 50, 'm5.24xlarge_use1-az1': 5, 'm5.24xlarge_use1-az2': 5, 'm5.24xlarge_use1-az4': 5, 'm5.24xlarge_use1-az5': 1, 'm5.24xlarge_use1-az6': 35, 'm5.2xlarge_use1-az1': 50, 'm5.2xlarge_use1-az2': 50, 'm5.2xlarge_use1-az4': 50, 'm5.2xlarge_use1-az5': 50, 'm5.2xlarge_use1-az6': 50, 'm5.4xlarge_use1-az1': 50, 'm5.4xlarge_use1-az2': 50, 'm5.4xlarge_use1-az4': 50, 'm5.4xlarge_use1-az5': 10, 'm5.4xlarge_use1-az6': 50, 'm5.8xlarge_use1-az1': 50, 'm5.8xlarge_use1-az2': 40, 'm5.8xlarge_use1-az4': 50, 'm5.8xlarge_use1-az5': 1, 'm5.8xlarge_use1-az6': 50, 'm5.large_use1-az1': 50, 'm5.large_use1-az2': 50, 'm5.large_use1-az4': 50, 'm5.large_use1-az5': 50, 'm5.large_use1-az6': 50, 'm5.xlarge_use1-az1': 50, 'm5.xlarge_use1-az2': 50, 'm5.xlarge_use1-az4': 50, 'm5.xlarge_use1-az5': 50, 'm5.xlarge_use1-az6': 50, 'm5a.12xlarge_use1-az2': 1, 'm5a.12xlarge_use1-az4': 1, 'm5a.12xlarge_use1-az6': 1, 'm5a.16xlarge_use1-az2': 1, 'm5a.16xlarge_use1-az4': 1, 'm5a.16xlarge_use1-az6': 1, 'm5a.24xlarge_use1-az1': 1, 'm5a.24xlarge_use1-az2': 1, 'm5a.24xlarge_use1-az4': 1, 'm5a.24xlarge_use1-az5': 5, 'm5a.24xlarge_use1-az6': 5, 'm5a.2xlarge_use1-az1': 10, 'm5a.2xlarge_use1-az2': 25, 'm5a.2xlarge_use1-az4': 25, 'm5a.2xlarge_use1-az5': 5, 'm5a.2xlarge_use1-az6': 45, 'm5a.4xlarge_use1-az1': 5, 'm5a.4xlarge_use1-az2': 10, 'm5a.4xlarge_use1-az4': 5, 'm5a.4xlarge_use1-az5': 10, 'm5a.4xlarge_use1-az6': 15, 'm5a.8xlarge_use1-az1': 1, 'm5a.8xlarge_use1-az2': 20, 'm5a.8xlarge_use1-az4': 20, 'm5a.8xlarge_use1-az5': 1, 'm5a.8xlarge_use1-az6': 5, 'm5a.large_use1-az1': 50, 'm5a.large_use1-az2': 50, 'm5a.large_use1-az4': 50, 'm5a.large_use1-az5': 45, 'm5a.large_use1-az6': 50, 'm5a.xlarge_use1-az1': 10, 'm5a.xlarge_use1-az2': 30, 'm5a.xlarge_use1-az4': 10, 'm5a.xlarge_use1-az5': 20, 'm5a.xlarge_use1-az6': 50, 'm5ad.12xlarge_use1-az1': 1, 'm5ad.16xlarge_use1-az1': 1, 'm5ad.16xlarge_use1-az2': 1, 'm5ad.16xlarge_use1-az4': 1, 'm5ad.16xlarge_use1-az6': 1, 'm5ad.24xlarge_use1-az1': 5, 'm5ad.24xlarge_use1-az2': 1, 'm5ad.24xlarge_use1-az4': 1, 'm5ad.24xlarge_use1-az6': 5, 'm5ad.2xlarge_use1-az1': 1, 'm5ad.2xlarge_use1-az2': 1, 'm5ad.2xlarge_use1-az4': 5, 'm5ad.2xlarge_use1-az6': 1, 'm5ad.4xlarge_use1-az1': 1, 'm5ad.4xlarge_use1-az2': 1, 'm5ad.4xlarge_use1-az4': 1, 'm5ad.4xlarge_use1-az6': 1, 'm5ad.8xlarge_use1-az2': 1, 'm5ad.large_use1-az1': 10, 'm5ad.large_use1-az2': 5, 'm5ad.large_use1-az4': 10, 'm5ad.large_use1-az5': 1, 'm5ad.large_use1-az6': 10, 'm5ad.xlarge_use1-az1': 1, 'm5ad.xlarge_use1-az2': 10, 'm5ad.xlarge_use1-az4': 5, 'm5ad.xlarge_use1-az6': 5, 'm5d.12xlarge_use1-az1': 1, 'm5d.12xlarge_use1-az2': 25, 'm5d.12xlarge_use1-az4': 30, 'm5d.12xlarge_use1-az6': 15, 'm5d.16xlarge_use1-az1': 5, 'm5d.16xlarge_use1-az2': 35, 'm5d.16xlarge_use1-az4': 20, 'm5d.16xlarge_use1-az5': 1, 'm5d.16xlarge_use1-az6': 50, 'm5d.24xlarge_use1-az1': 20, 'm5d.24xlarge_use1-az2': 15, 'm5d.24xlarge_use1-az4': 5, 'm5d.24xlarge_use1-az5': 1, 'm5d.24xlarge_use1-az6': 50, 'm5d.2xlarge_use1-az1': 5, 'm5d.2xlarge_use1-az2': 25, 'm5d.2xlarge_use1-az4': 25, 'm5d.2xlarge_use1-az6': 30, 'm5d.4xlarge_use1-az1': 5, 'm5d.4xlarge_use1-az2': 15, 'm5d.4xlarge_use1-az4': 25, 'm5d.4xlarge_use1-az6': 25, 'm5d.8xlarge_use1-az1': 1, 'm5d.8xlarge_use1-az2': 25, 'm5d.8xlarge_use1-az4': 10, 'm5d.8xlarge_use1-az5': 1, 'm5d.8xlarge_use1-az6': 10, 'm5d.large_use1-az1': 5, 'm5d.large_use1-az2': 50, 'm5d.large_use1-az4': 50, 'm5d.large_use1-az6': 50, 'm5d.xlarge_use1-az1': 50, 'm5d.xlarge_use1-az2': 50, 'm5d.xlarge_use1-az4': 50, 'm5d.xlarge_use1-az5': 1, 'm5d.xlarge_use1-az6': 50, 'm5dn.12xlarge_use1-az1': 1, 'm5dn.12xlarge_use1-az4': 1, 'm5dn.12xlarge_use1-az6': 1, 'm5dn.16xlarge_use1-az1': 1, 'm5dn.16xlarge_use1-az2': 5, 'm5dn.16xlarge_use1-az4': 1, 'm5dn.16xlarge_use1-az6': 1, 'm5dn.24xlarge_use1-az1': 1, 'm5dn.24xlarge_use1-az2': 1, 'm5dn.24xlarge_use1-az4': 1, 'm5dn.24xlarge_use1-az6': 5, 'm5dn.2xlarge_use1-az1': 10, 'm5dn.2xlarge_use1-az2': 5, 'm5dn.2xlarge_use1-az4': 5, 'm5dn.2xlarge_use1-az5': 1, 'm5dn.2xlarge_use1-az6': 15, 'm5dn.4xlarge_use1-az1': 5, 'm5dn.4xlarge_use1-az2': 5, 'm5dn.4xlarge_use1-az4': 1, 'm5dn.4xlarge_use1-az5': 1, 'm5dn.4xlarge_use1-az6': 5, 'm5dn.8xlarge_use1-az2': 1, 'm5dn.8xlarge_use1-az6': 1, 'm5dn.large_use1-az1': 35, 'm5dn.large_use1-az2': 30, 'm5dn.large_use1-az4': 40, 'm5dn.large_use1-az5': 15, 'm5dn.large_use1-az6': 50, 'm5dn.xlarge_use1-az1': 10, 'm5dn.xlarge_use1-az2': 25, 'm5dn.xlarge_use1-az4': 20, 'm5dn.xlarge_use1-az5': 1, 'm5dn.xlarge_use1-az6': 30, 'm5n.12xlarge_use1-az1': 1, 'm5n.12xlarge_use1-az2': 1, 'm5n.12xlarge_use1-az4': 1, 'm5n.12xlarge_use1-az5': 1, 'm5n.12xlarge_use1-az6': 1, 'm5n.16xlarge_use1-az2': 1, 'm5n.16xlarge_use1-az4': 1, 'm5n.16xlarge_use1-az6': 1, 'm5n.24xlarge_use1-az2': 1, 'm5n.24xlarge_use1-az4': 1, 'm5n.24xlarge_use1-az6': 1, 'm5n.2xlarge_use1-az1': 15, 'm5n.2xlarge_use1-az2': 25, 'm5n.2xlarge_use1-az4': 30, 'm5n.2xlarge_use1-az5': 5, 'm5n.2xlarge_use1-az6': 25, 'm5n.4xlarge_use1-az1': 25, 'm5n.4xlarge_use1-az2': 35, 'm5n.4xlarge_use1-az4': 50, 'm5n.4xlarge_use1-az5': 5, 'm5n.4xlarge_use1-az6': 10, 'm5n.8xlarge_use1-az1': 1, 'm5n.8xlarge_use1-az2': 1, 'm5n.8xlarge_use1-az4': 1, 'm5n.8xlarge_use1-az6': 5, 'm5n.large_use1-az1': 5, 'm5n.large_use1-az2': 15, 'm5n.large_use1-az4': 5, 'm5n.large_use1-az5': 5, 'm5n.large_use1-az6': 15, 'm5n.xlarge_use1-az1': 20, 'm5n.xlarge_use1-az2': 50, 'm5n.xlarge_use1-az4': 50, 'm5n.xlarge_use1-az5': 1, 'm5n.xlarge_use1-az6': 50, 'm5zn.12xlarge_use1-az2': 1, 'm5zn.12xlarge_use1-az4': 10, 'm5zn.12xlarge_use1-az5': 1, 'm5zn.12xlarge_use1-az6': 5, 'm5zn.2xlarge_use1-az1': 1, 'm5zn.2xlarge_use1-az2': 1, 'm5zn.2xlarge_use1-az4': 25, 'm5zn.2xlarge_use1-az5': 1, 'm5zn.2xlarge_use1-az6': 5, 'm5zn.3xlarge_use1-az1': 1, 'm5zn.3xlarge_use1-az2': 1, 'm5zn.3xlarge_use1-az4': 5, 'm5zn.3xlarge_use1-az6': 5, 'm5zn.6xlarge_use1-az4': 1, 'm5zn.6xlarge_use1-az6': 1, 'm5zn.large_use1-az1': 5, 'm5zn.large_use1-az2': 5, 'm5zn.large_use1-az4': 30, 'm5zn.large_use1-az5': 15, 'm5zn.large_use1-az6': 20, 'm5zn.xlarge_use1-az1': 1, 'm5zn.xlarge_use1-az2': 1, 'm5zn.xlarge_use1-az4': 20, 'm5zn.xlarge_use1-az5': 5, 'm5zn.xlarge_use1-az6': 5, 'm6a.12xlarge_use1-az1': 5, 'm6a.12xlarge_use1-az2': 5, 'm6a.12xlarge_use1-az4': 15, 'm6a.12xlarge_use1-az6': 10, 'm6a.16xlarge_use1-az1': 5, 'm6a.16xlarge_use1-az2': 5, 'm6a.16xlarge_use1-az4': 5, 'm6a.16xlarge_use1-az6': 5, 'm6a.24xlarge_use1-az1': 1, 'm6a.24xlarge_use1-az2': 1, 'm6a.24xlarge_use1-az4': 1, 'm6a.24xlarge_use1-az6': 1, 'm6a.2xlarge_use1-az1': 50, 'm6a.2xlarge_use1-az2': 35, 'm6a.2xlarge_use1-az4': 45, 'm6a.2xlarge_use1-az5': 15, 'm6a.2xlarge_use1-az6': 50, 'm6a.32xlarge_use1-az2': 1, 'm6a.32xlarge_use1-az4': 1, 'm6a.32xlarge_use1-az5': 1, 'm6a.32xlarge_use1-az6': 1, 'm6a.48xlarge_use1-az2': 1, 'm6a.48xlarge_use1-az4': 1, 'm6a.48xlarge_use1-az6': 1, 'm6a.4xlarge_use1-az1': 45, 'm6a.4xlarge_use1-az2': 40, 'm6a.4xlarge_use1-az4': 25, 'm6a.4xlarge_use1-az5': 5, 'm6a.4xlarge_use1-az6': 50, 'm6a.8xlarge_use1-az1': 25, 'm6a.8xlarge_use1-az2': 15, 'm6a.8xlarge_use1-az4': 50, 'm6a.8xlarge_use1-az5': 10, 'm6a.8xlarge_use1-az6': 50, 'm6a.large_use1-az1': 50, 'm6a.large_use1-az2': 50, 'm6a.large_use1-az4': 50, 'm6a.large_use1-az5': 30, 'm6a.large_use1-az6': 50, 'm6a.xlarge_use1-az1': 50, 'm6a.xlarge_use1-az2': 50, 'm6a.xlarge_use1-az4': 50, 'm6a.xlarge_use1-az5': 35, 'm6a.xlarge_use1-az6': 50, 'm6g.12xlarge_use1-az1': 1, 'm6g.12xlarge_use1-az2': 5, 'm6g.12xlarge_use1-az4': 50, 'm6g.12xlarge_use1-az6': 50, 'm6g.16xlarge_use1-az1': 1, 'm6g.16xlarge_use1-az2': 5, 'm6g.16xlarge_use1-az4': 25, 'm6g.16xlarge_use1-az6': 50, 'm6g.2xlarge_use1-az1': 15, 'm6g.2xlarge_use1-az2': 50, 'm6g.2xlarge_use1-az4': 50, 'm6g.2xlarge_use1-az5': 5, 'm6g.2xlarge_use1-az6': 50, 'm6g.4xlarge_use1-az1': 10, 'm6g.4xlarge_use1-az2': 50, 'm6g.4xlarge_use1-az4': 50, 'm6g.4xlarge_use1-az5': 10, 'm6g.4xlarge_use1-az6': 50, 'm6g.8xlarge_use1-az1': 5, 'm6g.8xlarge_use1-az2': 50, 'm6g.8xlarge_use1-az4': 50, 'm6g.8xlarge_use1-az6': 50, 'm6g.large_use1-az1': 1, 'm6g.large_use1-az2': 50, 'm6g.large_use1-az4': 50, 'm6g.large_use1-az5': 5, 'm6g.large_use1-az6': 50, 'm6g.medium_use1-az1': 5, 'm6g.medium_use1-az2': 5, 'm6g.medium_use1-az4': 10, 'm6g.medium_use1-az5': 1, 'm6g.medium_use1-az6': 15, 'm6g.xlarge_use1-az1': 50, 'm6g.xlarge_use1-az2': 50, 'm6g.xlarge_use1-az4': 50, 'm6g.xlarge_use1-az5': 50, 'm6g.xlarge_use1-az6': 50, 'm6gd.12xlarge_use1-az1': 10, 'm6gd.12xlarge_use1-az2': 40, 'm6gd.12xlarge_use1-az4': 20, 'm6gd.12xlarge_use1-az5': 5, 'm6gd.12xlarge_use1-az6': 50, 'm6gd.16xlarge_use1-az1': 5, 'm6gd.16xlarge_use1-az2': 10, 'm6gd.16xlarge_use1-az4': 10, 'm6gd.16xlarge_use1-az5': 10, 'm6gd.16xlarge_use1-az6': 35, 'm6gd.2xlarge_use1-az1': 1, 'm6gd.2xlarge_use1-az2': 50, 'm6gd.2xlarge_use1-az4': 45, 'm6gd.2xlarge_use1-az5': 1, 'm6gd.2xlarge_use1-az6': 5, 'm6gd.4xlarge_use1-az1': 1, 'm6gd.4xlarge_use1-az2': 5, 'm6gd.4xlarge_use1-az4': 5, 'm6gd.4xlarge_use1-az5': 1, 'm6gd.4xlarge_use1-az6': 15, 'm6gd.8xlarge_use1-az1': 5, 'm6gd.8xlarge_use1-az2': 10, 'm6gd.8xlarge_use1-az4': 15, 'm6gd.8xlarge_use1-az5': 1, 'm6gd.8xlarge_use1-az6': 20, 'm6gd.large_use1-az1': 1, 'm6gd.large_use1-az2': 5, 'm6gd.large_use1-az4': 5, 'm6gd.large_use1-az5': 1, 'm6gd.large_use1-az6': 15, 'm6gd.medium_use1-az1': 1, 'm6gd.medium_use1-az2': 1, 'm6gd.medium_use1-az4': 1, 'm6gd.medium_use1-az5': 5, 'm6gd.medium_use1-az6': 1, 'm6gd.xlarge_use1-az1': 1, 'm6gd.xlarge_use1-az2': 10, 'm6gd.xlarge_use1-az4': 35, 'm6gd.xlarge_use1-az5': 1, 'm6gd.xlarge_use1-az6': 15, 'm6i.12xlarge_use1-az1': 1, 'm6i.12xlarge_use1-az2': 10, 'm6i.12xlarge_use1-az4': 50, 'm6i.12xlarge_use1-az5': 1, 'm6i.12xlarge_use1-az6': 30, 'm6i.16xlarge_use1-az1': 1, 'm6i.16xlarge_use1-az2': 10, 'm6i.16xlarge_use1-az4': 5, 'm6i.16xlarge_use1-az5': 1, 'm6i.16xlarge_use1-az6': 10, 'm6i.24xlarge_use1-az2': 10, 'm6i.24xlarge_use1-az4': 5, 'm6i.24xlarge_use1-az5': 1, 'm6i.24xlarge_use1-az6': 50, 'm6i.2xlarge_use1-az1': 25, 'm6i.2xlarge_use1-az2': 50, 'm6i.2xlarge_use1-az4': 50, 'm6i.2xlarge_use1-az5': 25, 'm6i.2xlarge_use1-az6': 50, 'm6i.32xlarge_use1-az2': 1, 'm6i.32xlarge_use1-az4': 5, 'm6i.32xlarge_use1-az5': 1, 'm6i.32xlarge_use1-az6': 15, 'm6i.4xlarge_use1-az1': 15, 'm6i.4xlarge_use1-az2': 50, 'm6i.4xlarge_use1-az4': 50, 'm6i.4xlarge_use1-az5': 50, 'm6i.4xlarge_use1-az6': 50, 'm6i.8xlarge_use1-az1': 1, 'm6i.8xlarge_use1-az2': 50, 'm6i.8xlarge_use1-az4': 50, 'm6i.8xlarge_use1-az5': 20, 'm6i.8xlarge_use1-az6': 50, 'm6i.large_use1-az1': 25, 'm6i.large_use1-az2': 50, 'm6i.large_use1-az4': 50, 'm6i.large_use1-az5': 50, 'm6i.large_use1-az6': 50, 'm6i.xlarge_use1-az1': 45, 'm6i.xlarge_use1-az2': 50, 'm6i.xlarge_use1-az4': 50, 'm6i.xlarge_use1-az5': 25, 'm6i.xlarge_use1-az6': 50, 'm6id.12xlarge_use1-az1': 1, 'm6id.12xlarge_use1-az2': 1, 'm6id.12xlarge_use1-az4': 1, 'm6id.12xlarge_use1-az6': 1, 'm6id.16xlarge_use1-az1': 1, 'm6id.16xlarge_use1-az2': 1, 'm6id.16xlarge_use1-az4': 1, 'm6id.16xlarge_use1-az6': 1, 'm6id.24xlarge_use1-az1': 10, 'm6id.24xlarge_use1-az2': 15, 'm6id.24xlarge_use1-az4': 35, 'm6id.24xlarge_use1-az5': 5, 'm6id.24xlarge_use1-az6': 15, 'm6id.2xlarge_use1-az1': 5, 'm6id.2xlarge_use1-az2': 5, 'm6id.2xlarge_use1-az4': 5, 'm6id.2xlarge_use1-az5': 1, 'm6id.2xlarge_use1-az6': 5, 'm6id.32xlarge_use1-az1': 10, 'm6id.32xlarge_use1-az2': 15, 'm6id.32xlarge_use1-az4': 5, 'm6id.32xlarge_use1-az5': 1, 'm6id.32xlarge_use1-az6': 50, 'm6id.4xlarge_use1-az1': 15, 'm6id.4xlarge_use1-az2': 10, 'm6id.4xlarge_use1-az4': 5, 'm6id.4xlarge_use1-az5': 1, 'm6id.4xlarge_use1-az6': 10, 'm6id.8xlarge_use1-az1': 1, 'm6id.8xlarge_use1-az4': 5, 'm6id.8xlarge_use1-az5': 1, 'm6id.8xlarge_use1-az6': 1, 'm6id.large_use1-az1': 30, 'm6id.large_use1-az2': 35, 'm6id.large_use1-az4': 15, 'm6id.large_use1-az5': 5, 'm6id.large_use1-az6': 50, 'm6id.xlarge_use1-az1': 20, 'm6id.xlarge_use1-az2': 45, 'm6id.xlarge_use1-az4': 15, 'm6id.xlarge_use1-az5': 5, 'm6id.xlarge_use1-az6': 25, 'm6idn.12xlarge_use1-az2': 1, 'm6idn.16xlarge_use1-az4': 1, 'm6idn.24xlarge_use1-az1': 1, 'm6idn.24xlarge_use1-az2': 1, 'm6idn.24xlarge_use1-az4': 1, 'm6idn.2xlarge_use1-az1': 5, 'm6idn.2xlarge_use1-az2': 10, 'm6idn.2xlarge_use1-az4': 5, 'm6idn.2xlarge_use1-az5': 1, 'm6idn.2xlarge_use1-az6': 5, 'm6idn.32xlarge_use1-az2': 1, 'm6idn.4xlarge_use1-az1': 30, 'm6idn.4xlarge_use1-az2': 10, 'm6idn.4xlarge_use1-az4': 5, 'm6idn.4xlarge_use1-az5': 5, 'm6idn.4xlarge_use1-az6': 5, 'm6idn.large_use1-az1': 25, 'm6idn.large_use1-az2': 35, 'm6idn.large_use1-az4': 15, 'm6idn.large_use1-az5': 10, 'm6idn.large_use1-az6': 10, 'm6idn.xlarge_use1-az1': 15, 'm6idn.xlarge_use1-az2': 50, 'm6idn.xlarge_use1-az4': 20, 'm6idn.xlarge_use1-az5': 5, 'm6idn.xlarge_use1-az6': 10, 'm6in.12xlarge_use1-az4': 1, 'm6in.16xlarge_use1-az2': 1, 'm6in.16xlarge_use1-az4': 1, 'm6in.24xlarge_use1-az1': 1, 'm6in.24xlarge_use1-az2': 1, 'm6in.2xlarge_use1-az1': 10, 'm6in.2xlarge_use1-az2': 20, 'm6in.2xlarge_use1-az4': 10, 'm6in.2xlarge_use1-az5': 1, 'm6in.2xlarge_use1-az6': 5, 'm6in.4xlarge_use1-az1': 1, 'm6in.4xlarge_use1-az2': 1, 'm6in.4xlarge_use1-az5': 1, 'm6in.8xlarge_use1-az1': 1, 'm6in.8xlarge_use1-az2': 1, 'm6in.8xlarge_use1-az4': 1, 'm6in.large_use1-az1': 5, 'm6in.large_use1-az2': 10, 'm6in.large_use1-az4': 5, 'm6in.large_use1-az5': 1, 'm6in.large_use1-az6': 1, 'm6in.xlarge_use1-az1': 5, 'm6in.xlarge_use1-az2': 10, 'm6in.xlarge_use1-az4': 1, 'm7a.12xlarge_use1-az2': 1, 'm7a.12xlarge_use1-az6': 20, 'm7a.16xlarge_use1-az2': 1, 'm7a.16xlarge_use1-az6': 40, 'm7a.24xlarge_use1-az2': 1, 'm7a.24xlarge_use1-az6': 50, 'm7a.2xlarge_use1-az1': 5, 'm7a.2xlarge_use1-az2': 15, 'm7a.2xlarge_use1-az4': 10, 'm7a.2xlarge_use1-az6': 50, 'm7a.32xlarge_use1-az6': 20, 'm7a.48xlarge_use1-az6': 40, 'm7a.4xlarge_use1-az1': 10, 'm7a.4xlarge_use1-az2': 5, 'm7a.4xlarge_use1-az4': 10, 'm7a.4xlarge_use1-az6': 25, 'm7a.8xlarge_use1-az1': 1, 'm7a.8xlarge_use1-az2': 5, 'm7a.8xlarge_use1-az4': 1, 'm7a.8xlarge_use1-az6': 50, 'm7a.large_use1-az1': 15, 'm7a.large_use1-az2': 50, 'm7a.large_use1-az4': 50, 'm7a.large_use1-az5': 5, 'm7a.large_use1-az6': 50, 'm7a.medium_use1-az1': 10, 'm7a.medium_use1-az2': 50, 'm7a.medium_use1-az4': 50, 'm7a.medium_use1-az6': 50, 'm7a.xlarge_use1-az1': 5, 'm7a.xlarge_use1-az2': 40, 'm7a.xlarge_use1-az4': 50, 'm7a.xlarge_use1-az6': 50, 'm7g.12xlarge_use1-az1': 1, 'm7g.12xlarge_use1-az2': 10, 'm7g.12xlarge_use1-az4': 45, 'm7g.12xlarge_use1-az5': 1, 'm7g.12xlarge_use1-az6': 50, 'm7g.16xlarge_use1-az1': 1, 'm7g.16xlarge_use1-az2': 30, 'm7g.16xlarge_use1-az4': 35, 'm7g.16xlarge_use1-az5': 1, 'm7g.16xlarge_use1-az6': 50, 'm7g.2xlarge_use1-az1': 35, 'm7g.2xlarge_use1-az2': 50, 'm7g.2xlarge_use1-az4': 50, 'm7g.2xlarge_use1-az5': 15, 'm7g.2xlarge_use1-az6': 50, 'm7g.4xlarge_use1-az1': 10, 'm7g.4xlarge_use1-az2': 30, 'm7g.4xlarge_use1-az4': 50, 'm7g.4xlarge_use1-az5': 10, 'm7g.4xlarge_use1-az6': 50, 'm7g.8xlarge_use1-az1': 1, 'm7g.8xlarge_use1-az2': 15, 'm7g.8xlarge_use1-az4': 40, 'm7g.8xlarge_use1-az5': 1, 'm7g.8xlarge_use1-az6': 50, 'm7g.large_use1-az1': 10, 'm7g.large_use1-az2': 50, 'm7g.large_use1-az4': 50, 'm7g.large_use1-az5': 30, 'm7g.large_use1-az6': 50, 'm7g.medium_use1-az1': 30, 'm7g.medium_use1-az2': 40, 'm7g.medium_use1-az4': 50, 'm7g.medium_use1-az5': 35, 'm7g.medium_use1-az6': 50, 'm7g.metal_use1-az1': 1, 'm7g.metal_use1-az2': 25, 'm7g.metal_use1-az4': 10, 'm7g.metal_use1-az5': 1, 'm7g.metal_use1-az6': 50, 'm7g.xlarge_use1-az1': 50, 'm7g.xlarge_use1-az2': 50, 'm7g.xlarge_use1-az4': 50, 'm7g.xlarge_use1-az5': 50, 'm7g.xlarge_use1-az6': 50, 'm7gd.12xlarge_use1-az1': 5, 'm7gd.12xlarge_use1-az2': 10, 'm7gd.12xlarge_use1-az4': 1, 'm7gd.12xlarge_use1-az6': 35, 'm7gd.16xlarge_use1-az1': 1, 'm7gd.16xlarge_use1-az2': 30, 'm7gd.16xlarge_use1-az4': 1, 'm7gd.16xlarge_use1-az6': 40, 'm7gd.2xlarge_use1-az1': 15, 'm7gd.2xlarge_use1-az2': 50, 'm7gd.2xlarge_use1-az4': 15, 'm7gd.2xlarge_use1-az6': 25, 'm7gd.4xlarge_use1-az1': 5, 'm7gd.4xlarge_use1-az2': 10, 'm7gd.4xlarge_use1-az4': 1, 'm7gd.4xlarge_use1-az6': 40, 'm7gd.8xlarge_use1-az1': 10, 'm7gd.8xlarge_use1-az2': 50, 'm7gd.8xlarge_use1-az4': 30, 'm7gd.8xlarge_use1-az5': 45, 'm7gd.8xlarge_use1-az6': 50, 'm7gd.large_use1-az1': 5, 'm7gd.large_use1-az2': 50, 'm7gd.large_use1-az4': 5, 'm7gd.large_use1-az6': 50, 'm7gd.medium_use1-az1': 15, 'm7gd.medium_use1-az2': 20, 'm7gd.medium_use1-az4': 15, 'm7gd.medium_use1-az5': 20, 'm7gd.medium_use1-az6': 25, 'm7gd.metal_use1-az1': 5, 'm7gd.metal_use1-az2': 15, 'm7gd.metal_use1-az4': 1, 'm7gd.metal_use1-az6': 15, 'm7gd.xlarge_use1-az1': 5, 'm7gd.xlarge_use1-az2': 10, 'm7gd.xlarge_use1-az4': 10, 'm7gd.xlarge_use1-az5': 1, 'm7gd.xlarge_use1-az6': 25, 'm7i-flex.2xlarge_use1-az1': 50, 'm7i-flex.2xlarge_use1-az2': 50, 'm7i-flex.2xlarge_use1-az4': 15, 'm7i-flex.2xlarge_use1-az5': 10, 'm7i-flex.2xlarge_use1-az6': 50, 'm7i-flex.4xlarge_use1-az2': 5, 'm7i-flex.4xlarge_use1-az4': 5, 'm7i-flex.4xlarge_use1-az6': 25, 'm7i-flex.8xlarge_use1-az1': 1, 'm7i-flex.8xlarge_use1-az2': 5, 'm7i-flex.8xlarge_use1-az4': 5, 'm7i-flex.8xlarge_use1-az5': 1, 'm7i-flex.8xlarge_use1-az6': 10, 'm7i-flex.large_use1-az1': 20, 'm7i-flex.large_use1-az2': 50, 'm7i-flex.large_use1-az4': 25, 'm7i-flex.large_use1-az5': 25, 'm7i-flex.large_use1-az6': 50, 'm7i-flex.xlarge_use1-az1': 50, 'm7i-flex.xlarge_use1-az2': 50, 'm7i-flex.xlarge_use1-az4': 50, 'm7i-flex.xlarge_use1-az5': 15, 'm7i-flex.xlarge_use1-az6': 50, 'm7i.12xlarge_use1-az1': 1, 'm7i.12xlarge_use1-az2': 5, 'm7i.12xlarge_use1-az4': 15, 'm7i.12xlarge_use1-az6': 50, 'm7i.16xlarge_use1-az1': 5, 'm7i.16xlarge_use1-az2': 10, 'm7i.16xlarge_use1-az4': 10, 'm7i.16xlarge_use1-az6': 50, 'm7i.24xlarge_use1-az2': 5, 'm7i.24xlarge_use1-az4': 5, 'm7i.24xlarge_use1-az6': 50, 'm7i.2xlarge_use1-az1': 1, 'm7i.2xlarge_use1-az2': 50, 'm7i.2xlarge_use1-az4': 50, 'm7i.2xlarge_use1-az6': 50, 'm7i.48xlarge_use1-az1': 1, 'm7i.48xlarge_use1-az2': 5, 'm7i.48xlarge_use1-az4': 20, 'm7i.48xlarge_use1-az6': 50, 'm7i.4xlarge_use1-az1': 1, 'm7i.4xlarge_use1-az2': 25, 'm7i.4xlarge_use1-az4': 10, 'm7i.4xlarge_use1-az6': 50, 'm7i.8xlarge_use1-az1': 40, 'm7i.8xlarge_use1-az2': 20, 'm7i.8xlarge_use1-az4': 50, 'm7i.8xlarge_use1-az6': 50, 'm7i.large_use1-az1': 50, 'm7i.large_use1-az2': 50, 'm7i.large_use1-az4': 50, 'm7i.large_use1-az5': 1, 'm7i.large_use1-az6': 50, 'm7i.xlarge_use1-az1': 30, 'm7i.xlarge_use1-az2': 35, 'm7i.xlarge_use1-az4': 50, 'm7i.xlarge_use1-az6': 50, 'm8g.12xlarge_use1-az2': 10, 'm8g.12xlarge_use1-az4': 10, 'm8g.12xlarge_use1-az5': 1, 'm8g.12xlarge_use1-az6': 35, 'm8g.16xlarge_use1-az2': 5, 'm8g.16xlarge_use1-az4': 5, 'm8g.16xlarge_use1-az5': 5, 'm8g.16xlarge_use1-az6': 45, 'm8g.24xlarge_use1-az2': 5, 'm8g.24xlarge_use1-az4': 1, 'm8g.24xlarge_use1-az5': 1, 'm8g.24xlarge_use1-az6': 25, 'm8g.2xlarge_use1-az4': 10, 'm8g.2xlarge_use1-az5': 10, 'm8g.48xlarge_use1-az2': 5, 'm8g.48xlarge_use1-az4': 5, 'm8g.48xlarge_use1-az6': 20, 'm8g.4xlarge_use1-az2': 5, 'm8g.4xlarge_use1-az4': 5, 'm8g.4xlarge_use1-az5': 1, 'm8g.4xlarge_use1-az6': 40, 'm8g.8xlarge_use1-az2': 10, 'm8g.8xlarge_use1-az4': 20, 'm8g.8xlarge_use1-az5': 1, 'm8g.8xlarge_use1-az6': 40, 'm8g.large_use1-az1': 1, 'm8g.large_use1-az2': 20, 'm8g.large_use1-az6': 45, 'm8g.medium_use1-az1': 1, 'm8g.medium_use1-az2': 15, 'm8g.metal-48xl_use1-az2': 5, 'm8g.metal-48xl_use1-az6': 25, 'm8g.xlarge_use1-az1': 1, 'm8g.xlarge_use1-az5': 15, 'm8g.xlarge_use1-az6': 50, 'm8gd.16xlarge_use1-az5': 1, 'm8gd.4xlarge_use1-az2': 5, 'm8gd.4xlarge_use1-az4': 1, 'm8gd.4xlarge_use1-az6': 1, 'm8gd.8xlarge_use1-az5': 1, 'm8gd.8xlarge_use1-az6': 5, 'm8gd.large_use1-az1': 20, 'm8gd.large_use1-az2': 15, 'm8gd.large_use1-az5': 1, 'm8gd.large_use1-az6': 1, 'm8gd.medium_use1-az6': 1, 'm8gd.metal-24xl_use1-az2': 1, 'm8gd.xlarge_use1-az1': 1, 'm8gd.xlarge_use1-az5': 1, 'm8i-flex.16xlarge_use1-az6': 5, 'm8i-flex.2xlarge_use1-az2': 10, 'm8i-flex.2xlarge_use1-az4': 1, 'm8i-flex.2xlarge_use1-az6': 50, 'm8i-flex.4xlarge_use1-az2': 1, 'm8i-flex.4xlarge_use1-az4': 1, 'm8i-flex.4xlarge_use1-az6': 5, 'm8i-flex.8xlarge_use1-az6': 1, 'm8i-flex.large_use1-az2': 5, 'm8i-flex.xlarge_use1-az2': 10, 'm8i-flex.xlarge_use1-az4': 25, 'm8i-flex.xlarge_use1-az6': 50, 'm8i.12xlarge_use1-az6': 1, 'm8i.16xlarge_use1-az4': 1, 'm8i.16xlarge_use1-az6': 1, 'm8i.24xlarge_use1-az6': 1, 'm8i.2xlarge_use1-az2': 10, 'm8i.2xlarge_use1-az4': 1, 'm8i.2xlarge_use1-az6': 10, 'm8i.32xlarge_use1-az2': 1, 'm8i.32xlarge_use1-az6': 5, 'm8i.48xlarge_use1-az2': 1, 'm8i.48xlarge_use1-az6': 5, 'm8i.4xlarge_use1-az2': 5, 'm8i.4xlarge_use1-az4': 1, 'm8i.4xlarge_use1-az6': 5, 'm8i.8xlarge_use1-az2': 1, 'm8i.8xlarge_use1-az4': 1, 'm8i.8xlarge_use1-az6': 20, 'm8i.96xlarge_use1-az6': 1, 'm8i.large_use1-az4': 25, 'm8i.metal-48xl_use1-az6': 1, 'm8i.metal-96xl_use1-az6': 1, 'm8i.xlarge_use1-az2': 30, 'm8i.xlarge_use1-az4': 10, 'p3.2xlarge_use1-az1': 50, 'p3.2xlarge_use1-az2': 50, 'p3.2xlarge_use1-az5': 50, 'p3.2xlarge_use1-az6': 50, 'p3dn.24xlarge_use1-az6': 50, 'r3.2xlarge_use1-az2': 1, 'r3.2xlarge_use1-az4': 1, 'r3.2xlarge_use1-az6': 1, 'r3.4xlarge_use1-az4': 1, 'r3.4xlarge_use1-az6': 1, 'r3.8xlarge_use1-az2': 1, 'r3.8xlarge_use1-az4': 1, 'r3.8xlarge_use1-az6': 5, 'r3.large_use1-az2': 50, 'r3.large_use1-az4': 50, 'r3.large_use1-az6': 50, 'r3.xlarge_use1-az2': 40, 'r3.xlarge_use1-az4': 50, 'r3.xlarge_use1-az6': 50, 'r4.16xlarge_use1-az1': 10, 'r4.16xlarge_use1-az2': 10, 'r4.16xlarge_use1-az3': 50, 'r4.16xlarge_use1-az4': 35, 'r4.16xlarge_use1-az5': 15, 'r4.16xlarge_use1-az6': 10, 'r4.2xlarge_use1-az1': 20, 'r4.2xlarge_use1-az2': 50, 'r4.2xlarge_use1-az3': 50, 'r4.2xlarge_use1-az4': 50, 'r4.2xlarge_use1-az5': 5, 'r4.2xlarge_use1-az6': 50, 'r4.4xlarge_use1-az1': 20, 'r4.4xlarge_use1-az2': 50, 'r4.4xlarge_use1-az3': 40, 'r4.4xlarge_use1-az4': 15, 'r4.4xlarge_use1-az5': 5, 'r4.4xlarge_use1-az6': 50, 'r4.8xlarge_use1-az1': 50, 'r4.8xlarge_use1-az2': 50, 'r4.8xlarge_use1-az3': 25, 'r4.8xlarge_use1-az4': 50, 'r4.8xlarge_use1-az5': 5, 'r4.8xlarge_use1-az6': 50, 'r4.large_use1-az1': 35, 'r4.large_use1-az2': 50, 'r4.large_use1-az3': 10, 'r4.large_use1-az4': 50, 'r4.large_use1-az5': 20, 'r4.large_use1-az6': 50, 'r4.xlarge_use1-az1': 50, 'r4.xlarge_use1-az2': 50, 'r4.xlarge_use1-az3': 50, 'r4.xlarge_use1-az4': 50, 'r4.xlarge_use1-az5': 30, 'r4.xlarge_use1-az6': 50, 'r5.12xlarge_use1-az1': 5, 'r5.12xlarge_use1-az2': 5, 'r5.12xlarge_use1-az4': 50, 'r5.12xlarge_use1-az5': 5, 'r5.12xlarge_use1-az6': 5, 'r5.16xlarge_use1-az1': 5, 'r5.16xlarge_use1-az4': 35, 'r5.16xlarge_use1-az5': 30, 'r5.16xlarge_use1-az6': 5, 'r5.24xlarge_use1-az4': 15, 'r5.24xlarge_use1-az5': 5, 'r5.24xlarge_use1-az6': 5, 'r5.2xlarge_use1-az1': 50, 'r5.2xlarge_use1-az2': 50, 'r5.2xlarge_use1-az4': 50, 'r5.2xlarge_use1-az5': 5, 'r5.2xlarge_use1-az6': 50, 'r5.4xlarge_use1-az1': 50, 'r5.4xlarge_use1-az2': 50, 'r5.4xlarge_use1-az4': 50, 'r5.4xlarge_use1-az5': 5, 'r5.4xlarge_use1-az6': 50, 'r5.8xlarge_use1-az1': 50, 'r5.8xlarge_use1-az2': 50, 'r5.8xlarge_use1-az4': 50, 'r5.8xlarge_use1-az5': 5, 'r5.8xlarge_use1-az6': 5, 'r5.large_use1-az1': 50, 'r5.large_use1-az2': 50, 'r5.large_use1-az4': 50, 'r5.large_use1-az5': 50, 'r5.large_use1-az6': 50, 'r5.xlarge_use1-az1': 50, 'r5.xlarge_use1-az2': 50, 'r5.xlarge_use1-az4': 50, 'r5.xlarge_use1-az5': 50, 'r5.xlarge_use1-az6': 50, 'r5a.12xlarge_use1-az1': 1, 'r5a.12xlarge_use1-az2': 1, 'r5a.12xlarge_use1-az4': 5, 'r5a.12xlarge_use1-az6': 5, 'r5a.16xlarge_use1-az1': 10, 'r5a.16xlarge_use1-az2': 10, 'r5a.16xlarge_use1-az4': 10, 'r5a.16xlarge_use1-az5': 5, 'r5a.16xlarge_use1-az6': 5, 'r5a.24xlarge_use1-az1': 5, 'r5a.24xlarge_use1-az2': 15, 'r5a.24xlarge_use1-az4': 10, 'r5a.24xlarge_use1-az5': 1, 'r5a.24xlarge_use1-az6': 10, 'r5a.2xlarge_use1-az1': 10, 'r5a.2xlarge_use1-az2': 20, 'r5a.2xlarge_use1-az4': 35, 'r5a.2xlarge_use1-az5': 5, 'r5a.2xlarge_use1-az6': 30, 'r5a.4xlarge_use1-az1': 25, 'r5a.4xlarge_use1-az2': 50, 'r5a.4xlarge_use1-az4': 50, 'r5a.4xlarge_use1-az5': 5, 'r5a.4xlarge_use1-az6': 50, 'r5a.8xlarge_use1-az1': 25, 'r5a.8xlarge_use1-az2': 10, 'r5a.8xlarge_use1-az4': 15, 'r5a.8xlarge_use1-az5': 30, 'r5a.8xlarge_use1-az6': 20, 'r5a.large_use1-az1': 50, 'r5a.large_use1-az2': 50, 'r5a.large_use1-az4': 50, 'r5a.large_use1-az5': 25, 'r5a.large_use1-az6': 50, 'r5a.xlarge_use1-az1': 20, 'r5a.xlarge_use1-az2': 50, 'r5a.xlarge_use1-az4': 50, 'r5a.xlarge_use1-az5': 5, 'r5a.xlarge_use1-az6': 50, 'r5ad.12xlarge_use1-az2': 1, 'r5ad.16xlarge_use1-az2': 50, 'r5ad.16xlarge_use1-az4': 10, 'r5ad.16xlarge_use1-az5': 1, 'r5ad.16xlarge_use1-az6': 10, 'r5ad.24xlarge_use1-az2': 25, 'r5ad.24xlarge_use1-az4': 1, 'r5ad.24xlarge_use1-az6': 10, 'r5ad.2xlarge_use1-az1': 1, 'r5ad.2xlarge_use1-az2': 1, 'r5ad.2xlarge_use1-az4': 1, 'r5ad.2xlarge_use1-az5': 1, 'r5ad.2xlarge_use1-az6': 1, 'r5ad.4xlarge_use1-az1': 1, 'r5ad.4xlarge_use1-az2': 10, 'r5ad.4xlarge_use1-az4': 5, 'r5ad.4xlarge_use1-az5': 1, 'r5ad.4xlarge_use1-az6': 1, 'r5ad.8xlarge_use1-az2': 5, 'r5ad.8xlarge_use1-az4': 20, 'r5ad.8xlarge_use1-az5': 1, 'r5ad.8xlarge_use1-az6': 10, 'r5ad.large_use1-az1': 1, 'r5ad.large_use1-az2': 30, 'r5ad.large_use1-az4': 10, 'r5ad.large_use1-az5': 5, 'r5ad.large_use1-az6': 10, 'r5ad.xlarge_use1-az1': 1, 'r5ad.xlarge_use1-az2': 10, 'r5ad.xlarge_use1-az4': 10, 'r5ad.xlarge_use1-az5': 1, 'r5ad.xlarge_use1-az6': 5, 'r5b.12xlarge_use1-az1': 5, 'r5b.12xlarge_use1-az4': 5, 'r5b.12xlarge_use1-az6': 1, 'r5b.16xlarge_use1-az1': 5, 'r5b.16xlarge_use1-az2': 5, 'r5b.16xlarge_use1-az4': 5, 'r5b.16xlarge_use1-az6': 5, 'r5b.24xlarge_use1-az1': 1, 'r5b.24xlarge_use1-az4': 5, 'r5b.24xlarge_use1-az6': 1, 'r5b.2xlarge_use1-az1': 1, 'r5b.2xlarge_use1-az2': 1, 'r5b.2xlarge_use1-az4': 1, 'r5b.2xlarge_use1-az6': 1, 'r5b.4xlarge_use1-az1': 5, 'r5b.4xlarge_use1-az2': 5, 'r5b.4xlarge_use1-az4': 5, 'r5b.4xlarge_use1-az6': 5, 'r5b.8xlarge_use1-az1': 5, 'r5b.8xlarge_use1-az2': 1, 'r5b.8xlarge_use1-az4': 1, 'r5b.8xlarge_use1-az6': 1, 'r5b.large_use1-az1': 1, 'r5b.large_use1-az2': 5, 'r5b.large_use1-az4': 10, 'r5b.large_use1-az6': 5, 'r5b.xlarge_use1-az1': 1, 'r5b.xlarge_use1-az2': 1, 'r5b.xlarge_use1-az4': 5, 'r5b.xlarge_use1-az6': 1, 'r5d.12xlarge_use1-az1': 1, 'r5d.12xlarge_use1-az2': 5, 'r5d.12xlarge_use1-az4': 10, 'r5d.12xlarge_use1-az6': 1, 'r5d.16xlarge_use1-az1': 5, 'r5d.16xlarge_use1-az2': 50, 'r5d.16xlarge_use1-az4': 50, 'r5d.16xlarge_use1-az5': 10, 'r5d.16xlarge_use1-az6': 50, 'r5d.24xlarge_use1-az1': 1, 'r5d.24xlarge_use1-az2': 1, 'r5d.24xlarge_use1-az4': 10, 'r5d.24xlarge_use1-az5': 1, 'r5d.24xlarge_use1-az6': 10, 'r5d.2xlarge_use1-az1': 5, 'r5d.2xlarge_use1-az2': 15, 'r5d.2xlarge_use1-az4': 15, 'r5d.2xlarge_use1-az5': 1, 'r5d.2xlarge_use1-az6': 15, 'r5d.4xlarge_use1-az1': 5, 'r5d.4xlarge_use1-az2': 20, 'r5d.4xlarge_use1-az4': 45, 'r5d.4xlarge_use1-az5': 5, 'r5d.4xlarge_use1-az6': 25, 'r5d.8xlarge_use1-az1': 5, 'r5d.8xlarge_use1-az2': 15, 'r5d.8xlarge_use1-az4': 15, 'r5d.8xlarge_use1-az5': 5, 'r5d.8xlarge_use1-az6': 50, 'r5d.large_use1-az1': 10, 'r5d.large_use1-az2': 50, 'r5d.large_use1-az4': 50, 'r5d.large_use1-az5': 5, 'r5d.large_use1-az6': 50, 'r5d.xlarge_use1-az1': 1, 'r5d.xlarge_use1-az2': 15, 'r5d.xlarge_use1-az4': 15, 'r5d.xlarge_use1-az5': 1, 'r5d.xlarge_use1-az6': 10, 'r5dn.12xlarge_use1-az1': 1, 'r5dn.12xlarge_use1-az2': 1, 'r5dn.12xlarge_use1-az4': 1, 'r5dn.12xlarge_use1-az5': 1, 'r5dn.12xlarge_use1-az6': 1, 'r5dn.16xlarge_use1-az1': 5, 'r5dn.16xlarge_use1-az2': 5, 'r5dn.16xlarge_use1-az4': 15, 'r5dn.16xlarge_use1-az5': 10, 'r5dn.16xlarge_use1-az6': 30, 'r5dn.24xlarge_use1-az2': 5, 'r5dn.24xlarge_use1-az4': 10, 'r5dn.24xlarge_use1-az5': 1, 'r5dn.24xlarge_use1-az6': 25, 'r5dn.2xlarge_use1-az1': 50, 'r5dn.2xlarge_use1-az2': 45, 'r5dn.2xlarge_use1-az4': 30, 'r5dn.2xlarge_use1-az5': 50, 'r5dn.2xlarge_use1-az6': 5, 'r5dn.4xlarge_use1-az1': 5, 'r5dn.4xlarge_use1-az2': 25, 'r5dn.4xlarge_use1-az4': 45, 'r5dn.4xlarge_use1-az5': 5, 'r5dn.4xlarge_use1-az6': 20, 'r5dn.8xlarge_use1-az1': 1, 'r5dn.8xlarge_use1-az2': 5, 'r5dn.8xlarge_use1-az4': 5, 'r5dn.8xlarge_use1-az5': 5, 'r5dn.8xlarge_use1-az6': 50, 'r5dn.large_use1-az1': 50, 'r5dn.large_use1-az2': 50, 'r5dn.large_use1-az4': 50, 'r5dn.large_use1-az5': 50, 'r5dn.large_use1-az6': 50, 'r5dn.xlarge_use1-az1': 5, 'r5dn.xlarge_use1-az2': 15, 'r5dn.xlarge_use1-az4': 15, 'r5dn.xlarge_use1-az5': 15, 'r5dn.xlarge_use1-az6': 15, 'r5n.12xlarge_use1-az2': 1, 'r5n.12xlarge_use1-az4': 1, 'r5n.12xlarge_use1-az6': 1, 'r5n.16xlarge_use1-az1': 1, 'r5n.16xlarge_use1-az2': 10, 'r5n.16xlarge_use1-az4': 35, 'r5n.16xlarge_use1-az5': 1, 'r5n.16xlarge_use1-az6': 20, 'r5n.2xlarge_use1-az1': 5, 'r5n.2xlarge_use1-az2': 5, 'r5n.2xlarge_use1-az4': 15, 'r5n.2xlarge_use1-az5': 1, 'r5n.2xlarge_use1-az6': 1, 'r5n.4xlarge_use1-az1': 5, 'r5n.4xlarge_use1-az2': 25, 'r5n.4xlarge_use1-az4': 15, 'r5n.4xlarge_use1-az5': 5, 'r5n.4xlarge_use1-az6': 35, 'r5n.8xlarge_use1-az1': 10, 'r5n.8xlarge_use1-az2': 20, 'r5n.8xlarge_use1-az4': 35, 'r5n.8xlarge_use1-az6': 15, 'r5n.large_use1-az1': 20, 'r5n.large_use1-az2': 50, 'r5n.large_use1-az4': 50, 'r5n.large_use1-az5': 10, 'r5n.large_use1-az6': 30, 'r5n.xlarge_use1-az1': 1, 'r5n.xlarge_use1-az2': 10, 'r5n.xlarge_use1-az4': 15, 'r5n.xlarge_use1-az5': 1, 'r5n.xlarge_use1-az6': 20, 'r6a.12xlarge_use1-az1': 1, 'r6a.12xlarge_use1-az2': 10, 'r6a.12xlarge_use1-az4': 5, 'r6a.12xlarge_use1-az6': 10, 'r6a.16xlarge_use1-az1': 5, 'r6a.16xlarge_use1-az2': 15, 'r6a.16xlarge_use1-az4': 30, 'r6a.16xlarge_use1-az5': 15, 'r6a.16xlarge_use1-az6': 40, 'r6a.24xlarge_use1-az2': 5, 'r6a.24xlarge_use1-az4': 1, 'r6a.24xlarge_use1-az5': 1, 'r6a.24xlarge_use1-az6': 5, 'r6a.2xlarge_use1-az1': 50, 'r6a.2xlarge_use1-az2': 50, 'r6a.2xlarge_use1-az4': 40, 'r6a.2xlarge_use1-az5': 1, 'r6a.2xlarge_use1-az6': 50, 'r6a.32xlarge_use1-az2': 5, 'r6a.32xlarge_use1-az4': 5, 'r6a.32xlarge_use1-az5': 5, 'r6a.32xlarge_use1-az6': 5, 'r6a.48xlarge_use1-az2': 5, 'r6a.48xlarge_use1-az4': 5, 'r6a.48xlarge_use1-az5': 5, 'r6a.48xlarge_use1-az6': 1, 'r6a.4xlarge_use1-az1': 50, 'r6a.4xlarge_use1-az2': 50, 'r6a.4xlarge_use1-az4': 50, 'r6a.4xlarge_use1-az5': 40, 'r6a.4xlarge_use1-az6': 50, 'r6a.8xlarge_use1-az1': 20, 'r6a.8xlarge_use1-az2': 50, 'r6a.8xlarge_use1-az4': 50, 'r6a.8xlarge_use1-az5': 50, 'r6a.8xlarge_use1-az6': 50, 'r6a.large_use1-az1': 50, 'r6a.large_use1-az2': 50, 'r6a.large_use1-az4': 50, 'r6a.large_use1-az5': 50, 'r6a.large_use1-az6': 50, 'r6a.xlarge_use1-az1': 50, 'r6a.xlarge_use1-az2': 50, 'r6a.xlarge_use1-az4': 50, 'r6a.xlarge_use1-az5': 50, 'r6a.xlarge_use1-az6': 50, 'r6g.12xlarge_use1-az2': 50, 'r6g.12xlarge_use1-az4': 45, 'r6g.12xlarge_use1-az5': 10, 'r6g.12xlarge_use1-az6': 50, 'r6g.16xlarge_use1-az1': 1, 'r6g.16xlarge_use1-az2': 50, 'r6g.16xlarge_use1-az4': 50, 'r6g.16xlarge_use1-az5': 50, 'r6g.16xlarge_use1-az6': 50, 'r6g.2xlarge_use1-az1': 1, 'r6g.2xlarge_use1-az2': 25, 'r6g.2xlarge_use1-az4': 40, 'r6g.2xlarge_use1-az5': 10, 'r6g.2xlarge_use1-az6': 50, 'r6g.4xlarge_use1-az1': 10, 'r6g.4xlarge_use1-az2': 50, 'r6g.4xlarge_use1-az4': 50, 'r6g.4xlarge_use1-az5': 50, 'r6g.4xlarge_use1-az6': 50, 'r6g.8xlarge_use1-az1': 1, 'r6g.8xlarge_use1-az2': 10, 'r6g.8xlarge_use1-az4': 50, 'r6g.8xlarge_use1-az5': 50, 'r6g.8xlarge_use1-az6': 50, 'r6g.large_use1-az1': 10, 'r6g.large_use1-az2': 40, 'r6g.large_use1-az4': 50, 'r6g.large_use1-az5': 5, 'r6g.large_use1-az6': 50, 'r6g.medium_use1-az1': 1, 'r6g.medium_use1-az2': 10, 'r6g.medium_use1-az4': 15, 'r6g.medium_use1-az5': 15, 'r6g.medium_use1-az6': 35, 'r6g.xlarge_use1-az1': 1, 'r6g.xlarge_use1-az2': 50, 'r6g.xlarge_use1-az4': 50, 'r6g.xlarge_use1-az5': 50, 'r6g.xlarge_use1-az6': 50, 'r6gd.12xlarge_use1-az1': 1, 'r6gd.12xlarge_use1-az2': 5, 'r6gd.12xlarge_use1-az4': 10, 'r6gd.12xlarge_use1-az5': 1, 'r6gd.12xlarge_use1-az6': 10, 'r6gd.16xlarge_use1-az1': 5, 'r6gd.16xlarge_use1-az2': 5, 'r6gd.16xlarge_use1-az4': 50, 'r6gd.16xlarge_use1-az5': 1, 'r6gd.16xlarge_use1-az6': 45, 'r6gd.2xlarge_use1-az1': 1, 'r6gd.2xlarge_use1-az2': 20, 'r6gd.2xlarge_use1-az4': 30, 'r6gd.2xlarge_use1-az5': 1, 'r6gd.2xlarge_use1-az6': 1, 'r6gd.4xlarge_use1-az1': 5, 'r6gd.4xlarge_use1-az2': 20, 'r6gd.4xlarge_use1-az4': 50, 'r6gd.4xlarge_use1-az5': 1, 'r6gd.4xlarge_use1-az6': 25, 'r6gd.8xlarge_use1-az1': 1, 'r6gd.8xlarge_use1-az2': 10, 'r6gd.8xlarge_use1-az4': 20, 'r6gd.8xlarge_use1-az5': 1, 'r6gd.8xlarge_use1-az6': 30, 'r6gd.large_use1-az1': 50, 'r6gd.large_use1-az2': 50, 'r6gd.large_use1-az4': 50, 'r6gd.large_use1-az5': 50, 'r6gd.large_use1-az6': 50, 'r6gd.medium_use1-az1': 5, 'r6gd.medium_use1-az2': 1, 'r6gd.medium_use1-az4': 5, 'r6gd.medium_use1-az5': 5, 'r6gd.medium_use1-az6': 1, 'r6gd.xlarge_use1-az1': 1, 'r6gd.xlarge_use1-az2': 1, 'r6gd.xlarge_use1-az4': 5, 'r6gd.xlarge_use1-az6': 10, 'r6i.12xlarge_use1-az1': 5, 'r6i.12xlarge_use1-az2': 5, 'r6i.12xlarge_use1-az4': 5, 'r6i.12xlarge_use1-az5': 1, 'r6i.12xlarge_use1-az6': 10, 'r6i.16xlarge_use1-az1': 1, 'r6i.16xlarge_use1-az2': 1, 'r6i.16xlarge_use1-az4': 10, 'r6i.16xlarge_use1-az5': 10, 'r6i.16xlarge_use1-az6': 1, 'r6i.24xlarge_use1-az4': 10, 'r6i.24xlarge_use1-az5': 1, 'r6i.24xlarge_use1-az6': 5, 'r6i.2xlarge_use1-az1': 15, 'r6i.2xlarge_use1-az2': 35, 'r6i.2xlarge_use1-az4': 50, 'r6i.2xlarge_use1-az5': 5, 'r6i.2xlarge_use1-az6': 50, 'r6i.32xlarge_use1-az4': 1, 'r6i.32xlarge_use1-az5': 1, 'r6i.32xlarge_use1-az6': 1, 'r6i.4xlarge_use1-az1': 30, 'r6i.4xlarge_use1-az2': 20, 'r6i.4xlarge_use1-az4': 20, 'r6i.4xlarge_use1-az5': 10, 'r6i.4xlarge_use1-az6': 40, 'r6i.8xlarge_use1-az1': 5, 'r6i.8xlarge_use1-az2': 10, 'r6i.8xlarge_use1-az4': 10, 'r6i.8xlarge_use1-az5': 5, 'r6i.8xlarge_use1-az6': 10, 'r6i.large_use1-az1': 20, 'r6i.large_use1-az2': 50, 'r6i.large_use1-az4': 50, 'r6i.large_use1-az5': 20, 'r6i.large_use1-az6': 50, 'r6i.xlarge_use1-az1': 15, 'r6i.xlarge_use1-az2': 45, 'r6i.xlarge_use1-az4': 50, 'r6i.xlarge_use1-az5': 10, 'r6i.xlarge_use1-az6': 50, 'r6id.12xlarge_use1-az1': 1, 'r6id.12xlarge_use1-az2': 5, 'r6id.12xlarge_use1-az4': 1, 'r6id.12xlarge_use1-az6': 5, 'r6id.16xlarge_use1-az1': 5, 'r6id.16xlarge_use1-az2': 5, 'r6id.16xlarge_use1-az4': 15, 'r6id.16xlarge_use1-az5': 1, 'r6id.16xlarge_use1-az6': 20, 'r6id.24xlarge_use1-az1': 10, 'r6id.24xlarge_use1-az2': 10, 'r6id.24xlarge_use1-az4': 5, 'r6id.24xlarge_use1-az5': 15, 'r6id.24xlarge_use1-az6': 25, 'r6id.2xlarge_use1-az1': 5, 'r6id.2xlarge_use1-az2': 1, 'r6id.2xlarge_use1-az4': 10, 'r6id.2xlarge_use1-az5': 1, 'r6id.2xlarge_use1-az6': 10, 'r6id.32xlarge_use1-az1': 1, 'r6id.32xlarge_use1-az2': 5, 'r6id.32xlarge_use1-az4': 1, 'r6id.32xlarge_use1-az5': 1, 'r6id.32xlarge_use1-az6': 10, 'r6id.4xlarge_use1-az1': 40, 'r6id.4xlarge_use1-az2': 50, 'r6id.4xlarge_use1-az4': 10, 'r6id.4xlarge_use1-az5': 20, 'r6id.4xlarge_use1-az6': 35, 'r6id.8xlarge_use1-az1': 1, 'r6id.8xlarge_use1-az2': 1, 'r6id.8xlarge_use1-az4': 5, 'r6id.8xlarge_use1-az5': 1, 'r6id.8xlarge_use1-az6': 5, 'r6id.large_use1-az1': 15, 'r6id.large_use1-az2': 10, 'r6id.large_use1-az4': 5, 'r6id.large_use1-az5': 15, 'r6id.large_use1-az6': 30, 'r6id.xlarge_use1-az1': 5, 'r6id.xlarge_use1-az2': 15, 'r6id.xlarge_use1-az4': 10, 'r6id.xlarge_use1-az5': 15, 'r6id.xlarge_use1-az6': 15, 'r6idn.16xlarge_use1-az4': 1, 'r6idn.16xlarge_use1-az5': 1, 'r6idn.16xlarge_use1-az6': 1, 'r6idn.24xlarge_use1-az6': 1, 'r6idn.2xlarge_use1-az1': 1, 'r6idn.2xlarge_use1-az2': 1, 'r6idn.2xlarge_use1-az4': 5, 'r6idn.2xlarge_use1-az5': 1, 'r6idn.2xlarge_use1-az6': 5, 'r6idn.32xlarge_use1-az6': 1, 'r6idn.4xlarge_use1-az1': 15, 'r6idn.4xlarge_use1-az2': 15, 'r6idn.4xlarge_use1-az4': 15, 'r6idn.4xlarge_use1-az5': 5, 'r6idn.4xlarge_use1-az6': 10, 'r6idn.8xlarge_use1-az2': 1, 'r6idn.8xlarge_use1-az4': 1, 'r6idn.8xlarge_use1-az6': 5, 'r6idn.large_use1-az1': 1, 'r6idn.large_use1-az2': 1, 'r6idn.large_use1-az4': 5, 'r6idn.large_use1-az5': 5, 'r6idn.large_use1-az6': 5, 'r6idn.xlarge_use1-az1': 5, 'r6idn.xlarge_use1-az2': 1, 'r6idn.xlarge_use1-az4': 5, 'r6idn.xlarge_use1-az5': 1, 'r6idn.xlarge_use1-az6': 5, 'r6in.12xlarge_use1-az1': 1, 'r6in.12xlarge_use1-az6': 5, 'r6in.16xlarge_use1-az4': 1, 'r6in.16xlarge_use1-az5': 1, 'r6in.16xlarge_use1-az6': 5, 'r6in.24xlarge_use1-az6': 1, 'r6in.2xlarge_use1-az1': 1, 'r6in.2xlarge_use1-az2': 1, 'r6in.2xlarge_use1-az4': 1, 'r6in.2xlarge_use1-az5': 1, 'r6in.2xlarge_use1-az6': 1, 'r6in.4xlarge_use1-az1': 5, 'r6in.4xlarge_use1-az2': 20, 'r6in.4xlarge_use1-az4': 15, 'r6in.4xlarge_use1-az5': 20, 'r6in.4xlarge_use1-az6': 20, 'r6in.8xlarge_use1-az1': 5, 'r6in.8xlarge_use1-az4': 1, 'r6in.8xlarge_use1-az6': 5, 'r6in.large_use1-az1': 45, 'r6in.large_use1-az2': 50, 'r6in.large_use1-az4': 50, 'r6in.large_use1-az5': 40, 'r6in.large_use1-az6': 50, 'r6in.xlarge_use1-az1': 1, 'r6in.xlarge_use1-az2': 1, 'r6in.xlarge_use1-az4': 1, 'r6in.xlarge_use1-az5': 1, 'r6in.xlarge_use1-az6': 1, 'r7a.12xlarge_use1-az1': 1, 'r7a.12xlarge_use1-az2': 1, 'r7a.12xlarge_use1-az4': 5, 'r7a.12xlarge_use1-az6': 20, 'r7a.16xlarge_use1-az1': 1, 'r7a.16xlarge_use1-az2': 15, 'r7a.16xlarge_use1-az4': 30, 'r7a.16xlarge_use1-az6': 50, 'r7a.24xlarge_use1-az2': 10, 'r7a.24xlarge_use1-az4': 10, 'r7a.24xlarge_use1-az6': 35, 'r7a.2xlarge_use1-az1': 1, 'r7a.2xlarge_use1-az2': 5, 'r7a.2xlarge_use1-az4': 25, 'r7a.2xlarge_use1-az6': 1, 'r7a.32xlarge_use1-az2': 1, 'r7a.32xlarge_use1-az4': 1, 'r7a.32xlarge_use1-az6': 50, 'r7a.48xlarge_use1-az2': 5, 'r7a.48xlarge_use1-az4': 5, 'r7a.48xlarge_use1-az6': 50, 'r7a.4xlarge_use1-az1': 5, 'r7a.4xlarge_use1-az2': 25, 'r7a.4xlarge_use1-az4': 50, 'r7a.4xlarge_use1-az6': 50, 'r7a.8xlarge_use1-az1': 5, 'r7a.8xlarge_use1-az2': 20, 'r7a.8xlarge_use1-az4': 50, 'r7a.8xlarge_use1-az6': 50, 'r7a.large_use1-az1': 50, 'r7a.large_use1-az2': 50, 'r7a.large_use1-az4': 50, 'r7a.large_use1-az6': 50, 'r7a.medium_use1-az1': 10, 'r7a.medium_use1-az2': 25, 'r7a.medium_use1-az4': 50, 'r7a.medium_use1-az6': 50, 'r7a.xlarge_use1-az1': 20, 'r7a.xlarge_use1-az2': 50, 'r7a.xlarge_use1-az4': 50, 'r7a.xlarge_use1-az6': 25, 'r7g.12xlarge_use1-az1': 1, 'r7g.12xlarge_use1-az2': 5, 'r7g.12xlarge_use1-az4': 50, 'r7g.12xlarge_use1-az5': 1, 'r7g.12xlarge_use1-az6': 5, 'r7g.16xlarge_use1-az1': 5, 'r7g.16xlarge_use1-az2': 30, 'r7g.16xlarge_use1-az4': 50, 'r7g.16xlarge_use1-az5': 5, 'r7g.16xlarge_use1-az6': 50, 'r7g.2xlarge_use1-az1': 5, 'r7g.2xlarge_use1-az2': 10, 'r7g.2xlarge_use1-az4': 50, 'r7g.2xlarge_use1-az5': 5, 'r7g.2xlarge_use1-az6': 15, 'r7g.4xlarge_use1-az1': 5, 'r7g.4xlarge_use1-az2': 5, 'r7g.4xlarge_use1-az4': 50, 'r7g.4xlarge_use1-az5': 5, 'r7g.4xlarge_use1-az6': 15, 'r7g.8xlarge_use1-az1': 1, 'r7g.8xlarge_use1-az2': 50, 'r7g.8xlarge_use1-az4': 50, 'r7g.8xlarge_use1-az5': 50, 'r7g.8xlarge_use1-az6': 50, 'r7g.large_use1-az1': 20, 'r7g.large_use1-az2': 50, 'r7g.large_use1-az4': 50, 'r7g.large_use1-az5': 40, 'r7g.large_use1-az6': 40, 'r7g.medium_use1-az1': 50, 'r7g.medium_use1-az2': 50, 'r7g.medium_use1-az4': 50, 'r7g.medium_use1-az5': 25, 'r7g.medium_use1-az6': 50, 'r7g.xlarge_use1-az1': 50, 'r7g.xlarge_use1-az2': 50, 'r7g.xlarge_use1-az4': 50, 'r7g.xlarge_use1-az5': 10, 'r7g.xlarge_use1-az6': 50, 'r7gd.12xlarge_use1-az1': 1, 'r7gd.12xlarge_use1-az2': 10, 'r7gd.12xlarge_use1-az4': 35, 'r7gd.12xlarge_use1-az5': 10, 'r7gd.12xlarge_use1-az6': 50, 'r7gd.16xlarge_use1-az1': 5, 'r7gd.16xlarge_use1-az2': 50, 'r7gd.16xlarge_use1-az4': 50, 'r7gd.16xlarge_use1-az5': 50, 'r7gd.16xlarge_use1-az6': 50, 'r7gd.2xlarge_use1-az1': 5, 'r7gd.2xlarge_use1-az2': 25, 'r7gd.2xlarge_use1-az4': 25, 'r7gd.2xlarge_use1-az5': 40, 'r7gd.2xlarge_use1-az6': 50, 'r7gd.4xlarge_use1-az1': 1, 'r7gd.4xlarge_use1-az2': 20, 'r7gd.4xlarge_use1-az4': 25, 'r7gd.4xlarge_use1-az5': 30, 'r7gd.4xlarge_use1-az6': 50, 'r7gd.8xlarge_use1-az1': 1, 'r7gd.8xlarge_use1-az2': 10, 'r7gd.8xlarge_use1-az4': 30, 'r7gd.8xlarge_use1-az5': 20, 'r7gd.8xlarge_use1-az6': 50, 'r7gd.large_use1-az1': 15, 'r7gd.large_use1-az2': 10, 'r7gd.large_use1-az4': 50, 'r7gd.large_use1-az5': 15, 'r7gd.large_use1-az6': 35, 'r7gd.medium_use1-az1': 35, 'r7gd.medium_use1-az2': 15, 'r7gd.medium_use1-az4': 25, 'r7gd.medium_use1-az5': 15, 'r7gd.medium_use1-az6': 20, 'r7gd.xlarge_use1-az1': 1, 'r7gd.xlarge_use1-az2': 10, 'r7gd.xlarge_use1-az4': 25, 'r7gd.xlarge_use1-az5': 10, 'r7gd.xlarge_use1-az6': 50, 'r7i.12xlarge_use1-az4': 1, 'r7i.12xlarge_use1-az6': 10, 'r7i.16xlarge_use1-az1': 5, 'r7i.16xlarge_use1-az2': 15, 'r7i.16xlarge_use1-az4': 45, 'r7i.16xlarge_use1-az5': 5, 'r7i.16xlarge_use1-az6': 50, 'r7i.24xlarge_use1-az1': 1, 'r7i.24xlarge_use1-az2': 1, 'r7i.24xlarge_use1-az4': 5, 'r7i.24xlarge_use1-az5': 5, 'r7i.24xlarge_use1-az6': 5, 'r7i.2xlarge_use1-az1': 5, 'r7i.2xlarge_use1-az2': 5, 'r7i.2xlarge_use1-az4': 10, 'r7i.2xlarge_use1-az5': 5, 'r7i.2xlarge_use1-az6': 50, 'r7i.48xlarge_use1-az2': 1, 'r7i.48xlarge_use1-az4': 5, 'r7i.48xlarge_use1-az5': 1, 'r7i.48xlarge_use1-az6': 5, 'r7i.4xlarge_use1-az1': 5, 'r7i.4xlarge_use1-az2': 20, 'r7i.4xlarge_use1-az4': 10, 'r7i.4xlarge_use1-az5': 1, 'r7i.4xlarge_use1-az6': 50, 'r7i.8xlarge_use1-az1': 5, 'r7i.8xlarge_use1-az2': 25, 'r7i.8xlarge_use1-az4': 25, 'r7i.8xlarge_use1-az5': 5, 'r7i.8xlarge_use1-az6': 50, 'r7i.large_use1-az1': 15, 'r7i.large_use1-az2': 50, 'r7i.large_use1-az4': 50, 'r7i.large_use1-az5': 15, 'r7i.large_use1-az6': 50, 'r7i.xlarge_use1-az1': 5, 'r7i.xlarge_use1-az2': 15, 'r7i.xlarge_use1-az4': 10, 'r7i.xlarge_use1-az5': 15, 'r7i.xlarge_use1-az6': 50, 'r8g.12xlarge_use1-az2': 5, 'r8g.12xlarge_use1-az4': 5, 'r8g.12xlarge_use1-az6': 15, 'r8g.16xlarge_use1-az1': 1, 'r8g.16xlarge_use1-az2': 50, 'r8g.16xlarge_use1-az4': 50, 'r8g.16xlarge_use1-az5': 5, 'r8g.16xlarge_use1-az6': 50, 'r8g.24xlarge_use1-az2': 10, 'r8g.24xlarge_use1-az4': 5, 'r8g.24xlarge_use1-az5': 5, 'r8g.24xlarge_use1-az6': 35, 'r8g.2xlarge_use1-az2': 5, 'r8g.2xlarge_use1-az4': 5, 'r8g.2xlarge_use1-az5': 1, 'r8g.2xlarge_use1-az6': 5, 'r8g.48xlarge_use1-az2': 1, 'r8g.48xlarge_use1-az4': 5, 'r8g.48xlarge_use1-az6': 5, 'r8g.4xlarge_use1-az2': 10, 'r8g.4xlarge_use1-az4': 35, 'r8g.4xlarge_use1-az5': 5, 'r8g.4xlarge_use1-az6': 50, 'r8g.8xlarge_use1-az2': 40, 'r8g.8xlarge_use1-az4': 15, 'r8g.8xlarge_use1-az5': 1, 'r8g.8xlarge_use1-az6': 50, 'r8g.large_use1-az1': 5, 'r8g.large_use1-az2': 30, 'r8g.large_use1-az4': 15, 'r8g.large_use1-az5': 10, 'r8g.large_use1-az6': 20, 'r8g.medium_use1-az1': 15, 'r8g.medium_use1-az2': 30, 'r8g.medium_use1-az4': 20, 'r8g.medium_use1-az5': 5, 'r8g.medium_use1-az6': 15, 'r8g.xlarge_use1-az1': 1, 'r8g.xlarge_use1-az2': 10, 'r8g.xlarge_use1-az4': 5, 'r8g.xlarge_use1-az5': 5, 'r8g.xlarge_use1-az6': 10, 'r8gb.24xlarge_use1-az6': 1, 'r8gb.2xlarge_use1-az2': 1, 'r8gb.2xlarge_use1-az4': 1, 'r8gb.2xlarge_use1-az6': 1, 'r8gb.large_use1-az2': 20, 'r8gb.large_use1-az4': 15, 'r8gb.large_use1-az6': 25, 'r8gb.medium_use1-az2': 50, 'r8gb.metal-24xl_use1-az6': 1, 'r8gb.xlarge_use1-az2': 5, 'r8gb.xlarge_use1-az4': 5, 'r8gb.xlarge_use1-az6': 5, 'r8gd.12xlarge_use1-az5': 1, 'r8gd.12xlarge_use1-az6': 1, 'r8gd.16xlarge_use1-az2': 1, 'r8gd.16xlarge_use1-az4': 1, 'r8gd.16xlarge_use1-az5': 1, 'r8gd.16xlarge_use1-az6': 15, 'r8gd.24xlarge_use1-az2': 1, 'r8gd.24xlarge_use1-az5': 1, 'r8gd.24xlarge_use1-az6': 25, 'r8gd.2xlarge_use1-az2': 25, 'r8gd.2xlarge_use1-az4': 30, 'r8gd.2xlarge_use1-az6': 50, 'r8gd.48xlarge_use1-az6': 50, 'r8gd.4xlarge_use1-az1': 1, 'r8gd.4xlarge_use1-az2': 20, 'r8gd.4xlarge_use1-az5': 1, 'r8gd.4xlarge_use1-az6': 15, 'r8gd.8xlarge_use1-az2': 5, 'r8gd.8xlarge_use1-az4': 1, 'r8gd.8xlarge_use1-az5': 1, 'r8gd.8xlarge_use1-az6': 1, 'r8gd.large_use1-az2': 50, 'r8gd.large_use1-az5': 1, 'r8gd.large_use1-az6': 50, 'r8gd.medium_use1-az1': 5, 'r8gd.medium_use1-az2': 5, 'r8gd.medium_use1-az4': 5, 'r8gd.medium_use1-az5': 10, 'r8gd.metal-24xl_use1-az6': 1, 'r8gd.metal-48xl_use1-az6': 1, 'r8gd.xlarge_use1-az2': 25, 'r8gd.xlarge_use1-az4': 1, 'r8gd.xlarge_use1-az5': 50, 'r8gd.xlarge_use1-az6': 40, 'r8gn.16xlarge_use1-az6': 1, 'r8gn.24xlarge_use1-az2': 1, 'r8gn.2xlarge_use1-az2': 1, 'r8gn.2xlarge_use1-az4': 1, 'r8gn.2xlarge_use1-az6': 1, 'r8gn.48xlarge_use1-az6': 1, 'r8gn.4xlarge_use1-az6': 5, 'r8gn.8xlarge_use1-az2': 1, 'r8gn.8xlarge_use1-az6': 5, 'r8gn.large_use1-az2': 20, 'r8gn.large_use1-az4': 15, 'r8gn.large_use1-az6': 20, 'r8gn.medium_use1-az2': 35, 'r8gn.medium_use1-az4': 40, 'r8gn.metal-24xl_use1-az2': 1, 'r8gn.metal-24xl_use1-az6': 1, 'r8gn.xlarge_use1-az2': 1, 'r8gn.xlarge_use1-az4': 5, 'r8gn.xlarge_use1-az6': 10, 'r8i-flex.2xlarge_use1-az2': 1, 'r8i-flex.2xlarge_use1-az6': 5, 'r8i-flex.4xlarge_use1-az2': 1, 'r8i-flex.4xlarge_use1-az6': 1, 'r8i-flex.large_use1-az2': 1, 'r8i-flex.large_use1-az6': 5, 'r8i-flex.xlarge_use1-az2': 5, 'r8i-flex.xlarge_use1-az6': 1, 'r8i.12xlarge_use1-az2': 1, 'r8i.12xlarge_use1-az6': 1, 'r8i.16xlarge_use1-az2': 1, 'r8i.16xlarge_use1-az6': 1, 'r8i.24xlarge_use1-az6': 1, 'r8i.2xlarge_use1-az2': 5, 'r8i.2xlarge_use1-az6': 5, 'r8i.32xlarge_use1-az2': 1, 'r8i.32xlarge_use1-az6': 1, 'r8i.48xlarge_use1-az2': 1, 'r8i.48xlarge_use1-az6': 1, 'r8i.4xlarge_use1-az2': 1, 'r8i.4xlarge_use1-az6': 5, 'r8i.8xlarge_use1-az2': 1, 'r8i.8xlarge_use1-az6': 5, 'r8i.96xlarge_use1-az2': 1, 'r8i.96xlarge_use1-az6': 1, 'r8i.large_use1-az2': 20, 'r8i.large_use1-az6': 20, 'r8i.xlarge_use1-az2': 5, 'r8i.xlarge_use1-az6': 5, 't2.2xlarge_use1-az1': 50, 't2.2xlarge_use1-az2': 50, 't2.2xlarge_use1-az3': 15, 't2.2xlarge_use1-az4': 50, 't2.2xlarge_use1-az5': 50, 't2.2xlarge_use1-az6': 50, 't2.large_use1-az1': 20, 't2.large_use1-az2': 50, 't2.large_use1-az3': 50, 't2.large_use1-az4': 50, 't2.large_use1-az5': 25, 't2.large_use1-az6': 50, 't2.medium_use1-az1': 50, 't2.medium_use1-az2': 50, 't2.medium_use1-az3': 50, 't2.medium_use1-az4': 50, 't2.medium_use1-az5': 50, 't2.medium_use1-az6': 50, 't2.xlarge_use1-az1': 35, 't2.xlarge_use1-az2': 50, 't2.xlarge_use1-az3': 20, 't2.xlarge_use1-az4': 50, 't2.xlarge_use1-az5': 5, 't2.xlarge_use1-az6': 50, 't3.2xlarge_use1-az1': 50, 't3.2xlarge_use1-az2': 50, 't3.2xlarge_use1-az4': 50, 't3.2xlarge_use1-az5': 50, 't3.2xlarge_use1-az6': 50, 't3.large_use1-az1': 50, 't3.large_use1-az2': 50, 't3.large_use1-az4': 50, 't3.large_use1-az5': 50, 't3.large_use1-az6': 50, 't3.medium_use1-az1': 50, 't3.medium_use1-az2': 50, 't3.medium_use1-az4': 50, 't3.medium_use1-az5': 50, 't3.medium_use1-az6': 50, 't3.xlarge_use1-az1': 50, 't3.xlarge_use1-az2': 50, 't3.xlarge_use1-az4': 50, 't3.xlarge_use1-az5': 50, 't3.xlarge_use1-az6': 50, 't3a.2xlarge_use1-az1': 50, 't3a.2xlarge_use1-az2': 50, 't3a.2xlarge_use1-az4': 50, 't3a.2xlarge_use1-az5': 50, 't3a.2xlarge_use1-az6': 50, 't3a.large_use1-az1': 50, 't3a.large_use1-az2': 50, 't3a.large_use1-az4': 50, 't3a.large_use1-az5': 5, 't3a.large_use1-az6': 50, 't3a.medium_use1-az1': 50, 't3a.medium_use1-az2': 50, 't3a.medium_use1-az4': 50, 't3a.medium_use1-az5': 5, 't3a.medium_use1-az6': 50, 't3a.xlarge_use1-az1': 25, 't3a.xlarge_use1-az2': 50, 't3a.xlarge_use1-az4': 50, 't3a.xlarge_use1-az5': 15, 't3a.xlarge_use1-az6': 50, 't4g.2xlarge_use1-az1': 5, 't4g.2xlarge_use1-az2': 15, 't4g.2xlarge_use1-az4': 5, 't4g.2xlarge_use1-az5': 10, 't4g.2xlarge_use1-az6': 10, 't4g.large_use1-az1': 1, 't4g.large_use1-az2': 15, 't4g.large_use1-az4': 50, 't4g.large_use1-az5': 25, 't4g.large_use1-az6': 35, 't4g.medium_use1-az1': 1, 't4g.medium_use1-az2': 50, 't4g.medium_use1-az4': 50, 't4g.medium_use1-az5': 35, 't4g.medium_use1-az6': 50, 't4g.xlarge_use1-az1': 30, 't4g.xlarge_use1-az2': 15, 't4g.xlarge_use1-az4': 50, 't4g.xlarge_use1-az5': 5, 't4g.xlarge_use1-az6': 10, 'trn1.2xlarge_use1-az5': 5, 'trn1.2xlarge_use1-az6': 20, 'trn1.32xlarge_use1-az6': 50, 'trn1n.32xlarge_use1-az6': 50, 'vt1.3xlarge_use1-az2': 1, 'vt1.6xlarge_use1-az2': 1, 'x1.16xlarge_use1-az2': 1, 'x1.16xlarge_use1-az4': 1, 'x1.16xlarge_use1-az6': 1, 'x1.32xlarge_use1-az2': 1, 'x1.32xlarge_use1-az3': 5, 'x1.32xlarge_use1-az6': 1, 'x1e.16xlarge_use1-az2': 1, 'x1e.16xlarge_use1-az4': 1, 'x1e.16xlarge_use1-az6': 5, 'x1e.2xlarge_use1-az1': 1, 'x1e.2xlarge_use1-az2': 5, 'x1e.2xlarge_use1-az4': 10, 'x1e.2xlarge_use1-az6': 1, 'x1e.4xlarge_use1-az2': 5, 'x1e.4xlarge_use1-az4': 5, 'x1e.4xlarge_use1-az6': 1, 'x1e.8xlarge_use1-az2': 1, 'x1e.8xlarge_use1-az4': 5, 'x1e.8xlarge_use1-az6': 5, 'x1e.xlarge_use1-az1': 10, 'x1e.xlarge_use1-az2': 20, 'x1e.xlarge_use1-az4': 15, 'x1e.xlarge_use1-az6': 5, 'x2gd.12xlarge_use1-az5': 5, 'x2gd.12xlarge_use1-az6': 1, 'x2gd.16xlarge_use1-az5': 1, 'x2gd.16xlarge_use1-az6': 15, 'x2gd.2xlarge_use1-az1': 5, 'x2gd.2xlarge_use1-az4': 1, 'x2gd.2xlarge_use1-az5': 5, 'x2gd.2xlarge_use1-az6': 30, 'x2gd.4xlarge_use1-az1': 1, 'x2gd.4xlarge_use1-az2': 1, 'x2gd.4xlarge_use1-az4': 5, 'x2gd.4xlarge_use1-az5': 1, 'x2gd.4xlarge_use1-az6': 35, 'x2gd.8xlarge_use1-az4': 1, 'x2gd.8xlarge_use1-az5': 1, 'x2gd.8xlarge_use1-az6': 5, 'x2gd.large_use1-az1': 35, 'x2gd.large_use1-az2': 25, 'x2gd.large_use1-az4': 15, 'x2gd.large_use1-az5': 25, 'x2gd.large_use1-az6': 50, 'x2gd.medium_use1-az1': 25, 'x2gd.medium_use1-az2': 35, 'x2gd.medium_use1-az4': 50, 'x2gd.medium_use1-az5': 50, 'x2gd.medium_use1-az6': 50, 'x2gd.xlarge_use1-az1': 5, 'x2gd.xlarge_use1-az2': 1, 'x2gd.xlarge_use1-az4': 20, 'x2gd.xlarge_use1-az5': 15, 'x2gd.xlarge_use1-az6': 25, 'x2idn.16xlarge_use1-az2': 1, 'x2idn.16xlarge_use1-az5': 1, 'x2idn.24xlarge_use1-az4': 1, 'x2idn.24xlarge_use1-az5': 1, 'x2idn.32xlarge_use1-az5': 1, 'x2iedn.24xlarge_use1-az4': 1, 'x2iedn.24xlarge_use1-az6': 1, 'x2iedn.2xlarge_use1-az1': 1, 'x2iedn.2xlarge_use1-az2': 25, 'x2iedn.2xlarge_use1-az4': 15, 'x2iedn.2xlarge_use1-az5': 1, 'x2iedn.2xlarge_use1-az6': 5, 'x2iedn.4xlarge_use1-az1': 1, 'x2iedn.4xlarge_use1-az2': 1, 'x2iedn.4xlarge_use1-az4': 1, 'x2iedn.4xlarge_use1-az5': 1, 'x2iedn.4xlarge_use1-az6': 1, 'x2iedn.8xlarge_use1-az4': 1, 'x2iedn.8xlarge_use1-az6': 1, 'x2iedn.xlarge_use1-az1': 5, 'x2iedn.xlarge_use1-az2': 20, 'x2iedn.xlarge_use1-az4': 10, 'x2iedn.xlarge_use1-az5': 1, 'x2iedn.xlarge_use1-az6': 10, 'x2iezn.12xlarge_use1-az2': 1, 'x2iezn.12xlarge_use1-az4': 20, 'x2iezn.12xlarge_use1-az6': 5, 'x2iezn.2xlarge_use1-az2': 5, 'x2iezn.2xlarge_use1-az4': 10, 'x2iezn.2xlarge_use1-az6': 1, 'x2iezn.4xlarge_use1-az2': 1, 'x2iezn.4xlarge_use1-az4': 5, 'x2iezn.4xlarge_use1-az6': 1, 'x2iezn.6xlarge_use1-az2': 1, 'x2iezn.6xlarge_use1-az4': 5, 'x2iezn.6xlarge_use1-az6': 1, 'x2iezn.8xlarge_use1-az2': 1, 'x2iezn.8xlarge_use1-az4': 10, 'x2iezn.8xlarge_use1-az6': 1, 'x8g.12xlarge_use1-az2': 1, 'x8g.12xlarge_use1-az4': 20, 'x8g.12xlarge_use1-az6': 1, 'x8g.16xlarge_use1-az1': 1, 'x8g.16xlarge_use1-az2': 5, 'x8g.16xlarge_use1-az4': 5, 'x8g.16xlarge_use1-az6': 5, 'x8g.24xlarge_use1-az1': 1, 'x8g.24xlarge_use1-az2': 5, 'x8g.24xlarge_use1-az4': 5, 'x8g.24xlarge_use1-az6': 10, 'x8g.2xlarge_use1-az1': 5, 'x8g.2xlarge_use1-az2': 10, 'x8g.2xlarge_use1-az4': 10, 'x8g.2xlarge_use1-az6': 25, 'x8g.48xlarge_use1-az1': 1, 'x8g.48xlarge_use1-az2': 1, 'x8g.48xlarge_use1-az4': 10, 'x8g.48xlarge_use1-az6': 1, 'x8g.4xlarge_use1-az1': 1, 'x8g.4xlarge_use1-az2': 5, 'x8g.4xlarge_use1-az4': 5, 'x8g.4xlarge_use1-az6': 10, 'x8g.8xlarge_use1-az2': 15, 'x8g.8xlarge_use1-az4': 20, 'x8g.8xlarge_use1-az6': 5, 'x8g.large_use1-az1': 30, 'x8g.large_use1-az4': 50, 'x8g.large_use1-az6': 50, 'x8g.medium_use1-az1': 50, 'x8g.medium_use1-az4': 50, 'x8g.medium_use1-az6': 50, 'x8g.metal-24xl_use1-az1': 1, 'x8g.metal-24xl_use1-az2': 1, 'x8g.metal-24xl_use1-az4': 1, 'x8g.metal-24xl_use1-az6': 10, 'x8g.metal-48xl_use1-az2': 1, 'x8g.metal-48xl_use1-az4': 1, 'x8g.metal-48xl_use1-az6': 1, 'x8g.xlarge_use1-az1': 10, 'x8g.xlarge_use1-az2': 20, 'x8g.xlarge_use1-az4': 40, 'x8g.xlarge_use1-az6': 50, 'z1d.12xlarge_use1-az1': 1, 'z1d.12xlarge_use1-az2': 1, 'z1d.12xlarge_use1-az4': 1, 'z1d.12xlarge_use1-az5': 1, 'z1d.12xlarge_use1-az6': 5, 'z1d.2xlarge_use1-az1': 5, 'z1d.2xlarge_use1-az2': 5, 'z1d.2xlarge_use1-az4': 15, 'z1d.2xlarge_use1-az5': 1, 'z1d.2xlarge_use1-az6': 15, 'z1d.3xlarge_use1-az1': 5, 'z1d.3xlarge_use1-az2': 5, 'z1d.3xlarge_use1-az4': 10, 'z1d.3xlarge_use1-az5': 5, 'z1d.3xlarge_use1-az6': 5, 'z1d.6xlarge_use1-az1': 1, 'z1d.6xlarge_use1-az2': 1, 'z1d.6xlarge_use1-az4': 1, 'z1d.6xlarge_use1-az6': 1, 'z1d.large_use1-az1': 15, 'z1d.large_use1-az2': 5, 'z1d.large_use1-az4': 25, 'z1d.large_use1-az5': 10, 'z1d.large_use1-az6': 25, 'z1d.xlarge_use1-az1': 10, 'z1d.xlarge_use1-az2': 20, 'z1d.xlarge_use1-az4': 30, 'z1d.xlarge_use1-az5': 1, 'z1d.xlarge_use1-az6': 20}"
0.79,26885.843699999947,29588808950,1100534.8867175817,1139995,1139895,"{'c3.2xlarge_use1-az4': 50, 'c3.8xlarge_use1-az2': 5, 'c3.8xlarge_use1-az4': 5, 'c3.8xlarge_use1-az6': 1, 'c3.xlarge_use1-az2': 35, 'c3.xlarge_use1-az3': 1, 'c4.2xlarge_use1-az1': 5, 'c4.2xlarge_use1-az2': 5, 'c4.2xlarge_use1-az3': 25, 'c4.2xlarge_use1-az4': 15, 'c4.2xlarge_use1-az5': 15, 'c4.2xlarge_use1-az6': 10, 'c4.4xlarge_use1-az1': 5, 'c4.4xlarge_use1-az2': 5, 'c4.4xlarge_use1-az3': 10, 'c4.4xlarge_use1-az4': 5, 'c4.4xlarge_use1-az5': 5, 'c4.4xlarge_use1-az6': 1, 'c4.8xlarge_use1-az1': 1, 'c4.8xlarge_use1-az2': 5, 'c4.8xlarge_use1-az3': 5, 'c4.8xlarge_use1-az4': 15, 'c4.8xlarge_use1-az5': 5, 'c4.8xlarge_use1-az6': 5, 'c4.xlarge_use1-az1': 25, 'c4.xlarge_use1-az2': 40, 'c4.xlarge_use1-az4': 40, 'c4.xlarge_use1-az5': 50, 'c4.xlarge_use1-az6': 50, 'c5.12xlarge_use1-az1': 50, 'c5.12xlarge_use1-az2': 50, 'c5.12xlarge_use1-az4': 50, 'c5.12xlarge_use1-az5': 50, 'c5.12xlarge_use1-az6': 50, 'c5.18xlarge_use1-az1': 5, 'c5.18xlarge_use1-az2': 50, 'c5.18xlarge_use1-az4': 15, 'c5.18xlarge_use1-az5': 10, 'c5.18xlarge_use1-az6': 1, 'c5.24xlarge_use1-az1': 1, 'c5.24xlarge_use1-az2': 5, 'c5.24xlarge_use1-az4': 5, 'c5.24xlarge_use1-az5': 1, 'c5.24xlarge_use1-az6': 5, 'c5.2xlarge_use1-az1': 50, 'c5.2xlarge_use1-az2': 50, 'c5.2xlarge_use1-az4': 50, 'c5.2xlarge_use1-az5': 50, 'c5.2xlarge_use1-az6': 50, 'c5.4xlarge_use1-az1': 50, 'c5.4xlarge_use1-az2': 50, 'c5.4xlarge_use1-az4': 50, 'c5.4xlarge_use1-az5': 50, 'c5.4xlarge_use1-az6': 50, 'c5.9xlarge_use1-az1': 50, 'c5.9xlarge_use1-az2': 50, 'c5.9xlarge_use1-az4': 50, 'c5.9xlarge_use1-az5': 50, 'c5.9xlarge_use1-az6': 50, 'c5.large_use1-az1': 50, 'c5.large_use1-az2': 50, 'c5.large_use1-az4': 50, 'c5.large_use1-az5': 50, 'c5.large_use1-az6': 50, 'c5.xlarge_use1-az1': 50, 'c5.xlarge_use1-az2': 50, 'c5.xlarge_use1-az4': 50, 'c5.xlarge_use1-az5': 50, 'c5.xlarge_use1-az6': 50, 'c5a.12xlarge_use1-az1': 5, 'c5a.12xlarge_use1-az2': 10, 'c5a.12xlarge_use1-az4': 15, 'c5a.12xlarge_use1-az5': 1, 'c5a.12xlarge_use1-az6': 5, 'c5a.16xlarge_use1-az4': 1, 'c5a.16xlarge_use1-az6': 1, 'c5a.24xlarge_use1-az2': 1, 'c5a.24xlarge_use1-az4': 1, 'c5a.24xlarge_use1-az6': 1, 'c5a.2xlarge_use1-az1': 30, 'c5a.2xlarge_use1-az2': 20, 'c5a.2xlarge_use1-az4': 50, 'c5a.2xlarge_use1-az5': 15, 'c5a.2xlarge_use1-az6': 50, 'c5a.4xlarge_use1-az1': 5, 'c5a.4xlarge_use1-az2': 1, 'c5a.4xlarge_use1-az4': 5, 'c5a.4xlarge_use1-az5': 5, 'c5a.4xlarge_use1-az6': 5, 'c5a.8xlarge_use1-az1': 1, 'c5a.8xlarge_use1-az2': 1, 'c5a.8xlarge_use1-az4': 5, 'c5a.8xlarge_use1-az6': 15, 'c5a.large_use1-az1': 50, 'c5a.large_use1-az2': 50, 'c5a.large_use1-az4': 50, 'c5a.large_use1-az5': 45, 'c5a.large_use1-az6': 50, 'c5a.xlarge_use1-az1': 50, 'c5a.xlarge_use1-az2': 50, 'c5a.xlarge_use1-az4': 50, 'c5a.xlarge_use1-az5': 50, 'c5a.xlarge_use1-az6': 50, 'c5ad.12xlarge_use1-az1': 5, 'c5ad.12xlarge_use1-az2': 5, 'c5ad.12xlarge_use1-az4': 5, 'c5ad.12xlarge_use1-az6': 5, 'c5ad.16xlarge_use1-az1': 1, 'c5ad.16xlarge_use1-az2': 5, 'c5ad.16xlarge_use1-az4': 1, 'c5ad.16xlarge_use1-az6': 1, 'c5ad.24xlarge_use1-az1': 1, 'c5ad.24xlarge_use1-az2': 1, 'c5ad.24xlarge_use1-az4': 1, 'c5ad.24xlarge_use1-az6': 5, 'c5ad.2xlarge_use1-az1': 10, 'c5ad.2xlarge_use1-az2': 5, 'c5ad.2xlarge_use1-az4': 5, 'c5ad.2xlarge_use1-az5': 5, 'c5ad.2xlarge_use1-az6': 15, 'c5ad.4xlarge_use1-az1': 5, 'c5ad.4xlarge_use1-az2': 5, 'c5ad.4xlarge_use1-az4': 1, 'c5ad.4xlarge_use1-az5': 1, 'c5ad.4xlarge_use1-az6': 10, 'c5ad.8xlarge_use1-az1': 1, 'c5ad.8xlarge_use1-az2': 1, 'c5ad.8xlarge_use1-az4': 1, 'c5ad.8xlarge_use1-az5': 1, 'c5ad.8xlarge_use1-az6': 1, 'c5ad.large_use1-az1': 20, 'c5ad.large_use1-az2': 30, 'c5ad.large_use1-az4': 10, 'c5ad.large_use1-az5': 15, 'c5ad.large_use1-az6': 20, 'c5ad.xlarge_use1-az1': 15, 'c5ad.xlarge_use1-az2': 10, 'c5ad.xlarge_use1-az4': 5, 'c5ad.xlarge_use1-az5': 5, 'c5ad.xlarge_use1-az6': 15, 'c5d.12xlarge_use1-az2': 15, 'c5d.12xlarge_use1-az4': 5, 'c5d.12xlarge_use1-az6': 45, 'c5d.18xlarge_use1-az1': 5, 'c5d.18xlarge_use1-az2': 50, 'c5d.18xlarge_use1-az4': 50, 'c5d.18xlarge_use1-az5': 5, 'c5d.18xlarge_use1-az6': 30, 'c5d.24xlarge_use1-az2': 35, 'c5d.24xlarge_use1-az4': 25, 'c5d.24xlarge_use1-az6': 50, 'c5d.2xlarge_use1-az1': 15, 'c5d.2xlarge_use1-az2': 50, 'c5d.2xlarge_use1-az4': 50, 'c5d.2xlarge_use1-az5': 20, 'c5d.2xlarge_use1-az6': 50, 'c5d.4xlarge_use1-az1': 20, 'c5d.4xlarge_use1-az2': 50, 'c5d.4xlarge_use1-az4': 50, 'c5d.4xlarge_use1-az5': 25, 'c5d.4xlarge_use1-az6': 50, 'c5d.9xlarge_use1-az1': 10, 'c5d.9xlarge_use1-az2': 20, 'c5d.9xlarge_use1-az4': 50, 'c5d.9xlarge_use1-az5': 10, 'c5d.9xlarge_use1-az6': 25, 'c5d.large_use1-az1': 50, 'c5d.large_use1-az2': 50, 'c5d.large_use1-az4': 50, 'c5d.large_use1-az5': 35, 'c5d.large_use1-az6': 50, 'c5d.xlarge_use1-az1': 50, 'c5d.xlarge_use1-az2': 50, 'c5d.xlarge_use1-az4': 50, 'c5d.xlarge_use1-az5': 50, 'c5d.xlarge_use1-az6': 50, 'c5n.18xlarge_use1-az1': 30, 'c5n.18xlarge_use1-az2': 5, 'c5n.18xlarge_use1-az4': 10, 'c5n.2xlarge_use1-az1': 5, 'c5n.2xlarge_use1-az2': 10, 'c5n.2xlarge_use1-az4': 15, 'c5n.2xlarge_use1-az5': 10, 'c5n.2xlarge_use1-az6': 10, 'c5n.4xlarge_use1-az1': 5, 'c5n.4xlarge_use1-az2': 1, 'c5n.4xlarge_use1-az4': 5, 'c5n.4xlarge_use1-az6': 1, 'c5n.9xlarge_use1-az1': 10, 'c5n.9xlarge_use1-az2': 1, 'c5n.9xlarge_use1-az4': 5, 'c5n.large_use1-az1': 10, 'c5n.large_use1-az2': 10, 'c5n.large_use1-az4': 25, 'c5n.large_use1-az5': 5, 'c5n.large_use1-az6': 5, 'c5n.xlarge_use1-az1': 1, 'c5n.xlarge_use1-az2': 1, 'c5n.xlarge_use1-az4': 5, 'c5n.xlarge_use1-az5': 1, 'c5n.xlarge_use1-az6': 1, 'c6a.12xlarge_use1-az1': 5, 'c6a.12xlarge_use1-az2': 50, 'c6a.12xlarge_use1-az4': 50, 'c6a.12xlarge_use1-az5': 1, 'c6a.12xlarge_use1-az6': 15, 'c6a.16xlarge_use1-az1': 1, 'c6a.16xlarge_use1-az2': 5, 'c6a.16xlarge_use1-az4': 10, 'c6a.16xlarge_use1-az5': 1, 'c6a.16xlarge_use1-az6': 15, 'c6a.24xlarge_use1-az1': 1, 'c6a.24xlarge_use1-az2': 5, 'c6a.24xlarge_use1-az4': 5, 'c6a.24xlarge_use1-az5': 5, 'c6a.24xlarge_use1-az6': 20, 'c6a.2xlarge_use1-az1': 10, 'c6a.2xlarge_use1-az2': 40, 'c6a.2xlarge_use1-az4': 50, 'c6a.2xlarge_use1-az5': 10, 'c6a.2xlarge_use1-az6': 50, 'c6a.32xlarge_use1-az2': 1, 'c6a.32xlarge_use1-az4': 1, 'c6a.32xlarge_use1-az5': 1, 'c6a.32xlarge_use1-az6': 5, 'c6a.48xlarge_use1-az2': 1, 'c6a.48xlarge_use1-az4': 10, 'c6a.48xlarge_use1-az5': 5, 'c6a.48xlarge_use1-az6': 25, 'c6a.4xlarge_use1-az1': 15, 'c6a.4xlarge_use1-az2': 15, 'c6a.4xlarge_use1-az4': 30, 'c6a.4xlarge_use1-az5': 15, 'c6a.4xlarge_use1-az6': 50, 'c6a.8xlarge_use1-az1': 5, 'c6a.8xlarge_use1-az2': 50, 'c6a.8xlarge_use1-az4': 30, 'c6a.8xlarge_use1-az5': 25, 'c6a.8xlarge_use1-az6': 50, 'c6a.large_use1-az1': 45, 'c6a.large_use1-az2': 50, 'c6a.large_use1-az4': 50, 'c6a.large_use1-az5': 50, 'c6a.large_use1-az6': 20, 'c6a.xlarge_use1-az1': 15, 'c6a.xlarge_use1-az2': 25, 'c6a.xlarge_use1-az4': 25, 'c6a.xlarge_use1-az5': 15, 'c6a.xlarge_use1-az6': 25, 'c6g.12xlarge_use1-az1': 15, 'c6g.12xlarge_use1-az2': 25, 'c6g.12xlarge_use1-az4': 50, 'c6g.12xlarge_use1-az5': 5, 'c6g.12xlarge_use1-az6': 50, 'c6g.16xlarge_use1-az1': 1, 'c6g.16xlarge_use1-az2': 15, 'c6g.16xlarge_use1-az4': 50, 'c6g.16xlarge_use1-az5': 5, 'c6g.16xlarge_use1-az6': 50, 'c6g.2xlarge_use1-az1': 5, 'c6g.2xlarge_use1-az2': 50, 'c6g.2xlarge_use1-az4': 50, 'c6g.2xlarge_use1-az5': 15, 'c6g.2xlarge_use1-az6': 50, 'c6g.4xlarge_use1-az1': 50, 'c6g.4xlarge_use1-az2': 50, 'c6g.4xlarge_use1-az4': 50, 'c6g.4xlarge_use1-az5': 50, 'c6g.4xlarge_use1-az6': 50, 'c6g.8xlarge_use1-az1': 50, 'c6g.8xlarge_use1-az2': 50, 'c6g.8xlarge_use1-az4': 50, 'c6g.8xlarge_use1-az5': 50, 'c6g.8xlarge_use1-az6': 50, 'c6g.large_use1-az1': 5, 'c6g.large_use1-az2': 50, 'c6g.large_use1-az4': 50, 'c6g.large_use1-az5': 50, 'c6g.large_use1-az6': 50, 'c6g.xlarge_use1-az1': 30, 'c6g.xlarge_use1-az2': 50, 'c6g.xlarge_use1-az4': 50, 'c6g.xlarge_use1-az5': 10, 'c6g.xlarge_use1-az6': 50, 'c6gd.12xlarge_use1-az2': 50, 'c6gd.12xlarge_use1-az4': 30, 'c6gd.12xlarge_use1-az5': 1, 'c6gd.12xlarge_use1-az6': 50, 'c6gd.16xlarge_use1-az2': 50, 'c6gd.16xlarge_use1-az4': 30, 'c6gd.16xlarge_use1-az6': 50, 'c6gd.2xlarge_use1-az1': 15, 'c6gd.2xlarge_use1-az2': 50, 'c6gd.2xlarge_use1-az4': 50, 'c6gd.2xlarge_use1-az5': 1, 'c6gd.2xlarge_use1-az6': 50, 'c6gd.4xlarge_use1-az1': 20, 'c6gd.4xlarge_use1-az2': 50, 'c6gd.4xlarge_use1-az4': 50, 'c6gd.4xlarge_use1-az5': 10, 'c6gd.4xlarge_use1-az6': 50, 'c6gd.8xlarge_use1-az1': 25, 'c6gd.8xlarge_use1-az2': 45, 'c6gd.8xlarge_use1-az4': 45, 'c6gd.8xlarge_use1-az5': 1, 'c6gd.8xlarge_use1-az6': 50, 'c6gd.large_use1-az1': 50, 'c6gd.large_use1-az2': 5, 'c6gd.large_use1-az4': 20, 'c6gd.large_use1-az5': 1, 'c6gd.large_use1-az6': 50, 'c6gd.xlarge_use1-az1': 50, 'c6gd.xlarge_use1-az2': 1, 'c6gd.xlarge_use1-az4': 1, 'c6gd.xlarge_use1-az5': 50, 'c6gd.xlarge_use1-az6': 50, 'c6gn.12xlarge_use1-az2': 25, 'c6gn.12xlarge_use1-az4': 50, 'c6gn.12xlarge_use1-az5': 1, 'c6gn.16xlarge_use1-az1': 1, 'c6gn.16xlarge_use1-az2': 50, 'c6gn.16xlarge_use1-az4': 50, 'c6gn.16xlarge_use1-az5': 10, 'c6gn.2xlarge_use1-az1': 5, 'c6gn.2xlarge_use1-az2': 1, 'c6gn.2xlarge_use1-az4': 20, 'c6gn.2xlarge_use1-az5': 1, 'c6gn.4xlarge_use1-az1': 1, 'c6gn.4xlarge_use1-az2': 40, 'c6gn.4xlarge_use1-az4': 35, 'c6gn.4xlarge_use1-az5': 10, 'c6gn.8xlarge_use1-az1': 25, 'c6gn.8xlarge_use1-az2': 35, 'c6gn.8xlarge_use1-az4': 30, 'c6gn.8xlarge_use1-az5': 5, 'c6gn.8xlarge_use1-az6': 5, 'c6gn.large_use1-az1': 5, 'c6gn.large_use1-az2': 25, 'c6gn.large_use1-az4': 10, 'c6gn.large_use1-az5': 15, 'c6gn.large_use1-az6': 1, 'c6gn.xlarge_use1-az1': 5, 'c6gn.xlarge_use1-az2': 10, 'c6gn.xlarge_use1-az4': 15, 'c6gn.xlarge_use1-az5': 5, 'c6gn.xlarge_use1-az6': 1, 'c6i.12xlarge_use1-az1': 15, 'c6i.12xlarge_use1-az2': 15, 'c6i.12xlarge_use1-az4': 30, 'c6i.12xlarge_use1-az5': 5, 'c6i.12xlarge_use1-az6': 5, 'c6i.16xlarge_use1-az1': 5, 'c6i.16xlarge_use1-az2': 15, 'c6i.16xlarge_use1-az4': 25, 'c6i.16xlarge_use1-az5': 10, 'c6i.16xlarge_use1-az6': 30, 'c6i.24xlarge_use1-az1': 5, 'c6i.24xlarge_use1-az2': 5, 'c6i.24xlarge_use1-az4': 10, 'c6i.24xlarge_use1-az5': 1, 'c6i.24xlarge_use1-az6': 15, 'c6i.2xlarge_use1-az1': 20, 'c6i.2xlarge_use1-az2': 50, 'c6i.2xlarge_use1-az4': 50, 'c6i.2xlarge_use1-az5': 5, 'c6i.2xlarge_use1-az6': 50, 'c6i.32xlarge_use1-az1': 10, 'c6i.32xlarge_use1-az2': 5, 'c6i.32xlarge_use1-az4': 50, 'c6i.32xlarge_use1-az5': 1, 'c6i.32xlarge_use1-az6': 40, 'c6i.4xlarge_use1-az1': 10, 'c6i.4xlarge_use1-az2': 40, 'c6i.4xlarge_use1-az4': 50, 'c6i.4xlarge_use1-az5': 15, 'c6i.4xlarge_use1-az6': 50, 'c6i.8xlarge_use1-az1': 10, 'c6i.8xlarge_use1-az2': 45, 'c6i.8xlarge_use1-az4': 50, 'c6i.8xlarge_use1-az5': 10, 'c6i.8xlarge_use1-az6': 50, 'c6i.large_use1-az1': 10, 'c6i.large_use1-az2': 40, 'c6i.large_use1-az4': 30, 'c6i.large_use1-az5': 10, 'c6i.large_use1-az6': 50, 'c6i.xlarge_use1-az1': 50, 'c6i.xlarge_use1-az2': 45, 'c6i.xlarge_use1-az4': 35, 'c6i.xlarge_use1-az5': 10, 'c6i.xlarge_use1-az6': 50, 'c6id.12xlarge_use1-az1': 1, 'c6id.12xlarge_use1-az2': 1, 'c6id.12xlarge_use1-az4': 5, 'c6id.12xlarge_use1-az6': 5, 'c6id.16xlarge_use1-az1': 1, 'c6id.16xlarge_use1-az2': 5, 'c6id.16xlarge_use1-az4': 5, 'c6id.16xlarge_use1-az5': 1, 'c6id.16xlarge_use1-az6': 1, 'c6id.24xlarge_use1-az1': 5, 'c6id.24xlarge_use1-az2': 15, 'c6id.24xlarge_use1-az4': 5, 'c6id.24xlarge_use1-az5': 1, 'c6id.24xlarge_use1-az6': 10, 'c6id.2xlarge_use1-az1': 1, 'c6id.2xlarge_use1-az2': 1, 'c6id.2xlarge_use1-az4': 5, 'c6id.2xlarge_use1-az5': 5, 'c6id.2xlarge_use1-az6': 1, 'c6id.32xlarge_use1-az1': 1, 'c6id.32xlarge_use1-az2': 5, 'c6id.32xlarge_use1-az4': 10, 'c6id.32xlarge_use1-az5': 1, 'c6id.32xlarge_use1-az6': 5, 'c6id.4xlarge_use1-az1': 15, 'c6id.4xlarge_use1-az2': 10, 'c6id.4xlarge_use1-az4': 10, 'c6id.4xlarge_use1-az5': 1, 'c6id.4xlarge_use1-az6': 5, 'c6id.8xlarge_use1-az1': 5, 'c6id.8xlarge_use1-az2': 1, 'c6id.8xlarge_use1-az4': 5, 'c6id.8xlarge_use1-az5': 1, 'c6id.8xlarge_use1-az6': 1, 'c6id.large_use1-az1': 5, 'c6id.large_use1-az2': 5, 'c6id.large_use1-az4': 1, 'c6id.large_use1-az5': 5, 'c6id.large_use1-az6': 5, 'c6id.xlarge_use1-az1': 5, 'c6id.xlarge_use1-az2': 1, 'c6id.xlarge_use1-az4': 5, 'c6id.xlarge_use1-az5': 1, 'c6id.xlarge_use1-az6': 1, 'c6in.12xlarge_use1-az1': 1, 'c6in.12xlarge_use1-az6': 1, 'c6in.16xlarge_use1-az4': 1, 'c6in.24xlarge_use1-az6': 1, 'c6in.2xlarge_use1-az1': 1, 'c6in.2xlarge_use1-az2': 1, 'c6in.2xlarge_use1-az4': 1, 'c6in.2xlarge_use1-az6': 1, 'c6in.32xlarge_use1-az1': 1, 'c6in.32xlarge_use1-az6': 1, 'c6in.4xlarge_use1-az1': 5, 'c6in.4xlarge_use1-az2': 5, 'c6in.4xlarge_use1-az4': 5, 'c6in.4xlarge_use1-az6': 25, 'c6in.8xlarge_use1-az1': 1, 'c6in.8xlarge_use1-az6': 1, 'c6in.large_use1-az1': 5, 'c6in.large_use1-az2': 1, 'c6in.large_use1-az4': 1, 'c6in.large_use1-az5': 1, 'c6in.large_use1-az6': 5, 'c6in.xlarge_use1-az1': 20, 'c6in.xlarge_use1-az2': 1, 'c6in.xlarge_use1-az4': 1, 'c6in.xlarge_use1-az6': 10, 'c7a.12xlarge_use1-az1': 5, 'c7a.12xlarge_use1-az2': 5, 'c7a.12xlarge_use1-az4': 1, 'c7a.12xlarge_use1-az6': 15, 'c7a.16xlarge_use1-az1': 1, 'c7a.16xlarge_use1-az2': 1, 'c7a.16xlarge_use1-az6': 5, 'c7a.24xlarge_use1-az1': 1, 'c7a.24xlarge_use1-az2': 1, 'c7a.24xlarge_use1-az5': 1, 'c7a.24xlarge_use1-az6': 5, 'c7a.2xlarge_use1-az1': 1, 'c7a.2xlarge_use1-az2': 1, 'c7a.2xlarge_use1-az4': 25, 'c7a.2xlarge_use1-az5': 1, 'c7a.2xlarge_use1-az6': 10, 'c7a.32xlarge_use1-az1': 1, 'c7a.32xlarge_use1-az2': 1, 'c7a.32xlarge_use1-az6': 15, 'c7a.48xlarge_use1-az1': 1, 'c7a.48xlarge_use1-az2': 1, 'c7a.48xlarge_use1-az5': 1, 'c7a.48xlarge_use1-az6': 20, 'c7a.4xlarge_use1-az1': 5, 'c7a.4xlarge_use1-az2': 10, 'c7a.4xlarge_use1-az4': 5, 'c7a.4xlarge_use1-az5': 1, 'c7a.4xlarge_use1-az6': 50, 'c7a.8xlarge_use1-az1': 1, 'c7a.8xlarge_use1-az2': 1, 'c7a.8xlarge_use1-az4': 1, 'c7a.8xlarge_use1-az6': 10, 'c7a.large_use1-az1': 15, 'c7a.large_use1-az2': 25, 'c7a.large_use1-az4': 30, 'c7a.large_use1-az5': 10, 'c7a.large_use1-az6': 50, 'c7a.xlarge_use1-az1': 5, 'c7a.xlarge_use1-az2': 5, 'c7a.xlarge_use1-az4': 10, 'c7a.xlarge_use1-az5': 5, 'c7a.xlarge_use1-az6': 15, 'c7g.12xlarge_use1-az1': 15, 'c7g.12xlarge_use1-az2': 50, 'c7g.12xlarge_use1-az4': 15, 'c7g.12xlarge_use1-az5': 1, 'c7g.12xlarge_use1-az6': 50, 'c7g.16xlarge_use1-az1': 25, 'c7g.16xlarge_use1-az2': 40, 'c7g.16xlarge_use1-az4': 50, 'c7g.16xlarge_use1-az5': 10, 'c7g.16xlarge_use1-az6': 50, 'c7g.2xlarge_use1-az1': 50, 'c7g.2xlarge_use1-az2': 50, 'c7g.2xlarge_use1-az4': 50, 'c7g.2xlarge_use1-az5': 50, 'c7g.2xlarge_use1-az6': 50, 'c7g.4xlarge_use1-az1': 50, 'c7g.4xlarge_use1-az2': 50, 'c7g.4xlarge_use1-az4': 50, 'c7g.4xlarge_use1-az5': 50, 'c7g.4xlarge_use1-az6': 50, 'c7g.8xlarge_use1-az1': 50, 'c7g.8xlarge_use1-az2': 50, 'c7g.8xlarge_use1-az4': 50, 'c7g.8xlarge_use1-az5': 50, 'c7g.8xlarge_use1-az6': 50, 'c7g.large_use1-az1': 5, 'c7g.large_use1-az2': 45, 'c7g.large_use1-az4': 30, 'c7g.large_use1-az5': 10, 'c7g.large_use1-az6': 30, 'c7g.xlarge_use1-az1': 50, 'c7g.xlarge_use1-az2': 50, 'c7g.xlarge_use1-az4': 50, 'c7g.xlarge_use1-az5': 50, 'c7g.xlarge_use1-az6': 50, 'c7gd.12xlarge_use1-az1': 5, 'c7gd.12xlarge_use1-az2': 30, 'c7gd.12xlarge_use1-az4': 15, 'c7gd.12xlarge_use1-az5': 15, 'c7gd.12xlarge_use1-az6': 50, 'c7gd.16xlarge_use1-az1': 5, 'c7gd.16xlarge_use1-az2': 30, 'c7gd.16xlarge_use1-az4': 40, 'c7gd.16xlarge_use1-az5': 1, 'c7gd.16xlarge_use1-az6': 50, 'c7gd.2xlarge_use1-az1': 15, 'c7gd.2xlarge_use1-az2': 50, 'c7gd.2xlarge_use1-az4': 50, 'c7gd.2xlarge_use1-az5': 5, 'c7gd.2xlarge_use1-az6': 50, 'c7gd.4xlarge_use1-az1': 30, 'c7gd.4xlarge_use1-az2': 25, 'c7gd.4xlarge_use1-az4': 50, 'c7gd.4xlarge_use1-az5': 1, 'c7gd.4xlarge_use1-az6': 50, 'c7gd.8xlarge_use1-az1': 5, 'c7gd.8xlarge_use1-az2': 15, 'c7gd.8xlarge_use1-az4': 10, 'c7gd.8xlarge_use1-az5': 5, 'c7gd.8xlarge_use1-az6': 20, 'c7gd.large_use1-az1': 1, 'c7gd.large_use1-az2': 25, 'c7gd.large_use1-az4': 5, 'c7gd.large_use1-az5': 10, 'c7gd.large_use1-az6': 20, 'c7gd.xlarge_use1-az1': 15, 'c7gd.xlarge_use1-az2': 50, 'c7gd.xlarge_use1-az4': 5, 'c7gd.xlarge_use1-az5': 15, 'c7gd.xlarge_use1-az6': 25, 'c7gn.12xlarge_use1-az2': 1, 'c7gn.12xlarge_use1-az5': 1, 'c7gn.12xlarge_use1-az6': 1, 'c7gn.16xlarge_use1-az2': 5, 'c7gn.16xlarge_use1-az5': 5, 'c7gn.16xlarge_use1-az6': 20, 'c7gn.2xlarge_use1-az1': 1, 'c7gn.2xlarge_use1-az2': 1, 'c7gn.2xlarge_use1-az5': 1, 'c7gn.2xlarge_use1-az6': 5, 'c7gn.4xlarge_use1-az2': 50, 'c7gn.4xlarge_use1-az4': 1, 'c7gn.4xlarge_use1-az5': 1, 'c7gn.4xlarge_use1-az6': 50, 'c7gn.8xlarge_use1-az2': 1, 'c7gn.8xlarge_use1-az5': 1, 'c7gn.8xlarge_use1-az6': 5, 'c7gn.large_use1-az1': 1, 'c7gn.large_use1-az2': 10, 'c7gn.large_use1-az5': 10, 'c7gn.large_use1-az6': 10, 'c7gn.xlarge_use1-az1': 1, 'c7gn.xlarge_use1-az2': 5, 'c7gn.xlarge_use1-az5': 5, 'c7gn.xlarge_use1-az6': 5, 'c7i-flex.2xlarge_use1-az1': 50, 'c7i-flex.2xlarge_use1-az2': 50, 'c7i-flex.2xlarge_use1-az4': 50, 'c7i-flex.2xlarge_use1-az5': 15, 'c7i-flex.2xlarge_use1-az6': 50, 'c7i-flex.4xlarge_use1-az1': 1, 'c7i-flex.4xlarge_use1-az2': 1, 'c7i-flex.4xlarge_use1-az4': 1, 'c7i-flex.4xlarge_use1-az6': 5, 'c7i-flex.8xlarge_use1-az1': 1, 'c7i-flex.8xlarge_use1-az2': 1, 'c7i-flex.8xlarge_use1-az4': 1, 'c7i-flex.8xlarge_use1-az6': 5, 'c7i-flex.large_use1-az1': 40, 'c7i-flex.large_use1-az2': 50, 'c7i-flex.large_use1-az4': 10, 'c7i-flex.large_use1-az5': 1, 'c7i-flex.large_use1-az6': 50, 'c7i-flex.xlarge_use1-az1': 50, 'c7i-flex.xlarge_use1-az2': 50, 'c7i-flex.xlarge_use1-az4': 50, 'c7i-flex.xlarge_use1-az5': 5, 'c7i-flex.xlarge_use1-az6': 50, 'c7i.12xlarge_use1-az1': 5, 'c7i.12xlarge_use1-az2': 15, 'c7i.12xlarge_use1-az4': 15, 'c7i.12xlarge_use1-az6': 5, 'c7i.16xlarge_use1-az1': 1, 'c7i.16xlarge_use1-az2': 5, 'c7i.16xlarge_use1-az4': 1, 'c7i.16xlarge_use1-az6': 15, 'c7i.24xlarge_use1-az1': 5, 'c7i.24xlarge_use1-az2': 5, 'c7i.24xlarge_use1-az4': 5, 'c7i.24xlarge_use1-az5': 1, 'c7i.24xlarge_use1-az6': 15, 'c7i.2xlarge_use1-az1': 10, 'c7i.2xlarge_use1-az2': 10, 'c7i.2xlarge_use1-az4': 10, 'c7i.2xlarge_use1-az5': 5, 'c7i.2xlarge_use1-az6': 25, 'c7i.48xlarge_use1-az1': 10, 'c7i.48xlarge_use1-az2': 10, 'c7i.48xlarge_use1-az4': 5, 'c7i.48xlarge_use1-az5': 1, 'c7i.48xlarge_use1-az6': 50, 'c7i.4xlarge_use1-az1': 5, 'c7i.4xlarge_use1-az2': 5, 'c7i.4xlarge_use1-az4': 5, 'c7i.4xlarge_use1-az5': 1, 'c7i.4xlarge_use1-az6': 15, 'c7i.8xlarge_use1-az1': 1, 'c7i.8xlarge_use1-az2': 5, 'c7i.8xlarge_use1-az4': 5, 'c7i.8xlarge_use1-az6': 10, 'c7i.large_use1-az1': 45, 'c7i.large_use1-az2': 50, 'c7i.large_use1-az4': 50, 'c7i.large_use1-az5': 5, 'c7i.large_use1-az6': 50, 'c7i.xlarge_use1-az1': 5, 'c7i.xlarge_use1-az2': 10, 'c7i.xlarge_use1-az4': 5, 'c7i.xlarge_use1-az5': 1, 'c7i.xlarge_use1-az6': 5, 'c8g.12xlarge_use1-az1': 1, 'c8g.12xlarge_use1-az2': 5, 'c8g.12xlarge_use1-az4': 1, 'c8g.12xlarge_use1-az6': 25, 'c8g.16xlarge_use1-az1': 10, 'c8g.16xlarge_use1-az2': 5, 'c8g.16xlarge_use1-az4': 1, 'c8g.16xlarge_use1-az6': 50, 'c8g.24xlarge_use1-az1': 5, 'c8g.24xlarge_use1-az2': 10, 'c8g.24xlarge_use1-az4': 1, 'c8g.24xlarge_use1-az6': 25, 'c8g.2xlarge_use1-az1': 5, 'c8g.2xlarge_use1-az2': 5, 'c8g.2xlarge_use1-az4': 50, 'c8g.2xlarge_use1-az5': 1, 'c8g.2xlarge_use1-az6': 50, 'c8g.48xlarge_use1-az1': 1, 'c8g.48xlarge_use1-az2': 5, 'c8g.48xlarge_use1-az6': 50, 'c8g.4xlarge_use1-az1': 35, 'c8g.4xlarge_use1-az2': 15, 'c8g.4xlarge_use1-az4': 20, 'c8g.4xlarge_use1-az5': 10, 'c8g.4xlarge_use1-az6': 50, 'c8g.8xlarge_use1-az1': 1, 'c8g.8xlarge_use1-az2': 5, 'c8g.8xlarge_use1-az4': 5, 'c8g.8xlarge_use1-az6': 50, 'c8g.large_use1-az1': 5, 'c8g.large_use1-az2': 20, 'c8g.large_use1-az4': 5, 'c8g.large_use1-az5': 1, 'c8g.large_use1-az6': 40, 'c8g.metal-24xl_use1-az2': 1, 'c8g.metal-24xl_use1-az6': 20, 'c8g.metal-48xl_use1-az1': 1, 'c8g.metal-48xl_use1-az2': 1, 'c8g.metal-48xl_use1-az6': 50, 'c8g.xlarge_use1-az1': 5, 'c8g.xlarge_use1-az2': 30, 'c8g.xlarge_use1-az4': 5, 'c8g.xlarge_use1-az5': 1, 'c8g.xlarge_use1-az6': 50, 'c8gd.12xlarge_use1-az2': 5, 'c8gd.12xlarge_use1-az4': 5, 'c8gd.12xlarge_use1-az5': 1, 'c8gd.12xlarge_use1-az6': 5, 'c8gd.16xlarge_use1-az2': 10, 'c8gd.16xlarge_use1-az4': 10, 'c8gd.16xlarge_use1-az5': 5, 'c8gd.16xlarge_use1-az6': 50, 'c8gd.24xlarge_use1-az2': 1, 'c8gd.24xlarge_use1-az4': 5, 'c8gd.24xlarge_use1-az5': 1, 'c8gd.24xlarge_use1-az6': 5, 'c8gd.2xlarge_use1-az2': 50, 'c8gd.2xlarge_use1-az4': 50, 'c8gd.2xlarge_use1-az5': 10, 'c8gd.2xlarge_use1-az6': 50, 'c8gd.48xlarge_use1-az2': 1, 'c8gd.48xlarge_use1-az6': 15, 'c8gd.4xlarge_use1-az2': 10, 'c8gd.4xlarge_use1-az4': 30, 'c8gd.4xlarge_use1-az5': 1, 'c8gd.4xlarge_use1-az6': 50, 'c8gd.8xlarge_use1-az2': 1, 'c8gd.8xlarge_use1-az4': 1, 'c8gd.8xlarge_use1-az5': 1, 'c8gd.8xlarge_use1-az6': 5, 'c8gd.large_use1-az1': 1, 'c8gd.large_use1-az2': 40, 'c8gd.large_use1-az4': 35, 'c8gd.large_use1-az6': 50, 'c8gd.metal-24xl_use1-az2': 1, 'c8gd.metal-24xl_use1-az4': 1, 'c8gd.metal-24xl_use1-az5': 1, 'c8gd.metal-24xl_use1-az6': 5, 'c8gd.metal-48xl_use1-az2': 1, 'c8gd.metal-48xl_use1-az6': 1, 'c8gd.xlarge_use1-az1': 1, 'c8gd.xlarge_use1-az2': 20, 'c8gd.xlarge_use1-az4': 20, 'c8gd.xlarge_use1-az5': 15, 'c8gd.xlarge_use1-az6': 50, 'c8gn.2xlarge_use1-az2': 1, 'c8gn.2xlarge_use1-az4': 1, 'c8gn.2xlarge_use1-az6': 1, 'c8gn.4xlarge_use1-az2': 1, 'c8gn.4xlarge_use1-az5': 1, 'c8gn.8xlarge_use1-az2': 1, 'c8gn.8xlarge_use1-az6': 1, 'c8gn.large_use1-az6': 1, 'c8i-flex.12xlarge_use1-az6': 1, 'c8i-flex.16xlarge_use1-az6': 1, 'c8i-flex.2xlarge_use1-az2': 25, 'c8i-flex.2xlarge_use1-az4': 15, 'c8i-flex.2xlarge_use1-az6': 50, 'c8i-flex.4xlarge_use1-az2': 5, 'c8i-flex.4xlarge_use1-az4': 1, 'c8i-flex.4xlarge_use1-az6': 5, 'c8i-flex.8xlarge_use1-az6': 1, 'c8i-flex.large_use1-az4': 20, 'c8i-flex.xlarge_use1-az2': 40, 'c8i-flex.xlarge_use1-az4': 5, 'c8i-flex.xlarge_use1-az6': 50, 'c8i.12xlarge_use1-az2': 1, 'c8i.12xlarge_use1-az4': 1, 'c8i.12xlarge_use1-az6': 1, 'c8i.16xlarge_use1-az6': 1, 'c8i.24xlarge_use1-az6': 1, 'c8i.2xlarge_use1-az2': 10, 'c8i.2xlarge_use1-az4': 5, 'c8i.2xlarge_use1-az6': 20, 'c8i.32xlarge_use1-az2': 1, 'c8i.32xlarge_use1-az4': 1, 'c8i.32xlarge_use1-az6': 5, 'c8i.48xlarge_use1-az2': 1, 'c8i.48xlarge_use1-az6': 1, 'c8i.4xlarge_use1-az2': 5, 'c8i.4xlarge_use1-az4': 5, 'c8i.4xlarge_use1-az6': 5, 'c8i.8xlarge_use1-az2': 1, 'c8i.8xlarge_use1-az4': 1, 'c8i.8xlarge_use1-az6': 5, 'c8i.96xlarge_use1-az2': 1, 'c8i.96xlarge_use1-az6': 5, 'c8i.metal-48xl_use1-az2': 1, 'c8i.metal-96xl_use1-az2': 1, 'c8i.metal-96xl_use1-az6': 5, 'c8i.xlarge_use1-az2': 50, 'c8i.xlarge_use1-az4': 15, 'c8i.xlarge_use1-az6': 50, 'd2.2xlarge_use1-az1': 1, 'd2.2xlarge_use1-az6': 1, 'd2.4xlarge_use1-az2': 1, 'd2.4xlarge_use1-az6': 1, 'd2.xlarge_use1-az6': 1, 'd3.2xlarge_use1-az1': 15, 'd3.2xlarge_use1-az2': 45, 'd3.2xlarge_use1-az4': 40, 'd3.2xlarge_use1-az6': 35, 'd3.4xlarge_use1-az1': 1, 'd3.4xlarge_use1-az2': 5, 'd3.4xlarge_use1-az4': 15, 'd3.4xlarge_use1-az6': 5, 'd3.8xlarge_use1-az1': 1, 'd3.8xlarge_use1-az2': 40, 'd3.8xlarge_use1-az4': 35, 'd3.8xlarge_use1-az6': 20, 'd3.xlarge_use1-az1': 10, 'd3.xlarge_use1-az2': 50, 'd3.xlarge_use1-az4': 45, 'd3.xlarge_use1-az6': 25, 'd3en.12xlarge_use1-az1': 1, 'd3en.12xlarge_use1-az2': 10, 'd3en.12xlarge_use1-az4': 20, 'd3en.12xlarge_use1-az6': 50, 'd3en.2xlarge_use1-az1': 5, 'd3en.2xlarge_use1-az2': 25, 'd3en.2xlarge_use1-az4': 15, 'd3en.2xlarge_use1-az6': 50, 'd3en.4xlarge_use1-az2': 5, 'd3en.4xlarge_use1-az4': 10, 'd3en.4xlarge_use1-az6': 50, 'd3en.6xlarge_use1-az1': 1, 'd3en.6xlarge_use1-az2': 5, 'd3en.6xlarge_use1-az4': 15, 'd3en.6xlarge_use1-az6': 50, 'd3en.8xlarge_use1-az1': 1, 'd3en.8xlarge_use1-az2': 15, 'd3en.8xlarge_use1-az4': 5, 'd3en.8xlarge_use1-az6': 50, 'd3en.xlarge_use1-az1': 5, 'd3en.xlarge_use1-az2': 50, 'd3en.xlarge_use1-az4': 30, 'd3en.xlarge_use1-az6': 50, 'f2.12xlarge_use1-az2': 1, 'f2.12xlarge_use1-az4': 1, 'f2.12xlarge_use1-az6': 1, 'f2.48xlarge_use1-az2': 5, 'f2.48xlarge_use1-az4': 5, 'f2.48xlarge_use1-az6': 1, 'g4ad.16xlarge_use1-az1': 5, 'g4ad.16xlarge_use1-az2': 5, 'g4ad.16xlarge_use1-az4': 5, 'g4ad.16xlarge_use1-az6': 10, 'g4ad.2xlarge_use1-az1': 5, 'g4ad.2xlarge_use1-az2': 10, 'g4ad.2xlarge_use1-az4': 10, 'g4ad.2xlarge_use1-az6': 10, 'g4ad.4xlarge_use1-az1': 10, 'g4ad.4xlarge_use1-az2': 15, 'g4ad.4xlarge_use1-az4': 15, 'g4ad.4xlarge_use1-az6': 5, 'g4ad.8xlarge_use1-az1': 1, 'g4ad.8xlarge_use1-az2': 5, 'g4ad.8xlarge_use1-az4': 5, 'g4ad.8xlarge_use1-az6': 5, 'g4ad.xlarge_use1-az1': 20, 'g4ad.xlarge_use1-az2': 20, 'g4ad.xlarge_use1-az4': 25, 'g4ad.xlarge_use1-az6': 20, 'g4dn.12xlarge_use1-az1': 5, 'g4dn.12xlarge_use1-az2': 15, 'g4dn.12xlarge_use1-az4': 15, 'g4dn.12xlarge_use1-az5': 15, 'g4dn.12xlarge_use1-az6': 50, 'g4dn.16xlarge_use1-az1': 1, 'g4dn.16xlarge_use1-az2': 10, 'g4dn.16xlarge_use1-az4': 1, 'g4dn.16xlarge_use1-az5': 5, 'g4dn.16xlarge_use1-az6': 15, 'g4dn.2xlarge_use1-az1': 45, 'g4dn.2xlarge_use1-az2': 50, 'g4dn.2xlarge_use1-az4': 50, 'g4dn.2xlarge_use1-az5': 50, 'g4dn.2xlarge_use1-az6': 50, 'g4dn.4xlarge_use1-az1': 5, 'g4dn.4xlarge_use1-az2': 40, 'g4dn.4xlarge_use1-az4': 25, 'g4dn.4xlarge_use1-az5': 40, 'g4dn.4xlarge_use1-az6': 40, 'g4dn.8xlarge_use1-az1': 1, 'g4dn.8xlarge_use1-az2': 1, 'g4dn.8xlarge_use1-az4': 10, 'g4dn.8xlarge_use1-az5': 1, 'g4dn.8xlarge_use1-az6': 5, 'g4dn.xlarge_use1-az1': 50, 'g4dn.xlarge_use1-az2': 50, 'g4dn.xlarge_use1-az4': 50, 'g4dn.xlarge_use1-az5': 50, 'g4dn.xlarge_use1-az6': 50, 'g5.12xlarge_use1-az2': 1, 'g5.12xlarge_use1-az5': 10, 'g5.12xlarge_use1-az6': 5, 'g5.16xlarge_use1-az1': 1, 'g5.16xlarge_use1-az2': 1, 'g5.16xlarge_use1-az4': 5, 'g5.16xlarge_use1-az5': 5, 'g5.16xlarge_use1-az6': 10, 'g5.24xlarge_use1-az1': 1, 'g5.24xlarge_use1-az2': 1, 'g5.24xlarge_use1-az4': 1, 'g5.24xlarge_use1-az5': 1, 'g5.24xlarge_use1-az6': 5, 'g5.2xlarge_use1-az1': 25, 'g5.2xlarge_use1-az2': 15, 'g5.2xlarge_use1-az4': 15, 'g5.2xlarge_use1-az5': 50, 'g5.2xlarge_use1-az6': 45, 'g5.48xlarge_use1-az2': 1, 'g5.48xlarge_use1-az5': 5, 'g5.48xlarge_use1-az6': 25, 'g5.4xlarge_use1-az1': 1, 'g5.4xlarge_use1-az2': 50, 'g5.4xlarge_use1-az4': 50, 'g5.4xlarge_use1-az5': 40, 'g5.4xlarge_use1-az6': 50, 'g5.8xlarge_use1-az1': 1, 'g5.8xlarge_use1-az2': 5, 'g5.8xlarge_use1-az4': 10, 'g5.8xlarge_use1-az5': 20, 'g5.8xlarge_use1-az6': 10, 'g5g.16xlarge_use1-az1': 1, 'g5g.16xlarge_use1-az6': 5, 'g5g.4xlarge_use1-az6': 1, 'g5g.8xlarge_use1-az1': 1, 'g5g.8xlarge_use1-az4': 1, 'g5g.8xlarge_use1-az6': 1, 'g5g.xlarge_use1-az2': 1, 'g5g.xlarge_use1-az4': 1, 'g6.12xlarge_use1-az1': 5, 'g6.12xlarge_use1-az2': 1, 'g6.12xlarge_use1-az4': 30, 'g6.12xlarge_use1-az6': 50, 'g6.16xlarge_use1-az1': 1, 'g6.16xlarge_use1-az2': 1, 'g6.16xlarge_use1-az4': 1, 'g6.16xlarge_use1-az6': 5, 'g6.24xlarge_use1-az2': 1, 'g6.24xlarge_use1-az4': 1, 'g6.24xlarge_use1-az6': 1, 'g6.2xlarge_use1-az1': 10, 'g6.2xlarge_use1-az2': 25, 'g6.2xlarge_use1-az4': 50, 'g6.2xlarge_use1-az6': 50, 'g6.48xlarge_use1-az2': 5, 'g6.48xlarge_use1-az4': 30, 'g6.48xlarge_use1-az6': 50, 'g6.4xlarge_use1-az1': 5, 'g6.4xlarge_use1-az2': 10, 'g6.4xlarge_use1-az4': 35, 'g6.4xlarge_use1-az6': 50, 'g6.8xlarge_use1-az1': 5, 'g6.8xlarge_use1-az2': 5, 'g6.8xlarge_use1-az4': 10, 'g6.8xlarge_use1-az6': 15, 'g6.xlarge_use1-az2': 5, 'g6.xlarge_use1-az4': 5, 'g6.xlarge_use1-az6': 5, 'g6e.16xlarge_use1-az1': 10, 'g6e.16xlarge_use1-az2': 15, 'g6e.16xlarge_use1-az4': 40, 'g6e.16xlarge_use1-az6': 20, 'g6e.2xlarge_use1-az1': 10, 'g6e.2xlarge_use1-az2': 1, 'g6e.2xlarge_use1-az4': 10, 'g6e.2xlarge_use1-az6': 5, 'g6e.48xlarge_use1-az4': 5, 'g6e.48xlarge_use1-az6': 1, 'g6e.4xlarge_use1-az1': 1, 'g6e.4xlarge_use1-az4': 5, 'g6e.4xlarge_use1-az6': 1, 'g6e.8xlarge_use1-az1': 1, 'g6e.8xlarge_use1-az2': 1, 'g6e.8xlarge_use1-az4': 1, 'g6e.8xlarge_use1-az6': 1, 'g6f.2xlarge_use1-az1': 1, 'g6f.2xlarge_use1-az4': 1, 'g6f.2xlarge_use1-az6': 5, 'g6f.4xlarge_use1-az1': 1, 'g6f.4xlarge_use1-az4': 1, 'g6f.4xlarge_use1-az6': 1, 'g6f.large_use1-az1': 10, 'g6f.large_use1-az2': 15, 'g6f.large_use1-az4': 40, 'g6f.large_use1-az6': 20, 'g6f.xlarge_use1-az1': 1, 'g6f.xlarge_use1-az2': 1, 'g6f.xlarge_use1-az4': 5, 'g6f.xlarge_use1-az6': 10, 'gr6.4xlarge_use1-az2': 1, 'gr6.4xlarge_use1-az4': 1, 'gr6.4xlarge_use1-az6': 1, 'gr6.8xlarge_use1-az1': 1, 'gr6.8xlarge_use1-az2': 1, 'gr6.8xlarge_use1-az4': 1, 'gr6.8xlarge_use1-az6': 1, 'i2.2xlarge_use1-az2': 10, 'i2.2xlarge_use1-az3': 5, 'i2.2xlarge_use1-az4': 10, 'i2.2xlarge_use1-az6': 5, 'i2.4xlarge_use1-az1': 1, 'i2.4xlarge_use1-az2': 10, 'i2.4xlarge_use1-az3': 1, 'i2.4xlarge_use1-az4': 10, 'i2.4xlarge_use1-az6': 5, 'i2.8xlarge_use1-az2': 1, 'i2.8xlarge_use1-az3': 1, 'i2.8xlarge_use1-az6': 1, 'i2.xlarge_use1-az1': 1, 'i2.xlarge_use1-az2': 15, 'i2.xlarge_use1-az3': 1, 'i2.xlarge_use1-az4': 20, 'i2.xlarge_use1-az6': 15, 'i3.16xlarge_use1-az1': 20, 'i3.16xlarge_use1-az2': 50, 'i3.16xlarge_use1-az3': 10, 'i3.16xlarge_use1-az4': 50, 'i3.16xlarge_use1-az5': 10, 'i3.16xlarge_use1-az6': 45, 'i3.2xlarge_use1-az1': 50, 'i3.2xlarge_use1-az2': 50, 'i3.2xlarge_use1-az3': 50, 'i3.2xlarge_use1-az4': 50, 'i3.2xlarge_use1-az5': 50, 'i3.2xlarge_use1-az6': 50, 'i3.4xlarge_use1-az1': 50, 'i3.4xlarge_use1-az2': 50, 'i3.4xlarge_use1-az3': 50, 'i3.4xlarge_use1-az4': 50, 'i3.4xlarge_use1-az5': 50, 'i3.4xlarge_use1-az6': 50, 'i3.8xlarge_use1-az1': 50, 'i3.8xlarge_use1-az2': 50, 'i3.8xlarge_use1-az3': 50, 'i3.8xlarge_use1-az4': 50, 'i3.8xlarge_use1-az5': 25, 'i3.8xlarge_use1-az6': 50, 'i3.large_use1-az1': 50, 'i3.large_use1-az2': 50, 'i3.large_use1-az3': 50, 'i3.large_use1-az4': 50, 'i3.large_use1-az5': 50, 'i3.large_use1-az6': 50, 'i3.xlarge_use1-az1': 50, 'i3.xlarge_use1-az2': 50, 'i3.xlarge_use1-az3': 50, 'i3.xlarge_use1-az4': 50, 'i3.xlarge_use1-az5': 50, 'i3.xlarge_use1-az6': 50, 'i3en.12xlarge_use1-az1': 1, 'i3en.12xlarge_use1-az2': 1, 'i3en.12xlarge_use1-az6': 50, 'i3en.24xlarge_use1-az6': 20, 'i3en.2xlarge_use1-az1': 50, 'i3en.2xlarge_use1-az2': 50, 'i3en.2xlarge_use1-az4': 30, 'i3en.2xlarge_use1-az5': 50, 'i3en.2xlarge_use1-az6': 50, 'i3en.3xlarge_use1-az1': 50, 'i3en.3xlarge_use1-az2': 50, 'i3en.3xlarge_use1-az4': 50, 'i3en.3xlarge_use1-az5': 50, 'i3en.3xlarge_use1-az6': 50, 'i3en.6xlarge_use1-az1': 10, 'i3en.6xlarge_use1-az2': 20, 'i3en.6xlarge_use1-az4': 10, 'i3en.6xlarge_use1-az6': 50, 'i3en.large_use1-az1': 50, 'i3en.large_use1-az2': 50, 'i3en.large_use1-az4': 45, 'i3en.large_use1-az5': 35, 'i3en.large_use1-az6': 50, 'i3en.xlarge_use1-az1': 50, 'i3en.xlarge_use1-az2': 50, 'i3en.xlarge_use1-az4': 50, 'i3en.xlarge_use1-az5': 50, 'i3en.xlarge_use1-az6': 50, 'i4g.16xlarge_use1-az2': 1, 'i4g.16xlarge_use1-az4': 1, 'i4g.16xlarge_use1-az5': 50, 'i4g.16xlarge_use1-az6': 50, 'i4g.2xlarge_use1-az2': 10, 'i4g.2xlarge_use1-az4': 15, 'i4g.2xlarge_use1-az5': 40, 'i4g.2xlarge_use1-az6': 50, 'i4g.4xlarge_use1-az2': 25, 'i4g.4xlarge_use1-az4': 30, 'i4g.4xlarge_use1-az5': 50, 'i4g.4xlarge_use1-az6': 50, 'i4g.8xlarge_use1-az5': 45, 'i4g.8xlarge_use1-az6': 15, 'i4g.large_use1-az1': 5, 'i4g.large_use1-az2': 5, 'i4g.large_use1-az4': 5, 'i4g.large_use1-az5': 25, 'i4g.large_use1-az6': 50, 'i4g.xlarge_use1-az2': 10, 'i4g.xlarge_use1-az4': 1, 'i4g.xlarge_use1-az5': 50, 'i4g.xlarge_use1-az6': 50, 'i4i.12xlarge_use1-az2': 5, 'i4i.16xlarge_use1-az1': 1, 'i4i.16xlarge_use1-az2': 1, 'i4i.16xlarge_use1-az4': 1, 'i4i.16xlarge_use1-az6': 1, 'i4i.24xlarge_use1-az2': 1, 'i4i.2xlarge_use1-az1': 15, 'i4i.2xlarge_use1-az2': 50, 'i4i.2xlarge_use1-az4': 50, 'i4i.2xlarge_use1-az5': 1, 'i4i.2xlarge_use1-az6': 50, 'i4i.4xlarge_use1-az1': 1, 'i4i.4xlarge_use1-az2': 35, 'i4i.4xlarge_use1-az4': 1, 'i4i.4xlarge_use1-az6': 15, 'i4i.8xlarge_use1-az1': 1, 'i4i.8xlarge_use1-az2': 40, 'i4i.8xlarge_use1-az6': 5, 'i4i.large_use1-az1': 50, 'i4i.large_use1-az2': 50, 'i4i.large_use1-az4': 50, 'i4i.large_use1-az5': 50, 'i4i.large_use1-az6': 50, 'i4i.xlarge_use1-az1': 50, 'i4i.xlarge_use1-az2': 50, 'i4i.xlarge_use1-az4': 50, 'i4i.xlarge_use1-az5': 50, 'i4i.xlarge_use1-az6': 50, 'i7i.12xlarge_use1-az1': 1, 'i7i.12xlarge_use1-az2': 1, 'i7i.12xlarge_use1-az4': 1, 'i7i.12xlarge_use1-az5': 1, 'i7i.12xlarge_use1-az6': 1, 'i7i.16xlarge_use1-az2': 1, 'i7i.16xlarge_use1-az4': 5, 'i7i.16xlarge_use1-az5': 1, 'i7i.16xlarge_use1-az6': 1, 'i7i.24xlarge_use1-az2': 1, 'i7i.24xlarge_use1-az4': 1, 'i7i.24xlarge_use1-az5': 1, 'i7i.24xlarge_use1-az6': 1, 'i7i.2xlarge_use1-az1': 1, 'i7i.2xlarge_use1-az2': 50, 'i7i.2xlarge_use1-az4': 45, 'i7i.2xlarge_use1-az5': 20, 'i7i.2xlarge_use1-az6': 10, 'i7i.48xlarge_use1-az2': 1, 'i7i.4xlarge_use1-az1': 1, 'i7i.4xlarge_use1-az2': 15, 'i7i.4xlarge_use1-az4': 20, 'i7i.4xlarge_use1-az5': 5, 'i7i.4xlarge_use1-az6': 20, 'i7i.8xlarge_use1-az1': 1, 'i7i.8xlarge_use1-az2': 1, 'i7i.8xlarge_use1-az4': 5, 'i7i.8xlarge_use1-az5': 1, 'i7i.8xlarge_use1-az6': 1, 'i7i.metal-24xl_use1-az2': 1, 'i7i.metal-24xl_use1-az4': 50, 'i7i.metal-24xl_use1-az6': 35, 'i7i.xlarge_use1-az1': 1, 'i7i.xlarge_use1-az6': 20, 'i7ie.12xlarge_use1-az1': 1, 'i7ie.12xlarge_use1-az4': 1, 'i7ie.12xlarge_use1-az6': 30, 'i7ie.18xlarge_use1-az4': 1, 'i7ie.18xlarge_use1-az6': 20, 'i7ie.24xlarge_use1-az1': 1, 'i7ie.24xlarge_use1-az2': 1, 'i7ie.24xlarge_use1-az4': 1, 'i7ie.24xlarge_use1-az6': 50, 'i7ie.2xlarge_use1-az1': 5, 'i7ie.2xlarge_use1-az2': 1, 'i7ie.2xlarge_use1-az4': 15, 'i7ie.2xlarge_use1-az6': 35, 'i7ie.3xlarge_use1-az1': 5, 'i7ie.3xlarge_use1-az2': 1, 'i7ie.3xlarge_use1-az4': 5, 'i7ie.3xlarge_use1-az6': 30, 'i7ie.48xlarge_use1-az6': 50, 'i7ie.6xlarge_use1-az1': 25, 'i7ie.6xlarge_use1-az4': 20, 'i7ie.6xlarge_use1-az6': 50, 'i7ie.large_use1-az1': 45, 'i7ie.large_use1-az2': 15, 'i7ie.large_use1-az4': 50, 'i7ie.large_use1-az6': 50, 'i7ie.metal-24xl_use1-az4': 1, 'i7ie.metal-24xl_use1-az6': 15, 'i7ie.metal-48xl_use1-az6': 10, 'i7ie.xlarge_use1-az1': 10, 'i7ie.xlarge_use1-az2': 25, 'i7ie.xlarge_use1-az4': 45, 'i7ie.xlarge_use1-az6': 50, 'i8g.12xlarge_use1-az6': 1, 'i8g.24xlarge_use1-az6': 10, 'i8g.2xlarge_use1-az2': 1, 'i8g.4xlarge_use1-az2': 1, 'i8g.8xlarge_use1-az6': 5, 'i8g.large_use1-az2': 10, 'i8g.large_use1-az6': 5, 'i8g.xlarge_use1-az2': 1, 'i8g.xlarge_use1-az4': 1, 'i8g.xlarge_use1-az6': 1, 'i8ge.12xlarge_use1-az4': 1, 'i8ge.12xlarge_use1-az6': 5, 'i8ge.18xlarge_use1-az2': 1, 'i8ge.18xlarge_use1-az4': 1, 'i8ge.18xlarge_use1-az6': 5, 'i8ge.24xlarge_use1-az4': 1, 'i8ge.24xlarge_use1-az6': 5, 'i8ge.2xlarge_use1-az4': 10, 'i8ge.3xlarge_use1-az2': 1, 'i8ge.3xlarge_use1-az4': 5, 'i8ge.48xlarge_use1-az4': 5, 'i8ge.6xlarge_use1-az2': 1, 'i8ge.6xlarge_use1-az4': 1, 'i8ge.large_use1-az2': 5, 'i8ge.large_use1-az4': 50, 'i8ge.metal-24xl_use1-az4': 1, 'i8ge.metal-48xl_use1-az6': 1, 'i8ge.xlarge_use1-az4': 20, 'im4gn.16xlarge_use1-az4': 45, 'im4gn.2xlarge_use1-az1': 10, 'im4gn.2xlarge_use1-az4': 20, 'im4gn.2xlarge_use1-az6': 15, 'im4gn.4xlarge_use1-az1': 5, 'im4gn.4xlarge_use1-az4': 15, 'im4gn.8xlarge_use1-az1': 1, 'im4gn.8xlarge_use1-az4': 5, 'im4gn.large_use1-az1': 35, 'im4gn.large_use1-az2': 10, 'im4gn.large_use1-az4': 50, 'im4gn.large_use1-az6': 10, 'im4gn.xlarge_use1-az1': 25, 'im4gn.xlarge_use1-az2': 50, 'im4gn.xlarge_use1-az4': 30, 'im4gn.xlarge_use1-az6': 40, 'inf1.24xlarge_use1-az1': 1, 'inf1.24xlarge_use1-az2': 1, 'inf1.24xlarge_use1-az4': 10, 'inf1.24xlarge_use1-az5': 5, 'inf1.24xlarge_use1-az6': 20, 'inf1.2xlarge_use1-az1': 15, 'inf1.2xlarge_use1-az2': 15, 'inf1.2xlarge_use1-az4': 30, 'inf1.2xlarge_use1-az5': 40, 'inf1.2xlarge_use1-az6': 40, 'inf1.6xlarge_use1-az1': 1, 'inf1.6xlarge_use1-az2': 1, 'inf1.6xlarge_use1-az4': 5, 'inf1.6xlarge_use1-az5': 5, 'inf1.6xlarge_use1-az6': 10, 'inf1.xlarge_use1-az1': 50, 'inf1.xlarge_use1-az2': 50, 'inf1.xlarge_use1-az4': 40, 'inf1.xlarge_use1-az5': 50, 'inf1.xlarge_use1-az6': 50, 'inf2.24xlarge_use1-az4': 1, 'inf2.24xlarge_use1-az6': 10, 'inf2.48xlarge_use1-az6': 15, 'inf2.8xlarge_use1-az2': 5, 'inf2.8xlarge_use1-az4': 5, 'inf2.8xlarge_use1-az5': 1, 'inf2.8xlarge_use1-az6': 1, 'inf2.xlarge_use1-az2': 5, 'inf2.xlarge_use1-az4': 1, 'inf2.xlarge_use1-az6': 50, 'is4gen.2xlarge_use1-az1': 1, 'is4gen.2xlarge_use1-az2': 50, 'is4gen.2xlarge_use1-az4': 50, 'is4gen.2xlarge_use1-az6': 50, 'is4gen.8xlarge_use1-az1': 1, 'is4gen.8xlarge_use1-az4': 1, 'is4gen.large_use1-az1': 5, 'is4gen.large_use1-az4': 10, 'is4gen.medium_use1-az1': 50, 'is4gen.medium_use1-az2': 25, 'is4gen.medium_use1-az4': 40, 'is4gen.medium_use1-az6': 30, 'is4gen.xlarge_use1-az1': 1, 'is4gen.xlarge_use1-az2': 1, 'is4gen.xlarge_use1-az4': 15, 'm1.large_use1-az2': 25, 'm1.large_use1-az4': 20, 'm1.large_use1-az6': 15, 'm1.xlarge_use1-az1': 1, 'm1.xlarge_use1-az2': 10, 'm1.xlarge_use1-az4': 10, 'm1.xlarge_use1-az6': 10, 'm2.2xlarge_use1-az1': 5, 'm2.2xlarge_use1-az2': 10, 'm2.2xlarge_use1-az4': 15, 'm2.2xlarge_use1-az6': 5, 'm2.4xlarge_use1-az1': 1, 'm2.4xlarge_use1-az2': 5, 'm2.4xlarge_use1-az4': 5, 'm2.4xlarge_use1-az6': 5, 'm2.xlarge_use1-az1': 5, 'm2.xlarge_use1-az2': 20, 'm2.xlarge_use1-az4': 20, 'm2.xlarge_use1-az6': 15, 'm3.2xlarge_use1-az2': 25, 'm3.2xlarge_use1-az3': 1, 'm3.2xlarge_use1-az4': 40, 'm3.2xlarge_use1-az6': 45, 'm3.large_use1-az2': 50, 'm3.large_use1-az3': 1, 'm3.large_use1-az4': 50, 'm3.large_use1-az6': 50, 'm3.xlarge_use1-az2': 50, 'm3.xlarge_use1-az3': 1, 'm3.xlarge_use1-az4': 50, 'm3.xlarge_use1-az6': 50, 'm4.10xlarge_use1-az1': 5, 'm4.10xlarge_use1-az2': 10, 'm4.10xlarge_use1-az3': 1, 'm4.10xlarge_use1-az4': 50, 'm4.10xlarge_use1-az5': 1, 'm4.10xlarge_use1-az6': 50, 'm4.2xlarge_use1-az1': 5, 'm4.2xlarge_use1-az2': 20, 'm4.2xlarge_use1-az3': 50, 'm4.2xlarge_use1-az4': 20, 'm4.2xlarge_use1-az5': 1, 'm4.2xlarge_use1-az6': 25, 'm4.4xlarge_use1-az1': 50, 'm4.4xlarge_use1-az2': 50, 'm4.4xlarge_use1-az3': 50, 'm4.4xlarge_use1-az4': 25, 'm4.4xlarge_use1-az5': 10, 'm4.4xlarge_use1-az6': 15, 'm4.large_use1-az1': 30, 'm4.large_use1-az2': 50, 'm4.large_use1-az3': 25, 'm4.large_use1-az4': 50, 'm4.large_use1-az5': 10, 'm4.large_use1-az6': 50, 'm4.xlarge_use1-az1': 15, 'm4.xlarge_use1-az2': 50, 'm4.xlarge_use1-az3': 50, 'm4.xlarge_use1-az4': 50, 'm4.xlarge_use1-az5': 30, 'm4.xlarge_use1-az6': 50, 'm5.12xlarge_use1-az1': 5, 'm5.12xlarge_use1-az2': 25, 'm5.12xlarge_use1-az4': 50, 'm5.12xlarge_use1-az5': 1, 'm5.12xlarge_use1-az6': 40, 'm5.16xlarge_use1-az1': 10, 'm5.16xlarge_use1-az2': 50, 'm5.16xlarge_use1-az4': 50, 'm5.16xlarge_use1-az5': 1, 'm5.16xlarge_use1-az6': 50, 'm5.24xlarge_use1-az1': 5, 'm5.24xlarge_use1-az2': 5, 'm5.24xlarge_use1-az4': 5, 'm5.24xlarge_use1-az5': 1, 'm5.24xlarge_use1-az6': 35, 'm5.2xlarge_use1-az1': 50, 'm5.2xlarge_use1-az2': 50, 'm5.2xlarge_use1-az4': 50, 'm5.2xlarge_use1-az5': 50, 'm5.2xlarge_use1-az6': 50, 'm5.4xlarge_use1-az1': 50, 'm5.4xlarge_use1-az2': 50, 'm5.4xlarge_use1-az4': 50, 'm5.4xlarge_use1-az5': 10, 'm5.4xlarge_use1-az6': 50, 'm5.8xlarge_use1-az1': 50, 'm5.8xlarge_use1-az2': 40, 'm5.8xlarge_use1-az4': 50, 'm5.8xlarge_use1-az5': 1, 'm5.8xlarge_use1-az6': 50, 'm5.large_use1-az1': 50, 'm5.large_use1-az2': 50, 'm5.large_use1-az4': 50, 'm5.large_use1-az5': 50, 'm5.large_use1-az6': 50, 'm5.xlarge_use1-az1': 50, 'm5.xlarge_use1-az2': 50, 'm5.xlarge_use1-az4': 50, 'm5.xlarge_use1-az5': 50, 'm5.xlarge_use1-az6': 50, 'm5a.12xlarge_use1-az2': 1, 'm5a.12xlarge_use1-az4': 1, 'm5a.12xlarge_use1-az6': 1, 'm5a.16xlarge_use1-az2': 1, 'm5a.16xlarge_use1-az4': 1, 'm5a.16xlarge_use1-az6': 1, 'm5a.24xlarge_use1-az1': 1, 'm5a.24xlarge_use1-az2': 1, 'm5a.24xlarge_use1-az4': 1, 'm5a.24xlarge_use1-az5': 5, 'm5a.24xlarge_use1-az6': 5, 'm5a.2xlarge_use1-az1': 10, 'm5a.2xlarge_use1-az2': 25, 'm5a.2xlarge_use1-az4': 25, 'm5a.2xlarge_use1-az5': 5, 'm5a.2xlarge_use1-az6': 45, 'm5a.4xlarge_use1-az1': 5, 'm5a.4xlarge_use1-az2': 10, 'm5a.4xlarge_use1-az4': 5, 'm5a.4xlarge_use1-az5': 10, 'm5a.4xlarge_use1-az6': 15, 'm5a.8xlarge_use1-az1': 1, 'm5a.8xlarge_use1-az2': 20, 'm5a.8xlarge_use1-az4': 20, 'm5a.8xlarge_use1-az5': 1, 'm5a.8xlarge_use1-az6': 5, 'm5a.large_use1-az1': 50, 'm5a.large_use1-az2': 50, 'm5a.large_use1-az4': 50, 'm5a.large_use1-az5': 45, 'm5a.large_use1-az6': 50, 'm5a.xlarge_use1-az1': 10, 'm5a.xlarge_use1-az2': 30, 'm5a.xlarge_use1-az4': 10, 'm5a.xlarge_use1-az5': 20, 'm5a.xlarge_use1-az6': 50, 'm5ad.12xlarge_use1-az1': 1, 'm5ad.16xlarge_use1-az1': 1, 'm5ad.16xlarge_use1-az2': 1, 'm5ad.16xlarge_use1-az4': 1, 'm5ad.16xlarge_use1-az6': 1, 'm5ad.24xlarge_use1-az1': 5, 'm5ad.24xlarge_use1-az2': 1, 'm5ad.24xlarge_use1-az4': 1, 'm5ad.24xlarge_use1-az6': 5, 'm5ad.2xlarge_use1-az1': 1, 'm5ad.2xlarge_use1-az2': 1, 'm5ad.2xlarge_use1-az4': 5, 'm5ad.2xlarge_use1-az6': 1, 'm5ad.4xlarge_use1-az1': 1, 'm5ad.4xlarge_use1-az2': 1, 'm5ad.4xlarge_use1-az4': 1, 'm5ad.4xlarge_use1-az6': 1, 'm5ad.8xlarge_use1-az2': 1, 'm5ad.large_use1-az1': 10, 'm5ad.large_use1-az2': 5, 'm5ad.large_use1-az4': 10, 'm5ad.large_use1-az5': 1, 'm5ad.large_use1-az6': 10, 'm5ad.xlarge_use1-az1': 1, 'm5ad.xlarge_use1-az2': 10, 'm5ad.xlarge_use1-az4': 5, 'm5ad.xlarge_use1-az6': 5, 'm5d.12xlarge_use1-az1': 1, 'm5d.12xlarge_use1-az2': 25, 'm5d.12xlarge_use1-az4': 30, 'm5d.12xlarge_use1-az6': 15, 'm5d.16xlarge_use1-az1': 5, 'm5d.16xlarge_use1-az2': 35, 'm5d.16xlarge_use1-az4': 20, 'm5d.16xlarge_use1-az5': 1, 'm5d.16xlarge_use1-az6': 50, 'm5d.24xlarge_use1-az1': 20, 'm5d.24xlarge_use1-az2': 15, 'm5d.24xlarge_use1-az4': 5, 'm5d.24xlarge_use1-az5': 1, 'm5d.24xlarge_use1-az6': 50, 'm5d.2xlarge_use1-az1': 5, 'm5d.2xlarge_use1-az2': 25, 'm5d.2xlarge_use1-az4': 25, 'm5d.2xlarge_use1-az6': 30, 'm5d.4xlarge_use1-az1': 5, 'm5d.4xlarge_use1-az2': 15, 'm5d.4xlarge_use1-az4': 25, 'm5d.4xlarge_use1-az6': 25, 'm5d.8xlarge_use1-az1': 1, 'm5d.8xlarge_use1-az2': 25, 'm5d.8xlarge_use1-az4': 10, 'm5d.8xlarge_use1-az5': 1, 'm5d.8xlarge_use1-az6': 10, 'm5d.large_use1-az1': 5, 'm5d.large_use1-az2': 50, 'm5d.large_use1-az4': 50, 'm5d.large_use1-az6': 50, 'm5d.xlarge_use1-az1': 50, 'm5d.xlarge_use1-az2': 50, 'm5d.xlarge_use1-az4': 50, 'm5d.xlarge_use1-az5': 1, 'm5d.xlarge_use1-az6': 50, 'm5dn.12xlarge_use1-az1': 1, 'm5dn.12xlarge_use1-az4': 1, 'm5dn.12xlarge_use1-az6': 1, 'm5dn.16xlarge_use1-az1': 1, 'm5dn.16xlarge_use1-az2': 5, 'm5dn.16xlarge_use1-az4': 1, 'm5dn.16xlarge_use1-az6': 1, 'm5dn.24xlarge_use1-az1': 1, 'm5dn.24xlarge_use1-az2': 1, 'm5dn.24xlarge_use1-az4': 1, 'm5dn.24xlarge_use1-az6': 5, 'm5dn.2xlarge_use1-az1': 10, 'm5dn.2xlarge_use1-az2': 5, 'm5dn.2xlarge_use1-az4': 5, 'm5dn.2xlarge_use1-az5': 1, 'm5dn.2xlarge_use1-az6': 15, 'm5dn.4xlarge_use1-az1': 5, 'm5dn.4xlarge_use1-az2': 5, 'm5dn.4xlarge_use1-az4': 1, 'm5dn.4xlarge_use1-az5': 1, 'm5dn.4xlarge_use1-az6': 5, 'm5dn.8xlarge_use1-az2': 1, 'm5dn.8xlarge_use1-az6': 1, 'm5dn.large_use1-az1': 35, 'm5dn.large_use1-az2': 30, 'm5dn.large_use1-az4': 40, 'm5dn.large_use1-az5': 15, 'm5dn.large_use1-az6': 50, 'm5dn.xlarge_use1-az1': 10, 'm5dn.xlarge_use1-az2': 25, 'm5dn.xlarge_use1-az4': 20, 'm5dn.xlarge_use1-az5': 1, 'm5dn.xlarge_use1-az6': 30, 'm5n.12xlarge_use1-az1': 1, 'm5n.12xlarge_use1-az2': 1, 'm5n.12xlarge_use1-az4': 1, 'm5n.12xlarge_use1-az5': 1, 'm5n.12xlarge_use1-az6': 1, 'm5n.16xlarge_use1-az2': 1, 'm5n.16xlarge_use1-az4': 1, 'm5n.16xlarge_use1-az6': 1, 'm5n.24xlarge_use1-az2': 1, 'm5n.24xlarge_use1-az4': 1, 'm5n.24xlarge_use1-az6': 1, 'm5n.2xlarge_use1-az1': 15, 'm5n.2xlarge_use1-az2': 25, 'm5n.2xlarge_use1-az4': 30, 'm5n.2xlarge_use1-az5': 5, 'm5n.2xlarge_use1-az6': 25, 'm5n.4xlarge_use1-az1': 25, 'm5n.4xlarge_use1-az2': 35, 'm5n.4xlarge_use1-az4': 50, 'm5n.4xlarge_use1-az5': 5, 'm5n.4xlarge_use1-az6': 10, 'm5n.8xlarge_use1-az1': 1, 'm5n.8xlarge_use1-az2': 1, 'm5n.8xlarge_use1-az4': 1, 'm5n.8xlarge_use1-az6': 5, 'm5n.large_use1-az1': 5, 'm5n.large_use1-az2': 15, 'm5n.large_use1-az4': 5, 'm5n.large_use1-az5': 5, 'm5n.large_use1-az6': 15, 'm5n.xlarge_use1-az1': 20, 'm5n.xlarge_use1-az2': 50, 'm5n.xlarge_use1-az4': 50, 'm5n.xlarge_use1-az5': 1, 'm5n.xlarge_use1-az6': 50, 'm5zn.12xlarge_use1-az2': 1, 'm5zn.12xlarge_use1-az4': 10, 'm5zn.12xlarge_use1-az5': 1, 'm5zn.12xlarge_use1-az6': 5, 'm5zn.2xlarge_use1-az1': 1, 'm5zn.2xlarge_use1-az2': 1, 'm5zn.2xlarge_use1-az4': 25, 'm5zn.2xlarge_use1-az5': 1, 'm5zn.2xlarge_use1-az6': 5, 'm5zn.3xlarge_use1-az1': 1, 'm5zn.3xlarge_use1-az2': 1, 'm5zn.3xlarge_use1-az4': 5, 'm5zn.3xlarge_use1-az6': 5, 'm5zn.6xlarge_use1-az4': 1, 'm5zn.6xlarge_use1-az6': 1, 'm5zn.large_use1-az1': 5, 'm5zn.large_use1-az2': 5, 'm5zn.large_use1-az4': 30, 'm5zn.large_use1-az5': 15, 'm5zn.large_use1-az6': 20, 'm5zn.xlarge_use1-az1': 1, 'm5zn.xlarge_use1-az2': 1, 'm5zn.xlarge_use1-az4': 20, 'm5zn.xlarge_use1-az5': 5, 'm5zn.xlarge_use1-az6': 5, 'm6a.12xlarge_use1-az1': 5, 'm6a.12xlarge_use1-az2': 5, 'm6a.12xlarge_use1-az4': 15, 'm6a.12xlarge_use1-az6': 10, 'm6a.16xlarge_use1-az1': 5, 'm6a.16xlarge_use1-az2': 5, 'm6a.16xlarge_use1-az4': 5, 'm6a.16xlarge_use1-az6': 5, 'm6a.24xlarge_use1-az1': 1, 'm6a.24xlarge_use1-az2': 1, 'm6a.24xlarge_use1-az4': 1, 'm6a.24xlarge_use1-az6': 1, 'm6a.2xlarge_use1-az1': 50, 'm6a.2xlarge_use1-az2': 35, 'm6a.2xlarge_use1-az4': 45, 'm6a.2xlarge_use1-az5': 15, 'm6a.2xlarge_use1-az6': 50, 'm6a.32xlarge_use1-az2': 1, 'm6a.32xlarge_use1-az4': 1, 'm6a.32xlarge_use1-az5': 1, 'm6a.32xlarge_use1-az6': 1, 'm6a.48xlarge_use1-az2': 1, 'm6a.48xlarge_use1-az4': 1, 'm6a.48xlarge_use1-az6': 1, 'm6a.4xlarge_use1-az1': 45, 'm6a.4xlarge_use1-az2': 40, 'm6a.4xlarge_use1-az4': 25, 'm6a.4xlarge_use1-az5': 5, 'm6a.4xlarge_use1-az6': 50, 'm6a.8xlarge_use1-az1': 25, 'm6a.8xlarge_use1-az2': 15, 'm6a.8xlarge_use1-az4': 50, 'm6a.8xlarge_use1-az5': 10, 'm6a.8xlarge_use1-az6': 50, 'm6a.large_use1-az1': 50, 'm6a.large_use1-az2': 50, 'm6a.large_use1-az4': 50, 'm6a.large_use1-az5': 30, 'm6a.large_use1-az6': 50, 'm6a.xlarge_use1-az1': 50, 'm6a.xlarge_use1-az2': 50, 'm6a.xlarge_use1-az4': 50, 'm6a.xlarge_use1-az5': 35, 'm6a.xlarge_use1-az6': 50, 'm6g.12xlarge_use1-az1': 1, 'm6g.12xlarge_use1-az2': 5, 'm6g.12xlarge_use1-az4': 50, 'm6g.12xlarge_use1-az6': 50, 'm6g.16xlarge_use1-az1': 1, 'm6g.16xlarge_use1-az2': 5, 'm6g.16xlarge_use1-az4': 25, 'm6g.16xlarge_use1-az6': 50, 'm6g.2xlarge_use1-az1': 15, 'm6g.2xlarge_use1-az2': 50, 'm6g.2xlarge_use1-az4': 50, 'm6g.2xlarge_use1-az5': 5, 'm6g.2xlarge_use1-az6': 50, 'm6g.4xlarge_use1-az1': 10, 'm6g.4xlarge_use1-az2': 50, 'm6g.4xlarge_use1-az4': 50, 'm6g.4xlarge_use1-az5': 10, 'm6g.4xlarge_use1-az6': 50, 'm6g.8xlarge_use1-az1': 5, 'm6g.8xlarge_use1-az2': 50, 'm6g.8xlarge_use1-az4': 50, 'm6g.8xlarge_use1-az6': 50, 'm6g.large_use1-az1': 1, 'm6g.large_use1-az2': 50, 'm6g.large_use1-az4': 50, 'm6g.large_use1-az5': 5, 'm6g.large_use1-az6': 50, 'm6g.medium_use1-az1': 5, 'm6g.medium_use1-az2': 5, 'm6g.medium_use1-az4': 10, 'm6g.medium_use1-az5': 1, 'm6g.medium_use1-az6': 15, 'm6g.xlarge_use1-az1': 50, 'm6g.xlarge_use1-az2': 50, 'm6g.xlarge_use1-az4': 50, 'm6g.xlarge_use1-az5': 50, 'm6g.xlarge_use1-az6': 50, 'm6gd.12xlarge_use1-az1': 10, 'm6gd.12xlarge_use1-az2': 40, 'm6gd.12xlarge_use1-az4': 20, 'm6gd.12xlarge_use1-az5': 5, 'm6gd.12xlarge_use1-az6': 50, 'm6gd.16xlarge_use1-az1': 5, 'm6gd.16xlarge_use1-az2': 10, 'm6gd.16xlarge_use1-az4': 10, 'm6gd.16xlarge_use1-az5': 10, 'm6gd.16xlarge_use1-az6': 35, 'm6gd.2xlarge_use1-az1': 1, 'm6gd.2xlarge_use1-az2': 50, 'm6gd.2xlarge_use1-az4': 45, 'm6gd.2xlarge_use1-az5': 1, 'm6gd.2xlarge_use1-az6': 5, 'm6gd.4xlarge_use1-az1': 1, 'm6gd.4xlarge_use1-az2': 5, 'm6gd.4xlarge_use1-az4': 5, 'm6gd.4xlarge_use1-az5': 1, 'm6gd.4xlarge_use1-az6': 15, 'm6gd.8xlarge_use1-az1': 5, 'm6gd.8xlarge_use1-az2': 10, 'm6gd.8xlarge_use1-az4': 15, 'm6gd.8xlarge_use1-az5': 1, 'm6gd.8xlarge_use1-az6': 20, 'm6gd.large_use1-az1': 1, 'm6gd.large_use1-az2': 5, 'm6gd.large_use1-az4': 5, 'm6gd.large_use1-az5': 1, 'm6gd.large_use1-az6': 15, 'm6gd.medium_use1-az1': 1, 'm6gd.medium_use1-az2': 1, 'm6gd.medium_use1-az4': 1, 'm6gd.medium_use1-az5': 5, 'm6gd.medium_use1-az6': 1, 'm6gd.xlarge_use1-az1': 1, 'm6gd.xlarge_use1-az2': 10, 'm6gd.xlarge_use1-az4': 35, 'm6gd.xlarge_use1-az5': 1, 'm6gd.xlarge_use1-az6': 15, 'm6i.12xlarge_use1-az1': 1, 'm6i.12xlarge_use1-az2': 10, 'm6i.12xlarge_use1-az4': 50, 'm6i.12xlarge_use1-az5': 1, 'm6i.12xlarge_use1-az6': 30, 'm6i.16xlarge_use1-az1': 1, 'm6i.16xlarge_use1-az2': 10, 'm6i.16xlarge_use1-az4': 5, 'm6i.16xlarge_use1-az5': 1, 'm6i.16xlarge_use1-az6': 10, 'm6i.24xlarge_use1-az2': 10, 'm6i.24xlarge_use1-az4': 5, 'm6i.24xlarge_use1-az5': 1, 'm6i.24xlarge_use1-az6': 50, 'm6i.2xlarge_use1-az1': 25, 'm6i.2xlarge_use1-az2': 50, 'm6i.2xlarge_use1-az4': 50, 'm6i.2xlarge_use1-az5': 25, 'm6i.2xlarge_use1-az6': 50, 'm6i.32xlarge_use1-az2': 1, 'm6i.32xlarge_use1-az4': 5, 'm6i.32xlarge_use1-az5': 1, 'm6i.32xlarge_use1-az6': 15, 'm6i.4xlarge_use1-az1': 15, 'm6i.4xlarge_use1-az2': 50, 'm6i.4xlarge_use1-az4': 50, 'm6i.4xlarge_use1-az5': 50, 'm6i.4xlarge_use1-az6': 50, 'm6i.8xlarge_use1-az1': 1, 'm6i.8xlarge_use1-az2': 50, 'm6i.8xlarge_use1-az4': 50, 'm6i.8xlarge_use1-az5': 20, 'm6i.8xlarge_use1-az6': 50, 'm6i.large_use1-az1': 25, 'm6i.large_use1-az2': 50, 'm6i.large_use1-az4': 50, 'm6i.large_use1-az5': 50, 'm6i.large_use1-az6': 50, 'm6i.xlarge_use1-az1': 45, 'm6i.xlarge_use1-az2': 50, 'm6i.xlarge_use1-az4': 50, 'm6i.xlarge_use1-az5': 25, 'm6i.xlarge_use1-az6': 50, 'm6id.12xlarge_use1-az1': 1, 'm6id.12xlarge_use1-az2': 1, 'm6id.12xlarge_use1-az4': 1, 'm6id.12xlarge_use1-az6': 1, 'm6id.16xlarge_use1-az1': 1, 'm6id.16xlarge_use1-az2': 1, 'm6id.16xlarge_use1-az4': 1, 'm6id.16xlarge_use1-az6': 1, 'm6id.24xlarge_use1-az1': 10, 'm6id.24xlarge_use1-az2': 15, 'm6id.24xlarge_use1-az4': 35, 'm6id.24xlarge_use1-az5': 5, 'm6id.24xlarge_use1-az6': 15, 'm6id.2xlarge_use1-az1': 5, 'm6id.2xlarge_use1-az2': 5, 'm6id.2xlarge_use1-az4': 5, 'm6id.2xlarge_use1-az5': 1, 'm6id.2xlarge_use1-az6': 5, 'm6id.32xlarge_use1-az1': 10, 'm6id.32xlarge_use1-az2': 15, 'm6id.32xlarge_use1-az4': 5, 'm6id.32xlarge_use1-az5': 1, 'm6id.32xlarge_use1-az6': 50, 'm6id.4xlarge_use1-az1': 15, 'm6id.4xlarge_use1-az2': 10, 'm6id.4xlarge_use1-az4': 5, 'm6id.4xlarge_use1-az5': 1, 'm6id.4xlarge_use1-az6': 10, 'm6id.8xlarge_use1-az1': 1, 'm6id.8xlarge_use1-az4': 5, 'm6id.8xlarge_use1-az5': 1, 'm6id.8xlarge_use1-az6': 1, 'm6id.large_use1-az1': 30, 'm6id.large_use1-az2': 35, 'm6id.large_use1-az4': 15, 'm6id.large_use1-az5': 5, 'm6id.large_use1-az6': 50, 'm6id.xlarge_use1-az1': 20, 'm6id.xlarge_use1-az2': 45, 'm6id.xlarge_use1-az4': 15, 'm6id.xlarge_use1-az5': 5, 'm6id.xlarge_use1-az6': 25, 'm6idn.12xlarge_use1-az2': 1, 'm6idn.16xlarge_use1-az4': 1, 'm6idn.24xlarge_use1-az1': 1, 'm6idn.24xlarge_use1-az2': 1, 'm6idn.24xlarge_use1-az4': 1, 'm6idn.2xlarge_use1-az1': 5, 'm6idn.2xlarge_use1-az2': 10, 'm6idn.2xlarge_use1-az4': 5, 'm6idn.2xlarge_use1-az5': 1, 'm6idn.2xlarge_use1-az6': 5, 'm6idn.32xlarge_use1-az2': 1, 'm6idn.4xlarge_use1-az1': 30, 'm6idn.4xlarge_use1-az2': 10, 'm6idn.4xlarge_use1-az4': 5, 'm6idn.4xlarge_use1-az5': 5, 'm6idn.4xlarge_use1-az6': 5, 'm6idn.large_use1-az1': 25, 'm6idn.large_use1-az2': 35, 'm6idn.large_use1-az4': 15, 'm6idn.large_use1-az5': 10, 'm6idn.large_use1-az6': 10, 'm6idn.xlarge_use1-az1': 15, 'm6idn.xlarge_use1-az2': 50, 'm6idn.xlarge_use1-az4': 20, 'm6idn.xlarge_use1-az5': 5, 'm6idn.xlarge_use1-az6': 10, 'm6in.12xlarge_use1-az4': 1, 'm6in.16xlarge_use1-az2': 1, 'm6in.16xlarge_use1-az4': 1, 'm6in.24xlarge_use1-az1': 1, 'm6in.24xlarge_use1-az2': 1, 'm6in.2xlarge_use1-az1': 10, 'm6in.2xlarge_use1-az2': 20, 'm6in.2xlarge_use1-az4': 10, 'm6in.2xlarge_use1-az5': 1, 'm6in.2xlarge_use1-az6': 5, 'm6in.4xlarge_use1-az1': 1, 'm6in.4xlarge_use1-az2': 1, 'm6in.4xlarge_use1-az5': 1, 'm6in.8xlarge_use1-az1': 1, 'm6in.8xlarge_use1-az2': 1, 'm6in.8xlarge_use1-az4': 1, 'm6in.large_use1-az1': 5, 'm6in.large_use1-az2': 10, 'm6in.large_use1-az4': 5, 'm6in.large_use1-az5': 1, 'm6in.large_use1-az6': 1, 'm6in.xlarge_use1-az1': 5, 'm6in.xlarge_use1-az2': 10, 'm6in.xlarge_use1-az4': 1, 'm7a.12xlarge_use1-az2': 1, 'm7a.12xlarge_use1-az6': 20, 'm7a.16xlarge_use1-az2': 1, 'm7a.16xlarge_use1-az6': 40, 'm7a.24xlarge_use1-az2': 1, 'm7a.24xlarge_use1-az6': 50, 'm7a.2xlarge_use1-az1': 5, 'm7a.2xlarge_use1-az2': 15, 'm7a.2xlarge_use1-az4': 10, 'm7a.2xlarge_use1-az6': 50, 'm7a.32xlarge_use1-az6': 20, 'm7a.48xlarge_use1-az6': 40, 'm7a.4xlarge_use1-az1': 10, 'm7a.4xlarge_use1-az2': 5, 'm7a.4xlarge_use1-az4': 10, 'm7a.4xlarge_use1-az6': 25, 'm7a.8xlarge_use1-az1': 1, 'm7a.8xlarge_use1-az2': 5, 'm7a.8xlarge_use1-az4': 1, 'm7a.8xlarge_use1-az6': 50, 'm7a.large_use1-az1': 15, 'm7a.large_use1-az2': 50, 'm7a.large_use1-az4': 50, 'm7a.large_use1-az5': 5, 'm7a.large_use1-az6': 50, 'm7a.medium_use1-az1': 10, 'm7a.medium_use1-az2': 50, 'm7a.medium_use1-az4': 50, 'm7a.medium_use1-az6': 50, 'm7a.xlarge_use1-az1': 5, 'm7a.xlarge_use1-az2': 40, 'm7a.xlarge_use1-az4': 50, 'm7a.xlarge_use1-az6': 50, 'm7g.12xlarge_use1-az1': 1, 'm7g.12xlarge_use1-az2': 10, 'm7g.12xlarge_use1-az4': 45, 'm7g.12xlarge_use1-az5': 1, 'm7g.12xlarge_use1-az6': 50, 'm7g.16xlarge_use1-az1': 1, 'm7g.16xlarge_use1-az2': 30, 'm7g.16xlarge_use1-az4': 35, 'm7g.16xlarge_use1-az5': 1, 'm7g.16xlarge_use1-az6': 50, 'm7g.2xlarge_use1-az1': 35, 'm7g.2xlarge_use1-az2': 50, 'm7g.2xlarge_use1-az4': 50, 'm7g.2xlarge_use1-az5': 15, 'm7g.2xlarge_use1-az6': 50, 'm7g.4xlarge_use1-az1': 10, 'm7g.4xlarge_use1-az2': 30, 'm7g.4xlarge_use1-az4': 50, 'm7g.4xlarge_use1-az5': 10, 'm7g.4xlarge_use1-az6': 50, 'm7g.8xlarge_use1-az1': 1, 'm7g.8xlarge_use1-az2': 15, 'm7g.8xlarge_use1-az4': 40, 'm7g.8xlarge_use1-az5': 1, 'm7g.8xlarge_use1-az6': 50, 'm7g.large_use1-az1': 10, 'm7g.large_use1-az2': 50, 'm7g.large_use1-az4': 50, 'm7g.large_use1-az5': 30, 'm7g.large_use1-az6': 50, 'm7g.medium_use1-az1': 30, 'm7g.medium_use1-az2': 40, 'm7g.medium_use1-az4': 50, 'm7g.medium_use1-az5': 35, 'm7g.medium_use1-az6': 50, 'm7g.metal_use1-az1': 1, 'm7g.metal_use1-az2': 25, 'm7g.metal_use1-az4': 10, 'm7g.metal_use1-az5': 1, 'm7g.metal_use1-az6': 50, 'm7g.xlarge_use1-az1': 50, 'm7g.xlarge_use1-az2': 50, 'm7g.xlarge_use1-az4': 50, 'm7g.xlarge_use1-az5': 50, 'm7g.xlarge_use1-az6': 50, 'm7gd.12xlarge_use1-az1': 5, 'm7gd.12xlarge_use1-az2': 10, 'm7gd.12xlarge_use1-az4': 1, 'm7gd.12xlarge_use1-az6': 35, 'm7gd.16xlarge_use1-az1': 1, 'm7gd.16xlarge_use1-az2': 30, 'm7gd.16xlarge_use1-az4': 1, 'm7gd.16xlarge_use1-az6': 40, 'm7gd.2xlarge_use1-az1': 15, 'm7gd.2xlarge_use1-az2': 50, 'm7gd.2xlarge_use1-az4': 15, 'm7gd.2xlarge_use1-az6': 25, 'm7gd.4xlarge_use1-az1': 5, 'm7gd.4xlarge_use1-az2': 10, 'm7gd.4xlarge_use1-az4': 1, 'm7gd.4xlarge_use1-az6': 40, 'm7gd.8xlarge_use1-az1': 10, 'm7gd.8xlarge_use1-az2': 50, 'm7gd.8xlarge_use1-az4': 30, 'm7gd.8xlarge_use1-az5': 45, 'm7gd.8xlarge_use1-az6': 50, 'm7gd.large_use1-az1': 5, 'm7gd.large_use1-az2': 50, 'm7gd.large_use1-az4': 5, 'm7gd.large_use1-az6': 50, 'm7gd.medium_use1-az1': 15, 'm7gd.medium_use1-az2': 20, 'm7gd.medium_use1-az4': 15, 'm7gd.medium_use1-az5': 20, 'm7gd.medium_use1-az6': 25, 'm7gd.metal_use1-az1': 5, 'm7gd.metal_use1-az2': 15, 'm7gd.metal_use1-az4': 1, 'm7gd.metal_use1-az6': 15, 'm7gd.xlarge_use1-az1': 5, 'm7gd.xlarge_use1-az2': 10, 'm7gd.xlarge_use1-az4': 10, 'm7gd.xlarge_use1-az5': 1, 'm7gd.xlarge_use1-az6': 25, 'm7i-flex.2xlarge_use1-az1': 50, 'm7i-flex.2xlarge_use1-az2': 50, 'm7i-flex.2xlarge_use1-az4': 15, 'm7i-flex.2xlarge_use1-az5': 10, 'm7i-flex.2xlarge_use1-az6': 50, 'm7i-flex.4xlarge_use1-az2': 5, 'm7i-flex.4xlarge_use1-az4': 5, 'm7i-flex.4xlarge_use1-az6': 25, 'm7i-flex.8xlarge_use1-az1': 1, 'm7i-flex.8xlarge_use1-az2': 5, 'm7i-flex.8xlarge_use1-az4': 5, 'm7i-flex.8xlarge_use1-az5': 1, 'm7i-flex.8xlarge_use1-az6': 10, 'm7i-flex.large_use1-az1': 20, 'm7i-flex.large_use1-az2': 50, 'm7i-flex.large_use1-az4': 25, 'm7i-flex.large_use1-az5': 25, 'm7i-flex.large_use1-az6': 50, 'm7i-flex.xlarge_use1-az1': 50, 'm7i-flex.xlarge_use1-az2': 50, 'm7i-flex.xlarge_use1-az4': 50, 'm7i-flex.xlarge_use1-az5': 15, 'm7i-flex.xlarge_use1-az6': 50, 'm7i.12xlarge_use1-az1': 1, 'm7i.12xlarge_use1-az2': 5, 'm7i.12xlarge_use1-az4': 15, 'm7i.12xlarge_use1-az6': 50, 'm7i.16xlarge_use1-az1': 5, 'm7i.16xlarge_use1-az2': 10, 'm7i.16xlarge_use1-az4': 10, 'm7i.16xlarge_use1-az6': 50, 'm7i.24xlarge_use1-az2': 5, 'm7i.24xlarge_use1-az4': 5, 'm7i.24xlarge_use1-az6': 50, 'm7i.2xlarge_use1-az1': 1, 'm7i.2xlarge_use1-az2': 50, 'm7i.2xlarge_use1-az4': 50, 'm7i.2xlarge_use1-az6': 50, 'm7i.48xlarge_use1-az1': 1, 'm7i.48xlarge_use1-az2': 5, 'm7i.48xlarge_use1-az4': 20, 'm7i.48xlarge_use1-az6': 50, 'm7i.4xlarge_use1-az1': 1, 'm7i.4xlarge_use1-az2': 25, 'm7i.4xlarge_use1-az4': 10, 'm7i.4xlarge_use1-az6': 50, 'm7i.8xlarge_use1-az1': 40, 'm7i.8xlarge_use1-az2': 20, 'm7i.8xlarge_use1-az4': 50, 'm7i.8xlarge_use1-az6': 50, 'm7i.large_use1-az1': 50, 'm7i.large_use1-az2': 50, 'm7i.large_use1-az4': 50, 'm7i.large_use1-az5': 1, 'm7i.large_use1-az6': 50, 'm7i.xlarge_use1-az1': 30, 'm7i.xlarge_use1-az2': 35, 'm7i.xlarge_use1-az4': 50, 'm7i.xlarge_use1-az6': 50, 'm8g.12xlarge_use1-az2': 10, 'm8g.12xlarge_use1-az4': 10, 'm8g.12xlarge_use1-az5': 1, 'm8g.12xlarge_use1-az6': 35, 'm8g.16xlarge_use1-az2': 5, 'm8g.16xlarge_use1-az4': 5, 'm8g.16xlarge_use1-az5': 5, 'm8g.16xlarge_use1-az6': 45, 'm8g.24xlarge_use1-az2': 5, 'm8g.24xlarge_use1-az4': 1, 'm8g.24xlarge_use1-az5': 1, 'm8g.24xlarge_use1-az6': 25, 'm8g.2xlarge_use1-az4': 10, 'm8g.2xlarge_use1-az5': 10, 'm8g.48xlarge_use1-az2': 5, 'm8g.48xlarge_use1-az4': 5, 'm8g.48xlarge_use1-az6': 20, 'm8g.4xlarge_use1-az2': 5, 'm8g.4xlarge_use1-az4': 5, 'm8g.4xlarge_use1-az5': 1, 'm8g.4xlarge_use1-az6': 40, 'm8g.8xlarge_use1-az2': 10, 'm8g.8xlarge_use1-az4': 20, 'm8g.8xlarge_use1-az5': 1, 'm8g.8xlarge_use1-az6': 40, 'm8g.large_use1-az1': 1, 'm8g.large_use1-az2': 20, 'm8g.large_use1-az6': 45, 'm8g.medium_use1-az1': 1, 'm8g.medium_use1-az2': 15, 'm8g.metal-48xl_use1-az2': 5, 'm8g.metal-48xl_use1-az6': 25, 'm8g.xlarge_use1-az1': 1, 'm8g.xlarge_use1-az5': 15, 'm8g.xlarge_use1-az6': 50, 'm8gd.16xlarge_use1-az5': 1, 'm8gd.4xlarge_use1-az2': 5, 'm8gd.4xlarge_use1-az4': 1, 'm8gd.4xlarge_use1-az6': 1, 'm8gd.8xlarge_use1-az5': 1, 'm8gd.8xlarge_use1-az6': 5, 'm8gd.large_use1-az1': 20, 'm8gd.large_use1-az2': 15, 'm8gd.large_use1-az5': 1, 'm8gd.large_use1-az6': 1, 'm8gd.medium_use1-az6': 1, 'm8gd.metal-24xl_use1-az2': 1, 'm8gd.xlarge_use1-az1': 1, 'm8gd.xlarge_use1-az5': 1, 'm8i-flex.16xlarge_use1-az6': 5, 'm8i-flex.2xlarge_use1-az2': 10, 'm8i-flex.2xlarge_use1-az4': 1, 'm8i-flex.2xlarge_use1-az6': 50, 'm8i-flex.4xlarge_use1-az2': 1, 'm8i-flex.4xlarge_use1-az4': 1, 'm8i-flex.4xlarge_use1-az6': 5, 'm8i-flex.8xlarge_use1-az6': 1, 'm8i-flex.large_use1-az2': 5, 'm8i-flex.xlarge_use1-az2': 10, 'm8i-flex.xlarge_use1-az4': 25, 'm8i-flex.xlarge_use1-az6': 50, 'm8i.12xlarge_use1-az6': 1, 'm8i.16xlarge_use1-az4': 1, 'm8i.16xlarge_use1-az6': 1, 'm8i.24xlarge_use1-az6': 1, 'm8i.2xlarge_use1-az2': 10, 'm8i.2xlarge_use1-az4': 1, 'm8i.2xlarge_use1-az6': 10, 'm8i.32xlarge_use1-az2': 1, 'm8i.32xlarge_use1-az6': 5, 'm8i.48xlarge_use1-az2': 1, 'm8i.48xlarge_use1-az6': 5, 'm8i.4xlarge_use1-az2': 5, 'm8i.4xlarge_use1-az4': 1, 'm8i.4xlarge_use1-az6': 5, 'm8i.8xlarge_use1-az2': 1, 'm8i.8xlarge_use1-az4': 1, 'm8i.8xlarge_use1-az6': 20, 'm8i.96xlarge_use1-az6': 1, 'm8i.large_use1-az4': 25, 'm8i.metal-48xl_use1-az6': 1, 'm8i.metal-96xl_use1-az6': 1, 'm8i.xlarge_use1-az2': 30, 'm8i.xlarge_use1-az4': 10, 'p3.2xlarge_use1-az1': 50, 'p3.2xlarge_use1-az2': 50, 'p3.2xlarge_use1-az5': 50, 'p3.2xlarge_use1-az6': 50, 'p3dn.24xlarge_use1-az6': 50, 'r3.2xlarge_use1-az2': 1, 'r3.2xlarge_use1-az4': 1, 'r3.2xlarge_use1-az6': 1, 'r3.4xlarge_use1-az4': 1, 'r3.4xlarge_use1-az6': 1, 'r3.8xlarge_use1-az2': 1, 'r3.8xlarge_use1-az4': 1, 'r3.8xlarge_use1-az6': 5, 'r3.large_use1-az2': 50, 'r3.large_use1-az4': 50, 'r3.large_use1-az6': 50, 'r3.xlarge_use1-az2': 40, 'r3.xlarge_use1-az4': 50, 'r3.xlarge_use1-az6': 50, 'r4.16xlarge_use1-az1': 10, 'r4.16xlarge_use1-az2': 10, 'r4.16xlarge_use1-az3': 50, 'r4.16xlarge_use1-az4': 35, 'r4.16xlarge_use1-az5': 15, 'r4.16xlarge_use1-az6': 10, 'r4.2xlarge_use1-az1': 20, 'r4.2xlarge_use1-az2': 50, 'r4.2xlarge_use1-az3': 50, 'r4.2xlarge_use1-az4': 50, 'r4.2xlarge_use1-az5': 5, 'r4.2xlarge_use1-az6': 50, 'r4.4xlarge_use1-az1': 20, 'r4.4xlarge_use1-az2': 50, 'r4.4xlarge_use1-az3': 40, 'r4.4xlarge_use1-az4': 15, 'r4.4xlarge_use1-az5': 5, 'r4.4xlarge_use1-az6': 50, 'r4.8xlarge_use1-az1': 50, 'r4.8xlarge_use1-az2': 50, 'r4.8xlarge_use1-az3': 25, 'r4.8xlarge_use1-az4': 50, 'r4.8xlarge_use1-az5': 5, 'r4.8xlarge_use1-az6': 50, 'r4.large_use1-az1': 35, 'r4.large_use1-az2': 50, 'r4.large_use1-az3': 10, 'r4.large_use1-az4': 50, 'r4.large_use1-az5': 20, 'r4.large_use1-az6': 50, 'r4.xlarge_use1-az1': 50, 'r4.xlarge_use1-az2': 50, 'r4.xlarge_use1-az3': 50, 'r4.xlarge_use1-az4': 50, 'r4.xlarge_use1-az5': 30, 'r4.xlarge_use1-az6': 50, 'r5.12xlarge_use1-az1': 5, 'r5.12xlarge_use1-az2': 5, 'r5.12xlarge_use1-az4': 50, 'r5.12xlarge_use1-az5': 5, 'r5.12xlarge_use1-az6': 5, 'r5.16xlarge_use1-az1': 5, 'r5.16xlarge_use1-az4': 35, 'r5.16xlarge_use1-az5': 30, 'r5.16xlarge_use1-az6': 5, 'r5.24xlarge_use1-az4': 15, 'r5.24xlarge_use1-az5': 5, 'r5.24xlarge_use1-az6': 5, 'r5.2xlarge_use1-az1': 50, 'r5.2xlarge_use1-az2': 50, 'r5.2xlarge_use1-az4': 50, 'r5.2xlarge_use1-az5': 5, 'r5.2xlarge_use1-az6': 50, 'r5.4xlarge_use1-az1': 50, 'r5.4xlarge_use1-az2': 50, 'r5.4xlarge_use1-az4': 50, 'r5.4xlarge_use1-az5': 5, 'r5.4xlarge_use1-az6': 50, 'r5.8xlarge_use1-az1': 50, 'r5.8xlarge_use1-az2': 50, 'r5.8xlarge_use1-az4': 50, 'r5.8xlarge_use1-az5': 5, 'r5.8xlarge_use1-az6': 5, 'r5.large_use1-az1': 50, 'r5.large_use1-az2': 50, 'r5.large_use1-az4': 50, 'r5.large_use1-az5': 50, 'r5.large_use1-az6': 50, 'r5.xlarge_use1-az1': 50, 'r5.xlarge_use1-az2': 50, 'r5.xlarge_use1-az4': 50, 'r5.xlarge_use1-az5': 50, 'r5.xlarge_use1-az6': 50, 'r5a.12xlarge_use1-az1': 1, 'r5a.12xlarge_use1-az2': 1, 'r5a.12xlarge_use1-az4': 5, 'r5a.12xlarge_use1-az6': 5, 'r5a.16xlarge_use1-az1': 10, 'r5a.16xlarge_use1-az2': 10, 'r5a.16xlarge_use1-az4': 10, 'r5a.16xlarge_use1-az5': 5, 'r5a.16xlarge_use1-az6': 5, 'r5a.24xlarge_use1-az1': 5, 'r5a.24xlarge_use1-az2': 15, 'r5a.24xlarge_use1-az4': 10, 'r5a.24xlarge_use1-az5': 1, 'r5a.24xlarge_use1-az6': 10, 'r5a.2xlarge_use1-az1': 10, 'r5a.2xlarge_use1-az2': 20, 'r5a.2xlarge_use1-az4': 35, 'r5a.2xlarge_use1-az5': 5, 'r5a.2xlarge_use1-az6': 30, 'r5a.4xlarge_use1-az1': 25, 'r5a.4xlarge_use1-az2': 50, 'r5a.4xlarge_use1-az4': 50, 'r5a.4xlarge_use1-az5': 5, 'r5a.4xlarge_use1-az6': 50, 'r5a.8xlarge_use1-az1': 25, 'r5a.8xlarge_use1-az2': 10, 'r5a.8xlarge_use1-az4': 15, 'r5a.8xlarge_use1-az5': 30, 'r5a.8xlarge_use1-az6': 20, 'r5a.large_use1-az1': 50, 'r5a.large_use1-az2': 50, 'r5a.large_use1-az4': 50, 'r5a.large_use1-az5': 25, 'r5a.large_use1-az6': 50, 'r5a.xlarge_use1-az1': 20, 'r5a.xlarge_use1-az2': 50, 'r5a.xlarge_use1-az4': 50, 'r5a.xlarge_use1-az5': 5, 'r5a.xlarge_use1-az6': 50, 'r5ad.12xlarge_use1-az2': 1, 'r5ad.16xlarge_use1-az2': 50, 'r5ad.16xlarge_use1-az4': 10, 'r5ad.16xlarge_use1-az5': 1, 'r5ad.16xlarge_use1-az6': 10, 'r5ad.24xlarge_use1-az2': 25, 'r5ad.24xlarge_use1-az4': 1, 'r5ad.24xlarge_use1-az6': 10, 'r5ad.2xlarge_use1-az1': 1, 'r5ad.2xlarge_use1-az2': 1, 'r5ad.2xlarge_use1-az4': 1, 'r5ad.2xlarge_use1-az5': 1, 'r5ad.2xlarge_use1-az6': 1, 'r5ad.4xlarge_use1-az1': 1, 'r5ad.4xlarge_use1-az2': 10, 'r5ad.4xlarge_use1-az4': 5, 'r5ad.4xlarge_use1-az5': 1, 'r5ad.4xlarge_use1-az6': 1, 'r5ad.8xlarge_use1-az2': 5, 'r5ad.8xlarge_use1-az4': 20, 'r5ad.8xlarge_use1-az5': 1, 'r5ad.8xlarge_use1-az6': 10, 'r5ad.large_use1-az1': 1, 'r5ad.large_use1-az2': 30, 'r5ad.large_use1-az4': 10, 'r5ad.large_use1-az5': 5, 'r5ad.large_use1-az6': 10, 'r5ad.xlarge_use1-az1': 1, 'r5ad.xlarge_use1-az2': 10, 'r5ad.xlarge_use1-az4': 10, 'r5ad.xlarge_use1-az5': 1, 'r5ad.xlarge_use1-az6': 5, 'r5b.12xlarge_use1-az1': 5, 'r5b.12xlarge_use1-az4': 5, 'r5b.12xlarge_use1-az6': 1, 'r5b.16xlarge_use1-az1': 5, 'r5b.16xlarge_use1-az2': 5, 'r5b.16xlarge_use1-az4': 5, 'r5b.16xlarge_use1-az6': 5, 'r5b.24xlarge_use1-az1': 1, 'r5b.24xlarge_use1-az4': 5, 'r5b.24xlarge_use1-az6': 1, 'r5b.2xlarge_use1-az1': 1, 'r5b.2xlarge_use1-az2': 1, 'r5b.2xlarge_use1-az4': 1, 'r5b.2xlarge_use1-az6': 1, 'r5b.4xlarge_use1-az1': 5, 'r5b.4xlarge_use1-az2': 5, 'r5b.4xlarge_use1-az4': 5, 'r5b.4xlarge_use1-az6': 5, 'r5b.8xlarge_use1-az1': 5, 'r5b.8xlarge_use1-az2': 1, 'r5b.8xlarge_use1-az4': 1, 'r5b.8xlarge_use1-az6': 1, 'r5b.large_use1-az1': 1, 'r5b.large_use1-az2': 5, 'r5b.large_use1-az4': 10, 'r5b.large_use1-az6': 5, 'r5b.xlarge_use1-az1': 1, 'r5b.xlarge_use1-az2': 1, 'r5b.xlarge_use1-az4': 5, 'r5b.xlarge_use1-az6': 1, 'r5d.12xlarge_use1-az1': 1, 'r5d.12xlarge_use1-az2': 5, 'r5d.12xlarge_use1-az4': 10, 'r5d.12xlarge_use1-az6': 1, 'r5d.16xlarge_use1-az1': 5, 'r5d.16xlarge_use1-az2': 50, 'r5d.16xlarge_use1-az4': 50, 'r5d.16xlarge_use1-az5': 10, 'r5d.16xlarge_use1-az6': 50, 'r5d.24xlarge_use1-az1': 1, 'r5d.24xlarge_use1-az2': 1, 'r5d.24xlarge_use1-az4': 10, 'r5d.24xlarge_use1-az5': 1, 'r5d.24xlarge_use1-az6': 10, 'r5d.2xlarge_use1-az1': 5, 'r5d.2xlarge_use1-az2': 15, 'r5d.2xlarge_use1-az4': 15, 'r5d.2xlarge_use1-az5': 1, 'r5d.2xlarge_use1-az6': 15, 'r5d.4xlarge_use1-az1': 5, 'r5d.4xlarge_use1-az2': 20, 'r5d.4xlarge_use1-az4': 45, 'r5d.4xlarge_use1-az5': 5, 'r5d.4xlarge_use1-az6': 25, 'r5d.8xlarge_use1-az1': 5, 'r5d.8xlarge_use1-az2': 15, 'r5d.8xlarge_use1-az4': 15, 'r5d.8xlarge_use1-az5': 5, 'r5d.8xlarge_use1-az6': 50, 'r5d.large_use1-az1': 10, 'r5d.large_use1-az2': 50, 'r5d.large_use1-az4': 50, 'r5d.large_use1-az5': 5, 'r5d.large_use1-az6': 50, 'r5d.xlarge_use1-az1': 1, 'r5d.xlarge_use1-az2': 15, 'r5d.xlarge_use1-az4': 15, 'r5d.xlarge_use1-az5': 1, 'r5d.xlarge_use1-az6': 10, 'r5dn.12xlarge_use1-az1': 1, 'r5dn.12xlarge_use1-az2': 1, 'r5dn.12xlarge_use1-az4': 1, 'r5dn.12xlarge_use1-az5': 1, 'r5dn.12xlarge_use1-az6': 1, 'r5dn.16xlarge_use1-az1': 5, 'r5dn.16xlarge_use1-az2': 5, 'r5dn.16xlarge_use1-az4': 15, 'r5dn.16xlarge_use1-az5': 10, 'r5dn.16xlarge_use1-az6': 30, 'r5dn.24xlarge_use1-az2': 5, 'r5dn.24xlarge_use1-az4': 10, 'r5dn.24xlarge_use1-az5': 1, 'r5dn.24xlarge_use1-az6': 25, 'r5dn.2xlarge_use1-az1': 50, 'r5dn.2xlarge_use1-az2': 45, 'r5dn.2xlarge_use1-az4': 30, 'r5dn.2xlarge_use1-az5': 50, 'r5dn.2xlarge_use1-az6': 5, 'r5dn.4xlarge_use1-az1': 5, 'r5dn.4xlarge_use1-az2': 25, 'r5dn.4xlarge_use1-az4': 45, 'r5dn.4xlarge_use1-az5': 5, 'r5dn.4xlarge_use1-az6': 20, 'r5dn.8xlarge_use1-az1': 1, 'r5dn.8xlarge_use1-az2': 5, 'r5dn.8xlarge_use1-az4': 5, 'r5dn.8xlarge_use1-az5': 5, 'r5dn.8xlarge_use1-az6': 50, 'r5dn.large_use1-az1': 50, 'r5dn.large_use1-az2': 50, 'r5dn.large_use1-az4': 50, 'r5dn.large_use1-az5': 50, 'r5dn.large_use1-az6': 50, 'r5dn.xlarge_use1-az1': 5, 'r5dn.xlarge_use1-az2': 15, 'r5dn.xlarge_use1-az4': 15, 'r5dn.xlarge_use1-az5': 15, 'r5dn.xlarge_use1-az6': 15, 'r5n.12xlarge_use1-az2': 1, 'r5n.12xlarge_use1-az4': 1, 'r5n.12xlarge_use1-az6': 1, 'r5n.16xlarge_use1-az1': 1, 'r5n.16xlarge_use1-az2': 10, 'r5n.16xlarge_use1-az4': 35, 'r5n.16xlarge_use1-az5': 1, 'r5n.16xlarge_use1-az6': 20, 'r5n.2xlarge_use1-az1': 5, 'r5n.2xlarge_use1-az2': 5, 'r5n.2xlarge_use1-az4': 15, 'r5n.2xlarge_use1-az5': 1, 'r5n.2xlarge_use1-az6': 1, 'r5n.4xlarge_use1-az1': 5, 'r5n.4xlarge_use1-az2': 25, 'r5n.4xlarge_use1-az4': 15, 'r5n.4xlarge_use1-az5': 5, 'r5n.4xlarge_use1-az6': 35, 'r5n.8xlarge_use1-az1': 10, 'r5n.8xlarge_use1-az2': 20, 'r5n.8xlarge_use1-az4': 35, 'r5n.8xlarge_use1-az6': 15, 'r5n.large_use1-az1': 20, 'r5n.large_use1-az2': 50, 'r5n.large_use1-az4': 50, 'r5n.large_use1-az5': 10, 'r5n.large_use1-az6': 30, 'r5n.xlarge_use1-az1': 1, 'r5n.xlarge_use1-az2': 10, 'r5n.xlarge_use1-az4': 15, 'r5n.xlarge_use1-az5': 1, 'r5n.xlarge_use1-az6': 20, 'r6a.12xlarge_use1-az1': 1, 'r6a.12xlarge_use1-az2': 10, 'r6a.12xlarge_use1-az4': 5, 'r6a.12xlarge_use1-az6': 10, 'r6a.16xlarge_use1-az1': 5, 'r6a.16xlarge_use1-az2': 15, 'r6a.16xlarge_use1-az4': 30, 'r6a.16xlarge_use1-az5': 15, 'r6a.16xlarge_use1-az6': 40, 'r6a.24xlarge_use1-az2': 5, 'r6a.24xlarge_use1-az4': 1, 'r6a.24xlarge_use1-az5': 1, 'r6a.24xlarge_use1-az6': 5, 'r6a.2xlarge_use1-az1': 50, 'r6a.2xlarge_use1-az2': 50, 'r6a.2xlarge_use1-az4': 40, 'r6a.2xlarge_use1-az5': 1, 'r6a.2xlarge_use1-az6': 50, 'r6a.32xlarge_use1-az2': 5, 'r6a.32xlarge_use1-az4': 5, 'r6a.32xlarge_use1-az5': 5, 'r6a.32xlarge_use1-az6': 5, 'r6a.48xlarge_use1-az2': 5, 'r6a.48xlarge_use1-az4': 5, 'r6a.48xlarge_use1-az5': 5, 'r6a.48xlarge_use1-az6': 1, 'r6a.4xlarge_use1-az1': 50, 'r6a.4xlarge_use1-az2': 50, 'r6a.4xlarge_use1-az4': 50, 'r6a.4xlarge_use1-az5': 40, 'r6a.4xlarge_use1-az6': 50, 'r6a.8xlarge_use1-az1': 20, 'r6a.8xlarge_use1-az2': 50, 'r6a.8xlarge_use1-az4': 50, 'r6a.8xlarge_use1-az5': 50, 'r6a.8xlarge_use1-az6': 50, 'r6a.large_use1-az1': 50, 'r6a.large_use1-az2': 50, 'r6a.large_use1-az4': 50, 'r6a.large_use1-az5': 50, 'r6a.large_use1-az6': 50, 'r6a.xlarge_use1-az1': 50, 'r6a.xlarge_use1-az2': 50, 'r6a.xlarge_use1-az4': 50, 'r6a.xlarge_use1-az5': 50, 'r6a.xlarge_use1-az6': 50, 'r6g.12xlarge_use1-az2': 50, 'r6g.12xlarge_use1-az4': 45, 'r6g.12xlarge_use1-az5': 10, 'r6g.12xlarge_use1-az6': 50, 'r6g.16xlarge_use1-az1': 1, 'r6g.16xlarge_use1-az2': 50, 'r6g.16xlarge_use1-az4': 50, 'r6g.16xlarge_use1-az5': 50, 'r6g.16xlarge_use1-az6': 50, 'r6g.2xlarge_use1-az1': 1, 'r6g.2xlarge_use1-az2': 25, 'r6g.2xlarge_use1-az4': 40, 'r6g.2xlarge_use1-az5': 10, 'r6g.2xlarge_use1-az6': 50, 'r6g.4xlarge_use1-az1': 10, 'r6g.4xlarge_use1-az2': 50, 'r6g.4xlarge_use1-az4': 50, 'r6g.4xlarge_use1-az5': 50, 'r6g.4xlarge_use1-az6': 50, 'r6g.8xlarge_use1-az1': 1, 'r6g.8xlarge_use1-az2': 10, 'r6g.8xlarge_use1-az4': 50, 'r6g.8xlarge_use1-az5': 50, 'r6g.8xlarge_use1-az6': 50, 'r6g.large_use1-az1': 10, 'r6g.large_use1-az2': 40, 'r6g.large_use1-az4': 50, 'r6g.large_use1-az5': 5, 'r6g.large_use1-az6': 50, 'r6g.medium_use1-az1': 1, 'r6g.medium_use1-az2': 10, 'r6g.medium_use1-az4': 15, 'r6g.medium_use1-az5': 15, 'r6g.medium_use1-az6': 35, 'r6g.xlarge_use1-az1': 1, 'r6g.xlarge_use1-az2': 50, 'r6g.xlarge_use1-az4': 50, 'r6g.xlarge_use1-az5': 50, 'r6g.xlarge_use1-az6': 50, 'r6gd.12xlarge_use1-az1': 1, 'r6gd.12xlarge_use1-az2': 5, 'r6gd.12xlarge_use1-az4': 10, 'r6gd.12xlarge_use1-az5': 1, 'r6gd.12xlarge_use1-az6': 10, 'r6gd.16xlarge_use1-az1': 5, 'r6gd.16xlarge_use1-az2': 5, 'r6gd.16xlarge_use1-az4': 50, 'r6gd.16xlarge_use1-az5': 1, 'r6gd.16xlarge_use1-az6': 45, 'r6gd.2xlarge_use1-az1': 1, 'r6gd.2xlarge_use1-az2': 20, 'r6gd.2xlarge_use1-az4': 30, 'r6gd.2xlarge_use1-az5': 1, 'r6gd.2xlarge_use1-az6': 1, 'r6gd.4xlarge_use1-az1': 5, 'r6gd.4xlarge_use1-az2': 20, 'r6gd.4xlarge_use1-az4': 50, 'r6gd.4xlarge_use1-az5': 1, 'r6gd.4xlarge_use1-az6': 25, 'r6gd.8xlarge_use1-az1': 1, 'r6gd.8xlarge_use1-az2': 10, 'r6gd.8xlarge_use1-az4': 20, 'r6gd.8xlarge_use1-az5': 1, 'r6gd.8xlarge_use1-az6': 30, 'r6gd.large_use1-az1': 50, 'r6gd.large_use1-az2': 50, 'r6gd.large_use1-az4': 50, 'r6gd.large_use1-az5': 50, 'r6gd.large_use1-az6': 50, 'r6gd.medium_use1-az1': 5, 'r6gd.medium_use1-az2': 1, 'r6gd.medium_use1-az4': 5, 'r6gd.medium_use1-az5': 5, 'r6gd.medium_use1-az6': 1, 'r6gd.xlarge_use1-az1': 1, 'r6gd.xlarge_use1-az2': 1, 'r6gd.xlarge_use1-az4': 5, 'r6gd.xlarge_use1-az6': 10, 'r6i.12xlarge_use1-az1': 5, 'r6i.12xlarge_use1-az2': 5, 'r6i.12xlarge_use1-az4': 5, 'r6i.12xlarge_use1-az5': 1, 'r6i.12xlarge_use1-az6': 10, 'r6i.16xlarge_use1-az1': 1, 'r6i.16xlarge_use1-az2': 1, 'r6i.16xlarge_use1-az4': 10, 'r6i.16xlarge_use1-az5': 10, 'r6i.16xlarge_use1-az6': 1, 'r6i.24xlarge_use1-az4': 10, 'r6i.24xlarge_use1-az5': 1, 'r6i.24xlarge_use1-az6': 5, 'r6i.2xlarge_use1-az1': 15, 'r6i.2xlarge_use1-az2': 35, 'r6i.2xlarge_use1-az4': 50, 'r6i.2xlarge_use1-az5': 5, 'r6i.2xlarge_use1-az6': 50, 'r6i.32xlarge_use1-az4': 1, 'r6i.32xlarge_use1-az5': 1, 'r6i.32xlarge_use1-az6': 1, 'r6i.4xlarge_use1-az1': 30, 'r6i.4xlarge_use1-az2': 20, 'r6i.4xlarge_use1-az4': 20, 'r6i.4xlarge_use1-az5': 10, 'r6i.4xlarge_use1-az6': 40, 'r6i.8xlarge_use1-az1': 5, 'r6i.8xlarge_use1-az2': 10, 'r6i.8xlarge_use1-az4': 10, 'r6i.8xlarge_use1-az5': 5, 'r6i.8xlarge_use1-az6': 10, 'r6i.large_use1-az1': 20, 'r6i.large_use1-az2': 50, 'r6i.large_use1-az4': 50, 'r6i.large_use1-az5': 20, 'r6i.large_use1-az6': 50, 'r6i.xlarge_use1-az1': 15, 'r6i.xlarge_use1-az2': 45, 'r6i.xlarge_use1-az4': 50, 'r6i.xlarge_use1-az5': 10, 'r6i.xlarge_use1-az6': 50, 'r6id.12xlarge_use1-az1': 1, 'r6id.12xlarge_use1-az2': 5, 'r6id.12xlarge_use1-az4': 1, 'r6id.12xlarge_use1-az6': 5, 'r6id.16xlarge_use1-az1': 5, 'r6id.16xlarge_use1-az2': 5, 'r6id.16xlarge_use1-az4': 15, 'r6id.16xlarge_use1-az5': 1, 'r6id.16xlarge_use1-az6': 20, 'r6id.24xlarge_use1-az1': 10, 'r6id.24xlarge_use1-az2': 10, 'r6id.24xlarge_use1-az4': 5, 'r6id.24xlarge_use1-az5': 15, 'r6id.24xlarge_use1-az6': 25, 'r6id.2xlarge_use1-az1': 5, 'r6id.2xlarge_use1-az2': 1, 'r6id.2xlarge_use1-az4': 10, 'r6id.2xlarge_use1-az5': 1, 'r6id.2xlarge_use1-az6': 10, 'r6id.32xlarge_use1-az1': 1, 'r6id.32xlarge_use1-az2': 5, 'r6id.32xlarge_use1-az4': 1, 'r6id.32xlarge_use1-az5': 1, 'r6id.32xlarge_use1-az6': 10, 'r6id.4xlarge_use1-az1': 40, 'r6id.4xlarge_use1-az2': 50, 'r6id.4xlarge_use1-az4': 10, 'r6id.4xlarge_use1-az5': 20, 'r6id.4xlarge_use1-az6': 35, 'r6id.8xlarge_use1-az1': 1, 'r6id.8xlarge_use1-az2': 1, 'r6id.8xlarge_use1-az4': 5, 'r6id.8xlarge_use1-az5': 1, 'r6id.8xlarge_use1-az6': 5, 'r6id.large_use1-az1': 15, 'r6id.large_use1-az2': 10, 'r6id.large_use1-az4': 5, 'r6id.large_use1-az5': 15, 'r6id.large_use1-az6': 30, 'r6id.xlarge_use1-az1': 5, 'r6id.xlarge_use1-az2': 15, 'r6id.xlarge_use1-az4': 10, 'r6id.xlarge_use1-az5': 15, 'r6id.xlarge_use1-az6': 15, 'r6idn.16xlarge_use1-az4': 1, 'r6idn.16xlarge_use1-az5': 1, 'r6idn.16xlarge_use1-az6': 1, 'r6idn.24xlarge_use1-az6': 1, 'r6idn.2xlarge_use1-az1': 1, 'r6idn.2xlarge_use1-az2': 1, 'r6idn.2xlarge_use1-az4': 5, 'r6idn.2xlarge_use1-az5': 1, 'r6idn.2xlarge_use1-az6': 5, 'r6idn.32xlarge_use1-az6': 1, 'r6idn.4xlarge_use1-az1': 15, 'r6idn.4xlarge_use1-az2': 15, 'r6idn.4xlarge_use1-az4': 15, 'r6idn.4xlarge_use1-az5': 5, 'r6idn.4xlarge_use1-az6': 10, 'r6idn.8xlarge_use1-az2': 1, 'r6idn.8xlarge_use1-az4': 1, 'r6idn.8xlarge_use1-az6': 5, 'r6idn.large_use1-az1': 1, 'r6idn.large_use1-az2': 1, 'r6idn.large_use1-az4': 5, 'r6idn.large_use1-az5': 5, 'r6idn.large_use1-az6': 5, 'r6idn.xlarge_use1-az1': 5, 'r6idn.xlarge_use1-az2': 1, 'r6idn.xlarge_use1-az4': 5, 'r6idn.xlarge_use1-az5': 1, 'r6idn.xlarge_use1-az6': 5, 'r6in.12xlarge_use1-az1': 1, 'r6in.12xlarge_use1-az6': 5, 'r6in.16xlarge_use1-az4': 1, 'r6in.16xlarge_use1-az5': 1, 'r6in.16xlarge_use1-az6': 5, 'r6in.24xlarge_use1-az6': 1, 'r6in.2xlarge_use1-az1': 1, 'r6in.2xlarge_use1-az2': 1, 'r6in.2xlarge_use1-az4': 1, 'r6in.2xlarge_use1-az5': 1, 'r6in.2xlarge_use1-az6': 1, 'r6in.4xlarge_use1-az1': 5, 'r6in.4xlarge_use1-az2': 20, 'r6in.4xlarge_use1-az4': 15, 'r6in.4xlarge_use1-az5': 20, 'r6in.4xlarge_use1-az6': 20, 'r6in.8xlarge_use1-az1': 5, 'r6in.8xlarge_use1-az4': 1, 'r6in.8xlarge_use1-az6': 5, 'r6in.large_use1-az1': 45, 'r6in.large_use1-az2': 50, 'r6in.large_use1-az4': 50, 'r6in.large_use1-az5': 40, 'r6in.large_use1-az6': 50, 'r6in.xlarge_use1-az1': 1, 'r6in.xlarge_use1-az2': 1, 'r6in.xlarge_use1-az4': 1, 'r6in.xlarge_use1-az5': 1, 'r6in.xlarge_use1-az6': 1, 'r7a.12xlarge_use1-az1': 1, 'r7a.12xlarge_use1-az2': 1, 'r7a.12xlarge_use1-az4': 5, 'r7a.12xlarge_use1-az6': 20, 'r7a.16xlarge_use1-az1': 1, 'r7a.16xlarge_use1-az2': 15, 'r7a.16xlarge_use1-az4': 30, 'r7a.16xlarge_use1-az6': 50, 'r7a.24xlarge_use1-az2': 10, 'r7a.24xlarge_use1-az4': 10, 'r7a.24xlarge_use1-az6': 35, 'r7a.2xlarge_use1-az1': 1, 'r7a.2xlarge_use1-az2': 5, 'r7a.2xlarge_use1-az4': 25, 'r7a.2xlarge_use1-az6': 1, 'r7a.32xlarge_use1-az2': 1, 'r7a.32xlarge_use1-az4': 1, 'r7a.32xlarge_use1-az6': 50, 'r7a.48xlarge_use1-az2': 5, 'r7a.48xlarge_use1-az4': 5, 'r7a.48xlarge_use1-az6': 50, 'r7a.4xlarge_use1-az1': 5, 'r7a.4xlarge_use1-az2': 25, 'r7a.4xlarge_use1-az4': 50, 'r7a.4xlarge_use1-az6': 50, 'r7a.8xlarge_use1-az1': 5, 'r7a.8xlarge_use1-az2': 20, 'r7a.8xlarge_use1-az4': 50, 'r7a.8xlarge_use1-az6': 50, 'r7a.large_use1-az1': 50, 'r7a.large_use1-az2': 50, 'r7a.large_use1-az4': 50, 'r7a.large_use1-az6': 50, 'r7a.medium_use1-az1': 10, 'r7a.medium_use1-az2': 25, 'r7a.medium_use1-az4': 50, 'r7a.medium_use1-az6': 50, 'r7a.xlarge_use1-az1': 20, 'r7a.xlarge_use1-az2': 50, 'r7a.xlarge_use1-az4': 50, 'r7a.xlarge_use1-az6': 25, 'r7g.12xlarge_use1-az1': 1, 'r7g.12xlarge_use1-az2': 5, 'r7g.12xlarge_use1-az4': 50, 'r7g.12xlarge_use1-az5': 1, 'r7g.12xlarge_use1-az6': 5, 'r7g.16xlarge_use1-az1': 5, 'r7g.16xlarge_use1-az2': 30, 'r7g.16xlarge_use1-az4': 50, 'r7g.16xlarge_use1-az5': 5, 'r7g.16xlarge_use1-az6': 50, 'r7g.2xlarge_use1-az1': 5, 'r7g.2xlarge_use1-az2': 10, 'r7g.2xlarge_use1-az4': 50, 'r7g.2xlarge_use1-az5': 5, 'r7g.2xlarge_use1-az6': 15, 'r7g.4xlarge_use1-az1': 5, 'r7g.4xlarge_use1-az2': 5, 'r7g.4xlarge_use1-az4': 50, 'r7g.4xlarge_use1-az5': 5, 'r7g.4xlarge_use1-az6': 15, 'r7g.8xlarge_use1-az1': 1, 'r7g.8xlarge_use1-az2': 50, 'r7g.8xlarge_use1-az4': 50, 'r7g.8xlarge_use1-az5': 50, 'r7g.8xlarge_use1-az6': 50, 'r7g.large_use1-az1': 20, 'r7g.large_use1-az2': 50, 'r7g.large_use1-az4': 50, 'r7g.large_use1-az5': 40, 'r7g.large_use1-az6': 40, 'r7g.medium_use1-az1': 50, 'r7g.medium_use1-az2': 50, 'r7g.medium_use1-az4': 50, 'r7g.medium_use1-az5': 25, 'r7g.medium_use1-az6': 50, 'r7g.xlarge_use1-az1': 50, 'r7g.xlarge_use1-az2': 50, 'r7g.xlarge_use1-az4': 50, 'r7g.xlarge_use1-az5': 10, 'r7g.xlarge_use1-az6': 50, 'r7gd.12xlarge_use1-az1': 1, 'r7gd.12xlarge_use1-az2': 10, 'r7gd.12xlarge_use1-az4': 35, 'r7gd.12xlarge_use1-az5': 10, 'r7gd.12xlarge_use1-az6': 50, 'r7gd.16xlarge_use1-az1': 5, 'r7gd.16xlarge_use1-az2': 50, 'r7gd.16xlarge_use1-az4': 50, 'r7gd.16xlarge_use1-az5': 50, 'r7gd.16xlarge_use1-az6': 50, 'r7gd.2xlarge_use1-az1': 5, 'r7gd.2xlarge_use1-az2': 25, 'r7gd.2xlarge_use1-az4': 25, 'r7gd.2xlarge_use1-az5': 40, 'r7gd.2xlarge_use1-az6': 50, 'r7gd.4xlarge_use1-az1': 1, 'r7gd.4xlarge_use1-az2': 20, 'r7gd.4xlarge_use1-az4': 25, 'r7gd.4xlarge_use1-az5': 30, 'r7gd.4xlarge_use1-az6': 50, 'r7gd.8xlarge_use1-az1': 1, 'r7gd.8xlarge_use1-az2': 10, 'r7gd.8xlarge_use1-az4': 30, 'r7gd.8xlarge_use1-az5': 20, 'r7gd.8xlarge_use1-az6': 50, 'r7gd.large_use1-az1': 15, 'r7gd.large_use1-az2': 10, 'r7gd.large_use1-az4': 50, 'r7gd.large_use1-az5': 15, 'r7gd.large_use1-az6': 35, 'r7gd.medium_use1-az1': 35, 'r7gd.medium_use1-az2': 15, 'r7gd.medium_use1-az4': 25, 'r7gd.medium_use1-az5': 15, 'r7gd.medium_use1-az6': 20, 'r7gd.xlarge_use1-az1': 1, 'r7gd.xlarge_use1-az2': 10, 'r7gd.xlarge_use1-az4': 25, 'r7gd.xlarge_use1-az5': 10, 'r7gd.xlarge_use1-az6': 50, 'r7i.12xlarge_use1-az4': 1, 'r7i.12xlarge_use1-az6': 10, 'r7i.16xlarge_use1-az1': 5, 'r7i.16xlarge_use1-az2': 15, 'r7i.16xlarge_use1-az4': 45, 'r7i.16xlarge_use1-az5': 5, 'r7i.16xlarge_use1-az6': 50, 'r7i.24xlarge_use1-az1': 1, 'r7i.24xlarge_use1-az2': 1, 'r7i.24xlarge_use1-az4': 5, 'r7i.24xlarge_use1-az5': 5, 'r7i.24xlarge_use1-az6': 5, 'r7i.2xlarge_use1-az1': 5, 'r7i.2xlarge_use1-az2': 5, 'r7i.2xlarge_use1-az4': 10, 'r7i.2xlarge_use1-az5': 5, 'r7i.2xlarge_use1-az6': 50, 'r7i.48xlarge_use1-az2': 1, 'r7i.48xlarge_use1-az4': 5, 'r7i.48xlarge_use1-az5': 1, 'r7i.48xlarge_use1-az6': 5, 'r7i.4xlarge_use1-az1': 5, 'r7i.4xlarge_use1-az2': 20, 'r7i.4xlarge_use1-az4': 10, 'r7i.4xlarge_use1-az5': 1, 'r7i.4xlarge_use1-az6': 50, 'r7i.8xlarge_use1-az1': 5, 'r7i.8xlarge_use1-az2': 25, 'r7i.8xlarge_use1-az4': 25, 'r7i.8xlarge_use1-az5': 5, 'r7i.8xlarge_use1-az6': 50, 'r7i.large_use1-az1': 15, 'r7i.large_use1-az2': 50, 'r7i.large_use1-az4': 50, 'r7i.large_use1-az5': 15, 'r7i.large_use1-az6': 50, 'r7i.xlarge_use1-az1': 5, 'r7i.xlarge_use1-az2': 15, 'r7i.xlarge_use1-az4': 10, 'r7i.xlarge_use1-az5': 15, 'r7i.xlarge_use1-az6': 50, 'r8g.12xlarge_use1-az2': 5, 'r8g.12xlarge_use1-az4': 5, 'r8g.12xlarge_use1-az6': 15, 'r8g.16xlarge_use1-az1': 1, 'r8g.16xlarge_use1-az2': 50, 'r8g.16xlarge_use1-az4': 50, 'r8g.16xlarge_use1-az5': 5, 'r8g.16xlarge_use1-az6': 50, 'r8g.24xlarge_use1-az2': 10, 'r8g.24xlarge_use1-az4': 5, 'r8g.24xlarge_use1-az5': 5, 'r8g.24xlarge_use1-az6': 35, 'r8g.2xlarge_use1-az2': 5, 'r8g.2xlarge_use1-az4': 5, 'r8g.2xlarge_use1-az5': 1, 'r8g.2xlarge_use1-az6': 5, 'r8g.48xlarge_use1-az2': 1, 'r8g.48xlarge_use1-az4': 5, 'r8g.48xlarge_use1-az6': 5, 'r8g.4xlarge_use1-az2': 10, 'r8g.4xlarge_use1-az4': 35, 'r8g.4xlarge_use1-az5': 5, 'r8g.4xlarge_use1-az6': 50, 'r8g.8xlarge_use1-az2': 40, 'r8g.8xlarge_use1-az4': 15, 'r8g.8xlarge_use1-az5': 1, 'r8g.8xlarge_use1-az6': 50, 'r8g.large_use1-az1': 5, 'r8g.large_use1-az2': 30, 'r8g.large_use1-az4': 15, 'r8g.large_use1-az5': 10, 'r8g.large_use1-az6': 20, 'r8g.medium_use1-az1': 15, 'r8g.medium_use1-az2': 30, 'r8g.medium_use1-az4': 20, 'r8g.medium_use1-az5': 5, 'r8g.medium_use1-az6': 15, 'r8g.xlarge_use1-az1': 1, 'r8g.xlarge_use1-az2': 10, 'r8g.xlarge_use1-az4': 5, 'r8g.xlarge_use1-az5': 5, 'r8g.xlarge_use1-az6': 10, 'r8gb.24xlarge_use1-az6': 1, 'r8gb.2xlarge_use1-az2': 1, 'r8gb.2xlarge_use1-az4': 1, 'r8gb.2xlarge_use1-az6': 1, 'r8gb.large_use1-az2': 20, 'r8gb.large_use1-az4': 15, 'r8gb.large_use1-az6': 25, 'r8gb.medium_use1-az2': 50, 'r8gb.metal-24xl_use1-az6': 1, 'r8gb.xlarge_use1-az2': 5, 'r8gb.xlarge_use1-az4': 5, 'r8gb.xlarge_use1-az6': 5, 'r8gd.12xlarge_use1-az5': 1, 'r8gd.12xlarge_use1-az6': 1, 'r8gd.16xlarge_use1-az2': 1, 'r8gd.16xlarge_use1-az4': 1, 'r8gd.16xlarge_use1-az5': 1, 'r8gd.16xlarge_use1-az6': 15, 'r8gd.24xlarge_use1-az2': 1, 'r8gd.24xlarge_use1-az5': 1, 'r8gd.24xlarge_use1-az6': 25, 'r8gd.2xlarge_use1-az2': 25, 'r8gd.2xlarge_use1-az4': 30, 'r8gd.2xlarge_use1-az6': 50, 'r8gd.48xlarge_use1-az6': 50, 'r8gd.4xlarge_use1-az1': 1, 'r8gd.4xlarge_use1-az2': 20, 'r8gd.4xlarge_use1-az5': 1, 'r8gd.4xlarge_use1-az6': 15, 'r8gd.8xlarge_use1-az2': 5, 'r8gd.8xlarge_use1-az4': 1, 'r8gd.8xlarge_use1-az5': 1, 'r8gd.8xlarge_use1-az6': 1, 'r8gd.large_use1-az2': 50, 'r8gd.large_use1-az5': 1, 'r8gd.large_use1-az6': 50, 'r8gd.medium_use1-az1': 5, 'r8gd.medium_use1-az2': 5, 'r8gd.medium_use1-az4': 5, 'r8gd.medium_use1-az5': 10, 'r8gd.metal-24xl_use1-az6': 1, 'r8gd.metal-48xl_use1-az6': 1, 'r8gd.xlarge_use1-az2': 25, 'r8gd.xlarge_use1-az4': 1, 'r8gd.xlarge_use1-az5': 50, 'r8gd.xlarge_use1-az6': 40, 'r8gn.16xlarge_use1-az6': 1, 'r8gn.24xlarge_use1-az2': 1, 'r8gn.2xlarge_use1-az2': 1, 'r8gn.2xlarge_use1-az4': 1, 'r8gn.2xlarge_use1-az6': 1, 'r8gn.48xlarge_use1-az6': 1, 'r8gn.4xlarge_use1-az6': 5, 'r8gn.8xlarge_use1-az2': 1, 'r8gn.8xlarge_use1-az6': 5, 'r8gn.large_use1-az2': 20, 'r8gn.large_use1-az4': 15, 'r8gn.large_use1-az6': 20, 'r8gn.medium_use1-az2': 35, 'r8gn.medium_use1-az4': 40, 'r8gn.metal-24xl_use1-az2': 1, 'r8gn.metal-24xl_use1-az6': 1, 'r8gn.xlarge_use1-az2': 1, 'r8gn.xlarge_use1-az4': 5, 'r8gn.xlarge_use1-az6': 10, 'r8i-flex.2xlarge_use1-az2': 1, 'r8i-flex.2xlarge_use1-az6': 5, 'r8i-flex.4xlarge_use1-az2': 1, 'r8i-flex.4xlarge_use1-az6': 1, 'r8i-flex.large_use1-az2': 1, 'r8i-flex.large_use1-az6': 5, 'r8i-flex.xlarge_use1-az2': 5, 'r8i-flex.xlarge_use1-az6': 1, 'r8i.12xlarge_use1-az2': 1, 'r8i.12xlarge_use1-az6': 1, 'r8i.16xlarge_use1-az2': 1, 'r8i.16xlarge_use1-az6': 1, 'r8i.24xlarge_use1-az6': 1, 'r8i.2xlarge_use1-az2': 5, 'r8i.2xlarge_use1-az6': 5, 'r8i.32xlarge_use1-az2': 1, 'r8i.32xlarge_use1-az6': 1, 'r8i.48xlarge_use1-az2': 1, 'r8i.48xlarge_use1-az6': 1, 'r8i.4xlarge_use1-az2': 1, 'r8i.4xlarge_use1-az6': 5, 'r8i.8xlarge_use1-az2': 1, 'r8i.8xlarge_use1-az6': 5, 'r8i.96xlarge_use1-az2': 1, 'r8i.96xlarge_use1-az6': 1, 'r8i.large_use1-az2': 20, 'r8i.large_use1-az6': 20, 'r8i.xlarge_use1-az2': 5, 'r8i.xlarge_use1-az6': 5, 't2.2xlarge_use1-az1': 50, 't2.2xlarge_use1-az2': 50, 't2.2xlarge_use1-az3': 15, 't2.2xlarge_use1-az4': 50, 't2.2xlarge_use1-az5': 50, 't2.2xlarge_use1-az6': 50, 't2.large_use1-az1': 20, 't2.large_use1-az2': 50, 't2.large_use1-az3': 50, 't2.large_use1-az4': 50, 't2.large_use1-az5': 25, 't2.large_use1-az6': 50, 't2.medium_use1-az1': 50, 't2.medium_use1-az2': 50, 't2.medium_use1-az3': 50, 't2.medium_use1-az4': 50, 't2.medium_use1-az5': 50, 't2.medium_use1-az6': 50, 't2.xlarge_use1-az1': 35, 't2.xlarge_use1-az2': 50, 't2.xlarge_use1-az3': 20, 't2.xlarge_use1-az4': 50, 't2.xlarge_use1-az5': 5, 't2.xlarge_use1-az6': 50, 't3.2xlarge_use1-az1': 50, 't3.2xlarge_use1-az2': 50, 't3.2xlarge_use1-az4': 50, 't3.2xlarge_use1-az5': 50, 't3.2xlarge_use1-az6': 50, 't3.large_use1-az1': 50, 't3.large_use1-az2': 50, 't3.large_use1-az4': 50, 't3.large_use1-az5': 50, 't3.large_use1-az6': 50, 't3.medium_use1-az1': 50, 't3.medium_use1-az2': 50, 't3.medium_use1-az4': 50, 't3.medium_use1-az5': 50, 't3.medium_use1-az6': 50, 't3.xlarge_use1-az1': 50, 't3.xlarge_use1-az2': 50, 't3.xlarge_use1-az4': 50, 't3.xlarge_use1-az5': 50, 't3.xlarge_use1-az6': 50, 't3a.2xlarge_use1-az1': 50, 't3a.2xlarge_use1-az2': 50, 't3a.2xlarge_use1-az4': 50, 't3a.2xlarge_use1-az5': 50, 't3a.2xlarge_use1-az6': 50, 't3a.large_use1-az1': 50, 't3a.large_use1-az2': 50, 't3a.large_use1-az4': 50, 't3a.large_use1-az5': 5, 't3a.large_use1-az6': 50, 't3a.medium_use1-az1': 50, 't3a.medium_use1-az2': 50, 't3a.medium_use1-az4': 50, 't3a.medium_use1-az5': 5, 't3a.medium_use1-az6': 50, 't3a.xlarge_use1-az1': 25, 't3a.xlarge_use1-az2': 50, 't3a.xlarge_use1-az4': 50, 't3a.xlarge_use1-az5': 15, 't3a.xlarge_use1-az6': 50, 't4g.2xlarge_use1-az1': 5, 't4g.2xlarge_use1-az2': 15, 't4g.2xlarge_use1-az4': 5, 't4g.2xlarge_use1-az5': 10, 't4g.2xlarge_use1-az6': 10, 't4g.large_use1-az1': 1, 't4g.large_use1-az2': 15, 't4g.large_use1-az4': 50, 't4g.large_use1-az5': 25, 't4g.large_use1-az6': 35, 't4g.medium_use1-az1': 1, 't4g.medium_use1-az2': 50, 't4g.medium_use1-az4': 50, 't4g.medium_use1-az5': 35, 't4g.medium_use1-az6': 50, 't4g.xlarge_use1-az1': 30, 't4g.xlarge_use1-az2': 15, 't4g.xlarge_use1-az4': 50, 't4g.xlarge_use1-az5': 5, 't4g.xlarge_use1-az6': 10, 'trn1.2xlarge_use1-az5': 5, 'trn1.2xlarge_use1-az6': 20, 'trn1.32xlarge_use1-az6': 50, 'trn1n.32xlarge_use1-az6': 50, 'vt1.3xlarge_use1-az2': 1, 'vt1.6xlarge_use1-az2': 1, 'x1.16xlarge_use1-az2': 1, 'x1.16xlarge_use1-az4': 1, 'x1.16xlarge_use1-az6': 1, 'x1.32xlarge_use1-az2': 1, 'x1.32xlarge_use1-az3': 5, 'x1.32xlarge_use1-az6': 1, 'x1e.16xlarge_use1-az2': 1, 'x1e.16xlarge_use1-az4': 1, 'x1e.16xlarge_use1-az6': 5, 'x1e.2xlarge_use1-az1': 1, 'x1e.2xlarge_use1-az2': 5, 'x1e.2xlarge_use1-az4': 10, 'x1e.2xlarge_use1-az6': 1, 'x1e.4xlarge_use1-az2': 5, 'x1e.4xlarge_use1-az4': 5, 'x1e.4xlarge_use1-az6': 1, 'x1e.8xlarge_use1-az2': 1, 'x1e.8xlarge_use1-az4': 5, 'x1e.8xlarge_use1-az6': 5, 'x1e.xlarge_use1-az1': 10, 'x1e.xlarge_use1-az2': 20, 'x1e.xlarge_use1-az4': 15, 'x1e.xlarge_use1-az6': 5, 'x2gd.12xlarge_use1-az5': 5, 'x2gd.12xlarge_use1-az6': 1, 'x2gd.16xlarge_use1-az5': 1, 'x2gd.16xlarge_use1-az6': 15, 'x2gd.2xlarge_use1-az1': 5, 'x2gd.2xlarge_use1-az4': 1, 'x2gd.2xlarge_use1-az5': 5, 'x2gd.2xlarge_use1-az6': 30, 'x2gd.4xlarge_use1-az1': 1, 'x2gd.4xlarge_use1-az2': 1, 'x2gd.4xlarge_use1-az4': 5, 'x2gd.4xlarge_use1-az5': 1, 'x2gd.4xlarge_use1-az6': 35, 'x2gd.8xlarge_use1-az4': 1, 'x2gd.8xlarge_use1-az5': 1, 'x2gd.8xlarge_use1-az6': 5, 'x2gd.large_use1-az1': 35, 'x2gd.large_use1-az2': 25, 'x2gd.large_use1-az4': 15, 'x2gd.large_use1-az5': 25, 'x2gd.large_use1-az6': 50, 'x2gd.medium_use1-az1': 25, 'x2gd.medium_use1-az2': 35, 'x2gd.medium_use1-az4': 50, 'x2gd.medium_use1-az5': 50, 'x2gd.medium_use1-az6': 50, 'x2gd.xlarge_use1-az1': 5, 'x2gd.xlarge_use1-az2': 1, 'x2gd.xlarge_use1-az4': 20, 'x2gd.xlarge_use1-az5': 15, 'x2gd.xlarge_use1-az6': 25, 'x2idn.16xlarge_use1-az2': 1, 'x2idn.16xlarge_use1-az5': 1, 'x2idn.24xlarge_use1-az4': 1, 'x2idn.24xlarge_use1-az5': 1, 'x2idn.32xlarge_use1-az5': 1, 'x2iedn.24xlarge_use1-az4': 1, 'x2iedn.24xlarge_use1-az6': 1, 'x2iedn.2xlarge_use1-az1': 1, 'x2iedn.2xlarge_use1-az2': 25, 'x2iedn.2xlarge_use1-az4': 15, 'x2iedn.2xlarge_use1-az5': 1, 'x2iedn.2xlarge_use1-az6': 5, 'x2iedn.4xlarge_use1-az1': 1, 'x2iedn.4xlarge_use1-az2': 1, 'x2iedn.4xlarge_use1-az4': 1, 'x2iedn.4xlarge_use1-az5': 1, 'x2iedn.4xlarge_use1-az6': 1, 'x2iedn.8xlarge_use1-az4': 1, 'x2iedn.8xlarge_use1-az6': 1, 'x2iedn.xlarge_use1-az1': 5, 'x2iedn.xlarge_use1-az2': 20, 'x2iedn.xlarge_use1-az4': 10, 'x2iedn.xlarge_use1-az5': 1, 'x2iedn.xlarge_use1-az6': 10, 'x2iezn.12xlarge_use1-az2': 1, 'x2iezn.12xlarge_use1-az4': 20, 'x2iezn.12xlarge_use1-az6': 5, 'x2iezn.2xlarge_use1-az2': 5, 'x2iezn.2xlarge_use1-az4': 10, 'x2iezn.2xlarge_use1-az6': 1, 'x2iezn.4xlarge_use1-az2': 1, 'x2iezn.4xlarge_use1-az4': 5, 'x2iezn.4xlarge_use1-az6': 1, 'x2iezn.6xlarge_use1-az2': 1, 'x2iezn.6xlarge_use1-az4': 5, 'x2iezn.6xlarge_use1-az6': 1, 'x2iezn.8xlarge_use1-az2': 1, 'x2iezn.8xlarge_use1-az4': 10, 'x2iezn.8xlarge_use1-az6': 1, 'x8g.12xlarge_use1-az2': 1, 'x8g.12xlarge_use1-az4': 20, 'x8g.12xlarge_use1-az6': 1, 'x8g.16xlarge_use1-az1': 1, 'x8g.16xlarge_use1-az2': 5, 'x8g.16xlarge_use1-az4': 5, 'x8g.16xlarge_use1-az6': 5, 'x8g.24xlarge_use1-az1': 1, 'x8g.24xlarge_use1-az2': 5, 'x8g.24xlarge_use1-az4': 5, 'x8g.24xlarge_use1-az6': 10, 'x8g.2xlarge_use1-az1': 5, 'x8g.2xlarge_use1-az2': 10, 'x8g.2xlarge_use1-az4': 10, 'x8g.2xlarge_use1-az6': 25, 'x8g.48xlarge_use1-az1': 1, 'x8g.48xlarge_use1-az2': 1, 'x8g.48xlarge_use1-az4': 10, 'x8g.48xlarge_use1-az6': 1, 'x8g.4xlarge_use1-az1': 1, 'x8g.4xlarge_use1-az2': 5, 'x8g.4xlarge_use1-az4': 5, 'x8g.4xlarge_use1-az6': 10, 'x8g.8xlarge_use1-az2': 15, 'x8g.8xlarge_use1-az4': 20, 'x8g.8xlarge_use1-az6': 5, 'x8g.large_use1-az1': 30, 'x8g.large_use1-az4': 50, 'x8g.large_use1-az6': 50, 'x8g.medium_use1-az1': 50, 'x8g.medium_use1-az4': 50, 'x8g.medium_use1-az6': 50, 'x8g.metal-24xl_use1-az1': 1, 'x8g.metal-24xl_use1-az2': 1, 'x8g.metal-24xl_use1-az4': 1, 'x8g.metal-24xl_use1-az6': 10, 'x8g.metal-48xl_use1-az2': 1, 'x8g.metal-48xl_use1-az4': 1, 'x8g.metal-48xl_use1-az6': 1, 'x8g.xlarge_use1-az1': 10, 'x8g.xlarge_use1-az2': 20, 'x8g.xlarge_use1-az4': 40, 'x8g.xlarge_use1-az6': 50, 'z1d.12xlarge_use1-az1': 1, 'z1d.12xlarge_use1-az2': 1, 'z1d.12xlarge_use1-az4': 1, 'z1d.12xlarge_use1-az5': 1, 'z1d.12xlarge_use1-az6': 5, 'z1d.2xlarge_use1-az1': 5, 'z1d.2xlarge_use1-az2': 5, 'z1d.2xlarge_use1-az4': 15, 'z1d.2xlarge_use1-az5': 1, 'z1d.2xlarge_use1-az6': 15, 'z1d.3xlarge_use1-az1': 5, 'z1d.3xlarge_use1-az2': 5, 'z1d.3xlarge_use1-az4': 10, 'z1d.3xlarge_use1-az5': 5, 'z1d.3xlarge_use1-az6': 5, 'z1d.6xlarge_use1-az1': 1, 'z1d.6xlarge_use1-az2': 1, 'z1d.6xlarge_use1-az4': 1, 'z1d.6xlarge_use1-az6': 1, 'z1d.large_use1-az1': 15, 'z1d.large_use1-az2': 5, 'z1d.large_use1-az4': 25, 'z1d.large_use1-az5': 10, 'z1d.large_use1-az6': 25, 'z1d.xlarge_use1-az1': 10, 'z1d.xlarge_use1-az2': 20, 'z1d.xlarge_use1-az4': 30, 'z1d.xlarge_use1-az5': 1, 'z1d.xlarge_use1-az6': 20}"
0.8,26890.310599999946,29590087146,1100399.6043992208,1140059,1139959,"{'c3.2xlarge_use1-az4': 50, 'c3.8xlarge_use1-az2': 5, 'c3.8xlarge_use1-az4': 5, 'c3.8xlarge_use1-az6': 1, 'c3.xlarge_use1-az2': 35, 'c3.xlarge_use1-az3': 1, 'c4.2xlarge_use1-az1': 5, 'c4.2xlarge_use1-az2': 5, 'c4.2xlarge_use1-az3': 25, 'c4.2xlarge_use1-az4': 15, 'c4.2xlarge_use1-az5': 15, 'c4.2xlarge_use1-az6': 10, 'c4.4xlarge_use1-az1': 5, 'c4.4xlarge_use1-az2': 5, 'c4.4xlarge_use1-az3': 10, 'c4.4xlarge_use1-az4': 5, 'c4.4xlarge_use1-az5': 5, 'c4.4xlarge_use1-az6': 1, 'c4.8xlarge_use1-az1': 1, 'c4.8xlarge_use1-az2': 5, 'c4.8xlarge_use1-az3': 5, 'c4.8xlarge_use1-az4': 15, 'c4.8xlarge_use1-az5': 5, 'c4.8xlarge_use1-az6': 5, 'c4.xlarge_use1-az1': 25, 'c4.xlarge_use1-az2': 40, 'c4.xlarge_use1-az4': 40, 'c4.xlarge_use1-az5': 50, 'c4.xlarge_use1-az6': 50, 'c5.12xlarge_use1-az1': 50, 'c5.12xlarge_use1-az2': 50, 'c5.12xlarge_use1-az4': 50, 'c5.12xlarge_use1-az5': 50, 'c5.12xlarge_use1-az6': 50, 'c5.18xlarge_use1-az1': 5, 'c5.18xlarge_use1-az2': 50, 'c5.18xlarge_use1-az4': 15, 'c5.18xlarge_use1-az5': 10, 'c5.18xlarge_use1-az6': 1, 'c5.24xlarge_use1-az1': 1, 'c5.24xlarge_use1-az2': 5, 'c5.24xlarge_use1-az4': 5, 'c5.24xlarge_use1-az5': 1, 'c5.24xlarge_use1-az6': 5, 'c5.2xlarge_use1-az1': 50, 'c5.2xlarge_use1-az2': 50, 'c5.2xlarge_use1-az4': 50, 'c5.2xlarge_use1-az5': 50, 'c5.2xlarge_use1-az6': 50, 'c5.4xlarge_use1-az1': 50, 'c5.4xlarge_use1-az2': 50, 'c5.4xlarge_use1-az4': 50, 'c5.4xlarge_use1-az5': 50, 'c5.4xlarge_use1-az6': 50, 'c5.9xlarge_use1-az1': 50, 'c5.9xlarge_use1-az2': 50, 'c5.9xlarge_use1-az4': 50, 'c5.9xlarge_use1-az5': 50, 'c5.9xlarge_use1-az6': 50, 'c5.large_use1-az1': 50, 'c5.large_use1-az2': 50, 'c5.large_use1-az4': 50, 'c5.large_use1-az5': 50, 'c5.large_use1-az6': 50, 'c5.xlarge_use1-az1': 50, 'c5.xlarge_use1-az2': 50, 'c5.xlarge_use1-az4': 50, 'c5.xlarge_use1-az5': 50, 'c5.xlarge_use1-az6': 50, 'c5a.12xlarge_use1-az1': 5, 'c5a.12xlarge_use1-az2': 10, 'c5a.12xlarge_use1-az4': 15, 'c5a.12xlarge_use1-az5': 1, 'c5a.12xlarge_use1-az6': 5, 'c5a.16xlarge_use1-az4': 1, 'c5a.16xlarge_use1-az6': 1, 'c5a.24xlarge_use1-az2': 1, 'c5a.24xlarge_use1-az4': 1, 'c5a.24xlarge_use1-az6': 1, 'c5a.2xlarge_use1-az1': 30, 'c5a.2xlarge_use1-az2': 20, 'c5a.2xlarge_use1-az4': 50, 'c5a.2xlarge_use1-az5': 15, 'c5a.2xlarge_use1-az6': 50, 'c5a.4xlarge_use1-az1': 5, 'c5a.4xlarge_use1-az2': 1, 'c5a.4xlarge_use1-az4': 5, 'c5a.4xlarge_use1-az5': 5, 'c5a.4xlarge_use1-az6': 5, 'c5a.8xlarge_use1-az1': 1, 'c5a.8xlarge_use1-az2': 1, 'c5a.8xlarge_use1-az4': 5, 'c5a.8xlarge_use1-az6': 15, 'c5a.large_use1-az1': 50, 'c5a.large_use1-az2': 50, 'c5a.large_use1-az4': 50, 'c5a.large_use1-az5': 45, 'c5a.large_use1-az6': 50, 'c5a.xlarge_use1-az1': 50, 'c5a.xlarge_use1-az2': 50, 'c5a.xlarge_use1-az4': 50, 'c5a.xlarge_use1-az5': 50, 'c5a.xlarge_use1-az6': 50, 'c5ad.12xlarge_use1-az1': 5, 'c5ad.12xlarge_use1-az2': 5, 'c5ad.12xlarge_use1-az4': 5, 'c5ad.12xlarge_use1-az6': 5, 'c5ad.16xlarge_use1-az1': 1, 'c5ad.16xlarge_use1-az2': 5, 'c5ad.16xlarge_use1-az4': 1, 'c5ad.16xlarge_use1-az6': 1, 'c5ad.24xlarge_use1-az1': 1, 'c5ad.24xlarge_use1-az2': 1, 'c5ad.24xlarge_use1-az4': 1, 'c5ad.24xlarge_use1-az6': 5, 'c5ad.2xlarge_use1-az1': 10, 'c5ad.2xlarge_use1-az2': 5, 'c5ad.2xlarge_use1-az4': 5, 'c5ad.2xlarge_use1-az5': 5, 'c5ad.2xlarge_use1-az6': 15, 'c5ad.4xlarge_use1-az1': 5, 'c5ad.4xlarge_use1-az2': 5, 'c5ad.4xlarge_use1-az4': 1, 'c5ad.4xlarge_use1-az5': 1, 'c5ad.4xlarge_use1-az6': 10, 'c5ad.8xlarge_use1-az1': 1, 'c5ad.8xlarge_use1-az2': 1, 'c5ad.8xlarge_use1-az4': 1, 'c5ad.8xlarge_use1-az5': 1, 'c5ad.8xlarge_use1-az6': 1, 'c5ad.large_use1-az1': 20, 'c5ad.large_use1-az2': 30, 'c5ad.large_use1-az4': 10, 'c5ad.large_use1-az5': 15, 'c5ad.large_use1-az6': 20, 'c5ad.xlarge_use1-az1': 15, 'c5ad.xlarge_use1-az2': 10, 'c5ad.xlarge_use1-az4': 5, 'c5ad.xlarge_use1-az5': 5, 'c5ad.xlarge_use1-az6': 15, 'c5d.12xlarge_use1-az2': 15, 'c5d.12xlarge_use1-az4': 5, 'c5d.12xlarge_use1-az6': 45, 'c5d.18xlarge_use1-az1': 5, 'c5d.18xlarge_use1-az2': 50, 'c5d.18xlarge_use1-az4': 50, 'c5d.18xlarge_use1-az5': 5, 'c5d.18xlarge_use1-az6': 30, 'c5d.24xlarge_use1-az2': 35, 'c5d.24xlarge_use1-az4': 25, 'c5d.24xlarge_use1-az6': 50, 'c5d.2xlarge_use1-az1': 15, 'c5d.2xlarge_use1-az2': 50, 'c5d.2xlarge_use1-az4': 50, 'c5d.2xlarge_use1-az5': 20, 'c5d.2xlarge_use1-az6': 50, 'c5d.4xlarge_use1-az1': 20, 'c5d.4xlarge_use1-az2': 50, 'c5d.4xlarge_use1-az4': 50, 'c5d.4xlarge_use1-az5': 25, 'c5d.4xlarge_use1-az6': 50, 'c5d.9xlarge_use1-az1': 10, 'c5d.9xlarge_use1-az2': 20, 'c5d.9xlarge_use1-az4': 50, 'c5d.9xlarge_use1-az5': 10, 'c5d.9xlarge_use1-az6': 25, 'c5d.large_use1-az1': 50, 'c5d.large_use1-az2': 50, 'c5d.large_use1-az4': 50, 'c5d.large_use1-az5': 35, 'c5d.large_use1-az6': 50, 'c5d.xlarge_use1-az1': 50, 'c5d.xlarge_use1-az2': 50, 'c5d.xlarge_use1-az4': 50, 'c5d.xlarge_use1-az5': 50, 'c5d.xlarge_use1-az6': 50, 'c5n.18xlarge_use1-az1': 30, 'c5n.18xlarge_use1-az2': 5, 'c5n.18xlarge_use1-az4': 10, 'c5n.2xlarge_use1-az1': 5, 'c5n.2xlarge_use1-az2': 10, 'c5n.2xlarge_use1-az4': 15, 'c5n.2xlarge_use1-az5': 10, 'c5n.2xlarge_use1-az6': 10, 'c5n.4xlarge_use1-az1': 5, 'c5n.4xlarge_use1-az2': 1, 'c5n.4xlarge_use1-az4': 5, 'c5n.4xlarge_use1-az6': 1, 'c5n.9xlarge_use1-az1': 10, 'c5n.9xlarge_use1-az2': 1, 'c5n.9xlarge_use1-az4': 5, 'c5n.large_use1-az1': 10, 'c5n.large_use1-az2': 10, 'c5n.large_use1-az4': 25, 'c5n.large_use1-az5': 5, 'c5n.large_use1-az6': 5, 'c5n.xlarge_use1-az1': 1, 'c5n.xlarge_use1-az2': 1, 'c5n.xlarge_use1-az4': 5, 'c5n.xlarge_use1-az5': 1, 'c5n.xlarge_use1-az6': 1, 'c6a.12xlarge_use1-az1': 5, 'c6a.12xlarge_use1-az2': 50, 'c6a.12xlarge_use1-az4': 50, 'c6a.12xlarge_use1-az5': 1, 'c6a.12xlarge_use1-az6': 15, 'c6a.16xlarge_use1-az1': 1, 'c6a.16xlarge_use1-az2': 5, 'c6a.16xlarge_use1-az4': 10, 'c6a.16xlarge_use1-az5': 1, 'c6a.16xlarge_use1-az6': 15, 'c6a.24xlarge_use1-az1': 1, 'c6a.24xlarge_use1-az2': 5, 'c6a.24xlarge_use1-az4': 5, 'c6a.24xlarge_use1-az5': 5, 'c6a.24xlarge_use1-az6': 20, 'c6a.2xlarge_use1-az1': 10, 'c6a.2xlarge_use1-az2': 40, 'c6a.2xlarge_use1-az4': 50, 'c6a.2xlarge_use1-az5': 10, 'c6a.2xlarge_use1-az6': 50, 'c6a.32xlarge_use1-az2': 1, 'c6a.32xlarge_use1-az4': 1, 'c6a.32xlarge_use1-az5': 1, 'c6a.32xlarge_use1-az6': 5, 'c6a.48xlarge_use1-az2': 1, 'c6a.48xlarge_use1-az4': 10, 'c6a.48xlarge_use1-az5': 5, 'c6a.48xlarge_use1-az6': 25, 'c6a.4xlarge_use1-az1': 15, 'c6a.4xlarge_use1-az2': 15, 'c6a.4xlarge_use1-az4': 30, 'c6a.4xlarge_use1-az5': 15, 'c6a.4xlarge_use1-az6': 50, 'c6a.8xlarge_use1-az1': 5, 'c6a.8xlarge_use1-az2': 50, 'c6a.8xlarge_use1-az4': 30, 'c6a.8xlarge_use1-az5': 25, 'c6a.8xlarge_use1-az6': 50, 'c6a.large_use1-az1': 45, 'c6a.large_use1-az2': 50, 'c6a.large_use1-az4': 50, 'c6a.large_use1-az5': 50, 'c6a.large_use1-az6': 20, 'c6a.xlarge_use1-az1': 15, 'c6a.xlarge_use1-az2': 25, 'c6a.xlarge_use1-az4': 25, 'c6a.xlarge_use1-az5': 15, 'c6a.xlarge_use1-az6': 25, 'c6g.12xlarge_use1-az1': 15, 'c6g.12xlarge_use1-az2': 25, 'c6g.12xlarge_use1-az4': 50, 'c6g.12xlarge_use1-az5': 5, 'c6g.12xlarge_use1-az6': 50, 'c6g.16xlarge_use1-az1': 1, 'c6g.16xlarge_use1-az2': 15, 'c6g.16xlarge_use1-az4': 50, 'c6g.16xlarge_use1-az5': 5, 'c6g.16xlarge_use1-az6': 50, 'c6g.2xlarge_use1-az1': 5, 'c6g.2xlarge_use1-az2': 50, 'c6g.2xlarge_use1-az4': 50, 'c6g.2xlarge_use1-az5': 15, 'c6g.2xlarge_use1-az6': 50, 'c6g.4xlarge_use1-az1': 50, 'c6g.4xlarge_use1-az2': 50, 'c6g.4xlarge_use1-az4': 50, 'c6g.4xlarge_use1-az5': 50, 'c6g.4xlarge_use1-az6': 50, 'c6g.8xlarge_use1-az1': 50, 'c6g.8xlarge_use1-az2': 50, 'c6g.8xlarge_use1-az4': 50, 'c6g.8xlarge_use1-az5': 50, 'c6g.8xlarge_use1-az6': 50, 'c6g.large_use1-az1': 5, 'c6g.large_use1-az2': 50, 'c6g.large_use1-az4': 50, 'c6g.large_use1-az5': 50, 'c6g.large_use1-az6': 50, 'c6g.xlarge_use1-az1': 30, 'c6g.xlarge_use1-az2': 50, 'c6g.xlarge_use1-az4': 50, 'c6g.xlarge_use1-az5': 10, 'c6g.xlarge_use1-az6': 50, 'c6gd.12xlarge_use1-az2': 50, 'c6gd.12xlarge_use1-az4': 30, 'c6gd.12xlarge_use1-az5': 1, 'c6gd.12xlarge_use1-az6': 50, 'c6gd.16xlarge_use1-az2': 50, 'c6gd.16xlarge_use1-az4': 30, 'c6gd.16xlarge_use1-az6': 50, 'c6gd.2xlarge_use1-az1': 15, 'c6gd.2xlarge_use1-az2': 50, 'c6gd.2xlarge_use1-az4': 50, 'c6gd.2xlarge_use1-az5': 1, 'c6gd.2xlarge_use1-az6': 50, 'c6gd.4xlarge_use1-az1': 20, 'c6gd.4xlarge_use1-az2': 50, 'c6gd.4xlarge_use1-az4': 50, 'c6gd.4xlarge_use1-az5': 10, 'c6gd.4xlarge_use1-az6': 50, 'c6gd.8xlarge_use1-az1': 25, 'c6gd.8xlarge_use1-az2': 45, 'c6gd.8xlarge_use1-az4': 45, 'c6gd.8xlarge_use1-az5': 1, 'c6gd.8xlarge_use1-az6': 50, 'c6gd.large_use1-az1': 50, 'c6gd.large_use1-az2': 5, 'c6gd.large_use1-az4': 20, 'c6gd.large_use1-az5': 1, 'c6gd.large_use1-az6': 50, 'c6gd.xlarge_use1-az1': 50, 'c6gd.xlarge_use1-az2': 1, 'c6gd.xlarge_use1-az4': 1, 'c6gd.xlarge_use1-az5': 50, 'c6gd.xlarge_use1-az6': 50, 'c6gn.12xlarge_use1-az2': 25, 'c6gn.12xlarge_use1-az4': 50, 'c6gn.12xlarge_use1-az5': 1, 'c6gn.16xlarge_use1-az1': 1, 'c6gn.16xlarge_use1-az2': 50, 'c6gn.16xlarge_use1-az4': 50, 'c6gn.16xlarge_use1-az5': 10, 'c6gn.2xlarge_use1-az1': 5, 'c6gn.2xlarge_use1-az2': 1, 'c6gn.2xlarge_use1-az4': 20, 'c6gn.2xlarge_use1-az5': 1, 'c6gn.4xlarge_use1-az1': 1, 'c6gn.4xlarge_use1-az2': 40, 'c6gn.4xlarge_use1-az4': 35, 'c6gn.4xlarge_use1-az5': 10, 'c6gn.8xlarge_use1-az1': 25, 'c6gn.8xlarge_use1-az2': 35, 'c6gn.8xlarge_use1-az4': 30, 'c6gn.8xlarge_use1-az5': 5, 'c6gn.8xlarge_use1-az6': 5, 'c6gn.large_use1-az1': 5, 'c6gn.large_use1-az2': 25, 'c6gn.large_use1-az4': 10, 'c6gn.large_use1-az5': 15, 'c6gn.large_use1-az6': 1, 'c6gn.xlarge_use1-az1': 5, 'c6gn.xlarge_use1-az2': 10, 'c6gn.xlarge_use1-az4': 15, 'c6gn.xlarge_use1-az5': 5, 'c6gn.xlarge_use1-az6': 1, 'c6i.12xlarge_use1-az1': 15, 'c6i.12xlarge_use1-az2': 15, 'c6i.12xlarge_use1-az4': 30, 'c6i.12xlarge_use1-az5': 5, 'c6i.12xlarge_use1-az6': 5, 'c6i.16xlarge_use1-az1': 5, 'c6i.16xlarge_use1-az2': 15, 'c6i.16xlarge_use1-az4': 25, 'c6i.16xlarge_use1-az5': 10, 'c6i.16xlarge_use1-az6': 30, 'c6i.24xlarge_use1-az1': 5, 'c6i.24xlarge_use1-az2': 5, 'c6i.24xlarge_use1-az4': 10, 'c6i.24xlarge_use1-az5': 1, 'c6i.24xlarge_use1-az6': 15, 'c6i.2xlarge_use1-az1': 20, 'c6i.2xlarge_use1-az2': 50, 'c6i.2xlarge_use1-az4': 50, 'c6i.2xlarge_use1-az5': 5, 'c6i.2xlarge_use1-az6': 50, 'c6i.32xlarge_use1-az1': 10, 'c6i.32xlarge_use1-az2': 5, 'c6i.32xlarge_use1-az4': 50, 'c6i.32xlarge_use1-az5': 1, 'c6i.32xlarge_use1-az6': 40, 'c6i.4xlarge_use1-az1': 10, 'c6i.4xlarge_use1-az2': 40, 'c6i.4xlarge_use1-az4': 50, 'c6i.4xlarge_use1-az5': 15, 'c6i.4xlarge_use1-az6': 50, 'c6i.8xlarge_use1-az1': 10, 'c6i.8xlarge_use1-az2': 45, 'c6i.8xlarge_use1-az4': 50, 'c6i.8xlarge_use1-az5': 10, 'c6i.8xlarge_use1-az6': 50, 'c6i.large_use1-az1': 10, 'c6i.large_use1-az2': 40, 'c6i.large_use1-az4': 30, 'c6i.large_use1-az5': 10, 'c6i.large_use1-az6': 50, 'c6i.xlarge_use1-az1': 50, 'c6i.xlarge_use1-az2': 45, 'c6i.xlarge_use1-az4': 35, 'c6i.xlarge_use1-az5': 10, 'c6i.xlarge_use1-az6': 50, 'c6id.12xlarge_use1-az1': 1, 'c6id.12xlarge_use1-az2': 1, 'c6id.12xlarge_use1-az4': 5, 'c6id.12xlarge_use1-az6': 5, 'c6id.16xlarge_use1-az1': 1, 'c6id.16xlarge_use1-az2': 5, 'c6id.16xlarge_use1-az4': 5, 'c6id.16xlarge_use1-az5': 1, 'c6id.16xlarge_use1-az6': 1, 'c6id.24xlarge_use1-az1': 5, 'c6id.24xlarge_use1-az2': 15, 'c6id.24xlarge_use1-az4': 5, 'c6id.24xlarge_use1-az5': 1, 'c6id.24xlarge_use1-az6': 10, 'c6id.2xlarge_use1-az1': 1, 'c6id.2xlarge_use1-az2': 1, 'c6id.2xlarge_use1-az4': 5, 'c6id.2xlarge_use1-az5': 5, 'c6id.2xlarge_use1-az6': 1, 'c6id.32xlarge_use1-az1': 1, 'c6id.32xlarge_use1-az2': 5, 'c6id.32xlarge_use1-az4': 10, 'c6id.32xlarge_use1-az5': 1, 'c6id.32xlarge_use1-az6': 5, 'c6id.4xlarge_use1-az1': 15, 'c6id.4xlarge_use1-az2': 10, 'c6id.4xlarge_use1-az4': 10, 'c6id.4xlarge_use1-az5': 1, 'c6id.4xlarge_use1-az6': 5, 'c6id.8xlarge_use1-az1': 5, 'c6id.8xlarge_use1-az2': 1, 'c6id.8xlarge_use1-az4': 5, 'c6id.8xlarge_use1-az5': 1, 'c6id.8xlarge_use1-az6': 1, 'c6id.large_use1-az1': 5, 'c6id.large_use1-az2': 5, 'c6id.large_use1-az4': 1, 'c6id.large_use1-az5': 5, 'c6id.large_use1-az6': 5, 'c6id.xlarge_use1-az1': 5, 'c6id.xlarge_use1-az2': 1, 'c6id.xlarge_use1-az4': 5, 'c6id.xlarge_use1-az5': 1, 'c6id.xlarge_use1-az6': 1, 'c6in.12xlarge_use1-az1': 1, 'c6in.12xlarge_use1-az6': 1, 'c6in.16xlarge_use1-az4': 1, 'c6in.24xlarge_use1-az6': 1, 'c6in.2xlarge_use1-az1': 1, 'c6in.2xlarge_use1-az2': 1, 'c6in.2xlarge_use1-az4': 1, 'c6in.2xlarge_use1-az6': 1, 'c6in.32xlarge_use1-az1': 1, 'c6in.32xlarge_use1-az6': 1, 'c6in.4xlarge_use1-az1': 5, 'c6in.4xlarge_use1-az2': 5, 'c6in.4xlarge_use1-az4': 5, 'c6in.4xlarge_use1-az6': 25, 'c6in.8xlarge_use1-az1': 1, 'c6in.8xlarge_use1-az6': 1, 'c6in.large_use1-az1': 5, 'c6in.large_use1-az2': 1, 'c6in.large_use1-az4': 1, 'c6in.large_use1-az5': 1, 'c6in.large_use1-az6': 5, 'c6in.xlarge_use1-az1': 20, 'c6in.xlarge_use1-az2': 1, 'c6in.xlarge_use1-az4': 1, 'c6in.xlarge_use1-az6': 10, 'c7a.12xlarge_use1-az1': 5, 'c7a.12xlarge_use1-az2': 5, 'c7a.12xlarge_use1-az4': 1, 'c7a.12xlarge_use1-az6': 15, 'c7a.16xlarge_use1-az1': 1, 'c7a.16xlarge_use1-az2': 1, 'c7a.16xlarge_use1-az6': 5, 'c7a.24xlarge_use1-az1': 1, 'c7a.24xlarge_use1-az2': 1, 'c7a.24xlarge_use1-az5': 1, 'c7a.24xlarge_use1-az6': 5, 'c7a.2xlarge_use1-az1': 1, 'c7a.2xlarge_use1-az2': 1, 'c7a.2xlarge_use1-az4': 25, 'c7a.2xlarge_use1-az5': 1, 'c7a.2xlarge_use1-az6': 10, 'c7a.32xlarge_use1-az1': 1, 'c7a.32xlarge_use1-az2': 1, 'c7a.32xlarge_use1-az6': 15, 'c7a.48xlarge_use1-az1': 1, 'c7a.48xlarge_use1-az2': 1, 'c7a.48xlarge_use1-az5': 1, 'c7a.48xlarge_use1-az6': 20, 'c7a.4xlarge_use1-az1': 5, 'c7a.4xlarge_use1-az2': 10, 'c7a.4xlarge_use1-az4': 5, 'c7a.4xlarge_use1-az5': 1, 'c7a.4xlarge_use1-az6': 50, 'c7a.8xlarge_use1-az1': 1, 'c7a.8xlarge_use1-az2': 1, 'c7a.8xlarge_use1-az4': 1, 'c7a.8xlarge_use1-az6': 10, 'c7a.large_use1-az1': 15, 'c7a.large_use1-az2': 25, 'c7a.large_use1-az4': 30, 'c7a.large_use1-az5': 10, 'c7a.large_use1-az6': 50, 'c7a.xlarge_use1-az1': 5, 'c7a.xlarge_use1-az2': 5, 'c7a.xlarge_use1-az4': 10, 'c7a.xlarge_use1-az5': 5, 'c7a.xlarge_use1-az6': 15, 'c7g.12xlarge_use1-az1': 15, 'c7g.12xlarge_use1-az2': 50, 'c7g.12xlarge_use1-az4': 15, 'c7g.12xlarge_use1-az5': 1, 'c7g.12xlarge_use1-az6': 50, 'c7g.16xlarge_use1-az1': 25, 'c7g.16xlarge_use1-az2': 40, 'c7g.16xlarge_use1-az4': 50, 'c7g.16xlarge_use1-az5': 10, 'c7g.16xlarge_use1-az6': 50, 'c7g.2xlarge_use1-az1': 50, 'c7g.2xlarge_use1-az2': 50, 'c7g.2xlarge_use1-az4': 50, 'c7g.2xlarge_use1-az5': 50, 'c7g.2xlarge_use1-az6': 50, 'c7g.4xlarge_use1-az1': 50, 'c7g.4xlarge_use1-az2': 50, 'c7g.4xlarge_use1-az4': 50, 'c7g.4xlarge_use1-az5': 50, 'c7g.4xlarge_use1-az6': 50, 'c7g.8xlarge_use1-az1': 50, 'c7g.8xlarge_use1-az2': 50, 'c7g.8xlarge_use1-az4': 50, 'c7g.8xlarge_use1-az5': 50, 'c7g.8xlarge_use1-az6': 50, 'c7g.large_use1-az1': 5, 'c7g.large_use1-az2': 45, 'c7g.large_use1-az4': 30, 'c7g.large_use1-az5': 10, 'c7g.large_use1-az6': 30, 'c7g.xlarge_use1-az1': 50, 'c7g.xlarge_use1-az2': 50, 'c7g.xlarge_use1-az4': 50, 'c7g.xlarge_use1-az5': 50, 'c7g.xlarge_use1-az6': 50, 'c7gd.12xlarge_use1-az1': 5, 'c7gd.12xlarge_use1-az2': 30, 'c7gd.12xlarge_use1-az4': 15, 'c7gd.12xlarge_use1-az5': 15, 'c7gd.12xlarge_use1-az6': 50, 'c7gd.16xlarge_use1-az1': 5, 'c7gd.16xlarge_use1-az2': 30, 'c7gd.16xlarge_use1-az4': 40, 'c7gd.16xlarge_use1-az5': 1, 'c7gd.16xlarge_use1-az6': 50, 'c7gd.2xlarge_use1-az1': 15, 'c7gd.2xlarge_use1-az2': 50, 'c7gd.2xlarge_use1-az4': 50, 'c7gd.2xlarge_use1-az5': 5, 'c7gd.2xlarge_use1-az6': 50, 'c7gd.4xlarge_use1-az1': 30, 'c7gd.4xlarge_use1-az2': 25, 'c7gd.4xlarge_use1-az4': 50, 'c7gd.4xlarge_use1-az5': 1, 'c7gd.4xlarge_use1-az6': 50, 'c7gd.8xlarge_use1-az1': 5, 'c7gd.8xlarge_use1-az2': 15, 'c7gd.8xlarge_use1-az4': 10, 'c7gd.8xlarge_use1-az5': 5, 'c7gd.8xlarge_use1-az6': 20, 'c7gd.large_use1-az1': 1, 'c7gd.large_use1-az2': 25, 'c7gd.large_use1-az4': 5, 'c7gd.large_use1-az5': 10, 'c7gd.large_use1-az6': 20, 'c7gd.xlarge_use1-az1': 15, 'c7gd.xlarge_use1-az2': 50, 'c7gd.xlarge_use1-az4': 5, 'c7gd.xlarge_use1-az5': 15, 'c7gd.xlarge_use1-az6': 25, 'c7gn.12xlarge_use1-az2': 1, 'c7gn.12xlarge_use1-az5': 1, 'c7gn.12xlarge_use1-az6': 1, 'c7gn.16xlarge_use1-az2': 5, 'c7gn.16xlarge_use1-az5': 5, 'c7gn.16xlarge_use1-az6': 20, 'c7gn.2xlarge_use1-az1': 1, 'c7gn.2xlarge_use1-az2': 1, 'c7gn.2xlarge_use1-az5': 1, 'c7gn.2xlarge_use1-az6': 5, 'c7gn.4xlarge_use1-az2': 50, 'c7gn.4xlarge_use1-az4': 1, 'c7gn.4xlarge_use1-az5': 1, 'c7gn.4xlarge_use1-az6': 50, 'c7gn.8xlarge_use1-az2': 1, 'c7gn.8xlarge_use1-az5': 1, 'c7gn.8xlarge_use1-az6': 5, 'c7gn.large_use1-az1': 1, 'c7gn.large_use1-az2': 10, 'c7gn.large_use1-az5': 10, 'c7gn.large_use1-az6': 10, 'c7gn.xlarge_use1-az1': 1, 'c7gn.xlarge_use1-az2': 5, 'c7gn.xlarge_use1-az5': 5, 'c7gn.xlarge_use1-az6': 5, 'c7i-flex.2xlarge_use1-az1': 50, 'c7i-flex.2xlarge_use1-az2': 50, 'c7i-flex.2xlarge_use1-az4': 50, 'c7i-flex.2xlarge_use1-az5': 15, 'c7i-flex.2xlarge_use1-az6': 50, 'c7i-flex.4xlarge_use1-az1': 1, 'c7i-flex.4xlarge_use1-az2': 1, 'c7i-flex.4xlarge_use1-az4': 1, 'c7i-flex.4xlarge_use1-az6': 5, 'c7i-flex.8xlarge_use1-az1': 1, 'c7i-flex.8xlarge_use1-az2': 1, 'c7i-flex.8xlarge_use1-az4': 1, 'c7i-flex.8xlarge_use1-az6': 5, 'c7i-flex.large_use1-az1': 40, 'c7i-flex.large_use1-az2': 50, 'c7i-flex.large_use1-az4': 10, 'c7i-flex.large_use1-az5': 1, 'c7i-flex.large_use1-az6': 50, 'c7i-flex.xlarge_use1-az1': 50, 'c7i-flex.xlarge_use1-az2': 50, 'c7i-flex.xlarge_use1-az4': 50, 'c7i-flex.xlarge_use1-az5': 5, 'c7i-flex.xlarge_use1-az6': 50, 'c7i.12xlarge_use1-az1': 5, 'c7i.12xlarge_use1-az2': 15, 'c7i.12xlarge_use1-az4': 15, 'c7i.12xlarge_use1-az6': 5, 'c7i.16xlarge_use1-az1': 1, 'c7i.16xlarge_use1-az2': 5, 'c7i.16xlarge_use1-az4': 1, 'c7i.16xlarge_use1-az6': 15, 'c7i.24xlarge_use1-az1': 5, 'c7i.24xlarge_use1-az2': 5, 'c7i.24xlarge_use1-az4': 5, 'c7i.24xlarge_use1-az5': 1, 'c7i.24xlarge_use1-az6': 15, 'c7i.2xlarge_use1-az1': 10, 'c7i.2xlarge_use1-az2': 10, 'c7i.2xlarge_use1-az4': 10, 'c7i.2xlarge_use1-az5': 5, 'c7i.2xlarge_use1-az6': 25, 'c7i.48xlarge_use1-az1': 10, 'c7i.48xlarge_use1-az2': 10, 'c7i.48xlarge_use1-az4': 5, 'c7i.48xlarge_use1-az5': 1, 'c7i.48xlarge_use1-az6': 50, 'c7i.4xlarge_use1-az1': 5, 'c7i.4xlarge_use1-az2': 5, 'c7i.4xlarge_use1-az4': 5, 'c7i.4xlarge_use1-az5': 1, 'c7i.4xlarge_use1-az6': 15, 'c7i.8xlarge_use1-az1': 1, 'c7i.8xlarge_use1-az2': 5, 'c7i.8xlarge_use1-az4': 5, 'c7i.8xlarge_use1-az6': 10, 'c7i.large_use1-az1': 45, 'c7i.large_use1-az2': 50, 'c7i.large_use1-az4': 50, 'c7i.large_use1-az5': 5, 'c7i.large_use1-az6': 50, 'c7i.xlarge_use1-az1': 5, 'c7i.xlarge_use1-az2': 10, 'c7i.xlarge_use1-az4': 5, 'c7i.xlarge_use1-az5': 1, 'c7i.xlarge_use1-az6': 5, 'c8g.12xlarge_use1-az1': 1, 'c8g.12xlarge_use1-az2': 5, 'c8g.12xlarge_use1-az4': 1, 'c8g.12xlarge_use1-az6': 25, 'c8g.16xlarge_use1-az1': 10, 'c8g.16xlarge_use1-az2': 5, 'c8g.16xlarge_use1-az4': 1, 'c8g.16xlarge_use1-az6': 50, 'c8g.24xlarge_use1-az1': 5, 'c8g.24xlarge_use1-az2': 10, 'c8g.24xlarge_use1-az4': 1, 'c8g.24xlarge_use1-az6': 25, 'c8g.2xlarge_use1-az1': 5, 'c8g.2xlarge_use1-az2': 5, 'c8g.2xlarge_use1-az4': 50, 'c8g.2xlarge_use1-az5': 1, 'c8g.2xlarge_use1-az6': 50, 'c8g.48xlarge_use1-az1': 1, 'c8g.48xlarge_use1-az2': 5, 'c8g.48xlarge_use1-az6': 50, 'c8g.4xlarge_use1-az1': 35, 'c8g.4xlarge_use1-az2': 15, 'c8g.4xlarge_use1-az4': 20, 'c8g.4xlarge_use1-az5': 10, 'c8g.4xlarge_use1-az6': 50, 'c8g.8xlarge_use1-az1': 1, 'c8g.8xlarge_use1-az2': 5, 'c8g.8xlarge_use1-az4': 5, 'c8g.8xlarge_use1-az6': 50, 'c8g.large_use1-az1': 5, 'c8g.large_use1-az2': 20, 'c8g.large_use1-az4': 5, 'c8g.large_use1-az5': 1, 'c8g.large_use1-az6': 40, 'c8g.metal-24xl_use1-az2': 1, 'c8g.metal-24xl_use1-az6': 20, 'c8g.metal-48xl_use1-az1': 1, 'c8g.metal-48xl_use1-az2': 1, 'c8g.metal-48xl_use1-az6': 50, 'c8g.xlarge_use1-az1': 5, 'c8g.xlarge_use1-az2': 30, 'c8g.xlarge_use1-az4': 5, 'c8g.xlarge_use1-az5': 1, 'c8g.xlarge_use1-az6': 50, 'c8gd.12xlarge_use1-az2': 5, 'c8gd.12xlarge_use1-az4': 5, 'c8gd.12xlarge_use1-az5': 1, 'c8gd.12xlarge_use1-az6': 5, 'c8gd.16xlarge_use1-az2': 10, 'c8gd.16xlarge_use1-az4': 10, 'c8gd.16xlarge_use1-az5': 5, 'c8gd.16xlarge_use1-az6': 50, 'c8gd.24xlarge_use1-az2': 1, 'c8gd.24xlarge_use1-az4': 5, 'c8gd.24xlarge_use1-az5': 1, 'c8gd.24xlarge_use1-az6': 5, 'c8gd.2xlarge_use1-az2': 50, 'c8gd.2xlarge_use1-az4': 50, 'c8gd.2xlarge_use1-az5': 10, 'c8gd.2xlarge_use1-az6': 50, 'c8gd.48xlarge_use1-az2': 1, 'c8gd.48xlarge_use1-az6': 15, 'c8gd.4xlarge_use1-az2': 10, 'c8gd.4xlarge_use1-az4': 30, 'c8gd.4xlarge_use1-az5': 1, 'c8gd.4xlarge_use1-az6': 50, 'c8gd.8xlarge_use1-az2': 1, 'c8gd.8xlarge_use1-az4': 1, 'c8gd.8xlarge_use1-az5': 1, 'c8gd.8xlarge_use1-az6': 5, 'c8gd.large_use1-az1': 1, 'c8gd.large_use1-az2': 40, 'c8gd.large_use1-az4': 35, 'c8gd.large_use1-az6': 50, 'c8gd.metal-24xl_use1-az2': 1, 'c8gd.metal-24xl_use1-az4': 1, 'c8gd.metal-24xl_use1-az5': 1, 'c8gd.metal-24xl_use1-az6': 5, 'c8gd.metal-48xl_use1-az2': 1, 'c8gd.metal-48xl_use1-az6': 1, 'c8gd.xlarge_use1-az1': 1, 'c8gd.xlarge_use1-az2': 20, 'c8gd.xlarge_use1-az4': 20, 'c8gd.xlarge_use1-az5': 15, 'c8gd.xlarge_use1-az6': 50, 'c8gn.2xlarge_use1-az2': 1, 'c8gn.2xlarge_use1-az4': 1, 'c8gn.2xlarge_use1-az6': 1, 'c8gn.4xlarge_use1-az2': 1, 'c8gn.4xlarge_use1-az5': 1, 'c8gn.8xlarge_use1-az2': 1, 'c8gn.8xlarge_use1-az6': 1, 'c8gn.large_use1-az6': 1, 'c8i-flex.12xlarge_use1-az6': 1, 'c8i-flex.16xlarge_use1-az6': 1, 'c8i-flex.2xlarge_use1-az2': 25, 'c8i-flex.2xlarge_use1-az4': 15, 'c8i-flex.2xlarge_use1-az6': 50, 'c8i-flex.4xlarge_use1-az2': 5, 'c8i-flex.4xlarge_use1-az4': 1, 'c8i-flex.4xlarge_use1-az6': 5, 'c8i-flex.8xlarge_use1-az6': 1, 'c8i-flex.large_use1-az4': 20, 'c8i-flex.xlarge_use1-az2': 40, 'c8i-flex.xlarge_use1-az4': 5, 'c8i-flex.xlarge_use1-az6': 50, 'c8i.12xlarge_use1-az2': 1, 'c8i.12xlarge_use1-az4': 1, 'c8i.12xlarge_use1-az6': 1, 'c8i.16xlarge_use1-az6': 1, 'c8i.24xlarge_use1-az6': 1, 'c8i.2xlarge_use1-az2': 10, 'c8i.2xlarge_use1-az4': 5, 'c8i.2xlarge_use1-az6': 20, 'c8i.32xlarge_use1-az2': 1, 'c8i.32xlarge_use1-az4': 1, 'c8i.32xlarge_use1-az6': 5, 'c8i.48xlarge_use1-az2': 1, 'c8i.48xlarge_use1-az6': 1, 'c8i.4xlarge_use1-az2': 5, 'c8i.4xlarge_use1-az4': 5, 'c8i.4xlarge_use1-az6': 5, 'c8i.8xlarge_use1-az2': 1, 'c8i.8xlarge_use1-az4': 1, 'c8i.8xlarge_use1-az6': 5, 'c8i.96xlarge_use1-az2': 1, 'c8i.96xlarge_use1-az6': 5, 'c8i.metal-48xl_use1-az2': 1, 'c8i.metal-96xl_use1-az2': 1, 'c8i.metal-96xl_use1-az6': 5, 'c8i.xlarge_use1-az2': 50, 'c8i.xlarge_use1-az4': 15, 'c8i.xlarge_use1-az6': 50, 'd2.2xlarge_use1-az1': 1, 'd2.2xlarge_use1-az6': 1, 'd2.4xlarge_use1-az2': 1, 'd2.4xlarge_use1-az6': 1, 'd2.xlarge_use1-az6': 1, 'd3.2xlarge_use1-az1': 15, 'd3.2xlarge_use1-az2': 45, 'd3.2xlarge_use1-az4': 40, 'd3.2xlarge_use1-az6': 35, 'd3.4xlarge_use1-az1': 1, 'd3.4xlarge_use1-az2': 5, 'd3.4xlarge_use1-az4': 15, 'd3.4xlarge_use1-az6': 5, 'd3.8xlarge_use1-az1': 1, 'd3.8xlarge_use1-az2': 40, 'd3.8xlarge_use1-az4': 35, 'd3.8xlarge_use1-az6': 20, 'd3.xlarge_use1-az1': 10, 'd3.xlarge_use1-az2': 50, 'd3.xlarge_use1-az4': 45, 'd3.xlarge_use1-az6': 25, 'd3en.12xlarge_use1-az1': 1, 'd3en.12xlarge_use1-az2': 10, 'd3en.12xlarge_use1-az4': 20, 'd3en.12xlarge_use1-az6': 50, 'd3en.2xlarge_use1-az1': 5, 'd3en.2xlarge_use1-az2': 25, 'd3en.2xlarge_use1-az4': 15, 'd3en.2xlarge_use1-az6': 50, 'd3en.4xlarge_use1-az1': 1, 'd3en.4xlarge_use1-az2': 5, 'd3en.4xlarge_use1-az4': 10, 'd3en.4xlarge_use1-az6': 50, 'd3en.6xlarge_use1-az1': 1, 'd3en.6xlarge_use1-az2': 5, 'd3en.6xlarge_use1-az4': 15, 'd3en.6xlarge_use1-az6': 50, 'd3en.8xlarge_use1-az1': 1, 'd3en.8xlarge_use1-az2': 15, 'd3en.8xlarge_use1-az4': 5, 'd3en.8xlarge_use1-az6': 50, 'd3en.xlarge_use1-az1': 5, 'd3en.xlarge_use1-az2': 50, 'd3en.xlarge_use1-az4': 30, 'd3en.xlarge_use1-az6': 50, 'f2.12xlarge_use1-az2': 1, 'f2.12xlarge_use1-az4': 1, 'f2.12xlarge_use1-az6': 1, 'f2.48xlarge_use1-az2': 5, 'f2.48xlarge_use1-az4': 5, 'f2.48xlarge_use1-az6': 1, 'g4ad.16xlarge_use1-az1': 5, 'g4ad.16xlarge_use1-az2': 5, 'g4ad.16xlarge_use1-az4': 5, 'g4ad.16xlarge_use1-az6': 10, 'g4ad.2xlarge_use1-az1': 5, 'g4ad.2xlarge_use1-az2': 10, 'g4ad.2xlarge_use1-az4': 10, 'g4ad.2xlarge_use1-az6': 10, 'g4ad.4xlarge_use1-az1': 10, 'g4ad.4xlarge_use1-az2': 15, 'g4ad.4xlarge_use1-az4': 15, 'g4ad.4xlarge_use1-az6': 5, 'g4ad.8xlarge_use1-az1': 1, 'g4ad.8xlarge_use1-az2': 5, 'g4ad.8xlarge_use1-az4': 5, 'g4ad.8xlarge_use1-az6': 5, 'g4ad.xlarge_use1-az1': 20, 'g4ad.xlarge_use1-az2': 20, 'g4ad.xlarge_use1-az4': 25, 'g4ad.xlarge_use1-az6': 20, 'g4dn.12xlarge_use1-az1': 5, 'g4dn.12xlarge_use1-az2': 15, 'g4dn.12xlarge_use1-az4': 15, 'g4dn.12xlarge_use1-az5': 15, 'g4dn.12xlarge_use1-az6': 50, 'g4dn.16xlarge_use1-az1': 1, 'g4dn.16xlarge_use1-az2': 10, 'g4dn.16xlarge_use1-az4': 1, 'g4dn.16xlarge_use1-az5': 5, 'g4dn.16xlarge_use1-az6': 15, 'g4dn.2xlarge_use1-az1': 45, 'g4dn.2xlarge_use1-az2': 50, 'g4dn.2xlarge_use1-az4': 50, 'g4dn.2xlarge_use1-az5': 50, 'g4dn.2xlarge_use1-az6': 50, 'g4dn.4xlarge_use1-az1': 5, 'g4dn.4xlarge_use1-az2': 40, 'g4dn.4xlarge_use1-az4': 25, 'g4dn.4xlarge_use1-az5': 40, 'g4dn.4xlarge_use1-az6': 40, 'g4dn.8xlarge_use1-az1': 1, 'g4dn.8xlarge_use1-az2': 1, 'g4dn.8xlarge_use1-az4': 10, 'g4dn.8xlarge_use1-az5': 1, 'g4dn.8xlarge_use1-az6': 5, 'g4dn.xlarge_use1-az1': 50, 'g4dn.xlarge_use1-az2': 50, 'g4dn.xlarge_use1-az4': 50, 'g4dn.xlarge_use1-az5': 50, 'g4dn.xlarge_use1-az6': 50, 'g5.12xlarge_use1-az2': 1, 'g5.12xlarge_use1-az5': 10, 'g5.12xlarge_use1-az6': 5, 'g5.16xlarge_use1-az1': 1, 'g5.16xlarge_use1-az2': 1, 'g5.16xlarge_use1-az4': 5, 'g5.16xlarge_use1-az5': 5, 'g5.16xlarge_use1-az6': 10, 'g5.24xlarge_use1-az1': 1, 'g5.24xlarge_use1-az2': 1, 'g5.24xlarge_use1-az4': 1, 'g5.24xlarge_use1-az5': 1, 'g5.24xlarge_use1-az6': 5, 'g5.2xlarge_use1-az1': 25, 'g5.2xlarge_use1-az2': 15, 'g5.2xlarge_use1-az4': 15, 'g5.2xlarge_use1-az5': 50, 'g5.2xlarge_use1-az6': 45, 'g5.48xlarge_use1-az2': 1, 'g5.48xlarge_use1-az5': 5, 'g5.48xlarge_use1-az6': 25, 'g5.4xlarge_use1-az1': 1, 'g5.4xlarge_use1-az2': 50, 'g5.4xlarge_use1-az4': 50, 'g5.4xlarge_use1-az5': 40, 'g5.4xlarge_use1-az6': 50, 'g5.8xlarge_use1-az1': 1, 'g5.8xlarge_use1-az2': 5, 'g5.8xlarge_use1-az4': 10, 'g5.8xlarge_use1-az5': 20, 'g5.8xlarge_use1-az6': 10, 'g5g.16xlarge_use1-az1': 1, 'g5g.16xlarge_use1-az6': 5, 'g5g.4xlarge_use1-az6': 1, 'g5g.8xlarge_use1-az1': 1, 'g5g.8xlarge_use1-az4': 1, 'g5g.8xlarge_use1-az6': 1, 'g5g.xlarge_use1-az1': 1, 'g5g.xlarge_use1-az2': 1, 'g5g.xlarge_use1-az4': 1, 'g6.12xlarge_use1-az1': 5, 'g6.12xlarge_use1-az2': 1, 'g6.12xlarge_use1-az4': 30, 'g6.12xlarge_use1-az6': 50, 'g6.16xlarge_use1-az1': 1, 'g6.16xlarge_use1-az2': 1, 'g6.16xlarge_use1-az4': 1, 'g6.16xlarge_use1-az6': 5, 'g6.24xlarge_use1-az2': 1, 'g6.24xlarge_use1-az4': 1, 'g6.24xlarge_use1-az6': 1, 'g6.2xlarge_use1-az1': 10, 'g6.2xlarge_use1-az2': 25, 'g6.2xlarge_use1-az4': 50, 'g6.2xlarge_use1-az6': 50, 'g6.48xlarge_use1-az2': 5, 'g6.48xlarge_use1-az4': 30, 'g6.48xlarge_use1-az6': 50, 'g6.4xlarge_use1-az1': 5, 'g6.4xlarge_use1-az2': 10, 'g6.4xlarge_use1-az4': 35, 'g6.4xlarge_use1-az6': 50, 'g6.8xlarge_use1-az1': 5, 'g6.8xlarge_use1-az2': 5, 'g6.8xlarge_use1-az4': 10, 'g6.8xlarge_use1-az6': 15, 'g6.xlarge_use1-az2': 5, 'g6.xlarge_use1-az4': 5, 'g6.xlarge_use1-az6': 5, 'g6e.16xlarge_use1-az1': 10, 'g6e.16xlarge_use1-az2': 15, 'g6e.16xlarge_use1-az4': 40, 'g6e.16xlarge_use1-az6': 20, 'g6e.2xlarge_use1-az1': 10, 'g6e.2xlarge_use1-az2': 1, 'g6e.2xlarge_use1-az4': 10, 'g6e.2xlarge_use1-az6': 5, 'g6e.48xlarge_use1-az4': 5, 'g6e.48xlarge_use1-az6': 1, 'g6e.4xlarge_use1-az1': 1, 'g6e.4xlarge_use1-az4': 5, 'g6e.4xlarge_use1-az6': 1, 'g6e.8xlarge_use1-az1': 1, 'g6e.8xlarge_use1-az2': 1, 'g6e.8xlarge_use1-az4': 1, 'g6e.8xlarge_use1-az6': 1, 'g6f.2xlarge_use1-az1': 1, 'g6f.2xlarge_use1-az4': 1, 'g6f.2xlarge_use1-az6': 5, 'g6f.4xlarge_use1-az1': 1, 'g6f.4xlarge_use1-az4': 1, 'g6f.4xlarge_use1-az6': 1, 'g6f.large_use1-az1': 10, 'g6f.large_use1-az2': 15, 'g6f.large_use1-az4': 40, 'g6f.large_use1-az6': 20, 'g6f.xlarge_use1-az1': 1, 'g6f.xlarge_use1-az2': 1, 'g6f.xlarge_use1-az4': 5, 'g6f.xlarge_use1-az6': 10, 'gr6.4xlarge_use1-az2': 1, 'gr6.4xlarge_use1-az4': 1, 'gr6.4xlarge_use1-az6': 1, 'gr6.8xlarge_use1-az1': 1, 'gr6.8xlarge_use1-az2': 1, 'gr6.8xlarge_use1-az4': 1, 'gr6.8xlarge_use1-az6': 1, 'i2.2xlarge_use1-az2': 10, 'i2.2xlarge_use1-az3': 5, 'i2.2xlarge_use1-az4': 10, 'i2.2xlarge_use1-az6': 5, 'i2.4xlarge_use1-az1': 1, 'i2.4xlarge_use1-az2': 10, 'i2.4xlarge_use1-az3': 1, 'i2.4xlarge_use1-az4': 10, 'i2.4xlarge_use1-az6': 5, 'i2.8xlarge_use1-az2': 1, 'i2.8xlarge_use1-az3': 1, 'i2.8xlarge_use1-az6': 1, 'i2.xlarge_use1-az1': 1, 'i2.xlarge_use1-az2': 15, 'i2.xlarge_use1-az3': 1, 'i2.xlarge_use1-az4': 20, 'i2.xlarge_use1-az6': 15, 'i3.16xlarge_use1-az1': 20, 'i3.16xlarge_use1-az2': 50, 'i3.16xlarge_use1-az3': 10, 'i3.16xlarge_use1-az4': 50, 'i3.16xlarge_use1-az5': 10, 'i3.16xlarge_use1-az6': 45, 'i3.2xlarge_use1-az1': 50, 'i3.2xlarge_use1-az2': 50, 'i3.2xlarge_use1-az3': 50, 'i3.2xlarge_use1-az4': 50, 'i3.2xlarge_use1-az5': 50, 'i3.2xlarge_use1-az6': 50, 'i3.4xlarge_use1-az1': 50, 'i3.4xlarge_use1-az2': 50, 'i3.4xlarge_use1-az3': 50, 'i3.4xlarge_use1-az4': 50, 'i3.4xlarge_use1-az5': 50, 'i3.4xlarge_use1-az6': 50, 'i3.8xlarge_use1-az1': 50, 'i3.8xlarge_use1-az2': 50, 'i3.8xlarge_use1-az3': 50, 'i3.8xlarge_use1-az4': 50, 'i3.8xlarge_use1-az5': 25, 'i3.8xlarge_use1-az6': 50, 'i3.large_use1-az1': 50, 'i3.large_use1-az2': 50, 'i3.large_use1-az3': 50, 'i3.large_use1-az4': 50, 'i3.large_use1-az5': 50, 'i3.large_use1-az6': 50, 'i3.xlarge_use1-az1': 50, 'i3.xlarge_use1-az2': 50, 'i3.xlarge_use1-az3': 50, 'i3.xlarge_use1-az4': 50, 'i3.xlarge_use1-az5': 50, 'i3.xlarge_use1-az6': 50, 'i3en.12xlarge_use1-az1': 1, 'i3en.12xlarge_use1-az2': 1, 'i3en.12xlarge_use1-az6': 50, 'i3en.24xlarge_use1-az6': 20, 'i3en.2xlarge_use1-az1': 50, 'i3en.2xlarge_use1-az2': 50, 'i3en.2xlarge_use1-az4': 30, 'i3en.2xlarge_use1-az5': 50, 'i3en.2xlarge_use1-az6': 50, 'i3en.3xlarge_use1-az1': 50, 'i3en.3xlarge_use1-az2': 50, 'i3en.3xlarge_use1-az4': 50, 'i3en.3xlarge_use1-az5': 50, 'i3en.3xlarge_use1-az6': 50, 'i3en.6xlarge_use1-az1': 10, 'i3en.6xlarge_use1-az2': 20, 'i3en.6xlarge_use1-az4': 10, 'i3en.6xlarge_use1-az6': 50, 'i3en.large_use1-az1': 50, 'i3en.large_use1-az2': 50, 'i3en.large_use1-az4': 45, 'i3en.large_use1-az5': 35, 'i3en.large_use1-az6': 50, 'i3en.xlarge_use1-az1': 50, 'i3en.xlarge_use1-az2': 50, 'i3en.xlarge_use1-az4': 50, 'i3en.xlarge_use1-az5': 50, 'i3en.xlarge_use1-az6': 50, 'i4g.16xlarge_use1-az2': 1, 'i4g.16xlarge_use1-az4': 1, 'i4g.16xlarge_use1-az5': 50, 'i4g.16xlarge_use1-az6': 50, 'i4g.2xlarge_use1-az2': 10, 'i4g.2xlarge_use1-az4': 15, 'i4g.2xlarge_use1-az5': 40, 'i4g.2xlarge_use1-az6': 50, 'i4g.4xlarge_use1-az2': 25, 'i4g.4xlarge_use1-az4': 30, 'i4g.4xlarge_use1-az5': 50, 'i4g.4xlarge_use1-az6': 50, 'i4g.8xlarge_use1-az5': 45, 'i4g.8xlarge_use1-az6': 15, 'i4g.large_use1-az1': 5, 'i4g.large_use1-az2': 5, 'i4g.large_use1-az4': 5, 'i4g.large_use1-az5': 25, 'i4g.large_use1-az6': 50, 'i4g.xlarge_use1-az2': 10, 'i4g.xlarge_use1-az4': 1, 'i4g.xlarge_use1-az5': 50, 'i4g.xlarge_use1-az6': 50, 'i4i.12xlarge_use1-az2': 5, 'i4i.16xlarge_use1-az1': 1, 'i4i.16xlarge_use1-az2': 1, 'i4i.16xlarge_use1-az4': 1, 'i4i.16xlarge_use1-az6': 1, 'i4i.24xlarge_use1-az2': 1, 'i4i.2xlarge_use1-az1': 15, 'i4i.2xlarge_use1-az2': 50, 'i4i.2xlarge_use1-az4': 50, 'i4i.2xlarge_use1-az5': 1, 'i4i.2xlarge_use1-az6': 50, 'i4i.4xlarge_use1-az1': 1, 'i4i.4xlarge_use1-az2': 35, 'i4i.4xlarge_use1-az4': 1, 'i4i.4xlarge_use1-az6': 15, 'i4i.8xlarge_use1-az1': 1, 'i4i.8xlarge_use1-az2': 40, 'i4i.8xlarge_use1-az6': 5, 'i4i.large_use1-az1': 50, 'i4i.large_use1-az2': 50, 'i4i.large_use1-az4': 50, 'i4i.large_use1-az5': 50, 'i4i.large_use1-az6': 50, 'i4i.xlarge_use1-az1': 50, 'i4i.xlarge_use1-az2': 50, 'i4i.xlarge_use1-az4': 50, 'i4i.xlarge_use1-az5': 50, 'i4i.xlarge_use1-az6': 50, 'i7i.12xlarge_use1-az1': 1, 'i7i.12xlarge_use1-az2': 1, 'i7i.12xlarge_use1-az4': 1, 'i7i.12xlarge_use1-az5': 1, 'i7i.12xlarge_use1-az6': 1, 'i7i.16xlarge_use1-az2': 1, 'i7i.16xlarge_use1-az4': 5, 'i7i.16xlarge_use1-az5': 1, 'i7i.16xlarge_use1-az6': 1, 'i7i.24xlarge_use1-az2': 1, 'i7i.24xlarge_use1-az4': 1, 'i7i.24xlarge_use1-az5': 1, 'i7i.24xlarge_use1-az6': 1, 'i7i.2xlarge_use1-az1': 1, 'i7i.2xlarge_use1-az2': 50, 'i7i.2xlarge_use1-az4': 45, 'i7i.2xlarge_use1-az5': 20, 'i7i.2xlarge_use1-az6': 10, 'i7i.48xlarge_use1-az2': 1, 'i7i.4xlarge_use1-az1': 1, 'i7i.4xlarge_use1-az2': 15, 'i7i.4xlarge_use1-az4': 20, 'i7i.4xlarge_use1-az5': 5, 'i7i.4xlarge_use1-az6': 20, 'i7i.8xlarge_use1-az1': 1, 'i7i.8xlarge_use1-az2': 1, 'i7i.8xlarge_use1-az4': 5, 'i7i.8xlarge_use1-az5': 1, 'i7i.8xlarge_use1-az6': 1, 'i7i.metal-24xl_use1-az2': 1, 'i7i.metal-24xl_use1-az4': 50, 'i7i.metal-24xl_use1-az6': 35, 'i7i.xlarge_use1-az1': 1, 'i7i.xlarge_use1-az6': 20, 'i7ie.12xlarge_use1-az1': 1, 'i7ie.12xlarge_use1-az4': 1, 'i7ie.12xlarge_use1-az6': 30, 'i7ie.18xlarge_use1-az4': 1, 'i7ie.18xlarge_use1-az6': 20, 'i7ie.24xlarge_use1-az1': 1, 'i7ie.24xlarge_use1-az2': 1, 'i7ie.24xlarge_use1-az4': 1, 'i7ie.24xlarge_use1-az6': 50, 'i7ie.2xlarge_use1-az1': 5, 'i7ie.2xlarge_use1-az2': 1, 'i7ie.2xlarge_use1-az4': 15, 'i7ie.2xlarge_use1-az6': 35, 'i7ie.3xlarge_use1-az1': 5, 'i7ie.3xlarge_use1-az2': 1, 'i7ie.3xlarge_use1-az4': 5, 'i7ie.3xlarge_use1-az6': 30, 'i7ie.48xlarge_use1-az6': 50, 'i7ie.6xlarge_use1-az1': 25, 'i7ie.6xlarge_use1-az4': 20, 'i7ie.6xlarge_use1-az6': 50, 'i7ie.large_use1-az1': 45, 'i7ie.large_use1-az2': 15, 'i7ie.large_use1-az4': 50, 'i7ie.large_use1-az6': 50, 'i7ie.metal-24xl_use1-az4': 1, 'i7ie.metal-24xl_use1-az6': 15, 'i7ie.metal-48xl_use1-az6': 10, 'i7ie.xlarge_use1-az1': 10, 'i7ie.xlarge_use1-az2': 25, 'i7ie.xlarge_use1-az4': 45, 'i7ie.xlarge_use1-az6': 50, 'i8g.12xlarge_use1-az6': 1, 'i8g.24xlarge_use1-az6': 10, 'i8g.2xlarge_use1-az2': 1, 'i8g.4xlarge_use1-az2': 1, 'i8g.8xlarge_use1-az6': 5, 'i8g.large_use1-az2': 10, 'i8g.large_use1-az6': 5, 'i8g.xlarge_use1-az2': 1, 'i8g.xlarge_use1-az4': 1, 'i8g.xlarge_use1-az6': 1, 'i8ge.12xlarge_use1-az4': 1, 'i8ge.12xlarge_use1-az6': 5, 'i8ge.18xlarge_use1-az2': 1, 'i8ge.18xlarge_use1-az4': 1, 'i8ge.18xlarge_use1-az6': 5, 'i8ge.24xlarge_use1-az4': 1, 'i8ge.24xlarge_use1-az6': 5, 'i8ge.2xlarge_use1-az4': 10, 'i8ge.3xlarge_use1-az2': 1, 'i8ge.3xlarge_use1-az4': 5, 'i8ge.48xlarge_use1-az4': 5, 'i8ge.6xlarge_use1-az2': 1, 'i8ge.6xlarge_use1-az4': 1, 'i8ge.large_use1-az2': 5, 'i8ge.large_use1-az4': 50, 'i8ge.metal-24xl_use1-az4': 1, 'i8ge.metal-48xl_use1-az6': 1, 'i8ge.xlarge_use1-az4': 20, 'im4gn.16xlarge_use1-az4': 45, 'im4gn.2xlarge_use1-az1': 10, 'im4gn.2xlarge_use1-az4': 20, 'im4gn.2xlarge_use1-az6': 15, 'im4gn.4xlarge_use1-az1': 5, 'im4gn.4xlarge_use1-az4': 15, 'im4gn.8xlarge_use1-az1': 1, 'im4gn.8xlarge_use1-az4': 5, 'im4gn.large_use1-az1': 35, 'im4gn.large_use1-az2': 10, 'im4gn.large_use1-az4': 50, 'im4gn.large_use1-az6': 10, 'im4gn.xlarge_use1-az1': 25, 'im4gn.xlarge_use1-az2': 50, 'im4gn.xlarge_use1-az4': 30, 'im4gn.xlarge_use1-az6': 40, 'inf1.24xlarge_use1-az1': 1, 'inf1.24xlarge_use1-az2': 1, 'inf1.24xlarge_use1-az4': 10, 'inf1.24xlarge_use1-az5': 5, 'inf1.24xlarge_use1-az6': 20, 'inf1.2xlarge_use1-az1': 15, 'inf1.2xlarge_use1-az2': 15, 'inf1.2xlarge_use1-az4': 30, 'inf1.2xlarge_use1-az5': 40, 'inf1.2xlarge_use1-az6': 40, 'inf1.6xlarge_use1-az1': 1, 'inf1.6xlarge_use1-az2': 1, 'inf1.6xlarge_use1-az4': 5, 'inf1.6xlarge_use1-az5': 5, 'inf1.6xlarge_use1-az6': 10, 'inf1.xlarge_use1-az1': 50, 'inf1.xlarge_use1-az2': 50, 'inf1.xlarge_use1-az4': 40, 'inf1.xlarge_use1-az5': 50, 'inf1.xlarge_use1-az6': 50, 'inf2.24xlarge_use1-az4': 1, 'inf2.24xlarge_use1-az6': 10, 'inf2.48xlarge_use1-az6': 15, 'inf2.8xlarge_use1-az2': 5, 'inf2.8xlarge_use1-az4': 5, 'inf2.8xlarge_use1-az5': 1, 'inf2.8xlarge_use1-az6': 1, 'inf2.xlarge_use1-az2': 5, 'inf2.xlarge_use1-az4': 1, 'inf2.xlarge_use1-az6': 50, 'is4gen.2xlarge_use1-az1': 1, 'is4gen.2xlarge_use1-az2': 50, 'is4gen.2xlarge_use1-az4': 50, 'is4gen.2xlarge_use1-az6': 50, 'is4gen.4xlarge_use1-az1': 1, 'is4gen.8xlarge_use1-az1': 1, 'is4gen.8xlarge_use1-az4': 1, 'is4gen.large_use1-az1': 5, 'is4gen.large_use1-az4': 10, 'is4gen.large_use1-az6': 15, 'is4gen.medium_use1-az1': 50, 'is4gen.medium_use1-az2': 25, 'is4gen.medium_use1-az4': 40, 'is4gen.medium_use1-az6': 30, 'is4gen.xlarge_use1-az1': 1, 'is4gen.xlarge_use1-az2': 1, 'is4gen.xlarge_use1-az4': 15, 'm1.large_use1-az2': 25, 'm1.large_use1-az4': 20, 'm1.large_use1-az6': 15, 'm1.xlarge_use1-az1': 1, 'm1.xlarge_use1-az2': 10, 'm1.xlarge_use1-az4': 10, 'm1.xlarge_use1-az6': 10, 'm2.2xlarge_use1-az1': 5, 'm2.2xlarge_use1-az2': 10, 'm2.2xlarge_use1-az4': 15, 'm2.2xlarge_use1-az6': 5, 'm2.4xlarge_use1-az1': 1, 'm2.4xlarge_use1-az2': 5, 'm2.4xlarge_use1-az4': 5, 'm2.4xlarge_use1-az6': 5, 'm2.xlarge_use1-az1': 5, 'm2.xlarge_use1-az2': 20, 'm2.xlarge_use1-az4': 20, 'm2.xlarge_use1-az6': 15, 'm3.2xlarge_use1-az2': 25, 'm3.2xlarge_use1-az3': 1, 'm3.2xlarge_use1-az4': 40, 'm3.2xlarge_use1-az6': 45, 'm3.large_use1-az2': 50, 'm3.large_use1-az3': 1, 'm3.large_use1-az4': 50, 'm3.large_use1-az6': 50, 'm3.xlarge_use1-az2': 50, 'm3.xlarge_use1-az3': 1, 'm3.xlarge_use1-az4': 50, 'm3.xlarge_use1-az6': 50, 'm4.10xlarge_use1-az1': 5, 'm4.10xlarge_use1-az2': 10, 'm4.10xlarge_use1-az3': 1, 'm4.10xlarge_use1-az4': 50, 'm4.10xlarge_use1-az5': 1, 'm4.10xlarge_use1-az6': 50, 'm4.2xlarge_use1-az1': 5, 'm4.2xlarge_use1-az2': 20, 'm4.2xlarge_use1-az3': 50, 'm4.2xlarge_use1-az4': 20, 'm4.2xlarge_use1-az5': 1, 'm4.2xlarge_use1-az6': 25, 'm4.4xlarge_use1-az1': 50, 'm4.4xlarge_use1-az2': 50, 'm4.4xlarge_use1-az3': 50, 'm4.4xlarge_use1-az4': 25, 'm4.4xlarge_use1-az5': 10, 'm4.4xlarge_use1-az6': 15, 'm4.large_use1-az1': 30, 'm4.large_use1-az2': 50, 'm4.large_use1-az3': 25, 'm4.large_use1-az4': 50, 'm4.large_use1-az5': 10, 'm4.large_use1-az6': 50, 'm4.xlarge_use1-az1': 15, 'm4.xlarge_use1-az2': 50, 'm4.xlarge_use1-az3': 50, 'm4.xlarge_use1-az4': 50, 'm4.xlarge_use1-az5': 30, 'm4.xlarge_use1-az6': 50, 'm5.12xlarge_use1-az1': 5, 'm5.12xlarge_use1-az2': 25, 'm5.12xlarge_use1-az4': 50, 'm5.12xlarge_use1-az5': 1, 'm5.12xlarge_use1-az6': 40, 'm5.16xlarge_use1-az1': 10, 'm5.16xlarge_use1-az2': 50, 'm5.16xlarge_use1-az4': 50, 'm5.16xlarge_use1-az5': 1, 'm5.16xlarge_use1-az6': 50, 'm5.24xlarge_use1-az1': 5, 'm5.24xlarge_use1-az2': 5, 'm5.24xlarge_use1-az4': 5, 'm5.24xlarge_use1-az5': 1, 'm5.24xlarge_use1-az6': 35, 'm5.2xlarge_use1-az1': 50, 'm5.2xlarge_use1-az2': 50, 'm5.2xlarge_use1-az4': 50, 'm5.2xlarge_use1-az5': 50, 'm5.2xlarge_use1-az6': 50, 'm5.4xlarge_use1-az1': 50, 'm5.4xlarge_use1-az2': 50, 'm5.4xlarge_use1-az4': 50, 'm5.4xlarge_use1-az5': 10, 'm5.4xlarge_use1-az6': 50, 'm5.8xlarge_use1-az1': 50, 'm5.8xlarge_use1-az2': 40, 'm5.8xlarge_use1-az4': 50, 'm5.8xlarge_use1-az5': 1, 'm5.8xlarge_use1-az6': 50, 'm5.large_use1-az1': 50, 'm5.large_use1-az2': 50, 'm5.large_use1-az4': 50, 'm5.large_use1-az5': 50, 'm5.large_use1-az6': 50, 'm5.xlarge_use1-az1': 50, 'm5.xlarge_use1-az2': 50, 'm5.xlarge_use1-az4': 50, 'm5.xlarge_use1-az5': 50, 'm5.xlarge_use1-az6': 50, 'm5a.12xlarge_use1-az2': 1, 'm5a.12xlarge_use1-az4': 1, 'm5a.12xlarge_use1-az6': 1, 'm5a.16xlarge_use1-az2': 1, 'm5a.16xlarge_use1-az4': 1, 'm5a.16xlarge_use1-az6': 1, 'm5a.24xlarge_use1-az1': 1, 'm5a.24xlarge_use1-az2': 1, 'm5a.24xlarge_use1-az4': 1, 'm5a.24xlarge_use1-az5': 5, 'm5a.24xlarge_use1-az6': 5, 'm5a.2xlarge_use1-az1': 10, 'm5a.2xlarge_use1-az2': 25, 'm5a.2xlarge_use1-az4': 25, 'm5a.2xlarge_use1-az5': 5, 'm5a.2xlarge_use1-az6': 45, 'm5a.4xlarge_use1-az1': 5, 'm5a.4xlarge_use1-az2': 10, 'm5a.4xlarge_use1-az4': 5, 'm5a.4xlarge_use1-az5': 10, 'm5a.4xlarge_use1-az6': 15, 'm5a.8xlarge_use1-az1': 1, 'm5a.8xlarge_use1-az2': 20, 'm5a.8xlarge_use1-az4': 20, 'm5a.8xlarge_use1-az5': 1, 'm5a.8xlarge_use1-az6': 5, 'm5a.large_use1-az1': 50, 'm5a.large_use1-az2': 50, 'm5a.large_use1-az4': 50, 'm5a.large_use1-az5': 45, 'm5a.large_use1-az6': 50, 'm5a.xlarge_use1-az1': 10, 'm5a.xlarge_use1-az2': 30, 'm5a.xlarge_use1-az4': 10, 'm5a.xlarge_use1-az5': 20, 'm5a.xlarge_use1-az6': 50, 'm5ad.12xlarge_use1-az1': 1, 'm5ad.16xlarge_use1-az1': 1, 'm5ad.16xlarge_use1-az2': 1, 'm5ad.16xlarge_use1-az4': 1, 'm5ad.16xlarge_use1-az6': 1, 'm5ad.24xlarge_use1-az1': 5, 'm5ad.24xlarge_use1-az2': 1, 'm5ad.24xlarge_use1-az4': 1, 'm5ad.24xlarge_use1-az6': 5, 'm5ad.2xlarge_use1-az1': 1, 'm5ad.2xlarge_use1-az2': 1, 'm5ad.2xlarge_use1-az4': 5, 'm5ad.2xlarge_use1-az6': 1, 'm5ad.4xlarge_use1-az1': 1, 'm5ad.4xlarge_use1-az2': 1, 'm5ad.4xlarge_use1-az4': 1, 'm5ad.4xlarge_use1-az6': 1, 'm5ad.8xlarge_use1-az2': 1, 'm5ad.large_use1-az1': 10, 'm5ad.large_use1-az2': 5, 'm5ad.large_use1-az4': 10, 'm5ad.large_use1-az5': 1, 'm5ad.large_use1-az6': 10, 'm5ad.xlarge_use1-az1': 1, 'm5ad.xlarge_use1-az2': 10, 'm5ad.xlarge_use1-az4': 5, 'm5ad.xlarge_use1-az6': 5, 'm5d.12xlarge_use1-az1': 1, 'm5d.12xlarge_use1-az2': 25, 'm5d.12xlarge_use1-az4': 30, 'm5d.12xlarge_use1-az6': 15, 'm5d.16xlarge_use1-az1': 5, 'm5d.16xlarge_use1-az2': 35, 'm5d.16xlarge_use1-az4': 20, 'm5d.16xlarge_use1-az5': 1, 'm5d.16xlarge_use1-az6': 50, 'm5d.24xlarge_use1-az1': 20, 'm5d.24xlarge_use1-az2': 15, 'm5d.24xlarge_use1-az4': 5, 'm5d.24xlarge_use1-az5': 1, 'm5d.24xlarge_use1-az6': 50, 'm5d.2xlarge_use1-az1': 5, 'm5d.2xlarge_use1-az2': 25, 'm5d.2xlarge_use1-az4': 25, 'm5d.2xlarge_use1-az6': 30, 'm5d.4xlarge_use1-az1': 5, 'm5d.4xlarge_use1-az2': 15, 'm5d.4xlarge_use1-az4': 25, 'm5d.4xlarge_use1-az6': 25, 'm5d.8xlarge_use1-az1': 1, 'm5d.8xlarge_use1-az2': 25, 'm5d.8xlarge_use1-az4': 10, 'm5d.8xlarge_use1-az5': 1, 'm5d.8xlarge_use1-az6': 10, 'm5d.large_use1-az1': 5, 'm5d.large_use1-az2': 50, 'm5d.large_use1-az4': 50, 'm5d.large_use1-az6': 50, 'm5d.xlarge_use1-az1': 50, 'm5d.xlarge_use1-az2': 50, 'm5d.xlarge_use1-az4': 50, 'm5d.xlarge_use1-az5': 1, 'm5d.xlarge_use1-az6': 50, 'm5dn.12xlarge_use1-az1': 1, 'm5dn.12xlarge_use1-az4': 1, 'm5dn.12xlarge_use1-az6': 1, 'm5dn.16xlarge_use1-az1': 1, 'm5dn.16xlarge_use1-az2': 5, 'm5dn.16xlarge_use1-az4': 1, 'm5dn.16xlarge_use1-az6': 1, 'm5dn.24xlarge_use1-az1': 1, 'm5dn.24xlarge_use1-az2': 1, 'm5dn.24xlarge_use1-az4': 1, 'm5dn.24xlarge_use1-az6': 5, 'm5dn.2xlarge_use1-az1': 10, 'm5dn.2xlarge_use1-az2': 5, 'm5dn.2xlarge_use1-az4': 5, 'm5dn.2xlarge_use1-az5': 1, 'm5dn.2xlarge_use1-az6': 15, 'm5dn.4xlarge_use1-az1': 5, 'm5dn.4xlarge_use1-az2': 5, 'm5dn.4xlarge_use1-az4': 1, 'm5dn.4xlarge_use1-az5': 1, 'm5dn.4xlarge_use1-az6': 5, 'm5dn.8xlarge_use1-az2': 1, 'm5dn.8xlarge_use1-az6': 1, 'm5dn.large_use1-az1': 35, 'm5dn.large_use1-az2': 30, 'm5dn.large_use1-az4': 40, 'm5dn.large_use1-az5': 15, 'm5dn.large_use1-az6': 50, 'm5dn.xlarge_use1-az1': 10, 'm5dn.xlarge_use1-az2': 25, 'm5dn.xlarge_use1-az4': 20, 'm5dn.xlarge_use1-az5': 1, 'm5dn.xlarge_use1-az6': 30, 'm5n.12xlarge_use1-az1': 1, 'm5n.12xlarge_use1-az2': 1, 'm5n.12xlarge_use1-az4': 1, 'm5n.12xlarge_use1-az5': 1, 'm5n.12xlarge_use1-az6': 1, 'm5n.16xlarge_use1-az2': 1, 'm5n.16xlarge_use1-az4': 1, 'm5n.16xlarge_use1-az6': 1, 'm5n.24xlarge_use1-az2': 1, 'm5n.24xlarge_use1-az4': 1, 'm5n.24xlarge_use1-az6': 1, 'm5n.2xlarge_use1-az1': 15, 'm5n.2xlarge_use1-az2': 25, 'm5n.2xlarge_use1-az4': 30, 'm5n.2xlarge_use1-az5': 5, 'm5n.2xlarge_use1-az6': 25, 'm5n.4xlarge_use1-az1': 25, 'm5n.4xlarge_use1-az2': 35, 'm5n.4xlarge_use1-az4': 50, 'm5n.4xlarge_use1-az5': 5, 'm5n.4xlarge_use1-az6': 10, 'm5n.8xlarge_use1-az1': 1, 'm5n.8xlarge_use1-az2': 1, 'm5n.8xlarge_use1-az4': 1, 'm5n.8xlarge_use1-az6': 5, 'm5n.large_use1-az1': 5, 'm5n.large_use1-az2': 15, 'm5n.large_use1-az4': 5, 'm5n.large_use1-az5': 5, 'm5n.large_use1-az6': 15, 'm5n.xlarge_use1-az1': 20, 'm5n.xlarge_use1-az2': 50, 'm5n.xlarge_use1-az4': 50, 'm5n.xlarge_use1-az5': 1, 'm5n.xlarge_use1-az6': 50, 'm5zn.12xlarge_use1-az2': 1, 'm5zn.12xlarge_use1-az4': 10, 'm5zn.12xlarge_use1-az5': 1, 'm5zn.12xlarge_use1-az6': 5, 'm5zn.2xlarge_use1-az1': 1, 'm5zn.2xlarge_use1-az2': 1, 'm5zn.2xlarge_use1-az4': 25, 'm5zn.2xlarge_use1-az5': 1, 'm5zn.2xlarge_use1-az6': 5, 'm5zn.3xlarge_use1-az1': 1, 'm5zn.3xlarge_use1-az2': 1, 'm5zn.3xlarge_use1-az4': 5, 'm5zn.3xlarge_use1-az6': 5, 'm5zn.6xlarge_use1-az4': 1, 'm5zn.6xlarge_use1-az6': 1, 'm5zn.large_use1-az1': 5, 'm5zn.large_use1-az2': 5, 'm5zn.large_use1-az4': 30, 'm5zn.large_use1-az5': 15, 'm5zn.large_use1-az6': 20, 'm5zn.xlarge_use1-az1': 1, 'm5zn.xlarge_use1-az2': 1, 'm5zn.xlarge_use1-az4': 20, 'm5zn.xlarge_use1-az5': 5, 'm5zn.xlarge_use1-az6': 5, 'm6a.12xlarge_use1-az1': 5, 'm6a.12xlarge_use1-az2': 5, 'm6a.12xlarge_use1-az4': 15, 'm6a.12xlarge_use1-az6': 10, 'm6a.16xlarge_use1-az1': 5, 'm6a.16xlarge_use1-az2': 5, 'm6a.16xlarge_use1-az4': 5, 'm6a.16xlarge_use1-az6': 5, 'm6a.24xlarge_use1-az1': 1, 'm6a.24xlarge_use1-az2': 1, 'm6a.24xlarge_use1-az4': 1, 'm6a.24xlarge_use1-az6': 1, 'm6a.2xlarge_use1-az1': 50, 'm6a.2xlarge_use1-az2': 35, 'm6a.2xlarge_use1-az4': 45, 'm6a.2xlarge_use1-az5': 15, 'm6a.2xlarge_use1-az6': 50, 'm6a.32xlarge_use1-az2': 1, 'm6a.32xlarge_use1-az4': 1, 'm6a.32xlarge_use1-az5': 1, 'm6a.32xlarge_use1-az6': 1, 'm6a.48xlarge_use1-az2': 1, 'm6a.48xlarge_use1-az4': 1, 'm6a.48xlarge_use1-az6': 1, 'm6a.4xlarge_use1-az1': 45, 'm6a.4xlarge_use1-az2': 40, 'm6a.4xlarge_use1-az4': 25, 'm6a.4xlarge_use1-az5': 5, 'm6a.4xlarge_use1-az6': 50, 'm6a.8xlarge_use1-az1': 25, 'm6a.8xlarge_use1-az2': 15, 'm6a.8xlarge_use1-az4': 50, 'm6a.8xlarge_use1-az5': 10, 'm6a.8xlarge_use1-az6': 50, 'm6a.large_use1-az1': 50, 'm6a.large_use1-az2': 50, 'm6a.large_use1-az4': 50, 'm6a.large_use1-az5': 30, 'm6a.large_use1-az6': 50, 'm6a.xlarge_use1-az1': 50, 'm6a.xlarge_use1-az2': 50, 'm6a.xlarge_use1-az4': 50, 'm6a.xlarge_use1-az5': 35, 'm6a.xlarge_use1-az6': 50, 'm6g.12xlarge_use1-az1': 1, 'm6g.12xlarge_use1-az2': 5, 'm6g.12xlarge_use1-az4': 50, 'm6g.12xlarge_use1-az6': 50, 'm6g.16xlarge_use1-az1': 1, 'm6g.16xlarge_use1-az2': 5, 'm6g.16xlarge_use1-az4': 25, 'm6g.16xlarge_use1-az6': 50, 'm6g.2xlarge_use1-az1': 15, 'm6g.2xlarge_use1-az2': 50, 'm6g.2xlarge_use1-az4': 50, 'm6g.2xlarge_use1-az5': 5, 'm6g.2xlarge_use1-az6': 50, 'm6g.4xlarge_use1-az1': 10, 'm6g.4xlarge_use1-az2': 50, 'm6g.4xlarge_use1-az4': 50, 'm6g.4xlarge_use1-az5': 10, 'm6g.4xlarge_use1-az6': 50, 'm6g.8xlarge_use1-az1': 5, 'm6g.8xlarge_use1-az2': 50, 'm6g.8xlarge_use1-az4': 50, 'm6g.8xlarge_use1-az6': 50, 'm6g.large_use1-az1': 1, 'm6g.large_use1-az2': 50, 'm6g.large_use1-az4': 50, 'm6g.large_use1-az5': 5, 'm6g.large_use1-az6': 50, 'm6g.medium_use1-az1': 5, 'm6g.medium_use1-az2': 5, 'm6g.medium_use1-az4': 10, 'm6g.medium_use1-az5': 1, 'm6g.medium_use1-az6': 15, 'm6g.xlarge_use1-az1': 50, 'm6g.xlarge_use1-az2': 50, 'm6g.xlarge_use1-az4': 50, 'm6g.xlarge_use1-az5': 50, 'm6g.xlarge_use1-az6': 50, 'm6gd.12xlarge_use1-az1': 10, 'm6gd.12xlarge_use1-az2': 40, 'm6gd.12xlarge_use1-az4': 20, 'm6gd.12xlarge_use1-az5': 5, 'm6gd.12xlarge_use1-az6': 50, 'm6gd.16xlarge_use1-az1': 5, 'm6gd.16xlarge_use1-az2': 10, 'm6gd.16xlarge_use1-az4': 10, 'm6gd.16xlarge_use1-az5': 10, 'm6gd.16xlarge_use1-az6': 35, 'm6gd.2xlarge_use1-az1': 1, 'm6gd.2xlarge_use1-az2': 50, 'm6gd.2xlarge_use1-az4': 45, 'm6gd.2xlarge_use1-az5': 1, 'm6gd.2xlarge_use1-az6': 5, 'm6gd.4xlarge_use1-az1': 1, 'm6gd.4xlarge_use1-az2': 5, 'm6gd.4xlarge_use1-az4': 5, 'm6gd.4xlarge_use1-az5': 1, 'm6gd.4xlarge_use1-az6': 15, 'm6gd.8xlarge_use1-az1': 5, 'm6gd.8xlarge_use1-az2': 10, 'm6gd.8xlarge_use1-az4': 15, 'm6gd.8xlarge_use1-az5': 1, 'm6gd.8xlarge_use1-az6': 20, 'm6gd.large_use1-az1': 1, 'm6gd.large_use1-az2': 5, 'm6gd.large_use1-az4': 5, 'm6gd.large_use1-az5': 1, 'm6gd.large_use1-az6': 15, 'm6gd.medium_use1-az1': 1, 'm6gd.medium_use1-az2': 1, 'm6gd.medium_use1-az4': 1, 'm6gd.medium_use1-az5': 5, 'm6gd.medium_use1-az6': 1, 'm6gd.xlarge_use1-az1': 1, 'm6gd.xlarge_use1-az2': 10, 'm6gd.xlarge_use1-az4': 35, 'm6gd.xlarge_use1-az5': 1, 'm6gd.xlarge_use1-az6': 15, 'm6i.12xlarge_use1-az1': 1, 'm6i.12xlarge_use1-az2': 10, 'm6i.12xlarge_use1-az4': 50, 'm6i.12xlarge_use1-az5': 1, 'm6i.12xlarge_use1-az6': 30, 'm6i.16xlarge_use1-az1': 1, 'm6i.16xlarge_use1-az2': 10, 'm6i.16xlarge_use1-az4': 5, 'm6i.16xlarge_use1-az5': 1, 'm6i.16xlarge_use1-az6': 10, 'm6i.24xlarge_use1-az2': 10, 'm6i.24xlarge_use1-az4': 5, 'm6i.24xlarge_use1-az5': 1, 'm6i.24xlarge_use1-az6': 50, 'm6i.2xlarge_use1-az1': 25, 'm6i.2xlarge_use1-az2': 50, 'm6i.2xlarge_use1-az4': 50, 'm6i.2xlarge_use1-az5': 25, 'm6i.2xlarge_use1-az6': 50, 'm6i.32xlarge_use1-az2': 1, 'm6i.32xlarge_use1-az4': 5, 'm6i.32xlarge_use1-az5': 1, 'm6i.32xlarge_use1-az6': 15, 'm6i.4xlarge_use1-az1': 15, 'm6i.4xlarge_use1-az2': 50, 'm6i.4xlarge_use1-az4': 50, 'm6i.4xlarge_use1-az5': 50, 'm6i.4xlarge_use1-az6': 50, 'm6i.8xlarge_use1-az1': 1, 'm6i.8xlarge_use1-az2': 50, 'm6i.8xlarge_use1-az4': 50, 'm6i.8xlarge_use1-az5': 20, 'm6i.8xlarge_use1-az6': 50, 'm6i.large_use1-az1': 25, 'm6i.large_use1-az2': 50, 'm6i.large_use1-az4': 50, 'm6i.large_use1-az5': 50, 'm6i.large_use1-az6': 50, 'm6i.xlarge_use1-az1': 45, 'm6i.xlarge_use1-az2': 50, 'm6i.xlarge_use1-az4': 50, 'm6i.xlarge_use1-az5': 25, 'm6i.xlarge_use1-az6': 50, 'm6id.12xlarge_use1-az1': 1, 'm6id.12xlarge_use1-az2': 1, 'm6id.12xlarge_use1-az4': 1, 'm6id.12xlarge_use1-az6': 1, 'm6id.16xlarge_use1-az1': 1, 'm6id.16xlarge_use1-az2': 1, 'm6id.16xlarge_use1-az4': 1, 'm6id.16xlarge_use1-az6': 1, 'm6id.24xlarge_use1-az1': 10, 'm6id.24xlarge_use1-az2': 15, 'm6id.24xlarge_use1-az4': 35, 'm6id.24xlarge_use1-az5': 5, 'm6id.24xlarge_use1-az6': 15, 'm6id.2xlarge_use1-az1': 5, 'm6id.2xlarge_use1-az2': 5, 'm6id.2xlarge_use1-az4': 5, 'm6id.2xlarge_use1-az5': 1, 'm6id.2xlarge_use1-az6': 5, 'm6id.32xlarge_use1-az1': 10, 'm6id.32xlarge_use1-az2': 15, 'm6id.32xlarge_use1-az4': 5, 'm6id.32xlarge_use1-az5': 1, 'm6id.32xlarge_use1-az6': 50, 'm6id.4xlarge_use1-az1': 15, 'm6id.4xlarge_use1-az2': 10, 'm6id.4xlarge_use1-az4': 5, 'm6id.4xlarge_use1-az5': 1, 'm6id.4xlarge_use1-az6': 10, 'm6id.8xlarge_use1-az1': 1, 'm6id.8xlarge_use1-az4': 5, 'm6id.8xlarge_use1-az5': 1, 'm6id.8xlarge_use1-az6': 1, 'm6id.large_use1-az1': 30, 'm6id.large_use1-az2': 35, 'm6id.large_use1-az4': 15, 'm6id.large_use1-az5': 5, 'm6id.large_use1-az6': 50, 'm6id.xlarge_use1-az1': 20, 'm6id.xlarge_use1-az2': 45, 'm6id.xlarge_use1-az4': 15, 'm6id.xlarge_use1-az5': 5, 'm6id.xlarge_use1-az6': 25, 'm6idn.12xlarge_use1-az2': 1, 'm6idn.16xlarge_use1-az4': 1, 'm6idn.24xlarge_use1-az1': 1, 'm6idn.24xlarge_use1-az2': 1, 'm6idn.24xlarge_use1-az4': 1, 'm6idn.2xlarge_use1-az1': 5, 'm6idn.2xlarge_use1-az2': 10, 'm6idn.2xlarge_use1-az4': 5, 'm6idn.2xlarge_use1-az5': 1, 'm6idn.2xlarge_use1-az6': 5, 'm6idn.32xlarge_use1-az2': 1, 'm6idn.4xlarge_use1-az1': 30, 'm6idn.4xlarge_use1-az2': 10, 'm6idn.4xlarge_use1-az4': 5, 'm6idn.4xlarge_use1-az5': 5, 'm6idn.4xlarge_use1-az6': 5, 'm6idn.large_use1-az1': 25, 'm6idn.large_use1-az2': 35, 'm6idn.large_use1-az4': 15, 'm6idn.large_use1-az5': 10, 'm6idn.large_use1-az6': 10, 'm6idn.xlarge_use1-az1': 15, 'm6idn.xlarge_use1-az2': 50, 'm6idn.xlarge_use1-az4': 20, 'm6idn.xlarge_use1-az5': 5, 'm6idn.xlarge_use1-az6': 10, 'm6in.12xlarge_use1-az4': 1, 'm6in.16xlarge_use1-az2': 1, 'm6in.16xlarge_use1-az4': 1, 'm6in.24xlarge_use1-az1': 1, 'm6in.24xlarge_use1-az2': 1, 'm6in.2xlarge_use1-az1': 10, 'm6in.2xlarge_use1-az2': 20, 'm6in.2xlarge_use1-az4': 10, 'm6in.2xlarge_use1-az5': 1, 'm6in.2xlarge_use1-az6': 5, 'm6in.4xlarge_use1-az1': 1, 'm6in.4xlarge_use1-az2': 1, 'm6in.4xlarge_use1-az5': 1, 'm6in.8xlarge_use1-az1': 1, 'm6in.8xlarge_use1-az2': 1, 'm6in.8xlarge_use1-az4': 1, 'm6in.large_use1-az1': 5, 'm6in.large_use1-az2': 10, 'm6in.large_use1-az4': 5, 'm6in.large_use1-az5': 1, 'm6in.large_use1-az6': 1, 'm6in.xlarge_use1-az1': 5, 'm6in.xlarge_use1-az2': 10, 'm6in.xlarge_use1-az4': 1, 'm7a.12xlarge_use1-az2': 1, 'm7a.12xlarge_use1-az6': 20, 'm7a.16xlarge_use1-az2': 1, 'm7a.16xlarge_use1-az6': 40, 'm7a.24xlarge_use1-az2': 1, 'm7a.24xlarge_use1-az6': 50, 'm7a.2xlarge_use1-az1': 5, 'm7a.2xlarge_use1-az2': 15, 'm7a.2xlarge_use1-az4': 10, 'm7a.2xlarge_use1-az6': 50, 'm7a.32xlarge_use1-az6': 20, 'm7a.48xlarge_use1-az6': 40, 'm7a.4xlarge_use1-az1': 10, 'm7a.4xlarge_use1-az2': 5, 'm7a.4xlarge_use1-az4': 10, 'm7a.4xlarge_use1-az6': 25, 'm7a.8xlarge_use1-az1': 1, 'm7a.8xlarge_use1-az2': 5, 'm7a.8xlarge_use1-az4': 1, 'm7a.8xlarge_use1-az6': 50, 'm7a.large_use1-az1': 15, 'm7a.large_use1-az2': 50, 'm7a.large_use1-az4': 50, 'm7a.large_use1-az5': 5, 'm7a.large_use1-az6': 50, 'm7a.medium_use1-az1': 10, 'm7a.medium_use1-az2': 50, 'm7a.medium_use1-az4': 50, 'm7a.medium_use1-az6': 50, 'm7a.xlarge_use1-az1': 5, 'm7a.xlarge_use1-az2': 40, 'm7a.xlarge_use1-az4': 50, 'm7a.xlarge_use1-az6': 50, 'm7g.12xlarge_use1-az1': 1, 'm7g.12xlarge_use1-az2': 10, 'm7g.12xlarge_use1-az4': 45, 'm7g.12xlarge_use1-az5': 1, 'm7g.12xlarge_use1-az6': 50, 'm7g.16xlarge_use1-az1': 1, 'm7g.16xlarge_use1-az2': 30, 'm7g.16xlarge_use1-az4': 35, 'm7g.16xlarge_use1-az5': 1, 'm7g.16xlarge_use1-az6': 50, 'm7g.2xlarge_use1-az1': 35, 'm7g.2xlarge_use1-az2': 50, 'm7g.2xlarge_use1-az4': 50, 'm7g.2xlarge_use1-az5': 15, 'm7g.2xlarge_use1-az6': 50, 'm7g.4xlarge_use1-az1': 10, 'm7g.4xlarge_use1-az2': 30, 'm7g.4xlarge_use1-az4': 50, 'm7g.4xlarge_use1-az5': 10, 'm7g.4xlarge_use1-az6': 50, 'm7g.8xlarge_use1-az1': 1, 'm7g.8xlarge_use1-az2': 15, 'm7g.8xlarge_use1-az4': 40, 'm7g.8xlarge_use1-az5': 1, 'm7g.8xlarge_use1-az6': 50, 'm7g.large_use1-az1': 10, 'm7g.large_use1-az2': 50, 'm7g.large_use1-az4': 50, 'm7g.large_use1-az5': 30, 'm7g.large_use1-az6': 50, 'm7g.medium_use1-az1': 30, 'm7g.medium_use1-az2': 40, 'm7g.medium_use1-az4': 50, 'm7g.medium_use1-az5': 35, 'm7g.medium_use1-az6': 50, 'm7g.metal_use1-az1': 1, 'm7g.metal_use1-az2': 25, 'm7g.metal_use1-az4': 10, 'm7g.metal_use1-az5': 1, 'm7g.metal_use1-az6': 50, 'm7g.xlarge_use1-az1': 50, 'm7g.xlarge_use1-az2': 50, 'm7g.xlarge_use1-az4': 50, 'm7g.xlarge_use1-az5': 50, 'm7g.xlarge_use1-az6': 50, 'm7gd.12xlarge_use1-az1': 5, 'm7gd.12xlarge_use1-az2': 10, 'm7gd.12xlarge_use1-az4': 1, 'm7gd.12xlarge_use1-az6': 35, 'm7gd.16xlarge_use1-az1': 1, 'm7gd.16xlarge_use1-az2': 30, 'm7gd.16xlarge_use1-az4': 1, 'm7gd.16xlarge_use1-az6': 40, 'm7gd.2xlarge_use1-az1': 15, 'm7gd.2xlarge_use1-az2': 50, 'm7gd.2xlarge_use1-az4': 15, 'm7gd.2xlarge_use1-az6': 25, 'm7gd.4xlarge_use1-az1': 5, 'm7gd.4xlarge_use1-az2': 10, 'm7gd.4xlarge_use1-az4': 1, 'm7gd.4xlarge_use1-az6': 40, 'm7gd.8xlarge_use1-az1': 10, 'm7gd.8xlarge_use1-az2': 50, 'm7gd.8xlarge_use1-az4': 30, 'm7gd.8xlarge_use1-az5': 45, 'm7gd.8xlarge_use1-az6': 50, 'm7gd.large_use1-az1': 5, 'm7gd.large_use1-az2': 50, 'm7gd.large_use1-az4': 5, 'm7gd.large_use1-az6': 50, 'm7gd.medium_use1-az1': 15, 'm7gd.medium_use1-az2': 20, 'm7gd.medium_use1-az4': 15, 'm7gd.medium_use1-az5': 20, 'm7gd.medium_use1-az6': 25, 'm7gd.metal_use1-az1': 5, 'm7gd.metal_use1-az2': 15, 'm7gd.metal_use1-az4': 1, 'm7gd.metal_use1-az6': 15, 'm7gd.xlarge_use1-az1': 5, 'm7gd.xlarge_use1-az2': 10, 'm7gd.xlarge_use1-az4': 10, 'm7gd.xlarge_use1-az5': 1, 'm7gd.xlarge_use1-az6': 25, 'm7i-flex.2xlarge_use1-az1': 50, 'm7i-flex.2xlarge_use1-az2': 50, 'm7i-flex.2xlarge_use1-az4': 15, 'm7i-flex.2xlarge_use1-az5': 10, 'm7i-flex.2xlarge_use1-az6': 50, 'm7i-flex.4xlarge_use1-az2': 5, 'm7i-flex.4xlarge_use1-az4': 5, 'm7i-flex.4xlarge_use1-az6': 25, 'm7i-flex.8xlarge_use1-az1': 1, 'm7i-flex.8xlarge_use1-az2': 5, 'm7i-flex.8xlarge_use1-az4': 5, 'm7i-flex.8xlarge_use1-az5': 1, 'm7i-flex.8xlarge_use1-az6': 10, 'm7i-flex.large_use1-az1': 20, 'm7i-flex.large_use1-az2': 50, 'm7i-flex.large_use1-az4': 25, 'm7i-flex.large_use1-az5': 25, 'm7i-flex.large_use1-az6': 50, 'm7i-flex.xlarge_use1-az1': 50, 'm7i-flex.xlarge_use1-az2': 50, 'm7i-flex.xlarge_use1-az4': 50, 'm7i-flex.xlarge_use1-az5': 15, 'm7i-flex.xlarge_use1-az6': 50, 'm7i.12xlarge_use1-az1': 1, 'm7i.12xlarge_use1-az2': 5, 'm7i.12xlarge_use1-az4': 15, 'm7i.12xlarge_use1-az6': 50, 'm7i.16xlarge_use1-az1': 5, 'm7i.16xlarge_use1-az2': 10, 'm7i.16xlarge_use1-az4': 10, 'm7i.16xlarge_use1-az6': 50, 'm7i.24xlarge_use1-az2': 5, 'm7i.24xlarge_use1-az4': 5, 'm7i.24xlarge_use1-az6': 50, 'm7i.2xlarge_use1-az1': 1, 'm7i.2xlarge_use1-az2': 50, 'm7i.2xlarge_use1-az4': 50, 'm7i.2xlarge_use1-az6': 50, 'm7i.48xlarge_use1-az1': 1, 'm7i.48xlarge_use1-az2': 5, 'm7i.48xlarge_use1-az4': 20, 'm7i.48xlarge_use1-az6': 50, 'm7i.4xlarge_use1-az1': 1, 'm7i.4xlarge_use1-az2': 25, 'm7i.4xlarge_use1-az4': 10, 'm7i.4xlarge_use1-az6': 50, 'm7i.8xlarge_use1-az1': 40, 'm7i.8xlarge_use1-az2': 20, 'm7i.8xlarge_use1-az4': 50, 'm7i.8xlarge_use1-az6': 50, 'm7i.large_use1-az1': 50, 'm7i.large_use1-az2': 50, 'm7i.large_use1-az4': 50, 'm7i.large_use1-az5': 1, 'm7i.large_use1-az6': 50, 'm7i.xlarge_use1-az1': 30, 'm7i.xlarge_use1-az2': 35, 'm7i.xlarge_use1-az4': 50, 'm7i.xlarge_use1-az6': 50, 'm8g.12xlarge_use1-az2': 10, 'm8g.12xlarge_use1-az4': 10, 'm8g.12xlarge_use1-az5': 1, 'm8g.12xlarge_use1-az6': 35, 'm8g.16xlarge_use1-az2': 5, 'm8g.16xlarge_use1-az4': 5, 'm8g.16xlarge_use1-az5': 5, 'm8g.16xlarge_use1-az6': 45, 'm8g.24xlarge_use1-az2': 5, 'm8g.24xlarge_use1-az4': 1, 'm8g.24xlarge_use1-az5': 1, 'm8g.24xlarge_use1-az6': 25, 'm8g.2xlarge_use1-az4': 10, 'm8g.2xlarge_use1-az5': 10, 'm8g.48xlarge_use1-az2': 5, 'm8g.48xlarge_use1-az4': 5, 'm8g.48xlarge_use1-az6': 20, 'm8g.4xlarge_use1-az2': 5, 'm8g.4xlarge_use1-az4': 5, 'm8g.4xlarge_use1-az5': 1, 'm8g.4xlarge_use1-az6': 40, 'm8g.8xlarge_use1-az2': 10, 'm8g.8xlarge_use1-az4': 20, 'm8g.8xlarge_use1-az5': 1, 'm8g.8xlarge_use1-az6': 40, 'm8g.large_use1-az1': 1, 'm8g.large_use1-az2': 20, 'm8g.large_use1-az6': 45, 'm8g.medium_use1-az1': 1, 'm8g.medium_use1-az2': 15, 'm8g.metal-48xl_use1-az2': 5, 'm8g.metal-48xl_use1-az6': 25, 'm8g.xlarge_use1-az1': 1, 'm8g.xlarge_use1-az5': 15, 'm8g.xlarge_use1-az6': 50, 'm8gd.16xlarge_use1-az5': 1, 'm8gd.4xlarge_use1-az2': 5, 'm8gd.4xlarge_use1-az4': 1, 'm8gd.4xlarge_use1-az6': 1, 'm8gd.8xlarge_use1-az5': 1, 'm8gd.8xlarge_use1-az6': 5, 'm8gd.large_use1-az1': 20, 'm8gd.large_use1-az2': 15, 'm8gd.large_use1-az5': 1, 'm8gd.large_use1-az6': 1, 'm8gd.medium_use1-az6': 1, 'm8gd.metal-24xl_use1-az2': 1, 'm8gd.xlarge_use1-az1': 1, 'm8gd.xlarge_use1-az5': 1, 'm8i-flex.16xlarge_use1-az6': 5, 'm8i-flex.2xlarge_use1-az2': 10, 'm8i-flex.2xlarge_use1-az4': 1, 'm8i-flex.2xlarge_use1-az6': 50, 'm8i-flex.4xlarge_use1-az2': 1, 'm8i-flex.4xlarge_use1-az4': 1, 'm8i-flex.4xlarge_use1-az6': 5, 'm8i-flex.8xlarge_use1-az6': 1, 'm8i-flex.large_use1-az2': 5, 'm8i-flex.xlarge_use1-az2': 10, 'm8i-flex.xlarge_use1-az4': 25, 'm8i-flex.xlarge_use1-az6': 50, 'm8i.12xlarge_use1-az6': 1, 'm8i.16xlarge_use1-az4': 1, 'm8i.16xlarge_use1-az6': 1, 'm8i.24xlarge_use1-az6': 1, 'm8i.2xlarge_use1-az2': 10, 'm8i.2xlarge_use1-az4': 1, 'm8i.2xlarge_use1-az6': 10, 'm8i.32xlarge_use1-az2': 1, 'm8i.32xlarge_use1-az6': 5, 'm8i.48xlarge_use1-az2': 1, 'm8i.48xlarge_use1-az6': 5, 'm8i.4xlarge_use1-az2': 5, 'm8i.4xlarge_use1-az4': 1, 'm8i.4xlarge_use1-az6': 5, 'm8i.8xlarge_use1-az2': 1, 'm8i.8xlarge_use1-az4': 1, 'm8i.8xlarge_use1-az6': 20, 'm8i.96xlarge_use1-az6': 1, 'm8i.large_use1-az4': 25, 'm8i.metal-48xl_use1-az6': 1, 'm8i.metal-96xl_use1-az6': 1, 'm8i.xlarge_use1-az2': 30, 'm8i.xlarge_use1-az4': 10, 'p3.2xlarge_use1-az1': 50, 'p3.2xlarge_use1-az2': 50, 'p3.2xlarge_use1-az5': 50, 'p3.2xlarge_use1-az6': 50, 'p3dn.24xlarge_use1-az6': 50, 'r3.2xlarge_use1-az2': 1, 'r3.2xlarge_use1-az4': 1, 'r3.2xlarge_use1-az6': 1, 'r3.4xlarge_use1-az4': 1, 'r3.4xlarge_use1-az6': 1, 'r3.8xlarge_use1-az2': 1, 'r3.8xlarge_use1-az4': 1, 'r3.8xlarge_use1-az6': 5, 'r3.large_use1-az2': 50, 'r3.large_use1-az4': 50, 'r3.large_use1-az6': 50, 'r3.xlarge_use1-az2': 40, 'r3.xlarge_use1-az4': 50, 'r3.xlarge_use1-az6': 50, 'r4.16xlarge_use1-az1': 10, 'r4.16xlarge_use1-az2': 10, 'r4.16xlarge_use1-az3': 50, 'r4.16xlarge_use1-az4': 35, 'r4.16xlarge_use1-az5': 15, 'r4.16xlarge_use1-az6': 10, 'r4.2xlarge_use1-az1': 20, 'r4.2xlarge_use1-az2': 50, 'r4.2xlarge_use1-az3': 50, 'r4.2xlarge_use1-az4': 50, 'r4.2xlarge_use1-az5': 5, 'r4.2xlarge_use1-az6': 50, 'r4.4xlarge_use1-az1': 20, 'r4.4xlarge_use1-az2': 50, 'r4.4xlarge_use1-az3': 40, 'r4.4xlarge_use1-az4': 15, 'r4.4xlarge_use1-az5': 5, 'r4.4xlarge_use1-az6': 50, 'r4.8xlarge_use1-az1': 50, 'r4.8xlarge_use1-az2': 50, 'r4.8xlarge_use1-az3': 25, 'r4.8xlarge_use1-az4': 50, 'r4.8xlarge_use1-az5': 5, 'r4.8xlarge_use1-az6': 50, 'r4.large_use1-az1': 35, 'r4.large_use1-az2': 50, 'r4.large_use1-az3': 10, 'r4.large_use1-az4': 50, 'r4.large_use1-az5': 20, 'r4.large_use1-az6': 50, 'r4.xlarge_use1-az1': 50, 'r4.xlarge_use1-az2': 50, 'r4.xlarge_use1-az3': 50, 'r4.xlarge_use1-az4': 50, 'r4.xlarge_use1-az5': 30, 'r4.xlarge_use1-az6': 50, 'r5.12xlarge_use1-az1': 5, 'r5.12xlarge_use1-az2': 5, 'r5.12xlarge_use1-az4': 50, 'r5.12xlarge_use1-az5': 5, 'r5.12xlarge_use1-az6': 5, 'r5.16xlarge_use1-az1': 5, 'r5.16xlarge_use1-az4': 35, 'r5.16xlarge_use1-az5': 30, 'r5.16xlarge_use1-az6': 5, 'r5.24xlarge_use1-az4': 15, 'r5.24xlarge_use1-az5': 5, 'r5.24xlarge_use1-az6': 5, 'r5.2xlarge_use1-az1': 50, 'r5.2xlarge_use1-az2': 50, 'r5.2xlarge_use1-az4': 50, 'r5.2xlarge_use1-az5': 5, 'r5.2xlarge_use1-az6': 50, 'r5.4xlarge_use1-az1': 50, 'r5.4xlarge_use1-az2': 50, 'r5.4xlarge_use1-az4': 50, 'r5.4xlarge_use1-az5': 5, 'r5.4xlarge_use1-az6': 50, 'r5.8xlarge_use1-az1': 50, 'r5.8xlarge_use1-az2': 50, 'r5.8xlarge_use1-az4': 50, 'r5.8xlarge_use1-az5': 5, 'r5.8xlarge_use1-az6': 5, 'r5.large_use1-az1': 50, 'r5.large_use1-az2': 50, 'r5.large_use1-az4': 50, 'r5.large_use1-az5': 50, 'r5.large_use1-az6': 50, 'r5.xlarge_use1-az1': 50, 'r5.xlarge_use1-az2': 50, 'r5.xlarge_use1-az4': 50, 'r5.xlarge_use1-az5': 50, 'r5.xlarge_use1-az6': 50, 'r5a.12xlarge_use1-az1': 1, 'r5a.12xlarge_use1-az2': 1, 'r5a.12xlarge_use1-az4': 5, 'r5a.12xlarge_use1-az6': 5, 'r5a.16xlarge_use1-az1': 10, 'r5a.16xlarge_use1-az2': 10, 'r5a.16xlarge_use1-az4': 10, 'r5a.16xlarge_use1-az5': 5, 'r5a.16xlarge_use1-az6': 5, 'r5a.24xlarge_use1-az1': 5, 'r5a.24xlarge_use1-az2': 15, 'r5a.24xlarge_use1-az4': 10, 'r5a.24xlarge_use1-az5': 1, 'r5a.24xlarge_use1-az6': 10, 'r5a.2xlarge_use1-az1': 10, 'r5a.2xlarge_use1-az2': 20, 'r5a.2xlarge_use1-az4': 35, 'r5a.2xlarge_use1-az5': 5, 'r5a.2xlarge_use1-az6': 30, 'r5a.4xlarge_use1-az1': 25, 'r5a.4xlarge_use1-az2': 50, 'r5a.4xlarge_use1-az4': 50, 'r5a.4xlarge_use1-az5': 5, 'r5a.4xlarge_use1-az6': 50, 'r5a.8xlarge_use1-az1': 25, 'r5a.8xlarge_use1-az2': 10, 'r5a.8xlarge_use1-az4': 15, 'r5a.8xlarge_use1-az5': 30, 'r5a.8xlarge_use1-az6': 20, 'r5a.large_use1-az1': 50, 'r5a.large_use1-az2': 50, 'r5a.large_use1-az4': 50, 'r5a.large_use1-az5': 25, 'r5a.large_use1-az6': 50, 'r5a.xlarge_use1-az1': 20, 'r5a.xlarge_use1-az2': 50, 'r5a.xlarge_use1-az4': 50, 'r5a.xlarge_use1-az5': 5, 'r5a.xlarge_use1-az6': 50, 'r5ad.12xlarge_use1-az2': 1, 'r5ad.16xlarge_use1-az2': 50, 'r5ad.16xlarge_use1-az4': 10, 'r5ad.16xlarge_use1-az5': 1, 'r5ad.16xlarge_use1-az6': 10, 'r5ad.24xlarge_use1-az2': 25, 'r5ad.24xlarge_use1-az4': 1, 'r5ad.24xlarge_use1-az6': 10, 'r5ad.2xlarge_use1-az1': 1, 'r5ad.2xlarge_use1-az2': 1, 'r5ad.2xlarge_use1-az4': 1, 'r5ad.2xlarge_use1-az5': 1, 'r5ad.2xlarge_use1-az6': 1, 'r5ad.4xlarge_use1-az1': 1, 'r5ad.4xlarge_use1-az2': 10, 'r5ad.4xlarge_use1-az4': 5, 'r5ad.4xlarge_use1-az5': 1, 'r5ad.4xlarge_use1-az6': 1, 'r5ad.8xlarge_use1-az2': 5, 'r5ad.8xlarge_use1-az4': 20, 'r5ad.8xlarge_use1-az5': 1, 'r5ad.8xlarge_use1-az6': 10, 'r5ad.large_use1-az1': 1, 'r5ad.large_use1-az2': 30, 'r5ad.large_use1-az4': 10, 'r5ad.large_use1-az5': 5, 'r5ad.large_use1-az6': 10, 'r5ad.xlarge_use1-az1': 1, 'r5ad.xlarge_use1-az2': 10, 'r5ad.xlarge_use1-az4': 10, 'r5ad.xlarge_use1-az5': 1, 'r5ad.xlarge_use1-az6': 5, 'r5b.12xlarge_use1-az1': 5, 'r5b.12xlarge_use1-az4': 5, 'r5b.12xlarge_use1-az6': 1, 'r5b.16xlarge_use1-az1': 5, 'r5b.16xlarge_use1-az2': 5, 'r5b.16xlarge_use1-az4': 5, 'r5b.16xlarge_use1-az6': 5, 'r5b.24xlarge_use1-az1': 1, 'r5b.24xlarge_use1-az4': 5, 'r5b.24xlarge_use1-az6': 1, 'r5b.2xlarge_use1-az1': 1, 'r5b.2xlarge_use1-az2': 1, 'r5b.2xlarge_use1-az4': 1, 'r5b.2xlarge_use1-az6': 1, 'r5b.4xlarge_use1-az1': 5, 'r5b.4xlarge_use1-az2': 5, 'r5b.4xlarge_use1-az4': 5, 'r5b.4xlarge_use1-az6': 5, 'r5b.8xlarge_use1-az1': 5, 'r5b.8xlarge_use1-az2': 1, 'r5b.8xlarge_use1-az4': 1, 'r5b.8xlarge_use1-az6': 1, 'r5b.large_use1-az1': 1, 'r5b.large_use1-az2': 5, 'r5b.large_use1-az4': 10, 'r5b.large_use1-az6': 5, 'r5b.xlarge_use1-az1': 1, 'r5b.xlarge_use1-az2': 1, 'r5b.xlarge_use1-az4': 5, 'r5b.xlarge_use1-az6': 1, 'r5d.12xlarge_use1-az1': 1, 'r5d.12xlarge_use1-az2': 5, 'r5d.12xlarge_use1-az4': 10, 'r5d.12xlarge_use1-az6': 1, 'r5d.16xlarge_use1-az1': 5, 'r5d.16xlarge_use1-az2': 50, 'r5d.16xlarge_use1-az4': 50, 'r5d.16xlarge_use1-az5': 10, 'r5d.16xlarge_use1-az6': 50, 'r5d.24xlarge_use1-az1': 1, 'r5d.24xlarge_use1-az2': 1, 'r5d.24xlarge_use1-az4': 10, 'r5d.24xlarge_use1-az5': 1, 'r5d.24xlarge_use1-az6': 10, 'r5d.2xlarge_use1-az1': 5, 'r5d.2xlarge_use1-az2': 15, 'r5d.2xlarge_use1-az4': 15, 'r5d.2xlarge_use1-az5': 1, 'r5d.2xlarge_use1-az6': 15, 'r5d.4xlarge_use1-az1': 5, 'r5d.4xlarge_use1-az2': 20, 'r5d.4xlarge_use1-az4': 45, 'r5d.4xlarge_use1-az5': 5, 'r5d.4xlarge_use1-az6': 25, 'r5d.8xlarge_use1-az1': 5, 'r5d.8xlarge_use1-az2': 15, 'r5d.8xlarge_use1-az4': 15, 'r5d.8xlarge_use1-az5': 5, 'r5d.8xlarge_use1-az6': 50, 'r5d.large_use1-az1': 10, 'r5d.large_use1-az2': 50, 'r5d.large_use1-az4': 50, 'r5d.large_use1-az5': 5, 'r5d.large_use1-az6': 50, 'r5d.xlarge_use1-az1': 1, 'r5d.xlarge_use1-az2': 15, 'r5d.xlarge_use1-az4': 15, 'r5d.xlarge_use1-az5': 1, 'r5d.xlarge_use1-az6': 10, 'r5dn.12xlarge_use1-az1': 1, 'r5dn.12xlarge_use1-az2': 1, 'r5dn.12xlarge_use1-az4': 1, 'r5dn.12xlarge_use1-az5': 1, 'r5dn.12xlarge_use1-az6': 1, 'r5dn.16xlarge_use1-az1': 5, 'r5dn.16xlarge_use1-az2': 5, 'r5dn.16xlarge_use1-az4': 15, 'r5dn.16xlarge_use1-az5': 10, 'r5dn.16xlarge_use1-az6': 30, 'r5dn.24xlarge_use1-az2': 5, 'r5dn.24xlarge_use1-az4': 10, 'r5dn.24xlarge_use1-az5': 1, 'r5dn.24xlarge_use1-az6': 25, 'r5dn.2xlarge_use1-az1': 50, 'r5dn.2xlarge_use1-az2': 45, 'r5dn.2xlarge_use1-az4': 30, 'r5dn.2xlarge_use1-az5': 50, 'r5dn.2xlarge_use1-az6': 5, 'r5dn.4xlarge_use1-az1': 5, 'r5dn.4xlarge_use1-az2': 25, 'r5dn.4xlarge_use1-az4': 45, 'r5dn.4xlarge_use1-az5': 5, 'r5dn.4xlarge_use1-az6': 20, 'r5dn.8xlarge_use1-az1': 1, 'r5dn.8xlarge_use1-az2': 5, 'r5dn.8xlarge_use1-az4': 5, 'r5dn.8xlarge_use1-az5': 5, 'r5dn.8xlarge_use1-az6': 50, 'r5dn.large_use1-az1': 50, 'r5dn.large_use1-az2': 50, 'r5dn.large_use1-az4': 50, 'r5dn.large_use1-az5': 50, 'r5dn.large_use1-az6': 50, 'r5dn.xlarge_use1-az1': 5, 'r5dn.xlarge_use1-az2': 15, 'r5dn.xlarge_use1-az4': 15, 'r5dn.xlarge_use1-az5': 15, 'r5dn.xlarge_use1-az6': 15, 'r5n.12xlarge_use1-az2': 1, 'r5n.12xlarge_use1-az4': 1, 'r5n.12xlarge_use1-az6': 1, 'r5n.16xlarge_use1-az1': 1, 'r5n.16xlarge_use1-az2': 10, 'r5n.16xlarge_use1-az4': 35, 'r5n.16xlarge_use1-az5': 1, 'r5n.16xlarge_use1-az6': 20, 'r5n.2xlarge_use1-az1': 5, 'r5n.2xlarge_use1-az2': 5, 'r5n.2xlarge_use1-az4': 15, 'r5n.2xlarge_use1-az5': 1, 'r5n.2xlarge_use1-az6': 1, 'r5n.4xlarge_use1-az1': 5, 'r5n.4xlarge_use1-az2': 25, 'r5n.4xlarge_use1-az4': 15, 'r5n.4xlarge_use1-az5': 5, 'r5n.4xlarge_use1-az6': 35, 'r5n.8xlarge_use1-az1': 10, 'r5n.8xlarge_use1-az2': 20, 'r5n.8xlarge_use1-az4': 35, 'r5n.8xlarge_use1-az6': 15, 'r5n.large_use1-az1': 20, 'r5n.large_use1-az2': 50, 'r5n.large_use1-az4': 50, 'r5n.large_use1-az5': 10, 'r5n.large_use1-az6': 30, 'r5n.xlarge_use1-az1': 1, 'r5n.xlarge_use1-az2': 10, 'r5n.xlarge_use1-az4': 15, 'r5n.xlarge_use1-az5': 1, 'r5n.xlarge_use1-az6': 20, 'r6a.12xlarge_use1-az1': 1, 'r6a.12xlarge_use1-az2': 10, 'r6a.12xlarge_use1-az4': 5, 'r6a.12xlarge_use1-az6': 10, 'r6a.16xlarge_use1-az1': 5, 'r6a.16xlarge_use1-az2': 15, 'r6a.16xlarge_use1-az4': 30, 'r6a.16xlarge_use1-az5': 15, 'r6a.16xlarge_use1-az6': 40, 'r6a.24xlarge_use1-az2': 5, 'r6a.24xlarge_use1-az4': 1, 'r6a.24xlarge_use1-az5': 1, 'r6a.24xlarge_use1-az6': 5, 'r6a.2xlarge_use1-az1': 50, 'r6a.2xlarge_use1-az2': 50, 'r6a.2xlarge_use1-az4': 40, 'r6a.2xlarge_use1-az5': 1, 'r6a.2xlarge_use1-az6': 50, 'r6a.32xlarge_use1-az2': 5, 'r6a.32xlarge_use1-az4': 5, 'r6a.32xlarge_use1-az5': 5, 'r6a.32xlarge_use1-az6': 5, 'r6a.48xlarge_use1-az2': 5, 'r6a.48xlarge_use1-az4': 5, 'r6a.48xlarge_use1-az5': 5, 'r6a.48xlarge_use1-az6': 1, 'r6a.4xlarge_use1-az1': 50, 'r6a.4xlarge_use1-az2': 50, 'r6a.4xlarge_use1-az4': 50, 'r6a.4xlarge_use1-az5': 40, 'r6a.4xlarge_use1-az6': 50, 'r6a.8xlarge_use1-az1': 20, 'r6a.8xlarge_use1-az2': 50, 'r6a.8xlarge_use1-az4': 50, 'r6a.8xlarge_use1-az5': 50, 'r6a.8xlarge_use1-az6': 50, 'r6a.large_use1-az1': 50, 'r6a.large_use1-az2': 50, 'r6a.large_use1-az4': 50, 'r6a.large_use1-az5': 50, 'r6a.large_use1-az6': 50, 'r6a.xlarge_use1-az1': 50, 'r6a.xlarge_use1-az2': 50, 'r6a.xlarge_use1-az4': 50, 'r6a.xlarge_use1-az5': 50, 'r6a.xlarge_use1-az6': 50, 'r6g.12xlarge_use1-az2': 50, 'r6g.12xlarge_use1-az4': 45, 'r6g.12xlarge_use1-az5': 10, 'r6g.12xlarge_use1-az6': 50, 'r6g.16xlarge_use1-az1': 1, 'r6g.16xlarge_use1-az2': 50, 'r6g.16xlarge_use1-az4': 50, 'r6g.16xlarge_use1-az5': 50, 'r6g.16xlarge_use1-az6': 50, 'r6g.2xlarge_use1-az1': 1, 'r6g.2xlarge_use1-az2': 25, 'r6g.2xlarge_use1-az4': 40, 'r6g.2xlarge_use1-az5': 10, 'r6g.2xlarge_use1-az6': 50, 'r6g.4xlarge_use1-az1': 10, 'r6g.4xlarge_use1-az2': 50, 'r6g.4xlarge_use1-az4': 50, 'r6g.4xlarge_use1-az5': 50, 'r6g.4xlarge_use1-az6': 50, 'r6g.8xlarge_use1-az1': 1, 'r6g.8xlarge_use1-az2': 10, 'r6g.8xlarge_use1-az4': 50, 'r6g.8xlarge_use1-az5': 50, 'r6g.8xlarge_use1-az6': 50, 'r6g.large_use1-az1': 10, 'r6g.large_use1-az2': 40, 'r6g.large_use1-az4': 50, 'r6g.large_use1-az5': 5, 'r6g.large_use1-az6': 50, 'r6g.medium_use1-az1': 1, 'r6g.medium_use1-az2': 10, 'r6g.medium_use1-az4': 15, 'r6g.medium_use1-az5': 15, 'r6g.medium_use1-az6': 35, 'r6g.xlarge_use1-az1': 1, 'r6g.xlarge_use1-az2': 50, 'r6g.xlarge_use1-az4': 50, 'r6g.xlarge_use1-az5': 50, 'r6g.xlarge_use1-az6': 50, 'r6gd.12xlarge_use1-az1': 1, 'r6gd.12xlarge_use1-az2': 5, 'r6gd.12xlarge_use1-az4': 10, 'r6gd.12xlarge_use1-az5': 1, 'r6gd.12xlarge_use1-az6': 10, 'r6gd.16xlarge_use1-az1': 5, 'r6gd.16xlarge_use1-az2': 5, 'r6gd.16xlarge_use1-az4': 50, 'r6gd.16xlarge_use1-az5': 1, 'r6gd.16xlarge_use1-az6': 45, 'r6gd.2xlarge_use1-az1': 1, 'r6gd.2xlarge_use1-az2': 20, 'r6gd.2xlarge_use1-az4': 30, 'r6gd.2xlarge_use1-az5': 1, 'r6gd.2xlarge_use1-az6': 1, 'r6gd.4xlarge_use1-az1': 5, 'r6gd.4xlarge_use1-az2': 20, 'r6gd.4xlarge_use1-az4': 50, 'r6gd.4xlarge_use1-az5': 1, 'r6gd.4xlarge_use1-az6': 25, 'r6gd.8xlarge_use1-az1': 1, 'r6gd.8xlarge_use1-az2': 10, 'r6gd.8xlarge_use1-az4': 20, 'r6gd.8xlarge_use1-az5': 1, 'r6gd.8xlarge_use1-az6': 30, 'r6gd.large_use1-az1': 50, 'r6gd.large_use1-az2': 50, 'r6gd.large_use1-az4': 50, 'r6gd.large_use1-az5': 50, 'r6gd.large_use1-az6': 50, 'r6gd.medium_use1-az1': 5, 'r6gd.medium_use1-az2': 1, 'r6gd.medium_use1-az4': 5, 'r6gd.medium_use1-az5': 5, 'r6gd.medium_use1-az6': 1, 'r6gd.xlarge_use1-az1': 1, 'r6gd.xlarge_use1-az2': 1, 'r6gd.xlarge_use1-az4': 5, 'r6gd.xlarge_use1-az6': 10, 'r6i.12xlarge_use1-az1': 5, 'r6i.12xlarge_use1-az2': 5, 'r6i.12xlarge_use1-az4': 5, 'r6i.12xlarge_use1-az5': 1, 'r6i.12xlarge_use1-az6': 10, 'r6i.16xlarge_use1-az1': 1, 'r6i.16xlarge_use1-az2': 1, 'r6i.16xlarge_use1-az4': 10, 'r6i.16xlarge_use1-az5': 10, 'r6i.16xlarge_use1-az6': 1, 'r6i.24xlarge_use1-az4': 10, 'r6i.24xlarge_use1-az5': 1, 'r6i.24xlarge_use1-az6': 5, 'r6i.2xlarge_use1-az1': 15, 'r6i.2xlarge_use1-az2': 35, 'r6i.2xlarge_use1-az4': 50, 'r6i.2xlarge_use1-az5': 5, 'r6i.2xlarge_use1-az6': 50, 'r6i.32xlarge_use1-az4': 1, 'r6i.32xlarge_use1-az5': 1, 'r6i.32xlarge_use1-az6': 1, 'r6i.4xlarge_use1-az1': 30, 'r6i.4xlarge_use1-az2': 20, 'r6i.4xlarge_use1-az4': 20, 'r6i.4xlarge_use1-az5': 10, 'r6i.4xlarge_use1-az6': 40, 'r6i.8xlarge_use1-az1': 5, 'r6i.8xlarge_use1-az2': 10, 'r6i.8xlarge_use1-az4': 10, 'r6i.8xlarge_use1-az5': 5, 'r6i.8xlarge_use1-az6': 10, 'r6i.large_use1-az1': 20, 'r6i.large_use1-az2': 50, 'r6i.large_use1-az4': 50, 'r6i.large_use1-az5': 20, 'r6i.large_use1-az6': 50, 'r6i.xlarge_use1-az1': 15, 'r6i.xlarge_use1-az2': 45, 'r6i.xlarge_use1-az4': 50, 'r6i.xlarge_use1-az5': 10, 'r6i.xlarge_use1-az6': 50, 'r6id.12xlarge_use1-az1': 1, 'r6id.12xlarge_use1-az2': 5, 'r6id.12xlarge_use1-az4': 1, 'r6id.12xlarge_use1-az6': 5, 'r6id.16xlarge_use1-az1': 5, 'r6id.16xlarge_use1-az2': 5, 'r6id.16xlarge_use1-az4': 15, 'r6id.16xlarge_use1-az5': 1, 'r6id.16xlarge_use1-az6': 20, 'r6id.24xlarge_use1-az1': 10, 'r6id.24xlarge_use1-az2': 10, 'r6id.24xlarge_use1-az4': 5, 'r6id.24xlarge_use1-az5': 15, 'r6id.24xlarge_use1-az6': 25, 'r6id.2xlarge_use1-az1': 5, 'r6id.2xlarge_use1-az2': 1, 'r6id.2xlarge_use1-az4': 10, 'r6id.2xlarge_use1-az5': 1, 'r6id.2xlarge_use1-az6': 10, 'r6id.32xlarge_use1-az1': 1, 'r6id.32xlarge_use1-az2': 5, 'r6id.32xlarge_use1-az4': 1, 'r6id.32xlarge_use1-az5': 1, 'r6id.32xlarge_use1-az6': 10, 'r6id.4xlarge_use1-az1': 40, 'r6id.4xlarge_use1-az2': 50, 'r6id.4xlarge_use1-az4': 10, 'r6id.4xlarge_use1-az5': 20, 'r6id.4xlarge_use1-az6': 35, 'r6id.8xlarge_use1-az1': 1, 'r6id.8xlarge_use1-az2': 1, 'r6id.8xlarge_use1-az4': 5, 'r6id.8xlarge_use1-az5': 1, 'r6id.8xlarge_use1-az6': 5, 'r6id.large_use1-az1': 15, 'r6id.large_use1-az2': 10, 'r6id.large_use1-az4': 5, 'r6id.large_use1-az5': 15, 'r6id.large_use1-az6': 30, 'r6id.xlarge_use1-az1': 5, 'r6id.xlarge_use1-az2': 15, 'r6id.xlarge_use1-az4': 10, 'r6id.xlarge_use1-az5': 15, 'r6id.xlarge_use1-az6': 15, 'r6idn.16xlarge_use1-az4': 1, 'r6idn.16xlarge_use1-az5': 1, 'r6idn.16xlarge_use1-az6': 1, 'r6idn.24xlarge_use1-az6': 1, 'r6idn.2xlarge_use1-az1': 1, 'r6idn.2xlarge_use1-az2': 1, 'r6idn.2xlarge_use1-az4': 5, 'r6idn.2xlarge_use1-az5': 1, 'r6idn.2xlarge_use1-az6': 5, 'r6idn.32xlarge_use1-az6': 1, 'r6idn.4xlarge_use1-az1': 15, 'r6idn.4xlarge_use1-az2': 15, 'r6idn.4xlarge_use1-az4': 15, 'r6idn.4xlarge_use1-az5': 5, 'r6idn.4xlarge_use1-az6': 10, 'r6idn.8xlarge_use1-az2': 1, 'r6idn.8xlarge_use1-az4': 1, 'r6idn.8xlarge_use1-az6': 5, 'r6idn.large_use1-az1': 1, 'r6idn.large_use1-az2': 1, 'r6idn.large_use1-az4': 5, 'r6idn.large_use1-az5': 5, 'r6idn.large_use1-az6': 5, 'r6idn.xlarge_use1-az1': 5, 'r6idn.xlarge_use1-az2': 1, 'r6idn.xlarge_use1-az4': 5, 'r6idn.xlarge_use1-az5': 1, 'r6idn.xlarge_use1-az6': 5, 'r6in.12xlarge_use1-az1': 1, 'r6in.12xlarge_use1-az6': 5, 'r6in.16xlarge_use1-az4': 1, 'r6in.16xlarge_use1-az5': 1, 'r6in.16xlarge_use1-az6': 5, 'r6in.24xlarge_use1-az6': 1, 'r6in.2xlarge_use1-az1': 1, 'r6in.2xlarge_use1-az2': 1, 'r6in.2xlarge_use1-az4': 1, 'r6in.2xlarge_use1-az5': 1, 'r6in.2xlarge_use1-az6': 1, 'r6in.4xlarge_use1-az1': 5, 'r6in.4xlarge_use1-az2': 20, 'r6in.4xlarge_use1-az4': 15, 'r6in.4xlarge_use1-az5': 20, 'r6in.4xlarge_use1-az6': 20, 'r6in.8xlarge_use1-az1': 5, 'r6in.8xlarge_use1-az4': 1, 'r6in.8xlarge_use1-az6': 5, 'r6in.large_use1-az1': 45, 'r6in.large_use1-az2': 50, 'r6in.large_use1-az4': 50, 'r6in.large_use1-az5': 40, 'r6in.large_use1-az6': 50, 'r6in.xlarge_use1-az1': 1, 'r6in.xlarge_use1-az2': 1, 'r6in.xlarge_use1-az4': 1, 'r6in.xlarge_use1-az5': 1, 'r6in.xlarge_use1-az6': 1, 'r7a.12xlarge_use1-az1': 1, 'r7a.12xlarge_use1-az2': 1, 'r7a.12xlarge_use1-az4': 5, 'r7a.12xlarge_use1-az6': 20, 'r7a.16xlarge_use1-az1': 1, 'r7a.16xlarge_use1-az2': 15, 'r7a.16xlarge_use1-az4': 30, 'r7a.16xlarge_use1-az6': 50, 'r7a.24xlarge_use1-az2': 10, 'r7a.24xlarge_use1-az4': 10, 'r7a.24xlarge_use1-az6': 35, 'r7a.2xlarge_use1-az1': 1, 'r7a.2xlarge_use1-az2': 5, 'r7a.2xlarge_use1-az4': 25, 'r7a.2xlarge_use1-az6': 1, 'r7a.32xlarge_use1-az2': 1, 'r7a.32xlarge_use1-az4': 1, 'r7a.32xlarge_use1-az6': 50, 'r7a.48xlarge_use1-az2': 5, 'r7a.48xlarge_use1-az4': 5, 'r7a.48xlarge_use1-az6': 50, 'r7a.4xlarge_use1-az1': 5, 'r7a.4xlarge_use1-az2': 25, 'r7a.4xlarge_use1-az4': 50, 'r7a.4xlarge_use1-az6': 50, 'r7a.8xlarge_use1-az1': 5, 'r7a.8xlarge_use1-az2': 20, 'r7a.8xlarge_use1-az4': 50, 'r7a.8xlarge_use1-az6': 50, 'r7a.large_use1-az1': 50, 'r7a.large_use1-az2': 50, 'r7a.large_use1-az4': 50, 'r7a.large_use1-az6': 50, 'r7a.medium_use1-az1': 10, 'r7a.medium_use1-az2': 25, 'r7a.medium_use1-az4': 50, 'r7a.medium_use1-az6': 50, 'r7a.xlarge_use1-az1': 20, 'r7a.xlarge_use1-az2': 50, 'r7a.xlarge_use1-az4': 50, 'r7a.xlarge_use1-az6': 25, 'r7g.12xlarge_use1-az1': 1, 'r7g.12xlarge_use1-az2': 5, 'r7g.12xlarge_use1-az4': 50, 'r7g.12xlarge_use1-az5': 1, 'r7g.12xlarge_use1-az6': 5, 'r7g.16xlarge_use1-az1': 5, 'r7g.16xlarge_use1-az2': 30, 'r7g.16xlarge_use1-az4': 50, 'r7g.16xlarge_use1-az5': 5, 'r7g.16xlarge_use1-az6': 50, 'r7g.2xlarge_use1-az1': 5, 'r7g.2xlarge_use1-az2': 10, 'r7g.2xlarge_use1-az4': 50, 'r7g.2xlarge_use1-az5': 5, 'r7g.2xlarge_use1-az6': 15, 'r7g.4xlarge_use1-az1': 5, 'r7g.4xlarge_use1-az2': 5, 'r7g.4xlarge_use1-az4': 50, 'r7g.4xlarge_use1-az5': 5, 'r7g.4xlarge_use1-az6': 15, 'r7g.8xlarge_use1-az1': 1, 'r7g.8xlarge_use1-az2': 50, 'r7g.8xlarge_use1-az4': 50, 'r7g.8xlarge_use1-az5': 50, 'r7g.8xlarge_use1-az6': 50, 'r7g.large_use1-az1': 20, 'r7g.large_use1-az2': 50, 'r7g.large_use1-az4': 50, 'r7g.large_use1-az5': 40, 'r7g.large_use1-az6': 40, 'r7g.medium_use1-az1': 50, 'r7g.medium_use1-az2': 50, 'r7g.medium_use1-az4': 50, 'r7g.medium_use1-az5': 25, 'r7g.medium_use1-az6': 50, 'r7g.xlarge_use1-az1': 50, 'r7g.xlarge_use1-az2': 50, 'r7g.xlarge_use1-az4': 50, 'r7g.xlarge_use1-az5': 10, 'r7g.xlarge_use1-az6': 50, 'r7gd.12xlarge_use1-az1': 1, 'r7gd.12xlarge_use1-az2': 10, 'r7gd.12xlarge_use1-az4': 35, 'r7gd.12xlarge_use1-az5': 10, 'r7gd.12xlarge_use1-az6': 50, 'r7gd.16xlarge_use1-az1': 5, 'r7gd.16xlarge_use1-az2': 50, 'r7gd.16xlarge_use1-az4': 50, 'r7gd.16xlarge_use1-az5': 50, 'r7gd.16xlarge_use1-az6': 50, 'r7gd.2xlarge_use1-az1': 5, 'r7gd.2xlarge_use1-az2': 25, 'r7gd.2xlarge_use1-az4': 25, 'r7gd.2xlarge_use1-az5': 40, 'r7gd.2xlarge_use1-az6': 50, 'r7gd.4xlarge_use1-az1': 1, 'r7gd.4xlarge_use1-az2': 20, 'r7gd.4xlarge_use1-az4': 25, 'r7gd.4xlarge_use1-az5': 30, 'r7gd.4xlarge_use1-az6': 50, 'r7gd.8xlarge_use1-az1': 1, 'r7gd.8xlarge_use1-az2': 10, 'r7gd.8xlarge_use1-az4': 30, 'r7gd.8xlarge_use1-az5': 20, 'r7gd.8xlarge_use1-az6': 50, 'r7gd.large_use1-az1': 15, 'r7gd.large_use1-az2': 10, 'r7gd.large_use1-az4': 50, 'r7gd.large_use1-az5': 15, 'r7gd.large_use1-az6': 35, 'r7gd.medium_use1-az1': 35, 'r7gd.medium_use1-az2': 15, 'r7gd.medium_use1-az4': 25, 'r7gd.medium_use1-az5': 15, 'r7gd.medium_use1-az6': 20, 'r7gd.xlarge_use1-az1': 1, 'r7gd.xlarge_use1-az2': 10, 'r7gd.xlarge_use1-az4': 25, 'r7gd.xlarge_use1-az5': 10, 'r7gd.xlarge_use1-az6': 50, 'r7i.12xlarge_use1-az4': 1, 'r7i.12xlarge_use1-az6': 10, 'r7i.16xlarge_use1-az1': 5, 'r7i.16xlarge_use1-az2': 15, 'r7i.16xlarge_use1-az4': 45, 'r7i.16xlarge_use1-az5': 5, 'r7i.16xlarge_use1-az6': 50, 'r7i.24xlarge_use1-az1': 1, 'r7i.24xlarge_use1-az2': 1, 'r7i.24xlarge_use1-az4': 5, 'r7i.24xlarge_use1-az5': 5, 'r7i.24xlarge_use1-az6': 5, 'r7i.2xlarge_use1-az1': 5, 'r7i.2xlarge_use1-az2': 5, 'r7i.2xlarge_use1-az4': 10, 'r7i.2xlarge_use1-az5': 5, 'r7i.2xlarge_use1-az6': 50, 'r7i.48xlarge_use1-az2': 1, 'r7i.48xlarge_use1-az4': 5, 'r7i.48xlarge_use1-az5': 1, 'r7i.48xlarge_use1-az6': 5, 'r7i.4xlarge_use1-az1': 5, 'r7i.4xlarge_use1-az2': 20, 'r7i.4xlarge_use1-az4': 10, 'r7i.4xlarge_use1-az5': 1, 'r7i.4xlarge_use1-az6': 50, 'r7i.8xlarge_use1-az1': 5, 'r7i.8xlarge_use1-az2': 25, 'r7i.8xlarge_use1-az4': 25, 'r7i.8xlarge_use1-az5': 5, 'r7i.8xlarge_use1-az6': 50, 'r7i.large_use1-az1': 15, 'r7i.large_use1-az2': 50, 'r7i.large_use1-az4': 50, 'r7i.large_use1-az5': 15, 'r7i.large_use1-az6': 50, 'r7i.xlarge_use1-az1': 5, 'r7i.xlarge_use1-az2': 15, 'r7i.xlarge_use1-az4': 10, 'r7i.xlarge_use1-az5': 15, 'r7i.xlarge_use1-az6': 50, 'r8g.12xlarge_use1-az2': 5, 'r8g.12xlarge_use1-az4': 5, 'r8g.12xlarge_use1-az6': 15, 'r8g.16xlarge_use1-az1': 1, 'r8g.16xlarge_use1-az2': 50, 'r8g.16xlarge_use1-az4': 50, 'r8g.16xlarge_use1-az5': 5, 'r8g.16xlarge_use1-az6': 50, 'r8g.24xlarge_use1-az2': 10, 'r8g.24xlarge_use1-az4': 5, 'r8g.24xlarge_use1-az5': 5, 'r8g.24xlarge_use1-az6': 35, 'r8g.2xlarge_use1-az2': 5, 'r8g.2xlarge_use1-az4': 5, 'r8g.2xlarge_use1-az5': 1, 'r8g.2xlarge_use1-az6': 5, 'r8g.48xlarge_use1-az2': 1, 'r8g.48xlarge_use1-az4': 5, 'r8g.48xlarge_use1-az6': 5, 'r8g.4xlarge_use1-az2': 10, 'r8g.4xlarge_use1-az4': 35, 'r8g.4xlarge_use1-az5': 5, 'r8g.4xlarge_use1-az6': 50, 'r8g.8xlarge_use1-az2': 40, 'r8g.8xlarge_use1-az4': 15, 'r8g.8xlarge_use1-az5': 1, 'r8g.8xlarge_use1-az6': 50, 'r8g.large_use1-az1': 5, 'r8g.large_use1-az2': 30, 'r8g.large_use1-az4': 15, 'r8g.large_use1-az5': 10, 'r8g.large_use1-az6': 20, 'r8g.medium_use1-az1': 15, 'r8g.medium_use1-az2': 30, 'r8g.medium_use1-az4': 20, 'r8g.medium_use1-az5': 5, 'r8g.medium_use1-az6': 15, 'r8g.xlarge_use1-az1': 1, 'r8g.xlarge_use1-az2': 10, 'r8g.xlarge_use1-az4': 5, 'r8g.xlarge_use1-az5': 5, 'r8g.xlarge_use1-az6': 10, 'r8gb.24xlarge_use1-az6': 1, 'r8gb.2xlarge_use1-az2': 1, 'r8gb.2xlarge_use1-az4': 1, 'r8gb.2xlarge_use1-az6': 1, 'r8gb.large_use1-az2': 20, 'r8gb.large_use1-az4': 15, 'r8gb.large_use1-az6': 25, 'r8gb.medium_use1-az2': 50, 'r8gb.metal-24xl_use1-az6': 1, 'r8gb.xlarge_use1-az2': 5, 'r8gb.xlarge_use1-az4': 5, 'r8gb.xlarge_use1-az6': 5, 'r8gd.12xlarge_use1-az5': 1, 'r8gd.12xlarge_use1-az6': 1, 'r8gd.16xlarge_use1-az2': 1, 'r8gd.16xlarge_use1-az4': 1, 'r8gd.16xlarge_use1-az5': 1, 'r8gd.16xlarge_use1-az6': 15, 'r8gd.24xlarge_use1-az2': 1, 'r8gd.24xlarge_use1-az5': 1, 'r8gd.24xlarge_use1-az6': 25, 'r8gd.2xlarge_use1-az2': 25, 'r8gd.2xlarge_use1-az4': 30, 'r8gd.2xlarge_use1-az6': 50, 'r8gd.48xlarge_use1-az6': 50, 'r8gd.4xlarge_use1-az1': 1, 'r8gd.4xlarge_use1-az2': 20, 'r8gd.4xlarge_use1-az5': 1, 'r8gd.4xlarge_use1-az6': 15, 'r8gd.8xlarge_use1-az2': 5, 'r8gd.8xlarge_use1-az4': 1, 'r8gd.8xlarge_use1-az5': 1, 'r8gd.8xlarge_use1-az6': 1, 'r8gd.large_use1-az2': 50, 'r8gd.large_use1-az5': 1, 'r8gd.large_use1-az6': 50, 'r8gd.medium_use1-az1': 5, 'r8gd.medium_use1-az2': 5, 'r8gd.medium_use1-az4': 5, 'r8gd.medium_use1-az5': 10, 'r8gd.metal-24xl_use1-az6': 1, 'r8gd.metal-48xl_use1-az6': 1, 'r8gd.xlarge_use1-az2': 25, 'r8gd.xlarge_use1-az4': 1, 'r8gd.xlarge_use1-az5': 50, 'r8gd.xlarge_use1-az6': 40, 'r8gn.16xlarge_use1-az6': 1, 'r8gn.24xlarge_use1-az2': 1, 'r8gn.2xlarge_use1-az2': 1, 'r8gn.2xlarge_use1-az4': 1, 'r8gn.2xlarge_use1-az6': 1, 'r8gn.48xlarge_use1-az6': 1, 'r8gn.4xlarge_use1-az6': 5, 'r8gn.8xlarge_use1-az2': 1, 'r8gn.8xlarge_use1-az6': 5, 'r8gn.large_use1-az2': 20, 'r8gn.large_use1-az4': 15, 'r8gn.large_use1-az6': 20, 'r8gn.medium_use1-az2': 35, 'r8gn.medium_use1-az4': 40, 'r8gn.metal-24xl_use1-az2': 1, 'r8gn.metal-24xl_use1-az6': 1, 'r8gn.xlarge_use1-az2': 1, 'r8gn.xlarge_use1-az4': 5, 'r8gn.xlarge_use1-az6': 10, 'r8i-flex.2xlarge_use1-az2': 1, 'r8i-flex.2xlarge_use1-az6': 5, 'r8i-flex.4xlarge_use1-az2': 1, 'r8i-flex.4xlarge_use1-az6': 1, 'r8i-flex.large_use1-az2': 1, 'r8i-flex.large_use1-az6': 5, 'r8i-flex.xlarge_use1-az2': 5, 'r8i-flex.xlarge_use1-az6': 1, 'r8i.12xlarge_use1-az2': 1, 'r8i.12xlarge_use1-az6': 1, 'r8i.16xlarge_use1-az2': 1, 'r8i.16xlarge_use1-az6': 1, 'r8i.24xlarge_use1-az6': 1, 'r8i.2xlarge_use1-az2': 5, 'r8i.2xlarge_use1-az6': 5, 'r8i.32xlarge_use1-az2': 1, 'r8i.32xlarge_use1-az6': 1, 'r8i.48xlarge_use1-az2': 1, 'r8i.48xlarge_use1-az6': 1, 'r8i.4xlarge_use1-az2': 1, 'r8i.4xlarge_use1-az6': 5, 'r8i.8xlarge_use1-az2': 1, 'r8i.8xlarge_use1-az6': 5, 'r8i.96xlarge_use1-az2': 1, 'r8i.96xlarge_use1-az6': 1, 'r8i.large_use1-az2': 20, 'r8i.large_use1-az6': 20, 'r8i.xlarge_use1-az2': 5, 'r8i.xlarge_use1-az6': 5, 't2.2xlarge_use1-az1': 50, 't2.2xlarge_use1-az2': 50, 't2.2xlarge_use1-az3': 15, 't2.2xlarge_use1-az4': 50, 't2.2xlarge_use1-az5': 50, 't2.2xlarge_use1-az6': 50, 't2.large_use1-az1': 20, 't2.large_use1-az2': 50, 't2.large_use1-az3': 50, 't2.large_use1-az4': 50, 't2.large_use1-az5': 25, 't2.large_use1-az6': 50, 't2.medium_use1-az1': 50, 't2.medium_use1-az2': 50, 't2.medium_use1-az3': 50, 't2.medium_use1-az4': 50, 't2.medium_use1-az5': 50, 't2.medium_use1-az6': 50, 't2.xlarge_use1-az1': 35, 't2.xlarge_use1-az2': 50, 't2.xlarge_use1-az3': 20, 't2.xlarge_use1-az4': 50, 't2.xlarge_use1-az5': 5, 't2.xlarge_use1-az6': 50, 't3.2xlarge_use1-az1': 50, 't3.2xlarge_use1-az2': 50, 't3.2xlarge_use1-az4': 50, 't3.2xlarge_use1-az5': 50, 't3.2xlarge_use1-az6': 50, 't3.large_use1-az1': 50, 't3.large_use1-az2': 50, 't3.large_use1-az4': 50, 't3.large_use1-az5': 50, 't3.large_use1-az6': 50, 't3.medium_use1-az1': 50, 't3.medium_use1-az2': 50, 't3.medium_use1-az4': 50, 't3.medium_use1-az5': 50, 't3.medium_use1-az6': 50, 't3.xlarge_use1-az1': 50, 't3.xlarge_use1-az2': 50, 't3.xlarge_use1-az4': 50, 't3.xlarge_use1-az5': 50, 't3.xlarge_use1-az6': 50, 't3a.2xlarge_use1-az1': 50, 't3a.2xlarge_use1-az2': 50, 't3a.2xlarge_use1-az4': 50, 't3a.2xlarge_use1-az5': 50, 't3a.2xlarge_use1-az6': 50, 't3a.large_use1-az1': 50, 't3a.large_use1-az2': 50, 't3a.large_use1-az4': 50, 't3a.large_use1-az5': 5, 't3a.large_use1-az6': 50, 't3a.medium_use1-az1': 50, 't3a.medium_use1-az2': 50, 't3a.medium_use1-az4': 50, 't3a.medium_use1-az5': 5, 't3a.medium_use1-az6': 50, 't3a.xlarge_use1-az1': 25, 't3a.xlarge_use1-az2': 50, 't3a.xlarge_use1-az4': 50, 't3a.xlarge_use1-az5': 15, 't3a.xlarge_use1-az6': 50, 't4g.2xlarge_use1-az1': 5, 't4g.2xlarge_use1-az2': 15, 't4g.2xlarge_use1-az4': 5, 't4g.2xlarge_use1-az5': 10, 't4g.2xlarge_use1-az6': 10, 't4g.large_use1-az1': 1, 't4g.large_use1-az2': 15, 't4g.large_use1-az4': 50, 't4g.large_use1-az5': 25, 't4g.large_use1-az6': 35, 't4g.medium_use1-az1': 1, 't4g.medium_use1-az2': 50, 't4g.medium_use1-az4': 50, 't4g.medium_use1-az5': 35, 't4g.medium_use1-az6': 50, 't4g.xlarge_use1-az1': 30, 't4g.xlarge_use1-az2': 15, 't4g.xlarge_use1-az4': 50, 't4g.xlarge_use1-az5': 5, 't4g.xlarge_use1-az6': 10, 'trn1.2xlarge_use1-az5': 5, 'trn1.2xlarge_use1-az6': 20, 'trn1.32xlarge_use1-az6': 50, 'trn1n.32xlarge_use1-az6': 50, 'vt1.3xlarge_use1-az2': 1, 'vt1.6xlarge_use1-az2': 1, 'x1.16xlarge_use1-az2': 1, 'x1.16xlarge_use1-az4': 1, 'x1.16xlarge_use1-az6': 1, 'x1.32xlarge_use1-az2': 1, 'x1.32xlarge_use1-az3': 5, 'x1.32xlarge_use1-az6': 1, 'x1e.16xlarge_use1-az2': 1, 'x1e.16xlarge_use1-az4': 1, 'x1e.16xlarge_use1-az6': 5, 'x1e.2xlarge_use1-az1': 1, 'x1e.2xlarge_use1-az2': 5, 'x1e.2xlarge_use1-az4': 10, 'x1e.2xlarge_use1-az6': 1, 'x1e.4xlarge_use1-az2': 5, 'x1e.4xlarge_use1-az4': 5, 'x1e.4xlarge_use1-az6': 1, 'x1e.8xlarge_use1-az2': 1, 'x1e.8xlarge_use1-az4': 5, 'x1e.8xlarge_use1-az6': 5, 'x1e.xlarge_use1-az1': 10, 'x1e.xlarge_use1-az2': 20, 'x1e.xlarge_use1-az4': 15, 'x1e.xlarge_use1-az6': 5, 'x2gd.12xlarge_use1-az5': 5, 'x2gd.12xlarge_use1-az6': 1, 'x2gd.16xlarge_use1-az5': 1, 'x2gd.16xlarge_use1-az6': 15, 'x2gd.2xlarge_use1-az1': 5, 'x2gd.2xlarge_use1-az4': 1, 'x2gd.2xlarge_use1-az5': 5, 'x2gd.2xlarge_use1-az6': 30, 'x2gd.4xlarge_use1-az1': 1, 'x2gd.4xlarge_use1-az2': 1, 'x2gd.4xlarge_use1-az4': 5, 'x2gd.4xlarge_use1-az5': 1, 'x2gd.4xlarge_use1-az6': 35, 'x2gd.8xlarge_use1-az4': 1, 'x2gd.8xlarge_use1-az5': 1, 'x2gd.8xlarge_use1-az6': 5, 'x2gd.large_use1-az1': 35, 'x2gd.large_use1-az2': 25, 'x2gd.large_use1-az4': 15, 'x2gd.large_use1-az5': 25, 'x2gd.large_use1-az6': 50, 'x2gd.medium_use1-az1': 25, 'x2gd.medium_use1-az2': 35, 'x2gd.medium_use1-az4': 50, 'x2gd.medium_use1-az5': 50, 'x2gd.medium_use1-az6': 50, 'x2gd.xlarge_use1-az1': 5, 'x2gd.xlarge_use1-az2': 1, 'x2gd.xlarge_use1-az4': 20, 'x2gd.xlarge_use1-az5': 15, 'x2gd.xlarge_use1-az6': 25, 'x2idn.16xlarge_use1-az2': 1, 'x2idn.16xlarge_use1-az5': 1, 'x2idn.24xlarge_use1-az4': 1, 'x2idn.24xlarge_use1-az5': 1, 'x2idn.32xlarge_use1-az5': 1, 'x2iedn.24xlarge_use1-az4': 1, 'x2iedn.24xlarge_use1-az6': 1, 'x2iedn.2xlarge_use1-az1': 1, 'x2iedn.2xlarge_use1-az2': 25, 'x2iedn.2xlarge_use1-az4': 15, 'x2iedn.2xlarge_use1-az5': 1, 'x2iedn.2xlarge_use1-az6': 5, 'x2iedn.4xlarge_use1-az1': 1, 'x2iedn.4xlarge_use1-az2': 1, 'x2iedn.4xlarge_use1-az4': 1, 'x2iedn.4xlarge_use1-az5': 1, 'x2iedn.4xlarge_use1-az6': 1, 'x2iedn.8xlarge_use1-az4': 1, 'x2iedn.8xlarge_use1-az6': 1, 'x2iedn.xlarge_use1-az1': 5, 'x2iedn.xlarge_use1-az2': 20, 'x2iedn.xlarge_use1-az4': 10, 'x2iedn.xlarge_use1-az5': 1, 'x2iedn.xlarge_use1-az6': 10, 'x2iezn.12xlarge_use1-az2': 1, 'x2iezn.12xlarge_use1-az4': 20, 'x2iezn.12xlarge_use1-az6': 5, 'x2iezn.2xlarge_use1-az2': 5, 'x2iezn.2xlarge_use1-az4': 10, 'x2iezn.2xlarge_use1-az6': 1, 'x2iezn.4xlarge_use1-az2': 1, 'x2iezn.4xlarge_use1-az4': 5, 'x2iezn.4xlarge_use1-az6': 1, 'x2iezn.6xlarge_use1-az2': 1, 'x2iezn.6xlarge_use1-az4': 5, 'x2iezn.6xlarge_use1-az6': 1, 'x2iezn.8xlarge_use1-az2': 1, 'x2iezn.8xlarge_use1-az4': 10, 'x2iezn.8xlarge_use1-az6': 1, 'x8g.12xlarge_use1-az2': 1, 'x8g.12xlarge_use1-az4': 20, 'x8g.12xlarge_use1-az6': 1, 'x8g.16xlarge_use1-az1': 1, 'x8g.16xlarge_use1-az2': 5, 'x8g.16xlarge_use1-az4': 5, 'x8g.16xlarge_use1-az6': 5, 'x8g.24xlarge_use1-az1': 1, 'x8g.24xlarge_use1-az2': 5, 'x8g.24xlarge_use1-az4': 5, 'x8g.24xlarge_use1-az6': 10, 'x8g.2xlarge_use1-az1': 5, 'x8g.2xlarge_use1-az2': 10, 'x8g.2xlarge_use1-az4': 10, 'x8g.2xlarge_use1-az6': 25, 'x8g.48xlarge_use1-az1': 1, 'x8g.48xlarge_use1-az2': 1, 'x8g.48xlarge_use1-az4': 10, 'x8g.48xlarge_use1-az6': 1, 'x8g.4xlarge_use1-az1': 1, 'x8g.4xlarge_use1-az2': 5, 'x8g.4xlarge_use1-az4': 5, 'x8g.4xlarge_use1-az6': 10, 'x8g.8xlarge_use1-az2': 15, 'x8g.8xlarge_use1-az4': 20, 'x8g.8xlarge_use1-az6': 5, 'x8g.large_use1-az1': 30, 'x8g.large_use1-az4': 50, 'x8g.large_use1-az6': 50, 'x8g.medium_use1-az1': 50, 'x8g.medium_use1-az4': 50, 'x8g.medium_use1-az6': 50, 'x8g.metal-24xl_use1-az1': 1, 'x8g.metal-24xl_use1-az2': 1, 'x8g.metal-24xl_use1-az4': 1, 'x8g.metal-24xl_use1-az6': 10, 'x8g.metal-48xl_use1-az2': 1, 'x8g.metal-48xl_use1-az4': 1, 'x8g.metal-48xl_use1-az6': 1, 'x8g.xlarge_use1-az1': 10, 'x8g.xlarge_use1-az2': 20, 'x8g.xlarge_use1-az4': 40, 'x8g.xlarge_use1-az6': 50, 'z1d.12xlarge_use1-az1': 1, 'z1d.12xlarge_use1-az2': 1, 'z1d.12xlarge_use1-az4': 1, 'z1d.12xlarge_use1-az5': 1, 'z1d.12xlarge_use1-az6': 5, 'z1d.2xlarge_use1-az1': 5, 'z1d.2xlarge_use1-az2': 5, 'z1d.2xlarge_use1-az4': 15, 'z1d.2xlarge_use1-az5': 1, 'z1d.2xlarge_use1-az6': 15, 'z1d.3xlarge_use1-az1': 5, 'z1d.3xlarge_use1-az2': 5, 'z1d.3xlarge_use1-az4': 10, 'z1d.3xlarge_use1-az5': 5, 'z1d.3xlarge_use1-az6': 5, 'z1d.6xlarge_use1-az1': 1, 'z1d.6xlarge_use1-az2': 1, 'z1d.6xlarge_use1-az4': 1, 'z1d.6xlarge_use1-az6': 1, 'z1d.large_use1-az1': 15, 'z1d.large_use1-az2': 5, 'z1d.large_use1-az4': 25, 'z1d.large_use1-az5': 10, 'z1d.large_use1-az6': 25, 'z1d.xlarge_use1-az1': 10, 'z1d.xlarge_use1-az2': 20, 'z1d.xlarge_use1-az4': 30, 'z1d.xlarge_use1-az5': 1, 'z1d.xlarge_use1-az6': 20}"
0.81,27023.64699999995,29626329393,1096311.2933552202,1141636,1141536,"{'c3.2xlarge_use1-az4': 50, 'c3.4xlarge_use1-az2': 5, 'c3.4xlarge_use1-az6': 5, 'c3.8xlarge_use1-az2': 5, 'c3.8xlarge_use1-az4': 5, 'c3.8xlarge_use1-az6': 1, 'c3.xlarge_use1-az2': 35, 'c3.xlarge_use1-az3': 1, 'c4.2xlarge_use1-az1': 5, 'c4.2xlarge_use1-az2': 5, 'c4.2xlarge_use1-az3': 25, 'c4.2xlarge_use1-az4': 15, 'c4.2xlarge_use1-az5': 15, 'c4.2xlarge_use1-az6': 10, 'c4.4xlarge_use1-az1': 5, 'c4.4xlarge_use1-az2': 5, 'c4.4xlarge_use1-az3': 10, 'c4.4xlarge_use1-az4': 5, 'c4.4xlarge_use1-az5': 5, 'c4.4xlarge_use1-az6': 1, 'c4.8xlarge_use1-az1': 1, 'c4.8xlarge_use1-az2': 5, 'c4.8xlarge_use1-az3': 5, 'c4.8xlarge_use1-az4': 15, 'c4.8xlarge_use1-az5': 5, 'c4.8xlarge_use1-az6': 5, 'c4.xlarge_use1-az1': 25, 'c4.xlarge_use1-az2': 40, 'c4.xlarge_use1-az4': 40, 'c4.xlarge_use1-az5': 50, 'c4.xlarge_use1-az6': 50, 'c5.12xlarge_use1-az1': 50, 'c5.12xlarge_use1-az2': 50, 'c5.12xlarge_use1-az4': 50, 'c5.12xlarge_use1-az5': 50, 'c5.12xlarge_use1-az6': 50, 'c5.18xlarge_use1-az1': 5, 'c5.18xlarge_use1-az2': 50, 'c5.18xlarge_use1-az4': 15, 'c5.18xlarge_use1-az5': 10, 'c5.18xlarge_use1-az6': 1, 'c5.24xlarge_use1-az1': 1, 'c5.24xlarge_use1-az2': 5, 'c5.24xlarge_use1-az4': 5, 'c5.24xlarge_use1-az5': 1, 'c5.24xlarge_use1-az6': 5, 'c5.2xlarge_use1-az1': 50, 'c5.2xlarge_use1-az2': 50, 'c5.2xlarge_use1-az4': 50, 'c5.2xlarge_use1-az5': 50, 'c5.2xlarge_use1-az6': 50, 'c5.4xlarge_use1-az1': 50, 'c5.4xlarge_use1-az2': 50, 'c5.4xlarge_use1-az4': 50, 'c5.4xlarge_use1-az5': 50, 'c5.4xlarge_use1-az6': 50, 'c5.9xlarge_use1-az1': 50, 'c5.9xlarge_use1-az2': 50, 'c5.9xlarge_use1-az4': 50, 'c5.9xlarge_use1-az5': 50, 'c5.9xlarge_use1-az6': 50, 'c5.large_use1-az1': 50, 'c5.large_use1-az2': 50, 'c5.large_use1-az4': 50, 'c5.large_use1-az5': 50, 'c5.large_use1-az6': 50, 'c5.xlarge_use1-az1': 50, 'c5.xlarge_use1-az2': 50, 'c5.xlarge_use1-az4': 50, 'c5.xlarge_use1-az5': 50, 'c5.xlarge_use1-az6': 50, 'c5a.12xlarge_use1-az1': 5, 'c5a.12xlarge_use1-az2': 10, 'c5a.12xlarge_use1-az4': 15, 'c5a.12xlarge_use1-az5': 1, 'c5a.12xlarge_use1-az6': 5, 'c5a.16xlarge_use1-az4': 1, 'c5a.16xlarge_use1-az6': 1, 'c5a.24xlarge_use1-az2': 1, 'c5a.24xlarge_use1-az4': 1, 'c5a.24xlarge_use1-az6': 1, 'c5a.2xlarge_use1-az1': 30, 'c5a.2xlarge_use1-az2': 20, 'c5a.2xlarge_use1-az4': 50, 'c5a.2xlarge_use1-az5': 15, 'c5a.2xlarge_use1-az6': 50, 'c5a.4xlarge_use1-az1': 5, 'c5a.4xlarge_use1-az2': 1, 'c5a.4xlarge_use1-az4': 5, 'c5a.4xlarge_use1-az5': 5, 'c5a.4xlarge_use1-az6': 5, 'c5a.8xlarge_use1-az1': 1, 'c5a.8xlarge_use1-az2': 1, 'c5a.8xlarge_use1-az4': 5, 'c5a.8xlarge_use1-az6': 15, 'c5a.large_use1-az1': 50, 'c5a.large_use1-az2': 50, 'c5a.large_use1-az4': 50, 'c5a.large_use1-az5': 45, 'c5a.large_use1-az6': 50, 'c5a.xlarge_use1-az1': 50, 'c5a.xlarge_use1-az2': 50, 'c5a.xlarge_use1-az4': 50, 'c5a.xlarge_use1-az5': 50, 'c5a.xlarge_use1-az6': 50, 'c5ad.12xlarge_use1-az1': 5, 'c5ad.12xlarge_use1-az2': 5, 'c5ad.12xlarge_use1-az4': 5, 'c5ad.12xlarge_use1-az6': 5, 'c5ad.16xlarge_use1-az1': 1, 'c5ad.16xlarge_use1-az2': 5, 'c5ad.16xlarge_use1-az4': 1, 'c5ad.16xlarge_use1-az6': 1, 'c5ad.24xlarge_use1-az1': 1, 'c5ad.24xlarge_use1-az2': 1, 'c5ad.24xlarge_use1-az4': 1, 'c5ad.24xlarge_use1-az6': 5, 'c5ad.2xlarge_use1-az1': 10, 'c5ad.2xlarge_use1-az2': 5, 'c5ad.2xlarge_use1-az4': 5, 'c5ad.2xlarge_use1-az5': 5, 'c5ad.2xlarge_use1-az6': 15, 'c5ad.4xlarge_use1-az1': 5, 'c5ad.4xlarge_use1-az2': 5, 'c5ad.4xlarge_use1-az4': 1, 'c5ad.4xlarge_use1-az5': 1, 'c5ad.4xlarge_use1-az6': 10, 'c5ad.8xlarge_use1-az1': 1, 'c5ad.8xlarge_use1-az2': 1, 'c5ad.8xlarge_use1-az4': 1, 'c5ad.8xlarge_use1-az5': 1, 'c5ad.8xlarge_use1-az6': 1, 'c5ad.large_use1-az1': 20, 'c5ad.large_use1-az2': 30, 'c5ad.large_use1-az4': 10, 'c5ad.large_use1-az5': 15, 'c5ad.large_use1-az6': 20, 'c5ad.xlarge_use1-az1': 15, 'c5ad.xlarge_use1-az2': 10, 'c5ad.xlarge_use1-az4': 5, 'c5ad.xlarge_use1-az5': 5, 'c5ad.xlarge_use1-az6': 15, 'c5d.12xlarge_use1-az2': 15, 'c5d.12xlarge_use1-az4': 5, 'c5d.12xlarge_use1-az6': 45, 'c5d.18xlarge_use1-az1': 5, 'c5d.18xlarge_use1-az2': 50, 'c5d.18xlarge_use1-az4': 50, 'c5d.18xlarge_use1-az5': 5, 'c5d.18xlarge_use1-az6': 30, 'c5d.24xlarge_use1-az2': 35, 'c5d.24xlarge_use1-az4': 25, 'c5d.24xlarge_use1-az6': 50, 'c5d.2xlarge_use1-az1': 15, 'c5d.2xlarge_use1-az2': 50, 'c5d.2xlarge_use1-az4': 50, 'c5d.2xlarge_use1-az5': 20, 'c5d.2xlarge_use1-az6': 50, 'c5d.4xlarge_use1-az1': 20, 'c5d.4xlarge_use1-az2': 50, 'c5d.4xlarge_use1-az4': 50, 'c5d.4xlarge_use1-az5': 25, 'c5d.4xlarge_use1-az6': 50, 'c5d.9xlarge_use1-az1': 10, 'c5d.9xlarge_use1-az2': 20, 'c5d.9xlarge_use1-az4': 50, 'c5d.9xlarge_use1-az5': 10, 'c5d.9xlarge_use1-az6': 25, 'c5d.large_use1-az1': 50, 'c5d.large_use1-az2': 50, 'c5d.large_use1-az4': 50, 'c5d.large_use1-az5': 35, 'c5d.large_use1-az6': 50, 'c5d.xlarge_use1-az1': 50, 'c5d.xlarge_use1-az2': 50, 'c5d.xlarge_use1-az4': 50, 'c5d.xlarge_use1-az5': 50, 'c5d.xlarge_use1-az6': 50, 'c5n.18xlarge_use1-az1': 30, 'c5n.18xlarge_use1-az2': 5, 'c5n.18xlarge_use1-az4': 10, 'c5n.2xlarge_use1-az1': 5, 'c5n.2xlarge_use1-az2': 10, 'c5n.2xlarge_use1-az4': 15, 'c5n.2xlarge_use1-az5': 10, 'c5n.2xlarge_use1-az6': 10, 'c5n.4xlarge_use1-az1': 5, 'c5n.4xlarge_use1-az2': 1, 'c5n.4xlarge_use1-az4': 5, 'c5n.4xlarge_use1-az6': 1, 'c5n.9xlarge_use1-az1': 10, 'c5n.9xlarge_use1-az2': 1, 'c5n.9xlarge_use1-az4': 5, 'c5n.large_use1-az1': 10, 'c5n.large_use1-az2': 10, 'c5n.large_use1-az4': 25, 'c5n.large_use1-az5': 5, 'c5n.large_use1-az6': 5, 'c5n.xlarge_use1-az1': 1, 'c5n.xlarge_use1-az2': 1, 'c5n.xlarge_use1-az4': 5, 'c5n.xlarge_use1-az5': 1, 'c5n.xlarge_use1-az6': 1, 'c6a.12xlarge_use1-az1': 5, 'c6a.12xlarge_use1-az2': 50, 'c6a.12xlarge_use1-az4': 50, 'c6a.12xlarge_use1-az5': 1, 'c6a.12xlarge_use1-az6': 15, 'c6a.16xlarge_use1-az1': 1, 'c6a.16xlarge_use1-az2': 5, 'c6a.16xlarge_use1-az4': 10, 'c6a.16xlarge_use1-az5': 1, 'c6a.16xlarge_use1-az6': 15, 'c6a.24xlarge_use1-az1': 1, 'c6a.24xlarge_use1-az2': 5, 'c6a.24xlarge_use1-az4': 5, 'c6a.24xlarge_use1-az5': 5, 'c6a.24xlarge_use1-az6': 20, 'c6a.2xlarge_use1-az1': 10, 'c6a.2xlarge_use1-az2': 40, 'c6a.2xlarge_use1-az4': 50, 'c6a.2xlarge_use1-az5': 10, 'c6a.2xlarge_use1-az6': 50, 'c6a.32xlarge_use1-az2': 1, 'c6a.32xlarge_use1-az4': 1, 'c6a.32xlarge_use1-az5': 1, 'c6a.32xlarge_use1-az6': 5, 'c6a.48xlarge_use1-az2': 1, 'c6a.48xlarge_use1-az4': 10, 'c6a.48xlarge_use1-az5': 5, 'c6a.48xlarge_use1-az6': 25, 'c6a.4xlarge_use1-az1': 15, 'c6a.4xlarge_use1-az2': 15, 'c6a.4xlarge_use1-az4': 30, 'c6a.4xlarge_use1-az5': 15, 'c6a.4xlarge_use1-az6': 50, 'c6a.8xlarge_use1-az1': 5, 'c6a.8xlarge_use1-az2': 50, 'c6a.8xlarge_use1-az4': 30, 'c6a.8xlarge_use1-az5': 25, 'c6a.8xlarge_use1-az6': 50, 'c6a.large_use1-az1': 45, 'c6a.large_use1-az2': 50, 'c6a.large_use1-az4': 50, 'c6a.large_use1-az5': 50, 'c6a.large_use1-az6': 20, 'c6a.xlarge_use1-az1': 15, 'c6a.xlarge_use1-az2': 25, 'c6a.xlarge_use1-az4': 25, 'c6a.xlarge_use1-az5': 15, 'c6a.xlarge_use1-az6': 25, 'c6g.12xlarge_use1-az1': 15, 'c6g.12xlarge_use1-az2': 25, 'c6g.12xlarge_use1-az4': 50, 'c6g.12xlarge_use1-az5': 5, 'c6g.12xlarge_use1-az6': 50, 'c6g.16xlarge_use1-az1': 1, 'c6g.16xlarge_use1-az2': 15, 'c6g.16xlarge_use1-az4': 50, 'c6g.16xlarge_use1-az5': 5, 'c6g.16xlarge_use1-az6': 50, 'c6g.2xlarge_use1-az1': 5, 'c6g.2xlarge_use1-az2': 50, 'c6g.2xlarge_use1-az4': 50, 'c6g.2xlarge_use1-az5': 15, 'c6g.2xlarge_use1-az6': 50, 'c6g.4xlarge_use1-az1': 50, 'c6g.4xlarge_use1-az2': 50, 'c6g.4xlarge_use1-az4': 50, 'c6g.4xlarge_use1-az5': 50, 'c6g.4xlarge_use1-az6': 50, 'c6g.8xlarge_use1-az1': 50, 'c6g.8xlarge_use1-az2': 50, 'c6g.8xlarge_use1-az4': 50, 'c6g.8xlarge_use1-az5': 50, 'c6g.8xlarge_use1-az6': 50, 'c6g.large_use1-az1': 5, 'c6g.large_use1-az2': 50, 'c6g.large_use1-az4': 50, 'c6g.large_use1-az5': 50, 'c6g.large_use1-az6': 50, 'c6g.xlarge_use1-az1': 30, 'c6g.xlarge_use1-az2': 50, 'c6g.xlarge_use1-az4': 50, 'c6g.xlarge_use1-az5': 10, 'c6g.xlarge_use1-az6': 50, 'c6gd.12xlarge_use1-az2': 50, 'c6gd.12xlarge_use1-az4': 30, 'c6gd.12xlarge_use1-az5': 1, 'c6gd.12xlarge_use1-az6': 50, 'c6gd.16xlarge_use1-az2': 50, 'c6gd.16xlarge_use1-az4': 30, 'c6gd.16xlarge_use1-az6': 50, 'c6gd.2xlarge_use1-az1': 15, 'c6gd.2xlarge_use1-az2': 50, 'c6gd.2xlarge_use1-az4': 50, 'c6gd.2xlarge_use1-az5': 1, 'c6gd.2xlarge_use1-az6': 50, 'c6gd.4xlarge_use1-az1': 20, 'c6gd.4xlarge_use1-az2': 50, 'c6gd.4xlarge_use1-az4': 50, 'c6gd.4xlarge_use1-az5': 10, 'c6gd.4xlarge_use1-az6': 50, 'c6gd.8xlarge_use1-az1': 25, 'c6gd.8xlarge_use1-az2': 45, 'c6gd.8xlarge_use1-az4': 45, 'c6gd.8xlarge_use1-az5': 1, 'c6gd.8xlarge_use1-az6': 50, 'c6gd.large_use1-az1': 50, 'c6gd.large_use1-az2': 5, 'c6gd.large_use1-az4': 20, 'c6gd.large_use1-az5': 1, 'c6gd.large_use1-az6': 50, 'c6gd.xlarge_use1-az1': 50, 'c6gd.xlarge_use1-az2': 1, 'c6gd.xlarge_use1-az4': 1, 'c6gd.xlarge_use1-az5': 50, 'c6gd.xlarge_use1-az6': 50, 'c6gn.12xlarge_use1-az2': 25, 'c6gn.12xlarge_use1-az4': 50, 'c6gn.12xlarge_use1-az5': 1, 'c6gn.16xlarge_use1-az1': 1, 'c6gn.16xlarge_use1-az2': 50, 'c6gn.16xlarge_use1-az4': 50, 'c6gn.16xlarge_use1-az5': 10, 'c6gn.2xlarge_use1-az1': 5, 'c6gn.2xlarge_use1-az2': 1, 'c6gn.2xlarge_use1-az4': 20, 'c6gn.2xlarge_use1-az5': 1, 'c6gn.4xlarge_use1-az1': 1, 'c6gn.4xlarge_use1-az2': 40, 'c6gn.4xlarge_use1-az4': 35, 'c6gn.4xlarge_use1-az5': 10, 'c6gn.8xlarge_use1-az1': 25, 'c6gn.8xlarge_use1-az2': 35, 'c6gn.8xlarge_use1-az4': 30, 'c6gn.8xlarge_use1-az5': 5, 'c6gn.8xlarge_use1-az6': 5, 'c6gn.large_use1-az1': 5, 'c6gn.large_use1-az2': 25, 'c6gn.large_use1-az4': 10, 'c6gn.large_use1-az5': 15, 'c6gn.large_use1-az6': 1, 'c6gn.xlarge_use1-az1': 5, 'c6gn.xlarge_use1-az2': 10, 'c6gn.xlarge_use1-az4': 15, 'c6gn.xlarge_use1-az5': 5, 'c6gn.xlarge_use1-az6': 1, 'c6i.12xlarge_use1-az1': 15, 'c6i.12xlarge_use1-az2': 15, 'c6i.12xlarge_use1-az4': 30, 'c6i.12xlarge_use1-az5': 5, 'c6i.12xlarge_use1-az6': 5, 'c6i.16xlarge_use1-az1': 5, 'c6i.16xlarge_use1-az2': 15, 'c6i.16xlarge_use1-az4': 25, 'c6i.16xlarge_use1-az5': 10, 'c6i.16xlarge_use1-az6': 30, 'c6i.24xlarge_use1-az1': 5, 'c6i.24xlarge_use1-az2': 5, 'c6i.24xlarge_use1-az4': 10, 'c6i.24xlarge_use1-az5': 1, 'c6i.24xlarge_use1-az6': 15, 'c6i.2xlarge_use1-az1': 20, 'c6i.2xlarge_use1-az2': 50, 'c6i.2xlarge_use1-az4': 50, 'c6i.2xlarge_use1-az5': 5, 'c6i.2xlarge_use1-az6': 50, 'c6i.32xlarge_use1-az1': 10, 'c6i.32xlarge_use1-az2': 5, 'c6i.32xlarge_use1-az4': 50, 'c6i.32xlarge_use1-az5': 1, 'c6i.32xlarge_use1-az6': 40, 'c6i.4xlarge_use1-az1': 10, 'c6i.4xlarge_use1-az2': 40, 'c6i.4xlarge_use1-az4': 50, 'c6i.4xlarge_use1-az5': 15, 'c6i.4xlarge_use1-az6': 50, 'c6i.8xlarge_use1-az1': 10, 'c6i.8xlarge_use1-az2': 45, 'c6i.8xlarge_use1-az4': 50, 'c6i.8xlarge_use1-az5': 10, 'c6i.8xlarge_use1-az6': 50, 'c6i.large_use1-az1': 10, 'c6i.large_use1-az2': 40, 'c6i.large_use1-az4': 30, 'c6i.large_use1-az5': 10, 'c6i.large_use1-az6': 50, 'c6i.xlarge_use1-az1': 50, 'c6i.xlarge_use1-az2': 45, 'c6i.xlarge_use1-az4': 35, 'c6i.xlarge_use1-az5': 10, 'c6i.xlarge_use1-az6': 50, 'c6id.12xlarge_use1-az1': 1, 'c6id.12xlarge_use1-az2': 1, 'c6id.12xlarge_use1-az4': 5, 'c6id.12xlarge_use1-az6': 5, 'c6id.16xlarge_use1-az1': 1, 'c6id.16xlarge_use1-az2': 5, 'c6id.16xlarge_use1-az4': 5, 'c6id.16xlarge_use1-az5': 1, 'c6id.16xlarge_use1-az6': 1, 'c6id.24xlarge_use1-az1': 5, 'c6id.24xlarge_use1-az2': 15, 'c6id.24xlarge_use1-az4': 5, 'c6id.24xlarge_use1-az5': 1, 'c6id.24xlarge_use1-az6': 10, 'c6id.2xlarge_use1-az1': 1, 'c6id.2xlarge_use1-az2': 1, 'c6id.2xlarge_use1-az4': 5, 'c6id.2xlarge_use1-az5': 5, 'c6id.2xlarge_use1-az6': 1, 'c6id.32xlarge_use1-az1': 1, 'c6id.32xlarge_use1-az2': 5, 'c6id.32xlarge_use1-az4': 10, 'c6id.32xlarge_use1-az5': 1, 'c6id.32xlarge_use1-az6': 5, 'c6id.4xlarge_use1-az1': 15, 'c6id.4xlarge_use1-az2': 10, 'c6id.4xlarge_use1-az4': 10, 'c6id.4xlarge_use1-az5': 1, 'c6id.4xlarge_use1-az6': 5, 'c6id.8xlarge_use1-az1': 5, 'c6id.8xlarge_use1-az2': 1, 'c6id.8xlarge_use1-az4': 5, 'c6id.8xlarge_use1-az5': 1, 'c6id.8xlarge_use1-az6': 1, 'c6id.large_use1-az1': 5, 'c6id.large_use1-az2': 5, 'c6id.large_use1-az4': 1, 'c6id.large_use1-az5': 5, 'c6id.large_use1-az6': 5, 'c6id.xlarge_use1-az1': 5, 'c6id.xlarge_use1-az2': 1, 'c6id.xlarge_use1-az4': 5, 'c6id.xlarge_use1-az5': 1, 'c6id.xlarge_use1-az6': 1, 'c6in.12xlarge_use1-az1': 1, 'c6in.12xlarge_use1-az6': 1, 'c6in.16xlarge_use1-az4': 1, 'c6in.24xlarge_use1-az6': 1, 'c6in.2xlarge_use1-az1': 1, 'c6in.2xlarge_use1-az2': 1, 'c6in.2xlarge_use1-az4': 1, 'c6in.2xlarge_use1-az6': 1, 'c6in.32xlarge_use1-az1': 1, 'c6in.32xlarge_use1-az6': 1, 'c6in.4xlarge_use1-az1': 5, 'c6in.4xlarge_use1-az2': 5, 'c6in.4xlarge_use1-az4': 5, 'c6in.4xlarge_use1-az6': 25, 'c6in.8xlarge_use1-az1': 1, 'c6in.8xlarge_use1-az6': 1, 'c6in.large_use1-az1': 5, 'c6in.large_use1-az2': 1, 'c6in.large_use1-az4': 1, 'c6in.large_use1-az5': 1, 'c6in.large_use1-az6': 5, 'c6in.xlarge_use1-az1': 20, 'c6in.xlarge_use1-az2': 1, 'c6in.xlarge_use1-az4': 1, 'c6in.xlarge_use1-az6': 10, 'c7a.12xlarge_use1-az1': 5, 'c7a.12xlarge_use1-az2': 5, 'c7a.12xlarge_use1-az4': 1, 'c7a.12xlarge_use1-az6': 15, 'c7a.16xlarge_use1-az1': 1, 'c7a.16xlarge_use1-az2': 1, 'c7a.16xlarge_use1-az6': 5, 'c7a.24xlarge_use1-az1': 1, 'c7a.24xlarge_use1-az2': 1, 'c7a.24xlarge_use1-az5': 1, 'c7a.24xlarge_use1-az6': 5, 'c7a.2xlarge_use1-az1': 1, 'c7a.2xlarge_use1-az2': 1, 'c7a.2xlarge_use1-az4': 25, 'c7a.2xlarge_use1-az5': 1, 'c7a.2xlarge_use1-az6': 10, 'c7a.32xlarge_use1-az1': 1, 'c7a.32xlarge_use1-az2': 1, 'c7a.32xlarge_use1-az6': 15, 'c7a.48xlarge_use1-az1': 1, 'c7a.48xlarge_use1-az2': 1, 'c7a.48xlarge_use1-az5': 1, 'c7a.48xlarge_use1-az6': 20, 'c7a.4xlarge_use1-az1': 5, 'c7a.4xlarge_use1-az2': 10, 'c7a.4xlarge_use1-az4': 5, 'c7a.4xlarge_use1-az5': 1, 'c7a.4xlarge_use1-az6': 50, 'c7a.8xlarge_use1-az1': 1, 'c7a.8xlarge_use1-az2': 1, 'c7a.8xlarge_use1-az4': 1, 'c7a.8xlarge_use1-az6': 10, 'c7a.large_use1-az1': 15, 'c7a.large_use1-az2': 25, 'c7a.large_use1-az4': 30, 'c7a.large_use1-az5': 10, 'c7a.large_use1-az6': 50, 'c7a.xlarge_use1-az1': 5, 'c7a.xlarge_use1-az2': 5, 'c7a.xlarge_use1-az4': 10, 'c7a.xlarge_use1-az5': 5, 'c7a.xlarge_use1-az6': 15, 'c7g.12xlarge_use1-az1': 15, 'c7g.12xlarge_use1-az2': 50, 'c7g.12xlarge_use1-az4': 15, 'c7g.12xlarge_use1-az5': 1, 'c7g.12xlarge_use1-az6': 50, 'c7g.16xlarge_use1-az1': 25, 'c7g.16xlarge_use1-az2': 40, 'c7g.16xlarge_use1-az4': 50, 'c7g.16xlarge_use1-az5': 10, 'c7g.16xlarge_use1-az6': 50, 'c7g.2xlarge_use1-az1': 50, 'c7g.2xlarge_use1-az2': 50, 'c7g.2xlarge_use1-az4': 50, 'c7g.2xlarge_use1-az5': 50, 'c7g.2xlarge_use1-az6': 50, 'c7g.4xlarge_use1-az1': 50, 'c7g.4xlarge_use1-az2': 50, 'c7g.4xlarge_use1-az4': 50, 'c7g.4xlarge_use1-az5': 50, 'c7g.4xlarge_use1-az6': 50, 'c7g.8xlarge_use1-az1': 50, 'c7g.8xlarge_use1-az2': 50, 'c7g.8xlarge_use1-az4': 50, 'c7g.8xlarge_use1-az5': 50, 'c7g.8xlarge_use1-az6': 50, 'c7g.large_use1-az1': 5, 'c7g.large_use1-az2': 45, 'c7g.large_use1-az4': 30, 'c7g.large_use1-az5': 10, 'c7g.large_use1-az6': 30, 'c7g.xlarge_use1-az1': 50, 'c7g.xlarge_use1-az2': 50, 'c7g.xlarge_use1-az4': 50, 'c7g.xlarge_use1-az5': 50, 'c7g.xlarge_use1-az6': 50, 'c7gd.12xlarge_use1-az1': 5, 'c7gd.12xlarge_use1-az2': 30, 'c7gd.12xlarge_use1-az4': 15, 'c7gd.12xlarge_use1-az5': 15, 'c7gd.12xlarge_use1-az6': 50, 'c7gd.16xlarge_use1-az1': 5, 'c7gd.16xlarge_use1-az2': 30, 'c7gd.16xlarge_use1-az4': 40, 'c7gd.16xlarge_use1-az5': 1, 'c7gd.16xlarge_use1-az6': 50, 'c7gd.2xlarge_use1-az1': 15, 'c7gd.2xlarge_use1-az2': 50, 'c7gd.2xlarge_use1-az4': 50, 'c7gd.2xlarge_use1-az5': 5, 'c7gd.2xlarge_use1-az6': 50, 'c7gd.4xlarge_use1-az1': 30, 'c7gd.4xlarge_use1-az2': 25, 'c7gd.4xlarge_use1-az4': 50, 'c7gd.4xlarge_use1-az5': 1, 'c7gd.4xlarge_use1-az6': 50, 'c7gd.8xlarge_use1-az1': 5, 'c7gd.8xlarge_use1-az2': 15, 'c7gd.8xlarge_use1-az4': 10, 'c7gd.8xlarge_use1-az5': 5, 'c7gd.8xlarge_use1-az6': 20, 'c7gd.large_use1-az1': 1, 'c7gd.large_use1-az2': 25, 'c7gd.large_use1-az4': 5, 'c7gd.large_use1-az5': 10, 'c7gd.large_use1-az6': 20, 'c7gd.xlarge_use1-az1': 15, 'c7gd.xlarge_use1-az2': 50, 'c7gd.xlarge_use1-az4': 5, 'c7gd.xlarge_use1-az5': 15, 'c7gd.xlarge_use1-az6': 25, 'c7gn.12xlarge_use1-az2': 1, 'c7gn.12xlarge_use1-az5': 1, 'c7gn.12xlarge_use1-az6': 1, 'c7gn.16xlarge_use1-az2': 5, 'c7gn.16xlarge_use1-az5': 5, 'c7gn.16xlarge_use1-az6': 20, 'c7gn.2xlarge_use1-az1': 1, 'c7gn.2xlarge_use1-az2': 1, 'c7gn.2xlarge_use1-az5': 1, 'c7gn.2xlarge_use1-az6': 5, 'c7gn.4xlarge_use1-az2': 50, 'c7gn.4xlarge_use1-az4': 1, 'c7gn.4xlarge_use1-az5': 1, 'c7gn.4xlarge_use1-az6': 50, 'c7gn.8xlarge_use1-az2': 1, 'c7gn.8xlarge_use1-az5': 1, 'c7gn.8xlarge_use1-az6': 5, 'c7gn.large_use1-az1': 1, 'c7gn.large_use1-az2': 10, 'c7gn.large_use1-az5': 10, 'c7gn.large_use1-az6': 10, 'c7gn.xlarge_use1-az1': 1, 'c7gn.xlarge_use1-az2': 5, 'c7gn.xlarge_use1-az5': 5, 'c7gn.xlarge_use1-az6': 5, 'c7i-flex.2xlarge_use1-az1': 50, 'c7i-flex.2xlarge_use1-az2': 50, 'c7i-flex.2xlarge_use1-az4': 50, 'c7i-flex.2xlarge_use1-az5': 15, 'c7i-flex.2xlarge_use1-az6': 50, 'c7i-flex.4xlarge_use1-az1': 1, 'c7i-flex.4xlarge_use1-az2': 1, 'c7i-flex.4xlarge_use1-az4': 1, 'c7i-flex.4xlarge_use1-az6': 5, 'c7i-flex.8xlarge_use1-az1': 1, 'c7i-flex.8xlarge_use1-az2': 1, 'c7i-flex.8xlarge_use1-az4': 1, 'c7i-flex.8xlarge_use1-az6': 5, 'c7i-flex.large_use1-az1': 40, 'c7i-flex.large_use1-az2': 50, 'c7i-flex.large_use1-az4': 10, 'c7i-flex.large_use1-az5': 1, 'c7i-flex.large_use1-az6': 50, 'c7i-flex.xlarge_use1-az1': 50, 'c7i-flex.xlarge_use1-az2': 50, 'c7i-flex.xlarge_use1-az4': 50, 'c7i-flex.xlarge_use1-az5': 5, 'c7i-flex.xlarge_use1-az6': 50, 'c7i.12xlarge_use1-az1': 5, 'c7i.12xlarge_use1-az2': 15, 'c7i.12xlarge_use1-az4': 15, 'c7i.12xlarge_use1-az6': 5, 'c7i.16xlarge_use1-az1': 1, 'c7i.16xlarge_use1-az2': 5, 'c7i.16xlarge_use1-az4': 1, 'c7i.16xlarge_use1-az6': 15, 'c7i.24xlarge_use1-az1': 5, 'c7i.24xlarge_use1-az2': 5, 'c7i.24xlarge_use1-az4': 5, 'c7i.24xlarge_use1-az5': 1, 'c7i.24xlarge_use1-az6': 15, 'c7i.2xlarge_use1-az1': 10, 'c7i.2xlarge_use1-az2': 10, 'c7i.2xlarge_use1-az4': 10, 'c7i.2xlarge_use1-az5': 5, 'c7i.2xlarge_use1-az6': 25, 'c7i.48xlarge_use1-az1': 10, 'c7i.48xlarge_use1-az2': 10, 'c7i.48xlarge_use1-az4': 5, 'c7i.48xlarge_use1-az5': 1, 'c7i.48xlarge_use1-az6': 50, 'c7i.4xlarge_use1-az1': 5, 'c7i.4xlarge_use1-az2': 5, 'c7i.4xlarge_use1-az4': 5, 'c7i.4xlarge_use1-az5': 1, 'c7i.4xlarge_use1-az6': 15, 'c7i.8xlarge_use1-az1': 1, 'c7i.8xlarge_use1-az2': 5, 'c7i.8xlarge_use1-az4': 5, 'c7i.8xlarge_use1-az6': 10, 'c7i.large_use1-az1': 45, 'c7i.large_use1-az2': 50, 'c7i.large_use1-az4': 50, 'c7i.large_use1-az5': 5, 'c7i.large_use1-az6': 50, 'c7i.xlarge_use1-az1': 5, 'c7i.xlarge_use1-az2': 10, 'c7i.xlarge_use1-az4': 5, 'c7i.xlarge_use1-az5': 1, 'c7i.xlarge_use1-az6': 5, 'c8g.12xlarge_use1-az1': 1, 'c8g.12xlarge_use1-az2': 5, 'c8g.12xlarge_use1-az4': 1, 'c8g.12xlarge_use1-az6': 25, 'c8g.16xlarge_use1-az1': 10, 'c8g.16xlarge_use1-az2': 5, 'c8g.16xlarge_use1-az4': 1, 'c8g.16xlarge_use1-az6': 50, 'c8g.24xlarge_use1-az1': 5, 'c8g.24xlarge_use1-az2': 10, 'c8g.24xlarge_use1-az4': 1, 'c8g.24xlarge_use1-az6': 25, 'c8g.2xlarge_use1-az1': 5, 'c8g.2xlarge_use1-az2': 5, 'c8g.2xlarge_use1-az4': 50, 'c8g.2xlarge_use1-az5': 1, 'c8g.2xlarge_use1-az6': 50, 'c8g.48xlarge_use1-az1': 1, 'c8g.48xlarge_use1-az2': 5, 'c8g.48xlarge_use1-az6': 50, 'c8g.4xlarge_use1-az1': 35, 'c8g.4xlarge_use1-az2': 15, 'c8g.4xlarge_use1-az4': 20, 'c8g.4xlarge_use1-az5': 10, 'c8g.4xlarge_use1-az6': 50, 'c8g.8xlarge_use1-az1': 1, 'c8g.8xlarge_use1-az2': 5, 'c8g.8xlarge_use1-az4': 5, 'c8g.8xlarge_use1-az6': 50, 'c8g.large_use1-az1': 5, 'c8g.large_use1-az2': 20, 'c8g.large_use1-az4': 5, 'c8g.large_use1-az5': 1, 'c8g.large_use1-az6': 40, 'c8g.metal-24xl_use1-az2': 1, 'c8g.metal-24xl_use1-az6': 20, 'c8g.metal-48xl_use1-az1': 1, 'c8g.metal-48xl_use1-az2': 1, 'c8g.metal-48xl_use1-az6': 50, 'c8g.xlarge_use1-az1': 5, 'c8g.xlarge_use1-az2': 30, 'c8g.xlarge_use1-az4': 5, 'c8g.xlarge_use1-az5': 1, 'c8g.xlarge_use1-az6': 50, 'c8gd.12xlarge_use1-az2': 5, 'c8gd.12xlarge_use1-az4': 5, 'c8gd.12xlarge_use1-az5': 1, 'c8gd.12xlarge_use1-az6': 5, 'c8gd.16xlarge_use1-az2': 10, 'c8gd.16xlarge_use1-az4': 10, 'c8gd.16xlarge_use1-az5': 5, 'c8gd.16xlarge_use1-az6': 50, 'c8gd.24xlarge_use1-az2': 1, 'c8gd.24xlarge_use1-az4': 5, 'c8gd.24xlarge_use1-az5': 1, 'c8gd.24xlarge_use1-az6': 5, 'c8gd.2xlarge_use1-az2': 50, 'c8gd.2xlarge_use1-az4': 50, 'c8gd.2xlarge_use1-az5': 10, 'c8gd.2xlarge_use1-az6': 50, 'c8gd.48xlarge_use1-az2': 1, 'c8gd.48xlarge_use1-az6': 15, 'c8gd.4xlarge_use1-az2': 10, 'c8gd.4xlarge_use1-az4': 30, 'c8gd.4xlarge_use1-az5': 1, 'c8gd.4xlarge_use1-az6': 50, 'c8gd.8xlarge_use1-az2': 1, 'c8gd.8xlarge_use1-az4': 1, 'c8gd.8xlarge_use1-az5': 1, 'c8gd.8xlarge_use1-az6': 5, 'c8gd.large_use1-az1': 1, 'c8gd.large_use1-az2': 40, 'c8gd.large_use1-az4': 35, 'c8gd.large_use1-az6': 50, 'c8gd.metal-24xl_use1-az2': 1, 'c8gd.metal-24xl_use1-az4': 1, 'c8gd.metal-24xl_use1-az5': 1, 'c8gd.metal-24xl_use1-az6': 5, 'c8gd.metal-48xl_use1-az2': 1, 'c8gd.metal-48xl_use1-az6': 1, 'c8gd.xlarge_use1-az1': 1, 'c8gd.xlarge_use1-az2': 20, 'c8gd.xlarge_use1-az4': 20, 'c8gd.xlarge_use1-az5': 15, 'c8gd.xlarge_use1-az6': 50, 'c8gn.2xlarge_use1-az2': 1, 'c8gn.2xlarge_use1-az4': 1, 'c8gn.2xlarge_use1-az6': 1, 'c8gn.4xlarge_use1-az2': 1, 'c8gn.4xlarge_use1-az5': 1, 'c8gn.8xlarge_use1-az2': 1, 'c8gn.8xlarge_use1-az6': 1, 'c8gn.large_use1-az6': 1, 'c8i-flex.12xlarge_use1-az6': 1, 'c8i-flex.16xlarge_use1-az6': 1, 'c8i-flex.2xlarge_use1-az2': 25, 'c8i-flex.2xlarge_use1-az4': 15, 'c8i-flex.2xlarge_use1-az6': 50, 'c8i-flex.4xlarge_use1-az2': 5, 'c8i-flex.4xlarge_use1-az4': 1, 'c8i-flex.4xlarge_use1-az6': 5, 'c8i-flex.8xlarge_use1-az6': 1, 'c8i-flex.large_use1-az4': 20, 'c8i-flex.xlarge_use1-az2': 40, 'c8i-flex.xlarge_use1-az4': 5, 'c8i-flex.xlarge_use1-az6': 50, 'c8i.12xlarge_use1-az2': 1, 'c8i.12xlarge_use1-az4': 1, 'c8i.12xlarge_use1-az6': 1, 'c8i.16xlarge_use1-az6': 1, 'c8i.24xlarge_use1-az6': 1, 'c8i.2xlarge_use1-az2': 10, 'c8i.2xlarge_use1-az4': 5, 'c8i.2xlarge_use1-az6': 20, 'c8i.32xlarge_use1-az2': 1, 'c8i.32xlarge_use1-az4': 1, 'c8i.32xlarge_use1-az6': 5, 'c8i.48xlarge_use1-az2': 1, 'c8i.48xlarge_use1-az6': 1, 'c8i.4xlarge_use1-az2': 5, 'c8i.4xlarge_use1-az4': 5, 'c8i.4xlarge_use1-az6': 5, 'c8i.8xlarge_use1-az2': 1, 'c8i.8xlarge_use1-az4': 1, 'c8i.8xlarge_use1-az6': 5, 'c8i.96xlarge_use1-az2': 1, 'c8i.96xlarge_use1-az6': 5, 'c8i.metal-48xl_use1-az2': 1, 'c8i.metal-96xl_use1-az2': 1, 'c8i.metal-96xl_use1-az6': 5, 'c8i.xlarge_use1-az2': 50, 'c8i.xlarge_use1-az4': 15, 'c8i.xlarge_use1-az6': 50, 'd2.2xlarge_use1-az1': 1, 'd2.2xlarge_use1-az6': 1, 'd2.4xlarge_use1-az2': 1, 'd2.4xlarge_use1-az6': 1, 'd2.xlarge_use1-az6': 1, 'd3.2xlarge_use1-az1': 15, 'd3.2xlarge_use1-az2': 45, 'd3.2xlarge_use1-az4': 40, 'd3.2xlarge_use1-az6': 35, 'd3.4xlarge_use1-az1': 1, 'd3.4xlarge_use1-az2': 5, 'd3.4xlarge_use1-az4': 15, 'd3.4xlarge_use1-az6': 5, 'd3.8xlarge_use1-az1': 1, 'd3.8xlarge_use1-az2': 40, 'd3.8xlarge_use1-az4': 35, 'd3.8xlarge_use1-az6': 20, 'd3.xlarge_use1-az1': 10, 'd3.xlarge_use1-az2': 50, 'd3.xlarge_use1-az4': 45, 'd3.xlarge_use1-az6': 25, 'd3en.12xlarge_use1-az1': 1, 'd3en.12xlarge_use1-az2': 10, 'd3en.12xlarge_use1-az4': 20, 'd3en.12xlarge_use1-az6': 50, 'd3en.2xlarge_use1-az1': 5, 'd3en.2xlarge_use1-az2': 25, 'd3en.2xlarge_use1-az4': 15, 'd3en.2xlarge_use1-az6': 50, 'd3en.4xlarge_use1-az1': 1, 'd3en.4xlarge_use1-az2': 5, 'd3en.4xlarge_use1-az4': 10, 'd3en.4xlarge_use1-az6': 50, 'd3en.6xlarge_use1-az1': 1, 'd3en.6xlarge_use1-az2': 5, 'd3en.6xlarge_use1-az4': 15, 'd3en.6xlarge_use1-az6': 50, 'd3en.8xlarge_use1-az1': 1, 'd3en.8xlarge_use1-az2': 15, 'd3en.8xlarge_use1-az4': 5, 'd3en.8xlarge_use1-az6': 50, 'd3en.xlarge_use1-az1': 5, 'd3en.xlarge_use1-az2': 50, 'd3en.xlarge_use1-az4': 30, 'd3en.xlarge_use1-az6': 50, 'f2.12xlarge_use1-az2': 1, 'f2.12xlarge_use1-az4': 1, 'f2.12xlarge_use1-az6': 1, 'f2.48xlarge_use1-az2': 5, 'f2.48xlarge_use1-az4': 5, 'f2.48xlarge_use1-az6': 1, 'g4ad.16xlarge_use1-az1': 5, 'g4ad.16xlarge_use1-az2': 5, 'g4ad.16xlarge_use1-az4': 5, 'g4ad.16xlarge_use1-az6': 10, 'g4ad.2xlarge_use1-az1': 5, 'g4ad.2xlarge_use1-az2': 10, 'g4ad.2xlarge_use1-az4': 10, 'g4ad.2xlarge_use1-az6': 10, 'g4ad.4xlarge_use1-az1': 10, 'g4ad.4xlarge_use1-az2': 15, 'g4ad.4xlarge_use1-az4': 15, 'g4ad.4xlarge_use1-az6': 5, 'g4ad.8xlarge_use1-az1': 1, 'g4ad.8xlarge_use1-az2': 5, 'g4ad.8xlarge_use1-az4': 5, 'g4ad.8xlarge_use1-az6': 5, 'g4ad.xlarge_use1-az1': 20, 'g4ad.xlarge_use1-az2': 20, 'g4ad.xlarge_use1-az4': 25, 'g4ad.xlarge_use1-az6': 20, 'g4dn.12xlarge_use1-az1': 5, 'g4dn.12xlarge_use1-az2': 15, 'g4dn.12xlarge_use1-az4': 15, 'g4dn.12xlarge_use1-az5': 15, 'g4dn.12xlarge_use1-az6': 50, 'g4dn.16xlarge_use1-az1': 1, 'g4dn.16xlarge_use1-az2': 10, 'g4dn.16xlarge_use1-az4': 1, 'g4dn.16xlarge_use1-az5': 5, 'g4dn.16xlarge_use1-az6': 15, 'g4dn.2xlarge_use1-az1': 45, 'g4dn.2xlarge_use1-az2': 50, 'g4dn.2xlarge_use1-az4': 50, 'g4dn.2xlarge_use1-az5': 50, 'g4dn.2xlarge_use1-az6': 50, 'g4dn.4xlarge_use1-az1': 5, 'g4dn.4xlarge_use1-az2': 40, 'g4dn.4xlarge_use1-az4': 25, 'g4dn.4xlarge_use1-az5': 40, 'g4dn.4xlarge_use1-az6': 40, 'g4dn.8xlarge_use1-az1': 1, 'g4dn.8xlarge_use1-az2': 1, 'g4dn.8xlarge_use1-az4': 10, 'g4dn.8xlarge_use1-az5': 1, 'g4dn.8xlarge_use1-az6': 5, 'g4dn.xlarge_use1-az1': 50, 'g4dn.xlarge_use1-az2': 50, 'g4dn.xlarge_use1-az4': 50, 'g4dn.xlarge_use1-az5': 50, 'g4dn.xlarge_use1-az6': 50, 'g5.12xlarge_use1-az2': 1, 'g5.12xlarge_use1-az5': 10, 'g5.12xlarge_use1-az6': 5, 'g5.16xlarge_use1-az1': 1, 'g5.16xlarge_use1-az2': 1, 'g5.16xlarge_use1-az4': 5, 'g5.16xlarge_use1-az5': 5, 'g5.16xlarge_use1-az6': 10, 'g5.24xlarge_use1-az1': 1, 'g5.24xlarge_use1-az2': 1, 'g5.24xlarge_use1-az4': 1, 'g5.24xlarge_use1-az5': 1, 'g5.24xlarge_use1-az6': 5, 'g5.2xlarge_use1-az1': 25, 'g5.2xlarge_use1-az2': 15, 'g5.2xlarge_use1-az4': 15, 'g5.2xlarge_use1-az5': 50, 'g5.2xlarge_use1-az6': 45, 'g5.48xlarge_use1-az2': 1, 'g5.48xlarge_use1-az5': 5, 'g5.48xlarge_use1-az6': 25, 'g5.4xlarge_use1-az1': 1, 'g5.4xlarge_use1-az2': 50, 'g5.4xlarge_use1-az4': 50, 'g5.4xlarge_use1-az5': 40, 'g5.4xlarge_use1-az6': 50, 'g5.8xlarge_use1-az1': 1, 'g5.8xlarge_use1-az2': 5, 'g5.8xlarge_use1-az4': 10, 'g5.8xlarge_use1-az5': 20, 'g5.8xlarge_use1-az6': 10, 'g5g.16xlarge_use1-az1': 1, 'g5g.16xlarge_use1-az6': 5, 'g5g.4xlarge_use1-az6': 1, 'g5g.8xlarge_use1-az1': 1, 'g5g.8xlarge_use1-az4': 1, 'g5g.8xlarge_use1-az6': 1, 'g5g.xlarge_use1-az1': 1, 'g5g.xlarge_use1-az2': 1, 'g5g.xlarge_use1-az4': 1, 'g5g.xlarge_use1-az6': 5, 'g6.12xlarge_use1-az1': 5, 'g6.12xlarge_use1-az2': 1, 'g6.12xlarge_use1-az4': 30, 'g6.12xlarge_use1-az6': 50, 'g6.16xlarge_use1-az1': 1, 'g6.16xlarge_use1-az2': 1, 'g6.16xlarge_use1-az4': 1, 'g6.16xlarge_use1-az6': 5, 'g6.24xlarge_use1-az2': 1, 'g6.24xlarge_use1-az4': 1, 'g6.24xlarge_use1-az6': 1, 'g6.2xlarge_use1-az1': 10, 'g6.2xlarge_use1-az2': 25, 'g6.2xlarge_use1-az4': 50, 'g6.2xlarge_use1-az6': 50, 'g6.48xlarge_use1-az2': 5, 'g6.48xlarge_use1-az4': 30, 'g6.48xlarge_use1-az6': 50, 'g6.4xlarge_use1-az1': 5, 'g6.4xlarge_use1-az2': 10, 'g6.4xlarge_use1-az4': 35, 'g6.4xlarge_use1-az6': 50, 'g6.8xlarge_use1-az1': 5, 'g6.8xlarge_use1-az2': 5, 'g6.8xlarge_use1-az4': 10, 'g6.8xlarge_use1-az6': 15, 'g6.xlarge_use1-az1': 5, 'g6.xlarge_use1-az2': 5, 'g6.xlarge_use1-az4': 5, 'g6.xlarge_use1-az6': 5, 'g6e.16xlarge_use1-az1': 10, 'g6e.16xlarge_use1-az2': 15, 'g6e.16xlarge_use1-az4': 40, 'g6e.16xlarge_use1-az6': 20, 'g6e.2xlarge_use1-az1': 10, 'g6e.2xlarge_use1-az2': 1, 'g6e.2xlarge_use1-az4': 10, 'g6e.2xlarge_use1-az6': 5, 'g6e.48xlarge_use1-az4': 5, 'g6e.48xlarge_use1-az6': 1, 'g6e.4xlarge_use1-az1': 1, 'g6e.4xlarge_use1-az4': 5, 'g6e.4xlarge_use1-az6': 1, 'g6e.8xlarge_use1-az1': 1, 'g6e.8xlarge_use1-az2': 1, 'g6e.8xlarge_use1-az4': 1, 'g6e.8xlarge_use1-az6': 1, 'g6f.2xlarge_use1-az1': 1, 'g6f.2xlarge_use1-az4': 1, 'g6f.2xlarge_use1-az6': 5, 'g6f.4xlarge_use1-az1': 1, 'g6f.4xlarge_use1-az4': 1, 'g6f.4xlarge_use1-az6': 1, 'g6f.large_use1-az1': 10, 'g6f.large_use1-az2': 15, 'g6f.large_use1-az4': 40, 'g6f.large_use1-az6': 20, 'g6f.xlarge_use1-az1': 1, 'g6f.xlarge_use1-az2': 1, 'g6f.xlarge_use1-az4': 5, 'g6f.xlarge_use1-az6': 10, 'gr6.4xlarge_use1-az2': 1, 'gr6.4xlarge_use1-az4': 1, 'gr6.4xlarge_use1-az6': 1, 'gr6.8xlarge_use1-az1': 1, 'gr6.8xlarge_use1-az2': 1, 'gr6.8xlarge_use1-az4': 1, 'gr6.8xlarge_use1-az6': 1, 'i2.2xlarge_use1-az2': 10, 'i2.2xlarge_use1-az3': 5, 'i2.2xlarge_use1-az4': 10, 'i2.2xlarge_use1-az6': 5, 'i2.4xlarge_use1-az1': 1, 'i2.4xlarge_use1-az2': 10, 'i2.4xlarge_use1-az3': 1, 'i2.4xlarge_use1-az4': 10, 'i2.4xlarge_use1-az6': 5, 'i2.8xlarge_use1-az2': 1, 'i2.8xlarge_use1-az3': 1, 'i2.8xlarge_use1-az6': 1, 'i2.xlarge_use1-az1': 1, 'i2.xlarge_use1-az2': 15, 'i2.xlarge_use1-az3': 1, 'i2.xlarge_use1-az4': 20, 'i2.xlarge_use1-az6': 15, 'i3.16xlarge_use1-az1': 20, 'i3.16xlarge_use1-az2': 50, 'i3.16xlarge_use1-az3': 10, 'i3.16xlarge_use1-az4': 50, 'i3.16xlarge_use1-az5': 10, 'i3.16xlarge_use1-az6': 45, 'i3.2xlarge_use1-az1': 50, 'i3.2xlarge_use1-az2': 50, 'i3.2xlarge_use1-az3': 50, 'i3.2xlarge_use1-az4': 50, 'i3.2xlarge_use1-az5': 50, 'i3.2xlarge_use1-az6': 50, 'i3.4xlarge_use1-az1': 50, 'i3.4xlarge_use1-az2': 50, 'i3.4xlarge_use1-az3': 50, 'i3.4xlarge_use1-az4': 50, 'i3.4xlarge_use1-az5': 50, 'i3.4xlarge_use1-az6': 50, 'i3.8xlarge_use1-az1': 50, 'i3.8xlarge_use1-az2': 50, 'i3.8xlarge_use1-az3': 50, 'i3.8xlarge_use1-az4': 50, 'i3.8xlarge_use1-az5': 25, 'i3.8xlarge_use1-az6': 50, 'i3.large_use1-az1': 50, 'i3.large_use1-az2': 50, 'i3.large_use1-az3': 50, 'i3.large_use1-az4': 50, 'i3.large_use1-az5': 50, 'i3.large_use1-az6': 50, 'i3.xlarge_use1-az1': 50, 'i3.xlarge_use1-az2': 50, 'i3.xlarge_use1-az3': 50, 'i3.xlarge_use1-az4': 50, 'i3.xlarge_use1-az5': 50, 'i3.xlarge_use1-az6': 50, 'i3en.12xlarge_use1-az1': 1, 'i3en.12xlarge_use1-az2': 1, 'i3en.12xlarge_use1-az6': 50, 'i3en.24xlarge_use1-az6': 20, 'i3en.2xlarge_use1-az1': 50, 'i3en.2xlarge_use1-az2': 50, 'i3en.2xlarge_use1-az4': 30, 'i3en.2xlarge_use1-az5': 50, 'i3en.2xlarge_use1-az6': 50, 'i3en.3xlarge_use1-az1': 50, 'i3en.3xlarge_use1-az2': 50, 'i3en.3xlarge_use1-az4': 50, 'i3en.3xlarge_use1-az5': 50, 'i3en.3xlarge_use1-az6': 50, 'i3en.6xlarge_use1-az1': 10, 'i3en.6xlarge_use1-az2': 20, 'i3en.6xlarge_use1-az4': 10, 'i3en.6xlarge_use1-az6': 50, 'i3en.large_use1-az1': 50, 'i3en.large_use1-az2': 50, 'i3en.large_use1-az4': 45, 'i3en.large_use1-az5': 35, 'i3en.large_use1-az6': 50, 'i3en.xlarge_use1-az1': 50, 'i3en.xlarge_use1-az2': 50, 'i3en.xlarge_use1-az4': 50, 'i3en.xlarge_use1-az5': 50, 'i3en.xlarge_use1-az6': 50, 'i4g.16xlarge_use1-az2': 1, 'i4g.16xlarge_use1-az4': 1, 'i4g.16xlarge_use1-az5': 50, 'i4g.16xlarge_use1-az6': 50, 'i4g.2xlarge_use1-az2': 10, 'i4g.2xlarge_use1-az4': 15, 'i4g.2xlarge_use1-az5': 40, 'i4g.2xlarge_use1-az6': 50, 'i4g.4xlarge_use1-az2': 25, 'i4g.4xlarge_use1-az4': 30, 'i4g.4xlarge_use1-az5': 50, 'i4g.4xlarge_use1-az6': 50, 'i4g.8xlarge_use1-az5': 45, 'i4g.8xlarge_use1-az6': 15, 'i4g.large_use1-az1': 5, 'i4g.large_use1-az2': 5, 'i4g.large_use1-az4': 5, 'i4g.large_use1-az5': 25, 'i4g.large_use1-az6': 50, 'i4g.xlarge_use1-az2': 10, 'i4g.xlarge_use1-az4': 1, 'i4g.xlarge_use1-az5': 50, 'i4g.xlarge_use1-az6': 50, 'i4i.12xlarge_use1-az2': 5, 'i4i.16xlarge_use1-az1': 1, 'i4i.16xlarge_use1-az2': 1, 'i4i.16xlarge_use1-az4': 1, 'i4i.16xlarge_use1-az6': 1, 'i4i.24xlarge_use1-az2': 1, 'i4i.2xlarge_use1-az1': 15, 'i4i.2xlarge_use1-az2': 50, 'i4i.2xlarge_use1-az4': 50, 'i4i.2xlarge_use1-az5': 1, 'i4i.2xlarge_use1-az6': 50, 'i4i.4xlarge_use1-az1': 1, 'i4i.4xlarge_use1-az2': 35, 'i4i.4xlarge_use1-az4': 1, 'i4i.4xlarge_use1-az6': 15, 'i4i.8xlarge_use1-az1': 1, 'i4i.8xlarge_use1-az2': 40, 'i4i.8xlarge_use1-az6': 5, 'i4i.large_use1-az1': 50, 'i4i.large_use1-az2': 50, 'i4i.large_use1-az4': 50, 'i4i.large_use1-az5': 50, 'i4i.large_use1-az6': 50, 'i4i.xlarge_use1-az1': 50, 'i4i.xlarge_use1-az2': 50, 'i4i.xlarge_use1-az4': 50, 'i4i.xlarge_use1-az5': 50, 'i4i.xlarge_use1-az6': 50, 'i7i.12xlarge_use1-az1': 1, 'i7i.12xlarge_use1-az2': 1, 'i7i.12xlarge_use1-az4': 1, 'i7i.12xlarge_use1-az5': 1, 'i7i.12xlarge_use1-az6': 1, 'i7i.16xlarge_use1-az2': 1, 'i7i.16xlarge_use1-az4': 5, 'i7i.16xlarge_use1-az5': 1, 'i7i.16xlarge_use1-az6': 1, 'i7i.24xlarge_use1-az2': 1, 'i7i.24xlarge_use1-az4': 1, 'i7i.24xlarge_use1-az5': 1, 'i7i.24xlarge_use1-az6': 1, 'i7i.2xlarge_use1-az1': 1, 'i7i.2xlarge_use1-az2': 50, 'i7i.2xlarge_use1-az4': 45, 'i7i.2xlarge_use1-az5': 20, 'i7i.2xlarge_use1-az6': 10, 'i7i.48xlarge_use1-az2': 1, 'i7i.4xlarge_use1-az1': 1, 'i7i.4xlarge_use1-az2': 15, 'i7i.4xlarge_use1-az4': 20, 'i7i.4xlarge_use1-az5': 5, 'i7i.4xlarge_use1-az6': 20, 'i7i.8xlarge_use1-az1': 1, 'i7i.8xlarge_use1-az2': 1, 'i7i.8xlarge_use1-az4': 5, 'i7i.8xlarge_use1-az5': 1, 'i7i.8xlarge_use1-az6': 1, 'i7i.metal-24xl_use1-az2': 1, 'i7i.metal-24xl_use1-az4': 50, 'i7i.metal-24xl_use1-az6': 35, 'i7i.xlarge_use1-az1': 1, 'i7i.xlarge_use1-az6': 20, 'i7ie.12xlarge_use1-az1': 1, 'i7ie.12xlarge_use1-az4': 1, 'i7ie.12xlarge_use1-az6': 30, 'i7ie.18xlarge_use1-az4': 1, 'i7ie.18xlarge_use1-az6': 20, 'i7ie.24xlarge_use1-az1': 1, 'i7ie.24xlarge_use1-az2': 1, 'i7ie.24xlarge_use1-az4': 1, 'i7ie.24xlarge_use1-az6': 50, 'i7ie.2xlarge_use1-az1': 5, 'i7ie.2xlarge_use1-az2': 1, 'i7ie.2xlarge_use1-az4': 15, 'i7ie.2xlarge_use1-az6': 35, 'i7ie.3xlarge_use1-az1': 5, 'i7ie.3xlarge_use1-az2': 1, 'i7ie.3xlarge_use1-az4': 5, 'i7ie.3xlarge_use1-az6': 30, 'i7ie.48xlarge_use1-az6': 50, 'i7ie.6xlarge_use1-az1': 25, 'i7ie.6xlarge_use1-az4': 20, 'i7ie.6xlarge_use1-az6': 50, 'i7ie.large_use1-az1': 45, 'i7ie.large_use1-az2': 15, 'i7ie.large_use1-az4': 50, 'i7ie.large_use1-az6': 50, 'i7ie.metal-24xl_use1-az4': 1, 'i7ie.metal-24xl_use1-az6': 15, 'i7ie.metal-48xl_use1-az6': 10, 'i7ie.xlarge_use1-az1': 10, 'i7ie.xlarge_use1-az2': 25, 'i7ie.xlarge_use1-az4': 45, 'i7ie.xlarge_use1-az6': 50, 'i8g.12xlarge_use1-az6': 1, 'i8g.24xlarge_use1-az6': 10, 'i8g.2xlarge_use1-az2': 1, 'i8g.4xlarge_use1-az2': 1, 'i8g.8xlarge_use1-az6': 5, 'i8g.large_use1-az2': 10, 'i8g.large_use1-az6': 5, 'i8g.xlarge_use1-az2': 1, 'i8g.xlarge_use1-az4': 1, 'i8g.xlarge_use1-az6': 1, 'i8ge.12xlarge_use1-az4': 1, 'i8ge.12xlarge_use1-az6': 5, 'i8ge.18xlarge_use1-az2': 1, 'i8ge.18xlarge_use1-az4': 1, 'i8ge.18xlarge_use1-az6': 5, 'i8ge.24xlarge_use1-az4': 1, 'i8ge.24xlarge_use1-az6': 5, 'i8ge.2xlarge_use1-az4': 10, 'i8ge.3xlarge_use1-az2': 1, 'i8ge.3xlarge_use1-az4': 5, 'i8ge.48xlarge_use1-az4': 5, 'i8ge.6xlarge_use1-az2': 1, 'i8ge.6xlarge_use1-az4': 1, 'i8ge.large_use1-az2': 5, 'i8ge.large_use1-az4': 50, 'i8ge.metal-24xl_use1-az4': 1, 'i8ge.metal-48xl_use1-az6': 1, 'i8ge.xlarge_use1-az4': 20, 'im4gn.16xlarge_use1-az4': 45, 'im4gn.2xlarge_use1-az1': 10, 'im4gn.2xlarge_use1-az4': 20, 'im4gn.2xlarge_use1-az6': 15, 'im4gn.4xlarge_use1-az1': 5, 'im4gn.4xlarge_use1-az4': 15, 'im4gn.8xlarge_use1-az1': 1, 'im4gn.8xlarge_use1-az4': 5, 'im4gn.large_use1-az1': 35, 'im4gn.large_use1-az2': 10, 'im4gn.large_use1-az4': 50, 'im4gn.large_use1-az6': 10, 'im4gn.xlarge_use1-az1': 25, 'im4gn.xlarge_use1-az2': 50, 'im4gn.xlarge_use1-az4': 30, 'im4gn.xlarge_use1-az6': 40, 'inf1.24xlarge_use1-az1': 1, 'inf1.24xlarge_use1-az2': 1, 'inf1.24xlarge_use1-az4': 10, 'inf1.24xlarge_use1-az5': 5, 'inf1.24xlarge_use1-az6': 20, 'inf1.2xlarge_use1-az1': 15, 'inf1.2xlarge_use1-az2': 15, 'inf1.2xlarge_use1-az4': 30, 'inf1.2xlarge_use1-az5': 40, 'inf1.2xlarge_use1-az6': 40, 'inf1.6xlarge_use1-az1': 1, 'inf1.6xlarge_use1-az2': 1, 'inf1.6xlarge_use1-az4': 5, 'inf1.6xlarge_use1-az5': 5, 'inf1.6xlarge_use1-az6': 10, 'inf1.xlarge_use1-az1': 50, 'inf1.xlarge_use1-az2': 50, 'inf1.xlarge_use1-az4': 40, 'inf1.xlarge_use1-az5': 50, 'inf1.xlarge_use1-az6': 50, 'inf2.24xlarge_use1-az4': 1, 'inf2.24xlarge_use1-az6': 10, 'inf2.48xlarge_use1-az6': 15, 'inf2.8xlarge_use1-az2': 5, 'inf2.8xlarge_use1-az4': 5, 'inf2.8xlarge_use1-az5': 1, 'inf2.8xlarge_use1-az6': 1, 'inf2.xlarge_use1-az2': 5, 'inf2.xlarge_use1-az4': 1, 'inf2.xlarge_use1-az6': 50, 'is4gen.2xlarge_use1-az1': 1, 'is4gen.2xlarge_use1-az2': 50, 'is4gen.2xlarge_use1-az4': 50, 'is4gen.2xlarge_use1-az6': 50, 'is4gen.4xlarge_use1-az1': 1, 'is4gen.8xlarge_use1-az1': 1, 'is4gen.8xlarge_use1-az4': 1, 'is4gen.large_use1-az1': 5, 'is4gen.large_use1-az4': 10, 'is4gen.large_use1-az6': 15, 'is4gen.medium_use1-az1': 50, 'is4gen.medium_use1-az2': 25, 'is4gen.medium_use1-az4': 40, 'is4gen.medium_use1-az6': 30, 'is4gen.xlarge_use1-az1': 1, 'is4gen.xlarge_use1-az2': 1, 'is4gen.xlarge_use1-az4': 15, 'm1.large_use1-az1': 5, 'm1.large_use1-az2': 25, 'm1.large_use1-az4': 20, 'm1.large_use1-az6': 15, 'm1.xlarge_use1-az1': 1, 'm1.xlarge_use1-az2': 10, 'm1.xlarge_use1-az4': 10, 'm1.xlarge_use1-az6': 10, 'm2.2xlarge_use1-az1': 5, 'm2.2xlarge_use1-az2': 10, 'm2.2xlarge_use1-az4': 15, 'm2.2xlarge_use1-az6': 5, 'm2.4xlarge_use1-az1': 1, 'm2.4xlarge_use1-az2': 5, 'm2.4xlarge_use1-az4': 5, 'm2.4xlarge_use1-az6': 5, 'm2.xlarge_use1-az1': 5, 'm2.xlarge_use1-az2': 20, 'm2.xlarge_use1-az4': 20, 'm2.xlarge_use1-az6': 15, 'm3.2xlarge_use1-az2': 25, 'm3.2xlarge_use1-az3': 1, 'm3.2xlarge_use1-az4': 40, 'm3.2xlarge_use1-az6': 45, 'm3.large_use1-az2': 50, 'm3.large_use1-az3': 1, 'm3.large_use1-az4': 50, 'm3.large_use1-az6': 50, 'm3.xlarge_use1-az2': 50, 'm3.xlarge_use1-az3': 1, 'm3.xlarge_use1-az4': 50, 'm3.xlarge_use1-az6': 50, 'm4.10xlarge_use1-az1': 5, 'm4.10xlarge_use1-az2': 10, 'm4.10xlarge_use1-az3': 1, 'm4.10xlarge_use1-az4': 50, 'm4.10xlarge_use1-az5': 1, 'm4.10xlarge_use1-az6': 50, 'm4.2xlarge_use1-az1': 5, 'm4.2xlarge_use1-az2': 20, 'm4.2xlarge_use1-az3': 50, 'm4.2xlarge_use1-az4': 20, 'm4.2xlarge_use1-az5': 1, 'm4.2xlarge_use1-az6': 25, 'm4.4xlarge_use1-az1': 50, 'm4.4xlarge_use1-az2': 50, 'm4.4xlarge_use1-az3': 50, 'm4.4xlarge_use1-az4': 25, 'm4.4xlarge_use1-az5': 10, 'm4.4xlarge_use1-az6': 15, 'm4.large_use1-az1': 30, 'm4.large_use1-az2': 50, 'm4.large_use1-az3': 25, 'm4.large_use1-az4': 50, 'm4.large_use1-az5': 10, 'm4.large_use1-az6': 50, 'm4.xlarge_use1-az1': 15, 'm4.xlarge_use1-az2': 50, 'm4.xlarge_use1-az3': 50, 'm4.xlarge_use1-az4': 50, 'm4.xlarge_use1-az5': 30, 'm4.xlarge_use1-az6': 50, 'm5.12xlarge_use1-az1': 5, 'm5.12xlarge_use1-az2': 25, 'm5.12xlarge_use1-az4': 50, 'm5.12xlarge_use1-az5': 1, 'm5.12xlarge_use1-az6': 40, 'm5.16xlarge_use1-az1': 10, 'm5.16xlarge_use1-az2': 50, 'm5.16xlarge_use1-az4': 50, 'm5.16xlarge_use1-az5': 1, 'm5.16xlarge_use1-az6': 50, 'm5.24xlarge_use1-az1': 5, 'm5.24xlarge_use1-az2': 5, 'm5.24xlarge_use1-az4': 5, 'm5.24xlarge_use1-az5': 1, 'm5.24xlarge_use1-az6': 35, 'm5.2xlarge_use1-az1': 50, 'm5.2xlarge_use1-az2': 50, 'm5.2xlarge_use1-az4': 50, 'm5.2xlarge_use1-az5': 50, 'm5.2xlarge_use1-az6': 50, 'm5.4xlarge_use1-az1': 50, 'm5.4xlarge_use1-az2': 50, 'm5.4xlarge_use1-az4': 50, 'm5.4xlarge_use1-az5': 10, 'm5.4xlarge_use1-az6': 50, 'm5.8xlarge_use1-az1': 50, 'm5.8xlarge_use1-az2': 40, 'm5.8xlarge_use1-az4': 50, 'm5.8xlarge_use1-az5': 1, 'm5.8xlarge_use1-az6': 50, 'm5.large_use1-az1': 50, 'm5.large_use1-az2': 50, 'm5.large_use1-az4': 50, 'm5.large_use1-az5': 50, 'm5.large_use1-az6': 50, 'm5.xlarge_use1-az1': 50, 'm5.xlarge_use1-az2': 50, 'm5.xlarge_use1-az4': 50, 'm5.xlarge_use1-az5': 50, 'm5.xlarge_use1-az6': 50, 'm5a.12xlarge_use1-az2': 1, 'm5a.12xlarge_use1-az4': 1, 'm5a.12xlarge_use1-az6': 1, 'm5a.16xlarge_use1-az2': 1, 'm5a.16xlarge_use1-az4': 1, 'm5a.16xlarge_use1-az6': 1, 'm5a.24xlarge_use1-az1': 1, 'm5a.24xlarge_use1-az2': 1, 'm5a.24xlarge_use1-az4': 1, 'm5a.24xlarge_use1-az5': 5, 'm5a.24xlarge_use1-az6': 5, 'm5a.2xlarge_use1-az1': 10, 'm5a.2xlarge_use1-az2': 25, 'm5a.2xlarge_use1-az4': 25, 'm5a.2xlarge_use1-az5': 5, 'm5a.2xlarge_use1-az6': 45, 'm5a.4xlarge_use1-az1': 5, 'm5a.4xlarge_use1-az2': 10, 'm5a.4xlarge_use1-az4': 5, 'm5a.4xlarge_use1-az5': 10, 'm5a.4xlarge_use1-az6': 15, 'm5a.8xlarge_use1-az1': 1, 'm5a.8xlarge_use1-az2': 20, 'm5a.8xlarge_use1-az4': 20, 'm5a.8xlarge_use1-az5': 1, 'm5a.8xlarge_use1-az6': 5, 'm5a.large_use1-az1': 50, 'm5a.large_use1-az2': 50, 'm5a.large_use1-az4': 50, 'm5a.large_use1-az5': 45, 'm5a.large_use1-az6': 50, 'm5a.xlarge_use1-az1': 10, 'm5a.xlarge_use1-az2': 30, 'm5a.xlarge_use1-az4': 10, 'm5a.xlarge_use1-az5': 20, 'm5a.xlarge_use1-az6': 50, 'm5ad.12xlarge_use1-az1': 1, 'm5ad.16xlarge_use1-az1': 1, 'm5ad.16xlarge_use1-az2': 1, 'm5ad.16xlarge_use1-az4': 1, 'm5ad.16xlarge_use1-az6': 1, 'm5ad.24xlarge_use1-az1': 5, 'm5ad.24xlarge_use1-az2': 1, 'm5ad.24xlarge_use1-az4': 1, 'm5ad.24xlarge_use1-az6': 5, 'm5ad.2xlarge_use1-az1': 1, 'm5ad.2xlarge_use1-az2': 1, 'm5ad.2xlarge_use1-az4': 5, 'm5ad.2xlarge_use1-az6': 1, 'm5ad.4xlarge_use1-az1': 1, 'm5ad.4xlarge_use1-az2': 1, 'm5ad.4xlarge_use1-az4': 1, 'm5ad.4xlarge_use1-az6': 1, 'm5ad.8xlarge_use1-az2': 1, 'm5ad.large_use1-az1': 10, 'm5ad.large_use1-az2': 5, 'm5ad.large_use1-az4': 10, 'm5ad.large_use1-az5': 1, 'm5ad.large_use1-az6': 10, 'm5ad.xlarge_use1-az1': 1, 'm5ad.xlarge_use1-az2': 10, 'm5ad.xlarge_use1-az4': 5, 'm5ad.xlarge_use1-az6': 5, 'm5d.12xlarge_use1-az1': 1, 'm5d.12xlarge_use1-az2': 25, 'm5d.12xlarge_use1-az4': 30, 'm5d.12xlarge_use1-az6': 15, 'm5d.16xlarge_use1-az1': 5, 'm5d.16xlarge_use1-az2': 35, 'm5d.16xlarge_use1-az4': 20, 'm5d.16xlarge_use1-az5': 1, 'm5d.16xlarge_use1-az6': 50, 'm5d.24xlarge_use1-az1': 20, 'm5d.24xlarge_use1-az2': 15, 'm5d.24xlarge_use1-az4': 5, 'm5d.24xlarge_use1-az5': 1, 'm5d.24xlarge_use1-az6': 50, 'm5d.2xlarge_use1-az1': 5, 'm5d.2xlarge_use1-az2': 25, 'm5d.2xlarge_use1-az4': 25, 'm5d.2xlarge_use1-az6': 30, 'm5d.4xlarge_use1-az1': 5, 'm5d.4xlarge_use1-az2': 15, 'm5d.4xlarge_use1-az4': 25, 'm5d.4xlarge_use1-az6': 25, 'm5d.8xlarge_use1-az1': 1, 'm5d.8xlarge_use1-az2': 25, 'm5d.8xlarge_use1-az4': 10, 'm5d.8xlarge_use1-az5': 1, 'm5d.8xlarge_use1-az6': 10, 'm5d.large_use1-az1': 5, 'm5d.large_use1-az2': 50, 'm5d.large_use1-az4': 50, 'm5d.large_use1-az6': 50, 'm5d.xlarge_use1-az1': 50, 'm5d.xlarge_use1-az2': 50, 'm5d.xlarge_use1-az4': 50, 'm5d.xlarge_use1-az5': 1, 'm5d.xlarge_use1-az6': 50, 'm5dn.12xlarge_use1-az1': 1, 'm5dn.12xlarge_use1-az4': 1, 'm5dn.12xlarge_use1-az6': 1, 'm5dn.16xlarge_use1-az1': 1, 'm5dn.16xlarge_use1-az2': 5, 'm5dn.16xlarge_use1-az4': 1, 'm5dn.16xlarge_use1-az6': 1, 'm5dn.24xlarge_use1-az1': 1, 'm5dn.24xlarge_use1-az2': 1, 'm5dn.24xlarge_use1-az4': 1, 'm5dn.24xlarge_use1-az6': 5, 'm5dn.2xlarge_use1-az1': 10, 'm5dn.2xlarge_use1-az2': 5, 'm5dn.2xlarge_use1-az4': 5, 'm5dn.2xlarge_use1-az5': 1, 'm5dn.2xlarge_use1-az6': 15, 'm5dn.4xlarge_use1-az1': 5, 'm5dn.4xlarge_use1-az2': 5, 'm5dn.4xlarge_use1-az4': 1, 'm5dn.4xlarge_use1-az5': 1, 'm5dn.4xlarge_use1-az6': 5, 'm5dn.8xlarge_use1-az2': 1, 'm5dn.8xlarge_use1-az6': 1, 'm5dn.large_use1-az1': 35, 'm5dn.large_use1-az2': 30, 'm5dn.large_use1-az4': 40, 'm5dn.large_use1-az5': 15, 'm5dn.large_use1-az6': 50, 'm5dn.xlarge_use1-az1': 10, 'm5dn.xlarge_use1-az2': 25, 'm5dn.xlarge_use1-az4': 20, 'm5dn.xlarge_use1-az5': 1, 'm5dn.xlarge_use1-az6': 30, 'm5n.12xlarge_use1-az1': 1, 'm5n.12xlarge_use1-az2': 1, 'm5n.12xlarge_use1-az4': 1, 'm5n.12xlarge_use1-az5': 1, 'm5n.12xlarge_use1-az6': 1, 'm5n.16xlarge_use1-az2': 1, 'm5n.16xlarge_use1-az4': 1, 'm5n.16xlarge_use1-az6': 1, 'm5n.24xlarge_use1-az2': 1, 'm5n.24xlarge_use1-az4': 1, 'm5n.24xlarge_use1-az6': 1, 'm5n.2xlarge_use1-az1': 15, 'm5n.2xlarge_use1-az2': 25, 'm5n.2xlarge_use1-az4': 30, 'm5n.2xlarge_use1-az5': 5, 'm5n.2xlarge_use1-az6': 25, 'm5n.4xlarge_use1-az1': 25, 'm5n.4xlarge_use1-az2': 35, 'm5n.4xlarge_use1-az4': 50, 'm5n.4xlarge_use1-az5': 5, 'm5n.4xlarge_use1-az6': 10, 'm5n.8xlarge_use1-az1': 1, 'm5n.8xlarge_use1-az2': 1, 'm5n.8xlarge_use1-az4': 1, 'm5n.8xlarge_use1-az6': 5, 'm5n.large_use1-az1': 5, 'm5n.large_use1-az2': 15, 'm5n.large_use1-az4': 5, 'm5n.large_use1-az5': 5, 'm5n.large_use1-az6': 15, 'm5n.xlarge_use1-az1': 20, 'm5n.xlarge_use1-az2': 50, 'm5n.xlarge_use1-az4': 50, 'm5n.xlarge_use1-az5': 1, 'm5n.xlarge_use1-az6': 50, 'm5zn.12xlarge_use1-az2': 1, 'm5zn.12xlarge_use1-az4': 10, 'm5zn.12xlarge_use1-az5': 1, 'm5zn.12xlarge_use1-az6': 5, 'm5zn.2xlarge_use1-az1': 1, 'm5zn.2xlarge_use1-az2': 1, 'm5zn.2xlarge_use1-az4': 25, 'm5zn.2xlarge_use1-az5': 1, 'm5zn.2xlarge_use1-az6': 5, 'm5zn.3xlarge_use1-az1': 1, 'm5zn.3xlarge_use1-az2': 1, 'm5zn.3xlarge_use1-az4': 5, 'm5zn.3xlarge_use1-az6': 5, 'm5zn.6xlarge_use1-az4': 1, 'm5zn.6xlarge_use1-az6': 1, 'm5zn.large_use1-az1': 5, 'm5zn.large_use1-az2': 5, 'm5zn.large_use1-az4': 30, 'm5zn.large_use1-az5': 15, 'm5zn.large_use1-az6': 20, 'm5zn.xlarge_use1-az1': 1, 'm5zn.xlarge_use1-az2': 1, 'm5zn.xlarge_use1-az4': 20, 'm5zn.xlarge_use1-az5': 5, 'm5zn.xlarge_use1-az6': 5, 'm6a.12xlarge_use1-az1': 5, 'm6a.12xlarge_use1-az2': 5, 'm6a.12xlarge_use1-az4': 15, 'm6a.12xlarge_use1-az6': 10, 'm6a.16xlarge_use1-az1': 5, 'm6a.16xlarge_use1-az2': 5, 'm6a.16xlarge_use1-az4': 5, 'm6a.16xlarge_use1-az6': 5, 'm6a.24xlarge_use1-az1': 1, 'm6a.24xlarge_use1-az2': 1, 'm6a.24xlarge_use1-az4': 1, 'm6a.24xlarge_use1-az6': 1, 'm6a.2xlarge_use1-az1': 50, 'm6a.2xlarge_use1-az2': 35, 'm6a.2xlarge_use1-az4': 45, 'm6a.2xlarge_use1-az5': 15, 'm6a.2xlarge_use1-az6': 50, 'm6a.32xlarge_use1-az2': 1, 'm6a.32xlarge_use1-az4': 1, 'm6a.32xlarge_use1-az5': 1, 'm6a.32xlarge_use1-az6': 1, 'm6a.48xlarge_use1-az2': 1, 'm6a.48xlarge_use1-az4': 1, 'm6a.48xlarge_use1-az6': 1, 'm6a.4xlarge_use1-az1': 45, 'm6a.4xlarge_use1-az2': 40, 'm6a.4xlarge_use1-az4': 25, 'm6a.4xlarge_use1-az5': 5, 'm6a.4xlarge_use1-az6': 50, 'm6a.8xlarge_use1-az1': 25, 'm6a.8xlarge_use1-az2': 15, 'm6a.8xlarge_use1-az4': 50, 'm6a.8xlarge_use1-az5': 10, 'm6a.8xlarge_use1-az6': 50, 'm6a.large_use1-az1': 50, 'm6a.large_use1-az2': 50, 'm6a.large_use1-az4': 50, 'm6a.large_use1-az5': 30, 'm6a.large_use1-az6': 50, 'm6a.xlarge_use1-az1': 50, 'm6a.xlarge_use1-az2': 50, 'm6a.xlarge_use1-az4': 50, 'm6a.xlarge_use1-az5': 35, 'm6a.xlarge_use1-az6': 50, 'm6g.12xlarge_use1-az1': 1, 'm6g.12xlarge_use1-az2': 5, 'm6g.12xlarge_use1-az4': 50, 'm6g.12xlarge_use1-az6': 50, 'm6g.16xlarge_use1-az1': 1, 'm6g.16xlarge_use1-az2': 5, 'm6g.16xlarge_use1-az4': 25, 'm6g.16xlarge_use1-az6': 50, 'm6g.2xlarge_use1-az1': 15, 'm6g.2xlarge_use1-az2': 50, 'm6g.2xlarge_use1-az4': 50, 'm6g.2xlarge_use1-az5': 5, 'm6g.2xlarge_use1-az6': 50, 'm6g.4xlarge_use1-az1': 10, 'm6g.4xlarge_use1-az2': 50, 'm6g.4xlarge_use1-az4': 50, 'm6g.4xlarge_use1-az5': 10, 'm6g.4xlarge_use1-az6': 50, 'm6g.8xlarge_use1-az1': 5, 'm6g.8xlarge_use1-az2': 50, 'm6g.8xlarge_use1-az4': 50, 'm6g.8xlarge_use1-az6': 50, 'm6g.large_use1-az1': 1, 'm6g.large_use1-az2': 50, 'm6g.large_use1-az4': 50, 'm6g.large_use1-az5': 5, 'm6g.large_use1-az6': 50, 'm6g.medium_use1-az1': 5, 'm6g.medium_use1-az2': 5, 'm6g.medium_use1-az4': 10, 'm6g.medium_use1-az5': 1, 'm6g.medium_use1-az6': 15, 'm6g.xlarge_use1-az1': 50, 'm6g.xlarge_use1-az2': 50, 'm6g.xlarge_use1-az4': 50, 'm6g.xlarge_use1-az5': 50, 'm6g.xlarge_use1-az6': 50, 'm6gd.12xlarge_use1-az1': 10, 'm6gd.12xlarge_use1-az2': 40, 'm6gd.12xlarge_use1-az4': 20, 'm6gd.12xlarge_use1-az5': 5, 'm6gd.12xlarge_use1-az6': 50, 'm6gd.16xlarge_use1-az1': 5, 'm6gd.16xlarge_use1-az2': 10, 'm6gd.16xlarge_use1-az4': 10, 'm6gd.16xlarge_use1-az5': 10, 'm6gd.16xlarge_use1-az6': 35, 'm6gd.2xlarge_use1-az1': 1, 'm6gd.2xlarge_use1-az2': 50, 'm6gd.2xlarge_use1-az4': 45, 'm6gd.2xlarge_use1-az5': 1, 'm6gd.2xlarge_use1-az6': 5, 'm6gd.4xlarge_use1-az1': 1, 'm6gd.4xlarge_use1-az2': 5, 'm6gd.4xlarge_use1-az4': 5, 'm6gd.4xlarge_use1-az5': 1, 'm6gd.4xlarge_use1-az6': 15, 'm6gd.8xlarge_use1-az1': 5, 'm6gd.8xlarge_use1-az2': 10, 'm6gd.8xlarge_use1-az4': 15, 'm6gd.8xlarge_use1-az5': 1, 'm6gd.8xlarge_use1-az6': 20, 'm6gd.large_use1-az1': 1, 'm6gd.large_use1-az2': 5, 'm6gd.large_use1-az4': 5, 'm6gd.large_use1-az5': 1, 'm6gd.large_use1-az6': 15, 'm6gd.medium_use1-az1': 1, 'm6gd.medium_use1-az2': 1, 'm6gd.medium_use1-az4': 1, 'm6gd.medium_use1-az5': 5, 'm6gd.medium_use1-az6': 1, 'm6gd.xlarge_use1-az1': 1, 'm6gd.xlarge_use1-az2': 10, 'm6gd.xlarge_use1-az4': 35, 'm6gd.xlarge_use1-az5': 1, 'm6gd.xlarge_use1-az6': 15, 'm6i.12xlarge_use1-az1': 1, 'm6i.12xlarge_use1-az2': 10, 'm6i.12xlarge_use1-az4': 50, 'm6i.12xlarge_use1-az5': 1, 'm6i.12xlarge_use1-az6': 30, 'm6i.16xlarge_use1-az1': 1, 'm6i.16xlarge_use1-az2': 10, 'm6i.16xlarge_use1-az4': 5, 'm6i.16xlarge_use1-az5': 1, 'm6i.16xlarge_use1-az6': 10, 'm6i.24xlarge_use1-az2': 10, 'm6i.24xlarge_use1-az4': 5, 'm6i.24xlarge_use1-az5': 1, 'm6i.24xlarge_use1-az6': 50, 'm6i.2xlarge_use1-az1': 25, 'm6i.2xlarge_use1-az2': 50, 'm6i.2xlarge_use1-az4': 50, 'm6i.2xlarge_use1-az5': 25, 'm6i.2xlarge_use1-az6': 50, 'm6i.32xlarge_use1-az2': 1, 'm6i.32xlarge_use1-az4': 5, 'm6i.32xlarge_use1-az5': 1, 'm6i.32xlarge_use1-az6': 15, 'm6i.4xlarge_use1-az1': 15, 'm6i.4xlarge_use1-az2': 50, 'm6i.4xlarge_use1-az4': 50, 'm6i.4xlarge_use1-az5': 50, 'm6i.4xlarge_use1-az6': 50, 'm6i.8xlarge_use1-az1': 1, 'm6i.8xlarge_use1-az2': 50, 'm6i.8xlarge_use1-az4': 50, 'm6i.8xlarge_use1-az5': 20, 'm6i.8xlarge_use1-az6': 50, 'm6i.large_use1-az1': 25, 'm6i.large_use1-az2': 50, 'm6i.large_use1-az4': 50, 'm6i.large_use1-az5': 50, 'm6i.large_use1-az6': 50, 'm6i.xlarge_use1-az1': 45, 'm6i.xlarge_use1-az2': 50, 'm6i.xlarge_use1-az4': 50, 'm6i.xlarge_use1-az5': 25, 'm6i.xlarge_use1-az6': 50, 'm6id.12xlarge_use1-az1': 1, 'm6id.12xlarge_use1-az2': 1, 'm6id.12xlarge_use1-az4': 1, 'm6id.12xlarge_use1-az6': 1, 'm6id.16xlarge_use1-az1': 1, 'm6id.16xlarge_use1-az2': 1, 'm6id.16xlarge_use1-az4': 1, 'm6id.16xlarge_use1-az6': 1, 'm6id.24xlarge_use1-az1': 10, 'm6id.24xlarge_use1-az2': 15, 'm6id.24xlarge_use1-az4': 35, 'm6id.24xlarge_use1-az5': 5, 'm6id.24xlarge_use1-az6': 15, 'm6id.2xlarge_use1-az1': 5, 'm6id.2xlarge_use1-az2': 5, 'm6id.2xlarge_use1-az4': 5, 'm6id.2xlarge_use1-az5': 1, 'm6id.2xlarge_use1-az6': 5, 'm6id.32xlarge_use1-az1': 10, 'm6id.32xlarge_use1-az2': 15, 'm6id.32xlarge_use1-az4': 5, 'm6id.32xlarge_use1-az5': 1, 'm6id.32xlarge_use1-az6': 50, 'm6id.4xlarge_use1-az1': 15, 'm6id.4xlarge_use1-az2': 10, 'm6id.4xlarge_use1-az4': 5, 'm6id.4xlarge_use1-az5': 1, 'm6id.4xlarge_use1-az6': 10, 'm6id.8xlarge_use1-az1': 1, 'm6id.8xlarge_use1-az4': 5, 'm6id.8xlarge_use1-az5': 1, 'm6id.8xlarge_use1-az6': 1, 'm6id.large_use1-az1': 30, 'm6id.large_use1-az2': 35, 'm6id.large_use1-az4': 15, 'm6id.large_use1-az5': 5, 'm6id.large_use1-az6': 50, 'm6id.xlarge_use1-az1': 20, 'm6id.xlarge_use1-az2': 45, 'm6id.xlarge_use1-az4': 15, 'm6id.xlarge_use1-az5': 5, 'm6id.xlarge_use1-az6': 25, 'm6idn.12xlarge_use1-az2': 1, 'm6idn.16xlarge_use1-az4': 1, 'm6idn.24xlarge_use1-az1': 1, 'm6idn.24xlarge_use1-az2': 1, 'm6idn.24xlarge_use1-az4': 1, 'm6idn.2xlarge_use1-az1': 5, 'm6idn.2xlarge_use1-az2': 10, 'm6idn.2xlarge_use1-az4': 5, 'm6idn.2xlarge_use1-az5': 1, 'm6idn.2xlarge_use1-az6': 5, 'm6idn.32xlarge_use1-az2': 1, 'm6idn.4xlarge_use1-az1': 30, 'm6idn.4xlarge_use1-az2': 10, 'm6idn.4xlarge_use1-az4': 5, 'm6idn.4xlarge_use1-az5': 5, 'm6idn.4xlarge_use1-az6': 5, 'm6idn.large_use1-az1': 25, 'm6idn.large_use1-az2': 35, 'm6idn.large_use1-az4': 15, 'm6idn.large_use1-az5': 10, 'm6idn.large_use1-az6': 10, 'm6idn.xlarge_use1-az1': 15, 'm6idn.xlarge_use1-az2': 50, 'm6idn.xlarge_use1-az4': 20, 'm6idn.xlarge_use1-az5': 5, 'm6idn.xlarge_use1-az6': 10, 'm6in.12xlarge_use1-az4': 1, 'm6in.16xlarge_use1-az2': 1, 'm6in.16xlarge_use1-az4': 1, 'm6in.24xlarge_use1-az1': 1, 'm6in.24xlarge_use1-az2': 1, 'm6in.2xlarge_use1-az1': 10, 'm6in.2xlarge_use1-az2': 20, 'm6in.2xlarge_use1-az4': 10, 'm6in.2xlarge_use1-az5': 1, 'm6in.2xlarge_use1-az6': 5, 'm6in.4xlarge_use1-az1': 1, 'm6in.4xlarge_use1-az2': 1, 'm6in.4xlarge_use1-az5': 1, 'm6in.8xlarge_use1-az1': 1, 'm6in.8xlarge_use1-az2': 1, 'm6in.8xlarge_use1-az4': 1, 'm6in.large_use1-az1': 5, 'm6in.large_use1-az2': 10, 'm6in.large_use1-az4': 5, 'm6in.large_use1-az5': 1, 'm6in.large_use1-az6': 1, 'm6in.xlarge_use1-az1': 5, 'm6in.xlarge_use1-az2': 10, 'm6in.xlarge_use1-az4': 1, 'm7a.12xlarge_use1-az2': 1, 'm7a.12xlarge_use1-az6': 20, 'm7a.16xlarge_use1-az2': 1, 'm7a.16xlarge_use1-az6': 40, 'm7a.24xlarge_use1-az2': 1, 'm7a.24xlarge_use1-az6': 50, 'm7a.2xlarge_use1-az1': 5, 'm7a.2xlarge_use1-az2': 15, 'm7a.2xlarge_use1-az4': 10, 'm7a.2xlarge_use1-az6': 50, 'm7a.32xlarge_use1-az6': 20, 'm7a.48xlarge_use1-az6': 40, 'm7a.4xlarge_use1-az1': 10, 'm7a.4xlarge_use1-az2': 5, 'm7a.4xlarge_use1-az4': 10, 'm7a.4xlarge_use1-az6': 25, 'm7a.8xlarge_use1-az1': 1, 'm7a.8xlarge_use1-az2': 5, 'm7a.8xlarge_use1-az4': 1, 'm7a.8xlarge_use1-az6': 50, 'm7a.large_use1-az1': 15, 'm7a.large_use1-az2': 50, 'm7a.large_use1-az4': 50, 'm7a.large_use1-az5': 5, 'm7a.large_use1-az6': 50, 'm7a.medium_use1-az1': 10, 'm7a.medium_use1-az2': 50, 'm7a.medium_use1-az4': 50, 'm7a.medium_use1-az6': 50, 'm7a.xlarge_use1-az1': 5, 'm7a.xlarge_use1-az2': 40, 'm7a.xlarge_use1-az4': 50, 'm7a.xlarge_use1-az6': 50, 'm7g.12xlarge_use1-az1': 1, 'm7g.12xlarge_use1-az2': 10, 'm7g.12xlarge_use1-az4': 45, 'm7g.12xlarge_use1-az5': 1, 'm7g.12xlarge_use1-az6': 50, 'm7g.16xlarge_use1-az1': 1, 'm7g.16xlarge_use1-az2': 30, 'm7g.16xlarge_use1-az4': 35, 'm7g.16xlarge_use1-az5': 1, 'm7g.16xlarge_use1-az6': 50, 'm7g.2xlarge_use1-az1': 35, 'm7g.2xlarge_use1-az2': 50, 'm7g.2xlarge_use1-az4': 50, 'm7g.2xlarge_use1-az5': 15, 'm7g.2xlarge_use1-az6': 50, 'm7g.4xlarge_use1-az1': 10, 'm7g.4xlarge_use1-az2': 30, 'm7g.4xlarge_use1-az4': 50, 'm7g.4xlarge_use1-az5': 10, 'm7g.4xlarge_use1-az6': 50, 'm7g.8xlarge_use1-az1': 1, 'm7g.8xlarge_use1-az2': 15, 'm7g.8xlarge_use1-az4': 40, 'm7g.8xlarge_use1-az5': 1, 'm7g.8xlarge_use1-az6': 50, 'm7g.large_use1-az1': 10, 'm7g.large_use1-az2': 50, 'm7g.large_use1-az4': 50, 'm7g.large_use1-az5': 30, 'm7g.large_use1-az6': 50, 'm7g.medium_use1-az1': 30, 'm7g.medium_use1-az2': 40, 'm7g.medium_use1-az4': 50, 'm7g.medium_use1-az5': 35, 'm7g.medium_use1-az6': 50, 'm7g.metal_use1-az1': 1, 'm7g.metal_use1-az2': 25, 'm7g.metal_use1-az4': 10, 'm7g.metal_use1-az5': 1, 'm7g.metal_use1-az6': 50, 'm7g.xlarge_use1-az1': 50, 'm7g.xlarge_use1-az2': 50, 'm7g.xlarge_use1-az4': 50, 'm7g.xlarge_use1-az5': 50, 'm7g.xlarge_use1-az6': 50, 'm7gd.12xlarge_use1-az1': 5, 'm7gd.12xlarge_use1-az2': 10, 'm7gd.12xlarge_use1-az4': 1, 'm7gd.12xlarge_use1-az6': 35, 'm7gd.16xlarge_use1-az1': 1, 'm7gd.16xlarge_use1-az2': 30, 'm7gd.16xlarge_use1-az4': 1, 'm7gd.16xlarge_use1-az6': 40, 'm7gd.2xlarge_use1-az1': 15, 'm7gd.2xlarge_use1-az2': 50, 'm7gd.2xlarge_use1-az4': 15, 'm7gd.2xlarge_use1-az6': 25, 'm7gd.4xlarge_use1-az1': 5, 'm7gd.4xlarge_use1-az2': 10, 'm7gd.4xlarge_use1-az4': 1, 'm7gd.4xlarge_use1-az6': 40, 'm7gd.8xlarge_use1-az1': 10, 'm7gd.8xlarge_use1-az2': 50, 'm7gd.8xlarge_use1-az4': 30, 'm7gd.8xlarge_use1-az5': 45, 'm7gd.8xlarge_use1-az6': 50, 'm7gd.large_use1-az1': 5, 'm7gd.large_use1-az2': 50, 'm7gd.large_use1-az4': 5, 'm7gd.large_use1-az6': 50, 'm7gd.medium_use1-az1': 15, 'm7gd.medium_use1-az2': 20, 'm7gd.medium_use1-az4': 15, 'm7gd.medium_use1-az5': 20, 'm7gd.medium_use1-az6': 25, 'm7gd.metal_use1-az1': 5, 'm7gd.metal_use1-az2': 15, 'm7gd.metal_use1-az4': 1, 'm7gd.metal_use1-az6': 15, 'm7gd.xlarge_use1-az1': 5, 'm7gd.xlarge_use1-az2': 10, 'm7gd.xlarge_use1-az4': 10, 'm7gd.xlarge_use1-az5': 1, 'm7gd.xlarge_use1-az6': 25, 'm7i-flex.2xlarge_use1-az1': 50, 'm7i-flex.2xlarge_use1-az2': 50, 'm7i-flex.2xlarge_use1-az4': 15, 'm7i-flex.2xlarge_use1-az5': 10, 'm7i-flex.2xlarge_use1-az6': 50, 'm7i-flex.4xlarge_use1-az2': 5, 'm7i-flex.4xlarge_use1-az4': 5, 'm7i-flex.4xlarge_use1-az6': 25, 'm7i-flex.8xlarge_use1-az1': 1, 'm7i-flex.8xlarge_use1-az2': 5, 'm7i-flex.8xlarge_use1-az4': 5, 'm7i-flex.8xlarge_use1-az5': 1, 'm7i-flex.8xlarge_use1-az6': 10, 'm7i-flex.large_use1-az1': 20, 'm7i-flex.large_use1-az2': 50, 'm7i-flex.large_use1-az4': 25, 'm7i-flex.large_use1-az5': 25, 'm7i-flex.large_use1-az6': 50, 'm7i-flex.xlarge_use1-az1': 50, 'm7i-flex.xlarge_use1-az2': 50, 'm7i-flex.xlarge_use1-az4': 50, 'm7i-flex.xlarge_use1-az5': 15, 'm7i-flex.xlarge_use1-az6': 50, 'm7i.12xlarge_use1-az1': 1, 'm7i.12xlarge_use1-az2': 5, 'm7i.12xlarge_use1-az4': 15, 'm7i.12xlarge_use1-az6': 50, 'm7i.16xlarge_use1-az1': 5, 'm7i.16xlarge_use1-az2': 10, 'm7i.16xlarge_use1-az4': 10, 'm7i.16xlarge_use1-az6': 50, 'm7i.24xlarge_use1-az2': 5, 'm7i.24xlarge_use1-az4': 5, 'm7i.24xlarge_use1-az6': 50, 'm7i.2xlarge_use1-az1': 1, 'm7i.2xlarge_use1-az2': 50, 'm7i.2xlarge_use1-az4': 50, 'm7i.2xlarge_use1-az6': 50, 'm7i.48xlarge_use1-az1': 1, 'm7i.48xlarge_use1-az2': 5, 'm7i.48xlarge_use1-az4': 20, 'm7i.48xlarge_use1-az6': 50, 'm7i.4xlarge_use1-az1': 1, 'm7i.4xlarge_use1-az2': 25, 'm7i.4xlarge_use1-az4': 10, 'm7i.4xlarge_use1-az6': 50, 'm7i.8xlarge_use1-az1': 40, 'm7i.8xlarge_use1-az2': 20, 'm7i.8xlarge_use1-az4': 50, 'm7i.8xlarge_use1-az6': 50, 'm7i.large_use1-az1': 50, 'm7i.large_use1-az2': 50, 'm7i.large_use1-az4': 50, 'm7i.large_use1-az5': 1, 'm7i.large_use1-az6': 50, 'm7i.xlarge_use1-az1': 30, 'm7i.xlarge_use1-az2': 35, 'm7i.xlarge_use1-az4': 50, 'm7i.xlarge_use1-az6': 50, 'm8g.12xlarge_use1-az2': 10, 'm8g.12xlarge_use1-az4': 10, 'm8g.12xlarge_use1-az5': 1, 'm8g.12xlarge_use1-az6': 35, 'm8g.16xlarge_use1-az2': 5, 'm8g.16xlarge_use1-az4': 5, 'm8g.16xlarge_use1-az5': 5, 'm8g.16xlarge_use1-az6': 45, 'm8g.24xlarge_use1-az2': 5, 'm8g.24xlarge_use1-az4': 1, 'm8g.24xlarge_use1-az5': 1, 'm8g.24xlarge_use1-az6': 25, 'm8g.2xlarge_use1-az4': 10, 'm8g.2xlarge_use1-az5': 10, 'm8g.48xlarge_use1-az2': 5, 'm8g.48xlarge_use1-az4': 5, 'm8g.48xlarge_use1-az6': 20, 'm8g.4xlarge_use1-az2': 5, 'm8g.4xlarge_use1-az4': 5, 'm8g.4xlarge_use1-az5': 1, 'm8g.4xlarge_use1-az6': 40, 'm8g.8xlarge_use1-az2': 10, 'm8g.8xlarge_use1-az4': 20, 'm8g.8xlarge_use1-az5': 1, 'm8g.8xlarge_use1-az6': 40, 'm8g.large_use1-az1': 1, 'm8g.large_use1-az2': 20, 'm8g.large_use1-az6': 45, 'm8g.medium_use1-az1': 1, 'm8g.medium_use1-az2': 15, 'm8g.metal-48xl_use1-az2': 5, 'm8g.metal-48xl_use1-az6': 25, 'm8g.xlarge_use1-az1': 1, 'm8g.xlarge_use1-az5': 15, 'm8g.xlarge_use1-az6': 50, 'm8gd.16xlarge_use1-az5': 1, 'm8gd.4xlarge_use1-az2': 5, 'm8gd.4xlarge_use1-az4': 1, 'm8gd.4xlarge_use1-az6': 1, 'm8gd.8xlarge_use1-az5': 1, 'm8gd.8xlarge_use1-az6': 5, 'm8gd.large_use1-az1': 20, 'm8gd.large_use1-az2': 15, 'm8gd.large_use1-az5': 1, 'm8gd.large_use1-az6': 1, 'm8gd.medium_use1-az6': 1, 'm8gd.metal-24xl_use1-az2': 1, 'm8gd.xlarge_use1-az1': 1, 'm8gd.xlarge_use1-az5': 1, 'm8i-flex.16xlarge_use1-az6': 5, 'm8i-flex.2xlarge_use1-az2': 10, 'm8i-flex.2xlarge_use1-az4': 1, 'm8i-flex.2xlarge_use1-az6': 50, 'm8i-flex.4xlarge_use1-az2': 1, 'm8i-flex.4xlarge_use1-az4': 1, 'm8i-flex.4xlarge_use1-az6': 5, 'm8i-flex.8xlarge_use1-az6': 1, 'm8i-flex.large_use1-az2': 5, 'm8i-flex.xlarge_use1-az2': 10, 'm8i-flex.xlarge_use1-az4': 25, 'm8i-flex.xlarge_use1-az6': 50, 'm8i.12xlarge_use1-az6': 1, 'm8i.16xlarge_use1-az4': 1, 'm8i.16xlarge_use1-az6': 1, 'm8i.24xlarge_use1-az6': 1, 'm8i.2xlarge_use1-az2': 10, 'm8i.2xlarge_use1-az4': 1, 'm8i.2xlarge_use1-az6': 10, 'm8i.32xlarge_use1-az2': 1, 'm8i.32xlarge_use1-az6': 5, 'm8i.48xlarge_use1-az2': 1, 'm8i.48xlarge_use1-az6': 5, 'm8i.4xlarge_use1-az2': 5, 'm8i.4xlarge_use1-az4': 1, 'm8i.4xlarge_use1-az6': 5, 'm8i.8xlarge_use1-az2': 1, 'm8i.8xlarge_use1-az4': 1, 'm8i.8xlarge_use1-az6': 20, 'm8i.96xlarge_use1-az6': 1, 'm8i.large_use1-az4': 25, 'm8i.metal-48xl_use1-az6': 1, 'm8i.metal-96xl_use1-az6': 1, 'm8i.xlarge_use1-az2': 30, 'm8i.xlarge_use1-az4': 10, 'p3.2xlarge_use1-az1': 50, 'p3.2xlarge_use1-az2': 50, 'p3.2xlarge_use1-az5': 50, 'p3.2xlarge_use1-az6': 50, 'p3dn.24xlarge_use1-az1': 15, 'p3dn.24xlarge_use1-az6': 50, 'r3.2xlarge_use1-az2': 1, 'r3.2xlarge_use1-az4': 1, 'r3.2xlarge_use1-az6': 1, 'r3.4xlarge_use1-az4': 1, 'r3.4xlarge_use1-az6': 1, 'r3.8xlarge_use1-az2': 1, 'r3.8xlarge_use1-az4': 1, 'r3.8xlarge_use1-az6': 5, 'r3.large_use1-az2': 50, 'r3.large_use1-az4': 50, 'r3.large_use1-az6': 50, 'r3.xlarge_use1-az2': 40, 'r3.xlarge_use1-az4': 50, 'r3.xlarge_use1-az6': 50, 'r4.16xlarge_use1-az1': 10, 'r4.16xlarge_use1-az2': 10, 'r4.16xlarge_use1-az3': 50, 'r4.16xlarge_use1-az4': 35, 'r4.16xlarge_use1-az5': 15, 'r4.16xlarge_use1-az6': 10, 'r4.2xlarge_use1-az1': 20, 'r4.2xlarge_use1-az2': 50, 'r4.2xlarge_use1-az3': 50, 'r4.2xlarge_use1-az4': 50, 'r4.2xlarge_use1-az5': 5, 'r4.2xlarge_use1-az6': 50, 'r4.4xlarge_use1-az1': 20, 'r4.4xlarge_use1-az2': 50, 'r4.4xlarge_use1-az3': 40, 'r4.4xlarge_use1-az4': 15, 'r4.4xlarge_use1-az5': 5, 'r4.4xlarge_use1-az6': 50, 'r4.8xlarge_use1-az1': 50, 'r4.8xlarge_use1-az2': 50, 'r4.8xlarge_use1-az3': 25, 'r4.8xlarge_use1-az4': 50, 'r4.8xlarge_use1-az5': 5, 'r4.8xlarge_use1-az6': 50, 'r4.large_use1-az1': 35, 'r4.large_use1-az2': 50, 'r4.large_use1-az3': 10, 'r4.large_use1-az4': 50, 'r4.large_use1-az5': 20, 'r4.large_use1-az6': 50, 'r4.xlarge_use1-az1': 50, 'r4.xlarge_use1-az2': 50, 'r4.xlarge_use1-az3': 50, 'r4.xlarge_use1-az4': 50, 'r4.xlarge_use1-az5': 30, 'r4.xlarge_use1-az6': 50, 'r5.12xlarge_use1-az1': 5, 'r5.12xlarge_use1-az2': 5, 'r5.12xlarge_use1-az4': 50, 'r5.12xlarge_use1-az5': 5, 'r5.12xlarge_use1-az6': 5, 'r5.16xlarge_use1-az1': 5, 'r5.16xlarge_use1-az4': 35, 'r5.16xlarge_use1-az5': 30, 'r5.16xlarge_use1-az6': 5, 'r5.24xlarge_use1-az4': 15, 'r5.24xlarge_use1-az5': 5, 'r5.24xlarge_use1-az6': 5, 'r5.2xlarge_use1-az1': 50, 'r5.2xlarge_use1-az2': 50, 'r5.2xlarge_use1-az4': 50, 'r5.2xlarge_use1-az5': 5, 'r5.2xlarge_use1-az6': 50, 'r5.4xlarge_use1-az1': 50, 'r5.4xlarge_use1-az2': 50, 'r5.4xlarge_use1-az4': 50, 'r5.4xlarge_use1-az5': 5, 'r5.4xlarge_use1-az6': 50, 'r5.8xlarge_use1-az1': 50, 'r5.8xlarge_use1-az2': 50, 'r5.8xlarge_use1-az4': 50, 'r5.8xlarge_use1-az5': 5, 'r5.8xlarge_use1-az6': 5, 'r5.large_use1-az1': 50, 'r5.large_use1-az2': 50, 'r5.large_use1-az4': 50, 'r5.large_use1-az5': 50, 'r5.large_use1-az6': 50, 'r5.xlarge_use1-az1': 50, 'r5.xlarge_use1-az2': 50, 'r5.xlarge_use1-az4': 50, 'r5.xlarge_use1-az5': 50, 'r5.xlarge_use1-az6': 50, 'r5a.12xlarge_use1-az1': 1, 'r5a.12xlarge_use1-az2': 1, 'r5a.12xlarge_use1-az4': 5, 'r5a.12xlarge_use1-az6': 5, 'r5a.16xlarge_use1-az1': 10, 'r5a.16xlarge_use1-az2': 10, 'r5a.16xlarge_use1-az4': 10, 'r5a.16xlarge_use1-az5': 5, 'r5a.16xlarge_use1-az6': 5, 'r5a.24xlarge_use1-az1': 5, 'r5a.24xlarge_use1-az2': 15, 'r5a.24xlarge_use1-az4': 10, 'r5a.24xlarge_use1-az5': 1, 'r5a.24xlarge_use1-az6': 10, 'r5a.2xlarge_use1-az1': 10, 'r5a.2xlarge_use1-az2': 20, 'r5a.2xlarge_use1-az4': 35, 'r5a.2xlarge_use1-az5': 5, 'r5a.2xlarge_use1-az6': 30, 'r5a.4xlarge_use1-az1': 25, 'r5a.4xlarge_use1-az2': 50, 'r5a.4xlarge_use1-az4': 50, 'r5a.4xlarge_use1-az5': 5, 'r5a.4xlarge_use1-az6': 50, 'r5a.8xlarge_use1-az1': 25, 'r5a.8xlarge_use1-az2': 10, 'r5a.8xlarge_use1-az4': 15, 'r5a.8xlarge_use1-az5': 30, 'r5a.8xlarge_use1-az6': 20, 'r5a.large_use1-az1': 50, 'r5a.large_use1-az2': 50, 'r5a.large_use1-az4': 50, 'r5a.large_use1-az5': 25, 'r5a.large_use1-az6': 50, 'r5a.xlarge_use1-az1': 20, 'r5a.xlarge_use1-az2': 50, 'r5a.xlarge_use1-az4': 50, 'r5a.xlarge_use1-az5': 5, 'r5a.xlarge_use1-az6': 50, 'r5ad.12xlarge_use1-az2': 1, 'r5ad.16xlarge_use1-az2': 50, 'r5ad.16xlarge_use1-az4': 10, 'r5ad.16xlarge_use1-az5': 1, 'r5ad.16xlarge_use1-az6': 10, 'r5ad.24xlarge_use1-az2': 25, 'r5ad.24xlarge_use1-az4': 1, 'r5ad.24xlarge_use1-az6': 10, 'r5ad.2xlarge_use1-az1': 1, 'r5ad.2xlarge_use1-az2': 1, 'r5ad.2xlarge_use1-az4': 1, 'r5ad.2xlarge_use1-az5': 1, 'r5ad.2xlarge_use1-az6': 1, 'r5ad.4xlarge_use1-az1': 1, 'r5ad.4xlarge_use1-az2': 10, 'r5ad.4xlarge_use1-az4': 5, 'r5ad.4xlarge_use1-az5': 1, 'r5ad.4xlarge_use1-az6': 1, 'r5ad.8xlarge_use1-az2': 5, 'r5ad.8xlarge_use1-az4': 20, 'r5ad.8xlarge_use1-az5': 1, 'r5ad.8xlarge_use1-az6': 10, 'r5ad.large_use1-az1': 1, 'r5ad.large_use1-az2': 30, 'r5ad.large_use1-az4': 10, 'r5ad.large_use1-az5': 5, 'r5ad.large_use1-az6': 10, 'r5ad.xlarge_use1-az1': 1, 'r5ad.xlarge_use1-az2': 10, 'r5ad.xlarge_use1-az4': 10, 'r5ad.xlarge_use1-az5': 1, 'r5ad.xlarge_use1-az6': 5, 'r5b.12xlarge_use1-az1': 5, 'r5b.12xlarge_use1-az4': 5, 'r5b.12xlarge_use1-az6': 1, 'r5b.16xlarge_use1-az1': 5, 'r5b.16xlarge_use1-az2': 5, 'r5b.16xlarge_use1-az4': 5, 'r5b.16xlarge_use1-az6': 5, 'r5b.24xlarge_use1-az1': 1, 'r5b.24xlarge_use1-az4': 5, 'r5b.24xlarge_use1-az6': 1, 'r5b.2xlarge_use1-az1': 1, 'r5b.2xlarge_use1-az2': 1, 'r5b.2xlarge_use1-az4': 1, 'r5b.2xlarge_use1-az6': 1, 'r5b.4xlarge_use1-az1': 5, 'r5b.4xlarge_use1-az2': 5, 'r5b.4xlarge_use1-az4': 5, 'r5b.4xlarge_use1-az6': 5, 'r5b.8xlarge_use1-az1': 5, 'r5b.8xlarge_use1-az2': 1, 'r5b.8xlarge_use1-az4': 1, 'r5b.8xlarge_use1-az6': 1, 'r5b.large_use1-az1': 1, 'r5b.large_use1-az2': 5, 'r5b.large_use1-az4': 10, 'r5b.large_use1-az6': 5, 'r5b.xlarge_use1-az1': 1, 'r5b.xlarge_use1-az2': 1, 'r5b.xlarge_use1-az4': 5, 'r5b.xlarge_use1-az6': 1, 'r5d.12xlarge_use1-az1': 1, 'r5d.12xlarge_use1-az2': 5, 'r5d.12xlarge_use1-az4': 10, 'r5d.12xlarge_use1-az6': 1, 'r5d.16xlarge_use1-az1': 5, 'r5d.16xlarge_use1-az2': 50, 'r5d.16xlarge_use1-az4': 50, 'r5d.16xlarge_use1-az5': 10, 'r5d.16xlarge_use1-az6': 50, 'r5d.24xlarge_use1-az1': 1, 'r5d.24xlarge_use1-az2': 1, 'r5d.24xlarge_use1-az4': 10, 'r5d.24xlarge_use1-az5': 1, 'r5d.24xlarge_use1-az6': 10, 'r5d.2xlarge_use1-az1': 5, 'r5d.2xlarge_use1-az2': 15, 'r5d.2xlarge_use1-az4': 15, 'r5d.2xlarge_use1-az5': 1, 'r5d.2xlarge_use1-az6': 15, 'r5d.4xlarge_use1-az1': 5, 'r5d.4xlarge_use1-az2': 20, 'r5d.4xlarge_use1-az4': 45, 'r5d.4xlarge_use1-az5': 5, 'r5d.4xlarge_use1-az6': 25, 'r5d.8xlarge_use1-az1': 5, 'r5d.8xlarge_use1-az2': 15, 'r5d.8xlarge_use1-az4': 15, 'r5d.8xlarge_use1-az5': 5, 'r5d.8xlarge_use1-az6': 50, 'r5d.large_use1-az1': 10, 'r5d.large_use1-az2': 50, 'r5d.large_use1-az4': 50, 'r5d.large_use1-az5': 5, 'r5d.large_use1-az6': 50, 'r5d.xlarge_use1-az1': 1, 'r5d.xlarge_use1-az2': 15, 'r5d.xlarge_use1-az4': 15, 'r5d.xlarge_use1-az5': 1, 'r5d.xlarge_use1-az6': 10, 'r5dn.12xlarge_use1-az1': 1, 'r5dn.12xlarge_use1-az2': 1, 'r5dn.12xlarge_use1-az4': 1, 'r5dn.12xlarge_use1-az5': 1, 'r5dn.12xlarge_use1-az6': 1, 'r5dn.16xlarge_use1-az1': 5, 'r5dn.16xlarge_use1-az2': 5, 'r5dn.16xlarge_use1-az4': 15, 'r5dn.16xlarge_use1-az5': 10, 'r5dn.16xlarge_use1-az6': 30, 'r5dn.24xlarge_use1-az2': 5, 'r5dn.24xlarge_use1-az4': 10, 'r5dn.24xlarge_use1-az5': 1, 'r5dn.24xlarge_use1-az6': 25, 'r5dn.2xlarge_use1-az1': 50, 'r5dn.2xlarge_use1-az2': 45, 'r5dn.2xlarge_use1-az4': 30, 'r5dn.2xlarge_use1-az5': 50, 'r5dn.2xlarge_use1-az6': 5, 'r5dn.4xlarge_use1-az1': 5, 'r5dn.4xlarge_use1-az2': 25, 'r5dn.4xlarge_use1-az4': 45, 'r5dn.4xlarge_use1-az5': 5, 'r5dn.4xlarge_use1-az6': 20, 'r5dn.8xlarge_use1-az1': 1, 'r5dn.8xlarge_use1-az2': 5, 'r5dn.8xlarge_use1-az4': 5, 'r5dn.8xlarge_use1-az5': 5, 'r5dn.8xlarge_use1-az6': 50, 'r5dn.large_use1-az1': 50, 'r5dn.large_use1-az2': 50, 'r5dn.large_use1-az4': 50, 'r5dn.large_use1-az5': 50, 'r5dn.large_use1-az6': 50, 'r5dn.xlarge_use1-az1': 5, 'r5dn.xlarge_use1-az2': 15, 'r5dn.xlarge_use1-az4': 15, 'r5dn.xlarge_use1-az5': 15, 'r5dn.xlarge_use1-az6': 15, 'r5n.12xlarge_use1-az2': 1, 'r5n.12xlarge_use1-az4': 1, 'r5n.12xlarge_use1-az6': 1, 'r5n.16xlarge_use1-az1': 1, 'r5n.16xlarge_use1-az2': 10, 'r5n.16xlarge_use1-az4': 35, 'r5n.16xlarge_use1-az5': 1, 'r5n.16xlarge_use1-az6': 20, 'r5n.2xlarge_use1-az1': 5, 'r5n.2xlarge_use1-az2': 5, 'r5n.2xlarge_use1-az4': 15, 'r5n.2xlarge_use1-az5': 1, 'r5n.2xlarge_use1-az6': 1, 'r5n.4xlarge_use1-az1': 5, 'r5n.4xlarge_use1-az2': 25, 'r5n.4xlarge_use1-az4': 15, 'r5n.4xlarge_use1-az5': 5, 'r5n.4xlarge_use1-az6': 35, 'r5n.8xlarge_use1-az1': 10, 'r5n.8xlarge_use1-az2': 20, 'r5n.8xlarge_use1-az4': 35, 'r5n.8xlarge_use1-az6': 15, 'r5n.large_use1-az1': 20, 'r5n.large_use1-az2': 50, 'r5n.large_use1-az4': 50, 'r5n.large_use1-az5': 10, 'r5n.large_use1-az6': 30, 'r5n.xlarge_use1-az1': 1, 'r5n.xlarge_use1-az2': 10, 'r5n.xlarge_use1-az4': 15, 'r5n.xlarge_use1-az5': 1, 'r5n.xlarge_use1-az6': 20, 'r6a.12xlarge_use1-az1': 1, 'r6a.12xlarge_use1-az2': 10, 'r6a.12xlarge_use1-az4': 5, 'r6a.12xlarge_use1-az6': 10, 'r6a.16xlarge_use1-az1': 5, 'r6a.16xlarge_use1-az2': 15, 'r6a.16xlarge_use1-az4': 30, 'r6a.16xlarge_use1-az5': 15, 'r6a.16xlarge_use1-az6': 40, 'r6a.24xlarge_use1-az2': 5, 'r6a.24xlarge_use1-az4': 1, 'r6a.24xlarge_use1-az5': 1, 'r6a.24xlarge_use1-az6': 5, 'r6a.2xlarge_use1-az1': 50, 'r6a.2xlarge_use1-az2': 50, 'r6a.2xlarge_use1-az4': 40, 'r6a.2xlarge_use1-az5': 1, 'r6a.2xlarge_use1-az6': 50, 'r6a.32xlarge_use1-az2': 5, 'r6a.32xlarge_use1-az4': 5, 'r6a.32xlarge_use1-az5': 5, 'r6a.32xlarge_use1-az6': 5, 'r6a.48xlarge_use1-az2': 5, 'r6a.48xlarge_use1-az4': 5, 'r6a.48xlarge_use1-az5': 5, 'r6a.48xlarge_use1-az6': 1, 'r6a.4xlarge_use1-az1': 50, 'r6a.4xlarge_use1-az2': 50, 'r6a.4xlarge_use1-az4': 50, 'r6a.4xlarge_use1-az5': 40, 'r6a.4xlarge_use1-az6': 50, 'r6a.8xlarge_use1-az1': 20, 'r6a.8xlarge_use1-az2': 50, 'r6a.8xlarge_use1-az4': 50, 'r6a.8xlarge_use1-az5': 50, 'r6a.8xlarge_use1-az6': 50, 'r6a.large_use1-az1': 50, 'r6a.large_use1-az2': 50, 'r6a.large_use1-az4': 50, 'r6a.large_use1-az5': 50, 'r6a.large_use1-az6': 50, 'r6a.xlarge_use1-az1': 50, 'r6a.xlarge_use1-az2': 50, 'r6a.xlarge_use1-az4': 50, 'r6a.xlarge_use1-az5': 50, 'r6a.xlarge_use1-az6': 50, 'r6g.12xlarge_use1-az2': 50, 'r6g.12xlarge_use1-az4': 45, 'r6g.12xlarge_use1-az5': 10, 'r6g.12xlarge_use1-az6': 50, 'r6g.16xlarge_use1-az1': 1, 'r6g.16xlarge_use1-az2': 50, 'r6g.16xlarge_use1-az4': 50, 'r6g.16xlarge_use1-az5': 50, 'r6g.16xlarge_use1-az6': 50, 'r6g.2xlarge_use1-az1': 1, 'r6g.2xlarge_use1-az2': 25, 'r6g.2xlarge_use1-az4': 40, 'r6g.2xlarge_use1-az5': 10, 'r6g.2xlarge_use1-az6': 50, 'r6g.4xlarge_use1-az1': 10, 'r6g.4xlarge_use1-az2': 50, 'r6g.4xlarge_use1-az4': 50, 'r6g.4xlarge_use1-az5': 50, 'r6g.4xlarge_use1-az6': 50, 'r6g.8xlarge_use1-az1': 1, 'r6g.8xlarge_use1-az2': 10, 'r6g.8xlarge_use1-az4': 50, 'r6g.8xlarge_use1-az5': 50, 'r6g.8xlarge_use1-az6': 50, 'r6g.large_use1-az1': 10, 'r6g.large_use1-az2': 40, 'r6g.large_use1-az4': 50, 'r6g.large_use1-az5': 5, 'r6g.large_use1-az6': 50, 'r6g.medium_use1-az1': 1, 'r6g.medium_use1-az2': 10, 'r6g.medium_use1-az4': 15, 'r6g.medium_use1-az5': 15, 'r6g.medium_use1-az6': 35, 'r6g.xlarge_use1-az1': 1, 'r6g.xlarge_use1-az2': 50, 'r6g.xlarge_use1-az4': 50, 'r6g.xlarge_use1-az5': 50, 'r6g.xlarge_use1-az6': 50, 'r6gd.12xlarge_use1-az1': 1, 'r6gd.12xlarge_use1-az2': 5, 'r6gd.12xlarge_use1-az4': 10, 'r6gd.12xlarge_use1-az5': 1, 'r6gd.12xlarge_use1-az6': 10, 'r6gd.16xlarge_use1-az1': 5, 'r6gd.16xlarge_use1-az2': 5, 'r6gd.16xlarge_use1-az4': 50, 'r6gd.16xlarge_use1-az5': 1, 'r6gd.16xlarge_use1-az6': 45, 'r6gd.2xlarge_use1-az1': 1, 'r6gd.2xlarge_use1-az2': 20, 'r6gd.2xlarge_use1-az4': 30, 'r6gd.2xlarge_use1-az5': 1, 'r6gd.2xlarge_use1-az6': 1, 'r6gd.4xlarge_use1-az1': 5, 'r6gd.4xlarge_use1-az2': 20, 'r6gd.4xlarge_use1-az4': 50, 'r6gd.4xlarge_use1-az5': 1, 'r6gd.4xlarge_use1-az6': 25, 'r6gd.8xlarge_use1-az1': 1, 'r6gd.8xlarge_use1-az2': 10, 'r6gd.8xlarge_use1-az4': 20, 'r6gd.8xlarge_use1-az5': 1, 'r6gd.8xlarge_use1-az6': 30, 'r6gd.large_use1-az1': 50, 'r6gd.large_use1-az2': 50, 'r6gd.large_use1-az4': 50, 'r6gd.large_use1-az5': 50, 'r6gd.large_use1-az6': 50, 'r6gd.medium_use1-az1': 5, 'r6gd.medium_use1-az2': 1, 'r6gd.medium_use1-az4': 5, 'r6gd.medium_use1-az5': 5, 'r6gd.medium_use1-az6': 1, 'r6gd.xlarge_use1-az1': 1, 'r6gd.xlarge_use1-az2': 1, 'r6gd.xlarge_use1-az4': 5, 'r6gd.xlarge_use1-az6': 10, 'r6i.12xlarge_use1-az1': 5, 'r6i.12xlarge_use1-az2': 5, 'r6i.12xlarge_use1-az4': 5, 'r6i.12xlarge_use1-az5': 1, 'r6i.12xlarge_use1-az6': 10, 'r6i.16xlarge_use1-az1': 1, 'r6i.16xlarge_use1-az2': 1, 'r6i.16xlarge_use1-az4': 10, 'r6i.16xlarge_use1-az5': 10, 'r6i.16xlarge_use1-az6': 1, 'r6i.24xlarge_use1-az4': 10, 'r6i.24xlarge_use1-az5': 1, 'r6i.24xlarge_use1-az6': 5, 'r6i.2xlarge_use1-az1': 15, 'r6i.2xlarge_use1-az2': 35, 'r6i.2xlarge_use1-az4': 50, 'r6i.2xlarge_use1-az5': 5, 'r6i.2xlarge_use1-az6': 50, 'r6i.32xlarge_use1-az4': 1, 'r6i.32xlarge_use1-az5': 1, 'r6i.32xlarge_use1-az6': 1, 'r6i.4xlarge_use1-az1': 30, 'r6i.4xlarge_use1-az2': 20, 'r6i.4xlarge_use1-az4': 20, 'r6i.4xlarge_use1-az5': 10, 'r6i.4xlarge_use1-az6': 40, 'r6i.8xlarge_use1-az1': 5, 'r6i.8xlarge_use1-az2': 10, 'r6i.8xlarge_use1-az4': 10, 'r6i.8xlarge_use1-az5': 5, 'r6i.8xlarge_use1-az6': 10, 'r6i.large_use1-az1': 20, 'r6i.large_use1-az2': 50, 'r6i.large_use1-az4': 50, 'r6i.large_use1-az5': 20, 'r6i.large_use1-az6': 50, 'r6i.xlarge_use1-az1': 15, 'r6i.xlarge_use1-az2': 45, 'r6i.xlarge_use1-az4': 50, 'r6i.xlarge_use1-az5': 10, 'r6i.xlarge_use1-az6': 50, 'r6id.12xlarge_use1-az1': 1, 'r6id.12xlarge_use1-az2': 5, 'r6id.12xlarge_use1-az4': 1, 'r6id.12xlarge_use1-az6': 5, 'r6id.16xlarge_use1-az1': 5, 'r6id.16xlarge_use1-az2': 5, 'r6id.16xlarge_use1-az4': 15, 'r6id.16xlarge_use1-az5': 1, 'r6id.16xlarge_use1-az6': 20, 'r6id.24xlarge_use1-az1': 10, 'r6id.24xlarge_use1-az2': 10, 'r6id.24xlarge_use1-az4': 5, 'r6id.24xlarge_use1-az5': 15, 'r6id.24xlarge_use1-az6': 25, 'r6id.2xlarge_use1-az1': 5, 'r6id.2xlarge_use1-az2': 1, 'r6id.2xlarge_use1-az4': 10, 'r6id.2xlarge_use1-az5': 1, 'r6id.2xlarge_use1-az6': 10, 'r6id.32xlarge_use1-az1': 1, 'r6id.32xlarge_use1-az2': 5, 'r6id.32xlarge_use1-az4': 1, 'r6id.32xlarge_use1-az5': 1, 'r6id.32xlarge_use1-az6': 10, 'r6id.4xlarge_use1-az1': 40, 'r6id.4xlarge_use1-az2': 50, 'r6id.4xlarge_use1-az4': 10, 'r6id.4xlarge_use1-az5': 20, 'r6id.4xlarge_use1-az6': 35, 'r6id.8xlarge_use1-az1': 1, 'r6id.8xlarge_use1-az2': 1, 'r6id.8xlarge_use1-az4': 5, 'r6id.8xlarge_use1-az5': 1, 'r6id.8xlarge_use1-az6': 5, 'r6id.large_use1-az1': 15, 'r6id.large_use1-az2': 10, 'r6id.large_use1-az4': 5, 'r6id.large_use1-az5': 15, 'r6id.large_use1-az6': 30, 'r6id.xlarge_use1-az1': 5, 'r6id.xlarge_use1-az2': 15, 'r6id.xlarge_use1-az4': 10, 'r6id.xlarge_use1-az5': 15, 'r6id.xlarge_use1-az6': 15, 'r6idn.16xlarge_use1-az4': 1, 'r6idn.16xlarge_use1-az5': 1, 'r6idn.16xlarge_use1-az6': 1, 'r6idn.24xlarge_use1-az6': 1, 'r6idn.2xlarge_use1-az1': 1, 'r6idn.2xlarge_use1-az2': 1, 'r6idn.2xlarge_use1-az4': 5, 'r6idn.2xlarge_use1-az5': 1, 'r6idn.2xlarge_use1-az6': 5, 'r6idn.32xlarge_use1-az6': 1, 'r6idn.4xlarge_use1-az1': 15, 'r6idn.4xlarge_use1-az2': 15, 'r6idn.4xlarge_use1-az4': 15, 'r6idn.4xlarge_use1-az5': 5, 'r6idn.4xlarge_use1-az6': 10, 'r6idn.8xlarge_use1-az2': 1, 'r6idn.8xlarge_use1-az4': 1, 'r6idn.8xlarge_use1-az6': 5, 'r6idn.large_use1-az1': 1, 'r6idn.large_use1-az2': 1, 'r6idn.large_use1-az4': 5, 'r6idn.large_use1-az5': 5, 'r6idn.large_use1-az6': 5, 'r6idn.xlarge_use1-az1': 5, 'r6idn.xlarge_use1-az2': 1, 'r6idn.xlarge_use1-az4': 5, 'r6idn.xlarge_use1-az5': 1, 'r6idn.xlarge_use1-az6': 5, 'r6in.12xlarge_use1-az1': 1, 'r6in.12xlarge_use1-az6': 5, 'r6in.16xlarge_use1-az4': 1, 'r6in.16xlarge_use1-az5': 1, 'r6in.16xlarge_use1-az6': 5, 'r6in.24xlarge_use1-az6': 1, 'r6in.2xlarge_use1-az1': 1, 'r6in.2xlarge_use1-az2': 1, 'r6in.2xlarge_use1-az4': 1, 'r6in.2xlarge_use1-az5': 1, 'r6in.2xlarge_use1-az6': 1, 'r6in.4xlarge_use1-az1': 5, 'r6in.4xlarge_use1-az2': 20, 'r6in.4xlarge_use1-az4': 15, 'r6in.4xlarge_use1-az5': 20, 'r6in.4xlarge_use1-az6': 20, 'r6in.8xlarge_use1-az1': 5, 'r6in.8xlarge_use1-az4': 1, 'r6in.8xlarge_use1-az6': 5, 'r6in.large_use1-az1': 45, 'r6in.large_use1-az2': 50, 'r6in.large_use1-az4': 50, 'r6in.large_use1-az5': 40, 'r6in.large_use1-az6': 50, 'r6in.xlarge_use1-az1': 1, 'r6in.xlarge_use1-az2': 1, 'r6in.xlarge_use1-az4': 1, 'r6in.xlarge_use1-az5': 1, 'r6in.xlarge_use1-az6': 1, 'r7a.12xlarge_use1-az1': 1, 'r7a.12xlarge_use1-az2': 1, 'r7a.12xlarge_use1-az4': 5, 'r7a.12xlarge_use1-az6': 20, 'r7a.16xlarge_use1-az1': 1, 'r7a.16xlarge_use1-az2': 15, 'r7a.16xlarge_use1-az4': 30, 'r7a.16xlarge_use1-az6': 50, 'r7a.24xlarge_use1-az2': 10, 'r7a.24xlarge_use1-az4': 10, 'r7a.24xlarge_use1-az6': 35, 'r7a.2xlarge_use1-az1': 1, 'r7a.2xlarge_use1-az2': 5, 'r7a.2xlarge_use1-az4': 25, 'r7a.2xlarge_use1-az6': 1, 'r7a.32xlarge_use1-az2': 1, 'r7a.32xlarge_use1-az4': 1, 'r7a.32xlarge_use1-az6': 50, 'r7a.48xlarge_use1-az2': 5, 'r7a.48xlarge_use1-az4': 5, 'r7a.48xlarge_use1-az6': 50, 'r7a.4xlarge_use1-az1': 5, 'r7a.4xlarge_use1-az2': 25, 'r7a.4xlarge_use1-az4': 50, 'r7a.4xlarge_use1-az6': 50, 'r7a.8xlarge_use1-az1': 5, 'r7a.8xlarge_use1-az2': 20, 'r7a.8xlarge_use1-az4': 50, 'r7a.8xlarge_use1-az6': 50, 'r7a.large_use1-az1': 50, 'r7a.large_use1-az2': 50, 'r7a.large_use1-az4': 50, 'r7a.large_use1-az6': 50, 'r7a.medium_use1-az1': 10, 'r7a.medium_use1-az2': 25, 'r7a.medium_use1-az4': 50, 'r7a.medium_use1-az6': 50, 'r7a.xlarge_use1-az1': 20, 'r7a.xlarge_use1-az2': 50, 'r7a.xlarge_use1-az4': 50, 'r7a.xlarge_use1-az6': 25, 'r7g.12xlarge_use1-az1': 1, 'r7g.12xlarge_use1-az2': 5, 'r7g.12xlarge_use1-az4': 50, 'r7g.12xlarge_use1-az5': 1, 'r7g.12xlarge_use1-az6': 5, 'r7g.16xlarge_use1-az1': 5, 'r7g.16xlarge_use1-az2': 30, 'r7g.16xlarge_use1-az4': 50, 'r7g.16xlarge_use1-az5': 5, 'r7g.16xlarge_use1-az6': 50, 'r7g.2xlarge_use1-az1': 5, 'r7g.2xlarge_use1-az2': 10, 'r7g.2xlarge_use1-az4': 50, 'r7g.2xlarge_use1-az5': 5, 'r7g.2xlarge_use1-az6': 15, 'r7g.4xlarge_use1-az1': 5, 'r7g.4xlarge_use1-az2': 5, 'r7g.4xlarge_use1-az4': 50, 'r7g.4xlarge_use1-az5': 5, 'r7g.4xlarge_use1-az6': 15, 'r7g.8xlarge_use1-az1': 1, 'r7g.8xlarge_use1-az2': 50, 'r7g.8xlarge_use1-az4': 50, 'r7g.8xlarge_use1-az5': 50, 'r7g.8xlarge_use1-az6': 50, 'r7g.large_use1-az1': 20, 'r7g.large_use1-az2': 50, 'r7g.large_use1-az4': 50, 'r7g.large_use1-az5': 40, 'r7g.large_use1-az6': 40, 'r7g.medium_use1-az1': 50, 'r7g.medium_use1-az2': 50, 'r7g.medium_use1-az4': 50, 'r7g.medium_use1-az5': 25, 'r7g.medium_use1-az6': 50, 'r7g.xlarge_use1-az1': 50, 'r7g.xlarge_use1-az2': 50, 'r7g.xlarge_use1-az4': 50, 'r7g.xlarge_use1-az5': 10, 'r7g.xlarge_use1-az6': 50, 'r7gd.12xlarge_use1-az1': 1, 'r7gd.12xlarge_use1-az2': 10, 'r7gd.12xlarge_use1-az4': 35, 'r7gd.12xlarge_use1-az5': 10, 'r7gd.12xlarge_use1-az6': 50, 'r7gd.16xlarge_use1-az1': 5, 'r7gd.16xlarge_use1-az2': 50, 'r7gd.16xlarge_use1-az4': 50, 'r7gd.16xlarge_use1-az5': 50, 'r7gd.16xlarge_use1-az6': 50, 'r7gd.2xlarge_use1-az1': 5, 'r7gd.2xlarge_use1-az2': 25, 'r7gd.2xlarge_use1-az4': 25, 'r7gd.2xlarge_use1-az5': 40, 'r7gd.2xlarge_use1-az6': 50, 'r7gd.4xlarge_use1-az1': 1, 'r7gd.4xlarge_use1-az2': 20, 'r7gd.4xlarge_use1-az4': 25, 'r7gd.4xlarge_use1-az5': 30, 'r7gd.4xlarge_use1-az6': 50, 'r7gd.8xlarge_use1-az1': 1, 'r7gd.8xlarge_use1-az2': 10, 'r7gd.8xlarge_use1-az4': 30, 'r7gd.8xlarge_use1-az5': 20, 'r7gd.8xlarge_use1-az6': 50, 'r7gd.large_use1-az1': 15, 'r7gd.large_use1-az2': 10, 'r7gd.large_use1-az4': 50, 'r7gd.large_use1-az5': 15, 'r7gd.large_use1-az6': 35, 'r7gd.medium_use1-az1': 35, 'r7gd.medium_use1-az2': 15, 'r7gd.medium_use1-az4': 25, 'r7gd.medium_use1-az5': 15, 'r7gd.medium_use1-az6': 20, 'r7gd.xlarge_use1-az1': 1, 'r7gd.xlarge_use1-az2': 10, 'r7gd.xlarge_use1-az4': 25, 'r7gd.xlarge_use1-az5': 10, 'r7gd.xlarge_use1-az6': 50, 'r7i.12xlarge_use1-az4': 1, 'r7i.12xlarge_use1-az6': 10, 'r7i.16xlarge_use1-az1': 5, 'r7i.16xlarge_use1-az2': 15, 'r7i.16xlarge_use1-az4': 45, 'r7i.16xlarge_use1-az5': 5, 'r7i.16xlarge_use1-az6': 50, 'r7i.24xlarge_use1-az1': 1, 'r7i.24xlarge_use1-az2': 1, 'r7i.24xlarge_use1-az4': 5, 'r7i.24xlarge_use1-az5': 5, 'r7i.24xlarge_use1-az6': 5, 'r7i.2xlarge_use1-az1': 5, 'r7i.2xlarge_use1-az2': 5, 'r7i.2xlarge_use1-az4': 10, 'r7i.2xlarge_use1-az5': 5, 'r7i.2xlarge_use1-az6': 50, 'r7i.48xlarge_use1-az2': 1, 'r7i.48xlarge_use1-az4': 5, 'r7i.48xlarge_use1-az5': 1, 'r7i.48xlarge_use1-az6': 5, 'r7i.4xlarge_use1-az1': 5, 'r7i.4xlarge_use1-az2': 20, 'r7i.4xlarge_use1-az4': 10, 'r7i.4xlarge_use1-az5': 1, 'r7i.4xlarge_use1-az6': 50, 'r7i.8xlarge_use1-az1': 5, 'r7i.8xlarge_use1-az2': 25, 'r7i.8xlarge_use1-az4': 25, 'r7i.8xlarge_use1-az5': 5, 'r7i.8xlarge_use1-az6': 50, 'r7i.large_use1-az1': 15, 'r7i.large_use1-az2': 50, 'r7i.large_use1-az4': 50, 'r7i.large_use1-az5': 15, 'r7i.large_use1-az6': 50, 'r7i.xlarge_use1-az1': 5, 'r7i.xlarge_use1-az2': 15, 'r7i.xlarge_use1-az4': 10, 'r7i.xlarge_use1-az5': 15, 'r7i.xlarge_use1-az6': 50, 'r8g.12xlarge_use1-az2': 5, 'r8g.12xlarge_use1-az4': 5, 'r8g.12xlarge_use1-az6': 15, 'r8g.16xlarge_use1-az1': 1, 'r8g.16xlarge_use1-az2': 50, 'r8g.16xlarge_use1-az4': 50, 'r8g.16xlarge_use1-az5': 5, 'r8g.16xlarge_use1-az6': 50, 'r8g.24xlarge_use1-az2': 10, 'r8g.24xlarge_use1-az4': 5, 'r8g.24xlarge_use1-az5': 5, 'r8g.24xlarge_use1-az6': 35, 'r8g.2xlarge_use1-az2': 5, 'r8g.2xlarge_use1-az4': 5, 'r8g.2xlarge_use1-az5': 1, 'r8g.2xlarge_use1-az6': 5, 'r8g.48xlarge_use1-az2': 1, 'r8g.48xlarge_use1-az4': 5, 'r8g.48xlarge_use1-az6': 5, 'r8g.4xlarge_use1-az2': 10, 'r8g.4xlarge_use1-az4': 35, 'r8g.4xlarge_use1-az5': 5, 'r8g.4xlarge_use1-az6': 50, 'r8g.8xlarge_use1-az2': 40, 'r8g.8xlarge_use1-az4': 15, 'r8g.8xlarge_use1-az5': 1, 'r8g.8xlarge_use1-az6': 50, 'r8g.large_use1-az1': 5, 'r8g.large_use1-az2': 30, 'r8g.large_use1-az4': 15, 'r8g.large_use1-az5': 10, 'r8g.large_use1-az6': 20, 'r8g.medium_use1-az1': 15, 'r8g.medium_use1-az2': 30, 'r8g.medium_use1-az4': 20, 'r8g.medium_use1-az5': 5, 'r8g.medium_use1-az6': 15, 'r8g.xlarge_use1-az1': 1, 'r8g.xlarge_use1-az2': 10, 'r8g.xlarge_use1-az4': 5, 'r8g.xlarge_use1-az5': 5, 'r8g.xlarge_use1-az6': 10, 'r8gb.24xlarge_use1-az6': 1, 'r8gb.2xlarge_use1-az2': 1, 'r8gb.2xlarge_use1-az4': 1, 'r8gb.2xlarge_use1-az6': 1, 'r8gb.large_use1-az2': 20, 'r8gb.large_use1-az4': 15, 'r8gb.large_use1-az6': 25, 'r8gb.medium_use1-az2': 50, 'r8gb.metal-24xl_use1-az6': 1, 'r8gb.xlarge_use1-az2': 5, 'r8gb.xlarge_use1-az4': 5, 'r8gb.xlarge_use1-az6': 5, 'r8gd.12xlarge_use1-az5': 1, 'r8gd.12xlarge_use1-az6': 1, 'r8gd.16xlarge_use1-az2': 1, 'r8gd.16xlarge_use1-az4': 1, 'r8gd.16xlarge_use1-az5': 1, 'r8gd.16xlarge_use1-az6': 15, 'r8gd.24xlarge_use1-az2': 1, 'r8gd.24xlarge_use1-az5': 1, 'r8gd.24xlarge_use1-az6': 25, 'r8gd.2xlarge_use1-az2': 25, 'r8gd.2xlarge_use1-az4': 30, 'r8gd.2xlarge_use1-az6': 50, 'r8gd.48xlarge_use1-az6': 50, 'r8gd.4xlarge_use1-az1': 1, 'r8gd.4xlarge_use1-az2': 20, 'r8gd.4xlarge_use1-az5': 1, 'r8gd.4xlarge_use1-az6': 15, 'r8gd.8xlarge_use1-az2': 5, 'r8gd.8xlarge_use1-az4': 1, 'r8gd.8xlarge_use1-az5': 1, 'r8gd.8xlarge_use1-az6': 1, 'r8gd.large_use1-az2': 50, 'r8gd.large_use1-az5': 1, 'r8gd.large_use1-az6': 50, 'r8gd.medium_use1-az1': 5, 'r8gd.medium_use1-az2': 5, 'r8gd.medium_use1-az4': 5, 'r8gd.medium_use1-az5': 10, 'r8gd.metal-24xl_use1-az6': 1, 'r8gd.metal-48xl_use1-az6': 1, 'r8gd.xlarge_use1-az2': 25, 'r8gd.xlarge_use1-az4': 1, 'r8gd.xlarge_use1-az5': 50, 'r8gd.xlarge_use1-az6': 40, 'r8gn.16xlarge_use1-az6': 1, 'r8gn.24xlarge_use1-az2': 1, 'r8gn.2xlarge_use1-az2': 1, 'r8gn.2xlarge_use1-az4': 1, 'r8gn.2xlarge_use1-az6': 1, 'r8gn.48xlarge_use1-az6': 1, 'r8gn.4xlarge_use1-az6': 5, 'r8gn.8xlarge_use1-az2': 1, 'r8gn.8xlarge_use1-az6': 5, 'r8gn.large_use1-az2': 20, 'r8gn.large_use1-az4': 15, 'r8gn.large_use1-az6': 20, 'r8gn.medium_use1-az2': 35, 'r8gn.medium_use1-az4': 40, 'r8gn.metal-24xl_use1-az2': 1, 'r8gn.metal-24xl_use1-az6': 1, 'r8gn.xlarge_use1-az2': 1, 'r8gn.xlarge_use1-az4': 5, 'r8gn.xlarge_use1-az6': 10, 'r8i-flex.2xlarge_use1-az2': 1, 'r8i-flex.2xlarge_use1-az6': 5, 'r8i-flex.4xlarge_use1-az2': 1, 'r8i-flex.4xlarge_use1-az6': 1, 'r8i-flex.large_use1-az2': 1, 'r8i-flex.large_use1-az6': 5, 'r8i-flex.xlarge_use1-az2': 5, 'r8i-flex.xlarge_use1-az6': 1, 'r8i.12xlarge_use1-az2': 1, 'r8i.12xlarge_use1-az6': 1, 'r8i.16xlarge_use1-az2': 1, 'r8i.16xlarge_use1-az6': 1, 'r8i.24xlarge_use1-az6': 1, 'r8i.2xlarge_use1-az2': 5, 'r8i.2xlarge_use1-az6': 5, 'r8i.32xlarge_use1-az2': 1, 'r8i.32xlarge_use1-az6': 1, 'r8i.48xlarge_use1-az2': 1, 'r8i.48xlarge_use1-az6': 1, 'r8i.4xlarge_use1-az2': 1, 'r8i.4xlarge_use1-az6': 5, 'r8i.8xlarge_use1-az2': 1, 'r8i.8xlarge_use1-az6': 5, 'r8i.96xlarge_use1-az2': 1, 'r8i.96xlarge_use1-az6': 1, 'r8i.large_use1-az2': 20, 'r8i.large_use1-az6': 20, 'r8i.xlarge_use1-az2': 5, 'r8i.xlarge_use1-az6': 5, 't2.2xlarge_use1-az1': 50, 't2.2xlarge_use1-az2': 50, 't2.2xlarge_use1-az3': 15, 't2.2xlarge_use1-az4': 50, 't2.2xlarge_use1-az5': 50, 't2.2xlarge_use1-az6': 50, 't2.large_use1-az1': 20, 't2.large_use1-az2': 50, 't2.large_use1-az3': 50, 't2.large_use1-az4': 50, 't2.large_use1-az5': 25, 't2.large_use1-az6': 50, 't2.medium_use1-az1': 50, 't2.medium_use1-az2': 50, 't2.medium_use1-az3': 50, 't2.medium_use1-az4': 50, 't2.medium_use1-az5': 50, 't2.medium_use1-az6': 50, 't2.xlarge_use1-az1': 35, 't2.xlarge_use1-az2': 50, 't2.xlarge_use1-az3': 20, 't2.xlarge_use1-az4': 50, 't2.xlarge_use1-az5': 5, 't2.xlarge_use1-az6': 50, 't3.2xlarge_use1-az1': 50, 't3.2xlarge_use1-az2': 50, 't3.2xlarge_use1-az4': 50, 't3.2xlarge_use1-az5': 50, 't3.2xlarge_use1-az6': 50, 't3.large_use1-az1': 50, 't3.large_use1-az2': 50, 't3.large_use1-az4': 50, 't3.large_use1-az5': 50, 't3.large_use1-az6': 50, 't3.medium_use1-az1': 50, 't3.medium_use1-az2': 50, 't3.medium_use1-az4': 50, 't3.medium_use1-az5': 50, 't3.medium_use1-az6': 50, 't3.xlarge_use1-az1': 50, 't3.xlarge_use1-az2': 50, 't3.xlarge_use1-az4': 50, 't3.xlarge_use1-az5': 50, 't3.xlarge_use1-az6': 50, 't3a.2xlarge_use1-az1': 50, 't3a.2xlarge_use1-az2': 50, 't3a.2xlarge_use1-az4': 50, 't3a.2xlarge_use1-az5': 50, 't3a.2xlarge_use1-az6': 50, 't3a.large_use1-az1': 50, 't3a.large_use1-az2': 50, 't3a.large_use1-az4': 50, 't3a.large_use1-az5': 5, 't3a.large_use1-az6': 50, 't3a.medium_use1-az1': 50, 't3a.medium_use1-az2': 50, 't3a.medium_use1-az4': 50, 't3a.medium_use1-az5': 5, 't3a.medium_use1-az6': 50, 't3a.xlarge_use1-az1': 25, 't3a.xlarge_use1-az2': 50, 't3a.xlarge_use1-az4': 50, 't3a.xlarge_use1-az5': 15, 't3a.xlarge_use1-az6': 50, 't4g.2xlarge_use1-az1': 5, 't4g.2xlarge_use1-az2': 15, 't4g.2xlarge_use1-az4': 5, 't4g.2xlarge_use1-az5': 10, 't4g.2xlarge_use1-az6': 10, 't4g.large_use1-az1': 1, 't4g.large_use1-az2': 15, 't4g.large_use1-az4': 50, 't4g.large_use1-az5': 25, 't4g.large_use1-az6': 35, 't4g.medium_use1-az1': 1, 't4g.medium_use1-az2': 50, 't4g.medium_use1-az4': 50, 't4g.medium_use1-az5': 35, 't4g.medium_use1-az6': 50, 't4g.xlarge_use1-az1': 30, 't4g.xlarge_use1-az2': 15, 't4g.xlarge_use1-az4': 50, 't4g.xlarge_use1-az5': 5, 't4g.xlarge_use1-az6': 10, 'trn1.2xlarge_use1-az5': 5, 'trn1.2xlarge_use1-az6': 20, 'trn1.32xlarge_use1-az6': 50, 'trn1n.32xlarge_use1-az6': 50, 'vt1.3xlarge_use1-az2': 1, 'vt1.6xlarge_use1-az2': 1, 'x1.16xlarge_use1-az2': 1, 'x1.16xlarge_use1-az4': 1, 'x1.16xlarge_use1-az6': 1, 'x1.32xlarge_use1-az2': 1, 'x1.32xlarge_use1-az3': 5, 'x1.32xlarge_use1-az6': 1, 'x1e.16xlarge_use1-az2': 1, 'x1e.16xlarge_use1-az4': 1, 'x1e.16xlarge_use1-az6': 5, 'x1e.2xlarge_use1-az1': 1, 'x1e.2xlarge_use1-az2': 5, 'x1e.2xlarge_use1-az4': 10, 'x1e.2xlarge_use1-az6': 1, 'x1e.4xlarge_use1-az2': 5, 'x1e.4xlarge_use1-az4': 5, 'x1e.4xlarge_use1-az6': 1, 'x1e.8xlarge_use1-az1': 1, 'x1e.8xlarge_use1-az2': 1, 'x1e.8xlarge_use1-az4': 5, 'x1e.8xlarge_use1-az6': 5, 'x1e.xlarge_use1-az1': 10, 'x1e.xlarge_use1-az2': 20, 'x1e.xlarge_use1-az4': 15, 'x1e.xlarge_use1-az6': 5, 'x2gd.12xlarge_use1-az5': 5, 'x2gd.12xlarge_use1-az6': 1, 'x2gd.16xlarge_use1-az5': 1, 'x2gd.16xlarge_use1-az6': 15, 'x2gd.2xlarge_use1-az1': 5, 'x2gd.2xlarge_use1-az4': 1, 'x2gd.2xlarge_use1-az5': 5, 'x2gd.2xlarge_use1-az6': 30, 'x2gd.4xlarge_use1-az1': 1, 'x2gd.4xlarge_use1-az2': 1, 'x2gd.4xlarge_use1-az4': 5, 'x2gd.4xlarge_use1-az5': 1, 'x2gd.4xlarge_use1-az6': 35, 'x2gd.8xlarge_use1-az4': 1, 'x2gd.8xlarge_use1-az5': 1, 'x2gd.8xlarge_use1-az6': 5, 'x2gd.large_use1-az1': 35, 'x2gd.large_use1-az2': 25, 'x2gd.large_use1-az4': 15, 'x2gd.large_use1-az5': 25, 'x2gd.large_use1-az6': 50, 'x2gd.medium_use1-az1': 25, 'x2gd.medium_use1-az2': 35, 'x2gd.medium_use1-az4': 50, 'x2gd.medium_use1-az5': 50, 'x2gd.medium_use1-az6': 50, 'x2gd.xlarge_use1-az1': 5, 'x2gd.xlarge_use1-az2': 1, 'x2gd.xlarge_use1-az4': 20, 'x2gd.xlarge_use1-az5': 15, 'x2gd.xlarge_use1-az6': 25, 'x2idn.16xlarge_use1-az2': 1, 'x2idn.16xlarge_use1-az5': 1, 'x2idn.24xlarge_use1-az4': 1, 'x2idn.24xlarge_use1-az5': 1, 'x2idn.32xlarge_use1-az5': 1, 'x2iedn.24xlarge_use1-az4': 1, 'x2iedn.24xlarge_use1-az6': 1, 'x2iedn.2xlarge_use1-az1': 1, 'x2iedn.2xlarge_use1-az2': 25, 'x2iedn.2xlarge_use1-az4': 15, 'x2iedn.2xlarge_use1-az5': 1, 'x2iedn.2xlarge_use1-az6': 5, 'x2iedn.4xlarge_use1-az1': 1, 'x2iedn.4xlarge_use1-az2': 1, 'x2iedn.4xlarge_use1-az4': 1, 'x2iedn.4xlarge_use1-az5': 1, 'x2iedn.4xlarge_use1-az6': 1, 'x2iedn.8xlarge_use1-az4': 1, 'x2iedn.8xlarge_use1-az6': 1, 'x2iedn.xlarge_use1-az1': 5, 'x2iedn.xlarge_use1-az2': 20, 'x2iedn.xlarge_use1-az4': 10, 'x2iedn.xlarge_use1-az5': 1, 'x2iedn.xlarge_use1-az6': 10, 'x2iezn.12xlarge_use1-az2': 1, 'x2iezn.12xlarge_use1-az4': 20, 'x2iezn.12xlarge_use1-az6': 5, 'x2iezn.2xlarge_use1-az2': 5, 'x2iezn.2xlarge_use1-az4': 10, 'x2iezn.2xlarge_use1-az6': 1, 'x2iezn.4xlarge_use1-az2': 1, 'x2iezn.4xlarge_use1-az4': 5, 'x2iezn.4xlarge_use1-az6': 1, 'x2iezn.6xlarge_use1-az2': 1, 'x2iezn.6xlarge_use1-az4': 5, 'x2iezn.6xlarge_use1-az6': 1, 'x2iezn.8xlarge_use1-az2': 1, 'x2iezn.8xlarge_use1-az4': 10, 'x2iezn.8xlarge_use1-az6': 1, 'x8g.12xlarge_use1-az2': 1, 'x8g.12xlarge_use1-az4': 20, 'x8g.12xlarge_use1-az6': 1, 'x8g.16xlarge_use1-az1': 1, 'x8g.16xlarge_use1-az2': 5, 'x8g.16xlarge_use1-az4': 5, 'x8g.16xlarge_use1-az6': 5, 'x8g.24xlarge_use1-az1': 1, 'x8g.24xlarge_use1-az2': 5, 'x8g.24xlarge_use1-az4': 5, 'x8g.24xlarge_use1-az6': 10, 'x8g.2xlarge_use1-az1': 5, 'x8g.2xlarge_use1-az2': 10, 'x8g.2xlarge_use1-az4': 10, 'x8g.2xlarge_use1-az6': 25, 'x8g.48xlarge_use1-az1': 1, 'x8g.48xlarge_use1-az2': 1, 'x8g.48xlarge_use1-az4': 10, 'x8g.48xlarge_use1-az6': 1, 'x8g.4xlarge_use1-az1': 1, 'x8g.4xlarge_use1-az2': 5, 'x8g.4xlarge_use1-az4': 5, 'x8g.4xlarge_use1-az6': 10, 'x8g.8xlarge_use1-az2': 15, 'x8g.8xlarge_use1-az4': 20, 'x8g.8xlarge_use1-az6': 5, 'x8g.large_use1-az1': 30, 'x8g.large_use1-az4': 50, 'x8g.large_use1-az6': 50, 'x8g.medium_use1-az1': 50, 'x8g.medium_use1-az4': 50, 'x8g.medium_use1-az6': 50, 'x8g.metal-24xl_use1-az1': 1, 'x8g.metal-24xl_use1-az2': 1, 'x8g.metal-24xl_use1-az4': 1, 'x8g.metal-24xl_use1-az6': 10, 'x8g.metal-48xl_use1-az2': 1, 'x8g.metal-48xl_use1-az4': 1, 'x8g.metal-48xl_use1-az6': 1, 'x8g.xlarge_use1-az1': 10, 'x8g.xlarge_use1-az2': 20, 'x8g.xlarge_use1-az4': 40, 'x8g.xlarge_use1-az6': 50, 'z1d.12xlarge_use1-az1': 1, 'z1d.12xlarge_use1-az2': 1, 'z1d.12xlarge_use1-az4': 1, 'z1d.12xlarge_use1-az5': 1, 'z1d.12xlarge_use1-az6': 5, 'z1d.2xlarge_use1-az1': 5, 'z1d.2xlarge_use1-az2': 5, 'z1d.2xlarge_use1-az4': 15, 'z1d.2xlarge_use1-az5': 1, 'z1d.2xlarge_use1-az6': 15, 'z1d.3xlarge_use1-az1': 5, 'z1d.3xlarge_use1-az2': 5, 'z1d.3xlarge_use1-az4': 10, 'z1d.3xlarge_use1-az5': 5, 'z1d.3xlarge_use1-az6': 5, 'z1d.6xlarge_use1-az1': 1, 'z1d.6xlarge_use1-az2': 1, 'z1d.6xlarge_use1-az4': 1, 'z1d.6xlarge_use1-az6': 1, 'z1d.large_use1-az1': 15, 'z1d.large_use1-az2': 5, 'z1d.large_use1-az4': 25, 'z1d.large_use1-az5': 10, 'z1d.large_use1-az6': 25, 'z1d.xlarge_use1-az1': 10, 'z1d.xlarge_use1-az2': 20, 'z1d.xlarge_use1-az4': 30, 'z1d.xlarge_use1-az5': 1, 'z1d.xlarge_use1-az6': 20}"
0.8200000000000001,27030.66099999995,29628071097,1096091.2534808128,1141716,1141616,"{'c3.2xlarge_use1-az4': 50, 'c3.2xlarge_use1-az6': 15, 'c3.4xlarge_use1-az2': 5, 'c3.4xlarge_use1-az4': 5, 'c3.4xlarge_use1-az6': 5, 'c3.8xlarge_use1-az2': 5, 'c3.8xlarge_use1-az4': 5, 'c3.8xlarge_use1-az6': 1, 'c3.xlarge_use1-az2': 35, 'c3.xlarge_use1-az3': 1, 'c4.2xlarge_use1-az1': 5, 'c4.2xlarge_use1-az2': 5, 'c4.2xlarge_use1-az3': 25, 'c4.2xlarge_use1-az4': 15, 'c4.2xlarge_use1-az5': 15, 'c4.2xlarge_use1-az6': 10, 'c4.4xlarge_use1-az1': 5, 'c4.4xlarge_use1-az2': 5, 'c4.4xlarge_use1-az3': 10, 'c4.4xlarge_use1-az4': 5, 'c4.4xlarge_use1-az5': 5, 'c4.4xlarge_use1-az6': 1, 'c4.8xlarge_use1-az1': 1, 'c4.8xlarge_use1-az2': 5, 'c4.8xlarge_use1-az3': 5, 'c4.8xlarge_use1-az4': 15, 'c4.8xlarge_use1-az5': 5, 'c4.8xlarge_use1-az6': 5, 'c4.xlarge_use1-az1': 25, 'c4.xlarge_use1-az2': 40, 'c4.xlarge_use1-az4': 40, 'c4.xlarge_use1-az5': 50, 'c4.xlarge_use1-az6': 50, 'c5.12xlarge_use1-az1': 50, 'c5.12xlarge_use1-az2': 50, 'c5.12xlarge_use1-az4': 50, 'c5.12xlarge_use1-az5': 50, 'c5.12xlarge_use1-az6': 50, 'c5.18xlarge_use1-az1': 5, 'c5.18xlarge_use1-az2': 50, 'c5.18xlarge_use1-az4': 15, 'c5.18xlarge_use1-az5': 10, 'c5.18xlarge_use1-az6': 1, 'c5.24xlarge_use1-az1': 1, 'c5.24xlarge_use1-az2': 5, 'c5.24xlarge_use1-az4': 5, 'c5.24xlarge_use1-az5': 1, 'c5.24xlarge_use1-az6': 5, 'c5.2xlarge_use1-az1': 50, 'c5.2xlarge_use1-az2': 50, 'c5.2xlarge_use1-az4': 50, 'c5.2xlarge_use1-az5': 50, 'c5.2xlarge_use1-az6': 50, 'c5.4xlarge_use1-az1': 50, 'c5.4xlarge_use1-az2': 50, 'c5.4xlarge_use1-az4': 50, 'c5.4xlarge_use1-az5': 50, 'c5.4xlarge_use1-az6': 50, 'c5.9xlarge_use1-az1': 50, 'c5.9xlarge_use1-az2': 50, 'c5.9xlarge_use1-az4': 50, 'c5.9xlarge_use1-az5': 50, 'c5.9xlarge_use1-az6': 50, 'c5.large_use1-az1': 50, 'c5.large_use1-az2': 50, 'c5.large_use1-az4': 50, 'c5.large_use1-az5': 50, 'c5.large_use1-az6': 50, 'c5.xlarge_use1-az1': 50, 'c5.xlarge_use1-az2': 50, 'c5.xlarge_use1-az4': 50, 'c5.xlarge_use1-az5': 50, 'c5.xlarge_use1-az6': 50, 'c5a.12xlarge_use1-az1': 5, 'c5a.12xlarge_use1-az2': 10, 'c5a.12xlarge_use1-az4': 15, 'c5a.12xlarge_use1-az5': 1, 'c5a.12xlarge_use1-az6': 5, 'c5a.16xlarge_use1-az4': 1, 'c5a.16xlarge_use1-az6': 1, 'c5a.24xlarge_use1-az2': 1, 'c5a.24xlarge_use1-az4': 1, 'c5a.24xlarge_use1-az6': 1, 'c5a.2xlarge_use1-az1': 30, 'c5a.2xlarge_use1-az2': 20, 'c5a.2xlarge_use1-az4': 50, 'c5a.2xlarge_use1-az5': 15, 'c5a.2xlarge_use1-az6': 50, 'c5a.4xlarge_use1-az1': 5, 'c5a.4xlarge_use1-az2': 1, 'c5a.4xlarge_use1-az4': 5, 'c5a.4xlarge_use1-az5': 5, 'c5a.4xlarge_use1-az6': 5, 'c5a.8xlarge_use1-az1': 1, 'c5a.8xlarge_use1-az2': 1, 'c5a.8xlarge_use1-az4': 5, 'c5a.8xlarge_use1-az6': 15, 'c5a.large_use1-az1': 50, 'c5a.large_use1-az2': 50, 'c5a.large_use1-az4': 50, 'c5a.large_use1-az5': 45, 'c5a.large_use1-az6': 50, 'c5a.xlarge_use1-az1': 50, 'c5a.xlarge_use1-az2': 50, 'c5a.xlarge_use1-az4': 50, 'c5a.xlarge_use1-az5': 50, 'c5a.xlarge_use1-az6': 50, 'c5ad.12xlarge_use1-az1': 5, 'c5ad.12xlarge_use1-az2': 5, 'c5ad.12xlarge_use1-az4': 5, 'c5ad.12xlarge_use1-az6': 5, 'c5ad.16xlarge_use1-az1': 1, 'c5ad.16xlarge_use1-az2': 5, 'c5ad.16xlarge_use1-az4': 1, 'c5ad.16xlarge_use1-az6': 1, 'c5ad.24xlarge_use1-az1': 1, 'c5ad.24xlarge_use1-az2': 1, 'c5ad.24xlarge_use1-az4': 1, 'c5ad.24xlarge_use1-az6': 5, 'c5ad.2xlarge_use1-az1': 10, 'c5ad.2xlarge_use1-az2': 5, 'c5ad.2xlarge_use1-az4': 5, 'c5ad.2xlarge_use1-az5': 5, 'c5ad.2xlarge_use1-az6': 15, 'c5ad.4xlarge_use1-az1': 5, 'c5ad.4xlarge_use1-az2': 5, 'c5ad.4xlarge_use1-az4': 1, 'c5ad.4xlarge_use1-az5': 1, 'c5ad.4xlarge_use1-az6': 10, 'c5ad.8xlarge_use1-az1': 1, 'c5ad.8xlarge_use1-az2': 1, 'c5ad.8xlarge_use1-az4': 1, 'c5ad.8xlarge_use1-az5': 1, 'c5ad.8xlarge_use1-az6': 1, 'c5ad.large_use1-az1': 20, 'c5ad.large_use1-az2': 30, 'c5ad.large_use1-az4': 10, 'c5ad.large_use1-az5': 15, 'c5ad.large_use1-az6': 20, 'c5ad.xlarge_use1-az1': 15, 'c5ad.xlarge_use1-az2': 10, 'c5ad.xlarge_use1-az4': 5, 'c5ad.xlarge_use1-az5': 5, 'c5ad.xlarge_use1-az6': 15, 'c5d.12xlarge_use1-az2': 15, 'c5d.12xlarge_use1-az4': 5, 'c5d.12xlarge_use1-az6': 45, 'c5d.18xlarge_use1-az1': 5, 'c5d.18xlarge_use1-az2': 50, 'c5d.18xlarge_use1-az4': 50, 'c5d.18xlarge_use1-az5': 5, 'c5d.18xlarge_use1-az6': 30, 'c5d.24xlarge_use1-az2': 35, 'c5d.24xlarge_use1-az4': 25, 'c5d.24xlarge_use1-az6': 50, 'c5d.2xlarge_use1-az1': 15, 'c5d.2xlarge_use1-az2': 50, 'c5d.2xlarge_use1-az4': 50, 'c5d.2xlarge_use1-az5': 20, 'c5d.2xlarge_use1-az6': 50, 'c5d.4xlarge_use1-az1': 20, 'c5d.4xlarge_use1-az2': 50, 'c5d.4xlarge_use1-az4': 50, 'c5d.4xlarge_use1-az5': 25, 'c5d.4xlarge_use1-az6': 50, 'c5d.9xlarge_use1-az1': 10, 'c5d.9xlarge_use1-az2': 20, 'c5d.9xlarge_use1-az4': 50, 'c5d.9xlarge_use1-az5': 10, 'c5d.9xlarge_use1-az6': 25, 'c5d.large_use1-az1': 50, 'c5d.large_use1-az2': 50, 'c5d.large_use1-az4': 50, 'c5d.large_use1-az5': 35, 'c5d.large_use1-az6': 50, 'c5d.xlarge_use1-az1': 50, 'c5d.xlarge_use1-az2': 50, 'c5d.xlarge_use1-az4': 50, 'c5d.xlarge_use1-az5': 50, 'c5d.xlarge_use1-az6': 50, 'c5n.18xlarge_use1-az1': 30, 'c5n.18xlarge_use1-az2': 5, 'c5n.18xlarge_use1-az4': 10, 'c5n.2xlarge_use1-az1': 5, 'c5n.2xlarge_use1-az2': 10, 'c5n.2xlarge_use1-az4': 15, 'c5n.2xlarge_use1-az5': 10, 'c5n.2xlarge_use1-az6': 10, 'c5n.4xlarge_use1-az1': 5, 'c5n.4xlarge_use1-az2': 1, 'c5n.4xlarge_use1-az4': 5, 'c5n.4xlarge_use1-az6': 1, 'c5n.9xlarge_use1-az1': 10, 'c5n.9xlarge_use1-az2': 1, 'c5n.9xlarge_use1-az4': 5, 'c5n.large_use1-az1': 10, 'c5n.large_use1-az2': 10, 'c5n.large_use1-az4': 25, 'c5n.large_use1-az5': 5, 'c5n.large_use1-az6': 5, 'c5n.xlarge_use1-az1': 1, 'c5n.xlarge_use1-az2': 1, 'c5n.xlarge_use1-az4': 5, 'c5n.xlarge_use1-az5': 1, 'c5n.xlarge_use1-az6': 1, 'c6a.12xlarge_use1-az1': 5, 'c6a.12xlarge_use1-az2': 50, 'c6a.12xlarge_use1-az4': 50, 'c6a.12xlarge_use1-az5': 1, 'c6a.12xlarge_use1-az6': 15, 'c6a.16xlarge_use1-az1': 1, 'c6a.16xlarge_use1-az2': 5, 'c6a.16xlarge_use1-az4': 10, 'c6a.16xlarge_use1-az5': 1, 'c6a.16xlarge_use1-az6': 15, 'c6a.24xlarge_use1-az1': 1, 'c6a.24xlarge_use1-az2': 5, 'c6a.24xlarge_use1-az4': 5, 'c6a.24xlarge_use1-az5': 5, 'c6a.24xlarge_use1-az6': 20, 'c6a.2xlarge_use1-az1': 10, 'c6a.2xlarge_use1-az2': 40, 'c6a.2xlarge_use1-az4': 50, 'c6a.2xlarge_use1-az5': 10, 'c6a.2xlarge_use1-az6': 50, 'c6a.32xlarge_use1-az2': 1, 'c6a.32xlarge_use1-az4': 1, 'c6a.32xlarge_use1-az5': 1, 'c6a.32xlarge_use1-az6': 5, 'c6a.48xlarge_use1-az2': 1, 'c6a.48xlarge_use1-az4': 10, 'c6a.48xlarge_use1-az5': 5, 'c6a.48xlarge_use1-az6': 25, 'c6a.4xlarge_use1-az1': 15, 'c6a.4xlarge_use1-az2': 15, 'c6a.4xlarge_use1-az4': 30, 'c6a.4xlarge_use1-az5': 15, 'c6a.4xlarge_use1-az6': 50, 'c6a.8xlarge_use1-az1': 5, 'c6a.8xlarge_use1-az2': 50, 'c6a.8xlarge_use1-az4': 30, 'c6a.8xlarge_use1-az5': 25, 'c6a.8xlarge_use1-az6': 50, 'c6a.large_use1-az1': 45, 'c6a.large_use1-az2': 50, 'c6a.large_use1-az4': 50, 'c6a.large_use1-az5': 50, 'c6a.large_use1-az6': 20, 'c6a.xlarge_use1-az1': 15, 'c6a.xlarge_use1-az2': 25, 'c6a.xlarge_use1-az4': 25, 'c6a.xlarge_use1-az5': 15, 'c6a.xlarge_use1-az6': 25, 'c6g.12xlarge_use1-az1': 15, 'c6g.12xlarge_use1-az2': 25, 'c6g.12xlarge_use1-az4': 50, 'c6g.12xlarge_use1-az5': 5, 'c6g.12xlarge_use1-az6': 50, 'c6g.16xlarge_use1-az1': 1, 'c6g.16xlarge_use1-az2': 15, 'c6g.16xlarge_use1-az4': 50, 'c6g.16xlarge_use1-az5': 5, 'c6g.16xlarge_use1-az6': 50, 'c6g.2xlarge_use1-az1': 5, 'c6g.2xlarge_use1-az2': 50, 'c6g.2xlarge_use1-az4': 50, 'c6g.2xlarge_use1-az5': 15, 'c6g.2xlarge_use1-az6': 50, 'c6g.4xlarge_use1-az1': 50, 'c6g.4xlarge_use1-az2': 50, 'c6g.4xlarge_use1-az4': 50, 'c6g.4xlarge_use1-az5': 50, 'c6g.4xlarge_use1-az6': 50, 'c6g.8xlarge_use1-az1': 50, 'c6g.8xlarge_use1-az2': 50, 'c6g.8xlarge_use1-az4': 50, 'c6g.8xlarge_use1-az5': 50, 'c6g.8xlarge_use1-az6': 50, 'c6g.large_use1-az1': 5, 'c6g.large_use1-az2': 50, 'c6g.large_use1-az4': 50, 'c6g.large_use1-az5': 50, 'c6g.large_use1-az6': 50, 'c6g.xlarge_use1-az1': 30, 'c6g.xlarge_use1-az2': 50, 'c6g.xlarge_use1-az4': 50, 'c6g.xlarge_use1-az5': 10, 'c6g.xlarge_use1-az6': 50, 'c6gd.12xlarge_use1-az2': 50, 'c6gd.12xlarge_use1-az4': 30, 'c6gd.12xlarge_use1-az5': 1, 'c6gd.12xlarge_use1-az6': 50, 'c6gd.16xlarge_use1-az2': 50, 'c6gd.16xlarge_use1-az4': 30, 'c6gd.16xlarge_use1-az6': 50, 'c6gd.2xlarge_use1-az1': 15, 'c6gd.2xlarge_use1-az2': 50, 'c6gd.2xlarge_use1-az4': 50, 'c6gd.2xlarge_use1-az5': 1, 'c6gd.2xlarge_use1-az6': 50, 'c6gd.4xlarge_use1-az1': 20, 'c6gd.4xlarge_use1-az2': 50, 'c6gd.4xlarge_use1-az4': 50, 'c6gd.4xlarge_use1-az5': 10, 'c6gd.4xlarge_use1-az6': 50, 'c6gd.8xlarge_use1-az1': 25, 'c6gd.8xlarge_use1-az2': 45, 'c6gd.8xlarge_use1-az4': 45, 'c6gd.8xlarge_use1-az5': 1, 'c6gd.8xlarge_use1-az6': 50, 'c6gd.large_use1-az1': 50, 'c6gd.large_use1-az2': 5, 'c6gd.large_use1-az4': 20, 'c6gd.large_use1-az5': 1, 'c6gd.large_use1-az6': 50, 'c6gd.xlarge_use1-az1': 50, 'c6gd.xlarge_use1-az2': 1, 'c6gd.xlarge_use1-az4': 1, 'c6gd.xlarge_use1-az5': 50, 'c6gd.xlarge_use1-az6': 50, 'c6gn.12xlarge_use1-az2': 25, 'c6gn.12xlarge_use1-az4': 50, 'c6gn.12xlarge_use1-az5': 1, 'c6gn.16xlarge_use1-az1': 1, 'c6gn.16xlarge_use1-az2': 50, 'c6gn.16xlarge_use1-az4': 50, 'c6gn.16xlarge_use1-az5': 10, 'c6gn.2xlarge_use1-az1': 5, 'c6gn.2xlarge_use1-az2': 1, 'c6gn.2xlarge_use1-az4': 20, 'c6gn.2xlarge_use1-az5': 1, 'c6gn.4xlarge_use1-az1': 1, 'c6gn.4xlarge_use1-az2': 40, 'c6gn.4xlarge_use1-az4': 35, 'c6gn.4xlarge_use1-az5': 10, 'c6gn.8xlarge_use1-az1': 25, 'c6gn.8xlarge_use1-az2': 35, 'c6gn.8xlarge_use1-az4': 30, 'c6gn.8xlarge_use1-az5': 5, 'c6gn.8xlarge_use1-az6': 5, 'c6gn.large_use1-az1': 5, 'c6gn.large_use1-az2': 25, 'c6gn.large_use1-az4': 10, 'c6gn.large_use1-az5': 15, 'c6gn.large_use1-az6': 1, 'c6gn.xlarge_use1-az1': 5, 'c6gn.xlarge_use1-az2': 10, 'c6gn.xlarge_use1-az4': 15, 'c6gn.xlarge_use1-az5': 5, 'c6gn.xlarge_use1-az6': 1, 'c6i.12xlarge_use1-az1': 15, 'c6i.12xlarge_use1-az2': 15, 'c6i.12xlarge_use1-az4': 30, 'c6i.12xlarge_use1-az5': 5, 'c6i.12xlarge_use1-az6': 5, 'c6i.16xlarge_use1-az1': 5, 'c6i.16xlarge_use1-az2': 15, 'c6i.16xlarge_use1-az4': 25, 'c6i.16xlarge_use1-az5': 10, 'c6i.16xlarge_use1-az6': 30, 'c6i.24xlarge_use1-az1': 5, 'c6i.24xlarge_use1-az2': 5, 'c6i.24xlarge_use1-az4': 10, 'c6i.24xlarge_use1-az5': 1, 'c6i.24xlarge_use1-az6': 15, 'c6i.2xlarge_use1-az1': 20, 'c6i.2xlarge_use1-az2': 50, 'c6i.2xlarge_use1-az4': 50, 'c6i.2xlarge_use1-az5': 5, 'c6i.2xlarge_use1-az6': 50, 'c6i.32xlarge_use1-az1': 10, 'c6i.32xlarge_use1-az2': 5, 'c6i.32xlarge_use1-az4': 50, 'c6i.32xlarge_use1-az5': 1, 'c6i.32xlarge_use1-az6': 40, 'c6i.4xlarge_use1-az1': 10, 'c6i.4xlarge_use1-az2': 40, 'c6i.4xlarge_use1-az4': 50, 'c6i.4xlarge_use1-az5': 15, 'c6i.4xlarge_use1-az6': 50, 'c6i.8xlarge_use1-az1': 10, 'c6i.8xlarge_use1-az2': 45, 'c6i.8xlarge_use1-az4': 50, 'c6i.8xlarge_use1-az5': 10, 'c6i.8xlarge_use1-az6': 50, 'c6i.large_use1-az1': 10, 'c6i.large_use1-az2': 40, 'c6i.large_use1-az4': 30, 'c6i.large_use1-az5': 10, 'c6i.large_use1-az6': 50, 'c6i.xlarge_use1-az1': 50, 'c6i.xlarge_use1-az2': 45, 'c6i.xlarge_use1-az4': 35, 'c6i.xlarge_use1-az5': 10, 'c6i.xlarge_use1-az6': 50, 'c6id.12xlarge_use1-az1': 1, 'c6id.12xlarge_use1-az2': 1, 'c6id.12xlarge_use1-az4': 5, 'c6id.12xlarge_use1-az6': 5, 'c6id.16xlarge_use1-az1': 1, 'c6id.16xlarge_use1-az2': 5, 'c6id.16xlarge_use1-az4': 5, 'c6id.16xlarge_use1-az5': 1, 'c6id.16xlarge_use1-az6': 1, 'c6id.24xlarge_use1-az1': 5, 'c6id.24xlarge_use1-az2': 15, 'c6id.24xlarge_use1-az4': 5, 'c6id.24xlarge_use1-az5': 1, 'c6id.24xlarge_use1-az6': 10, 'c6id.2xlarge_use1-az1': 1, 'c6id.2xlarge_use1-az2': 1, 'c6id.2xlarge_use1-az4': 5, 'c6id.2xlarge_use1-az5': 5, 'c6id.2xlarge_use1-az6': 1, 'c6id.32xlarge_use1-az1': 1, 'c6id.32xlarge_use1-az2': 5, 'c6id.32xlarge_use1-az4': 10, 'c6id.32xlarge_use1-az5': 1, 'c6id.32xlarge_use1-az6': 5, 'c6id.4xlarge_use1-az1': 15, 'c6id.4xlarge_use1-az2': 10, 'c6id.4xlarge_use1-az4': 10, 'c6id.4xlarge_use1-az5': 1, 'c6id.4xlarge_use1-az6': 5, 'c6id.8xlarge_use1-az1': 5, 'c6id.8xlarge_use1-az2': 1, 'c6id.8xlarge_use1-az4': 5, 'c6id.8xlarge_use1-az5': 1, 'c6id.8xlarge_use1-az6': 1, 'c6id.large_use1-az1': 5, 'c6id.large_use1-az2': 5, 'c6id.large_use1-az4': 1, 'c6id.large_use1-az5': 5, 'c6id.large_use1-az6': 5, 'c6id.xlarge_use1-az1': 5, 'c6id.xlarge_use1-az2': 1, 'c6id.xlarge_use1-az4': 5, 'c6id.xlarge_use1-az5': 1, 'c6id.xlarge_use1-az6': 1, 'c6in.12xlarge_use1-az1': 1, 'c6in.12xlarge_use1-az6': 1, 'c6in.16xlarge_use1-az4': 1, 'c6in.24xlarge_use1-az6': 1, 'c6in.2xlarge_use1-az1': 1, 'c6in.2xlarge_use1-az2': 1, 'c6in.2xlarge_use1-az4': 1, 'c6in.2xlarge_use1-az6': 1, 'c6in.32xlarge_use1-az1': 1, 'c6in.32xlarge_use1-az6': 1, 'c6in.4xlarge_use1-az1': 5, 'c6in.4xlarge_use1-az2': 5, 'c6in.4xlarge_use1-az4': 5, 'c6in.4xlarge_use1-az6': 25, 'c6in.8xlarge_use1-az1': 1, 'c6in.8xlarge_use1-az6': 1, 'c6in.large_use1-az1': 5, 'c6in.large_use1-az2': 1, 'c6in.large_use1-az4': 1, 'c6in.large_use1-az5': 1, 'c6in.large_use1-az6': 5, 'c6in.xlarge_use1-az1': 20, 'c6in.xlarge_use1-az2': 1, 'c6in.xlarge_use1-az4': 1, 'c6in.xlarge_use1-az6': 10, 'c7a.12xlarge_use1-az1': 5, 'c7a.12xlarge_use1-az2': 5, 'c7a.12xlarge_use1-az4': 1, 'c7a.12xlarge_use1-az6': 15, 'c7a.16xlarge_use1-az1': 1, 'c7a.16xlarge_use1-az2': 1, 'c7a.16xlarge_use1-az6': 5, 'c7a.24xlarge_use1-az1': 1, 'c7a.24xlarge_use1-az2': 1, 'c7a.24xlarge_use1-az5': 1, 'c7a.24xlarge_use1-az6': 5, 'c7a.2xlarge_use1-az1': 1, 'c7a.2xlarge_use1-az2': 1, 'c7a.2xlarge_use1-az4': 25, 'c7a.2xlarge_use1-az5': 1, 'c7a.2xlarge_use1-az6': 10, 'c7a.32xlarge_use1-az1': 1, 'c7a.32xlarge_use1-az2': 1, 'c7a.32xlarge_use1-az6': 15, 'c7a.48xlarge_use1-az1': 1, 'c7a.48xlarge_use1-az2': 1, 'c7a.48xlarge_use1-az5': 1, 'c7a.48xlarge_use1-az6': 20, 'c7a.4xlarge_use1-az1': 5, 'c7a.4xlarge_use1-az2': 10, 'c7a.4xlarge_use1-az4': 5, 'c7a.4xlarge_use1-az5': 1, 'c7a.4xlarge_use1-az6': 50, 'c7a.8xlarge_use1-az1': 1, 'c7a.8xlarge_use1-az2': 1, 'c7a.8xlarge_use1-az4': 1, 'c7a.8xlarge_use1-az6': 10, 'c7a.large_use1-az1': 15, 'c7a.large_use1-az2': 25, 'c7a.large_use1-az4': 30, 'c7a.large_use1-az5': 10, 'c7a.large_use1-az6': 50, 'c7a.xlarge_use1-az1': 5, 'c7a.xlarge_use1-az2': 5, 'c7a.xlarge_use1-az4': 10, 'c7a.xlarge_use1-az5': 5, 'c7a.xlarge_use1-az6': 15, 'c7g.12xlarge_use1-az1': 15, 'c7g.12xlarge_use1-az2': 50, 'c7g.12xlarge_use1-az4': 15, 'c7g.12xlarge_use1-az5': 1, 'c7g.12xlarge_use1-az6': 50, 'c7g.16xlarge_use1-az1': 25, 'c7g.16xlarge_use1-az2': 40, 'c7g.16xlarge_use1-az4': 50, 'c7g.16xlarge_use1-az5': 10, 'c7g.16xlarge_use1-az6': 50, 'c7g.2xlarge_use1-az1': 50, 'c7g.2xlarge_use1-az2': 50, 'c7g.2xlarge_use1-az4': 50, 'c7g.2xlarge_use1-az5': 50, 'c7g.2xlarge_use1-az6': 50, 'c7g.4xlarge_use1-az1': 50, 'c7g.4xlarge_use1-az2': 50, 'c7g.4xlarge_use1-az4': 50, 'c7g.4xlarge_use1-az5': 50, 'c7g.4xlarge_use1-az6': 50, 'c7g.8xlarge_use1-az1': 50, 'c7g.8xlarge_use1-az2': 50, 'c7g.8xlarge_use1-az4': 50, 'c7g.8xlarge_use1-az5': 50, 'c7g.8xlarge_use1-az6': 50, 'c7g.large_use1-az1': 5, 'c7g.large_use1-az2': 45, 'c7g.large_use1-az4': 30, 'c7g.large_use1-az5': 10, 'c7g.large_use1-az6': 30, 'c7g.xlarge_use1-az1': 50, 'c7g.xlarge_use1-az2': 50, 'c7g.xlarge_use1-az4': 50, 'c7g.xlarge_use1-az5': 50, 'c7g.xlarge_use1-az6': 50, 'c7gd.12xlarge_use1-az1': 5, 'c7gd.12xlarge_use1-az2': 30, 'c7gd.12xlarge_use1-az4': 15, 'c7gd.12xlarge_use1-az5': 15, 'c7gd.12xlarge_use1-az6': 50, 'c7gd.16xlarge_use1-az1': 5, 'c7gd.16xlarge_use1-az2': 30, 'c7gd.16xlarge_use1-az4': 40, 'c7gd.16xlarge_use1-az5': 1, 'c7gd.16xlarge_use1-az6': 50, 'c7gd.2xlarge_use1-az1': 15, 'c7gd.2xlarge_use1-az2': 50, 'c7gd.2xlarge_use1-az4': 50, 'c7gd.2xlarge_use1-az5': 5, 'c7gd.2xlarge_use1-az6': 50, 'c7gd.4xlarge_use1-az1': 30, 'c7gd.4xlarge_use1-az2': 25, 'c7gd.4xlarge_use1-az4': 50, 'c7gd.4xlarge_use1-az5': 1, 'c7gd.4xlarge_use1-az6': 50, 'c7gd.8xlarge_use1-az1': 5, 'c7gd.8xlarge_use1-az2': 15, 'c7gd.8xlarge_use1-az4': 10, 'c7gd.8xlarge_use1-az5': 5, 'c7gd.8xlarge_use1-az6': 20, 'c7gd.large_use1-az1': 1, 'c7gd.large_use1-az2': 25, 'c7gd.large_use1-az4': 5, 'c7gd.large_use1-az5': 10, 'c7gd.large_use1-az6': 20, 'c7gd.xlarge_use1-az1': 15, 'c7gd.xlarge_use1-az2': 50, 'c7gd.xlarge_use1-az4': 5, 'c7gd.xlarge_use1-az5': 15, 'c7gd.xlarge_use1-az6': 25, 'c7gn.12xlarge_use1-az2': 1, 'c7gn.12xlarge_use1-az5': 1, 'c7gn.12xlarge_use1-az6': 1, 'c7gn.16xlarge_use1-az2': 5, 'c7gn.16xlarge_use1-az5': 5, 'c7gn.16xlarge_use1-az6': 20, 'c7gn.2xlarge_use1-az1': 1, 'c7gn.2xlarge_use1-az2': 1, 'c7gn.2xlarge_use1-az5': 1, 'c7gn.2xlarge_use1-az6': 5, 'c7gn.4xlarge_use1-az2': 50, 'c7gn.4xlarge_use1-az4': 1, 'c7gn.4xlarge_use1-az5': 1, 'c7gn.4xlarge_use1-az6': 50, 'c7gn.8xlarge_use1-az2': 1, 'c7gn.8xlarge_use1-az5': 1, 'c7gn.8xlarge_use1-az6': 5, 'c7gn.large_use1-az1': 1, 'c7gn.large_use1-az2': 10, 'c7gn.large_use1-az5': 10, 'c7gn.large_use1-az6': 10, 'c7gn.xlarge_use1-az1': 1, 'c7gn.xlarge_use1-az2': 5, 'c7gn.xlarge_use1-az5': 5, 'c7gn.xlarge_use1-az6': 5, 'c7i-flex.2xlarge_use1-az1': 50, 'c7i-flex.2xlarge_use1-az2': 50, 'c7i-flex.2xlarge_use1-az4': 50, 'c7i-flex.2xlarge_use1-az5': 15, 'c7i-flex.2xlarge_use1-az6': 50, 'c7i-flex.4xlarge_use1-az1': 1, 'c7i-flex.4xlarge_use1-az2': 1, 'c7i-flex.4xlarge_use1-az4': 1, 'c7i-flex.4xlarge_use1-az6': 5, 'c7i-flex.8xlarge_use1-az1': 1, 'c7i-flex.8xlarge_use1-az2': 1, 'c7i-flex.8xlarge_use1-az4': 1, 'c7i-flex.8xlarge_use1-az6': 5, 'c7i-flex.large_use1-az1': 40, 'c7i-flex.large_use1-az2': 50, 'c7i-flex.large_use1-az4': 10, 'c7i-flex.large_use1-az5': 1, 'c7i-flex.large_use1-az6': 50, 'c7i-flex.xlarge_use1-az1': 50, 'c7i-flex.xlarge_use1-az2': 50, 'c7i-flex.xlarge_use1-az4': 50, 'c7i-flex.xlarge_use1-az5': 5, 'c7i-flex.xlarge_use1-az6': 50, 'c7i.12xlarge_use1-az1': 5, 'c7i.12xlarge_use1-az2': 15, 'c7i.12xlarge_use1-az4': 15, 'c7i.12xlarge_use1-az6': 5, 'c7i.16xlarge_use1-az1': 1, 'c7i.16xlarge_use1-az2': 5, 'c7i.16xlarge_use1-az4': 1, 'c7i.16xlarge_use1-az6': 15, 'c7i.24xlarge_use1-az1': 5, 'c7i.24xlarge_use1-az2': 5, 'c7i.24xlarge_use1-az4': 5, 'c7i.24xlarge_use1-az5': 1, 'c7i.24xlarge_use1-az6': 15, 'c7i.2xlarge_use1-az1': 10, 'c7i.2xlarge_use1-az2': 10, 'c7i.2xlarge_use1-az4': 10, 'c7i.2xlarge_use1-az5': 5, 'c7i.2xlarge_use1-az6': 25, 'c7i.48xlarge_use1-az1': 10, 'c7i.48xlarge_use1-az2': 10, 'c7i.48xlarge_use1-az4': 5, 'c7i.48xlarge_use1-az5': 1, 'c7i.48xlarge_use1-az6': 50, 'c7i.4xlarge_use1-az1': 5, 'c7i.4xlarge_use1-az2': 5, 'c7i.4xlarge_use1-az4': 5, 'c7i.4xlarge_use1-az5': 1, 'c7i.4xlarge_use1-az6': 15, 'c7i.8xlarge_use1-az1': 1, 'c7i.8xlarge_use1-az2': 5, 'c7i.8xlarge_use1-az4': 5, 'c7i.8xlarge_use1-az6': 10, 'c7i.large_use1-az1': 45, 'c7i.large_use1-az2': 50, 'c7i.large_use1-az4': 50, 'c7i.large_use1-az5': 5, 'c7i.large_use1-az6': 50, 'c7i.xlarge_use1-az1': 5, 'c7i.xlarge_use1-az2': 10, 'c7i.xlarge_use1-az4': 5, 'c7i.xlarge_use1-az5': 1, 'c7i.xlarge_use1-az6': 5, 'c8g.12xlarge_use1-az1': 1, 'c8g.12xlarge_use1-az2': 5, 'c8g.12xlarge_use1-az4': 1, 'c8g.12xlarge_use1-az6': 25, 'c8g.16xlarge_use1-az1': 10, 'c8g.16xlarge_use1-az2': 5, 'c8g.16xlarge_use1-az4': 1, 'c8g.16xlarge_use1-az6': 50, 'c8g.24xlarge_use1-az1': 5, 'c8g.24xlarge_use1-az2': 10, 'c8g.24xlarge_use1-az4': 1, 'c8g.24xlarge_use1-az6': 25, 'c8g.2xlarge_use1-az1': 5, 'c8g.2xlarge_use1-az2': 5, 'c8g.2xlarge_use1-az4': 50, 'c8g.2xlarge_use1-az5': 1, 'c8g.2xlarge_use1-az6': 50, 'c8g.48xlarge_use1-az1': 1, 'c8g.48xlarge_use1-az2': 5, 'c8g.48xlarge_use1-az6': 50, 'c8g.4xlarge_use1-az1': 35, 'c8g.4xlarge_use1-az2': 15, 'c8g.4xlarge_use1-az4': 20, 'c8g.4xlarge_use1-az5': 10, 'c8g.4xlarge_use1-az6': 50, 'c8g.8xlarge_use1-az1': 1, 'c8g.8xlarge_use1-az2': 5, 'c8g.8xlarge_use1-az4': 5, 'c8g.8xlarge_use1-az6': 50, 'c8g.large_use1-az1': 5, 'c8g.large_use1-az2': 20, 'c8g.large_use1-az4': 5, 'c8g.large_use1-az5': 1, 'c8g.large_use1-az6': 40, 'c8g.metal-24xl_use1-az2': 1, 'c8g.metal-24xl_use1-az6': 20, 'c8g.metal-48xl_use1-az1': 1, 'c8g.metal-48xl_use1-az2': 1, 'c8g.metal-48xl_use1-az6': 50, 'c8g.xlarge_use1-az1': 5, 'c8g.xlarge_use1-az2': 30, 'c8g.xlarge_use1-az4': 5, 'c8g.xlarge_use1-az5': 1, 'c8g.xlarge_use1-az6': 50, 'c8gd.12xlarge_use1-az2': 5, 'c8gd.12xlarge_use1-az4': 5, 'c8gd.12xlarge_use1-az5': 1, 'c8gd.12xlarge_use1-az6': 5, 'c8gd.16xlarge_use1-az2': 10, 'c8gd.16xlarge_use1-az4': 10, 'c8gd.16xlarge_use1-az5': 5, 'c8gd.16xlarge_use1-az6': 50, 'c8gd.24xlarge_use1-az2': 1, 'c8gd.24xlarge_use1-az4': 5, 'c8gd.24xlarge_use1-az5': 1, 'c8gd.24xlarge_use1-az6': 5, 'c8gd.2xlarge_use1-az2': 50, 'c8gd.2xlarge_use1-az4': 50, 'c8gd.2xlarge_use1-az5': 10, 'c8gd.2xlarge_use1-az6': 50, 'c8gd.48xlarge_use1-az2': 1, 'c8gd.48xlarge_use1-az6': 15, 'c8gd.4xlarge_use1-az2': 10, 'c8gd.4xlarge_use1-az4': 30, 'c8gd.4xlarge_use1-az5': 1, 'c8gd.4xlarge_use1-az6': 50, 'c8gd.8xlarge_use1-az2': 1, 'c8gd.8xlarge_use1-az4': 1, 'c8gd.8xlarge_use1-az5': 1, 'c8gd.8xlarge_use1-az6': 5, 'c8gd.large_use1-az1': 1, 'c8gd.large_use1-az2': 40, 'c8gd.large_use1-az4': 35, 'c8gd.large_use1-az6': 50, 'c8gd.metal-24xl_use1-az2': 1, 'c8gd.metal-24xl_use1-az4': 1, 'c8gd.metal-24xl_use1-az5': 1, 'c8gd.metal-24xl_use1-az6': 5, 'c8gd.metal-48xl_use1-az2': 1, 'c8gd.metal-48xl_use1-az6': 1, 'c8gd.xlarge_use1-az1': 1, 'c8gd.xlarge_use1-az2': 20, 'c8gd.xlarge_use1-az4': 20, 'c8gd.xlarge_use1-az5': 15, 'c8gd.xlarge_use1-az6': 50, 'c8gn.2xlarge_use1-az2': 1, 'c8gn.2xlarge_use1-az4': 1, 'c8gn.2xlarge_use1-az6': 1, 'c8gn.4xlarge_use1-az2': 1, 'c8gn.4xlarge_use1-az5': 1, 'c8gn.8xlarge_use1-az2': 1, 'c8gn.8xlarge_use1-az6': 1, 'c8gn.large_use1-az6': 1, 'c8i-flex.12xlarge_use1-az6': 1, 'c8i-flex.16xlarge_use1-az6': 1, 'c8i-flex.2xlarge_use1-az2': 25, 'c8i-flex.2xlarge_use1-az4': 15, 'c8i-flex.2xlarge_use1-az6': 50, 'c8i-flex.4xlarge_use1-az2': 5, 'c8i-flex.4xlarge_use1-az4': 1, 'c8i-flex.4xlarge_use1-az6': 5, 'c8i-flex.8xlarge_use1-az6': 1, 'c8i-flex.large_use1-az4': 20, 'c8i-flex.xlarge_use1-az2': 40, 'c8i-flex.xlarge_use1-az4': 5, 'c8i-flex.xlarge_use1-az6': 50, 'c8i.12xlarge_use1-az2': 1, 'c8i.12xlarge_use1-az4': 1, 'c8i.12xlarge_use1-az6': 1, 'c8i.16xlarge_use1-az6': 1, 'c8i.24xlarge_use1-az6': 1, 'c8i.2xlarge_use1-az2': 10, 'c8i.2xlarge_use1-az4': 5, 'c8i.2xlarge_use1-az6': 20, 'c8i.32xlarge_use1-az2': 1, 'c8i.32xlarge_use1-az4': 1, 'c8i.32xlarge_use1-az6': 5, 'c8i.48xlarge_use1-az2': 1, 'c8i.48xlarge_use1-az6': 1, 'c8i.4xlarge_use1-az2': 5, 'c8i.4xlarge_use1-az4': 5, 'c8i.4xlarge_use1-az6': 5, 'c8i.8xlarge_use1-az2': 1, 'c8i.8xlarge_use1-az4': 1, 'c8i.8xlarge_use1-az6': 5, 'c8i.96xlarge_use1-az2': 1, 'c8i.96xlarge_use1-az6': 5, 'c8i.metal-48xl_use1-az2': 1, 'c8i.metal-96xl_use1-az2': 1, 'c8i.metal-96xl_use1-az6': 5, 'c8i.xlarge_use1-az2': 50, 'c8i.xlarge_use1-az4': 15, 'c8i.xlarge_use1-az6': 50, 'd2.2xlarge_use1-az1': 1, 'd2.2xlarge_use1-az6': 1, 'd2.4xlarge_use1-az2': 1, 'd2.4xlarge_use1-az6': 1, 'd2.xlarge_use1-az6': 1, 'd3.2xlarge_use1-az1': 15, 'd3.2xlarge_use1-az2': 45, 'd3.2xlarge_use1-az4': 40, 'd3.2xlarge_use1-az6': 35, 'd3.4xlarge_use1-az1': 1, 'd3.4xlarge_use1-az2': 5, 'd3.4xlarge_use1-az4': 15, 'd3.4xlarge_use1-az6': 5, 'd3.8xlarge_use1-az1': 1, 'd3.8xlarge_use1-az2': 40, 'd3.8xlarge_use1-az4': 35, 'd3.8xlarge_use1-az6': 20, 'd3.xlarge_use1-az1': 10, 'd3.xlarge_use1-az2': 50, 'd3.xlarge_use1-az4': 45, 'd3.xlarge_use1-az6': 25, 'd3en.12xlarge_use1-az1': 1, 'd3en.12xlarge_use1-az2': 10, 'd3en.12xlarge_use1-az4': 20, 'd3en.12xlarge_use1-az6': 50, 'd3en.2xlarge_use1-az1': 5, 'd3en.2xlarge_use1-az2': 25, 'd3en.2xlarge_use1-az4': 15, 'd3en.2xlarge_use1-az6': 50, 'd3en.4xlarge_use1-az1': 1, 'd3en.4xlarge_use1-az2': 5, 'd3en.4xlarge_use1-az4': 10, 'd3en.4xlarge_use1-az6': 50, 'd3en.6xlarge_use1-az1': 1, 'd3en.6xlarge_use1-az2': 5, 'd3en.6xlarge_use1-az4': 15, 'd3en.6xlarge_use1-az6': 50, 'd3en.8xlarge_use1-az1': 1, 'd3en.8xlarge_use1-az2': 15, 'd3en.8xlarge_use1-az4': 5, 'd3en.8xlarge_use1-az6': 50, 'd3en.xlarge_use1-az1': 5, 'd3en.xlarge_use1-az2': 50, 'd3en.xlarge_use1-az4': 30, 'd3en.xlarge_use1-az6': 50, 'f2.12xlarge_use1-az2': 1, 'f2.12xlarge_use1-az4': 1, 'f2.12xlarge_use1-az6': 1, 'f2.48xlarge_use1-az2': 5, 'f2.48xlarge_use1-az4': 5, 'f2.48xlarge_use1-az6': 1, 'g4ad.16xlarge_use1-az1': 5, 'g4ad.16xlarge_use1-az2': 5, 'g4ad.16xlarge_use1-az4': 5, 'g4ad.16xlarge_use1-az6': 10, 'g4ad.2xlarge_use1-az1': 5, 'g4ad.2xlarge_use1-az2': 10, 'g4ad.2xlarge_use1-az4': 10, 'g4ad.2xlarge_use1-az6': 10, 'g4ad.4xlarge_use1-az1': 10, 'g4ad.4xlarge_use1-az2': 15, 'g4ad.4xlarge_use1-az4': 15, 'g4ad.4xlarge_use1-az6': 5, 'g4ad.8xlarge_use1-az1': 1, 'g4ad.8xlarge_use1-az2': 5, 'g4ad.8xlarge_use1-az4': 5, 'g4ad.8xlarge_use1-az6': 5, 'g4ad.xlarge_use1-az1': 20, 'g4ad.xlarge_use1-az2': 20, 'g4ad.xlarge_use1-az4': 25, 'g4ad.xlarge_use1-az6': 20, 'g4dn.12xlarge_use1-az1': 5, 'g4dn.12xlarge_use1-az2': 15, 'g4dn.12xlarge_use1-az4': 15, 'g4dn.12xlarge_use1-az5': 15, 'g4dn.12xlarge_use1-az6': 50, 'g4dn.16xlarge_use1-az1': 1, 'g4dn.16xlarge_use1-az2': 10, 'g4dn.16xlarge_use1-az4': 1, 'g4dn.16xlarge_use1-az5': 5, 'g4dn.16xlarge_use1-az6': 15, 'g4dn.2xlarge_use1-az1': 45, 'g4dn.2xlarge_use1-az2': 50, 'g4dn.2xlarge_use1-az4': 50, 'g4dn.2xlarge_use1-az5': 50, 'g4dn.2xlarge_use1-az6': 50, 'g4dn.4xlarge_use1-az1': 5, 'g4dn.4xlarge_use1-az2': 40, 'g4dn.4xlarge_use1-az4': 25, 'g4dn.4xlarge_use1-az5': 40, 'g4dn.4xlarge_use1-az6': 40, 'g4dn.8xlarge_use1-az1': 1, 'g4dn.8xlarge_use1-az2': 1, 'g4dn.8xlarge_use1-az4': 10, 'g4dn.8xlarge_use1-az5': 1, 'g4dn.8xlarge_use1-az6': 5, 'g4dn.xlarge_use1-az1': 50, 'g4dn.xlarge_use1-az2': 50, 'g4dn.xlarge_use1-az4': 50, 'g4dn.xlarge_use1-az5': 50, 'g4dn.xlarge_use1-az6': 50, 'g5.12xlarge_use1-az2': 1, 'g5.12xlarge_use1-az5': 10, 'g5.12xlarge_use1-az6': 5, 'g5.16xlarge_use1-az1': 1, 'g5.16xlarge_use1-az2': 1, 'g5.16xlarge_use1-az4': 5, 'g5.16xlarge_use1-az5': 5, 'g5.16xlarge_use1-az6': 10, 'g5.24xlarge_use1-az1': 1, 'g5.24xlarge_use1-az2': 1, 'g5.24xlarge_use1-az4': 1, 'g5.24xlarge_use1-az5': 1, 'g5.24xlarge_use1-az6': 5, 'g5.2xlarge_use1-az1': 25, 'g5.2xlarge_use1-az2': 15, 'g5.2xlarge_use1-az4': 15, 'g5.2xlarge_use1-az5': 50, 'g5.2xlarge_use1-az6': 45, 'g5.48xlarge_use1-az2': 1, 'g5.48xlarge_use1-az5': 5, 'g5.48xlarge_use1-az6': 25, 'g5.4xlarge_use1-az1': 1, 'g5.4xlarge_use1-az2': 50, 'g5.4xlarge_use1-az4': 50, 'g5.4xlarge_use1-az5': 40, 'g5.4xlarge_use1-az6': 50, 'g5.8xlarge_use1-az1': 1, 'g5.8xlarge_use1-az2': 5, 'g5.8xlarge_use1-az4': 10, 'g5.8xlarge_use1-az5': 20, 'g5.8xlarge_use1-az6': 10, 'g5g.16xlarge_use1-az1': 1, 'g5g.16xlarge_use1-az6': 5, 'g5g.4xlarge_use1-az6': 1, 'g5g.8xlarge_use1-az1': 1, 'g5g.8xlarge_use1-az4': 1, 'g5g.8xlarge_use1-az6': 1, 'g5g.xlarge_use1-az1': 1, 'g5g.xlarge_use1-az2': 1, 'g5g.xlarge_use1-az4': 1, 'g5g.xlarge_use1-az6': 5, 'g6.12xlarge_use1-az1': 5, 'g6.12xlarge_use1-az2': 1, 'g6.12xlarge_use1-az4': 30, 'g6.12xlarge_use1-az6': 50, 'g6.16xlarge_use1-az1': 1, 'g6.16xlarge_use1-az2': 1, 'g6.16xlarge_use1-az4': 1, 'g6.16xlarge_use1-az6': 5, 'g6.24xlarge_use1-az2': 1, 'g6.24xlarge_use1-az4': 1, 'g6.24xlarge_use1-az6': 1, 'g6.2xlarge_use1-az1': 10, 'g6.2xlarge_use1-az2': 25, 'g6.2xlarge_use1-az4': 50, 'g6.2xlarge_use1-az6': 50, 'g6.48xlarge_use1-az2': 5, 'g6.48xlarge_use1-az4': 30, 'g6.48xlarge_use1-az6': 50, 'g6.4xlarge_use1-az1': 5, 'g6.4xlarge_use1-az2': 10, 'g6.4xlarge_use1-az4': 35, 'g6.4xlarge_use1-az6': 50, 'g6.8xlarge_use1-az1': 5, 'g6.8xlarge_use1-az2': 5, 'g6.8xlarge_use1-az4': 10, 'g6.8xlarge_use1-az6': 15, 'g6.xlarge_use1-az1': 5, 'g6.xlarge_use1-az2': 5, 'g6.xlarge_use1-az4': 5, 'g6.xlarge_use1-az6': 5, 'g6e.16xlarge_use1-az1': 10, 'g6e.16xlarge_use1-az2': 15, 'g6e.16xlarge_use1-az4': 40, 'g6e.16xlarge_use1-az6': 20, 'g6e.2xlarge_use1-az1': 10, 'g6e.2xlarge_use1-az2': 1, 'g6e.2xlarge_use1-az4': 10, 'g6e.2xlarge_use1-az6': 5, 'g6e.48xlarge_use1-az4': 5, 'g6e.48xlarge_use1-az6': 1, 'g6e.4xlarge_use1-az1': 1, 'g6e.4xlarge_use1-az4': 5, 'g6e.4xlarge_use1-az6': 1, 'g6e.8xlarge_use1-az1': 1, 'g6e.8xlarge_use1-az2': 1, 'g6e.8xlarge_use1-az4': 1, 'g6e.8xlarge_use1-az6': 1, 'g6f.2xlarge_use1-az1': 1, 'g6f.2xlarge_use1-az4': 1, 'g6f.2xlarge_use1-az6': 5, 'g6f.4xlarge_use1-az1': 1, 'g6f.4xlarge_use1-az4': 1, 'g6f.4xlarge_use1-az6': 1, 'g6f.large_use1-az1': 10, 'g6f.large_use1-az2': 15, 'g6f.large_use1-az4': 40, 'g6f.large_use1-az6': 20, 'g6f.xlarge_use1-az1': 1, 'g6f.xlarge_use1-az2': 1, 'g6f.xlarge_use1-az4': 5, 'g6f.xlarge_use1-az6': 10, 'gr6.4xlarge_use1-az2': 1, 'gr6.4xlarge_use1-az4': 1, 'gr6.4xlarge_use1-az6': 1, 'gr6.8xlarge_use1-az1': 1, 'gr6.8xlarge_use1-az2': 1, 'gr6.8xlarge_use1-az4': 1, 'gr6.8xlarge_use1-az6': 1, 'i2.2xlarge_use1-az2': 10, 'i2.2xlarge_use1-az3': 5, 'i2.2xlarge_use1-az4': 10, 'i2.2xlarge_use1-az6': 5, 'i2.4xlarge_use1-az1': 1, 'i2.4xlarge_use1-az2': 10, 'i2.4xlarge_use1-az3': 1, 'i2.4xlarge_use1-az4': 10, 'i2.4xlarge_use1-az6': 5, 'i2.8xlarge_use1-az2': 1, 'i2.8xlarge_use1-az3': 1, 'i2.8xlarge_use1-az6': 1, 'i2.xlarge_use1-az1': 1, 'i2.xlarge_use1-az2': 15, 'i2.xlarge_use1-az3': 1, 'i2.xlarge_use1-az4': 20, 'i2.xlarge_use1-az6': 15, 'i3.16xlarge_use1-az1': 20, 'i3.16xlarge_use1-az2': 50, 'i3.16xlarge_use1-az3': 10, 'i3.16xlarge_use1-az4': 50, 'i3.16xlarge_use1-az5': 10, 'i3.16xlarge_use1-az6': 45, 'i3.2xlarge_use1-az1': 50, 'i3.2xlarge_use1-az2': 50, 'i3.2xlarge_use1-az3': 50, 'i3.2xlarge_use1-az4': 50, 'i3.2xlarge_use1-az5': 50, 'i3.2xlarge_use1-az6': 50, 'i3.4xlarge_use1-az1': 50, 'i3.4xlarge_use1-az2': 50, 'i3.4xlarge_use1-az3': 50, 'i3.4xlarge_use1-az4': 50, 'i3.4xlarge_use1-az5': 50, 'i3.4xlarge_use1-az6': 50, 'i3.8xlarge_use1-az1': 50, 'i3.8xlarge_use1-az2': 50, 'i3.8xlarge_use1-az3': 50, 'i3.8xlarge_use1-az4': 50, 'i3.8xlarge_use1-az5': 25, 'i3.8xlarge_use1-az6': 50, 'i3.large_use1-az1': 50, 'i3.large_use1-az2': 50, 'i3.large_use1-az3': 50, 'i3.large_use1-az4': 50, 'i3.large_use1-az5': 50, 'i3.large_use1-az6': 50, 'i3.xlarge_use1-az1': 50, 'i3.xlarge_use1-az2': 50, 'i3.xlarge_use1-az3': 50, 'i3.xlarge_use1-az4': 50, 'i3.xlarge_use1-az5': 50, 'i3.xlarge_use1-az6': 50, 'i3en.12xlarge_use1-az1': 1, 'i3en.12xlarge_use1-az2': 1, 'i3en.12xlarge_use1-az6': 50, 'i3en.24xlarge_use1-az6': 20, 'i3en.2xlarge_use1-az1': 50, 'i3en.2xlarge_use1-az2': 50, 'i3en.2xlarge_use1-az4': 30, 'i3en.2xlarge_use1-az5': 50, 'i3en.2xlarge_use1-az6': 50, 'i3en.3xlarge_use1-az1': 50, 'i3en.3xlarge_use1-az2': 50, 'i3en.3xlarge_use1-az4': 50, 'i3en.3xlarge_use1-az5': 50, 'i3en.3xlarge_use1-az6': 50, 'i3en.6xlarge_use1-az1': 10, 'i3en.6xlarge_use1-az2': 20, 'i3en.6xlarge_use1-az4': 10, 'i3en.6xlarge_use1-az6': 50, 'i3en.large_use1-az1': 50, 'i3en.large_use1-az2': 50, 'i3en.large_use1-az4': 45, 'i3en.large_use1-az5': 35, 'i3en.large_use1-az6': 50, 'i3en.xlarge_use1-az1': 50, 'i3en.xlarge_use1-az2': 50, 'i3en.xlarge_use1-az4': 50, 'i3en.xlarge_use1-az5': 50, 'i3en.xlarge_use1-az6': 50, 'i4g.16xlarge_use1-az2': 1, 'i4g.16xlarge_use1-az4': 1, 'i4g.16xlarge_use1-az5': 50, 'i4g.16xlarge_use1-az6': 50, 'i4g.2xlarge_use1-az2': 10, 'i4g.2xlarge_use1-az4': 15, 'i4g.2xlarge_use1-az5': 40, 'i4g.2xlarge_use1-az6': 50, 'i4g.4xlarge_use1-az2': 25, 'i4g.4xlarge_use1-az4': 30, 'i4g.4xlarge_use1-az5': 50, 'i4g.4xlarge_use1-az6': 50, 'i4g.8xlarge_use1-az5': 45, 'i4g.8xlarge_use1-az6': 15, 'i4g.large_use1-az1': 5, 'i4g.large_use1-az2': 5, 'i4g.large_use1-az4': 5, 'i4g.large_use1-az5': 25, 'i4g.large_use1-az6': 50, 'i4g.xlarge_use1-az2': 10, 'i4g.xlarge_use1-az4': 1, 'i4g.xlarge_use1-az5': 50, 'i4g.xlarge_use1-az6': 50, 'i4i.12xlarge_use1-az2': 5, 'i4i.16xlarge_use1-az1': 1, 'i4i.16xlarge_use1-az2': 1, 'i4i.16xlarge_use1-az4': 1, 'i4i.16xlarge_use1-az6': 1, 'i4i.24xlarge_use1-az2': 1, 'i4i.2xlarge_use1-az1': 15, 'i4i.2xlarge_use1-az2': 50, 'i4i.2xlarge_use1-az4': 50, 'i4i.2xlarge_use1-az5': 1, 'i4i.2xlarge_use1-az6': 50, 'i4i.4xlarge_use1-az1': 1, 'i4i.4xlarge_use1-az2': 35, 'i4i.4xlarge_use1-az4': 1, 'i4i.4xlarge_use1-az6': 15, 'i4i.8xlarge_use1-az1': 1, 'i4i.8xlarge_use1-az2': 40, 'i4i.8xlarge_use1-az6': 5, 'i4i.large_use1-az1': 50, 'i4i.large_use1-az2': 50, 'i4i.large_use1-az4': 50, 'i4i.large_use1-az5': 50, 'i4i.large_use1-az6': 50, 'i4i.xlarge_use1-az1': 50, 'i4i.xlarge_use1-az2': 50, 'i4i.xlarge_use1-az4': 50, 'i4i.xlarge_use1-az5': 50, 'i4i.xlarge_use1-az6': 50, 'i7i.12xlarge_use1-az1': 1, 'i7i.12xlarge_use1-az2': 1, 'i7i.12xlarge_use1-az4': 1, 'i7i.12xlarge_use1-az5': 1, 'i7i.12xlarge_use1-az6': 1, 'i7i.16xlarge_use1-az2': 1, 'i7i.16xlarge_use1-az4': 5, 'i7i.16xlarge_use1-az5': 1, 'i7i.16xlarge_use1-az6': 1, 'i7i.24xlarge_use1-az2': 1, 'i7i.24xlarge_use1-az4': 1, 'i7i.24xlarge_use1-az5': 1, 'i7i.24xlarge_use1-az6': 1, 'i7i.2xlarge_use1-az1': 1, 'i7i.2xlarge_use1-az2': 50, 'i7i.2xlarge_use1-az4': 45, 'i7i.2xlarge_use1-az5': 20, 'i7i.2xlarge_use1-az6': 10, 'i7i.48xlarge_use1-az2': 1, 'i7i.4xlarge_use1-az1': 1, 'i7i.4xlarge_use1-az2': 15, 'i7i.4xlarge_use1-az4': 20, 'i7i.4xlarge_use1-az5': 5, 'i7i.4xlarge_use1-az6': 20, 'i7i.8xlarge_use1-az1': 1, 'i7i.8xlarge_use1-az2': 1, 'i7i.8xlarge_use1-az4': 5, 'i7i.8xlarge_use1-az5': 1, 'i7i.8xlarge_use1-az6': 1, 'i7i.metal-24xl_use1-az2': 1, 'i7i.metal-24xl_use1-az4': 50, 'i7i.metal-24xl_use1-az6': 35, 'i7i.xlarge_use1-az1': 1, 'i7i.xlarge_use1-az6': 20, 'i7ie.12xlarge_use1-az1': 1, 'i7ie.12xlarge_use1-az4': 1, 'i7ie.12xlarge_use1-az6': 30, 'i7ie.18xlarge_use1-az4': 1, 'i7ie.18xlarge_use1-az6': 20, 'i7ie.24xlarge_use1-az1': 1, 'i7ie.24xlarge_use1-az2': 1, 'i7ie.24xlarge_use1-az4': 1, 'i7ie.24xlarge_use1-az6': 50, 'i7ie.2xlarge_use1-az1': 5, 'i7ie.2xlarge_use1-az2': 1, 'i7ie.2xlarge_use1-az4': 15, 'i7ie.2xlarge_use1-az6': 35, 'i7ie.3xlarge_use1-az1': 5, 'i7ie.3xlarge_use1-az2': 1, 'i7ie.3xlarge_use1-az4': 5, 'i7ie.3xlarge_use1-az6': 30, 'i7ie.48xlarge_use1-az6': 50, 'i7ie.6xlarge_use1-az1': 25, 'i7ie.6xlarge_use1-az4': 20, 'i7ie.6xlarge_use1-az6': 50, 'i7ie.large_use1-az1': 45, 'i7ie.large_use1-az2': 15, 'i7ie.large_use1-az4': 50, 'i7ie.large_use1-az6': 50, 'i7ie.metal-24xl_use1-az4': 1, 'i7ie.metal-24xl_use1-az6': 15, 'i7ie.metal-48xl_use1-az6': 10, 'i7ie.xlarge_use1-az1': 10, 'i7ie.xlarge_use1-az2': 25, 'i7ie.xlarge_use1-az4': 45, 'i7ie.xlarge_use1-az6': 50, 'i8g.12xlarge_use1-az6': 1, 'i8g.24xlarge_use1-az6': 10, 'i8g.2xlarge_use1-az2': 1, 'i8g.4xlarge_use1-az2': 1, 'i8g.8xlarge_use1-az6': 5, 'i8g.large_use1-az2': 10, 'i8g.large_use1-az6': 5, 'i8g.xlarge_use1-az2': 1, 'i8g.xlarge_use1-az4': 1, 'i8g.xlarge_use1-az6': 1, 'i8ge.12xlarge_use1-az4': 1, 'i8ge.12xlarge_use1-az6': 5, 'i8ge.18xlarge_use1-az2': 1, 'i8ge.18xlarge_use1-az4': 1, 'i8ge.18xlarge_use1-az6': 5, 'i8ge.24xlarge_use1-az4': 1, 'i8ge.24xlarge_use1-az6': 5, 'i8ge.2xlarge_use1-az4': 10, 'i8ge.3xlarge_use1-az2': 1, 'i8ge.3xlarge_use1-az4': 5, 'i8ge.48xlarge_use1-az4': 5, 'i8ge.6xlarge_use1-az2': 1, 'i8ge.6xlarge_use1-az4': 1, 'i8ge.large_use1-az2': 5, 'i8ge.large_use1-az4': 50, 'i8ge.metal-24xl_use1-az4': 1, 'i8ge.metal-48xl_use1-az6': 1, 'i8ge.xlarge_use1-az4': 20, 'im4gn.16xlarge_use1-az4': 45, 'im4gn.2xlarge_use1-az1': 10, 'im4gn.2xlarge_use1-az4': 20, 'im4gn.2xlarge_use1-az6': 15, 'im4gn.4xlarge_use1-az1': 5, 'im4gn.4xlarge_use1-az4': 15, 'im4gn.8xlarge_use1-az1': 1, 'im4gn.8xlarge_use1-az4': 5, 'im4gn.large_use1-az1': 35, 'im4gn.large_use1-az2': 10, 'im4gn.large_use1-az4': 50, 'im4gn.large_use1-az6': 10, 'im4gn.xlarge_use1-az1': 25, 'im4gn.xlarge_use1-az2': 50, 'im4gn.xlarge_use1-az4': 30, 'im4gn.xlarge_use1-az6': 40, 'inf1.24xlarge_use1-az1': 1, 'inf1.24xlarge_use1-az2': 1, 'inf1.24xlarge_use1-az4': 10, 'inf1.24xlarge_use1-az5': 5, 'inf1.24xlarge_use1-az6': 20, 'inf1.2xlarge_use1-az1': 15, 'inf1.2xlarge_use1-az2': 15, 'inf1.2xlarge_use1-az4': 30, 'inf1.2xlarge_use1-az5': 40, 'inf1.2xlarge_use1-az6': 40, 'inf1.6xlarge_use1-az1': 1, 'inf1.6xlarge_use1-az2': 1, 'inf1.6xlarge_use1-az4': 5, 'inf1.6xlarge_use1-az5': 5, 'inf1.6xlarge_use1-az6': 10, 'inf1.xlarge_use1-az1': 50, 'inf1.xlarge_use1-az2': 50, 'inf1.xlarge_use1-az4': 40, 'inf1.xlarge_use1-az5': 50, 'inf1.xlarge_use1-az6': 50, 'inf2.24xlarge_use1-az4': 1, 'inf2.24xlarge_use1-az6': 10, 'inf2.48xlarge_use1-az6': 15, 'inf2.8xlarge_use1-az2': 5, 'inf2.8xlarge_use1-az4': 5, 'inf2.8xlarge_use1-az5': 1, 'inf2.8xlarge_use1-az6': 1, 'inf2.xlarge_use1-az2': 5, 'inf2.xlarge_use1-az4': 1, 'inf2.xlarge_use1-az6': 50, 'is4gen.2xlarge_use1-az1': 1, 'is4gen.2xlarge_use1-az2': 50, 'is4gen.2xlarge_use1-az4': 50, 'is4gen.2xlarge_use1-az6': 50, 'is4gen.4xlarge_use1-az1': 1, 'is4gen.8xlarge_use1-az1': 1, 'is4gen.8xlarge_use1-az4': 1, 'is4gen.large_use1-az1': 5, 'is4gen.large_use1-az4': 10, 'is4gen.large_use1-az6': 15, 'is4gen.medium_use1-az1': 50, 'is4gen.medium_use1-az2': 25, 'is4gen.medium_use1-az4': 40, 'is4gen.medium_use1-az6': 30, 'is4gen.xlarge_use1-az1': 1, 'is4gen.xlarge_use1-az2': 1, 'is4gen.xlarge_use1-az4': 15, 'm1.large_use1-az1': 5, 'm1.large_use1-az2': 25, 'm1.large_use1-az4': 20, 'm1.large_use1-az6': 15, 'm1.xlarge_use1-az1': 1, 'm1.xlarge_use1-az2': 10, 'm1.xlarge_use1-az4': 10, 'm1.xlarge_use1-az6': 10, 'm2.2xlarge_use1-az1': 5, 'm2.2xlarge_use1-az2': 10, 'm2.2xlarge_use1-az4': 15, 'm2.2xlarge_use1-az6': 5, 'm2.4xlarge_use1-az1': 1, 'm2.4xlarge_use1-az2': 5, 'm2.4xlarge_use1-az4': 5, 'm2.4xlarge_use1-az6': 5, 'm2.xlarge_use1-az1': 5, 'm2.xlarge_use1-az2': 20, 'm2.xlarge_use1-az4': 20, 'm2.xlarge_use1-az6': 15, 'm3.2xlarge_use1-az2': 25, 'm3.2xlarge_use1-az3': 1, 'm3.2xlarge_use1-az4': 40, 'm3.2xlarge_use1-az6': 45, 'm3.large_use1-az2': 50, 'm3.large_use1-az3': 1, 'm3.large_use1-az4': 50, 'm3.large_use1-az6': 50, 'm3.xlarge_use1-az2': 50, 'm3.xlarge_use1-az3': 1, 'm3.xlarge_use1-az4': 50, 'm3.xlarge_use1-az6': 50, 'm4.10xlarge_use1-az1': 5, 'm4.10xlarge_use1-az2': 10, 'm4.10xlarge_use1-az3': 1, 'm4.10xlarge_use1-az4': 50, 'm4.10xlarge_use1-az5': 1, 'm4.10xlarge_use1-az6': 50, 'm4.2xlarge_use1-az1': 5, 'm4.2xlarge_use1-az2': 20, 'm4.2xlarge_use1-az3': 50, 'm4.2xlarge_use1-az4': 20, 'm4.2xlarge_use1-az5': 1, 'm4.2xlarge_use1-az6': 25, 'm4.4xlarge_use1-az1': 50, 'm4.4xlarge_use1-az2': 50, 'm4.4xlarge_use1-az3': 50, 'm4.4xlarge_use1-az4': 25, 'm4.4xlarge_use1-az5': 10, 'm4.4xlarge_use1-az6': 15, 'm4.large_use1-az1': 30, 'm4.large_use1-az2': 50, 'm4.large_use1-az3': 25, 'm4.large_use1-az4': 50, 'm4.large_use1-az5': 10, 'm4.large_use1-az6': 50, 'm4.xlarge_use1-az1': 15, 'm4.xlarge_use1-az2': 50, 'm4.xlarge_use1-az3': 50, 'm4.xlarge_use1-az4': 50, 'm4.xlarge_use1-az5': 30, 'm4.xlarge_use1-az6': 50, 'm5.12xlarge_use1-az1': 5, 'm5.12xlarge_use1-az2': 25, 'm5.12xlarge_use1-az4': 50, 'm5.12xlarge_use1-az5': 1, 'm5.12xlarge_use1-az6': 40, 'm5.16xlarge_use1-az1': 10, 'm5.16xlarge_use1-az2': 50, 'm5.16xlarge_use1-az4': 50, 'm5.16xlarge_use1-az5': 1, 'm5.16xlarge_use1-az6': 50, 'm5.24xlarge_use1-az1': 5, 'm5.24xlarge_use1-az2': 5, 'm5.24xlarge_use1-az4': 5, 'm5.24xlarge_use1-az5': 1, 'm5.24xlarge_use1-az6': 35, 'm5.2xlarge_use1-az1': 50, 'm5.2xlarge_use1-az2': 50, 'm5.2xlarge_use1-az4': 50, 'm5.2xlarge_use1-az5': 50, 'm5.2xlarge_use1-az6': 50, 'm5.4xlarge_use1-az1': 50, 'm5.4xlarge_use1-az2': 50, 'm5.4xlarge_use1-az4': 50, 'm5.4xlarge_use1-az5': 10, 'm5.4xlarge_use1-az6': 50, 'm5.8xlarge_use1-az1': 50, 'm5.8xlarge_use1-az2': 40, 'm5.8xlarge_use1-az4': 50, 'm5.8xlarge_use1-az5': 1, 'm5.8xlarge_use1-az6': 50, 'm5.large_use1-az1': 50, 'm5.large_use1-az2': 50, 'm5.large_use1-az4': 50, 'm5.large_use1-az5': 50, 'm5.large_use1-az6': 50, 'm5.xlarge_use1-az1': 50, 'm5.xlarge_use1-az2': 50, 'm5.xlarge_use1-az4': 50, 'm5.xlarge_use1-az5': 50, 'm5.xlarge_use1-az6': 50, 'm5a.12xlarge_use1-az2': 1, 'm5a.12xlarge_use1-az4': 1, 'm5a.12xlarge_use1-az6': 1, 'm5a.16xlarge_use1-az2': 1, 'm5a.16xlarge_use1-az4': 1, 'm5a.16xlarge_use1-az6': 1, 'm5a.24xlarge_use1-az1': 1, 'm5a.24xlarge_use1-az2': 1, 'm5a.24xlarge_use1-az4': 1, 'm5a.24xlarge_use1-az5': 5, 'm5a.24xlarge_use1-az6': 5, 'm5a.2xlarge_use1-az1': 10, 'm5a.2xlarge_use1-az2': 25, 'm5a.2xlarge_use1-az4': 25, 'm5a.2xlarge_use1-az5': 5, 'm5a.2xlarge_use1-az6': 45, 'm5a.4xlarge_use1-az1': 5, 'm5a.4xlarge_use1-az2': 10, 'm5a.4xlarge_use1-az4': 5, 'm5a.4xlarge_use1-az5': 10, 'm5a.4xlarge_use1-az6': 15, 'm5a.8xlarge_use1-az1': 1, 'm5a.8xlarge_use1-az2': 20, 'm5a.8xlarge_use1-az4': 20, 'm5a.8xlarge_use1-az5': 1, 'm5a.8xlarge_use1-az6': 5, 'm5a.large_use1-az1': 50, 'm5a.large_use1-az2': 50, 'm5a.large_use1-az4': 50, 'm5a.large_use1-az5': 45, 'm5a.large_use1-az6': 50, 'm5a.xlarge_use1-az1': 10, 'm5a.xlarge_use1-az2': 30, 'm5a.xlarge_use1-az4': 10, 'm5a.xlarge_use1-az5': 20, 'm5a.xlarge_use1-az6': 50, 'm5ad.12xlarge_use1-az1': 1, 'm5ad.16xlarge_use1-az1': 1, 'm5ad.16xlarge_use1-az2': 1, 'm5ad.16xlarge_use1-az4': 1, 'm5ad.16xlarge_use1-az6': 1, 'm5ad.24xlarge_use1-az1': 5, 'm5ad.24xlarge_use1-az2': 1, 'm5ad.24xlarge_use1-az4': 1, 'm5ad.24xlarge_use1-az6': 5, 'm5ad.2xlarge_use1-az1': 1, 'm5ad.2xlarge_use1-az2': 1, 'm5ad.2xlarge_use1-az4': 5, 'm5ad.2xlarge_use1-az6': 1, 'm5ad.4xlarge_use1-az1': 1, 'm5ad.4xlarge_use1-az2': 1, 'm5ad.4xlarge_use1-az4': 1, 'm5ad.4xlarge_use1-az6': 1, 'm5ad.8xlarge_use1-az2': 1, 'm5ad.large_use1-az1': 10, 'm5ad.large_use1-az2': 5, 'm5ad.large_use1-az4': 10, 'm5ad.large_use1-az5': 1, 'm5ad.large_use1-az6': 10, 'm5ad.xlarge_use1-az1': 1, 'm5ad.xlarge_use1-az2': 10, 'm5ad.xlarge_use1-az4': 5, 'm5ad.xlarge_use1-az6': 5, 'm5d.12xlarge_use1-az1': 1, 'm5d.12xlarge_use1-az2': 25, 'm5d.12xlarge_use1-az4': 30, 'm5d.12xlarge_use1-az6': 15, 'm5d.16xlarge_use1-az1': 5, 'm5d.16xlarge_use1-az2': 35, 'm5d.16xlarge_use1-az4': 20, 'm5d.16xlarge_use1-az5': 1, 'm5d.16xlarge_use1-az6': 50, 'm5d.24xlarge_use1-az1': 20, 'm5d.24xlarge_use1-az2': 15, 'm5d.24xlarge_use1-az4': 5, 'm5d.24xlarge_use1-az5': 1, 'm5d.24xlarge_use1-az6': 50, 'm5d.2xlarge_use1-az1': 5, 'm5d.2xlarge_use1-az2': 25, 'm5d.2xlarge_use1-az4': 25, 'm5d.2xlarge_use1-az6': 30, 'm5d.4xlarge_use1-az1': 5, 'm5d.4xlarge_use1-az2': 15, 'm5d.4xlarge_use1-az4': 25, 'm5d.4xlarge_use1-az6': 25, 'm5d.8xlarge_use1-az1': 1, 'm5d.8xlarge_use1-az2': 25, 'm5d.8xlarge_use1-az4': 10, 'm5d.8xlarge_use1-az5': 1, 'm5d.8xlarge_use1-az6': 10, 'm5d.large_use1-az1': 5, 'm5d.large_use1-az2': 50, 'm5d.large_use1-az4': 50, 'm5d.large_use1-az6': 50, 'm5d.xlarge_use1-az1': 50, 'm5d.xlarge_use1-az2': 50, 'm5d.xlarge_use1-az4': 50, 'm5d.xlarge_use1-az5': 1, 'm5d.xlarge_use1-az6': 50, 'm5dn.12xlarge_use1-az1': 1, 'm5dn.12xlarge_use1-az4': 1, 'm5dn.12xlarge_use1-az6': 1, 'm5dn.16xlarge_use1-az1': 1, 'm5dn.16xlarge_use1-az2': 5, 'm5dn.16xlarge_use1-az4': 1, 'm5dn.16xlarge_use1-az6': 1, 'm5dn.24xlarge_use1-az1': 1, 'm5dn.24xlarge_use1-az2': 1, 'm5dn.24xlarge_use1-az4': 1, 'm5dn.24xlarge_use1-az6': 5, 'm5dn.2xlarge_use1-az1': 10, 'm5dn.2xlarge_use1-az2': 5, 'm5dn.2xlarge_use1-az4': 5, 'm5dn.2xlarge_use1-az5': 1, 'm5dn.2xlarge_use1-az6': 15, 'm5dn.4xlarge_use1-az1': 5, 'm5dn.4xlarge_use1-az2': 5, 'm5dn.4xlarge_use1-az4': 1, 'm5dn.4xlarge_use1-az5': 1, 'm5dn.4xlarge_use1-az6': 5, 'm5dn.8xlarge_use1-az2': 1, 'm5dn.8xlarge_use1-az6': 1, 'm5dn.large_use1-az1': 35, 'm5dn.large_use1-az2': 30, 'm5dn.large_use1-az4': 40, 'm5dn.large_use1-az5': 15, 'm5dn.large_use1-az6': 50, 'm5dn.xlarge_use1-az1': 10, 'm5dn.xlarge_use1-az2': 25, 'm5dn.xlarge_use1-az4': 20, 'm5dn.xlarge_use1-az5': 1, 'm5dn.xlarge_use1-az6': 30, 'm5n.12xlarge_use1-az1': 1, 'm5n.12xlarge_use1-az2': 1, 'm5n.12xlarge_use1-az4': 1, 'm5n.12xlarge_use1-az5': 1, 'm5n.12xlarge_use1-az6': 1, 'm5n.16xlarge_use1-az2': 1, 'm5n.16xlarge_use1-az4': 1, 'm5n.16xlarge_use1-az6': 1, 'm5n.24xlarge_use1-az2': 1, 'm5n.24xlarge_use1-az4': 1, 'm5n.24xlarge_use1-az6': 1, 'm5n.2xlarge_use1-az1': 15, 'm5n.2xlarge_use1-az2': 25, 'm5n.2xlarge_use1-az4': 30, 'm5n.2xlarge_use1-az5': 5, 'm5n.2xlarge_use1-az6': 25, 'm5n.4xlarge_use1-az1': 25, 'm5n.4xlarge_use1-az2': 35, 'm5n.4xlarge_use1-az4': 50, 'm5n.4xlarge_use1-az5': 5, 'm5n.4xlarge_use1-az6': 10, 'm5n.8xlarge_use1-az1': 1, 'm5n.8xlarge_use1-az2': 1, 'm5n.8xlarge_use1-az4': 1, 'm5n.8xlarge_use1-az6': 5, 'm5n.large_use1-az1': 5, 'm5n.large_use1-az2': 15, 'm5n.large_use1-az4': 5, 'm5n.large_use1-az5': 5, 'm5n.large_use1-az6': 15, 'm5n.xlarge_use1-az1': 20, 'm5n.xlarge_use1-az2': 50, 'm5n.xlarge_use1-az4': 50, 'm5n.xlarge_use1-az5': 1, 'm5n.xlarge_use1-az6': 50, 'm5zn.12xlarge_use1-az2': 1, 'm5zn.12xlarge_use1-az4': 10, 'm5zn.12xlarge_use1-az5': 1, 'm5zn.12xlarge_use1-az6': 5, 'm5zn.2xlarge_use1-az1': 1, 'm5zn.2xlarge_use1-az2': 1, 'm5zn.2xlarge_use1-az4': 25, 'm5zn.2xlarge_use1-az5': 1, 'm5zn.2xlarge_use1-az6': 5, 'm5zn.3xlarge_use1-az1': 1, 'm5zn.3xlarge_use1-az2': 1, 'm5zn.3xlarge_use1-az4': 5, 'm5zn.3xlarge_use1-az6': 5, 'm5zn.6xlarge_use1-az4': 1, 'm5zn.6xlarge_use1-az6': 1, 'm5zn.large_use1-az1': 5, 'm5zn.large_use1-az2': 5, 'm5zn.large_use1-az4': 30, 'm5zn.large_use1-az5': 15, 'm5zn.large_use1-az6': 20, 'm5zn.xlarge_use1-az1': 1, 'm5zn.xlarge_use1-az2': 1, 'm5zn.xlarge_use1-az4': 20, 'm5zn.xlarge_use1-az5': 5, 'm5zn.xlarge_use1-az6': 5, 'm6a.12xlarge_use1-az1': 5, 'm6a.12xlarge_use1-az2': 5, 'm6a.12xlarge_use1-az4': 15, 'm6a.12xlarge_use1-az6': 10, 'm6a.16xlarge_use1-az1': 5, 'm6a.16xlarge_use1-az2': 5, 'm6a.16xlarge_use1-az4': 5, 'm6a.16xlarge_use1-az6': 5, 'm6a.24xlarge_use1-az1': 1, 'm6a.24xlarge_use1-az2': 1, 'm6a.24xlarge_use1-az4': 1, 'm6a.24xlarge_use1-az6': 1, 'm6a.2xlarge_use1-az1': 50, 'm6a.2xlarge_use1-az2': 35, 'm6a.2xlarge_use1-az4': 45, 'm6a.2xlarge_use1-az5': 15, 'm6a.2xlarge_use1-az6': 50, 'm6a.32xlarge_use1-az2': 1, 'm6a.32xlarge_use1-az4': 1, 'm6a.32xlarge_use1-az5': 1, 'm6a.32xlarge_use1-az6': 1, 'm6a.48xlarge_use1-az2': 1, 'm6a.48xlarge_use1-az4': 1, 'm6a.48xlarge_use1-az6': 1, 'm6a.4xlarge_use1-az1': 45, 'm6a.4xlarge_use1-az2': 40, 'm6a.4xlarge_use1-az4': 25, 'm6a.4xlarge_use1-az5': 5, 'm6a.4xlarge_use1-az6': 50, 'm6a.8xlarge_use1-az1': 25, 'm6a.8xlarge_use1-az2': 15, 'm6a.8xlarge_use1-az4': 50, 'm6a.8xlarge_use1-az5': 10, 'm6a.8xlarge_use1-az6': 50, 'm6a.large_use1-az1': 50, 'm6a.large_use1-az2': 50, 'm6a.large_use1-az4': 50, 'm6a.large_use1-az5': 30, 'm6a.large_use1-az6': 50, 'm6a.xlarge_use1-az1': 50, 'm6a.xlarge_use1-az2': 50, 'm6a.xlarge_use1-az4': 50, 'm6a.xlarge_use1-az5': 35, 'm6a.xlarge_use1-az6': 50, 'm6g.12xlarge_use1-az1': 1, 'm6g.12xlarge_use1-az2': 5, 'm6g.12xlarge_use1-az4': 50, 'm6g.12xlarge_use1-az6': 50, 'm6g.16xlarge_use1-az1': 1, 'm6g.16xlarge_use1-az2': 5, 'm6g.16xlarge_use1-az4': 25, 'm6g.16xlarge_use1-az6': 50, 'm6g.2xlarge_use1-az1': 15, 'm6g.2xlarge_use1-az2': 50, 'm6g.2xlarge_use1-az4': 50, 'm6g.2xlarge_use1-az5': 5, 'm6g.2xlarge_use1-az6': 50, 'm6g.4xlarge_use1-az1': 10, 'm6g.4xlarge_use1-az2': 50, 'm6g.4xlarge_use1-az4': 50, 'm6g.4xlarge_use1-az5': 10, 'm6g.4xlarge_use1-az6': 50, 'm6g.8xlarge_use1-az1': 5, 'm6g.8xlarge_use1-az2': 50, 'm6g.8xlarge_use1-az4': 50, 'm6g.8xlarge_use1-az6': 50, 'm6g.large_use1-az1': 1, 'm6g.large_use1-az2': 50, 'm6g.large_use1-az4': 50, 'm6g.large_use1-az5': 5, 'm6g.large_use1-az6': 50, 'm6g.medium_use1-az1': 5, 'm6g.medium_use1-az2': 5, 'm6g.medium_use1-az4': 10, 'm6g.medium_use1-az5': 1, 'm6g.medium_use1-az6': 15, 'm6g.xlarge_use1-az1': 50, 'm6g.xlarge_use1-az2': 50, 'm6g.xlarge_use1-az4': 50, 'm6g.xlarge_use1-az5': 50, 'm6g.xlarge_use1-az6': 50, 'm6gd.12xlarge_use1-az1': 10, 'm6gd.12xlarge_use1-az2': 40, 'm6gd.12xlarge_use1-az4': 20, 'm6gd.12xlarge_use1-az5': 5, 'm6gd.12xlarge_use1-az6': 50, 'm6gd.16xlarge_use1-az1': 5, 'm6gd.16xlarge_use1-az2': 10, 'm6gd.16xlarge_use1-az4': 10, 'm6gd.16xlarge_use1-az5': 10, 'm6gd.16xlarge_use1-az6': 35, 'm6gd.2xlarge_use1-az1': 1, 'm6gd.2xlarge_use1-az2': 50, 'm6gd.2xlarge_use1-az4': 45, 'm6gd.2xlarge_use1-az5': 1, 'm6gd.2xlarge_use1-az6': 5, 'm6gd.4xlarge_use1-az1': 1, 'm6gd.4xlarge_use1-az2': 5, 'm6gd.4xlarge_use1-az4': 5, 'm6gd.4xlarge_use1-az5': 1, 'm6gd.4xlarge_use1-az6': 15, 'm6gd.8xlarge_use1-az1': 5, 'm6gd.8xlarge_use1-az2': 10, 'm6gd.8xlarge_use1-az4': 15, 'm6gd.8xlarge_use1-az5': 1, 'm6gd.8xlarge_use1-az6': 20, 'm6gd.large_use1-az1': 1, 'm6gd.large_use1-az2': 5, 'm6gd.large_use1-az4': 5, 'm6gd.large_use1-az5': 1, 'm6gd.large_use1-az6': 15, 'm6gd.medium_use1-az1': 1, 'm6gd.medium_use1-az2': 1, 'm6gd.medium_use1-az4': 1, 'm6gd.medium_use1-az5': 5, 'm6gd.medium_use1-az6': 1, 'm6gd.xlarge_use1-az1': 1, 'm6gd.xlarge_use1-az2': 10, 'm6gd.xlarge_use1-az4': 35, 'm6gd.xlarge_use1-az5': 1, 'm6gd.xlarge_use1-az6': 15, 'm6i.12xlarge_use1-az1': 1, 'm6i.12xlarge_use1-az2': 10, 'm6i.12xlarge_use1-az4': 50, 'm6i.12xlarge_use1-az5': 1, 'm6i.12xlarge_use1-az6': 30, 'm6i.16xlarge_use1-az1': 1, 'm6i.16xlarge_use1-az2': 10, 'm6i.16xlarge_use1-az4': 5, 'm6i.16xlarge_use1-az5': 1, 'm6i.16xlarge_use1-az6': 10, 'm6i.24xlarge_use1-az2': 10, 'm6i.24xlarge_use1-az4': 5, 'm6i.24xlarge_use1-az5': 1, 'm6i.24xlarge_use1-az6': 50, 'm6i.2xlarge_use1-az1': 25, 'm6i.2xlarge_use1-az2': 50, 'm6i.2xlarge_use1-az4': 50, 'm6i.2xlarge_use1-az5': 25, 'm6i.2xlarge_use1-az6': 50, 'm6i.32xlarge_use1-az2': 1, 'm6i.32xlarge_use1-az4': 5, 'm6i.32xlarge_use1-az5': 1, 'm6i.32xlarge_use1-az6': 15, 'm6i.4xlarge_use1-az1': 15, 'm6i.4xlarge_use1-az2': 50, 'm6i.4xlarge_use1-az4': 50, 'm6i.4xlarge_use1-az5': 50, 'm6i.4xlarge_use1-az6': 50, 'm6i.8xlarge_use1-az1': 1, 'm6i.8xlarge_use1-az2': 50, 'm6i.8xlarge_use1-az4': 50, 'm6i.8xlarge_use1-az5': 20, 'm6i.8xlarge_use1-az6': 50, 'm6i.large_use1-az1': 25, 'm6i.large_use1-az2': 50, 'm6i.large_use1-az4': 50, 'm6i.large_use1-az5': 50, 'm6i.large_use1-az6': 50, 'm6i.xlarge_use1-az1': 45, 'm6i.xlarge_use1-az2': 50, 'm6i.xlarge_use1-az4': 50, 'm6i.xlarge_use1-az5': 25, 'm6i.xlarge_use1-az6': 50, 'm6id.12xlarge_use1-az1': 1, 'm6id.12xlarge_use1-az2': 1, 'm6id.12xlarge_use1-az4': 1, 'm6id.12xlarge_use1-az6': 1, 'm6id.16xlarge_use1-az1': 1, 'm6id.16xlarge_use1-az2': 1, 'm6id.16xlarge_use1-az4': 1, 'm6id.16xlarge_use1-az6': 1, 'm6id.24xlarge_use1-az1': 10, 'm6id.24xlarge_use1-az2': 15, 'm6id.24xlarge_use1-az4': 35, 'm6id.24xlarge_use1-az5': 5, 'm6id.24xlarge_use1-az6': 15, 'm6id.2xlarge_use1-az1': 5, 'm6id.2xlarge_use1-az2': 5, 'm6id.2xlarge_use1-az4': 5, 'm6id.2xlarge_use1-az5': 1, 'm6id.2xlarge_use1-az6': 5, 'm6id.32xlarge_use1-az1': 10, 'm6id.32xlarge_use1-az2': 15, 'm6id.32xlarge_use1-az4': 5, 'm6id.32xlarge_use1-az5': 1, 'm6id.32xlarge_use1-az6': 50, 'm6id.4xlarge_use1-az1': 15, 'm6id.4xlarge_use1-az2': 10, 'm6id.4xlarge_use1-az4': 5, 'm6id.4xlarge_use1-az5': 1, 'm6id.4xlarge_use1-az6': 10, 'm6id.8xlarge_use1-az1': 1, 'm6id.8xlarge_use1-az4': 5, 'm6id.8xlarge_use1-az5': 1, 'm6id.8xlarge_use1-az6': 1, 'm6id.large_use1-az1': 30, 'm6id.large_use1-az2': 35, 'm6id.large_use1-az4': 15, 'm6id.large_use1-az5': 5, 'm6id.large_use1-az6': 50, 'm6id.xlarge_use1-az1': 20, 'm6id.xlarge_use1-az2': 45, 'm6id.xlarge_use1-az4': 15, 'm6id.xlarge_use1-az5': 5, 'm6id.xlarge_use1-az6': 25, 'm6idn.12xlarge_use1-az2': 1, 'm6idn.16xlarge_use1-az4': 1, 'm6idn.24xlarge_use1-az1': 1, 'm6idn.24xlarge_use1-az2': 1, 'm6idn.24xlarge_use1-az4': 1, 'm6idn.2xlarge_use1-az1': 5, 'm6idn.2xlarge_use1-az2': 10, 'm6idn.2xlarge_use1-az4': 5, 'm6idn.2xlarge_use1-az5': 1, 'm6idn.2xlarge_use1-az6': 5, 'm6idn.32xlarge_use1-az2': 1, 'm6idn.4xlarge_use1-az1': 30, 'm6idn.4xlarge_use1-az2': 10, 'm6idn.4xlarge_use1-az4': 5, 'm6idn.4xlarge_use1-az5': 5, 'm6idn.4xlarge_use1-az6': 5, 'm6idn.large_use1-az1': 25, 'm6idn.large_use1-az2': 35, 'm6idn.large_use1-az4': 15, 'm6idn.large_use1-az5': 10, 'm6idn.large_use1-az6': 10, 'm6idn.xlarge_use1-az1': 15, 'm6idn.xlarge_use1-az2': 50, 'm6idn.xlarge_use1-az4': 20, 'm6idn.xlarge_use1-az5': 5, 'm6idn.xlarge_use1-az6': 10, 'm6in.12xlarge_use1-az4': 1, 'm6in.16xlarge_use1-az2': 1, 'm6in.16xlarge_use1-az4': 1, 'm6in.24xlarge_use1-az1': 1, 'm6in.24xlarge_use1-az2': 1, 'm6in.2xlarge_use1-az1': 10, 'm6in.2xlarge_use1-az2': 20, 'm6in.2xlarge_use1-az4': 10, 'm6in.2xlarge_use1-az5': 1, 'm6in.2xlarge_use1-az6': 5, 'm6in.4xlarge_use1-az1': 1, 'm6in.4xlarge_use1-az2': 1, 'm6in.4xlarge_use1-az5': 1, 'm6in.8xlarge_use1-az1': 1, 'm6in.8xlarge_use1-az2': 1, 'm6in.8xlarge_use1-az4': 1, 'm6in.large_use1-az1': 5, 'm6in.large_use1-az2': 10, 'm6in.large_use1-az4': 5, 'm6in.large_use1-az5': 1, 'm6in.large_use1-az6': 1, 'm6in.xlarge_use1-az1': 5, 'm6in.xlarge_use1-az2': 10, 'm6in.xlarge_use1-az4': 1, 'm7a.12xlarge_use1-az2': 1, 'm7a.12xlarge_use1-az6': 20, 'm7a.16xlarge_use1-az2': 1, 'm7a.16xlarge_use1-az6': 40, 'm7a.24xlarge_use1-az2': 1, 'm7a.24xlarge_use1-az6': 50, 'm7a.2xlarge_use1-az1': 5, 'm7a.2xlarge_use1-az2': 15, 'm7a.2xlarge_use1-az4': 10, 'm7a.2xlarge_use1-az6': 50, 'm7a.32xlarge_use1-az6': 20, 'm7a.48xlarge_use1-az6': 40, 'm7a.4xlarge_use1-az1': 10, 'm7a.4xlarge_use1-az2': 5, 'm7a.4xlarge_use1-az4': 10, 'm7a.4xlarge_use1-az6': 25, 'm7a.8xlarge_use1-az1': 1, 'm7a.8xlarge_use1-az2': 5, 'm7a.8xlarge_use1-az4': 1, 'm7a.8xlarge_use1-az6': 50, 'm7a.large_use1-az1': 15, 'm7a.large_use1-az2': 50, 'm7a.large_use1-az4': 50, 'm7a.large_use1-az5': 5, 'm7a.large_use1-az6': 50, 'm7a.medium_use1-az1': 10, 'm7a.medium_use1-az2': 50, 'm7a.medium_use1-az4': 50, 'm7a.medium_use1-az6': 50, 'm7a.xlarge_use1-az1': 5, 'm7a.xlarge_use1-az2': 40, 'm7a.xlarge_use1-az4': 50, 'm7a.xlarge_use1-az6': 50, 'm7g.12xlarge_use1-az1': 1, 'm7g.12xlarge_use1-az2': 10, 'm7g.12xlarge_use1-az4': 45, 'm7g.12xlarge_use1-az5': 1, 'm7g.12xlarge_use1-az6': 50, 'm7g.16xlarge_use1-az1': 1, 'm7g.16xlarge_use1-az2': 30, 'm7g.16xlarge_use1-az4': 35, 'm7g.16xlarge_use1-az5': 1, 'm7g.16xlarge_use1-az6': 50, 'm7g.2xlarge_use1-az1': 35, 'm7g.2xlarge_use1-az2': 50, 'm7g.2xlarge_use1-az4': 50, 'm7g.2xlarge_use1-az5': 15, 'm7g.2xlarge_use1-az6': 50, 'm7g.4xlarge_use1-az1': 10, 'm7g.4xlarge_use1-az2': 30, 'm7g.4xlarge_use1-az4': 50, 'm7g.4xlarge_use1-az5': 10, 'm7g.4xlarge_use1-az6': 50, 'm7g.8xlarge_use1-az1': 1, 'm7g.8xlarge_use1-az2': 15, 'm7g.8xlarge_use1-az4': 40, 'm7g.8xlarge_use1-az5': 1, 'm7g.8xlarge_use1-az6': 50, 'm7g.large_use1-az1': 10, 'm7g.large_use1-az2': 50, 'm7g.large_use1-az4': 50, 'm7g.large_use1-az5': 30, 'm7g.large_use1-az6': 50, 'm7g.medium_use1-az1': 30, 'm7g.medium_use1-az2': 40, 'm7g.medium_use1-az4': 50, 'm7g.medium_use1-az5': 35, 'm7g.medium_use1-az6': 50, 'm7g.metal_use1-az1': 1, 'm7g.metal_use1-az2': 25, 'm7g.metal_use1-az4': 10, 'm7g.metal_use1-az5': 1, 'm7g.metal_use1-az6': 50, 'm7g.xlarge_use1-az1': 50, 'm7g.xlarge_use1-az2': 50, 'm7g.xlarge_use1-az4': 50, 'm7g.xlarge_use1-az5': 50, 'm7g.xlarge_use1-az6': 50, 'm7gd.12xlarge_use1-az1': 5, 'm7gd.12xlarge_use1-az2': 10, 'm7gd.12xlarge_use1-az4': 1, 'm7gd.12xlarge_use1-az6': 35, 'm7gd.16xlarge_use1-az1': 1, 'm7gd.16xlarge_use1-az2': 30, 'm7gd.16xlarge_use1-az4': 1, 'm7gd.16xlarge_use1-az6': 40, 'm7gd.2xlarge_use1-az1': 15, 'm7gd.2xlarge_use1-az2': 50, 'm7gd.2xlarge_use1-az4': 15, 'm7gd.2xlarge_use1-az6': 25, 'm7gd.4xlarge_use1-az1': 5, 'm7gd.4xlarge_use1-az2': 10, 'm7gd.4xlarge_use1-az4': 1, 'm7gd.4xlarge_use1-az6': 40, 'm7gd.8xlarge_use1-az1': 10, 'm7gd.8xlarge_use1-az2': 50, 'm7gd.8xlarge_use1-az4': 30, 'm7gd.8xlarge_use1-az5': 45, 'm7gd.8xlarge_use1-az6': 50, 'm7gd.large_use1-az1': 5, 'm7gd.large_use1-az2': 50, 'm7gd.large_use1-az4': 5, 'm7gd.large_use1-az6': 50, 'm7gd.medium_use1-az1': 15, 'm7gd.medium_use1-az2': 20, 'm7gd.medium_use1-az4': 15, 'm7gd.medium_use1-az5': 20, 'm7gd.medium_use1-az6': 25, 'm7gd.metal_use1-az1': 5, 'm7gd.metal_use1-az2': 15, 'm7gd.metal_use1-az4': 1, 'm7gd.metal_use1-az6': 15, 'm7gd.xlarge_use1-az1': 5, 'm7gd.xlarge_use1-az2': 10, 'm7gd.xlarge_use1-az4': 10, 'm7gd.xlarge_use1-az5': 1, 'm7gd.xlarge_use1-az6': 25, 'm7i-flex.2xlarge_use1-az1': 50, 'm7i-flex.2xlarge_use1-az2': 50, 'm7i-flex.2xlarge_use1-az4': 15, 'm7i-flex.2xlarge_use1-az5': 10, 'm7i-flex.2xlarge_use1-az6': 50, 'm7i-flex.4xlarge_use1-az2': 5, 'm7i-flex.4xlarge_use1-az4': 5, 'm7i-flex.4xlarge_use1-az6': 25, 'm7i-flex.8xlarge_use1-az1': 1, 'm7i-flex.8xlarge_use1-az2': 5, 'm7i-flex.8xlarge_use1-az4': 5, 'm7i-flex.8xlarge_use1-az5': 1, 'm7i-flex.8xlarge_use1-az6': 10, 'm7i-flex.large_use1-az1': 20, 'm7i-flex.large_use1-az2': 50, 'm7i-flex.large_use1-az4': 25, 'm7i-flex.large_use1-az5': 25, 'm7i-flex.large_use1-az6': 50, 'm7i-flex.xlarge_use1-az1': 50, 'm7i-flex.xlarge_use1-az2': 50, 'm7i-flex.xlarge_use1-az4': 50, 'm7i-flex.xlarge_use1-az5': 15, 'm7i-flex.xlarge_use1-az6': 50, 'm7i.12xlarge_use1-az1': 1, 'm7i.12xlarge_use1-az2': 5, 'm7i.12xlarge_use1-az4': 15, 'm7i.12xlarge_use1-az6': 50, 'm7i.16xlarge_use1-az1': 5, 'm7i.16xlarge_use1-az2': 10, 'm7i.16xlarge_use1-az4': 10, 'm7i.16xlarge_use1-az6': 50, 'm7i.24xlarge_use1-az2': 5, 'm7i.24xlarge_use1-az4': 5, 'm7i.24xlarge_use1-az6': 50, 'm7i.2xlarge_use1-az1': 1, 'm7i.2xlarge_use1-az2': 50, 'm7i.2xlarge_use1-az4': 50, 'm7i.2xlarge_use1-az6': 50, 'm7i.48xlarge_use1-az1': 1, 'm7i.48xlarge_use1-az2': 5, 'm7i.48xlarge_use1-az4': 20, 'm7i.48xlarge_use1-az6': 50, 'm7i.4xlarge_use1-az1': 1, 'm7i.4xlarge_use1-az2': 25, 'm7i.4xlarge_use1-az4': 10, 'm7i.4xlarge_use1-az6': 50, 'm7i.8xlarge_use1-az1': 40, 'm7i.8xlarge_use1-az2': 20, 'm7i.8xlarge_use1-az4': 50, 'm7i.8xlarge_use1-az6': 50, 'm7i.large_use1-az1': 50, 'm7i.large_use1-az2': 50, 'm7i.large_use1-az4': 50, 'm7i.large_use1-az5': 1, 'm7i.large_use1-az6': 50, 'm7i.xlarge_use1-az1': 30, 'm7i.xlarge_use1-az2': 35, 'm7i.xlarge_use1-az4': 50, 'm7i.xlarge_use1-az6': 50, 'm8g.12xlarge_use1-az2': 10, 'm8g.12xlarge_use1-az4': 10, 'm8g.12xlarge_use1-az5': 1, 'm8g.12xlarge_use1-az6': 35, 'm8g.16xlarge_use1-az2': 5, 'm8g.16xlarge_use1-az4': 5, 'm8g.16xlarge_use1-az5': 5, 'm8g.16xlarge_use1-az6': 45, 'm8g.24xlarge_use1-az2': 5, 'm8g.24xlarge_use1-az4': 1, 'm8g.24xlarge_use1-az5': 1, 'm8g.24xlarge_use1-az6': 25, 'm8g.2xlarge_use1-az4': 10, 'm8g.2xlarge_use1-az5': 10, 'm8g.48xlarge_use1-az2': 5, 'm8g.48xlarge_use1-az4': 5, 'm8g.48xlarge_use1-az6': 20, 'm8g.4xlarge_use1-az2': 5, 'm8g.4xlarge_use1-az4': 5, 'm8g.4xlarge_use1-az5': 1, 'm8g.4xlarge_use1-az6': 40, 'm8g.8xlarge_use1-az2': 10, 'm8g.8xlarge_use1-az4': 20, 'm8g.8xlarge_use1-az5': 1, 'm8g.8xlarge_use1-az6': 40, 'm8g.large_use1-az1': 1, 'm8g.large_use1-az2': 20, 'm8g.large_use1-az6': 45, 'm8g.medium_use1-az1': 1, 'm8g.medium_use1-az2': 15, 'm8g.metal-48xl_use1-az2': 5, 'm8g.metal-48xl_use1-az6': 25, 'm8g.xlarge_use1-az1': 1, 'm8g.xlarge_use1-az5': 15, 'm8g.xlarge_use1-az6': 50, 'm8gd.16xlarge_use1-az5': 1, 'm8gd.4xlarge_use1-az2': 5, 'm8gd.4xlarge_use1-az4': 1, 'm8gd.4xlarge_use1-az6': 1, 'm8gd.8xlarge_use1-az5': 1, 'm8gd.8xlarge_use1-az6': 5, 'm8gd.large_use1-az1': 20, 'm8gd.large_use1-az2': 15, 'm8gd.large_use1-az5': 1, 'm8gd.large_use1-az6': 1, 'm8gd.medium_use1-az6': 1, 'm8gd.metal-24xl_use1-az2': 1, 'm8gd.xlarge_use1-az1': 1, 'm8gd.xlarge_use1-az5': 1, 'm8i-flex.16xlarge_use1-az6': 5, 'm8i-flex.2xlarge_use1-az2': 10, 'm8i-flex.2xlarge_use1-az4': 1, 'm8i-flex.2xlarge_use1-az6': 50, 'm8i-flex.4xlarge_use1-az2': 1, 'm8i-flex.4xlarge_use1-az4': 1, 'm8i-flex.4xlarge_use1-az6': 5, 'm8i-flex.8xlarge_use1-az6': 1, 'm8i-flex.large_use1-az2': 5, 'm8i-flex.xlarge_use1-az2': 10, 'm8i-flex.xlarge_use1-az4': 25, 'm8i-flex.xlarge_use1-az6': 50, 'm8i.12xlarge_use1-az6': 1, 'm8i.16xlarge_use1-az4': 1, 'm8i.16xlarge_use1-az6': 1, 'm8i.24xlarge_use1-az6': 1, 'm8i.2xlarge_use1-az2': 10, 'm8i.2xlarge_use1-az4': 1, 'm8i.2xlarge_use1-az6': 10, 'm8i.32xlarge_use1-az2': 1, 'm8i.32xlarge_use1-az6': 5, 'm8i.48xlarge_use1-az2': 1, 'm8i.48xlarge_use1-az6': 5, 'm8i.4xlarge_use1-az2': 5, 'm8i.4xlarge_use1-az4': 1, 'm8i.4xlarge_use1-az6': 5, 'm8i.8xlarge_use1-az2': 1, 'm8i.8xlarge_use1-az4': 1, 'm8i.8xlarge_use1-az6': 20, 'm8i.96xlarge_use1-az6': 1, 'm8i.large_use1-az4': 25, 'm8i.metal-48xl_use1-az6': 1, 'm8i.metal-96xl_use1-az6': 1, 'm8i.xlarge_use1-az2': 30, 'm8i.xlarge_use1-az4': 10, 'p3.2xlarge_use1-az1': 50, 'p3.2xlarge_use1-az2': 50, 'p3.2xlarge_use1-az5': 50, 'p3.2xlarge_use1-az6': 50, 'p3dn.24xlarge_use1-az1': 15, 'p3dn.24xlarge_use1-az6': 50, 'r3.2xlarge_use1-az2': 1, 'r3.2xlarge_use1-az4': 1, 'r3.2xlarge_use1-az6': 1, 'r3.4xlarge_use1-az4': 1, 'r3.4xlarge_use1-az6': 1, 'r3.8xlarge_use1-az2': 1, 'r3.8xlarge_use1-az4': 1, 'r3.8xlarge_use1-az6': 5, 'r3.large_use1-az2': 50, 'r3.large_use1-az4': 50, 'r3.large_use1-az6': 50, 'r3.xlarge_use1-az2': 40, 'r3.xlarge_use1-az4': 50, 'r3.xlarge_use1-az6': 50, 'r4.16xlarge_use1-az1': 10, 'r4.16xlarge_use1-az2': 10, 'r4.16xlarge_use1-az3': 50, 'r4.16xlarge_use1-az4': 35, 'r4.16xlarge_use1-az5': 15, 'r4.16xlarge_use1-az6': 10, 'r4.2xlarge_use1-az1': 20, 'r4.2xlarge_use1-az2': 50, 'r4.2xlarge_use1-az3': 50, 'r4.2xlarge_use1-az4': 50, 'r4.2xlarge_use1-az5': 5, 'r4.2xlarge_use1-az6': 50, 'r4.4xlarge_use1-az1': 20, 'r4.4xlarge_use1-az2': 50, 'r4.4xlarge_use1-az3': 40, 'r4.4xlarge_use1-az4': 15, 'r4.4xlarge_use1-az5': 5, 'r4.4xlarge_use1-az6': 50, 'r4.8xlarge_use1-az1': 50, 'r4.8xlarge_use1-az2': 50, 'r4.8xlarge_use1-az3': 25, 'r4.8xlarge_use1-az4': 50, 'r4.8xlarge_use1-az5': 5, 'r4.8xlarge_use1-az6': 50, 'r4.large_use1-az1': 35, 'r4.large_use1-az2': 50, 'r4.large_use1-az3': 10, 'r4.large_use1-az4': 50, 'r4.large_use1-az5': 20, 'r4.large_use1-az6': 50, 'r4.xlarge_use1-az1': 50, 'r4.xlarge_use1-az2': 50, 'r4.xlarge_use1-az3': 50, 'r4.xlarge_use1-az4': 50, 'r4.xlarge_use1-az5': 30, 'r4.xlarge_use1-az6': 50, 'r5.12xlarge_use1-az1': 5, 'r5.12xlarge_use1-az2': 5, 'r5.12xlarge_use1-az4': 50, 'r5.12xlarge_use1-az5': 5, 'r5.12xlarge_use1-az6': 5, 'r5.16xlarge_use1-az1': 5, 'r5.16xlarge_use1-az4': 35, 'r5.16xlarge_use1-az5': 30, 'r5.16xlarge_use1-az6': 5, 'r5.24xlarge_use1-az4': 15, 'r5.24xlarge_use1-az5': 5, 'r5.24xlarge_use1-az6': 5, 'r5.2xlarge_use1-az1': 50, 'r5.2xlarge_use1-az2': 50, 'r5.2xlarge_use1-az4': 50, 'r5.2xlarge_use1-az5': 5, 'r5.2xlarge_use1-az6': 50, 'r5.4xlarge_use1-az1': 50, 'r5.4xlarge_use1-az2': 50, 'r5.4xlarge_use1-az4': 50, 'r5.4xlarge_use1-az5': 5, 'r5.4xlarge_use1-az6': 50, 'r5.8xlarge_use1-az1': 50, 'r5.8xlarge_use1-az2': 50, 'r5.8xlarge_use1-az4': 50, 'r5.8xlarge_use1-az5': 5, 'r5.8xlarge_use1-az6': 5, 'r5.large_use1-az1': 50, 'r5.large_use1-az2': 50, 'r5.large_use1-az4': 50, 'r5.large_use1-az5': 50, 'r5.large_use1-az6': 50, 'r5.xlarge_use1-az1': 50, 'r5.xlarge_use1-az2': 50, 'r5.xlarge_use1-az4': 50, 'r5.xlarge_use1-az5': 50, 'r5.xlarge_use1-az6': 50, 'r5a.12xlarge_use1-az1': 1, 'r5a.12xlarge_use1-az2': 1, 'r5a.12xlarge_use1-az4': 5, 'r5a.12xlarge_use1-az6': 5, 'r5a.16xlarge_use1-az1': 10, 'r5a.16xlarge_use1-az2': 10, 'r5a.16xlarge_use1-az4': 10, 'r5a.16xlarge_use1-az5': 5, 'r5a.16xlarge_use1-az6': 5, 'r5a.24xlarge_use1-az1': 5, 'r5a.24xlarge_use1-az2': 15, 'r5a.24xlarge_use1-az4': 10, 'r5a.24xlarge_use1-az5': 1, 'r5a.24xlarge_use1-az6': 10, 'r5a.2xlarge_use1-az1': 10, 'r5a.2xlarge_use1-az2': 20, 'r5a.2xlarge_use1-az4': 35, 'r5a.2xlarge_use1-az5': 5, 'r5a.2xlarge_use1-az6': 30, 'r5a.4xlarge_use1-az1': 25, 'r5a.4xlarge_use1-az2': 50, 'r5a.4xlarge_use1-az4': 50, 'r5a.4xlarge_use1-az5': 5, 'r5a.4xlarge_use1-az6': 50, 'r5a.8xlarge_use1-az1': 25, 'r5a.8xlarge_use1-az2': 10, 'r5a.8xlarge_use1-az4': 15, 'r5a.8xlarge_use1-az5': 30, 'r5a.8xlarge_use1-az6': 20, 'r5a.large_use1-az1': 50, 'r5a.large_use1-az2': 50, 'r5a.large_use1-az4': 50, 'r5a.large_use1-az5': 25, 'r5a.large_use1-az6': 50, 'r5a.xlarge_use1-az1': 20, 'r5a.xlarge_use1-az2': 50, 'r5a.xlarge_use1-az4': 50, 'r5a.xlarge_use1-az5': 5, 'r5a.xlarge_use1-az6': 50, 'r5ad.12xlarge_use1-az2': 1, 'r5ad.16xlarge_use1-az2': 50, 'r5ad.16xlarge_use1-az4': 10, 'r5ad.16xlarge_use1-az5': 1, 'r5ad.16xlarge_use1-az6': 10, 'r5ad.24xlarge_use1-az2': 25, 'r5ad.24xlarge_use1-az4': 1, 'r5ad.24xlarge_use1-az6': 10, 'r5ad.2xlarge_use1-az1': 1, 'r5ad.2xlarge_use1-az2': 1, 'r5ad.2xlarge_use1-az4': 1, 'r5ad.2xlarge_use1-az5': 1, 'r5ad.2xlarge_use1-az6': 1, 'r5ad.4xlarge_use1-az1': 1, 'r5ad.4xlarge_use1-az2': 10, 'r5ad.4xlarge_use1-az4': 5, 'r5ad.4xlarge_use1-az5': 1, 'r5ad.4xlarge_use1-az6': 1, 'r5ad.8xlarge_use1-az2': 5, 'r5ad.8xlarge_use1-az4': 20, 'r5ad.8xlarge_use1-az5': 1, 'r5ad.8xlarge_use1-az6': 10, 'r5ad.large_use1-az1': 1, 'r5ad.large_use1-az2': 30, 'r5ad.large_use1-az4': 10, 'r5ad.large_use1-az5': 5, 'r5ad.large_use1-az6': 10, 'r5ad.xlarge_use1-az1': 1, 'r5ad.xlarge_use1-az2': 10, 'r5ad.xlarge_use1-az4': 10, 'r5ad.xlarge_use1-az5': 1, 'r5ad.xlarge_use1-az6': 5, 'r5b.12xlarge_use1-az1': 5, 'r5b.12xlarge_use1-az4': 5, 'r5b.12xlarge_use1-az6': 1, 'r5b.16xlarge_use1-az1': 5, 'r5b.16xlarge_use1-az2': 5, 'r5b.16xlarge_use1-az4': 5, 'r5b.16xlarge_use1-az6': 5, 'r5b.24xlarge_use1-az1': 1, 'r5b.24xlarge_use1-az4': 5, 'r5b.24xlarge_use1-az6': 1, 'r5b.2xlarge_use1-az1': 1, 'r5b.2xlarge_use1-az2': 1, 'r5b.2xlarge_use1-az4': 1, 'r5b.2xlarge_use1-az6': 1, 'r5b.4xlarge_use1-az1': 5, 'r5b.4xlarge_use1-az2': 5, 'r5b.4xlarge_use1-az4': 5, 'r5b.4xlarge_use1-az6': 5, 'r5b.8xlarge_use1-az1': 5, 'r5b.8xlarge_use1-az2': 1, 'r5b.8xlarge_use1-az4': 1, 'r5b.8xlarge_use1-az6': 1, 'r5b.large_use1-az1': 1, 'r5b.large_use1-az2': 5, 'r5b.large_use1-az4': 10, 'r5b.large_use1-az6': 5, 'r5b.xlarge_use1-az1': 1, 'r5b.xlarge_use1-az2': 1, 'r5b.xlarge_use1-az4': 5, 'r5b.xlarge_use1-az6': 1, 'r5d.12xlarge_use1-az1': 1, 'r5d.12xlarge_use1-az2': 5, 'r5d.12xlarge_use1-az4': 10, 'r5d.12xlarge_use1-az6': 1, 'r5d.16xlarge_use1-az1': 5, 'r5d.16xlarge_use1-az2': 50, 'r5d.16xlarge_use1-az4': 50, 'r5d.16xlarge_use1-az5': 10, 'r5d.16xlarge_use1-az6': 50, 'r5d.24xlarge_use1-az1': 1, 'r5d.24xlarge_use1-az2': 1, 'r5d.24xlarge_use1-az4': 10, 'r5d.24xlarge_use1-az5': 1, 'r5d.24xlarge_use1-az6': 10, 'r5d.2xlarge_use1-az1': 5, 'r5d.2xlarge_use1-az2': 15, 'r5d.2xlarge_use1-az4': 15, 'r5d.2xlarge_use1-az5': 1, 'r5d.2xlarge_use1-az6': 15, 'r5d.4xlarge_use1-az1': 5, 'r5d.4xlarge_use1-az2': 20, 'r5d.4xlarge_use1-az4': 45, 'r5d.4xlarge_use1-az5': 5, 'r5d.4xlarge_use1-az6': 25, 'r5d.8xlarge_use1-az1': 5, 'r5d.8xlarge_use1-az2': 15, 'r5d.8xlarge_use1-az4': 15, 'r5d.8xlarge_use1-az5': 5, 'r5d.8xlarge_use1-az6': 50, 'r5d.large_use1-az1': 10, 'r5d.large_use1-az2': 50, 'r5d.large_use1-az4': 50, 'r5d.large_use1-az5': 5, 'r5d.large_use1-az6': 50, 'r5d.xlarge_use1-az1': 1, 'r5d.xlarge_use1-az2': 15, 'r5d.xlarge_use1-az4': 15, 'r5d.xlarge_use1-az5': 1, 'r5d.xlarge_use1-az6': 10, 'r5dn.12xlarge_use1-az1': 1, 'r5dn.12xlarge_use1-az2': 1, 'r5dn.12xlarge_use1-az4': 1, 'r5dn.12xlarge_use1-az5': 1, 'r5dn.12xlarge_use1-az6': 1, 'r5dn.16xlarge_use1-az1': 5, 'r5dn.16xlarge_use1-az2': 5, 'r5dn.16xlarge_use1-az4': 15, 'r5dn.16xlarge_use1-az5': 10, 'r5dn.16xlarge_use1-az6': 30, 'r5dn.24xlarge_use1-az2': 5, 'r5dn.24xlarge_use1-az4': 10, 'r5dn.24xlarge_use1-az5': 1, 'r5dn.24xlarge_use1-az6': 25, 'r5dn.2xlarge_use1-az1': 50, 'r5dn.2xlarge_use1-az2': 45, 'r5dn.2xlarge_use1-az4': 30, 'r5dn.2xlarge_use1-az5': 50, 'r5dn.2xlarge_use1-az6': 5, 'r5dn.4xlarge_use1-az1': 5, 'r5dn.4xlarge_use1-az2': 25, 'r5dn.4xlarge_use1-az4': 45, 'r5dn.4xlarge_use1-az5': 5, 'r5dn.4xlarge_use1-az6': 20, 'r5dn.8xlarge_use1-az1': 1, 'r5dn.8xlarge_use1-az2': 5, 'r5dn.8xlarge_use1-az4': 5, 'r5dn.8xlarge_use1-az5': 5, 'r5dn.8xlarge_use1-az6': 50, 'r5dn.large_use1-az1': 50, 'r5dn.large_use1-az2': 50, 'r5dn.large_use1-az4': 50, 'r5dn.large_use1-az5': 50, 'r5dn.large_use1-az6': 50, 'r5dn.xlarge_use1-az1': 5, 'r5dn.xlarge_use1-az2': 15, 'r5dn.xlarge_use1-az4': 15, 'r5dn.xlarge_use1-az5': 15, 'r5dn.xlarge_use1-az6': 15, 'r5n.12xlarge_use1-az2': 1, 'r5n.12xlarge_use1-az4': 1, 'r5n.12xlarge_use1-az6': 1, 'r5n.16xlarge_use1-az1': 1, 'r5n.16xlarge_use1-az2': 10, 'r5n.16xlarge_use1-az4': 35, 'r5n.16xlarge_use1-az5': 1, 'r5n.16xlarge_use1-az6': 20, 'r5n.2xlarge_use1-az1': 5, 'r5n.2xlarge_use1-az2': 5, 'r5n.2xlarge_use1-az4': 15, 'r5n.2xlarge_use1-az5': 1, 'r5n.2xlarge_use1-az6': 1, 'r5n.4xlarge_use1-az1': 5, 'r5n.4xlarge_use1-az2': 25, 'r5n.4xlarge_use1-az4': 15, 'r5n.4xlarge_use1-az5': 5, 'r5n.4xlarge_use1-az6': 35, 'r5n.8xlarge_use1-az1': 10, 'r5n.8xlarge_use1-az2': 20, 'r5n.8xlarge_use1-az4': 35, 'r5n.8xlarge_use1-az6': 15, 'r5n.large_use1-az1': 20, 'r5n.large_use1-az2': 50, 'r5n.large_use1-az4': 50, 'r5n.large_use1-az5': 10, 'r5n.large_use1-az6': 30, 'r5n.xlarge_use1-az1': 1, 'r5n.xlarge_use1-az2': 10, 'r5n.xlarge_use1-az4': 15, 'r5n.xlarge_use1-az5': 1, 'r5n.xlarge_use1-az6': 20, 'r6a.12xlarge_use1-az1': 1, 'r6a.12xlarge_use1-az2': 10, 'r6a.12xlarge_use1-az4': 5, 'r6a.12xlarge_use1-az6': 10, 'r6a.16xlarge_use1-az1': 5, 'r6a.16xlarge_use1-az2': 15, 'r6a.16xlarge_use1-az4': 30, 'r6a.16xlarge_use1-az5': 15, 'r6a.16xlarge_use1-az6': 40, 'r6a.24xlarge_use1-az2': 5, 'r6a.24xlarge_use1-az4': 1, 'r6a.24xlarge_use1-az5': 1, 'r6a.24xlarge_use1-az6': 5, 'r6a.2xlarge_use1-az1': 50, 'r6a.2xlarge_use1-az2': 50, 'r6a.2xlarge_use1-az4': 40, 'r6a.2xlarge_use1-az5': 1, 'r6a.2xlarge_use1-az6': 50, 'r6a.32xlarge_use1-az2': 5, 'r6a.32xlarge_use1-az4': 5, 'r6a.32xlarge_use1-az5': 5, 'r6a.32xlarge_use1-az6': 5, 'r6a.48xlarge_use1-az2': 5, 'r6a.48xlarge_use1-az4': 5, 'r6a.48xlarge_use1-az5': 5, 'r6a.48xlarge_use1-az6': 1, 'r6a.4xlarge_use1-az1': 50, 'r6a.4xlarge_use1-az2': 50, 'r6a.4xlarge_use1-az4': 50, 'r6a.4xlarge_use1-az5': 40, 'r6a.4xlarge_use1-az6': 50, 'r6a.8xlarge_use1-az1': 20, 'r6a.8xlarge_use1-az2': 50, 'r6a.8xlarge_use1-az4': 50, 'r6a.8xlarge_use1-az5': 50, 'r6a.8xlarge_use1-az6': 50, 'r6a.large_use1-az1': 50, 'r6a.large_use1-az2': 50, 'r6a.large_use1-az4': 50, 'r6a.large_use1-az5': 50, 'r6a.large_use1-az6': 50, 'r6a.xlarge_use1-az1': 50, 'r6a.xlarge_use1-az2': 50, 'r6a.xlarge_use1-az4': 50, 'r6a.xlarge_use1-az5': 50, 'r6a.xlarge_use1-az6': 50, 'r6g.12xlarge_use1-az2': 50, 'r6g.12xlarge_use1-az4': 45, 'r6g.12xlarge_use1-az5': 10, 'r6g.12xlarge_use1-az6': 50, 'r6g.16xlarge_use1-az1': 1, 'r6g.16xlarge_use1-az2': 50, 'r6g.16xlarge_use1-az4': 50, 'r6g.16xlarge_use1-az5': 50, 'r6g.16xlarge_use1-az6': 50, 'r6g.2xlarge_use1-az1': 1, 'r6g.2xlarge_use1-az2': 25, 'r6g.2xlarge_use1-az4': 40, 'r6g.2xlarge_use1-az5': 10, 'r6g.2xlarge_use1-az6': 50, 'r6g.4xlarge_use1-az1': 10, 'r6g.4xlarge_use1-az2': 50, 'r6g.4xlarge_use1-az4': 50, 'r6g.4xlarge_use1-az5': 50, 'r6g.4xlarge_use1-az6': 50, 'r6g.8xlarge_use1-az1': 1, 'r6g.8xlarge_use1-az2': 10, 'r6g.8xlarge_use1-az4': 50, 'r6g.8xlarge_use1-az5': 50, 'r6g.8xlarge_use1-az6': 50, 'r6g.large_use1-az1': 10, 'r6g.large_use1-az2': 40, 'r6g.large_use1-az4': 50, 'r6g.large_use1-az5': 5, 'r6g.large_use1-az6': 50, 'r6g.medium_use1-az1': 1, 'r6g.medium_use1-az2': 10, 'r6g.medium_use1-az4': 15, 'r6g.medium_use1-az5': 15, 'r6g.medium_use1-az6': 35, 'r6g.xlarge_use1-az1': 1, 'r6g.xlarge_use1-az2': 50, 'r6g.xlarge_use1-az4': 50, 'r6g.xlarge_use1-az5': 50, 'r6g.xlarge_use1-az6': 50, 'r6gd.12xlarge_use1-az1': 1, 'r6gd.12xlarge_use1-az2': 5, 'r6gd.12xlarge_use1-az4': 10, 'r6gd.12xlarge_use1-az5': 1, 'r6gd.12xlarge_use1-az6': 10, 'r6gd.16xlarge_use1-az1': 5, 'r6gd.16xlarge_use1-az2': 5, 'r6gd.16xlarge_use1-az4': 50, 'r6gd.16xlarge_use1-az5': 1, 'r6gd.16xlarge_use1-az6': 45, 'r6gd.2xlarge_use1-az1': 1, 'r6gd.2xlarge_use1-az2': 20, 'r6gd.2xlarge_use1-az4': 30, 'r6gd.2xlarge_use1-az5': 1, 'r6gd.2xlarge_use1-az6': 1, 'r6gd.4xlarge_use1-az1': 5, 'r6gd.4xlarge_use1-az2': 20, 'r6gd.4xlarge_use1-az4': 50, 'r6gd.4xlarge_use1-az5': 1, 'r6gd.4xlarge_use1-az6': 25, 'r6gd.8xlarge_use1-az1': 1, 'r6gd.8xlarge_use1-az2': 10, 'r6gd.8xlarge_use1-az4': 20, 'r6gd.8xlarge_use1-az5': 1, 'r6gd.8xlarge_use1-az6': 30, 'r6gd.large_use1-az1': 50, 'r6gd.large_use1-az2': 50, 'r6gd.large_use1-az4': 50, 'r6gd.large_use1-az5': 50, 'r6gd.large_use1-az6': 50, 'r6gd.medium_use1-az1': 5, 'r6gd.medium_use1-az2': 1, 'r6gd.medium_use1-az4': 5, 'r6gd.medium_use1-az5': 5, 'r6gd.medium_use1-az6': 1, 'r6gd.xlarge_use1-az1': 1, 'r6gd.xlarge_use1-az2': 1, 'r6gd.xlarge_use1-az4': 5, 'r6gd.xlarge_use1-az6': 10, 'r6i.12xlarge_use1-az1': 5, 'r6i.12xlarge_use1-az2': 5, 'r6i.12xlarge_use1-az4': 5, 'r6i.12xlarge_use1-az5': 1, 'r6i.12xlarge_use1-az6': 10, 'r6i.16xlarge_use1-az1': 1, 'r6i.16xlarge_use1-az2': 1, 'r6i.16xlarge_use1-az4': 10, 'r6i.16xlarge_use1-az5': 10, 'r6i.16xlarge_use1-az6': 1, 'r6i.24xlarge_use1-az4': 10, 'r6i.24xlarge_use1-az5': 1, 'r6i.24xlarge_use1-az6': 5, 'r6i.2xlarge_use1-az1': 15, 'r6i.2xlarge_use1-az2': 35, 'r6i.2xlarge_use1-az4': 50, 'r6i.2xlarge_use1-az5': 5, 'r6i.2xlarge_use1-az6': 50, 'r6i.32xlarge_use1-az4': 1, 'r6i.32xlarge_use1-az5': 1, 'r6i.32xlarge_use1-az6': 1, 'r6i.4xlarge_use1-az1': 30, 'r6i.4xlarge_use1-az2': 20, 'r6i.4xlarge_use1-az4': 20, 'r6i.4xlarge_use1-az5': 10, 'r6i.4xlarge_use1-az6': 40, 'r6i.8xlarge_use1-az1': 5, 'r6i.8xlarge_use1-az2': 10, 'r6i.8xlarge_use1-az4': 10, 'r6i.8xlarge_use1-az5': 5, 'r6i.8xlarge_use1-az6': 10, 'r6i.large_use1-az1': 20, 'r6i.large_use1-az2': 50, 'r6i.large_use1-az4': 50, 'r6i.large_use1-az5': 20, 'r6i.large_use1-az6': 50, 'r6i.xlarge_use1-az1': 15, 'r6i.xlarge_use1-az2': 45, 'r6i.xlarge_use1-az4': 50, 'r6i.xlarge_use1-az5': 10, 'r6i.xlarge_use1-az6': 50, 'r6id.12xlarge_use1-az1': 1, 'r6id.12xlarge_use1-az2': 5, 'r6id.12xlarge_use1-az4': 1, 'r6id.12xlarge_use1-az6': 5, 'r6id.16xlarge_use1-az1': 5, 'r6id.16xlarge_use1-az2': 5, 'r6id.16xlarge_use1-az4': 15, 'r6id.16xlarge_use1-az5': 1, 'r6id.16xlarge_use1-az6': 20, 'r6id.24xlarge_use1-az1': 10, 'r6id.24xlarge_use1-az2': 10, 'r6id.24xlarge_use1-az4': 5, 'r6id.24xlarge_use1-az5': 15, 'r6id.24xlarge_use1-az6': 25, 'r6id.2xlarge_use1-az1': 5, 'r6id.2xlarge_use1-az2': 1, 'r6id.2xlarge_use1-az4': 10, 'r6id.2xlarge_use1-az5': 1, 'r6id.2xlarge_use1-az6': 10, 'r6id.32xlarge_use1-az1': 1, 'r6id.32xlarge_use1-az2': 5, 'r6id.32xlarge_use1-az4': 1, 'r6id.32xlarge_use1-az5': 1, 'r6id.32xlarge_use1-az6': 10, 'r6id.4xlarge_use1-az1': 40, 'r6id.4xlarge_use1-az2': 50, 'r6id.4xlarge_use1-az4': 10, 'r6id.4xlarge_use1-az5': 20, 'r6id.4xlarge_use1-az6': 35, 'r6id.8xlarge_use1-az1': 1, 'r6id.8xlarge_use1-az2': 1, 'r6id.8xlarge_use1-az4': 5, 'r6id.8xlarge_use1-az5': 1, 'r6id.8xlarge_use1-az6': 5, 'r6id.large_use1-az1': 15, 'r6id.large_use1-az2': 10, 'r6id.large_use1-az4': 5, 'r6id.large_use1-az5': 15, 'r6id.large_use1-az6': 30, 'r6id.xlarge_use1-az1': 5, 'r6id.xlarge_use1-az2': 15, 'r6id.xlarge_use1-az4': 10, 'r6id.xlarge_use1-az5': 15, 'r6id.xlarge_use1-az6': 15, 'r6idn.16xlarge_use1-az4': 1, 'r6idn.16xlarge_use1-az5': 1, 'r6idn.16xlarge_use1-az6': 1, 'r6idn.24xlarge_use1-az6': 1, 'r6idn.2xlarge_use1-az1': 1, 'r6idn.2xlarge_use1-az2': 1, 'r6idn.2xlarge_use1-az4': 5, 'r6idn.2xlarge_use1-az5': 1, 'r6idn.2xlarge_use1-az6': 5, 'r6idn.32xlarge_use1-az6': 1, 'r6idn.4xlarge_use1-az1': 15, 'r6idn.4xlarge_use1-az2': 15, 'r6idn.4xlarge_use1-az4': 15, 'r6idn.4xlarge_use1-az5': 5, 'r6idn.4xlarge_use1-az6': 10, 'r6idn.8xlarge_use1-az2': 1, 'r6idn.8xlarge_use1-az4': 1, 'r6idn.8xlarge_use1-az6': 5, 'r6idn.large_use1-az1': 1, 'r6idn.large_use1-az2': 1, 'r6idn.large_use1-az4': 5, 'r6idn.large_use1-az5': 5, 'r6idn.large_use1-az6': 5, 'r6idn.xlarge_use1-az1': 5, 'r6idn.xlarge_use1-az2': 1, 'r6idn.xlarge_use1-az4': 5, 'r6idn.xlarge_use1-az5': 1, 'r6idn.xlarge_use1-az6': 5, 'r6in.12xlarge_use1-az1': 1, 'r6in.12xlarge_use1-az6': 5, 'r6in.16xlarge_use1-az4': 1, 'r6in.16xlarge_use1-az5': 1, 'r6in.16xlarge_use1-az6': 5, 'r6in.24xlarge_use1-az6': 1, 'r6in.2xlarge_use1-az1': 1, 'r6in.2xlarge_use1-az2': 1, 'r6in.2xlarge_use1-az4': 1, 'r6in.2xlarge_use1-az5': 1, 'r6in.2xlarge_use1-az6': 1, 'r6in.4xlarge_use1-az1': 5, 'r6in.4xlarge_use1-az2': 20, 'r6in.4xlarge_use1-az4': 15, 'r6in.4xlarge_use1-az5': 20, 'r6in.4xlarge_use1-az6': 20, 'r6in.8xlarge_use1-az1': 5, 'r6in.8xlarge_use1-az4': 1, 'r6in.8xlarge_use1-az6': 5, 'r6in.large_use1-az1': 45, 'r6in.large_use1-az2': 50, 'r6in.large_use1-az4': 50, 'r6in.large_use1-az5': 40, 'r6in.large_use1-az6': 50, 'r6in.xlarge_use1-az1': 1, 'r6in.xlarge_use1-az2': 1, 'r6in.xlarge_use1-az4': 1, 'r6in.xlarge_use1-az5': 1, 'r6in.xlarge_use1-az6': 1, 'r7a.12xlarge_use1-az1': 1, 'r7a.12xlarge_use1-az2': 1, 'r7a.12xlarge_use1-az4': 5, 'r7a.12xlarge_use1-az6': 20, 'r7a.16xlarge_use1-az1': 1, 'r7a.16xlarge_use1-az2': 15, 'r7a.16xlarge_use1-az4': 30, 'r7a.16xlarge_use1-az6': 50, 'r7a.24xlarge_use1-az2': 10, 'r7a.24xlarge_use1-az4': 10, 'r7a.24xlarge_use1-az6': 35, 'r7a.2xlarge_use1-az1': 1, 'r7a.2xlarge_use1-az2': 5, 'r7a.2xlarge_use1-az4': 25, 'r7a.2xlarge_use1-az6': 1, 'r7a.32xlarge_use1-az2': 1, 'r7a.32xlarge_use1-az4': 1, 'r7a.32xlarge_use1-az6': 50, 'r7a.48xlarge_use1-az2': 5, 'r7a.48xlarge_use1-az4': 5, 'r7a.48xlarge_use1-az6': 50, 'r7a.4xlarge_use1-az1': 5, 'r7a.4xlarge_use1-az2': 25, 'r7a.4xlarge_use1-az4': 50, 'r7a.4xlarge_use1-az6': 50, 'r7a.8xlarge_use1-az1': 5, 'r7a.8xlarge_use1-az2': 20, 'r7a.8xlarge_use1-az4': 50, 'r7a.8xlarge_use1-az6': 50, 'r7a.large_use1-az1': 50, 'r7a.large_use1-az2': 50, 'r7a.large_use1-az4': 50, 'r7a.large_use1-az6': 50, 'r7a.medium_use1-az1': 10, 'r7a.medium_use1-az2': 25, 'r7a.medium_use1-az4': 50, 'r7a.medium_use1-az6': 50, 'r7a.xlarge_use1-az1': 20, 'r7a.xlarge_use1-az2': 50, 'r7a.xlarge_use1-az4': 50, 'r7a.xlarge_use1-az6': 25, 'r7g.12xlarge_use1-az1': 1, 'r7g.12xlarge_use1-az2': 5, 'r7g.12xlarge_use1-az4': 50, 'r7g.12xlarge_use1-az5': 1, 'r7g.12xlarge_use1-az6': 5, 'r7g.16xlarge_use1-az1': 5, 'r7g.16xlarge_use1-az2': 30, 'r7g.16xlarge_use1-az4': 50, 'r7g.16xlarge_use1-az5': 5, 'r7g.16xlarge_use1-az6': 50, 'r7g.2xlarge_use1-az1': 5, 'r7g.2xlarge_use1-az2': 10, 'r7g.2xlarge_use1-az4': 50, 'r7g.2xlarge_use1-az5': 5, 'r7g.2xlarge_use1-az6': 15, 'r7g.4xlarge_use1-az1': 5, 'r7g.4xlarge_use1-az2': 5, 'r7g.4xlarge_use1-az4': 50, 'r7g.4xlarge_use1-az5': 5, 'r7g.4xlarge_use1-az6': 15, 'r7g.8xlarge_use1-az1': 1, 'r7g.8xlarge_use1-az2': 50, 'r7g.8xlarge_use1-az4': 50, 'r7g.8xlarge_use1-az5': 50, 'r7g.8xlarge_use1-az6': 50, 'r7g.large_use1-az1': 20, 'r7g.large_use1-az2': 50, 'r7g.large_use1-az4': 50, 'r7g.large_use1-az5': 40, 'r7g.large_use1-az6': 40, 'r7g.medium_use1-az1': 50, 'r7g.medium_use1-az2': 50, 'r7g.medium_use1-az4': 50, 'r7g.medium_use1-az5': 25, 'r7g.medium_use1-az6': 50, 'r7g.xlarge_use1-az1': 50, 'r7g.xlarge_use1-az2': 50, 'r7g.xlarge_use1-az4': 50, 'r7g.xlarge_use1-az5': 10, 'r7g.xlarge_use1-az6': 50, 'r7gd.12xlarge_use1-az1': 1, 'r7gd.12xlarge_use1-az2': 10, 'r7gd.12xlarge_use1-az4': 35, 'r7gd.12xlarge_use1-az5': 10, 'r7gd.12xlarge_use1-az6': 50, 'r7gd.16xlarge_use1-az1': 5, 'r7gd.16xlarge_use1-az2': 50, 'r7gd.16xlarge_use1-az4': 50, 'r7gd.16xlarge_use1-az5': 50, 'r7gd.16xlarge_use1-az6': 50, 'r7gd.2xlarge_use1-az1': 5, 'r7gd.2xlarge_use1-az2': 25, 'r7gd.2xlarge_use1-az4': 25, 'r7gd.2xlarge_use1-az5': 40, 'r7gd.2xlarge_use1-az6': 50, 'r7gd.4xlarge_use1-az1': 1, 'r7gd.4xlarge_use1-az2': 20, 'r7gd.4xlarge_use1-az4': 25, 'r7gd.4xlarge_use1-az5': 30, 'r7gd.4xlarge_use1-az6': 50, 'r7gd.8xlarge_use1-az1': 1, 'r7gd.8xlarge_use1-az2': 10, 'r7gd.8xlarge_use1-az4': 30, 'r7gd.8xlarge_use1-az5': 20, 'r7gd.8xlarge_use1-az6': 50, 'r7gd.large_use1-az1': 15, 'r7gd.large_use1-az2': 10, 'r7gd.large_use1-az4': 50, 'r7gd.large_use1-az5': 15, 'r7gd.large_use1-az6': 35, 'r7gd.medium_use1-az1': 35, 'r7gd.medium_use1-az2': 15, 'r7gd.medium_use1-az4': 25, 'r7gd.medium_use1-az5': 15, 'r7gd.medium_use1-az6': 20, 'r7gd.xlarge_use1-az1': 1, 'r7gd.xlarge_use1-az2': 10, 'r7gd.xlarge_use1-az4': 25, 'r7gd.xlarge_use1-az5': 10, 'r7gd.xlarge_use1-az6': 50, 'r7i.12xlarge_use1-az4': 1, 'r7i.12xlarge_use1-az6': 10, 'r7i.16xlarge_use1-az1': 5, 'r7i.16xlarge_use1-az2': 15, 'r7i.16xlarge_use1-az4': 45, 'r7i.16xlarge_use1-az5': 5, 'r7i.16xlarge_use1-az6': 50, 'r7i.24xlarge_use1-az1': 1, 'r7i.24xlarge_use1-az2': 1, 'r7i.24xlarge_use1-az4': 5, 'r7i.24xlarge_use1-az5': 5, 'r7i.24xlarge_use1-az6': 5, 'r7i.2xlarge_use1-az1': 5, 'r7i.2xlarge_use1-az2': 5, 'r7i.2xlarge_use1-az4': 10, 'r7i.2xlarge_use1-az5': 5, 'r7i.2xlarge_use1-az6': 50, 'r7i.48xlarge_use1-az2': 1, 'r7i.48xlarge_use1-az4': 5, 'r7i.48xlarge_use1-az5': 1, 'r7i.48xlarge_use1-az6': 5, 'r7i.4xlarge_use1-az1': 5, 'r7i.4xlarge_use1-az2': 20, 'r7i.4xlarge_use1-az4': 10, 'r7i.4xlarge_use1-az5': 1, 'r7i.4xlarge_use1-az6': 50, 'r7i.8xlarge_use1-az1': 5, 'r7i.8xlarge_use1-az2': 25, 'r7i.8xlarge_use1-az4': 25, 'r7i.8xlarge_use1-az5': 5, 'r7i.8xlarge_use1-az6': 50, 'r7i.large_use1-az1': 15, 'r7i.large_use1-az2': 50, 'r7i.large_use1-az4': 50, 'r7i.large_use1-az5': 15, 'r7i.large_use1-az6': 50, 'r7i.xlarge_use1-az1': 5, 'r7i.xlarge_use1-az2': 15, 'r7i.xlarge_use1-az4': 10, 'r7i.xlarge_use1-az5': 15, 'r7i.xlarge_use1-az6': 50, 'r8g.12xlarge_use1-az2': 5, 'r8g.12xlarge_use1-az4': 5, 'r8g.12xlarge_use1-az6': 15, 'r8g.16xlarge_use1-az1': 1, 'r8g.16xlarge_use1-az2': 50, 'r8g.16xlarge_use1-az4': 50, 'r8g.16xlarge_use1-az5': 5, 'r8g.16xlarge_use1-az6': 50, 'r8g.24xlarge_use1-az2': 10, 'r8g.24xlarge_use1-az4': 5, 'r8g.24xlarge_use1-az5': 5, 'r8g.24xlarge_use1-az6': 35, 'r8g.2xlarge_use1-az2': 5, 'r8g.2xlarge_use1-az4': 5, 'r8g.2xlarge_use1-az5': 1, 'r8g.2xlarge_use1-az6': 5, 'r8g.48xlarge_use1-az2': 1, 'r8g.48xlarge_use1-az4': 5, 'r8g.48xlarge_use1-az6': 5, 'r8g.4xlarge_use1-az2': 10, 'r8g.4xlarge_use1-az4': 35, 'r8g.4xlarge_use1-az5': 5, 'r8g.4xlarge_use1-az6': 50, 'r8g.8xlarge_use1-az2': 40, 'r8g.8xlarge_use1-az4': 15, 'r8g.8xlarge_use1-az5': 1, 'r8g.8xlarge_use1-az6': 50, 'r8g.large_use1-az1': 5, 'r8g.large_use1-az2': 30, 'r8g.large_use1-az4': 15, 'r8g.large_use1-az5': 10, 'r8g.large_use1-az6': 20, 'r8g.medium_use1-az1': 15, 'r8g.medium_use1-az2': 30, 'r8g.medium_use1-az4': 20, 'r8g.medium_use1-az5': 5, 'r8g.medium_use1-az6': 15, 'r8g.xlarge_use1-az1': 1, 'r8g.xlarge_use1-az2': 10, 'r8g.xlarge_use1-az4': 5, 'r8g.xlarge_use1-az5': 5, 'r8g.xlarge_use1-az6': 10, 'r8gb.24xlarge_use1-az6': 1, 'r8gb.2xlarge_use1-az2': 1, 'r8gb.2xlarge_use1-az4': 1, 'r8gb.2xlarge_use1-az6': 1, 'r8gb.large_use1-az2': 20, 'r8gb.large_use1-az4': 15, 'r8gb.large_use1-az6': 25, 'r8gb.medium_use1-az2': 50, 'r8gb.metal-24xl_use1-az6': 1, 'r8gb.xlarge_use1-az2': 5, 'r8gb.xlarge_use1-az4': 5, 'r8gb.xlarge_use1-az6': 5, 'r8gd.12xlarge_use1-az5': 1, 'r8gd.12xlarge_use1-az6': 1, 'r8gd.16xlarge_use1-az2': 1, 'r8gd.16xlarge_use1-az4': 1, 'r8gd.16xlarge_use1-az5': 1, 'r8gd.16xlarge_use1-az6': 15, 'r8gd.24xlarge_use1-az2': 1, 'r8gd.24xlarge_use1-az5': 1, 'r8gd.24xlarge_use1-az6': 25, 'r8gd.2xlarge_use1-az2': 25, 'r8gd.2xlarge_use1-az4': 30, 'r8gd.2xlarge_use1-az6': 50, 'r8gd.48xlarge_use1-az6': 50, 'r8gd.4xlarge_use1-az1': 1, 'r8gd.4xlarge_use1-az2': 20, 'r8gd.4xlarge_use1-az5': 1, 'r8gd.4xlarge_use1-az6': 15, 'r8gd.8xlarge_use1-az2': 5, 'r8gd.8xlarge_use1-az4': 1, 'r8gd.8xlarge_use1-az5': 1, 'r8gd.8xlarge_use1-az6': 1, 'r8gd.large_use1-az2': 50, 'r8gd.large_use1-az5': 1, 'r8gd.large_use1-az6': 50, 'r8gd.medium_use1-az1': 5, 'r8gd.medium_use1-az2': 5, 'r8gd.medium_use1-az4': 5, 'r8gd.medium_use1-az5': 10, 'r8gd.metal-24xl_use1-az6': 1, 'r8gd.metal-48xl_use1-az6': 1, 'r8gd.xlarge_use1-az2': 25, 'r8gd.xlarge_use1-az4': 1, 'r8gd.xlarge_use1-az5': 50, 'r8gd.xlarge_use1-az6': 40, 'r8gn.16xlarge_use1-az6': 1, 'r8gn.24xlarge_use1-az2': 1, 'r8gn.2xlarge_use1-az2': 1, 'r8gn.2xlarge_use1-az4': 1, 'r8gn.2xlarge_use1-az6': 1, 'r8gn.48xlarge_use1-az6': 1, 'r8gn.4xlarge_use1-az6': 5, 'r8gn.8xlarge_use1-az2': 1, 'r8gn.8xlarge_use1-az6': 5, 'r8gn.large_use1-az2': 20, 'r8gn.large_use1-az4': 15, 'r8gn.large_use1-az6': 20, 'r8gn.medium_use1-az2': 35, 'r8gn.medium_use1-az4': 40, 'r8gn.metal-24xl_use1-az2': 1, 'r8gn.metal-24xl_use1-az6': 1, 'r8gn.xlarge_use1-az2': 1, 'r8gn.xlarge_use1-az4': 5, 'r8gn.xlarge_use1-az6': 10, 'r8i-flex.2xlarge_use1-az2': 1, 'r8i-flex.2xlarge_use1-az6': 5, 'r8i-flex.4xlarge_use1-az2': 1, 'r8i-flex.4xlarge_use1-az6': 1, 'r8i-flex.large_use1-az2': 1, 'r8i-flex.large_use1-az6': 5, 'r8i-flex.xlarge_use1-az2': 5, 'r8i-flex.xlarge_use1-az6': 1, 'r8i.12xlarge_use1-az2': 1, 'r8i.12xlarge_use1-az6': 1, 'r8i.16xlarge_use1-az2': 1, 'r8i.16xlarge_use1-az6': 1, 'r8i.24xlarge_use1-az6': 1, 'r8i.2xlarge_use1-az2': 5, 'r8i.2xlarge_use1-az6': 5, 'r8i.32xlarge_use1-az2': 1, 'r8i.32xlarge_use1-az6': 1, 'r8i.48xlarge_use1-az2': 1, 'r8i.48xlarge_use1-az6': 1, 'r8i.4xlarge_use1-az2': 1, 'r8i.4xlarge_use1-az6': 5, 'r8i.8xlarge_use1-az2': 1, 'r8i.8xlarge_use1-az6': 5, 'r8i.96xlarge_use1-az2': 1, 'r8i.96xlarge_use1-az6': 1, 'r8i.large_use1-az2': 20, 'r8i.large_use1-az6': 20, 'r8i.xlarge_use1-az2': 5, 'r8i.xlarge_use1-az6': 5, 't2.2xlarge_use1-az1': 50, 't2.2xlarge_use1-az2': 50, 't2.2xlarge_use1-az3': 15, 't2.2xlarge_use1-az4': 50, 't2.2xlarge_use1-az5': 50, 't2.2xlarge_use1-az6': 50, 't2.large_use1-az1': 20, 't2.large_use1-az2': 50, 't2.large_use1-az3': 50, 't2.large_use1-az4': 50, 't2.large_use1-az5': 25, 't2.large_use1-az6': 50, 't2.medium_use1-az1': 50, 't2.medium_use1-az2': 50, 't2.medium_use1-az3': 50, 't2.medium_use1-az4': 50, 't2.medium_use1-az5': 50, 't2.medium_use1-az6': 50, 't2.xlarge_use1-az1': 35, 't2.xlarge_use1-az2': 50, 't2.xlarge_use1-az3': 20, 't2.xlarge_use1-az4': 50, 't2.xlarge_use1-az5': 5, 't2.xlarge_use1-az6': 50, 't3.2xlarge_use1-az1': 50, 't3.2xlarge_use1-az2': 50, 't3.2xlarge_use1-az4': 50, 't3.2xlarge_use1-az5': 50, 't3.2xlarge_use1-az6': 50, 't3.large_use1-az1': 50, 't3.large_use1-az2': 50, 't3.large_use1-az4': 50, 't3.large_use1-az5': 50, 't3.large_use1-az6': 50, 't3.medium_use1-az1': 50, 't3.medium_use1-az2': 50, 't3.medium_use1-az4': 50, 't3.medium_use1-az5': 50, 't3.medium_use1-az6': 50, 't3.xlarge_use1-az1': 50, 't3.xlarge_use1-az2': 50, 't3.xlarge_use1-az4': 50, 't3.xlarge_use1-az5': 50, 't3.xlarge_use1-az6': 50, 't3a.2xlarge_use1-az1': 50, 't3a.2xlarge_use1-az2': 50, 't3a.2xlarge_use1-az4': 50, 't3a.2xlarge_use1-az5': 50, 't3a.2xlarge_use1-az6': 50, 't3a.large_use1-az1': 50, 't3a.large_use1-az2': 50, 't3a.large_use1-az4': 50, 't3a.large_use1-az5': 5, 't3a.large_use1-az6': 50, 't3a.medium_use1-az1': 50, 't3a.medium_use1-az2': 50, 't3a.medium_use1-az4': 50, 't3a.medium_use1-az5': 5, 't3a.medium_use1-az6': 50, 't3a.xlarge_use1-az1': 25, 't3a.xlarge_use1-az2': 50, 't3a.xlarge_use1-az4': 50, 't3a.xlarge_use1-az5': 15, 't3a.xlarge_use1-az6': 50, 't4g.2xlarge_use1-az1': 5, 't4g.2xlarge_use1-az2': 15, 't4g.2xlarge_use1-az4': 5, 't4g.2xlarge_use1-az5': 10, 't4g.2xlarge_use1-az6': 10, 't4g.large_use1-az1': 1, 't4g.large_use1-az2': 15, 't4g.large_use1-az4': 50, 't4g.large_use1-az5': 25, 't4g.large_use1-az6': 35, 't4g.medium_use1-az1': 1, 't4g.medium_use1-az2': 50, 't4g.medium_use1-az4': 50, 't4g.medium_use1-az5': 35, 't4g.medium_use1-az6': 50, 't4g.xlarge_use1-az1': 30, 't4g.xlarge_use1-az2': 15, 't4g.xlarge_use1-az4': 50, 't4g.xlarge_use1-az5': 5, 't4g.xlarge_use1-az6': 10, 'trn1.2xlarge_use1-az5': 5, 'trn1.2xlarge_use1-az6': 20, 'trn1.32xlarge_use1-az6': 50, 'trn1n.32xlarge_use1-az6': 50, 'vt1.3xlarge_use1-az2': 1, 'vt1.6xlarge_use1-az2': 1, 'x1.16xlarge_use1-az2': 1, 'x1.16xlarge_use1-az4': 1, 'x1.16xlarge_use1-az6': 1, 'x1.32xlarge_use1-az2': 1, 'x1.32xlarge_use1-az3': 5, 'x1.32xlarge_use1-az6': 1, 'x1e.16xlarge_use1-az2': 1, 'x1e.16xlarge_use1-az4': 1, 'x1e.16xlarge_use1-az6': 5, 'x1e.2xlarge_use1-az1': 1, 'x1e.2xlarge_use1-az2': 5, 'x1e.2xlarge_use1-az4': 10, 'x1e.2xlarge_use1-az6': 1, 'x1e.4xlarge_use1-az2': 5, 'x1e.4xlarge_use1-az4': 5, 'x1e.4xlarge_use1-az6': 1, 'x1e.8xlarge_use1-az1': 1, 'x1e.8xlarge_use1-az2': 1, 'x1e.8xlarge_use1-az4': 5, 'x1e.8xlarge_use1-az6': 5, 'x1e.xlarge_use1-az1': 10, 'x1e.xlarge_use1-az2': 20, 'x1e.xlarge_use1-az4': 15, 'x1e.xlarge_use1-az6': 5, 'x2gd.12xlarge_use1-az5': 5, 'x2gd.12xlarge_use1-az6': 1, 'x2gd.16xlarge_use1-az5': 1, 'x2gd.16xlarge_use1-az6': 15, 'x2gd.2xlarge_use1-az1': 5, 'x2gd.2xlarge_use1-az4': 1, 'x2gd.2xlarge_use1-az5': 5, 'x2gd.2xlarge_use1-az6': 30, 'x2gd.4xlarge_use1-az1': 1, 'x2gd.4xlarge_use1-az2': 1, 'x2gd.4xlarge_use1-az4': 5, 'x2gd.4xlarge_use1-az5': 1, 'x2gd.4xlarge_use1-az6': 35, 'x2gd.8xlarge_use1-az4': 1, 'x2gd.8xlarge_use1-az5': 1, 'x2gd.8xlarge_use1-az6': 5, 'x2gd.large_use1-az1': 35, 'x2gd.large_use1-az2': 25, 'x2gd.large_use1-az4': 15, 'x2gd.large_use1-az5': 25, 'x2gd.large_use1-az6': 50, 'x2gd.medium_use1-az1': 25, 'x2gd.medium_use1-az2': 35, 'x2gd.medium_use1-az4': 50, 'x2gd.medium_use1-az5': 50, 'x2gd.medium_use1-az6': 50, 'x2gd.xlarge_use1-az1': 5, 'x2gd.xlarge_use1-az2': 1, 'x2gd.xlarge_use1-az4': 20, 'x2gd.xlarge_use1-az5': 15, 'x2gd.xlarge_use1-az6': 25, 'x2idn.16xlarge_use1-az2': 1, 'x2idn.16xlarge_use1-az5': 1, 'x2idn.24xlarge_use1-az4': 1, 'x2idn.24xlarge_use1-az5': 1, 'x2idn.32xlarge_use1-az5': 1, 'x2iedn.24xlarge_use1-az4': 1, 'x2iedn.24xlarge_use1-az6': 1, 'x2iedn.2xlarge_use1-az1': 1, 'x2iedn.2xlarge_use1-az2': 25, 'x2iedn.2xlarge_use1-az4': 15, 'x2iedn.2xlarge_use1-az5': 1, 'x2iedn.2xlarge_use1-az6': 5, 'x2iedn.4xlarge_use1-az1': 1, 'x2iedn.4xlarge_use1-az2': 1, 'x2iedn.4xlarge_use1-az4': 1, 'x2iedn.4xlarge_use1-az5': 1, 'x2iedn.4xlarge_use1-az6': 1, 'x2iedn.8xlarge_use1-az4': 1, 'x2iedn.8xlarge_use1-az6': 1, 'x2iedn.xlarge_use1-az1': 5, 'x2iedn.xlarge_use1-az2': 20, 'x2iedn.xlarge_use1-az4': 10, 'x2iedn.xlarge_use1-az5': 1, 'x2iedn.xlarge_use1-az6': 10, 'x2iezn.12xlarge_use1-az2': 1, 'x2iezn.12xlarge_use1-az4': 20, 'x2iezn.12xlarge_use1-az6': 5, 'x2iezn.2xlarge_use1-az2': 5, 'x2iezn.2xlarge_use1-az4': 10, 'x2iezn.2xlarge_use1-az6': 1, 'x2iezn.4xlarge_use1-az2': 1, 'x2iezn.4xlarge_use1-az4': 5, 'x2iezn.4xlarge_use1-az6': 1, 'x2iezn.6xlarge_use1-az2': 1, 'x2iezn.6xlarge_use1-az4': 5, 'x2iezn.6xlarge_use1-az6': 1, 'x2iezn.8xlarge_use1-az2': 1, 'x2iezn.8xlarge_use1-az4': 10, 'x2iezn.8xlarge_use1-az6': 1, 'x8g.12xlarge_use1-az2': 1, 'x8g.12xlarge_use1-az4': 20, 'x8g.12xlarge_use1-az6': 1, 'x8g.16xlarge_use1-az1': 1, 'x8g.16xlarge_use1-az2': 5, 'x8g.16xlarge_use1-az4': 5, 'x8g.16xlarge_use1-az6': 5, 'x8g.24xlarge_use1-az1': 1, 'x8g.24xlarge_use1-az2': 5, 'x8g.24xlarge_use1-az4': 5, 'x8g.24xlarge_use1-az6': 10, 'x8g.2xlarge_use1-az1': 5, 'x8g.2xlarge_use1-az2': 10, 'x8g.2xlarge_use1-az4': 10, 'x8g.2xlarge_use1-az6': 25, 'x8g.48xlarge_use1-az1': 1, 'x8g.48xlarge_use1-az2': 1, 'x8g.48xlarge_use1-az4': 10, 'x8g.48xlarge_use1-az6': 1, 'x8g.4xlarge_use1-az1': 1, 'x8g.4xlarge_use1-az2': 5, 'x8g.4xlarge_use1-az4': 5, 'x8g.4xlarge_use1-az6': 10, 'x8g.8xlarge_use1-az2': 15, 'x8g.8xlarge_use1-az4': 20, 'x8g.8xlarge_use1-az6': 5, 'x8g.large_use1-az1': 30, 'x8g.large_use1-az4': 50, 'x8g.large_use1-az6': 50, 'x8g.medium_use1-az1': 50, 'x8g.medium_use1-az4': 50, 'x8g.medium_use1-az6': 50, 'x8g.metal-24xl_use1-az1': 1, 'x8g.metal-24xl_use1-az2': 1, 'x8g.metal-24xl_use1-az4': 1, 'x8g.metal-24xl_use1-az6': 10, 'x8g.metal-48xl_use1-az2': 1, 'x8g.metal-48xl_use1-az4': 1, 'x8g.metal-48xl_use1-az6': 1, 'x8g.xlarge_use1-az1': 10, 'x8g.xlarge_use1-az2': 20, 'x8g.xlarge_use1-az4': 40, 'x8g.xlarge_use1-az6': 50, 'z1d.12xlarge_use1-az1': 1, 'z1d.12xlarge_use1-az2': 1, 'z1d.12xlarge_use1-az4': 1, 'z1d.12xlarge_use1-az5': 1, 'z1d.12xlarge_use1-az6': 5, 'z1d.2xlarge_use1-az1': 5, 'z1d.2xlarge_use1-az2': 5, 'z1d.2xlarge_use1-az4': 15, 'z1d.2xlarge_use1-az5': 1, 'z1d.2xlarge_use1-az6': 15, 'z1d.3xlarge_use1-az1': 5, 'z1d.3xlarge_use1-az2': 5, 'z1d.3xlarge_use1-az4': 10, 'z1d.3xlarge_use1-az5': 5, 'z1d.3xlarge_use1-az6': 5, 'z1d.6xlarge_use1-az1': 1, 'z1d.6xlarge_use1-az2': 1, 'z1d.6xlarge_use1-az4': 1, 'z1d.6xlarge_use1-az6': 1, 'z1d.large_use1-az1': 15, 'z1d.large_use1-az2': 5, 'z1d.large_use1-az4': 25, 'z1d.large_use1-az5': 10, 'z1d.large_use1-az6': 25, 'z1d.xlarge_use1-az1': 10, 'z1d.xlarge_use1-az2': 20, 'z1d.xlarge_use1-az4': 30, 'z1d.xlarge_use1-az5': 1, 'z1d.xlarge_use1-az6': 20}"
0.8300000000000001,27510.262499999953,29736810076,1080935.162879074,1145181,1145081,"{'c3.2xlarge_use1-az2': 5, 'c3.2xlarge_use1-az4': 50, 'c3.2xlarge_use1-az6': 15, 'c3.4xlarge_use1-az2': 5, 'c3.4xlarge_use1-az4': 5, 'c3.4xlarge_use1-az6': 5, 'c3.8xlarge_use1-az2': 5, 'c3.8xlarge_use1-az4': 5, 'c3.8xlarge_use1-az6': 1, 'c3.xlarge_use1-az2': 35, 'c3.xlarge_use1-az3': 1, 'c3.xlarge_use1-az4': 50, 'c4.2xlarge_use1-az1': 5, 'c4.2xlarge_use1-az2': 5, 'c4.2xlarge_use1-az3': 25, 'c4.2xlarge_use1-az4': 15, 'c4.2xlarge_use1-az5': 15, 'c4.2xlarge_use1-az6': 10, 'c4.4xlarge_use1-az1': 5, 'c4.4xlarge_use1-az2': 5, 'c4.4xlarge_use1-az3': 10, 'c4.4xlarge_use1-az4': 5, 'c4.4xlarge_use1-az5': 5, 'c4.4xlarge_use1-az6': 1, 'c4.8xlarge_use1-az1': 1, 'c4.8xlarge_use1-az2': 5, 'c4.8xlarge_use1-az3': 5, 'c4.8xlarge_use1-az4': 15, 'c4.8xlarge_use1-az5': 5, 'c4.8xlarge_use1-az6': 5, 'c4.xlarge_use1-az1': 25, 'c4.xlarge_use1-az2': 40, 'c4.xlarge_use1-az3': 20, 'c4.xlarge_use1-az4': 40, 'c4.xlarge_use1-az5': 50, 'c4.xlarge_use1-az6': 50, 'c5.12xlarge_use1-az1': 50, 'c5.12xlarge_use1-az2': 50, 'c5.12xlarge_use1-az4': 50, 'c5.12xlarge_use1-az5': 50, 'c5.12xlarge_use1-az6': 50, 'c5.18xlarge_use1-az1': 5, 'c5.18xlarge_use1-az2': 50, 'c5.18xlarge_use1-az4': 15, 'c5.18xlarge_use1-az5': 10, 'c5.18xlarge_use1-az6': 1, 'c5.24xlarge_use1-az1': 1, 'c5.24xlarge_use1-az2': 5, 'c5.24xlarge_use1-az4': 5, 'c5.24xlarge_use1-az5': 1, 'c5.24xlarge_use1-az6': 5, 'c5.2xlarge_use1-az1': 50, 'c5.2xlarge_use1-az2': 50, 'c5.2xlarge_use1-az4': 50, 'c5.2xlarge_use1-az5': 50, 'c5.2xlarge_use1-az6': 50, 'c5.4xlarge_use1-az1': 50, 'c5.4xlarge_use1-az2': 50, 'c5.4xlarge_use1-az4': 50, 'c5.4xlarge_use1-az5': 50, 'c5.4xlarge_use1-az6': 50, 'c5.9xlarge_use1-az1': 50, 'c5.9xlarge_use1-az2': 50, 'c5.9xlarge_use1-az4': 50, 'c5.9xlarge_use1-az5': 50, 'c5.9xlarge_use1-az6': 50, 'c5.large_use1-az1': 50, 'c5.large_use1-az2': 50, 'c5.large_use1-az4': 50, 'c5.large_use1-az5': 50, 'c5.large_use1-az6': 50, 'c5.xlarge_use1-az1': 50, 'c5.xlarge_use1-az2': 50, 'c5.xlarge_use1-az4': 50, 'c5.xlarge_use1-az5': 50, 'c5.xlarge_use1-az6': 50, 'c5a.12xlarge_use1-az1': 5, 'c5a.12xlarge_use1-az2': 10, 'c5a.12xlarge_use1-az4': 15, 'c5a.12xlarge_use1-az5': 1, 'c5a.12xlarge_use1-az6': 5, 'c5a.16xlarge_use1-az4': 1, 'c5a.16xlarge_use1-az6': 1, 'c5a.24xlarge_use1-az2': 1, 'c5a.24xlarge_use1-az4': 1, 'c5a.24xlarge_use1-az6': 1, 'c5a.2xlarge_use1-az1': 30, 'c5a.2xlarge_use1-az2': 20, 'c5a.2xlarge_use1-az4': 50, 'c5a.2xlarge_use1-az5': 15, 'c5a.2xlarge_use1-az6': 50, 'c5a.4xlarge_use1-az1': 5, 'c5a.4xlarge_use1-az2': 1, 'c5a.4xlarge_use1-az4': 5, 'c5a.4xlarge_use1-az5': 5, 'c5a.4xlarge_use1-az6': 5, 'c5a.8xlarge_use1-az1': 1, 'c5a.8xlarge_use1-az2': 1, 'c5a.8xlarge_use1-az4': 5, 'c5a.8xlarge_use1-az6': 15, 'c5a.large_use1-az1': 50, 'c5a.large_use1-az2': 50, 'c5a.large_use1-az4': 50, 'c5a.large_use1-az5': 45, 'c5a.large_use1-az6': 50, 'c5a.xlarge_use1-az1': 50, 'c5a.xlarge_use1-az2': 50, 'c5a.xlarge_use1-az4': 50, 'c5a.xlarge_use1-az5': 50, 'c5a.xlarge_use1-az6': 50, 'c5ad.12xlarge_use1-az1': 5, 'c5ad.12xlarge_use1-az2': 5, 'c5ad.12xlarge_use1-az4': 5, 'c5ad.12xlarge_use1-az6': 5, 'c5ad.16xlarge_use1-az1': 1, 'c5ad.16xlarge_use1-az2': 5, 'c5ad.16xlarge_use1-az4': 1, 'c5ad.16xlarge_use1-az6': 1, 'c5ad.24xlarge_use1-az1': 1, 'c5ad.24xlarge_use1-az2': 1, 'c5ad.24xlarge_use1-az4': 1, 'c5ad.24xlarge_use1-az6': 5, 'c5ad.2xlarge_use1-az1': 10, 'c5ad.2xlarge_use1-az2': 5, 'c5ad.2xlarge_use1-az4': 5, 'c5ad.2xlarge_use1-az5': 5, 'c5ad.2xlarge_use1-az6': 15, 'c5ad.4xlarge_use1-az1': 5, 'c5ad.4xlarge_use1-az2': 5, 'c5ad.4xlarge_use1-az4': 1, 'c5ad.4xlarge_use1-az5': 1, 'c5ad.4xlarge_use1-az6': 10, 'c5ad.8xlarge_use1-az1': 1, 'c5ad.8xlarge_use1-az2': 1, 'c5ad.8xlarge_use1-az4': 1, 'c5ad.8xlarge_use1-az5': 1, 'c5ad.8xlarge_use1-az6': 1, 'c5ad.large_use1-az1': 20, 'c5ad.large_use1-az2': 30, 'c5ad.large_use1-az4': 10, 'c5ad.large_use1-az5': 15, 'c5ad.large_use1-az6': 20, 'c5ad.xlarge_use1-az1': 15, 'c5ad.xlarge_use1-az2': 10, 'c5ad.xlarge_use1-az4': 5, 'c5ad.xlarge_use1-az5': 5, 'c5ad.xlarge_use1-az6': 15, 'c5d.12xlarge_use1-az2': 15, 'c5d.12xlarge_use1-az4': 5, 'c5d.12xlarge_use1-az6': 45, 'c5d.18xlarge_use1-az1': 5, 'c5d.18xlarge_use1-az2': 50, 'c5d.18xlarge_use1-az4': 50, 'c5d.18xlarge_use1-az5': 5, 'c5d.18xlarge_use1-az6': 30, 'c5d.24xlarge_use1-az2': 35, 'c5d.24xlarge_use1-az4': 25, 'c5d.24xlarge_use1-az6': 50, 'c5d.2xlarge_use1-az1': 15, 'c5d.2xlarge_use1-az2': 50, 'c5d.2xlarge_use1-az4': 50, 'c5d.2xlarge_use1-az5': 20, 'c5d.2xlarge_use1-az6': 50, 'c5d.4xlarge_use1-az1': 20, 'c5d.4xlarge_use1-az2': 50, 'c5d.4xlarge_use1-az4': 50, 'c5d.4xlarge_use1-az5': 25, 'c5d.4xlarge_use1-az6': 50, 'c5d.9xlarge_use1-az1': 10, 'c5d.9xlarge_use1-az2': 20, 'c5d.9xlarge_use1-az4': 50, 'c5d.9xlarge_use1-az5': 10, 'c5d.9xlarge_use1-az6': 25, 'c5d.large_use1-az1': 50, 'c5d.large_use1-az2': 50, 'c5d.large_use1-az4': 50, 'c5d.large_use1-az5': 35, 'c5d.large_use1-az6': 50, 'c5d.xlarge_use1-az1': 50, 'c5d.xlarge_use1-az2': 50, 'c5d.xlarge_use1-az4': 50, 'c5d.xlarge_use1-az5': 50, 'c5d.xlarge_use1-az6': 50, 'c5n.18xlarge_use1-az1': 30, 'c5n.18xlarge_use1-az2': 5, 'c5n.18xlarge_use1-az4': 10, 'c5n.2xlarge_use1-az1': 5, 'c5n.2xlarge_use1-az2': 10, 'c5n.2xlarge_use1-az4': 15, 'c5n.2xlarge_use1-az5': 10, 'c5n.2xlarge_use1-az6': 10, 'c5n.4xlarge_use1-az1': 5, 'c5n.4xlarge_use1-az2': 1, 'c5n.4xlarge_use1-az4': 5, 'c5n.4xlarge_use1-az6': 1, 'c5n.9xlarge_use1-az1': 10, 'c5n.9xlarge_use1-az2': 1, 'c5n.9xlarge_use1-az4': 5, 'c5n.large_use1-az1': 10, 'c5n.large_use1-az2': 10, 'c5n.large_use1-az4': 25, 'c5n.large_use1-az5': 5, 'c5n.large_use1-az6': 5, 'c5n.xlarge_use1-az1': 1, 'c5n.xlarge_use1-az2': 1, 'c5n.xlarge_use1-az4': 5, 'c5n.xlarge_use1-az5': 1, 'c5n.xlarge_use1-az6': 1, 'c6a.12xlarge_use1-az1': 5, 'c6a.12xlarge_use1-az2': 50, 'c6a.12xlarge_use1-az4': 50, 'c6a.12xlarge_use1-az5': 1, 'c6a.12xlarge_use1-az6': 15, 'c6a.16xlarge_use1-az1': 1, 'c6a.16xlarge_use1-az2': 5, 'c6a.16xlarge_use1-az4': 10, 'c6a.16xlarge_use1-az5': 1, 'c6a.16xlarge_use1-az6': 15, 'c6a.24xlarge_use1-az1': 1, 'c6a.24xlarge_use1-az2': 5, 'c6a.24xlarge_use1-az4': 5, 'c6a.24xlarge_use1-az5': 5, 'c6a.24xlarge_use1-az6': 20, 'c6a.2xlarge_use1-az1': 10, 'c6a.2xlarge_use1-az2': 40, 'c6a.2xlarge_use1-az4': 50, 'c6a.2xlarge_use1-az5': 10, 'c6a.2xlarge_use1-az6': 50, 'c6a.32xlarge_use1-az2': 1, 'c6a.32xlarge_use1-az4': 1, 'c6a.32xlarge_use1-az5': 1, 'c6a.32xlarge_use1-az6': 5, 'c6a.48xlarge_use1-az2': 1, 'c6a.48xlarge_use1-az4': 10, 'c6a.48xlarge_use1-az5': 5, 'c6a.48xlarge_use1-az6': 25, 'c6a.4xlarge_use1-az1': 15, 'c6a.4xlarge_use1-az2': 15, 'c6a.4xlarge_use1-az4': 30, 'c6a.4xlarge_use1-az5': 15, 'c6a.4xlarge_use1-az6': 50, 'c6a.8xlarge_use1-az1': 5, 'c6a.8xlarge_use1-az2': 50, 'c6a.8xlarge_use1-az4': 30, 'c6a.8xlarge_use1-az5': 25, 'c6a.8xlarge_use1-az6': 50, 'c6a.large_use1-az1': 45, 'c6a.large_use1-az2': 50, 'c6a.large_use1-az4': 50, 'c6a.large_use1-az5': 50, 'c6a.large_use1-az6': 20, 'c6a.xlarge_use1-az1': 15, 'c6a.xlarge_use1-az2': 25, 'c6a.xlarge_use1-az4': 25, 'c6a.xlarge_use1-az5': 15, 'c6a.xlarge_use1-az6': 25, 'c6g.12xlarge_use1-az1': 15, 'c6g.12xlarge_use1-az2': 25, 'c6g.12xlarge_use1-az4': 50, 'c6g.12xlarge_use1-az5': 5, 'c6g.12xlarge_use1-az6': 50, 'c6g.16xlarge_use1-az1': 1, 'c6g.16xlarge_use1-az2': 15, 'c6g.16xlarge_use1-az4': 50, 'c6g.16xlarge_use1-az5': 5, 'c6g.16xlarge_use1-az6': 50, 'c6g.2xlarge_use1-az1': 5, 'c6g.2xlarge_use1-az2': 50, 'c6g.2xlarge_use1-az4': 50, 'c6g.2xlarge_use1-az5': 15, 'c6g.2xlarge_use1-az6': 50, 'c6g.4xlarge_use1-az1': 50, 'c6g.4xlarge_use1-az2': 50, 'c6g.4xlarge_use1-az4': 50, 'c6g.4xlarge_use1-az5': 50, 'c6g.4xlarge_use1-az6': 50, 'c6g.8xlarge_use1-az1': 50, 'c6g.8xlarge_use1-az2': 50, 'c6g.8xlarge_use1-az4': 50, 'c6g.8xlarge_use1-az5': 50, 'c6g.8xlarge_use1-az6': 50, 'c6g.large_use1-az1': 5, 'c6g.large_use1-az2': 50, 'c6g.large_use1-az4': 50, 'c6g.large_use1-az5': 50, 'c6g.large_use1-az6': 50, 'c6g.xlarge_use1-az1': 30, 'c6g.xlarge_use1-az2': 50, 'c6g.xlarge_use1-az4': 50, 'c6g.xlarge_use1-az5': 10, 'c6g.xlarge_use1-az6': 50, 'c6gd.12xlarge_use1-az2': 50, 'c6gd.12xlarge_use1-az4': 30, 'c6gd.12xlarge_use1-az5': 1, 'c6gd.12xlarge_use1-az6': 50, 'c6gd.16xlarge_use1-az2': 50, 'c6gd.16xlarge_use1-az4': 30, 'c6gd.16xlarge_use1-az6': 50, 'c6gd.2xlarge_use1-az1': 15, 'c6gd.2xlarge_use1-az2': 50, 'c6gd.2xlarge_use1-az4': 50, 'c6gd.2xlarge_use1-az5': 1, 'c6gd.2xlarge_use1-az6': 50, 'c6gd.4xlarge_use1-az1': 20, 'c6gd.4xlarge_use1-az2': 50, 'c6gd.4xlarge_use1-az4': 50, 'c6gd.4xlarge_use1-az5': 10, 'c6gd.4xlarge_use1-az6': 50, 'c6gd.8xlarge_use1-az1': 25, 'c6gd.8xlarge_use1-az2': 45, 'c6gd.8xlarge_use1-az4': 45, 'c6gd.8xlarge_use1-az5': 1, 'c6gd.8xlarge_use1-az6': 50, 'c6gd.large_use1-az1': 50, 'c6gd.large_use1-az2': 5, 'c6gd.large_use1-az4': 20, 'c6gd.large_use1-az5': 1, 'c6gd.large_use1-az6': 50, 'c6gd.xlarge_use1-az1': 50, 'c6gd.xlarge_use1-az2': 1, 'c6gd.xlarge_use1-az4': 1, 'c6gd.xlarge_use1-az5': 50, 'c6gd.xlarge_use1-az6': 50, 'c6gn.12xlarge_use1-az2': 25, 'c6gn.12xlarge_use1-az4': 50, 'c6gn.12xlarge_use1-az5': 1, 'c6gn.16xlarge_use1-az1': 1, 'c6gn.16xlarge_use1-az2': 50, 'c6gn.16xlarge_use1-az4': 50, 'c6gn.16xlarge_use1-az5': 10, 'c6gn.2xlarge_use1-az1': 5, 'c6gn.2xlarge_use1-az2': 1, 'c6gn.2xlarge_use1-az4': 20, 'c6gn.2xlarge_use1-az5': 1, 'c6gn.4xlarge_use1-az1': 1, 'c6gn.4xlarge_use1-az2': 40, 'c6gn.4xlarge_use1-az4': 35, 'c6gn.4xlarge_use1-az5': 10, 'c6gn.8xlarge_use1-az1': 25, 'c6gn.8xlarge_use1-az2': 35, 'c6gn.8xlarge_use1-az4': 30, 'c6gn.8xlarge_use1-az5': 5, 'c6gn.8xlarge_use1-az6': 5, 'c6gn.large_use1-az1': 5, 'c6gn.large_use1-az2': 25, 'c6gn.large_use1-az4': 10, 'c6gn.large_use1-az5': 15, 'c6gn.large_use1-az6': 1, 'c6gn.xlarge_use1-az1': 5, 'c6gn.xlarge_use1-az2': 10, 'c6gn.xlarge_use1-az4': 15, 'c6gn.xlarge_use1-az5': 5, 'c6gn.xlarge_use1-az6': 1, 'c6i.12xlarge_use1-az1': 15, 'c6i.12xlarge_use1-az2': 15, 'c6i.12xlarge_use1-az4': 30, 'c6i.12xlarge_use1-az5': 5, 'c6i.12xlarge_use1-az6': 5, 'c6i.16xlarge_use1-az1': 5, 'c6i.16xlarge_use1-az2': 15, 'c6i.16xlarge_use1-az4': 25, 'c6i.16xlarge_use1-az5': 10, 'c6i.16xlarge_use1-az6': 30, 'c6i.24xlarge_use1-az1': 5, 'c6i.24xlarge_use1-az2': 5, 'c6i.24xlarge_use1-az4': 10, 'c6i.24xlarge_use1-az5': 1, 'c6i.24xlarge_use1-az6': 15, 'c6i.2xlarge_use1-az1': 20, 'c6i.2xlarge_use1-az2': 50, 'c6i.2xlarge_use1-az4': 50, 'c6i.2xlarge_use1-az5': 5, 'c6i.2xlarge_use1-az6': 50, 'c6i.32xlarge_use1-az1': 10, 'c6i.32xlarge_use1-az2': 5, 'c6i.32xlarge_use1-az4': 50, 'c6i.32xlarge_use1-az5': 1, 'c6i.32xlarge_use1-az6': 40, 'c6i.4xlarge_use1-az1': 10, 'c6i.4xlarge_use1-az2': 40, 'c6i.4xlarge_use1-az4': 50, 'c6i.4xlarge_use1-az5': 15, 'c6i.4xlarge_use1-az6': 50, 'c6i.8xlarge_use1-az1': 10, 'c6i.8xlarge_use1-az2': 45, 'c6i.8xlarge_use1-az4': 50, 'c6i.8xlarge_use1-az5': 10, 'c6i.8xlarge_use1-az6': 50, 'c6i.large_use1-az1': 10, 'c6i.large_use1-az2': 40, 'c6i.large_use1-az4': 30, 'c6i.large_use1-az5': 10, 'c6i.large_use1-az6': 50, 'c6i.xlarge_use1-az1': 50, 'c6i.xlarge_use1-az2': 45, 'c6i.xlarge_use1-az4': 35, 'c6i.xlarge_use1-az5': 10, 'c6i.xlarge_use1-az6': 50, 'c6id.12xlarge_use1-az1': 1, 'c6id.12xlarge_use1-az2': 1, 'c6id.12xlarge_use1-az4': 5, 'c6id.12xlarge_use1-az6': 5, 'c6id.16xlarge_use1-az1': 1, 'c6id.16xlarge_use1-az2': 5, 'c6id.16xlarge_use1-az4': 5, 'c6id.16xlarge_use1-az5': 1, 'c6id.16xlarge_use1-az6': 1, 'c6id.24xlarge_use1-az1': 5, 'c6id.24xlarge_use1-az2': 15, 'c6id.24xlarge_use1-az4': 5, 'c6id.24xlarge_use1-az5': 1, 'c6id.24xlarge_use1-az6': 10, 'c6id.2xlarge_use1-az1': 1, 'c6id.2xlarge_use1-az2': 1, 'c6id.2xlarge_use1-az4': 5, 'c6id.2xlarge_use1-az5': 5, 'c6id.2xlarge_use1-az6': 1, 'c6id.32xlarge_use1-az1': 1, 'c6id.32xlarge_use1-az2': 5, 'c6id.32xlarge_use1-az4': 10, 'c6id.32xlarge_use1-az5': 1, 'c6id.32xlarge_use1-az6': 5, 'c6id.4xlarge_use1-az1': 15, 'c6id.4xlarge_use1-az2': 10, 'c6id.4xlarge_use1-az4': 10, 'c6id.4xlarge_use1-az5': 1, 'c6id.4xlarge_use1-az6': 5, 'c6id.8xlarge_use1-az1': 5, 'c6id.8xlarge_use1-az2': 1, 'c6id.8xlarge_use1-az4': 5, 'c6id.8xlarge_use1-az5': 1, 'c6id.8xlarge_use1-az6': 1, 'c6id.large_use1-az1': 5, 'c6id.large_use1-az2': 5, 'c6id.large_use1-az4': 1, 'c6id.large_use1-az5': 5, 'c6id.large_use1-az6': 5, 'c6id.xlarge_use1-az1': 5, 'c6id.xlarge_use1-az2': 1, 'c6id.xlarge_use1-az4': 5, 'c6id.xlarge_use1-az5': 1, 'c6id.xlarge_use1-az6': 1, 'c6in.12xlarge_use1-az1': 1, 'c6in.12xlarge_use1-az6': 1, 'c6in.16xlarge_use1-az4': 1, 'c6in.24xlarge_use1-az6': 1, 'c6in.2xlarge_use1-az1': 1, 'c6in.2xlarge_use1-az2': 1, 'c6in.2xlarge_use1-az4': 1, 'c6in.2xlarge_use1-az6': 1, 'c6in.32xlarge_use1-az1': 1, 'c6in.32xlarge_use1-az6': 1, 'c6in.4xlarge_use1-az1': 5, 'c6in.4xlarge_use1-az2': 5, 'c6in.4xlarge_use1-az4': 5, 'c6in.4xlarge_use1-az6': 25, 'c6in.8xlarge_use1-az1': 1, 'c6in.8xlarge_use1-az6': 1, 'c6in.large_use1-az1': 5, 'c6in.large_use1-az2': 1, 'c6in.large_use1-az4': 1, 'c6in.large_use1-az5': 1, 'c6in.large_use1-az6': 5, 'c6in.xlarge_use1-az1': 20, 'c6in.xlarge_use1-az2': 1, 'c6in.xlarge_use1-az4': 1, 'c6in.xlarge_use1-az6': 10, 'c7a.12xlarge_use1-az1': 5, 'c7a.12xlarge_use1-az2': 5, 'c7a.12xlarge_use1-az4': 1, 'c7a.12xlarge_use1-az6': 15, 'c7a.16xlarge_use1-az1': 1, 'c7a.16xlarge_use1-az2': 1, 'c7a.16xlarge_use1-az6': 5, 'c7a.24xlarge_use1-az1': 1, 'c7a.24xlarge_use1-az2': 1, 'c7a.24xlarge_use1-az5': 1, 'c7a.24xlarge_use1-az6': 5, 'c7a.2xlarge_use1-az1': 1, 'c7a.2xlarge_use1-az2': 1, 'c7a.2xlarge_use1-az4': 25, 'c7a.2xlarge_use1-az5': 1, 'c7a.2xlarge_use1-az6': 10, 'c7a.32xlarge_use1-az1': 1, 'c7a.32xlarge_use1-az2': 1, 'c7a.32xlarge_use1-az6': 15, 'c7a.48xlarge_use1-az1': 1, 'c7a.48xlarge_use1-az2': 1, 'c7a.48xlarge_use1-az5': 1, 'c7a.48xlarge_use1-az6': 20, 'c7a.4xlarge_use1-az1': 5, 'c7a.4xlarge_use1-az2': 10, 'c7a.4xlarge_use1-az4': 5, 'c7a.4xlarge_use1-az5': 1, 'c7a.4xlarge_use1-az6': 50, 'c7a.8xlarge_use1-az1': 1, 'c7a.8xlarge_use1-az2': 1, 'c7a.8xlarge_use1-az4': 1, 'c7a.8xlarge_use1-az6': 10, 'c7a.large_use1-az1': 15, 'c7a.large_use1-az2': 25, 'c7a.large_use1-az4': 30, 'c7a.large_use1-az5': 10, 'c7a.large_use1-az6': 50, 'c7a.xlarge_use1-az1': 5, 'c7a.xlarge_use1-az2': 5, 'c7a.xlarge_use1-az4': 10, 'c7a.xlarge_use1-az5': 5, 'c7a.xlarge_use1-az6': 15, 'c7g.12xlarge_use1-az1': 15, 'c7g.12xlarge_use1-az2': 50, 'c7g.12xlarge_use1-az4': 15, 'c7g.12xlarge_use1-az5': 1, 'c7g.12xlarge_use1-az6': 50, 'c7g.16xlarge_use1-az1': 25, 'c7g.16xlarge_use1-az2': 40, 'c7g.16xlarge_use1-az4': 50, 'c7g.16xlarge_use1-az5': 10, 'c7g.16xlarge_use1-az6': 50, 'c7g.2xlarge_use1-az1': 50, 'c7g.2xlarge_use1-az2': 50, 'c7g.2xlarge_use1-az4': 50, 'c7g.2xlarge_use1-az5': 50, 'c7g.2xlarge_use1-az6': 50, 'c7g.4xlarge_use1-az1': 50, 'c7g.4xlarge_use1-az2': 50, 'c7g.4xlarge_use1-az4': 50, 'c7g.4xlarge_use1-az5': 50, 'c7g.4xlarge_use1-az6': 50, 'c7g.8xlarge_use1-az1': 50, 'c7g.8xlarge_use1-az2': 50, 'c7g.8xlarge_use1-az4': 50, 'c7g.8xlarge_use1-az5': 50, 'c7g.8xlarge_use1-az6': 50, 'c7g.large_use1-az1': 5, 'c7g.large_use1-az2': 45, 'c7g.large_use1-az4': 30, 'c7g.large_use1-az5': 10, 'c7g.large_use1-az6': 30, 'c7g.xlarge_use1-az1': 50, 'c7g.xlarge_use1-az2': 50, 'c7g.xlarge_use1-az4': 50, 'c7g.xlarge_use1-az5': 50, 'c7g.xlarge_use1-az6': 50, 'c7gd.12xlarge_use1-az1': 5, 'c7gd.12xlarge_use1-az2': 30, 'c7gd.12xlarge_use1-az4': 15, 'c7gd.12xlarge_use1-az5': 15, 'c7gd.12xlarge_use1-az6': 50, 'c7gd.16xlarge_use1-az1': 5, 'c7gd.16xlarge_use1-az2': 30, 'c7gd.16xlarge_use1-az4': 40, 'c7gd.16xlarge_use1-az5': 1, 'c7gd.16xlarge_use1-az6': 50, 'c7gd.2xlarge_use1-az1': 15, 'c7gd.2xlarge_use1-az2': 50, 'c7gd.2xlarge_use1-az4': 50, 'c7gd.2xlarge_use1-az5': 5, 'c7gd.2xlarge_use1-az6': 50, 'c7gd.4xlarge_use1-az1': 30, 'c7gd.4xlarge_use1-az2': 25, 'c7gd.4xlarge_use1-az4': 50, 'c7gd.4xlarge_use1-az5': 1, 'c7gd.4xlarge_use1-az6': 50, 'c7gd.8xlarge_use1-az1': 5, 'c7gd.8xlarge_use1-az2': 15, 'c7gd.8xlarge_use1-az4': 10, 'c7gd.8xlarge_use1-az5': 5, 'c7gd.8xlarge_use1-az6': 20, 'c7gd.large_use1-az1': 1, 'c7gd.large_use1-az2': 25, 'c7gd.large_use1-az4': 5, 'c7gd.large_use1-az5': 10, 'c7gd.large_use1-az6': 20, 'c7gd.xlarge_use1-az1': 15, 'c7gd.xlarge_use1-az2': 50, 'c7gd.xlarge_use1-az4': 5, 'c7gd.xlarge_use1-az5': 15, 'c7gd.xlarge_use1-az6': 25, 'c7gn.12xlarge_use1-az2': 1, 'c7gn.12xlarge_use1-az5': 1, 'c7gn.12xlarge_use1-az6': 1, 'c7gn.16xlarge_use1-az2': 5, 'c7gn.16xlarge_use1-az5': 5, 'c7gn.16xlarge_use1-az6': 20, 'c7gn.2xlarge_use1-az1': 1, 'c7gn.2xlarge_use1-az2': 1, 'c7gn.2xlarge_use1-az5': 1, 'c7gn.2xlarge_use1-az6': 5, 'c7gn.4xlarge_use1-az2': 50, 'c7gn.4xlarge_use1-az4': 1, 'c7gn.4xlarge_use1-az5': 1, 'c7gn.4xlarge_use1-az6': 50, 'c7gn.8xlarge_use1-az2': 1, 'c7gn.8xlarge_use1-az5': 1, 'c7gn.8xlarge_use1-az6': 5, 'c7gn.large_use1-az1': 1, 'c7gn.large_use1-az2': 10, 'c7gn.large_use1-az5': 10, 'c7gn.large_use1-az6': 10, 'c7gn.xlarge_use1-az1': 1, 'c7gn.xlarge_use1-az2': 5, 'c7gn.xlarge_use1-az5': 5, 'c7gn.xlarge_use1-az6': 5, 'c7i-flex.2xlarge_use1-az1': 50, 'c7i-flex.2xlarge_use1-az2': 50, 'c7i-flex.2xlarge_use1-az4': 50, 'c7i-flex.2xlarge_use1-az5': 15, 'c7i-flex.2xlarge_use1-az6': 50, 'c7i-flex.4xlarge_use1-az1': 1, 'c7i-flex.4xlarge_use1-az2': 1, 'c7i-flex.4xlarge_use1-az4': 1, 'c7i-flex.4xlarge_use1-az6': 5, 'c7i-flex.8xlarge_use1-az1': 1, 'c7i-flex.8xlarge_use1-az2': 1, 'c7i-flex.8xlarge_use1-az4': 1, 'c7i-flex.8xlarge_use1-az6': 5, 'c7i-flex.large_use1-az1': 40, 'c7i-flex.large_use1-az2': 50, 'c7i-flex.large_use1-az4': 10, 'c7i-flex.large_use1-az5': 1, 'c7i-flex.large_use1-az6': 50, 'c7i-flex.xlarge_use1-az1': 50, 'c7i-flex.xlarge_use1-az2': 50, 'c7i-flex.xlarge_use1-az4': 50, 'c7i-flex.xlarge_use1-az5': 5, 'c7i-flex.xlarge_use1-az6': 50, 'c7i.12xlarge_use1-az1': 5, 'c7i.12xlarge_use1-az2': 15, 'c7i.12xlarge_use1-az4': 15, 'c7i.12xlarge_use1-az6': 5, 'c7i.16xlarge_use1-az1': 1, 'c7i.16xlarge_use1-az2': 5, 'c7i.16xlarge_use1-az4': 1, 'c7i.16xlarge_use1-az6': 15, 'c7i.24xlarge_use1-az1': 5, 'c7i.24xlarge_use1-az2': 5, 'c7i.24xlarge_use1-az4': 5, 'c7i.24xlarge_use1-az5': 1, 'c7i.24xlarge_use1-az6': 15, 'c7i.2xlarge_use1-az1': 10, 'c7i.2xlarge_use1-az2': 10, 'c7i.2xlarge_use1-az4': 10, 'c7i.2xlarge_use1-az5': 5, 'c7i.2xlarge_use1-az6': 25, 'c7i.48xlarge_use1-az1': 10, 'c7i.48xlarge_use1-az2': 10, 'c7i.48xlarge_use1-az4': 5, 'c7i.48xlarge_use1-az5': 1, 'c7i.48xlarge_use1-az6': 50, 'c7i.4xlarge_use1-az1': 5, 'c7i.4xlarge_use1-az2': 5, 'c7i.4xlarge_use1-az4': 5, 'c7i.4xlarge_use1-az5': 1, 'c7i.4xlarge_use1-az6': 15, 'c7i.8xlarge_use1-az1': 1, 'c7i.8xlarge_use1-az2': 5, 'c7i.8xlarge_use1-az4': 5, 'c7i.8xlarge_use1-az6': 10, 'c7i.large_use1-az1': 45, 'c7i.large_use1-az2': 50, 'c7i.large_use1-az4': 50, 'c7i.large_use1-az5': 5, 'c7i.large_use1-az6': 50, 'c7i.xlarge_use1-az1': 5, 'c7i.xlarge_use1-az2': 10, 'c7i.xlarge_use1-az4': 5, 'c7i.xlarge_use1-az5': 1, 'c7i.xlarge_use1-az6': 5, 'c8g.12xlarge_use1-az1': 1, 'c8g.12xlarge_use1-az2': 5, 'c8g.12xlarge_use1-az4': 1, 'c8g.12xlarge_use1-az6': 25, 'c8g.16xlarge_use1-az1': 10, 'c8g.16xlarge_use1-az2': 5, 'c8g.16xlarge_use1-az4': 1, 'c8g.16xlarge_use1-az6': 50, 'c8g.24xlarge_use1-az1': 5, 'c8g.24xlarge_use1-az2': 10, 'c8g.24xlarge_use1-az4': 1, 'c8g.24xlarge_use1-az6': 25, 'c8g.2xlarge_use1-az1': 5, 'c8g.2xlarge_use1-az2': 5, 'c8g.2xlarge_use1-az4': 50, 'c8g.2xlarge_use1-az5': 1, 'c8g.2xlarge_use1-az6': 50, 'c8g.48xlarge_use1-az1': 1, 'c8g.48xlarge_use1-az2': 5, 'c8g.48xlarge_use1-az6': 50, 'c8g.4xlarge_use1-az1': 35, 'c8g.4xlarge_use1-az2': 15, 'c8g.4xlarge_use1-az4': 20, 'c8g.4xlarge_use1-az5': 10, 'c8g.4xlarge_use1-az6': 50, 'c8g.8xlarge_use1-az1': 1, 'c8g.8xlarge_use1-az2': 5, 'c8g.8xlarge_use1-az4': 5, 'c8g.8xlarge_use1-az6': 50, 'c8g.large_use1-az1': 5, 'c8g.large_use1-az2': 20, 'c8g.large_use1-az4': 5, 'c8g.large_use1-az5': 1, 'c8g.large_use1-az6': 40, 'c8g.metal-24xl_use1-az2': 1, 'c8g.metal-24xl_use1-az6': 20, 'c8g.metal-48xl_use1-az1': 1, 'c8g.metal-48xl_use1-az2': 1, 'c8g.metal-48xl_use1-az6': 50, 'c8g.xlarge_use1-az1': 5, 'c8g.xlarge_use1-az2': 30, 'c8g.xlarge_use1-az4': 5, 'c8g.xlarge_use1-az5': 1, 'c8g.xlarge_use1-az6': 50, 'c8gd.12xlarge_use1-az2': 5, 'c8gd.12xlarge_use1-az4': 5, 'c8gd.12xlarge_use1-az5': 1, 'c8gd.12xlarge_use1-az6': 5, 'c8gd.16xlarge_use1-az2': 10, 'c8gd.16xlarge_use1-az4': 10, 'c8gd.16xlarge_use1-az5': 5, 'c8gd.16xlarge_use1-az6': 50, 'c8gd.24xlarge_use1-az2': 1, 'c8gd.24xlarge_use1-az4': 5, 'c8gd.24xlarge_use1-az5': 1, 'c8gd.24xlarge_use1-az6': 5, 'c8gd.2xlarge_use1-az2': 50, 'c8gd.2xlarge_use1-az4': 50, 'c8gd.2xlarge_use1-az5': 10, 'c8gd.2xlarge_use1-az6': 50, 'c8gd.48xlarge_use1-az2': 1, 'c8gd.48xlarge_use1-az6': 15, 'c8gd.4xlarge_use1-az2': 10, 'c8gd.4xlarge_use1-az4': 30, 'c8gd.4xlarge_use1-az5': 1, 'c8gd.4xlarge_use1-az6': 50, 'c8gd.8xlarge_use1-az2': 1, 'c8gd.8xlarge_use1-az4': 1, 'c8gd.8xlarge_use1-az5': 1, 'c8gd.8xlarge_use1-az6': 5, 'c8gd.large_use1-az1': 1, 'c8gd.large_use1-az2': 40, 'c8gd.large_use1-az4': 35, 'c8gd.large_use1-az6': 50, 'c8gd.metal-24xl_use1-az2': 1, 'c8gd.metal-24xl_use1-az4': 1, 'c8gd.metal-24xl_use1-az5': 1, 'c8gd.metal-24xl_use1-az6': 5, 'c8gd.metal-48xl_use1-az2': 1, 'c8gd.metal-48xl_use1-az6': 1, 'c8gd.xlarge_use1-az1': 1, 'c8gd.xlarge_use1-az2': 20, 'c8gd.xlarge_use1-az4': 20, 'c8gd.xlarge_use1-az5': 15, 'c8gd.xlarge_use1-az6': 50, 'c8gn.2xlarge_use1-az2': 1, 'c8gn.2xlarge_use1-az4': 1, 'c8gn.2xlarge_use1-az6': 1, 'c8gn.4xlarge_use1-az2': 1, 'c8gn.4xlarge_use1-az5': 1, 'c8gn.8xlarge_use1-az2': 1, 'c8gn.8xlarge_use1-az6': 1, 'c8gn.large_use1-az6': 1, 'c8i-flex.12xlarge_use1-az6': 1, 'c8i-flex.16xlarge_use1-az6': 1, 'c8i-flex.2xlarge_use1-az2': 25, 'c8i-flex.2xlarge_use1-az4': 15, 'c8i-flex.2xlarge_use1-az6': 50, 'c8i-flex.4xlarge_use1-az2': 5, 'c8i-flex.4xlarge_use1-az4': 1, 'c8i-flex.4xlarge_use1-az6': 5, 'c8i-flex.8xlarge_use1-az6': 1, 'c8i-flex.large_use1-az4': 20, 'c8i-flex.xlarge_use1-az2': 40, 'c8i-flex.xlarge_use1-az4': 5, 'c8i-flex.xlarge_use1-az6': 50, 'c8i.12xlarge_use1-az2': 1, 'c8i.12xlarge_use1-az4': 1, 'c8i.12xlarge_use1-az6': 1, 'c8i.16xlarge_use1-az6': 1, 'c8i.24xlarge_use1-az6': 1, 'c8i.2xlarge_use1-az2': 10, 'c8i.2xlarge_use1-az4': 5, 'c8i.2xlarge_use1-az6': 20, 'c8i.32xlarge_use1-az2': 1, 'c8i.32xlarge_use1-az4': 1, 'c8i.32xlarge_use1-az6': 5, 'c8i.48xlarge_use1-az2': 1, 'c8i.48xlarge_use1-az6': 1, 'c8i.4xlarge_use1-az2': 5, 'c8i.4xlarge_use1-az4': 5, 'c8i.4xlarge_use1-az6': 5, 'c8i.8xlarge_use1-az2': 1, 'c8i.8xlarge_use1-az4': 1, 'c8i.8xlarge_use1-az6': 5, 'c8i.96xlarge_use1-az2': 1, 'c8i.96xlarge_use1-az6': 5, 'c8i.metal-48xl_use1-az2': 1, 'c8i.metal-96xl_use1-az2': 1, 'c8i.metal-96xl_use1-az6': 5, 'c8i.xlarge_use1-az2': 50, 'c8i.xlarge_use1-az4': 15, 'c8i.xlarge_use1-az6': 50, 'd2.2xlarge_use1-az1': 1, 'd2.2xlarge_use1-az6': 1, 'd2.4xlarge_use1-az2': 1, 'd2.4xlarge_use1-az6': 1, 'd2.xlarge_use1-az6': 1, 'd3.2xlarge_use1-az1': 15, 'd3.2xlarge_use1-az2': 45, 'd3.2xlarge_use1-az4': 40, 'd3.2xlarge_use1-az6': 35, 'd3.4xlarge_use1-az1': 1, 'd3.4xlarge_use1-az2': 5, 'd3.4xlarge_use1-az4': 15, 'd3.4xlarge_use1-az6': 5, 'd3.8xlarge_use1-az1': 1, 'd3.8xlarge_use1-az2': 40, 'd3.8xlarge_use1-az4': 35, 'd3.8xlarge_use1-az6': 20, 'd3.xlarge_use1-az1': 10, 'd3.xlarge_use1-az2': 50, 'd3.xlarge_use1-az4': 45, 'd3.xlarge_use1-az6': 25, 'd3en.12xlarge_use1-az1': 1, 'd3en.12xlarge_use1-az2': 10, 'd3en.12xlarge_use1-az4': 20, 'd3en.12xlarge_use1-az6': 50, 'd3en.2xlarge_use1-az1': 5, 'd3en.2xlarge_use1-az2': 25, 'd3en.2xlarge_use1-az4': 15, 'd3en.2xlarge_use1-az6': 50, 'd3en.4xlarge_use1-az1': 1, 'd3en.4xlarge_use1-az2': 5, 'd3en.4xlarge_use1-az4': 10, 'd3en.4xlarge_use1-az6': 50, 'd3en.6xlarge_use1-az1': 1, 'd3en.6xlarge_use1-az2': 5, 'd3en.6xlarge_use1-az4': 15, 'd3en.6xlarge_use1-az6': 50, 'd3en.8xlarge_use1-az1': 1, 'd3en.8xlarge_use1-az2': 15, 'd3en.8xlarge_use1-az4': 5, 'd3en.8xlarge_use1-az6': 50, 'd3en.xlarge_use1-az1': 5, 'd3en.xlarge_use1-az2': 50, 'd3en.xlarge_use1-az4': 30, 'd3en.xlarge_use1-az6': 50, 'f2.12xlarge_use1-az2': 1, 'f2.12xlarge_use1-az4': 1, 'f2.12xlarge_use1-az6': 1, 'f2.48xlarge_use1-az2': 5, 'f2.48xlarge_use1-az4': 5, 'f2.48xlarge_use1-az6': 1, 'g4ad.16xlarge_use1-az1': 5, 'g4ad.16xlarge_use1-az2': 5, 'g4ad.16xlarge_use1-az4': 5, 'g4ad.16xlarge_use1-az6': 10, 'g4ad.2xlarge_use1-az1': 5, 'g4ad.2xlarge_use1-az2': 10, 'g4ad.2xlarge_use1-az4': 10, 'g4ad.2xlarge_use1-az6': 10, 'g4ad.4xlarge_use1-az1': 10, 'g4ad.4xlarge_use1-az2': 15, 'g4ad.4xlarge_use1-az4': 15, 'g4ad.4xlarge_use1-az6': 5, 'g4ad.8xlarge_use1-az1': 1, 'g4ad.8xlarge_use1-az2': 5, 'g4ad.8xlarge_use1-az4': 5, 'g4ad.8xlarge_use1-az6': 5, 'g4ad.xlarge_use1-az1': 20, 'g4ad.xlarge_use1-az2': 20, 'g4ad.xlarge_use1-az4': 25, 'g4ad.xlarge_use1-az6': 20, 'g4dn.12xlarge_use1-az1': 5, 'g4dn.12xlarge_use1-az2': 15, 'g4dn.12xlarge_use1-az4': 15, 'g4dn.12xlarge_use1-az5': 15, 'g4dn.12xlarge_use1-az6': 50, 'g4dn.16xlarge_use1-az1': 1, 'g4dn.16xlarge_use1-az2': 10, 'g4dn.16xlarge_use1-az4': 1, 'g4dn.16xlarge_use1-az5': 5, 'g4dn.16xlarge_use1-az6': 15, 'g4dn.2xlarge_use1-az1': 45, 'g4dn.2xlarge_use1-az2': 50, 'g4dn.2xlarge_use1-az4': 50, 'g4dn.2xlarge_use1-az5': 50, 'g4dn.2xlarge_use1-az6': 50, 'g4dn.4xlarge_use1-az1': 5, 'g4dn.4xlarge_use1-az2': 40, 'g4dn.4xlarge_use1-az4': 25, 'g4dn.4xlarge_use1-az5': 40, 'g4dn.4xlarge_use1-az6': 40, 'g4dn.8xlarge_use1-az1': 1, 'g4dn.8xlarge_use1-az2': 1, 'g4dn.8xlarge_use1-az4': 10, 'g4dn.8xlarge_use1-az5': 1, 'g4dn.8xlarge_use1-az6': 5, 'g4dn.xlarge_use1-az1': 50, 'g4dn.xlarge_use1-az2': 50, 'g4dn.xlarge_use1-az4': 50, 'g4dn.xlarge_use1-az5': 50, 'g4dn.xlarge_use1-az6': 50, 'g5.12xlarge_use1-az2': 1, 'g5.12xlarge_use1-az5': 10, 'g5.12xlarge_use1-az6': 5, 'g5.16xlarge_use1-az1': 1, 'g5.16xlarge_use1-az2': 1, 'g5.16xlarge_use1-az4': 5, 'g5.16xlarge_use1-az5': 5, 'g5.16xlarge_use1-az6': 10, 'g5.24xlarge_use1-az1': 1, 'g5.24xlarge_use1-az2': 1, 'g5.24xlarge_use1-az4': 1, 'g5.24xlarge_use1-az5': 1, 'g5.24xlarge_use1-az6': 5, 'g5.2xlarge_use1-az1': 25, 'g5.2xlarge_use1-az2': 15, 'g5.2xlarge_use1-az4': 15, 'g5.2xlarge_use1-az5': 50, 'g5.2xlarge_use1-az6': 45, 'g5.48xlarge_use1-az2': 1, 'g5.48xlarge_use1-az5': 5, 'g5.48xlarge_use1-az6': 25, 'g5.4xlarge_use1-az1': 1, 'g5.4xlarge_use1-az2': 50, 'g5.4xlarge_use1-az4': 50, 'g5.4xlarge_use1-az5': 40, 'g5.4xlarge_use1-az6': 50, 'g5.8xlarge_use1-az1': 1, 'g5.8xlarge_use1-az2': 5, 'g5.8xlarge_use1-az4': 10, 'g5.8xlarge_use1-az5': 20, 'g5.8xlarge_use1-az6': 10, 'g5.xlarge_use1-az2': 50, 'g5.xlarge_use1-az5': 50, 'g5g.16xlarge_use1-az1': 1, 'g5g.16xlarge_use1-az6': 5, 'g5g.4xlarge_use1-az6': 1, 'g5g.8xlarge_use1-az1': 1, 'g5g.8xlarge_use1-az4': 1, 'g5g.8xlarge_use1-az6': 1, 'g5g.xlarge_use1-az1': 1, 'g5g.xlarge_use1-az2': 1, 'g5g.xlarge_use1-az4': 1, 'g5g.xlarge_use1-az6': 5, 'g6.12xlarge_use1-az1': 5, 'g6.12xlarge_use1-az2': 1, 'g6.12xlarge_use1-az4': 30, 'g6.12xlarge_use1-az6': 50, 'g6.16xlarge_use1-az1': 1, 'g6.16xlarge_use1-az2': 1, 'g6.16xlarge_use1-az4': 1, 'g6.16xlarge_use1-az6': 5, 'g6.24xlarge_use1-az2': 1, 'g6.24xlarge_use1-az4': 1, 'g6.24xlarge_use1-az6': 1, 'g6.2xlarge_use1-az1': 10, 'g6.2xlarge_use1-az2': 25, 'g6.2xlarge_use1-az4': 50, 'g6.2xlarge_use1-az6': 50, 'g6.48xlarge_use1-az2': 5, 'g6.48xlarge_use1-az4': 30, 'g6.48xlarge_use1-az6': 50, 'g6.4xlarge_use1-az1': 5, 'g6.4xlarge_use1-az2': 10, 'g6.4xlarge_use1-az4': 35, 'g6.4xlarge_use1-az6': 50, 'g6.8xlarge_use1-az1': 5, 'g6.8xlarge_use1-az2': 5, 'g6.8xlarge_use1-az4': 10, 'g6.8xlarge_use1-az6': 15, 'g6.xlarge_use1-az1': 5, 'g6.xlarge_use1-az2': 5, 'g6.xlarge_use1-az4': 5, 'g6.xlarge_use1-az6': 5, 'g6e.16xlarge_use1-az1': 10, 'g6e.16xlarge_use1-az2': 15, 'g6e.16xlarge_use1-az4': 40, 'g6e.16xlarge_use1-az6': 20, 'g6e.2xlarge_use1-az1': 10, 'g6e.2xlarge_use1-az2': 1, 'g6e.2xlarge_use1-az4': 10, 'g6e.2xlarge_use1-az6': 5, 'g6e.48xlarge_use1-az4': 5, 'g6e.48xlarge_use1-az6': 1, 'g6e.4xlarge_use1-az1': 1, 'g6e.4xlarge_use1-az4': 5, 'g6e.4xlarge_use1-az6': 1, 'g6e.8xlarge_use1-az1': 1, 'g6e.8xlarge_use1-az2': 1, 'g6e.8xlarge_use1-az4': 1, 'g6e.8xlarge_use1-az6': 1, 'g6f.2xlarge_use1-az1': 1, 'g6f.2xlarge_use1-az4': 1, 'g6f.2xlarge_use1-az6': 5, 'g6f.4xlarge_use1-az1': 1, 'g6f.4xlarge_use1-az4': 1, 'g6f.4xlarge_use1-az6': 1, 'g6f.large_use1-az1': 10, 'g6f.large_use1-az2': 15, 'g6f.large_use1-az4': 40, 'g6f.large_use1-az6': 20, 'g6f.xlarge_use1-az1': 1, 'g6f.xlarge_use1-az2': 1, 'g6f.xlarge_use1-az4': 5, 'g6f.xlarge_use1-az6': 10, 'gr6.4xlarge_use1-az2': 1, 'gr6.4xlarge_use1-az4': 1, 'gr6.4xlarge_use1-az6': 1, 'gr6.8xlarge_use1-az1': 1, 'gr6.8xlarge_use1-az2': 1, 'gr6.8xlarge_use1-az4': 1, 'gr6.8xlarge_use1-az6': 1, 'i2.2xlarge_use1-az2': 10, 'i2.2xlarge_use1-az3': 5, 'i2.2xlarge_use1-az4': 10, 'i2.2xlarge_use1-az6': 5, 'i2.4xlarge_use1-az1': 1, 'i2.4xlarge_use1-az2': 10, 'i2.4xlarge_use1-az3': 1, 'i2.4xlarge_use1-az4': 10, 'i2.4xlarge_use1-az6': 5, 'i2.8xlarge_use1-az2': 1, 'i2.8xlarge_use1-az3': 1, 'i2.8xlarge_use1-az6': 1, 'i2.xlarge_use1-az1': 1, 'i2.xlarge_use1-az2': 15, 'i2.xlarge_use1-az3': 1, 'i2.xlarge_use1-az4': 20, 'i2.xlarge_use1-az6': 15, 'i3.16xlarge_use1-az1': 20, 'i3.16xlarge_use1-az2': 50, 'i3.16xlarge_use1-az3': 10, 'i3.16xlarge_use1-az4': 50, 'i3.16xlarge_use1-az5': 10, 'i3.16xlarge_use1-az6': 45, 'i3.2xlarge_use1-az1': 50, 'i3.2xlarge_use1-az2': 50, 'i3.2xlarge_use1-az3': 50, 'i3.2xlarge_use1-az4': 50, 'i3.2xlarge_use1-az5': 50, 'i3.2xlarge_use1-az6': 50, 'i3.4xlarge_use1-az1': 50, 'i3.4xlarge_use1-az2': 50, 'i3.4xlarge_use1-az3': 50, 'i3.4xlarge_use1-az4': 50, 'i3.4xlarge_use1-az5': 50, 'i3.4xlarge_use1-az6': 50, 'i3.8xlarge_use1-az1': 50, 'i3.8xlarge_use1-az2': 50, 'i3.8xlarge_use1-az3': 50, 'i3.8xlarge_use1-az4': 50, 'i3.8xlarge_use1-az5': 25, 'i3.8xlarge_use1-az6': 50, 'i3.large_use1-az1': 50, 'i3.large_use1-az2': 50, 'i3.large_use1-az3': 50, 'i3.large_use1-az4': 50, 'i3.large_use1-az5': 50, 'i3.large_use1-az6': 50, 'i3.xlarge_use1-az1': 50, 'i3.xlarge_use1-az2': 50, 'i3.xlarge_use1-az3': 50, 'i3.xlarge_use1-az4': 50, 'i3.xlarge_use1-az5': 50, 'i3.xlarge_use1-az6': 50, 'i3en.12xlarge_use1-az1': 1, 'i3en.12xlarge_use1-az2': 1, 'i3en.12xlarge_use1-az6': 50, 'i3en.24xlarge_use1-az6': 20, 'i3en.2xlarge_use1-az1': 50, 'i3en.2xlarge_use1-az2': 50, 'i3en.2xlarge_use1-az4': 30, 'i3en.2xlarge_use1-az5': 50, 'i3en.2xlarge_use1-az6': 50, 'i3en.3xlarge_use1-az1': 50, 'i3en.3xlarge_use1-az2': 50, 'i3en.3xlarge_use1-az4': 50, 'i3en.3xlarge_use1-az5': 50, 'i3en.3xlarge_use1-az6': 50, 'i3en.6xlarge_use1-az1': 10, 'i3en.6xlarge_use1-az2': 20, 'i3en.6xlarge_use1-az4': 10, 'i3en.6xlarge_use1-az6': 50, 'i3en.large_use1-az1': 50, 'i3en.large_use1-az2': 50, 'i3en.large_use1-az4': 45, 'i3en.large_use1-az5': 35, 'i3en.large_use1-az6': 50, 'i3en.xlarge_use1-az1': 50, 'i3en.xlarge_use1-az2': 50, 'i3en.xlarge_use1-az4': 50, 'i3en.xlarge_use1-az5': 50, 'i3en.xlarge_use1-az6': 50, 'i4g.16xlarge_use1-az2': 1, 'i4g.16xlarge_use1-az4': 1, 'i4g.16xlarge_use1-az5': 50, 'i4g.16xlarge_use1-az6': 50, 'i4g.2xlarge_use1-az2': 10, 'i4g.2xlarge_use1-az4': 15, 'i4g.2xlarge_use1-az5': 40, 'i4g.2xlarge_use1-az6': 50, 'i4g.4xlarge_use1-az2': 25, 'i4g.4xlarge_use1-az4': 30, 'i4g.4xlarge_use1-az5': 50, 'i4g.4xlarge_use1-az6': 50, 'i4g.8xlarge_use1-az5': 45, 'i4g.8xlarge_use1-az6': 15, 'i4g.large_use1-az1': 5, 'i4g.large_use1-az2': 5, 'i4g.large_use1-az4': 5, 'i4g.large_use1-az5': 25, 'i4g.large_use1-az6': 50, 'i4g.xlarge_use1-az2': 10, 'i4g.xlarge_use1-az4': 1, 'i4g.xlarge_use1-az5': 50, 'i4g.xlarge_use1-az6': 50, 'i4i.12xlarge_use1-az2': 5, 'i4i.16xlarge_use1-az1': 1, 'i4i.16xlarge_use1-az2': 1, 'i4i.16xlarge_use1-az4': 1, 'i4i.16xlarge_use1-az6': 1, 'i4i.24xlarge_use1-az2': 1, 'i4i.2xlarge_use1-az1': 15, 'i4i.2xlarge_use1-az2': 50, 'i4i.2xlarge_use1-az4': 50, 'i4i.2xlarge_use1-az5': 1, 'i4i.2xlarge_use1-az6': 50, 'i4i.4xlarge_use1-az1': 1, 'i4i.4xlarge_use1-az2': 35, 'i4i.4xlarge_use1-az4': 1, 'i4i.4xlarge_use1-az6': 15, 'i4i.8xlarge_use1-az1': 1, 'i4i.8xlarge_use1-az2': 40, 'i4i.8xlarge_use1-az6': 5, 'i4i.large_use1-az1': 50, 'i4i.large_use1-az2': 50, 'i4i.large_use1-az4': 50, 'i4i.large_use1-az5': 50, 'i4i.large_use1-az6': 50, 'i4i.xlarge_use1-az1': 50, 'i4i.xlarge_use1-az2': 50, 'i4i.xlarge_use1-az4': 50, 'i4i.xlarge_use1-az5': 50, 'i4i.xlarge_use1-az6': 50, 'i7i.12xlarge_use1-az1': 1, 'i7i.12xlarge_use1-az2': 1, 'i7i.12xlarge_use1-az4': 1, 'i7i.12xlarge_use1-az5': 1, 'i7i.12xlarge_use1-az6': 1, 'i7i.16xlarge_use1-az2': 1, 'i7i.16xlarge_use1-az4': 5, 'i7i.16xlarge_use1-az5': 1, 'i7i.16xlarge_use1-az6': 1, 'i7i.24xlarge_use1-az2': 1, 'i7i.24xlarge_use1-az4': 1, 'i7i.24xlarge_use1-az5': 1, 'i7i.24xlarge_use1-az6': 1, 'i7i.2xlarge_use1-az1': 1, 'i7i.2xlarge_use1-az2': 50, 'i7i.2xlarge_use1-az4': 45, 'i7i.2xlarge_use1-az5': 20, 'i7i.2xlarge_use1-az6': 10, 'i7i.48xlarge_use1-az2': 1, 'i7i.4xlarge_use1-az1': 1, 'i7i.4xlarge_use1-az2': 15, 'i7i.4xlarge_use1-az4': 20, 'i7i.4xlarge_use1-az5': 5, 'i7i.4xlarge_use1-az6': 20, 'i7i.8xlarge_use1-az1': 1, 'i7i.8xlarge_use1-az2': 1, 'i7i.8xlarge_use1-az4': 5, 'i7i.8xlarge_use1-az5': 1, 'i7i.8xlarge_use1-az6': 1, 'i7i.metal-24xl_use1-az2': 1, 'i7i.metal-24xl_use1-az4': 50, 'i7i.metal-24xl_use1-az6': 35, 'i7i.xlarge_use1-az1': 1, 'i7i.xlarge_use1-az6': 20, 'i7ie.12xlarge_use1-az1': 1, 'i7ie.12xlarge_use1-az4': 1, 'i7ie.12xlarge_use1-az6': 30, 'i7ie.18xlarge_use1-az4': 1, 'i7ie.18xlarge_use1-az6': 20, 'i7ie.24xlarge_use1-az1': 1, 'i7ie.24xlarge_use1-az2': 1, 'i7ie.24xlarge_use1-az4': 1, 'i7ie.24xlarge_use1-az6': 50, 'i7ie.2xlarge_use1-az1': 5, 'i7ie.2xlarge_use1-az2': 1, 'i7ie.2xlarge_use1-az4': 15, 'i7ie.2xlarge_use1-az6': 35, 'i7ie.3xlarge_use1-az1': 5, 'i7ie.3xlarge_use1-az2': 1, 'i7ie.3xlarge_use1-az4': 5, 'i7ie.3xlarge_use1-az6': 30, 'i7ie.48xlarge_use1-az6': 50, 'i7ie.6xlarge_use1-az1': 25, 'i7ie.6xlarge_use1-az4': 20, 'i7ie.6xlarge_use1-az6': 50, 'i7ie.large_use1-az1': 45, 'i7ie.large_use1-az2': 15, 'i7ie.large_use1-az4': 50, 'i7ie.large_use1-az6': 50, 'i7ie.metal-24xl_use1-az4': 1, 'i7ie.metal-24xl_use1-az6': 15, 'i7ie.metal-48xl_use1-az6': 10, 'i7ie.xlarge_use1-az1': 10, 'i7ie.xlarge_use1-az2': 25, 'i7ie.xlarge_use1-az4': 45, 'i7ie.xlarge_use1-az6': 50, 'i8g.12xlarge_use1-az6': 1, 'i8g.24xlarge_use1-az6': 10, 'i8g.2xlarge_use1-az2': 1, 'i8g.4xlarge_use1-az2': 1, 'i8g.8xlarge_use1-az6': 5, 'i8g.large_use1-az2': 10, 'i8g.large_use1-az6': 5, 'i8g.xlarge_use1-az2': 1, 'i8g.xlarge_use1-az4': 1, 'i8g.xlarge_use1-az6': 1, 'i8ge.12xlarge_use1-az4': 1, 'i8ge.12xlarge_use1-az6': 5, 'i8ge.18xlarge_use1-az2': 1, 'i8ge.18xlarge_use1-az4': 1, 'i8ge.18xlarge_use1-az6': 5, 'i8ge.24xlarge_use1-az4': 1, 'i8ge.24xlarge_use1-az6': 5, 'i8ge.2xlarge_use1-az4': 10, 'i8ge.3xlarge_use1-az2': 1, 'i8ge.3xlarge_use1-az4': 5, 'i8ge.48xlarge_use1-az4': 5, 'i8ge.6xlarge_use1-az2': 1, 'i8ge.6xlarge_use1-az4': 1, 'i8ge.large_use1-az2': 5, 'i8ge.large_use1-az4': 50, 'i8ge.metal-24xl_use1-az4': 1, 'i8ge.metal-48xl_use1-az6': 1, 'i8ge.xlarge_use1-az4': 20, 'im4gn.16xlarge_use1-az4': 45, 'im4gn.2xlarge_use1-az1': 10, 'im4gn.2xlarge_use1-az4': 20, 'im4gn.2xlarge_use1-az6': 15, 'im4gn.4xlarge_use1-az1': 5, 'im4gn.4xlarge_use1-az4': 15, 'im4gn.8xlarge_use1-az1': 1, 'im4gn.8xlarge_use1-az4': 5, 'im4gn.large_use1-az1': 35, 'im4gn.large_use1-az2': 10, 'im4gn.large_use1-az4': 50, 'im4gn.large_use1-az6': 10, 'im4gn.xlarge_use1-az1': 25, 'im4gn.xlarge_use1-az2': 50, 'im4gn.xlarge_use1-az4': 30, 'im4gn.xlarge_use1-az6': 40, 'inf1.24xlarge_use1-az1': 1, 'inf1.24xlarge_use1-az2': 1, 'inf1.24xlarge_use1-az4': 10, 'inf1.24xlarge_use1-az5': 5, 'inf1.24xlarge_use1-az6': 20, 'inf1.2xlarge_use1-az1': 15, 'inf1.2xlarge_use1-az2': 15, 'inf1.2xlarge_use1-az4': 30, 'inf1.2xlarge_use1-az5': 40, 'inf1.2xlarge_use1-az6': 40, 'inf1.6xlarge_use1-az1': 1, 'inf1.6xlarge_use1-az2': 1, 'inf1.6xlarge_use1-az4': 5, 'inf1.6xlarge_use1-az5': 5, 'inf1.6xlarge_use1-az6': 10, 'inf1.xlarge_use1-az1': 50, 'inf1.xlarge_use1-az2': 50, 'inf1.xlarge_use1-az4': 40, 'inf1.xlarge_use1-az5': 50, 'inf1.xlarge_use1-az6': 50, 'inf2.24xlarge_use1-az4': 1, 'inf2.24xlarge_use1-az6': 10, 'inf2.48xlarge_use1-az6': 15, 'inf2.8xlarge_use1-az2': 5, 'inf2.8xlarge_use1-az4': 5, 'inf2.8xlarge_use1-az5': 1, 'inf2.8xlarge_use1-az6': 1, 'inf2.xlarge_use1-az2': 5, 'inf2.xlarge_use1-az4': 1, 'inf2.xlarge_use1-az6': 50, 'is4gen.2xlarge_use1-az1': 1, 'is4gen.2xlarge_use1-az2': 50, 'is4gen.2xlarge_use1-az4': 50, 'is4gen.2xlarge_use1-az6': 50, 'is4gen.4xlarge_use1-az1': 1, 'is4gen.8xlarge_use1-az1': 1, 'is4gen.8xlarge_use1-az4': 1, 'is4gen.large_use1-az1': 5, 'is4gen.large_use1-az4': 10, 'is4gen.large_use1-az6': 15, 'is4gen.medium_use1-az1': 50, 'is4gen.medium_use1-az2': 25, 'is4gen.medium_use1-az4': 40, 'is4gen.medium_use1-az6': 30, 'is4gen.xlarge_use1-az1': 1, 'is4gen.xlarge_use1-az2': 1, 'is4gen.xlarge_use1-az4': 15, 'is4gen.xlarge_use1-az6': 1, 'm1.large_use1-az1': 5, 'm1.large_use1-az2': 25, 'm1.large_use1-az4': 20, 'm1.large_use1-az6': 15, 'm1.xlarge_use1-az1': 1, 'm1.xlarge_use1-az2': 10, 'm1.xlarge_use1-az4': 10, 'm1.xlarge_use1-az6': 10, 'm2.2xlarge_use1-az1': 5, 'm2.2xlarge_use1-az2': 10, 'm2.2xlarge_use1-az4': 15, 'm2.2xlarge_use1-az6': 5, 'm2.4xlarge_use1-az1': 1, 'm2.4xlarge_use1-az2': 5, 'm2.4xlarge_use1-az4': 5, 'm2.4xlarge_use1-az6': 5, 'm2.xlarge_use1-az1': 5, 'm2.xlarge_use1-az2': 20, 'm2.xlarge_use1-az4': 20, 'm2.xlarge_use1-az6': 15, 'm3.2xlarge_use1-az2': 25, 'm3.2xlarge_use1-az3': 1, 'm3.2xlarge_use1-az4': 40, 'm3.2xlarge_use1-az6': 45, 'm3.large_use1-az2': 50, 'm3.large_use1-az3': 1, 'm3.large_use1-az4': 50, 'm3.large_use1-az6': 50, 'm3.xlarge_use1-az2': 50, 'm3.xlarge_use1-az3': 1, 'm3.xlarge_use1-az4': 50, 'm3.xlarge_use1-az6': 50, 'm4.10xlarge_use1-az1': 5, 'm4.10xlarge_use1-az2': 10, 'm4.10xlarge_use1-az3': 1, 'm4.10xlarge_use1-az4': 50, 'm4.10xlarge_use1-az5': 1, 'm4.10xlarge_use1-az6': 50, 'm4.2xlarge_use1-az1': 5, 'm4.2xlarge_use1-az2': 20, 'm4.2xlarge_use1-az3': 50, 'm4.2xlarge_use1-az4': 20, 'm4.2xlarge_use1-az5': 1, 'm4.2xlarge_use1-az6': 25, 'm4.4xlarge_use1-az1': 50, 'm4.4xlarge_use1-az2': 50, 'm4.4xlarge_use1-az3': 50, 'm4.4xlarge_use1-az4': 25, 'm4.4xlarge_use1-az5': 10, 'm4.4xlarge_use1-az6': 15, 'm4.large_use1-az1': 30, 'm4.large_use1-az2': 50, 'm4.large_use1-az3': 25, 'm4.large_use1-az4': 50, 'm4.large_use1-az5': 10, 'm4.large_use1-az6': 50, 'm4.xlarge_use1-az1': 15, 'm4.xlarge_use1-az2': 50, 'm4.xlarge_use1-az3': 50, 'm4.xlarge_use1-az4': 50, 'm4.xlarge_use1-az5': 30, 'm4.xlarge_use1-az6': 50, 'm5.12xlarge_use1-az1': 5, 'm5.12xlarge_use1-az2': 25, 'm5.12xlarge_use1-az4': 50, 'm5.12xlarge_use1-az5': 1, 'm5.12xlarge_use1-az6': 40, 'm5.16xlarge_use1-az1': 10, 'm5.16xlarge_use1-az2': 50, 'm5.16xlarge_use1-az4': 50, 'm5.16xlarge_use1-az5': 1, 'm5.16xlarge_use1-az6': 50, 'm5.24xlarge_use1-az1': 5, 'm5.24xlarge_use1-az2': 5, 'm5.24xlarge_use1-az4': 5, 'm5.24xlarge_use1-az5': 1, 'm5.24xlarge_use1-az6': 35, 'm5.2xlarge_use1-az1': 50, 'm5.2xlarge_use1-az2': 50, 'm5.2xlarge_use1-az4': 50, 'm5.2xlarge_use1-az5': 50, 'm5.2xlarge_use1-az6': 50, 'm5.4xlarge_use1-az1': 50, 'm5.4xlarge_use1-az2': 50, 'm5.4xlarge_use1-az4': 50, 'm5.4xlarge_use1-az5': 10, 'm5.4xlarge_use1-az6': 50, 'm5.8xlarge_use1-az1': 50, 'm5.8xlarge_use1-az2': 40, 'm5.8xlarge_use1-az4': 50, 'm5.8xlarge_use1-az5': 1, 'm5.8xlarge_use1-az6': 50, 'm5.large_use1-az1': 50, 'm5.large_use1-az2': 50, 'm5.large_use1-az4': 50, 'm5.large_use1-az5': 50, 'm5.large_use1-az6': 50, 'm5.xlarge_use1-az1': 50, 'm5.xlarge_use1-az2': 50, 'm5.xlarge_use1-az4': 50, 'm5.xlarge_use1-az5': 50, 'm5.xlarge_use1-az6': 50, 'm5a.12xlarge_use1-az2': 1, 'm5a.12xlarge_use1-az4': 1, 'm5a.12xlarge_use1-az6': 1, 'm5a.16xlarge_use1-az2': 1, 'm5a.16xlarge_use1-az4': 1, 'm5a.16xlarge_use1-az6': 1, 'm5a.24xlarge_use1-az1': 1, 'm5a.24xlarge_use1-az2': 1, 'm5a.24xlarge_use1-az4': 1, 'm5a.24xlarge_use1-az5': 5, 'm5a.24xlarge_use1-az6': 5, 'm5a.2xlarge_use1-az1': 10, 'm5a.2xlarge_use1-az2': 25, 'm5a.2xlarge_use1-az4': 25, 'm5a.2xlarge_use1-az5': 5, 'm5a.2xlarge_use1-az6': 45, 'm5a.4xlarge_use1-az1': 5, 'm5a.4xlarge_use1-az2': 10, 'm5a.4xlarge_use1-az4': 5, 'm5a.4xlarge_use1-az5': 10, 'm5a.4xlarge_use1-az6': 15, 'm5a.8xlarge_use1-az1': 1, 'm5a.8xlarge_use1-az2': 20, 'm5a.8xlarge_use1-az4': 20, 'm5a.8xlarge_use1-az5': 1, 'm5a.8xlarge_use1-az6': 5, 'm5a.large_use1-az1': 50, 'm5a.large_use1-az2': 50, 'm5a.large_use1-az4': 50, 'm5a.large_use1-az5': 45, 'm5a.large_use1-az6': 50, 'm5a.xlarge_use1-az1': 10, 'm5a.xlarge_use1-az2': 30, 'm5a.xlarge_use1-az4': 10, 'm5a.xlarge_use1-az5': 20, 'm5a.xlarge_use1-az6': 50, 'm5ad.12xlarge_use1-az1': 1, 'm5ad.16xlarge_use1-az1': 1, 'm5ad.16xlarge_use1-az2': 1, 'm5ad.16xlarge_use1-az4': 1, 'm5ad.16xlarge_use1-az6': 1, 'm5ad.24xlarge_use1-az1': 5, 'm5ad.24xlarge_use1-az2': 1, 'm5ad.24xlarge_use1-az4': 1, 'm5ad.24xlarge_use1-az6': 5, 'm5ad.2xlarge_use1-az1': 1, 'm5ad.2xlarge_use1-az2': 1, 'm5ad.2xlarge_use1-az4': 5, 'm5ad.2xlarge_use1-az6': 1, 'm5ad.4xlarge_use1-az1': 1, 'm5ad.4xlarge_use1-az2': 1, 'm5ad.4xlarge_use1-az4': 1, 'm5ad.4xlarge_use1-az6': 1, 'm5ad.8xlarge_use1-az2': 1, 'm5ad.large_use1-az1': 10, 'm5ad.large_use1-az2': 5, 'm5ad.large_use1-az4': 10, 'm5ad.large_use1-az5': 1, 'm5ad.large_use1-az6': 10, 'm5ad.xlarge_use1-az1': 1, 'm5ad.xlarge_use1-az2': 10, 'm5ad.xlarge_use1-az4': 5, 'm5ad.xlarge_use1-az6': 5, 'm5d.12xlarge_use1-az1': 1, 'm5d.12xlarge_use1-az2': 25, 'm5d.12xlarge_use1-az4': 30, 'm5d.12xlarge_use1-az6': 15, 'm5d.16xlarge_use1-az1': 5, 'm5d.16xlarge_use1-az2': 35, 'm5d.16xlarge_use1-az4': 20, 'm5d.16xlarge_use1-az5': 1, 'm5d.16xlarge_use1-az6': 50, 'm5d.24xlarge_use1-az1': 20, 'm5d.24xlarge_use1-az2': 15, 'm5d.24xlarge_use1-az4': 5, 'm5d.24xlarge_use1-az5': 1, 'm5d.24xlarge_use1-az6': 50, 'm5d.2xlarge_use1-az1': 5, 'm5d.2xlarge_use1-az2': 25, 'm5d.2xlarge_use1-az4': 25, 'm5d.2xlarge_use1-az6': 30, 'm5d.4xlarge_use1-az1': 5, 'm5d.4xlarge_use1-az2': 15, 'm5d.4xlarge_use1-az4': 25, 'm5d.4xlarge_use1-az6': 25, 'm5d.8xlarge_use1-az1': 1, 'm5d.8xlarge_use1-az2': 25, 'm5d.8xlarge_use1-az4': 10, 'm5d.8xlarge_use1-az5': 1, 'm5d.8xlarge_use1-az6': 10, 'm5d.large_use1-az1': 5, 'm5d.large_use1-az2': 50, 'm5d.large_use1-az4': 50, 'm5d.large_use1-az6': 50, 'm5d.xlarge_use1-az1': 50, 'm5d.xlarge_use1-az2': 50, 'm5d.xlarge_use1-az4': 50, 'm5d.xlarge_use1-az5': 1, 'm5d.xlarge_use1-az6': 50, 'm5dn.12xlarge_use1-az1': 1, 'm5dn.12xlarge_use1-az4': 1, 'm5dn.12xlarge_use1-az6': 1, 'm5dn.16xlarge_use1-az1': 1, 'm5dn.16xlarge_use1-az2': 5, 'm5dn.16xlarge_use1-az4': 1, 'm5dn.16xlarge_use1-az6': 1, 'm5dn.24xlarge_use1-az1': 1, 'm5dn.24xlarge_use1-az2': 1, 'm5dn.24xlarge_use1-az4': 1, 'm5dn.24xlarge_use1-az6': 5, 'm5dn.2xlarge_use1-az1': 10, 'm5dn.2xlarge_use1-az2': 5, 'm5dn.2xlarge_use1-az4': 5, 'm5dn.2xlarge_use1-az5': 1, 'm5dn.2xlarge_use1-az6': 15, 'm5dn.4xlarge_use1-az1': 5, 'm5dn.4xlarge_use1-az2': 5, 'm5dn.4xlarge_use1-az4': 1, 'm5dn.4xlarge_use1-az5': 1, 'm5dn.4xlarge_use1-az6': 5, 'm5dn.8xlarge_use1-az2': 1, 'm5dn.8xlarge_use1-az6': 1, 'm5dn.large_use1-az1': 35, 'm5dn.large_use1-az2': 30, 'm5dn.large_use1-az4': 40, 'm5dn.large_use1-az5': 15, 'm5dn.large_use1-az6': 50, 'm5dn.xlarge_use1-az1': 10, 'm5dn.xlarge_use1-az2': 25, 'm5dn.xlarge_use1-az4': 20, 'm5dn.xlarge_use1-az5': 1, 'm5dn.xlarge_use1-az6': 30, 'm5n.12xlarge_use1-az1': 1, 'm5n.12xlarge_use1-az2': 1, 'm5n.12xlarge_use1-az4': 1, 'm5n.12xlarge_use1-az5': 1, 'm5n.12xlarge_use1-az6': 1, 'm5n.16xlarge_use1-az2': 1, 'm5n.16xlarge_use1-az4': 1, 'm5n.16xlarge_use1-az6': 1, 'm5n.24xlarge_use1-az2': 1, 'm5n.24xlarge_use1-az4': 1, 'm5n.24xlarge_use1-az6': 1, 'm5n.2xlarge_use1-az1': 15, 'm5n.2xlarge_use1-az2': 25, 'm5n.2xlarge_use1-az4': 30, 'm5n.2xlarge_use1-az5': 5, 'm5n.2xlarge_use1-az6': 25, 'm5n.4xlarge_use1-az1': 25, 'm5n.4xlarge_use1-az2': 35, 'm5n.4xlarge_use1-az4': 50, 'm5n.4xlarge_use1-az5': 5, 'm5n.4xlarge_use1-az6': 10, 'm5n.8xlarge_use1-az1': 1, 'm5n.8xlarge_use1-az2': 1, 'm5n.8xlarge_use1-az4': 1, 'm5n.8xlarge_use1-az6': 5, 'm5n.large_use1-az1': 5, 'm5n.large_use1-az2': 15, 'm5n.large_use1-az4': 5, 'm5n.large_use1-az5': 5, 'm5n.large_use1-az6': 15, 'm5n.xlarge_use1-az1': 20, 'm5n.xlarge_use1-az2': 50, 'm5n.xlarge_use1-az4': 50, 'm5n.xlarge_use1-az5': 1, 'm5n.xlarge_use1-az6': 50, 'm5zn.12xlarge_use1-az2': 1, 'm5zn.12xlarge_use1-az4': 10, 'm5zn.12xlarge_use1-az5': 1, 'm5zn.12xlarge_use1-az6': 5, 'm5zn.2xlarge_use1-az1': 1, 'm5zn.2xlarge_use1-az2': 1, 'm5zn.2xlarge_use1-az4': 25, 'm5zn.2xlarge_use1-az5': 1, 'm5zn.2xlarge_use1-az6': 5, 'm5zn.3xlarge_use1-az1': 1, 'm5zn.3xlarge_use1-az2': 1, 'm5zn.3xlarge_use1-az4': 5, 'm5zn.3xlarge_use1-az6': 5, 'm5zn.6xlarge_use1-az4': 1, 'm5zn.6xlarge_use1-az6': 1, 'm5zn.large_use1-az1': 5, 'm5zn.large_use1-az2': 5, 'm5zn.large_use1-az4': 30, 'm5zn.large_use1-az5': 15, 'm5zn.large_use1-az6': 20, 'm5zn.xlarge_use1-az1': 1, 'm5zn.xlarge_use1-az2': 1, 'm5zn.xlarge_use1-az4': 20, 'm5zn.xlarge_use1-az5': 5, 'm5zn.xlarge_use1-az6': 5, 'm6a.12xlarge_use1-az1': 5, 'm6a.12xlarge_use1-az2': 5, 'm6a.12xlarge_use1-az4': 15, 'm6a.12xlarge_use1-az6': 10, 'm6a.16xlarge_use1-az1': 5, 'm6a.16xlarge_use1-az2': 5, 'm6a.16xlarge_use1-az4': 5, 'm6a.16xlarge_use1-az6': 5, 'm6a.24xlarge_use1-az1': 1, 'm6a.24xlarge_use1-az2': 1, 'm6a.24xlarge_use1-az4': 1, 'm6a.24xlarge_use1-az6': 1, 'm6a.2xlarge_use1-az1': 50, 'm6a.2xlarge_use1-az2': 35, 'm6a.2xlarge_use1-az4': 45, 'm6a.2xlarge_use1-az5': 15, 'm6a.2xlarge_use1-az6': 50, 'm6a.32xlarge_use1-az2': 1, 'm6a.32xlarge_use1-az4': 1, 'm6a.32xlarge_use1-az5': 1, 'm6a.32xlarge_use1-az6': 1, 'm6a.48xlarge_use1-az2': 1, 'm6a.48xlarge_use1-az4': 1, 'm6a.48xlarge_use1-az6': 1, 'm6a.4xlarge_use1-az1': 45, 'm6a.4xlarge_use1-az2': 40, 'm6a.4xlarge_use1-az4': 25, 'm6a.4xlarge_use1-az5': 5, 'm6a.4xlarge_use1-az6': 50, 'm6a.8xlarge_use1-az1': 25, 'm6a.8xlarge_use1-az2': 15, 'm6a.8xlarge_use1-az4': 50, 'm6a.8xlarge_use1-az5': 10, 'm6a.8xlarge_use1-az6': 50, 'm6a.large_use1-az1': 50, 'm6a.large_use1-az2': 50, 'm6a.large_use1-az4': 50, 'm6a.large_use1-az5': 30, 'm6a.large_use1-az6': 50, 'm6a.xlarge_use1-az1': 50, 'm6a.xlarge_use1-az2': 50, 'm6a.xlarge_use1-az4': 50, 'm6a.xlarge_use1-az5': 35, 'm6a.xlarge_use1-az6': 50, 'm6g.12xlarge_use1-az1': 1, 'm6g.12xlarge_use1-az2': 5, 'm6g.12xlarge_use1-az4': 50, 'm6g.12xlarge_use1-az6': 50, 'm6g.16xlarge_use1-az1': 1, 'm6g.16xlarge_use1-az2': 5, 'm6g.16xlarge_use1-az4': 25, 'm6g.16xlarge_use1-az6': 50, 'm6g.2xlarge_use1-az1': 15, 'm6g.2xlarge_use1-az2': 50, 'm6g.2xlarge_use1-az4': 50, 'm6g.2xlarge_use1-az5': 5, 'm6g.2xlarge_use1-az6': 50, 'm6g.4xlarge_use1-az1': 10, 'm6g.4xlarge_use1-az2': 50, 'm6g.4xlarge_use1-az4': 50, 'm6g.4xlarge_use1-az5': 10, 'm6g.4xlarge_use1-az6': 50, 'm6g.8xlarge_use1-az1': 5, 'm6g.8xlarge_use1-az2': 50, 'm6g.8xlarge_use1-az4': 50, 'm6g.8xlarge_use1-az6': 50, 'm6g.large_use1-az1': 1, 'm6g.large_use1-az2': 50, 'm6g.large_use1-az4': 50, 'm6g.large_use1-az5': 5, 'm6g.large_use1-az6': 50, 'm6g.medium_use1-az1': 5, 'm6g.medium_use1-az2': 5, 'm6g.medium_use1-az4': 10, 'm6g.medium_use1-az5': 1, 'm6g.medium_use1-az6': 15, 'm6g.xlarge_use1-az1': 50, 'm6g.xlarge_use1-az2': 50, 'm6g.xlarge_use1-az4': 50, 'm6g.xlarge_use1-az5': 50, 'm6g.xlarge_use1-az6': 50, 'm6gd.12xlarge_use1-az1': 10, 'm6gd.12xlarge_use1-az2': 40, 'm6gd.12xlarge_use1-az4': 20, 'm6gd.12xlarge_use1-az5': 5, 'm6gd.12xlarge_use1-az6': 50, 'm6gd.16xlarge_use1-az1': 5, 'm6gd.16xlarge_use1-az2': 10, 'm6gd.16xlarge_use1-az4': 10, 'm6gd.16xlarge_use1-az5': 10, 'm6gd.16xlarge_use1-az6': 35, 'm6gd.2xlarge_use1-az1': 1, 'm6gd.2xlarge_use1-az2': 50, 'm6gd.2xlarge_use1-az4': 45, 'm6gd.2xlarge_use1-az5': 1, 'm6gd.2xlarge_use1-az6': 5, 'm6gd.4xlarge_use1-az1': 1, 'm6gd.4xlarge_use1-az2': 5, 'm6gd.4xlarge_use1-az4': 5, 'm6gd.4xlarge_use1-az5': 1, 'm6gd.4xlarge_use1-az6': 15, 'm6gd.8xlarge_use1-az1': 5, 'm6gd.8xlarge_use1-az2': 10, 'm6gd.8xlarge_use1-az4': 15, 'm6gd.8xlarge_use1-az5': 1, 'm6gd.8xlarge_use1-az6': 20, 'm6gd.large_use1-az1': 1, 'm6gd.large_use1-az2': 5, 'm6gd.large_use1-az4': 5, 'm6gd.large_use1-az5': 1, 'm6gd.large_use1-az6': 15, 'm6gd.medium_use1-az1': 1, 'm6gd.medium_use1-az2': 1, 'm6gd.medium_use1-az4': 1, 'm6gd.medium_use1-az5': 5, 'm6gd.medium_use1-az6': 1, 'm6gd.xlarge_use1-az1': 1, 'm6gd.xlarge_use1-az2': 10, 'm6gd.xlarge_use1-az4': 35, 'm6gd.xlarge_use1-az5': 1, 'm6gd.xlarge_use1-az6': 15, 'm6i.12xlarge_use1-az1': 1, 'm6i.12xlarge_use1-az2': 10, 'm6i.12xlarge_use1-az4': 50, 'm6i.12xlarge_use1-az5': 1, 'm6i.12xlarge_use1-az6': 30, 'm6i.16xlarge_use1-az1': 1, 'm6i.16xlarge_use1-az2': 10, 'm6i.16xlarge_use1-az4': 5, 'm6i.16xlarge_use1-az5': 1, 'm6i.16xlarge_use1-az6': 10, 'm6i.24xlarge_use1-az2': 10, 'm6i.24xlarge_use1-az4': 5, 'm6i.24xlarge_use1-az5': 1, 'm6i.24xlarge_use1-az6': 50, 'm6i.2xlarge_use1-az1': 25, 'm6i.2xlarge_use1-az2': 50, 'm6i.2xlarge_use1-az4': 50, 'm6i.2xlarge_use1-az5': 25, 'm6i.2xlarge_use1-az6': 50, 'm6i.32xlarge_use1-az2': 1, 'm6i.32xlarge_use1-az4': 5, 'm6i.32xlarge_use1-az5': 1, 'm6i.32xlarge_use1-az6': 15, 'm6i.4xlarge_use1-az1': 15, 'm6i.4xlarge_use1-az2': 50, 'm6i.4xlarge_use1-az4': 50, 'm6i.4xlarge_use1-az5': 50, 'm6i.4xlarge_use1-az6': 50, 'm6i.8xlarge_use1-az1': 1, 'm6i.8xlarge_use1-az2': 50, 'm6i.8xlarge_use1-az4': 50, 'm6i.8xlarge_use1-az5': 20, 'm6i.8xlarge_use1-az6': 50, 'm6i.large_use1-az1': 25, 'm6i.large_use1-az2': 50, 'm6i.large_use1-az4': 50, 'm6i.large_use1-az5': 50, 'm6i.large_use1-az6': 50, 'm6i.xlarge_use1-az1': 45, 'm6i.xlarge_use1-az2': 50, 'm6i.xlarge_use1-az4': 50, 'm6i.xlarge_use1-az5': 25, 'm6i.xlarge_use1-az6': 50, 'm6id.12xlarge_use1-az1': 1, 'm6id.12xlarge_use1-az2': 1, 'm6id.12xlarge_use1-az4': 1, 'm6id.12xlarge_use1-az6': 1, 'm6id.16xlarge_use1-az1': 1, 'm6id.16xlarge_use1-az2': 1, 'm6id.16xlarge_use1-az4': 1, 'm6id.16xlarge_use1-az6': 1, 'm6id.24xlarge_use1-az1': 10, 'm6id.24xlarge_use1-az2': 15, 'm6id.24xlarge_use1-az4': 35, 'm6id.24xlarge_use1-az5': 5, 'm6id.24xlarge_use1-az6': 15, 'm6id.2xlarge_use1-az1': 5, 'm6id.2xlarge_use1-az2': 5, 'm6id.2xlarge_use1-az4': 5, 'm6id.2xlarge_use1-az5': 1, 'm6id.2xlarge_use1-az6': 5, 'm6id.32xlarge_use1-az1': 10, 'm6id.32xlarge_use1-az2': 15, 'm6id.32xlarge_use1-az4': 5, 'm6id.32xlarge_use1-az5': 1, 'm6id.32xlarge_use1-az6': 50, 'm6id.4xlarge_use1-az1': 15, 'm6id.4xlarge_use1-az2': 10, 'm6id.4xlarge_use1-az4': 5, 'm6id.4xlarge_use1-az5': 1, 'm6id.4xlarge_use1-az6': 10, 'm6id.8xlarge_use1-az1': 1, 'm6id.8xlarge_use1-az4': 5, 'm6id.8xlarge_use1-az5': 1, 'm6id.8xlarge_use1-az6': 1, 'm6id.large_use1-az1': 30, 'm6id.large_use1-az2': 35, 'm6id.large_use1-az4': 15, 'm6id.large_use1-az5': 5, 'm6id.large_use1-az6': 50, 'm6id.xlarge_use1-az1': 20, 'm6id.xlarge_use1-az2': 45, 'm6id.xlarge_use1-az4': 15, 'm6id.xlarge_use1-az5': 5, 'm6id.xlarge_use1-az6': 25, 'm6idn.12xlarge_use1-az2': 1, 'm6idn.16xlarge_use1-az4': 1, 'm6idn.24xlarge_use1-az1': 1, 'm6idn.24xlarge_use1-az2': 1, 'm6idn.24xlarge_use1-az4': 1, 'm6idn.2xlarge_use1-az1': 5, 'm6idn.2xlarge_use1-az2': 10, 'm6idn.2xlarge_use1-az4': 5, 'm6idn.2xlarge_use1-az5': 1, 'm6idn.2xlarge_use1-az6': 5, 'm6idn.32xlarge_use1-az2': 1, 'm6idn.4xlarge_use1-az1': 30, 'm6idn.4xlarge_use1-az2': 10, 'm6idn.4xlarge_use1-az4': 5, 'm6idn.4xlarge_use1-az5': 5, 'm6idn.4xlarge_use1-az6': 5, 'm6idn.large_use1-az1': 25, 'm6idn.large_use1-az2': 35, 'm6idn.large_use1-az4': 15, 'm6idn.large_use1-az5': 10, 'm6idn.large_use1-az6': 10, 'm6idn.xlarge_use1-az1': 15, 'm6idn.xlarge_use1-az2': 50, 'm6idn.xlarge_use1-az4': 20, 'm6idn.xlarge_use1-az5': 5, 'm6idn.xlarge_use1-az6': 10, 'm6in.12xlarge_use1-az4': 1, 'm6in.16xlarge_use1-az2': 1, 'm6in.16xlarge_use1-az4': 1, 'm6in.24xlarge_use1-az1': 1, 'm6in.24xlarge_use1-az2': 1, 'm6in.2xlarge_use1-az1': 10, 'm6in.2xlarge_use1-az2': 20, 'm6in.2xlarge_use1-az4': 10, 'm6in.2xlarge_use1-az5': 1, 'm6in.2xlarge_use1-az6': 5, 'm6in.4xlarge_use1-az1': 1, 'm6in.4xlarge_use1-az2': 1, 'm6in.4xlarge_use1-az5': 1, 'm6in.8xlarge_use1-az1': 1, 'm6in.8xlarge_use1-az2': 1, 'm6in.8xlarge_use1-az4': 1, 'm6in.large_use1-az1': 5, 'm6in.large_use1-az2': 10, 'm6in.large_use1-az4': 5, 'm6in.large_use1-az5': 1, 'm6in.large_use1-az6': 1, 'm6in.xlarge_use1-az1': 5, 'm6in.xlarge_use1-az2': 10, 'm6in.xlarge_use1-az4': 1, 'm7a.12xlarge_use1-az2': 1, 'm7a.12xlarge_use1-az6': 20, 'm7a.16xlarge_use1-az2': 1, 'm7a.16xlarge_use1-az6': 40, 'm7a.24xlarge_use1-az2': 1, 'm7a.24xlarge_use1-az6': 50, 'm7a.2xlarge_use1-az1': 5, 'm7a.2xlarge_use1-az2': 15, 'm7a.2xlarge_use1-az4': 10, 'm7a.2xlarge_use1-az6': 50, 'm7a.32xlarge_use1-az6': 20, 'm7a.48xlarge_use1-az6': 40, 'm7a.4xlarge_use1-az1': 10, 'm7a.4xlarge_use1-az2': 5, 'm7a.4xlarge_use1-az4': 10, 'm7a.4xlarge_use1-az6': 25, 'm7a.8xlarge_use1-az1': 1, 'm7a.8xlarge_use1-az2': 5, 'm7a.8xlarge_use1-az4': 1, 'm7a.8xlarge_use1-az6': 50, 'm7a.large_use1-az1': 15, 'm7a.large_use1-az2': 50, 'm7a.large_use1-az4': 50, 'm7a.large_use1-az5': 5, 'm7a.large_use1-az6': 50, 'm7a.medium_use1-az1': 10, 'm7a.medium_use1-az2': 50, 'm7a.medium_use1-az4': 50, 'm7a.medium_use1-az6': 50, 'm7a.xlarge_use1-az1': 5, 'm7a.xlarge_use1-az2': 40, 'm7a.xlarge_use1-az4': 50, 'm7a.xlarge_use1-az6': 50, 'm7g.12xlarge_use1-az1': 1, 'm7g.12xlarge_use1-az2': 10, 'm7g.12xlarge_use1-az4': 45, 'm7g.12xlarge_use1-az5': 1, 'm7g.12xlarge_use1-az6': 50, 'm7g.16xlarge_use1-az1': 1, 'm7g.16xlarge_use1-az2': 30, 'm7g.16xlarge_use1-az4': 35, 'm7g.16xlarge_use1-az5': 1, 'm7g.16xlarge_use1-az6': 50, 'm7g.2xlarge_use1-az1': 35, 'm7g.2xlarge_use1-az2': 50, 'm7g.2xlarge_use1-az4': 50, 'm7g.2xlarge_use1-az5': 15, 'm7g.2xlarge_use1-az6': 50, 'm7g.4xlarge_use1-az1': 10, 'm7g.4xlarge_use1-az2': 30, 'm7g.4xlarge_use1-az4': 50, 'm7g.4xlarge_use1-az5': 10, 'm7g.4xlarge_use1-az6': 50, 'm7g.8xlarge_use1-az1': 1, 'm7g.8xlarge_use1-az2': 15, 'm7g.8xlarge_use1-az4': 40, 'm7g.8xlarge_use1-az5': 1, 'm7g.8xlarge_use1-az6': 50, 'm7g.large_use1-az1': 10, 'm7g.large_use1-az2': 50, 'm7g.large_use1-az4': 50, 'm7g.large_use1-az5': 30, 'm7g.large_use1-az6': 50, 'm7g.medium_use1-az1': 30, 'm7g.medium_use1-az2': 40, 'm7g.medium_use1-az4': 50, 'm7g.medium_use1-az5': 35, 'm7g.medium_use1-az6': 50, 'm7g.metal_use1-az1': 1, 'm7g.metal_use1-az2': 25, 'm7g.metal_use1-az4': 10, 'm7g.metal_use1-az5': 1, 'm7g.metal_use1-az6': 50, 'm7g.xlarge_use1-az1': 50, 'm7g.xlarge_use1-az2': 50, 'm7g.xlarge_use1-az4': 50, 'm7g.xlarge_use1-az5': 50, 'm7g.xlarge_use1-az6': 50, 'm7gd.12xlarge_use1-az1': 5, 'm7gd.12xlarge_use1-az2': 10, 'm7gd.12xlarge_use1-az4': 1, 'm7gd.12xlarge_use1-az6': 35, 'm7gd.16xlarge_use1-az1': 1, 'm7gd.16xlarge_use1-az2': 30, 'm7gd.16xlarge_use1-az4': 1, 'm7gd.16xlarge_use1-az6': 40, 'm7gd.2xlarge_use1-az1': 15, 'm7gd.2xlarge_use1-az2': 50, 'm7gd.2xlarge_use1-az4': 15, 'm7gd.2xlarge_use1-az6': 25, 'm7gd.4xlarge_use1-az1': 5, 'm7gd.4xlarge_use1-az2': 10, 'm7gd.4xlarge_use1-az4': 1, 'm7gd.4xlarge_use1-az6': 40, 'm7gd.8xlarge_use1-az1': 10, 'm7gd.8xlarge_use1-az2': 50, 'm7gd.8xlarge_use1-az4': 30, 'm7gd.8xlarge_use1-az5': 45, 'm7gd.8xlarge_use1-az6': 50, 'm7gd.large_use1-az1': 5, 'm7gd.large_use1-az2': 50, 'm7gd.large_use1-az4': 5, 'm7gd.large_use1-az6': 50, 'm7gd.medium_use1-az1': 15, 'm7gd.medium_use1-az2': 20, 'm7gd.medium_use1-az4': 15, 'm7gd.medium_use1-az5': 20, 'm7gd.medium_use1-az6': 25, 'm7gd.metal_use1-az1': 5, 'm7gd.metal_use1-az2': 15, 'm7gd.metal_use1-az4': 1, 'm7gd.metal_use1-az6': 15, 'm7gd.xlarge_use1-az1': 5, 'm7gd.xlarge_use1-az2': 10, 'm7gd.xlarge_use1-az4': 10, 'm7gd.xlarge_use1-az5': 1, 'm7gd.xlarge_use1-az6': 25, 'm7i-flex.2xlarge_use1-az1': 50, 'm7i-flex.2xlarge_use1-az2': 50, 'm7i-flex.2xlarge_use1-az4': 15, 'm7i-flex.2xlarge_use1-az5': 10, 'm7i-flex.2xlarge_use1-az6': 50, 'm7i-flex.4xlarge_use1-az2': 5, 'm7i-flex.4xlarge_use1-az4': 5, 'm7i-flex.4xlarge_use1-az6': 25, 'm7i-flex.8xlarge_use1-az1': 1, 'm7i-flex.8xlarge_use1-az2': 5, 'm7i-flex.8xlarge_use1-az4': 5, 'm7i-flex.8xlarge_use1-az5': 1, 'm7i-flex.8xlarge_use1-az6': 10, 'm7i-flex.large_use1-az1': 20, 'm7i-flex.large_use1-az2': 50, 'm7i-flex.large_use1-az4': 25, 'm7i-flex.large_use1-az5': 25, 'm7i-flex.large_use1-az6': 50, 'm7i-flex.xlarge_use1-az1': 50, 'm7i-flex.xlarge_use1-az2': 50, 'm7i-flex.xlarge_use1-az4': 50, 'm7i-flex.xlarge_use1-az5': 15, 'm7i-flex.xlarge_use1-az6': 50, 'm7i.12xlarge_use1-az1': 1, 'm7i.12xlarge_use1-az2': 5, 'm7i.12xlarge_use1-az4': 15, 'm7i.12xlarge_use1-az6': 50, 'm7i.16xlarge_use1-az1': 5, 'm7i.16xlarge_use1-az2': 10, 'm7i.16xlarge_use1-az4': 10, 'm7i.16xlarge_use1-az6': 50, 'm7i.24xlarge_use1-az2': 5, 'm7i.24xlarge_use1-az4': 5, 'm7i.24xlarge_use1-az6': 50, 'm7i.2xlarge_use1-az1': 1, 'm7i.2xlarge_use1-az2': 50, 'm7i.2xlarge_use1-az4': 50, 'm7i.2xlarge_use1-az6': 50, 'm7i.48xlarge_use1-az1': 1, 'm7i.48xlarge_use1-az2': 5, 'm7i.48xlarge_use1-az4': 20, 'm7i.48xlarge_use1-az6': 50, 'm7i.4xlarge_use1-az1': 1, 'm7i.4xlarge_use1-az2': 25, 'm7i.4xlarge_use1-az4': 10, 'm7i.4xlarge_use1-az6': 50, 'm7i.8xlarge_use1-az1': 40, 'm7i.8xlarge_use1-az2': 20, 'm7i.8xlarge_use1-az4': 50, 'm7i.8xlarge_use1-az6': 50, 'm7i.large_use1-az1': 50, 'm7i.large_use1-az2': 50, 'm7i.large_use1-az4': 50, 'm7i.large_use1-az5': 1, 'm7i.large_use1-az6': 50, 'm7i.xlarge_use1-az1': 30, 'm7i.xlarge_use1-az2': 35, 'm7i.xlarge_use1-az4': 50, 'm7i.xlarge_use1-az6': 50, 'm8g.12xlarge_use1-az2': 10, 'm8g.12xlarge_use1-az4': 10, 'm8g.12xlarge_use1-az5': 1, 'm8g.12xlarge_use1-az6': 35, 'm8g.16xlarge_use1-az2': 5, 'm8g.16xlarge_use1-az4': 5, 'm8g.16xlarge_use1-az5': 5, 'm8g.16xlarge_use1-az6': 45, 'm8g.24xlarge_use1-az2': 5, 'm8g.24xlarge_use1-az4': 1, 'm8g.24xlarge_use1-az5': 1, 'm8g.24xlarge_use1-az6': 25, 'm8g.2xlarge_use1-az4': 10, 'm8g.2xlarge_use1-az5': 10, 'm8g.48xlarge_use1-az2': 5, 'm8g.48xlarge_use1-az4': 5, 'm8g.48xlarge_use1-az6': 20, 'm8g.4xlarge_use1-az2': 5, 'm8g.4xlarge_use1-az4': 5, 'm8g.4xlarge_use1-az5': 1, 'm8g.4xlarge_use1-az6': 40, 'm8g.8xlarge_use1-az2': 10, 'm8g.8xlarge_use1-az4': 20, 'm8g.8xlarge_use1-az5': 1, 'm8g.8xlarge_use1-az6': 40, 'm8g.large_use1-az1': 1, 'm8g.large_use1-az2': 20, 'm8g.large_use1-az6': 45, 'm8g.medium_use1-az1': 1, 'm8g.medium_use1-az2': 15, 'm8g.metal-48xl_use1-az2': 5, 'm8g.metal-48xl_use1-az6': 25, 'm8g.xlarge_use1-az1': 1, 'm8g.xlarge_use1-az5': 15, 'm8g.xlarge_use1-az6': 50, 'm8gd.16xlarge_use1-az5': 1, 'm8gd.4xlarge_use1-az2': 5, 'm8gd.4xlarge_use1-az4': 1, 'm8gd.4xlarge_use1-az6': 1, 'm8gd.8xlarge_use1-az5': 1, 'm8gd.8xlarge_use1-az6': 5, 'm8gd.large_use1-az1': 20, 'm8gd.large_use1-az2': 15, 'm8gd.large_use1-az5': 1, 'm8gd.large_use1-az6': 1, 'm8gd.medium_use1-az6': 1, 'm8gd.metal-24xl_use1-az2': 1, 'm8gd.xlarge_use1-az1': 1, 'm8gd.xlarge_use1-az5': 1, 'm8i-flex.16xlarge_use1-az6': 5, 'm8i-flex.2xlarge_use1-az2': 10, 'm8i-flex.2xlarge_use1-az4': 1, 'm8i-flex.2xlarge_use1-az6': 50, 'm8i-flex.4xlarge_use1-az2': 1, 'm8i-flex.4xlarge_use1-az4': 1, 'm8i-flex.4xlarge_use1-az6': 5, 'm8i-flex.8xlarge_use1-az6': 1, 'm8i-flex.large_use1-az2': 5, 'm8i-flex.xlarge_use1-az2': 10, 'm8i-flex.xlarge_use1-az4': 25, 'm8i-flex.xlarge_use1-az6': 50, 'm8i.12xlarge_use1-az6': 1, 'm8i.16xlarge_use1-az4': 1, 'm8i.16xlarge_use1-az6': 1, 'm8i.24xlarge_use1-az6': 1, 'm8i.2xlarge_use1-az2': 10, 'm8i.2xlarge_use1-az4': 1, 'm8i.2xlarge_use1-az6': 10, 'm8i.32xlarge_use1-az2': 1, 'm8i.32xlarge_use1-az6': 5, 'm8i.48xlarge_use1-az2': 1, 'm8i.48xlarge_use1-az6': 5, 'm8i.4xlarge_use1-az2': 5, 'm8i.4xlarge_use1-az4': 1, 'm8i.4xlarge_use1-az6': 5, 'm8i.8xlarge_use1-az2': 1, 'm8i.8xlarge_use1-az4': 1, 'm8i.8xlarge_use1-az6': 20, 'm8i.96xlarge_use1-az6': 1, 'm8i.large_use1-az4': 25, 'm8i.metal-48xl_use1-az6': 1, 'm8i.metal-96xl_use1-az6': 1, 'm8i.xlarge_use1-az2': 30, 'm8i.xlarge_use1-az4': 10, 'p3.2xlarge_use1-az1': 50, 'p3.2xlarge_use1-az2': 50, 'p3.2xlarge_use1-az5': 50, 'p3.2xlarge_use1-az6': 50, 'p3dn.24xlarge_use1-az1': 15, 'p3dn.24xlarge_use1-az6': 50, 'p4d.24xlarge_use1-az6': 1, 'p5.48xlarge_use1-az2': 15, 'r3.2xlarge_use1-az2': 1, 'r3.2xlarge_use1-az4': 1, 'r3.2xlarge_use1-az6': 1, 'r3.4xlarge_use1-az4': 1, 'r3.4xlarge_use1-az6': 1, 'r3.8xlarge_use1-az2': 1, 'r3.8xlarge_use1-az4': 1, 'r3.8xlarge_use1-az6': 5, 'r3.large_use1-az2': 50, 'r3.large_use1-az4': 50, 'r3.large_use1-az6': 50, 'r3.xlarge_use1-az2': 40, 'r3.xlarge_use1-az4': 50, 'r3.xlarge_use1-az6': 50, 'r4.16xlarge_use1-az1': 10, 'r4.16xlarge_use1-az2': 10, 'r4.16xlarge_use1-az3': 50, 'r4.16xlarge_use1-az4': 35, 'r4.16xlarge_use1-az5': 15, 'r4.16xlarge_use1-az6': 10, 'r4.2xlarge_use1-az1': 20, 'r4.2xlarge_use1-az2': 50, 'r4.2xlarge_use1-az3': 50, 'r4.2xlarge_use1-az4': 50, 'r4.2xlarge_use1-az5': 5, 'r4.2xlarge_use1-az6': 50, 'r4.4xlarge_use1-az1': 20, 'r4.4xlarge_use1-az2': 50, 'r4.4xlarge_use1-az3': 40, 'r4.4xlarge_use1-az4': 15, 'r4.4xlarge_use1-az5': 5, 'r4.4xlarge_use1-az6': 50, 'r4.8xlarge_use1-az1': 50, 'r4.8xlarge_use1-az2': 50, 'r4.8xlarge_use1-az3': 25, 'r4.8xlarge_use1-az4': 50, 'r4.8xlarge_use1-az5': 5, 'r4.8xlarge_use1-az6': 50, 'r4.large_use1-az1': 35, 'r4.large_use1-az2': 50, 'r4.large_use1-az3': 10, 'r4.large_use1-az4': 50, 'r4.large_use1-az5': 20, 'r4.large_use1-az6': 50, 'r4.xlarge_use1-az1': 50, 'r4.xlarge_use1-az2': 50, 'r4.xlarge_use1-az3': 50, 'r4.xlarge_use1-az4': 50, 'r4.xlarge_use1-az5': 30, 'r4.xlarge_use1-az6': 50, 'r5.12xlarge_use1-az1': 5, 'r5.12xlarge_use1-az2': 5, 'r5.12xlarge_use1-az4': 50, 'r5.12xlarge_use1-az5': 5, 'r5.12xlarge_use1-az6': 5, 'r5.16xlarge_use1-az1': 5, 'r5.16xlarge_use1-az4': 35, 'r5.16xlarge_use1-az5': 30, 'r5.16xlarge_use1-az6': 5, 'r5.24xlarge_use1-az4': 15, 'r5.24xlarge_use1-az5': 5, 'r5.24xlarge_use1-az6': 5, 'r5.2xlarge_use1-az1': 50, 'r5.2xlarge_use1-az2': 50, 'r5.2xlarge_use1-az4': 50, 'r5.2xlarge_use1-az5': 5, 'r5.2xlarge_use1-az6': 50, 'r5.4xlarge_use1-az1': 50, 'r5.4xlarge_use1-az2': 50, 'r5.4xlarge_use1-az4': 50, 'r5.4xlarge_use1-az5': 5, 'r5.4xlarge_use1-az6': 50, 'r5.8xlarge_use1-az1': 50, 'r5.8xlarge_use1-az2': 50, 'r5.8xlarge_use1-az4': 50, 'r5.8xlarge_use1-az5': 5, 'r5.8xlarge_use1-az6': 5, 'r5.large_use1-az1': 50, 'r5.large_use1-az2': 50, 'r5.large_use1-az4': 50, 'r5.large_use1-az5': 50, 'r5.large_use1-az6': 50, 'r5.xlarge_use1-az1': 50, 'r5.xlarge_use1-az2': 50, 'r5.xlarge_use1-az4': 50, 'r5.xlarge_use1-az5': 50, 'r5.xlarge_use1-az6': 50, 'r5a.12xlarge_use1-az1': 1, 'r5a.12xlarge_use1-az2': 1, 'r5a.12xlarge_use1-az4': 5, 'r5a.12xlarge_use1-az6': 5, 'r5a.16xlarge_use1-az1': 10, 'r5a.16xlarge_use1-az2': 10, 'r5a.16xlarge_use1-az4': 10, 'r5a.16xlarge_use1-az5': 5, 'r5a.16xlarge_use1-az6': 5, 'r5a.24xlarge_use1-az1': 5, 'r5a.24xlarge_use1-az2': 15, 'r5a.24xlarge_use1-az4': 10, 'r5a.24xlarge_use1-az5': 1, 'r5a.24xlarge_use1-az6': 10, 'r5a.2xlarge_use1-az1': 10, 'r5a.2xlarge_use1-az2': 20, 'r5a.2xlarge_use1-az4': 35, 'r5a.2xlarge_use1-az5': 5, 'r5a.2xlarge_use1-az6': 30, 'r5a.4xlarge_use1-az1': 25, 'r5a.4xlarge_use1-az2': 50, 'r5a.4xlarge_use1-az4': 50, 'r5a.4xlarge_use1-az5': 5, 'r5a.4xlarge_use1-az6': 50, 'r5a.8xlarge_use1-az1': 25, 'r5a.8xlarge_use1-az2': 10, 'r5a.8xlarge_use1-az4': 15, 'r5a.8xlarge_use1-az5': 30, 'r5a.8xlarge_use1-az6': 20, 'r5a.large_use1-az1': 50, 'r5a.large_use1-az2': 50, 'r5a.large_use1-az4': 50, 'r5a.large_use1-az5': 25, 'r5a.large_use1-az6': 50, 'r5a.xlarge_use1-az1': 20, 'r5a.xlarge_use1-az2': 50, 'r5a.xlarge_use1-az4': 50, 'r5a.xlarge_use1-az5': 5, 'r5a.xlarge_use1-az6': 50, 'r5ad.12xlarge_use1-az2': 1, 'r5ad.16xlarge_use1-az2': 50, 'r5ad.16xlarge_use1-az4': 10, 'r5ad.16xlarge_use1-az5': 1, 'r5ad.16xlarge_use1-az6': 10, 'r5ad.24xlarge_use1-az2': 25, 'r5ad.24xlarge_use1-az4': 1, 'r5ad.24xlarge_use1-az6': 10, 'r5ad.2xlarge_use1-az1': 1, 'r5ad.2xlarge_use1-az2': 1, 'r5ad.2xlarge_use1-az4': 1, 'r5ad.2xlarge_use1-az5': 1, 'r5ad.2xlarge_use1-az6': 1, 'r5ad.4xlarge_use1-az1': 1, 'r5ad.4xlarge_use1-az2': 10, 'r5ad.4xlarge_use1-az4': 5, 'r5ad.4xlarge_use1-az5': 1, 'r5ad.4xlarge_use1-az6': 1, 'r5ad.8xlarge_use1-az2': 5, 'r5ad.8xlarge_use1-az4': 20, 'r5ad.8xlarge_use1-az5': 1, 'r5ad.8xlarge_use1-az6': 10, 'r5ad.large_use1-az1': 1, 'r5ad.large_use1-az2': 30, 'r5ad.large_use1-az4': 10, 'r5ad.large_use1-az5': 5, 'r5ad.large_use1-az6': 10, 'r5ad.xlarge_use1-az1': 1, 'r5ad.xlarge_use1-az2': 10, 'r5ad.xlarge_use1-az4': 10, 'r5ad.xlarge_use1-az5': 1, 'r5ad.xlarge_use1-az6': 5, 'r5b.12xlarge_use1-az1': 5, 'r5b.12xlarge_use1-az4': 5, 'r5b.12xlarge_use1-az6': 1, 'r5b.16xlarge_use1-az1': 5, 'r5b.16xlarge_use1-az2': 5, 'r5b.16xlarge_use1-az4': 5, 'r5b.16xlarge_use1-az6': 5, 'r5b.24xlarge_use1-az1': 1, 'r5b.24xlarge_use1-az4': 5, 'r5b.24xlarge_use1-az6': 1, 'r5b.2xlarge_use1-az1': 1, 'r5b.2xlarge_use1-az2': 1, 'r5b.2xlarge_use1-az4': 1, 'r5b.2xlarge_use1-az6': 1, 'r5b.4xlarge_use1-az1': 5, 'r5b.4xlarge_use1-az2': 5, 'r5b.4xlarge_use1-az4': 5, 'r5b.4xlarge_use1-az6': 5, 'r5b.8xlarge_use1-az1': 5, 'r5b.8xlarge_use1-az2': 1, 'r5b.8xlarge_use1-az4': 1, 'r5b.8xlarge_use1-az6': 1, 'r5b.large_use1-az1': 1, 'r5b.large_use1-az2': 5, 'r5b.large_use1-az4': 10, 'r5b.large_use1-az6': 5, 'r5b.xlarge_use1-az1': 1, 'r5b.xlarge_use1-az2': 1, 'r5b.xlarge_use1-az4': 5, 'r5b.xlarge_use1-az6': 1, 'r5d.12xlarge_use1-az1': 1, 'r5d.12xlarge_use1-az2': 5, 'r5d.12xlarge_use1-az4': 10, 'r5d.12xlarge_use1-az6': 1, 'r5d.16xlarge_use1-az1': 5, 'r5d.16xlarge_use1-az2': 50, 'r5d.16xlarge_use1-az4': 50, 'r5d.16xlarge_use1-az5': 10, 'r5d.16xlarge_use1-az6': 50, 'r5d.24xlarge_use1-az1': 1, 'r5d.24xlarge_use1-az2': 1, 'r5d.24xlarge_use1-az4': 10, 'r5d.24xlarge_use1-az5': 1, 'r5d.24xlarge_use1-az6': 10, 'r5d.2xlarge_use1-az1': 5, 'r5d.2xlarge_use1-az2': 15, 'r5d.2xlarge_use1-az4': 15, 'r5d.2xlarge_use1-az5': 1, 'r5d.2xlarge_use1-az6': 15, 'r5d.4xlarge_use1-az1': 5, 'r5d.4xlarge_use1-az2': 20, 'r5d.4xlarge_use1-az4': 45, 'r5d.4xlarge_use1-az5': 5, 'r5d.4xlarge_use1-az6': 25, 'r5d.8xlarge_use1-az1': 5, 'r5d.8xlarge_use1-az2': 15, 'r5d.8xlarge_use1-az4': 15, 'r5d.8xlarge_use1-az5': 5, 'r5d.8xlarge_use1-az6': 50, 'r5d.large_use1-az1': 10, 'r5d.large_use1-az2': 50, 'r5d.large_use1-az4': 50, 'r5d.large_use1-az5': 5, 'r5d.large_use1-az6': 50, 'r5d.xlarge_use1-az1': 1, 'r5d.xlarge_use1-az2': 15, 'r5d.xlarge_use1-az4': 15, 'r5d.xlarge_use1-az5': 1, 'r5d.xlarge_use1-az6': 10, 'r5dn.12xlarge_use1-az1': 1, 'r5dn.12xlarge_use1-az2': 1, 'r5dn.12xlarge_use1-az4': 1, 'r5dn.12xlarge_use1-az5': 1, 'r5dn.12xlarge_use1-az6': 1, 'r5dn.16xlarge_use1-az1': 5, 'r5dn.16xlarge_use1-az2': 5, 'r5dn.16xlarge_use1-az4': 15, 'r5dn.16xlarge_use1-az5': 10, 'r5dn.16xlarge_use1-az6': 30, 'r5dn.24xlarge_use1-az2': 5, 'r5dn.24xlarge_use1-az4': 10, 'r5dn.24xlarge_use1-az5': 1, 'r5dn.24xlarge_use1-az6': 25, 'r5dn.2xlarge_use1-az1': 50, 'r5dn.2xlarge_use1-az2': 45, 'r5dn.2xlarge_use1-az4': 30, 'r5dn.2xlarge_use1-az5': 50, 'r5dn.2xlarge_use1-az6': 5, 'r5dn.4xlarge_use1-az1': 5, 'r5dn.4xlarge_use1-az2': 25, 'r5dn.4xlarge_use1-az4': 45, 'r5dn.4xlarge_use1-az5': 5, 'r5dn.4xlarge_use1-az6': 20, 'r5dn.8xlarge_use1-az1': 1, 'r5dn.8xlarge_use1-az2': 5, 'r5dn.8xlarge_use1-az4': 5, 'r5dn.8xlarge_use1-az5': 5, 'r5dn.8xlarge_use1-az6': 50, 'r5dn.large_use1-az1': 50, 'r5dn.large_use1-az2': 50, 'r5dn.large_use1-az4': 50, 'r5dn.large_use1-az5': 50, 'r5dn.large_use1-az6': 50, 'r5dn.xlarge_use1-az1': 5, 'r5dn.xlarge_use1-az2': 15, 'r5dn.xlarge_use1-az4': 15, 'r5dn.xlarge_use1-az5': 15, 'r5dn.xlarge_use1-az6': 15, 'r5n.12xlarge_use1-az2': 1, 'r5n.12xlarge_use1-az4': 1, 'r5n.12xlarge_use1-az6': 1, 'r5n.16xlarge_use1-az1': 1, 'r5n.16xlarge_use1-az2': 10, 'r5n.16xlarge_use1-az4': 35, 'r5n.16xlarge_use1-az5': 1, 'r5n.16xlarge_use1-az6': 20, 'r5n.2xlarge_use1-az1': 5, 'r5n.2xlarge_use1-az2': 5, 'r5n.2xlarge_use1-az4': 15, 'r5n.2xlarge_use1-az5': 1, 'r5n.2xlarge_use1-az6': 1, 'r5n.4xlarge_use1-az1': 5, 'r5n.4xlarge_use1-az2': 25, 'r5n.4xlarge_use1-az4': 15, 'r5n.4xlarge_use1-az5': 5, 'r5n.4xlarge_use1-az6': 35, 'r5n.8xlarge_use1-az1': 10, 'r5n.8xlarge_use1-az2': 20, 'r5n.8xlarge_use1-az4': 35, 'r5n.8xlarge_use1-az6': 15, 'r5n.large_use1-az1': 20, 'r5n.large_use1-az2': 50, 'r5n.large_use1-az4': 50, 'r5n.large_use1-az5': 10, 'r5n.large_use1-az6': 30, 'r5n.xlarge_use1-az1': 1, 'r5n.xlarge_use1-az2': 10, 'r5n.xlarge_use1-az4': 15, 'r5n.xlarge_use1-az5': 1, 'r5n.xlarge_use1-az6': 20, 'r6a.12xlarge_use1-az1': 1, 'r6a.12xlarge_use1-az2': 10, 'r6a.12xlarge_use1-az4': 5, 'r6a.12xlarge_use1-az6': 10, 'r6a.16xlarge_use1-az1': 5, 'r6a.16xlarge_use1-az2': 15, 'r6a.16xlarge_use1-az4': 30, 'r6a.16xlarge_use1-az5': 15, 'r6a.16xlarge_use1-az6': 40, 'r6a.24xlarge_use1-az2': 5, 'r6a.24xlarge_use1-az4': 1, 'r6a.24xlarge_use1-az5': 1, 'r6a.24xlarge_use1-az6': 5, 'r6a.2xlarge_use1-az1': 50, 'r6a.2xlarge_use1-az2': 50, 'r6a.2xlarge_use1-az4': 40, 'r6a.2xlarge_use1-az5': 1, 'r6a.2xlarge_use1-az6': 50, 'r6a.32xlarge_use1-az2': 5, 'r6a.32xlarge_use1-az4': 5, 'r6a.32xlarge_use1-az5': 5, 'r6a.32xlarge_use1-az6': 5, 'r6a.48xlarge_use1-az2': 5, 'r6a.48xlarge_use1-az4': 5, 'r6a.48xlarge_use1-az5': 5, 'r6a.48xlarge_use1-az6': 1, 'r6a.4xlarge_use1-az1': 50, 'r6a.4xlarge_use1-az2': 50, 'r6a.4xlarge_use1-az4': 50, 'r6a.4xlarge_use1-az5': 40, 'r6a.4xlarge_use1-az6': 50, 'r6a.8xlarge_use1-az1': 20, 'r6a.8xlarge_use1-az2': 50, 'r6a.8xlarge_use1-az4': 50, 'r6a.8xlarge_use1-az5': 50, 'r6a.8xlarge_use1-az6': 50, 'r6a.large_use1-az1': 50, 'r6a.large_use1-az2': 50, 'r6a.large_use1-az4': 50, 'r6a.large_use1-az5': 50, 'r6a.large_use1-az6': 50, 'r6a.xlarge_use1-az1': 50, 'r6a.xlarge_use1-az2': 50, 'r6a.xlarge_use1-az4': 50, 'r6a.xlarge_use1-az5': 50, 'r6a.xlarge_use1-az6': 50, 'r6g.12xlarge_use1-az2': 50, 'r6g.12xlarge_use1-az4': 45, 'r6g.12xlarge_use1-az5': 10, 'r6g.12xlarge_use1-az6': 50, 'r6g.16xlarge_use1-az1': 1, 'r6g.16xlarge_use1-az2': 50, 'r6g.16xlarge_use1-az4': 50, 'r6g.16xlarge_use1-az5': 50, 'r6g.16xlarge_use1-az6': 50, 'r6g.2xlarge_use1-az1': 1, 'r6g.2xlarge_use1-az2': 25, 'r6g.2xlarge_use1-az4': 40, 'r6g.2xlarge_use1-az5': 10, 'r6g.2xlarge_use1-az6': 50, 'r6g.4xlarge_use1-az1': 10, 'r6g.4xlarge_use1-az2': 50, 'r6g.4xlarge_use1-az4': 50, 'r6g.4xlarge_use1-az5': 50, 'r6g.4xlarge_use1-az6': 50, 'r6g.8xlarge_use1-az1': 1, 'r6g.8xlarge_use1-az2': 10, 'r6g.8xlarge_use1-az4': 50, 'r6g.8xlarge_use1-az5': 50, 'r6g.8xlarge_use1-az6': 50, 'r6g.large_use1-az1': 10, 'r6g.large_use1-az2': 40, 'r6g.large_use1-az4': 50, 'r6g.large_use1-az5': 5, 'r6g.large_use1-az6': 50, 'r6g.medium_use1-az1': 1, 'r6g.medium_use1-az2': 10, 'r6g.medium_use1-az4': 15, 'r6g.medium_use1-az5': 15, 'r6g.medium_use1-az6': 35, 'r6g.xlarge_use1-az1': 1, 'r6g.xlarge_use1-az2': 50, 'r6g.xlarge_use1-az4': 50, 'r6g.xlarge_use1-az5': 50, 'r6g.xlarge_use1-az6': 50, 'r6gd.12xlarge_use1-az1': 1, 'r6gd.12xlarge_use1-az2': 5, 'r6gd.12xlarge_use1-az4': 10, 'r6gd.12xlarge_use1-az5': 1, 'r6gd.12xlarge_use1-az6': 10, 'r6gd.16xlarge_use1-az1': 5, 'r6gd.16xlarge_use1-az2': 5, 'r6gd.16xlarge_use1-az4': 50, 'r6gd.16xlarge_use1-az5': 1, 'r6gd.16xlarge_use1-az6': 45, 'r6gd.2xlarge_use1-az1': 1, 'r6gd.2xlarge_use1-az2': 20, 'r6gd.2xlarge_use1-az4': 30, 'r6gd.2xlarge_use1-az5': 1, 'r6gd.2xlarge_use1-az6': 1, 'r6gd.4xlarge_use1-az1': 5, 'r6gd.4xlarge_use1-az2': 20, 'r6gd.4xlarge_use1-az4': 50, 'r6gd.4xlarge_use1-az5': 1, 'r6gd.4xlarge_use1-az6': 25, 'r6gd.8xlarge_use1-az1': 1, 'r6gd.8xlarge_use1-az2': 10, 'r6gd.8xlarge_use1-az4': 20, 'r6gd.8xlarge_use1-az5': 1, 'r6gd.8xlarge_use1-az6': 30, 'r6gd.large_use1-az1': 50, 'r6gd.large_use1-az2': 50, 'r6gd.large_use1-az4': 50, 'r6gd.large_use1-az5': 50, 'r6gd.large_use1-az6': 50, 'r6gd.medium_use1-az1': 5, 'r6gd.medium_use1-az2': 1, 'r6gd.medium_use1-az4': 5, 'r6gd.medium_use1-az5': 5, 'r6gd.medium_use1-az6': 1, 'r6gd.xlarge_use1-az1': 1, 'r6gd.xlarge_use1-az2': 1, 'r6gd.xlarge_use1-az4': 5, 'r6gd.xlarge_use1-az6': 10, 'r6i.12xlarge_use1-az1': 5, 'r6i.12xlarge_use1-az2': 5, 'r6i.12xlarge_use1-az4': 5, 'r6i.12xlarge_use1-az5': 1, 'r6i.12xlarge_use1-az6': 10, 'r6i.16xlarge_use1-az1': 1, 'r6i.16xlarge_use1-az2': 1, 'r6i.16xlarge_use1-az4': 10, 'r6i.16xlarge_use1-az5': 10, 'r6i.16xlarge_use1-az6': 1, 'r6i.24xlarge_use1-az4': 10, 'r6i.24xlarge_use1-az5': 1, 'r6i.24xlarge_use1-az6': 5, 'r6i.2xlarge_use1-az1': 15, 'r6i.2xlarge_use1-az2': 35, 'r6i.2xlarge_use1-az4': 50, 'r6i.2xlarge_use1-az5': 5, 'r6i.2xlarge_use1-az6': 50, 'r6i.32xlarge_use1-az4': 1, 'r6i.32xlarge_use1-az5': 1, 'r6i.32xlarge_use1-az6': 1, 'r6i.4xlarge_use1-az1': 30, 'r6i.4xlarge_use1-az2': 20, 'r6i.4xlarge_use1-az4': 20, 'r6i.4xlarge_use1-az5': 10, 'r6i.4xlarge_use1-az6': 40, 'r6i.8xlarge_use1-az1': 5, 'r6i.8xlarge_use1-az2': 10, 'r6i.8xlarge_use1-az4': 10, 'r6i.8xlarge_use1-az5': 5, 'r6i.8xlarge_use1-az6': 10, 'r6i.large_use1-az1': 20, 'r6i.large_use1-az2': 50, 'r6i.large_use1-az4': 50, 'r6i.large_use1-az5': 20, 'r6i.large_use1-az6': 50, 'r6i.xlarge_use1-az1': 15, 'r6i.xlarge_use1-az2': 45, 'r6i.xlarge_use1-az4': 50, 'r6i.xlarge_use1-az5': 10, 'r6i.xlarge_use1-az6': 50, 'r6id.12xlarge_use1-az1': 1, 'r6id.12xlarge_use1-az2': 5, 'r6id.12xlarge_use1-az4': 1, 'r6id.12xlarge_use1-az6': 5, 'r6id.16xlarge_use1-az1': 5, 'r6id.16xlarge_use1-az2': 5, 'r6id.16xlarge_use1-az4': 15, 'r6id.16xlarge_use1-az5': 1, 'r6id.16xlarge_use1-az6': 20, 'r6id.24xlarge_use1-az1': 10, 'r6id.24xlarge_use1-az2': 10, 'r6id.24xlarge_use1-az4': 5, 'r6id.24xlarge_use1-az5': 15, 'r6id.24xlarge_use1-az6': 25, 'r6id.2xlarge_use1-az1': 5, 'r6id.2xlarge_use1-az2': 1, 'r6id.2xlarge_use1-az4': 10, 'r6id.2xlarge_use1-az5': 1, 'r6id.2xlarge_use1-az6': 10, 'r6id.32xlarge_use1-az1': 1, 'r6id.32xlarge_use1-az2': 5, 'r6id.32xlarge_use1-az4': 1, 'r6id.32xlarge_use1-az5': 1, 'r6id.32xlarge_use1-az6': 10, 'r6id.4xlarge_use1-az1': 40, 'r6id.4xlarge_use1-az2': 50, 'r6id.4xlarge_use1-az4': 10, 'r6id.4xlarge_use1-az5': 20, 'r6id.4xlarge_use1-az6': 35, 'r6id.8xlarge_use1-az1': 1, 'r6id.8xlarge_use1-az2': 1, 'r6id.8xlarge_use1-az4': 5, 'r6id.8xlarge_use1-az5': 1, 'r6id.8xlarge_use1-az6': 5, 'r6id.large_use1-az1': 15, 'r6id.large_use1-az2': 10, 'r6id.large_use1-az4': 5, 'r6id.large_use1-az5': 15, 'r6id.large_use1-az6': 30, 'r6id.xlarge_use1-az1': 5, 'r6id.xlarge_use1-az2': 15, 'r6id.xlarge_use1-az4': 10, 'r6id.xlarge_use1-az5': 15, 'r6id.xlarge_use1-az6': 15, 'r6idn.16xlarge_use1-az4': 1, 'r6idn.16xlarge_use1-az5': 1, 'r6idn.16xlarge_use1-az6': 1, 'r6idn.24xlarge_use1-az6': 1, 'r6idn.2xlarge_use1-az1': 1, 'r6idn.2xlarge_use1-az2': 1, 'r6idn.2xlarge_use1-az4': 5, 'r6idn.2xlarge_use1-az5': 1, 'r6idn.2xlarge_use1-az6': 5, 'r6idn.32xlarge_use1-az6': 1, 'r6idn.4xlarge_use1-az1': 15, 'r6idn.4xlarge_use1-az2': 15, 'r6idn.4xlarge_use1-az4': 15, 'r6idn.4xlarge_use1-az5': 5, 'r6idn.4xlarge_use1-az6': 10, 'r6idn.8xlarge_use1-az2': 1, 'r6idn.8xlarge_use1-az4': 1, 'r6idn.8xlarge_use1-az6': 5, 'r6idn.large_use1-az1': 1, 'r6idn.large_use1-az2': 1, 'r6idn.large_use1-az4': 5, 'r6idn.large_use1-az5': 5, 'r6idn.large_use1-az6': 5, 'r6idn.xlarge_use1-az1': 5, 'r6idn.xlarge_use1-az2': 1, 'r6idn.xlarge_use1-az4': 5, 'r6idn.xlarge_use1-az5': 1, 'r6idn.xlarge_use1-az6': 5, 'r6in.12xlarge_use1-az1': 1, 'r6in.12xlarge_use1-az6': 5, 'r6in.16xlarge_use1-az4': 1, 'r6in.16xlarge_use1-az5': 1, 'r6in.16xlarge_use1-az6': 5, 'r6in.24xlarge_use1-az6': 1, 'r6in.2xlarge_use1-az1': 1, 'r6in.2xlarge_use1-az2': 1, 'r6in.2xlarge_use1-az4': 1, 'r6in.2xlarge_use1-az5': 1, 'r6in.2xlarge_use1-az6': 1, 'r6in.4xlarge_use1-az1': 5, 'r6in.4xlarge_use1-az2': 20, 'r6in.4xlarge_use1-az4': 15, 'r6in.4xlarge_use1-az5': 20, 'r6in.4xlarge_use1-az6': 20, 'r6in.8xlarge_use1-az1': 5, 'r6in.8xlarge_use1-az4': 1, 'r6in.8xlarge_use1-az6': 5, 'r6in.large_use1-az1': 45, 'r6in.large_use1-az2': 50, 'r6in.large_use1-az4': 50, 'r6in.large_use1-az5': 40, 'r6in.large_use1-az6': 50, 'r6in.xlarge_use1-az1': 1, 'r6in.xlarge_use1-az2': 1, 'r6in.xlarge_use1-az4': 1, 'r6in.xlarge_use1-az5': 1, 'r6in.xlarge_use1-az6': 1, 'r7a.12xlarge_use1-az1': 1, 'r7a.12xlarge_use1-az2': 1, 'r7a.12xlarge_use1-az4': 5, 'r7a.12xlarge_use1-az6': 20, 'r7a.16xlarge_use1-az1': 1, 'r7a.16xlarge_use1-az2': 15, 'r7a.16xlarge_use1-az4': 30, 'r7a.16xlarge_use1-az6': 50, 'r7a.24xlarge_use1-az2': 10, 'r7a.24xlarge_use1-az4': 10, 'r7a.24xlarge_use1-az6': 35, 'r7a.2xlarge_use1-az1': 1, 'r7a.2xlarge_use1-az2': 5, 'r7a.2xlarge_use1-az4': 25, 'r7a.2xlarge_use1-az6': 1, 'r7a.32xlarge_use1-az2': 1, 'r7a.32xlarge_use1-az4': 1, 'r7a.32xlarge_use1-az6': 50, 'r7a.48xlarge_use1-az2': 5, 'r7a.48xlarge_use1-az4': 5, 'r7a.48xlarge_use1-az6': 50, 'r7a.4xlarge_use1-az1': 5, 'r7a.4xlarge_use1-az2': 25, 'r7a.4xlarge_use1-az4': 50, 'r7a.4xlarge_use1-az6': 50, 'r7a.8xlarge_use1-az1': 5, 'r7a.8xlarge_use1-az2': 20, 'r7a.8xlarge_use1-az4': 50, 'r7a.8xlarge_use1-az6': 50, 'r7a.large_use1-az1': 50, 'r7a.large_use1-az2': 50, 'r7a.large_use1-az4': 50, 'r7a.large_use1-az6': 50, 'r7a.medium_use1-az1': 10, 'r7a.medium_use1-az2': 25, 'r7a.medium_use1-az4': 50, 'r7a.medium_use1-az6': 50, 'r7a.xlarge_use1-az1': 20, 'r7a.xlarge_use1-az2': 50, 'r7a.xlarge_use1-az4': 50, 'r7a.xlarge_use1-az6': 25, 'r7g.12xlarge_use1-az1': 1, 'r7g.12xlarge_use1-az2': 5, 'r7g.12xlarge_use1-az4': 50, 'r7g.12xlarge_use1-az5': 1, 'r7g.12xlarge_use1-az6': 5, 'r7g.16xlarge_use1-az1': 5, 'r7g.16xlarge_use1-az2': 30, 'r7g.16xlarge_use1-az4': 50, 'r7g.16xlarge_use1-az5': 5, 'r7g.16xlarge_use1-az6': 50, 'r7g.2xlarge_use1-az1': 5, 'r7g.2xlarge_use1-az2': 10, 'r7g.2xlarge_use1-az4': 50, 'r7g.2xlarge_use1-az5': 5, 'r7g.2xlarge_use1-az6': 15, 'r7g.4xlarge_use1-az1': 5, 'r7g.4xlarge_use1-az2': 5, 'r7g.4xlarge_use1-az4': 50, 'r7g.4xlarge_use1-az5': 5, 'r7g.4xlarge_use1-az6': 15, 'r7g.8xlarge_use1-az1': 1, 'r7g.8xlarge_use1-az2': 50, 'r7g.8xlarge_use1-az4': 50, 'r7g.8xlarge_use1-az5': 50, 'r7g.8xlarge_use1-az6': 50, 'r7g.large_use1-az1': 20, 'r7g.large_use1-az2': 50, 'r7g.large_use1-az4': 50, 'r7g.large_use1-az5': 40, 'r7g.large_use1-az6': 40, 'r7g.medium_use1-az1': 50, 'r7g.medium_use1-az2': 50, 'r7g.medium_use1-az4': 50, 'r7g.medium_use1-az5': 25, 'r7g.medium_use1-az6': 50, 'r7g.xlarge_use1-az1': 50, 'r7g.xlarge_use1-az2': 50, 'r7g.xlarge_use1-az4': 50, 'r7g.xlarge_use1-az5': 10, 'r7g.xlarge_use1-az6': 50, 'r7gd.12xlarge_use1-az1': 1, 'r7gd.12xlarge_use1-az2': 10, 'r7gd.12xlarge_use1-az4': 35, 'r7gd.12xlarge_use1-az5': 10, 'r7gd.12xlarge_use1-az6': 50, 'r7gd.16xlarge_use1-az1': 5, 'r7gd.16xlarge_use1-az2': 50, 'r7gd.16xlarge_use1-az4': 50, 'r7gd.16xlarge_use1-az5': 50, 'r7gd.16xlarge_use1-az6': 50, 'r7gd.2xlarge_use1-az1': 5, 'r7gd.2xlarge_use1-az2': 25, 'r7gd.2xlarge_use1-az4': 25, 'r7gd.2xlarge_use1-az5': 40, 'r7gd.2xlarge_use1-az6': 50, 'r7gd.4xlarge_use1-az1': 1, 'r7gd.4xlarge_use1-az2': 20, 'r7gd.4xlarge_use1-az4': 25, 'r7gd.4xlarge_use1-az5': 30, 'r7gd.4xlarge_use1-az6': 50, 'r7gd.8xlarge_use1-az1': 1, 'r7gd.8xlarge_use1-az2': 10, 'r7gd.8xlarge_use1-az4': 30, 'r7gd.8xlarge_use1-az5': 20, 'r7gd.8xlarge_use1-az6': 50, 'r7gd.large_use1-az1': 15, 'r7gd.large_use1-az2': 10, 'r7gd.large_use1-az4': 50, 'r7gd.large_use1-az5': 15, 'r7gd.large_use1-az6': 35, 'r7gd.medium_use1-az1': 35, 'r7gd.medium_use1-az2': 15, 'r7gd.medium_use1-az4': 25, 'r7gd.medium_use1-az5': 15, 'r7gd.medium_use1-az6': 20, 'r7gd.xlarge_use1-az1': 1, 'r7gd.xlarge_use1-az2': 10, 'r7gd.xlarge_use1-az4': 25, 'r7gd.xlarge_use1-az5': 10, 'r7gd.xlarge_use1-az6': 50, 'r7i.12xlarge_use1-az4': 1, 'r7i.12xlarge_use1-az6': 10, 'r7i.16xlarge_use1-az1': 5, 'r7i.16xlarge_use1-az2': 15, 'r7i.16xlarge_use1-az4': 45, 'r7i.16xlarge_use1-az5': 5, 'r7i.16xlarge_use1-az6': 50, 'r7i.24xlarge_use1-az1': 1, 'r7i.24xlarge_use1-az2': 1, 'r7i.24xlarge_use1-az4': 5, 'r7i.24xlarge_use1-az5': 5, 'r7i.24xlarge_use1-az6': 5, 'r7i.2xlarge_use1-az1': 5, 'r7i.2xlarge_use1-az2': 5, 'r7i.2xlarge_use1-az4': 10, 'r7i.2xlarge_use1-az5': 5, 'r7i.2xlarge_use1-az6': 50, 'r7i.48xlarge_use1-az2': 1, 'r7i.48xlarge_use1-az4': 5, 'r7i.48xlarge_use1-az5': 1, 'r7i.48xlarge_use1-az6': 5, 'r7i.4xlarge_use1-az1': 5, 'r7i.4xlarge_use1-az2': 20, 'r7i.4xlarge_use1-az4': 10, 'r7i.4xlarge_use1-az5': 1, 'r7i.4xlarge_use1-az6': 50, 'r7i.8xlarge_use1-az1': 5, 'r7i.8xlarge_use1-az2': 25, 'r7i.8xlarge_use1-az4': 25, 'r7i.8xlarge_use1-az5': 5, 'r7i.8xlarge_use1-az6': 50, 'r7i.large_use1-az1': 15, 'r7i.large_use1-az2': 50, 'r7i.large_use1-az4': 50, 'r7i.large_use1-az5': 15, 'r7i.large_use1-az6': 50, 'r7i.xlarge_use1-az1': 5, 'r7i.xlarge_use1-az2': 15, 'r7i.xlarge_use1-az4': 10, 'r7i.xlarge_use1-az5': 15, 'r7i.xlarge_use1-az6': 50, 'r8g.12xlarge_use1-az2': 5, 'r8g.12xlarge_use1-az4': 5, 'r8g.12xlarge_use1-az6': 15, 'r8g.16xlarge_use1-az1': 1, 'r8g.16xlarge_use1-az2': 50, 'r8g.16xlarge_use1-az4': 50, 'r8g.16xlarge_use1-az5': 5, 'r8g.16xlarge_use1-az6': 50, 'r8g.24xlarge_use1-az2': 10, 'r8g.24xlarge_use1-az4': 5, 'r8g.24xlarge_use1-az5': 5, 'r8g.24xlarge_use1-az6': 35, 'r8g.2xlarge_use1-az2': 5, 'r8g.2xlarge_use1-az4': 5, 'r8g.2xlarge_use1-az5': 1, 'r8g.2xlarge_use1-az6': 5, 'r8g.48xlarge_use1-az2': 1, 'r8g.48xlarge_use1-az4': 5, 'r8g.48xlarge_use1-az6': 5, 'r8g.4xlarge_use1-az2': 10, 'r8g.4xlarge_use1-az4': 35, 'r8g.4xlarge_use1-az5': 5, 'r8g.4xlarge_use1-az6': 50, 'r8g.8xlarge_use1-az2': 40, 'r8g.8xlarge_use1-az4': 15, 'r8g.8xlarge_use1-az5': 1, 'r8g.8xlarge_use1-az6': 50, 'r8g.large_use1-az1': 5, 'r8g.large_use1-az2': 30, 'r8g.large_use1-az4': 15, 'r8g.large_use1-az5': 10, 'r8g.large_use1-az6': 20, 'r8g.medium_use1-az1': 15, 'r8g.medium_use1-az2': 30, 'r8g.medium_use1-az4': 20, 'r8g.medium_use1-az5': 5, 'r8g.medium_use1-az6': 15, 'r8g.xlarge_use1-az1': 1, 'r8g.xlarge_use1-az2': 10, 'r8g.xlarge_use1-az4': 5, 'r8g.xlarge_use1-az5': 5, 'r8g.xlarge_use1-az6': 10, 'r8gb.24xlarge_use1-az6': 1, 'r8gb.2xlarge_use1-az2': 1, 'r8gb.2xlarge_use1-az4': 1, 'r8gb.2xlarge_use1-az6': 1, 'r8gb.large_use1-az2': 20, 'r8gb.large_use1-az4': 15, 'r8gb.large_use1-az6': 25, 'r8gb.medium_use1-az2': 50, 'r8gb.metal-24xl_use1-az6': 1, 'r8gb.xlarge_use1-az2': 5, 'r8gb.xlarge_use1-az4': 5, 'r8gb.xlarge_use1-az6': 5, 'r8gd.12xlarge_use1-az5': 1, 'r8gd.12xlarge_use1-az6': 1, 'r8gd.16xlarge_use1-az2': 1, 'r8gd.16xlarge_use1-az4': 1, 'r8gd.16xlarge_use1-az5': 1, 'r8gd.16xlarge_use1-az6': 15, 'r8gd.24xlarge_use1-az2': 1, 'r8gd.24xlarge_use1-az5': 1, 'r8gd.24xlarge_use1-az6': 25, 'r8gd.2xlarge_use1-az2': 25, 'r8gd.2xlarge_use1-az4': 30, 'r8gd.2xlarge_use1-az6': 50, 'r8gd.48xlarge_use1-az6': 50, 'r8gd.4xlarge_use1-az1': 1, 'r8gd.4xlarge_use1-az2': 20, 'r8gd.4xlarge_use1-az5': 1, 'r8gd.4xlarge_use1-az6': 15, 'r8gd.8xlarge_use1-az2': 5, 'r8gd.8xlarge_use1-az4': 1, 'r8gd.8xlarge_use1-az5': 1, 'r8gd.8xlarge_use1-az6': 1, 'r8gd.large_use1-az2': 50, 'r8gd.large_use1-az5': 1, 'r8gd.large_use1-az6': 50, 'r8gd.medium_use1-az1': 5, 'r8gd.medium_use1-az2': 5, 'r8gd.medium_use1-az4': 5, 'r8gd.medium_use1-az5': 10, 'r8gd.metal-24xl_use1-az6': 1, 'r8gd.metal-48xl_use1-az6': 1, 'r8gd.xlarge_use1-az2': 25, 'r8gd.xlarge_use1-az4': 1, 'r8gd.xlarge_use1-az5': 50, 'r8gd.xlarge_use1-az6': 40, 'r8gn.16xlarge_use1-az6': 1, 'r8gn.24xlarge_use1-az2': 1, 'r8gn.2xlarge_use1-az2': 1, 'r8gn.2xlarge_use1-az4': 1, 'r8gn.2xlarge_use1-az6': 1, 'r8gn.48xlarge_use1-az6': 1, 'r8gn.4xlarge_use1-az6': 5, 'r8gn.8xlarge_use1-az2': 1, 'r8gn.8xlarge_use1-az6': 5, 'r8gn.large_use1-az2': 20, 'r8gn.large_use1-az4': 15, 'r8gn.large_use1-az6': 20, 'r8gn.medium_use1-az2': 35, 'r8gn.medium_use1-az4': 40, 'r8gn.metal-24xl_use1-az2': 1, 'r8gn.metal-24xl_use1-az6': 1, 'r8gn.xlarge_use1-az2': 1, 'r8gn.xlarge_use1-az4': 5, 'r8gn.xlarge_use1-az6': 10, 'r8i-flex.2xlarge_use1-az2': 1, 'r8i-flex.2xlarge_use1-az6': 5, 'r8i-flex.4xlarge_use1-az2': 1, 'r8i-flex.4xlarge_use1-az6': 1, 'r8i-flex.large_use1-az2': 1, 'r8i-flex.large_use1-az6': 5, 'r8i-flex.xlarge_use1-az2': 5, 'r8i-flex.xlarge_use1-az6': 1, 'r8i.12xlarge_use1-az2': 1, 'r8i.12xlarge_use1-az6': 1, 'r8i.16xlarge_use1-az2': 1, 'r8i.16xlarge_use1-az6': 1, 'r8i.24xlarge_use1-az6': 1, 'r8i.2xlarge_use1-az2': 5, 'r8i.2xlarge_use1-az6': 5, 'r8i.32xlarge_use1-az2': 1, 'r8i.32xlarge_use1-az6': 1, 'r8i.48xlarge_use1-az2': 1, 'r8i.48xlarge_use1-az6': 1, 'r8i.4xlarge_use1-az2': 1, 'r8i.4xlarge_use1-az6': 5, 'r8i.8xlarge_use1-az2': 1, 'r8i.8xlarge_use1-az6': 5, 'r8i.96xlarge_use1-az2': 1, 'r8i.96xlarge_use1-az6': 1, 'r8i.large_use1-az2': 20, 'r8i.large_use1-az6': 20, 'r8i.xlarge_use1-az2': 5, 'r8i.xlarge_use1-az6': 5, 't2.2xlarge_use1-az1': 50, 't2.2xlarge_use1-az2': 50, 't2.2xlarge_use1-az3': 15, 't2.2xlarge_use1-az4': 50, 't2.2xlarge_use1-az5': 50, 't2.2xlarge_use1-az6': 50, 't2.large_use1-az1': 20, 't2.large_use1-az2': 50, 't2.large_use1-az3': 50, 't2.large_use1-az4': 50, 't2.large_use1-az5': 25, 't2.large_use1-az6': 50, 't2.medium_use1-az1': 50, 't2.medium_use1-az2': 50, 't2.medium_use1-az3': 50, 't2.medium_use1-az4': 50, 't2.medium_use1-az5': 50, 't2.medium_use1-az6': 50, 't2.xlarge_use1-az1': 35, 't2.xlarge_use1-az2': 50, 't2.xlarge_use1-az3': 20, 't2.xlarge_use1-az4': 50, 't2.xlarge_use1-az5': 5, 't2.xlarge_use1-az6': 50, 't3.2xlarge_use1-az1': 50, 't3.2xlarge_use1-az2': 50, 't3.2xlarge_use1-az4': 50, 't3.2xlarge_use1-az5': 50, 't3.2xlarge_use1-az6': 50, 't3.large_use1-az1': 50, 't3.large_use1-az2': 50, 't3.large_use1-az4': 50, 't3.large_use1-az5': 50, 't3.large_use1-az6': 50, 't3.medium_use1-az1': 50, 't3.medium_use1-az2': 50, 't3.medium_use1-az4': 50, 't3.medium_use1-az5': 50, 't3.medium_use1-az6': 50, 't3.xlarge_use1-az1': 50, 't3.xlarge_use1-az2': 50, 't3.xlarge_use1-az4': 50, 't3.xlarge_use1-az5': 50, 't3.xlarge_use1-az6': 50, 't3a.2xlarge_use1-az1': 50, 't3a.2xlarge_use1-az2': 50, 't3a.2xlarge_use1-az4': 50, 't3a.2xlarge_use1-az5': 50, 't3a.2xlarge_use1-az6': 50, 't3a.large_use1-az1': 50, 't3a.large_use1-az2': 50, 't3a.large_use1-az4': 50, 't3a.large_use1-az5': 5, 't3a.large_use1-az6': 50, 't3a.medium_use1-az1': 50, 't3a.medium_use1-az2': 50, 't3a.medium_use1-az4': 50, 't3a.medium_use1-az5': 5, 't3a.medium_use1-az6': 50, 't3a.xlarge_use1-az1': 25, 't3a.xlarge_use1-az2': 50, 't3a.xlarge_use1-az4': 50, 't3a.xlarge_use1-az5': 15, 't3a.xlarge_use1-az6': 50, 't4g.2xlarge_use1-az1': 5, 't4g.2xlarge_use1-az2': 15, 't4g.2xlarge_use1-az4': 5, 't4g.2xlarge_use1-az5': 10, 't4g.2xlarge_use1-az6': 10, 't4g.large_use1-az1': 1, 't4g.large_use1-az2': 15, 't4g.large_use1-az4': 50, 't4g.large_use1-az5': 25, 't4g.large_use1-az6': 35, 't4g.medium_use1-az1': 1, 't4g.medium_use1-az2': 50, 't4g.medium_use1-az4': 50, 't4g.medium_use1-az5': 35, 't4g.medium_use1-az6': 50, 't4g.xlarge_use1-az1': 30, 't4g.xlarge_use1-az2': 15, 't4g.xlarge_use1-az4': 50, 't4g.xlarge_use1-az5': 5, 't4g.xlarge_use1-az6': 10, 'trn1.2xlarge_use1-az5': 5, 'trn1.2xlarge_use1-az6': 20, 'trn1.32xlarge_use1-az6': 50, 'trn1n.32xlarge_use1-az6': 50, 'vt1.3xlarge_use1-az2': 1, 'vt1.6xlarge_use1-az2': 1, 'x1.16xlarge_use1-az2': 1, 'x1.16xlarge_use1-az4': 1, 'x1.16xlarge_use1-az6': 1, 'x1.32xlarge_use1-az2': 1, 'x1.32xlarge_use1-az3': 5, 'x1.32xlarge_use1-az6': 1, 'x1e.16xlarge_use1-az2': 1, 'x1e.16xlarge_use1-az4': 1, 'x1e.16xlarge_use1-az6': 5, 'x1e.2xlarge_use1-az1': 1, 'x1e.2xlarge_use1-az2': 5, 'x1e.2xlarge_use1-az4': 10, 'x1e.2xlarge_use1-az6': 1, 'x1e.4xlarge_use1-az2': 5, 'x1e.4xlarge_use1-az4': 5, 'x1e.4xlarge_use1-az6': 1, 'x1e.8xlarge_use1-az1': 1, 'x1e.8xlarge_use1-az2': 1, 'x1e.8xlarge_use1-az4': 5, 'x1e.8xlarge_use1-az6': 5, 'x1e.xlarge_use1-az1': 10, 'x1e.xlarge_use1-az2': 20, 'x1e.xlarge_use1-az4': 15, 'x1e.xlarge_use1-az6': 5, 'x2gd.12xlarge_use1-az5': 5, 'x2gd.12xlarge_use1-az6': 1, 'x2gd.16xlarge_use1-az5': 1, 'x2gd.16xlarge_use1-az6': 15, 'x2gd.2xlarge_use1-az1': 5, 'x2gd.2xlarge_use1-az4': 1, 'x2gd.2xlarge_use1-az5': 5, 'x2gd.2xlarge_use1-az6': 30, 'x2gd.4xlarge_use1-az1': 1, 'x2gd.4xlarge_use1-az2': 1, 'x2gd.4xlarge_use1-az4': 5, 'x2gd.4xlarge_use1-az5': 1, 'x2gd.4xlarge_use1-az6': 35, 'x2gd.8xlarge_use1-az4': 1, 'x2gd.8xlarge_use1-az5': 1, 'x2gd.8xlarge_use1-az6': 5, 'x2gd.large_use1-az1': 35, 'x2gd.large_use1-az2': 25, 'x2gd.large_use1-az4': 15, 'x2gd.large_use1-az5': 25, 'x2gd.large_use1-az6': 50, 'x2gd.medium_use1-az1': 25, 'x2gd.medium_use1-az2': 35, 'x2gd.medium_use1-az4': 50, 'x2gd.medium_use1-az5': 50, 'x2gd.medium_use1-az6': 50, 'x2gd.xlarge_use1-az1': 5, 'x2gd.xlarge_use1-az2': 1, 'x2gd.xlarge_use1-az4': 20, 'x2gd.xlarge_use1-az5': 15, 'x2gd.xlarge_use1-az6': 25, 'x2idn.16xlarge_use1-az2': 1, 'x2idn.16xlarge_use1-az5': 1, 'x2idn.24xlarge_use1-az4': 1, 'x2idn.24xlarge_use1-az5': 1, 'x2idn.32xlarge_use1-az5': 1, 'x2iedn.24xlarge_use1-az4': 1, 'x2iedn.24xlarge_use1-az6': 1, 'x2iedn.2xlarge_use1-az1': 1, 'x2iedn.2xlarge_use1-az2': 25, 'x2iedn.2xlarge_use1-az4': 15, 'x2iedn.2xlarge_use1-az5': 1, 'x2iedn.2xlarge_use1-az6': 5, 'x2iedn.4xlarge_use1-az1': 1, 'x2iedn.4xlarge_use1-az2': 1, 'x2iedn.4xlarge_use1-az4': 1, 'x2iedn.4xlarge_use1-az5': 1, 'x2iedn.4xlarge_use1-az6': 1, 'x2iedn.8xlarge_use1-az4': 1, 'x2iedn.8xlarge_use1-az6': 1, 'x2iedn.xlarge_use1-az1': 5, 'x2iedn.xlarge_use1-az2': 20, 'x2iedn.xlarge_use1-az4': 10, 'x2iedn.xlarge_use1-az5': 1, 'x2iedn.xlarge_use1-az6': 10, 'x2iezn.12xlarge_use1-az2': 1, 'x2iezn.12xlarge_use1-az4': 20, 'x2iezn.12xlarge_use1-az6': 5, 'x2iezn.2xlarge_use1-az2': 5, 'x2iezn.2xlarge_use1-az4': 10, 'x2iezn.2xlarge_use1-az6': 1, 'x2iezn.4xlarge_use1-az2': 1, 'x2iezn.4xlarge_use1-az4': 5, 'x2iezn.4xlarge_use1-az6': 1, 'x2iezn.6xlarge_use1-az2': 1, 'x2iezn.6xlarge_use1-az4': 5, 'x2iezn.6xlarge_use1-az6': 1, 'x2iezn.8xlarge_use1-az2': 1, 'x2iezn.8xlarge_use1-az4': 10, 'x2iezn.8xlarge_use1-az6': 1, 'x8g.12xlarge_use1-az2': 1, 'x8g.12xlarge_use1-az4': 20, 'x8g.12xlarge_use1-az6': 1, 'x8g.16xlarge_use1-az1': 1, 'x8g.16xlarge_use1-az2': 5, 'x8g.16xlarge_use1-az4': 5, 'x8g.16xlarge_use1-az6': 5, 'x8g.24xlarge_use1-az1': 1, 'x8g.24xlarge_use1-az2': 5, 'x8g.24xlarge_use1-az4': 5, 'x8g.24xlarge_use1-az6': 10, 'x8g.2xlarge_use1-az1': 5, 'x8g.2xlarge_use1-az2': 10, 'x8g.2xlarge_use1-az4': 10, 'x8g.2xlarge_use1-az6': 25, 'x8g.48xlarge_use1-az1': 1, 'x8g.48xlarge_use1-az2': 1, 'x8g.48xlarge_use1-az4': 10, 'x8g.48xlarge_use1-az6': 1, 'x8g.4xlarge_use1-az1': 1, 'x8g.4xlarge_use1-az2': 5, 'x8g.4xlarge_use1-az4': 5, 'x8g.4xlarge_use1-az6': 10, 'x8g.8xlarge_use1-az2': 15, 'x8g.8xlarge_use1-az4': 20, 'x8g.8xlarge_use1-az6': 5, 'x8g.large_use1-az1': 30, 'x8g.large_use1-az4': 50, 'x8g.large_use1-az6': 50, 'x8g.medium_use1-az1': 50, 'x8g.medium_use1-az4': 50, 'x8g.medium_use1-az6': 50, 'x8g.metal-24xl_use1-az1': 1, 'x8g.metal-24xl_use1-az2': 1, 'x8g.metal-24xl_use1-az4': 1, 'x8g.metal-24xl_use1-az6': 10, 'x8g.metal-48xl_use1-az2': 1, 'x8g.metal-48xl_use1-az4': 1, 'x8g.metal-48xl_use1-az6': 1, 'x8g.xlarge_use1-az1': 10, 'x8g.xlarge_use1-az2': 20, 'x8g.xlarge_use1-az4': 40, 'x8g.xlarge_use1-az6': 50, 'z1d.12xlarge_use1-az1': 1, 'z1d.12xlarge_use1-az2': 1, 'z1d.12xlarge_use1-az4': 1, 'z1d.12xlarge_use1-az5': 1, 'z1d.12xlarge_use1-az6': 5, 'z1d.2xlarge_use1-az1': 5, 'z1d.2xlarge_use1-az2': 5, 'z1d.2xlarge_use1-az4': 15, 'z1d.2xlarge_use1-az5': 1, 'z1d.2xlarge_use1-az6': 15, 'z1d.3xlarge_use1-az1': 5, 'z1d.3xlarge_use1-az2': 5, 'z1d.3xlarge_use1-az4': 10, 'z1d.3xlarge_use1-az5': 5, 'z1d.3xlarge_use1-az6': 5, 'z1d.6xlarge_use1-az1': 1, 'z1d.6xlarge_use1-az2': 1, 'z1d.6xlarge_use1-az4': 1, 'z1d.6xlarge_use1-az6': 1, 'z1d.large_use1-az1': 15, 'z1d.large_use1-az2': 5, 'z1d.large_use1-az4': 25, 'z1d.large_use1-az5': 10, 'z1d.large_use1-az6': 25, 'z1d.xlarge_use1-az1': 10, 'z1d.xlarge_use1-az2': 20, 'z1d.xlarge_use1-az4': 30, 'z1d.xlarge_use1-az5': 1, 'z1d.xlarge_use1-az6': 20}"
0.84,27579.09179999996,29751966573,1078787.031477661,1145809,1145709,"{'c3.2xlarge_use1-az2': 5, 'c3.2xlarge_use1-az4': 50, 'c3.2xlarge_use1-az6': 15, 'c3.4xlarge_use1-az2': 5, 'c3.4xlarge_use1-az4': 5, 'c3.4xlarge_use1-az6': 5, 'c3.8xlarge_use1-az2': 5, 'c3.8xlarge_use1-az4': 5, 'c3.8xlarge_use1-az6': 1, 'c3.xlarge_use1-az2': 35, 'c3.xlarge_use1-az3': 1, 'c3.xlarge_use1-az4': 50, 'c3.xlarge_use1-az6': 30, 'c4.2xlarge_use1-az1': 5, 'c4.2xlarge_use1-az2': 5, 'c4.2xlarge_use1-az3': 25, 'c4.2xlarge_use1-az4': 15, 'c4.2xlarge_use1-az5': 15, 'c4.2xlarge_use1-az6': 10, 'c4.4xlarge_use1-az1': 5, 'c4.4xlarge_use1-az2': 5, 'c4.4xlarge_use1-az3': 10, 'c4.4xlarge_use1-az4': 5, 'c4.4xlarge_use1-az5': 5, 'c4.4xlarge_use1-az6': 1, 'c4.8xlarge_use1-az1': 1, 'c4.8xlarge_use1-az2': 5, 'c4.8xlarge_use1-az3': 5, 'c4.8xlarge_use1-az4': 15, 'c4.8xlarge_use1-az5': 5, 'c4.8xlarge_use1-az6': 5, 'c4.xlarge_use1-az1': 25, 'c4.xlarge_use1-az2': 40, 'c4.xlarge_use1-az3': 20, 'c4.xlarge_use1-az4': 40, 'c4.xlarge_use1-az5': 50, 'c4.xlarge_use1-az6': 50, 'c5.12xlarge_use1-az1': 50, 'c5.12xlarge_use1-az2': 50, 'c5.12xlarge_use1-az4': 50, 'c5.12xlarge_use1-az5': 50, 'c5.12xlarge_use1-az6': 50, 'c5.18xlarge_use1-az1': 5, 'c5.18xlarge_use1-az2': 50, 'c5.18xlarge_use1-az4': 15, 'c5.18xlarge_use1-az5': 10, 'c5.18xlarge_use1-az6': 1, 'c5.24xlarge_use1-az1': 1, 'c5.24xlarge_use1-az2': 5, 'c5.24xlarge_use1-az4': 5, 'c5.24xlarge_use1-az5': 1, 'c5.24xlarge_use1-az6': 5, 'c5.2xlarge_use1-az1': 50, 'c5.2xlarge_use1-az2': 50, 'c5.2xlarge_use1-az4': 50, 'c5.2xlarge_use1-az5': 50, 'c5.2xlarge_use1-az6': 50, 'c5.4xlarge_use1-az1': 50, 'c5.4xlarge_use1-az2': 50, 'c5.4xlarge_use1-az4': 50, 'c5.4xlarge_use1-az5': 50, 'c5.4xlarge_use1-az6': 50, 'c5.9xlarge_use1-az1': 50, 'c5.9xlarge_use1-az2': 50, 'c5.9xlarge_use1-az4': 50, 'c5.9xlarge_use1-az5': 50, 'c5.9xlarge_use1-az6': 50, 'c5.large_use1-az1': 50, 'c5.large_use1-az2': 50, 'c5.large_use1-az4': 50, 'c5.large_use1-az5': 50, 'c5.large_use1-az6': 50, 'c5.xlarge_use1-az1': 50, 'c5.xlarge_use1-az2': 50, 'c5.xlarge_use1-az4': 50, 'c5.xlarge_use1-az5': 50, 'c5.xlarge_use1-az6': 50, 'c5a.12xlarge_use1-az1': 5, 'c5a.12xlarge_use1-az2': 10, 'c5a.12xlarge_use1-az4': 15, 'c5a.12xlarge_use1-az5': 1, 'c5a.12xlarge_use1-az6': 5, 'c5a.16xlarge_use1-az4': 1, 'c5a.16xlarge_use1-az6': 1, 'c5a.24xlarge_use1-az2': 1, 'c5a.24xlarge_use1-az4': 1, 'c5a.24xlarge_use1-az6': 1, 'c5a.2xlarge_use1-az1': 30, 'c5a.2xlarge_use1-az2': 20, 'c5a.2xlarge_use1-az4': 50, 'c5a.2xlarge_use1-az5': 15, 'c5a.2xlarge_use1-az6': 50, 'c5a.4xlarge_use1-az1': 5, 'c5a.4xlarge_use1-az2': 1, 'c5a.4xlarge_use1-az4': 5, 'c5a.4xlarge_use1-az5': 5, 'c5a.4xlarge_use1-az6': 5, 'c5a.8xlarge_use1-az1': 1, 'c5a.8xlarge_use1-az2': 1, 'c5a.8xlarge_use1-az4': 5, 'c5a.8xlarge_use1-az6': 15, 'c5a.large_use1-az1': 50, 'c5a.large_use1-az2': 50, 'c5a.large_use1-az4': 50, 'c5a.large_use1-az5': 45, 'c5a.large_use1-az6': 50, 'c5a.xlarge_use1-az1': 50, 'c5a.xlarge_use1-az2': 50, 'c5a.xlarge_use1-az4': 50, 'c5a.xlarge_use1-az5': 50, 'c5a.xlarge_use1-az6': 50, 'c5ad.12xlarge_use1-az1': 5, 'c5ad.12xlarge_use1-az2': 5, 'c5ad.12xlarge_use1-az4': 5, 'c5ad.12xlarge_use1-az6': 5, 'c5ad.16xlarge_use1-az1': 1, 'c5ad.16xlarge_use1-az2': 5, 'c5ad.16xlarge_use1-az4': 1, 'c5ad.16xlarge_use1-az6': 1, 'c5ad.24xlarge_use1-az1': 1, 'c5ad.24xlarge_use1-az2': 1, 'c5ad.24xlarge_use1-az4': 1, 'c5ad.24xlarge_use1-az6': 5, 'c5ad.2xlarge_use1-az1': 10, 'c5ad.2xlarge_use1-az2': 5, 'c5ad.2xlarge_use1-az4': 5, 'c5ad.2xlarge_use1-az5': 5, 'c5ad.2xlarge_use1-az6': 15, 'c5ad.4xlarge_use1-az1': 5, 'c5ad.4xlarge_use1-az2': 5, 'c5ad.4xlarge_use1-az4': 1, 'c5ad.4xlarge_use1-az5': 1, 'c5ad.4xlarge_use1-az6': 10, 'c5ad.8xlarge_use1-az1': 1, 'c5ad.8xlarge_use1-az2': 1, 'c5ad.8xlarge_use1-az4': 1, 'c5ad.8xlarge_use1-az5': 1, 'c5ad.8xlarge_use1-az6': 1, 'c5ad.large_use1-az1': 20, 'c5ad.large_use1-az2': 30, 'c5ad.large_use1-az4': 10, 'c5ad.large_use1-az5': 15, 'c5ad.large_use1-az6': 20, 'c5ad.xlarge_use1-az1': 15, 'c5ad.xlarge_use1-az2': 10, 'c5ad.xlarge_use1-az4': 5, 'c5ad.xlarge_use1-az5': 5, 'c5ad.xlarge_use1-az6': 15, 'c5d.12xlarge_use1-az2': 15, 'c5d.12xlarge_use1-az4': 5, 'c5d.12xlarge_use1-az6': 45, 'c5d.18xlarge_use1-az1': 5, 'c5d.18xlarge_use1-az2': 50, 'c5d.18xlarge_use1-az4': 50, 'c5d.18xlarge_use1-az5': 5, 'c5d.18xlarge_use1-az6': 30, 'c5d.24xlarge_use1-az2': 35, 'c5d.24xlarge_use1-az4': 25, 'c5d.24xlarge_use1-az6': 50, 'c5d.2xlarge_use1-az1': 15, 'c5d.2xlarge_use1-az2': 50, 'c5d.2xlarge_use1-az4': 50, 'c5d.2xlarge_use1-az5': 20, 'c5d.2xlarge_use1-az6': 50, 'c5d.4xlarge_use1-az1': 20, 'c5d.4xlarge_use1-az2': 50, 'c5d.4xlarge_use1-az4': 50, 'c5d.4xlarge_use1-az5': 25, 'c5d.4xlarge_use1-az6': 50, 'c5d.9xlarge_use1-az1': 10, 'c5d.9xlarge_use1-az2': 20, 'c5d.9xlarge_use1-az4': 50, 'c5d.9xlarge_use1-az5': 10, 'c5d.9xlarge_use1-az6': 25, 'c5d.large_use1-az1': 50, 'c5d.large_use1-az2': 50, 'c5d.large_use1-az4': 50, 'c5d.large_use1-az5': 35, 'c5d.large_use1-az6': 50, 'c5d.xlarge_use1-az1': 50, 'c5d.xlarge_use1-az2': 50, 'c5d.xlarge_use1-az4': 50, 'c5d.xlarge_use1-az5': 50, 'c5d.xlarge_use1-az6': 50, 'c5n.18xlarge_use1-az1': 30, 'c5n.18xlarge_use1-az2': 5, 'c5n.18xlarge_use1-az4': 10, 'c5n.2xlarge_use1-az1': 5, 'c5n.2xlarge_use1-az2': 10, 'c5n.2xlarge_use1-az4': 15, 'c5n.2xlarge_use1-az5': 10, 'c5n.2xlarge_use1-az6': 10, 'c5n.4xlarge_use1-az1': 5, 'c5n.4xlarge_use1-az2': 1, 'c5n.4xlarge_use1-az4': 5, 'c5n.4xlarge_use1-az6': 1, 'c5n.9xlarge_use1-az1': 10, 'c5n.9xlarge_use1-az2': 1, 'c5n.9xlarge_use1-az4': 5, 'c5n.large_use1-az1': 10, 'c5n.large_use1-az2': 10, 'c5n.large_use1-az4': 25, 'c5n.large_use1-az5': 5, 'c5n.large_use1-az6': 5, 'c5n.xlarge_use1-az1': 1, 'c5n.xlarge_use1-az2': 1, 'c5n.xlarge_use1-az4': 5, 'c5n.xlarge_use1-az5': 1, 'c5n.xlarge_use1-az6': 1, 'c6a.12xlarge_use1-az1': 5, 'c6a.12xlarge_use1-az2': 50, 'c6a.12xlarge_use1-az4': 50, 'c6a.12xlarge_use1-az5': 1, 'c6a.12xlarge_use1-az6': 15, 'c6a.16xlarge_use1-az1': 1, 'c6a.16xlarge_use1-az2': 5, 'c6a.16xlarge_use1-az4': 10, 'c6a.16xlarge_use1-az5': 1, 'c6a.16xlarge_use1-az6': 15, 'c6a.24xlarge_use1-az1': 1, 'c6a.24xlarge_use1-az2': 5, 'c6a.24xlarge_use1-az4': 5, 'c6a.24xlarge_use1-az5': 5, 'c6a.24xlarge_use1-az6': 20, 'c6a.2xlarge_use1-az1': 10, 'c6a.2xlarge_use1-az2': 40, 'c6a.2xlarge_use1-az4': 50, 'c6a.2xlarge_use1-az5': 10, 'c6a.2xlarge_use1-az6': 50, 'c6a.32xlarge_use1-az2': 1, 'c6a.32xlarge_use1-az4': 1, 'c6a.32xlarge_use1-az5': 1, 'c6a.32xlarge_use1-az6': 5, 'c6a.48xlarge_use1-az2': 1, 'c6a.48xlarge_use1-az4': 10, 'c6a.48xlarge_use1-az5': 5, 'c6a.48xlarge_use1-az6': 25, 'c6a.4xlarge_use1-az1': 15, 'c6a.4xlarge_use1-az2': 15, 'c6a.4xlarge_use1-az4': 30, 'c6a.4xlarge_use1-az5': 15, 'c6a.4xlarge_use1-az6': 50, 'c6a.8xlarge_use1-az1': 5, 'c6a.8xlarge_use1-az2': 50, 'c6a.8xlarge_use1-az4': 30, 'c6a.8xlarge_use1-az5': 25, 'c6a.8xlarge_use1-az6': 50, 'c6a.large_use1-az1': 45, 'c6a.large_use1-az2': 50, 'c6a.large_use1-az4': 50, 'c6a.large_use1-az5': 50, 'c6a.large_use1-az6': 20, 'c6a.xlarge_use1-az1': 15, 'c6a.xlarge_use1-az2': 25, 'c6a.xlarge_use1-az4': 25, 'c6a.xlarge_use1-az5': 15, 'c6a.xlarge_use1-az6': 25, 'c6g.12xlarge_use1-az1': 15, 'c6g.12xlarge_use1-az2': 25, 'c6g.12xlarge_use1-az4': 50, 'c6g.12xlarge_use1-az5': 5, 'c6g.12xlarge_use1-az6': 50, 'c6g.16xlarge_use1-az1': 1, 'c6g.16xlarge_use1-az2': 15, 'c6g.16xlarge_use1-az4': 50, 'c6g.16xlarge_use1-az5': 5, 'c6g.16xlarge_use1-az6': 50, 'c6g.2xlarge_use1-az1': 5, 'c6g.2xlarge_use1-az2': 50, 'c6g.2xlarge_use1-az4': 50, 'c6g.2xlarge_use1-az5': 15, 'c6g.2xlarge_use1-az6': 50, 'c6g.4xlarge_use1-az1': 50, 'c6g.4xlarge_use1-az2': 50, 'c6g.4xlarge_use1-az4': 50, 'c6g.4xlarge_use1-az5': 50, 'c6g.4xlarge_use1-az6': 50, 'c6g.8xlarge_use1-az1': 50, 'c6g.8xlarge_use1-az2': 50, 'c6g.8xlarge_use1-az4': 50, 'c6g.8xlarge_use1-az5': 50, 'c6g.8xlarge_use1-az6': 50, 'c6g.large_use1-az1': 5, 'c6g.large_use1-az2': 50, 'c6g.large_use1-az4': 50, 'c6g.large_use1-az5': 50, 'c6g.large_use1-az6': 50, 'c6g.xlarge_use1-az1': 30, 'c6g.xlarge_use1-az2': 50, 'c6g.xlarge_use1-az4': 50, 'c6g.xlarge_use1-az5': 10, 'c6g.xlarge_use1-az6': 50, 'c6gd.12xlarge_use1-az2': 50, 'c6gd.12xlarge_use1-az4': 30, 'c6gd.12xlarge_use1-az5': 1, 'c6gd.12xlarge_use1-az6': 50, 'c6gd.16xlarge_use1-az2': 50, 'c6gd.16xlarge_use1-az4': 30, 'c6gd.16xlarge_use1-az6': 50, 'c6gd.2xlarge_use1-az1': 15, 'c6gd.2xlarge_use1-az2': 50, 'c6gd.2xlarge_use1-az4': 50, 'c6gd.2xlarge_use1-az5': 1, 'c6gd.2xlarge_use1-az6': 50, 'c6gd.4xlarge_use1-az1': 20, 'c6gd.4xlarge_use1-az2': 50, 'c6gd.4xlarge_use1-az4': 50, 'c6gd.4xlarge_use1-az5': 10, 'c6gd.4xlarge_use1-az6': 50, 'c6gd.8xlarge_use1-az1': 25, 'c6gd.8xlarge_use1-az2': 45, 'c6gd.8xlarge_use1-az4': 45, 'c6gd.8xlarge_use1-az5': 1, 'c6gd.8xlarge_use1-az6': 50, 'c6gd.large_use1-az1': 50, 'c6gd.large_use1-az2': 5, 'c6gd.large_use1-az4': 20, 'c6gd.large_use1-az5': 1, 'c6gd.large_use1-az6': 50, 'c6gd.xlarge_use1-az1': 50, 'c6gd.xlarge_use1-az2': 1, 'c6gd.xlarge_use1-az4': 1, 'c6gd.xlarge_use1-az5': 50, 'c6gd.xlarge_use1-az6': 50, 'c6gn.12xlarge_use1-az2': 25, 'c6gn.12xlarge_use1-az4': 50, 'c6gn.12xlarge_use1-az5': 1, 'c6gn.16xlarge_use1-az1': 1, 'c6gn.16xlarge_use1-az2': 50, 'c6gn.16xlarge_use1-az4': 50, 'c6gn.16xlarge_use1-az5': 10, 'c6gn.2xlarge_use1-az1': 5, 'c6gn.2xlarge_use1-az2': 1, 'c6gn.2xlarge_use1-az4': 20, 'c6gn.2xlarge_use1-az5': 1, 'c6gn.4xlarge_use1-az1': 1, 'c6gn.4xlarge_use1-az2': 40, 'c6gn.4xlarge_use1-az4': 35, 'c6gn.4xlarge_use1-az5': 10, 'c6gn.8xlarge_use1-az1': 25, 'c6gn.8xlarge_use1-az2': 35, 'c6gn.8xlarge_use1-az4': 30, 'c6gn.8xlarge_use1-az5': 5, 'c6gn.8xlarge_use1-az6': 5, 'c6gn.large_use1-az1': 5, 'c6gn.large_use1-az2': 25, 'c6gn.large_use1-az4': 10, 'c6gn.large_use1-az5': 15, 'c6gn.large_use1-az6': 1, 'c6gn.xlarge_use1-az1': 5, 'c6gn.xlarge_use1-az2': 10, 'c6gn.xlarge_use1-az4': 15, 'c6gn.xlarge_use1-az5': 5, 'c6gn.xlarge_use1-az6': 1, 'c6i.12xlarge_use1-az1': 15, 'c6i.12xlarge_use1-az2': 15, 'c6i.12xlarge_use1-az4': 30, 'c6i.12xlarge_use1-az5': 5, 'c6i.12xlarge_use1-az6': 5, 'c6i.16xlarge_use1-az1': 5, 'c6i.16xlarge_use1-az2': 15, 'c6i.16xlarge_use1-az4': 25, 'c6i.16xlarge_use1-az5': 10, 'c6i.16xlarge_use1-az6': 30, 'c6i.24xlarge_use1-az1': 5, 'c6i.24xlarge_use1-az2': 5, 'c6i.24xlarge_use1-az4': 10, 'c6i.24xlarge_use1-az5': 1, 'c6i.24xlarge_use1-az6': 15, 'c6i.2xlarge_use1-az1': 20, 'c6i.2xlarge_use1-az2': 50, 'c6i.2xlarge_use1-az4': 50, 'c6i.2xlarge_use1-az5': 5, 'c6i.2xlarge_use1-az6': 50, 'c6i.32xlarge_use1-az1': 10, 'c6i.32xlarge_use1-az2': 5, 'c6i.32xlarge_use1-az4': 50, 'c6i.32xlarge_use1-az5': 1, 'c6i.32xlarge_use1-az6': 40, 'c6i.4xlarge_use1-az1': 10, 'c6i.4xlarge_use1-az2': 40, 'c6i.4xlarge_use1-az4': 50, 'c6i.4xlarge_use1-az5': 15, 'c6i.4xlarge_use1-az6': 50, 'c6i.8xlarge_use1-az1': 10, 'c6i.8xlarge_use1-az2': 45, 'c6i.8xlarge_use1-az4': 50, 'c6i.8xlarge_use1-az5': 10, 'c6i.8xlarge_use1-az6': 50, 'c6i.large_use1-az1': 10, 'c6i.large_use1-az2': 40, 'c6i.large_use1-az4': 30, 'c6i.large_use1-az5': 10, 'c6i.large_use1-az6': 50, 'c6i.xlarge_use1-az1': 50, 'c6i.xlarge_use1-az2': 45, 'c6i.xlarge_use1-az4': 35, 'c6i.xlarge_use1-az5': 10, 'c6i.xlarge_use1-az6': 50, 'c6id.12xlarge_use1-az1': 1, 'c6id.12xlarge_use1-az2': 1, 'c6id.12xlarge_use1-az4': 5, 'c6id.12xlarge_use1-az6': 5, 'c6id.16xlarge_use1-az1': 1, 'c6id.16xlarge_use1-az2': 5, 'c6id.16xlarge_use1-az4': 5, 'c6id.16xlarge_use1-az5': 1, 'c6id.16xlarge_use1-az6': 1, 'c6id.24xlarge_use1-az1': 5, 'c6id.24xlarge_use1-az2': 15, 'c6id.24xlarge_use1-az4': 5, 'c6id.24xlarge_use1-az5': 1, 'c6id.24xlarge_use1-az6': 10, 'c6id.2xlarge_use1-az1': 1, 'c6id.2xlarge_use1-az2': 1, 'c6id.2xlarge_use1-az4': 5, 'c6id.2xlarge_use1-az5': 5, 'c6id.2xlarge_use1-az6': 1, 'c6id.32xlarge_use1-az1': 1, 'c6id.32xlarge_use1-az2': 5, 'c6id.32xlarge_use1-az4': 10, 'c6id.32xlarge_use1-az5': 1, 'c6id.32xlarge_use1-az6': 5, 'c6id.4xlarge_use1-az1': 15, 'c6id.4xlarge_use1-az2': 10, 'c6id.4xlarge_use1-az4': 10, 'c6id.4xlarge_use1-az5': 1, 'c6id.4xlarge_use1-az6': 5, 'c6id.8xlarge_use1-az1': 5, 'c6id.8xlarge_use1-az2': 1, 'c6id.8xlarge_use1-az4': 5, 'c6id.8xlarge_use1-az5': 1, 'c6id.8xlarge_use1-az6': 1, 'c6id.large_use1-az1': 5, 'c6id.large_use1-az2': 5, 'c6id.large_use1-az4': 1, 'c6id.large_use1-az5': 5, 'c6id.large_use1-az6': 5, 'c6id.xlarge_use1-az1': 5, 'c6id.xlarge_use1-az2': 1, 'c6id.xlarge_use1-az4': 5, 'c6id.xlarge_use1-az5': 1, 'c6id.xlarge_use1-az6': 1, 'c6in.12xlarge_use1-az1': 1, 'c6in.12xlarge_use1-az6': 1, 'c6in.16xlarge_use1-az4': 1, 'c6in.24xlarge_use1-az6': 1, 'c6in.2xlarge_use1-az1': 1, 'c6in.2xlarge_use1-az2': 1, 'c6in.2xlarge_use1-az4': 1, 'c6in.2xlarge_use1-az6': 1, 'c6in.32xlarge_use1-az1': 1, 'c6in.32xlarge_use1-az6': 1, 'c6in.4xlarge_use1-az1': 5, 'c6in.4xlarge_use1-az2': 5, 'c6in.4xlarge_use1-az4': 5, 'c6in.4xlarge_use1-az6': 25, 'c6in.8xlarge_use1-az1': 1, 'c6in.8xlarge_use1-az6': 1, 'c6in.large_use1-az1': 5, 'c6in.large_use1-az2': 1, 'c6in.large_use1-az4': 1, 'c6in.large_use1-az5': 1, 'c6in.large_use1-az6': 5, 'c6in.xlarge_use1-az1': 20, 'c6in.xlarge_use1-az2': 1, 'c6in.xlarge_use1-az4': 1, 'c6in.xlarge_use1-az6': 10, 'c7a.12xlarge_use1-az1': 5, 'c7a.12xlarge_use1-az2': 5, 'c7a.12xlarge_use1-az4': 1, 'c7a.12xlarge_use1-az6': 15, 'c7a.16xlarge_use1-az1': 1, 'c7a.16xlarge_use1-az2': 1, 'c7a.16xlarge_use1-az6': 5, 'c7a.24xlarge_use1-az1': 1, 'c7a.24xlarge_use1-az2': 1, 'c7a.24xlarge_use1-az5': 1, 'c7a.24xlarge_use1-az6': 5, 'c7a.2xlarge_use1-az1': 1, 'c7a.2xlarge_use1-az2': 1, 'c7a.2xlarge_use1-az4': 25, 'c7a.2xlarge_use1-az5': 1, 'c7a.2xlarge_use1-az6': 10, 'c7a.32xlarge_use1-az1': 1, 'c7a.32xlarge_use1-az2': 1, 'c7a.32xlarge_use1-az6': 15, 'c7a.48xlarge_use1-az1': 1, 'c7a.48xlarge_use1-az2': 1, 'c7a.48xlarge_use1-az5': 1, 'c7a.48xlarge_use1-az6': 20, 'c7a.4xlarge_use1-az1': 5, 'c7a.4xlarge_use1-az2': 10, 'c7a.4xlarge_use1-az4': 5, 'c7a.4xlarge_use1-az5': 1, 'c7a.4xlarge_use1-az6': 50, 'c7a.8xlarge_use1-az1': 1, 'c7a.8xlarge_use1-az2': 1, 'c7a.8xlarge_use1-az4': 1, 'c7a.8xlarge_use1-az6': 10, 'c7a.large_use1-az1': 15, 'c7a.large_use1-az2': 25, 'c7a.large_use1-az4': 30, 'c7a.large_use1-az5': 10, 'c7a.large_use1-az6': 50, 'c7a.xlarge_use1-az1': 5, 'c7a.xlarge_use1-az2': 5, 'c7a.xlarge_use1-az4': 10, 'c7a.xlarge_use1-az5': 5, 'c7a.xlarge_use1-az6': 15, 'c7g.12xlarge_use1-az1': 15, 'c7g.12xlarge_use1-az2': 50, 'c7g.12xlarge_use1-az4': 15, 'c7g.12xlarge_use1-az5': 1, 'c7g.12xlarge_use1-az6': 50, 'c7g.16xlarge_use1-az1': 25, 'c7g.16xlarge_use1-az2': 40, 'c7g.16xlarge_use1-az4': 50, 'c7g.16xlarge_use1-az5': 10, 'c7g.16xlarge_use1-az6': 50, 'c7g.2xlarge_use1-az1': 50, 'c7g.2xlarge_use1-az2': 50, 'c7g.2xlarge_use1-az4': 50, 'c7g.2xlarge_use1-az5': 50, 'c7g.2xlarge_use1-az6': 50, 'c7g.4xlarge_use1-az1': 50, 'c7g.4xlarge_use1-az2': 50, 'c7g.4xlarge_use1-az4': 50, 'c7g.4xlarge_use1-az5': 50, 'c7g.4xlarge_use1-az6': 50, 'c7g.8xlarge_use1-az1': 50, 'c7g.8xlarge_use1-az2': 50, 'c7g.8xlarge_use1-az4': 50, 'c7g.8xlarge_use1-az5': 50, 'c7g.8xlarge_use1-az6': 50, 'c7g.large_use1-az1': 5, 'c7g.large_use1-az2': 45, 'c7g.large_use1-az4': 30, 'c7g.large_use1-az5': 10, 'c7g.large_use1-az6': 30, 'c7g.xlarge_use1-az1': 50, 'c7g.xlarge_use1-az2': 50, 'c7g.xlarge_use1-az4': 50, 'c7g.xlarge_use1-az5': 50, 'c7g.xlarge_use1-az6': 50, 'c7gd.12xlarge_use1-az1': 5, 'c7gd.12xlarge_use1-az2': 30, 'c7gd.12xlarge_use1-az4': 15, 'c7gd.12xlarge_use1-az5': 15, 'c7gd.12xlarge_use1-az6': 50, 'c7gd.16xlarge_use1-az1': 5, 'c7gd.16xlarge_use1-az2': 30, 'c7gd.16xlarge_use1-az4': 40, 'c7gd.16xlarge_use1-az5': 1, 'c7gd.16xlarge_use1-az6': 50, 'c7gd.2xlarge_use1-az1': 15, 'c7gd.2xlarge_use1-az2': 50, 'c7gd.2xlarge_use1-az4': 50, 'c7gd.2xlarge_use1-az5': 5, 'c7gd.2xlarge_use1-az6': 50, 'c7gd.4xlarge_use1-az1': 30, 'c7gd.4xlarge_use1-az2': 25, 'c7gd.4xlarge_use1-az4': 50, 'c7gd.4xlarge_use1-az5': 1, 'c7gd.4xlarge_use1-az6': 50, 'c7gd.8xlarge_use1-az1': 5, 'c7gd.8xlarge_use1-az2': 15, 'c7gd.8xlarge_use1-az4': 10, 'c7gd.8xlarge_use1-az5': 5, 'c7gd.8xlarge_use1-az6': 20, 'c7gd.large_use1-az1': 1, 'c7gd.large_use1-az2': 25, 'c7gd.large_use1-az4': 5, 'c7gd.large_use1-az5': 10, 'c7gd.large_use1-az6': 20, 'c7gd.xlarge_use1-az1': 15, 'c7gd.xlarge_use1-az2': 50, 'c7gd.xlarge_use1-az4': 5, 'c7gd.xlarge_use1-az5': 15, 'c7gd.xlarge_use1-az6': 25, 'c7gn.12xlarge_use1-az2': 1, 'c7gn.12xlarge_use1-az5': 1, 'c7gn.12xlarge_use1-az6': 1, 'c7gn.16xlarge_use1-az2': 5, 'c7gn.16xlarge_use1-az5': 5, 'c7gn.16xlarge_use1-az6': 20, 'c7gn.2xlarge_use1-az1': 1, 'c7gn.2xlarge_use1-az2': 1, 'c7gn.2xlarge_use1-az5': 1, 'c7gn.2xlarge_use1-az6': 5, 'c7gn.4xlarge_use1-az2': 50, 'c7gn.4xlarge_use1-az4': 1, 'c7gn.4xlarge_use1-az5': 1, 'c7gn.4xlarge_use1-az6': 50, 'c7gn.8xlarge_use1-az2': 1, 'c7gn.8xlarge_use1-az5': 1, 'c7gn.8xlarge_use1-az6': 5, 'c7gn.large_use1-az1': 1, 'c7gn.large_use1-az2': 10, 'c7gn.large_use1-az5': 10, 'c7gn.large_use1-az6': 10, 'c7gn.xlarge_use1-az1': 1, 'c7gn.xlarge_use1-az2': 5, 'c7gn.xlarge_use1-az5': 5, 'c7gn.xlarge_use1-az6': 5, 'c7i-flex.2xlarge_use1-az1': 50, 'c7i-flex.2xlarge_use1-az2': 50, 'c7i-flex.2xlarge_use1-az4': 50, 'c7i-flex.2xlarge_use1-az5': 15, 'c7i-flex.2xlarge_use1-az6': 50, 'c7i-flex.4xlarge_use1-az1': 1, 'c7i-flex.4xlarge_use1-az2': 1, 'c7i-flex.4xlarge_use1-az4': 1, 'c7i-flex.4xlarge_use1-az6': 5, 'c7i-flex.8xlarge_use1-az1': 1, 'c7i-flex.8xlarge_use1-az2': 1, 'c7i-flex.8xlarge_use1-az4': 1, 'c7i-flex.8xlarge_use1-az6': 5, 'c7i-flex.large_use1-az1': 40, 'c7i-flex.large_use1-az2': 50, 'c7i-flex.large_use1-az4': 10, 'c7i-flex.large_use1-az5': 1, 'c7i-flex.large_use1-az6': 50, 'c7i-flex.xlarge_use1-az1': 50, 'c7i-flex.xlarge_use1-az2': 50, 'c7i-flex.xlarge_use1-az4': 50, 'c7i-flex.xlarge_use1-az5': 5, 'c7i-flex.xlarge_use1-az6': 50, 'c7i.12xlarge_use1-az1': 5, 'c7i.12xlarge_use1-az2': 15, 'c7i.12xlarge_use1-az4': 15, 'c7i.12xlarge_use1-az6': 5, 'c7i.16xlarge_use1-az1': 1, 'c7i.16xlarge_use1-az2': 5, 'c7i.16xlarge_use1-az4': 1, 'c7i.16xlarge_use1-az6': 15, 'c7i.24xlarge_use1-az1': 5, 'c7i.24xlarge_use1-az2': 5, 'c7i.24xlarge_use1-az4': 5, 'c7i.24xlarge_use1-az5': 1, 'c7i.24xlarge_use1-az6': 15, 'c7i.2xlarge_use1-az1': 10, 'c7i.2xlarge_use1-az2': 10, 'c7i.2xlarge_use1-az4': 10, 'c7i.2xlarge_use1-az5': 5, 'c7i.2xlarge_use1-az6': 25, 'c7i.48xlarge_use1-az1': 10, 'c7i.48xlarge_use1-az2': 10, 'c7i.48xlarge_use1-az4': 5, 'c7i.48xlarge_use1-az5': 1, 'c7i.48xlarge_use1-az6': 50, 'c7i.4xlarge_use1-az1': 5, 'c7i.4xlarge_use1-az2': 5, 'c7i.4xlarge_use1-az4': 5, 'c7i.4xlarge_use1-az5': 1, 'c7i.4xlarge_use1-az6': 15, 'c7i.8xlarge_use1-az1': 1, 'c7i.8xlarge_use1-az2': 5, 'c7i.8xlarge_use1-az4': 5, 'c7i.8xlarge_use1-az6': 10, 'c7i.large_use1-az1': 45, 'c7i.large_use1-az2': 50, 'c7i.large_use1-az4': 50, 'c7i.large_use1-az5': 5, 'c7i.large_use1-az6': 50, 'c7i.xlarge_use1-az1': 5, 'c7i.xlarge_use1-az2': 10, 'c7i.xlarge_use1-az4': 5, 'c7i.xlarge_use1-az5': 1, 'c7i.xlarge_use1-az6': 5, 'c8g.12xlarge_use1-az1': 1, 'c8g.12xlarge_use1-az2': 5, 'c8g.12xlarge_use1-az4': 1, 'c8g.12xlarge_use1-az6': 25, 'c8g.16xlarge_use1-az1': 10, 'c8g.16xlarge_use1-az2': 5, 'c8g.16xlarge_use1-az4': 1, 'c8g.16xlarge_use1-az6': 50, 'c8g.24xlarge_use1-az1': 5, 'c8g.24xlarge_use1-az2': 10, 'c8g.24xlarge_use1-az4': 1, 'c8g.24xlarge_use1-az6': 25, 'c8g.2xlarge_use1-az1': 5, 'c8g.2xlarge_use1-az2': 5, 'c8g.2xlarge_use1-az4': 50, 'c8g.2xlarge_use1-az5': 1, 'c8g.2xlarge_use1-az6': 50, 'c8g.48xlarge_use1-az1': 1, 'c8g.48xlarge_use1-az2': 5, 'c8g.48xlarge_use1-az6': 50, 'c8g.4xlarge_use1-az1': 35, 'c8g.4xlarge_use1-az2': 15, 'c8g.4xlarge_use1-az4': 20, 'c8g.4xlarge_use1-az5': 10, 'c8g.4xlarge_use1-az6': 50, 'c8g.8xlarge_use1-az1': 1, 'c8g.8xlarge_use1-az2': 5, 'c8g.8xlarge_use1-az4': 5, 'c8g.8xlarge_use1-az6': 50, 'c8g.large_use1-az1': 5, 'c8g.large_use1-az2': 20, 'c8g.large_use1-az4': 5, 'c8g.large_use1-az5': 1, 'c8g.large_use1-az6': 40, 'c8g.metal-24xl_use1-az2': 1, 'c8g.metal-24xl_use1-az6': 20, 'c8g.metal-48xl_use1-az1': 1, 'c8g.metal-48xl_use1-az2': 1, 'c8g.metal-48xl_use1-az6': 50, 'c8g.xlarge_use1-az1': 5, 'c8g.xlarge_use1-az2': 30, 'c8g.xlarge_use1-az4': 5, 'c8g.xlarge_use1-az5': 1, 'c8g.xlarge_use1-az6': 50, 'c8gd.12xlarge_use1-az2': 5, 'c8gd.12xlarge_use1-az4': 5, 'c8gd.12xlarge_use1-az5': 1, 'c8gd.12xlarge_use1-az6': 5, 'c8gd.16xlarge_use1-az2': 10, 'c8gd.16xlarge_use1-az4': 10, 'c8gd.16xlarge_use1-az5': 5, 'c8gd.16xlarge_use1-az6': 50, 'c8gd.24xlarge_use1-az2': 1, 'c8gd.24xlarge_use1-az4': 5, 'c8gd.24xlarge_use1-az5': 1, 'c8gd.24xlarge_use1-az6': 5, 'c8gd.2xlarge_use1-az2': 50, 'c8gd.2xlarge_use1-az4': 50, 'c8gd.2xlarge_use1-az5': 10, 'c8gd.2xlarge_use1-az6': 50, 'c8gd.48xlarge_use1-az2': 1, 'c8gd.48xlarge_use1-az6': 15, 'c8gd.4xlarge_use1-az2': 10, 'c8gd.4xlarge_use1-az4': 30, 'c8gd.4xlarge_use1-az5': 1, 'c8gd.4xlarge_use1-az6': 50, 'c8gd.8xlarge_use1-az2': 1, 'c8gd.8xlarge_use1-az4': 1, 'c8gd.8xlarge_use1-az5': 1, 'c8gd.8xlarge_use1-az6': 5, 'c8gd.large_use1-az1': 1, 'c8gd.large_use1-az2': 40, 'c8gd.large_use1-az4': 35, 'c8gd.large_use1-az6': 50, 'c8gd.metal-24xl_use1-az2': 1, 'c8gd.metal-24xl_use1-az4': 1, 'c8gd.metal-24xl_use1-az5': 1, 'c8gd.metal-24xl_use1-az6': 5, 'c8gd.metal-48xl_use1-az2': 1, 'c8gd.metal-48xl_use1-az6': 1, 'c8gd.xlarge_use1-az1': 1, 'c8gd.xlarge_use1-az2': 20, 'c8gd.xlarge_use1-az4': 20, 'c8gd.xlarge_use1-az5': 15, 'c8gd.xlarge_use1-az6': 50, 'c8gn.2xlarge_use1-az2': 1, 'c8gn.2xlarge_use1-az4': 1, 'c8gn.2xlarge_use1-az6': 1, 'c8gn.4xlarge_use1-az2': 1, 'c8gn.4xlarge_use1-az5': 1, 'c8gn.8xlarge_use1-az2': 1, 'c8gn.8xlarge_use1-az6': 1, 'c8gn.large_use1-az6': 1, 'c8i-flex.12xlarge_use1-az6': 1, 'c8i-flex.16xlarge_use1-az6': 1, 'c8i-flex.2xlarge_use1-az2': 25, 'c8i-flex.2xlarge_use1-az4': 15, 'c8i-flex.2xlarge_use1-az6': 50, 'c8i-flex.4xlarge_use1-az2': 5, 'c8i-flex.4xlarge_use1-az4': 1, 'c8i-flex.4xlarge_use1-az6': 5, 'c8i-flex.8xlarge_use1-az6': 1, 'c8i-flex.large_use1-az4': 20, 'c8i-flex.xlarge_use1-az2': 40, 'c8i-flex.xlarge_use1-az4': 5, 'c8i-flex.xlarge_use1-az6': 50, 'c8i.12xlarge_use1-az2': 1, 'c8i.12xlarge_use1-az4': 1, 'c8i.12xlarge_use1-az6': 1, 'c8i.16xlarge_use1-az6': 1, 'c8i.24xlarge_use1-az6': 1, 'c8i.2xlarge_use1-az2': 10, 'c8i.2xlarge_use1-az4': 5, 'c8i.2xlarge_use1-az6': 20, 'c8i.32xlarge_use1-az2': 1, 'c8i.32xlarge_use1-az4': 1, 'c8i.32xlarge_use1-az6': 5, 'c8i.48xlarge_use1-az2': 1, 'c8i.48xlarge_use1-az6': 1, 'c8i.4xlarge_use1-az2': 5, 'c8i.4xlarge_use1-az4': 5, 'c8i.4xlarge_use1-az6': 5, 'c8i.8xlarge_use1-az2': 1, 'c8i.8xlarge_use1-az4': 1, 'c8i.8xlarge_use1-az6': 5, 'c8i.96xlarge_use1-az2': 1, 'c8i.96xlarge_use1-az6': 5, 'c8i.metal-48xl_use1-az2': 1, 'c8i.metal-96xl_use1-az2': 1, 'c8i.metal-96xl_use1-az6': 5, 'c8i.xlarge_use1-az2': 50, 'c8i.xlarge_use1-az4': 15, 'c8i.xlarge_use1-az6': 50, 'd2.2xlarge_use1-az1': 1, 'd2.2xlarge_use1-az6': 1, 'd2.4xlarge_use1-az2': 1, 'd2.4xlarge_use1-az6': 1, 'd2.xlarge_use1-az6': 1, 'd3.2xlarge_use1-az1': 15, 'd3.2xlarge_use1-az2': 45, 'd3.2xlarge_use1-az4': 40, 'd3.2xlarge_use1-az6': 35, 'd3.4xlarge_use1-az1': 1, 'd3.4xlarge_use1-az2': 5, 'd3.4xlarge_use1-az4': 15, 'd3.4xlarge_use1-az6': 5, 'd3.8xlarge_use1-az1': 1, 'd3.8xlarge_use1-az2': 40, 'd3.8xlarge_use1-az4': 35, 'd3.8xlarge_use1-az6': 20, 'd3.xlarge_use1-az1': 10, 'd3.xlarge_use1-az2': 50, 'd3.xlarge_use1-az4': 45, 'd3.xlarge_use1-az6': 25, 'd3en.12xlarge_use1-az1': 1, 'd3en.12xlarge_use1-az2': 10, 'd3en.12xlarge_use1-az4': 20, 'd3en.12xlarge_use1-az6': 50, 'd3en.2xlarge_use1-az1': 5, 'd3en.2xlarge_use1-az2': 25, 'd3en.2xlarge_use1-az4': 15, 'd3en.2xlarge_use1-az6': 50, 'd3en.4xlarge_use1-az1': 1, 'd3en.4xlarge_use1-az2': 5, 'd3en.4xlarge_use1-az4': 10, 'd3en.4xlarge_use1-az6': 50, 'd3en.6xlarge_use1-az1': 1, 'd3en.6xlarge_use1-az2': 5, 'd3en.6xlarge_use1-az4': 15, 'd3en.6xlarge_use1-az6': 50, 'd3en.8xlarge_use1-az1': 1, 'd3en.8xlarge_use1-az2': 15, 'd3en.8xlarge_use1-az4': 5, 'd3en.8xlarge_use1-az6': 50, 'd3en.xlarge_use1-az1': 5, 'd3en.xlarge_use1-az2': 50, 'd3en.xlarge_use1-az4': 30, 'd3en.xlarge_use1-az6': 50, 'f2.12xlarge_use1-az2': 1, 'f2.12xlarge_use1-az4': 1, 'f2.12xlarge_use1-az6': 1, 'f2.48xlarge_use1-az2': 5, 'f2.48xlarge_use1-az4': 5, 'f2.48xlarge_use1-az6': 1, 'g4ad.16xlarge_use1-az1': 5, 'g4ad.16xlarge_use1-az2': 5, 'g4ad.16xlarge_use1-az4': 5, 'g4ad.16xlarge_use1-az6': 10, 'g4ad.2xlarge_use1-az1': 5, 'g4ad.2xlarge_use1-az2': 10, 'g4ad.2xlarge_use1-az4': 10, 'g4ad.2xlarge_use1-az6': 10, 'g4ad.4xlarge_use1-az1': 10, 'g4ad.4xlarge_use1-az2': 15, 'g4ad.4xlarge_use1-az4': 15, 'g4ad.4xlarge_use1-az6': 5, 'g4ad.8xlarge_use1-az1': 1, 'g4ad.8xlarge_use1-az2': 5, 'g4ad.8xlarge_use1-az4': 5, 'g4ad.8xlarge_use1-az6': 5, 'g4ad.xlarge_use1-az1': 20, 'g4ad.xlarge_use1-az2': 20, 'g4ad.xlarge_use1-az4': 25, 'g4ad.xlarge_use1-az6': 20, 'g4dn.12xlarge_use1-az1': 5, 'g4dn.12xlarge_use1-az2': 15, 'g4dn.12xlarge_use1-az4': 15, 'g4dn.12xlarge_use1-az5': 15, 'g4dn.12xlarge_use1-az6': 50, 'g4dn.16xlarge_use1-az1': 1, 'g4dn.16xlarge_use1-az2': 10, 'g4dn.16xlarge_use1-az4': 1, 'g4dn.16xlarge_use1-az5': 5, 'g4dn.16xlarge_use1-az6': 15, 'g4dn.2xlarge_use1-az1': 45, 'g4dn.2xlarge_use1-az2': 50, 'g4dn.2xlarge_use1-az4': 50, 'g4dn.2xlarge_use1-az5': 50, 'g4dn.2xlarge_use1-az6': 50, 'g4dn.4xlarge_use1-az1': 5, 'g4dn.4xlarge_use1-az2': 40, 'g4dn.4xlarge_use1-az4': 25, 'g4dn.4xlarge_use1-az5': 40, 'g4dn.4xlarge_use1-az6': 40, 'g4dn.8xlarge_use1-az1': 1, 'g4dn.8xlarge_use1-az2': 1, 'g4dn.8xlarge_use1-az4': 10, 'g4dn.8xlarge_use1-az5': 1, 'g4dn.8xlarge_use1-az6': 5, 'g4dn.xlarge_use1-az1': 50, 'g4dn.xlarge_use1-az2': 50, 'g4dn.xlarge_use1-az4': 50, 'g4dn.xlarge_use1-az5': 50, 'g4dn.xlarge_use1-az6': 50, 'g5.12xlarge_use1-az2': 1, 'g5.12xlarge_use1-az5': 10, 'g5.12xlarge_use1-az6': 5, 'g5.16xlarge_use1-az1': 1, 'g5.16xlarge_use1-az2': 1, 'g5.16xlarge_use1-az4': 5, 'g5.16xlarge_use1-az5': 5, 'g5.16xlarge_use1-az6': 10, 'g5.24xlarge_use1-az1': 1, 'g5.24xlarge_use1-az2': 1, 'g5.24xlarge_use1-az4': 1, 'g5.24xlarge_use1-az5': 1, 'g5.24xlarge_use1-az6': 5, 'g5.2xlarge_use1-az1': 25, 'g5.2xlarge_use1-az2': 15, 'g5.2xlarge_use1-az4': 15, 'g5.2xlarge_use1-az5': 50, 'g5.2xlarge_use1-az6': 45, 'g5.48xlarge_use1-az2': 1, 'g5.48xlarge_use1-az5': 5, 'g5.48xlarge_use1-az6': 25, 'g5.4xlarge_use1-az1': 1, 'g5.4xlarge_use1-az2': 50, 'g5.4xlarge_use1-az4': 50, 'g5.4xlarge_use1-az5': 40, 'g5.4xlarge_use1-az6': 50, 'g5.8xlarge_use1-az1': 1, 'g5.8xlarge_use1-az2': 5, 'g5.8xlarge_use1-az4': 10, 'g5.8xlarge_use1-az5': 20, 'g5.8xlarge_use1-az6': 10, 'g5.xlarge_use1-az1': 25, 'g5.xlarge_use1-az2': 50, 'g5.xlarge_use1-az4': 50, 'g5.xlarge_use1-az5': 50, 'g5.xlarge_use1-az6': 50, 'g5g.16xlarge_use1-az1': 1, 'g5g.16xlarge_use1-az6': 5, 'g5g.4xlarge_use1-az6': 1, 'g5g.8xlarge_use1-az1': 1, 'g5g.8xlarge_use1-az4': 1, 'g5g.8xlarge_use1-az6': 1, 'g5g.xlarge_use1-az1': 1, 'g5g.xlarge_use1-az2': 1, 'g5g.xlarge_use1-az4': 1, 'g5g.xlarge_use1-az6': 5, 'g6.12xlarge_use1-az1': 5, 'g6.12xlarge_use1-az2': 1, 'g6.12xlarge_use1-az4': 30, 'g6.12xlarge_use1-az6': 50, 'g6.16xlarge_use1-az1': 1, 'g6.16xlarge_use1-az2': 1, 'g6.16xlarge_use1-az4': 1, 'g6.16xlarge_use1-az6': 5, 'g6.24xlarge_use1-az2': 1, 'g6.24xlarge_use1-az4': 1, 'g6.24xlarge_use1-az6': 1, 'g6.2xlarge_use1-az1': 10, 'g6.2xlarge_use1-az2': 25, 'g6.2xlarge_use1-az4': 50, 'g6.2xlarge_use1-az6': 50, 'g6.48xlarge_use1-az2': 5, 'g6.48xlarge_use1-az4': 30, 'g6.48xlarge_use1-az6': 50, 'g6.4xlarge_use1-az1': 5, 'g6.4xlarge_use1-az2': 10, 'g6.4xlarge_use1-az4': 35, 'g6.4xlarge_use1-az6': 50, 'g6.8xlarge_use1-az1': 5, 'g6.8xlarge_use1-az2': 5, 'g6.8xlarge_use1-az4': 10, 'g6.8xlarge_use1-az6': 15, 'g6.xlarge_use1-az1': 5, 'g6.xlarge_use1-az2': 5, 'g6.xlarge_use1-az4': 5, 'g6.xlarge_use1-az6': 5, 'g6e.16xlarge_use1-az1': 10, 'g6e.16xlarge_use1-az2': 15, 'g6e.16xlarge_use1-az4': 40, 'g6e.16xlarge_use1-az6': 20, 'g6e.2xlarge_use1-az1': 10, 'g6e.2xlarge_use1-az2': 1, 'g6e.2xlarge_use1-az4': 10, 'g6e.2xlarge_use1-az6': 5, 'g6e.48xlarge_use1-az4': 5, 'g6e.48xlarge_use1-az6': 1, 'g6e.4xlarge_use1-az1': 1, 'g6e.4xlarge_use1-az4': 5, 'g6e.4xlarge_use1-az6': 1, 'g6e.8xlarge_use1-az1': 1, 'g6e.8xlarge_use1-az2': 1, 'g6e.8xlarge_use1-az4': 1, 'g6e.8xlarge_use1-az6': 1, 'g6f.2xlarge_use1-az1': 1, 'g6f.2xlarge_use1-az4': 1, 'g6f.2xlarge_use1-az6': 5, 'g6f.4xlarge_use1-az1': 1, 'g6f.4xlarge_use1-az4': 1, 'g6f.4xlarge_use1-az6': 1, 'g6f.large_use1-az1': 10, 'g6f.large_use1-az2': 15, 'g6f.large_use1-az4': 40, 'g6f.large_use1-az6': 20, 'g6f.xlarge_use1-az1': 1, 'g6f.xlarge_use1-az2': 1, 'g6f.xlarge_use1-az4': 5, 'g6f.xlarge_use1-az6': 10, 'gr6.4xlarge_use1-az2': 1, 'gr6.4xlarge_use1-az4': 1, 'gr6.4xlarge_use1-az6': 1, 'gr6.8xlarge_use1-az1': 1, 'gr6.8xlarge_use1-az2': 1, 'gr6.8xlarge_use1-az4': 1, 'gr6.8xlarge_use1-az6': 1, 'i2.2xlarge_use1-az2': 10, 'i2.2xlarge_use1-az3': 5, 'i2.2xlarge_use1-az4': 10, 'i2.2xlarge_use1-az6': 5, 'i2.4xlarge_use1-az1': 1, 'i2.4xlarge_use1-az2': 10, 'i2.4xlarge_use1-az3': 1, 'i2.4xlarge_use1-az4': 10, 'i2.4xlarge_use1-az6': 5, 'i2.8xlarge_use1-az2': 1, 'i2.8xlarge_use1-az3': 1, 'i2.8xlarge_use1-az6': 1, 'i2.xlarge_use1-az1': 1, 'i2.xlarge_use1-az2': 15, 'i2.xlarge_use1-az3': 1, 'i2.xlarge_use1-az4': 20, 'i2.xlarge_use1-az6': 15, 'i3.16xlarge_use1-az1': 20, 'i3.16xlarge_use1-az2': 50, 'i3.16xlarge_use1-az3': 10, 'i3.16xlarge_use1-az4': 50, 'i3.16xlarge_use1-az5': 10, 'i3.16xlarge_use1-az6': 45, 'i3.2xlarge_use1-az1': 50, 'i3.2xlarge_use1-az2': 50, 'i3.2xlarge_use1-az3': 50, 'i3.2xlarge_use1-az4': 50, 'i3.2xlarge_use1-az5': 50, 'i3.2xlarge_use1-az6': 50, 'i3.4xlarge_use1-az1': 50, 'i3.4xlarge_use1-az2': 50, 'i3.4xlarge_use1-az3': 50, 'i3.4xlarge_use1-az4': 50, 'i3.4xlarge_use1-az5': 50, 'i3.4xlarge_use1-az6': 50, 'i3.8xlarge_use1-az1': 50, 'i3.8xlarge_use1-az2': 50, 'i3.8xlarge_use1-az3': 50, 'i3.8xlarge_use1-az4': 50, 'i3.8xlarge_use1-az5': 25, 'i3.8xlarge_use1-az6': 50, 'i3.large_use1-az1': 50, 'i3.large_use1-az2': 50, 'i3.large_use1-az3': 50, 'i3.large_use1-az4': 50, 'i3.large_use1-az5': 50, 'i3.large_use1-az6': 50, 'i3.xlarge_use1-az1': 50, 'i3.xlarge_use1-az2': 50, 'i3.xlarge_use1-az3': 50, 'i3.xlarge_use1-az4': 50, 'i3.xlarge_use1-az5': 50, 'i3.xlarge_use1-az6': 50, 'i3en.12xlarge_use1-az1': 1, 'i3en.12xlarge_use1-az2': 1, 'i3en.12xlarge_use1-az6': 50, 'i3en.24xlarge_use1-az6': 20, 'i3en.2xlarge_use1-az1': 50, 'i3en.2xlarge_use1-az2': 50, 'i3en.2xlarge_use1-az4': 30, 'i3en.2xlarge_use1-az5': 50, 'i3en.2xlarge_use1-az6': 50, 'i3en.3xlarge_use1-az1': 50, 'i3en.3xlarge_use1-az2': 50, 'i3en.3xlarge_use1-az4': 50, 'i3en.3xlarge_use1-az5': 50, 'i3en.3xlarge_use1-az6': 50, 'i3en.6xlarge_use1-az1': 10, 'i3en.6xlarge_use1-az2': 20, 'i3en.6xlarge_use1-az4': 10, 'i3en.6xlarge_use1-az6': 50, 'i3en.large_use1-az1': 50, 'i3en.large_use1-az2': 50, 'i3en.large_use1-az4': 45, 'i3en.large_use1-az5': 35, 'i3en.large_use1-az6': 50, 'i3en.xlarge_use1-az1': 50, 'i3en.xlarge_use1-az2': 50, 'i3en.xlarge_use1-az4': 50, 'i3en.xlarge_use1-az5': 50, 'i3en.xlarge_use1-az6': 50, 'i4g.16xlarge_use1-az2': 1, 'i4g.16xlarge_use1-az4': 1, 'i4g.16xlarge_use1-az5': 50, 'i4g.16xlarge_use1-az6': 50, 'i4g.2xlarge_use1-az2': 10, 'i4g.2xlarge_use1-az4': 15, 'i4g.2xlarge_use1-az5': 40, 'i4g.2xlarge_use1-az6': 50, 'i4g.4xlarge_use1-az2': 25, 'i4g.4xlarge_use1-az4': 30, 'i4g.4xlarge_use1-az5': 50, 'i4g.4xlarge_use1-az6': 50, 'i4g.8xlarge_use1-az5': 45, 'i4g.8xlarge_use1-az6': 15, 'i4g.large_use1-az1': 5, 'i4g.large_use1-az2': 5, 'i4g.large_use1-az4': 5, 'i4g.large_use1-az5': 25, 'i4g.large_use1-az6': 50, 'i4g.xlarge_use1-az2': 10, 'i4g.xlarge_use1-az4': 1, 'i4g.xlarge_use1-az5': 50, 'i4g.xlarge_use1-az6': 50, 'i4i.12xlarge_use1-az2': 5, 'i4i.16xlarge_use1-az1': 1, 'i4i.16xlarge_use1-az2': 1, 'i4i.16xlarge_use1-az4': 1, 'i4i.16xlarge_use1-az6': 1, 'i4i.24xlarge_use1-az2': 1, 'i4i.2xlarge_use1-az1': 15, 'i4i.2xlarge_use1-az2': 50, 'i4i.2xlarge_use1-az4': 50, 'i4i.2xlarge_use1-az5': 1, 'i4i.2xlarge_use1-az6': 50, 'i4i.4xlarge_use1-az1': 1, 'i4i.4xlarge_use1-az2': 35, 'i4i.4xlarge_use1-az4': 1, 'i4i.4xlarge_use1-az6': 15, 'i4i.8xlarge_use1-az1': 1, 'i4i.8xlarge_use1-az2': 40, 'i4i.8xlarge_use1-az6': 5, 'i4i.large_use1-az1': 50, 'i4i.large_use1-az2': 50, 'i4i.large_use1-az4': 50, 'i4i.large_use1-az5': 50, 'i4i.large_use1-az6': 50, 'i4i.xlarge_use1-az1': 50, 'i4i.xlarge_use1-az2': 50, 'i4i.xlarge_use1-az4': 50, 'i4i.xlarge_use1-az5': 50, 'i4i.xlarge_use1-az6': 50, 'i7i.12xlarge_use1-az1': 1, 'i7i.12xlarge_use1-az2': 1, 'i7i.12xlarge_use1-az4': 1, 'i7i.12xlarge_use1-az5': 1, 'i7i.12xlarge_use1-az6': 1, 'i7i.16xlarge_use1-az2': 1, 'i7i.16xlarge_use1-az4': 5, 'i7i.16xlarge_use1-az5': 1, 'i7i.16xlarge_use1-az6': 1, 'i7i.24xlarge_use1-az2': 1, 'i7i.24xlarge_use1-az4': 1, 'i7i.24xlarge_use1-az5': 1, 'i7i.24xlarge_use1-az6': 1, 'i7i.2xlarge_use1-az1': 1, 'i7i.2xlarge_use1-az2': 50, 'i7i.2xlarge_use1-az4': 45, 'i7i.2xlarge_use1-az5': 20, 'i7i.2xlarge_use1-az6': 10, 'i7i.48xlarge_use1-az2': 1, 'i7i.4xlarge_use1-az1': 1, 'i7i.4xlarge_use1-az2': 15, 'i7i.4xlarge_use1-az4': 20, 'i7i.4xlarge_use1-az5': 5, 'i7i.4xlarge_use1-az6': 20, 'i7i.8xlarge_use1-az1': 1, 'i7i.8xlarge_use1-az2': 1, 'i7i.8xlarge_use1-az4': 5, 'i7i.8xlarge_use1-az5': 1, 'i7i.8xlarge_use1-az6': 1, 'i7i.metal-24xl_use1-az2': 1, 'i7i.metal-24xl_use1-az4': 50, 'i7i.metal-24xl_use1-az6': 35, 'i7i.xlarge_use1-az1': 1, 'i7i.xlarge_use1-az6': 20, 'i7ie.12xlarge_use1-az1': 1, 'i7ie.12xlarge_use1-az4': 1, 'i7ie.12xlarge_use1-az6': 30, 'i7ie.18xlarge_use1-az4': 1, 'i7ie.18xlarge_use1-az6': 20, 'i7ie.24xlarge_use1-az1': 1, 'i7ie.24xlarge_use1-az2': 1, 'i7ie.24xlarge_use1-az4': 1, 'i7ie.24xlarge_use1-az6': 50, 'i7ie.2xlarge_use1-az1': 5, 'i7ie.2xlarge_use1-az2': 1, 'i7ie.2xlarge_use1-az4': 15, 'i7ie.2xlarge_use1-az6': 35, 'i7ie.3xlarge_use1-az1': 5, 'i7ie.3xlarge_use1-az2': 1, 'i7ie.3xlarge_use1-az4': 5, 'i7ie.3xlarge_use1-az6': 30, 'i7ie.48xlarge_use1-az6': 50, 'i7ie.6xlarge_use1-az1': 25, 'i7ie.6xlarge_use1-az4': 20, 'i7ie.6xlarge_use1-az6': 50, 'i7ie.large_use1-az1': 45, 'i7ie.large_use1-az2': 15, 'i7ie.large_use1-az4': 50, 'i7ie.large_use1-az6': 50, 'i7ie.metal-24xl_use1-az4': 1, 'i7ie.metal-24xl_use1-az6': 15, 'i7ie.metal-48xl_use1-az6': 10, 'i7ie.xlarge_use1-az1': 10, 'i7ie.xlarge_use1-az2': 25, 'i7ie.xlarge_use1-az4': 45, 'i7ie.xlarge_use1-az6': 50, 'i8g.12xlarge_use1-az6': 1, 'i8g.24xlarge_use1-az6': 10, 'i8g.2xlarge_use1-az2': 1, 'i8g.4xlarge_use1-az2': 1, 'i8g.8xlarge_use1-az6': 5, 'i8g.large_use1-az2': 10, 'i8g.large_use1-az6': 5, 'i8g.xlarge_use1-az2': 1, 'i8g.xlarge_use1-az4': 1, 'i8g.xlarge_use1-az6': 1, 'i8ge.12xlarge_use1-az4': 1, 'i8ge.12xlarge_use1-az6': 5, 'i8ge.18xlarge_use1-az2': 1, 'i8ge.18xlarge_use1-az4': 1, 'i8ge.18xlarge_use1-az6': 5, 'i8ge.24xlarge_use1-az4': 1, 'i8ge.24xlarge_use1-az6': 5, 'i8ge.2xlarge_use1-az4': 10, 'i8ge.3xlarge_use1-az2': 1, 'i8ge.3xlarge_use1-az4': 5, 'i8ge.48xlarge_use1-az4': 5, 'i8ge.6xlarge_use1-az2': 1, 'i8ge.6xlarge_use1-az4': 1, 'i8ge.large_use1-az2': 5, 'i8ge.large_use1-az4': 50, 'i8ge.metal-24xl_use1-az4': 1, 'i8ge.metal-48xl_use1-az6': 1, 'i8ge.xlarge_use1-az4': 20, 'im4gn.16xlarge_use1-az4': 45, 'im4gn.2xlarge_use1-az1': 10, 'im4gn.2xlarge_use1-az4': 20, 'im4gn.2xlarge_use1-az6': 15, 'im4gn.4xlarge_use1-az1': 5, 'im4gn.4xlarge_use1-az4': 15, 'im4gn.8xlarge_use1-az1': 1, 'im4gn.8xlarge_use1-az4': 5, 'im4gn.large_use1-az1': 35, 'im4gn.large_use1-az2': 10, 'im4gn.large_use1-az4': 50, 'im4gn.large_use1-az6': 10, 'im4gn.xlarge_use1-az1': 25, 'im4gn.xlarge_use1-az2': 50, 'im4gn.xlarge_use1-az4': 30, 'im4gn.xlarge_use1-az6': 40, 'inf1.24xlarge_use1-az1': 1, 'inf1.24xlarge_use1-az2': 1, 'inf1.24xlarge_use1-az4': 10, 'inf1.24xlarge_use1-az5': 5, 'inf1.24xlarge_use1-az6': 20, 'inf1.2xlarge_use1-az1': 15, 'inf1.2xlarge_use1-az2': 15, 'inf1.2xlarge_use1-az4': 30, 'inf1.2xlarge_use1-az5': 40, 'inf1.2xlarge_use1-az6': 40, 'inf1.6xlarge_use1-az1': 1, 'inf1.6xlarge_use1-az2': 1, 'inf1.6xlarge_use1-az4': 5, 'inf1.6xlarge_use1-az5': 5, 'inf1.6xlarge_use1-az6': 10, 'inf1.xlarge_use1-az1': 50, 'inf1.xlarge_use1-az2': 50, 'inf1.xlarge_use1-az4': 40, 'inf1.xlarge_use1-az5': 50, 'inf1.xlarge_use1-az6': 50, 'inf2.24xlarge_use1-az4': 1, 'inf2.24xlarge_use1-az6': 10, 'inf2.48xlarge_use1-az6': 15, 'inf2.8xlarge_use1-az2': 5, 'inf2.8xlarge_use1-az4': 5, 'inf2.8xlarge_use1-az5': 1, 'inf2.8xlarge_use1-az6': 1, 'inf2.xlarge_use1-az2': 5, 'inf2.xlarge_use1-az4': 1, 'inf2.xlarge_use1-az6': 50, 'is4gen.2xlarge_use1-az1': 1, 'is4gen.2xlarge_use1-az2': 50, 'is4gen.2xlarge_use1-az4': 50, 'is4gen.2xlarge_use1-az6': 50, 'is4gen.4xlarge_use1-az1': 1, 'is4gen.8xlarge_use1-az1': 1, 'is4gen.8xlarge_use1-az4': 1, 'is4gen.large_use1-az1': 5, 'is4gen.large_use1-az2': 1, 'is4gen.large_use1-az4': 10, 'is4gen.large_use1-az6': 15, 'is4gen.medium_use1-az1': 50, 'is4gen.medium_use1-az2': 25, 'is4gen.medium_use1-az4': 40, 'is4gen.medium_use1-az6': 30, 'is4gen.xlarge_use1-az1': 1, 'is4gen.xlarge_use1-az2': 1, 'is4gen.xlarge_use1-az4': 15, 'is4gen.xlarge_use1-az6': 1, 'm1.large_use1-az1': 5, 'm1.large_use1-az2': 25, 'm1.large_use1-az4': 20, 'm1.large_use1-az6': 15, 'm1.xlarge_use1-az1': 1, 'm1.xlarge_use1-az2': 10, 'm1.xlarge_use1-az4': 10, 'm1.xlarge_use1-az6': 10, 'm2.2xlarge_use1-az1': 5, 'm2.2xlarge_use1-az2': 10, 'm2.2xlarge_use1-az4': 15, 'm2.2xlarge_use1-az6': 5, 'm2.4xlarge_use1-az1': 1, 'm2.4xlarge_use1-az2': 5, 'm2.4xlarge_use1-az4': 5, 'm2.4xlarge_use1-az6': 5, 'm2.xlarge_use1-az1': 5, 'm2.xlarge_use1-az2': 20, 'm2.xlarge_use1-az4': 20, 'm2.xlarge_use1-az6': 15, 'm3.2xlarge_use1-az2': 25, 'm3.2xlarge_use1-az3': 1, 'm3.2xlarge_use1-az4': 40, 'm3.2xlarge_use1-az6': 45, 'm3.large_use1-az2': 50, 'm3.large_use1-az3': 1, 'm3.large_use1-az4': 50, 'm3.large_use1-az6': 50, 'm3.xlarge_use1-az2': 50, 'm3.xlarge_use1-az3': 1, 'm3.xlarge_use1-az4': 50, 'm3.xlarge_use1-az6': 50, 'm4.10xlarge_use1-az1': 5, 'm4.10xlarge_use1-az2': 10, 'm4.10xlarge_use1-az3': 1, 'm4.10xlarge_use1-az4': 50, 'm4.10xlarge_use1-az5': 1, 'm4.10xlarge_use1-az6': 50, 'm4.2xlarge_use1-az1': 5, 'm4.2xlarge_use1-az2': 20, 'm4.2xlarge_use1-az3': 50, 'm4.2xlarge_use1-az4': 20, 'm4.2xlarge_use1-az5': 1, 'm4.2xlarge_use1-az6': 25, 'm4.4xlarge_use1-az1': 50, 'm4.4xlarge_use1-az2': 50, 'm4.4xlarge_use1-az3': 50, 'm4.4xlarge_use1-az4': 25, 'm4.4xlarge_use1-az5': 10, 'm4.4xlarge_use1-az6': 15, 'm4.large_use1-az1': 30, 'm4.large_use1-az2': 50, 'm4.large_use1-az3': 25, 'm4.large_use1-az4': 50, 'm4.large_use1-az5': 10, 'm4.large_use1-az6': 50, 'm4.xlarge_use1-az1': 15, 'm4.xlarge_use1-az2': 50, 'm4.xlarge_use1-az3': 50, 'm4.xlarge_use1-az4': 50, 'm4.xlarge_use1-az5': 30, 'm4.xlarge_use1-az6': 50, 'm5.12xlarge_use1-az1': 5, 'm5.12xlarge_use1-az2': 25, 'm5.12xlarge_use1-az4': 50, 'm5.12xlarge_use1-az5': 1, 'm5.12xlarge_use1-az6': 40, 'm5.16xlarge_use1-az1': 10, 'm5.16xlarge_use1-az2': 50, 'm5.16xlarge_use1-az4': 50, 'm5.16xlarge_use1-az5': 1, 'm5.16xlarge_use1-az6': 50, 'm5.24xlarge_use1-az1': 5, 'm5.24xlarge_use1-az2': 5, 'm5.24xlarge_use1-az4': 5, 'm5.24xlarge_use1-az5': 1, 'm5.24xlarge_use1-az6': 35, 'm5.2xlarge_use1-az1': 50, 'm5.2xlarge_use1-az2': 50, 'm5.2xlarge_use1-az4': 50, 'm5.2xlarge_use1-az5': 50, 'm5.2xlarge_use1-az6': 50, 'm5.4xlarge_use1-az1': 50, 'm5.4xlarge_use1-az2': 50, 'm5.4xlarge_use1-az4': 50, 'm5.4xlarge_use1-az5': 10, 'm5.4xlarge_use1-az6': 50, 'm5.8xlarge_use1-az1': 50, 'm5.8xlarge_use1-az2': 40, 'm5.8xlarge_use1-az4': 50, 'm5.8xlarge_use1-az5': 1, 'm5.8xlarge_use1-az6': 50, 'm5.large_use1-az1': 50, 'm5.large_use1-az2': 50, 'm5.large_use1-az4': 50, 'm5.large_use1-az5': 50, 'm5.large_use1-az6': 50, 'm5.xlarge_use1-az1': 50, 'm5.xlarge_use1-az2': 50, 'm5.xlarge_use1-az4': 50, 'm5.xlarge_use1-az5': 50, 'm5.xlarge_use1-az6': 50, 'm5a.12xlarge_use1-az2': 1, 'm5a.12xlarge_use1-az4': 1, 'm5a.12xlarge_use1-az6': 1, 'm5a.16xlarge_use1-az2': 1, 'm5a.16xlarge_use1-az4': 1, 'm5a.16xlarge_use1-az6': 1, 'm5a.24xlarge_use1-az1': 1, 'm5a.24xlarge_use1-az2': 1, 'm5a.24xlarge_use1-az4': 1, 'm5a.24xlarge_use1-az5': 5, 'm5a.24xlarge_use1-az6': 5, 'm5a.2xlarge_use1-az1': 10, 'm5a.2xlarge_use1-az2': 25, 'm5a.2xlarge_use1-az4': 25, 'm5a.2xlarge_use1-az5': 5, 'm5a.2xlarge_use1-az6': 45, 'm5a.4xlarge_use1-az1': 5, 'm5a.4xlarge_use1-az2': 10, 'm5a.4xlarge_use1-az4': 5, 'm5a.4xlarge_use1-az5': 10, 'm5a.4xlarge_use1-az6': 15, 'm5a.8xlarge_use1-az1': 1, 'm5a.8xlarge_use1-az2': 20, 'm5a.8xlarge_use1-az4': 20, 'm5a.8xlarge_use1-az5': 1, 'm5a.8xlarge_use1-az6': 5, 'm5a.large_use1-az1': 50, 'm5a.large_use1-az2': 50, 'm5a.large_use1-az4': 50, 'm5a.large_use1-az5': 45, 'm5a.large_use1-az6': 50, 'm5a.xlarge_use1-az1': 10, 'm5a.xlarge_use1-az2': 30, 'm5a.xlarge_use1-az4': 10, 'm5a.xlarge_use1-az5': 20, 'm5a.xlarge_use1-az6': 50, 'm5ad.12xlarge_use1-az1': 1, 'm5ad.16xlarge_use1-az1': 1, 'm5ad.16xlarge_use1-az2': 1, 'm5ad.16xlarge_use1-az4': 1, 'm5ad.16xlarge_use1-az6': 1, 'm5ad.24xlarge_use1-az1': 5, 'm5ad.24xlarge_use1-az2': 1, 'm5ad.24xlarge_use1-az4': 1, 'm5ad.24xlarge_use1-az6': 5, 'm5ad.2xlarge_use1-az1': 1, 'm5ad.2xlarge_use1-az2': 1, 'm5ad.2xlarge_use1-az4': 5, 'm5ad.2xlarge_use1-az6': 1, 'm5ad.4xlarge_use1-az1': 1, 'm5ad.4xlarge_use1-az2': 1, 'm5ad.4xlarge_use1-az4': 1, 'm5ad.4xlarge_use1-az6': 1, 'm5ad.8xlarge_use1-az2': 1, 'm5ad.large_use1-az1': 10, 'm5ad.large_use1-az2': 5, 'm5ad.large_use1-az4': 10, 'm5ad.large_use1-az5': 1, 'm5ad.large_use1-az6': 10, 'm5ad.xlarge_use1-az1': 1, 'm5ad.xlarge_use1-az2': 10, 'm5ad.xlarge_use1-az4': 5, 'm5ad.xlarge_use1-az6': 5, 'm5d.12xlarge_use1-az1': 1, 'm5d.12xlarge_use1-az2': 25, 'm5d.12xlarge_use1-az4': 30, 'm5d.12xlarge_use1-az6': 15, 'm5d.16xlarge_use1-az1': 5, 'm5d.16xlarge_use1-az2': 35, 'm5d.16xlarge_use1-az4': 20, 'm5d.16xlarge_use1-az5': 1, 'm5d.16xlarge_use1-az6': 50, 'm5d.24xlarge_use1-az1': 20, 'm5d.24xlarge_use1-az2': 15, 'm5d.24xlarge_use1-az4': 5, 'm5d.24xlarge_use1-az5': 1, 'm5d.24xlarge_use1-az6': 50, 'm5d.2xlarge_use1-az1': 5, 'm5d.2xlarge_use1-az2': 25, 'm5d.2xlarge_use1-az4': 25, 'm5d.2xlarge_use1-az6': 30, 'm5d.4xlarge_use1-az1': 5, 'm5d.4xlarge_use1-az2': 15, 'm5d.4xlarge_use1-az4': 25, 'm5d.4xlarge_use1-az6': 25, 'm5d.8xlarge_use1-az1': 1, 'm5d.8xlarge_use1-az2': 25, 'm5d.8xlarge_use1-az4': 10, 'm5d.8xlarge_use1-az5': 1, 'm5d.8xlarge_use1-az6': 10, 'm5d.large_use1-az1': 5, 'm5d.large_use1-az2': 50, 'm5d.large_use1-az4': 50, 'm5d.large_use1-az6': 50, 'm5d.xlarge_use1-az1': 50, 'm5d.xlarge_use1-az2': 50, 'm5d.xlarge_use1-az4': 50, 'm5d.xlarge_use1-az5': 1, 'm5d.xlarge_use1-az6': 50, 'm5dn.12xlarge_use1-az1': 1, 'm5dn.12xlarge_use1-az4': 1, 'm5dn.12xlarge_use1-az6': 1, 'm5dn.16xlarge_use1-az1': 1, 'm5dn.16xlarge_use1-az2': 5, 'm5dn.16xlarge_use1-az4': 1, 'm5dn.16xlarge_use1-az6': 1, 'm5dn.24xlarge_use1-az1': 1, 'm5dn.24xlarge_use1-az2': 1, 'm5dn.24xlarge_use1-az4': 1, 'm5dn.24xlarge_use1-az6': 5, 'm5dn.2xlarge_use1-az1': 10, 'm5dn.2xlarge_use1-az2': 5, 'm5dn.2xlarge_use1-az4': 5, 'm5dn.2xlarge_use1-az5': 1, 'm5dn.2xlarge_use1-az6': 15, 'm5dn.4xlarge_use1-az1': 5, 'm5dn.4xlarge_use1-az2': 5, 'm5dn.4xlarge_use1-az4': 1, 'm5dn.4xlarge_use1-az5': 1, 'm5dn.4xlarge_use1-az6': 5, 'm5dn.8xlarge_use1-az2': 1, 'm5dn.8xlarge_use1-az6': 1, 'm5dn.large_use1-az1': 35, 'm5dn.large_use1-az2': 30, 'm5dn.large_use1-az4': 40, 'm5dn.large_use1-az5': 15, 'm5dn.large_use1-az6': 50, 'm5dn.xlarge_use1-az1': 10, 'm5dn.xlarge_use1-az2': 25, 'm5dn.xlarge_use1-az4': 20, 'm5dn.xlarge_use1-az5': 1, 'm5dn.xlarge_use1-az6': 30, 'm5n.12xlarge_use1-az1': 1, 'm5n.12xlarge_use1-az2': 1, 'm5n.12xlarge_use1-az4': 1, 'm5n.12xlarge_use1-az5': 1, 'm5n.12xlarge_use1-az6': 1, 'm5n.16xlarge_use1-az2': 1, 'm5n.16xlarge_use1-az4': 1, 'm5n.16xlarge_use1-az6': 1, 'm5n.24xlarge_use1-az2': 1, 'm5n.24xlarge_use1-az4': 1, 'm5n.24xlarge_use1-az6': 1, 'm5n.2xlarge_use1-az1': 15, 'm5n.2xlarge_use1-az2': 25, 'm5n.2xlarge_use1-az4': 30, 'm5n.2xlarge_use1-az5': 5, 'm5n.2xlarge_use1-az6': 25, 'm5n.4xlarge_use1-az1': 25, 'm5n.4xlarge_use1-az2': 35, 'm5n.4xlarge_use1-az4': 50, 'm5n.4xlarge_use1-az5': 5, 'm5n.4xlarge_use1-az6': 10, 'm5n.8xlarge_use1-az1': 1, 'm5n.8xlarge_use1-az2': 1, 'm5n.8xlarge_use1-az4': 1, 'm5n.8xlarge_use1-az6': 5, 'm5n.large_use1-az1': 5, 'm5n.large_use1-az2': 15, 'm5n.large_use1-az4': 5, 'm5n.large_use1-az5': 5, 'm5n.large_use1-az6': 15, 'm5n.xlarge_use1-az1': 20, 'm5n.xlarge_use1-az2': 50, 'm5n.xlarge_use1-az4': 50, 'm5n.xlarge_use1-az5': 1, 'm5n.xlarge_use1-az6': 50, 'm5zn.12xlarge_use1-az2': 1, 'm5zn.12xlarge_use1-az4': 10, 'm5zn.12xlarge_use1-az5': 1, 'm5zn.12xlarge_use1-az6': 5, 'm5zn.2xlarge_use1-az1': 1, 'm5zn.2xlarge_use1-az2': 1, 'm5zn.2xlarge_use1-az4': 25, 'm5zn.2xlarge_use1-az5': 1, 'm5zn.2xlarge_use1-az6': 5, 'm5zn.3xlarge_use1-az1': 1, 'm5zn.3xlarge_use1-az2': 1, 'm5zn.3xlarge_use1-az4': 5, 'm5zn.3xlarge_use1-az6': 5, 'm5zn.6xlarge_use1-az4': 1, 'm5zn.6xlarge_use1-az6': 1, 'm5zn.large_use1-az1': 5, 'm5zn.large_use1-az2': 5, 'm5zn.large_use1-az4': 30, 'm5zn.large_use1-az5': 15, 'm5zn.large_use1-az6': 20, 'm5zn.xlarge_use1-az1': 1, 'm5zn.xlarge_use1-az2': 1, 'm5zn.xlarge_use1-az4': 20, 'm5zn.xlarge_use1-az5': 5, 'm5zn.xlarge_use1-az6': 5, 'm6a.12xlarge_use1-az1': 5, 'm6a.12xlarge_use1-az2': 5, 'm6a.12xlarge_use1-az4': 15, 'm6a.12xlarge_use1-az6': 10, 'm6a.16xlarge_use1-az1': 5, 'm6a.16xlarge_use1-az2': 5, 'm6a.16xlarge_use1-az4': 5, 'm6a.16xlarge_use1-az6': 5, 'm6a.24xlarge_use1-az1': 1, 'm6a.24xlarge_use1-az2': 1, 'm6a.24xlarge_use1-az4': 1, 'm6a.24xlarge_use1-az6': 1, 'm6a.2xlarge_use1-az1': 50, 'm6a.2xlarge_use1-az2': 35, 'm6a.2xlarge_use1-az4': 45, 'm6a.2xlarge_use1-az5': 15, 'm6a.2xlarge_use1-az6': 50, 'm6a.32xlarge_use1-az2': 1, 'm6a.32xlarge_use1-az4': 1, 'm6a.32xlarge_use1-az5': 1, 'm6a.32xlarge_use1-az6': 1, 'm6a.48xlarge_use1-az2': 1, 'm6a.48xlarge_use1-az4': 1, 'm6a.48xlarge_use1-az6': 1, 'm6a.4xlarge_use1-az1': 45, 'm6a.4xlarge_use1-az2': 40, 'm6a.4xlarge_use1-az4': 25, 'm6a.4xlarge_use1-az5': 5, 'm6a.4xlarge_use1-az6': 50, 'm6a.8xlarge_use1-az1': 25, 'm6a.8xlarge_use1-az2': 15, 'm6a.8xlarge_use1-az4': 50, 'm6a.8xlarge_use1-az5': 10, 'm6a.8xlarge_use1-az6': 50, 'm6a.large_use1-az1': 50, 'm6a.large_use1-az2': 50, 'm6a.large_use1-az4': 50, 'm6a.large_use1-az5': 30, 'm6a.large_use1-az6': 50, 'm6a.xlarge_use1-az1': 50, 'm6a.xlarge_use1-az2': 50, 'm6a.xlarge_use1-az4': 50, 'm6a.xlarge_use1-az5': 35, 'm6a.xlarge_use1-az6': 50, 'm6g.12xlarge_use1-az1': 1, 'm6g.12xlarge_use1-az2': 5, 'm6g.12xlarge_use1-az4': 50, 'm6g.12xlarge_use1-az6': 50, 'm6g.16xlarge_use1-az1': 1, 'm6g.16xlarge_use1-az2': 5, 'm6g.16xlarge_use1-az4': 25, 'm6g.16xlarge_use1-az6': 50, 'm6g.2xlarge_use1-az1': 15, 'm6g.2xlarge_use1-az2': 50, 'm6g.2xlarge_use1-az4': 50, 'm6g.2xlarge_use1-az5': 5, 'm6g.2xlarge_use1-az6': 50, 'm6g.4xlarge_use1-az1': 10, 'm6g.4xlarge_use1-az2': 50, 'm6g.4xlarge_use1-az4': 50, 'm6g.4xlarge_use1-az5': 10, 'm6g.4xlarge_use1-az6': 50, 'm6g.8xlarge_use1-az1': 5, 'm6g.8xlarge_use1-az2': 50, 'm6g.8xlarge_use1-az4': 50, 'm6g.8xlarge_use1-az6': 50, 'm6g.large_use1-az1': 1, 'm6g.large_use1-az2': 50, 'm6g.large_use1-az4': 50, 'm6g.large_use1-az5': 5, 'm6g.large_use1-az6': 50, 'm6g.medium_use1-az1': 5, 'm6g.medium_use1-az2': 5, 'm6g.medium_use1-az4': 10, 'm6g.medium_use1-az5': 1, 'm6g.medium_use1-az6': 15, 'm6g.xlarge_use1-az1': 50, 'm6g.xlarge_use1-az2': 50, 'm6g.xlarge_use1-az4': 50, 'm6g.xlarge_use1-az5': 50, 'm6g.xlarge_use1-az6': 50, 'm6gd.12xlarge_use1-az1': 10, 'm6gd.12xlarge_use1-az2': 40, 'm6gd.12xlarge_use1-az4': 20, 'm6gd.12xlarge_use1-az5': 5, 'm6gd.12xlarge_use1-az6': 50, 'm6gd.16xlarge_use1-az1': 5, 'm6gd.16xlarge_use1-az2': 10, 'm6gd.16xlarge_use1-az4': 10, 'm6gd.16xlarge_use1-az5': 10, 'm6gd.16xlarge_use1-az6': 35, 'm6gd.2xlarge_use1-az1': 1, 'm6gd.2xlarge_use1-az2': 50, 'm6gd.2xlarge_use1-az4': 45, 'm6gd.2xlarge_use1-az5': 1, 'm6gd.2xlarge_use1-az6': 5, 'm6gd.4xlarge_use1-az1': 1, 'm6gd.4xlarge_use1-az2': 5, 'm6gd.4xlarge_use1-az4': 5, 'm6gd.4xlarge_use1-az5': 1, 'm6gd.4xlarge_use1-az6': 15, 'm6gd.8xlarge_use1-az1': 5, 'm6gd.8xlarge_use1-az2': 10, 'm6gd.8xlarge_use1-az4': 15, 'm6gd.8xlarge_use1-az5': 1, 'm6gd.8xlarge_use1-az6': 20, 'm6gd.large_use1-az1': 1, 'm6gd.large_use1-az2': 5, 'm6gd.large_use1-az4': 5, 'm6gd.large_use1-az5': 1, 'm6gd.large_use1-az6': 15, 'm6gd.medium_use1-az1': 1, 'm6gd.medium_use1-az2': 1, 'm6gd.medium_use1-az4': 1, 'm6gd.medium_use1-az5': 5, 'm6gd.medium_use1-az6': 1, 'm6gd.xlarge_use1-az1': 1, 'm6gd.xlarge_use1-az2': 10, 'm6gd.xlarge_use1-az4': 35, 'm6gd.xlarge_use1-az5': 1, 'm6gd.xlarge_use1-az6': 15, 'm6i.12xlarge_use1-az1': 1, 'm6i.12xlarge_use1-az2': 10, 'm6i.12xlarge_use1-az4': 50, 'm6i.12xlarge_use1-az5': 1, 'm6i.12xlarge_use1-az6': 30, 'm6i.16xlarge_use1-az1': 1, 'm6i.16xlarge_use1-az2': 10, 'm6i.16xlarge_use1-az4': 5, 'm6i.16xlarge_use1-az5': 1, 'm6i.16xlarge_use1-az6': 10, 'm6i.24xlarge_use1-az2': 10, 'm6i.24xlarge_use1-az4': 5, 'm6i.24xlarge_use1-az5': 1, 'm6i.24xlarge_use1-az6': 50, 'm6i.2xlarge_use1-az1': 25, 'm6i.2xlarge_use1-az2': 50, 'm6i.2xlarge_use1-az4': 50, 'm6i.2xlarge_use1-az5': 25, 'm6i.2xlarge_use1-az6': 50, 'm6i.32xlarge_use1-az2': 1, 'm6i.32xlarge_use1-az4': 5, 'm6i.32xlarge_use1-az5': 1, 'm6i.32xlarge_use1-az6': 15, 'm6i.4xlarge_use1-az1': 15, 'm6i.4xlarge_use1-az2': 50, 'm6i.4xlarge_use1-az4': 50, 'm6i.4xlarge_use1-az5': 50, 'm6i.4xlarge_use1-az6': 50, 'm6i.8xlarge_use1-az1': 1, 'm6i.8xlarge_use1-az2': 50, 'm6i.8xlarge_use1-az4': 50, 'm6i.8xlarge_use1-az5': 20, 'm6i.8xlarge_use1-az6': 50, 'm6i.large_use1-az1': 25, 'm6i.large_use1-az2': 50, 'm6i.large_use1-az4': 50, 'm6i.large_use1-az5': 50, 'm6i.large_use1-az6': 50, 'm6i.xlarge_use1-az1': 45, 'm6i.xlarge_use1-az2': 50, 'm6i.xlarge_use1-az4': 50, 'm6i.xlarge_use1-az5': 25, 'm6i.xlarge_use1-az6': 50, 'm6id.12xlarge_use1-az1': 1, 'm6id.12xlarge_use1-az2': 1, 'm6id.12xlarge_use1-az4': 1, 'm6id.12xlarge_use1-az6': 1, 'm6id.16xlarge_use1-az1': 1, 'm6id.16xlarge_use1-az2': 1, 'm6id.16xlarge_use1-az4': 1, 'm6id.16xlarge_use1-az6': 1, 'm6id.24xlarge_use1-az1': 10, 'm6id.24xlarge_use1-az2': 15, 'm6id.24xlarge_use1-az4': 35, 'm6id.24xlarge_use1-az5': 5, 'm6id.24xlarge_use1-az6': 15, 'm6id.2xlarge_use1-az1': 5, 'm6id.2xlarge_use1-az2': 5, 'm6id.2xlarge_use1-az4': 5, 'm6id.2xlarge_use1-az5': 1, 'm6id.2xlarge_use1-az6': 5, 'm6id.32xlarge_use1-az1': 10, 'm6id.32xlarge_use1-az2': 15, 'm6id.32xlarge_use1-az4': 5, 'm6id.32xlarge_use1-az5': 1, 'm6id.32xlarge_use1-az6': 50, 'm6id.4xlarge_use1-az1': 15, 'm6id.4xlarge_use1-az2': 10, 'm6id.4xlarge_use1-az4': 5, 'm6id.4xlarge_use1-az5': 1, 'm6id.4xlarge_use1-az6': 10, 'm6id.8xlarge_use1-az1': 1, 'm6id.8xlarge_use1-az4': 5, 'm6id.8xlarge_use1-az5': 1, 'm6id.8xlarge_use1-az6': 1, 'm6id.large_use1-az1': 30, 'm6id.large_use1-az2': 35, 'm6id.large_use1-az4': 15, 'm6id.large_use1-az5': 5, 'm6id.large_use1-az6': 50, 'm6id.xlarge_use1-az1': 20, 'm6id.xlarge_use1-az2': 45, 'm6id.xlarge_use1-az4': 15, 'm6id.xlarge_use1-az5': 5, 'm6id.xlarge_use1-az6': 25, 'm6idn.12xlarge_use1-az2': 1, 'm6idn.16xlarge_use1-az4': 1, 'm6idn.24xlarge_use1-az1': 1, 'm6idn.24xlarge_use1-az2': 1, 'm6idn.24xlarge_use1-az4': 1, 'm6idn.2xlarge_use1-az1': 5, 'm6idn.2xlarge_use1-az2': 10, 'm6idn.2xlarge_use1-az4': 5, 'm6idn.2xlarge_use1-az5': 1, 'm6idn.2xlarge_use1-az6': 5, 'm6idn.32xlarge_use1-az2': 1, 'm6idn.4xlarge_use1-az1': 30, 'm6idn.4xlarge_use1-az2': 10, 'm6idn.4xlarge_use1-az4': 5, 'm6idn.4xlarge_use1-az5': 5, 'm6idn.4xlarge_use1-az6': 5, 'm6idn.large_use1-az1': 25, 'm6idn.large_use1-az2': 35, 'm6idn.large_use1-az4': 15, 'm6idn.large_use1-az5': 10, 'm6idn.large_use1-az6': 10, 'm6idn.xlarge_use1-az1': 15, 'm6idn.xlarge_use1-az2': 50, 'm6idn.xlarge_use1-az4': 20, 'm6idn.xlarge_use1-az5': 5, 'm6idn.xlarge_use1-az6': 10, 'm6in.12xlarge_use1-az4': 1, 'm6in.16xlarge_use1-az2': 1, 'm6in.16xlarge_use1-az4': 1, 'm6in.24xlarge_use1-az1': 1, 'm6in.24xlarge_use1-az2': 1, 'm6in.2xlarge_use1-az1': 10, 'm6in.2xlarge_use1-az2': 20, 'm6in.2xlarge_use1-az4': 10, 'm6in.2xlarge_use1-az5': 1, 'm6in.2xlarge_use1-az6': 5, 'm6in.4xlarge_use1-az1': 1, 'm6in.4xlarge_use1-az2': 1, 'm6in.4xlarge_use1-az5': 1, 'm6in.8xlarge_use1-az1': 1, 'm6in.8xlarge_use1-az2': 1, 'm6in.8xlarge_use1-az4': 1, 'm6in.large_use1-az1': 5, 'm6in.large_use1-az2': 10, 'm6in.large_use1-az4': 5, 'm6in.large_use1-az5': 1, 'm6in.large_use1-az6': 1, 'm6in.xlarge_use1-az1': 5, 'm6in.xlarge_use1-az2': 10, 'm6in.xlarge_use1-az4': 1, 'm7a.12xlarge_use1-az2': 1, 'm7a.12xlarge_use1-az6': 20, 'm7a.16xlarge_use1-az2': 1, 'm7a.16xlarge_use1-az6': 40, 'm7a.24xlarge_use1-az2': 1, 'm7a.24xlarge_use1-az6': 50, 'm7a.2xlarge_use1-az1': 5, 'm7a.2xlarge_use1-az2': 15, 'm7a.2xlarge_use1-az4': 10, 'm7a.2xlarge_use1-az6': 50, 'm7a.32xlarge_use1-az6': 20, 'm7a.48xlarge_use1-az6': 40, 'm7a.4xlarge_use1-az1': 10, 'm7a.4xlarge_use1-az2': 5, 'm7a.4xlarge_use1-az4': 10, 'm7a.4xlarge_use1-az6': 25, 'm7a.8xlarge_use1-az1': 1, 'm7a.8xlarge_use1-az2': 5, 'm7a.8xlarge_use1-az4': 1, 'm7a.8xlarge_use1-az6': 50, 'm7a.large_use1-az1': 15, 'm7a.large_use1-az2': 50, 'm7a.large_use1-az4': 50, 'm7a.large_use1-az5': 5, 'm7a.large_use1-az6': 50, 'm7a.medium_use1-az1': 10, 'm7a.medium_use1-az2': 50, 'm7a.medium_use1-az4': 50, 'm7a.medium_use1-az6': 50, 'm7a.xlarge_use1-az1': 5, 'm7a.xlarge_use1-az2': 40, 'm7a.xlarge_use1-az4': 50, 'm7a.xlarge_use1-az6': 50, 'm7g.12xlarge_use1-az1': 1, 'm7g.12xlarge_use1-az2': 10, 'm7g.12xlarge_use1-az4': 45, 'm7g.12xlarge_use1-az5': 1, 'm7g.12xlarge_use1-az6': 50, 'm7g.16xlarge_use1-az1': 1, 'm7g.16xlarge_use1-az2': 30, 'm7g.16xlarge_use1-az4': 35, 'm7g.16xlarge_use1-az5': 1, 'm7g.16xlarge_use1-az6': 50, 'm7g.2xlarge_use1-az1': 35, 'm7g.2xlarge_use1-az2': 50, 'm7g.2xlarge_use1-az4': 50, 'm7g.2xlarge_use1-az5': 15, 'm7g.2xlarge_use1-az6': 50, 'm7g.4xlarge_use1-az1': 10, 'm7g.4xlarge_use1-az2': 30, 'm7g.4xlarge_use1-az4': 50, 'm7g.4xlarge_use1-az5': 10, 'm7g.4xlarge_use1-az6': 50, 'm7g.8xlarge_use1-az1': 1, 'm7g.8xlarge_use1-az2': 15, 'm7g.8xlarge_use1-az4': 40, 'm7g.8xlarge_use1-az5': 1, 'm7g.8xlarge_use1-az6': 50, 'm7g.large_use1-az1': 10, 'm7g.large_use1-az2': 50, 'm7g.large_use1-az4': 50, 'm7g.large_use1-az5': 30, 'm7g.large_use1-az6': 50, 'm7g.medium_use1-az1': 30, 'm7g.medium_use1-az2': 40, 'm7g.medium_use1-az4': 50, 'm7g.medium_use1-az5': 35, 'm7g.medium_use1-az6': 50, 'm7g.metal_use1-az1': 1, 'm7g.metal_use1-az2': 25, 'm7g.metal_use1-az4': 10, 'm7g.metal_use1-az5': 1, 'm7g.metal_use1-az6': 50, 'm7g.xlarge_use1-az1': 50, 'm7g.xlarge_use1-az2': 50, 'm7g.xlarge_use1-az4': 50, 'm7g.xlarge_use1-az5': 50, 'm7g.xlarge_use1-az6': 50, 'm7gd.12xlarge_use1-az1': 5, 'm7gd.12xlarge_use1-az2': 10, 'm7gd.12xlarge_use1-az4': 1, 'm7gd.12xlarge_use1-az6': 35, 'm7gd.16xlarge_use1-az1': 1, 'm7gd.16xlarge_use1-az2': 30, 'm7gd.16xlarge_use1-az4': 1, 'm7gd.16xlarge_use1-az6': 40, 'm7gd.2xlarge_use1-az1': 15, 'm7gd.2xlarge_use1-az2': 50, 'm7gd.2xlarge_use1-az4': 15, 'm7gd.2xlarge_use1-az6': 25, 'm7gd.4xlarge_use1-az1': 5, 'm7gd.4xlarge_use1-az2': 10, 'm7gd.4xlarge_use1-az4': 1, 'm7gd.4xlarge_use1-az6': 40, 'm7gd.8xlarge_use1-az1': 10, 'm7gd.8xlarge_use1-az2': 50, 'm7gd.8xlarge_use1-az4': 30, 'm7gd.8xlarge_use1-az5': 45, 'm7gd.8xlarge_use1-az6': 50, 'm7gd.large_use1-az1': 5, 'm7gd.large_use1-az2': 50, 'm7gd.large_use1-az4': 5, 'm7gd.large_use1-az6': 50, 'm7gd.medium_use1-az1': 15, 'm7gd.medium_use1-az2': 20, 'm7gd.medium_use1-az4': 15, 'm7gd.medium_use1-az5': 20, 'm7gd.medium_use1-az6': 25, 'm7gd.metal_use1-az1': 5, 'm7gd.metal_use1-az2': 15, 'm7gd.metal_use1-az4': 1, 'm7gd.metal_use1-az6': 15, 'm7gd.xlarge_use1-az1': 5, 'm7gd.xlarge_use1-az2': 10, 'm7gd.xlarge_use1-az4': 10, 'm7gd.xlarge_use1-az5': 1, 'm7gd.xlarge_use1-az6': 25, 'm7i-flex.2xlarge_use1-az1': 50, 'm7i-flex.2xlarge_use1-az2': 50, 'm7i-flex.2xlarge_use1-az4': 15, 'm7i-flex.2xlarge_use1-az5': 10, 'm7i-flex.2xlarge_use1-az6': 50, 'm7i-flex.4xlarge_use1-az2': 5, 'm7i-flex.4xlarge_use1-az4': 5, 'm7i-flex.4xlarge_use1-az6': 25, 'm7i-flex.8xlarge_use1-az1': 1, 'm7i-flex.8xlarge_use1-az2': 5, 'm7i-flex.8xlarge_use1-az4': 5, 'm7i-flex.8xlarge_use1-az5': 1, 'm7i-flex.8xlarge_use1-az6': 10, 'm7i-flex.large_use1-az1': 20, 'm7i-flex.large_use1-az2': 50, 'm7i-flex.large_use1-az4': 25, 'm7i-flex.large_use1-az5': 25, 'm7i-flex.large_use1-az6': 50, 'm7i-flex.xlarge_use1-az1': 50, 'm7i-flex.xlarge_use1-az2': 50, 'm7i-flex.xlarge_use1-az4': 50, 'm7i-flex.xlarge_use1-az5': 15, 'm7i-flex.xlarge_use1-az6': 50, 'm7i.12xlarge_use1-az1': 1, 'm7i.12xlarge_use1-az2': 5, 'm7i.12xlarge_use1-az4': 15, 'm7i.12xlarge_use1-az6': 50, 'm7i.16xlarge_use1-az1': 5, 'm7i.16xlarge_use1-az2': 10, 'm7i.16xlarge_use1-az4': 10, 'm7i.16xlarge_use1-az6': 50, 'm7i.24xlarge_use1-az2': 5, 'm7i.24xlarge_use1-az4': 5, 'm7i.24xlarge_use1-az6': 50, 'm7i.2xlarge_use1-az1': 1, 'm7i.2xlarge_use1-az2': 50, 'm7i.2xlarge_use1-az4': 50, 'm7i.2xlarge_use1-az6': 50, 'm7i.48xlarge_use1-az1': 1, 'm7i.48xlarge_use1-az2': 5, 'm7i.48xlarge_use1-az4': 20, 'm7i.48xlarge_use1-az6': 50, 'm7i.4xlarge_use1-az1': 1, 'm7i.4xlarge_use1-az2': 25, 'm7i.4xlarge_use1-az4': 10, 'm7i.4xlarge_use1-az6': 50, 'm7i.8xlarge_use1-az1': 40, 'm7i.8xlarge_use1-az2': 20, 'm7i.8xlarge_use1-az4': 50, 'm7i.8xlarge_use1-az6': 50, 'm7i.large_use1-az1': 50, 'm7i.large_use1-az2': 50, 'm7i.large_use1-az4': 50, 'm7i.large_use1-az5': 1, 'm7i.large_use1-az6': 50, 'm7i.xlarge_use1-az1': 30, 'm7i.xlarge_use1-az2': 35, 'm7i.xlarge_use1-az4': 50, 'm7i.xlarge_use1-az6': 50, 'm8g.12xlarge_use1-az2': 10, 'm8g.12xlarge_use1-az4': 10, 'm8g.12xlarge_use1-az5': 1, 'm8g.12xlarge_use1-az6': 35, 'm8g.16xlarge_use1-az2': 5, 'm8g.16xlarge_use1-az4': 5, 'm8g.16xlarge_use1-az5': 5, 'm8g.16xlarge_use1-az6': 45, 'm8g.24xlarge_use1-az2': 5, 'm8g.24xlarge_use1-az4': 1, 'm8g.24xlarge_use1-az5': 1, 'm8g.24xlarge_use1-az6': 25, 'm8g.2xlarge_use1-az4': 10, 'm8g.2xlarge_use1-az5': 10, 'm8g.48xlarge_use1-az2': 5, 'm8g.48xlarge_use1-az4': 5, 'm8g.48xlarge_use1-az6': 20, 'm8g.4xlarge_use1-az2': 5, 'm8g.4xlarge_use1-az4': 5, 'm8g.4xlarge_use1-az5': 1, 'm8g.4xlarge_use1-az6': 40, 'm8g.8xlarge_use1-az2': 10, 'm8g.8xlarge_use1-az4': 20, 'm8g.8xlarge_use1-az5': 1, 'm8g.8xlarge_use1-az6': 40, 'm8g.large_use1-az1': 1, 'm8g.large_use1-az2': 20, 'm8g.large_use1-az6': 45, 'm8g.medium_use1-az1': 1, 'm8g.medium_use1-az2': 15, 'm8g.metal-48xl_use1-az2': 5, 'm8g.metal-48xl_use1-az6': 25, 'm8g.xlarge_use1-az1': 1, 'm8g.xlarge_use1-az5': 15, 'm8g.xlarge_use1-az6': 50, 'm8gd.16xlarge_use1-az5': 1, 'm8gd.4xlarge_use1-az2': 5, 'm8gd.4xlarge_use1-az4': 1, 'm8gd.4xlarge_use1-az6': 1, 'm8gd.8xlarge_use1-az5': 1, 'm8gd.8xlarge_use1-az6': 5, 'm8gd.large_use1-az1': 20, 'm8gd.large_use1-az2': 15, 'm8gd.large_use1-az5': 1, 'm8gd.large_use1-az6': 1, 'm8gd.medium_use1-az6': 1, 'm8gd.metal-24xl_use1-az2': 1, 'm8gd.xlarge_use1-az1': 1, 'm8gd.xlarge_use1-az5': 1, 'm8i-flex.16xlarge_use1-az6': 5, 'm8i-flex.2xlarge_use1-az2': 10, 'm8i-flex.2xlarge_use1-az4': 1, 'm8i-flex.2xlarge_use1-az6': 50, 'm8i-flex.4xlarge_use1-az2': 1, 'm8i-flex.4xlarge_use1-az4': 1, 'm8i-flex.4xlarge_use1-az6': 5, 'm8i-flex.8xlarge_use1-az6': 1, 'm8i-flex.large_use1-az2': 5, 'm8i-flex.xlarge_use1-az2': 10, 'm8i-flex.xlarge_use1-az4': 25, 'm8i-flex.xlarge_use1-az6': 50, 'm8i.12xlarge_use1-az6': 1, 'm8i.16xlarge_use1-az4': 1, 'm8i.16xlarge_use1-az6': 1, 'm8i.24xlarge_use1-az6': 1, 'm8i.2xlarge_use1-az2': 10, 'm8i.2xlarge_use1-az4': 1, 'm8i.2xlarge_use1-az6': 10, 'm8i.32xlarge_use1-az2': 1, 'm8i.32xlarge_use1-az6': 5, 'm8i.48xlarge_use1-az2': 1, 'm8i.48xlarge_use1-az6': 5, 'm8i.4xlarge_use1-az2': 5, 'm8i.4xlarge_use1-az4': 1, 'm8i.4xlarge_use1-az6': 5, 'm8i.8xlarge_use1-az2': 1, 'm8i.8xlarge_use1-az4': 1, 'm8i.8xlarge_use1-az6': 20, 'm8i.96xlarge_use1-az6': 1, 'm8i.large_use1-az4': 25, 'm8i.metal-48xl_use1-az6': 1, 'm8i.metal-96xl_use1-az6': 1, 'm8i.xlarge_use1-az2': 30, 'm8i.xlarge_use1-az4': 10, 'p3.2xlarge_use1-az1': 50, 'p3.2xlarge_use1-az2': 50, 'p3.2xlarge_use1-az5': 50, 'p3.2xlarge_use1-az6': 50, 'p3dn.24xlarge_use1-az1': 15, 'p3dn.24xlarge_use1-az6': 50, 'p4d.24xlarge_use1-az2': 1, 'p4d.24xlarge_use1-az6': 1, 'p5.48xlarge_use1-az2': 15, 'r3.2xlarge_use1-az2': 1, 'r3.2xlarge_use1-az4': 1, 'r3.2xlarge_use1-az6': 1, 'r3.4xlarge_use1-az4': 1, 'r3.4xlarge_use1-az6': 1, 'r3.8xlarge_use1-az2': 1, 'r3.8xlarge_use1-az4': 1, 'r3.8xlarge_use1-az6': 5, 'r3.large_use1-az2': 50, 'r3.large_use1-az4': 50, 'r3.large_use1-az6': 50, 'r3.xlarge_use1-az2': 40, 'r3.xlarge_use1-az4': 50, 'r3.xlarge_use1-az6': 50, 'r4.16xlarge_use1-az1': 10, 'r4.16xlarge_use1-az2': 10, 'r4.16xlarge_use1-az3': 50, 'r4.16xlarge_use1-az4': 35, 'r4.16xlarge_use1-az5': 15, 'r4.16xlarge_use1-az6': 10, 'r4.2xlarge_use1-az1': 20, 'r4.2xlarge_use1-az2': 50, 'r4.2xlarge_use1-az3': 50, 'r4.2xlarge_use1-az4': 50, 'r4.2xlarge_use1-az5': 5, 'r4.2xlarge_use1-az6': 50, 'r4.4xlarge_use1-az1': 20, 'r4.4xlarge_use1-az2': 50, 'r4.4xlarge_use1-az3': 40, 'r4.4xlarge_use1-az4': 15, 'r4.4xlarge_use1-az5': 5, 'r4.4xlarge_use1-az6': 50, 'r4.8xlarge_use1-az1': 50, 'r4.8xlarge_use1-az2': 50, 'r4.8xlarge_use1-az3': 25, 'r4.8xlarge_use1-az4': 50, 'r4.8xlarge_use1-az5': 5, 'r4.8xlarge_use1-az6': 50, 'r4.large_use1-az1': 35, 'r4.large_use1-az2': 50, 'r4.large_use1-az3': 10, 'r4.large_use1-az4': 50, 'r4.large_use1-az5': 20, 'r4.large_use1-az6': 50, 'r4.xlarge_use1-az1': 50, 'r4.xlarge_use1-az2': 50, 'r4.xlarge_use1-az3': 50, 'r4.xlarge_use1-az4': 50, 'r4.xlarge_use1-az5': 30, 'r4.xlarge_use1-az6': 50, 'r5.12xlarge_use1-az1': 5, 'r5.12xlarge_use1-az2': 5, 'r5.12xlarge_use1-az4': 50, 'r5.12xlarge_use1-az5': 5, 'r5.12xlarge_use1-az6': 5, 'r5.16xlarge_use1-az1': 5, 'r5.16xlarge_use1-az4': 35, 'r5.16xlarge_use1-az5': 30, 'r5.16xlarge_use1-az6': 5, 'r5.24xlarge_use1-az4': 15, 'r5.24xlarge_use1-az5': 5, 'r5.24xlarge_use1-az6': 5, 'r5.2xlarge_use1-az1': 50, 'r5.2xlarge_use1-az2': 50, 'r5.2xlarge_use1-az4': 50, 'r5.2xlarge_use1-az5': 5, 'r5.2xlarge_use1-az6': 50, 'r5.4xlarge_use1-az1': 50, 'r5.4xlarge_use1-az2': 50, 'r5.4xlarge_use1-az4': 50, 'r5.4xlarge_use1-az5': 5, 'r5.4xlarge_use1-az6': 50, 'r5.8xlarge_use1-az1': 50, 'r5.8xlarge_use1-az2': 50, 'r5.8xlarge_use1-az4': 50, 'r5.8xlarge_use1-az5': 5, 'r5.8xlarge_use1-az6': 5, 'r5.large_use1-az1': 50, 'r5.large_use1-az2': 50, 'r5.large_use1-az4': 50, 'r5.large_use1-az5': 50, 'r5.large_use1-az6': 50, 'r5.xlarge_use1-az1': 50, 'r5.xlarge_use1-az2': 50, 'r5.xlarge_use1-az4': 50, 'r5.xlarge_use1-az5': 50, 'r5.xlarge_use1-az6': 50, 'r5a.12xlarge_use1-az1': 1, 'r5a.12xlarge_use1-az2': 1, 'r5a.12xlarge_use1-az4': 5, 'r5a.12xlarge_use1-az6': 5, 'r5a.16xlarge_use1-az1': 10, 'r5a.16xlarge_use1-az2': 10, 'r5a.16xlarge_use1-az4': 10, 'r5a.16xlarge_use1-az5': 5, 'r5a.16xlarge_use1-az6': 5, 'r5a.24xlarge_use1-az1': 5, 'r5a.24xlarge_use1-az2': 15, 'r5a.24xlarge_use1-az4': 10, 'r5a.24xlarge_use1-az5': 1, 'r5a.24xlarge_use1-az6': 10, 'r5a.2xlarge_use1-az1': 10, 'r5a.2xlarge_use1-az2': 20, 'r5a.2xlarge_use1-az4': 35, 'r5a.2xlarge_use1-az5': 5, 'r5a.2xlarge_use1-az6': 30, 'r5a.4xlarge_use1-az1': 25, 'r5a.4xlarge_use1-az2': 50, 'r5a.4xlarge_use1-az4': 50, 'r5a.4xlarge_use1-az5': 5, 'r5a.4xlarge_use1-az6': 50, 'r5a.8xlarge_use1-az1': 25, 'r5a.8xlarge_use1-az2': 10, 'r5a.8xlarge_use1-az4': 15, 'r5a.8xlarge_use1-az5': 30, 'r5a.8xlarge_use1-az6': 20, 'r5a.large_use1-az1': 50, 'r5a.large_use1-az2': 50, 'r5a.large_use1-az4': 50, 'r5a.large_use1-az5': 25, 'r5a.large_use1-az6': 50, 'r5a.xlarge_use1-az1': 20, 'r5a.xlarge_use1-az2': 50, 'r5a.xlarge_use1-az4': 50, 'r5a.xlarge_use1-az5': 5, 'r5a.xlarge_use1-az6': 50, 'r5ad.12xlarge_use1-az2': 1, 'r5ad.16xlarge_use1-az2': 50, 'r5ad.16xlarge_use1-az4': 10, 'r5ad.16xlarge_use1-az5': 1, 'r5ad.16xlarge_use1-az6': 10, 'r5ad.24xlarge_use1-az2': 25, 'r5ad.24xlarge_use1-az4': 1, 'r5ad.24xlarge_use1-az6': 10, 'r5ad.2xlarge_use1-az1': 1, 'r5ad.2xlarge_use1-az2': 1, 'r5ad.2xlarge_use1-az4': 1, 'r5ad.2xlarge_use1-az5': 1, 'r5ad.2xlarge_use1-az6': 1, 'r5ad.4xlarge_use1-az1': 1, 'r5ad.4xlarge_use1-az2': 10, 'r5ad.4xlarge_use1-az4': 5, 'r5ad.4xlarge_use1-az5': 1, 'r5ad.4xlarge_use1-az6': 1, 'r5ad.8xlarge_use1-az2': 5, 'r5ad.8xlarge_use1-az4': 20, 'r5ad.8xlarge_use1-az5': 1, 'r5ad.8xlarge_use1-az6': 10, 'r5ad.large_use1-az1': 1, 'r5ad.large_use1-az2': 30, 'r5ad.large_use1-az4': 10, 'r5ad.large_use1-az5': 5, 'r5ad.large_use1-az6': 10, 'r5ad.xlarge_use1-az1': 1, 'r5ad.xlarge_use1-az2': 10, 'r5ad.xlarge_use1-az4': 10, 'r5ad.xlarge_use1-az5': 1, 'r5ad.xlarge_use1-az6': 5, 'r5b.12xlarge_use1-az1': 5, 'r5b.12xlarge_use1-az4': 5, 'r5b.12xlarge_use1-az6': 1, 'r5b.16xlarge_use1-az1': 5, 'r5b.16xlarge_use1-az2': 5, 'r5b.16xlarge_use1-az4': 5, 'r5b.16xlarge_use1-az6': 5, 'r5b.24xlarge_use1-az1': 1, 'r5b.24xlarge_use1-az4': 5, 'r5b.24xlarge_use1-az6': 1, 'r5b.2xlarge_use1-az1': 1, 'r5b.2xlarge_use1-az2': 1, 'r5b.2xlarge_use1-az4': 1, 'r5b.2xlarge_use1-az6': 1, 'r5b.4xlarge_use1-az1': 5, 'r5b.4xlarge_use1-az2': 5, 'r5b.4xlarge_use1-az4': 5, 'r5b.4xlarge_use1-az6': 5, 'r5b.8xlarge_use1-az1': 5, 'r5b.8xlarge_use1-az2': 1, 'r5b.8xlarge_use1-az4': 1, 'r5b.8xlarge_use1-az6': 1, 'r5b.large_use1-az1': 1, 'r5b.large_use1-az2': 5, 'r5b.large_use1-az4': 10, 'r5b.large_use1-az6': 5, 'r5b.xlarge_use1-az1': 1, 'r5b.xlarge_use1-az2': 1, 'r5b.xlarge_use1-az4': 5, 'r5b.xlarge_use1-az6': 1, 'r5d.12xlarge_use1-az1': 1, 'r5d.12xlarge_use1-az2': 5, 'r5d.12xlarge_use1-az4': 10, 'r5d.12xlarge_use1-az6': 1, 'r5d.16xlarge_use1-az1': 5, 'r5d.16xlarge_use1-az2': 50, 'r5d.16xlarge_use1-az4': 50, 'r5d.16xlarge_use1-az5': 10, 'r5d.16xlarge_use1-az6': 50, 'r5d.24xlarge_use1-az1': 1, 'r5d.24xlarge_use1-az2': 1, 'r5d.24xlarge_use1-az4': 10, 'r5d.24xlarge_use1-az5': 1, 'r5d.24xlarge_use1-az6': 10, 'r5d.2xlarge_use1-az1': 5, 'r5d.2xlarge_use1-az2': 15, 'r5d.2xlarge_use1-az4': 15, 'r5d.2xlarge_use1-az5': 1, 'r5d.2xlarge_use1-az6': 15, 'r5d.4xlarge_use1-az1': 5, 'r5d.4xlarge_use1-az2': 20, 'r5d.4xlarge_use1-az4': 45, 'r5d.4xlarge_use1-az5': 5, 'r5d.4xlarge_use1-az6': 25, 'r5d.8xlarge_use1-az1': 5, 'r5d.8xlarge_use1-az2': 15, 'r5d.8xlarge_use1-az4': 15, 'r5d.8xlarge_use1-az5': 5, 'r5d.8xlarge_use1-az6': 50, 'r5d.large_use1-az1': 10, 'r5d.large_use1-az2': 50, 'r5d.large_use1-az4': 50, 'r5d.large_use1-az5': 5, 'r5d.large_use1-az6': 50, 'r5d.xlarge_use1-az1': 1, 'r5d.xlarge_use1-az2': 15, 'r5d.xlarge_use1-az4': 15, 'r5d.xlarge_use1-az5': 1, 'r5d.xlarge_use1-az6': 10, 'r5dn.12xlarge_use1-az1': 1, 'r5dn.12xlarge_use1-az2': 1, 'r5dn.12xlarge_use1-az4': 1, 'r5dn.12xlarge_use1-az5': 1, 'r5dn.12xlarge_use1-az6': 1, 'r5dn.16xlarge_use1-az1': 5, 'r5dn.16xlarge_use1-az2': 5, 'r5dn.16xlarge_use1-az4': 15, 'r5dn.16xlarge_use1-az5': 10, 'r5dn.16xlarge_use1-az6': 30, 'r5dn.24xlarge_use1-az2': 5, 'r5dn.24xlarge_use1-az4': 10, 'r5dn.24xlarge_use1-az5': 1, 'r5dn.24xlarge_use1-az6': 25, 'r5dn.2xlarge_use1-az1': 50, 'r5dn.2xlarge_use1-az2': 45, 'r5dn.2xlarge_use1-az4': 30, 'r5dn.2xlarge_use1-az5': 50, 'r5dn.2xlarge_use1-az6': 5, 'r5dn.4xlarge_use1-az1': 5, 'r5dn.4xlarge_use1-az2': 25, 'r5dn.4xlarge_use1-az4': 45, 'r5dn.4xlarge_use1-az5': 5, 'r5dn.4xlarge_use1-az6': 20, 'r5dn.8xlarge_use1-az1': 1, 'r5dn.8xlarge_use1-az2': 5, 'r5dn.8xlarge_use1-az4': 5, 'r5dn.8xlarge_use1-az5': 5, 'r5dn.8xlarge_use1-az6': 50, 'r5dn.large_use1-az1': 50, 'r5dn.large_use1-az2': 50, 'r5dn.large_use1-az4': 50, 'r5dn.large_use1-az5': 50, 'r5dn.large_use1-az6': 50, 'r5dn.xlarge_use1-az1': 5, 'r5dn.xlarge_use1-az2': 15, 'r5dn.xlarge_use1-az4': 15, 'r5dn.xlarge_use1-az5': 15, 'r5dn.xlarge_use1-az6': 15, 'r5n.12xlarge_use1-az2': 1, 'r5n.12xlarge_use1-az4': 1, 'r5n.12xlarge_use1-az6': 1, 'r5n.16xlarge_use1-az1': 1, 'r5n.16xlarge_use1-az2': 10, 'r5n.16xlarge_use1-az4': 35, 'r5n.16xlarge_use1-az5': 1, 'r5n.16xlarge_use1-az6': 20, 'r5n.2xlarge_use1-az1': 5, 'r5n.2xlarge_use1-az2': 5, 'r5n.2xlarge_use1-az4': 15, 'r5n.2xlarge_use1-az5': 1, 'r5n.2xlarge_use1-az6': 1, 'r5n.4xlarge_use1-az1': 5, 'r5n.4xlarge_use1-az2': 25, 'r5n.4xlarge_use1-az4': 15, 'r5n.4xlarge_use1-az5': 5, 'r5n.4xlarge_use1-az6': 35, 'r5n.8xlarge_use1-az1': 10, 'r5n.8xlarge_use1-az2': 20, 'r5n.8xlarge_use1-az4': 35, 'r5n.8xlarge_use1-az6': 15, 'r5n.large_use1-az1': 20, 'r5n.large_use1-az2': 50, 'r5n.large_use1-az4': 50, 'r5n.large_use1-az5': 10, 'r5n.large_use1-az6': 30, 'r5n.xlarge_use1-az1': 1, 'r5n.xlarge_use1-az2': 10, 'r5n.xlarge_use1-az4': 15, 'r5n.xlarge_use1-az5': 1, 'r5n.xlarge_use1-az6': 20, 'r6a.12xlarge_use1-az1': 1, 'r6a.12xlarge_use1-az2': 10, 'r6a.12xlarge_use1-az4': 5, 'r6a.12xlarge_use1-az6': 10, 'r6a.16xlarge_use1-az1': 5, 'r6a.16xlarge_use1-az2': 15, 'r6a.16xlarge_use1-az4': 30, 'r6a.16xlarge_use1-az5': 15, 'r6a.16xlarge_use1-az6': 40, 'r6a.24xlarge_use1-az2': 5, 'r6a.24xlarge_use1-az4': 1, 'r6a.24xlarge_use1-az5': 1, 'r6a.24xlarge_use1-az6': 5, 'r6a.2xlarge_use1-az1': 50, 'r6a.2xlarge_use1-az2': 50, 'r6a.2xlarge_use1-az4': 40, 'r6a.2xlarge_use1-az5': 1, 'r6a.2xlarge_use1-az6': 50, 'r6a.32xlarge_use1-az2': 5, 'r6a.32xlarge_use1-az4': 5, 'r6a.32xlarge_use1-az5': 5, 'r6a.32xlarge_use1-az6': 5, 'r6a.48xlarge_use1-az2': 5, 'r6a.48xlarge_use1-az4': 5, 'r6a.48xlarge_use1-az5': 5, 'r6a.48xlarge_use1-az6': 1, 'r6a.4xlarge_use1-az1': 50, 'r6a.4xlarge_use1-az2': 50, 'r6a.4xlarge_use1-az4': 50, 'r6a.4xlarge_use1-az5': 40, 'r6a.4xlarge_use1-az6': 50, 'r6a.8xlarge_use1-az1': 20, 'r6a.8xlarge_use1-az2': 50, 'r6a.8xlarge_use1-az4': 50, 'r6a.8xlarge_use1-az5': 50, 'r6a.8xlarge_use1-az6': 50, 'r6a.large_use1-az1': 50, 'r6a.large_use1-az2': 50, 'r6a.large_use1-az4': 50, 'r6a.large_use1-az5': 50, 'r6a.large_use1-az6': 50, 'r6a.xlarge_use1-az1': 50, 'r6a.xlarge_use1-az2': 50, 'r6a.xlarge_use1-az4': 50, 'r6a.xlarge_use1-az5': 50, 'r6a.xlarge_use1-az6': 50, 'r6g.12xlarge_use1-az2': 50, 'r6g.12xlarge_use1-az4': 45, 'r6g.12xlarge_use1-az5': 10, 'r6g.12xlarge_use1-az6': 50, 'r6g.16xlarge_use1-az1': 1, 'r6g.16xlarge_use1-az2': 50, 'r6g.16xlarge_use1-az4': 50, 'r6g.16xlarge_use1-az5': 50, 'r6g.16xlarge_use1-az6': 50, 'r6g.2xlarge_use1-az1': 1, 'r6g.2xlarge_use1-az2': 25, 'r6g.2xlarge_use1-az4': 40, 'r6g.2xlarge_use1-az5': 10, 'r6g.2xlarge_use1-az6': 50, 'r6g.4xlarge_use1-az1': 10, 'r6g.4xlarge_use1-az2': 50, 'r6g.4xlarge_use1-az4': 50, 'r6g.4xlarge_use1-az5': 50, 'r6g.4xlarge_use1-az6': 50, 'r6g.8xlarge_use1-az1': 1, 'r6g.8xlarge_use1-az2': 10, 'r6g.8xlarge_use1-az4': 50, 'r6g.8xlarge_use1-az5': 50, 'r6g.8xlarge_use1-az6': 50, 'r6g.large_use1-az1': 10, 'r6g.large_use1-az2': 40, 'r6g.large_use1-az4': 50, 'r6g.large_use1-az5': 5, 'r6g.large_use1-az6': 50, 'r6g.medium_use1-az1': 1, 'r6g.medium_use1-az2': 10, 'r6g.medium_use1-az4': 15, 'r6g.medium_use1-az5': 15, 'r6g.medium_use1-az6': 35, 'r6g.xlarge_use1-az1': 1, 'r6g.xlarge_use1-az2': 50, 'r6g.xlarge_use1-az4': 50, 'r6g.xlarge_use1-az5': 50, 'r6g.xlarge_use1-az6': 50, 'r6gd.12xlarge_use1-az1': 1, 'r6gd.12xlarge_use1-az2': 5, 'r6gd.12xlarge_use1-az4': 10, 'r6gd.12xlarge_use1-az5': 1, 'r6gd.12xlarge_use1-az6': 10, 'r6gd.16xlarge_use1-az1': 5, 'r6gd.16xlarge_use1-az2': 5, 'r6gd.16xlarge_use1-az4': 50, 'r6gd.16xlarge_use1-az5': 1, 'r6gd.16xlarge_use1-az6': 45, 'r6gd.2xlarge_use1-az1': 1, 'r6gd.2xlarge_use1-az2': 20, 'r6gd.2xlarge_use1-az4': 30, 'r6gd.2xlarge_use1-az5': 1, 'r6gd.2xlarge_use1-az6': 1, 'r6gd.4xlarge_use1-az1': 5, 'r6gd.4xlarge_use1-az2': 20, 'r6gd.4xlarge_use1-az4': 50, 'r6gd.4xlarge_use1-az5': 1, 'r6gd.4xlarge_use1-az6': 25, 'r6gd.8xlarge_use1-az1': 1, 'r6gd.8xlarge_use1-az2': 10, 'r6gd.8xlarge_use1-az4': 20, 'r6gd.8xlarge_use1-az5': 1, 'r6gd.8xlarge_use1-az6': 30, 'r6gd.large_use1-az1': 50, 'r6gd.large_use1-az2': 50, 'r6gd.large_use1-az4': 50, 'r6gd.large_use1-az5': 50, 'r6gd.large_use1-az6': 50, 'r6gd.medium_use1-az1': 5, 'r6gd.medium_use1-az2': 1, 'r6gd.medium_use1-az4': 5, 'r6gd.medium_use1-az5': 5, 'r6gd.medium_use1-az6': 1, 'r6gd.xlarge_use1-az1': 1, 'r6gd.xlarge_use1-az2': 1, 'r6gd.xlarge_use1-az4': 5, 'r6gd.xlarge_use1-az6': 10, 'r6i.12xlarge_use1-az1': 5, 'r6i.12xlarge_use1-az2': 5, 'r6i.12xlarge_use1-az4': 5, 'r6i.12xlarge_use1-az5': 1, 'r6i.12xlarge_use1-az6': 10, 'r6i.16xlarge_use1-az1': 1, 'r6i.16xlarge_use1-az2': 1, 'r6i.16xlarge_use1-az4': 10, 'r6i.16xlarge_use1-az5': 10, 'r6i.16xlarge_use1-az6': 1, 'r6i.24xlarge_use1-az4': 10, 'r6i.24xlarge_use1-az5': 1, 'r6i.24xlarge_use1-az6': 5, 'r6i.2xlarge_use1-az1': 15, 'r6i.2xlarge_use1-az2': 35, 'r6i.2xlarge_use1-az4': 50, 'r6i.2xlarge_use1-az5': 5, 'r6i.2xlarge_use1-az6': 50, 'r6i.32xlarge_use1-az4': 1, 'r6i.32xlarge_use1-az5': 1, 'r6i.32xlarge_use1-az6': 1, 'r6i.4xlarge_use1-az1': 30, 'r6i.4xlarge_use1-az2': 20, 'r6i.4xlarge_use1-az4': 20, 'r6i.4xlarge_use1-az5': 10, 'r6i.4xlarge_use1-az6': 40, 'r6i.8xlarge_use1-az1': 5, 'r6i.8xlarge_use1-az2': 10, 'r6i.8xlarge_use1-az4': 10, 'r6i.8xlarge_use1-az5': 5, 'r6i.8xlarge_use1-az6': 10, 'r6i.large_use1-az1': 20, 'r6i.large_use1-az2': 50, 'r6i.large_use1-az4': 50, 'r6i.large_use1-az5': 20, 'r6i.large_use1-az6': 50, 'r6i.xlarge_use1-az1': 15, 'r6i.xlarge_use1-az2': 45, 'r6i.xlarge_use1-az4': 50, 'r6i.xlarge_use1-az5': 10, 'r6i.xlarge_use1-az6': 50, 'r6id.12xlarge_use1-az1': 1, 'r6id.12xlarge_use1-az2': 5, 'r6id.12xlarge_use1-az4': 1, 'r6id.12xlarge_use1-az6': 5, 'r6id.16xlarge_use1-az1': 5, 'r6id.16xlarge_use1-az2': 5, 'r6id.16xlarge_use1-az4': 15, 'r6id.16xlarge_use1-az5': 1, 'r6id.16xlarge_use1-az6': 20, 'r6id.24xlarge_use1-az1': 10, 'r6id.24xlarge_use1-az2': 10, 'r6id.24xlarge_use1-az4': 5, 'r6id.24xlarge_use1-az5': 15, 'r6id.24xlarge_use1-az6': 25, 'r6id.2xlarge_use1-az1': 5, 'r6id.2xlarge_use1-az2': 1, 'r6id.2xlarge_use1-az4': 10, 'r6id.2xlarge_use1-az5': 1, 'r6id.2xlarge_use1-az6': 10, 'r6id.32xlarge_use1-az1': 1, 'r6id.32xlarge_use1-az2': 5, 'r6id.32xlarge_use1-az4': 1, 'r6id.32xlarge_use1-az5': 1, 'r6id.32xlarge_use1-az6': 10, 'r6id.4xlarge_use1-az1': 40, 'r6id.4xlarge_use1-az2': 50, 'r6id.4xlarge_use1-az4': 10, 'r6id.4xlarge_use1-az5': 20, 'r6id.4xlarge_use1-az6': 35, 'r6id.8xlarge_use1-az1': 1, 'r6id.8xlarge_use1-az2': 1, 'r6id.8xlarge_use1-az4': 5, 'r6id.8xlarge_use1-az5': 1, 'r6id.8xlarge_use1-az6': 5, 'r6id.large_use1-az1': 15, 'r6id.large_use1-az2': 10, 'r6id.large_use1-az4': 5, 'r6id.large_use1-az5': 15, 'r6id.large_use1-az6': 30, 'r6id.xlarge_use1-az1': 5, 'r6id.xlarge_use1-az2': 15, 'r6id.xlarge_use1-az4': 10, 'r6id.xlarge_use1-az5': 15, 'r6id.xlarge_use1-az6': 15, 'r6idn.16xlarge_use1-az4': 1, 'r6idn.16xlarge_use1-az5': 1, 'r6idn.16xlarge_use1-az6': 1, 'r6idn.24xlarge_use1-az6': 1, 'r6idn.2xlarge_use1-az1': 1, 'r6idn.2xlarge_use1-az2': 1, 'r6idn.2xlarge_use1-az4': 5, 'r6idn.2xlarge_use1-az5': 1, 'r6idn.2xlarge_use1-az6': 5, 'r6idn.32xlarge_use1-az6': 1, 'r6idn.4xlarge_use1-az1': 15, 'r6idn.4xlarge_use1-az2': 15, 'r6idn.4xlarge_use1-az4': 15, 'r6idn.4xlarge_use1-az5': 5, 'r6idn.4xlarge_use1-az6': 10, 'r6idn.8xlarge_use1-az2': 1, 'r6idn.8xlarge_use1-az4': 1, 'r6idn.8xlarge_use1-az6': 5, 'r6idn.large_use1-az1': 1, 'r6idn.large_use1-az2': 1, 'r6idn.large_use1-az4': 5, 'r6idn.large_use1-az5': 5, 'r6idn.large_use1-az6': 5, 'r6idn.xlarge_use1-az1': 5, 'r6idn.xlarge_use1-az2': 1, 'r6idn.xlarge_use1-az4': 5, 'r6idn.xlarge_use1-az5': 1, 'r6idn.xlarge_use1-az6': 5, 'r6in.12xlarge_use1-az1': 1, 'r6in.12xlarge_use1-az6': 5, 'r6in.16xlarge_use1-az4': 1, 'r6in.16xlarge_use1-az5': 1, 'r6in.16xlarge_use1-az6': 5, 'r6in.24xlarge_use1-az6': 1, 'r6in.2xlarge_use1-az1': 1, 'r6in.2xlarge_use1-az2': 1, 'r6in.2xlarge_use1-az4': 1, 'r6in.2xlarge_use1-az5': 1, 'r6in.2xlarge_use1-az6': 1, 'r6in.4xlarge_use1-az1': 5, 'r6in.4xlarge_use1-az2': 20, 'r6in.4xlarge_use1-az4': 15, 'r6in.4xlarge_use1-az5': 20, 'r6in.4xlarge_use1-az6': 20, 'r6in.8xlarge_use1-az1': 5, 'r6in.8xlarge_use1-az4': 1, 'r6in.8xlarge_use1-az6': 5, 'r6in.large_use1-az1': 45, 'r6in.large_use1-az2': 50, 'r6in.large_use1-az4': 50, 'r6in.large_use1-az5': 40, 'r6in.large_use1-az6': 50, 'r6in.xlarge_use1-az1': 1, 'r6in.xlarge_use1-az2': 1, 'r6in.xlarge_use1-az4': 1, 'r6in.xlarge_use1-az5': 1, 'r6in.xlarge_use1-az6': 1, 'r7a.12xlarge_use1-az1': 1, 'r7a.12xlarge_use1-az2': 1, 'r7a.12xlarge_use1-az4': 5, 'r7a.12xlarge_use1-az6': 20, 'r7a.16xlarge_use1-az1': 1, 'r7a.16xlarge_use1-az2': 15, 'r7a.16xlarge_use1-az4': 30, 'r7a.16xlarge_use1-az6': 50, 'r7a.24xlarge_use1-az2': 10, 'r7a.24xlarge_use1-az4': 10, 'r7a.24xlarge_use1-az6': 35, 'r7a.2xlarge_use1-az1': 1, 'r7a.2xlarge_use1-az2': 5, 'r7a.2xlarge_use1-az4': 25, 'r7a.2xlarge_use1-az6': 1, 'r7a.32xlarge_use1-az2': 1, 'r7a.32xlarge_use1-az4': 1, 'r7a.32xlarge_use1-az6': 50, 'r7a.48xlarge_use1-az2': 5, 'r7a.48xlarge_use1-az4': 5, 'r7a.48xlarge_use1-az6': 50, 'r7a.4xlarge_use1-az1': 5, 'r7a.4xlarge_use1-az2': 25, 'r7a.4xlarge_use1-az4': 50, 'r7a.4xlarge_use1-az6': 50, 'r7a.8xlarge_use1-az1': 5, 'r7a.8xlarge_use1-az2': 20, 'r7a.8xlarge_use1-az4': 50, 'r7a.8xlarge_use1-az6': 50, 'r7a.large_use1-az1': 50, 'r7a.large_use1-az2': 50, 'r7a.large_use1-az4': 50, 'r7a.large_use1-az6': 50, 'r7a.medium_use1-az1': 10, 'r7a.medium_use1-az2': 25, 'r7a.medium_use1-az4': 50, 'r7a.medium_use1-az6': 50, 'r7a.xlarge_use1-az1': 20, 'r7a.xlarge_use1-az2': 50, 'r7a.xlarge_use1-az4': 50, 'r7a.xlarge_use1-az6': 25, 'r7g.12xlarge_use1-az1': 1, 'r7g.12xlarge_use1-az2': 5, 'r7g.12xlarge_use1-az4': 50, 'r7g.12xlarge_use1-az5': 1, 'r7g.12xlarge_use1-az6': 5, 'r7g.16xlarge_use1-az1': 5, 'r7g.16xlarge_use1-az2': 30, 'r7g.16xlarge_use1-az4': 50, 'r7g.16xlarge_use1-az5': 5, 'r7g.16xlarge_use1-az6': 50, 'r7g.2xlarge_use1-az1': 5, 'r7g.2xlarge_use1-az2': 10, 'r7g.2xlarge_use1-az4': 50, 'r7g.2xlarge_use1-az5': 5, 'r7g.2xlarge_use1-az6': 15, 'r7g.4xlarge_use1-az1': 5, 'r7g.4xlarge_use1-az2': 5, 'r7g.4xlarge_use1-az4': 50, 'r7g.4xlarge_use1-az5': 5, 'r7g.4xlarge_use1-az6': 15, 'r7g.8xlarge_use1-az1': 1, 'r7g.8xlarge_use1-az2': 50, 'r7g.8xlarge_use1-az4': 50, 'r7g.8xlarge_use1-az5': 50, 'r7g.8xlarge_use1-az6': 50, 'r7g.large_use1-az1': 20, 'r7g.large_use1-az2': 50, 'r7g.large_use1-az4': 50, 'r7g.large_use1-az5': 40, 'r7g.large_use1-az6': 40, 'r7g.medium_use1-az1': 50, 'r7g.medium_use1-az2': 50, 'r7g.medium_use1-az4': 50, 'r7g.medium_use1-az5': 25, 'r7g.medium_use1-az6': 50, 'r7g.xlarge_use1-az1': 50, 'r7g.xlarge_use1-az2': 50, 'r7g.xlarge_use1-az4': 50, 'r7g.xlarge_use1-az5': 10, 'r7g.xlarge_use1-az6': 50, 'r7gd.12xlarge_use1-az1': 1, 'r7gd.12xlarge_use1-az2': 10, 'r7gd.12xlarge_use1-az4': 35, 'r7gd.12xlarge_use1-az5': 10, 'r7gd.12xlarge_use1-az6': 50, 'r7gd.16xlarge_use1-az1': 5, 'r7gd.16xlarge_use1-az2': 50, 'r7gd.16xlarge_use1-az4': 50, 'r7gd.16xlarge_use1-az5': 50, 'r7gd.16xlarge_use1-az6': 50, 'r7gd.2xlarge_use1-az1': 5, 'r7gd.2xlarge_use1-az2': 25, 'r7gd.2xlarge_use1-az4': 25, 'r7gd.2xlarge_use1-az5': 40, 'r7gd.2xlarge_use1-az6': 50, 'r7gd.4xlarge_use1-az1': 1, 'r7gd.4xlarge_use1-az2': 20, 'r7gd.4xlarge_use1-az4': 25, 'r7gd.4xlarge_use1-az5': 30, 'r7gd.4xlarge_use1-az6': 50, 'r7gd.8xlarge_use1-az1': 1, 'r7gd.8xlarge_use1-az2': 10, 'r7gd.8xlarge_use1-az4': 30, 'r7gd.8xlarge_use1-az5': 20, 'r7gd.8xlarge_use1-az6': 50, 'r7gd.large_use1-az1': 15, 'r7gd.large_use1-az2': 10, 'r7gd.large_use1-az4': 50, 'r7gd.large_use1-az5': 15, 'r7gd.large_use1-az6': 35, 'r7gd.medium_use1-az1': 35, 'r7gd.medium_use1-az2': 15, 'r7gd.medium_use1-az4': 25, 'r7gd.medium_use1-az5': 15, 'r7gd.medium_use1-az6': 20, 'r7gd.xlarge_use1-az1': 1, 'r7gd.xlarge_use1-az2': 10, 'r7gd.xlarge_use1-az4': 25, 'r7gd.xlarge_use1-az5': 10, 'r7gd.xlarge_use1-az6': 50, 'r7i.12xlarge_use1-az4': 1, 'r7i.12xlarge_use1-az6': 10, 'r7i.16xlarge_use1-az1': 5, 'r7i.16xlarge_use1-az2': 15, 'r7i.16xlarge_use1-az4': 45, 'r7i.16xlarge_use1-az5': 5, 'r7i.16xlarge_use1-az6': 50, 'r7i.24xlarge_use1-az1': 1, 'r7i.24xlarge_use1-az2': 1, 'r7i.24xlarge_use1-az4': 5, 'r7i.24xlarge_use1-az5': 5, 'r7i.24xlarge_use1-az6': 5, 'r7i.2xlarge_use1-az1': 5, 'r7i.2xlarge_use1-az2': 5, 'r7i.2xlarge_use1-az4': 10, 'r7i.2xlarge_use1-az5': 5, 'r7i.2xlarge_use1-az6': 50, 'r7i.48xlarge_use1-az2': 1, 'r7i.48xlarge_use1-az4': 5, 'r7i.48xlarge_use1-az5': 1, 'r7i.48xlarge_use1-az6': 5, 'r7i.4xlarge_use1-az1': 5, 'r7i.4xlarge_use1-az2': 20, 'r7i.4xlarge_use1-az4': 10, 'r7i.4xlarge_use1-az5': 1, 'r7i.4xlarge_use1-az6': 50, 'r7i.8xlarge_use1-az1': 5, 'r7i.8xlarge_use1-az2': 25, 'r7i.8xlarge_use1-az4': 25, 'r7i.8xlarge_use1-az5': 5, 'r7i.8xlarge_use1-az6': 50, 'r7i.large_use1-az1': 15, 'r7i.large_use1-az2': 50, 'r7i.large_use1-az4': 50, 'r7i.large_use1-az5': 15, 'r7i.large_use1-az6': 50, 'r7i.xlarge_use1-az1': 5, 'r7i.xlarge_use1-az2': 15, 'r7i.xlarge_use1-az4': 10, 'r7i.xlarge_use1-az5': 15, 'r7i.xlarge_use1-az6': 50, 'r8g.12xlarge_use1-az2': 5, 'r8g.12xlarge_use1-az4': 5, 'r8g.12xlarge_use1-az6': 15, 'r8g.16xlarge_use1-az1': 1, 'r8g.16xlarge_use1-az2': 50, 'r8g.16xlarge_use1-az4': 50, 'r8g.16xlarge_use1-az5': 5, 'r8g.16xlarge_use1-az6': 50, 'r8g.24xlarge_use1-az2': 10, 'r8g.24xlarge_use1-az4': 5, 'r8g.24xlarge_use1-az5': 5, 'r8g.24xlarge_use1-az6': 35, 'r8g.2xlarge_use1-az2': 5, 'r8g.2xlarge_use1-az4': 5, 'r8g.2xlarge_use1-az5': 1, 'r8g.2xlarge_use1-az6': 5, 'r8g.48xlarge_use1-az2': 1, 'r8g.48xlarge_use1-az4': 5, 'r8g.48xlarge_use1-az6': 5, 'r8g.4xlarge_use1-az2': 10, 'r8g.4xlarge_use1-az4': 35, 'r8g.4xlarge_use1-az5': 5, 'r8g.4xlarge_use1-az6': 50, 'r8g.8xlarge_use1-az2': 40, 'r8g.8xlarge_use1-az4': 15, 'r8g.8xlarge_use1-az5': 1, 'r8g.8xlarge_use1-az6': 50, 'r8g.large_use1-az1': 5, 'r8g.large_use1-az2': 30, 'r8g.large_use1-az4': 15, 'r8g.large_use1-az5': 10, 'r8g.large_use1-az6': 20, 'r8g.medium_use1-az1': 15, 'r8g.medium_use1-az2': 30, 'r8g.medium_use1-az4': 20, 'r8g.medium_use1-az5': 5, 'r8g.medium_use1-az6': 15, 'r8g.xlarge_use1-az1': 1, 'r8g.xlarge_use1-az2': 10, 'r8g.xlarge_use1-az4': 5, 'r8g.xlarge_use1-az5': 5, 'r8g.xlarge_use1-az6': 10, 'r8gb.24xlarge_use1-az6': 1, 'r8gb.2xlarge_use1-az2': 1, 'r8gb.2xlarge_use1-az4': 1, 'r8gb.2xlarge_use1-az6': 1, 'r8gb.large_use1-az2': 20, 'r8gb.large_use1-az4': 15, 'r8gb.large_use1-az6': 25, 'r8gb.medium_use1-az2': 50, 'r8gb.metal-24xl_use1-az6': 1, 'r8gb.xlarge_use1-az2': 5, 'r8gb.xlarge_use1-az4': 5, 'r8gb.xlarge_use1-az6': 5, 'r8gd.12xlarge_use1-az5': 1, 'r8gd.12xlarge_use1-az6': 1, 'r8gd.16xlarge_use1-az2': 1, 'r8gd.16xlarge_use1-az4': 1, 'r8gd.16xlarge_use1-az5': 1, 'r8gd.16xlarge_use1-az6': 15, 'r8gd.24xlarge_use1-az2': 1, 'r8gd.24xlarge_use1-az5': 1, 'r8gd.24xlarge_use1-az6': 25, 'r8gd.2xlarge_use1-az2': 25, 'r8gd.2xlarge_use1-az4': 30, 'r8gd.2xlarge_use1-az6': 50, 'r8gd.48xlarge_use1-az6': 50, 'r8gd.4xlarge_use1-az1': 1, 'r8gd.4xlarge_use1-az2': 20, 'r8gd.4xlarge_use1-az5': 1, 'r8gd.4xlarge_use1-az6': 15, 'r8gd.8xlarge_use1-az2': 5, 'r8gd.8xlarge_use1-az4': 1, 'r8gd.8xlarge_use1-az5': 1, 'r8gd.8xlarge_use1-az6': 1, 'r8gd.large_use1-az2': 50, 'r8gd.large_use1-az5': 1, 'r8gd.large_use1-az6': 50, 'r8gd.medium_use1-az1': 5, 'r8gd.medium_use1-az2': 5, 'r8gd.medium_use1-az4': 5, 'r8gd.medium_use1-az5': 10, 'r8gd.metal-24xl_use1-az6': 1, 'r8gd.metal-48xl_use1-az6': 1, 'r8gd.xlarge_use1-az2': 25, 'r8gd.xlarge_use1-az4': 1, 'r8gd.xlarge_use1-az5': 50, 'r8gd.xlarge_use1-az6': 40, 'r8gn.16xlarge_use1-az6': 1, 'r8gn.24xlarge_use1-az2': 1, 'r8gn.2xlarge_use1-az2': 1, 'r8gn.2xlarge_use1-az4': 1, 'r8gn.2xlarge_use1-az6': 1, 'r8gn.48xlarge_use1-az6': 1, 'r8gn.4xlarge_use1-az6': 5, 'r8gn.8xlarge_use1-az2': 1, 'r8gn.8xlarge_use1-az6': 5, 'r8gn.large_use1-az2': 20, 'r8gn.large_use1-az4': 15, 'r8gn.large_use1-az6': 20, 'r8gn.medium_use1-az2': 35, 'r8gn.medium_use1-az4': 40, 'r8gn.metal-24xl_use1-az2': 1, 'r8gn.metal-24xl_use1-az6': 1, 'r8gn.xlarge_use1-az2': 1, 'r8gn.xlarge_use1-az4': 5, 'r8gn.xlarge_use1-az6': 10, 'r8i-flex.2xlarge_use1-az2': 1, 'r8i-flex.2xlarge_use1-az6': 5, 'r8i-flex.4xlarge_use1-az2': 1, 'r8i-flex.4xlarge_use1-az6': 1, 'r8i-flex.large_use1-az2': 1, 'r8i-flex.large_use1-az6': 5, 'r8i-flex.xlarge_use1-az2': 5, 'r8i-flex.xlarge_use1-az6': 1, 'r8i.12xlarge_use1-az2': 1, 'r8i.12xlarge_use1-az6': 1, 'r8i.16xlarge_use1-az2': 1, 'r8i.16xlarge_use1-az6': 1, 'r8i.24xlarge_use1-az6': 1, 'r8i.2xlarge_use1-az2': 5, 'r8i.2xlarge_use1-az6': 5, 'r8i.32xlarge_use1-az2': 1, 'r8i.32xlarge_use1-az6': 1, 'r8i.48xlarge_use1-az2': 1, 'r8i.48xlarge_use1-az6': 1, 'r8i.4xlarge_use1-az2': 1, 'r8i.4xlarge_use1-az6': 5, 'r8i.8xlarge_use1-az2': 1, 'r8i.8xlarge_use1-az6': 5, 'r8i.96xlarge_use1-az2': 1, 'r8i.96xlarge_use1-az6': 1, 'r8i.large_use1-az2': 20, 'r8i.large_use1-az6': 20, 'r8i.xlarge_use1-az2': 5, 'r8i.xlarge_use1-az6': 5, 't2.2xlarge_use1-az1': 50, 't2.2xlarge_use1-az2': 50, 't2.2xlarge_use1-az3': 15, 't2.2xlarge_use1-az4': 50, 't2.2xlarge_use1-az5': 50, 't2.2xlarge_use1-az6': 50, 't2.large_use1-az1': 20, 't2.large_use1-az2': 50, 't2.large_use1-az3': 50, 't2.large_use1-az4': 50, 't2.large_use1-az5': 25, 't2.large_use1-az6': 50, 't2.medium_use1-az1': 50, 't2.medium_use1-az2': 50, 't2.medium_use1-az3': 50, 't2.medium_use1-az4': 50, 't2.medium_use1-az5': 50, 't2.medium_use1-az6': 50, 't2.xlarge_use1-az1': 35, 't2.xlarge_use1-az2': 50, 't2.xlarge_use1-az3': 20, 't2.xlarge_use1-az4': 50, 't2.xlarge_use1-az5': 5, 't2.xlarge_use1-az6': 50, 't3.2xlarge_use1-az1': 50, 't3.2xlarge_use1-az2': 50, 't3.2xlarge_use1-az4': 50, 't3.2xlarge_use1-az5': 50, 't3.2xlarge_use1-az6': 50, 't3.large_use1-az1': 50, 't3.large_use1-az2': 50, 't3.large_use1-az4': 50, 't3.large_use1-az5': 50, 't3.large_use1-az6': 50, 't3.medium_use1-az1': 50, 't3.medium_use1-az2': 50, 't3.medium_use1-az4': 50, 't3.medium_use1-az5': 50, 't3.medium_use1-az6': 50, 't3.xlarge_use1-az1': 50, 't3.xlarge_use1-az2': 50, 't3.xlarge_use1-az4': 50, 't3.xlarge_use1-az5': 50, 't3.xlarge_use1-az6': 50, 't3a.2xlarge_use1-az1': 50, 't3a.2xlarge_use1-az2': 50, 't3a.2xlarge_use1-az4': 50, 't3a.2xlarge_use1-az5': 50, 't3a.2xlarge_use1-az6': 50, 't3a.large_use1-az1': 50, 't3a.large_use1-az2': 50, 't3a.large_use1-az4': 50, 't3a.large_use1-az5': 5, 't3a.large_use1-az6': 50, 't3a.medium_use1-az1': 50, 't3a.medium_use1-az2': 50, 't3a.medium_use1-az4': 50, 't3a.medium_use1-az5': 5, 't3a.medium_use1-az6': 50, 't3a.xlarge_use1-az1': 25, 't3a.xlarge_use1-az2': 50, 't3a.xlarge_use1-az4': 50, 't3a.xlarge_use1-az5': 15, 't3a.xlarge_use1-az6': 50, 't4g.2xlarge_use1-az1': 5, 't4g.2xlarge_use1-az2': 15, 't4g.2xlarge_use1-az4': 5, 't4g.2xlarge_use1-az5': 10, 't4g.2xlarge_use1-az6': 10, 't4g.large_use1-az1': 1, 't4g.large_use1-az2': 15, 't4g.large_use1-az4': 50, 't4g.large_use1-az5': 25, 't4g.large_use1-az6': 35, 't4g.medium_use1-az1': 1, 't4g.medium_use1-az2': 50, 't4g.medium_use1-az4': 50, 't4g.medium_use1-az5': 35, 't4g.medium_use1-az6': 50, 't4g.xlarge_use1-az1': 30, 't4g.xlarge_use1-az2': 15, 't4g.xlarge_use1-az4': 50, 't4g.xlarge_use1-az5': 5, 't4g.xlarge_use1-az6': 10, 'trn1.2xlarge_use1-az5': 5, 'trn1.2xlarge_use1-az6': 20, 'trn1.32xlarge_use1-az6': 50, 'trn1n.32xlarge_use1-az6': 50, 'vt1.3xlarge_use1-az2': 1, 'vt1.6xlarge_use1-az2': 1, 'x1.16xlarge_use1-az2': 1, 'x1.16xlarge_use1-az4': 1, 'x1.16xlarge_use1-az6': 1, 'x1.32xlarge_use1-az2': 1, 'x1.32xlarge_use1-az3': 5, 'x1.32xlarge_use1-az6': 1, 'x1e.16xlarge_use1-az2': 1, 'x1e.16xlarge_use1-az4': 1, 'x1e.16xlarge_use1-az6': 5, 'x1e.2xlarge_use1-az1': 1, 'x1e.2xlarge_use1-az2': 5, 'x1e.2xlarge_use1-az4': 10, 'x1e.2xlarge_use1-az6': 1, 'x1e.4xlarge_use1-az2': 5, 'x1e.4xlarge_use1-az4': 5, 'x1e.4xlarge_use1-az6': 1, 'x1e.8xlarge_use1-az1': 1, 'x1e.8xlarge_use1-az2': 1, 'x1e.8xlarge_use1-az4': 5, 'x1e.8xlarge_use1-az6': 5, 'x1e.xlarge_use1-az1': 10, 'x1e.xlarge_use1-az2': 20, 'x1e.xlarge_use1-az4': 15, 'x1e.xlarge_use1-az6': 5, 'x2gd.12xlarge_use1-az5': 5, 'x2gd.12xlarge_use1-az6': 1, 'x2gd.16xlarge_use1-az5': 1, 'x2gd.16xlarge_use1-az6': 15, 'x2gd.2xlarge_use1-az1': 5, 'x2gd.2xlarge_use1-az4': 1, 'x2gd.2xlarge_use1-az5': 5, 'x2gd.2xlarge_use1-az6': 30, 'x2gd.4xlarge_use1-az1': 1, 'x2gd.4xlarge_use1-az2': 1, 'x2gd.4xlarge_use1-az4': 5, 'x2gd.4xlarge_use1-az5': 1, 'x2gd.4xlarge_use1-az6': 35, 'x2gd.8xlarge_use1-az4': 1, 'x2gd.8xlarge_use1-az5': 1, 'x2gd.8xlarge_use1-az6': 5, 'x2gd.large_use1-az1': 35, 'x2gd.large_use1-az2': 25, 'x2gd.large_use1-az4': 15, 'x2gd.large_use1-az5': 25, 'x2gd.large_use1-az6': 50, 'x2gd.medium_use1-az1': 25, 'x2gd.medium_use1-az2': 35, 'x2gd.medium_use1-az4': 50, 'x2gd.medium_use1-az5': 50, 'x2gd.medium_use1-az6': 50, 'x2gd.xlarge_use1-az1': 5, 'x2gd.xlarge_use1-az2': 1, 'x2gd.xlarge_use1-az4': 20, 'x2gd.xlarge_use1-az5': 15, 'x2gd.xlarge_use1-az6': 25, 'x2idn.16xlarge_use1-az2': 1, 'x2idn.16xlarge_use1-az5': 1, 'x2idn.24xlarge_use1-az4': 1, 'x2idn.24xlarge_use1-az5': 1, 'x2idn.32xlarge_use1-az5': 1, 'x2iedn.24xlarge_use1-az4': 1, 'x2iedn.24xlarge_use1-az6': 1, 'x2iedn.2xlarge_use1-az1': 1, 'x2iedn.2xlarge_use1-az2': 25, 'x2iedn.2xlarge_use1-az4': 15, 'x2iedn.2xlarge_use1-az5': 1, 'x2iedn.2xlarge_use1-az6': 5, 'x2iedn.4xlarge_use1-az1': 1, 'x2iedn.4xlarge_use1-az2': 1, 'x2iedn.4xlarge_use1-az4': 1, 'x2iedn.4xlarge_use1-az5': 1, 'x2iedn.4xlarge_use1-az6': 1, 'x2iedn.8xlarge_use1-az4': 1, 'x2iedn.8xlarge_use1-az6': 1, 'x2iedn.xlarge_use1-az1': 5, 'x2iedn.xlarge_use1-az2': 20, 'x2iedn.xlarge_use1-az4': 10, 'x2iedn.xlarge_use1-az5': 1, 'x2iedn.xlarge_use1-az6': 10, 'x2iezn.12xlarge_use1-az2': 1, 'x2iezn.12xlarge_use1-az4': 20, 'x2iezn.12xlarge_use1-az6': 5, 'x2iezn.2xlarge_use1-az2': 5, 'x2iezn.2xlarge_use1-az4': 10, 'x2iezn.2xlarge_use1-az6': 1, 'x2iezn.4xlarge_use1-az2': 1, 'x2iezn.4xlarge_use1-az4': 5, 'x2iezn.4xlarge_use1-az6': 1, 'x2iezn.6xlarge_use1-az2': 1, 'x2iezn.6xlarge_use1-az4': 5, 'x2iezn.6xlarge_use1-az6': 1, 'x2iezn.8xlarge_use1-az2': 1, 'x2iezn.8xlarge_use1-az4': 10, 'x2iezn.8xlarge_use1-az6': 1, 'x8g.12xlarge_use1-az2': 1, 'x8g.12xlarge_use1-az4': 20, 'x8g.12xlarge_use1-az6': 1, 'x8g.16xlarge_use1-az1': 1, 'x8g.16xlarge_use1-az2': 5, 'x8g.16xlarge_use1-az4': 5, 'x8g.16xlarge_use1-az6': 5, 'x8g.24xlarge_use1-az1': 1, 'x8g.24xlarge_use1-az2': 5, 'x8g.24xlarge_use1-az4': 5, 'x8g.24xlarge_use1-az6': 10, 'x8g.2xlarge_use1-az1': 5, 'x8g.2xlarge_use1-az2': 10, 'x8g.2xlarge_use1-az4': 10, 'x8g.2xlarge_use1-az6': 25, 'x8g.48xlarge_use1-az1': 1, 'x8g.48xlarge_use1-az2': 1, 'x8g.48xlarge_use1-az4': 10, 'x8g.48xlarge_use1-az6': 1, 'x8g.4xlarge_use1-az1': 1, 'x8g.4xlarge_use1-az2': 5, 'x8g.4xlarge_use1-az4': 5, 'x8g.4xlarge_use1-az6': 10, 'x8g.8xlarge_use1-az2': 15, 'x8g.8xlarge_use1-az4': 20, 'x8g.8xlarge_use1-az6': 5, 'x8g.large_use1-az1': 30, 'x8g.large_use1-az4': 50, 'x8g.large_use1-az6': 50, 'x8g.medium_use1-az1': 50, 'x8g.medium_use1-az4': 50, 'x8g.medium_use1-az6': 50, 'x8g.metal-24xl_use1-az1': 1, 'x8g.metal-24xl_use1-az2': 1, 'x8g.metal-24xl_use1-az4': 1, 'x8g.metal-24xl_use1-az6': 10, 'x8g.metal-48xl_use1-az2': 1, 'x8g.metal-48xl_use1-az4': 1, 'x8g.metal-48xl_use1-az6': 1, 'x8g.xlarge_use1-az1': 10, 'x8g.xlarge_use1-az2': 20, 'x8g.xlarge_use1-az4': 40, 'x8g.xlarge_use1-az6': 50, 'z1d.12xlarge_use1-az1': 1, 'z1d.12xlarge_use1-az2': 1, 'z1d.12xlarge_use1-az4': 1, 'z1d.12xlarge_use1-az5': 1, 'z1d.12xlarge_use1-az6': 5, 'z1d.2xlarge_use1-az1': 5, 'z1d.2xlarge_use1-az2': 5, 'z1d.2xlarge_use1-az4': 15, 'z1d.2xlarge_use1-az5': 1, 'z1d.2xlarge_use1-az6': 15, 'z1d.3xlarge_use1-az1': 5, 'z1d.3xlarge_use1-az2': 5, 'z1d.3xlarge_use1-az4': 10, 'z1d.3xlarge_use1-az5': 5, 'z1d.3xlarge_use1-az6': 5, 'z1d.6xlarge_use1-az1': 1, 'z1d.6xlarge_use1-az2': 1, 'z1d.6xlarge_use1-az4': 1, 'z1d.6xlarge_use1-az6': 1, 'z1d.large_use1-az1': 15, 'z1d.large_use1-az2': 5, 'z1d.large_use1-az4': 25, 'z1d.large_use1-az5': 10, 'z1d.large_use1-az6': 25, 'z1d.xlarge_use1-az1': 10, 'z1d.xlarge_use1-az2': 20, 'z1d.xlarge_use1-az4': 30, 'z1d.xlarge_use1-az5': 1, 'z1d.xlarge_use1-az6': 20}"
0.85,27579.09179999996,29751966573,1078787.031477661,1145809,1145709,"{'c3.2xlarge_use1-az2': 5, 'c3.2xlarge_use1-az4': 50, 'c3.2xlarge_use1-az6': 15, 'c3.4xlarge_use1-az2': 5, 'c3.4xlarge_use1-az4': 5, 'c3.4xlarge_use1-az6': 5, 'c3.8xlarge_use1-az2': 5, 'c3.8xlarge_use1-az4': 5, 'c3.8xlarge_use1-az6': 1, 'c3.xlarge_use1-az2': 35, 'c3.xlarge_use1-az3': 1, 'c3.xlarge_use1-az4': 50, 'c3.xlarge_use1-az6': 30, 'c4.2xlarge_use1-az1': 5, 'c4.2xlarge_use1-az2': 5, 'c4.2xlarge_use1-az3': 25, 'c4.2xlarge_use1-az4': 15, 'c4.2xlarge_use1-az5': 15, 'c4.2xlarge_use1-az6': 10, 'c4.4xlarge_use1-az1': 5, 'c4.4xlarge_use1-az2': 5, 'c4.4xlarge_use1-az3': 10, 'c4.4xlarge_use1-az4': 5, 'c4.4xlarge_use1-az5': 5, 'c4.4xlarge_use1-az6': 1, 'c4.8xlarge_use1-az1': 1, 'c4.8xlarge_use1-az2': 5, 'c4.8xlarge_use1-az3': 5, 'c4.8xlarge_use1-az4': 15, 'c4.8xlarge_use1-az5': 5, 'c4.8xlarge_use1-az6': 5, 'c4.xlarge_use1-az1': 25, 'c4.xlarge_use1-az2': 40, 'c4.xlarge_use1-az3': 20, 'c4.xlarge_use1-az4': 40, 'c4.xlarge_use1-az5': 50, 'c4.xlarge_use1-az6': 50, 'c5.12xlarge_use1-az1': 50, 'c5.12xlarge_use1-az2': 50, 'c5.12xlarge_use1-az4': 50, 'c5.12xlarge_use1-az5': 50, 'c5.12xlarge_use1-az6': 50, 'c5.18xlarge_use1-az1': 5, 'c5.18xlarge_use1-az2': 50, 'c5.18xlarge_use1-az4': 15, 'c5.18xlarge_use1-az5': 10, 'c5.18xlarge_use1-az6': 1, 'c5.24xlarge_use1-az1': 1, 'c5.24xlarge_use1-az2': 5, 'c5.24xlarge_use1-az4': 5, 'c5.24xlarge_use1-az5': 1, 'c5.24xlarge_use1-az6': 5, 'c5.2xlarge_use1-az1': 50, 'c5.2xlarge_use1-az2': 50, 'c5.2xlarge_use1-az4': 50, 'c5.2xlarge_use1-az5': 50, 'c5.2xlarge_use1-az6': 50, 'c5.4xlarge_use1-az1': 50, 'c5.4xlarge_use1-az2': 50, 'c5.4xlarge_use1-az4': 50, 'c5.4xlarge_use1-az5': 50, 'c5.4xlarge_use1-az6': 50, 'c5.9xlarge_use1-az1': 50, 'c5.9xlarge_use1-az2': 50, 'c5.9xlarge_use1-az4': 50, 'c5.9xlarge_use1-az5': 50, 'c5.9xlarge_use1-az6': 50, 'c5.large_use1-az1': 50, 'c5.large_use1-az2': 50, 'c5.large_use1-az4': 50, 'c5.large_use1-az5': 50, 'c5.large_use1-az6': 50, 'c5.xlarge_use1-az1': 50, 'c5.xlarge_use1-az2': 50, 'c5.xlarge_use1-az4': 50, 'c5.xlarge_use1-az5': 50, 'c5.xlarge_use1-az6': 50, 'c5a.12xlarge_use1-az1': 5, 'c5a.12xlarge_use1-az2': 10, 'c5a.12xlarge_use1-az4': 15, 'c5a.12xlarge_use1-az5': 1, 'c5a.12xlarge_use1-az6': 5, 'c5a.16xlarge_use1-az4': 1, 'c5a.16xlarge_use1-az6': 1, 'c5a.24xlarge_use1-az2': 1, 'c5a.24xlarge_use1-az4': 1, 'c5a.24xlarge_use1-az6': 1, 'c5a.2xlarge_use1-az1': 30, 'c5a.2xlarge_use1-az2': 20, 'c5a.2xlarge_use1-az4': 50, 'c5a.2xlarge_use1-az5': 15, 'c5a.2xlarge_use1-az6': 50, 'c5a.4xlarge_use1-az1': 5, 'c5a.4xlarge_use1-az2': 1, 'c5a.4xlarge_use1-az4': 5, 'c5a.4xlarge_use1-az5': 5, 'c5a.4xlarge_use1-az6': 5, 'c5a.8xlarge_use1-az1': 1, 'c5a.8xlarge_use1-az2': 1, 'c5a.8xlarge_use1-az4': 5, 'c5a.8xlarge_use1-az6': 15, 'c5a.large_use1-az1': 50, 'c5a.large_use1-az2': 50, 'c5a.large_use1-az4': 50, 'c5a.large_use1-az5': 45, 'c5a.large_use1-az6': 50, 'c5a.xlarge_use1-az1': 50, 'c5a.xlarge_use1-az2': 50, 'c5a.xlarge_use1-az4': 50, 'c5a.xlarge_use1-az5': 50, 'c5a.xlarge_use1-az6': 50, 'c5ad.12xlarge_use1-az1': 5, 'c5ad.12xlarge_use1-az2': 5, 'c5ad.12xlarge_use1-az4': 5, 'c5ad.12xlarge_use1-az6': 5, 'c5ad.16xlarge_use1-az1': 1, 'c5ad.16xlarge_use1-az2': 5, 'c5ad.16xlarge_use1-az4': 1, 'c5ad.16xlarge_use1-az6': 1, 'c5ad.24xlarge_use1-az1': 1, 'c5ad.24xlarge_use1-az2': 1, 'c5ad.24xlarge_use1-az4': 1, 'c5ad.24xlarge_use1-az6': 5, 'c5ad.2xlarge_use1-az1': 10, 'c5ad.2xlarge_use1-az2': 5, 'c5ad.2xlarge_use1-az4': 5, 'c5ad.2xlarge_use1-az5': 5, 'c5ad.2xlarge_use1-az6': 15, 'c5ad.4xlarge_use1-az1': 5, 'c5ad.4xlarge_use1-az2': 5, 'c5ad.4xlarge_use1-az4': 1, 'c5ad.4xlarge_use1-az5': 1, 'c5ad.4xlarge_use1-az6': 10, 'c5ad.8xlarge_use1-az1': 1, 'c5ad.8xlarge_use1-az2': 1, 'c5ad.8xlarge_use1-az4': 1, 'c5ad.8xlarge_use1-az5': 1, 'c5ad.8xlarge_use1-az6': 1, 'c5ad.large_use1-az1': 20, 'c5ad.large_use1-az2': 30, 'c5ad.large_use1-az4': 10, 'c5ad.large_use1-az5': 15, 'c5ad.large_use1-az6': 20, 'c5ad.xlarge_use1-az1': 15, 'c5ad.xlarge_use1-az2': 10, 'c5ad.xlarge_use1-az4': 5, 'c5ad.xlarge_use1-az5': 5, 'c5ad.xlarge_use1-az6': 15, 'c5d.12xlarge_use1-az2': 15, 'c5d.12xlarge_use1-az4': 5, 'c5d.12xlarge_use1-az6': 45, 'c5d.18xlarge_use1-az1': 5, 'c5d.18xlarge_use1-az2': 50, 'c5d.18xlarge_use1-az4': 50, 'c5d.18xlarge_use1-az5': 5, 'c5d.18xlarge_use1-az6': 30, 'c5d.24xlarge_use1-az2': 35, 'c5d.24xlarge_use1-az4': 25, 'c5d.24xlarge_use1-az6': 50, 'c5d.2xlarge_use1-az1': 15, 'c5d.2xlarge_use1-az2': 50, 'c5d.2xlarge_use1-az4': 50, 'c5d.2xlarge_use1-az5': 20, 'c5d.2xlarge_use1-az6': 50, 'c5d.4xlarge_use1-az1': 20, 'c5d.4xlarge_use1-az2': 50, 'c5d.4xlarge_use1-az4': 50, 'c5d.4xlarge_use1-az5': 25, 'c5d.4xlarge_use1-az6': 50, 'c5d.9xlarge_use1-az1': 10, 'c5d.9xlarge_use1-az2': 20, 'c5d.9xlarge_use1-az4': 50, 'c5d.9xlarge_use1-az5': 10, 'c5d.9xlarge_use1-az6': 25, 'c5d.large_use1-az1': 50, 'c5d.large_use1-az2': 50, 'c5d.large_use1-az4': 50, 'c5d.large_use1-az5': 35, 'c5d.large_use1-az6': 50, 'c5d.xlarge_use1-az1': 50, 'c5d.xlarge_use1-az2': 50, 'c5d.xlarge_use1-az4': 50, 'c5d.xlarge_use1-az5': 50, 'c5d.xlarge_use1-az6': 50, 'c5n.18xlarge_use1-az1': 30, 'c5n.18xlarge_use1-az2': 5, 'c5n.18xlarge_use1-az4': 10, 'c5n.2xlarge_use1-az1': 5, 'c5n.2xlarge_use1-az2': 10, 'c5n.2xlarge_use1-az4': 15, 'c5n.2xlarge_use1-az5': 10, 'c5n.2xlarge_use1-az6': 10, 'c5n.4xlarge_use1-az1': 5, 'c5n.4xlarge_use1-az2': 1, 'c5n.4xlarge_use1-az4': 5, 'c5n.4xlarge_use1-az6': 1, 'c5n.9xlarge_use1-az1': 10, 'c5n.9xlarge_use1-az2': 1, 'c5n.9xlarge_use1-az4': 5, 'c5n.large_use1-az1': 10, 'c5n.large_use1-az2': 10, 'c5n.large_use1-az4': 25, 'c5n.large_use1-az5': 5, 'c5n.large_use1-az6': 5, 'c5n.xlarge_use1-az1': 1, 'c5n.xlarge_use1-az2': 1, 'c5n.xlarge_use1-az4': 5, 'c5n.xlarge_use1-az5': 1, 'c5n.xlarge_use1-az6': 1, 'c6a.12xlarge_use1-az1': 5, 'c6a.12xlarge_use1-az2': 50, 'c6a.12xlarge_use1-az4': 50, 'c6a.12xlarge_use1-az5': 1, 'c6a.12xlarge_use1-az6': 15, 'c6a.16xlarge_use1-az1': 1, 'c6a.16xlarge_use1-az2': 5, 'c6a.16xlarge_use1-az4': 10, 'c6a.16xlarge_use1-az5': 1, 'c6a.16xlarge_use1-az6': 15, 'c6a.24xlarge_use1-az1': 1, 'c6a.24xlarge_use1-az2': 5, 'c6a.24xlarge_use1-az4': 5, 'c6a.24xlarge_use1-az5': 5, 'c6a.24xlarge_use1-az6': 20, 'c6a.2xlarge_use1-az1': 10, 'c6a.2xlarge_use1-az2': 40, 'c6a.2xlarge_use1-az4': 50, 'c6a.2xlarge_use1-az5': 10, 'c6a.2xlarge_use1-az6': 50, 'c6a.32xlarge_use1-az2': 1, 'c6a.32xlarge_use1-az4': 1, 'c6a.32xlarge_use1-az5': 1, 'c6a.32xlarge_use1-az6': 5, 'c6a.48xlarge_use1-az2': 1, 'c6a.48xlarge_use1-az4': 10, 'c6a.48xlarge_use1-az5': 5, 'c6a.48xlarge_use1-az6': 25, 'c6a.4xlarge_use1-az1': 15, 'c6a.4xlarge_use1-az2': 15, 'c6a.4xlarge_use1-az4': 30, 'c6a.4xlarge_use1-az5': 15, 'c6a.4xlarge_use1-az6': 50, 'c6a.8xlarge_use1-az1': 5, 'c6a.8xlarge_use1-az2': 50, 'c6a.8xlarge_use1-az4': 30, 'c6a.8xlarge_use1-az5': 25, 'c6a.8xlarge_use1-az6': 50, 'c6a.large_use1-az1': 45, 'c6a.large_use1-az2': 50, 'c6a.large_use1-az4': 50, 'c6a.large_use1-az5': 50, 'c6a.large_use1-az6': 20, 'c6a.xlarge_use1-az1': 15, 'c6a.xlarge_use1-az2': 25, 'c6a.xlarge_use1-az4': 25, 'c6a.xlarge_use1-az5': 15, 'c6a.xlarge_use1-az6': 25, 'c6g.12xlarge_use1-az1': 15, 'c6g.12xlarge_use1-az2': 25, 'c6g.12xlarge_use1-az4': 50, 'c6g.12xlarge_use1-az5': 5, 'c6g.12xlarge_use1-az6': 50, 'c6g.16xlarge_use1-az1': 1, 'c6g.16xlarge_use1-az2': 15, 'c6g.16xlarge_use1-az4': 50, 'c6g.16xlarge_use1-az5': 5, 'c6g.16xlarge_use1-az6': 50, 'c6g.2xlarge_use1-az1': 5, 'c6g.2xlarge_use1-az2': 50, 'c6g.2xlarge_use1-az4': 50, 'c6g.2xlarge_use1-az5': 15, 'c6g.2xlarge_use1-az6': 50, 'c6g.4xlarge_use1-az1': 50, 'c6g.4xlarge_use1-az2': 50, 'c6g.4xlarge_use1-az4': 50, 'c6g.4xlarge_use1-az5': 50, 'c6g.4xlarge_use1-az6': 50, 'c6g.8xlarge_use1-az1': 50, 'c6g.8xlarge_use1-az2': 50, 'c6g.8xlarge_use1-az4': 50, 'c6g.8xlarge_use1-az5': 50, 'c6g.8xlarge_use1-az6': 50, 'c6g.large_use1-az1': 5, 'c6g.large_use1-az2': 50, 'c6g.large_use1-az4': 50, 'c6g.large_use1-az5': 50, 'c6g.large_use1-az6': 50, 'c6g.xlarge_use1-az1': 30, 'c6g.xlarge_use1-az2': 50, 'c6g.xlarge_use1-az4': 50, 'c6g.xlarge_use1-az5': 10, 'c6g.xlarge_use1-az6': 50, 'c6gd.12xlarge_use1-az2': 50, 'c6gd.12xlarge_use1-az4': 30, 'c6gd.12xlarge_use1-az5': 1, 'c6gd.12xlarge_use1-az6': 50, 'c6gd.16xlarge_use1-az2': 50, 'c6gd.16xlarge_use1-az4': 30, 'c6gd.16xlarge_use1-az6': 50, 'c6gd.2xlarge_use1-az1': 15, 'c6gd.2xlarge_use1-az2': 50, 'c6gd.2xlarge_use1-az4': 50, 'c6gd.2xlarge_use1-az5': 1, 'c6gd.2xlarge_use1-az6': 50, 'c6gd.4xlarge_use1-az1': 20, 'c6gd.4xlarge_use1-az2': 50, 'c6gd.4xlarge_use1-az4': 50, 'c6gd.4xlarge_use1-az5': 10, 'c6gd.4xlarge_use1-az6': 50, 'c6gd.8xlarge_use1-az1': 25, 'c6gd.8xlarge_use1-az2': 45, 'c6gd.8xlarge_use1-az4': 45, 'c6gd.8xlarge_use1-az5': 1, 'c6gd.8xlarge_use1-az6': 50, 'c6gd.large_use1-az1': 50, 'c6gd.large_use1-az2': 5, 'c6gd.large_use1-az4': 20, 'c6gd.large_use1-az5': 1, 'c6gd.large_use1-az6': 50, 'c6gd.xlarge_use1-az1': 50, 'c6gd.xlarge_use1-az2': 1, 'c6gd.xlarge_use1-az4': 1, 'c6gd.xlarge_use1-az5': 50, 'c6gd.xlarge_use1-az6': 50, 'c6gn.12xlarge_use1-az2': 25, 'c6gn.12xlarge_use1-az4': 50, 'c6gn.12xlarge_use1-az5': 1, 'c6gn.16xlarge_use1-az1': 1, 'c6gn.16xlarge_use1-az2': 50, 'c6gn.16xlarge_use1-az4': 50, 'c6gn.16xlarge_use1-az5': 10, 'c6gn.2xlarge_use1-az1': 5, 'c6gn.2xlarge_use1-az2': 1, 'c6gn.2xlarge_use1-az4': 20, 'c6gn.2xlarge_use1-az5': 1, 'c6gn.4xlarge_use1-az1': 1, 'c6gn.4xlarge_use1-az2': 40, 'c6gn.4xlarge_use1-az4': 35, 'c6gn.4xlarge_use1-az5': 10, 'c6gn.8xlarge_use1-az1': 25, 'c6gn.8xlarge_use1-az2': 35, 'c6gn.8xlarge_use1-az4': 30, 'c6gn.8xlarge_use1-az5': 5, 'c6gn.8xlarge_use1-az6': 5, 'c6gn.large_use1-az1': 5, 'c6gn.large_use1-az2': 25, 'c6gn.large_use1-az4': 10, 'c6gn.large_use1-az5': 15, 'c6gn.large_use1-az6': 1, 'c6gn.xlarge_use1-az1': 5, 'c6gn.xlarge_use1-az2': 10, 'c6gn.xlarge_use1-az4': 15, 'c6gn.xlarge_use1-az5': 5, 'c6gn.xlarge_use1-az6': 1, 'c6i.12xlarge_use1-az1': 15, 'c6i.12xlarge_use1-az2': 15, 'c6i.12xlarge_use1-az4': 30, 'c6i.12xlarge_use1-az5': 5, 'c6i.12xlarge_use1-az6': 5, 'c6i.16xlarge_use1-az1': 5, 'c6i.16xlarge_use1-az2': 15, 'c6i.16xlarge_use1-az4': 25, 'c6i.16xlarge_use1-az5': 10, 'c6i.16xlarge_use1-az6': 30, 'c6i.24xlarge_use1-az1': 5, 'c6i.24xlarge_use1-az2': 5, 'c6i.24xlarge_use1-az4': 10, 'c6i.24xlarge_use1-az5': 1, 'c6i.24xlarge_use1-az6': 15, 'c6i.2xlarge_use1-az1': 20, 'c6i.2xlarge_use1-az2': 50, 'c6i.2xlarge_use1-az4': 50, 'c6i.2xlarge_use1-az5': 5, 'c6i.2xlarge_use1-az6': 50, 'c6i.32xlarge_use1-az1': 10, 'c6i.32xlarge_use1-az2': 5, 'c6i.32xlarge_use1-az4': 50, 'c6i.32xlarge_use1-az5': 1, 'c6i.32xlarge_use1-az6': 40, 'c6i.4xlarge_use1-az1': 10, 'c6i.4xlarge_use1-az2': 40, 'c6i.4xlarge_use1-az4': 50, 'c6i.4xlarge_use1-az5': 15, 'c6i.4xlarge_use1-az6': 50, 'c6i.8xlarge_use1-az1': 10, 'c6i.8xlarge_use1-az2': 45, 'c6i.8xlarge_use1-az4': 50, 'c6i.8xlarge_use1-az5': 10, 'c6i.8xlarge_use1-az6': 50, 'c6i.large_use1-az1': 10, 'c6i.large_use1-az2': 40, 'c6i.large_use1-az4': 30, 'c6i.large_use1-az5': 10, 'c6i.large_use1-az6': 50, 'c6i.xlarge_use1-az1': 50, 'c6i.xlarge_use1-az2': 45, 'c6i.xlarge_use1-az4': 35, 'c6i.xlarge_use1-az5': 10, 'c6i.xlarge_use1-az6': 50, 'c6id.12xlarge_use1-az1': 1, 'c6id.12xlarge_use1-az2': 1, 'c6id.12xlarge_use1-az4': 5, 'c6id.12xlarge_use1-az6': 5, 'c6id.16xlarge_use1-az1': 1, 'c6id.16xlarge_use1-az2': 5, 'c6id.16xlarge_use1-az4': 5, 'c6id.16xlarge_use1-az5': 1, 'c6id.16xlarge_use1-az6': 1, 'c6id.24xlarge_use1-az1': 5, 'c6id.24xlarge_use1-az2': 15, 'c6id.24xlarge_use1-az4': 5, 'c6id.24xlarge_use1-az5': 1, 'c6id.24xlarge_use1-az6': 10, 'c6id.2xlarge_use1-az1': 1, 'c6id.2xlarge_use1-az2': 1, 'c6id.2xlarge_use1-az4': 5, 'c6id.2xlarge_use1-az5': 5, 'c6id.2xlarge_use1-az6': 1, 'c6id.32xlarge_use1-az1': 1, 'c6id.32xlarge_use1-az2': 5, 'c6id.32xlarge_use1-az4': 10, 'c6id.32xlarge_use1-az5': 1, 'c6id.32xlarge_use1-az6': 5, 'c6id.4xlarge_use1-az1': 15, 'c6id.4xlarge_use1-az2': 10, 'c6id.4xlarge_use1-az4': 10, 'c6id.4xlarge_use1-az5': 1, 'c6id.4xlarge_use1-az6': 5, 'c6id.8xlarge_use1-az1': 5, 'c6id.8xlarge_use1-az2': 1, 'c6id.8xlarge_use1-az4': 5, 'c6id.8xlarge_use1-az5': 1, 'c6id.8xlarge_use1-az6': 1, 'c6id.large_use1-az1': 5, 'c6id.large_use1-az2': 5, 'c6id.large_use1-az4': 1, 'c6id.large_use1-az5': 5, 'c6id.large_use1-az6': 5, 'c6id.xlarge_use1-az1': 5, 'c6id.xlarge_use1-az2': 1, 'c6id.xlarge_use1-az4': 5, 'c6id.xlarge_use1-az5': 1, 'c6id.xlarge_use1-az6': 1, 'c6in.12xlarge_use1-az1': 1, 'c6in.12xlarge_use1-az6': 1, 'c6in.16xlarge_use1-az4': 1, 'c6in.24xlarge_use1-az6': 1, 'c6in.2xlarge_use1-az1': 1, 'c6in.2xlarge_use1-az2': 1, 'c6in.2xlarge_use1-az4': 1, 'c6in.2xlarge_use1-az6': 1, 'c6in.32xlarge_use1-az1': 1, 'c6in.32xlarge_use1-az6': 1, 'c6in.4xlarge_use1-az1': 5, 'c6in.4xlarge_use1-az2': 5, 'c6in.4xlarge_use1-az4': 5, 'c6in.4xlarge_use1-az6': 25, 'c6in.8xlarge_use1-az1': 1, 'c6in.8xlarge_use1-az6': 1, 'c6in.large_use1-az1': 5, 'c6in.large_use1-az2': 1, 'c6in.large_use1-az4': 1, 'c6in.large_use1-az5': 1, 'c6in.large_use1-az6': 5, 'c6in.xlarge_use1-az1': 20, 'c6in.xlarge_use1-az2': 1, 'c6in.xlarge_use1-az4': 1, 'c6in.xlarge_use1-az6': 10, 'c7a.12xlarge_use1-az1': 5, 'c7a.12xlarge_use1-az2': 5, 'c7a.12xlarge_use1-az4': 1, 'c7a.12xlarge_use1-az6': 15, 'c7a.16xlarge_use1-az1': 1, 'c7a.16xlarge_use1-az2': 1, 'c7a.16xlarge_use1-az6': 5, 'c7a.24xlarge_use1-az1': 1, 'c7a.24xlarge_use1-az2': 1, 'c7a.24xlarge_use1-az5': 1, 'c7a.24xlarge_use1-az6': 5, 'c7a.2xlarge_use1-az1': 1, 'c7a.2xlarge_use1-az2': 1, 'c7a.2xlarge_use1-az4': 25, 'c7a.2xlarge_use1-az5': 1, 'c7a.2xlarge_use1-az6': 10, 'c7a.32xlarge_use1-az1': 1, 'c7a.32xlarge_use1-az2': 1, 'c7a.32xlarge_use1-az6': 15, 'c7a.48xlarge_use1-az1': 1, 'c7a.48xlarge_use1-az2': 1, 'c7a.48xlarge_use1-az5': 1, 'c7a.48xlarge_use1-az6': 20, 'c7a.4xlarge_use1-az1': 5, 'c7a.4xlarge_use1-az2': 10, 'c7a.4xlarge_use1-az4': 5, 'c7a.4xlarge_use1-az5': 1, 'c7a.4xlarge_use1-az6': 50, 'c7a.8xlarge_use1-az1': 1, 'c7a.8xlarge_use1-az2': 1, 'c7a.8xlarge_use1-az4': 1, 'c7a.8xlarge_use1-az6': 10, 'c7a.large_use1-az1': 15, 'c7a.large_use1-az2': 25, 'c7a.large_use1-az4': 30, 'c7a.large_use1-az5': 10, 'c7a.large_use1-az6': 50, 'c7a.xlarge_use1-az1': 5, 'c7a.xlarge_use1-az2': 5, 'c7a.xlarge_use1-az4': 10, 'c7a.xlarge_use1-az5': 5, 'c7a.xlarge_use1-az6': 15, 'c7g.12xlarge_use1-az1': 15, 'c7g.12xlarge_use1-az2': 50, 'c7g.12xlarge_use1-az4': 15, 'c7g.12xlarge_use1-az5': 1, 'c7g.12xlarge_use1-az6': 50, 'c7g.16xlarge_use1-az1': 25, 'c7g.16xlarge_use1-az2': 40, 'c7g.16xlarge_use1-az4': 50, 'c7g.16xlarge_use1-az5': 10, 'c7g.16xlarge_use1-az6': 50, 'c7g.2xlarge_use1-az1': 50, 'c7g.2xlarge_use1-az2': 50, 'c7g.2xlarge_use1-az4': 50, 'c7g.2xlarge_use1-az5': 50, 'c7g.2xlarge_use1-az6': 50, 'c7g.4xlarge_use1-az1': 50, 'c7g.4xlarge_use1-az2': 50, 'c7g.4xlarge_use1-az4': 50, 'c7g.4xlarge_use1-az5': 50, 'c7g.4xlarge_use1-az6': 50, 'c7g.8xlarge_use1-az1': 50, 'c7g.8xlarge_use1-az2': 50, 'c7g.8xlarge_use1-az4': 50, 'c7g.8xlarge_use1-az5': 50, 'c7g.8xlarge_use1-az6': 50, 'c7g.large_use1-az1': 5, 'c7g.large_use1-az2': 45, 'c7g.large_use1-az4': 30, 'c7g.large_use1-az5': 10, 'c7g.large_use1-az6': 30, 'c7g.xlarge_use1-az1': 50, 'c7g.xlarge_use1-az2': 50, 'c7g.xlarge_use1-az4': 50, 'c7g.xlarge_use1-az5': 50, 'c7g.xlarge_use1-az6': 50, 'c7gd.12xlarge_use1-az1': 5, 'c7gd.12xlarge_use1-az2': 30, 'c7gd.12xlarge_use1-az4': 15, 'c7gd.12xlarge_use1-az5': 15, 'c7gd.12xlarge_use1-az6': 50, 'c7gd.16xlarge_use1-az1': 5, 'c7gd.16xlarge_use1-az2': 30, 'c7gd.16xlarge_use1-az4': 40, 'c7gd.16xlarge_use1-az5': 1, 'c7gd.16xlarge_use1-az6': 50, 'c7gd.2xlarge_use1-az1': 15, 'c7gd.2xlarge_use1-az2': 50, 'c7gd.2xlarge_use1-az4': 50, 'c7gd.2xlarge_use1-az5': 5, 'c7gd.2xlarge_use1-az6': 50, 'c7gd.4xlarge_use1-az1': 30, 'c7gd.4xlarge_use1-az2': 25, 'c7gd.4xlarge_use1-az4': 50, 'c7gd.4xlarge_use1-az5': 1, 'c7gd.4xlarge_use1-az6': 50, 'c7gd.8xlarge_use1-az1': 5, 'c7gd.8xlarge_use1-az2': 15, 'c7gd.8xlarge_use1-az4': 10, 'c7gd.8xlarge_use1-az5': 5, 'c7gd.8xlarge_use1-az6': 20, 'c7gd.large_use1-az1': 1, 'c7gd.large_use1-az2': 25, 'c7gd.large_use1-az4': 5, 'c7gd.large_use1-az5': 10, 'c7gd.large_use1-az6': 20, 'c7gd.xlarge_use1-az1': 15, 'c7gd.xlarge_use1-az2': 50, 'c7gd.xlarge_use1-az4': 5, 'c7gd.xlarge_use1-az5': 15, 'c7gd.xlarge_use1-az6': 25, 'c7gn.12xlarge_use1-az2': 1, 'c7gn.12xlarge_use1-az5': 1, 'c7gn.12xlarge_use1-az6': 1, 'c7gn.16xlarge_use1-az2': 5, 'c7gn.16xlarge_use1-az5': 5, 'c7gn.16xlarge_use1-az6': 20, 'c7gn.2xlarge_use1-az1': 1, 'c7gn.2xlarge_use1-az2': 1, 'c7gn.2xlarge_use1-az5': 1, 'c7gn.2xlarge_use1-az6': 5, 'c7gn.4xlarge_use1-az2': 50, 'c7gn.4xlarge_use1-az4': 1, 'c7gn.4xlarge_use1-az5': 1, 'c7gn.4xlarge_use1-az6': 50, 'c7gn.8xlarge_use1-az2': 1, 'c7gn.8xlarge_use1-az5': 1, 'c7gn.8xlarge_use1-az6': 5, 'c7gn.large_use1-az1': 1, 'c7gn.large_use1-az2': 10, 'c7gn.large_use1-az5': 10, 'c7gn.large_use1-az6': 10, 'c7gn.xlarge_use1-az1': 1, 'c7gn.xlarge_use1-az2': 5, 'c7gn.xlarge_use1-az5': 5, 'c7gn.xlarge_use1-az6': 5, 'c7i-flex.2xlarge_use1-az1': 50, 'c7i-flex.2xlarge_use1-az2': 50, 'c7i-flex.2xlarge_use1-az4': 50, 'c7i-flex.2xlarge_use1-az5': 15, 'c7i-flex.2xlarge_use1-az6': 50, 'c7i-flex.4xlarge_use1-az1': 1, 'c7i-flex.4xlarge_use1-az2': 1, 'c7i-flex.4xlarge_use1-az4': 1, 'c7i-flex.4xlarge_use1-az6': 5, 'c7i-flex.8xlarge_use1-az1': 1, 'c7i-flex.8xlarge_use1-az2': 1, 'c7i-flex.8xlarge_use1-az4': 1, 'c7i-flex.8xlarge_use1-az6': 5, 'c7i-flex.large_use1-az1': 40, 'c7i-flex.large_use1-az2': 50, 'c7i-flex.large_use1-az4': 10, 'c7i-flex.large_use1-az5': 1, 'c7i-flex.large_use1-az6': 50, 'c7i-flex.xlarge_use1-az1': 50, 'c7i-flex.xlarge_use1-az2': 50, 'c7i-flex.xlarge_use1-az4': 50, 'c7i-flex.xlarge_use1-az5': 5, 'c7i-flex.xlarge_use1-az6': 50, 'c7i.12xlarge_use1-az1': 5, 'c7i.12xlarge_use1-az2': 15, 'c7i.12xlarge_use1-az4': 15, 'c7i.12xlarge_use1-az6': 5, 'c7i.16xlarge_use1-az1': 1, 'c7i.16xlarge_use1-az2': 5, 'c7i.16xlarge_use1-az4': 1, 'c7i.16xlarge_use1-az6': 15, 'c7i.24xlarge_use1-az1': 5, 'c7i.24xlarge_use1-az2': 5, 'c7i.24xlarge_use1-az4': 5, 'c7i.24xlarge_use1-az5': 1, 'c7i.24xlarge_use1-az6': 15, 'c7i.2xlarge_use1-az1': 10, 'c7i.2xlarge_use1-az2': 10, 'c7i.2xlarge_use1-az4': 10, 'c7i.2xlarge_use1-az5': 5, 'c7i.2xlarge_use1-az6': 25, 'c7i.48xlarge_use1-az1': 10, 'c7i.48xlarge_use1-az2': 10, 'c7i.48xlarge_use1-az4': 5, 'c7i.48xlarge_use1-az5': 1, 'c7i.48xlarge_use1-az6': 50, 'c7i.4xlarge_use1-az1': 5, 'c7i.4xlarge_use1-az2': 5, 'c7i.4xlarge_use1-az4': 5, 'c7i.4xlarge_use1-az5': 1, 'c7i.4xlarge_use1-az6': 15, 'c7i.8xlarge_use1-az1': 1, 'c7i.8xlarge_use1-az2': 5, 'c7i.8xlarge_use1-az4': 5, 'c7i.8xlarge_use1-az6': 10, 'c7i.large_use1-az1': 45, 'c7i.large_use1-az2': 50, 'c7i.large_use1-az4': 50, 'c7i.large_use1-az5': 5, 'c7i.large_use1-az6': 50, 'c7i.xlarge_use1-az1': 5, 'c7i.xlarge_use1-az2': 10, 'c7i.xlarge_use1-az4': 5, 'c7i.xlarge_use1-az5': 1, 'c7i.xlarge_use1-az6': 5, 'c8g.12xlarge_use1-az1': 1, 'c8g.12xlarge_use1-az2': 5, 'c8g.12xlarge_use1-az4': 1, 'c8g.12xlarge_use1-az6': 25, 'c8g.16xlarge_use1-az1': 10, 'c8g.16xlarge_use1-az2': 5, 'c8g.16xlarge_use1-az4': 1, 'c8g.16xlarge_use1-az6': 50, 'c8g.24xlarge_use1-az1': 5, 'c8g.24xlarge_use1-az2': 10, 'c8g.24xlarge_use1-az4': 1, 'c8g.24xlarge_use1-az6': 25, 'c8g.2xlarge_use1-az1': 5, 'c8g.2xlarge_use1-az2': 5, 'c8g.2xlarge_use1-az4': 50, 'c8g.2xlarge_use1-az5': 1, 'c8g.2xlarge_use1-az6': 50, 'c8g.48xlarge_use1-az1': 1, 'c8g.48xlarge_use1-az2': 5, 'c8g.48xlarge_use1-az6': 50, 'c8g.4xlarge_use1-az1': 35, 'c8g.4xlarge_use1-az2': 15, 'c8g.4xlarge_use1-az4': 20, 'c8g.4xlarge_use1-az5': 10, 'c8g.4xlarge_use1-az6': 50, 'c8g.8xlarge_use1-az1': 1, 'c8g.8xlarge_use1-az2': 5, 'c8g.8xlarge_use1-az4': 5, 'c8g.8xlarge_use1-az6': 50, 'c8g.large_use1-az1': 5, 'c8g.large_use1-az2': 20, 'c8g.large_use1-az4': 5, 'c8g.large_use1-az5': 1, 'c8g.large_use1-az6': 40, 'c8g.metal-24xl_use1-az2': 1, 'c8g.metal-24xl_use1-az6': 20, 'c8g.metal-48xl_use1-az1': 1, 'c8g.metal-48xl_use1-az2': 1, 'c8g.metal-48xl_use1-az6': 50, 'c8g.xlarge_use1-az1': 5, 'c8g.xlarge_use1-az2': 30, 'c8g.xlarge_use1-az4': 5, 'c8g.xlarge_use1-az5': 1, 'c8g.xlarge_use1-az6': 50, 'c8gd.12xlarge_use1-az2': 5, 'c8gd.12xlarge_use1-az4': 5, 'c8gd.12xlarge_use1-az5': 1, 'c8gd.12xlarge_use1-az6': 5, 'c8gd.16xlarge_use1-az2': 10, 'c8gd.16xlarge_use1-az4': 10, 'c8gd.16xlarge_use1-az5': 5, 'c8gd.16xlarge_use1-az6': 50, 'c8gd.24xlarge_use1-az2': 1, 'c8gd.24xlarge_use1-az4': 5, 'c8gd.24xlarge_use1-az5': 1, 'c8gd.24xlarge_use1-az6': 5, 'c8gd.2xlarge_use1-az2': 50, 'c8gd.2xlarge_use1-az4': 50, 'c8gd.2xlarge_use1-az5': 10, 'c8gd.2xlarge_use1-az6': 50, 'c8gd.48xlarge_use1-az2': 1, 'c8gd.48xlarge_use1-az6': 15, 'c8gd.4xlarge_use1-az2': 10, 'c8gd.4xlarge_use1-az4': 30, 'c8gd.4xlarge_use1-az5': 1, 'c8gd.4xlarge_use1-az6': 50, 'c8gd.8xlarge_use1-az2': 1, 'c8gd.8xlarge_use1-az4': 1, 'c8gd.8xlarge_use1-az5': 1, 'c8gd.8xlarge_use1-az6': 5, 'c8gd.large_use1-az1': 1, 'c8gd.large_use1-az2': 40, 'c8gd.large_use1-az4': 35, 'c8gd.large_use1-az6': 50, 'c8gd.metal-24xl_use1-az2': 1, 'c8gd.metal-24xl_use1-az4': 1, 'c8gd.metal-24xl_use1-az5': 1, 'c8gd.metal-24xl_use1-az6': 5, 'c8gd.metal-48xl_use1-az2': 1, 'c8gd.metal-48xl_use1-az6': 1, 'c8gd.xlarge_use1-az1': 1, 'c8gd.xlarge_use1-az2': 20, 'c8gd.xlarge_use1-az4': 20, 'c8gd.xlarge_use1-az5': 15, 'c8gd.xlarge_use1-az6': 50, 'c8gn.2xlarge_use1-az2': 1, 'c8gn.2xlarge_use1-az4': 1, 'c8gn.2xlarge_use1-az6': 1, 'c8gn.4xlarge_use1-az2': 1, 'c8gn.4xlarge_use1-az5': 1, 'c8gn.8xlarge_use1-az2': 1, 'c8gn.8xlarge_use1-az6': 1, 'c8gn.large_use1-az6': 1, 'c8i-flex.12xlarge_use1-az6': 1, 'c8i-flex.16xlarge_use1-az6': 1, 'c8i-flex.2xlarge_use1-az2': 25, 'c8i-flex.2xlarge_use1-az4': 15, 'c8i-flex.2xlarge_use1-az6': 50, 'c8i-flex.4xlarge_use1-az2': 5, 'c8i-flex.4xlarge_use1-az4': 1, 'c8i-flex.4xlarge_use1-az6': 5, 'c8i-flex.8xlarge_use1-az6': 1, 'c8i-flex.large_use1-az4': 20, 'c8i-flex.xlarge_use1-az2': 40, 'c8i-flex.xlarge_use1-az4': 5, 'c8i-flex.xlarge_use1-az6': 50, 'c8i.12xlarge_use1-az2': 1, 'c8i.12xlarge_use1-az4': 1, 'c8i.12xlarge_use1-az6': 1, 'c8i.16xlarge_use1-az6': 1, 'c8i.24xlarge_use1-az6': 1, 'c8i.2xlarge_use1-az2': 10, 'c8i.2xlarge_use1-az4': 5, 'c8i.2xlarge_use1-az6': 20, 'c8i.32xlarge_use1-az2': 1, 'c8i.32xlarge_use1-az4': 1, 'c8i.32xlarge_use1-az6': 5, 'c8i.48xlarge_use1-az2': 1, 'c8i.48xlarge_use1-az6': 1, 'c8i.4xlarge_use1-az2': 5, 'c8i.4xlarge_use1-az4': 5, 'c8i.4xlarge_use1-az6': 5, 'c8i.8xlarge_use1-az2': 1, 'c8i.8xlarge_use1-az4': 1, 'c8i.8xlarge_use1-az6': 5, 'c8i.96xlarge_use1-az2': 1, 'c8i.96xlarge_use1-az6': 5, 'c8i.metal-48xl_use1-az2': 1, 'c8i.metal-96xl_use1-az2': 1, 'c8i.metal-96xl_use1-az6': 5, 'c8i.xlarge_use1-az2': 50, 'c8i.xlarge_use1-az4': 15, 'c8i.xlarge_use1-az6': 50, 'd2.2xlarge_use1-az1': 1, 'd2.2xlarge_use1-az6': 1, 'd2.4xlarge_use1-az2': 1, 'd2.4xlarge_use1-az6': 1, 'd2.xlarge_use1-az6': 1, 'd3.2xlarge_use1-az1': 15, 'd3.2xlarge_use1-az2': 45, 'd3.2xlarge_use1-az4': 40, 'd3.2xlarge_use1-az6': 35, 'd3.4xlarge_use1-az1': 1, 'd3.4xlarge_use1-az2': 5, 'd3.4xlarge_use1-az4': 15, 'd3.4xlarge_use1-az6': 5, 'd3.8xlarge_use1-az1': 1, 'd3.8xlarge_use1-az2': 40, 'd3.8xlarge_use1-az4': 35, 'd3.8xlarge_use1-az6': 20, 'd3.xlarge_use1-az1': 10, 'd3.xlarge_use1-az2': 50, 'd3.xlarge_use1-az4': 45, 'd3.xlarge_use1-az6': 25, 'd3en.12xlarge_use1-az1': 1, 'd3en.12xlarge_use1-az2': 10, 'd3en.12xlarge_use1-az4': 20, 'd3en.12xlarge_use1-az6': 50, 'd3en.2xlarge_use1-az1': 5, 'd3en.2xlarge_use1-az2': 25, 'd3en.2xlarge_use1-az4': 15, 'd3en.2xlarge_use1-az6': 50, 'd3en.4xlarge_use1-az1': 1, 'd3en.4xlarge_use1-az2': 5, 'd3en.4xlarge_use1-az4': 10, 'd3en.4xlarge_use1-az6': 50, 'd3en.6xlarge_use1-az1': 1, 'd3en.6xlarge_use1-az2': 5, 'd3en.6xlarge_use1-az4': 15, 'd3en.6xlarge_use1-az6': 50, 'd3en.8xlarge_use1-az1': 1, 'd3en.8xlarge_use1-az2': 15, 'd3en.8xlarge_use1-az4': 5, 'd3en.8xlarge_use1-az6': 50, 'd3en.xlarge_use1-az1': 5, 'd3en.xlarge_use1-az2': 50, 'd3en.xlarge_use1-az4': 30, 'd3en.xlarge_use1-az6': 50, 'f2.12xlarge_use1-az2': 1, 'f2.12xlarge_use1-az4': 1, 'f2.12xlarge_use1-az6': 1, 'f2.48xlarge_use1-az2': 5, 'f2.48xlarge_use1-az4': 5, 'f2.48xlarge_use1-az6': 1, 'g4ad.16xlarge_use1-az1': 5, 'g4ad.16xlarge_use1-az2': 5, 'g4ad.16xlarge_use1-az4': 5, 'g4ad.16xlarge_use1-az6': 10, 'g4ad.2xlarge_use1-az1': 5, 'g4ad.2xlarge_use1-az2': 10, 'g4ad.2xlarge_use1-az4': 10, 'g4ad.2xlarge_use1-az6': 10, 'g4ad.4xlarge_use1-az1': 10, 'g4ad.4xlarge_use1-az2': 15, 'g4ad.4xlarge_use1-az4': 15, 'g4ad.4xlarge_use1-az6': 5, 'g4ad.8xlarge_use1-az1': 1, 'g4ad.8xlarge_use1-az2': 5, 'g4ad.8xlarge_use1-az4': 5, 'g4ad.8xlarge_use1-az6': 5, 'g4ad.xlarge_use1-az1': 20, 'g4ad.xlarge_use1-az2': 20, 'g4ad.xlarge_use1-az4': 25, 'g4ad.xlarge_use1-az6': 20, 'g4dn.12xlarge_use1-az1': 5, 'g4dn.12xlarge_use1-az2': 15, 'g4dn.12xlarge_use1-az4': 15, 'g4dn.12xlarge_use1-az5': 15, 'g4dn.12xlarge_use1-az6': 50, 'g4dn.16xlarge_use1-az1': 1, 'g4dn.16xlarge_use1-az2': 10, 'g4dn.16xlarge_use1-az4': 1, 'g4dn.16xlarge_use1-az5': 5, 'g4dn.16xlarge_use1-az6': 15, 'g4dn.2xlarge_use1-az1': 45, 'g4dn.2xlarge_use1-az2': 50, 'g4dn.2xlarge_use1-az4': 50, 'g4dn.2xlarge_use1-az5': 50, 'g4dn.2xlarge_use1-az6': 50, 'g4dn.4xlarge_use1-az1': 5, 'g4dn.4xlarge_use1-az2': 40, 'g4dn.4xlarge_use1-az4': 25, 'g4dn.4xlarge_use1-az5': 40, 'g4dn.4xlarge_use1-az6': 40, 'g4dn.8xlarge_use1-az1': 1, 'g4dn.8xlarge_use1-az2': 1, 'g4dn.8xlarge_use1-az4': 10, 'g4dn.8xlarge_use1-az5': 1, 'g4dn.8xlarge_use1-az6': 5, 'g4dn.xlarge_use1-az1': 50, 'g4dn.xlarge_use1-az2': 50, 'g4dn.xlarge_use1-az4': 50, 'g4dn.xlarge_use1-az5': 50, 'g4dn.xlarge_use1-az6': 50, 'g5.12xlarge_use1-az2': 1, 'g5.12xlarge_use1-az5': 10, 'g5.12xlarge_use1-az6': 5, 'g5.16xlarge_use1-az1': 1, 'g5.16xlarge_use1-az2': 1, 'g5.16xlarge_use1-az4': 5, 'g5.16xlarge_use1-az5': 5, 'g5.16xlarge_use1-az6': 10, 'g5.24xlarge_use1-az1': 1, 'g5.24xlarge_use1-az2': 1, 'g5.24xlarge_use1-az4': 1, 'g5.24xlarge_use1-az5': 1, 'g5.24xlarge_use1-az6': 5, 'g5.2xlarge_use1-az1': 25, 'g5.2xlarge_use1-az2': 15, 'g5.2xlarge_use1-az4': 15, 'g5.2xlarge_use1-az5': 50, 'g5.2xlarge_use1-az6': 45, 'g5.48xlarge_use1-az2': 1, 'g5.48xlarge_use1-az5': 5, 'g5.48xlarge_use1-az6': 25, 'g5.4xlarge_use1-az1': 1, 'g5.4xlarge_use1-az2': 50, 'g5.4xlarge_use1-az4': 50, 'g5.4xlarge_use1-az5': 40, 'g5.4xlarge_use1-az6': 50, 'g5.8xlarge_use1-az1': 1, 'g5.8xlarge_use1-az2': 5, 'g5.8xlarge_use1-az4': 10, 'g5.8xlarge_use1-az5': 20, 'g5.8xlarge_use1-az6': 10, 'g5.xlarge_use1-az1': 25, 'g5.xlarge_use1-az2': 50, 'g5.xlarge_use1-az4': 50, 'g5.xlarge_use1-az5': 50, 'g5.xlarge_use1-az6': 50, 'g5g.16xlarge_use1-az1': 1, 'g5g.16xlarge_use1-az6': 5, 'g5g.4xlarge_use1-az6': 1, 'g5g.8xlarge_use1-az1': 1, 'g5g.8xlarge_use1-az4': 1, 'g5g.8xlarge_use1-az6': 1, 'g5g.xlarge_use1-az1': 1, 'g5g.xlarge_use1-az2': 1, 'g5g.xlarge_use1-az4': 1, 'g5g.xlarge_use1-az6': 5, 'g6.12xlarge_use1-az1': 5, 'g6.12xlarge_use1-az2': 1, 'g6.12xlarge_use1-az4': 30, 'g6.12xlarge_use1-az6': 50, 'g6.16xlarge_use1-az1': 1, 'g6.16xlarge_use1-az2': 1, 'g6.16xlarge_use1-az4': 1, 'g6.16xlarge_use1-az6': 5, 'g6.24xlarge_use1-az2': 1, 'g6.24xlarge_use1-az4': 1, 'g6.24xlarge_use1-az6': 1, 'g6.2xlarge_use1-az1': 10, 'g6.2xlarge_use1-az2': 25, 'g6.2xlarge_use1-az4': 50, 'g6.2xlarge_use1-az6': 50, 'g6.48xlarge_use1-az2': 5, 'g6.48xlarge_use1-az4': 30, 'g6.48xlarge_use1-az6': 50, 'g6.4xlarge_use1-az1': 5, 'g6.4xlarge_use1-az2': 10, 'g6.4xlarge_use1-az4': 35, 'g6.4xlarge_use1-az6': 50, 'g6.8xlarge_use1-az1': 5, 'g6.8xlarge_use1-az2': 5, 'g6.8xlarge_use1-az4': 10, 'g6.8xlarge_use1-az6': 15, 'g6.xlarge_use1-az1': 5, 'g6.xlarge_use1-az2': 5, 'g6.xlarge_use1-az4': 5, 'g6.xlarge_use1-az6': 5, 'g6e.16xlarge_use1-az1': 10, 'g6e.16xlarge_use1-az2': 15, 'g6e.16xlarge_use1-az4': 40, 'g6e.16xlarge_use1-az6': 20, 'g6e.2xlarge_use1-az1': 10, 'g6e.2xlarge_use1-az2': 1, 'g6e.2xlarge_use1-az4': 10, 'g6e.2xlarge_use1-az6': 5, 'g6e.48xlarge_use1-az4': 5, 'g6e.48xlarge_use1-az6': 1, 'g6e.4xlarge_use1-az1': 1, 'g6e.4xlarge_use1-az4': 5, 'g6e.4xlarge_use1-az6': 1, 'g6e.8xlarge_use1-az1': 1, 'g6e.8xlarge_use1-az2': 1, 'g6e.8xlarge_use1-az4': 1, 'g6e.8xlarge_use1-az6': 1, 'g6f.2xlarge_use1-az1': 1, 'g6f.2xlarge_use1-az4': 1, 'g6f.2xlarge_use1-az6': 5, 'g6f.4xlarge_use1-az1': 1, 'g6f.4xlarge_use1-az4': 1, 'g6f.4xlarge_use1-az6': 1, 'g6f.large_use1-az1': 10, 'g6f.large_use1-az2': 15, 'g6f.large_use1-az4': 40, 'g6f.large_use1-az6': 20, 'g6f.xlarge_use1-az1': 1, 'g6f.xlarge_use1-az2': 1, 'g6f.xlarge_use1-az4': 5, 'g6f.xlarge_use1-az6': 10, 'gr6.4xlarge_use1-az2': 1, 'gr6.4xlarge_use1-az4': 1, 'gr6.4xlarge_use1-az6': 1, 'gr6.8xlarge_use1-az1': 1, 'gr6.8xlarge_use1-az2': 1, 'gr6.8xlarge_use1-az4': 1, 'gr6.8xlarge_use1-az6': 1, 'i2.2xlarge_use1-az2': 10, 'i2.2xlarge_use1-az3': 5, 'i2.2xlarge_use1-az4': 10, 'i2.2xlarge_use1-az6': 5, 'i2.4xlarge_use1-az1': 1, 'i2.4xlarge_use1-az2': 10, 'i2.4xlarge_use1-az3': 1, 'i2.4xlarge_use1-az4': 10, 'i2.4xlarge_use1-az6': 5, 'i2.8xlarge_use1-az2': 1, 'i2.8xlarge_use1-az3': 1, 'i2.8xlarge_use1-az6': 1, 'i2.xlarge_use1-az1': 1, 'i2.xlarge_use1-az2': 15, 'i2.xlarge_use1-az3': 1, 'i2.xlarge_use1-az4': 20, 'i2.xlarge_use1-az6': 15, 'i3.16xlarge_use1-az1': 20, 'i3.16xlarge_use1-az2': 50, 'i3.16xlarge_use1-az3': 10, 'i3.16xlarge_use1-az4': 50, 'i3.16xlarge_use1-az5': 10, 'i3.16xlarge_use1-az6': 45, 'i3.2xlarge_use1-az1': 50, 'i3.2xlarge_use1-az2': 50, 'i3.2xlarge_use1-az3': 50, 'i3.2xlarge_use1-az4': 50, 'i3.2xlarge_use1-az5': 50, 'i3.2xlarge_use1-az6': 50, 'i3.4xlarge_use1-az1': 50, 'i3.4xlarge_use1-az2': 50, 'i3.4xlarge_use1-az3': 50, 'i3.4xlarge_use1-az4': 50, 'i3.4xlarge_use1-az5': 50, 'i3.4xlarge_use1-az6': 50, 'i3.8xlarge_use1-az1': 50, 'i3.8xlarge_use1-az2': 50, 'i3.8xlarge_use1-az3': 50, 'i3.8xlarge_use1-az4': 50, 'i3.8xlarge_use1-az5': 25, 'i3.8xlarge_use1-az6': 50, 'i3.large_use1-az1': 50, 'i3.large_use1-az2': 50, 'i3.large_use1-az3': 50, 'i3.large_use1-az4': 50, 'i3.large_use1-az5': 50, 'i3.large_use1-az6': 50, 'i3.xlarge_use1-az1': 50, 'i3.xlarge_use1-az2': 50, 'i3.xlarge_use1-az3': 50, 'i3.xlarge_use1-az4': 50, 'i3.xlarge_use1-az5': 50, 'i3.xlarge_use1-az6': 50, 'i3en.12xlarge_use1-az1': 1, 'i3en.12xlarge_use1-az2': 1, 'i3en.12xlarge_use1-az6': 50, 'i3en.24xlarge_use1-az6': 20, 'i3en.2xlarge_use1-az1': 50, 'i3en.2xlarge_use1-az2': 50, 'i3en.2xlarge_use1-az4': 30, 'i3en.2xlarge_use1-az5': 50, 'i3en.2xlarge_use1-az6': 50, 'i3en.3xlarge_use1-az1': 50, 'i3en.3xlarge_use1-az2': 50, 'i3en.3xlarge_use1-az4': 50, 'i3en.3xlarge_use1-az5': 50, 'i3en.3xlarge_use1-az6': 50, 'i3en.6xlarge_use1-az1': 10, 'i3en.6xlarge_use1-az2': 20, 'i3en.6xlarge_use1-az4': 10, 'i3en.6xlarge_use1-az6': 50, 'i3en.large_use1-az1': 50, 'i3en.large_use1-az2': 50, 'i3en.large_use1-az4': 45, 'i3en.large_use1-az5': 35, 'i3en.large_use1-az6': 50, 'i3en.xlarge_use1-az1': 50, 'i3en.xlarge_use1-az2': 50, 'i3en.xlarge_use1-az4': 50, 'i3en.xlarge_use1-az5': 50, 'i3en.xlarge_use1-az6': 50, 'i4g.16xlarge_use1-az2': 1, 'i4g.16xlarge_use1-az4': 1, 'i4g.16xlarge_use1-az5': 50, 'i4g.16xlarge_use1-az6': 50, 'i4g.2xlarge_use1-az2': 10, 'i4g.2xlarge_use1-az4': 15, 'i4g.2xlarge_use1-az5': 40, 'i4g.2xlarge_use1-az6': 50, 'i4g.4xlarge_use1-az2': 25, 'i4g.4xlarge_use1-az4': 30, 'i4g.4xlarge_use1-az5': 50, 'i4g.4xlarge_use1-az6': 50, 'i4g.8xlarge_use1-az5': 45, 'i4g.8xlarge_use1-az6': 15, 'i4g.large_use1-az1': 5, 'i4g.large_use1-az2': 5, 'i4g.large_use1-az4': 5, 'i4g.large_use1-az5': 25, 'i4g.large_use1-az6': 50, 'i4g.xlarge_use1-az2': 10, 'i4g.xlarge_use1-az4': 1, 'i4g.xlarge_use1-az5': 50, 'i4g.xlarge_use1-az6': 50, 'i4i.12xlarge_use1-az2': 5, 'i4i.16xlarge_use1-az1': 1, 'i4i.16xlarge_use1-az2': 1, 'i4i.16xlarge_use1-az4': 1, 'i4i.16xlarge_use1-az6': 1, 'i4i.24xlarge_use1-az2': 1, 'i4i.2xlarge_use1-az1': 15, 'i4i.2xlarge_use1-az2': 50, 'i4i.2xlarge_use1-az4': 50, 'i4i.2xlarge_use1-az5': 1, 'i4i.2xlarge_use1-az6': 50, 'i4i.4xlarge_use1-az1': 1, 'i4i.4xlarge_use1-az2': 35, 'i4i.4xlarge_use1-az4': 1, 'i4i.4xlarge_use1-az6': 15, 'i4i.8xlarge_use1-az1': 1, 'i4i.8xlarge_use1-az2': 40, 'i4i.8xlarge_use1-az6': 5, 'i4i.large_use1-az1': 50, 'i4i.large_use1-az2': 50, 'i4i.large_use1-az4': 50, 'i4i.large_use1-az5': 50, 'i4i.large_use1-az6': 50, 'i4i.xlarge_use1-az1': 50, 'i4i.xlarge_use1-az2': 50, 'i4i.xlarge_use1-az4': 50, 'i4i.xlarge_use1-az5': 50, 'i4i.xlarge_use1-az6': 50, 'i7i.12xlarge_use1-az1': 1, 'i7i.12xlarge_use1-az2': 1, 'i7i.12xlarge_use1-az4': 1, 'i7i.12xlarge_use1-az5': 1, 'i7i.12xlarge_use1-az6': 1, 'i7i.16xlarge_use1-az2': 1, 'i7i.16xlarge_use1-az4': 5, 'i7i.16xlarge_use1-az5': 1, 'i7i.16xlarge_use1-az6': 1, 'i7i.24xlarge_use1-az2': 1, 'i7i.24xlarge_use1-az4': 1, 'i7i.24xlarge_use1-az5': 1, 'i7i.24xlarge_use1-az6': 1, 'i7i.2xlarge_use1-az1': 1, 'i7i.2xlarge_use1-az2': 50, 'i7i.2xlarge_use1-az4': 45, 'i7i.2xlarge_use1-az5': 20, 'i7i.2xlarge_use1-az6': 10, 'i7i.48xlarge_use1-az2': 1, 'i7i.4xlarge_use1-az1': 1, 'i7i.4xlarge_use1-az2': 15, 'i7i.4xlarge_use1-az4': 20, 'i7i.4xlarge_use1-az5': 5, 'i7i.4xlarge_use1-az6': 20, 'i7i.8xlarge_use1-az1': 1, 'i7i.8xlarge_use1-az2': 1, 'i7i.8xlarge_use1-az4': 5, 'i7i.8xlarge_use1-az5': 1, 'i7i.8xlarge_use1-az6': 1, 'i7i.metal-24xl_use1-az2': 1, 'i7i.metal-24xl_use1-az4': 50, 'i7i.metal-24xl_use1-az6': 35, 'i7i.xlarge_use1-az1': 1, 'i7i.xlarge_use1-az6': 20, 'i7ie.12xlarge_use1-az1': 1, 'i7ie.12xlarge_use1-az4': 1, 'i7ie.12xlarge_use1-az6': 30, 'i7ie.18xlarge_use1-az4': 1, 'i7ie.18xlarge_use1-az6': 20, 'i7ie.24xlarge_use1-az1': 1, 'i7ie.24xlarge_use1-az2': 1, 'i7ie.24xlarge_use1-az4': 1, 'i7ie.24xlarge_use1-az6': 50, 'i7ie.2xlarge_use1-az1': 5, 'i7ie.2xlarge_use1-az2': 1, 'i7ie.2xlarge_use1-az4': 15, 'i7ie.2xlarge_use1-az6': 35, 'i7ie.3xlarge_use1-az1': 5, 'i7ie.3xlarge_use1-az2': 1, 'i7ie.3xlarge_use1-az4': 5, 'i7ie.3xlarge_use1-az6': 30, 'i7ie.48xlarge_use1-az6': 50, 'i7ie.6xlarge_use1-az1': 25, 'i7ie.6xlarge_use1-az4': 20, 'i7ie.6xlarge_use1-az6': 50, 'i7ie.large_use1-az1': 45, 'i7ie.large_use1-az2': 15, 'i7ie.large_use1-az4': 50, 'i7ie.large_use1-az6': 50, 'i7ie.metal-24xl_use1-az4': 1, 'i7ie.metal-24xl_use1-az6': 15, 'i7ie.metal-48xl_use1-az6': 10, 'i7ie.xlarge_use1-az1': 10, 'i7ie.xlarge_use1-az2': 25, 'i7ie.xlarge_use1-az4': 45, 'i7ie.xlarge_use1-az6': 50, 'i8g.12xlarge_use1-az6': 1, 'i8g.24xlarge_use1-az6': 10, 'i8g.2xlarge_use1-az2': 1, 'i8g.4xlarge_use1-az2': 1, 'i8g.8xlarge_use1-az6': 5, 'i8g.large_use1-az2': 10, 'i8g.large_use1-az6': 5, 'i8g.xlarge_use1-az2': 1, 'i8g.xlarge_use1-az4': 1, 'i8g.xlarge_use1-az6': 1, 'i8ge.12xlarge_use1-az4': 1, 'i8ge.12xlarge_use1-az6': 5, 'i8ge.18xlarge_use1-az2': 1, 'i8ge.18xlarge_use1-az4': 1, 'i8ge.18xlarge_use1-az6': 5, 'i8ge.24xlarge_use1-az4': 1, 'i8ge.24xlarge_use1-az6': 5, 'i8ge.2xlarge_use1-az4': 10, 'i8ge.3xlarge_use1-az2': 1, 'i8ge.3xlarge_use1-az4': 5, 'i8ge.48xlarge_use1-az4': 5, 'i8ge.6xlarge_use1-az2': 1, 'i8ge.6xlarge_use1-az4': 1, 'i8ge.large_use1-az2': 5, 'i8ge.large_use1-az4': 50, 'i8ge.metal-24xl_use1-az4': 1, 'i8ge.metal-48xl_use1-az6': 1, 'i8ge.xlarge_use1-az4': 20, 'im4gn.16xlarge_use1-az4': 45, 'im4gn.2xlarge_use1-az1': 10, 'im4gn.2xlarge_use1-az4': 20, 'im4gn.2xlarge_use1-az6': 15, 'im4gn.4xlarge_use1-az1': 5, 'im4gn.4xlarge_use1-az4': 15, 'im4gn.8xlarge_use1-az1': 1, 'im4gn.8xlarge_use1-az4': 5, 'im4gn.large_use1-az1': 35, 'im4gn.large_use1-az2': 10, 'im4gn.large_use1-az4': 50, 'im4gn.large_use1-az6': 10, 'im4gn.xlarge_use1-az1': 25, 'im4gn.xlarge_use1-az2': 50, 'im4gn.xlarge_use1-az4': 30, 'im4gn.xlarge_use1-az6': 40, 'inf1.24xlarge_use1-az1': 1, 'inf1.24xlarge_use1-az2': 1, 'inf1.24xlarge_use1-az4': 10, 'inf1.24xlarge_use1-az5': 5, 'inf1.24xlarge_use1-az6': 20, 'inf1.2xlarge_use1-az1': 15, 'inf1.2xlarge_use1-az2': 15, 'inf1.2xlarge_use1-az4': 30, 'inf1.2xlarge_use1-az5': 40, 'inf1.2xlarge_use1-az6': 40, 'inf1.6xlarge_use1-az1': 1, 'inf1.6xlarge_use1-az2': 1, 'inf1.6xlarge_use1-az4': 5, 'inf1.6xlarge_use1-az5': 5, 'inf1.6xlarge_use1-az6': 10, 'inf1.xlarge_use1-az1': 50, 'inf1.xlarge_use1-az2': 50, 'inf1.xlarge_use1-az4': 40, 'inf1.xlarge_use1-az5': 50, 'inf1.xlarge_use1-az6': 50, 'inf2.24xlarge_use1-az4': 1, 'inf2.24xlarge_use1-az6': 10, 'inf2.48xlarge_use1-az6': 15, 'inf2.8xlarge_use1-az2': 5, 'inf2.8xlarge_use1-az4': 5, 'inf2.8xlarge_use1-az5': 1, 'inf2.8xlarge_use1-az6': 1, 'inf2.xlarge_use1-az2': 5, 'inf2.xlarge_use1-az4': 1, 'inf2.xlarge_use1-az6': 50, 'is4gen.2xlarge_use1-az1': 1, 'is4gen.2xlarge_use1-az2': 50, 'is4gen.2xlarge_use1-az4': 50, 'is4gen.2xlarge_use1-az6': 50, 'is4gen.4xlarge_use1-az1': 1, 'is4gen.8xlarge_use1-az1': 1, 'is4gen.8xlarge_use1-az4': 1, 'is4gen.large_use1-az1': 5, 'is4gen.large_use1-az2': 1, 'is4gen.large_use1-az4': 10, 'is4gen.large_use1-az6': 15, 'is4gen.medium_use1-az1': 50, 'is4gen.medium_use1-az2': 25, 'is4gen.medium_use1-az4': 40, 'is4gen.medium_use1-az6': 30, 'is4gen.xlarge_use1-az1': 1, 'is4gen.xlarge_use1-az2': 1, 'is4gen.xlarge_use1-az4': 15, 'is4gen.xlarge_use1-az6': 1, 'm1.large_use1-az1': 5, 'm1.large_use1-az2': 25, 'm1.large_use1-az4': 20, 'm1.large_use1-az6': 15, 'm1.xlarge_use1-az1': 1, 'm1.xlarge_use1-az2': 10, 'm1.xlarge_use1-az4': 10, 'm1.xlarge_use1-az6': 10, 'm2.2xlarge_use1-az1': 5, 'm2.2xlarge_use1-az2': 10, 'm2.2xlarge_use1-az4': 15, 'm2.2xlarge_use1-az6': 5, 'm2.4xlarge_use1-az1': 1, 'm2.4xlarge_use1-az2': 5, 'm2.4xlarge_use1-az4': 5, 'm2.4xlarge_use1-az6': 5, 'm2.xlarge_use1-az1': 5, 'm2.xlarge_use1-az2': 20, 'm2.xlarge_use1-az4': 20, 'm2.xlarge_use1-az6': 15, 'm3.2xlarge_use1-az2': 25, 'm3.2xlarge_use1-az3': 1, 'm3.2xlarge_use1-az4': 40, 'm3.2xlarge_use1-az6': 45, 'm3.large_use1-az2': 50, 'm3.large_use1-az3': 1, 'm3.large_use1-az4': 50, 'm3.large_use1-az6': 50, 'm3.xlarge_use1-az2': 50, 'm3.xlarge_use1-az3': 1, 'm3.xlarge_use1-az4': 50, 'm3.xlarge_use1-az6': 50, 'm4.10xlarge_use1-az1': 5, 'm4.10xlarge_use1-az2': 10, 'm4.10xlarge_use1-az3': 1, 'm4.10xlarge_use1-az4': 50, 'm4.10xlarge_use1-az5': 1, 'm4.10xlarge_use1-az6': 50, 'm4.2xlarge_use1-az1': 5, 'm4.2xlarge_use1-az2': 20, 'm4.2xlarge_use1-az3': 50, 'm4.2xlarge_use1-az4': 20, 'm4.2xlarge_use1-az5': 1, 'm4.2xlarge_use1-az6': 25, 'm4.4xlarge_use1-az1': 50, 'm4.4xlarge_use1-az2': 50, 'm4.4xlarge_use1-az3': 50, 'm4.4xlarge_use1-az4': 25, 'm4.4xlarge_use1-az5': 10, 'm4.4xlarge_use1-az6': 15, 'm4.large_use1-az1': 30, 'm4.large_use1-az2': 50, 'm4.large_use1-az3': 25, 'm4.large_use1-az4': 50, 'm4.large_use1-az5': 10, 'm4.large_use1-az6': 50, 'm4.xlarge_use1-az1': 15, 'm4.xlarge_use1-az2': 50, 'm4.xlarge_use1-az3': 50, 'm4.xlarge_use1-az4': 50, 'm4.xlarge_use1-az5': 30, 'm4.xlarge_use1-az6': 50, 'm5.12xlarge_use1-az1': 5, 'm5.12xlarge_use1-az2': 25, 'm5.12xlarge_use1-az4': 50, 'm5.12xlarge_use1-az5': 1, 'm5.12xlarge_use1-az6': 40, 'm5.16xlarge_use1-az1': 10, 'm5.16xlarge_use1-az2': 50, 'm5.16xlarge_use1-az4': 50, 'm5.16xlarge_use1-az5': 1, 'm5.16xlarge_use1-az6': 50, 'm5.24xlarge_use1-az1': 5, 'm5.24xlarge_use1-az2': 5, 'm5.24xlarge_use1-az4': 5, 'm5.24xlarge_use1-az5': 1, 'm5.24xlarge_use1-az6': 35, 'm5.2xlarge_use1-az1': 50, 'm5.2xlarge_use1-az2': 50, 'm5.2xlarge_use1-az4': 50, 'm5.2xlarge_use1-az5': 50, 'm5.2xlarge_use1-az6': 50, 'm5.4xlarge_use1-az1': 50, 'm5.4xlarge_use1-az2': 50, 'm5.4xlarge_use1-az4': 50, 'm5.4xlarge_use1-az5': 10, 'm5.4xlarge_use1-az6': 50, 'm5.8xlarge_use1-az1': 50, 'm5.8xlarge_use1-az2': 40, 'm5.8xlarge_use1-az4': 50, 'm5.8xlarge_use1-az5': 1, 'm5.8xlarge_use1-az6': 50, 'm5.large_use1-az1': 50, 'm5.large_use1-az2': 50, 'm5.large_use1-az4': 50, 'm5.large_use1-az5': 50, 'm5.large_use1-az6': 50, 'm5.xlarge_use1-az1': 50, 'm5.xlarge_use1-az2': 50, 'm5.xlarge_use1-az4': 50, 'm5.xlarge_use1-az5': 50, 'm5.xlarge_use1-az6': 50, 'm5a.12xlarge_use1-az2': 1, 'm5a.12xlarge_use1-az4': 1, 'm5a.12xlarge_use1-az6': 1, 'm5a.16xlarge_use1-az2': 1, 'm5a.16xlarge_use1-az4': 1, 'm5a.16xlarge_use1-az6': 1, 'm5a.24xlarge_use1-az1': 1, 'm5a.24xlarge_use1-az2': 1, 'm5a.24xlarge_use1-az4': 1, 'm5a.24xlarge_use1-az5': 5, 'm5a.24xlarge_use1-az6': 5, 'm5a.2xlarge_use1-az1': 10, 'm5a.2xlarge_use1-az2': 25, 'm5a.2xlarge_use1-az4': 25, 'm5a.2xlarge_use1-az5': 5, 'm5a.2xlarge_use1-az6': 45, 'm5a.4xlarge_use1-az1': 5, 'm5a.4xlarge_use1-az2': 10, 'm5a.4xlarge_use1-az4': 5, 'm5a.4xlarge_use1-az5': 10, 'm5a.4xlarge_use1-az6': 15, 'm5a.8xlarge_use1-az1': 1, 'm5a.8xlarge_use1-az2': 20, 'm5a.8xlarge_use1-az4': 20, 'm5a.8xlarge_use1-az5': 1, 'm5a.8xlarge_use1-az6': 5, 'm5a.large_use1-az1': 50, 'm5a.large_use1-az2': 50, 'm5a.large_use1-az4': 50, 'm5a.large_use1-az5': 45, 'm5a.large_use1-az6': 50, 'm5a.xlarge_use1-az1': 10, 'm5a.xlarge_use1-az2': 30, 'm5a.xlarge_use1-az4': 10, 'm5a.xlarge_use1-az5': 20, 'm5a.xlarge_use1-az6': 50, 'm5ad.12xlarge_use1-az1': 1, 'm5ad.16xlarge_use1-az1': 1, 'm5ad.16xlarge_use1-az2': 1, 'm5ad.16xlarge_use1-az4': 1, 'm5ad.16xlarge_use1-az6': 1, 'm5ad.24xlarge_use1-az1': 5, 'm5ad.24xlarge_use1-az2': 1, 'm5ad.24xlarge_use1-az4': 1, 'm5ad.24xlarge_use1-az6': 5, 'm5ad.2xlarge_use1-az1': 1, 'm5ad.2xlarge_use1-az2': 1, 'm5ad.2xlarge_use1-az4': 5, 'm5ad.2xlarge_use1-az6': 1, 'm5ad.4xlarge_use1-az1': 1, 'm5ad.4xlarge_use1-az2': 1, 'm5ad.4xlarge_use1-az4': 1, 'm5ad.4xlarge_use1-az6': 1, 'm5ad.8xlarge_use1-az2': 1, 'm5ad.large_use1-az1': 10, 'm5ad.large_use1-az2': 5, 'm5ad.large_use1-az4': 10, 'm5ad.large_use1-az5': 1, 'm5ad.large_use1-az6': 10, 'm5ad.xlarge_use1-az1': 1, 'm5ad.xlarge_use1-az2': 10, 'm5ad.xlarge_use1-az4': 5, 'm5ad.xlarge_use1-az6': 5, 'm5d.12xlarge_use1-az1': 1, 'm5d.12xlarge_use1-az2': 25, 'm5d.12xlarge_use1-az4': 30, 'm5d.12xlarge_use1-az6': 15, 'm5d.16xlarge_use1-az1': 5, 'm5d.16xlarge_use1-az2': 35, 'm5d.16xlarge_use1-az4': 20, 'm5d.16xlarge_use1-az5': 1, 'm5d.16xlarge_use1-az6': 50, 'm5d.24xlarge_use1-az1': 20, 'm5d.24xlarge_use1-az2': 15, 'm5d.24xlarge_use1-az4': 5, 'm5d.24xlarge_use1-az5': 1, 'm5d.24xlarge_use1-az6': 50, 'm5d.2xlarge_use1-az1': 5, 'm5d.2xlarge_use1-az2': 25, 'm5d.2xlarge_use1-az4': 25, 'm5d.2xlarge_use1-az6': 30, 'm5d.4xlarge_use1-az1': 5, 'm5d.4xlarge_use1-az2': 15, 'm5d.4xlarge_use1-az4': 25, 'm5d.4xlarge_use1-az6': 25, 'm5d.8xlarge_use1-az1': 1, 'm5d.8xlarge_use1-az2': 25, 'm5d.8xlarge_use1-az4': 10, 'm5d.8xlarge_use1-az5': 1, 'm5d.8xlarge_use1-az6': 10, 'm5d.large_use1-az1': 5, 'm5d.large_use1-az2': 50, 'm5d.large_use1-az4': 50, 'm5d.large_use1-az6': 50, 'm5d.xlarge_use1-az1': 50, 'm5d.xlarge_use1-az2': 50, 'm5d.xlarge_use1-az4': 50, 'm5d.xlarge_use1-az5': 1, 'm5d.xlarge_use1-az6': 50, 'm5dn.12xlarge_use1-az1': 1, 'm5dn.12xlarge_use1-az4': 1, 'm5dn.12xlarge_use1-az6': 1, 'm5dn.16xlarge_use1-az1': 1, 'm5dn.16xlarge_use1-az2': 5, 'm5dn.16xlarge_use1-az4': 1, 'm5dn.16xlarge_use1-az6': 1, 'm5dn.24xlarge_use1-az1': 1, 'm5dn.24xlarge_use1-az2': 1, 'm5dn.24xlarge_use1-az4': 1, 'm5dn.24xlarge_use1-az6': 5, 'm5dn.2xlarge_use1-az1': 10, 'm5dn.2xlarge_use1-az2': 5, 'm5dn.2xlarge_use1-az4': 5, 'm5dn.2xlarge_use1-az5': 1, 'm5dn.2xlarge_use1-az6': 15, 'm5dn.4xlarge_use1-az1': 5, 'm5dn.4xlarge_use1-az2': 5, 'm5dn.4xlarge_use1-az4': 1, 'm5dn.4xlarge_use1-az5': 1, 'm5dn.4xlarge_use1-az6': 5, 'm5dn.8xlarge_use1-az2': 1, 'm5dn.8xlarge_use1-az6': 1, 'm5dn.large_use1-az1': 35, 'm5dn.large_use1-az2': 30, 'm5dn.large_use1-az4': 40, 'm5dn.large_use1-az5': 15, 'm5dn.large_use1-az6': 50, 'm5dn.xlarge_use1-az1': 10, 'm5dn.xlarge_use1-az2': 25, 'm5dn.xlarge_use1-az4': 20, 'm5dn.xlarge_use1-az5': 1, 'm5dn.xlarge_use1-az6': 30, 'm5n.12xlarge_use1-az1': 1, 'm5n.12xlarge_use1-az2': 1, 'm5n.12xlarge_use1-az4': 1, 'm5n.12xlarge_use1-az5': 1, 'm5n.12xlarge_use1-az6': 1, 'm5n.16xlarge_use1-az2': 1, 'm5n.16xlarge_use1-az4': 1, 'm5n.16xlarge_use1-az6': 1, 'm5n.24xlarge_use1-az2': 1, 'm5n.24xlarge_use1-az4': 1, 'm5n.24xlarge_use1-az6': 1, 'm5n.2xlarge_use1-az1': 15, 'm5n.2xlarge_use1-az2': 25, 'm5n.2xlarge_use1-az4': 30, 'm5n.2xlarge_use1-az5': 5, 'm5n.2xlarge_use1-az6': 25, 'm5n.4xlarge_use1-az1': 25, 'm5n.4xlarge_use1-az2': 35, 'm5n.4xlarge_use1-az4': 50, 'm5n.4xlarge_use1-az5': 5, 'm5n.4xlarge_use1-az6': 10, 'm5n.8xlarge_use1-az1': 1, 'm5n.8xlarge_use1-az2': 1, 'm5n.8xlarge_use1-az4': 1, 'm5n.8xlarge_use1-az6': 5, 'm5n.large_use1-az1': 5, 'm5n.large_use1-az2': 15, 'm5n.large_use1-az4': 5, 'm5n.large_use1-az5': 5, 'm5n.large_use1-az6': 15, 'm5n.xlarge_use1-az1': 20, 'm5n.xlarge_use1-az2': 50, 'm5n.xlarge_use1-az4': 50, 'm5n.xlarge_use1-az5': 1, 'm5n.xlarge_use1-az6': 50, 'm5zn.12xlarge_use1-az2': 1, 'm5zn.12xlarge_use1-az4': 10, 'm5zn.12xlarge_use1-az5': 1, 'm5zn.12xlarge_use1-az6': 5, 'm5zn.2xlarge_use1-az1': 1, 'm5zn.2xlarge_use1-az2': 1, 'm5zn.2xlarge_use1-az4': 25, 'm5zn.2xlarge_use1-az5': 1, 'm5zn.2xlarge_use1-az6': 5, 'm5zn.3xlarge_use1-az1': 1, 'm5zn.3xlarge_use1-az2': 1, 'm5zn.3xlarge_use1-az4': 5, 'm5zn.3xlarge_use1-az6': 5, 'm5zn.6xlarge_use1-az4': 1, 'm5zn.6xlarge_use1-az6': 1, 'm5zn.large_use1-az1': 5, 'm5zn.large_use1-az2': 5, 'm5zn.large_use1-az4': 30, 'm5zn.large_use1-az5': 15, 'm5zn.large_use1-az6': 20, 'm5zn.xlarge_use1-az1': 1, 'm5zn.xlarge_use1-az2': 1, 'm5zn.xlarge_use1-az4': 20, 'm5zn.xlarge_use1-az5': 5, 'm5zn.xlarge_use1-az6': 5, 'm6a.12xlarge_use1-az1': 5, 'm6a.12xlarge_use1-az2': 5, 'm6a.12xlarge_use1-az4': 15, 'm6a.12xlarge_use1-az6': 10, 'm6a.16xlarge_use1-az1': 5, 'm6a.16xlarge_use1-az2': 5, 'm6a.16xlarge_use1-az4': 5, 'm6a.16xlarge_use1-az6': 5, 'm6a.24xlarge_use1-az1': 1, 'm6a.24xlarge_use1-az2': 1, 'm6a.24xlarge_use1-az4': 1, 'm6a.24xlarge_use1-az6': 1, 'm6a.2xlarge_use1-az1': 50, 'm6a.2xlarge_use1-az2': 35, 'm6a.2xlarge_use1-az4': 45, 'm6a.2xlarge_use1-az5': 15, 'm6a.2xlarge_use1-az6': 50, 'm6a.32xlarge_use1-az2': 1, 'm6a.32xlarge_use1-az4': 1, 'm6a.32xlarge_use1-az5': 1, 'm6a.32xlarge_use1-az6': 1, 'm6a.48xlarge_use1-az2': 1, 'm6a.48xlarge_use1-az4': 1, 'm6a.48xlarge_use1-az6': 1, 'm6a.4xlarge_use1-az1': 45, 'm6a.4xlarge_use1-az2': 40, 'm6a.4xlarge_use1-az4': 25, 'm6a.4xlarge_use1-az5': 5, 'm6a.4xlarge_use1-az6': 50, 'm6a.8xlarge_use1-az1': 25, 'm6a.8xlarge_use1-az2': 15, 'm6a.8xlarge_use1-az4': 50, 'm6a.8xlarge_use1-az5': 10, 'm6a.8xlarge_use1-az6': 50, 'm6a.large_use1-az1': 50, 'm6a.large_use1-az2': 50, 'm6a.large_use1-az4': 50, 'm6a.large_use1-az5': 30, 'm6a.large_use1-az6': 50, 'm6a.xlarge_use1-az1': 50, 'm6a.xlarge_use1-az2': 50, 'm6a.xlarge_use1-az4': 50, 'm6a.xlarge_use1-az5': 35, 'm6a.xlarge_use1-az6': 50, 'm6g.12xlarge_use1-az1': 1, 'm6g.12xlarge_use1-az2': 5, 'm6g.12xlarge_use1-az4': 50, 'm6g.12xlarge_use1-az6': 50, 'm6g.16xlarge_use1-az1': 1, 'm6g.16xlarge_use1-az2': 5, 'm6g.16xlarge_use1-az4': 25, 'm6g.16xlarge_use1-az6': 50, 'm6g.2xlarge_use1-az1': 15, 'm6g.2xlarge_use1-az2': 50, 'm6g.2xlarge_use1-az4': 50, 'm6g.2xlarge_use1-az5': 5, 'm6g.2xlarge_use1-az6': 50, 'm6g.4xlarge_use1-az1': 10, 'm6g.4xlarge_use1-az2': 50, 'm6g.4xlarge_use1-az4': 50, 'm6g.4xlarge_use1-az5': 10, 'm6g.4xlarge_use1-az6': 50, 'm6g.8xlarge_use1-az1': 5, 'm6g.8xlarge_use1-az2': 50, 'm6g.8xlarge_use1-az4': 50, 'm6g.8xlarge_use1-az6': 50, 'm6g.large_use1-az1': 1, 'm6g.large_use1-az2': 50, 'm6g.large_use1-az4': 50, 'm6g.large_use1-az5': 5, 'm6g.large_use1-az6': 50, 'm6g.medium_use1-az1': 5, 'm6g.medium_use1-az2': 5, 'm6g.medium_use1-az4': 10, 'm6g.medium_use1-az5': 1, 'm6g.medium_use1-az6': 15, 'm6g.xlarge_use1-az1': 50, 'm6g.xlarge_use1-az2': 50, 'm6g.xlarge_use1-az4': 50, 'm6g.xlarge_use1-az5': 50, 'm6g.xlarge_use1-az6': 50, 'm6gd.12xlarge_use1-az1': 10, 'm6gd.12xlarge_use1-az2': 40, 'm6gd.12xlarge_use1-az4': 20, 'm6gd.12xlarge_use1-az5': 5, 'm6gd.12xlarge_use1-az6': 50, 'm6gd.16xlarge_use1-az1': 5, 'm6gd.16xlarge_use1-az2': 10, 'm6gd.16xlarge_use1-az4': 10, 'm6gd.16xlarge_use1-az5': 10, 'm6gd.16xlarge_use1-az6': 35, 'm6gd.2xlarge_use1-az1': 1, 'm6gd.2xlarge_use1-az2': 50, 'm6gd.2xlarge_use1-az4': 45, 'm6gd.2xlarge_use1-az5': 1, 'm6gd.2xlarge_use1-az6': 5, 'm6gd.4xlarge_use1-az1': 1, 'm6gd.4xlarge_use1-az2': 5, 'm6gd.4xlarge_use1-az4': 5, 'm6gd.4xlarge_use1-az5': 1, 'm6gd.4xlarge_use1-az6': 15, 'm6gd.8xlarge_use1-az1': 5, 'm6gd.8xlarge_use1-az2': 10, 'm6gd.8xlarge_use1-az4': 15, 'm6gd.8xlarge_use1-az5': 1, 'm6gd.8xlarge_use1-az6': 20, 'm6gd.large_use1-az1': 1, 'm6gd.large_use1-az2': 5, 'm6gd.large_use1-az4': 5, 'm6gd.large_use1-az5': 1, 'm6gd.large_use1-az6': 15, 'm6gd.medium_use1-az1': 1, 'm6gd.medium_use1-az2': 1, 'm6gd.medium_use1-az4': 1, 'm6gd.medium_use1-az5': 5, 'm6gd.medium_use1-az6': 1, 'm6gd.xlarge_use1-az1': 1, 'm6gd.xlarge_use1-az2': 10, 'm6gd.xlarge_use1-az4': 35, 'm6gd.xlarge_use1-az5': 1, 'm6gd.xlarge_use1-az6': 15, 'm6i.12xlarge_use1-az1': 1, 'm6i.12xlarge_use1-az2': 10, 'm6i.12xlarge_use1-az4': 50, 'm6i.12xlarge_use1-az5': 1, 'm6i.12xlarge_use1-az6': 30, 'm6i.16xlarge_use1-az1': 1, 'm6i.16xlarge_use1-az2': 10, 'm6i.16xlarge_use1-az4': 5, 'm6i.16xlarge_use1-az5': 1, 'm6i.16xlarge_use1-az6': 10, 'm6i.24xlarge_use1-az2': 10, 'm6i.24xlarge_use1-az4': 5, 'm6i.24xlarge_use1-az5': 1, 'm6i.24xlarge_use1-az6': 50, 'm6i.2xlarge_use1-az1': 25, 'm6i.2xlarge_use1-az2': 50, 'm6i.2xlarge_use1-az4': 50, 'm6i.2xlarge_use1-az5': 25, 'm6i.2xlarge_use1-az6': 50, 'm6i.32xlarge_use1-az2': 1, 'm6i.32xlarge_use1-az4': 5, 'm6i.32xlarge_use1-az5': 1, 'm6i.32xlarge_use1-az6': 15, 'm6i.4xlarge_use1-az1': 15, 'm6i.4xlarge_use1-az2': 50, 'm6i.4xlarge_use1-az4': 50, 'm6i.4xlarge_use1-az5': 50, 'm6i.4xlarge_use1-az6': 50, 'm6i.8xlarge_use1-az1': 1, 'm6i.8xlarge_use1-az2': 50, 'm6i.8xlarge_use1-az4': 50, 'm6i.8xlarge_use1-az5': 20, 'm6i.8xlarge_use1-az6': 50, 'm6i.large_use1-az1': 25, 'm6i.large_use1-az2': 50, 'm6i.large_use1-az4': 50, 'm6i.large_use1-az5': 50, 'm6i.large_use1-az6': 50, 'm6i.xlarge_use1-az1': 45, 'm6i.xlarge_use1-az2': 50, 'm6i.xlarge_use1-az4': 50, 'm6i.xlarge_use1-az5': 25, 'm6i.xlarge_use1-az6': 50, 'm6id.12xlarge_use1-az1': 1, 'm6id.12xlarge_use1-az2': 1, 'm6id.12xlarge_use1-az4': 1, 'm6id.12xlarge_use1-az6': 1, 'm6id.16xlarge_use1-az1': 1, 'm6id.16xlarge_use1-az2': 1, 'm6id.16xlarge_use1-az4': 1, 'm6id.16xlarge_use1-az6': 1, 'm6id.24xlarge_use1-az1': 10, 'm6id.24xlarge_use1-az2': 15, 'm6id.24xlarge_use1-az4': 35, 'm6id.24xlarge_use1-az5': 5, 'm6id.24xlarge_use1-az6': 15, 'm6id.2xlarge_use1-az1': 5, 'm6id.2xlarge_use1-az2': 5, 'm6id.2xlarge_use1-az4': 5, 'm6id.2xlarge_use1-az5': 1, 'm6id.2xlarge_use1-az6': 5, 'm6id.32xlarge_use1-az1': 10, 'm6id.32xlarge_use1-az2': 15, 'm6id.32xlarge_use1-az4': 5, 'm6id.32xlarge_use1-az5': 1, 'm6id.32xlarge_use1-az6': 50, 'm6id.4xlarge_use1-az1': 15, 'm6id.4xlarge_use1-az2': 10, 'm6id.4xlarge_use1-az4': 5, 'm6id.4xlarge_use1-az5': 1, 'm6id.4xlarge_use1-az6': 10, 'm6id.8xlarge_use1-az1': 1, 'm6id.8xlarge_use1-az4': 5, 'm6id.8xlarge_use1-az5': 1, 'm6id.8xlarge_use1-az6': 1, 'm6id.large_use1-az1': 30, 'm6id.large_use1-az2': 35, 'm6id.large_use1-az4': 15, 'm6id.large_use1-az5': 5, 'm6id.large_use1-az6': 50, 'm6id.xlarge_use1-az1': 20, 'm6id.xlarge_use1-az2': 45, 'm6id.xlarge_use1-az4': 15, 'm6id.xlarge_use1-az5': 5, 'm6id.xlarge_use1-az6': 25, 'm6idn.12xlarge_use1-az2': 1, 'm6idn.16xlarge_use1-az4': 1, 'm6idn.24xlarge_use1-az1': 1, 'm6idn.24xlarge_use1-az2': 1, 'm6idn.24xlarge_use1-az4': 1, 'm6idn.2xlarge_use1-az1': 5, 'm6idn.2xlarge_use1-az2': 10, 'm6idn.2xlarge_use1-az4': 5, 'm6idn.2xlarge_use1-az5': 1, 'm6idn.2xlarge_use1-az6': 5, 'm6idn.32xlarge_use1-az2': 1, 'm6idn.4xlarge_use1-az1': 30, 'm6idn.4xlarge_use1-az2': 10, 'm6idn.4xlarge_use1-az4': 5, 'm6idn.4xlarge_use1-az5': 5, 'm6idn.4xlarge_use1-az6': 5, 'm6idn.large_use1-az1': 25, 'm6idn.large_use1-az2': 35, 'm6idn.large_use1-az4': 15, 'm6idn.large_use1-az5': 10, 'm6idn.large_use1-az6': 10, 'm6idn.xlarge_use1-az1': 15, 'm6idn.xlarge_use1-az2': 50, 'm6idn.xlarge_use1-az4': 20, 'm6idn.xlarge_use1-az5': 5, 'm6idn.xlarge_use1-az6': 10, 'm6in.12xlarge_use1-az4': 1, 'm6in.16xlarge_use1-az2': 1, 'm6in.16xlarge_use1-az4': 1, 'm6in.24xlarge_use1-az1': 1, 'm6in.24xlarge_use1-az2': 1, 'm6in.2xlarge_use1-az1': 10, 'm6in.2xlarge_use1-az2': 20, 'm6in.2xlarge_use1-az4': 10, 'm6in.2xlarge_use1-az5': 1, 'm6in.2xlarge_use1-az6': 5, 'm6in.4xlarge_use1-az1': 1, 'm6in.4xlarge_use1-az2': 1, 'm6in.4xlarge_use1-az5': 1, 'm6in.8xlarge_use1-az1': 1, 'm6in.8xlarge_use1-az2': 1, 'm6in.8xlarge_use1-az4': 1, 'm6in.large_use1-az1': 5, 'm6in.large_use1-az2': 10, 'm6in.large_use1-az4': 5, 'm6in.large_use1-az5': 1, 'm6in.large_use1-az6': 1, 'm6in.xlarge_use1-az1': 5, 'm6in.xlarge_use1-az2': 10, 'm6in.xlarge_use1-az4': 1, 'm7a.12xlarge_use1-az2': 1, 'm7a.12xlarge_use1-az6': 20, 'm7a.16xlarge_use1-az2': 1, 'm7a.16xlarge_use1-az6': 40, 'm7a.24xlarge_use1-az2': 1, 'm7a.24xlarge_use1-az6': 50, 'm7a.2xlarge_use1-az1': 5, 'm7a.2xlarge_use1-az2': 15, 'm7a.2xlarge_use1-az4': 10, 'm7a.2xlarge_use1-az6': 50, 'm7a.32xlarge_use1-az6': 20, 'm7a.48xlarge_use1-az6': 40, 'm7a.4xlarge_use1-az1': 10, 'm7a.4xlarge_use1-az2': 5, 'm7a.4xlarge_use1-az4': 10, 'm7a.4xlarge_use1-az6': 25, 'm7a.8xlarge_use1-az1': 1, 'm7a.8xlarge_use1-az2': 5, 'm7a.8xlarge_use1-az4': 1, 'm7a.8xlarge_use1-az6': 50, 'm7a.large_use1-az1': 15, 'm7a.large_use1-az2': 50, 'm7a.large_use1-az4': 50, 'm7a.large_use1-az5': 5, 'm7a.large_use1-az6': 50, 'm7a.medium_use1-az1': 10, 'm7a.medium_use1-az2': 50, 'm7a.medium_use1-az4': 50, 'm7a.medium_use1-az6': 50, 'm7a.xlarge_use1-az1': 5, 'm7a.xlarge_use1-az2': 40, 'm7a.xlarge_use1-az4': 50, 'm7a.xlarge_use1-az6': 50, 'm7g.12xlarge_use1-az1': 1, 'm7g.12xlarge_use1-az2': 10, 'm7g.12xlarge_use1-az4': 45, 'm7g.12xlarge_use1-az5': 1, 'm7g.12xlarge_use1-az6': 50, 'm7g.16xlarge_use1-az1': 1, 'm7g.16xlarge_use1-az2': 30, 'm7g.16xlarge_use1-az4': 35, 'm7g.16xlarge_use1-az5': 1, 'm7g.16xlarge_use1-az6': 50, 'm7g.2xlarge_use1-az1': 35, 'm7g.2xlarge_use1-az2': 50, 'm7g.2xlarge_use1-az4': 50, 'm7g.2xlarge_use1-az5': 15, 'm7g.2xlarge_use1-az6': 50, 'm7g.4xlarge_use1-az1': 10, 'm7g.4xlarge_use1-az2': 30, 'm7g.4xlarge_use1-az4': 50, 'm7g.4xlarge_use1-az5': 10, 'm7g.4xlarge_use1-az6': 50, 'm7g.8xlarge_use1-az1': 1, 'm7g.8xlarge_use1-az2': 15, 'm7g.8xlarge_use1-az4': 40, 'm7g.8xlarge_use1-az5': 1, 'm7g.8xlarge_use1-az6': 50, 'm7g.large_use1-az1': 10, 'm7g.large_use1-az2': 50, 'm7g.large_use1-az4': 50, 'm7g.large_use1-az5': 30, 'm7g.large_use1-az6': 50, 'm7g.medium_use1-az1': 30, 'm7g.medium_use1-az2': 40, 'm7g.medium_use1-az4': 50, 'm7g.medium_use1-az5': 35, 'm7g.medium_use1-az6': 50, 'm7g.metal_use1-az1': 1, 'm7g.metal_use1-az2': 25, 'm7g.metal_use1-az4': 10, 'm7g.metal_use1-az5': 1, 'm7g.metal_use1-az6': 50, 'm7g.xlarge_use1-az1': 50, 'm7g.xlarge_use1-az2': 50, 'm7g.xlarge_use1-az4': 50, 'm7g.xlarge_use1-az5': 50, 'm7g.xlarge_use1-az6': 50, 'm7gd.12xlarge_use1-az1': 5, 'm7gd.12xlarge_use1-az2': 10, 'm7gd.12xlarge_use1-az4': 1, 'm7gd.12xlarge_use1-az6': 35, 'm7gd.16xlarge_use1-az1': 1, 'm7gd.16xlarge_use1-az2': 30, 'm7gd.16xlarge_use1-az4': 1, 'm7gd.16xlarge_use1-az6': 40, 'm7gd.2xlarge_use1-az1': 15, 'm7gd.2xlarge_use1-az2': 50, 'm7gd.2xlarge_use1-az4': 15, 'm7gd.2xlarge_use1-az6': 25, 'm7gd.4xlarge_use1-az1': 5, 'm7gd.4xlarge_use1-az2': 10, 'm7gd.4xlarge_use1-az4': 1, 'm7gd.4xlarge_use1-az6': 40, 'm7gd.8xlarge_use1-az1': 10, 'm7gd.8xlarge_use1-az2': 50, 'm7gd.8xlarge_use1-az4': 30, 'm7gd.8xlarge_use1-az5': 45, 'm7gd.8xlarge_use1-az6': 50, 'm7gd.large_use1-az1': 5, 'm7gd.large_use1-az2': 50, 'm7gd.large_use1-az4': 5, 'm7gd.large_use1-az6': 50, 'm7gd.medium_use1-az1': 15, 'm7gd.medium_use1-az2': 20, 'm7gd.medium_use1-az4': 15, 'm7gd.medium_use1-az5': 20, 'm7gd.medium_use1-az6': 25, 'm7gd.metal_use1-az1': 5, 'm7gd.metal_use1-az2': 15, 'm7gd.metal_use1-az4': 1, 'm7gd.metal_use1-az6': 15, 'm7gd.xlarge_use1-az1': 5, 'm7gd.xlarge_use1-az2': 10, 'm7gd.xlarge_use1-az4': 10, 'm7gd.xlarge_use1-az5': 1, 'm7gd.xlarge_use1-az6': 25, 'm7i-flex.2xlarge_use1-az1': 50, 'm7i-flex.2xlarge_use1-az2': 50, 'm7i-flex.2xlarge_use1-az4': 15, 'm7i-flex.2xlarge_use1-az5': 10, 'm7i-flex.2xlarge_use1-az6': 50, 'm7i-flex.4xlarge_use1-az2': 5, 'm7i-flex.4xlarge_use1-az4': 5, 'm7i-flex.4xlarge_use1-az6': 25, 'm7i-flex.8xlarge_use1-az1': 1, 'm7i-flex.8xlarge_use1-az2': 5, 'm7i-flex.8xlarge_use1-az4': 5, 'm7i-flex.8xlarge_use1-az5': 1, 'm7i-flex.8xlarge_use1-az6': 10, 'm7i-flex.large_use1-az1': 20, 'm7i-flex.large_use1-az2': 50, 'm7i-flex.large_use1-az4': 25, 'm7i-flex.large_use1-az5': 25, 'm7i-flex.large_use1-az6': 50, 'm7i-flex.xlarge_use1-az1': 50, 'm7i-flex.xlarge_use1-az2': 50, 'm7i-flex.xlarge_use1-az4': 50, 'm7i-flex.xlarge_use1-az5': 15, 'm7i-flex.xlarge_use1-az6': 50, 'm7i.12xlarge_use1-az1': 1, 'm7i.12xlarge_use1-az2': 5, 'm7i.12xlarge_use1-az4': 15, 'm7i.12xlarge_use1-az6': 50, 'm7i.16xlarge_use1-az1': 5, 'm7i.16xlarge_use1-az2': 10, 'm7i.16xlarge_use1-az4': 10, 'm7i.16xlarge_use1-az6': 50, 'm7i.24xlarge_use1-az2': 5, 'm7i.24xlarge_use1-az4': 5, 'm7i.24xlarge_use1-az6': 50, 'm7i.2xlarge_use1-az1': 1, 'm7i.2xlarge_use1-az2': 50, 'm7i.2xlarge_use1-az4': 50, 'm7i.2xlarge_use1-az6': 50, 'm7i.48xlarge_use1-az1': 1, 'm7i.48xlarge_use1-az2': 5, 'm7i.48xlarge_use1-az4': 20, 'm7i.48xlarge_use1-az6': 50, 'm7i.4xlarge_use1-az1': 1, 'm7i.4xlarge_use1-az2': 25, 'm7i.4xlarge_use1-az4': 10, 'm7i.4xlarge_use1-az6': 50, 'm7i.8xlarge_use1-az1': 40, 'm7i.8xlarge_use1-az2': 20, 'm7i.8xlarge_use1-az4': 50, 'm7i.8xlarge_use1-az6': 50, 'm7i.large_use1-az1': 50, 'm7i.large_use1-az2': 50, 'm7i.large_use1-az4': 50, 'm7i.large_use1-az5': 1, 'm7i.large_use1-az6': 50, 'm7i.xlarge_use1-az1': 30, 'm7i.xlarge_use1-az2': 35, 'm7i.xlarge_use1-az4': 50, 'm7i.xlarge_use1-az6': 50, 'm8g.12xlarge_use1-az2': 10, 'm8g.12xlarge_use1-az4': 10, 'm8g.12xlarge_use1-az5': 1, 'm8g.12xlarge_use1-az6': 35, 'm8g.16xlarge_use1-az2': 5, 'm8g.16xlarge_use1-az4': 5, 'm8g.16xlarge_use1-az5': 5, 'm8g.16xlarge_use1-az6': 45, 'm8g.24xlarge_use1-az2': 5, 'm8g.24xlarge_use1-az4': 1, 'm8g.24xlarge_use1-az5': 1, 'm8g.24xlarge_use1-az6': 25, 'm8g.2xlarge_use1-az4': 10, 'm8g.2xlarge_use1-az5': 10, 'm8g.48xlarge_use1-az2': 5, 'm8g.48xlarge_use1-az4': 5, 'm8g.48xlarge_use1-az6': 20, 'm8g.4xlarge_use1-az2': 5, 'm8g.4xlarge_use1-az4': 5, 'm8g.4xlarge_use1-az5': 1, 'm8g.4xlarge_use1-az6': 40, 'm8g.8xlarge_use1-az2': 10, 'm8g.8xlarge_use1-az4': 20, 'm8g.8xlarge_use1-az5': 1, 'm8g.8xlarge_use1-az6': 40, 'm8g.large_use1-az1': 1, 'm8g.large_use1-az2': 20, 'm8g.large_use1-az6': 45, 'm8g.medium_use1-az1': 1, 'm8g.medium_use1-az2': 15, 'm8g.metal-48xl_use1-az2': 5, 'm8g.metal-48xl_use1-az6': 25, 'm8g.xlarge_use1-az1': 1, 'm8g.xlarge_use1-az5': 15, 'm8g.xlarge_use1-az6': 50, 'm8gd.16xlarge_use1-az5': 1, 'm8gd.4xlarge_use1-az2': 5, 'm8gd.4xlarge_use1-az4': 1, 'm8gd.4xlarge_use1-az6': 1, 'm8gd.8xlarge_use1-az5': 1, 'm8gd.8xlarge_use1-az6': 5, 'm8gd.large_use1-az1': 20, 'm8gd.large_use1-az2': 15, 'm8gd.large_use1-az5': 1, 'm8gd.large_use1-az6': 1, 'm8gd.medium_use1-az6': 1, 'm8gd.metal-24xl_use1-az2': 1, 'm8gd.xlarge_use1-az1': 1, 'm8gd.xlarge_use1-az5': 1, 'm8i-flex.16xlarge_use1-az6': 5, 'm8i-flex.2xlarge_use1-az2': 10, 'm8i-flex.2xlarge_use1-az4': 1, 'm8i-flex.2xlarge_use1-az6': 50, 'm8i-flex.4xlarge_use1-az2': 1, 'm8i-flex.4xlarge_use1-az4': 1, 'm8i-flex.4xlarge_use1-az6': 5, 'm8i-flex.8xlarge_use1-az6': 1, 'm8i-flex.large_use1-az2': 5, 'm8i-flex.xlarge_use1-az2': 10, 'm8i-flex.xlarge_use1-az4': 25, 'm8i-flex.xlarge_use1-az6': 50, 'm8i.12xlarge_use1-az6': 1, 'm8i.16xlarge_use1-az4': 1, 'm8i.16xlarge_use1-az6': 1, 'm8i.24xlarge_use1-az6': 1, 'm8i.2xlarge_use1-az2': 10, 'm8i.2xlarge_use1-az4': 1, 'm8i.2xlarge_use1-az6': 10, 'm8i.32xlarge_use1-az2': 1, 'm8i.32xlarge_use1-az6': 5, 'm8i.48xlarge_use1-az2': 1, 'm8i.48xlarge_use1-az6': 5, 'm8i.4xlarge_use1-az2': 5, 'm8i.4xlarge_use1-az4': 1, 'm8i.4xlarge_use1-az6': 5, 'm8i.8xlarge_use1-az2': 1, 'm8i.8xlarge_use1-az4': 1, 'm8i.8xlarge_use1-az6': 20, 'm8i.96xlarge_use1-az6': 1, 'm8i.large_use1-az4': 25, 'm8i.metal-48xl_use1-az6': 1, 'm8i.metal-96xl_use1-az6': 1, 'm8i.xlarge_use1-az2': 30, 'm8i.xlarge_use1-az4': 10, 'p3.2xlarge_use1-az1': 50, 'p3.2xlarge_use1-az2': 50, 'p3.2xlarge_use1-az5': 50, 'p3.2xlarge_use1-az6': 50, 'p3dn.24xlarge_use1-az1': 15, 'p3dn.24xlarge_use1-az6': 50, 'p4d.24xlarge_use1-az2': 1, 'p4d.24xlarge_use1-az6': 1, 'p5.48xlarge_use1-az2': 15, 'r3.2xlarge_use1-az2': 1, 'r3.2xlarge_use1-az4': 1, 'r3.2xlarge_use1-az6': 1, 'r3.4xlarge_use1-az4': 1, 'r3.4xlarge_use1-az6': 1, 'r3.8xlarge_use1-az2': 1, 'r3.8xlarge_use1-az4': 1, 'r3.8xlarge_use1-az6': 5, 'r3.large_use1-az2': 50, 'r3.large_use1-az4': 50, 'r3.large_use1-az6': 50, 'r3.xlarge_use1-az2': 40, 'r3.xlarge_use1-az4': 50, 'r3.xlarge_use1-az6': 50, 'r4.16xlarge_use1-az1': 10, 'r4.16xlarge_use1-az2': 10, 'r4.16xlarge_use1-az3': 50, 'r4.16xlarge_use1-az4': 35, 'r4.16xlarge_use1-az5': 15, 'r4.16xlarge_use1-az6': 10, 'r4.2xlarge_use1-az1': 20, 'r4.2xlarge_use1-az2': 50, 'r4.2xlarge_use1-az3': 50, 'r4.2xlarge_use1-az4': 50, 'r4.2xlarge_use1-az5': 5, 'r4.2xlarge_use1-az6': 50, 'r4.4xlarge_use1-az1': 20, 'r4.4xlarge_use1-az2': 50, 'r4.4xlarge_use1-az3': 40, 'r4.4xlarge_use1-az4': 15, 'r4.4xlarge_use1-az5': 5, 'r4.4xlarge_use1-az6': 50, 'r4.8xlarge_use1-az1': 50, 'r4.8xlarge_use1-az2': 50, 'r4.8xlarge_use1-az3': 25, 'r4.8xlarge_use1-az4': 50, 'r4.8xlarge_use1-az5': 5, 'r4.8xlarge_use1-az6': 50, 'r4.large_use1-az1': 35, 'r4.large_use1-az2': 50, 'r4.large_use1-az3': 10, 'r4.large_use1-az4': 50, 'r4.large_use1-az5': 20, 'r4.large_use1-az6': 50, 'r4.xlarge_use1-az1': 50, 'r4.xlarge_use1-az2': 50, 'r4.xlarge_use1-az3': 50, 'r4.xlarge_use1-az4': 50, 'r4.xlarge_use1-az5': 30, 'r4.xlarge_use1-az6': 50, 'r5.12xlarge_use1-az1': 5, 'r5.12xlarge_use1-az2': 5, 'r5.12xlarge_use1-az4': 50, 'r5.12xlarge_use1-az5': 5, 'r5.12xlarge_use1-az6': 5, 'r5.16xlarge_use1-az1': 5, 'r5.16xlarge_use1-az4': 35, 'r5.16xlarge_use1-az5': 30, 'r5.16xlarge_use1-az6': 5, 'r5.24xlarge_use1-az4': 15, 'r5.24xlarge_use1-az5': 5, 'r5.24xlarge_use1-az6': 5, 'r5.2xlarge_use1-az1': 50, 'r5.2xlarge_use1-az2': 50, 'r5.2xlarge_use1-az4': 50, 'r5.2xlarge_use1-az5': 5, 'r5.2xlarge_use1-az6': 50, 'r5.4xlarge_use1-az1': 50, 'r5.4xlarge_use1-az2': 50, 'r5.4xlarge_use1-az4': 50, 'r5.4xlarge_use1-az5': 5, 'r5.4xlarge_use1-az6': 50, 'r5.8xlarge_use1-az1': 50, 'r5.8xlarge_use1-az2': 50, 'r5.8xlarge_use1-az4': 50, 'r5.8xlarge_use1-az5': 5, 'r5.8xlarge_use1-az6': 5, 'r5.large_use1-az1': 50, 'r5.large_use1-az2': 50, 'r5.large_use1-az4': 50, 'r5.large_use1-az5': 50, 'r5.large_use1-az6': 50, 'r5.xlarge_use1-az1': 50, 'r5.xlarge_use1-az2': 50, 'r5.xlarge_use1-az4': 50, 'r5.xlarge_use1-az5': 50, 'r5.xlarge_use1-az6': 50, 'r5a.12xlarge_use1-az1': 1, 'r5a.12xlarge_use1-az2': 1, 'r5a.12xlarge_use1-az4': 5, 'r5a.12xlarge_use1-az6': 5, 'r5a.16xlarge_use1-az1': 10, 'r5a.16xlarge_use1-az2': 10, 'r5a.16xlarge_use1-az4': 10, 'r5a.16xlarge_use1-az5': 5, 'r5a.16xlarge_use1-az6': 5, 'r5a.24xlarge_use1-az1': 5, 'r5a.24xlarge_use1-az2': 15, 'r5a.24xlarge_use1-az4': 10, 'r5a.24xlarge_use1-az5': 1, 'r5a.24xlarge_use1-az6': 10, 'r5a.2xlarge_use1-az1': 10, 'r5a.2xlarge_use1-az2': 20, 'r5a.2xlarge_use1-az4': 35, 'r5a.2xlarge_use1-az5': 5, 'r5a.2xlarge_use1-az6': 30, 'r5a.4xlarge_use1-az1': 25, 'r5a.4xlarge_use1-az2': 50, 'r5a.4xlarge_use1-az4': 50, 'r5a.4xlarge_use1-az5': 5, 'r5a.4xlarge_use1-az6': 50, 'r5a.8xlarge_use1-az1': 25, 'r5a.8xlarge_use1-az2': 10, 'r5a.8xlarge_use1-az4': 15, 'r5a.8xlarge_use1-az5': 30, 'r5a.8xlarge_use1-az6': 20, 'r5a.large_use1-az1': 50, 'r5a.large_use1-az2': 50, 'r5a.large_use1-az4': 50, 'r5a.large_use1-az5': 25, 'r5a.large_use1-az6': 50, 'r5a.xlarge_use1-az1': 20, 'r5a.xlarge_use1-az2': 50, 'r5a.xlarge_use1-az4': 50, 'r5a.xlarge_use1-az5': 5, 'r5a.xlarge_use1-az6': 50, 'r5ad.12xlarge_use1-az2': 1, 'r5ad.16xlarge_use1-az2': 50, 'r5ad.16xlarge_use1-az4': 10, 'r5ad.16xlarge_use1-az5': 1, 'r5ad.16xlarge_use1-az6': 10, 'r5ad.24xlarge_use1-az2': 25, 'r5ad.24xlarge_use1-az4': 1, 'r5ad.24xlarge_use1-az6': 10, 'r5ad.2xlarge_use1-az1': 1, 'r5ad.2xlarge_use1-az2': 1, 'r5ad.2xlarge_use1-az4': 1, 'r5ad.2xlarge_use1-az5': 1, 'r5ad.2xlarge_use1-az6': 1, 'r5ad.4xlarge_use1-az1': 1, 'r5ad.4xlarge_use1-az2': 10, 'r5ad.4xlarge_use1-az4': 5, 'r5ad.4xlarge_use1-az5': 1, 'r5ad.4xlarge_use1-az6': 1, 'r5ad.8xlarge_use1-az2': 5, 'r5ad.8xlarge_use1-az4': 20, 'r5ad.8xlarge_use1-az5': 1, 'r5ad.8xlarge_use1-az6': 10, 'r5ad.large_use1-az1': 1, 'r5ad.large_use1-az2': 30, 'r5ad.large_use1-az4': 10, 'r5ad.large_use1-az5': 5, 'r5ad.large_use1-az6': 10, 'r5ad.xlarge_use1-az1': 1, 'r5ad.xlarge_use1-az2': 10, 'r5ad.xlarge_use1-az4': 10, 'r5ad.xlarge_use1-az5': 1, 'r5ad.xlarge_use1-az6': 5, 'r5b.12xlarge_use1-az1': 5, 'r5b.12xlarge_use1-az4': 5, 'r5b.12xlarge_use1-az6': 1, 'r5b.16xlarge_use1-az1': 5, 'r5b.16xlarge_use1-az2': 5, 'r5b.16xlarge_use1-az4': 5, 'r5b.16xlarge_use1-az6': 5, 'r5b.24xlarge_use1-az1': 1, 'r5b.24xlarge_use1-az4': 5, 'r5b.24xlarge_use1-az6': 1, 'r5b.2xlarge_use1-az1': 1, 'r5b.2xlarge_use1-az2': 1, 'r5b.2xlarge_use1-az4': 1, 'r5b.2xlarge_use1-az6': 1, 'r5b.4xlarge_use1-az1': 5, 'r5b.4xlarge_use1-az2': 5, 'r5b.4xlarge_use1-az4': 5, 'r5b.4xlarge_use1-az6': 5, 'r5b.8xlarge_use1-az1': 5, 'r5b.8xlarge_use1-az2': 1, 'r5b.8xlarge_use1-az4': 1, 'r5b.8xlarge_use1-az6': 1, 'r5b.large_use1-az1': 1, 'r5b.large_use1-az2': 5, 'r5b.large_use1-az4': 10, 'r5b.large_use1-az6': 5, 'r5b.xlarge_use1-az1': 1, 'r5b.xlarge_use1-az2': 1, 'r5b.xlarge_use1-az4': 5, 'r5b.xlarge_use1-az6': 1, 'r5d.12xlarge_use1-az1': 1, 'r5d.12xlarge_use1-az2': 5, 'r5d.12xlarge_use1-az4': 10, 'r5d.12xlarge_use1-az6': 1, 'r5d.16xlarge_use1-az1': 5, 'r5d.16xlarge_use1-az2': 50, 'r5d.16xlarge_use1-az4': 50, 'r5d.16xlarge_use1-az5': 10, 'r5d.16xlarge_use1-az6': 50, 'r5d.24xlarge_use1-az1': 1, 'r5d.24xlarge_use1-az2': 1, 'r5d.24xlarge_use1-az4': 10, 'r5d.24xlarge_use1-az5': 1, 'r5d.24xlarge_use1-az6': 10, 'r5d.2xlarge_use1-az1': 5, 'r5d.2xlarge_use1-az2': 15, 'r5d.2xlarge_use1-az4': 15, 'r5d.2xlarge_use1-az5': 1, 'r5d.2xlarge_use1-az6': 15, 'r5d.4xlarge_use1-az1': 5, 'r5d.4xlarge_use1-az2': 20, 'r5d.4xlarge_use1-az4': 45, 'r5d.4xlarge_use1-az5': 5, 'r5d.4xlarge_use1-az6': 25, 'r5d.8xlarge_use1-az1': 5, 'r5d.8xlarge_use1-az2': 15, 'r5d.8xlarge_use1-az4': 15, 'r5d.8xlarge_use1-az5': 5, 'r5d.8xlarge_use1-az6': 50, 'r5d.large_use1-az1': 10, 'r5d.large_use1-az2': 50, 'r5d.large_use1-az4': 50, 'r5d.large_use1-az5': 5, 'r5d.large_use1-az6': 50, 'r5d.xlarge_use1-az1': 1, 'r5d.xlarge_use1-az2': 15, 'r5d.xlarge_use1-az4': 15, 'r5d.xlarge_use1-az5': 1, 'r5d.xlarge_use1-az6': 10, 'r5dn.12xlarge_use1-az1': 1, 'r5dn.12xlarge_use1-az2': 1, 'r5dn.12xlarge_use1-az4': 1, 'r5dn.12xlarge_use1-az5': 1, 'r5dn.12xlarge_use1-az6': 1, 'r5dn.16xlarge_use1-az1': 5, 'r5dn.16xlarge_use1-az2': 5, 'r5dn.16xlarge_use1-az4': 15, 'r5dn.16xlarge_use1-az5': 10, 'r5dn.16xlarge_use1-az6': 30, 'r5dn.24xlarge_use1-az2': 5, 'r5dn.24xlarge_use1-az4': 10, 'r5dn.24xlarge_use1-az5': 1, 'r5dn.24xlarge_use1-az6': 25, 'r5dn.2xlarge_use1-az1': 50, 'r5dn.2xlarge_use1-az2': 45, 'r5dn.2xlarge_use1-az4': 30, 'r5dn.2xlarge_use1-az5': 50, 'r5dn.2xlarge_use1-az6': 5, 'r5dn.4xlarge_use1-az1': 5, 'r5dn.4xlarge_use1-az2': 25, 'r5dn.4xlarge_use1-az4': 45, 'r5dn.4xlarge_use1-az5': 5, 'r5dn.4xlarge_use1-az6': 20, 'r5dn.8xlarge_use1-az1': 1, 'r5dn.8xlarge_use1-az2': 5, 'r5dn.8xlarge_use1-az4': 5, 'r5dn.8xlarge_use1-az5': 5, 'r5dn.8xlarge_use1-az6': 50, 'r5dn.large_use1-az1': 50, 'r5dn.large_use1-az2': 50, 'r5dn.large_use1-az4': 50, 'r5dn.large_use1-az5': 50, 'r5dn.large_use1-az6': 50, 'r5dn.xlarge_use1-az1': 5, 'r5dn.xlarge_use1-az2': 15, 'r5dn.xlarge_use1-az4': 15, 'r5dn.xlarge_use1-az5': 15, 'r5dn.xlarge_use1-az6': 15, 'r5n.12xlarge_use1-az2': 1, 'r5n.12xlarge_use1-az4': 1, 'r5n.12xlarge_use1-az6': 1, 'r5n.16xlarge_use1-az1': 1, 'r5n.16xlarge_use1-az2': 10, 'r5n.16xlarge_use1-az4': 35, 'r5n.16xlarge_use1-az5': 1, 'r5n.16xlarge_use1-az6': 20, 'r5n.2xlarge_use1-az1': 5, 'r5n.2xlarge_use1-az2': 5, 'r5n.2xlarge_use1-az4': 15, 'r5n.2xlarge_use1-az5': 1, 'r5n.2xlarge_use1-az6': 1, 'r5n.4xlarge_use1-az1': 5, 'r5n.4xlarge_use1-az2': 25, 'r5n.4xlarge_use1-az4': 15, 'r5n.4xlarge_use1-az5': 5, 'r5n.4xlarge_use1-az6': 35, 'r5n.8xlarge_use1-az1': 10, 'r5n.8xlarge_use1-az2': 20, 'r5n.8xlarge_use1-az4': 35, 'r5n.8xlarge_use1-az6': 15, 'r5n.large_use1-az1': 20, 'r5n.large_use1-az2': 50, 'r5n.large_use1-az4': 50, 'r5n.large_use1-az5': 10, 'r5n.large_use1-az6': 30, 'r5n.xlarge_use1-az1': 1, 'r5n.xlarge_use1-az2': 10, 'r5n.xlarge_use1-az4': 15, 'r5n.xlarge_use1-az5': 1, 'r5n.xlarge_use1-az6': 20, 'r6a.12xlarge_use1-az1': 1, 'r6a.12xlarge_use1-az2': 10, 'r6a.12xlarge_use1-az4': 5, 'r6a.12xlarge_use1-az6': 10, 'r6a.16xlarge_use1-az1': 5, 'r6a.16xlarge_use1-az2': 15, 'r6a.16xlarge_use1-az4': 30, 'r6a.16xlarge_use1-az5': 15, 'r6a.16xlarge_use1-az6': 40, 'r6a.24xlarge_use1-az2': 5, 'r6a.24xlarge_use1-az4': 1, 'r6a.24xlarge_use1-az5': 1, 'r6a.24xlarge_use1-az6': 5, 'r6a.2xlarge_use1-az1': 50, 'r6a.2xlarge_use1-az2': 50, 'r6a.2xlarge_use1-az4': 40, 'r6a.2xlarge_use1-az5': 1, 'r6a.2xlarge_use1-az6': 50, 'r6a.32xlarge_use1-az2': 5, 'r6a.32xlarge_use1-az4': 5, 'r6a.32xlarge_use1-az5': 5, 'r6a.32xlarge_use1-az6': 5, 'r6a.48xlarge_use1-az2': 5, 'r6a.48xlarge_use1-az4': 5, 'r6a.48xlarge_use1-az5': 5, 'r6a.48xlarge_use1-az6': 1, 'r6a.4xlarge_use1-az1': 50, 'r6a.4xlarge_use1-az2': 50, 'r6a.4xlarge_use1-az4': 50, 'r6a.4xlarge_use1-az5': 40, 'r6a.4xlarge_use1-az6': 50, 'r6a.8xlarge_use1-az1': 20, 'r6a.8xlarge_use1-az2': 50, 'r6a.8xlarge_use1-az4': 50, 'r6a.8xlarge_use1-az5': 50, 'r6a.8xlarge_use1-az6': 50, 'r6a.large_use1-az1': 50, 'r6a.large_use1-az2': 50, 'r6a.large_use1-az4': 50, 'r6a.large_use1-az5': 50, 'r6a.large_use1-az6': 50, 'r6a.xlarge_use1-az1': 50, 'r6a.xlarge_use1-az2': 50, 'r6a.xlarge_use1-az4': 50, 'r6a.xlarge_use1-az5': 50, 'r6a.xlarge_use1-az6': 50, 'r6g.12xlarge_use1-az2': 50, 'r6g.12xlarge_use1-az4': 45, 'r6g.12xlarge_use1-az5': 10, 'r6g.12xlarge_use1-az6': 50, 'r6g.16xlarge_use1-az1': 1, 'r6g.16xlarge_use1-az2': 50, 'r6g.16xlarge_use1-az4': 50, 'r6g.16xlarge_use1-az5': 50, 'r6g.16xlarge_use1-az6': 50, 'r6g.2xlarge_use1-az1': 1, 'r6g.2xlarge_use1-az2': 25, 'r6g.2xlarge_use1-az4': 40, 'r6g.2xlarge_use1-az5': 10, 'r6g.2xlarge_use1-az6': 50, 'r6g.4xlarge_use1-az1': 10, 'r6g.4xlarge_use1-az2': 50, 'r6g.4xlarge_use1-az4': 50, 'r6g.4xlarge_use1-az5': 50, 'r6g.4xlarge_use1-az6': 50, 'r6g.8xlarge_use1-az1': 1, 'r6g.8xlarge_use1-az2': 10, 'r6g.8xlarge_use1-az4': 50, 'r6g.8xlarge_use1-az5': 50, 'r6g.8xlarge_use1-az6': 50, 'r6g.large_use1-az1': 10, 'r6g.large_use1-az2': 40, 'r6g.large_use1-az4': 50, 'r6g.large_use1-az5': 5, 'r6g.large_use1-az6': 50, 'r6g.medium_use1-az1': 1, 'r6g.medium_use1-az2': 10, 'r6g.medium_use1-az4': 15, 'r6g.medium_use1-az5': 15, 'r6g.medium_use1-az6': 35, 'r6g.xlarge_use1-az1': 1, 'r6g.xlarge_use1-az2': 50, 'r6g.xlarge_use1-az4': 50, 'r6g.xlarge_use1-az5': 50, 'r6g.xlarge_use1-az6': 50, 'r6gd.12xlarge_use1-az1': 1, 'r6gd.12xlarge_use1-az2': 5, 'r6gd.12xlarge_use1-az4': 10, 'r6gd.12xlarge_use1-az5': 1, 'r6gd.12xlarge_use1-az6': 10, 'r6gd.16xlarge_use1-az1': 5, 'r6gd.16xlarge_use1-az2': 5, 'r6gd.16xlarge_use1-az4': 50, 'r6gd.16xlarge_use1-az5': 1, 'r6gd.16xlarge_use1-az6': 45, 'r6gd.2xlarge_use1-az1': 1, 'r6gd.2xlarge_use1-az2': 20, 'r6gd.2xlarge_use1-az4': 30, 'r6gd.2xlarge_use1-az5': 1, 'r6gd.2xlarge_use1-az6': 1, 'r6gd.4xlarge_use1-az1': 5, 'r6gd.4xlarge_use1-az2': 20, 'r6gd.4xlarge_use1-az4': 50, 'r6gd.4xlarge_use1-az5': 1, 'r6gd.4xlarge_use1-az6': 25, 'r6gd.8xlarge_use1-az1': 1, 'r6gd.8xlarge_use1-az2': 10, 'r6gd.8xlarge_use1-az4': 20, 'r6gd.8xlarge_use1-az5': 1, 'r6gd.8xlarge_use1-az6': 30, 'r6gd.large_use1-az1': 50, 'r6gd.large_use1-az2': 50, 'r6gd.large_use1-az4': 50, 'r6gd.large_use1-az5': 50, 'r6gd.large_use1-az6': 50, 'r6gd.medium_use1-az1': 5, 'r6gd.medium_use1-az2': 1, 'r6gd.medium_use1-az4': 5, 'r6gd.medium_use1-az5': 5, 'r6gd.medium_use1-az6': 1, 'r6gd.xlarge_use1-az1': 1, 'r6gd.xlarge_use1-az2': 1, 'r6gd.xlarge_use1-az4': 5, 'r6gd.xlarge_use1-az6': 10, 'r6i.12xlarge_use1-az1': 5, 'r6i.12xlarge_use1-az2': 5, 'r6i.12xlarge_use1-az4': 5, 'r6i.12xlarge_use1-az5': 1, 'r6i.12xlarge_use1-az6': 10, 'r6i.16xlarge_use1-az1': 1, 'r6i.16xlarge_use1-az2': 1, 'r6i.16xlarge_use1-az4': 10, 'r6i.16xlarge_use1-az5': 10, 'r6i.16xlarge_use1-az6': 1, 'r6i.24xlarge_use1-az4': 10, 'r6i.24xlarge_use1-az5': 1, 'r6i.24xlarge_use1-az6': 5, 'r6i.2xlarge_use1-az1': 15, 'r6i.2xlarge_use1-az2': 35, 'r6i.2xlarge_use1-az4': 50, 'r6i.2xlarge_use1-az5': 5, 'r6i.2xlarge_use1-az6': 50, 'r6i.32xlarge_use1-az4': 1, 'r6i.32xlarge_use1-az5': 1, 'r6i.32xlarge_use1-az6': 1, 'r6i.4xlarge_use1-az1': 30, 'r6i.4xlarge_use1-az2': 20, 'r6i.4xlarge_use1-az4': 20, 'r6i.4xlarge_use1-az5': 10, 'r6i.4xlarge_use1-az6': 40, 'r6i.8xlarge_use1-az1': 5, 'r6i.8xlarge_use1-az2': 10, 'r6i.8xlarge_use1-az4': 10, 'r6i.8xlarge_use1-az5': 5, 'r6i.8xlarge_use1-az6': 10, 'r6i.large_use1-az1': 20, 'r6i.large_use1-az2': 50, 'r6i.large_use1-az4': 50, 'r6i.large_use1-az5': 20, 'r6i.large_use1-az6': 50, 'r6i.xlarge_use1-az1': 15, 'r6i.xlarge_use1-az2': 45, 'r6i.xlarge_use1-az4': 50, 'r6i.xlarge_use1-az5': 10, 'r6i.xlarge_use1-az6': 50, 'r6id.12xlarge_use1-az1': 1, 'r6id.12xlarge_use1-az2': 5, 'r6id.12xlarge_use1-az4': 1, 'r6id.12xlarge_use1-az6': 5, 'r6id.16xlarge_use1-az1': 5, 'r6id.16xlarge_use1-az2': 5, 'r6id.16xlarge_use1-az4': 15, 'r6id.16xlarge_use1-az5': 1, 'r6id.16xlarge_use1-az6': 20, 'r6id.24xlarge_use1-az1': 10, 'r6id.24xlarge_use1-az2': 10, 'r6id.24xlarge_use1-az4': 5, 'r6id.24xlarge_use1-az5': 15, 'r6id.24xlarge_use1-az6': 25, 'r6id.2xlarge_use1-az1': 5, 'r6id.2xlarge_use1-az2': 1, 'r6id.2xlarge_use1-az4': 10, 'r6id.2xlarge_use1-az5': 1, 'r6id.2xlarge_use1-az6': 10, 'r6id.32xlarge_use1-az1': 1, 'r6id.32xlarge_use1-az2': 5, 'r6id.32xlarge_use1-az4': 1, 'r6id.32xlarge_use1-az5': 1, 'r6id.32xlarge_use1-az6': 10, 'r6id.4xlarge_use1-az1': 40, 'r6id.4xlarge_use1-az2': 50, 'r6id.4xlarge_use1-az4': 10, 'r6id.4xlarge_use1-az5': 20, 'r6id.4xlarge_use1-az6': 35, 'r6id.8xlarge_use1-az1': 1, 'r6id.8xlarge_use1-az2': 1, 'r6id.8xlarge_use1-az4': 5, 'r6id.8xlarge_use1-az5': 1, 'r6id.8xlarge_use1-az6': 5, 'r6id.large_use1-az1': 15, 'r6id.large_use1-az2': 10, 'r6id.large_use1-az4': 5, 'r6id.large_use1-az5': 15, 'r6id.large_use1-az6': 30, 'r6id.xlarge_use1-az1': 5, 'r6id.xlarge_use1-az2': 15, 'r6id.xlarge_use1-az4': 10, 'r6id.xlarge_use1-az5': 15, 'r6id.xlarge_use1-az6': 15, 'r6idn.16xlarge_use1-az4': 1, 'r6idn.16xlarge_use1-az5': 1, 'r6idn.16xlarge_use1-az6': 1, 'r6idn.24xlarge_use1-az6': 1, 'r6idn.2xlarge_use1-az1': 1, 'r6idn.2xlarge_use1-az2': 1, 'r6idn.2xlarge_use1-az4': 5, 'r6idn.2xlarge_use1-az5': 1, 'r6idn.2xlarge_use1-az6': 5, 'r6idn.32xlarge_use1-az6': 1, 'r6idn.4xlarge_use1-az1': 15, 'r6idn.4xlarge_use1-az2': 15, 'r6idn.4xlarge_use1-az4': 15, 'r6idn.4xlarge_use1-az5': 5, 'r6idn.4xlarge_use1-az6': 10, 'r6idn.8xlarge_use1-az2': 1, 'r6idn.8xlarge_use1-az4': 1, 'r6idn.8xlarge_use1-az6': 5, 'r6idn.large_use1-az1': 1, 'r6idn.large_use1-az2': 1, 'r6idn.large_use1-az4': 5, 'r6idn.large_use1-az5': 5, 'r6idn.large_use1-az6': 5, 'r6idn.xlarge_use1-az1': 5, 'r6idn.xlarge_use1-az2': 1, 'r6idn.xlarge_use1-az4': 5, 'r6idn.xlarge_use1-az5': 1, 'r6idn.xlarge_use1-az6': 5, 'r6in.12xlarge_use1-az1': 1, 'r6in.12xlarge_use1-az6': 5, 'r6in.16xlarge_use1-az4': 1, 'r6in.16xlarge_use1-az5': 1, 'r6in.16xlarge_use1-az6': 5, 'r6in.24xlarge_use1-az6': 1, 'r6in.2xlarge_use1-az1': 1, 'r6in.2xlarge_use1-az2': 1, 'r6in.2xlarge_use1-az4': 1, 'r6in.2xlarge_use1-az5': 1, 'r6in.2xlarge_use1-az6': 1, 'r6in.4xlarge_use1-az1': 5, 'r6in.4xlarge_use1-az2': 20, 'r6in.4xlarge_use1-az4': 15, 'r6in.4xlarge_use1-az5': 20, 'r6in.4xlarge_use1-az6': 20, 'r6in.8xlarge_use1-az1': 5, 'r6in.8xlarge_use1-az4': 1, 'r6in.8xlarge_use1-az6': 5, 'r6in.large_use1-az1': 45, 'r6in.large_use1-az2': 50, 'r6in.large_use1-az4': 50, 'r6in.large_use1-az5': 40, 'r6in.large_use1-az6': 50, 'r6in.xlarge_use1-az1': 1, 'r6in.xlarge_use1-az2': 1, 'r6in.xlarge_use1-az4': 1, 'r6in.xlarge_use1-az5': 1, 'r6in.xlarge_use1-az6': 1, 'r7a.12xlarge_use1-az1': 1, 'r7a.12xlarge_use1-az2': 1, 'r7a.12xlarge_use1-az4': 5, 'r7a.12xlarge_use1-az6': 20, 'r7a.16xlarge_use1-az1': 1, 'r7a.16xlarge_use1-az2': 15, 'r7a.16xlarge_use1-az4': 30, 'r7a.16xlarge_use1-az6': 50, 'r7a.24xlarge_use1-az2': 10, 'r7a.24xlarge_use1-az4': 10, 'r7a.24xlarge_use1-az6': 35, 'r7a.2xlarge_use1-az1': 1, 'r7a.2xlarge_use1-az2': 5, 'r7a.2xlarge_use1-az4': 25, 'r7a.2xlarge_use1-az6': 1, 'r7a.32xlarge_use1-az2': 1, 'r7a.32xlarge_use1-az4': 1, 'r7a.32xlarge_use1-az6': 50, 'r7a.48xlarge_use1-az2': 5, 'r7a.48xlarge_use1-az4': 5, 'r7a.48xlarge_use1-az6': 50, 'r7a.4xlarge_use1-az1': 5, 'r7a.4xlarge_use1-az2': 25, 'r7a.4xlarge_use1-az4': 50, 'r7a.4xlarge_use1-az6': 50, 'r7a.8xlarge_use1-az1': 5, 'r7a.8xlarge_use1-az2': 20, 'r7a.8xlarge_use1-az4': 50, 'r7a.8xlarge_use1-az6': 50, 'r7a.large_use1-az1': 50, 'r7a.large_use1-az2': 50, 'r7a.large_use1-az4': 50, 'r7a.large_use1-az6': 50, 'r7a.medium_use1-az1': 10, 'r7a.medium_use1-az2': 25, 'r7a.medium_use1-az4': 50, 'r7a.medium_use1-az6': 50, 'r7a.xlarge_use1-az1': 20, 'r7a.xlarge_use1-az2': 50, 'r7a.xlarge_use1-az4': 50, 'r7a.xlarge_use1-az6': 25, 'r7g.12xlarge_use1-az1': 1, 'r7g.12xlarge_use1-az2': 5, 'r7g.12xlarge_use1-az4': 50, 'r7g.12xlarge_use1-az5': 1, 'r7g.12xlarge_use1-az6': 5, 'r7g.16xlarge_use1-az1': 5, 'r7g.16xlarge_use1-az2': 30, 'r7g.16xlarge_use1-az4': 50, 'r7g.16xlarge_use1-az5': 5, 'r7g.16xlarge_use1-az6': 50, 'r7g.2xlarge_use1-az1': 5, 'r7g.2xlarge_use1-az2': 10, 'r7g.2xlarge_use1-az4': 50, 'r7g.2xlarge_use1-az5': 5, 'r7g.2xlarge_use1-az6': 15, 'r7g.4xlarge_use1-az1': 5, 'r7g.4xlarge_use1-az2': 5, 'r7g.4xlarge_use1-az4': 50, 'r7g.4xlarge_use1-az5': 5, 'r7g.4xlarge_use1-az6': 15, 'r7g.8xlarge_use1-az1': 1, 'r7g.8xlarge_use1-az2': 50, 'r7g.8xlarge_use1-az4': 50, 'r7g.8xlarge_use1-az5': 50, 'r7g.8xlarge_use1-az6': 50, 'r7g.large_use1-az1': 20, 'r7g.large_use1-az2': 50, 'r7g.large_use1-az4': 50, 'r7g.large_use1-az5': 40, 'r7g.large_use1-az6': 40, 'r7g.medium_use1-az1': 50, 'r7g.medium_use1-az2': 50, 'r7g.medium_use1-az4': 50, 'r7g.medium_use1-az5': 25, 'r7g.medium_use1-az6': 50, 'r7g.xlarge_use1-az1': 50, 'r7g.xlarge_use1-az2': 50, 'r7g.xlarge_use1-az4': 50, 'r7g.xlarge_use1-az5': 10, 'r7g.xlarge_use1-az6': 50, 'r7gd.12xlarge_use1-az1': 1, 'r7gd.12xlarge_use1-az2': 10, 'r7gd.12xlarge_use1-az4': 35, 'r7gd.12xlarge_use1-az5': 10, 'r7gd.12xlarge_use1-az6': 50, 'r7gd.16xlarge_use1-az1': 5, 'r7gd.16xlarge_use1-az2': 50, 'r7gd.16xlarge_use1-az4': 50, 'r7gd.16xlarge_use1-az5': 50, 'r7gd.16xlarge_use1-az6': 50, 'r7gd.2xlarge_use1-az1': 5, 'r7gd.2xlarge_use1-az2': 25, 'r7gd.2xlarge_use1-az4': 25, 'r7gd.2xlarge_use1-az5': 40, 'r7gd.2xlarge_use1-az6': 50, 'r7gd.4xlarge_use1-az1': 1, 'r7gd.4xlarge_use1-az2': 20, 'r7gd.4xlarge_use1-az4': 25, 'r7gd.4xlarge_use1-az5': 30, 'r7gd.4xlarge_use1-az6': 50, 'r7gd.8xlarge_use1-az1': 1, 'r7gd.8xlarge_use1-az2': 10, 'r7gd.8xlarge_use1-az4': 30, 'r7gd.8xlarge_use1-az5': 20, 'r7gd.8xlarge_use1-az6': 50, 'r7gd.large_use1-az1': 15, 'r7gd.large_use1-az2': 10, 'r7gd.large_use1-az4': 50, 'r7gd.large_use1-az5': 15, 'r7gd.large_use1-az6': 35, 'r7gd.medium_use1-az1': 35, 'r7gd.medium_use1-az2': 15, 'r7gd.medium_use1-az4': 25, 'r7gd.medium_use1-az5': 15, 'r7gd.medium_use1-az6': 20, 'r7gd.xlarge_use1-az1': 1, 'r7gd.xlarge_use1-az2': 10, 'r7gd.xlarge_use1-az4': 25, 'r7gd.xlarge_use1-az5': 10, 'r7gd.xlarge_use1-az6': 50, 'r7i.12xlarge_use1-az4': 1, 'r7i.12xlarge_use1-az6': 10, 'r7i.16xlarge_use1-az1': 5, 'r7i.16xlarge_use1-az2': 15, 'r7i.16xlarge_use1-az4': 45, 'r7i.16xlarge_use1-az5': 5, 'r7i.16xlarge_use1-az6': 50, 'r7i.24xlarge_use1-az1': 1, 'r7i.24xlarge_use1-az2': 1, 'r7i.24xlarge_use1-az4': 5, 'r7i.24xlarge_use1-az5': 5, 'r7i.24xlarge_use1-az6': 5, 'r7i.2xlarge_use1-az1': 5, 'r7i.2xlarge_use1-az2': 5, 'r7i.2xlarge_use1-az4': 10, 'r7i.2xlarge_use1-az5': 5, 'r7i.2xlarge_use1-az6': 50, 'r7i.48xlarge_use1-az2': 1, 'r7i.48xlarge_use1-az4': 5, 'r7i.48xlarge_use1-az5': 1, 'r7i.48xlarge_use1-az6': 5, 'r7i.4xlarge_use1-az1': 5, 'r7i.4xlarge_use1-az2': 20, 'r7i.4xlarge_use1-az4': 10, 'r7i.4xlarge_use1-az5': 1, 'r7i.4xlarge_use1-az6': 50, 'r7i.8xlarge_use1-az1': 5, 'r7i.8xlarge_use1-az2': 25, 'r7i.8xlarge_use1-az4': 25, 'r7i.8xlarge_use1-az5': 5, 'r7i.8xlarge_use1-az6': 50, 'r7i.large_use1-az1': 15, 'r7i.large_use1-az2': 50, 'r7i.large_use1-az4': 50, 'r7i.large_use1-az5': 15, 'r7i.large_use1-az6': 50, 'r7i.xlarge_use1-az1': 5, 'r7i.xlarge_use1-az2': 15, 'r7i.xlarge_use1-az4': 10, 'r7i.xlarge_use1-az5': 15, 'r7i.xlarge_use1-az6': 50, 'r8g.12xlarge_use1-az2': 5, 'r8g.12xlarge_use1-az4': 5, 'r8g.12xlarge_use1-az6': 15, 'r8g.16xlarge_use1-az1': 1, 'r8g.16xlarge_use1-az2': 50, 'r8g.16xlarge_use1-az4': 50, 'r8g.16xlarge_use1-az5': 5, 'r8g.16xlarge_use1-az6': 50, 'r8g.24xlarge_use1-az2': 10, 'r8g.24xlarge_use1-az4': 5, 'r8g.24xlarge_use1-az5': 5, 'r8g.24xlarge_use1-az6': 35, 'r8g.2xlarge_use1-az2': 5, 'r8g.2xlarge_use1-az4': 5, 'r8g.2xlarge_use1-az5': 1, 'r8g.2xlarge_use1-az6': 5, 'r8g.48xlarge_use1-az2': 1, 'r8g.48xlarge_use1-az4': 5, 'r8g.48xlarge_use1-az6': 5, 'r8g.4xlarge_use1-az2': 10, 'r8g.4xlarge_use1-az4': 35, 'r8g.4xlarge_use1-az5': 5, 'r8g.4xlarge_use1-az6': 50, 'r8g.8xlarge_use1-az2': 40, 'r8g.8xlarge_use1-az4': 15, 'r8g.8xlarge_use1-az5': 1, 'r8g.8xlarge_use1-az6': 50, 'r8g.large_use1-az1': 5, 'r8g.large_use1-az2': 30, 'r8g.large_use1-az4': 15, 'r8g.large_use1-az5': 10, 'r8g.large_use1-az6': 20, 'r8g.medium_use1-az1': 15, 'r8g.medium_use1-az2': 30, 'r8g.medium_use1-az4': 20, 'r8g.medium_use1-az5': 5, 'r8g.medium_use1-az6': 15, 'r8g.xlarge_use1-az1': 1, 'r8g.xlarge_use1-az2': 10, 'r8g.xlarge_use1-az4': 5, 'r8g.xlarge_use1-az5': 5, 'r8g.xlarge_use1-az6': 10, 'r8gb.24xlarge_use1-az6': 1, 'r8gb.2xlarge_use1-az2': 1, 'r8gb.2xlarge_use1-az4': 1, 'r8gb.2xlarge_use1-az6': 1, 'r8gb.large_use1-az2': 20, 'r8gb.large_use1-az4': 15, 'r8gb.large_use1-az6': 25, 'r8gb.medium_use1-az2': 50, 'r8gb.metal-24xl_use1-az6': 1, 'r8gb.xlarge_use1-az2': 5, 'r8gb.xlarge_use1-az4': 5, 'r8gb.xlarge_use1-az6': 5, 'r8gd.12xlarge_use1-az5': 1, 'r8gd.12xlarge_use1-az6': 1, 'r8gd.16xlarge_use1-az2': 1, 'r8gd.16xlarge_use1-az4': 1, 'r8gd.16xlarge_use1-az5': 1, 'r8gd.16xlarge_use1-az6': 15, 'r8gd.24xlarge_use1-az2': 1, 'r8gd.24xlarge_use1-az5': 1, 'r8gd.24xlarge_use1-az6': 25, 'r8gd.2xlarge_use1-az2': 25, 'r8gd.2xlarge_use1-az4': 30, 'r8gd.2xlarge_use1-az6': 50, 'r8gd.48xlarge_use1-az6': 50, 'r8gd.4xlarge_use1-az1': 1, 'r8gd.4xlarge_use1-az2': 20, 'r8gd.4xlarge_use1-az5': 1, 'r8gd.4xlarge_use1-az6': 15, 'r8gd.8xlarge_use1-az2': 5, 'r8gd.8xlarge_use1-az4': 1, 'r8gd.8xlarge_use1-az5': 1, 'r8gd.8xlarge_use1-az6': 1, 'r8gd.large_use1-az2': 50, 'r8gd.large_use1-az5': 1, 'r8gd.large_use1-az6': 50, 'r8gd.medium_use1-az1': 5, 'r8gd.medium_use1-az2': 5, 'r8gd.medium_use1-az4': 5, 'r8gd.medium_use1-az5': 10, 'r8gd.metal-24xl_use1-az6': 1, 'r8gd.metal-48xl_use1-az6': 1, 'r8gd.xlarge_use1-az2': 25, 'r8gd.xlarge_use1-az4': 1, 'r8gd.xlarge_use1-az5': 50, 'r8gd.xlarge_use1-az6': 40, 'r8gn.16xlarge_use1-az6': 1, 'r8gn.24xlarge_use1-az2': 1, 'r8gn.2xlarge_use1-az2': 1, 'r8gn.2xlarge_use1-az4': 1, 'r8gn.2xlarge_use1-az6': 1, 'r8gn.48xlarge_use1-az6': 1, 'r8gn.4xlarge_use1-az6': 5, 'r8gn.8xlarge_use1-az2': 1, 'r8gn.8xlarge_use1-az6': 5, 'r8gn.large_use1-az2': 20, 'r8gn.large_use1-az4': 15, 'r8gn.large_use1-az6': 20, 'r8gn.medium_use1-az2': 35, 'r8gn.medium_use1-az4': 40, 'r8gn.metal-24xl_use1-az2': 1, 'r8gn.metal-24xl_use1-az6': 1, 'r8gn.xlarge_use1-az2': 1, 'r8gn.xlarge_use1-az4': 5, 'r8gn.xlarge_use1-az6': 10, 'r8i-flex.2xlarge_use1-az2': 1, 'r8i-flex.2xlarge_use1-az6': 5, 'r8i-flex.4xlarge_use1-az2': 1, 'r8i-flex.4xlarge_use1-az6': 1, 'r8i-flex.large_use1-az2': 1, 'r8i-flex.large_use1-az6': 5, 'r8i-flex.xlarge_use1-az2': 5, 'r8i-flex.xlarge_use1-az6': 1, 'r8i.12xlarge_use1-az2': 1, 'r8i.12xlarge_use1-az6': 1, 'r8i.16xlarge_use1-az2': 1, 'r8i.16xlarge_use1-az6': 1, 'r8i.24xlarge_use1-az6': 1, 'r8i.2xlarge_use1-az2': 5, 'r8i.2xlarge_use1-az6': 5, 'r8i.32xlarge_use1-az2': 1, 'r8i.32xlarge_use1-az6': 1, 'r8i.48xlarge_use1-az2': 1, 'r8i.48xlarge_use1-az6': 1, 'r8i.4xlarge_use1-az2': 1, 'r8i.4xlarge_use1-az6': 5, 'r8i.8xlarge_use1-az2': 1, 'r8i.8xlarge_use1-az6': 5, 'r8i.96xlarge_use1-az2': 1, 'r8i.96xlarge_use1-az6': 1, 'r8i.large_use1-az2': 20, 'r8i.large_use1-az6': 20, 'r8i.xlarge_use1-az2': 5, 'r8i.xlarge_use1-az6': 5, 't2.2xlarge_use1-az1': 50, 't2.2xlarge_use1-az2': 50, 't2.2xlarge_use1-az3': 15, 't2.2xlarge_use1-az4': 50, 't2.2xlarge_use1-az5': 50, 't2.2xlarge_use1-az6': 50, 't2.large_use1-az1': 20, 't2.large_use1-az2': 50, 't2.large_use1-az3': 50, 't2.large_use1-az4': 50, 't2.large_use1-az5': 25, 't2.large_use1-az6': 50, 't2.medium_use1-az1': 50, 't2.medium_use1-az2': 50, 't2.medium_use1-az3': 50, 't2.medium_use1-az4': 50, 't2.medium_use1-az5': 50, 't2.medium_use1-az6': 50, 't2.xlarge_use1-az1': 35, 't2.xlarge_use1-az2': 50, 't2.xlarge_use1-az3': 20, 't2.xlarge_use1-az4': 50, 't2.xlarge_use1-az5': 5, 't2.xlarge_use1-az6': 50, 't3.2xlarge_use1-az1': 50, 't3.2xlarge_use1-az2': 50, 't3.2xlarge_use1-az4': 50, 't3.2xlarge_use1-az5': 50, 't3.2xlarge_use1-az6': 50, 't3.large_use1-az1': 50, 't3.large_use1-az2': 50, 't3.large_use1-az4': 50, 't3.large_use1-az5': 50, 't3.large_use1-az6': 50, 't3.medium_use1-az1': 50, 't3.medium_use1-az2': 50, 't3.medium_use1-az4': 50, 't3.medium_use1-az5': 50, 't3.medium_use1-az6': 50, 't3.xlarge_use1-az1': 50, 't3.xlarge_use1-az2': 50, 't3.xlarge_use1-az4': 50, 't3.xlarge_use1-az5': 50, 't3.xlarge_use1-az6': 50, 't3a.2xlarge_use1-az1': 50, 't3a.2xlarge_use1-az2': 50, 't3a.2xlarge_use1-az4': 50, 't3a.2xlarge_use1-az5': 50, 't3a.2xlarge_use1-az6': 50, 't3a.large_use1-az1': 50, 't3a.large_use1-az2': 50, 't3a.large_use1-az4': 50, 't3a.large_use1-az5': 5, 't3a.large_use1-az6': 50, 't3a.medium_use1-az1': 50, 't3a.medium_use1-az2': 50, 't3a.medium_use1-az4': 50, 't3a.medium_use1-az5': 5, 't3a.medium_use1-az6': 50, 't3a.xlarge_use1-az1': 25, 't3a.xlarge_use1-az2': 50, 't3a.xlarge_use1-az4': 50, 't3a.xlarge_use1-az5': 15, 't3a.xlarge_use1-az6': 50, 't4g.2xlarge_use1-az1': 5, 't4g.2xlarge_use1-az2': 15, 't4g.2xlarge_use1-az4': 5, 't4g.2xlarge_use1-az5': 10, 't4g.2xlarge_use1-az6': 10, 't4g.large_use1-az1': 1, 't4g.large_use1-az2': 15, 't4g.large_use1-az4': 50, 't4g.large_use1-az5': 25, 't4g.large_use1-az6': 35, 't4g.medium_use1-az1': 1, 't4g.medium_use1-az2': 50, 't4g.medium_use1-az4': 50, 't4g.medium_use1-az5': 35, 't4g.medium_use1-az6': 50, 't4g.xlarge_use1-az1': 30, 't4g.xlarge_use1-az2': 15, 't4g.xlarge_use1-az4': 50, 't4g.xlarge_use1-az5': 5, 't4g.xlarge_use1-az6': 10, 'trn1.2xlarge_use1-az5': 5, 'trn1.2xlarge_use1-az6': 20, 'trn1.32xlarge_use1-az6': 50, 'trn1n.32xlarge_use1-az6': 50, 'vt1.3xlarge_use1-az2': 1, 'vt1.6xlarge_use1-az2': 1, 'x1.16xlarge_use1-az2': 1, 'x1.16xlarge_use1-az4': 1, 'x1.16xlarge_use1-az6': 1, 'x1.32xlarge_use1-az2': 1, 'x1.32xlarge_use1-az3': 5, 'x1.32xlarge_use1-az6': 1, 'x1e.16xlarge_use1-az2': 1, 'x1e.16xlarge_use1-az4': 1, 'x1e.16xlarge_use1-az6': 5, 'x1e.2xlarge_use1-az1': 1, 'x1e.2xlarge_use1-az2': 5, 'x1e.2xlarge_use1-az4': 10, 'x1e.2xlarge_use1-az6': 1, 'x1e.4xlarge_use1-az2': 5, 'x1e.4xlarge_use1-az4': 5, 'x1e.4xlarge_use1-az6': 1, 'x1e.8xlarge_use1-az1': 1, 'x1e.8xlarge_use1-az2': 1, 'x1e.8xlarge_use1-az4': 5, 'x1e.8xlarge_use1-az6': 5, 'x1e.xlarge_use1-az1': 10, 'x1e.xlarge_use1-az2': 20, 'x1e.xlarge_use1-az4': 15, 'x1e.xlarge_use1-az6': 5, 'x2gd.12xlarge_use1-az5': 5, 'x2gd.12xlarge_use1-az6': 1, 'x2gd.16xlarge_use1-az5': 1, 'x2gd.16xlarge_use1-az6': 15, 'x2gd.2xlarge_use1-az1': 5, 'x2gd.2xlarge_use1-az4': 1, 'x2gd.2xlarge_use1-az5': 5, 'x2gd.2xlarge_use1-az6': 30, 'x2gd.4xlarge_use1-az1': 1, 'x2gd.4xlarge_use1-az2': 1, 'x2gd.4xlarge_use1-az4': 5, 'x2gd.4xlarge_use1-az5': 1, 'x2gd.4xlarge_use1-az6': 35, 'x2gd.8xlarge_use1-az4': 1, 'x2gd.8xlarge_use1-az5': 1, 'x2gd.8xlarge_use1-az6': 5, 'x2gd.large_use1-az1': 35, 'x2gd.large_use1-az2': 25, 'x2gd.large_use1-az4': 15, 'x2gd.large_use1-az5': 25, 'x2gd.large_use1-az6': 50, 'x2gd.medium_use1-az1': 25, 'x2gd.medium_use1-az2': 35, 'x2gd.medium_use1-az4': 50, 'x2gd.medium_use1-az5': 50, 'x2gd.medium_use1-az6': 50, 'x2gd.xlarge_use1-az1': 5, 'x2gd.xlarge_use1-az2': 1, 'x2gd.xlarge_use1-az4': 20, 'x2gd.xlarge_use1-az5': 15, 'x2gd.xlarge_use1-az6': 25, 'x2idn.16xlarge_use1-az2': 1, 'x2idn.16xlarge_use1-az5': 1, 'x2idn.24xlarge_use1-az4': 1, 'x2idn.24xlarge_use1-az5': 1, 'x2idn.32xlarge_use1-az5': 1, 'x2iedn.24xlarge_use1-az4': 1, 'x2iedn.24xlarge_use1-az6': 1, 'x2iedn.2xlarge_use1-az1': 1, 'x2iedn.2xlarge_use1-az2': 25, 'x2iedn.2xlarge_use1-az4': 15, 'x2iedn.2xlarge_use1-az5': 1, 'x2iedn.2xlarge_use1-az6': 5, 'x2iedn.4xlarge_use1-az1': 1, 'x2iedn.4xlarge_use1-az2': 1, 'x2iedn.4xlarge_use1-az4': 1, 'x2iedn.4xlarge_use1-az5': 1, 'x2iedn.4xlarge_use1-az6': 1, 'x2iedn.8xlarge_use1-az4': 1, 'x2iedn.8xlarge_use1-az6': 1, 'x2iedn.xlarge_use1-az1': 5, 'x2iedn.xlarge_use1-az2': 20, 'x2iedn.xlarge_use1-az4': 10, 'x2iedn.xlarge_use1-az5': 1, 'x2iedn.xlarge_use1-az6': 10, 'x2iezn.12xlarge_use1-az2': 1, 'x2iezn.12xlarge_use1-az4': 20, 'x2iezn.12xlarge_use1-az6': 5, 'x2iezn.2xlarge_use1-az2': 5, 'x2iezn.2xlarge_use1-az4': 10, 'x2iezn.2xlarge_use1-az6': 1, 'x2iezn.4xlarge_use1-az2': 1, 'x2iezn.4xlarge_use1-az4': 5, 'x2iezn.4xlarge_use1-az6': 1, 'x2iezn.6xlarge_use1-az2': 1, 'x2iezn.6xlarge_use1-az4': 5, 'x2iezn.6xlarge_use1-az6': 1, 'x2iezn.8xlarge_use1-az2': 1, 'x2iezn.8xlarge_use1-az4': 10, 'x2iezn.8xlarge_use1-az6': 1, 'x8g.12xlarge_use1-az2': 1, 'x8g.12xlarge_use1-az4': 20, 'x8g.12xlarge_use1-az6': 1, 'x8g.16xlarge_use1-az1': 1, 'x8g.16xlarge_use1-az2': 5, 'x8g.16xlarge_use1-az4': 5, 'x8g.16xlarge_use1-az6': 5, 'x8g.24xlarge_use1-az1': 1, 'x8g.24xlarge_use1-az2': 5, 'x8g.24xlarge_use1-az4': 5, 'x8g.24xlarge_use1-az6': 10, 'x8g.2xlarge_use1-az1': 5, 'x8g.2xlarge_use1-az2': 10, 'x8g.2xlarge_use1-az4': 10, 'x8g.2xlarge_use1-az6': 25, 'x8g.48xlarge_use1-az1': 1, 'x8g.48xlarge_use1-az2': 1, 'x8g.48xlarge_use1-az4': 10, 'x8g.48xlarge_use1-az6': 1, 'x8g.4xlarge_use1-az1': 1, 'x8g.4xlarge_use1-az2': 5, 'x8g.4xlarge_use1-az4': 5, 'x8g.4xlarge_use1-az6': 10, 'x8g.8xlarge_use1-az2': 15, 'x8g.8xlarge_use1-az4': 20, 'x8g.8xlarge_use1-az6': 5, 'x8g.large_use1-az1': 30, 'x8g.large_use1-az4': 50, 'x8g.large_use1-az6': 50, 'x8g.medium_use1-az1': 50, 'x8g.medium_use1-az4': 50, 'x8g.medium_use1-az6': 50, 'x8g.metal-24xl_use1-az1': 1, 'x8g.metal-24xl_use1-az2': 1, 'x8g.metal-24xl_use1-az4': 1, 'x8g.metal-24xl_use1-az6': 10, 'x8g.metal-48xl_use1-az2': 1, 'x8g.metal-48xl_use1-az4': 1, 'x8g.metal-48xl_use1-az6': 1, 'x8g.xlarge_use1-az1': 10, 'x8g.xlarge_use1-az2': 20, 'x8g.xlarge_use1-az4': 40, 'x8g.xlarge_use1-az6': 50, 'z1d.12xlarge_use1-az1': 1, 'z1d.12xlarge_use1-az2': 1, 'z1d.12xlarge_use1-az4': 1, 'z1d.12xlarge_use1-az5': 1, 'z1d.12xlarge_use1-az6': 5, 'z1d.2xlarge_use1-az1': 5, 'z1d.2xlarge_use1-az2': 5, 'z1d.2xlarge_use1-az4': 15, 'z1d.2xlarge_use1-az5': 1, 'z1d.2xlarge_use1-az6': 15, 'z1d.3xlarge_use1-az1': 5, 'z1d.3xlarge_use1-az2': 5, 'z1d.3xlarge_use1-az4': 10, 'z1d.3xlarge_use1-az5': 5, 'z1d.3xlarge_use1-az6': 5, 'z1d.6xlarge_use1-az1': 1, 'z1d.6xlarge_use1-az2': 1, 'z1d.6xlarge_use1-az4': 1, 'z1d.6xlarge_use1-az6': 1, 'z1d.large_use1-az1': 15, 'z1d.large_use1-az2': 5, 'z1d.large_use1-az4': 25, 'z1d.large_use1-az5': 10, 'z1d.large_use1-az6': 25, 'z1d.xlarge_use1-az1': 10, 'z1d.xlarge_use1-az2': 20, 'z1d.xlarge_use1-az4': 30, 'z1d.xlarge_use1-az5': 1, 'z1d.xlarge_use1-az6': 20}"
0.86,27579.09179999996,29751966573,1078787.031477661,1145809,1145709,"{'c3.2xlarge_use1-az2': 5, 'c3.2xlarge_use1-az4': 50, 'c3.2xlarge_use1-az6': 15, 'c3.4xlarge_use1-az2': 5, 'c3.4xlarge_use1-az4': 5, 'c3.4xlarge_use1-az6': 5, 'c3.8xlarge_use1-az2': 5, 'c3.8xlarge_use1-az4': 5, 'c3.8xlarge_use1-az6': 1, 'c3.xlarge_use1-az2': 35, 'c3.xlarge_use1-az3': 1, 'c3.xlarge_use1-az4': 50, 'c3.xlarge_use1-az6': 30, 'c4.2xlarge_use1-az1': 5, 'c4.2xlarge_use1-az2': 5, 'c4.2xlarge_use1-az3': 25, 'c4.2xlarge_use1-az4': 15, 'c4.2xlarge_use1-az5': 15, 'c4.2xlarge_use1-az6': 10, 'c4.4xlarge_use1-az1': 5, 'c4.4xlarge_use1-az2': 5, 'c4.4xlarge_use1-az3': 10, 'c4.4xlarge_use1-az4': 5, 'c4.4xlarge_use1-az5': 5, 'c4.4xlarge_use1-az6': 1, 'c4.8xlarge_use1-az1': 1, 'c4.8xlarge_use1-az2': 5, 'c4.8xlarge_use1-az3': 5, 'c4.8xlarge_use1-az4': 15, 'c4.8xlarge_use1-az5': 5, 'c4.8xlarge_use1-az6': 5, 'c4.xlarge_use1-az1': 25, 'c4.xlarge_use1-az2': 40, 'c4.xlarge_use1-az3': 20, 'c4.xlarge_use1-az4': 40, 'c4.xlarge_use1-az5': 50, 'c4.xlarge_use1-az6': 50, 'c5.12xlarge_use1-az1': 50, 'c5.12xlarge_use1-az2': 50, 'c5.12xlarge_use1-az4': 50, 'c5.12xlarge_use1-az5': 50, 'c5.12xlarge_use1-az6': 50, 'c5.18xlarge_use1-az1': 5, 'c5.18xlarge_use1-az2': 50, 'c5.18xlarge_use1-az4': 15, 'c5.18xlarge_use1-az5': 10, 'c5.18xlarge_use1-az6': 1, 'c5.24xlarge_use1-az1': 1, 'c5.24xlarge_use1-az2': 5, 'c5.24xlarge_use1-az4': 5, 'c5.24xlarge_use1-az5': 1, 'c5.24xlarge_use1-az6': 5, 'c5.2xlarge_use1-az1': 50, 'c5.2xlarge_use1-az2': 50, 'c5.2xlarge_use1-az4': 50, 'c5.2xlarge_use1-az5': 50, 'c5.2xlarge_use1-az6': 50, 'c5.4xlarge_use1-az1': 50, 'c5.4xlarge_use1-az2': 50, 'c5.4xlarge_use1-az4': 50, 'c5.4xlarge_use1-az5': 50, 'c5.4xlarge_use1-az6': 50, 'c5.9xlarge_use1-az1': 50, 'c5.9xlarge_use1-az2': 50, 'c5.9xlarge_use1-az4': 50, 'c5.9xlarge_use1-az5': 50, 'c5.9xlarge_use1-az6': 50, 'c5.large_use1-az1': 50, 'c5.large_use1-az2': 50, 'c5.large_use1-az4': 50, 'c5.large_use1-az5': 50, 'c5.large_use1-az6': 50, 'c5.xlarge_use1-az1': 50, 'c5.xlarge_use1-az2': 50, 'c5.xlarge_use1-az4': 50, 'c5.xlarge_use1-az5': 50, 'c5.xlarge_use1-az6': 50, 'c5a.12xlarge_use1-az1': 5, 'c5a.12xlarge_use1-az2': 10, 'c5a.12xlarge_use1-az4': 15, 'c5a.12xlarge_use1-az5': 1, 'c5a.12xlarge_use1-az6': 5, 'c5a.16xlarge_use1-az4': 1, 'c5a.16xlarge_use1-az6': 1, 'c5a.24xlarge_use1-az2': 1, 'c5a.24xlarge_use1-az4': 1, 'c5a.24xlarge_use1-az6': 1, 'c5a.2xlarge_use1-az1': 30, 'c5a.2xlarge_use1-az2': 20, 'c5a.2xlarge_use1-az4': 50, 'c5a.2xlarge_use1-az5': 15, 'c5a.2xlarge_use1-az6': 50, 'c5a.4xlarge_use1-az1': 5, 'c5a.4xlarge_use1-az2': 1, 'c5a.4xlarge_use1-az4': 5, 'c5a.4xlarge_use1-az5': 5, 'c5a.4xlarge_use1-az6': 5, 'c5a.8xlarge_use1-az1': 1, 'c5a.8xlarge_use1-az2': 1, 'c5a.8xlarge_use1-az4': 5, 'c5a.8xlarge_use1-az6': 15, 'c5a.large_use1-az1': 50, 'c5a.large_use1-az2': 50, 'c5a.large_use1-az4': 50, 'c5a.large_use1-az5': 45, 'c5a.large_use1-az6': 50, 'c5a.xlarge_use1-az1': 50, 'c5a.xlarge_use1-az2': 50, 'c5a.xlarge_use1-az4': 50, 'c5a.xlarge_use1-az5': 50, 'c5a.xlarge_use1-az6': 50, 'c5ad.12xlarge_use1-az1': 5, 'c5ad.12xlarge_use1-az2': 5, 'c5ad.12xlarge_use1-az4': 5, 'c5ad.12xlarge_use1-az6': 5, 'c5ad.16xlarge_use1-az1': 1, 'c5ad.16xlarge_use1-az2': 5, 'c5ad.16xlarge_use1-az4': 1, 'c5ad.16xlarge_use1-az6': 1, 'c5ad.24xlarge_use1-az1': 1, 'c5ad.24xlarge_use1-az2': 1, 'c5ad.24xlarge_use1-az4': 1, 'c5ad.24xlarge_use1-az6': 5, 'c5ad.2xlarge_use1-az1': 10, 'c5ad.2xlarge_use1-az2': 5, 'c5ad.2xlarge_use1-az4': 5, 'c5ad.2xlarge_use1-az5': 5, 'c5ad.2xlarge_use1-az6': 15, 'c5ad.4xlarge_use1-az1': 5, 'c5ad.4xlarge_use1-az2': 5, 'c5ad.4xlarge_use1-az4': 1, 'c5ad.4xlarge_use1-az5': 1, 'c5ad.4xlarge_use1-az6': 10, 'c5ad.8xlarge_use1-az1': 1, 'c5ad.8xlarge_use1-az2': 1, 'c5ad.8xlarge_use1-az4': 1, 'c5ad.8xlarge_use1-az5': 1, 'c5ad.8xlarge_use1-az6': 1, 'c5ad.large_use1-az1': 20, 'c5ad.large_use1-az2': 30, 'c5ad.large_use1-az4': 10, 'c5ad.large_use1-az5': 15, 'c5ad.large_use1-az6': 20, 'c5ad.xlarge_use1-az1': 15, 'c5ad.xlarge_use1-az2': 10, 'c5ad.xlarge_use1-az4': 5, 'c5ad.xlarge_use1-az5': 5, 'c5ad.xlarge_use1-az6': 15, 'c5d.12xlarge_use1-az2': 15, 'c5d.12xlarge_use1-az4': 5, 'c5d.12xlarge_use1-az6': 45, 'c5d.18xlarge_use1-az1': 5, 'c5d.18xlarge_use1-az2': 50, 'c5d.18xlarge_use1-az4': 50, 'c5d.18xlarge_use1-az5': 5, 'c5d.18xlarge_use1-az6': 30, 'c5d.24xlarge_use1-az2': 35, 'c5d.24xlarge_use1-az4': 25, 'c5d.24xlarge_use1-az6': 50, 'c5d.2xlarge_use1-az1': 15, 'c5d.2xlarge_use1-az2': 50, 'c5d.2xlarge_use1-az4': 50, 'c5d.2xlarge_use1-az5': 20, 'c5d.2xlarge_use1-az6': 50, 'c5d.4xlarge_use1-az1': 20, 'c5d.4xlarge_use1-az2': 50, 'c5d.4xlarge_use1-az4': 50, 'c5d.4xlarge_use1-az5': 25, 'c5d.4xlarge_use1-az6': 50, 'c5d.9xlarge_use1-az1': 10, 'c5d.9xlarge_use1-az2': 20, 'c5d.9xlarge_use1-az4': 50, 'c5d.9xlarge_use1-az5': 10, 'c5d.9xlarge_use1-az6': 25, 'c5d.large_use1-az1': 50, 'c5d.large_use1-az2': 50, 'c5d.large_use1-az4': 50, 'c5d.large_use1-az5': 35, 'c5d.large_use1-az6': 50, 'c5d.xlarge_use1-az1': 50, 'c5d.xlarge_use1-az2': 50, 'c5d.xlarge_use1-az4': 50, 'c5d.xlarge_use1-az5': 50, 'c5d.xlarge_use1-az6': 50, 'c5n.18xlarge_use1-az1': 30, 'c5n.18xlarge_use1-az2': 5, 'c5n.18xlarge_use1-az4': 10, 'c5n.2xlarge_use1-az1': 5, 'c5n.2xlarge_use1-az2': 10, 'c5n.2xlarge_use1-az4': 15, 'c5n.2xlarge_use1-az5': 10, 'c5n.2xlarge_use1-az6': 10, 'c5n.4xlarge_use1-az1': 5, 'c5n.4xlarge_use1-az2': 1, 'c5n.4xlarge_use1-az4': 5, 'c5n.4xlarge_use1-az6': 1, 'c5n.9xlarge_use1-az1': 10, 'c5n.9xlarge_use1-az2': 1, 'c5n.9xlarge_use1-az4': 5, 'c5n.large_use1-az1': 10, 'c5n.large_use1-az2': 10, 'c5n.large_use1-az4': 25, 'c5n.large_use1-az5': 5, 'c5n.large_use1-az6': 5, 'c5n.xlarge_use1-az1': 1, 'c5n.xlarge_use1-az2': 1, 'c5n.xlarge_use1-az4': 5, 'c5n.xlarge_use1-az5': 1, 'c5n.xlarge_use1-az6': 1, 'c6a.12xlarge_use1-az1': 5, 'c6a.12xlarge_use1-az2': 50, 'c6a.12xlarge_use1-az4': 50, 'c6a.12xlarge_use1-az5': 1, 'c6a.12xlarge_use1-az6': 15, 'c6a.16xlarge_use1-az1': 1, 'c6a.16xlarge_use1-az2': 5, 'c6a.16xlarge_use1-az4': 10, 'c6a.16xlarge_use1-az5': 1, 'c6a.16xlarge_use1-az6': 15, 'c6a.24xlarge_use1-az1': 1, 'c6a.24xlarge_use1-az2': 5, 'c6a.24xlarge_use1-az4': 5, 'c6a.24xlarge_use1-az5': 5, 'c6a.24xlarge_use1-az6': 20, 'c6a.2xlarge_use1-az1': 10, 'c6a.2xlarge_use1-az2': 40, 'c6a.2xlarge_use1-az4': 50, 'c6a.2xlarge_use1-az5': 10, 'c6a.2xlarge_use1-az6': 50, 'c6a.32xlarge_use1-az2': 1, 'c6a.32xlarge_use1-az4': 1, 'c6a.32xlarge_use1-az5': 1, 'c6a.32xlarge_use1-az6': 5, 'c6a.48xlarge_use1-az2': 1, 'c6a.48xlarge_use1-az4': 10, 'c6a.48xlarge_use1-az5': 5, 'c6a.48xlarge_use1-az6': 25, 'c6a.4xlarge_use1-az1': 15, 'c6a.4xlarge_use1-az2': 15, 'c6a.4xlarge_use1-az4': 30, 'c6a.4xlarge_use1-az5': 15, 'c6a.4xlarge_use1-az6': 50, 'c6a.8xlarge_use1-az1': 5, 'c6a.8xlarge_use1-az2': 50, 'c6a.8xlarge_use1-az4': 30, 'c6a.8xlarge_use1-az5': 25, 'c6a.8xlarge_use1-az6': 50, 'c6a.large_use1-az1': 45, 'c6a.large_use1-az2': 50, 'c6a.large_use1-az4': 50, 'c6a.large_use1-az5': 50, 'c6a.large_use1-az6': 20, 'c6a.xlarge_use1-az1': 15, 'c6a.xlarge_use1-az2': 25, 'c6a.xlarge_use1-az4': 25, 'c6a.xlarge_use1-az5': 15, 'c6a.xlarge_use1-az6': 25, 'c6g.12xlarge_use1-az1': 15, 'c6g.12xlarge_use1-az2': 25, 'c6g.12xlarge_use1-az4': 50, 'c6g.12xlarge_use1-az5': 5, 'c6g.12xlarge_use1-az6': 50, 'c6g.16xlarge_use1-az1': 1, 'c6g.16xlarge_use1-az2': 15, 'c6g.16xlarge_use1-az4': 50, 'c6g.16xlarge_use1-az5': 5, 'c6g.16xlarge_use1-az6': 50, 'c6g.2xlarge_use1-az1': 5, 'c6g.2xlarge_use1-az2': 50, 'c6g.2xlarge_use1-az4': 50, 'c6g.2xlarge_use1-az5': 15, 'c6g.2xlarge_use1-az6': 50, 'c6g.4xlarge_use1-az1': 50, 'c6g.4xlarge_use1-az2': 50, 'c6g.4xlarge_use1-az4': 50, 'c6g.4xlarge_use1-az5': 50, 'c6g.4xlarge_use1-az6': 50, 'c6g.8xlarge_use1-az1': 50, 'c6g.8xlarge_use1-az2': 50, 'c6g.8xlarge_use1-az4': 50, 'c6g.8xlarge_use1-az5': 50, 'c6g.8xlarge_use1-az6': 50, 'c6g.large_use1-az1': 5, 'c6g.large_use1-az2': 50, 'c6g.large_use1-az4': 50, 'c6g.large_use1-az5': 50, 'c6g.large_use1-az6': 50, 'c6g.xlarge_use1-az1': 30, 'c6g.xlarge_use1-az2': 50, 'c6g.xlarge_use1-az4': 50, 'c6g.xlarge_use1-az5': 10, 'c6g.xlarge_use1-az6': 50, 'c6gd.12xlarge_use1-az2': 50, 'c6gd.12xlarge_use1-az4': 30, 'c6gd.12xlarge_use1-az5': 1, 'c6gd.12xlarge_use1-az6': 50, 'c6gd.16xlarge_use1-az2': 50, 'c6gd.16xlarge_use1-az4': 30, 'c6gd.16xlarge_use1-az6': 50, 'c6gd.2xlarge_use1-az1': 15, 'c6gd.2xlarge_use1-az2': 50, 'c6gd.2xlarge_use1-az4': 50, 'c6gd.2xlarge_use1-az5': 1, 'c6gd.2xlarge_use1-az6': 50, 'c6gd.4xlarge_use1-az1': 20, 'c6gd.4xlarge_use1-az2': 50, 'c6gd.4xlarge_use1-az4': 50, 'c6gd.4xlarge_use1-az5': 10, 'c6gd.4xlarge_use1-az6': 50, 'c6gd.8xlarge_use1-az1': 25, 'c6gd.8xlarge_use1-az2': 45, 'c6gd.8xlarge_use1-az4': 45, 'c6gd.8xlarge_use1-az5': 1, 'c6gd.8xlarge_use1-az6': 50, 'c6gd.large_use1-az1': 50, 'c6gd.large_use1-az2': 5, 'c6gd.large_use1-az4': 20, 'c6gd.large_use1-az5': 1, 'c6gd.large_use1-az6': 50, 'c6gd.xlarge_use1-az1': 50, 'c6gd.xlarge_use1-az2': 1, 'c6gd.xlarge_use1-az4': 1, 'c6gd.xlarge_use1-az5': 50, 'c6gd.xlarge_use1-az6': 50, 'c6gn.12xlarge_use1-az2': 25, 'c6gn.12xlarge_use1-az4': 50, 'c6gn.12xlarge_use1-az5': 1, 'c6gn.16xlarge_use1-az1': 1, 'c6gn.16xlarge_use1-az2': 50, 'c6gn.16xlarge_use1-az4': 50, 'c6gn.16xlarge_use1-az5': 10, 'c6gn.2xlarge_use1-az1': 5, 'c6gn.2xlarge_use1-az2': 1, 'c6gn.2xlarge_use1-az4': 20, 'c6gn.2xlarge_use1-az5': 1, 'c6gn.4xlarge_use1-az1': 1, 'c6gn.4xlarge_use1-az2': 40, 'c6gn.4xlarge_use1-az4': 35, 'c6gn.4xlarge_use1-az5': 10, 'c6gn.8xlarge_use1-az1': 25, 'c6gn.8xlarge_use1-az2': 35, 'c6gn.8xlarge_use1-az4': 30, 'c6gn.8xlarge_use1-az5': 5, 'c6gn.8xlarge_use1-az6': 5, 'c6gn.large_use1-az1': 5, 'c6gn.large_use1-az2': 25, 'c6gn.large_use1-az4': 10, 'c6gn.large_use1-az5': 15, 'c6gn.large_use1-az6': 1, 'c6gn.xlarge_use1-az1': 5, 'c6gn.xlarge_use1-az2': 10, 'c6gn.xlarge_use1-az4': 15, 'c6gn.xlarge_use1-az5': 5, 'c6gn.xlarge_use1-az6': 1, 'c6i.12xlarge_use1-az1': 15, 'c6i.12xlarge_use1-az2': 15, 'c6i.12xlarge_use1-az4': 30, 'c6i.12xlarge_use1-az5': 5, 'c6i.12xlarge_use1-az6': 5, 'c6i.16xlarge_use1-az1': 5, 'c6i.16xlarge_use1-az2': 15, 'c6i.16xlarge_use1-az4': 25, 'c6i.16xlarge_use1-az5': 10, 'c6i.16xlarge_use1-az6': 30, 'c6i.24xlarge_use1-az1': 5, 'c6i.24xlarge_use1-az2': 5, 'c6i.24xlarge_use1-az4': 10, 'c6i.24xlarge_use1-az5': 1, 'c6i.24xlarge_use1-az6': 15, 'c6i.2xlarge_use1-az1': 20, 'c6i.2xlarge_use1-az2': 50, 'c6i.2xlarge_use1-az4': 50, 'c6i.2xlarge_use1-az5': 5, 'c6i.2xlarge_use1-az6': 50, 'c6i.32xlarge_use1-az1': 10, 'c6i.32xlarge_use1-az2': 5, 'c6i.32xlarge_use1-az4': 50, 'c6i.32xlarge_use1-az5': 1, 'c6i.32xlarge_use1-az6': 40, 'c6i.4xlarge_use1-az1': 10, 'c6i.4xlarge_use1-az2': 40, 'c6i.4xlarge_use1-az4': 50, 'c6i.4xlarge_use1-az5': 15, 'c6i.4xlarge_use1-az6': 50, 'c6i.8xlarge_use1-az1': 10, 'c6i.8xlarge_use1-az2': 45, 'c6i.8xlarge_use1-az4': 50, 'c6i.8xlarge_use1-az5': 10, 'c6i.8xlarge_use1-az6': 50, 'c6i.large_use1-az1': 10, 'c6i.large_use1-az2': 40, 'c6i.large_use1-az4': 30, 'c6i.large_use1-az5': 10, 'c6i.large_use1-az6': 50, 'c6i.xlarge_use1-az1': 50, 'c6i.xlarge_use1-az2': 45, 'c6i.xlarge_use1-az4': 35, 'c6i.xlarge_use1-az5': 10, 'c6i.xlarge_use1-az6': 50, 'c6id.12xlarge_use1-az1': 1, 'c6id.12xlarge_use1-az2': 1, 'c6id.12xlarge_use1-az4': 5, 'c6id.12xlarge_use1-az6': 5, 'c6id.16xlarge_use1-az1': 1, 'c6id.16xlarge_use1-az2': 5, 'c6id.16xlarge_use1-az4': 5, 'c6id.16xlarge_use1-az5': 1, 'c6id.16xlarge_use1-az6': 1, 'c6id.24xlarge_use1-az1': 5, 'c6id.24xlarge_use1-az2': 15, 'c6id.24xlarge_use1-az4': 5, 'c6id.24xlarge_use1-az5': 1, 'c6id.24xlarge_use1-az6': 10, 'c6id.2xlarge_use1-az1': 1, 'c6id.2xlarge_use1-az2': 1, 'c6id.2xlarge_use1-az4': 5, 'c6id.2xlarge_use1-az5': 5, 'c6id.2xlarge_use1-az6': 1, 'c6id.32xlarge_use1-az1': 1, 'c6id.32xlarge_use1-az2': 5, 'c6id.32xlarge_use1-az4': 10, 'c6id.32xlarge_use1-az5': 1, 'c6id.32xlarge_use1-az6': 5, 'c6id.4xlarge_use1-az1': 15, 'c6id.4xlarge_use1-az2': 10, 'c6id.4xlarge_use1-az4': 10, 'c6id.4xlarge_use1-az5': 1, 'c6id.4xlarge_use1-az6': 5, 'c6id.8xlarge_use1-az1': 5, 'c6id.8xlarge_use1-az2': 1, 'c6id.8xlarge_use1-az4': 5, 'c6id.8xlarge_use1-az5': 1, 'c6id.8xlarge_use1-az6': 1, 'c6id.large_use1-az1': 5, 'c6id.large_use1-az2': 5, 'c6id.large_use1-az4': 1, 'c6id.large_use1-az5': 5, 'c6id.large_use1-az6': 5, 'c6id.xlarge_use1-az1': 5, 'c6id.xlarge_use1-az2': 1, 'c6id.xlarge_use1-az4': 5, 'c6id.xlarge_use1-az5': 1, 'c6id.xlarge_use1-az6': 1, 'c6in.12xlarge_use1-az1': 1, 'c6in.12xlarge_use1-az6': 1, 'c6in.16xlarge_use1-az4': 1, 'c6in.24xlarge_use1-az6': 1, 'c6in.2xlarge_use1-az1': 1, 'c6in.2xlarge_use1-az2': 1, 'c6in.2xlarge_use1-az4': 1, 'c6in.2xlarge_use1-az6': 1, 'c6in.32xlarge_use1-az1': 1, 'c6in.32xlarge_use1-az6': 1, 'c6in.4xlarge_use1-az1': 5, 'c6in.4xlarge_use1-az2': 5, 'c6in.4xlarge_use1-az4': 5, 'c6in.4xlarge_use1-az6': 25, 'c6in.8xlarge_use1-az1': 1, 'c6in.8xlarge_use1-az6': 1, 'c6in.large_use1-az1': 5, 'c6in.large_use1-az2': 1, 'c6in.large_use1-az4': 1, 'c6in.large_use1-az5': 1, 'c6in.large_use1-az6': 5, 'c6in.xlarge_use1-az1': 20, 'c6in.xlarge_use1-az2': 1, 'c6in.xlarge_use1-az4': 1, 'c6in.xlarge_use1-az6': 10, 'c7a.12xlarge_use1-az1': 5, 'c7a.12xlarge_use1-az2': 5, 'c7a.12xlarge_use1-az4': 1, 'c7a.12xlarge_use1-az6': 15, 'c7a.16xlarge_use1-az1': 1, 'c7a.16xlarge_use1-az2': 1, 'c7a.16xlarge_use1-az6': 5, 'c7a.24xlarge_use1-az1': 1, 'c7a.24xlarge_use1-az2': 1, 'c7a.24xlarge_use1-az5': 1, 'c7a.24xlarge_use1-az6': 5, 'c7a.2xlarge_use1-az1': 1, 'c7a.2xlarge_use1-az2': 1, 'c7a.2xlarge_use1-az4': 25, 'c7a.2xlarge_use1-az5': 1, 'c7a.2xlarge_use1-az6': 10, 'c7a.32xlarge_use1-az1': 1, 'c7a.32xlarge_use1-az2': 1, 'c7a.32xlarge_use1-az6': 15, 'c7a.48xlarge_use1-az1': 1, 'c7a.48xlarge_use1-az2': 1, 'c7a.48xlarge_use1-az5': 1, 'c7a.48xlarge_use1-az6': 20, 'c7a.4xlarge_use1-az1': 5, 'c7a.4xlarge_use1-az2': 10, 'c7a.4xlarge_use1-az4': 5, 'c7a.4xlarge_use1-az5': 1, 'c7a.4xlarge_use1-az6': 50, 'c7a.8xlarge_use1-az1': 1, 'c7a.8xlarge_use1-az2': 1, 'c7a.8xlarge_use1-az4': 1, 'c7a.8xlarge_use1-az6': 10, 'c7a.large_use1-az1': 15, 'c7a.large_use1-az2': 25, 'c7a.large_use1-az4': 30, 'c7a.large_use1-az5': 10, 'c7a.large_use1-az6': 50, 'c7a.xlarge_use1-az1': 5, 'c7a.xlarge_use1-az2': 5, 'c7a.xlarge_use1-az4': 10, 'c7a.xlarge_use1-az5': 5, 'c7a.xlarge_use1-az6': 15, 'c7g.12xlarge_use1-az1': 15, 'c7g.12xlarge_use1-az2': 50, 'c7g.12xlarge_use1-az4': 15, 'c7g.12xlarge_use1-az5': 1, 'c7g.12xlarge_use1-az6': 50, 'c7g.16xlarge_use1-az1': 25, 'c7g.16xlarge_use1-az2': 40, 'c7g.16xlarge_use1-az4': 50, 'c7g.16xlarge_use1-az5': 10, 'c7g.16xlarge_use1-az6': 50, 'c7g.2xlarge_use1-az1': 50, 'c7g.2xlarge_use1-az2': 50, 'c7g.2xlarge_use1-az4': 50, 'c7g.2xlarge_use1-az5': 50, 'c7g.2xlarge_use1-az6': 50, 'c7g.4xlarge_use1-az1': 50, 'c7g.4xlarge_use1-az2': 50, 'c7g.4xlarge_use1-az4': 50, 'c7g.4xlarge_use1-az5': 50, 'c7g.4xlarge_use1-az6': 50, 'c7g.8xlarge_use1-az1': 50, 'c7g.8xlarge_use1-az2': 50, 'c7g.8xlarge_use1-az4': 50, 'c7g.8xlarge_use1-az5': 50, 'c7g.8xlarge_use1-az6': 50, 'c7g.large_use1-az1': 5, 'c7g.large_use1-az2': 45, 'c7g.large_use1-az4': 30, 'c7g.large_use1-az5': 10, 'c7g.large_use1-az6': 30, 'c7g.xlarge_use1-az1': 50, 'c7g.xlarge_use1-az2': 50, 'c7g.xlarge_use1-az4': 50, 'c7g.xlarge_use1-az5': 50, 'c7g.xlarge_use1-az6': 50, 'c7gd.12xlarge_use1-az1': 5, 'c7gd.12xlarge_use1-az2': 30, 'c7gd.12xlarge_use1-az4': 15, 'c7gd.12xlarge_use1-az5': 15, 'c7gd.12xlarge_use1-az6': 50, 'c7gd.16xlarge_use1-az1': 5, 'c7gd.16xlarge_use1-az2': 30, 'c7gd.16xlarge_use1-az4': 40, 'c7gd.16xlarge_use1-az5': 1, 'c7gd.16xlarge_use1-az6': 50, 'c7gd.2xlarge_use1-az1': 15, 'c7gd.2xlarge_use1-az2': 50, 'c7gd.2xlarge_use1-az4': 50, 'c7gd.2xlarge_use1-az5': 5, 'c7gd.2xlarge_use1-az6': 50, 'c7gd.4xlarge_use1-az1': 30, 'c7gd.4xlarge_use1-az2': 25, 'c7gd.4xlarge_use1-az4': 50, 'c7gd.4xlarge_use1-az5': 1, 'c7gd.4xlarge_use1-az6': 50, 'c7gd.8xlarge_use1-az1': 5, 'c7gd.8xlarge_use1-az2': 15, 'c7gd.8xlarge_use1-az4': 10, 'c7gd.8xlarge_use1-az5': 5, 'c7gd.8xlarge_use1-az6': 20, 'c7gd.large_use1-az1': 1, 'c7gd.large_use1-az2': 25, 'c7gd.large_use1-az4': 5, 'c7gd.large_use1-az5': 10, 'c7gd.large_use1-az6': 20, 'c7gd.xlarge_use1-az1': 15, 'c7gd.xlarge_use1-az2': 50, 'c7gd.xlarge_use1-az4': 5, 'c7gd.xlarge_use1-az5': 15, 'c7gd.xlarge_use1-az6': 25, 'c7gn.12xlarge_use1-az2': 1, 'c7gn.12xlarge_use1-az5': 1, 'c7gn.12xlarge_use1-az6': 1, 'c7gn.16xlarge_use1-az2': 5, 'c7gn.16xlarge_use1-az5': 5, 'c7gn.16xlarge_use1-az6': 20, 'c7gn.2xlarge_use1-az1': 1, 'c7gn.2xlarge_use1-az2': 1, 'c7gn.2xlarge_use1-az5': 1, 'c7gn.2xlarge_use1-az6': 5, 'c7gn.4xlarge_use1-az2': 50, 'c7gn.4xlarge_use1-az4': 1, 'c7gn.4xlarge_use1-az5': 1, 'c7gn.4xlarge_use1-az6': 50, 'c7gn.8xlarge_use1-az2': 1, 'c7gn.8xlarge_use1-az5': 1, 'c7gn.8xlarge_use1-az6': 5, 'c7gn.large_use1-az1': 1, 'c7gn.large_use1-az2': 10, 'c7gn.large_use1-az5': 10, 'c7gn.large_use1-az6': 10, 'c7gn.xlarge_use1-az1': 1, 'c7gn.xlarge_use1-az2': 5, 'c7gn.xlarge_use1-az5': 5, 'c7gn.xlarge_use1-az6': 5, 'c7i-flex.2xlarge_use1-az1': 50, 'c7i-flex.2xlarge_use1-az2': 50, 'c7i-flex.2xlarge_use1-az4': 50, 'c7i-flex.2xlarge_use1-az5': 15, 'c7i-flex.2xlarge_use1-az6': 50, 'c7i-flex.4xlarge_use1-az1': 1, 'c7i-flex.4xlarge_use1-az2': 1, 'c7i-flex.4xlarge_use1-az4': 1, 'c7i-flex.4xlarge_use1-az6': 5, 'c7i-flex.8xlarge_use1-az1': 1, 'c7i-flex.8xlarge_use1-az2': 1, 'c7i-flex.8xlarge_use1-az4': 1, 'c7i-flex.8xlarge_use1-az6': 5, 'c7i-flex.large_use1-az1': 40, 'c7i-flex.large_use1-az2': 50, 'c7i-flex.large_use1-az4': 10, 'c7i-flex.large_use1-az5': 1, 'c7i-flex.large_use1-az6': 50, 'c7i-flex.xlarge_use1-az1': 50, 'c7i-flex.xlarge_use1-az2': 50, 'c7i-flex.xlarge_use1-az4': 50, 'c7i-flex.xlarge_use1-az5': 5, 'c7i-flex.xlarge_use1-az6': 50, 'c7i.12xlarge_use1-az1': 5, 'c7i.12xlarge_use1-az2': 15, 'c7i.12xlarge_use1-az4': 15, 'c7i.12xlarge_use1-az6': 5, 'c7i.16xlarge_use1-az1': 1, 'c7i.16xlarge_use1-az2': 5, 'c7i.16xlarge_use1-az4': 1, 'c7i.16xlarge_use1-az6': 15, 'c7i.24xlarge_use1-az1': 5, 'c7i.24xlarge_use1-az2': 5, 'c7i.24xlarge_use1-az4': 5, 'c7i.24xlarge_use1-az5': 1, 'c7i.24xlarge_use1-az6': 15, 'c7i.2xlarge_use1-az1': 10, 'c7i.2xlarge_use1-az2': 10, 'c7i.2xlarge_use1-az4': 10, 'c7i.2xlarge_use1-az5': 5, 'c7i.2xlarge_use1-az6': 25, 'c7i.48xlarge_use1-az1': 10, 'c7i.48xlarge_use1-az2': 10, 'c7i.48xlarge_use1-az4': 5, 'c7i.48xlarge_use1-az5': 1, 'c7i.48xlarge_use1-az6': 50, 'c7i.4xlarge_use1-az1': 5, 'c7i.4xlarge_use1-az2': 5, 'c7i.4xlarge_use1-az4': 5, 'c7i.4xlarge_use1-az5': 1, 'c7i.4xlarge_use1-az6': 15, 'c7i.8xlarge_use1-az1': 1, 'c7i.8xlarge_use1-az2': 5, 'c7i.8xlarge_use1-az4': 5, 'c7i.8xlarge_use1-az6': 10, 'c7i.large_use1-az1': 45, 'c7i.large_use1-az2': 50, 'c7i.large_use1-az4': 50, 'c7i.large_use1-az5': 5, 'c7i.large_use1-az6': 50, 'c7i.xlarge_use1-az1': 5, 'c7i.xlarge_use1-az2': 10, 'c7i.xlarge_use1-az4': 5, 'c7i.xlarge_use1-az5': 1, 'c7i.xlarge_use1-az6': 5, 'c8g.12xlarge_use1-az1': 1, 'c8g.12xlarge_use1-az2': 5, 'c8g.12xlarge_use1-az4': 1, 'c8g.12xlarge_use1-az6': 25, 'c8g.16xlarge_use1-az1': 10, 'c8g.16xlarge_use1-az2': 5, 'c8g.16xlarge_use1-az4': 1, 'c8g.16xlarge_use1-az6': 50, 'c8g.24xlarge_use1-az1': 5, 'c8g.24xlarge_use1-az2': 10, 'c8g.24xlarge_use1-az4': 1, 'c8g.24xlarge_use1-az6': 25, 'c8g.2xlarge_use1-az1': 5, 'c8g.2xlarge_use1-az2': 5, 'c8g.2xlarge_use1-az4': 50, 'c8g.2xlarge_use1-az5': 1, 'c8g.2xlarge_use1-az6': 50, 'c8g.48xlarge_use1-az1': 1, 'c8g.48xlarge_use1-az2': 5, 'c8g.48xlarge_use1-az6': 50, 'c8g.4xlarge_use1-az1': 35, 'c8g.4xlarge_use1-az2': 15, 'c8g.4xlarge_use1-az4': 20, 'c8g.4xlarge_use1-az5': 10, 'c8g.4xlarge_use1-az6': 50, 'c8g.8xlarge_use1-az1': 1, 'c8g.8xlarge_use1-az2': 5, 'c8g.8xlarge_use1-az4': 5, 'c8g.8xlarge_use1-az6': 50, 'c8g.large_use1-az1': 5, 'c8g.large_use1-az2': 20, 'c8g.large_use1-az4': 5, 'c8g.large_use1-az5': 1, 'c8g.large_use1-az6': 40, 'c8g.metal-24xl_use1-az2': 1, 'c8g.metal-24xl_use1-az6': 20, 'c8g.metal-48xl_use1-az1': 1, 'c8g.metal-48xl_use1-az2': 1, 'c8g.metal-48xl_use1-az6': 50, 'c8g.xlarge_use1-az1': 5, 'c8g.xlarge_use1-az2': 30, 'c8g.xlarge_use1-az4': 5, 'c8g.xlarge_use1-az5': 1, 'c8g.xlarge_use1-az6': 50, 'c8gd.12xlarge_use1-az2': 5, 'c8gd.12xlarge_use1-az4': 5, 'c8gd.12xlarge_use1-az5': 1, 'c8gd.12xlarge_use1-az6': 5, 'c8gd.16xlarge_use1-az2': 10, 'c8gd.16xlarge_use1-az4': 10, 'c8gd.16xlarge_use1-az5': 5, 'c8gd.16xlarge_use1-az6': 50, 'c8gd.24xlarge_use1-az2': 1, 'c8gd.24xlarge_use1-az4': 5, 'c8gd.24xlarge_use1-az5': 1, 'c8gd.24xlarge_use1-az6': 5, 'c8gd.2xlarge_use1-az2': 50, 'c8gd.2xlarge_use1-az4': 50, 'c8gd.2xlarge_use1-az5': 10, 'c8gd.2xlarge_use1-az6': 50, 'c8gd.48xlarge_use1-az2': 1, 'c8gd.48xlarge_use1-az6': 15, 'c8gd.4xlarge_use1-az2': 10, 'c8gd.4xlarge_use1-az4': 30, 'c8gd.4xlarge_use1-az5': 1, 'c8gd.4xlarge_use1-az6': 50, 'c8gd.8xlarge_use1-az2': 1, 'c8gd.8xlarge_use1-az4': 1, 'c8gd.8xlarge_use1-az5': 1, 'c8gd.8xlarge_use1-az6': 5, 'c8gd.large_use1-az1': 1, 'c8gd.large_use1-az2': 40, 'c8gd.large_use1-az4': 35, 'c8gd.large_use1-az6': 50, 'c8gd.metal-24xl_use1-az2': 1, 'c8gd.metal-24xl_use1-az4': 1, 'c8gd.metal-24xl_use1-az5': 1, 'c8gd.metal-24xl_use1-az6': 5, 'c8gd.metal-48xl_use1-az2': 1, 'c8gd.metal-48xl_use1-az6': 1, 'c8gd.xlarge_use1-az1': 1, 'c8gd.xlarge_use1-az2': 20, 'c8gd.xlarge_use1-az4': 20, 'c8gd.xlarge_use1-az5': 15, 'c8gd.xlarge_use1-az6': 50, 'c8gn.2xlarge_use1-az2': 1, 'c8gn.2xlarge_use1-az4': 1, 'c8gn.2xlarge_use1-az6': 1, 'c8gn.4xlarge_use1-az2': 1, 'c8gn.4xlarge_use1-az5': 1, 'c8gn.8xlarge_use1-az2': 1, 'c8gn.8xlarge_use1-az6': 1, 'c8gn.large_use1-az6': 1, 'c8i-flex.12xlarge_use1-az6': 1, 'c8i-flex.16xlarge_use1-az6': 1, 'c8i-flex.2xlarge_use1-az2': 25, 'c8i-flex.2xlarge_use1-az4': 15, 'c8i-flex.2xlarge_use1-az6': 50, 'c8i-flex.4xlarge_use1-az2': 5, 'c8i-flex.4xlarge_use1-az4': 1, 'c8i-flex.4xlarge_use1-az6': 5, 'c8i-flex.8xlarge_use1-az6': 1, 'c8i-flex.large_use1-az4': 20, 'c8i-flex.xlarge_use1-az2': 40, 'c8i-flex.xlarge_use1-az4': 5, 'c8i-flex.xlarge_use1-az6': 50, 'c8i.12xlarge_use1-az2': 1, 'c8i.12xlarge_use1-az4': 1, 'c8i.12xlarge_use1-az6': 1, 'c8i.16xlarge_use1-az6': 1, 'c8i.24xlarge_use1-az6': 1, 'c8i.2xlarge_use1-az2': 10, 'c8i.2xlarge_use1-az4': 5, 'c8i.2xlarge_use1-az6': 20, 'c8i.32xlarge_use1-az2': 1, 'c8i.32xlarge_use1-az4': 1, 'c8i.32xlarge_use1-az6': 5, 'c8i.48xlarge_use1-az2': 1, 'c8i.48xlarge_use1-az6': 1, 'c8i.4xlarge_use1-az2': 5, 'c8i.4xlarge_use1-az4': 5, 'c8i.4xlarge_use1-az6': 5, 'c8i.8xlarge_use1-az2': 1, 'c8i.8xlarge_use1-az4': 1, 'c8i.8xlarge_use1-az6': 5, 'c8i.96xlarge_use1-az2': 1, 'c8i.96xlarge_use1-az6': 5, 'c8i.metal-48xl_use1-az2': 1, 'c8i.metal-96xl_use1-az2': 1, 'c8i.metal-96xl_use1-az6': 5, 'c8i.xlarge_use1-az2': 50, 'c8i.xlarge_use1-az4': 15, 'c8i.xlarge_use1-az6': 50, 'd2.2xlarge_use1-az1': 1, 'd2.2xlarge_use1-az6': 1, 'd2.4xlarge_use1-az2': 1, 'd2.4xlarge_use1-az6': 1, 'd2.xlarge_use1-az6': 1, 'd3.2xlarge_use1-az1': 15, 'd3.2xlarge_use1-az2': 45, 'd3.2xlarge_use1-az4': 40, 'd3.2xlarge_use1-az6': 35, 'd3.4xlarge_use1-az1': 1, 'd3.4xlarge_use1-az2': 5, 'd3.4xlarge_use1-az4': 15, 'd3.4xlarge_use1-az6': 5, 'd3.8xlarge_use1-az1': 1, 'd3.8xlarge_use1-az2': 40, 'd3.8xlarge_use1-az4': 35, 'd3.8xlarge_use1-az6': 20, 'd3.xlarge_use1-az1': 10, 'd3.xlarge_use1-az2': 50, 'd3.xlarge_use1-az4': 45, 'd3.xlarge_use1-az6': 25, 'd3en.12xlarge_use1-az1': 1, 'd3en.12xlarge_use1-az2': 10, 'd3en.12xlarge_use1-az4': 20, 'd3en.12xlarge_use1-az6': 50, 'd3en.2xlarge_use1-az1': 5, 'd3en.2xlarge_use1-az2': 25, 'd3en.2xlarge_use1-az4': 15, 'd3en.2xlarge_use1-az6': 50, 'd3en.4xlarge_use1-az1': 1, 'd3en.4xlarge_use1-az2': 5, 'd3en.4xlarge_use1-az4': 10, 'd3en.4xlarge_use1-az6': 50, 'd3en.6xlarge_use1-az1': 1, 'd3en.6xlarge_use1-az2': 5, 'd3en.6xlarge_use1-az4': 15, 'd3en.6xlarge_use1-az6': 50, 'd3en.8xlarge_use1-az1': 1, 'd3en.8xlarge_use1-az2': 15, 'd3en.8xlarge_use1-az4': 5, 'd3en.8xlarge_use1-az6': 50, 'd3en.xlarge_use1-az1': 5, 'd3en.xlarge_use1-az2': 50, 'd3en.xlarge_use1-az4': 30, 'd3en.xlarge_use1-az6': 50, 'f2.12xlarge_use1-az2': 1, 'f2.12xlarge_use1-az4': 1, 'f2.12xlarge_use1-az6': 1, 'f2.48xlarge_use1-az2': 5, 'f2.48xlarge_use1-az4': 5, 'f2.48xlarge_use1-az6': 1, 'g4ad.16xlarge_use1-az1': 5, 'g4ad.16xlarge_use1-az2': 5, 'g4ad.16xlarge_use1-az4': 5, 'g4ad.16xlarge_use1-az6': 10, 'g4ad.2xlarge_use1-az1': 5, 'g4ad.2xlarge_use1-az2': 10, 'g4ad.2xlarge_use1-az4': 10, 'g4ad.2xlarge_use1-az6': 10, 'g4ad.4xlarge_use1-az1': 10, 'g4ad.4xlarge_use1-az2': 15, 'g4ad.4xlarge_use1-az4': 15, 'g4ad.4xlarge_use1-az6': 5, 'g4ad.8xlarge_use1-az1': 1, 'g4ad.8xlarge_use1-az2': 5, 'g4ad.8xlarge_use1-az4': 5, 'g4ad.8xlarge_use1-az6': 5, 'g4ad.xlarge_use1-az1': 20, 'g4ad.xlarge_use1-az2': 20, 'g4ad.xlarge_use1-az4': 25, 'g4ad.xlarge_use1-az6': 20, 'g4dn.12xlarge_use1-az1': 5, 'g4dn.12xlarge_use1-az2': 15, 'g4dn.12xlarge_use1-az4': 15, 'g4dn.12xlarge_use1-az5': 15, 'g4dn.12xlarge_use1-az6': 50, 'g4dn.16xlarge_use1-az1': 1, 'g4dn.16xlarge_use1-az2': 10, 'g4dn.16xlarge_use1-az4': 1, 'g4dn.16xlarge_use1-az5': 5, 'g4dn.16xlarge_use1-az6': 15, 'g4dn.2xlarge_use1-az1': 45, 'g4dn.2xlarge_use1-az2': 50, 'g4dn.2xlarge_use1-az4': 50, 'g4dn.2xlarge_use1-az5': 50, 'g4dn.2xlarge_use1-az6': 50, 'g4dn.4xlarge_use1-az1': 5, 'g4dn.4xlarge_use1-az2': 40, 'g4dn.4xlarge_use1-az4': 25, 'g4dn.4xlarge_use1-az5': 40, 'g4dn.4xlarge_use1-az6': 40, 'g4dn.8xlarge_use1-az1': 1, 'g4dn.8xlarge_use1-az2': 1, 'g4dn.8xlarge_use1-az4': 10, 'g4dn.8xlarge_use1-az5': 1, 'g4dn.8xlarge_use1-az6': 5, 'g4dn.xlarge_use1-az1': 50, 'g4dn.xlarge_use1-az2': 50, 'g4dn.xlarge_use1-az4': 50, 'g4dn.xlarge_use1-az5': 50, 'g4dn.xlarge_use1-az6': 50, 'g5.12xlarge_use1-az2': 1, 'g5.12xlarge_use1-az5': 10, 'g5.12xlarge_use1-az6': 5, 'g5.16xlarge_use1-az1': 1, 'g5.16xlarge_use1-az2': 1, 'g5.16xlarge_use1-az4': 5, 'g5.16xlarge_use1-az5': 5, 'g5.16xlarge_use1-az6': 10, 'g5.24xlarge_use1-az1': 1, 'g5.24xlarge_use1-az2': 1, 'g5.24xlarge_use1-az4': 1, 'g5.24xlarge_use1-az5': 1, 'g5.24xlarge_use1-az6': 5, 'g5.2xlarge_use1-az1': 25, 'g5.2xlarge_use1-az2': 15, 'g5.2xlarge_use1-az4': 15, 'g5.2xlarge_use1-az5': 50, 'g5.2xlarge_use1-az6': 45, 'g5.48xlarge_use1-az2': 1, 'g5.48xlarge_use1-az5': 5, 'g5.48xlarge_use1-az6': 25, 'g5.4xlarge_use1-az1': 1, 'g5.4xlarge_use1-az2': 50, 'g5.4xlarge_use1-az4': 50, 'g5.4xlarge_use1-az5': 40, 'g5.4xlarge_use1-az6': 50, 'g5.8xlarge_use1-az1': 1, 'g5.8xlarge_use1-az2': 5, 'g5.8xlarge_use1-az4': 10, 'g5.8xlarge_use1-az5': 20, 'g5.8xlarge_use1-az6': 10, 'g5.xlarge_use1-az1': 25, 'g5.xlarge_use1-az2': 50, 'g5.xlarge_use1-az4': 50, 'g5.xlarge_use1-az5': 50, 'g5.xlarge_use1-az6': 50, 'g5g.16xlarge_use1-az1': 1, 'g5g.16xlarge_use1-az6': 5, 'g5g.4xlarge_use1-az6': 1, 'g5g.8xlarge_use1-az1': 1, 'g5g.8xlarge_use1-az4': 1, 'g5g.8xlarge_use1-az6': 1, 'g5g.xlarge_use1-az1': 1, 'g5g.xlarge_use1-az2': 1, 'g5g.xlarge_use1-az4': 1, 'g5g.xlarge_use1-az6': 5, 'g6.12xlarge_use1-az1': 5, 'g6.12xlarge_use1-az2': 1, 'g6.12xlarge_use1-az4': 30, 'g6.12xlarge_use1-az6': 50, 'g6.16xlarge_use1-az1': 1, 'g6.16xlarge_use1-az2': 1, 'g6.16xlarge_use1-az4': 1, 'g6.16xlarge_use1-az6': 5, 'g6.24xlarge_use1-az2': 1, 'g6.24xlarge_use1-az4': 1, 'g6.24xlarge_use1-az6': 1, 'g6.2xlarge_use1-az1': 10, 'g6.2xlarge_use1-az2': 25, 'g6.2xlarge_use1-az4': 50, 'g6.2xlarge_use1-az6': 50, 'g6.48xlarge_use1-az2': 5, 'g6.48xlarge_use1-az4': 30, 'g6.48xlarge_use1-az6': 50, 'g6.4xlarge_use1-az1': 5, 'g6.4xlarge_use1-az2': 10, 'g6.4xlarge_use1-az4': 35, 'g6.4xlarge_use1-az6': 50, 'g6.8xlarge_use1-az1': 5, 'g6.8xlarge_use1-az2': 5, 'g6.8xlarge_use1-az4': 10, 'g6.8xlarge_use1-az6': 15, 'g6.xlarge_use1-az1': 5, 'g6.xlarge_use1-az2': 5, 'g6.xlarge_use1-az4': 5, 'g6.xlarge_use1-az6': 5, 'g6e.16xlarge_use1-az1': 10, 'g6e.16xlarge_use1-az2': 15, 'g6e.16xlarge_use1-az4': 40, 'g6e.16xlarge_use1-az6': 20, 'g6e.2xlarge_use1-az1': 10, 'g6e.2xlarge_use1-az2': 1, 'g6e.2xlarge_use1-az4': 10, 'g6e.2xlarge_use1-az6': 5, 'g6e.48xlarge_use1-az4': 5, 'g6e.48xlarge_use1-az6': 1, 'g6e.4xlarge_use1-az1': 1, 'g6e.4xlarge_use1-az4': 5, 'g6e.4xlarge_use1-az6': 1, 'g6e.8xlarge_use1-az1': 1, 'g6e.8xlarge_use1-az2': 1, 'g6e.8xlarge_use1-az4': 1, 'g6e.8xlarge_use1-az6': 1, 'g6f.2xlarge_use1-az1': 1, 'g6f.2xlarge_use1-az4': 1, 'g6f.2xlarge_use1-az6': 5, 'g6f.4xlarge_use1-az1': 1, 'g6f.4xlarge_use1-az4': 1, 'g6f.4xlarge_use1-az6': 1, 'g6f.large_use1-az1': 10, 'g6f.large_use1-az2': 15, 'g6f.large_use1-az4': 40, 'g6f.large_use1-az6': 20, 'g6f.xlarge_use1-az1': 1, 'g6f.xlarge_use1-az2': 1, 'g6f.xlarge_use1-az4': 5, 'g6f.xlarge_use1-az6': 10, 'gr6.4xlarge_use1-az2': 1, 'gr6.4xlarge_use1-az4': 1, 'gr6.4xlarge_use1-az6': 1, 'gr6.8xlarge_use1-az1': 1, 'gr6.8xlarge_use1-az2': 1, 'gr6.8xlarge_use1-az4': 1, 'gr6.8xlarge_use1-az6': 1, 'i2.2xlarge_use1-az2': 10, 'i2.2xlarge_use1-az3': 5, 'i2.2xlarge_use1-az4': 10, 'i2.2xlarge_use1-az6': 5, 'i2.4xlarge_use1-az1': 1, 'i2.4xlarge_use1-az2': 10, 'i2.4xlarge_use1-az3': 1, 'i2.4xlarge_use1-az4': 10, 'i2.4xlarge_use1-az6': 5, 'i2.8xlarge_use1-az2': 1, 'i2.8xlarge_use1-az3': 1, 'i2.8xlarge_use1-az6': 1, 'i2.xlarge_use1-az1': 1, 'i2.xlarge_use1-az2': 15, 'i2.xlarge_use1-az3': 1, 'i2.xlarge_use1-az4': 20, 'i2.xlarge_use1-az6': 15, 'i3.16xlarge_use1-az1': 20, 'i3.16xlarge_use1-az2': 50, 'i3.16xlarge_use1-az3': 10, 'i3.16xlarge_use1-az4': 50, 'i3.16xlarge_use1-az5': 10, 'i3.16xlarge_use1-az6': 45, 'i3.2xlarge_use1-az1': 50, 'i3.2xlarge_use1-az2': 50, 'i3.2xlarge_use1-az3': 50, 'i3.2xlarge_use1-az4': 50, 'i3.2xlarge_use1-az5': 50, 'i3.2xlarge_use1-az6': 50, 'i3.4xlarge_use1-az1': 50, 'i3.4xlarge_use1-az2': 50, 'i3.4xlarge_use1-az3': 50, 'i3.4xlarge_use1-az4': 50, 'i3.4xlarge_use1-az5': 50, 'i3.4xlarge_use1-az6': 50, 'i3.8xlarge_use1-az1': 50, 'i3.8xlarge_use1-az2': 50, 'i3.8xlarge_use1-az3': 50, 'i3.8xlarge_use1-az4': 50, 'i3.8xlarge_use1-az5': 25, 'i3.8xlarge_use1-az6': 50, 'i3.large_use1-az1': 50, 'i3.large_use1-az2': 50, 'i3.large_use1-az3': 50, 'i3.large_use1-az4': 50, 'i3.large_use1-az5': 50, 'i3.large_use1-az6': 50, 'i3.xlarge_use1-az1': 50, 'i3.xlarge_use1-az2': 50, 'i3.xlarge_use1-az3': 50, 'i3.xlarge_use1-az4': 50, 'i3.xlarge_use1-az5': 50, 'i3.xlarge_use1-az6': 50, 'i3en.12xlarge_use1-az1': 1, 'i3en.12xlarge_use1-az2': 1, 'i3en.12xlarge_use1-az6': 50, 'i3en.24xlarge_use1-az6': 20, 'i3en.2xlarge_use1-az1': 50, 'i3en.2xlarge_use1-az2': 50, 'i3en.2xlarge_use1-az4': 30, 'i3en.2xlarge_use1-az5': 50, 'i3en.2xlarge_use1-az6': 50, 'i3en.3xlarge_use1-az1': 50, 'i3en.3xlarge_use1-az2': 50, 'i3en.3xlarge_use1-az4': 50, 'i3en.3xlarge_use1-az5': 50, 'i3en.3xlarge_use1-az6': 50, 'i3en.6xlarge_use1-az1': 10, 'i3en.6xlarge_use1-az2': 20, 'i3en.6xlarge_use1-az4': 10, 'i3en.6xlarge_use1-az6': 50, 'i3en.large_use1-az1': 50, 'i3en.large_use1-az2': 50, 'i3en.large_use1-az4': 45, 'i3en.large_use1-az5': 35, 'i3en.large_use1-az6': 50, 'i3en.xlarge_use1-az1': 50, 'i3en.xlarge_use1-az2': 50, 'i3en.xlarge_use1-az4': 50, 'i3en.xlarge_use1-az5': 50, 'i3en.xlarge_use1-az6': 50, 'i4g.16xlarge_use1-az2': 1, 'i4g.16xlarge_use1-az4': 1, 'i4g.16xlarge_use1-az5': 50, 'i4g.16xlarge_use1-az6': 50, 'i4g.2xlarge_use1-az2': 10, 'i4g.2xlarge_use1-az4': 15, 'i4g.2xlarge_use1-az5': 40, 'i4g.2xlarge_use1-az6': 50, 'i4g.4xlarge_use1-az2': 25, 'i4g.4xlarge_use1-az4': 30, 'i4g.4xlarge_use1-az5': 50, 'i4g.4xlarge_use1-az6': 50, 'i4g.8xlarge_use1-az5': 45, 'i4g.8xlarge_use1-az6': 15, 'i4g.large_use1-az1': 5, 'i4g.large_use1-az2': 5, 'i4g.large_use1-az4': 5, 'i4g.large_use1-az5': 25, 'i4g.large_use1-az6': 50, 'i4g.xlarge_use1-az2': 10, 'i4g.xlarge_use1-az4': 1, 'i4g.xlarge_use1-az5': 50, 'i4g.xlarge_use1-az6': 50, 'i4i.12xlarge_use1-az2': 5, 'i4i.16xlarge_use1-az1': 1, 'i4i.16xlarge_use1-az2': 1, 'i4i.16xlarge_use1-az4': 1, 'i4i.16xlarge_use1-az6': 1, 'i4i.24xlarge_use1-az2': 1, 'i4i.2xlarge_use1-az1': 15, 'i4i.2xlarge_use1-az2': 50, 'i4i.2xlarge_use1-az4': 50, 'i4i.2xlarge_use1-az5': 1, 'i4i.2xlarge_use1-az6': 50, 'i4i.4xlarge_use1-az1': 1, 'i4i.4xlarge_use1-az2': 35, 'i4i.4xlarge_use1-az4': 1, 'i4i.4xlarge_use1-az6': 15, 'i4i.8xlarge_use1-az1': 1, 'i4i.8xlarge_use1-az2': 40, 'i4i.8xlarge_use1-az6': 5, 'i4i.large_use1-az1': 50, 'i4i.large_use1-az2': 50, 'i4i.large_use1-az4': 50, 'i4i.large_use1-az5': 50, 'i4i.large_use1-az6': 50, 'i4i.xlarge_use1-az1': 50, 'i4i.xlarge_use1-az2': 50, 'i4i.xlarge_use1-az4': 50, 'i4i.xlarge_use1-az5': 50, 'i4i.xlarge_use1-az6': 50, 'i7i.12xlarge_use1-az1': 1, 'i7i.12xlarge_use1-az2': 1, 'i7i.12xlarge_use1-az4': 1, 'i7i.12xlarge_use1-az5': 1, 'i7i.12xlarge_use1-az6': 1, 'i7i.16xlarge_use1-az2': 1, 'i7i.16xlarge_use1-az4': 5, 'i7i.16xlarge_use1-az5': 1, 'i7i.16xlarge_use1-az6': 1, 'i7i.24xlarge_use1-az2': 1, 'i7i.24xlarge_use1-az4': 1, 'i7i.24xlarge_use1-az5': 1, 'i7i.24xlarge_use1-az6': 1, 'i7i.2xlarge_use1-az1': 1, 'i7i.2xlarge_use1-az2': 50, 'i7i.2xlarge_use1-az4': 45, 'i7i.2xlarge_use1-az5': 20, 'i7i.2xlarge_use1-az6': 10, 'i7i.48xlarge_use1-az2': 1, 'i7i.4xlarge_use1-az1': 1, 'i7i.4xlarge_use1-az2': 15, 'i7i.4xlarge_use1-az4': 20, 'i7i.4xlarge_use1-az5': 5, 'i7i.4xlarge_use1-az6': 20, 'i7i.8xlarge_use1-az1': 1, 'i7i.8xlarge_use1-az2': 1, 'i7i.8xlarge_use1-az4': 5, 'i7i.8xlarge_use1-az5': 1, 'i7i.8xlarge_use1-az6': 1, 'i7i.metal-24xl_use1-az2': 1, 'i7i.metal-24xl_use1-az4': 50, 'i7i.metal-24xl_use1-az6': 35, 'i7i.xlarge_use1-az1': 1, 'i7i.xlarge_use1-az6': 20, 'i7ie.12xlarge_use1-az1': 1, 'i7ie.12xlarge_use1-az4': 1, 'i7ie.12xlarge_use1-az6': 30, 'i7ie.18xlarge_use1-az4': 1, 'i7ie.18xlarge_use1-az6': 20, 'i7ie.24xlarge_use1-az1': 1, 'i7ie.24xlarge_use1-az2': 1, 'i7ie.24xlarge_use1-az4': 1, 'i7ie.24xlarge_use1-az6': 50, 'i7ie.2xlarge_use1-az1': 5, 'i7ie.2xlarge_use1-az2': 1, 'i7ie.2xlarge_use1-az4': 15, 'i7ie.2xlarge_use1-az6': 35, 'i7ie.3xlarge_use1-az1': 5, 'i7ie.3xlarge_use1-az2': 1, 'i7ie.3xlarge_use1-az4': 5, 'i7ie.3xlarge_use1-az6': 30, 'i7ie.48xlarge_use1-az6': 50, 'i7ie.6xlarge_use1-az1': 25, 'i7ie.6xlarge_use1-az4': 20, 'i7ie.6xlarge_use1-az6': 50, 'i7ie.large_use1-az1': 45, 'i7ie.large_use1-az2': 15, 'i7ie.large_use1-az4': 50, 'i7ie.large_use1-az6': 50, 'i7ie.metal-24xl_use1-az4': 1, 'i7ie.metal-24xl_use1-az6': 15, 'i7ie.metal-48xl_use1-az6': 10, 'i7ie.xlarge_use1-az1': 10, 'i7ie.xlarge_use1-az2': 25, 'i7ie.xlarge_use1-az4': 45, 'i7ie.xlarge_use1-az6': 50, 'i8g.12xlarge_use1-az6': 1, 'i8g.24xlarge_use1-az6': 10, 'i8g.2xlarge_use1-az2': 1, 'i8g.4xlarge_use1-az2': 1, 'i8g.8xlarge_use1-az6': 5, 'i8g.large_use1-az2': 10, 'i8g.large_use1-az6': 5, 'i8g.xlarge_use1-az2': 1, 'i8g.xlarge_use1-az4': 1, 'i8g.xlarge_use1-az6': 1, 'i8ge.12xlarge_use1-az4': 1, 'i8ge.12xlarge_use1-az6': 5, 'i8ge.18xlarge_use1-az2': 1, 'i8ge.18xlarge_use1-az4': 1, 'i8ge.18xlarge_use1-az6': 5, 'i8ge.24xlarge_use1-az4': 1, 'i8ge.24xlarge_use1-az6': 5, 'i8ge.2xlarge_use1-az4': 10, 'i8ge.3xlarge_use1-az2': 1, 'i8ge.3xlarge_use1-az4': 5, 'i8ge.48xlarge_use1-az4': 5, 'i8ge.6xlarge_use1-az2': 1, 'i8ge.6xlarge_use1-az4': 1, 'i8ge.large_use1-az2': 5, 'i8ge.large_use1-az4': 50, 'i8ge.metal-24xl_use1-az4': 1, 'i8ge.metal-48xl_use1-az6': 1, 'i8ge.xlarge_use1-az4': 20, 'im4gn.16xlarge_use1-az4': 45, 'im4gn.2xlarge_use1-az1': 10, 'im4gn.2xlarge_use1-az4': 20, 'im4gn.2xlarge_use1-az6': 15, 'im4gn.4xlarge_use1-az1': 5, 'im4gn.4xlarge_use1-az4': 15, 'im4gn.8xlarge_use1-az1': 1, 'im4gn.8xlarge_use1-az4': 5, 'im4gn.large_use1-az1': 35, 'im4gn.large_use1-az2': 10, 'im4gn.large_use1-az4': 50, 'im4gn.large_use1-az6': 10, 'im4gn.xlarge_use1-az1': 25, 'im4gn.xlarge_use1-az2': 50, 'im4gn.xlarge_use1-az4': 30, 'im4gn.xlarge_use1-az6': 40, 'inf1.24xlarge_use1-az1': 1, 'inf1.24xlarge_use1-az2': 1, 'inf1.24xlarge_use1-az4': 10, 'inf1.24xlarge_use1-az5': 5, 'inf1.24xlarge_use1-az6': 20, 'inf1.2xlarge_use1-az1': 15, 'inf1.2xlarge_use1-az2': 15, 'inf1.2xlarge_use1-az4': 30, 'inf1.2xlarge_use1-az5': 40, 'inf1.2xlarge_use1-az6': 40, 'inf1.6xlarge_use1-az1': 1, 'inf1.6xlarge_use1-az2': 1, 'inf1.6xlarge_use1-az4': 5, 'inf1.6xlarge_use1-az5': 5, 'inf1.6xlarge_use1-az6': 10, 'inf1.xlarge_use1-az1': 50, 'inf1.xlarge_use1-az2': 50, 'inf1.xlarge_use1-az4': 40, 'inf1.xlarge_use1-az5': 50, 'inf1.xlarge_use1-az6': 50, 'inf2.24xlarge_use1-az4': 1, 'inf2.24xlarge_use1-az6': 10, 'inf2.48xlarge_use1-az6': 15, 'inf2.8xlarge_use1-az2': 5, 'inf2.8xlarge_use1-az4': 5, 'inf2.8xlarge_use1-az5': 1, 'inf2.8xlarge_use1-az6': 1, 'inf2.xlarge_use1-az2': 5, 'inf2.xlarge_use1-az4': 1, 'inf2.xlarge_use1-az6': 50, 'is4gen.2xlarge_use1-az1': 1, 'is4gen.2xlarge_use1-az2': 50, 'is4gen.2xlarge_use1-az4': 50, 'is4gen.2xlarge_use1-az6': 50, 'is4gen.4xlarge_use1-az1': 1, 'is4gen.8xlarge_use1-az1': 1, 'is4gen.8xlarge_use1-az4': 1, 'is4gen.large_use1-az1': 5, 'is4gen.large_use1-az2': 1, 'is4gen.large_use1-az4': 10, 'is4gen.large_use1-az6': 15, 'is4gen.medium_use1-az1': 50, 'is4gen.medium_use1-az2': 25, 'is4gen.medium_use1-az4': 40, 'is4gen.medium_use1-az6': 30, 'is4gen.xlarge_use1-az1': 1, 'is4gen.xlarge_use1-az2': 1, 'is4gen.xlarge_use1-az4': 15, 'is4gen.xlarge_use1-az6': 1, 'm1.large_use1-az1': 5, 'm1.large_use1-az2': 25, 'm1.large_use1-az4': 20, 'm1.large_use1-az6': 15, 'm1.xlarge_use1-az1': 1, 'm1.xlarge_use1-az2': 10, 'm1.xlarge_use1-az4': 10, 'm1.xlarge_use1-az6': 10, 'm2.2xlarge_use1-az1': 5, 'm2.2xlarge_use1-az2': 10, 'm2.2xlarge_use1-az4': 15, 'm2.2xlarge_use1-az6': 5, 'm2.4xlarge_use1-az1': 1, 'm2.4xlarge_use1-az2': 5, 'm2.4xlarge_use1-az4': 5, 'm2.4xlarge_use1-az6': 5, 'm2.xlarge_use1-az1': 5, 'm2.xlarge_use1-az2': 20, 'm2.xlarge_use1-az4': 20, 'm2.xlarge_use1-az6': 15, 'm3.2xlarge_use1-az2': 25, 'm3.2xlarge_use1-az3': 1, 'm3.2xlarge_use1-az4': 40, 'm3.2xlarge_use1-az6': 45, 'm3.large_use1-az2': 50, 'm3.large_use1-az3': 1, 'm3.large_use1-az4': 50, 'm3.large_use1-az6': 50, 'm3.xlarge_use1-az2': 50, 'm3.xlarge_use1-az3': 1, 'm3.xlarge_use1-az4': 50, 'm3.xlarge_use1-az6': 50, 'm4.10xlarge_use1-az1': 5, 'm4.10xlarge_use1-az2': 10, 'm4.10xlarge_use1-az3': 1, 'm4.10xlarge_use1-az4': 50, 'm4.10xlarge_use1-az5': 1, 'm4.10xlarge_use1-az6': 50, 'm4.2xlarge_use1-az1': 5, 'm4.2xlarge_use1-az2': 20, 'm4.2xlarge_use1-az3': 50, 'm4.2xlarge_use1-az4': 20, 'm4.2xlarge_use1-az5': 1, 'm4.2xlarge_use1-az6': 25, 'm4.4xlarge_use1-az1': 50, 'm4.4xlarge_use1-az2': 50, 'm4.4xlarge_use1-az3': 50, 'm4.4xlarge_use1-az4': 25, 'm4.4xlarge_use1-az5': 10, 'm4.4xlarge_use1-az6': 15, 'm4.large_use1-az1': 30, 'm4.large_use1-az2': 50, 'm4.large_use1-az3': 25, 'm4.large_use1-az4': 50, 'm4.large_use1-az5': 10, 'm4.large_use1-az6': 50, 'm4.xlarge_use1-az1': 15, 'm4.xlarge_use1-az2': 50, 'm4.xlarge_use1-az3': 50, 'm4.xlarge_use1-az4': 50, 'm4.xlarge_use1-az5': 30, 'm4.xlarge_use1-az6': 50, 'm5.12xlarge_use1-az1': 5, 'm5.12xlarge_use1-az2': 25, 'm5.12xlarge_use1-az4': 50, 'm5.12xlarge_use1-az5': 1, 'm5.12xlarge_use1-az6': 40, 'm5.16xlarge_use1-az1': 10, 'm5.16xlarge_use1-az2': 50, 'm5.16xlarge_use1-az4': 50, 'm5.16xlarge_use1-az5': 1, 'm5.16xlarge_use1-az6': 50, 'm5.24xlarge_use1-az1': 5, 'm5.24xlarge_use1-az2': 5, 'm5.24xlarge_use1-az4': 5, 'm5.24xlarge_use1-az5': 1, 'm5.24xlarge_use1-az6': 35, 'm5.2xlarge_use1-az1': 50, 'm5.2xlarge_use1-az2': 50, 'm5.2xlarge_use1-az4': 50, 'm5.2xlarge_use1-az5': 50, 'm5.2xlarge_use1-az6': 50, 'm5.4xlarge_use1-az1': 50, 'm5.4xlarge_use1-az2': 50, 'm5.4xlarge_use1-az4': 50, 'm5.4xlarge_use1-az5': 10, 'm5.4xlarge_use1-az6': 50, 'm5.8xlarge_use1-az1': 50, 'm5.8xlarge_use1-az2': 40, 'm5.8xlarge_use1-az4': 50, 'm5.8xlarge_use1-az5': 1, 'm5.8xlarge_use1-az6': 50, 'm5.large_use1-az1': 50, 'm5.large_use1-az2': 50, 'm5.large_use1-az4': 50, 'm5.large_use1-az5': 50, 'm5.large_use1-az6': 50, 'm5.xlarge_use1-az1': 50, 'm5.xlarge_use1-az2': 50, 'm5.xlarge_use1-az4': 50, 'm5.xlarge_use1-az5': 50, 'm5.xlarge_use1-az6': 50, 'm5a.12xlarge_use1-az2': 1, 'm5a.12xlarge_use1-az4': 1, 'm5a.12xlarge_use1-az6': 1, 'm5a.16xlarge_use1-az2': 1, 'm5a.16xlarge_use1-az4': 1, 'm5a.16xlarge_use1-az6': 1, 'm5a.24xlarge_use1-az1': 1, 'm5a.24xlarge_use1-az2': 1, 'm5a.24xlarge_use1-az4': 1, 'm5a.24xlarge_use1-az5': 5, 'm5a.24xlarge_use1-az6': 5, 'm5a.2xlarge_use1-az1': 10, 'm5a.2xlarge_use1-az2': 25, 'm5a.2xlarge_use1-az4': 25, 'm5a.2xlarge_use1-az5': 5, 'm5a.2xlarge_use1-az6': 45, 'm5a.4xlarge_use1-az1': 5, 'm5a.4xlarge_use1-az2': 10, 'm5a.4xlarge_use1-az4': 5, 'm5a.4xlarge_use1-az5': 10, 'm5a.4xlarge_use1-az6': 15, 'm5a.8xlarge_use1-az1': 1, 'm5a.8xlarge_use1-az2': 20, 'm5a.8xlarge_use1-az4': 20, 'm5a.8xlarge_use1-az5': 1, 'm5a.8xlarge_use1-az6': 5, 'm5a.large_use1-az1': 50, 'm5a.large_use1-az2': 50, 'm5a.large_use1-az4': 50, 'm5a.large_use1-az5': 45, 'm5a.large_use1-az6': 50, 'm5a.xlarge_use1-az1': 10, 'm5a.xlarge_use1-az2': 30, 'm5a.xlarge_use1-az4': 10, 'm5a.xlarge_use1-az5': 20, 'm5a.xlarge_use1-az6': 50, 'm5ad.12xlarge_use1-az1': 1, 'm5ad.16xlarge_use1-az1': 1, 'm5ad.16xlarge_use1-az2': 1, 'm5ad.16xlarge_use1-az4': 1, 'm5ad.16xlarge_use1-az6': 1, 'm5ad.24xlarge_use1-az1': 5, 'm5ad.24xlarge_use1-az2': 1, 'm5ad.24xlarge_use1-az4': 1, 'm5ad.24xlarge_use1-az6': 5, 'm5ad.2xlarge_use1-az1': 1, 'm5ad.2xlarge_use1-az2': 1, 'm5ad.2xlarge_use1-az4': 5, 'm5ad.2xlarge_use1-az6': 1, 'm5ad.4xlarge_use1-az1': 1, 'm5ad.4xlarge_use1-az2': 1, 'm5ad.4xlarge_use1-az4': 1, 'm5ad.4xlarge_use1-az6': 1, 'm5ad.8xlarge_use1-az2': 1, 'm5ad.large_use1-az1': 10, 'm5ad.large_use1-az2': 5, 'm5ad.large_use1-az4': 10, 'm5ad.large_use1-az5': 1, 'm5ad.large_use1-az6': 10, 'm5ad.xlarge_use1-az1': 1, 'm5ad.xlarge_use1-az2': 10, 'm5ad.xlarge_use1-az4': 5, 'm5ad.xlarge_use1-az6': 5, 'm5d.12xlarge_use1-az1': 1, 'm5d.12xlarge_use1-az2': 25, 'm5d.12xlarge_use1-az4': 30, 'm5d.12xlarge_use1-az6': 15, 'm5d.16xlarge_use1-az1': 5, 'm5d.16xlarge_use1-az2': 35, 'm5d.16xlarge_use1-az4': 20, 'm5d.16xlarge_use1-az5': 1, 'm5d.16xlarge_use1-az6': 50, 'm5d.24xlarge_use1-az1': 20, 'm5d.24xlarge_use1-az2': 15, 'm5d.24xlarge_use1-az4': 5, 'm5d.24xlarge_use1-az5': 1, 'm5d.24xlarge_use1-az6': 50, 'm5d.2xlarge_use1-az1': 5, 'm5d.2xlarge_use1-az2': 25, 'm5d.2xlarge_use1-az4': 25, 'm5d.2xlarge_use1-az6': 30, 'm5d.4xlarge_use1-az1': 5, 'm5d.4xlarge_use1-az2': 15, 'm5d.4xlarge_use1-az4': 25, 'm5d.4xlarge_use1-az6': 25, 'm5d.8xlarge_use1-az1': 1, 'm5d.8xlarge_use1-az2': 25, 'm5d.8xlarge_use1-az4': 10, 'm5d.8xlarge_use1-az5': 1, 'm5d.8xlarge_use1-az6': 10, 'm5d.large_use1-az1': 5, 'm5d.large_use1-az2': 50, 'm5d.large_use1-az4': 50, 'm5d.large_use1-az6': 50, 'm5d.xlarge_use1-az1': 50, 'm5d.xlarge_use1-az2': 50, 'm5d.xlarge_use1-az4': 50, 'm5d.xlarge_use1-az5': 1, 'm5d.xlarge_use1-az6': 50, 'm5dn.12xlarge_use1-az1': 1, 'm5dn.12xlarge_use1-az4': 1, 'm5dn.12xlarge_use1-az6': 1, 'm5dn.16xlarge_use1-az1': 1, 'm5dn.16xlarge_use1-az2': 5, 'm5dn.16xlarge_use1-az4': 1, 'm5dn.16xlarge_use1-az6': 1, 'm5dn.24xlarge_use1-az1': 1, 'm5dn.24xlarge_use1-az2': 1, 'm5dn.24xlarge_use1-az4': 1, 'm5dn.24xlarge_use1-az6': 5, 'm5dn.2xlarge_use1-az1': 10, 'm5dn.2xlarge_use1-az2': 5, 'm5dn.2xlarge_use1-az4': 5, 'm5dn.2xlarge_use1-az5': 1, 'm5dn.2xlarge_use1-az6': 15, 'm5dn.4xlarge_use1-az1': 5, 'm5dn.4xlarge_use1-az2': 5, 'm5dn.4xlarge_use1-az4': 1, 'm5dn.4xlarge_use1-az5': 1, 'm5dn.4xlarge_use1-az6': 5, 'm5dn.8xlarge_use1-az2': 1, 'm5dn.8xlarge_use1-az6': 1, 'm5dn.large_use1-az1': 35, 'm5dn.large_use1-az2': 30, 'm5dn.large_use1-az4': 40, 'm5dn.large_use1-az5': 15, 'm5dn.large_use1-az6': 50, 'm5dn.xlarge_use1-az1': 10, 'm5dn.xlarge_use1-az2': 25, 'm5dn.xlarge_use1-az4': 20, 'm5dn.xlarge_use1-az5': 1, 'm5dn.xlarge_use1-az6': 30, 'm5n.12xlarge_use1-az1': 1, 'm5n.12xlarge_use1-az2': 1, 'm5n.12xlarge_use1-az4': 1, 'm5n.12xlarge_use1-az5': 1, 'm5n.12xlarge_use1-az6': 1, 'm5n.16xlarge_use1-az2': 1, 'm5n.16xlarge_use1-az4': 1, 'm5n.16xlarge_use1-az6': 1, 'm5n.24xlarge_use1-az2': 1, 'm5n.24xlarge_use1-az4': 1, 'm5n.24xlarge_use1-az6': 1, 'm5n.2xlarge_use1-az1': 15, 'm5n.2xlarge_use1-az2': 25, 'm5n.2xlarge_use1-az4': 30, 'm5n.2xlarge_use1-az5': 5, 'm5n.2xlarge_use1-az6': 25, 'm5n.4xlarge_use1-az1': 25, 'm5n.4xlarge_use1-az2': 35, 'm5n.4xlarge_use1-az4': 50, 'm5n.4xlarge_use1-az5': 5, 'm5n.4xlarge_use1-az6': 10, 'm5n.8xlarge_use1-az1': 1, 'm5n.8xlarge_use1-az2': 1, 'm5n.8xlarge_use1-az4': 1, 'm5n.8xlarge_use1-az6': 5, 'm5n.large_use1-az1': 5, 'm5n.large_use1-az2': 15, 'm5n.large_use1-az4': 5, 'm5n.large_use1-az5': 5, 'm5n.large_use1-az6': 15, 'm5n.xlarge_use1-az1': 20, 'm5n.xlarge_use1-az2': 50, 'm5n.xlarge_use1-az4': 50, 'm5n.xlarge_use1-az5': 1, 'm5n.xlarge_use1-az6': 50, 'm5zn.12xlarge_use1-az2': 1, 'm5zn.12xlarge_use1-az4': 10, 'm5zn.12xlarge_use1-az5': 1, 'm5zn.12xlarge_use1-az6': 5, 'm5zn.2xlarge_use1-az1': 1, 'm5zn.2xlarge_use1-az2': 1, 'm5zn.2xlarge_use1-az4': 25, 'm5zn.2xlarge_use1-az5': 1, 'm5zn.2xlarge_use1-az6': 5, 'm5zn.3xlarge_use1-az1': 1, 'm5zn.3xlarge_use1-az2': 1, 'm5zn.3xlarge_use1-az4': 5, 'm5zn.3xlarge_use1-az6': 5, 'm5zn.6xlarge_use1-az4': 1, 'm5zn.6xlarge_use1-az6': 1, 'm5zn.large_use1-az1': 5, 'm5zn.large_use1-az2': 5, 'm5zn.large_use1-az4': 30, 'm5zn.large_use1-az5': 15, 'm5zn.large_use1-az6': 20, 'm5zn.xlarge_use1-az1': 1, 'm5zn.xlarge_use1-az2': 1, 'm5zn.xlarge_use1-az4': 20, 'm5zn.xlarge_use1-az5': 5, 'm5zn.xlarge_use1-az6': 5, 'm6a.12xlarge_use1-az1': 5, 'm6a.12xlarge_use1-az2': 5, 'm6a.12xlarge_use1-az4': 15, 'm6a.12xlarge_use1-az6': 10, 'm6a.16xlarge_use1-az1': 5, 'm6a.16xlarge_use1-az2': 5, 'm6a.16xlarge_use1-az4': 5, 'm6a.16xlarge_use1-az6': 5, 'm6a.24xlarge_use1-az1': 1, 'm6a.24xlarge_use1-az2': 1, 'm6a.24xlarge_use1-az4': 1, 'm6a.24xlarge_use1-az6': 1, 'm6a.2xlarge_use1-az1': 50, 'm6a.2xlarge_use1-az2': 35, 'm6a.2xlarge_use1-az4': 45, 'm6a.2xlarge_use1-az5': 15, 'm6a.2xlarge_use1-az6': 50, 'm6a.32xlarge_use1-az2': 1, 'm6a.32xlarge_use1-az4': 1, 'm6a.32xlarge_use1-az5': 1, 'm6a.32xlarge_use1-az6': 1, 'm6a.48xlarge_use1-az2': 1, 'm6a.48xlarge_use1-az4': 1, 'm6a.48xlarge_use1-az6': 1, 'm6a.4xlarge_use1-az1': 45, 'm6a.4xlarge_use1-az2': 40, 'm6a.4xlarge_use1-az4': 25, 'm6a.4xlarge_use1-az5': 5, 'm6a.4xlarge_use1-az6': 50, 'm6a.8xlarge_use1-az1': 25, 'm6a.8xlarge_use1-az2': 15, 'm6a.8xlarge_use1-az4': 50, 'm6a.8xlarge_use1-az5': 10, 'm6a.8xlarge_use1-az6': 50, 'm6a.large_use1-az1': 50, 'm6a.large_use1-az2': 50, 'm6a.large_use1-az4': 50, 'm6a.large_use1-az5': 30, 'm6a.large_use1-az6': 50, 'm6a.xlarge_use1-az1': 50, 'm6a.xlarge_use1-az2': 50, 'm6a.xlarge_use1-az4': 50, 'm6a.xlarge_use1-az5': 35, 'm6a.xlarge_use1-az6': 50, 'm6g.12xlarge_use1-az1': 1, 'm6g.12xlarge_use1-az2': 5, 'm6g.12xlarge_use1-az4': 50, 'm6g.12xlarge_use1-az6': 50, 'm6g.16xlarge_use1-az1': 1, 'm6g.16xlarge_use1-az2': 5, 'm6g.16xlarge_use1-az4': 25, 'm6g.16xlarge_use1-az6': 50, 'm6g.2xlarge_use1-az1': 15, 'm6g.2xlarge_use1-az2': 50, 'm6g.2xlarge_use1-az4': 50, 'm6g.2xlarge_use1-az5': 5, 'm6g.2xlarge_use1-az6': 50, 'm6g.4xlarge_use1-az1': 10, 'm6g.4xlarge_use1-az2': 50, 'm6g.4xlarge_use1-az4': 50, 'm6g.4xlarge_use1-az5': 10, 'm6g.4xlarge_use1-az6': 50, 'm6g.8xlarge_use1-az1': 5, 'm6g.8xlarge_use1-az2': 50, 'm6g.8xlarge_use1-az4': 50, 'm6g.8xlarge_use1-az6': 50, 'm6g.large_use1-az1': 1, 'm6g.large_use1-az2': 50, 'm6g.large_use1-az4': 50, 'm6g.large_use1-az5': 5, 'm6g.large_use1-az6': 50, 'm6g.medium_use1-az1': 5, 'm6g.medium_use1-az2': 5, 'm6g.medium_use1-az4': 10, 'm6g.medium_use1-az5': 1, 'm6g.medium_use1-az6': 15, 'm6g.xlarge_use1-az1': 50, 'm6g.xlarge_use1-az2': 50, 'm6g.xlarge_use1-az4': 50, 'm6g.xlarge_use1-az5': 50, 'm6g.xlarge_use1-az6': 50, 'm6gd.12xlarge_use1-az1': 10, 'm6gd.12xlarge_use1-az2': 40, 'm6gd.12xlarge_use1-az4': 20, 'm6gd.12xlarge_use1-az5': 5, 'm6gd.12xlarge_use1-az6': 50, 'm6gd.16xlarge_use1-az1': 5, 'm6gd.16xlarge_use1-az2': 10, 'm6gd.16xlarge_use1-az4': 10, 'm6gd.16xlarge_use1-az5': 10, 'm6gd.16xlarge_use1-az6': 35, 'm6gd.2xlarge_use1-az1': 1, 'm6gd.2xlarge_use1-az2': 50, 'm6gd.2xlarge_use1-az4': 45, 'm6gd.2xlarge_use1-az5': 1, 'm6gd.2xlarge_use1-az6': 5, 'm6gd.4xlarge_use1-az1': 1, 'm6gd.4xlarge_use1-az2': 5, 'm6gd.4xlarge_use1-az4': 5, 'm6gd.4xlarge_use1-az5': 1, 'm6gd.4xlarge_use1-az6': 15, 'm6gd.8xlarge_use1-az1': 5, 'm6gd.8xlarge_use1-az2': 10, 'm6gd.8xlarge_use1-az4': 15, 'm6gd.8xlarge_use1-az5': 1, 'm6gd.8xlarge_use1-az6': 20, 'm6gd.large_use1-az1': 1, 'm6gd.large_use1-az2': 5, 'm6gd.large_use1-az4': 5, 'm6gd.large_use1-az5': 1, 'm6gd.large_use1-az6': 15, 'm6gd.medium_use1-az1': 1, 'm6gd.medium_use1-az2': 1, 'm6gd.medium_use1-az4': 1, 'm6gd.medium_use1-az5': 5, 'm6gd.medium_use1-az6': 1, 'm6gd.xlarge_use1-az1': 1, 'm6gd.xlarge_use1-az2': 10, 'm6gd.xlarge_use1-az4': 35, 'm6gd.xlarge_use1-az5': 1, 'm6gd.xlarge_use1-az6': 15, 'm6i.12xlarge_use1-az1': 1, 'm6i.12xlarge_use1-az2': 10, 'm6i.12xlarge_use1-az4': 50, 'm6i.12xlarge_use1-az5': 1, 'm6i.12xlarge_use1-az6': 30, 'm6i.16xlarge_use1-az1': 1, 'm6i.16xlarge_use1-az2': 10, 'm6i.16xlarge_use1-az4': 5, 'm6i.16xlarge_use1-az5': 1, 'm6i.16xlarge_use1-az6': 10, 'm6i.24xlarge_use1-az2': 10, 'm6i.24xlarge_use1-az4': 5, 'm6i.24xlarge_use1-az5': 1, 'm6i.24xlarge_use1-az6': 50, 'm6i.2xlarge_use1-az1': 25, 'm6i.2xlarge_use1-az2': 50, 'm6i.2xlarge_use1-az4': 50, 'm6i.2xlarge_use1-az5': 25, 'm6i.2xlarge_use1-az6': 50, 'm6i.32xlarge_use1-az2': 1, 'm6i.32xlarge_use1-az4': 5, 'm6i.32xlarge_use1-az5': 1, 'm6i.32xlarge_use1-az6': 15, 'm6i.4xlarge_use1-az1': 15, 'm6i.4xlarge_use1-az2': 50, 'm6i.4xlarge_use1-az4': 50, 'm6i.4xlarge_use1-az5': 50, 'm6i.4xlarge_use1-az6': 50, 'm6i.8xlarge_use1-az1': 1, 'm6i.8xlarge_use1-az2': 50, 'm6i.8xlarge_use1-az4': 50, 'm6i.8xlarge_use1-az5': 20, 'm6i.8xlarge_use1-az6': 50, 'm6i.large_use1-az1': 25, 'm6i.large_use1-az2': 50, 'm6i.large_use1-az4': 50, 'm6i.large_use1-az5': 50, 'm6i.large_use1-az6': 50, 'm6i.xlarge_use1-az1': 45, 'm6i.xlarge_use1-az2': 50, 'm6i.xlarge_use1-az4': 50, 'm6i.xlarge_use1-az5': 25, 'm6i.xlarge_use1-az6': 50, 'm6id.12xlarge_use1-az1': 1, 'm6id.12xlarge_use1-az2': 1, 'm6id.12xlarge_use1-az4': 1, 'm6id.12xlarge_use1-az6': 1, 'm6id.16xlarge_use1-az1': 1, 'm6id.16xlarge_use1-az2': 1, 'm6id.16xlarge_use1-az4': 1, 'm6id.16xlarge_use1-az6': 1, 'm6id.24xlarge_use1-az1': 10, 'm6id.24xlarge_use1-az2': 15, 'm6id.24xlarge_use1-az4': 35, 'm6id.24xlarge_use1-az5': 5, 'm6id.24xlarge_use1-az6': 15, 'm6id.2xlarge_use1-az1': 5, 'm6id.2xlarge_use1-az2': 5, 'm6id.2xlarge_use1-az4': 5, 'm6id.2xlarge_use1-az5': 1, 'm6id.2xlarge_use1-az6': 5, 'm6id.32xlarge_use1-az1': 10, 'm6id.32xlarge_use1-az2': 15, 'm6id.32xlarge_use1-az4': 5, 'm6id.32xlarge_use1-az5': 1, 'm6id.32xlarge_use1-az6': 50, 'm6id.4xlarge_use1-az1': 15, 'm6id.4xlarge_use1-az2': 10, 'm6id.4xlarge_use1-az4': 5, 'm6id.4xlarge_use1-az5': 1, 'm6id.4xlarge_use1-az6': 10, 'm6id.8xlarge_use1-az1': 1, 'm6id.8xlarge_use1-az4': 5, 'm6id.8xlarge_use1-az5': 1, 'm6id.8xlarge_use1-az6': 1, 'm6id.large_use1-az1': 30, 'm6id.large_use1-az2': 35, 'm6id.large_use1-az4': 15, 'm6id.large_use1-az5': 5, 'm6id.large_use1-az6': 50, 'm6id.xlarge_use1-az1': 20, 'm6id.xlarge_use1-az2': 45, 'm6id.xlarge_use1-az4': 15, 'm6id.xlarge_use1-az5': 5, 'm6id.xlarge_use1-az6': 25, 'm6idn.12xlarge_use1-az2': 1, 'm6idn.16xlarge_use1-az4': 1, 'm6idn.24xlarge_use1-az1': 1, 'm6idn.24xlarge_use1-az2': 1, 'm6idn.24xlarge_use1-az4': 1, 'm6idn.2xlarge_use1-az1': 5, 'm6idn.2xlarge_use1-az2': 10, 'm6idn.2xlarge_use1-az4': 5, 'm6idn.2xlarge_use1-az5': 1, 'm6idn.2xlarge_use1-az6': 5, 'm6idn.32xlarge_use1-az2': 1, 'm6idn.4xlarge_use1-az1': 30, 'm6idn.4xlarge_use1-az2': 10, 'm6idn.4xlarge_use1-az4': 5, 'm6idn.4xlarge_use1-az5': 5, 'm6idn.4xlarge_use1-az6': 5, 'm6idn.large_use1-az1': 25, 'm6idn.large_use1-az2': 35, 'm6idn.large_use1-az4': 15, 'm6idn.large_use1-az5': 10, 'm6idn.large_use1-az6': 10, 'm6idn.xlarge_use1-az1': 15, 'm6idn.xlarge_use1-az2': 50, 'm6idn.xlarge_use1-az4': 20, 'm6idn.xlarge_use1-az5': 5, 'm6idn.xlarge_use1-az6': 10, 'm6in.12xlarge_use1-az4': 1, 'm6in.16xlarge_use1-az2': 1, 'm6in.16xlarge_use1-az4': 1, 'm6in.24xlarge_use1-az1': 1, 'm6in.24xlarge_use1-az2': 1, 'm6in.2xlarge_use1-az1': 10, 'm6in.2xlarge_use1-az2': 20, 'm6in.2xlarge_use1-az4': 10, 'm6in.2xlarge_use1-az5': 1, 'm6in.2xlarge_use1-az6': 5, 'm6in.4xlarge_use1-az1': 1, 'm6in.4xlarge_use1-az2': 1, 'm6in.4xlarge_use1-az5': 1, 'm6in.8xlarge_use1-az1': 1, 'm6in.8xlarge_use1-az2': 1, 'm6in.8xlarge_use1-az4': 1, 'm6in.large_use1-az1': 5, 'm6in.large_use1-az2': 10, 'm6in.large_use1-az4': 5, 'm6in.large_use1-az5': 1, 'm6in.large_use1-az6': 1, 'm6in.xlarge_use1-az1': 5, 'm6in.xlarge_use1-az2': 10, 'm6in.xlarge_use1-az4': 1, 'm7a.12xlarge_use1-az2': 1, 'm7a.12xlarge_use1-az6': 20, 'm7a.16xlarge_use1-az2': 1, 'm7a.16xlarge_use1-az6': 40, 'm7a.24xlarge_use1-az2': 1, 'm7a.24xlarge_use1-az6': 50, 'm7a.2xlarge_use1-az1': 5, 'm7a.2xlarge_use1-az2': 15, 'm7a.2xlarge_use1-az4': 10, 'm7a.2xlarge_use1-az6': 50, 'm7a.32xlarge_use1-az6': 20, 'm7a.48xlarge_use1-az6': 40, 'm7a.4xlarge_use1-az1': 10, 'm7a.4xlarge_use1-az2': 5, 'm7a.4xlarge_use1-az4': 10, 'm7a.4xlarge_use1-az6': 25, 'm7a.8xlarge_use1-az1': 1, 'm7a.8xlarge_use1-az2': 5, 'm7a.8xlarge_use1-az4': 1, 'm7a.8xlarge_use1-az6': 50, 'm7a.large_use1-az1': 15, 'm7a.large_use1-az2': 50, 'm7a.large_use1-az4': 50, 'm7a.large_use1-az5': 5, 'm7a.large_use1-az6': 50, 'm7a.medium_use1-az1': 10, 'm7a.medium_use1-az2': 50, 'm7a.medium_use1-az4': 50, 'm7a.medium_use1-az6': 50, 'm7a.xlarge_use1-az1': 5, 'm7a.xlarge_use1-az2': 40, 'm7a.xlarge_use1-az4': 50, 'm7a.xlarge_use1-az6': 50, 'm7g.12xlarge_use1-az1': 1, 'm7g.12xlarge_use1-az2': 10, 'm7g.12xlarge_use1-az4': 45, 'm7g.12xlarge_use1-az5': 1, 'm7g.12xlarge_use1-az6': 50, 'm7g.16xlarge_use1-az1': 1, 'm7g.16xlarge_use1-az2': 30, 'm7g.16xlarge_use1-az4': 35, 'm7g.16xlarge_use1-az5': 1, 'm7g.16xlarge_use1-az6': 50, 'm7g.2xlarge_use1-az1': 35, 'm7g.2xlarge_use1-az2': 50, 'm7g.2xlarge_use1-az4': 50, 'm7g.2xlarge_use1-az5': 15, 'm7g.2xlarge_use1-az6': 50, 'm7g.4xlarge_use1-az1': 10, 'm7g.4xlarge_use1-az2': 30, 'm7g.4xlarge_use1-az4': 50, 'm7g.4xlarge_use1-az5': 10, 'm7g.4xlarge_use1-az6': 50, 'm7g.8xlarge_use1-az1': 1, 'm7g.8xlarge_use1-az2': 15, 'm7g.8xlarge_use1-az4': 40, 'm7g.8xlarge_use1-az5': 1, 'm7g.8xlarge_use1-az6': 50, 'm7g.large_use1-az1': 10, 'm7g.large_use1-az2': 50, 'm7g.large_use1-az4': 50, 'm7g.large_use1-az5': 30, 'm7g.large_use1-az6': 50, 'm7g.medium_use1-az1': 30, 'm7g.medium_use1-az2': 40, 'm7g.medium_use1-az4': 50, 'm7g.medium_use1-az5': 35, 'm7g.medium_use1-az6': 50, 'm7g.metal_use1-az1': 1, 'm7g.metal_use1-az2': 25, 'm7g.metal_use1-az4': 10, 'm7g.metal_use1-az5': 1, 'm7g.metal_use1-az6': 50, 'm7g.xlarge_use1-az1': 50, 'm7g.xlarge_use1-az2': 50, 'm7g.xlarge_use1-az4': 50, 'm7g.xlarge_use1-az5': 50, 'm7g.xlarge_use1-az6': 50, 'm7gd.12xlarge_use1-az1': 5, 'm7gd.12xlarge_use1-az2': 10, 'm7gd.12xlarge_use1-az4': 1, 'm7gd.12xlarge_use1-az6': 35, 'm7gd.16xlarge_use1-az1': 1, 'm7gd.16xlarge_use1-az2': 30, 'm7gd.16xlarge_use1-az4': 1, 'm7gd.16xlarge_use1-az6': 40, 'm7gd.2xlarge_use1-az1': 15, 'm7gd.2xlarge_use1-az2': 50, 'm7gd.2xlarge_use1-az4': 15, 'm7gd.2xlarge_use1-az6': 25, 'm7gd.4xlarge_use1-az1': 5, 'm7gd.4xlarge_use1-az2': 10, 'm7gd.4xlarge_use1-az4': 1, 'm7gd.4xlarge_use1-az6': 40, 'm7gd.8xlarge_use1-az1': 10, 'm7gd.8xlarge_use1-az2': 50, 'm7gd.8xlarge_use1-az4': 30, 'm7gd.8xlarge_use1-az5': 45, 'm7gd.8xlarge_use1-az6': 50, 'm7gd.large_use1-az1': 5, 'm7gd.large_use1-az2': 50, 'm7gd.large_use1-az4': 5, 'm7gd.large_use1-az6': 50, 'm7gd.medium_use1-az1': 15, 'm7gd.medium_use1-az2': 20, 'm7gd.medium_use1-az4': 15, 'm7gd.medium_use1-az5': 20, 'm7gd.medium_use1-az6': 25, 'm7gd.metal_use1-az1': 5, 'm7gd.metal_use1-az2': 15, 'm7gd.metal_use1-az4': 1, 'm7gd.metal_use1-az6': 15, 'm7gd.xlarge_use1-az1': 5, 'm7gd.xlarge_use1-az2': 10, 'm7gd.xlarge_use1-az4': 10, 'm7gd.xlarge_use1-az5': 1, 'm7gd.xlarge_use1-az6': 25, 'm7i-flex.2xlarge_use1-az1': 50, 'm7i-flex.2xlarge_use1-az2': 50, 'm7i-flex.2xlarge_use1-az4': 15, 'm7i-flex.2xlarge_use1-az5': 10, 'm7i-flex.2xlarge_use1-az6': 50, 'm7i-flex.4xlarge_use1-az2': 5, 'm7i-flex.4xlarge_use1-az4': 5, 'm7i-flex.4xlarge_use1-az6': 25, 'm7i-flex.8xlarge_use1-az1': 1, 'm7i-flex.8xlarge_use1-az2': 5, 'm7i-flex.8xlarge_use1-az4': 5, 'm7i-flex.8xlarge_use1-az5': 1, 'm7i-flex.8xlarge_use1-az6': 10, 'm7i-flex.large_use1-az1': 20, 'm7i-flex.large_use1-az2': 50, 'm7i-flex.large_use1-az4': 25, 'm7i-flex.large_use1-az5': 25, 'm7i-flex.large_use1-az6': 50, 'm7i-flex.xlarge_use1-az1': 50, 'm7i-flex.xlarge_use1-az2': 50, 'm7i-flex.xlarge_use1-az4': 50, 'm7i-flex.xlarge_use1-az5': 15, 'm7i-flex.xlarge_use1-az6': 50, 'm7i.12xlarge_use1-az1': 1, 'm7i.12xlarge_use1-az2': 5, 'm7i.12xlarge_use1-az4': 15, 'm7i.12xlarge_use1-az6': 50, 'm7i.16xlarge_use1-az1': 5, 'm7i.16xlarge_use1-az2': 10, 'm7i.16xlarge_use1-az4': 10, 'm7i.16xlarge_use1-az6': 50, 'm7i.24xlarge_use1-az2': 5, 'm7i.24xlarge_use1-az4': 5, 'm7i.24xlarge_use1-az6': 50, 'm7i.2xlarge_use1-az1': 1, 'm7i.2xlarge_use1-az2': 50, 'm7i.2xlarge_use1-az4': 50, 'm7i.2xlarge_use1-az6': 50, 'm7i.48xlarge_use1-az1': 1, 'm7i.48xlarge_use1-az2': 5, 'm7i.48xlarge_use1-az4': 20, 'm7i.48xlarge_use1-az6': 50, 'm7i.4xlarge_use1-az1': 1, 'm7i.4xlarge_use1-az2': 25, 'm7i.4xlarge_use1-az4': 10, 'm7i.4xlarge_use1-az6': 50, 'm7i.8xlarge_use1-az1': 40, 'm7i.8xlarge_use1-az2': 20, 'm7i.8xlarge_use1-az4': 50, 'm7i.8xlarge_use1-az6': 50, 'm7i.large_use1-az1': 50, 'm7i.large_use1-az2': 50, 'm7i.large_use1-az4': 50, 'm7i.large_use1-az5': 1, 'm7i.large_use1-az6': 50, 'm7i.xlarge_use1-az1': 30, 'm7i.xlarge_use1-az2': 35, 'm7i.xlarge_use1-az4': 50, 'm7i.xlarge_use1-az6': 50, 'm8g.12xlarge_use1-az2': 10, 'm8g.12xlarge_use1-az4': 10, 'm8g.12xlarge_use1-az5': 1, 'm8g.12xlarge_use1-az6': 35, 'm8g.16xlarge_use1-az2': 5, 'm8g.16xlarge_use1-az4': 5, 'm8g.16xlarge_use1-az5': 5, 'm8g.16xlarge_use1-az6': 45, 'm8g.24xlarge_use1-az2': 5, 'm8g.24xlarge_use1-az4': 1, 'm8g.24xlarge_use1-az5': 1, 'm8g.24xlarge_use1-az6': 25, 'm8g.2xlarge_use1-az4': 10, 'm8g.2xlarge_use1-az5': 10, 'm8g.48xlarge_use1-az2': 5, 'm8g.48xlarge_use1-az4': 5, 'm8g.48xlarge_use1-az6': 20, 'm8g.4xlarge_use1-az2': 5, 'm8g.4xlarge_use1-az4': 5, 'm8g.4xlarge_use1-az5': 1, 'm8g.4xlarge_use1-az6': 40, 'm8g.8xlarge_use1-az2': 10, 'm8g.8xlarge_use1-az4': 20, 'm8g.8xlarge_use1-az5': 1, 'm8g.8xlarge_use1-az6': 40, 'm8g.large_use1-az1': 1, 'm8g.large_use1-az2': 20, 'm8g.large_use1-az6': 45, 'm8g.medium_use1-az1': 1, 'm8g.medium_use1-az2': 15, 'm8g.metal-48xl_use1-az2': 5, 'm8g.metal-48xl_use1-az6': 25, 'm8g.xlarge_use1-az1': 1, 'm8g.xlarge_use1-az5': 15, 'm8g.xlarge_use1-az6': 50, 'm8gd.16xlarge_use1-az5': 1, 'm8gd.4xlarge_use1-az2': 5, 'm8gd.4xlarge_use1-az4': 1, 'm8gd.4xlarge_use1-az6': 1, 'm8gd.8xlarge_use1-az5': 1, 'm8gd.8xlarge_use1-az6': 5, 'm8gd.large_use1-az1': 20, 'm8gd.large_use1-az2': 15, 'm8gd.large_use1-az5': 1, 'm8gd.large_use1-az6': 1, 'm8gd.medium_use1-az6': 1, 'm8gd.metal-24xl_use1-az2': 1, 'm8gd.xlarge_use1-az1': 1, 'm8gd.xlarge_use1-az5': 1, 'm8i-flex.16xlarge_use1-az6': 5, 'm8i-flex.2xlarge_use1-az2': 10, 'm8i-flex.2xlarge_use1-az4': 1, 'm8i-flex.2xlarge_use1-az6': 50, 'm8i-flex.4xlarge_use1-az2': 1, 'm8i-flex.4xlarge_use1-az4': 1, 'm8i-flex.4xlarge_use1-az6': 5, 'm8i-flex.8xlarge_use1-az6': 1, 'm8i-flex.large_use1-az2': 5, 'm8i-flex.xlarge_use1-az2': 10, 'm8i-flex.xlarge_use1-az4': 25, 'm8i-flex.xlarge_use1-az6': 50, 'm8i.12xlarge_use1-az6': 1, 'm8i.16xlarge_use1-az4': 1, 'm8i.16xlarge_use1-az6': 1, 'm8i.24xlarge_use1-az6': 1, 'm8i.2xlarge_use1-az2': 10, 'm8i.2xlarge_use1-az4': 1, 'm8i.2xlarge_use1-az6': 10, 'm8i.32xlarge_use1-az2': 1, 'm8i.32xlarge_use1-az6': 5, 'm8i.48xlarge_use1-az2': 1, 'm8i.48xlarge_use1-az6': 5, 'm8i.4xlarge_use1-az2': 5, 'm8i.4xlarge_use1-az4': 1, 'm8i.4xlarge_use1-az6': 5, 'm8i.8xlarge_use1-az2': 1, 'm8i.8xlarge_use1-az4': 1, 'm8i.8xlarge_use1-az6': 20, 'm8i.96xlarge_use1-az6': 1, 'm8i.large_use1-az4': 25, 'm8i.metal-48xl_use1-az6': 1, 'm8i.metal-96xl_use1-az6': 1, 'm8i.xlarge_use1-az2': 30, 'm8i.xlarge_use1-az4': 10, 'p3.2xlarge_use1-az1': 50, 'p3.2xlarge_use1-az2': 50, 'p3.2xlarge_use1-az5': 50, 'p3.2xlarge_use1-az6': 50, 'p3dn.24xlarge_use1-az1': 15, 'p3dn.24xlarge_use1-az6': 50, 'p4d.24xlarge_use1-az2': 1, 'p4d.24xlarge_use1-az6': 1, 'p5.48xlarge_use1-az2': 15, 'r3.2xlarge_use1-az2': 1, 'r3.2xlarge_use1-az4': 1, 'r3.2xlarge_use1-az6': 1, 'r3.4xlarge_use1-az4': 1, 'r3.4xlarge_use1-az6': 1, 'r3.8xlarge_use1-az2': 1, 'r3.8xlarge_use1-az4': 1, 'r3.8xlarge_use1-az6': 5, 'r3.large_use1-az2': 50, 'r3.large_use1-az4': 50, 'r3.large_use1-az6': 50, 'r3.xlarge_use1-az2': 40, 'r3.xlarge_use1-az4': 50, 'r3.xlarge_use1-az6': 50, 'r4.16xlarge_use1-az1': 10, 'r4.16xlarge_use1-az2': 10, 'r4.16xlarge_use1-az3': 50, 'r4.16xlarge_use1-az4': 35, 'r4.16xlarge_use1-az5': 15, 'r4.16xlarge_use1-az6': 10, 'r4.2xlarge_use1-az1': 20, 'r4.2xlarge_use1-az2': 50, 'r4.2xlarge_use1-az3': 50, 'r4.2xlarge_use1-az4': 50, 'r4.2xlarge_use1-az5': 5, 'r4.2xlarge_use1-az6': 50, 'r4.4xlarge_use1-az1': 20, 'r4.4xlarge_use1-az2': 50, 'r4.4xlarge_use1-az3': 40, 'r4.4xlarge_use1-az4': 15, 'r4.4xlarge_use1-az5': 5, 'r4.4xlarge_use1-az6': 50, 'r4.8xlarge_use1-az1': 50, 'r4.8xlarge_use1-az2': 50, 'r4.8xlarge_use1-az3': 25, 'r4.8xlarge_use1-az4': 50, 'r4.8xlarge_use1-az5': 5, 'r4.8xlarge_use1-az6': 50, 'r4.large_use1-az1': 35, 'r4.large_use1-az2': 50, 'r4.large_use1-az3': 10, 'r4.large_use1-az4': 50, 'r4.large_use1-az5': 20, 'r4.large_use1-az6': 50, 'r4.xlarge_use1-az1': 50, 'r4.xlarge_use1-az2': 50, 'r4.xlarge_use1-az3': 50, 'r4.xlarge_use1-az4': 50, 'r4.xlarge_use1-az5': 30, 'r4.xlarge_use1-az6': 50, 'r5.12xlarge_use1-az1': 5, 'r5.12xlarge_use1-az2': 5, 'r5.12xlarge_use1-az4': 50, 'r5.12xlarge_use1-az5': 5, 'r5.12xlarge_use1-az6': 5, 'r5.16xlarge_use1-az1': 5, 'r5.16xlarge_use1-az4': 35, 'r5.16xlarge_use1-az5': 30, 'r5.16xlarge_use1-az6': 5, 'r5.24xlarge_use1-az4': 15, 'r5.24xlarge_use1-az5': 5, 'r5.24xlarge_use1-az6': 5, 'r5.2xlarge_use1-az1': 50, 'r5.2xlarge_use1-az2': 50, 'r5.2xlarge_use1-az4': 50, 'r5.2xlarge_use1-az5': 5, 'r5.2xlarge_use1-az6': 50, 'r5.4xlarge_use1-az1': 50, 'r5.4xlarge_use1-az2': 50, 'r5.4xlarge_use1-az4': 50, 'r5.4xlarge_use1-az5': 5, 'r5.4xlarge_use1-az6': 50, 'r5.8xlarge_use1-az1': 50, 'r5.8xlarge_use1-az2': 50, 'r5.8xlarge_use1-az4': 50, 'r5.8xlarge_use1-az5': 5, 'r5.8xlarge_use1-az6': 5, 'r5.large_use1-az1': 50, 'r5.large_use1-az2': 50, 'r5.large_use1-az4': 50, 'r5.large_use1-az5': 50, 'r5.large_use1-az6': 50, 'r5.xlarge_use1-az1': 50, 'r5.xlarge_use1-az2': 50, 'r5.xlarge_use1-az4': 50, 'r5.xlarge_use1-az5': 50, 'r5.xlarge_use1-az6': 50, 'r5a.12xlarge_use1-az1': 1, 'r5a.12xlarge_use1-az2': 1, 'r5a.12xlarge_use1-az4': 5, 'r5a.12xlarge_use1-az6': 5, 'r5a.16xlarge_use1-az1': 10, 'r5a.16xlarge_use1-az2': 10, 'r5a.16xlarge_use1-az4': 10, 'r5a.16xlarge_use1-az5': 5, 'r5a.16xlarge_use1-az6': 5, 'r5a.24xlarge_use1-az1': 5, 'r5a.24xlarge_use1-az2': 15, 'r5a.24xlarge_use1-az4': 10, 'r5a.24xlarge_use1-az5': 1, 'r5a.24xlarge_use1-az6': 10, 'r5a.2xlarge_use1-az1': 10, 'r5a.2xlarge_use1-az2': 20, 'r5a.2xlarge_use1-az4': 35, 'r5a.2xlarge_use1-az5': 5, 'r5a.2xlarge_use1-az6': 30, 'r5a.4xlarge_use1-az1': 25, 'r5a.4xlarge_use1-az2': 50, 'r5a.4xlarge_use1-az4': 50, 'r5a.4xlarge_use1-az5': 5, 'r5a.4xlarge_use1-az6': 50, 'r5a.8xlarge_use1-az1': 25, 'r5a.8xlarge_use1-az2': 10, 'r5a.8xlarge_use1-az4': 15, 'r5a.8xlarge_use1-az5': 30, 'r5a.8xlarge_use1-az6': 20, 'r5a.large_use1-az1': 50, 'r5a.large_use1-az2': 50, 'r5a.large_use1-az4': 50, 'r5a.large_use1-az5': 25, 'r5a.large_use1-az6': 50, 'r5a.xlarge_use1-az1': 20, 'r5a.xlarge_use1-az2': 50, 'r5a.xlarge_use1-az4': 50, 'r5a.xlarge_use1-az5': 5, 'r5a.xlarge_use1-az6': 50, 'r5ad.12xlarge_use1-az2': 1, 'r5ad.16xlarge_use1-az2': 50, 'r5ad.16xlarge_use1-az4': 10, 'r5ad.16xlarge_use1-az5': 1, 'r5ad.16xlarge_use1-az6': 10, 'r5ad.24xlarge_use1-az2': 25, 'r5ad.24xlarge_use1-az4': 1, 'r5ad.24xlarge_use1-az6': 10, 'r5ad.2xlarge_use1-az1': 1, 'r5ad.2xlarge_use1-az2': 1, 'r5ad.2xlarge_use1-az4': 1, 'r5ad.2xlarge_use1-az5': 1, 'r5ad.2xlarge_use1-az6': 1, 'r5ad.4xlarge_use1-az1': 1, 'r5ad.4xlarge_use1-az2': 10, 'r5ad.4xlarge_use1-az4': 5, 'r5ad.4xlarge_use1-az5': 1, 'r5ad.4xlarge_use1-az6': 1, 'r5ad.8xlarge_use1-az2': 5, 'r5ad.8xlarge_use1-az4': 20, 'r5ad.8xlarge_use1-az5': 1, 'r5ad.8xlarge_use1-az6': 10, 'r5ad.large_use1-az1': 1, 'r5ad.large_use1-az2': 30, 'r5ad.large_use1-az4': 10, 'r5ad.large_use1-az5': 5, 'r5ad.large_use1-az6': 10, 'r5ad.xlarge_use1-az1': 1, 'r5ad.xlarge_use1-az2': 10, 'r5ad.xlarge_use1-az4': 10, 'r5ad.xlarge_use1-az5': 1, 'r5ad.xlarge_use1-az6': 5, 'r5b.12xlarge_use1-az1': 5, 'r5b.12xlarge_use1-az4': 5, 'r5b.12xlarge_use1-az6': 1, 'r5b.16xlarge_use1-az1': 5, 'r5b.16xlarge_use1-az2': 5, 'r5b.16xlarge_use1-az4': 5, 'r5b.16xlarge_use1-az6': 5, 'r5b.24xlarge_use1-az1': 1, 'r5b.24xlarge_use1-az4': 5, 'r5b.24xlarge_use1-az6': 1, 'r5b.2xlarge_use1-az1': 1, 'r5b.2xlarge_use1-az2': 1, 'r5b.2xlarge_use1-az4': 1, 'r5b.2xlarge_use1-az6': 1, 'r5b.4xlarge_use1-az1': 5, 'r5b.4xlarge_use1-az2': 5, 'r5b.4xlarge_use1-az4': 5, 'r5b.4xlarge_use1-az6': 5, 'r5b.8xlarge_use1-az1': 5, 'r5b.8xlarge_use1-az2': 1, 'r5b.8xlarge_use1-az4': 1, 'r5b.8xlarge_use1-az6': 1, 'r5b.large_use1-az1': 1, 'r5b.large_use1-az2': 5, 'r5b.large_use1-az4': 10, 'r5b.large_use1-az6': 5, 'r5b.xlarge_use1-az1': 1, 'r5b.xlarge_use1-az2': 1, 'r5b.xlarge_use1-az4': 5, 'r5b.xlarge_use1-az6': 1, 'r5d.12xlarge_use1-az1': 1, 'r5d.12xlarge_use1-az2': 5, 'r5d.12xlarge_use1-az4': 10, 'r5d.12xlarge_use1-az6': 1, 'r5d.16xlarge_use1-az1': 5, 'r5d.16xlarge_use1-az2': 50, 'r5d.16xlarge_use1-az4': 50, 'r5d.16xlarge_use1-az5': 10, 'r5d.16xlarge_use1-az6': 50, 'r5d.24xlarge_use1-az1': 1, 'r5d.24xlarge_use1-az2': 1, 'r5d.24xlarge_use1-az4': 10, 'r5d.24xlarge_use1-az5': 1, 'r5d.24xlarge_use1-az6': 10, 'r5d.2xlarge_use1-az1': 5, 'r5d.2xlarge_use1-az2': 15, 'r5d.2xlarge_use1-az4': 15, 'r5d.2xlarge_use1-az5': 1, 'r5d.2xlarge_use1-az6': 15, 'r5d.4xlarge_use1-az1': 5, 'r5d.4xlarge_use1-az2': 20, 'r5d.4xlarge_use1-az4': 45, 'r5d.4xlarge_use1-az5': 5, 'r5d.4xlarge_use1-az6': 25, 'r5d.8xlarge_use1-az1': 5, 'r5d.8xlarge_use1-az2': 15, 'r5d.8xlarge_use1-az4': 15, 'r5d.8xlarge_use1-az5': 5, 'r5d.8xlarge_use1-az6': 50, 'r5d.large_use1-az1': 10, 'r5d.large_use1-az2': 50, 'r5d.large_use1-az4': 50, 'r5d.large_use1-az5': 5, 'r5d.large_use1-az6': 50, 'r5d.xlarge_use1-az1': 1, 'r5d.xlarge_use1-az2': 15, 'r5d.xlarge_use1-az4': 15, 'r5d.xlarge_use1-az5': 1, 'r5d.xlarge_use1-az6': 10, 'r5dn.12xlarge_use1-az1': 1, 'r5dn.12xlarge_use1-az2': 1, 'r5dn.12xlarge_use1-az4': 1, 'r5dn.12xlarge_use1-az5': 1, 'r5dn.12xlarge_use1-az6': 1, 'r5dn.16xlarge_use1-az1': 5, 'r5dn.16xlarge_use1-az2': 5, 'r5dn.16xlarge_use1-az4': 15, 'r5dn.16xlarge_use1-az5': 10, 'r5dn.16xlarge_use1-az6': 30, 'r5dn.24xlarge_use1-az2': 5, 'r5dn.24xlarge_use1-az4': 10, 'r5dn.24xlarge_use1-az5': 1, 'r5dn.24xlarge_use1-az6': 25, 'r5dn.2xlarge_use1-az1': 50, 'r5dn.2xlarge_use1-az2': 45, 'r5dn.2xlarge_use1-az4': 30, 'r5dn.2xlarge_use1-az5': 50, 'r5dn.2xlarge_use1-az6': 5, 'r5dn.4xlarge_use1-az1': 5, 'r5dn.4xlarge_use1-az2': 25, 'r5dn.4xlarge_use1-az4': 45, 'r5dn.4xlarge_use1-az5': 5, 'r5dn.4xlarge_use1-az6': 20, 'r5dn.8xlarge_use1-az1': 1, 'r5dn.8xlarge_use1-az2': 5, 'r5dn.8xlarge_use1-az4': 5, 'r5dn.8xlarge_use1-az5': 5, 'r5dn.8xlarge_use1-az6': 50, 'r5dn.large_use1-az1': 50, 'r5dn.large_use1-az2': 50, 'r5dn.large_use1-az4': 50, 'r5dn.large_use1-az5': 50, 'r5dn.large_use1-az6': 50, 'r5dn.xlarge_use1-az1': 5, 'r5dn.xlarge_use1-az2': 15, 'r5dn.xlarge_use1-az4': 15, 'r5dn.xlarge_use1-az5': 15, 'r5dn.xlarge_use1-az6': 15, 'r5n.12xlarge_use1-az2': 1, 'r5n.12xlarge_use1-az4': 1, 'r5n.12xlarge_use1-az6': 1, 'r5n.16xlarge_use1-az1': 1, 'r5n.16xlarge_use1-az2': 10, 'r5n.16xlarge_use1-az4': 35, 'r5n.16xlarge_use1-az5': 1, 'r5n.16xlarge_use1-az6': 20, 'r5n.2xlarge_use1-az1': 5, 'r5n.2xlarge_use1-az2': 5, 'r5n.2xlarge_use1-az4': 15, 'r5n.2xlarge_use1-az5': 1, 'r5n.2xlarge_use1-az6': 1, 'r5n.4xlarge_use1-az1': 5, 'r5n.4xlarge_use1-az2': 25, 'r5n.4xlarge_use1-az4': 15, 'r5n.4xlarge_use1-az5': 5, 'r5n.4xlarge_use1-az6': 35, 'r5n.8xlarge_use1-az1': 10, 'r5n.8xlarge_use1-az2': 20, 'r5n.8xlarge_use1-az4': 35, 'r5n.8xlarge_use1-az6': 15, 'r5n.large_use1-az1': 20, 'r5n.large_use1-az2': 50, 'r5n.large_use1-az4': 50, 'r5n.large_use1-az5': 10, 'r5n.large_use1-az6': 30, 'r5n.xlarge_use1-az1': 1, 'r5n.xlarge_use1-az2': 10, 'r5n.xlarge_use1-az4': 15, 'r5n.xlarge_use1-az5': 1, 'r5n.xlarge_use1-az6': 20, 'r6a.12xlarge_use1-az1': 1, 'r6a.12xlarge_use1-az2': 10, 'r6a.12xlarge_use1-az4': 5, 'r6a.12xlarge_use1-az6': 10, 'r6a.16xlarge_use1-az1': 5, 'r6a.16xlarge_use1-az2': 15, 'r6a.16xlarge_use1-az4': 30, 'r6a.16xlarge_use1-az5': 15, 'r6a.16xlarge_use1-az6': 40, 'r6a.24xlarge_use1-az2': 5, 'r6a.24xlarge_use1-az4': 1, 'r6a.24xlarge_use1-az5': 1, 'r6a.24xlarge_use1-az6': 5, 'r6a.2xlarge_use1-az1': 50, 'r6a.2xlarge_use1-az2': 50, 'r6a.2xlarge_use1-az4': 40, 'r6a.2xlarge_use1-az5': 1, 'r6a.2xlarge_use1-az6': 50, 'r6a.32xlarge_use1-az2': 5, 'r6a.32xlarge_use1-az4': 5, 'r6a.32xlarge_use1-az5': 5, 'r6a.32xlarge_use1-az6': 5, 'r6a.48xlarge_use1-az2': 5, 'r6a.48xlarge_use1-az4': 5, 'r6a.48xlarge_use1-az5': 5, 'r6a.48xlarge_use1-az6': 1, 'r6a.4xlarge_use1-az1': 50, 'r6a.4xlarge_use1-az2': 50, 'r6a.4xlarge_use1-az4': 50, 'r6a.4xlarge_use1-az5': 40, 'r6a.4xlarge_use1-az6': 50, 'r6a.8xlarge_use1-az1': 20, 'r6a.8xlarge_use1-az2': 50, 'r6a.8xlarge_use1-az4': 50, 'r6a.8xlarge_use1-az5': 50, 'r6a.8xlarge_use1-az6': 50, 'r6a.large_use1-az1': 50, 'r6a.large_use1-az2': 50, 'r6a.large_use1-az4': 50, 'r6a.large_use1-az5': 50, 'r6a.large_use1-az6': 50, 'r6a.xlarge_use1-az1': 50, 'r6a.xlarge_use1-az2': 50, 'r6a.xlarge_use1-az4': 50, 'r6a.xlarge_use1-az5': 50, 'r6a.xlarge_use1-az6': 50, 'r6g.12xlarge_use1-az2': 50, 'r6g.12xlarge_use1-az4': 45, 'r6g.12xlarge_use1-az5': 10, 'r6g.12xlarge_use1-az6': 50, 'r6g.16xlarge_use1-az1': 1, 'r6g.16xlarge_use1-az2': 50, 'r6g.16xlarge_use1-az4': 50, 'r6g.16xlarge_use1-az5': 50, 'r6g.16xlarge_use1-az6': 50, 'r6g.2xlarge_use1-az1': 1, 'r6g.2xlarge_use1-az2': 25, 'r6g.2xlarge_use1-az4': 40, 'r6g.2xlarge_use1-az5': 10, 'r6g.2xlarge_use1-az6': 50, 'r6g.4xlarge_use1-az1': 10, 'r6g.4xlarge_use1-az2': 50, 'r6g.4xlarge_use1-az4': 50, 'r6g.4xlarge_use1-az5': 50, 'r6g.4xlarge_use1-az6': 50, 'r6g.8xlarge_use1-az1': 1, 'r6g.8xlarge_use1-az2': 10, 'r6g.8xlarge_use1-az4': 50, 'r6g.8xlarge_use1-az5': 50, 'r6g.8xlarge_use1-az6': 50, 'r6g.large_use1-az1': 10, 'r6g.large_use1-az2': 40, 'r6g.large_use1-az4': 50, 'r6g.large_use1-az5': 5, 'r6g.large_use1-az6': 50, 'r6g.medium_use1-az1': 1, 'r6g.medium_use1-az2': 10, 'r6g.medium_use1-az4': 15, 'r6g.medium_use1-az5': 15, 'r6g.medium_use1-az6': 35, 'r6g.xlarge_use1-az1': 1, 'r6g.xlarge_use1-az2': 50, 'r6g.xlarge_use1-az4': 50, 'r6g.xlarge_use1-az5': 50, 'r6g.xlarge_use1-az6': 50, 'r6gd.12xlarge_use1-az1': 1, 'r6gd.12xlarge_use1-az2': 5, 'r6gd.12xlarge_use1-az4': 10, 'r6gd.12xlarge_use1-az5': 1, 'r6gd.12xlarge_use1-az6': 10, 'r6gd.16xlarge_use1-az1': 5, 'r6gd.16xlarge_use1-az2': 5, 'r6gd.16xlarge_use1-az4': 50, 'r6gd.16xlarge_use1-az5': 1, 'r6gd.16xlarge_use1-az6': 45, 'r6gd.2xlarge_use1-az1': 1, 'r6gd.2xlarge_use1-az2': 20, 'r6gd.2xlarge_use1-az4': 30, 'r6gd.2xlarge_use1-az5': 1, 'r6gd.2xlarge_use1-az6': 1, 'r6gd.4xlarge_use1-az1': 5, 'r6gd.4xlarge_use1-az2': 20, 'r6gd.4xlarge_use1-az4': 50, 'r6gd.4xlarge_use1-az5': 1, 'r6gd.4xlarge_use1-az6': 25, 'r6gd.8xlarge_use1-az1': 1, 'r6gd.8xlarge_use1-az2': 10, 'r6gd.8xlarge_use1-az4': 20, 'r6gd.8xlarge_use1-az5': 1, 'r6gd.8xlarge_use1-az6': 30, 'r6gd.large_use1-az1': 50, 'r6gd.large_use1-az2': 50, 'r6gd.large_use1-az4': 50, 'r6gd.large_use1-az5': 50, 'r6gd.large_use1-az6': 50, 'r6gd.medium_use1-az1': 5, 'r6gd.medium_use1-az2': 1, 'r6gd.medium_use1-az4': 5, 'r6gd.medium_use1-az5': 5, 'r6gd.medium_use1-az6': 1, 'r6gd.xlarge_use1-az1': 1, 'r6gd.xlarge_use1-az2': 1, 'r6gd.xlarge_use1-az4': 5, 'r6gd.xlarge_use1-az6': 10, 'r6i.12xlarge_use1-az1': 5, 'r6i.12xlarge_use1-az2': 5, 'r6i.12xlarge_use1-az4': 5, 'r6i.12xlarge_use1-az5': 1, 'r6i.12xlarge_use1-az6': 10, 'r6i.16xlarge_use1-az1': 1, 'r6i.16xlarge_use1-az2': 1, 'r6i.16xlarge_use1-az4': 10, 'r6i.16xlarge_use1-az5': 10, 'r6i.16xlarge_use1-az6': 1, 'r6i.24xlarge_use1-az4': 10, 'r6i.24xlarge_use1-az5': 1, 'r6i.24xlarge_use1-az6': 5, 'r6i.2xlarge_use1-az1': 15, 'r6i.2xlarge_use1-az2': 35, 'r6i.2xlarge_use1-az4': 50, 'r6i.2xlarge_use1-az5': 5, 'r6i.2xlarge_use1-az6': 50, 'r6i.32xlarge_use1-az4': 1, 'r6i.32xlarge_use1-az5': 1, 'r6i.32xlarge_use1-az6': 1, 'r6i.4xlarge_use1-az1': 30, 'r6i.4xlarge_use1-az2': 20, 'r6i.4xlarge_use1-az4': 20, 'r6i.4xlarge_use1-az5': 10, 'r6i.4xlarge_use1-az6': 40, 'r6i.8xlarge_use1-az1': 5, 'r6i.8xlarge_use1-az2': 10, 'r6i.8xlarge_use1-az4': 10, 'r6i.8xlarge_use1-az5': 5, 'r6i.8xlarge_use1-az6': 10, 'r6i.large_use1-az1': 20, 'r6i.large_use1-az2': 50, 'r6i.large_use1-az4': 50, 'r6i.large_use1-az5': 20, 'r6i.large_use1-az6': 50, 'r6i.xlarge_use1-az1': 15, 'r6i.xlarge_use1-az2': 45, 'r6i.xlarge_use1-az4': 50, 'r6i.xlarge_use1-az5': 10, 'r6i.xlarge_use1-az6': 50, 'r6id.12xlarge_use1-az1': 1, 'r6id.12xlarge_use1-az2': 5, 'r6id.12xlarge_use1-az4': 1, 'r6id.12xlarge_use1-az6': 5, 'r6id.16xlarge_use1-az1': 5, 'r6id.16xlarge_use1-az2': 5, 'r6id.16xlarge_use1-az4': 15, 'r6id.16xlarge_use1-az5': 1, 'r6id.16xlarge_use1-az6': 20, 'r6id.24xlarge_use1-az1': 10, 'r6id.24xlarge_use1-az2': 10, 'r6id.24xlarge_use1-az4': 5, 'r6id.24xlarge_use1-az5': 15, 'r6id.24xlarge_use1-az6': 25, 'r6id.2xlarge_use1-az1': 5, 'r6id.2xlarge_use1-az2': 1, 'r6id.2xlarge_use1-az4': 10, 'r6id.2xlarge_use1-az5': 1, 'r6id.2xlarge_use1-az6': 10, 'r6id.32xlarge_use1-az1': 1, 'r6id.32xlarge_use1-az2': 5, 'r6id.32xlarge_use1-az4': 1, 'r6id.32xlarge_use1-az5': 1, 'r6id.32xlarge_use1-az6': 10, 'r6id.4xlarge_use1-az1': 40, 'r6id.4xlarge_use1-az2': 50, 'r6id.4xlarge_use1-az4': 10, 'r6id.4xlarge_use1-az5': 20, 'r6id.4xlarge_use1-az6': 35, 'r6id.8xlarge_use1-az1': 1, 'r6id.8xlarge_use1-az2': 1, 'r6id.8xlarge_use1-az4': 5, 'r6id.8xlarge_use1-az5': 1, 'r6id.8xlarge_use1-az6': 5, 'r6id.large_use1-az1': 15, 'r6id.large_use1-az2': 10, 'r6id.large_use1-az4': 5, 'r6id.large_use1-az5': 15, 'r6id.large_use1-az6': 30, 'r6id.xlarge_use1-az1': 5, 'r6id.xlarge_use1-az2': 15, 'r6id.xlarge_use1-az4': 10, 'r6id.xlarge_use1-az5': 15, 'r6id.xlarge_use1-az6': 15, 'r6idn.16xlarge_use1-az4': 1, 'r6idn.16xlarge_use1-az5': 1, 'r6idn.16xlarge_use1-az6': 1, 'r6idn.24xlarge_use1-az6': 1, 'r6idn.2xlarge_use1-az1': 1, 'r6idn.2xlarge_use1-az2': 1, 'r6idn.2xlarge_use1-az4': 5, 'r6idn.2xlarge_use1-az5': 1, 'r6idn.2xlarge_use1-az6': 5, 'r6idn.32xlarge_use1-az6': 1, 'r6idn.4xlarge_use1-az1': 15, 'r6idn.4xlarge_use1-az2': 15, 'r6idn.4xlarge_use1-az4': 15, 'r6idn.4xlarge_use1-az5': 5, 'r6idn.4xlarge_use1-az6': 10, 'r6idn.8xlarge_use1-az2': 1, 'r6idn.8xlarge_use1-az4': 1, 'r6idn.8xlarge_use1-az6': 5, 'r6idn.large_use1-az1': 1, 'r6idn.large_use1-az2': 1, 'r6idn.large_use1-az4': 5, 'r6idn.large_use1-az5': 5, 'r6idn.large_use1-az6': 5, 'r6idn.xlarge_use1-az1': 5, 'r6idn.xlarge_use1-az2': 1, 'r6idn.xlarge_use1-az4': 5, 'r6idn.xlarge_use1-az5': 1, 'r6idn.xlarge_use1-az6': 5, 'r6in.12xlarge_use1-az1': 1, 'r6in.12xlarge_use1-az6': 5, 'r6in.16xlarge_use1-az4': 1, 'r6in.16xlarge_use1-az5': 1, 'r6in.16xlarge_use1-az6': 5, 'r6in.24xlarge_use1-az6': 1, 'r6in.2xlarge_use1-az1': 1, 'r6in.2xlarge_use1-az2': 1, 'r6in.2xlarge_use1-az4': 1, 'r6in.2xlarge_use1-az5': 1, 'r6in.2xlarge_use1-az6': 1, 'r6in.4xlarge_use1-az1': 5, 'r6in.4xlarge_use1-az2': 20, 'r6in.4xlarge_use1-az4': 15, 'r6in.4xlarge_use1-az5': 20, 'r6in.4xlarge_use1-az6': 20, 'r6in.8xlarge_use1-az1': 5, 'r6in.8xlarge_use1-az4': 1, 'r6in.8xlarge_use1-az6': 5, 'r6in.large_use1-az1': 45, 'r6in.large_use1-az2': 50, 'r6in.large_use1-az4': 50, 'r6in.large_use1-az5': 40, 'r6in.large_use1-az6': 50, 'r6in.xlarge_use1-az1': 1, 'r6in.xlarge_use1-az2': 1, 'r6in.xlarge_use1-az4': 1, 'r6in.xlarge_use1-az5': 1, 'r6in.xlarge_use1-az6': 1, 'r7a.12xlarge_use1-az1': 1, 'r7a.12xlarge_use1-az2': 1, 'r7a.12xlarge_use1-az4': 5, 'r7a.12xlarge_use1-az6': 20, 'r7a.16xlarge_use1-az1': 1, 'r7a.16xlarge_use1-az2': 15, 'r7a.16xlarge_use1-az4': 30, 'r7a.16xlarge_use1-az6': 50, 'r7a.24xlarge_use1-az2': 10, 'r7a.24xlarge_use1-az4': 10, 'r7a.24xlarge_use1-az6': 35, 'r7a.2xlarge_use1-az1': 1, 'r7a.2xlarge_use1-az2': 5, 'r7a.2xlarge_use1-az4': 25, 'r7a.2xlarge_use1-az6': 1, 'r7a.32xlarge_use1-az2': 1, 'r7a.32xlarge_use1-az4': 1, 'r7a.32xlarge_use1-az6': 50, 'r7a.48xlarge_use1-az2': 5, 'r7a.48xlarge_use1-az4': 5, 'r7a.48xlarge_use1-az6': 50, 'r7a.4xlarge_use1-az1': 5, 'r7a.4xlarge_use1-az2': 25, 'r7a.4xlarge_use1-az4': 50, 'r7a.4xlarge_use1-az6': 50, 'r7a.8xlarge_use1-az1': 5, 'r7a.8xlarge_use1-az2': 20, 'r7a.8xlarge_use1-az4': 50, 'r7a.8xlarge_use1-az6': 50, 'r7a.large_use1-az1': 50, 'r7a.large_use1-az2': 50, 'r7a.large_use1-az4': 50, 'r7a.large_use1-az6': 50, 'r7a.medium_use1-az1': 10, 'r7a.medium_use1-az2': 25, 'r7a.medium_use1-az4': 50, 'r7a.medium_use1-az6': 50, 'r7a.xlarge_use1-az1': 20, 'r7a.xlarge_use1-az2': 50, 'r7a.xlarge_use1-az4': 50, 'r7a.xlarge_use1-az6': 25, 'r7g.12xlarge_use1-az1': 1, 'r7g.12xlarge_use1-az2': 5, 'r7g.12xlarge_use1-az4': 50, 'r7g.12xlarge_use1-az5': 1, 'r7g.12xlarge_use1-az6': 5, 'r7g.16xlarge_use1-az1': 5, 'r7g.16xlarge_use1-az2': 30, 'r7g.16xlarge_use1-az4': 50, 'r7g.16xlarge_use1-az5': 5, 'r7g.16xlarge_use1-az6': 50, 'r7g.2xlarge_use1-az1': 5, 'r7g.2xlarge_use1-az2': 10, 'r7g.2xlarge_use1-az4': 50, 'r7g.2xlarge_use1-az5': 5, 'r7g.2xlarge_use1-az6': 15, 'r7g.4xlarge_use1-az1': 5, 'r7g.4xlarge_use1-az2': 5, 'r7g.4xlarge_use1-az4': 50, 'r7g.4xlarge_use1-az5': 5, 'r7g.4xlarge_use1-az6': 15, 'r7g.8xlarge_use1-az1': 1, 'r7g.8xlarge_use1-az2': 50, 'r7g.8xlarge_use1-az4': 50, 'r7g.8xlarge_use1-az5': 50, 'r7g.8xlarge_use1-az6': 50, 'r7g.large_use1-az1': 20, 'r7g.large_use1-az2': 50, 'r7g.large_use1-az4': 50, 'r7g.large_use1-az5': 40, 'r7g.large_use1-az6': 40, 'r7g.medium_use1-az1': 50, 'r7g.medium_use1-az2': 50, 'r7g.medium_use1-az4': 50, 'r7g.medium_use1-az5': 25, 'r7g.medium_use1-az6': 50, 'r7g.xlarge_use1-az1': 50, 'r7g.xlarge_use1-az2': 50, 'r7g.xlarge_use1-az4': 50, 'r7g.xlarge_use1-az5': 10, 'r7g.xlarge_use1-az6': 50, 'r7gd.12xlarge_use1-az1': 1, 'r7gd.12xlarge_use1-az2': 10, 'r7gd.12xlarge_use1-az4': 35, 'r7gd.12xlarge_use1-az5': 10, 'r7gd.12xlarge_use1-az6': 50, 'r7gd.16xlarge_use1-az1': 5, 'r7gd.16xlarge_use1-az2': 50, 'r7gd.16xlarge_use1-az4': 50, 'r7gd.16xlarge_use1-az5': 50, 'r7gd.16xlarge_use1-az6': 50, 'r7gd.2xlarge_use1-az1': 5, 'r7gd.2xlarge_use1-az2': 25, 'r7gd.2xlarge_use1-az4': 25, 'r7gd.2xlarge_use1-az5': 40, 'r7gd.2xlarge_use1-az6': 50, 'r7gd.4xlarge_use1-az1': 1, 'r7gd.4xlarge_use1-az2': 20, 'r7gd.4xlarge_use1-az4': 25, 'r7gd.4xlarge_use1-az5': 30, 'r7gd.4xlarge_use1-az6': 50, 'r7gd.8xlarge_use1-az1': 1, 'r7gd.8xlarge_use1-az2': 10, 'r7gd.8xlarge_use1-az4': 30, 'r7gd.8xlarge_use1-az5': 20, 'r7gd.8xlarge_use1-az6': 50, 'r7gd.large_use1-az1': 15, 'r7gd.large_use1-az2': 10, 'r7gd.large_use1-az4': 50, 'r7gd.large_use1-az5': 15, 'r7gd.large_use1-az6': 35, 'r7gd.medium_use1-az1': 35, 'r7gd.medium_use1-az2': 15, 'r7gd.medium_use1-az4': 25, 'r7gd.medium_use1-az5': 15, 'r7gd.medium_use1-az6': 20, 'r7gd.xlarge_use1-az1': 1, 'r7gd.xlarge_use1-az2': 10, 'r7gd.xlarge_use1-az4': 25, 'r7gd.xlarge_use1-az5': 10, 'r7gd.xlarge_use1-az6': 50, 'r7i.12xlarge_use1-az4': 1, 'r7i.12xlarge_use1-az6': 10, 'r7i.16xlarge_use1-az1': 5, 'r7i.16xlarge_use1-az2': 15, 'r7i.16xlarge_use1-az4': 45, 'r7i.16xlarge_use1-az5': 5, 'r7i.16xlarge_use1-az6': 50, 'r7i.24xlarge_use1-az1': 1, 'r7i.24xlarge_use1-az2': 1, 'r7i.24xlarge_use1-az4': 5, 'r7i.24xlarge_use1-az5': 5, 'r7i.24xlarge_use1-az6': 5, 'r7i.2xlarge_use1-az1': 5, 'r7i.2xlarge_use1-az2': 5, 'r7i.2xlarge_use1-az4': 10, 'r7i.2xlarge_use1-az5': 5, 'r7i.2xlarge_use1-az6': 50, 'r7i.48xlarge_use1-az2': 1, 'r7i.48xlarge_use1-az4': 5, 'r7i.48xlarge_use1-az5': 1, 'r7i.48xlarge_use1-az6': 5, 'r7i.4xlarge_use1-az1': 5, 'r7i.4xlarge_use1-az2': 20, 'r7i.4xlarge_use1-az4': 10, 'r7i.4xlarge_use1-az5': 1, 'r7i.4xlarge_use1-az6': 50, 'r7i.8xlarge_use1-az1': 5, 'r7i.8xlarge_use1-az2': 25, 'r7i.8xlarge_use1-az4': 25, 'r7i.8xlarge_use1-az5': 5, 'r7i.8xlarge_use1-az6': 50, 'r7i.large_use1-az1': 15, 'r7i.large_use1-az2': 50, 'r7i.large_use1-az4': 50, 'r7i.large_use1-az5': 15, 'r7i.large_use1-az6': 50, 'r7i.xlarge_use1-az1': 5, 'r7i.xlarge_use1-az2': 15, 'r7i.xlarge_use1-az4': 10, 'r7i.xlarge_use1-az5': 15, 'r7i.xlarge_use1-az6': 50, 'r8g.12xlarge_use1-az2': 5, 'r8g.12xlarge_use1-az4': 5, 'r8g.12xlarge_use1-az6': 15, 'r8g.16xlarge_use1-az1': 1, 'r8g.16xlarge_use1-az2': 50, 'r8g.16xlarge_use1-az4': 50, 'r8g.16xlarge_use1-az5': 5, 'r8g.16xlarge_use1-az6': 50, 'r8g.24xlarge_use1-az2': 10, 'r8g.24xlarge_use1-az4': 5, 'r8g.24xlarge_use1-az5': 5, 'r8g.24xlarge_use1-az6': 35, 'r8g.2xlarge_use1-az2': 5, 'r8g.2xlarge_use1-az4': 5, 'r8g.2xlarge_use1-az5': 1, 'r8g.2xlarge_use1-az6': 5, 'r8g.48xlarge_use1-az2': 1, 'r8g.48xlarge_use1-az4': 5, 'r8g.48xlarge_use1-az6': 5, 'r8g.4xlarge_use1-az2': 10, 'r8g.4xlarge_use1-az4': 35, 'r8g.4xlarge_use1-az5': 5, 'r8g.4xlarge_use1-az6': 50, 'r8g.8xlarge_use1-az2': 40, 'r8g.8xlarge_use1-az4': 15, 'r8g.8xlarge_use1-az5': 1, 'r8g.8xlarge_use1-az6': 50, 'r8g.large_use1-az1': 5, 'r8g.large_use1-az2': 30, 'r8g.large_use1-az4': 15, 'r8g.large_use1-az5': 10, 'r8g.large_use1-az6': 20, 'r8g.medium_use1-az1': 15, 'r8g.medium_use1-az2': 30, 'r8g.medium_use1-az4': 20, 'r8g.medium_use1-az5': 5, 'r8g.medium_use1-az6': 15, 'r8g.xlarge_use1-az1': 1, 'r8g.xlarge_use1-az2': 10, 'r8g.xlarge_use1-az4': 5, 'r8g.xlarge_use1-az5': 5, 'r8g.xlarge_use1-az6': 10, 'r8gb.24xlarge_use1-az6': 1, 'r8gb.2xlarge_use1-az2': 1, 'r8gb.2xlarge_use1-az4': 1, 'r8gb.2xlarge_use1-az6': 1, 'r8gb.large_use1-az2': 20, 'r8gb.large_use1-az4': 15, 'r8gb.large_use1-az6': 25, 'r8gb.medium_use1-az2': 50, 'r8gb.metal-24xl_use1-az6': 1, 'r8gb.xlarge_use1-az2': 5, 'r8gb.xlarge_use1-az4': 5, 'r8gb.xlarge_use1-az6': 5, 'r8gd.12xlarge_use1-az5': 1, 'r8gd.12xlarge_use1-az6': 1, 'r8gd.16xlarge_use1-az2': 1, 'r8gd.16xlarge_use1-az4': 1, 'r8gd.16xlarge_use1-az5': 1, 'r8gd.16xlarge_use1-az6': 15, 'r8gd.24xlarge_use1-az2': 1, 'r8gd.24xlarge_use1-az5': 1, 'r8gd.24xlarge_use1-az6': 25, 'r8gd.2xlarge_use1-az2': 25, 'r8gd.2xlarge_use1-az4': 30, 'r8gd.2xlarge_use1-az6': 50, 'r8gd.48xlarge_use1-az6': 50, 'r8gd.4xlarge_use1-az1': 1, 'r8gd.4xlarge_use1-az2': 20, 'r8gd.4xlarge_use1-az5': 1, 'r8gd.4xlarge_use1-az6': 15, 'r8gd.8xlarge_use1-az2': 5, 'r8gd.8xlarge_use1-az4': 1, 'r8gd.8xlarge_use1-az5': 1, 'r8gd.8xlarge_use1-az6': 1, 'r8gd.large_use1-az2': 50, 'r8gd.large_use1-az5': 1, 'r8gd.large_use1-az6': 50, 'r8gd.medium_use1-az1': 5, 'r8gd.medium_use1-az2': 5, 'r8gd.medium_use1-az4': 5, 'r8gd.medium_use1-az5': 10, 'r8gd.metal-24xl_use1-az6': 1, 'r8gd.metal-48xl_use1-az6': 1, 'r8gd.xlarge_use1-az2': 25, 'r8gd.xlarge_use1-az4': 1, 'r8gd.xlarge_use1-az5': 50, 'r8gd.xlarge_use1-az6': 40, 'r8gn.16xlarge_use1-az6': 1, 'r8gn.24xlarge_use1-az2': 1, 'r8gn.2xlarge_use1-az2': 1, 'r8gn.2xlarge_use1-az4': 1, 'r8gn.2xlarge_use1-az6': 1, 'r8gn.48xlarge_use1-az6': 1, 'r8gn.4xlarge_use1-az6': 5, 'r8gn.8xlarge_use1-az2': 1, 'r8gn.8xlarge_use1-az6': 5, 'r8gn.large_use1-az2': 20, 'r8gn.large_use1-az4': 15, 'r8gn.large_use1-az6': 20, 'r8gn.medium_use1-az2': 35, 'r8gn.medium_use1-az4': 40, 'r8gn.metal-24xl_use1-az2': 1, 'r8gn.metal-24xl_use1-az6': 1, 'r8gn.xlarge_use1-az2': 1, 'r8gn.xlarge_use1-az4': 5, 'r8gn.xlarge_use1-az6': 10, 'r8i-flex.2xlarge_use1-az2': 1, 'r8i-flex.2xlarge_use1-az6': 5, 'r8i-flex.4xlarge_use1-az2': 1, 'r8i-flex.4xlarge_use1-az6': 1, 'r8i-flex.large_use1-az2': 1, 'r8i-flex.large_use1-az6': 5, 'r8i-flex.xlarge_use1-az2': 5, 'r8i-flex.xlarge_use1-az6': 1, 'r8i.12xlarge_use1-az2': 1, 'r8i.12xlarge_use1-az6': 1, 'r8i.16xlarge_use1-az2': 1, 'r8i.16xlarge_use1-az6': 1, 'r8i.24xlarge_use1-az6': 1, 'r8i.2xlarge_use1-az2': 5, 'r8i.2xlarge_use1-az6': 5, 'r8i.32xlarge_use1-az2': 1, 'r8i.32xlarge_use1-az6': 1, 'r8i.48xlarge_use1-az2': 1, 'r8i.48xlarge_use1-az6': 1, 'r8i.4xlarge_use1-az2': 1, 'r8i.4xlarge_use1-az6': 5, 'r8i.8xlarge_use1-az2': 1, 'r8i.8xlarge_use1-az6': 5, 'r8i.96xlarge_use1-az2': 1, 'r8i.96xlarge_use1-az6': 1, 'r8i.large_use1-az2': 20, 'r8i.large_use1-az6': 20, 'r8i.xlarge_use1-az2': 5, 'r8i.xlarge_use1-az6': 5, 't2.2xlarge_use1-az1': 50, 't2.2xlarge_use1-az2': 50, 't2.2xlarge_use1-az3': 15, 't2.2xlarge_use1-az4': 50, 't2.2xlarge_use1-az5': 50, 't2.2xlarge_use1-az6': 50, 't2.large_use1-az1': 20, 't2.large_use1-az2': 50, 't2.large_use1-az3': 50, 't2.large_use1-az4': 50, 't2.large_use1-az5': 25, 't2.large_use1-az6': 50, 't2.medium_use1-az1': 50, 't2.medium_use1-az2': 50, 't2.medium_use1-az3': 50, 't2.medium_use1-az4': 50, 't2.medium_use1-az5': 50, 't2.medium_use1-az6': 50, 't2.xlarge_use1-az1': 35, 't2.xlarge_use1-az2': 50, 't2.xlarge_use1-az3': 20, 't2.xlarge_use1-az4': 50, 't2.xlarge_use1-az5': 5, 't2.xlarge_use1-az6': 50, 't3.2xlarge_use1-az1': 50, 't3.2xlarge_use1-az2': 50, 't3.2xlarge_use1-az4': 50, 't3.2xlarge_use1-az5': 50, 't3.2xlarge_use1-az6': 50, 't3.large_use1-az1': 50, 't3.large_use1-az2': 50, 't3.large_use1-az4': 50, 't3.large_use1-az5': 50, 't3.large_use1-az6': 50, 't3.medium_use1-az1': 50, 't3.medium_use1-az2': 50, 't3.medium_use1-az4': 50, 't3.medium_use1-az5': 50, 't3.medium_use1-az6': 50, 't3.xlarge_use1-az1': 50, 't3.xlarge_use1-az2': 50, 't3.xlarge_use1-az4': 50, 't3.xlarge_use1-az5': 50, 't3.xlarge_use1-az6': 50, 't3a.2xlarge_use1-az1': 50, 't3a.2xlarge_use1-az2': 50, 't3a.2xlarge_use1-az4': 50, 't3a.2xlarge_use1-az5': 50, 't3a.2xlarge_use1-az6': 50, 't3a.large_use1-az1': 50, 't3a.large_use1-az2': 50, 't3a.large_use1-az4': 50, 't3a.large_use1-az5': 5, 't3a.large_use1-az6': 50, 't3a.medium_use1-az1': 50, 't3a.medium_use1-az2': 50, 't3a.medium_use1-az4': 50, 't3a.medium_use1-az5': 5, 't3a.medium_use1-az6': 50, 't3a.xlarge_use1-az1': 25, 't3a.xlarge_use1-az2': 50, 't3a.xlarge_use1-az4': 50, 't3a.xlarge_use1-az5': 15, 't3a.xlarge_use1-az6': 50, 't4g.2xlarge_use1-az1': 5, 't4g.2xlarge_use1-az2': 15, 't4g.2xlarge_use1-az4': 5, 't4g.2xlarge_use1-az5': 10, 't4g.2xlarge_use1-az6': 10, 't4g.large_use1-az1': 1, 't4g.large_use1-az2': 15, 't4g.large_use1-az4': 50, 't4g.large_use1-az5': 25, 't4g.large_use1-az6': 35, 't4g.medium_use1-az1': 1, 't4g.medium_use1-az2': 50, 't4g.medium_use1-az4': 50, 't4g.medium_use1-az5': 35, 't4g.medium_use1-az6': 50, 't4g.xlarge_use1-az1': 30, 't4g.xlarge_use1-az2': 15, 't4g.xlarge_use1-az4': 50, 't4g.xlarge_use1-az5': 5, 't4g.xlarge_use1-az6': 10, 'trn1.2xlarge_use1-az5': 5, 'trn1.2xlarge_use1-az6': 20, 'trn1.32xlarge_use1-az6': 50, 'trn1n.32xlarge_use1-az6': 50, 'vt1.3xlarge_use1-az2': 1, 'vt1.6xlarge_use1-az2': 1, 'x1.16xlarge_use1-az2': 1, 'x1.16xlarge_use1-az4': 1, 'x1.16xlarge_use1-az6': 1, 'x1.32xlarge_use1-az2': 1, 'x1.32xlarge_use1-az3': 5, 'x1.32xlarge_use1-az6': 1, 'x1e.16xlarge_use1-az2': 1, 'x1e.16xlarge_use1-az4': 1, 'x1e.16xlarge_use1-az6': 5, 'x1e.2xlarge_use1-az1': 1, 'x1e.2xlarge_use1-az2': 5, 'x1e.2xlarge_use1-az4': 10, 'x1e.2xlarge_use1-az6': 1, 'x1e.4xlarge_use1-az2': 5, 'x1e.4xlarge_use1-az4': 5, 'x1e.4xlarge_use1-az6': 1, 'x1e.8xlarge_use1-az1': 1, 'x1e.8xlarge_use1-az2': 1, 'x1e.8xlarge_use1-az4': 5, 'x1e.8xlarge_use1-az6': 5, 'x1e.xlarge_use1-az1': 10, 'x1e.xlarge_use1-az2': 20, 'x1e.xlarge_use1-az4': 15, 'x1e.xlarge_use1-az6': 5, 'x2gd.12xlarge_use1-az5': 5, 'x2gd.12xlarge_use1-az6': 1, 'x2gd.16xlarge_use1-az5': 1, 'x2gd.16xlarge_use1-az6': 15, 'x2gd.2xlarge_use1-az1': 5, 'x2gd.2xlarge_use1-az4': 1, 'x2gd.2xlarge_use1-az5': 5, 'x2gd.2xlarge_use1-az6': 30, 'x2gd.4xlarge_use1-az1': 1, 'x2gd.4xlarge_use1-az2': 1, 'x2gd.4xlarge_use1-az4': 5, 'x2gd.4xlarge_use1-az5': 1, 'x2gd.4xlarge_use1-az6': 35, 'x2gd.8xlarge_use1-az4': 1, 'x2gd.8xlarge_use1-az5': 1, 'x2gd.8xlarge_use1-az6': 5, 'x2gd.large_use1-az1': 35, 'x2gd.large_use1-az2': 25, 'x2gd.large_use1-az4': 15, 'x2gd.large_use1-az5': 25, 'x2gd.large_use1-az6': 50, 'x2gd.medium_use1-az1': 25, 'x2gd.medium_use1-az2': 35, 'x2gd.medium_use1-az4': 50, 'x2gd.medium_use1-az5': 50, 'x2gd.medium_use1-az6': 50, 'x2gd.xlarge_use1-az1': 5, 'x2gd.xlarge_use1-az2': 1, 'x2gd.xlarge_use1-az4': 20, 'x2gd.xlarge_use1-az5': 15, 'x2gd.xlarge_use1-az6': 25, 'x2idn.16xlarge_use1-az2': 1, 'x2idn.16xlarge_use1-az5': 1, 'x2idn.24xlarge_use1-az4': 1, 'x2idn.24xlarge_use1-az5': 1, 'x2idn.32xlarge_use1-az5': 1, 'x2iedn.24xlarge_use1-az4': 1, 'x2iedn.24xlarge_use1-az6': 1, 'x2iedn.2xlarge_use1-az1': 1, 'x2iedn.2xlarge_use1-az2': 25, 'x2iedn.2xlarge_use1-az4': 15, 'x2iedn.2xlarge_use1-az5': 1, 'x2iedn.2xlarge_use1-az6': 5, 'x2iedn.4xlarge_use1-az1': 1, 'x2iedn.4xlarge_use1-az2': 1, 'x2iedn.4xlarge_use1-az4': 1, 'x2iedn.4xlarge_use1-az5': 1, 'x2iedn.4xlarge_use1-az6': 1, 'x2iedn.8xlarge_use1-az4': 1, 'x2iedn.8xlarge_use1-az6': 1, 'x2iedn.xlarge_use1-az1': 5, 'x2iedn.xlarge_use1-az2': 20, 'x2iedn.xlarge_use1-az4': 10, 'x2iedn.xlarge_use1-az5': 1, 'x2iedn.xlarge_use1-az6': 10, 'x2iezn.12xlarge_use1-az2': 1, 'x2iezn.12xlarge_use1-az4': 20, 'x2iezn.12xlarge_use1-az6': 5, 'x2iezn.2xlarge_use1-az2': 5, 'x2iezn.2xlarge_use1-az4': 10, 'x2iezn.2xlarge_use1-az6': 1, 'x2iezn.4xlarge_use1-az2': 1, 'x2iezn.4xlarge_use1-az4': 5, 'x2iezn.4xlarge_use1-az6': 1, 'x2iezn.6xlarge_use1-az2': 1, 'x2iezn.6xlarge_use1-az4': 5, 'x2iezn.6xlarge_use1-az6': 1, 'x2iezn.8xlarge_use1-az2': 1, 'x2iezn.8xlarge_use1-az4': 10, 'x2iezn.8xlarge_use1-az6': 1, 'x8g.12xlarge_use1-az2': 1, 'x8g.12xlarge_use1-az4': 20, 'x8g.12xlarge_use1-az6': 1, 'x8g.16xlarge_use1-az1': 1, 'x8g.16xlarge_use1-az2': 5, 'x8g.16xlarge_use1-az4': 5, 'x8g.16xlarge_use1-az6': 5, 'x8g.24xlarge_use1-az1': 1, 'x8g.24xlarge_use1-az2': 5, 'x8g.24xlarge_use1-az4': 5, 'x8g.24xlarge_use1-az6': 10, 'x8g.2xlarge_use1-az1': 5, 'x8g.2xlarge_use1-az2': 10, 'x8g.2xlarge_use1-az4': 10, 'x8g.2xlarge_use1-az6': 25, 'x8g.48xlarge_use1-az1': 1, 'x8g.48xlarge_use1-az2': 1, 'x8g.48xlarge_use1-az4': 10, 'x8g.48xlarge_use1-az6': 1, 'x8g.4xlarge_use1-az1': 1, 'x8g.4xlarge_use1-az2': 5, 'x8g.4xlarge_use1-az4': 5, 'x8g.4xlarge_use1-az6': 10, 'x8g.8xlarge_use1-az2': 15, 'x8g.8xlarge_use1-az4': 20, 'x8g.8xlarge_use1-az6': 5, 'x8g.large_use1-az1': 30, 'x8g.large_use1-az4': 50, 'x8g.large_use1-az6': 50, 'x8g.medium_use1-az1': 50, 'x8g.medium_use1-az4': 50, 'x8g.medium_use1-az6': 50, 'x8g.metal-24xl_use1-az1': 1, 'x8g.metal-24xl_use1-az2': 1, 'x8g.metal-24xl_use1-az4': 1, 'x8g.metal-24xl_use1-az6': 10, 'x8g.metal-48xl_use1-az2': 1, 'x8g.metal-48xl_use1-az4': 1, 'x8g.metal-48xl_use1-az6': 1, 'x8g.xlarge_use1-az1': 10, 'x8g.xlarge_use1-az2': 20, 'x8g.xlarge_use1-az4': 40, 'x8g.xlarge_use1-az6': 50, 'z1d.12xlarge_use1-az1': 1, 'z1d.12xlarge_use1-az2': 1, 'z1d.12xlarge_use1-az4': 1, 'z1d.12xlarge_use1-az5': 1, 'z1d.12xlarge_use1-az6': 5, 'z1d.2xlarge_use1-az1': 5, 'z1d.2xlarge_use1-az2': 5, 'z1d.2xlarge_use1-az4': 15, 'z1d.2xlarge_use1-az5': 1, 'z1d.2xlarge_use1-az6': 15, 'z1d.3xlarge_use1-az1': 5, 'z1d.3xlarge_use1-az2': 5, 'z1d.3xlarge_use1-az4': 10, 'z1d.3xlarge_use1-az5': 5, 'z1d.3xlarge_use1-az6': 5, 'z1d.6xlarge_use1-az1': 1, 'z1d.6xlarge_use1-az2': 1, 'z1d.6xlarge_use1-az4': 1, 'z1d.6xlarge_use1-az6': 1, 'z1d.large_use1-az1': 15, 'z1d.large_use1-az2': 5, 'z1d.large_use1-az4': 25, 'z1d.large_use1-az5': 10, 'z1d.large_use1-az6': 25, 'z1d.xlarge_use1-az1': 10, 'z1d.xlarge_use1-az2': 20, 'z1d.xlarge_use1-az4': 30, 'z1d.xlarge_use1-az5': 1, 'z1d.xlarge_use1-az6': 20}"
0.87,27579.09179999996,29751966573,1078787.031477661,1145809,1145709,"{'c3.2xlarge_use1-az2': 5, 'c3.2xlarge_use1-az4': 50, 'c3.2xlarge_use1-az6': 15, 'c3.4xlarge_use1-az2': 5, 'c3.4xlarge_use1-az4': 5, 'c3.4xlarge_use1-az6': 5, 'c3.8xlarge_use1-az2': 5, 'c3.8xlarge_use1-az4': 5, 'c3.8xlarge_use1-az6': 1, 'c3.xlarge_use1-az2': 35, 'c3.xlarge_use1-az3': 1, 'c3.xlarge_use1-az4': 50, 'c3.xlarge_use1-az6': 30, 'c4.2xlarge_use1-az1': 5, 'c4.2xlarge_use1-az2': 5, 'c4.2xlarge_use1-az3': 25, 'c4.2xlarge_use1-az4': 15, 'c4.2xlarge_use1-az5': 15, 'c4.2xlarge_use1-az6': 10, 'c4.4xlarge_use1-az1': 5, 'c4.4xlarge_use1-az2': 5, 'c4.4xlarge_use1-az3': 10, 'c4.4xlarge_use1-az4': 5, 'c4.4xlarge_use1-az5': 5, 'c4.4xlarge_use1-az6': 1, 'c4.8xlarge_use1-az1': 1, 'c4.8xlarge_use1-az2': 5, 'c4.8xlarge_use1-az3': 5, 'c4.8xlarge_use1-az4': 15, 'c4.8xlarge_use1-az5': 5, 'c4.8xlarge_use1-az6': 5, 'c4.xlarge_use1-az1': 25, 'c4.xlarge_use1-az2': 40, 'c4.xlarge_use1-az3': 20, 'c4.xlarge_use1-az4': 40, 'c4.xlarge_use1-az5': 50, 'c4.xlarge_use1-az6': 50, 'c5.12xlarge_use1-az1': 50, 'c5.12xlarge_use1-az2': 50, 'c5.12xlarge_use1-az4': 50, 'c5.12xlarge_use1-az5': 50, 'c5.12xlarge_use1-az6': 50, 'c5.18xlarge_use1-az1': 5, 'c5.18xlarge_use1-az2': 50, 'c5.18xlarge_use1-az4': 15, 'c5.18xlarge_use1-az5': 10, 'c5.18xlarge_use1-az6': 1, 'c5.24xlarge_use1-az1': 1, 'c5.24xlarge_use1-az2': 5, 'c5.24xlarge_use1-az4': 5, 'c5.24xlarge_use1-az5': 1, 'c5.24xlarge_use1-az6': 5, 'c5.2xlarge_use1-az1': 50, 'c5.2xlarge_use1-az2': 50, 'c5.2xlarge_use1-az4': 50, 'c5.2xlarge_use1-az5': 50, 'c5.2xlarge_use1-az6': 50, 'c5.4xlarge_use1-az1': 50, 'c5.4xlarge_use1-az2': 50, 'c5.4xlarge_use1-az4': 50, 'c5.4xlarge_use1-az5': 50, 'c5.4xlarge_use1-az6': 50, 'c5.9xlarge_use1-az1': 50, 'c5.9xlarge_use1-az2': 50, 'c5.9xlarge_use1-az4': 50, 'c5.9xlarge_use1-az5': 50, 'c5.9xlarge_use1-az6': 50, 'c5.large_use1-az1': 50, 'c5.large_use1-az2': 50, 'c5.large_use1-az4': 50, 'c5.large_use1-az5': 50, 'c5.large_use1-az6': 50, 'c5.xlarge_use1-az1': 50, 'c5.xlarge_use1-az2': 50, 'c5.xlarge_use1-az4': 50, 'c5.xlarge_use1-az5': 50, 'c5.xlarge_use1-az6': 50, 'c5a.12xlarge_use1-az1': 5, 'c5a.12xlarge_use1-az2': 10, 'c5a.12xlarge_use1-az4': 15, 'c5a.12xlarge_use1-az5': 1, 'c5a.12xlarge_use1-az6': 5, 'c5a.16xlarge_use1-az4': 1, 'c5a.16xlarge_use1-az6': 1, 'c5a.24xlarge_use1-az2': 1, 'c5a.24xlarge_use1-az4': 1, 'c5a.24xlarge_use1-az6': 1, 'c5a.2xlarge_use1-az1': 30, 'c5a.2xlarge_use1-az2': 20, 'c5a.2xlarge_use1-az4': 50, 'c5a.2xlarge_use1-az5': 15, 'c5a.2xlarge_use1-az6': 50, 'c5a.4xlarge_use1-az1': 5, 'c5a.4xlarge_use1-az2': 1, 'c5a.4xlarge_use1-az4': 5, 'c5a.4xlarge_use1-az5': 5, 'c5a.4xlarge_use1-az6': 5, 'c5a.8xlarge_use1-az1': 1, 'c5a.8xlarge_use1-az2': 1, 'c5a.8xlarge_use1-az4': 5, 'c5a.8xlarge_use1-az6': 15, 'c5a.large_use1-az1': 50, 'c5a.large_use1-az2': 50, 'c5a.large_use1-az4': 50, 'c5a.large_use1-az5': 45, 'c5a.large_use1-az6': 50, 'c5a.xlarge_use1-az1': 50, 'c5a.xlarge_use1-az2': 50, 'c5a.xlarge_use1-az4': 50, 'c5a.xlarge_use1-az5': 50, 'c5a.xlarge_use1-az6': 50, 'c5ad.12xlarge_use1-az1': 5, 'c5ad.12xlarge_use1-az2': 5, 'c5ad.12xlarge_use1-az4': 5, 'c5ad.12xlarge_use1-az6': 5, 'c5ad.16xlarge_use1-az1': 1, 'c5ad.16xlarge_use1-az2': 5, 'c5ad.16xlarge_use1-az4': 1, 'c5ad.16xlarge_use1-az6': 1, 'c5ad.24xlarge_use1-az1': 1, 'c5ad.24xlarge_use1-az2': 1, 'c5ad.24xlarge_use1-az4': 1, 'c5ad.24xlarge_use1-az6': 5, 'c5ad.2xlarge_use1-az1': 10, 'c5ad.2xlarge_use1-az2': 5, 'c5ad.2xlarge_use1-az4': 5, 'c5ad.2xlarge_use1-az5': 5, 'c5ad.2xlarge_use1-az6': 15, 'c5ad.4xlarge_use1-az1': 5, 'c5ad.4xlarge_use1-az2': 5, 'c5ad.4xlarge_use1-az4': 1, 'c5ad.4xlarge_use1-az5': 1, 'c5ad.4xlarge_use1-az6': 10, 'c5ad.8xlarge_use1-az1': 1, 'c5ad.8xlarge_use1-az2': 1, 'c5ad.8xlarge_use1-az4': 1, 'c5ad.8xlarge_use1-az5': 1, 'c5ad.8xlarge_use1-az6': 1, 'c5ad.large_use1-az1': 20, 'c5ad.large_use1-az2': 30, 'c5ad.large_use1-az4': 10, 'c5ad.large_use1-az5': 15, 'c5ad.large_use1-az6': 20, 'c5ad.xlarge_use1-az1': 15, 'c5ad.xlarge_use1-az2': 10, 'c5ad.xlarge_use1-az4': 5, 'c5ad.xlarge_use1-az5': 5, 'c5ad.xlarge_use1-az6': 15, 'c5d.12xlarge_use1-az2': 15, 'c5d.12xlarge_use1-az4': 5, 'c5d.12xlarge_use1-az6': 45, 'c5d.18xlarge_use1-az1': 5, 'c5d.18xlarge_use1-az2': 50, 'c5d.18xlarge_use1-az4': 50, 'c5d.18xlarge_use1-az5': 5, 'c5d.18xlarge_use1-az6': 30, 'c5d.24xlarge_use1-az2': 35, 'c5d.24xlarge_use1-az4': 25, 'c5d.24xlarge_use1-az6': 50, 'c5d.2xlarge_use1-az1': 15, 'c5d.2xlarge_use1-az2': 50, 'c5d.2xlarge_use1-az4': 50, 'c5d.2xlarge_use1-az5': 20, 'c5d.2xlarge_use1-az6': 50, 'c5d.4xlarge_use1-az1': 20, 'c5d.4xlarge_use1-az2': 50, 'c5d.4xlarge_use1-az4': 50, 'c5d.4xlarge_use1-az5': 25, 'c5d.4xlarge_use1-az6': 50, 'c5d.9xlarge_use1-az1': 10, 'c5d.9xlarge_use1-az2': 20, 'c5d.9xlarge_use1-az4': 50, 'c5d.9xlarge_use1-az5': 10, 'c5d.9xlarge_use1-az6': 25, 'c5d.large_use1-az1': 50, 'c5d.large_use1-az2': 50, 'c5d.large_use1-az4': 50, 'c5d.large_use1-az5': 35, 'c5d.large_use1-az6': 50, 'c5d.xlarge_use1-az1': 50, 'c5d.xlarge_use1-az2': 50, 'c5d.xlarge_use1-az4': 50, 'c5d.xlarge_use1-az5': 50, 'c5d.xlarge_use1-az6': 50, 'c5n.18xlarge_use1-az1': 30, 'c5n.18xlarge_use1-az2': 5, 'c5n.18xlarge_use1-az4': 10, 'c5n.2xlarge_use1-az1': 5, 'c5n.2xlarge_use1-az2': 10, 'c5n.2xlarge_use1-az4': 15, 'c5n.2xlarge_use1-az5': 10, 'c5n.2xlarge_use1-az6': 10, 'c5n.4xlarge_use1-az1': 5, 'c5n.4xlarge_use1-az2': 1, 'c5n.4xlarge_use1-az4': 5, 'c5n.4xlarge_use1-az6': 1, 'c5n.9xlarge_use1-az1': 10, 'c5n.9xlarge_use1-az2': 1, 'c5n.9xlarge_use1-az4': 5, 'c5n.large_use1-az1': 10, 'c5n.large_use1-az2': 10, 'c5n.large_use1-az4': 25, 'c5n.large_use1-az5': 5, 'c5n.large_use1-az6': 5, 'c5n.xlarge_use1-az1': 1, 'c5n.xlarge_use1-az2': 1, 'c5n.xlarge_use1-az4': 5, 'c5n.xlarge_use1-az5': 1, 'c5n.xlarge_use1-az6': 1, 'c6a.12xlarge_use1-az1': 5, 'c6a.12xlarge_use1-az2': 50, 'c6a.12xlarge_use1-az4': 50, 'c6a.12xlarge_use1-az5': 1, 'c6a.12xlarge_use1-az6': 15, 'c6a.16xlarge_use1-az1': 1, 'c6a.16xlarge_use1-az2': 5, 'c6a.16xlarge_use1-az4': 10, 'c6a.16xlarge_use1-az5': 1, 'c6a.16xlarge_use1-az6': 15, 'c6a.24xlarge_use1-az1': 1, 'c6a.24xlarge_use1-az2': 5, 'c6a.24xlarge_use1-az4': 5, 'c6a.24xlarge_use1-az5': 5, 'c6a.24xlarge_use1-az6': 20, 'c6a.2xlarge_use1-az1': 10, 'c6a.2xlarge_use1-az2': 40, 'c6a.2xlarge_use1-az4': 50, 'c6a.2xlarge_use1-az5': 10, 'c6a.2xlarge_use1-az6': 50, 'c6a.32xlarge_use1-az2': 1, 'c6a.32xlarge_use1-az4': 1, 'c6a.32xlarge_use1-az5': 1, 'c6a.32xlarge_use1-az6': 5, 'c6a.48xlarge_use1-az2': 1, 'c6a.48xlarge_use1-az4': 10, 'c6a.48xlarge_use1-az5': 5, 'c6a.48xlarge_use1-az6': 25, 'c6a.4xlarge_use1-az1': 15, 'c6a.4xlarge_use1-az2': 15, 'c6a.4xlarge_use1-az4': 30, 'c6a.4xlarge_use1-az5': 15, 'c6a.4xlarge_use1-az6': 50, 'c6a.8xlarge_use1-az1': 5, 'c6a.8xlarge_use1-az2': 50, 'c6a.8xlarge_use1-az4': 30, 'c6a.8xlarge_use1-az5': 25, 'c6a.8xlarge_use1-az6': 50, 'c6a.large_use1-az1': 45, 'c6a.large_use1-az2': 50, 'c6a.large_use1-az4': 50, 'c6a.large_use1-az5': 50, 'c6a.large_use1-az6': 20, 'c6a.xlarge_use1-az1': 15, 'c6a.xlarge_use1-az2': 25, 'c6a.xlarge_use1-az4': 25, 'c6a.xlarge_use1-az5': 15, 'c6a.xlarge_use1-az6': 25, 'c6g.12xlarge_use1-az1': 15, 'c6g.12xlarge_use1-az2': 25, 'c6g.12xlarge_use1-az4': 50, 'c6g.12xlarge_use1-az5': 5, 'c6g.12xlarge_use1-az6': 50, 'c6g.16xlarge_use1-az1': 1, 'c6g.16xlarge_use1-az2': 15, 'c6g.16xlarge_use1-az4': 50, 'c6g.16xlarge_use1-az5': 5, 'c6g.16xlarge_use1-az6': 50, 'c6g.2xlarge_use1-az1': 5, 'c6g.2xlarge_use1-az2': 50, 'c6g.2xlarge_use1-az4': 50, 'c6g.2xlarge_use1-az5': 15, 'c6g.2xlarge_use1-az6': 50, 'c6g.4xlarge_use1-az1': 50, 'c6g.4xlarge_use1-az2': 50, 'c6g.4xlarge_use1-az4': 50, 'c6g.4xlarge_use1-az5': 50, 'c6g.4xlarge_use1-az6': 50, 'c6g.8xlarge_use1-az1': 50, 'c6g.8xlarge_use1-az2': 50, 'c6g.8xlarge_use1-az4': 50, 'c6g.8xlarge_use1-az5': 50, 'c6g.8xlarge_use1-az6': 50, 'c6g.large_use1-az1': 5, 'c6g.large_use1-az2': 50, 'c6g.large_use1-az4': 50, 'c6g.large_use1-az5': 50, 'c6g.large_use1-az6': 50, 'c6g.xlarge_use1-az1': 30, 'c6g.xlarge_use1-az2': 50, 'c6g.xlarge_use1-az4': 50, 'c6g.xlarge_use1-az5': 10, 'c6g.xlarge_use1-az6': 50, 'c6gd.12xlarge_use1-az2': 50, 'c6gd.12xlarge_use1-az4': 30, 'c6gd.12xlarge_use1-az5': 1, 'c6gd.12xlarge_use1-az6': 50, 'c6gd.16xlarge_use1-az2': 50, 'c6gd.16xlarge_use1-az4': 30, 'c6gd.16xlarge_use1-az6': 50, 'c6gd.2xlarge_use1-az1': 15, 'c6gd.2xlarge_use1-az2': 50, 'c6gd.2xlarge_use1-az4': 50, 'c6gd.2xlarge_use1-az5': 1, 'c6gd.2xlarge_use1-az6': 50, 'c6gd.4xlarge_use1-az1': 20, 'c6gd.4xlarge_use1-az2': 50, 'c6gd.4xlarge_use1-az4': 50, 'c6gd.4xlarge_use1-az5': 10, 'c6gd.4xlarge_use1-az6': 50, 'c6gd.8xlarge_use1-az1': 25, 'c6gd.8xlarge_use1-az2': 45, 'c6gd.8xlarge_use1-az4': 45, 'c6gd.8xlarge_use1-az5': 1, 'c6gd.8xlarge_use1-az6': 50, 'c6gd.large_use1-az1': 50, 'c6gd.large_use1-az2': 5, 'c6gd.large_use1-az4': 20, 'c6gd.large_use1-az5': 1, 'c6gd.large_use1-az6': 50, 'c6gd.xlarge_use1-az1': 50, 'c6gd.xlarge_use1-az2': 1, 'c6gd.xlarge_use1-az4': 1, 'c6gd.xlarge_use1-az5': 50, 'c6gd.xlarge_use1-az6': 50, 'c6gn.12xlarge_use1-az2': 25, 'c6gn.12xlarge_use1-az4': 50, 'c6gn.12xlarge_use1-az5': 1, 'c6gn.16xlarge_use1-az1': 1, 'c6gn.16xlarge_use1-az2': 50, 'c6gn.16xlarge_use1-az4': 50, 'c6gn.16xlarge_use1-az5': 10, 'c6gn.2xlarge_use1-az1': 5, 'c6gn.2xlarge_use1-az2': 1, 'c6gn.2xlarge_use1-az4': 20, 'c6gn.2xlarge_use1-az5': 1, 'c6gn.4xlarge_use1-az1': 1, 'c6gn.4xlarge_use1-az2': 40, 'c6gn.4xlarge_use1-az4': 35, 'c6gn.4xlarge_use1-az5': 10, 'c6gn.8xlarge_use1-az1': 25, 'c6gn.8xlarge_use1-az2': 35, 'c6gn.8xlarge_use1-az4': 30, 'c6gn.8xlarge_use1-az5': 5, 'c6gn.8xlarge_use1-az6': 5, 'c6gn.large_use1-az1': 5, 'c6gn.large_use1-az2': 25, 'c6gn.large_use1-az4': 10, 'c6gn.large_use1-az5': 15, 'c6gn.large_use1-az6': 1, 'c6gn.xlarge_use1-az1': 5, 'c6gn.xlarge_use1-az2': 10, 'c6gn.xlarge_use1-az4': 15, 'c6gn.xlarge_use1-az5': 5, 'c6gn.xlarge_use1-az6': 1, 'c6i.12xlarge_use1-az1': 15, 'c6i.12xlarge_use1-az2': 15, 'c6i.12xlarge_use1-az4': 30, 'c6i.12xlarge_use1-az5': 5, 'c6i.12xlarge_use1-az6': 5, 'c6i.16xlarge_use1-az1': 5, 'c6i.16xlarge_use1-az2': 15, 'c6i.16xlarge_use1-az4': 25, 'c6i.16xlarge_use1-az5': 10, 'c6i.16xlarge_use1-az6': 30, 'c6i.24xlarge_use1-az1': 5, 'c6i.24xlarge_use1-az2': 5, 'c6i.24xlarge_use1-az4': 10, 'c6i.24xlarge_use1-az5': 1, 'c6i.24xlarge_use1-az6': 15, 'c6i.2xlarge_use1-az1': 20, 'c6i.2xlarge_use1-az2': 50, 'c6i.2xlarge_use1-az4': 50, 'c6i.2xlarge_use1-az5': 5, 'c6i.2xlarge_use1-az6': 50, 'c6i.32xlarge_use1-az1': 10, 'c6i.32xlarge_use1-az2': 5, 'c6i.32xlarge_use1-az4': 50, 'c6i.32xlarge_use1-az5': 1, 'c6i.32xlarge_use1-az6': 40, 'c6i.4xlarge_use1-az1': 10, 'c6i.4xlarge_use1-az2': 40, 'c6i.4xlarge_use1-az4': 50, 'c6i.4xlarge_use1-az5': 15, 'c6i.4xlarge_use1-az6': 50, 'c6i.8xlarge_use1-az1': 10, 'c6i.8xlarge_use1-az2': 45, 'c6i.8xlarge_use1-az4': 50, 'c6i.8xlarge_use1-az5': 10, 'c6i.8xlarge_use1-az6': 50, 'c6i.large_use1-az1': 10, 'c6i.large_use1-az2': 40, 'c6i.large_use1-az4': 30, 'c6i.large_use1-az5': 10, 'c6i.large_use1-az6': 50, 'c6i.xlarge_use1-az1': 50, 'c6i.xlarge_use1-az2': 45, 'c6i.xlarge_use1-az4': 35, 'c6i.xlarge_use1-az5': 10, 'c6i.xlarge_use1-az6': 50, 'c6id.12xlarge_use1-az1': 1, 'c6id.12xlarge_use1-az2': 1, 'c6id.12xlarge_use1-az4': 5, 'c6id.12xlarge_use1-az6': 5, 'c6id.16xlarge_use1-az1': 1, 'c6id.16xlarge_use1-az2': 5, 'c6id.16xlarge_use1-az4': 5, 'c6id.16xlarge_use1-az5': 1, 'c6id.16xlarge_use1-az6': 1, 'c6id.24xlarge_use1-az1': 5, 'c6id.24xlarge_use1-az2': 15, 'c6id.24xlarge_use1-az4': 5, 'c6id.24xlarge_use1-az5': 1, 'c6id.24xlarge_use1-az6': 10, 'c6id.2xlarge_use1-az1': 1, 'c6id.2xlarge_use1-az2': 1, 'c6id.2xlarge_use1-az4': 5, 'c6id.2xlarge_use1-az5': 5, 'c6id.2xlarge_use1-az6': 1, 'c6id.32xlarge_use1-az1': 1, 'c6id.32xlarge_use1-az2': 5, 'c6id.32xlarge_use1-az4': 10, 'c6id.32xlarge_use1-az5': 1, 'c6id.32xlarge_use1-az6': 5, 'c6id.4xlarge_use1-az1': 15, 'c6id.4xlarge_use1-az2': 10, 'c6id.4xlarge_use1-az4': 10, 'c6id.4xlarge_use1-az5': 1, 'c6id.4xlarge_use1-az6': 5, 'c6id.8xlarge_use1-az1': 5, 'c6id.8xlarge_use1-az2': 1, 'c6id.8xlarge_use1-az4': 5, 'c6id.8xlarge_use1-az5': 1, 'c6id.8xlarge_use1-az6': 1, 'c6id.large_use1-az1': 5, 'c6id.large_use1-az2': 5, 'c6id.large_use1-az4': 1, 'c6id.large_use1-az5': 5, 'c6id.large_use1-az6': 5, 'c6id.xlarge_use1-az1': 5, 'c6id.xlarge_use1-az2': 1, 'c6id.xlarge_use1-az4': 5, 'c6id.xlarge_use1-az5': 1, 'c6id.xlarge_use1-az6': 1, 'c6in.12xlarge_use1-az1': 1, 'c6in.12xlarge_use1-az6': 1, 'c6in.16xlarge_use1-az4': 1, 'c6in.24xlarge_use1-az6': 1, 'c6in.2xlarge_use1-az1': 1, 'c6in.2xlarge_use1-az2': 1, 'c6in.2xlarge_use1-az4': 1, 'c6in.2xlarge_use1-az6': 1, 'c6in.32xlarge_use1-az1': 1, 'c6in.32xlarge_use1-az6': 1, 'c6in.4xlarge_use1-az1': 5, 'c6in.4xlarge_use1-az2': 5, 'c6in.4xlarge_use1-az4': 5, 'c6in.4xlarge_use1-az6': 25, 'c6in.8xlarge_use1-az1': 1, 'c6in.8xlarge_use1-az6': 1, 'c6in.large_use1-az1': 5, 'c6in.large_use1-az2': 1, 'c6in.large_use1-az4': 1, 'c6in.large_use1-az5': 1, 'c6in.large_use1-az6': 5, 'c6in.xlarge_use1-az1': 20, 'c6in.xlarge_use1-az2': 1, 'c6in.xlarge_use1-az4': 1, 'c6in.xlarge_use1-az6': 10, 'c7a.12xlarge_use1-az1': 5, 'c7a.12xlarge_use1-az2': 5, 'c7a.12xlarge_use1-az4': 1, 'c7a.12xlarge_use1-az6': 15, 'c7a.16xlarge_use1-az1': 1, 'c7a.16xlarge_use1-az2': 1, 'c7a.16xlarge_use1-az6': 5, 'c7a.24xlarge_use1-az1': 1, 'c7a.24xlarge_use1-az2': 1, 'c7a.24xlarge_use1-az5': 1, 'c7a.24xlarge_use1-az6': 5, 'c7a.2xlarge_use1-az1': 1, 'c7a.2xlarge_use1-az2': 1, 'c7a.2xlarge_use1-az4': 25, 'c7a.2xlarge_use1-az5': 1, 'c7a.2xlarge_use1-az6': 10, 'c7a.32xlarge_use1-az1': 1, 'c7a.32xlarge_use1-az2': 1, 'c7a.32xlarge_use1-az6': 15, 'c7a.48xlarge_use1-az1': 1, 'c7a.48xlarge_use1-az2': 1, 'c7a.48xlarge_use1-az5': 1, 'c7a.48xlarge_use1-az6': 20, 'c7a.4xlarge_use1-az1': 5, 'c7a.4xlarge_use1-az2': 10, 'c7a.4xlarge_use1-az4': 5, 'c7a.4xlarge_use1-az5': 1, 'c7a.4xlarge_use1-az6': 50, 'c7a.8xlarge_use1-az1': 1, 'c7a.8xlarge_use1-az2': 1, 'c7a.8xlarge_use1-az4': 1, 'c7a.8xlarge_use1-az6': 10, 'c7a.large_use1-az1': 15, 'c7a.large_use1-az2': 25, 'c7a.large_use1-az4': 30, 'c7a.large_use1-az5': 10, 'c7a.large_use1-az6': 50, 'c7a.xlarge_use1-az1': 5, 'c7a.xlarge_use1-az2': 5, 'c7a.xlarge_use1-az4': 10, 'c7a.xlarge_use1-az5': 5, 'c7a.xlarge_use1-az6': 15, 'c7g.12xlarge_use1-az1': 15, 'c7g.12xlarge_use1-az2': 50, 'c7g.12xlarge_use1-az4': 15, 'c7g.12xlarge_use1-az5': 1, 'c7g.12xlarge_use1-az6': 50, 'c7g.16xlarge_use1-az1': 25, 'c7g.16xlarge_use1-az2': 40, 'c7g.16xlarge_use1-az4': 50, 'c7g.16xlarge_use1-az5': 10, 'c7g.16xlarge_use1-az6': 50, 'c7g.2xlarge_use1-az1': 50, 'c7g.2xlarge_use1-az2': 50, 'c7g.2xlarge_use1-az4': 50, 'c7g.2xlarge_use1-az5': 50, 'c7g.2xlarge_use1-az6': 50, 'c7g.4xlarge_use1-az1': 50, 'c7g.4xlarge_use1-az2': 50, 'c7g.4xlarge_use1-az4': 50, 'c7g.4xlarge_use1-az5': 50, 'c7g.4xlarge_use1-az6': 50, 'c7g.8xlarge_use1-az1': 50, 'c7g.8xlarge_use1-az2': 50, 'c7g.8xlarge_use1-az4': 50, 'c7g.8xlarge_use1-az5': 50, 'c7g.8xlarge_use1-az6': 50, 'c7g.large_use1-az1': 5, 'c7g.large_use1-az2': 45, 'c7g.large_use1-az4': 30, 'c7g.large_use1-az5': 10, 'c7g.large_use1-az6': 30, 'c7g.xlarge_use1-az1': 50, 'c7g.xlarge_use1-az2': 50, 'c7g.xlarge_use1-az4': 50, 'c7g.xlarge_use1-az5': 50, 'c7g.xlarge_use1-az6': 50, 'c7gd.12xlarge_use1-az1': 5, 'c7gd.12xlarge_use1-az2': 30, 'c7gd.12xlarge_use1-az4': 15, 'c7gd.12xlarge_use1-az5': 15, 'c7gd.12xlarge_use1-az6': 50, 'c7gd.16xlarge_use1-az1': 5, 'c7gd.16xlarge_use1-az2': 30, 'c7gd.16xlarge_use1-az4': 40, 'c7gd.16xlarge_use1-az5': 1, 'c7gd.16xlarge_use1-az6': 50, 'c7gd.2xlarge_use1-az1': 15, 'c7gd.2xlarge_use1-az2': 50, 'c7gd.2xlarge_use1-az4': 50, 'c7gd.2xlarge_use1-az5': 5, 'c7gd.2xlarge_use1-az6': 50, 'c7gd.4xlarge_use1-az1': 30, 'c7gd.4xlarge_use1-az2': 25, 'c7gd.4xlarge_use1-az4': 50, 'c7gd.4xlarge_use1-az5': 1, 'c7gd.4xlarge_use1-az6': 50, 'c7gd.8xlarge_use1-az1': 5, 'c7gd.8xlarge_use1-az2': 15, 'c7gd.8xlarge_use1-az4': 10, 'c7gd.8xlarge_use1-az5': 5, 'c7gd.8xlarge_use1-az6': 20, 'c7gd.large_use1-az1': 1, 'c7gd.large_use1-az2': 25, 'c7gd.large_use1-az4': 5, 'c7gd.large_use1-az5': 10, 'c7gd.large_use1-az6': 20, 'c7gd.xlarge_use1-az1': 15, 'c7gd.xlarge_use1-az2': 50, 'c7gd.xlarge_use1-az4': 5, 'c7gd.xlarge_use1-az5': 15, 'c7gd.xlarge_use1-az6': 25, 'c7gn.12xlarge_use1-az2': 1, 'c7gn.12xlarge_use1-az5': 1, 'c7gn.12xlarge_use1-az6': 1, 'c7gn.16xlarge_use1-az2': 5, 'c7gn.16xlarge_use1-az5': 5, 'c7gn.16xlarge_use1-az6': 20, 'c7gn.2xlarge_use1-az1': 1, 'c7gn.2xlarge_use1-az2': 1, 'c7gn.2xlarge_use1-az5': 1, 'c7gn.2xlarge_use1-az6': 5, 'c7gn.4xlarge_use1-az2': 50, 'c7gn.4xlarge_use1-az4': 1, 'c7gn.4xlarge_use1-az5': 1, 'c7gn.4xlarge_use1-az6': 50, 'c7gn.8xlarge_use1-az2': 1, 'c7gn.8xlarge_use1-az5': 1, 'c7gn.8xlarge_use1-az6': 5, 'c7gn.large_use1-az1': 1, 'c7gn.large_use1-az2': 10, 'c7gn.large_use1-az5': 10, 'c7gn.large_use1-az6': 10, 'c7gn.xlarge_use1-az1': 1, 'c7gn.xlarge_use1-az2': 5, 'c7gn.xlarge_use1-az5': 5, 'c7gn.xlarge_use1-az6': 5, 'c7i-flex.2xlarge_use1-az1': 50, 'c7i-flex.2xlarge_use1-az2': 50, 'c7i-flex.2xlarge_use1-az4': 50, 'c7i-flex.2xlarge_use1-az5': 15, 'c7i-flex.2xlarge_use1-az6': 50, 'c7i-flex.4xlarge_use1-az1': 1, 'c7i-flex.4xlarge_use1-az2': 1, 'c7i-flex.4xlarge_use1-az4': 1, 'c7i-flex.4xlarge_use1-az6': 5, 'c7i-flex.8xlarge_use1-az1': 1, 'c7i-flex.8xlarge_use1-az2': 1, 'c7i-flex.8xlarge_use1-az4': 1, 'c7i-flex.8xlarge_use1-az6': 5, 'c7i-flex.large_use1-az1': 40, 'c7i-flex.large_use1-az2': 50, 'c7i-flex.large_use1-az4': 10, 'c7i-flex.large_use1-az5': 1, 'c7i-flex.large_use1-az6': 50, 'c7i-flex.xlarge_use1-az1': 50, 'c7i-flex.xlarge_use1-az2': 50, 'c7i-flex.xlarge_use1-az4': 50, 'c7i-flex.xlarge_use1-az5': 5, 'c7i-flex.xlarge_use1-az6': 50, 'c7i.12xlarge_use1-az1': 5, 'c7i.12xlarge_use1-az2': 15, 'c7i.12xlarge_use1-az4': 15, 'c7i.12xlarge_use1-az6': 5, 'c7i.16xlarge_use1-az1': 1, 'c7i.16xlarge_use1-az2': 5, 'c7i.16xlarge_use1-az4': 1, 'c7i.16xlarge_use1-az6': 15, 'c7i.24xlarge_use1-az1': 5, 'c7i.24xlarge_use1-az2': 5, 'c7i.24xlarge_use1-az4': 5, 'c7i.24xlarge_use1-az5': 1, 'c7i.24xlarge_use1-az6': 15, 'c7i.2xlarge_use1-az1': 10, 'c7i.2xlarge_use1-az2': 10, 'c7i.2xlarge_use1-az4': 10, 'c7i.2xlarge_use1-az5': 5, 'c7i.2xlarge_use1-az6': 25, 'c7i.48xlarge_use1-az1': 10, 'c7i.48xlarge_use1-az2': 10, 'c7i.48xlarge_use1-az4': 5, 'c7i.48xlarge_use1-az5': 1, 'c7i.48xlarge_use1-az6': 50, 'c7i.4xlarge_use1-az1': 5, 'c7i.4xlarge_use1-az2': 5, 'c7i.4xlarge_use1-az4': 5, 'c7i.4xlarge_use1-az5': 1, 'c7i.4xlarge_use1-az6': 15, 'c7i.8xlarge_use1-az1': 1, 'c7i.8xlarge_use1-az2': 5, 'c7i.8xlarge_use1-az4': 5, 'c7i.8xlarge_use1-az6': 10, 'c7i.large_use1-az1': 45, 'c7i.large_use1-az2': 50, 'c7i.large_use1-az4': 50, 'c7i.large_use1-az5': 5, 'c7i.large_use1-az6': 50, 'c7i.xlarge_use1-az1': 5, 'c7i.xlarge_use1-az2': 10, 'c7i.xlarge_use1-az4': 5, 'c7i.xlarge_use1-az5': 1, 'c7i.xlarge_use1-az6': 5, 'c8g.12xlarge_use1-az1': 1, 'c8g.12xlarge_use1-az2': 5, 'c8g.12xlarge_use1-az4': 1, 'c8g.12xlarge_use1-az6': 25, 'c8g.16xlarge_use1-az1': 10, 'c8g.16xlarge_use1-az2': 5, 'c8g.16xlarge_use1-az4': 1, 'c8g.16xlarge_use1-az6': 50, 'c8g.24xlarge_use1-az1': 5, 'c8g.24xlarge_use1-az2': 10, 'c8g.24xlarge_use1-az4': 1, 'c8g.24xlarge_use1-az6': 25, 'c8g.2xlarge_use1-az1': 5, 'c8g.2xlarge_use1-az2': 5, 'c8g.2xlarge_use1-az4': 50, 'c8g.2xlarge_use1-az5': 1, 'c8g.2xlarge_use1-az6': 50, 'c8g.48xlarge_use1-az1': 1, 'c8g.48xlarge_use1-az2': 5, 'c8g.48xlarge_use1-az6': 50, 'c8g.4xlarge_use1-az1': 35, 'c8g.4xlarge_use1-az2': 15, 'c8g.4xlarge_use1-az4': 20, 'c8g.4xlarge_use1-az5': 10, 'c8g.4xlarge_use1-az6': 50, 'c8g.8xlarge_use1-az1': 1, 'c8g.8xlarge_use1-az2': 5, 'c8g.8xlarge_use1-az4': 5, 'c8g.8xlarge_use1-az6': 50, 'c8g.large_use1-az1': 5, 'c8g.large_use1-az2': 20, 'c8g.large_use1-az4': 5, 'c8g.large_use1-az5': 1, 'c8g.large_use1-az6': 40, 'c8g.metal-24xl_use1-az2': 1, 'c8g.metal-24xl_use1-az6': 20, 'c8g.metal-48xl_use1-az1': 1, 'c8g.metal-48xl_use1-az2': 1, 'c8g.metal-48xl_use1-az6': 50, 'c8g.xlarge_use1-az1': 5, 'c8g.xlarge_use1-az2': 30, 'c8g.xlarge_use1-az4': 5, 'c8g.xlarge_use1-az5': 1, 'c8g.xlarge_use1-az6': 50, 'c8gd.12xlarge_use1-az2': 5, 'c8gd.12xlarge_use1-az4': 5, 'c8gd.12xlarge_use1-az5': 1, 'c8gd.12xlarge_use1-az6': 5, 'c8gd.16xlarge_use1-az2': 10, 'c8gd.16xlarge_use1-az4': 10, 'c8gd.16xlarge_use1-az5': 5, 'c8gd.16xlarge_use1-az6': 50, 'c8gd.24xlarge_use1-az2': 1, 'c8gd.24xlarge_use1-az4': 5, 'c8gd.24xlarge_use1-az5': 1, 'c8gd.24xlarge_use1-az6': 5, 'c8gd.2xlarge_use1-az2': 50, 'c8gd.2xlarge_use1-az4': 50, 'c8gd.2xlarge_use1-az5': 10, 'c8gd.2xlarge_use1-az6': 50, 'c8gd.48xlarge_use1-az2': 1, 'c8gd.48xlarge_use1-az6': 15, 'c8gd.4xlarge_use1-az2': 10, 'c8gd.4xlarge_use1-az4': 30, 'c8gd.4xlarge_use1-az5': 1, 'c8gd.4xlarge_use1-az6': 50, 'c8gd.8xlarge_use1-az2': 1, 'c8gd.8xlarge_use1-az4': 1, 'c8gd.8xlarge_use1-az5': 1, 'c8gd.8xlarge_use1-az6': 5, 'c8gd.large_use1-az1': 1, 'c8gd.large_use1-az2': 40, 'c8gd.large_use1-az4': 35, 'c8gd.large_use1-az6': 50, 'c8gd.metal-24xl_use1-az2': 1, 'c8gd.metal-24xl_use1-az4': 1, 'c8gd.metal-24xl_use1-az5': 1, 'c8gd.metal-24xl_use1-az6': 5, 'c8gd.metal-48xl_use1-az2': 1, 'c8gd.metal-48xl_use1-az6': 1, 'c8gd.xlarge_use1-az1': 1, 'c8gd.xlarge_use1-az2': 20, 'c8gd.xlarge_use1-az4': 20, 'c8gd.xlarge_use1-az5': 15, 'c8gd.xlarge_use1-az6': 50, 'c8gn.2xlarge_use1-az2': 1, 'c8gn.2xlarge_use1-az4': 1, 'c8gn.2xlarge_use1-az6': 1, 'c8gn.4xlarge_use1-az2': 1, 'c8gn.4xlarge_use1-az5': 1, 'c8gn.8xlarge_use1-az2': 1, 'c8gn.8xlarge_use1-az6': 1, 'c8gn.large_use1-az6': 1, 'c8i-flex.12xlarge_use1-az6': 1, 'c8i-flex.16xlarge_use1-az6': 1, 'c8i-flex.2xlarge_use1-az2': 25, 'c8i-flex.2xlarge_use1-az4': 15, 'c8i-flex.2xlarge_use1-az6': 50, 'c8i-flex.4xlarge_use1-az2': 5, 'c8i-flex.4xlarge_use1-az4': 1, 'c8i-flex.4xlarge_use1-az6': 5, 'c8i-flex.8xlarge_use1-az6': 1, 'c8i-flex.large_use1-az4': 20, 'c8i-flex.xlarge_use1-az2': 40, 'c8i-flex.xlarge_use1-az4': 5, 'c8i-flex.xlarge_use1-az6': 50, 'c8i.12xlarge_use1-az2': 1, 'c8i.12xlarge_use1-az4': 1, 'c8i.12xlarge_use1-az6': 1, 'c8i.16xlarge_use1-az6': 1, 'c8i.24xlarge_use1-az6': 1, 'c8i.2xlarge_use1-az2': 10, 'c8i.2xlarge_use1-az4': 5, 'c8i.2xlarge_use1-az6': 20, 'c8i.32xlarge_use1-az2': 1, 'c8i.32xlarge_use1-az4': 1, 'c8i.32xlarge_use1-az6': 5, 'c8i.48xlarge_use1-az2': 1, 'c8i.48xlarge_use1-az6': 1, 'c8i.4xlarge_use1-az2': 5, 'c8i.4xlarge_use1-az4': 5, 'c8i.4xlarge_use1-az6': 5, 'c8i.8xlarge_use1-az2': 1, 'c8i.8xlarge_use1-az4': 1, 'c8i.8xlarge_use1-az6': 5, 'c8i.96xlarge_use1-az2': 1, 'c8i.96xlarge_use1-az6': 5, 'c8i.metal-48xl_use1-az2': 1, 'c8i.metal-96xl_use1-az2': 1, 'c8i.metal-96xl_use1-az6': 5, 'c8i.xlarge_use1-az2': 50, 'c8i.xlarge_use1-az4': 15, 'c8i.xlarge_use1-az6': 50, 'd2.2xlarge_use1-az1': 1, 'd2.2xlarge_use1-az6': 1, 'd2.4xlarge_use1-az2': 1, 'd2.4xlarge_use1-az6': 1, 'd2.xlarge_use1-az6': 1, 'd3.2xlarge_use1-az1': 15, 'd3.2xlarge_use1-az2': 45, 'd3.2xlarge_use1-az4': 40, 'd3.2xlarge_use1-az6': 35, 'd3.4xlarge_use1-az1': 1, 'd3.4xlarge_use1-az2': 5, 'd3.4xlarge_use1-az4': 15, 'd3.4xlarge_use1-az6': 5, 'd3.8xlarge_use1-az1': 1, 'd3.8xlarge_use1-az2': 40, 'd3.8xlarge_use1-az4': 35, 'd3.8xlarge_use1-az6': 20, 'd3.xlarge_use1-az1': 10, 'd3.xlarge_use1-az2': 50, 'd3.xlarge_use1-az4': 45, 'd3.xlarge_use1-az6': 25, 'd3en.12xlarge_use1-az1': 1, 'd3en.12xlarge_use1-az2': 10, 'd3en.12xlarge_use1-az4': 20, 'd3en.12xlarge_use1-az6': 50, 'd3en.2xlarge_use1-az1': 5, 'd3en.2xlarge_use1-az2': 25, 'd3en.2xlarge_use1-az4': 15, 'd3en.2xlarge_use1-az6': 50, 'd3en.4xlarge_use1-az1': 1, 'd3en.4xlarge_use1-az2': 5, 'd3en.4xlarge_use1-az4': 10, 'd3en.4xlarge_use1-az6': 50, 'd3en.6xlarge_use1-az1': 1, 'd3en.6xlarge_use1-az2': 5, 'd3en.6xlarge_use1-az4': 15, 'd3en.6xlarge_use1-az6': 50, 'd3en.8xlarge_use1-az1': 1, 'd3en.8xlarge_use1-az2': 15, 'd3en.8xlarge_use1-az4': 5, 'd3en.8xlarge_use1-az6': 50, 'd3en.xlarge_use1-az1': 5, 'd3en.xlarge_use1-az2': 50, 'd3en.xlarge_use1-az4': 30, 'd3en.xlarge_use1-az6': 50, 'f2.12xlarge_use1-az2': 1, 'f2.12xlarge_use1-az4': 1, 'f2.12xlarge_use1-az6': 1, 'f2.48xlarge_use1-az2': 5, 'f2.48xlarge_use1-az4': 5, 'f2.48xlarge_use1-az6': 1, 'g4ad.16xlarge_use1-az1': 5, 'g4ad.16xlarge_use1-az2': 5, 'g4ad.16xlarge_use1-az4': 5, 'g4ad.16xlarge_use1-az6': 10, 'g4ad.2xlarge_use1-az1': 5, 'g4ad.2xlarge_use1-az2': 10, 'g4ad.2xlarge_use1-az4': 10, 'g4ad.2xlarge_use1-az6': 10, 'g4ad.4xlarge_use1-az1': 10, 'g4ad.4xlarge_use1-az2': 15, 'g4ad.4xlarge_use1-az4': 15, 'g4ad.4xlarge_use1-az6': 5, 'g4ad.8xlarge_use1-az1': 1, 'g4ad.8xlarge_use1-az2': 5, 'g4ad.8xlarge_use1-az4': 5, 'g4ad.8xlarge_use1-az6': 5, 'g4ad.xlarge_use1-az1': 20, 'g4ad.xlarge_use1-az2': 20, 'g4ad.xlarge_use1-az4': 25, 'g4ad.xlarge_use1-az6': 20, 'g4dn.12xlarge_use1-az1': 5, 'g4dn.12xlarge_use1-az2': 15, 'g4dn.12xlarge_use1-az4': 15, 'g4dn.12xlarge_use1-az5': 15, 'g4dn.12xlarge_use1-az6': 50, 'g4dn.16xlarge_use1-az1': 1, 'g4dn.16xlarge_use1-az2': 10, 'g4dn.16xlarge_use1-az4': 1, 'g4dn.16xlarge_use1-az5': 5, 'g4dn.16xlarge_use1-az6': 15, 'g4dn.2xlarge_use1-az1': 45, 'g4dn.2xlarge_use1-az2': 50, 'g4dn.2xlarge_use1-az4': 50, 'g4dn.2xlarge_use1-az5': 50, 'g4dn.2xlarge_use1-az6': 50, 'g4dn.4xlarge_use1-az1': 5, 'g4dn.4xlarge_use1-az2': 40, 'g4dn.4xlarge_use1-az4': 25, 'g4dn.4xlarge_use1-az5': 40, 'g4dn.4xlarge_use1-az6': 40, 'g4dn.8xlarge_use1-az1': 1, 'g4dn.8xlarge_use1-az2': 1, 'g4dn.8xlarge_use1-az4': 10, 'g4dn.8xlarge_use1-az5': 1, 'g4dn.8xlarge_use1-az6': 5, 'g4dn.xlarge_use1-az1': 50, 'g4dn.xlarge_use1-az2': 50, 'g4dn.xlarge_use1-az4': 50, 'g4dn.xlarge_use1-az5': 50, 'g4dn.xlarge_use1-az6': 50, 'g5.12xlarge_use1-az2': 1, 'g5.12xlarge_use1-az5': 10, 'g5.12xlarge_use1-az6': 5, 'g5.16xlarge_use1-az1': 1, 'g5.16xlarge_use1-az2': 1, 'g5.16xlarge_use1-az4': 5, 'g5.16xlarge_use1-az5': 5, 'g5.16xlarge_use1-az6': 10, 'g5.24xlarge_use1-az1': 1, 'g5.24xlarge_use1-az2': 1, 'g5.24xlarge_use1-az4': 1, 'g5.24xlarge_use1-az5': 1, 'g5.24xlarge_use1-az6': 5, 'g5.2xlarge_use1-az1': 25, 'g5.2xlarge_use1-az2': 15, 'g5.2xlarge_use1-az4': 15, 'g5.2xlarge_use1-az5': 50, 'g5.2xlarge_use1-az6': 45, 'g5.48xlarge_use1-az2': 1, 'g5.48xlarge_use1-az5': 5, 'g5.48xlarge_use1-az6': 25, 'g5.4xlarge_use1-az1': 1, 'g5.4xlarge_use1-az2': 50, 'g5.4xlarge_use1-az4': 50, 'g5.4xlarge_use1-az5': 40, 'g5.4xlarge_use1-az6': 50, 'g5.8xlarge_use1-az1': 1, 'g5.8xlarge_use1-az2': 5, 'g5.8xlarge_use1-az4': 10, 'g5.8xlarge_use1-az5': 20, 'g5.8xlarge_use1-az6': 10, 'g5.xlarge_use1-az1': 25, 'g5.xlarge_use1-az2': 50, 'g5.xlarge_use1-az4': 50, 'g5.xlarge_use1-az5': 50, 'g5.xlarge_use1-az6': 50, 'g5g.16xlarge_use1-az1': 1, 'g5g.16xlarge_use1-az6': 5, 'g5g.4xlarge_use1-az6': 1, 'g5g.8xlarge_use1-az1': 1, 'g5g.8xlarge_use1-az4': 1, 'g5g.8xlarge_use1-az6': 1, 'g5g.xlarge_use1-az1': 1, 'g5g.xlarge_use1-az2': 1, 'g5g.xlarge_use1-az4': 1, 'g5g.xlarge_use1-az6': 5, 'g6.12xlarge_use1-az1': 5, 'g6.12xlarge_use1-az2': 1, 'g6.12xlarge_use1-az4': 30, 'g6.12xlarge_use1-az6': 50, 'g6.16xlarge_use1-az1': 1, 'g6.16xlarge_use1-az2': 1, 'g6.16xlarge_use1-az4': 1, 'g6.16xlarge_use1-az6': 5, 'g6.24xlarge_use1-az2': 1, 'g6.24xlarge_use1-az4': 1, 'g6.24xlarge_use1-az6': 1, 'g6.2xlarge_use1-az1': 10, 'g6.2xlarge_use1-az2': 25, 'g6.2xlarge_use1-az4': 50, 'g6.2xlarge_use1-az6': 50, 'g6.48xlarge_use1-az2': 5, 'g6.48xlarge_use1-az4': 30, 'g6.48xlarge_use1-az6': 50, 'g6.4xlarge_use1-az1': 5, 'g6.4xlarge_use1-az2': 10, 'g6.4xlarge_use1-az4': 35, 'g6.4xlarge_use1-az6': 50, 'g6.8xlarge_use1-az1': 5, 'g6.8xlarge_use1-az2': 5, 'g6.8xlarge_use1-az4': 10, 'g6.8xlarge_use1-az6': 15, 'g6.xlarge_use1-az1': 5, 'g6.xlarge_use1-az2': 5, 'g6.xlarge_use1-az4': 5, 'g6.xlarge_use1-az6': 5, 'g6e.16xlarge_use1-az1': 10, 'g6e.16xlarge_use1-az2': 15, 'g6e.16xlarge_use1-az4': 40, 'g6e.16xlarge_use1-az6': 20, 'g6e.2xlarge_use1-az1': 10, 'g6e.2xlarge_use1-az2': 1, 'g6e.2xlarge_use1-az4': 10, 'g6e.2xlarge_use1-az6': 5, 'g6e.48xlarge_use1-az4': 5, 'g6e.48xlarge_use1-az6': 1, 'g6e.4xlarge_use1-az1': 1, 'g6e.4xlarge_use1-az4': 5, 'g6e.4xlarge_use1-az6': 1, 'g6e.8xlarge_use1-az1': 1, 'g6e.8xlarge_use1-az2': 1, 'g6e.8xlarge_use1-az4': 1, 'g6e.8xlarge_use1-az6': 1, 'g6f.2xlarge_use1-az1': 1, 'g6f.2xlarge_use1-az4': 1, 'g6f.2xlarge_use1-az6': 5, 'g6f.4xlarge_use1-az1': 1, 'g6f.4xlarge_use1-az4': 1, 'g6f.4xlarge_use1-az6': 1, 'g6f.large_use1-az1': 10, 'g6f.large_use1-az2': 15, 'g6f.large_use1-az4': 40, 'g6f.large_use1-az6': 20, 'g6f.xlarge_use1-az1': 1, 'g6f.xlarge_use1-az2': 1, 'g6f.xlarge_use1-az4': 5, 'g6f.xlarge_use1-az6': 10, 'gr6.4xlarge_use1-az2': 1, 'gr6.4xlarge_use1-az4': 1, 'gr6.4xlarge_use1-az6': 1, 'gr6.8xlarge_use1-az1': 1, 'gr6.8xlarge_use1-az2': 1, 'gr6.8xlarge_use1-az4': 1, 'gr6.8xlarge_use1-az6': 1, 'i2.2xlarge_use1-az2': 10, 'i2.2xlarge_use1-az3': 5, 'i2.2xlarge_use1-az4': 10, 'i2.2xlarge_use1-az6': 5, 'i2.4xlarge_use1-az1': 1, 'i2.4xlarge_use1-az2': 10, 'i2.4xlarge_use1-az3': 1, 'i2.4xlarge_use1-az4': 10, 'i2.4xlarge_use1-az6': 5, 'i2.8xlarge_use1-az2': 1, 'i2.8xlarge_use1-az3': 1, 'i2.8xlarge_use1-az6': 1, 'i2.xlarge_use1-az1': 1, 'i2.xlarge_use1-az2': 15, 'i2.xlarge_use1-az3': 1, 'i2.xlarge_use1-az4': 20, 'i2.xlarge_use1-az6': 15, 'i3.16xlarge_use1-az1': 20, 'i3.16xlarge_use1-az2': 50, 'i3.16xlarge_use1-az3': 10, 'i3.16xlarge_use1-az4': 50, 'i3.16xlarge_use1-az5': 10, 'i3.16xlarge_use1-az6': 45, 'i3.2xlarge_use1-az1': 50, 'i3.2xlarge_use1-az2': 50, 'i3.2xlarge_use1-az3': 50, 'i3.2xlarge_use1-az4': 50, 'i3.2xlarge_use1-az5': 50, 'i3.2xlarge_use1-az6': 50, 'i3.4xlarge_use1-az1': 50, 'i3.4xlarge_use1-az2': 50, 'i3.4xlarge_use1-az3': 50, 'i3.4xlarge_use1-az4': 50, 'i3.4xlarge_use1-az5': 50, 'i3.4xlarge_use1-az6': 50, 'i3.8xlarge_use1-az1': 50, 'i3.8xlarge_use1-az2': 50, 'i3.8xlarge_use1-az3': 50, 'i3.8xlarge_use1-az4': 50, 'i3.8xlarge_use1-az5': 25, 'i3.8xlarge_use1-az6': 50, 'i3.large_use1-az1': 50, 'i3.large_use1-az2': 50, 'i3.large_use1-az3': 50, 'i3.large_use1-az4': 50, 'i3.large_use1-az5': 50, 'i3.large_use1-az6': 50, 'i3.xlarge_use1-az1': 50, 'i3.xlarge_use1-az2': 50, 'i3.xlarge_use1-az3': 50, 'i3.xlarge_use1-az4': 50, 'i3.xlarge_use1-az5': 50, 'i3.xlarge_use1-az6': 50, 'i3en.12xlarge_use1-az1': 1, 'i3en.12xlarge_use1-az2': 1, 'i3en.12xlarge_use1-az6': 50, 'i3en.24xlarge_use1-az6': 20, 'i3en.2xlarge_use1-az1': 50, 'i3en.2xlarge_use1-az2': 50, 'i3en.2xlarge_use1-az4': 30, 'i3en.2xlarge_use1-az5': 50, 'i3en.2xlarge_use1-az6': 50, 'i3en.3xlarge_use1-az1': 50, 'i3en.3xlarge_use1-az2': 50, 'i3en.3xlarge_use1-az4': 50, 'i3en.3xlarge_use1-az5': 50, 'i3en.3xlarge_use1-az6': 50, 'i3en.6xlarge_use1-az1': 10, 'i3en.6xlarge_use1-az2': 20, 'i3en.6xlarge_use1-az4': 10, 'i3en.6xlarge_use1-az6': 50, 'i3en.large_use1-az1': 50, 'i3en.large_use1-az2': 50, 'i3en.large_use1-az4': 45, 'i3en.large_use1-az5': 35, 'i3en.large_use1-az6': 50, 'i3en.xlarge_use1-az1': 50, 'i3en.xlarge_use1-az2': 50, 'i3en.xlarge_use1-az4': 50, 'i3en.xlarge_use1-az5': 50, 'i3en.xlarge_use1-az6': 50, 'i4g.16xlarge_use1-az2': 1, 'i4g.16xlarge_use1-az4': 1, 'i4g.16xlarge_use1-az5': 50, 'i4g.16xlarge_use1-az6': 50, 'i4g.2xlarge_use1-az2': 10, 'i4g.2xlarge_use1-az4': 15, 'i4g.2xlarge_use1-az5': 40, 'i4g.2xlarge_use1-az6': 50, 'i4g.4xlarge_use1-az2': 25, 'i4g.4xlarge_use1-az4': 30, 'i4g.4xlarge_use1-az5': 50, 'i4g.4xlarge_use1-az6': 50, 'i4g.8xlarge_use1-az5': 45, 'i4g.8xlarge_use1-az6': 15, 'i4g.large_use1-az1': 5, 'i4g.large_use1-az2': 5, 'i4g.large_use1-az4': 5, 'i4g.large_use1-az5': 25, 'i4g.large_use1-az6': 50, 'i4g.xlarge_use1-az2': 10, 'i4g.xlarge_use1-az4': 1, 'i4g.xlarge_use1-az5': 50, 'i4g.xlarge_use1-az6': 50, 'i4i.12xlarge_use1-az2': 5, 'i4i.16xlarge_use1-az1': 1, 'i4i.16xlarge_use1-az2': 1, 'i4i.16xlarge_use1-az4': 1, 'i4i.16xlarge_use1-az6': 1, 'i4i.24xlarge_use1-az2': 1, 'i4i.2xlarge_use1-az1': 15, 'i4i.2xlarge_use1-az2': 50, 'i4i.2xlarge_use1-az4': 50, 'i4i.2xlarge_use1-az5': 1, 'i4i.2xlarge_use1-az6': 50, 'i4i.4xlarge_use1-az1': 1, 'i4i.4xlarge_use1-az2': 35, 'i4i.4xlarge_use1-az4': 1, 'i4i.4xlarge_use1-az6': 15, 'i4i.8xlarge_use1-az1': 1, 'i4i.8xlarge_use1-az2': 40, 'i4i.8xlarge_use1-az6': 5, 'i4i.large_use1-az1': 50, 'i4i.large_use1-az2': 50, 'i4i.large_use1-az4': 50, 'i4i.large_use1-az5': 50, 'i4i.large_use1-az6': 50, 'i4i.xlarge_use1-az1': 50, 'i4i.xlarge_use1-az2': 50, 'i4i.xlarge_use1-az4': 50, 'i4i.xlarge_use1-az5': 50, 'i4i.xlarge_use1-az6': 50, 'i7i.12xlarge_use1-az1': 1, 'i7i.12xlarge_use1-az2': 1, 'i7i.12xlarge_use1-az4': 1, 'i7i.12xlarge_use1-az5': 1, 'i7i.12xlarge_use1-az6': 1, 'i7i.16xlarge_use1-az2': 1, 'i7i.16xlarge_use1-az4': 5, 'i7i.16xlarge_use1-az5': 1, 'i7i.16xlarge_use1-az6': 1, 'i7i.24xlarge_use1-az2': 1, 'i7i.24xlarge_use1-az4': 1, 'i7i.24xlarge_use1-az5': 1, 'i7i.24xlarge_use1-az6': 1, 'i7i.2xlarge_use1-az1': 1, 'i7i.2xlarge_use1-az2': 50, 'i7i.2xlarge_use1-az4': 45, 'i7i.2xlarge_use1-az5': 20, 'i7i.2xlarge_use1-az6': 10, 'i7i.48xlarge_use1-az2': 1, 'i7i.4xlarge_use1-az1': 1, 'i7i.4xlarge_use1-az2': 15, 'i7i.4xlarge_use1-az4': 20, 'i7i.4xlarge_use1-az5': 5, 'i7i.4xlarge_use1-az6': 20, 'i7i.8xlarge_use1-az1': 1, 'i7i.8xlarge_use1-az2': 1, 'i7i.8xlarge_use1-az4': 5, 'i7i.8xlarge_use1-az5': 1, 'i7i.8xlarge_use1-az6': 1, 'i7i.metal-24xl_use1-az2': 1, 'i7i.metal-24xl_use1-az4': 50, 'i7i.metal-24xl_use1-az6': 35, 'i7i.xlarge_use1-az1': 1, 'i7i.xlarge_use1-az6': 20, 'i7ie.12xlarge_use1-az1': 1, 'i7ie.12xlarge_use1-az4': 1, 'i7ie.12xlarge_use1-az6': 30, 'i7ie.18xlarge_use1-az4': 1, 'i7ie.18xlarge_use1-az6': 20, 'i7ie.24xlarge_use1-az1': 1, 'i7ie.24xlarge_use1-az2': 1, 'i7ie.24xlarge_use1-az4': 1, 'i7ie.24xlarge_use1-az6': 50, 'i7ie.2xlarge_use1-az1': 5, 'i7ie.2xlarge_use1-az2': 1, 'i7ie.2xlarge_use1-az4': 15, 'i7ie.2xlarge_use1-az6': 35, 'i7ie.3xlarge_use1-az1': 5, 'i7ie.3xlarge_use1-az2': 1, 'i7ie.3xlarge_use1-az4': 5, 'i7ie.3xlarge_use1-az6': 30, 'i7ie.48xlarge_use1-az6': 50, 'i7ie.6xlarge_use1-az1': 25, 'i7ie.6xlarge_use1-az4': 20, 'i7ie.6xlarge_use1-az6': 50, 'i7ie.large_use1-az1': 45, 'i7ie.large_use1-az2': 15, 'i7ie.large_use1-az4': 50, 'i7ie.large_use1-az6': 50, 'i7ie.metal-24xl_use1-az4': 1, 'i7ie.metal-24xl_use1-az6': 15, 'i7ie.metal-48xl_use1-az6': 10, 'i7ie.xlarge_use1-az1': 10, 'i7ie.xlarge_use1-az2': 25, 'i7ie.xlarge_use1-az4': 45, 'i7ie.xlarge_use1-az6': 50, 'i8g.12xlarge_use1-az6': 1, 'i8g.24xlarge_use1-az6': 10, 'i8g.2xlarge_use1-az2': 1, 'i8g.4xlarge_use1-az2': 1, 'i8g.8xlarge_use1-az6': 5, 'i8g.large_use1-az2': 10, 'i8g.large_use1-az6': 5, 'i8g.xlarge_use1-az2': 1, 'i8g.xlarge_use1-az4': 1, 'i8g.xlarge_use1-az6': 1, 'i8ge.12xlarge_use1-az4': 1, 'i8ge.12xlarge_use1-az6': 5, 'i8ge.18xlarge_use1-az2': 1, 'i8ge.18xlarge_use1-az4': 1, 'i8ge.18xlarge_use1-az6': 5, 'i8ge.24xlarge_use1-az4': 1, 'i8ge.24xlarge_use1-az6': 5, 'i8ge.2xlarge_use1-az4': 10, 'i8ge.3xlarge_use1-az2': 1, 'i8ge.3xlarge_use1-az4': 5, 'i8ge.48xlarge_use1-az4': 5, 'i8ge.6xlarge_use1-az2': 1, 'i8ge.6xlarge_use1-az4': 1, 'i8ge.large_use1-az2': 5, 'i8ge.large_use1-az4': 50, 'i8ge.metal-24xl_use1-az4': 1, 'i8ge.metal-48xl_use1-az6': 1, 'i8ge.xlarge_use1-az4': 20, 'im4gn.16xlarge_use1-az4': 45, 'im4gn.2xlarge_use1-az1': 10, 'im4gn.2xlarge_use1-az4': 20, 'im4gn.2xlarge_use1-az6': 15, 'im4gn.4xlarge_use1-az1': 5, 'im4gn.4xlarge_use1-az4': 15, 'im4gn.8xlarge_use1-az1': 1, 'im4gn.8xlarge_use1-az4': 5, 'im4gn.large_use1-az1': 35, 'im4gn.large_use1-az2': 10, 'im4gn.large_use1-az4': 50, 'im4gn.large_use1-az6': 10, 'im4gn.xlarge_use1-az1': 25, 'im4gn.xlarge_use1-az2': 50, 'im4gn.xlarge_use1-az4': 30, 'im4gn.xlarge_use1-az6': 40, 'inf1.24xlarge_use1-az1': 1, 'inf1.24xlarge_use1-az2': 1, 'inf1.24xlarge_use1-az4': 10, 'inf1.24xlarge_use1-az5': 5, 'inf1.24xlarge_use1-az6': 20, 'inf1.2xlarge_use1-az1': 15, 'inf1.2xlarge_use1-az2': 15, 'inf1.2xlarge_use1-az4': 30, 'inf1.2xlarge_use1-az5': 40, 'inf1.2xlarge_use1-az6': 40, 'inf1.6xlarge_use1-az1': 1, 'inf1.6xlarge_use1-az2': 1, 'inf1.6xlarge_use1-az4': 5, 'inf1.6xlarge_use1-az5': 5, 'inf1.6xlarge_use1-az6': 10, 'inf1.xlarge_use1-az1': 50, 'inf1.xlarge_use1-az2': 50, 'inf1.xlarge_use1-az4': 40, 'inf1.xlarge_use1-az5': 50, 'inf1.xlarge_use1-az6': 50, 'inf2.24xlarge_use1-az4': 1, 'inf2.24xlarge_use1-az6': 10, 'inf2.48xlarge_use1-az6': 15, 'inf2.8xlarge_use1-az2': 5, 'inf2.8xlarge_use1-az4': 5, 'inf2.8xlarge_use1-az5': 1, 'inf2.8xlarge_use1-az6': 1, 'inf2.xlarge_use1-az2': 5, 'inf2.xlarge_use1-az4': 1, 'inf2.xlarge_use1-az6': 50, 'is4gen.2xlarge_use1-az1': 1, 'is4gen.2xlarge_use1-az2': 50, 'is4gen.2xlarge_use1-az4': 50, 'is4gen.2xlarge_use1-az6': 50, 'is4gen.4xlarge_use1-az1': 1, 'is4gen.8xlarge_use1-az1': 1, 'is4gen.8xlarge_use1-az4': 1, 'is4gen.large_use1-az1': 5, 'is4gen.large_use1-az2': 1, 'is4gen.large_use1-az4': 10, 'is4gen.large_use1-az6': 15, 'is4gen.medium_use1-az1': 50, 'is4gen.medium_use1-az2': 25, 'is4gen.medium_use1-az4': 40, 'is4gen.medium_use1-az6': 30, 'is4gen.xlarge_use1-az1': 1, 'is4gen.xlarge_use1-az2': 1, 'is4gen.xlarge_use1-az4': 15, 'is4gen.xlarge_use1-az6': 1, 'm1.large_use1-az1': 5, 'm1.large_use1-az2': 25, 'm1.large_use1-az4': 20, 'm1.large_use1-az6': 15, 'm1.xlarge_use1-az1': 1, 'm1.xlarge_use1-az2': 10, 'm1.xlarge_use1-az4': 10, 'm1.xlarge_use1-az6': 10, 'm2.2xlarge_use1-az1': 5, 'm2.2xlarge_use1-az2': 10, 'm2.2xlarge_use1-az4': 15, 'm2.2xlarge_use1-az6': 5, 'm2.4xlarge_use1-az1': 1, 'm2.4xlarge_use1-az2': 5, 'm2.4xlarge_use1-az4': 5, 'm2.4xlarge_use1-az6': 5, 'm2.xlarge_use1-az1': 5, 'm2.xlarge_use1-az2': 20, 'm2.xlarge_use1-az4': 20, 'm2.xlarge_use1-az6': 15, 'm3.2xlarge_use1-az2': 25, 'm3.2xlarge_use1-az3': 1, 'm3.2xlarge_use1-az4': 40, 'm3.2xlarge_use1-az6': 45, 'm3.large_use1-az2': 50, 'm3.large_use1-az3': 1, 'm3.large_use1-az4': 50, 'm3.large_use1-az6': 50, 'm3.xlarge_use1-az2': 50, 'm3.xlarge_use1-az3': 1, 'm3.xlarge_use1-az4': 50, 'm3.xlarge_use1-az6': 50, 'm4.10xlarge_use1-az1': 5, 'm4.10xlarge_use1-az2': 10, 'm4.10xlarge_use1-az3': 1, 'm4.10xlarge_use1-az4': 50, 'm4.10xlarge_use1-az5': 1, 'm4.10xlarge_use1-az6': 50, 'm4.2xlarge_use1-az1': 5, 'm4.2xlarge_use1-az2': 20, 'm4.2xlarge_use1-az3': 50, 'm4.2xlarge_use1-az4': 20, 'm4.2xlarge_use1-az5': 1, 'm4.2xlarge_use1-az6': 25, 'm4.4xlarge_use1-az1': 50, 'm4.4xlarge_use1-az2': 50, 'm4.4xlarge_use1-az3': 50, 'm4.4xlarge_use1-az4': 25, 'm4.4xlarge_use1-az5': 10, 'm4.4xlarge_use1-az6': 15, 'm4.large_use1-az1': 30, 'm4.large_use1-az2': 50, 'm4.large_use1-az3': 25, 'm4.large_use1-az4': 50, 'm4.large_use1-az5': 10, 'm4.large_use1-az6': 50, 'm4.xlarge_use1-az1': 15, 'm4.xlarge_use1-az2': 50, 'm4.xlarge_use1-az3': 50, 'm4.xlarge_use1-az4': 50, 'm4.xlarge_use1-az5': 30, 'm4.xlarge_use1-az6': 50, 'm5.12xlarge_use1-az1': 5, 'm5.12xlarge_use1-az2': 25, 'm5.12xlarge_use1-az4': 50, 'm5.12xlarge_use1-az5': 1, 'm5.12xlarge_use1-az6': 40, 'm5.16xlarge_use1-az1': 10, 'm5.16xlarge_use1-az2': 50, 'm5.16xlarge_use1-az4': 50, 'm5.16xlarge_use1-az5': 1, 'm5.16xlarge_use1-az6': 50, 'm5.24xlarge_use1-az1': 5, 'm5.24xlarge_use1-az2': 5, 'm5.24xlarge_use1-az4': 5, 'm5.24xlarge_use1-az5': 1, 'm5.24xlarge_use1-az6': 35, 'm5.2xlarge_use1-az1': 50, 'm5.2xlarge_use1-az2': 50, 'm5.2xlarge_use1-az4': 50, 'm5.2xlarge_use1-az5': 50, 'm5.2xlarge_use1-az6': 50, 'm5.4xlarge_use1-az1': 50, 'm5.4xlarge_use1-az2': 50, 'm5.4xlarge_use1-az4': 50, 'm5.4xlarge_use1-az5': 10, 'm5.4xlarge_use1-az6': 50, 'm5.8xlarge_use1-az1': 50, 'm5.8xlarge_use1-az2': 40, 'm5.8xlarge_use1-az4': 50, 'm5.8xlarge_use1-az5': 1, 'm5.8xlarge_use1-az6': 50, 'm5.large_use1-az1': 50, 'm5.large_use1-az2': 50, 'm5.large_use1-az4': 50, 'm5.large_use1-az5': 50, 'm5.large_use1-az6': 50, 'm5.xlarge_use1-az1': 50, 'm5.xlarge_use1-az2': 50, 'm5.xlarge_use1-az4': 50, 'm5.xlarge_use1-az5': 50, 'm5.xlarge_use1-az6': 50, 'm5a.12xlarge_use1-az2': 1, 'm5a.12xlarge_use1-az4': 1, 'm5a.12xlarge_use1-az6': 1, 'm5a.16xlarge_use1-az2': 1, 'm5a.16xlarge_use1-az4': 1, 'm5a.16xlarge_use1-az6': 1, 'm5a.24xlarge_use1-az1': 1, 'm5a.24xlarge_use1-az2': 1, 'm5a.24xlarge_use1-az4': 1, 'm5a.24xlarge_use1-az5': 5, 'm5a.24xlarge_use1-az6': 5, 'm5a.2xlarge_use1-az1': 10, 'm5a.2xlarge_use1-az2': 25, 'm5a.2xlarge_use1-az4': 25, 'm5a.2xlarge_use1-az5': 5, 'm5a.2xlarge_use1-az6': 45, 'm5a.4xlarge_use1-az1': 5, 'm5a.4xlarge_use1-az2': 10, 'm5a.4xlarge_use1-az4': 5, 'm5a.4xlarge_use1-az5': 10, 'm5a.4xlarge_use1-az6': 15, 'm5a.8xlarge_use1-az1': 1, 'm5a.8xlarge_use1-az2': 20, 'm5a.8xlarge_use1-az4': 20, 'm5a.8xlarge_use1-az5': 1, 'm5a.8xlarge_use1-az6': 5, 'm5a.large_use1-az1': 50, 'm5a.large_use1-az2': 50, 'm5a.large_use1-az4': 50, 'm5a.large_use1-az5': 45, 'm5a.large_use1-az6': 50, 'm5a.xlarge_use1-az1': 10, 'm5a.xlarge_use1-az2': 30, 'm5a.xlarge_use1-az4': 10, 'm5a.xlarge_use1-az5': 20, 'm5a.xlarge_use1-az6': 50, 'm5ad.12xlarge_use1-az1': 1, 'm5ad.16xlarge_use1-az1': 1, 'm5ad.16xlarge_use1-az2': 1, 'm5ad.16xlarge_use1-az4': 1, 'm5ad.16xlarge_use1-az6': 1, 'm5ad.24xlarge_use1-az1': 5, 'm5ad.24xlarge_use1-az2': 1, 'm5ad.24xlarge_use1-az4': 1, 'm5ad.24xlarge_use1-az6': 5, 'm5ad.2xlarge_use1-az1': 1, 'm5ad.2xlarge_use1-az2': 1, 'm5ad.2xlarge_use1-az4': 5, 'm5ad.2xlarge_use1-az6': 1, 'm5ad.4xlarge_use1-az1': 1, 'm5ad.4xlarge_use1-az2': 1, 'm5ad.4xlarge_use1-az4': 1, 'm5ad.4xlarge_use1-az6': 1, 'm5ad.8xlarge_use1-az2': 1, 'm5ad.large_use1-az1': 10, 'm5ad.large_use1-az2': 5, 'm5ad.large_use1-az4': 10, 'm5ad.large_use1-az5': 1, 'm5ad.large_use1-az6': 10, 'm5ad.xlarge_use1-az1': 1, 'm5ad.xlarge_use1-az2': 10, 'm5ad.xlarge_use1-az4': 5, 'm5ad.xlarge_use1-az6': 5, 'm5d.12xlarge_use1-az1': 1, 'm5d.12xlarge_use1-az2': 25, 'm5d.12xlarge_use1-az4': 30, 'm5d.12xlarge_use1-az6': 15, 'm5d.16xlarge_use1-az1': 5, 'm5d.16xlarge_use1-az2': 35, 'm5d.16xlarge_use1-az4': 20, 'm5d.16xlarge_use1-az5': 1, 'm5d.16xlarge_use1-az6': 50, 'm5d.24xlarge_use1-az1': 20, 'm5d.24xlarge_use1-az2': 15, 'm5d.24xlarge_use1-az4': 5, 'm5d.24xlarge_use1-az5': 1, 'm5d.24xlarge_use1-az6': 50, 'm5d.2xlarge_use1-az1': 5, 'm5d.2xlarge_use1-az2': 25, 'm5d.2xlarge_use1-az4': 25, 'm5d.2xlarge_use1-az6': 30, 'm5d.4xlarge_use1-az1': 5, 'm5d.4xlarge_use1-az2': 15, 'm5d.4xlarge_use1-az4': 25, 'm5d.4xlarge_use1-az6': 25, 'm5d.8xlarge_use1-az1': 1, 'm5d.8xlarge_use1-az2': 25, 'm5d.8xlarge_use1-az4': 10, 'm5d.8xlarge_use1-az5': 1, 'm5d.8xlarge_use1-az6': 10, 'm5d.large_use1-az1': 5, 'm5d.large_use1-az2': 50, 'm5d.large_use1-az4': 50, 'm5d.large_use1-az6': 50, 'm5d.xlarge_use1-az1': 50, 'm5d.xlarge_use1-az2': 50, 'm5d.xlarge_use1-az4': 50, 'm5d.xlarge_use1-az5': 1, 'm5d.xlarge_use1-az6': 50, 'm5dn.12xlarge_use1-az1': 1, 'm5dn.12xlarge_use1-az4': 1, 'm5dn.12xlarge_use1-az6': 1, 'm5dn.16xlarge_use1-az1': 1, 'm5dn.16xlarge_use1-az2': 5, 'm5dn.16xlarge_use1-az4': 1, 'm5dn.16xlarge_use1-az6': 1, 'm5dn.24xlarge_use1-az1': 1, 'm5dn.24xlarge_use1-az2': 1, 'm5dn.24xlarge_use1-az4': 1, 'm5dn.24xlarge_use1-az6': 5, 'm5dn.2xlarge_use1-az1': 10, 'm5dn.2xlarge_use1-az2': 5, 'm5dn.2xlarge_use1-az4': 5, 'm5dn.2xlarge_use1-az5': 1, 'm5dn.2xlarge_use1-az6': 15, 'm5dn.4xlarge_use1-az1': 5, 'm5dn.4xlarge_use1-az2': 5, 'm5dn.4xlarge_use1-az4': 1, 'm5dn.4xlarge_use1-az5': 1, 'm5dn.4xlarge_use1-az6': 5, 'm5dn.8xlarge_use1-az2': 1, 'm5dn.8xlarge_use1-az6': 1, 'm5dn.large_use1-az1': 35, 'm5dn.large_use1-az2': 30, 'm5dn.large_use1-az4': 40, 'm5dn.large_use1-az5': 15, 'm5dn.large_use1-az6': 50, 'm5dn.xlarge_use1-az1': 10, 'm5dn.xlarge_use1-az2': 25, 'm5dn.xlarge_use1-az4': 20, 'm5dn.xlarge_use1-az5': 1, 'm5dn.xlarge_use1-az6': 30, 'm5n.12xlarge_use1-az1': 1, 'm5n.12xlarge_use1-az2': 1, 'm5n.12xlarge_use1-az4': 1, 'm5n.12xlarge_use1-az5': 1, 'm5n.12xlarge_use1-az6': 1, 'm5n.16xlarge_use1-az2': 1, 'm5n.16xlarge_use1-az4': 1, 'm5n.16xlarge_use1-az6': 1, 'm5n.24xlarge_use1-az2': 1, 'm5n.24xlarge_use1-az4': 1, 'm5n.24xlarge_use1-az6': 1, 'm5n.2xlarge_use1-az1': 15, 'm5n.2xlarge_use1-az2': 25, 'm5n.2xlarge_use1-az4': 30, 'm5n.2xlarge_use1-az5': 5, 'm5n.2xlarge_use1-az6': 25, 'm5n.4xlarge_use1-az1': 25, 'm5n.4xlarge_use1-az2': 35, 'm5n.4xlarge_use1-az4': 50, 'm5n.4xlarge_use1-az5': 5, 'm5n.4xlarge_use1-az6': 10, 'm5n.8xlarge_use1-az1': 1, 'm5n.8xlarge_use1-az2': 1, 'm5n.8xlarge_use1-az4': 1, 'm5n.8xlarge_use1-az6': 5, 'm5n.large_use1-az1': 5, 'm5n.large_use1-az2': 15, 'm5n.large_use1-az4': 5, 'm5n.large_use1-az5': 5, 'm5n.large_use1-az6': 15, 'm5n.xlarge_use1-az1': 20, 'm5n.xlarge_use1-az2': 50, 'm5n.xlarge_use1-az4': 50, 'm5n.xlarge_use1-az5': 1, 'm5n.xlarge_use1-az6': 50, 'm5zn.12xlarge_use1-az2': 1, 'm5zn.12xlarge_use1-az4': 10, 'm5zn.12xlarge_use1-az5': 1, 'm5zn.12xlarge_use1-az6': 5, 'm5zn.2xlarge_use1-az1': 1, 'm5zn.2xlarge_use1-az2': 1, 'm5zn.2xlarge_use1-az4': 25, 'm5zn.2xlarge_use1-az5': 1, 'm5zn.2xlarge_use1-az6': 5, 'm5zn.3xlarge_use1-az1': 1, 'm5zn.3xlarge_use1-az2': 1, 'm5zn.3xlarge_use1-az4': 5, 'm5zn.3xlarge_use1-az6': 5, 'm5zn.6xlarge_use1-az4': 1, 'm5zn.6xlarge_use1-az6': 1, 'm5zn.large_use1-az1': 5, 'm5zn.large_use1-az2': 5, 'm5zn.large_use1-az4': 30, 'm5zn.large_use1-az5': 15, 'm5zn.large_use1-az6': 20, 'm5zn.xlarge_use1-az1': 1, 'm5zn.xlarge_use1-az2': 1, 'm5zn.xlarge_use1-az4': 20, 'm5zn.xlarge_use1-az5': 5, 'm5zn.xlarge_use1-az6': 5, 'm6a.12xlarge_use1-az1': 5, 'm6a.12xlarge_use1-az2': 5, 'm6a.12xlarge_use1-az4': 15, 'm6a.12xlarge_use1-az6': 10, 'm6a.16xlarge_use1-az1': 5, 'm6a.16xlarge_use1-az2': 5, 'm6a.16xlarge_use1-az4': 5, 'm6a.16xlarge_use1-az6': 5, 'm6a.24xlarge_use1-az1': 1, 'm6a.24xlarge_use1-az2': 1, 'm6a.24xlarge_use1-az4': 1, 'm6a.24xlarge_use1-az6': 1, 'm6a.2xlarge_use1-az1': 50, 'm6a.2xlarge_use1-az2': 35, 'm6a.2xlarge_use1-az4': 45, 'm6a.2xlarge_use1-az5': 15, 'm6a.2xlarge_use1-az6': 50, 'm6a.32xlarge_use1-az2': 1, 'm6a.32xlarge_use1-az4': 1, 'm6a.32xlarge_use1-az5': 1, 'm6a.32xlarge_use1-az6': 1, 'm6a.48xlarge_use1-az2': 1, 'm6a.48xlarge_use1-az4': 1, 'm6a.48xlarge_use1-az6': 1, 'm6a.4xlarge_use1-az1': 45, 'm6a.4xlarge_use1-az2': 40, 'm6a.4xlarge_use1-az4': 25, 'm6a.4xlarge_use1-az5': 5, 'm6a.4xlarge_use1-az6': 50, 'm6a.8xlarge_use1-az1': 25, 'm6a.8xlarge_use1-az2': 15, 'm6a.8xlarge_use1-az4': 50, 'm6a.8xlarge_use1-az5': 10, 'm6a.8xlarge_use1-az6': 50, 'm6a.large_use1-az1': 50, 'm6a.large_use1-az2': 50, 'm6a.large_use1-az4': 50, 'm6a.large_use1-az5': 30, 'm6a.large_use1-az6': 50, 'm6a.xlarge_use1-az1': 50, 'm6a.xlarge_use1-az2': 50, 'm6a.xlarge_use1-az4': 50, 'm6a.xlarge_use1-az5': 35, 'm6a.xlarge_use1-az6': 50, 'm6g.12xlarge_use1-az1': 1, 'm6g.12xlarge_use1-az2': 5, 'm6g.12xlarge_use1-az4': 50, 'm6g.12xlarge_use1-az6': 50, 'm6g.16xlarge_use1-az1': 1, 'm6g.16xlarge_use1-az2': 5, 'm6g.16xlarge_use1-az4': 25, 'm6g.16xlarge_use1-az6': 50, 'm6g.2xlarge_use1-az1': 15, 'm6g.2xlarge_use1-az2': 50, 'm6g.2xlarge_use1-az4': 50, 'm6g.2xlarge_use1-az5': 5, 'm6g.2xlarge_use1-az6': 50, 'm6g.4xlarge_use1-az1': 10, 'm6g.4xlarge_use1-az2': 50, 'm6g.4xlarge_use1-az4': 50, 'm6g.4xlarge_use1-az5': 10, 'm6g.4xlarge_use1-az6': 50, 'm6g.8xlarge_use1-az1': 5, 'm6g.8xlarge_use1-az2': 50, 'm6g.8xlarge_use1-az4': 50, 'm6g.8xlarge_use1-az6': 50, 'm6g.large_use1-az1': 1, 'm6g.large_use1-az2': 50, 'm6g.large_use1-az4': 50, 'm6g.large_use1-az5': 5, 'm6g.large_use1-az6': 50, 'm6g.medium_use1-az1': 5, 'm6g.medium_use1-az2': 5, 'm6g.medium_use1-az4': 10, 'm6g.medium_use1-az5': 1, 'm6g.medium_use1-az6': 15, 'm6g.xlarge_use1-az1': 50, 'm6g.xlarge_use1-az2': 50, 'm6g.xlarge_use1-az4': 50, 'm6g.xlarge_use1-az5': 50, 'm6g.xlarge_use1-az6': 50, 'm6gd.12xlarge_use1-az1': 10, 'm6gd.12xlarge_use1-az2': 40, 'm6gd.12xlarge_use1-az4': 20, 'm6gd.12xlarge_use1-az5': 5, 'm6gd.12xlarge_use1-az6': 50, 'm6gd.16xlarge_use1-az1': 5, 'm6gd.16xlarge_use1-az2': 10, 'm6gd.16xlarge_use1-az4': 10, 'm6gd.16xlarge_use1-az5': 10, 'm6gd.16xlarge_use1-az6': 35, 'm6gd.2xlarge_use1-az1': 1, 'm6gd.2xlarge_use1-az2': 50, 'm6gd.2xlarge_use1-az4': 45, 'm6gd.2xlarge_use1-az5': 1, 'm6gd.2xlarge_use1-az6': 5, 'm6gd.4xlarge_use1-az1': 1, 'm6gd.4xlarge_use1-az2': 5, 'm6gd.4xlarge_use1-az4': 5, 'm6gd.4xlarge_use1-az5': 1, 'm6gd.4xlarge_use1-az6': 15, 'm6gd.8xlarge_use1-az1': 5, 'm6gd.8xlarge_use1-az2': 10, 'm6gd.8xlarge_use1-az4': 15, 'm6gd.8xlarge_use1-az5': 1, 'm6gd.8xlarge_use1-az6': 20, 'm6gd.large_use1-az1': 1, 'm6gd.large_use1-az2': 5, 'm6gd.large_use1-az4': 5, 'm6gd.large_use1-az5': 1, 'm6gd.large_use1-az6': 15, 'm6gd.medium_use1-az1': 1, 'm6gd.medium_use1-az2': 1, 'm6gd.medium_use1-az4': 1, 'm6gd.medium_use1-az5': 5, 'm6gd.medium_use1-az6': 1, 'm6gd.xlarge_use1-az1': 1, 'm6gd.xlarge_use1-az2': 10, 'm6gd.xlarge_use1-az4': 35, 'm6gd.xlarge_use1-az5': 1, 'm6gd.xlarge_use1-az6': 15, 'm6i.12xlarge_use1-az1': 1, 'm6i.12xlarge_use1-az2': 10, 'm6i.12xlarge_use1-az4': 50, 'm6i.12xlarge_use1-az5': 1, 'm6i.12xlarge_use1-az6': 30, 'm6i.16xlarge_use1-az1': 1, 'm6i.16xlarge_use1-az2': 10, 'm6i.16xlarge_use1-az4': 5, 'm6i.16xlarge_use1-az5': 1, 'm6i.16xlarge_use1-az6': 10, 'm6i.24xlarge_use1-az2': 10, 'm6i.24xlarge_use1-az4': 5, 'm6i.24xlarge_use1-az5': 1, 'm6i.24xlarge_use1-az6': 50, 'm6i.2xlarge_use1-az1': 25, 'm6i.2xlarge_use1-az2': 50, 'm6i.2xlarge_use1-az4': 50, 'm6i.2xlarge_use1-az5': 25, 'm6i.2xlarge_use1-az6': 50, 'm6i.32xlarge_use1-az2': 1, 'm6i.32xlarge_use1-az4': 5, 'm6i.32xlarge_use1-az5': 1, 'm6i.32xlarge_use1-az6': 15, 'm6i.4xlarge_use1-az1': 15, 'm6i.4xlarge_use1-az2': 50, 'm6i.4xlarge_use1-az4': 50, 'm6i.4xlarge_use1-az5': 50, 'm6i.4xlarge_use1-az6': 50, 'm6i.8xlarge_use1-az1': 1, 'm6i.8xlarge_use1-az2': 50, 'm6i.8xlarge_use1-az4': 50, 'm6i.8xlarge_use1-az5': 20, 'm6i.8xlarge_use1-az6': 50, 'm6i.large_use1-az1': 25, 'm6i.large_use1-az2': 50, 'm6i.large_use1-az4': 50, 'm6i.large_use1-az5': 50, 'm6i.large_use1-az6': 50, 'm6i.xlarge_use1-az1': 45, 'm6i.xlarge_use1-az2': 50, 'm6i.xlarge_use1-az4': 50, 'm6i.xlarge_use1-az5': 25, 'm6i.xlarge_use1-az6': 50, 'm6id.12xlarge_use1-az1': 1, 'm6id.12xlarge_use1-az2': 1, 'm6id.12xlarge_use1-az4': 1, 'm6id.12xlarge_use1-az6': 1, 'm6id.16xlarge_use1-az1': 1, 'm6id.16xlarge_use1-az2': 1, 'm6id.16xlarge_use1-az4': 1, 'm6id.16xlarge_use1-az6': 1, 'm6id.24xlarge_use1-az1': 10, 'm6id.24xlarge_use1-az2': 15, 'm6id.24xlarge_use1-az4': 35, 'm6id.24xlarge_use1-az5': 5, 'm6id.24xlarge_use1-az6': 15, 'm6id.2xlarge_use1-az1': 5, 'm6id.2xlarge_use1-az2': 5, 'm6id.2xlarge_use1-az4': 5, 'm6id.2xlarge_use1-az5': 1, 'm6id.2xlarge_use1-az6': 5, 'm6id.32xlarge_use1-az1': 10, 'm6id.32xlarge_use1-az2': 15, 'm6id.32xlarge_use1-az4': 5, 'm6id.32xlarge_use1-az5': 1, 'm6id.32xlarge_use1-az6': 50, 'm6id.4xlarge_use1-az1': 15, 'm6id.4xlarge_use1-az2': 10, 'm6id.4xlarge_use1-az4': 5, 'm6id.4xlarge_use1-az5': 1, 'm6id.4xlarge_use1-az6': 10, 'm6id.8xlarge_use1-az1': 1, 'm6id.8xlarge_use1-az4': 5, 'm6id.8xlarge_use1-az5': 1, 'm6id.8xlarge_use1-az6': 1, 'm6id.large_use1-az1': 30, 'm6id.large_use1-az2': 35, 'm6id.large_use1-az4': 15, 'm6id.large_use1-az5': 5, 'm6id.large_use1-az6': 50, 'm6id.xlarge_use1-az1': 20, 'm6id.xlarge_use1-az2': 45, 'm6id.xlarge_use1-az4': 15, 'm6id.xlarge_use1-az5': 5, 'm6id.xlarge_use1-az6': 25, 'm6idn.12xlarge_use1-az2': 1, 'm6idn.16xlarge_use1-az4': 1, 'm6idn.24xlarge_use1-az1': 1, 'm6idn.24xlarge_use1-az2': 1, 'm6idn.24xlarge_use1-az4': 1, 'm6idn.2xlarge_use1-az1': 5, 'm6idn.2xlarge_use1-az2': 10, 'm6idn.2xlarge_use1-az4': 5, 'm6idn.2xlarge_use1-az5': 1, 'm6idn.2xlarge_use1-az6': 5, 'm6idn.32xlarge_use1-az2': 1, 'm6idn.4xlarge_use1-az1': 30, 'm6idn.4xlarge_use1-az2': 10, 'm6idn.4xlarge_use1-az4': 5, 'm6idn.4xlarge_use1-az5': 5, 'm6idn.4xlarge_use1-az6': 5, 'm6idn.large_use1-az1': 25, 'm6idn.large_use1-az2': 35, 'm6idn.large_use1-az4': 15, 'm6idn.large_use1-az5': 10, 'm6idn.large_use1-az6': 10, 'm6idn.xlarge_use1-az1': 15, 'm6idn.xlarge_use1-az2': 50, 'm6idn.xlarge_use1-az4': 20, 'm6idn.xlarge_use1-az5': 5, 'm6idn.xlarge_use1-az6': 10, 'm6in.12xlarge_use1-az4': 1, 'm6in.16xlarge_use1-az2': 1, 'm6in.16xlarge_use1-az4': 1, 'm6in.24xlarge_use1-az1': 1, 'm6in.24xlarge_use1-az2': 1, 'm6in.2xlarge_use1-az1': 10, 'm6in.2xlarge_use1-az2': 20, 'm6in.2xlarge_use1-az4': 10, 'm6in.2xlarge_use1-az5': 1, 'm6in.2xlarge_use1-az6': 5, 'm6in.4xlarge_use1-az1': 1, 'm6in.4xlarge_use1-az2': 1, 'm6in.4xlarge_use1-az5': 1, 'm6in.8xlarge_use1-az1': 1, 'm6in.8xlarge_use1-az2': 1, 'm6in.8xlarge_use1-az4': 1, 'm6in.large_use1-az1': 5, 'm6in.large_use1-az2': 10, 'm6in.large_use1-az4': 5, 'm6in.large_use1-az5': 1, 'm6in.large_use1-az6': 1, 'm6in.xlarge_use1-az1': 5, 'm6in.xlarge_use1-az2': 10, 'm6in.xlarge_use1-az4': 1, 'm7a.12xlarge_use1-az2': 1, 'm7a.12xlarge_use1-az6': 20, 'm7a.16xlarge_use1-az2': 1, 'm7a.16xlarge_use1-az6': 40, 'm7a.24xlarge_use1-az2': 1, 'm7a.24xlarge_use1-az6': 50, 'm7a.2xlarge_use1-az1': 5, 'm7a.2xlarge_use1-az2': 15, 'm7a.2xlarge_use1-az4': 10, 'm7a.2xlarge_use1-az6': 50, 'm7a.32xlarge_use1-az6': 20, 'm7a.48xlarge_use1-az6': 40, 'm7a.4xlarge_use1-az1': 10, 'm7a.4xlarge_use1-az2': 5, 'm7a.4xlarge_use1-az4': 10, 'm7a.4xlarge_use1-az6': 25, 'm7a.8xlarge_use1-az1': 1, 'm7a.8xlarge_use1-az2': 5, 'm7a.8xlarge_use1-az4': 1, 'm7a.8xlarge_use1-az6': 50, 'm7a.large_use1-az1': 15, 'm7a.large_use1-az2': 50, 'm7a.large_use1-az4': 50, 'm7a.large_use1-az5': 5, 'm7a.large_use1-az6': 50, 'm7a.medium_use1-az1': 10, 'm7a.medium_use1-az2': 50, 'm7a.medium_use1-az4': 50, 'm7a.medium_use1-az6': 50, 'm7a.xlarge_use1-az1': 5, 'm7a.xlarge_use1-az2': 40, 'm7a.xlarge_use1-az4': 50, 'm7a.xlarge_use1-az6': 50, 'm7g.12xlarge_use1-az1': 1, 'm7g.12xlarge_use1-az2': 10, 'm7g.12xlarge_use1-az4': 45, 'm7g.12xlarge_use1-az5': 1, 'm7g.12xlarge_use1-az6': 50, 'm7g.16xlarge_use1-az1': 1, 'm7g.16xlarge_use1-az2': 30, 'm7g.16xlarge_use1-az4': 35, 'm7g.16xlarge_use1-az5': 1, 'm7g.16xlarge_use1-az6': 50, 'm7g.2xlarge_use1-az1': 35, 'm7g.2xlarge_use1-az2': 50, 'm7g.2xlarge_use1-az4': 50, 'm7g.2xlarge_use1-az5': 15, 'm7g.2xlarge_use1-az6': 50, 'm7g.4xlarge_use1-az1': 10, 'm7g.4xlarge_use1-az2': 30, 'm7g.4xlarge_use1-az4': 50, 'm7g.4xlarge_use1-az5': 10, 'm7g.4xlarge_use1-az6': 50, 'm7g.8xlarge_use1-az1': 1, 'm7g.8xlarge_use1-az2': 15, 'm7g.8xlarge_use1-az4': 40, 'm7g.8xlarge_use1-az5': 1, 'm7g.8xlarge_use1-az6': 50, 'm7g.large_use1-az1': 10, 'm7g.large_use1-az2': 50, 'm7g.large_use1-az4': 50, 'm7g.large_use1-az5': 30, 'm7g.large_use1-az6': 50, 'm7g.medium_use1-az1': 30, 'm7g.medium_use1-az2': 40, 'm7g.medium_use1-az4': 50, 'm7g.medium_use1-az5': 35, 'm7g.medium_use1-az6': 50, 'm7g.metal_use1-az1': 1, 'm7g.metal_use1-az2': 25, 'm7g.metal_use1-az4': 10, 'm7g.metal_use1-az5': 1, 'm7g.metal_use1-az6': 50, 'm7g.xlarge_use1-az1': 50, 'm7g.xlarge_use1-az2': 50, 'm7g.xlarge_use1-az4': 50, 'm7g.xlarge_use1-az5': 50, 'm7g.xlarge_use1-az6': 50, 'm7gd.12xlarge_use1-az1': 5, 'm7gd.12xlarge_use1-az2': 10, 'm7gd.12xlarge_use1-az4': 1, 'm7gd.12xlarge_use1-az6': 35, 'm7gd.16xlarge_use1-az1': 1, 'm7gd.16xlarge_use1-az2': 30, 'm7gd.16xlarge_use1-az4': 1, 'm7gd.16xlarge_use1-az6': 40, 'm7gd.2xlarge_use1-az1': 15, 'm7gd.2xlarge_use1-az2': 50, 'm7gd.2xlarge_use1-az4': 15, 'm7gd.2xlarge_use1-az6': 25, 'm7gd.4xlarge_use1-az1': 5, 'm7gd.4xlarge_use1-az2': 10, 'm7gd.4xlarge_use1-az4': 1, 'm7gd.4xlarge_use1-az6': 40, 'm7gd.8xlarge_use1-az1': 10, 'm7gd.8xlarge_use1-az2': 50, 'm7gd.8xlarge_use1-az4': 30, 'm7gd.8xlarge_use1-az5': 45, 'm7gd.8xlarge_use1-az6': 50, 'm7gd.large_use1-az1': 5, 'm7gd.large_use1-az2': 50, 'm7gd.large_use1-az4': 5, 'm7gd.large_use1-az6': 50, 'm7gd.medium_use1-az1': 15, 'm7gd.medium_use1-az2': 20, 'm7gd.medium_use1-az4': 15, 'm7gd.medium_use1-az5': 20, 'm7gd.medium_use1-az6': 25, 'm7gd.metal_use1-az1': 5, 'm7gd.metal_use1-az2': 15, 'm7gd.metal_use1-az4': 1, 'm7gd.metal_use1-az6': 15, 'm7gd.xlarge_use1-az1': 5, 'm7gd.xlarge_use1-az2': 10, 'm7gd.xlarge_use1-az4': 10, 'm7gd.xlarge_use1-az5': 1, 'm7gd.xlarge_use1-az6': 25, 'm7i-flex.2xlarge_use1-az1': 50, 'm7i-flex.2xlarge_use1-az2': 50, 'm7i-flex.2xlarge_use1-az4': 15, 'm7i-flex.2xlarge_use1-az5': 10, 'm7i-flex.2xlarge_use1-az6': 50, 'm7i-flex.4xlarge_use1-az2': 5, 'm7i-flex.4xlarge_use1-az4': 5, 'm7i-flex.4xlarge_use1-az6': 25, 'm7i-flex.8xlarge_use1-az1': 1, 'm7i-flex.8xlarge_use1-az2': 5, 'm7i-flex.8xlarge_use1-az4': 5, 'm7i-flex.8xlarge_use1-az5': 1, 'm7i-flex.8xlarge_use1-az6': 10, 'm7i-flex.large_use1-az1': 20, 'm7i-flex.large_use1-az2': 50, 'm7i-flex.large_use1-az4': 25, 'm7i-flex.large_use1-az5': 25, 'm7i-flex.large_use1-az6': 50, 'm7i-flex.xlarge_use1-az1': 50, 'm7i-flex.xlarge_use1-az2': 50, 'm7i-flex.xlarge_use1-az4': 50, 'm7i-flex.xlarge_use1-az5': 15, 'm7i-flex.xlarge_use1-az6': 50, 'm7i.12xlarge_use1-az1': 1, 'm7i.12xlarge_use1-az2': 5, 'm7i.12xlarge_use1-az4': 15, 'm7i.12xlarge_use1-az6': 50, 'm7i.16xlarge_use1-az1': 5, 'm7i.16xlarge_use1-az2': 10, 'm7i.16xlarge_use1-az4': 10, 'm7i.16xlarge_use1-az6': 50, 'm7i.24xlarge_use1-az2': 5, 'm7i.24xlarge_use1-az4': 5, 'm7i.24xlarge_use1-az6': 50, 'm7i.2xlarge_use1-az1': 1, 'm7i.2xlarge_use1-az2': 50, 'm7i.2xlarge_use1-az4': 50, 'm7i.2xlarge_use1-az6': 50, 'm7i.48xlarge_use1-az1': 1, 'm7i.48xlarge_use1-az2': 5, 'm7i.48xlarge_use1-az4': 20, 'm7i.48xlarge_use1-az6': 50, 'm7i.4xlarge_use1-az1': 1, 'm7i.4xlarge_use1-az2': 25, 'm7i.4xlarge_use1-az4': 10, 'm7i.4xlarge_use1-az6': 50, 'm7i.8xlarge_use1-az1': 40, 'm7i.8xlarge_use1-az2': 20, 'm7i.8xlarge_use1-az4': 50, 'm7i.8xlarge_use1-az6': 50, 'm7i.large_use1-az1': 50, 'm7i.large_use1-az2': 50, 'm7i.large_use1-az4': 50, 'm7i.large_use1-az5': 1, 'm7i.large_use1-az6': 50, 'm7i.xlarge_use1-az1': 30, 'm7i.xlarge_use1-az2': 35, 'm7i.xlarge_use1-az4': 50, 'm7i.xlarge_use1-az6': 50, 'm8g.12xlarge_use1-az2': 10, 'm8g.12xlarge_use1-az4': 10, 'm8g.12xlarge_use1-az5': 1, 'm8g.12xlarge_use1-az6': 35, 'm8g.16xlarge_use1-az2': 5, 'm8g.16xlarge_use1-az4': 5, 'm8g.16xlarge_use1-az5': 5, 'm8g.16xlarge_use1-az6': 45, 'm8g.24xlarge_use1-az2': 5, 'm8g.24xlarge_use1-az4': 1, 'm8g.24xlarge_use1-az5': 1, 'm8g.24xlarge_use1-az6': 25, 'm8g.2xlarge_use1-az4': 10, 'm8g.2xlarge_use1-az5': 10, 'm8g.48xlarge_use1-az2': 5, 'm8g.48xlarge_use1-az4': 5, 'm8g.48xlarge_use1-az6': 20, 'm8g.4xlarge_use1-az2': 5, 'm8g.4xlarge_use1-az4': 5, 'm8g.4xlarge_use1-az5': 1, 'm8g.4xlarge_use1-az6': 40, 'm8g.8xlarge_use1-az2': 10, 'm8g.8xlarge_use1-az4': 20, 'm8g.8xlarge_use1-az5': 1, 'm8g.8xlarge_use1-az6': 40, 'm8g.large_use1-az1': 1, 'm8g.large_use1-az2': 20, 'm8g.large_use1-az6': 45, 'm8g.medium_use1-az1': 1, 'm8g.medium_use1-az2': 15, 'm8g.metal-48xl_use1-az2': 5, 'm8g.metal-48xl_use1-az6': 25, 'm8g.xlarge_use1-az1': 1, 'm8g.xlarge_use1-az5': 15, 'm8g.xlarge_use1-az6': 50, 'm8gd.16xlarge_use1-az5': 1, 'm8gd.4xlarge_use1-az2': 5, 'm8gd.4xlarge_use1-az4': 1, 'm8gd.4xlarge_use1-az6': 1, 'm8gd.8xlarge_use1-az5': 1, 'm8gd.8xlarge_use1-az6': 5, 'm8gd.large_use1-az1': 20, 'm8gd.large_use1-az2': 15, 'm8gd.large_use1-az5': 1, 'm8gd.large_use1-az6': 1, 'm8gd.medium_use1-az6': 1, 'm8gd.metal-24xl_use1-az2': 1, 'm8gd.xlarge_use1-az1': 1, 'm8gd.xlarge_use1-az5': 1, 'm8i-flex.16xlarge_use1-az6': 5, 'm8i-flex.2xlarge_use1-az2': 10, 'm8i-flex.2xlarge_use1-az4': 1, 'm8i-flex.2xlarge_use1-az6': 50, 'm8i-flex.4xlarge_use1-az2': 1, 'm8i-flex.4xlarge_use1-az4': 1, 'm8i-flex.4xlarge_use1-az6': 5, 'm8i-flex.8xlarge_use1-az6': 1, 'm8i-flex.large_use1-az2': 5, 'm8i-flex.xlarge_use1-az2': 10, 'm8i-flex.xlarge_use1-az4': 25, 'm8i-flex.xlarge_use1-az6': 50, 'm8i.12xlarge_use1-az6': 1, 'm8i.16xlarge_use1-az4': 1, 'm8i.16xlarge_use1-az6': 1, 'm8i.24xlarge_use1-az6': 1, 'm8i.2xlarge_use1-az2': 10, 'm8i.2xlarge_use1-az4': 1, 'm8i.2xlarge_use1-az6': 10, 'm8i.32xlarge_use1-az2': 1, 'm8i.32xlarge_use1-az6': 5, 'm8i.48xlarge_use1-az2': 1, 'm8i.48xlarge_use1-az6': 5, 'm8i.4xlarge_use1-az2': 5, 'm8i.4xlarge_use1-az4': 1, 'm8i.4xlarge_use1-az6': 5, 'm8i.8xlarge_use1-az2': 1, 'm8i.8xlarge_use1-az4': 1, 'm8i.8xlarge_use1-az6': 20, 'm8i.96xlarge_use1-az6': 1, 'm8i.large_use1-az4': 25, 'm8i.metal-48xl_use1-az6': 1, 'm8i.metal-96xl_use1-az6': 1, 'm8i.xlarge_use1-az2': 30, 'm8i.xlarge_use1-az4': 10, 'p3.2xlarge_use1-az1': 50, 'p3.2xlarge_use1-az2': 50, 'p3.2xlarge_use1-az5': 50, 'p3.2xlarge_use1-az6': 50, 'p3dn.24xlarge_use1-az1': 15, 'p3dn.24xlarge_use1-az6': 50, 'p4d.24xlarge_use1-az2': 1, 'p4d.24xlarge_use1-az6': 1, 'p5.48xlarge_use1-az2': 15, 'r3.2xlarge_use1-az2': 1, 'r3.2xlarge_use1-az4': 1, 'r3.2xlarge_use1-az6': 1, 'r3.4xlarge_use1-az4': 1, 'r3.4xlarge_use1-az6': 1, 'r3.8xlarge_use1-az2': 1, 'r3.8xlarge_use1-az4': 1, 'r3.8xlarge_use1-az6': 5, 'r3.large_use1-az2': 50, 'r3.large_use1-az4': 50, 'r3.large_use1-az6': 50, 'r3.xlarge_use1-az2': 40, 'r3.xlarge_use1-az4': 50, 'r3.xlarge_use1-az6': 50, 'r4.16xlarge_use1-az1': 10, 'r4.16xlarge_use1-az2': 10, 'r4.16xlarge_use1-az3': 50, 'r4.16xlarge_use1-az4': 35, 'r4.16xlarge_use1-az5': 15, 'r4.16xlarge_use1-az6': 10, 'r4.2xlarge_use1-az1': 20, 'r4.2xlarge_use1-az2': 50, 'r4.2xlarge_use1-az3': 50, 'r4.2xlarge_use1-az4': 50, 'r4.2xlarge_use1-az5': 5, 'r4.2xlarge_use1-az6': 50, 'r4.4xlarge_use1-az1': 20, 'r4.4xlarge_use1-az2': 50, 'r4.4xlarge_use1-az3': 40, 'r4.4xlarge_use1-az4': 15, 'r4.4xlarge_use1-az5': 5, 'r4.4xlarge_use1-az6': 50, 'r4.8xlarge_use1-az1': 50, 'r4.8xlarge_use1-az2': 50, 'r4.8xlarge_use1-az3': 25, 'r4.8xlarge_use1-az4': 50, 'r4.8xlarge_use1-az5': 5, 'r4.8xlarge_use1-az6': 50, 'r4.large_use1-az1': 35, 'r4.large_use1-az2': 50, 'r4.large_use1-az3': 10, 'r4.large_use1-az4': 50, 'r4.large_use1-az5': 20, 'r4.large_use1-az6': 50, 'r4.xlarge_use1-az1': 50, 'r4.xlarge_use1-az2': 50, 'r4.xlarge_use1-az3': 50, 'r4.xlarge_use1-az4': 50, 'r4.xlarge_use1-az5': 30, 'r4.xlarge_use1-az6': 50, 'r5.12xlarge_use1-az1': 5, 'r5.12xlarge_use1-az2': 5, 'r5.12xlarge_use1-az4': 50, 'r5.12xlarge_use1-az5': 5, 'r5.12xlarge_use1-az6': 5, 'r5.16xlarge_use1-az1': 5, 'r5.16xlarge_use1-az4': 35, 'r5.16xlarge_use1-az5': 30, 'r5.16xlarge_use1-az6': 5, 'r5.24xlarge_use1-az4': 15, 'r5.24xlarge_use1-az5': 5, 'r5.24xlarge_use1-az6': 5, 'r5.2xlarge_use1-az1': 50, 'r5.2xlarge_use1-az2': 50, 'r5.2xlarge_use1-az4': 50, 'r5.2xlarge_use1-az5': 5, 'r5.2xlarge_use1-az6': 50, 'r5.4xlarge_use1-az1': 50, 'r5.4xlarge_use1-az2': 50, 'r5.4xlarge_use1-az4': 50, 'r5.4xlarge_use1-az5': 5, 'r5.4xlarge_use1-az6': 50, 'r5.8xlarge_use1-az1': 50, 'r5.8xlarge_use1-az2': 50, 'r5.8xlarge_use1-az4': 50, 'r5.8xlarge_use1-az5': 5, 'r5.8xlarge_use1-az6': 5, 'r5.large_use1-az1': 50, 'r5.large_use1-az2': 50, 'r5.large_use1-az4': 50, 'r5.large_use1-az5': 50, 'r5.large_use1-az6': 50, 'r5.xlarge_use1-az1': 50, 'r5.xlarge_use1-az2': 50, 'r5.xlarge_use1-az4': 50, 'r5.xlarge_use1-az5': 50, 'r5.xlarge_use1-az6': 50, 'r5a.12xlarge_use1-az1': 1, 'r5a.12xlarge_use1-az2': 1, 'r5a.12xlarge_use1-az4': 5, 'r5a.12xlarge_use1-az6': 5, 'r5a.16xlarge_use1-az1': 10, 'r5a.16xlarge_use1-az2': 10, 'r5a.16xlarge_use1-az4': 10, 'r5a.16xlarge_use1-az5': 5, 'r5a.16xlarge_use1-az6': 5, 'r5a.24xlarge_use1-az1': 5, 'r5a.24xlarge_use1-az2': 15, 'r5a.24xlarge_use1-az4': 10, 'r5a.24xlarge_use1-az5': 1, 'r5a.24xlarge_use1-az6': 10, 'r5a.2xlarge_use1-az1': 10, 'r5a.2xlarge_use1-az2': 20, 'r5a.2xlarge_use1-az4': 35, 'r5a.2xlarge_use1-az5': 5, 'r5a.2xlarge_use1-az6': 30, 'r5a.4xlarge_use1-az1': 25, 'r5a.4xlarge_use1-az2': 50, 'r5a.4xlarge_use1-az4': 50, 'r5a.4xlarge_use1-az5': 5, 'r5a.4xlarge_use1-az6': 50, 'r5a.8xlarge_use1-az1': 25, 'r5a.8xlarge_use1-az2': 10, 'r5a.8xlarge_use1-az4': 15, 'r5a.8xlarge_use1-az5': 30, 'r5a.8xlarge_use1-az6': 20, 'r5a.large_use1-az1': 50, 'r5a.large_use1-az2': 50, 'r5a.large_use1-az4': 50, 'r5a.large_use1-az5': 25, 'r5a.large_use1-az6': 50, 'r5a.xlarge_use1-az1': 20, 'r5a.xlarge_use1-az2': 50, 'r5a.xlarge_use1-az4': 50, 'r5a.xlarge_use1-az5': 5, 'r5a.xlarge_use1-az6': 50, 'r5ad.12xlarge_use1-az2': 1, 'r5ad.16xlarge_use1-az2': 50, 'r5ad.16xlarge_use1-az4': 10, 'r5ad.16xlarge_use1-az5': 1, 'r5ad.16xlarge_use1-az6': 10, 'r5ad.24xlarge_use1-az2': 25, 'r5ad.24xlarge_use1-az4': 1, 'r5ad.24xlarge_use1-az6': 10, 'r5ad.2xlarge_use1-az1': 1, 'r5ad.2xlarge_use1-az2': 1, 'r5ad.2xlarge_use1-az4': 1, 'r5ad.2xlarge_use1-az5': 1, 'r5ad.2xlarge_use1-az6': 1, 'r5ad.4xlarge_use1-az1': 1, 'r5ad.4xlarge_use1-az2': 10, 'r5ad.4xlarge_use1-az4': 5, 'r5ad.4xlarge_use1-az5': 1, 'r5ad.4xlarge_use1-az6': 1, 'r5ad.8xlarge_use1-az2': 5, 'r5ad.8xlarge_use1-az4': 20, 'r5ad.8xlarge_use1-az5': 1, 'r5ad.8xlarge_use1-az6': 10, 'r5ad.large_use1-az1': 1, 'r5ad.large_use1-az2': 30, 'r5ad.large_use1-az4': 10, 'r5ad.large_use1-az5': 5, 'r5ad.large_use1-az6': 10, 'r5ad.xlarge_use1-az1': 1, 'r5ad.xlarge_use1-az2': 10, 'r5ad.xlarge_use1-az4': 10, 'r5ad.xlarge_use1-az5': 1, 'r5ad.xlarge_use1-az6': 5, 'r5b.12xlarge_use1-az1': 5, 'r5b.12xlarge_use1-az4': 5, 'r5b.12xlarge_use1-az6': 1, 'r5b.16xlarge_use1-az1': 5, 'r5b.16xlarge_use1-az2': 5, 'r5b.16xlarge_use1-az4': 5, 'r5b.16xlarge_use1-az6': 5, 'r5b.24xlarge_use1-az1': 1, 'r5b.24xlarge_use1-az4': 5, 'r5b.24xlarge_use1-az6': 1, 'r5b.2xlarge_use1-az1': 1, 'r5b.2xlarge_use1-az2': 1, 'r5b.2xlarge_use1-az4': 1, 'r5b.2xlarge_use1-az6': 1, 'r5b.4xlarge_use1-az1': 5, 'r5b.4xlarge_use1-az2': 5, 'r5b.4xlarge_use1-az4': 5, 'r5b.4xlarge_use1-az6': 5, 'r5b.8xlarge_use1-az1': 5, 'r5b.8xlarge_use1-az2': 1, 'r5b.8xlarge_use1-az4': 1, 'r5b.8xlarge_use1-az6': 1, 'r5b.large_use1-az1': 1, 'r5b.large_use1-az2': 5, 'r5b.large_use1-az4': 10, 'r5b.large_use1-az6': 5, 'r5b.xlarge_use1-az1': 1, 'r5b.xlarge_use1-az2': 1, 'r5b.xlarge_use1-az4': 5, 'r5b.xlarge_use1-az6': 1, 'r5d.12xlarge_use1-az1': 1, 'r5d.12xlarge_use1-az2': 5, 'r5d.12xlarge_use1-az4': 10, 'r5d.12xlarge_use1-az6': 1, 'r5d.16xlarge_use1-az1': 5, 'r5d.16xlarge_use1-az2': 50, 'r5d.16xlarge_use1-az4': 50, 'r5d.16xlarge_use1-az5': 10, 'r5d.16xlarge_use1-az6': 50, 'r5d.24xlarge_use1-az1': 1, 'r5d.24xlarge_use1-az2': 1, 'r5d.24xlarge_use1-az4': 10, 'r5d.24xlarge_use1-az5': 1, 'r5d.24xlarge_use1-az6': 10, 'r5d.2xlarge_use1-az1': 5, 'r5d.2xlarge_use1-az2': 15, 'r5d.2xlarge_use1-az4': 15, 'r5d.2xlarge_use1-az5': 1, 'r5d.2xlarge_use1-az6': 15, 'r5d.4xlarge_use1-az1': 5, 'r5d.4xlarge_use1-az2': 20, 'r5d.4xlarge_use1-az4': 45, 'r5d.4xlarge_use1-az5': 5, 'r5d.4xlarge_use1-az6': 25, 'r5d.8xlarge_use1-az1': 5, 'r5d.8xlarge_use1-az2': 15, 'r5d.8xlarge_use1-az4': 15, 'r5d.8xlarge_use1-az5': 5, 'r5d.8xlarge_use1-az6': 50, 'r5d.large_use1-az1': 10, 'r5d.large_use1-az2': 50, 'r5d.large_use1-az4': 50, 'r5d.large_use1-az5': 5, 'r5d.large_use1-az6': 50, 'r5d.xlarge_use1-az1': 1, 'r5d.xlarge_use1-az2': 15, 'r5d.xlarge_use1-az4': 15, 'r5d.xlarge_use1-az5': 1, 'r5d.xlarge_use1-az6': 10, 'r5dn.12xlarge_use1-az1': 1, 'r5dn.12xlarge_use1-az2': 1, 'r5dn.12xlarge_use1-az4': 1, 'r5dn.12xlarge_use1-az5': 1, 'r5dn.12xlarge_use1-az6': 1, 'r5dn.16xlarge_use1-az1': 5, 'r5dn.16xlarge_use1-az2': 5, 'r5dn.16xlarge_use1-az4': 15, 'r5dn.16xlarge_use1-az5': 10, 'r5dn.16xlarge_use1-az6': 30, 'r5dn.24xlarge_use1-az2': 5, 'r5dn.24xlarge_use1-az4': 10, 'r5dn.24xlarge_use1-az5': 1, 'r5dn.24xlarge_use1-az6': 25, 'r5dn.2xlarge_use1-az1': 50, 'r5dn.2xlarge_use1-az2': 45, 'r5dn.2xlarge_use1-az4': 30, 'r5dn.2xlarge_use1-az5': 50, 'r5dn.2xlarge_use1-az6': 5, 'r5dn.4xlarge_use1-az1': 5, 'r5dn.4xlarge_use1-az2': 25, 'r5dn.4xlarge_use1-az4': 45, 'r5dn.4xlarge_use1-az5': 5, 'r5dn.4xlarge_use1-az6': 20, 'r5dn.8xlarge_use1-az1': 1, 'r5dn.8xlarge_use1-az2': 5, 'r5dn.8xlarge_use1-az4': 5, 'r5dn.8xlarge_use1-az5': 5, 'r5dn.8xlarge_use1-az6': 50, 'r5dn.large_use1-az1': 50, 'r5dn.large_use1-az2': 50, 'r5dn.large_use1-az4': 50, 'r5dn.large_use1-az5': 50, 'r5dn.large_use1-az6': 50, 'r5dn.xlarge_use1-az1': 5, 'r5dn.xlarge_use1-az2': 15, 'r5dn.xlarge_use1-az4': 15, 'r5dn.xlarge_use1-az5': 15, 'r5dn.xlarge_use1-az6': 15, 'r5n.12xlarge_use1-az2': 1, 'r5n.12xlarge_use1-az4': 1, 'r5n.12xlarge_use1-az6': 1, 'r5n.16xlarge_use1-az1': 1, 'r5n.16xlarge_use1-az2': 10, 'r5n.16xlarge_use1-az4': 35, 'r5n.16xlarge_use1-az5': 1, 'r5n.16xlarge_use1-az6': 20, 'r5n.2xlarge_use1-az1': 5, 'r5n.2xlarge_use1-az2': 5, 'r5n.2xlarge_use1-az4': 15, 'r5n.2xlarge_use1-az5': 1, 'r5n.2xlarge_use1-az6': 1, 'r5n.4xlarge_use1-az1': 5, 'r5n.4xlarge_use1-az2': 25, 'r5n.4xlarge_use1-az4': 15, 'r5n.4xlarge_use1-az5': 5, 'r5n.4xlarge_use1-az6': 35, 'r5n.8xlarge_use1-az1': 10, 'r5n.8xlarge_use1-az2': 20, 'r5n.8xlarge_use1-az4': 35, 'r5n.8xlarge_use1-az6': 15, 'r5n.large_use1-az1': 20, 'r5n.large_use1-az2': 50, 'r5n.large_use1-az4': 50, 'r5n.large_use1-az5': 10, 'r5n.large_use1-az6': 30, 'r5n.xlarge_use1-az1': 1, 'r5n.xlarge_use1-az2': 10, 'r5n.xlarge_use1-az4': 15, 'r5n.xlarge_use1-az5': 1, 'r5n.xlarge_use1-az6': 20, 'r6a.12xlarge_use1-az1': 1, 'r6a.12xlarge_use1-az2': 10, 'r6a.12xlarge_use1-az4': 5, 'r6a.12xlarge_use1-az6': 10, 'r6a.16xlarge_use1-az1': 5, 'r6a.16xlarge_use1-az2': 15, 'r6a.16xlarge_use1-az4': 30, 'r6a.16xlarge_use1-az5': 15, 'r6a.16xlarge_use1-az6': 40, 'r6a.24xlarge_use1-az2': 5, 'r6a.24xlarge_use1-az4': 1, 'r6a.24xlarge_use1-az5': 1, 'r6a.24xlarge_use1-az6': 5, 'r6a.2xlarge_use1-az1': 50, 'r6a.2xlarge_use1-az2': 50, 'r6a.2xlarge_use1-az4': 40, 'r6a.2xlarge_use1-az5': 1, 'r6a.2xlarge_use1-az6': 50, 'r6a.32xlarge_use1-az2': 5, 'r6a.32xlarge_use1-az4': 5, 'r6a.32xlarge_use1-az5': 5, 'r6a.32xlarge_use1-az6': 5, 'r6a.48xlarge_use1-az2': 5, 'r6a.48xlarge_use1-az4': 5, 'r6a.48xlarge_use1-az5': 5, 'r6a.48xlarge_use1-az6': 1, 'r6a.4xlarge_use1-az1': 50, 'r6a.4xlarge_use1-az2': 50, 'r6a.4xlarge_use1-az4': 50, 'r6a.4xlarge_use1-az5': 40, 'r6a.4xlarge_use1-az6': 50, 'r6a.8xlarge_use1-az1': 20, 'r6a.8xlarge_use1-az2': 50, 'r6a.8xlarge_use1-az4': 50, 'r6a.8xlarge_use1-az5': 50, 'r6a.8xlarge_use1-az6': 50, 'r6a.large_use1-az1': 50, 'r6a.large_use1-az2': 50, 'r6a.large_use1-az4': 50, 'r6a.large_use1-az5': 50, 'r6a.large_use1-az6': 50, 'r6a.xlarge_use1-az1': 50, 'r6a.xlarge_use1-az2': 50, 'r6a.xlarge_use1-az4': 50, 'r6a.xlarge_use1-az5': 50, 'r6a.xlarge_use1-az6': 50, 'r6g.12xlarge_use1-az2': 50, 'r6g.12xlarge_use1-az4': 45, 'r6g.12xlarge_use1-az5': 10, 'r6g.12xlarge_use1-az6': 50, 'r6g.16xlarge_use1-az1': 1, 'r6g.16xlarge_use1-az2': 50, 'r6g.16xlarge_use1-az4': 50, 'r6g.16xlarge_use1-az5': 50, 'r6g.16xlarge_use1-az6': 50, 'r6g.2xlarge_use1-az1': 1, 'r6g.2xlarge_use1-az2': 25, 'r6g.2xlarge_use1-az4': 40, 'r6g.2xlarge_use1-az5': 10, 'r6g.2xlarge_use1-az6': 50, 'r6g.4xlarge_use1-az1': 10, 'r6g.4xlarge_use1-az2': 50, 'r6g.4xlarge_use1-az4': 50, 'r6g.4xlarge_use1-az5': 50, 'r6g.4xlarge_use1-az6': 50, 'r6g.8xlarge_use1-az1': 1, 'r6g.8xlarge_use1-az2': 10, 'r6g.8xlarge_use1-az4': 50, 'r6g.8xlarge_use1-az5': 50, 'r6g.8xlarge_use1-az6': 50, 'r6g.large_use1-az1': 10, 'r6g.large_use1-az2': 40, 'r6g.large_use1-az4': 50, 'r6g.large_use1-az5': 5, 'r6g.large_use1-az6': 50, 'r6g.medium_use1-az1': 1, 'r6g.medium_use1-az2': 10, 'r6g.medium_use1-az4': 15, 'r6g.medium_use1-az5': 15, 'r6g.medium_use1-az6': 35, 'r6g.xlarge_use1-az1': 1, 'r6g.xlarge_use1-az2': 50, 'r6g.xlarge_use1-az4': 50, 'r6g.xlarge_use1-az5': 50, 'r6g.xlarge_use1-az6': 50, 'r6gd.12xlarge_use1-az1': 1, 'r6gd.12xlarge_use1-az2': 5, 'r6gd.12xlarge_use1-az4': 10, 'r6gd.12xlarge_use1-az5': 1, 'r6gd.12xlarge_use1-az6': 10, 'r6gd.16xlarge_use1-az1': 5, 'r6gd.16xlarge_use1-az2': 5, 'r6gd.16xlarge_use1-az4': 50, 'r6gd.16xlarge_use1-az5': 1, 'r6gd.16xlarge_use1-az6': 45, 'r6gd.2xlarge_use1-az1': 1, 'r6gd.2xlarge_use1-az2': 20, 'r6gd.2xlarge_use1-az4': 30, 'r6gd.2xlarge_use1-az5': 1, 'r6gd.2xlarge_use1-az6': 1, 'r6gd.4xlarge_use1-az1': 5, 'r6gd.4xlarge_use1-az2': 20, 'r6gd.4xlarge_use1-az4': 50, 'r6gd.4xlarge_use1-az5': 1, 'r6gd.4xlarge_use1-az6': 25, 'r6gd.8xlarge_use1-az1': 1, 'r6gd.8xlarge_use1-az2': 10, 'r6gd.8xlarge_use1-az4': 20, 'r6gd.8xlarge_use1-az5': 1, 'r6gd.8xlarge_use1-az6': 30, 'r6gd.large_use1-az1': 50, 'r6gd.large_use1-az2': 50, 'r6gd.large_use1-az4': 50, 'r6gd.large_use1-az5': 50, 'r6gd.large_use1-az6': 50, 'r6gd.medium_use1-az1': 5, 'r6gd.medium_use1-az2': 1, 'r6gd.medium_use1-az4': 5, 'r6gd.medium_use1-az5': 5, 'r6gd.medium_use1-az6': 1, 'r6gd.xlarge_use1-az1': 1, 'r6gd.xlarge_use1-az2': 1, 'r6gd.xlarge_use1-az4': 5, 'r6gd.xlarge_use1-az6': 10, 'r6i.12xlarge_use1-az1': 5, 'r6i.12xlarge_use1-az2': 5, 'r6i.12xlarge_use1-az4': 5, 'r6i.12xlarge_use1-az5': 1, 'r6i.12xlarge_use1-az6': 10, 'r6i.16xlarge_use1-az1': 1, 'r6i.16xlarge_use1-az2': 1, 'r6i.16xlarge_use1-az4': 10, 'r6i.16xlarge_use1-az5': 10, 'r6i.16xlarge_use1-az6': 1, 'r6i.24xlarge_use1-az4': 10, 'r6i.24xlarge_use1-az5': 1, 'r6i.24xlarge_use1-az6': 5, 'r6i.2xlarge_use1-az1': 15, 'r6i.2xlarge_use1-az2': 35, 'r6i.2xlarge_use1-az4': 50, 'r6i.2xlarge_use1-az5': 5, 'r6i.2xlarge_use1-az6': 50, 'r6i.32xlarge_use1-az4': 1, 'r6i.32xlarge_use1-az5': 1, 'r6i.32xlarge_use1-az6': 1, 'r6i.4xlarge_use1-az1': 30, 'r6i.4xlarge_use1-az2': 20, 'r6i.4xlarge_use1-az4': 20, 'r6i.4xlarge_use1-az5': 10, 'r6i.4xlarge_use1-az6': 40, 'r6i.8xlarge_use1-az1': 5, 'r6i.8xlarge_use1-az2': 10, 'r6i.8xlarge_use1-az4': 10, 'r6i.8xlarge_use1-az5': 5, 'r6i.8xlarge_use1-az6': 10, 'r6i.large_use1-az1': 20, 'r6i.large_use1-az2': 50, 'r6i.large_use1-az4': 50, 'r6i.large_use1-az5': 20, 'r6i.large_use1-az6': 50, 'r6i.xlarge_use1-az1': 15, 'r6i.xlarge_use1-az2': 45, 'r6i.xlarge_use1-az4': 50, 'r6i.xlarge_use1-az5': 10, 'r6i.xlarge_use1-az6': 50, 'r6id.12xlarge_use1-az1': 1, 'r6id.12xlarge_use1-az2': 5, 'r6id.12xlarge_use1-az4': 1, 'r6id.12xlarge_use1-az6': 5, 'r6id.16xlarge_use1-az1': 5, 'r6id.16xlarge_use1-az2': 5, 'r6id.16xlarge_use1-az4': 15, 'r6id.16xlarge_use1-az5': 1, 'r6id.16xlarge_use1-az6': 20, 'r6id.24xlarge_use1-az1': 10, 'r6id.24xlarge_use1-az2': 10, 'r6id.24xlarge_use1-az4': 5, 'r6id.24xlarge_use1-az5': 15, 'r6id.24xlarge_use1-az6': 25, 'r6id.2xlarge_use1-az1': 5, 'r6id.2xlarge_use1-az2': 1, 'r6id.2xlarge_use1-az4': 10, 'r6id.2xlarge_use1-az5': 1, 'r6id.2xlarge_use1-az6': 10, 'r6id.32xlarge_use1-az1': 1, 'r6id.32xlarge_use1-az2': 5, 'r6id.32xlarge_use1-az4': 1, 'r6id.32xlarge_use1-az5': 1, 'r6id.32xlarge_use1-az6': 10, 'r6id.4xlarge_use1-az1': 40, 'r6id.4xlarge_use1-az2': 50, 'r6id.4xlarge_use1-az4': 10, 'r6id.4xlarge_use1-az5': 20, 'r6id.4xlarge_use1-az6': 35, 'r6id.8xlarge_use1-az1': 1, 'r6id.8xlarge_use1-az2': 1, 'r6id.8xlarge_use1-az4': 5, 'r6id.8xlarge_use1-az5': 1, 'r6id.8xlarge_use1-az6': 5, 'r6id.large_use1-az1': 15, 'r6id.large_use1-az2': 10, 'r6id.large_use1-az4': 5, 'r6id.large_use1-az5': 15, 'r6id.large_use1-az6': 30, 'r6id.xlarge_use1-az1': 5, 'r6id.xlarge_use1-az2': 15, 'r6id.xlarge_use1-az4': 10, 'r6id.xlarge_use1-az5': 15, 'r6id.xlarge_use1-az6': 15, 'r6idn.16xlarge_use1-az4': 1, 'r6idn.16xlarge_use1-az5': 1, 'r6idn.16xlarge_use1-az6': 1, 'r6idn.24xlarge_use1-az6': 1, 'r6idn.2xlarge_use1-az1': 1, 'r6idn.2xlarge_use1-az2': 1, 'r6idn.2xlarge_use1-az4': 5, 'r6idn.2xlarge_use1-az5': 1, 'r6idn.2xlarge_use1-az6': 5, 'r6idn.32xlarge_use1-az6': 1, 'r6idn.4xlarge_use1-az1': 15, 'r6idn.4xlarge_use1-az2': 15, 'r6idn.4xlarge_use1-az4': 15, 'r6idn.4xlarge_use1-az5': 5, 'r6idn.4xlarge_use1-az6': 10, 'r6idn.8xlarge_use1-az2': 1, 'r6idn.8xlarge_use1-az4': 1, 'r6idn.8xlarge_use1-az6': 5, 'r6idn.large_use1-az1': 1, 'r6idn.large_use1-az2': 1, 'r6idn.large_use1-az4': 5, 'r6idn.large_use1-az5': 5, 'r6idn.large_use1-az6': 5, 'r6idn.xlarge_use1-az1': 5, 'r6idn.xlarge_use1-az2': 1, 'r6idn.xlarge_use1-az4': 5, 'r6idn.xlarge_use1-az5': 1, 'r6idn.xlarge_use1-az6': 5, 'r6in.12xlarge_use1-az1': 1, 'r6in.12xlarge_use1-az6': 5, 'r6in.16xlarge_use1-az4': 1, 'r6in.16xlarge_use1-az5': 1, 'r6in.16xlarge_use1-az6': 5, 'r6in.24xlarge_use1-az6': 1, 'r6in.2xlarge_use1-az1': 1, 'r6in.2xlarge_use1-az2': 1, 'r6in.2xlarge_use1-az4': 1, 'r6in.2xlarge_use1-az5': 1, 'r6in.2xlarge_use1-az6': 1, 'r6in.4xlarge_use1-az1': 5, 'r6in.4xlarge_use1-az2': 20, 'r6in.4xlarge_use1-az4': 15, 'r6in.4xlarge_use1-az5': 20, 'r6in.4xlarge_use1-az6': 20, 'r6in.8xlarge_use1-az1': 5, 'r6in.8xlarge_use1-az4': 1, 'r6in.8xlarge_use1-az6': 5, 'r6in.large_use1-az1': 45, 'r6in.large_use1-az2': 50, 'r6in.large_use1-az4': 50, 'r6in.large_use1-az5': 40, 'r6in.large_use1-az6': 50, 'r6in.xlarge_use1-az1': 1, 'r6in.xlarge_use1-az2': 1, 'r6in.xlarge_use1-az4': 1, 'r6in.xlarge_use1-az5': 1, 'r6in.xlarge_use1-az6': 1, 'r7a.12xlarge_use1-az1': 1, 'r7a.12xlarge_use1-az2': 1, 'r7a.12xlarge_use1-az4': 5, 'r7a.12xlarge_use1-az6': 20, 'r7a.16xlarge_use1-az1': 1, 'r7a.16xlarge_use1-az2': 15, 'r7a.16xlarge_use1-az4': 30, 'r7a.16xlarge_use1-az6': 50, 'r7a.24xlarge_use1-az2': 10, 'r7a.24xlarge_use1-az4': 10, 'r7a.24xlarge_use1-az6': 35, 'r7a.2xlarge_use1-az1': 1, 'r7a.2xlarge_use1-az2': 5, 'r7a.2xlarge_use1-az4': 25, 'r7a.2xlarge_use1-az6': 1, 'r7a.32xlarge_use1-az2': 1, 'r7a.32xlarge_use1-az4': 1, 'r7a.32xlarge_use1-az6': 50, 'r7a.48xlarge_use1-az2': 5, 'r7a.48xlarge_use1-az4': 5, 'r7a.48xlarge_use1-az6': 50, 'r7a.4xlarge_use1-az1': 5, 'r7a.4xlarge_use1-az2': 25, 'r7a.4xlarge_use1-az4': 50, 'r7a.4xlarge_use1-az6': 50, 'r7a.8xlarge_use1-az1': 5, 'r7a.8xlarge_use1-az2': 20, 'r7a.8xlarge_use1-az4': 50, 'r7a.8xlarge_use1-az6': 50, 'r7a.large_use1-az1': 50, 'r7a.large_use1-az2': 50, 'r7a.large_use1-az4': 50, 'r7a.large_use1-az6': 50, 'r7a.medium_use1-az1': 10, 'r7a.medium_use1-az2': 25, 'r7a.medium_use1-az4': 50, 'r7a.medium_use1-az6': 50, 'r7a.xlarge_use1-az1': 20, 'r7a.xlarge_use1-az2': 50, 'r7a.xlarge_use1-az4': 50, 'r7a.xlarge_use1-az6': 25, 'r7g.12xlarge_use1-az1': 1, 'r7g.12xlarge_use1-az2': 5, 'r7g.12xlarge_use1-az4': 50, 'r7g.12xlarge_use1-az5': 1, 'r7g.12xlarge_use1-az6': 5, 'r7g.16xlarge_use1-az1': 5, 'r7g.16xlarge_use1-az2': 30, 'r7g.16xlarge_use1-az4': 50, 'r7g.16xlarge_use1-az5': 5, 'r7g.16xlarge_use1-az6': 50, 'r7g.2xlarge_use1-az1': 5, 'r7g.2xlarge_use1-az2': 10, 'r7g.2xlarge_use1-az4': 50, 'r7g.2xlarge_use1-az5': 5, 'r7g.2xlarge_use1-az6': 15, 'r7g.4xlarge_use1-az1': 5, 'r7g.4xlarge_use1-az2': 5, 'r7g.4xlarge_use1-az4': 50, 'r7g.4xlarge_use1-az5': 5, 'r7g.4xlarge_use1-az6': 15, 'r7g.8xlarge_use1-az1': 1, 'r7g.8xlarge_use1-az2': 50, 'r7g.8xlarge_use1-az4': 50, 'r7g.8xlarge_use1-az5': 50, 'r7g.8xlarge_use1-az6': 50, 'r7g.large_use1-az1': 20, 'r7g.large_use1-az2': 50, 'r7g.large_use1-az4': 50, 'r7g.large_use1-az5': 40, 'r7g.large_use1-az6': 40, 'r7g.medium_use1-az1': 50, 'r7g.medium_use1-az2': 50, 'r7g.medium_use1-az4': 50, 'r7g.medium_use1-az5': 25, 'r7g.medium_use1-az6': 50, 'r7g.xlarge_use1-az1': 50, 'r7g.xlarge_use1-az2': 50, 'r7g.xlarge_use1-az4': 50, 'r7g.xlarge_use1-az5': 10, 'r7g.xlarge_use1-az6': 50, 'r7gd.12xlarge_use1-az1': 1, 'r7gd.12xlarge_use1-az2': 10, 'r7gd.12xlarge_use1-az4': 35, 'r7gd.12xlarge_use1-az5': 10, 'r7gd.12xlarge_use1-az6': 50, 'r7gd.16xlarge_use1-az1': 5, 'r7gd.16xlarge_use1-az2': 50, 'r7gd.16xlarge_use1-az4': 50, 'r7gd.16xlarge_use1-az5': 50, 'r7gd.16xlarge_use1-az6': 50, 'r7gd.2xlarge_use1-az1': 5, 'r7gd.2xlarge_use1-az2': 25, 'r7gd.2xlarge_use1-az4': 25, 'r7gd.2xlarge_use1-az5': 40, 'r7gd.2xlarge_use1-az6': 50, 'r7gd.4xlarge_use1-az1': 1, 'r7gd.4xlarge_use1-az2': 20, 'r7gd.4xlarge_use1-az4': 25, 'r7gd.4xlarge_use1-az5': 30, 'r7gd.4xlarge_use1-az6': 50, 'r7gd.8xlarge_use1-az1': 1, 'r7gd.8xlarge_use1-az2': 10, 'r7gd.8xlarge_use1-az4': 30, 'r7gd.8xlarge_use1-az5': 20, 'r7gd.8xlarge_use1-az6': 50, 'r7gd.large_use1-az1': 15, 'r7gd.large_use1-az2': 10, 'r7gd.large_use1-az4': 50, 'r7gd.large_use1-az5': 15, 'r7gd.large_use1-az6': 35, 'r7gd.medium_use1-az1': 35, 'r7gd.medium_use1-az2': 15, 'r7gd.medium_use1-az4': 25, 'r7gd.medium_use1-az5': 15, 'r7gd.medium_use1-az6': 20, 'r7gd.xlarge_use1-az1': 1, 'r7gd.xlarge_use1-az2': 10, 'r7gd.xlarge_use1-az4': 25, 'r7gd.xlarge_use1-az5': 10, 'r7gd.xlarge_use1-az6': 50, 'r7i.12xlarge_use1-az4': 1, 'r7i.12xlarge_use1-az6': 10, 'r7i.16xlarge_use1-az1': 5, 'r7i.16xlarge_use1-az2': 15, 'r7i.16xlarge_use1-az4': 45, 'r7i.16xlarge_use1-az5': 5, 'r7i.16xlarge_use1-az6': 50, 'r7i.24xlarge_use1-az1': 1, 'r7i.24xlarge_use1-az2': 1, 'r7i.24xlarge_use1-az4': 5, 'r7i.24xlarge_use1-az5': 5, 'r7i.24xlarge_use1-az6': 5, 'r7i.2xlarge_use1-az1': 5, 'r7i.2xlarge_use1-az2': 5, 'r7i.2xlarge_use1-az4': 10, 'r7i.2xlarge_use1-az5': 5, 'r7i.2xlarge_use1-az6': 50, 'r7i.48xlarge_use1-az2': 1, 'r7i.48xlarge_use1-az4': 5, 'r7i.48xlarge_use1-az5': 1, 'r7i.48xlarge_use1-az6': 5, 'r7i.4xlarge_use1-az1': 5, 'r7i.4xlarge_use1-az2': 20, 'r7i.4xlarge_use1-az4': 10, 'r7i.4xlarge_use1-az5': 1, 'r7i.4xlarge_use1-az6': 50, 'r7i.8xlarge_use1-az1': 5, 'r7i.8xlarge_use1-az2': 25, 'r7i.8xlarge_use1-az4': 25, 'r7i.8xlarge_use1-az5': 5, 'r7i.8xlarge_use1-az6': 50, 'r7i.large_use1-az1': 15, 'r7i.large_use1-az2': 50, 'r7i.large_use1-az4': 50, 'r7i.large_use1-az5': 15, 'r7i.large_use1-az6': 50, 'r7i.xlarge_use1-az1': 5, 'r7i.xlarge_use1-az2': 15, 'r7i.xlarge_use1-az4': 10, 'r7i.xlarge_use1-az5': 15, 'r7i.xlarge_use1-az6': 50, 'r8g.12xlarge_use1-az2': 5, 'r8g.12xlarge_use1-az4': 5, 'r8g.12xlarge_use1-az6': 15, 'r8g.16xlarge_use1-az1': 1, 'r8g.16xlarge_use1-az2': 50, 'r8g.16xlarge_use1-az4': 50, 'r8g.16xlarge_use1-az5': 5, 'r8g.16xlarge_use1-az6': 50, 'r8g.24xlarge_use1-az2': 10, 'r8g.24xlarge_use1-az4': 5, 'r8g.24xlarge_use1-az5': 5, 'r8g.24xlarge_use1-az6': 35, 'r8g.2xlarge_use1-az2': 5, 'r8g.2xlarge_use1-az4': 5, 'r8g.2xlarge_use1-az5': 1, 'r8g.2xlarge_use1-az6': 5, 'r8g.48xlarge_use1-az2': 1, 'r8g.48xlarge_use1-az4': 5, 'r8g.48xlarge_use1-az6': 5, 'r8g.4xlarge_use1-az2': 10, 'r8g.4xlarge_use1-az4': 35, 'r8g.4xlarge_use1-az5': 5, 'r8g.4xlarge_use1-az6': 50, 'r8g.8xlarge_use1-az2': 40, 'r8g.8xlarge_use1-az4': 15, 'r8g.8xlarge_use1-az5': 1, 'r8g.8xlarge_use1-az6': 50, 'r8g.large_use1-az1': 5, 'r8g.large_use1-az2': 30, 'r8g.large_use1-az4': 15, 'r8g.large_use1-az5': 10, 'r8g.large_use1-az6': 20, 'r8g.medium_use1-az1': 15, 'r8g.medium_use1-az2': 30, 'r8g.medium_use1-az4': 20, 'r8g.medium_use1-az5': 5, 'r8g.medium_use1-az6': 15, 'r8g.xlarge_use1-az1': 1, 'r8g.xlarge_use1-az2': 10, 'r8g.xlarge_use1-az4': 5, 'r8g.xlarge_use1-az5': 5, 'r8g.xlarge_use1-az6': 10, 'r8gb.24xlarge_use1-az6': 1, 'r8gb.2xlarge_use1-az2': 1, 'r8gb.2xlarge_use1-az4': 1, 'r8gb.2xlarge_use1-az6': 1, 'r8gb.large_use1-az2': 20, 'r8gb.large_use1-az4': 15, 'r8gb.large_use1-az6': 25, 'r8gb.medium_use1-az2': 50, 'r8gb.metal-24xl_use1-az6': 1, 'r8gb.xlarge_use1-az2': 5, 'r8gb.xlarge_use1-az4': 5, 'r8gb.xlarge_use1-az6': 5, 'r8gd.12xlarge_use1-az5': 1, 'r8gd.12xlarge_use1-az6': 1, 'r8gd.16xlarge_use1-az2': 1, 'r8gd.16xlarge_use1-az4': 1, 'r8gd.16xlarge_use1-az5': 1, 'r8gd.16xlarge_use1-az6': 15, 'r8gd.24xlarge_use1-az2': 1, 'r8gd.24xlarge_use1-az5': 1, 'r8gd.24xlarge_use1-az6': 25, 'r8gd.2xlarge_use1-az2': 25, 'r8gd.2xlarge_use1-az4': 30, 'r8gd.2xlarge_use1-az6': 50, 'r8gd.48xlarge_use1-az6': 50, 'r8gd.4xlarge_use1-az1': 1, 'r8gd.4xlarge_use1-az2': 20, 'r8gd.4xlarge_use1-az5': 1, 'r8gd.4xlarge_use1-az6': 15, 'r8gd.8xlarge_use1-az2': 5, 'r8gd.8xlarge_use1-az4': 1, 'r8gd.8xlarge_use1-az5': 1, 'r8gd.8xlarge_use1-az6': 1, 'r8gd.large_use1-az2': 50, 'r8gd.large_use1-az5': 1, 'r8gd.large_use1-az6': 50, 'r8gd.medium_use1-az1': 5, 'r8gd.medium_use1-az2': 5, 'r8gd.medium_use1-az4': 5, 'r8gd.medium_use1-az5': 10, 'r8gd.metal-24xl_use1-az6': 1, 'r8gd.metal-48xl_use1-az6': 1, 'r8gd.xlarge_use1-az2': 25, 'r8gd.xlarge_use1-az4': 1, 'r8gd.xlarge_use1-az5': 50, 'r8gd.xlarge_use1-az6': 40, 'r8gn.16xlarge_use1-az6': 1, 'r8gn.24xlarge_use1-az2': 1, 'r8gn.2xlarge_use1-az2': 1, 'r8gn.2xlarge_use1-az4': 1, 'r8gn.2xlarge_use1-az6': 1, 'r8gn.48xlarge_use1-az6': 1, 'r8gn.4xlarge_use1-az6': 5, 'r8gn.8xlarge_use1-az2': 1, 'r8gn.8xlarge_use1-az6': 5, 'r8gn.large_use1-az2': 20, 'r8gn.large_use1-az4': 15, 'r8gn.large_use1-az6': 20, 'r8gn.medium_use1-az2': 35, 'r8gn.medium_use1-az4': 40, 'r8gn.metal-24xl_use1-az2': 1, 'r8gn.metal-24xl_use1-az6': 1, 'r8gn.xlarge_use1-az2': 1, 'r8gn.xlarge_use1-az4': 5, 'r8gn.xlarge_use1-az6': 10, 'r8i-flex.2xlarge_use1-az2': 1, 'r8i-flex.2xlarge_use1-az6': 5, 'r8i-flex.4xlarge_use1-az2': 1, 'r8i-flex.4xlarge_use1-az6': 1, 'r8i-flex.large_use1-az2': 1, 'r8i-flex.large_use1-az6': 5, 'r8i-flex.xlarge_use1-az2': 5, 'r8i-flex.xlarge_use1-az6': 1, 'r8i.12xlarge_use1-az2': 1, 'r8i.12xlarge_use1-az6': 1, 'r8i.16xlarge_use1-az2': 1, 'r8i.16xlarge_use1-az6': 1, 'r8i.24xlarge_use1-az6': 1, 'r8i.2xlarge_use1-az2': 5, 'r8i.2xlarge_use1-az6': 5, 'r8i.32xlarge_use1-az2': 1, 'r8i.32xlarge_use1-az6': 1, 'r8i.48xlarge_use1-az2': 1, 'r8i.48xlarge_use1-az6': 1, 'r8i.4xlarge_use1-az2': 1, 'r8i.4xlarge_use1-az6': 5, 'r8i.8xlarge_use1-az2': 1, 'r8i.8xlarge_use1-az6': 5, 'r8i.96xlarge_use1-az2': 1, 'r8i.96xlarge_use1-az6': 1, 'r8i.large_use1-az2': 20, 'r8i.large_use1-az6': 20, 'r8i.xlarge_use1-az2': 5, 'r8i.xlarge_use1-az6': 5, 't2.2xlarge_use1-az1': 50, 't2.2xlarge_use1-az2': 50, 't2.2xlarge_use1-az3': 15, 't2.2xlarge_use1-az4': 50, 't2.2xlarge_use1-az5': 50, 't2.2xlarge_use1-az6': 50, 't2.large_use1-az1': 20, 't2.large_use1-az2': 50, 't2.large_use1-az3': 50, 't2.large_use1-az4': 50, 't2.large_use1-az5': 25, 't2.large_use1-az6': 50, 't2.medium_use1-az1': 50, 't2.medium_use1-az2': 50, 't2.medium_use1-az3': 50, 't2.medium_use1-az4': 50, 't2.medium_use1-az5': 50, 't2.medium_use1-az6': 50, 't2.xlarge_use1-az1': 35, 't2.xlarge_use1-az2': 50, 't2.xlarge_use1-az3': 20, 't2.xlarge_use1-az4': 50, 't2.xlarge_use1-az5': 5, 't2.xlarge_use1-az6': 50, 't3.2xlarge_use1-az1': 50, 't3.2xlarge_use1-az2': 50, 't3.2xlarge_use1-az4': 50, 't3.2xlarge_use1-az5': 50, 't3.2xlarge_use1-az6': 50, 't3.large_use1-az1': 50, 't3.large_use1-az2': 50, 't3.large_use1-az4': 50, 't3.large_use1-az5': 50, 't3.large_use1-az6': 50, 't3.medium_use1-az1': 50, 't3.medium_use1-az2': 50, 't3.medium_use1-az4': 50, 't3.medium_use1-az5': 50, 't3.medium_use1-az6': 50, 't3.xlarge_use1-az1': 50, 't3.xlarge_use1-az2': 50, 't3.xlarge_use1-az4': 50, 't3.xlarge_use1-az5': 50, 't3.xlarge_use1-az6': 50, 't3a.2xlarge_use1-az1': 50, 't3a.2xlarge_use1-az2': 50, 't3a.2xlarge_use1-az4': 50, 't3a.2xlarge_use1-az5': 50, 't3a.2xlarge_use1-az6': 50, 't3a.large_use1-az1': 50, 't3a.large_use1-az2': 50, 't3a.large_use1-az4': 50, 't3a.large_use1-az5': 5, 't3a.large_use1-az6': 50, 't3a.medium_use1-az1': 50, 't3a.medium_use1-az2': 50, 't3a.medium_use1-az4': 50, 't3a.medium_use1-az5': 5, 't3a.medium_use1-az6': 50, 't3a.xlarge_use1-az1': 25, 't3a.xlarge_use1-az2': 50, 't3a.xlarge_use1-az4': 50, 't3a.xlarge_use1-az5': 15, 't3a.xlarge_use1-az6': 50, 't4g.2xlarge_use1-az1': 5, 't4g.2xlarge_use1-az2': 15, 't4g.2xlarge_use1-az4': 5, 't4g.2xlarge_use1-az5': 10, 't4g.2xlarge_use1-az6': 10, 't4g.large_use1-az1': 1, 't4g.large_use1-az2': 15, 't4g.large_use1-az4': 50, 't4g.large_use1-az5': 25, 't4g.large_use1-az6': 35, 't4g.medium_use1-az1': 1, 't4g.medium_use1-az2': 50, 't4g.medium_use1-az4': 50, 't4g.medium_use1-az5': 35, 't4g.medium_use1-az6': 50, 't4g.xlarge_use1-az1': 30, 't4g.xlarge_use1-az2': 15, 't4g.xlarge_use1-az4': 50, 't4g.xlarge_use1-az5': 5, 't4g.xlarge_use1-az6': 10, 'trn1.2xlarge_use1-az5': 5, 'trn1.2xlarge_use1-az6': 20, 'trn1.32xlarge_use1-az6': 50, 'trn1n.32xlarge_use1-az6': 50, 'vt1.3xlarge_use1-az2': 1, 'vt1.6xlarge_use1-az2': 1, 'x1.16xlarge_use1-az2': 1, 'x1.16xlarge_use1-az4': 1, 'x1.16xlarge_use1-az6': 1, 'x1.32xlarge_use1-az2': 1, 'x1.32xlarge_use1-az3': 5, 'x1.32xlarge_use1-az6': 1, 'x1e.16xlarge_use1-az2': 1, 'x1e.16xlarge_use1-az4': 1, 'x1e.16xlarge_use1-az6': 5, 'x1e.2xlarge_use1-az1': 1, 'x1e.2xlarge_use1-az2': 5, 'x1e.2xlarge_use1-az4': 10, 'x1e.2xlarge_use1-az6': 1, 'x1e.4xlarge_use1-az2': 5, 'x1e.4xlarge_use1-az4': 5, 'x1e.4xlarge_use1-az6': 1, 'x1e.8xlarge_use1-az1': 1, 'x1e.8xlarge_use1-az2': 1, 'x1e.8xlarge_use1-az4': 5, 'x1e.8xlarge_use1-az6': 5, 'x1e.xlarge_use1-az1': 10, 'x1e.xlarge_use1-az2': 20, 'x1e.xlarge_use1-az4': 15, 'x1e.xlarge_use1-az6': 5, 'x2gd.12xlarge_use1-az5': 5, 'x2gd.12xlarge_use1-az6': 1, 'x2gd.16xlarge_use1-az5': 1, 'x2gd.16xlarge_use1-az6': 15, 'x2gd.2xlarge_use1-az1': 5, 'x2gd.2xlarge_use1-az4': 1, 'x2gd.2xlarge_use1-az5': 5, 'x2gd.2xlarge_use1-az6': 30, 'x2gd.4xlarge_use1-az1': 1, 'x2gd.4xlarge_use1-az2': 1, 'x2gd.4xlarge_use1-az4': 5, 'x2gd.4xlarge_use1-az5': 1, 'x2gd.4xlarge_use1-az6': 35, 'x2gd.8xlarge_use1-az4': 1, 'x2gd.8xlarge_use1-az5': 1, 'x2gd.8xlarge_use1-az6': 5, 'x2gd.large_use1-az1': 35, 'x2gd.large_use1-az2': 25, 'x2gd.large_use1-az4': 15, 'x2gd.large_use1-az5': 25, 'x2gd.large_use1-az6': 50, 'x2gd.medium_use1-az1': 25, 'x2gd.medium_use1-az2': 35, 'x2gd.medium_use1-az4': 50, 'x2gd.medium_use1-az5': 50, 'x2gd.medium_use1-az6': 50, 'x2gd.xlarge_use1-az1': 5, 'x2gd.xlarge_use1-az2': 1, 'x2gd.xlarge_use1-az4': 20, 'x2gd.xlarge_use1-az5': 15, 'x2gd.xlarge_use1-az6': 25, 'x2idn.16xlarge_use1-az2': 1, 'x2idn.16xlarge_use1-az5': 1, 'x2idn.24xlarge_use1-az4': 1, 'x2idn.24xlarge_use1-az5': 1, 'x2idn.32xlarge_use1-az5': 1, 'x2iedn.24xlarge_use1-az4': 1, 'x2iedn.24xlarge_use1-az6': 1, 'x2iedn.2xlarge_use1-az1': 1, 'x2iedn.2xlarge_use1-az2': 25, 'x2iedn.2xlarge_use1-az4': 15, 'x2iedn.2xlarge_use1-az5': 1, 'x2iedn.2xlarge_use1-az6': 5, 'x2iedn.4xlarge_use1-az1': 1, 'x2iedn.4xlarge_use1-az2': 1, 'x2iedn.4xlarge_use1-az4': 1, 'x2iedn.4xlarge_use1-az5': 1, 'x2iedn.4xlarge_use1-az6': 1, 'x2iedn.8xlarge_use1-az4': 1, 'x2iedn.8xlarge_use1-az6': 1, 'x2iedn.xlarge_use1-az1': 5, 'x2iedn.xlarge_use1-az2': 20, 'x2iedn.xlarge_use1-az4': 10, 'x2iedn.xlarge_use1-az5': 1, 'x2iedn.xlarge_use1-az6': 10, 'x2iezn.12xlarge_use1-az2': 1, 'x2iezn.12xlarge_use1-az4': 20, 'x2iezn.12xlarge_use1-az6': 5, 'x2iezn.2xlarge_use1-az2': 5, 'x2iezn.2xlarge_use1-az4': 10, 'x2iezn.2xlarge_use1-az6': 1, 'x2iezn.4xlarge_use1-az2': 1, 'x2iezn.4xlarge_use1-az4': 5, 'x2iezn.4xlarge_use1-az6': 1, 'x2iezn.6xlarge_use1-az2': 1, 'x2iezn.6xlarge_use1-az4': 5, 'x2iezn.6xlarge_use1-az6': 1, 'x2iezn.8xlarge_use1-az2': 1, 'x2iezn.8xlarge_use1-az4': 10, 'x2iezn.8xlarge_use1-az6': 1, 'x8g.12xlarge_use1-az2': 1, 'x8g.12xlarge_use1-az4': 20, 'x8g.12xlarge_use1-az6': 1, 'x8g.16xlarge_use1-az1': 1, 'x8g.16xlarge_use1-az2': 5, 'x8g.16xlarge_use1-az4': 5, 'x8g.16xlarge_use1-az6': 5, 'x8g.24xlarge_use1-az1': 1, 'x8g.24xlarge_use1-az2': 5, 'x8g.24xlarge_use1-az4': 5, 'x8g.24xlarge_use1-az6': 10, 'x8g.2xlarge_use1-az1': 5, 'x8g.2xlarge_use1-az2': 10, 'x8g.2xlarge_use1-az4': 10, 'x8g.2xlarge_use1-az6': 25, 'x8g.48xlarge_use1-az1': 1, 'x8g.48xlarge_use1-az2': 1, 'x8g.48xlarge_use1-az4': 10, 'x8g.48xlarge_use1-az6': 1, 'x8g.4xlarge_use1-az1': 1, 'x8g.4xlarge_use1-az2': 5, 'x8g.4xlarge_use1-az4': 5, 'x8g.4xlarge_use1-az6': 10, 'x8g.8xlarge_use1-az2': 15, 'x8g.8xlarge_use1-az4': 20, 'x8g.8xlarge_use1-az6': 5, 'x8g.large_use1-az1': 30, 'x8g.large_use1-az4': 50, 'x8g.large_use1-az6': 50, 'x8g.medium_use1-az1': 50, 'x8g.medium_use1-az4': 50, 'x8g.medium_use1-az6': 50, 'x8g.metal-24xl_use1-az1': 1, 'x8g.metal-24xl_use1-az2': 1, 'x8g.metal-24xl_use1-az4': 1, 'x8g.metal-24xl_use1-az6': 10, 'x8g.metal-48xl_use1-az2': 1, 'x8g.metal-48xl_use1-az4': 1, 'x8g.metal-48xl_use1-az6': 1, 'x8g.xlarge_use1-az1': 10, 'x8g.xlarge_use1-az2': 20, 'x8g.xlarge_use1-az4': 40, 'x8g.xlarge_use1-az6': 50, 'z1d.12xlarge_use1-az1': 1, 'z1d.12xlarge_use1-az2': 1, 'z1d.12xlarge_use1-az4': 1, 'z1d.12xlarge_use1-az5': 1, 'z1d.12xlarge_use1-az6': 5, 'z1d.2xlarge_use1-az1': 5, 'z1d.2xlarge_use1-az2': 5, 'z1d.2xlarge_use1-az4': 15, 'z1d.2xlarge_use1-az5': 1, 'z1d.2xlarge_use1-az6': 15, 'z1d.3xlarge_use1-az1': 5, 'z1d.3xlarge_use1-az2': 5, 'z1d.3xlarge_use1-az4': 10, 'z1d.3xlarge_use1-az5': 5, 'z1d.3xlarge_use1-az6': 5, 'z1d.6xlarge_use1-az1': 1, 'z1d.6xlarge_use1-az2': 1, 'z1d.6xlarge_use1-az4': 1, 'z1d.6xlarge_use1-az6': 1, 'z1d.large_use1-az1': 15, 'z1d.large_use1-az2': 5, 'z1d.large_use1-az4': 25, 'z1d.large_use1-az5': 10, 'z1d.large_use1-az6': 25, 'z1d.xlarge_use1-az1': 10, 'z1d.xlarge_use1-az2': 20, 'z1d.xlarge_use1-az4': 30, 'z1d.xlarge_use1-az5': 1, 'z1d.xlarge_use1-az6': 20}"
0.88,27579.87619999996,29752088524,1078760.77138343,1145813,1145713,"{'c3.2xlarge_use1-az2': 5, 'c3.2xlarge_use1-az4': 50, 'c3.2xlarge_use1-az6': 15, 'c3.4xlarge_use1-az2': 5, 'c3.4xlarge_use1-az4': 5, 'c3.4xlarge_use1-az6': 5, 'c3.8xlarge_use1-az2': 5, 'c3.8xlarge_use1-az4': 5, 'c3.8xlarge_use1-az6': 1, 'c3.xlarge_use1-az2': 35, 'c3.xlarge_use1-az3': 1, 'c3.xlarge_use1-az4': 50, 'c3.xlarge_use1-az6': 30, 'c4.2xlarge_use1-az1': 5, 'c4.2xlarge_use1-az2': 5, 'c4.2xlarge_use1-az3': 25, 'c4.2xlarge_use1-az4': 15, 'c4.2xlarge_use1-az5': 15, 'c4.2xlarge_use1-az6': 10, 'c4.4xlarge_use1-az1': 5, 'c4.4xlarge_use1-az2': 5, 'c4.4xlarge_use1-az3': 10, 'c4.4xlarge_use1-az4': 5, 'c4.4xlarge_use1-az5': 5, 'c4.4xlarge_use1-az6': 1, 'c4.8xlarge_use1-az1': 1, 'c4.8xlarge_use1-az2': 5, 'c4.8xlarge_use1-az3': 5, 'c4.8xlarge_use1-az4': 15, 'c4.8xlarge_use1-az5': 5, 'c4.8xlarge_use1-az6': 5, 'c4.xlarge_use1-az1': 25, 'c4.xlarge_use1-az2': 40, 'c4.xlarge_use1-az3': 20, 'c4.xlarge_use1-az4': 40, 'c4.xlarge_use1-az5': 50, 'c4.xlarge_use1-az6': 50, 'c5.12xlarge_use1-az1': 50, 'c5.12xlarge_use1-az2': 50, 'c5.12xlarge_use1-az4': 50, 'c5.12xlarge_use1-az5': 50, 'c5.12xlarge_use1-az6': 50, 'c5.18xlarge_use1-az1': 5, 'c5.18xlarge_use1-az2': 50, 'c5.18xlarge_use1-az4': 15, 'c5.18xlarge_use1-az5': 10, 'c5.18xlarge_use1-az6': 1, 'c5.24xlarge_use1-az1': 1, 'c5.24xlarge_use1-az2': 5, 'c5.24xlarge_use1-az4': 5, 'c5.24xlarge_use1-az5': 1, 'c5.24xlarge_use1-az6': 5, 'c5.2xlarge_use1-az1': 50, 'c5.2xlarge_use1-az2': 50, 'c5.2xlarge_use1-az4': 50, 'c5.2xlarge_use1-az5': 50, 'c5.2xlarge_use1-az6': 50, 'c5.4xlarge_use1-az1': 50, 'c5.4xlarge_use1-az2': 50, 'c5.4xlarge_use1-az4': 50, 'c5.4xlarge_use1-az5': 50, 'c5.4xlarge_use1-az6': 50, 'c5.9xlarge_use1-az1': 50, 'c5.9xlarge_use1-az2': 50, 'c5.9xlarge_use1-az4': 50, 'c5.9xlarge_use1-az5': 50, 'c5.9xlarge_use1-az6': 50, 'c5.large_use1-az1': 50, 'c5.large_use1-az2': 50, 'c5.large_use1-az4': 50, 'c5.large_use1-az5': 50, 'c5.large_use1-az6': 50, 'c5.xlarge_use1-az1': 50, 'c5.xlarge_use1-az2': 50, 'c5.xlarge_use1-az4': 50, 'c5.xlarge_use1-az5': 50, 'c5.xlarge_use1-az6': 50, 'c5a.12xlarge_use1-az1': 5, 'c5a.12xlarge_use1-az2': 10, 'c5a.12xlarge_use1-az4': 15, 'c5a.12xlarge_use1-az5': 1, 'c5a.12xlarge_use1-az6': 5, 'c5a.16xlarge_use1-az4': 1, 'c5a.16xlarge_use1-az6': 1, 'c5a.24xlarge_use1-az2': 1, 'c5a.24xlarge_use1-az4': 1, 'c5a.24xlarge_use1-az6': 1, 'c5a.2xlarge_use1-az1': 30, 'c5a.2xlarge_use1-az2': 20, 'c5a.2xlarge_use1-az4': 50, 'c5a.2xlarge_use1-az5': 15, 'c5a.2xlarge_use1-az6': 50, 'c5a.4xlarge_use1-az1': 5, 'c5a.4xlarge_use1-az2': 1, 'c5a.4xlarge_use1-az4': 5, 'c5a.4xlarge_use1-az5': 5, 'c5a.4xlarge_use1-az6': 5, 'c5a.8xlarge_use1-az1': 1, 'c5a.8xlarge_use1-az2': 1, 'c5a.8xlarge_use1-az4': 5, 'c5a.8xlarge_use1-az6': 15, 'c5a.large_use1-az1': 50, 'c5a.large_use1-az2': 50, 'c5a.large_use1-az4': 50, 'c5a.large_use1-az5': 45, 'c5a.large_use1-az6': 50, 'c5a.xlarge_use1-az1': 50, 'c5a.xlarge_use1-az2': 50, 'c5a.xlarge_use1-az4': 50, 'c5a.xlarge_use1-az5': 50, 'c5a.xlarge_use1-az6': 50, 'c5ad.12xlarge_use1-az1': 5, 'c5ad.12xlarge_use1-az2': 5, 'c5ad.12xlarge_use1-az4': 5, 'c5ad.12xlarge_use1-az6': 5, 'c5ad.16xlarge_use1-az1': 1, 'c5ad.16xlarge_use1-az2': 5, 'c5ad.16xlarge_use1-az4': 1, 'c5ad.16xlarge_use1-az6': 1, 'c5ad.24xlarge_use1-az1': 1, 'c5ad.24xlarge_use1-az2': 1, 'c5ad.24xlarge_use1-az4': 1, 'c5ad.24xlarge_use1-az6': 5, 'c5ad.2xlarge_use1-az1': 10, 'c5ad.2xlarge_use1-az2': 5, 'c5ad.2xlarge_use1-az4': 5, 'c5ad.2xlarge_use1-az5': 5, 'c5ad.2xlarge_use1-az6': 15, 'c5ad.4xlarge_use1-az1': 5, 'c5ad.4xlarge_use1-az2': 5, 'c5ad.4xlarge_use1-az4': 1, 'c5ad.4xlarge_use1-az5': 1, 'c5ad.4xlarge_use1-az6': 10, 'c5ad.8xlarge_use1-az1': 1, 'c5ad.8xlarge_use1-az2': 1, 'c5ad.8xlarge_use1-az4': 1, 'c5ad.8xlarge_use1-az5': 1, 'c5ad.8xlarge_use1-az6': 1, 'c5ad.large_use1-az1': 20, 'c5ad.large_use1-az2': 30, 'c5ad.large_use1-az4': 10, 'c5ad.large_use1-az5': 15, 'c5ad.large_use1-az6': 20, 'c5ad.xlarge_use1-az1': 15, 'c5ad.xlarge_use1-az2': 10, 'c5ad.xlarge_use1-az4': 5, 'c5ad.xlarge_use1-az5': 5, 'c5ad.xlarge_use1-az6': 15, 'c5d.12xlarge_use1-az2': 15, 'c5d.12xlarge_use1-az4': 5, 'c5d.12xlarge_use1-az6': 45, 'c5d.18xlarge_use1-az1': 5, 'c5d.18xlarge_use1-az2': 50, 'c5d.18xlarge_use1-az4': 50, 'c5d.18xlarge_use1-az5': 5, 'c5d.18xlarge_use1-az6': 30, 'c5d.24xlarge_use1-az2': 35, 'c5d.24xlarge_use1-az4': 25, 'c5d.24xlarge_use1-az6': 50, 'c5d.2xlarge_use1-az1': 15, 'c5d.2xlarge_use1-az2': 50, 'c5d.2xlarge_use1-az4': 50, 'c5d.2xlarge_use1-az5': 20, 'c5d.2xlarge_use1-az6': 50, 'c5d.4xlarge_use1-az1': 20, 'c5d.4xlarge_use1-az2': 50, 'c5d.4xlarge_use1-az4': 50, 'c5d.4xlarge_use1-az5': 25, 'c5d.4xlarge_use1-az6': 50, 'c5d.9xlarge_use1-az1': 10, 'c5d.9xlarge_use1-az2': 20, 'c5d.9xlarge_use1-az4': 50, 'c5d.9xlarge_use1-az5': 10, 'c5d.9xlarge_use1-az6': 25, 'c5d.large_use1-az1': 50, 'c5d.large_use1-az2': 50, 'c5d.large_use1-az4': 50, 'c5d.large_use1-az5': 35, 'c5d.large_use1-az6': 50, 'c5d.xlarge_use1-az1': 50, 'c5d.xlarge_use1-az2': 50, 'c5d.xlarge_use1-az4': 50, 'c5d.xlarge_use1-az5': 50, 'c5d.xlarge_use1-az6': 50, 'c5n.18xlarge_use1-az1': 30, 'c5n.18xlarge_use1-az2': 5, 'c5n.18xlarge_use1-az4': 10, 'c5n.2xlarge_use1-az1': 5, 'c5n.2xlarge_use1-az2': 10, 'c5n.2xlarge_use1-az4': 15, 'c5n.2xlarge_use1-az5': 10, 'c5n.2xlarge_use1-az6': 10, 'c5n.4xlarge_use1-az1': 5, 'c5n.4xlarge_use1-az2': 1, 'c5n.4xlarge_use1-az4': 5, 'c5n.4xlarge_use1-az6': 1, 'c5n.9xlarge_use1-az1': 10, 'c5n.9xlarge_use1-az2': 1, 'c5n.9xlarge_use1-az4': 5, 'c5n.large_use1-az1': 10, 'c5n.large_use1-az2': 10, 'c5n.large_use1-az4': 25, 'c5n.large_use1-az5': 5, 'c5n.large_use1-az6': 5, 'c5n.xlarge_use1-az1': 1, 'c5n.xlarge_use1-az2': 1, 'c5n.xlarge_use1-az4': 5, 'c5n.xlarge_use1-az5': 1, 'c5n.xlarge_use1-az6': 1, 'c6a.12xlarge_use1-az1': 5, 'c6a.12xlarge_use1-az2': 50, 'c6a.12xlarge_use1-az4': 50, 'c6a.12xlarge_use1-az5': 1, 'c6a.12xlarge_use1-az6': 15, 'c6a.16xlarge_use1-az1': 1, 'c6a.16xlarge_use1-az2': 5, 'c6a.16xlarge_use1-az4': 10, 'c6a.16xlarge_use1-az5': 1, 'c6a.16xlarge_use1-az6': 15, 'c6a.24xlarge_use1-az1': 1, 'c6a.24xlarge_use1-az2': 5, 'c6a.24xlarge_use1-az4': 5, 'c6a.24xlarge_use1-az5': 5, 'c6a.24xlarge_use1-az6': 20, 'c6a.2xlarge_use1-az1': 10, 'c6a.2xlarge_use1-az2': 40, 'c6a.2xlarge_use1-az4': 50, 'c6a.2xlarge_use1-az5': 10, 'c6a.2xlarge_use1-az6': 50, 'c6a.32xlarge_use1-az2': 1, 'c6a.32xlarge_use1-az4': 1, 'c6a.32xlarge_use1-az5': 1, 'c6a.32xlarge_use1-az6': 5, 'c6a.48xlarge_use1-az2': 1, 'c6a.48xlarge_use1-az4': 10, 'c6a.48xlarge_use1-az5': 5, 'c6a.48xlarge_use1-az6': 25, 'c6a.4xlarge_use1-az1': 15, 'c6a.4xlarge_use1-az2': 15, 'c6a.4xlarge_use1-az4': 30, 'c6a.4xlarge_use1-az5': 15, 'c6a.4xlarge_use1-az6': 50, 'c6a.8xlarge_use1-az1': 5, 'c6a.8xlarge_use1-az2': 50, 'c6a.8xlarge_use1-az4': 30, 'c6a.8xlarge_use1-az5': 25, 'c6a.8xlarge_use1-az6': 50, 'c6a.large_use1-az1': 45, 'c6a.large_use1-az2': 50, 'c6a.large_use1-az4': 50, 'c6a.large_use1-az5': 50, 'c6a.large_use1-az6': 20, 'c6a.xlarge_use1-az1': 15, 'c6a.xlarge_use1-az2': 25, 'c6a.xlarge_use1-az4': 25, 'c6a.xlarge_use1-az5': 15, 'c6a.xlarge_use1-az6': 25, 'c6g.12xlarge_use1-az1': 15, 'c6g.12xlarge_use1-az2': 25, 'c6g.12xlarge_use1-az4': 50, 'c6g.12xlarge_use1-az5': 5, 'c6g.12xlarge_use1-az6': 50, 'c6g.16xlarge_use1-az1': 1, 'c6g.16xlarge_use1-az2': 15, 'c6g.16xlarge_use1-az4': 50, 'c6g.16xlarge_use1-az5': 5, 'c6g.16xlarge_use1-az6': 50, 'c6g.2xlarge_use1-az1': 5, 'c6g.2xlarge_use1-az2': 50, 'c6g.2xlarge_use1-az4': 50, 'c6g.2xlarge_use1-az5': 15, 'c6g.2xlarge_use1-az6': 50, 'c6g.4xlarge_use1-az1': 50, 'c6g.4xlarge_use1-az2': 50, 'c6g.4xlarge_use1-az4': 50, 'c6g.4xlarge_use1-az5': 50, 'c6g.4xlarge_use1-az6': 50, 'c6g.8xlarge_use1-az1': 50, 'c6g.8xlarge_use1-az2': 50, 'c6g.8xlarge_use1-az4': 50, 'c6g.8xlarge_use1-az5': 50, 'c6g.8xlarge_use1-az6': 50, 'c6g.large_use1-az1': 5, 'c6g.large_use1-az2': 50, 'c6g.large_use1-az4': 50, 'c6g.large_use1-az5': 50, 'c6g.large_use1-az6': 50, 'c6g.xlarge_use1-az1': 30, 'c6g.xlarge_use1-az2': 50, 'c6g.xlarge_use1-az4': 50, 'c6g.xlarge_use1-az5': 10, 'c6g.xlarge_use1-az6': 50, 'c6gd.12xlarge_use1-az2': 50, 'c6gd.12xlarge_use1-az4': 30, 'c6gd.12xlarge_use1-az5': 1, 'c6gd.12xlarge_use1-az6': 50, 'c6gd.16xlarge_use1-az2': 50, 'c6gd.16xlarge_use1-az4': 30, 'c6gd.16xlarge_use1-az6': 50, 'c6gd.2xlarge_use1-az1': 15, 'c6gd.2xlarge_use1-az2': 50, 'c6gd.2xlarge_use1-az4': 50, 'c6gd.2xlarge_use1-az5': 1, 'c6gd.2xlarge_use1-az6': 50, 'c6gd.4xlarge_use1-az1': 20, 'c6gd.4xlarge_use1-az2': 50, 'c6gd.4xlarge_use1-az4': 50, 'c6gd.4xlarge_use1-az5': 10, 'c6gd.4xlarge_use1-az6': 50, 'c6gd.8xlarge_use1-az1': 25, 'c6gd.8xlarge_use1-az2': 45, 'c6gd.8xlarge_use1-az4': 45, 'c6gd.8xlarge_use1-az5': 1, 'c6gd.8xlarge_use1-az6': 50, 'c6gd.large_use1-az1': 50, 'c6gd.large_use1-az2': 5, 'c6gd.large_use1-az4': 20, 'c6gd.large_use1-az5': 1, 'c6gd.large_use1-az6': 50, 'c6gd.xlarge_use1-az1': 50, 'c6gd.xlarge_use1-az2': 1, 'c6gd.xlarge_use1-az4': 1, 'c6gd.xlarge_use1-az5': 50, 'c6gd.xlarge_use1-az6': 50, 'c6gn.12xlarge_use1-az2': 25, 'c6gn.12xlarge_use1-az4': 50, 'c6gn.12xlarge_use1-az5': 1, 'c6gn.16xlarge_use1-az1': 1, 'c6gn.16xlarge_use1-az2': 50, 'c6gn.16xlarge_use1-az4': 50, 'c6gn.16xlarge_use1-az5': 10, 'c6gn.2xlarge_use1-az1': 5, 'c6gn.2xlarge_use1-az2': 1, 'c6gn.2xlarge_use1-az4': 20, 'c6gn.2xlarge_use1-az5': 1, 'c6gn.4xlarge_use1-az1': 1, 'c6gn.4xlarge_use1-az2': 40, 'c6gn.4xlarge_use1-az4': 35, 'c6gn.4xlarge_use1-az5': 10, 'c6gn.8xlarge_use1-az1': 25, 'c6gn.8xlarge_use1-az2': 35, 'c6gn.8xlarge_use1-az4': 30, 'c6gn.8xlarge_use1-az5': 5, 'c6gn.8xlarge_use1-az6': 5, 'c6gn.large_use1-az1': 5, 'c6gn.large_use1-az2': 25, 'c6gn.large_use1-az4': 10, 'c6gn.large_use1-az5': 15, 'c6gn.large_use1-az6': 1, 'c6gn.xlarge_use1-az1': 5, 'c6gn.xlarge_use1-az2': 10, 'c6gn.xlarge_use1-az4': 15, 'c6gn.xlarge_use1-az5': 5, 'c6gn.xlarge_use1-az6': 1, 'c6i.12xlarge_use1-az1': 15, 'c6i.12xlarge_use1-az2': 15, 'c6i.12xlarge_use1-az4': 30, 'c6i.12xlarge_use1-az5': 5, 'c6i.12xlarge_use1-az6': 5, 'c6i.16xlarge_use1-az1': 5, 'c6i.16xlarge_use1-az2': 15, 'c6i.16xlarge_use1-az4': 25, 'c6i.16xlarge_use1-az5': 10, 'c6i.16xlarge_use1-az6': 30, 'c6i.24xlarge_use1-az1': 5, 'c6i.24xlarge_use1-az2': 5, 'c6i.24xlarge_use1-az4': 10, 'c6i.24xlarge_use1-az5': 1, 'c6i.24xlarge_use1-az6': 15, 'c6i.2xlarge_use1-az1': 20, 'c6i.2xlarge_use1-az2': 50, 'c6i.2xlarge_use1-az4': 50, 'c6i.2xlarge_use1-az5': 5, 'c6i.2xlarge_use1-az6': 50, 'c6i.32xlarge_use1-az1': 10, 'c6i.32xlarge_use1-az2': 5, 'c6i.32xlarge_use1-az4': 50, 'c6i.32xlarge_use1-az5': 1, 'c6i.32xlarge_use1-az6': 40, 'c6i.4xlarge_use1-az1': 10, 'c6i.4xlarge_use1-az2': 40, 'c6i.4xlarge_use1-az4': 50, 'c6i.4xlarge_use1-az5': 15, 'c6i.4xlarge_use1-az6': 50, 'c6i.8xlarge_use1-az1': 10, 'c6i.8xlarge_use1-az2': 45, 'c6i.8xlarge_use1-az4': 50, 'c6i.8xlarge_use1-az5': 10, 'c6i.8xlarge_use1-az6': 50, 'c6i.large_use1-az1': 10, 'c6i.large_use1-az2': 40, 'c6i.large_use1-az4': 30, 'c6i.large_use1-az5': 10, 'c6i.large_use1-az6': 50, 'c6i.xlarge_use1-az1': 50, 'c6i.xlarge_use1-az2': 45, 'c6i.xlarge_use1-az4': 35, 'c6i.xlarge_use1-az5': 10, 'c6i.xlarge_use1-az6': 50, 'c6id.12xlarge_use1-az1': 1, 'c6id.12xlarge_use1-az2': 1, 'c6id.12xlarge_use1-az4': 5, 'c6id.12xlarge_use1-az6': 5, 'c6id.16xlarge_use1-az1': 1, 'c6id.16xlarge_use1-az2': 5, 'c6id.16xlarge_use1-az4': 5, 'c6id.16xlarge_use1-az5': 1, 'c6id.16xlarge_use1-az6': 1, 'c6id.24xlarge_use1-az1': 5, 'c6id.24xlarge_use1-az2': 15, 'c6id.24xlarge_use1-az4': 5, 'c6id.24xlarge_use1-az5': 1, 'c6id.24xlarge_use1-az6': 10, 'c6id.2xlarge_use1-az1': 1, 'c6id.2xlarge_use1-az2': 1, 'c6id.2xlarge_use1-az4': 5, 'c6id.2xlarge_use1-az5': 5, 'c6id.2xlarge_use1-az6': 1, 'c6id.32xlarge_use1-az1': 1, 'c6id.32xlarge_use1-az2': 5, 'c6id.32xlarge_use1-az4': 10, 'c6id.32xlarge_use1-az5': 1, 'c6id.32xlarge_use1-az6': 5, 'c6id.4xlarge_use1-az1': 15, 'c6id.4xlarge_use1-az2': 10, 'c6id.4xlarge_use1-az4': 10, 'c6id.4xlarge_use1-az5': 1, 'c6id.4xlarge_use1-az6': 5, 'c6id.8xlarge_use1-az1': 5, 'c6id.8xlarge_use1-az2': 1, 'c6id.8xlarge_use1-az4': 5, 'c6id.8xlarge_use1-az5': 1, 'c6id.8xlarge_use1-az6': 1, 'c6id.large_use1-az1': 5, 'c6id.large_use1-az2': 5, 'c6id.large_use1-az4': 1, 'c6id.large_use1-az5': 5, 'c6id.large_use1-az6': 5, 'c6id.xlarge_use1-az1': 5, 'c6id.xlarge_use1-az2': 1, 'c6id.xlarge_use1-az4': 5, 'c6id.xlarge_use1-az5': 1, 'c6id.xlarge_use1-az6': 1, 'c6in.12xlarge_use1-az1': 1, 'c6in.12xlarge_use1-az6': 1, 'c6in.16xlarge_use1-az4': 1, 'c6in.24xlarge_use1-az6': 1, 'c6in.2xlarge_use1-az1': 1, 'c6in.2xlarge_use1-az2': 1, 'c6in.2xlarge_use1-az4': 1, 'c6in.2xlarge_use1-az6': 1, 'c6in.32xlarge_use1-az1': 1, 'c6in.32xlarge_use1-az6': 1, 'c6in.4xlarge_use1-az1': 5, 'c6in.4xlarge_use1-az2': 5, 'c6in.4xlarge_use1-az4': 5, 'c6in.4xlarge_use1-az6': 25, 'c6in.8xlarge_use1-az1': 1, 'c6in.8xlarge_use1-az6': 1, 'c6in.large_use1-az1': 5, 'c6in.large_use1-az2': 1, 'c6in.large_use1-az4': 1, 'c6in.large_use1-az5': 1, 'c6in.large_use1-az6': 5, 'c6in.xlarge_use1-az1': 20, 'c6in.xlarge_use1-az2': 1, 'c6in.xlarge_use1-az4': 1, 'c6in.xlarge_use1-az6': 10, 'c7a.12xlarge_use1-az1': 5, 'c7a.12xlarge_use1-az2': 5, 'c7a.12xlarge_use1-az4': 1, 'c7a.12xlarge_use1-az6': 15, 'c7a.16xlarge_use1-az1': 1, 'c7a.16xlarge_use1-az2': 1, 'c7a.16xlarge_use1-az6': 5, 'c7a.24xlarge_use1-az1': 1, 'c7a.24xlarge_use1-az2': 1, 'c7a.24xlarge_use1-az5': 1, 'c7a.24xlarge_use1-az6': 5, 'c7a.2xlarge_use1-az1': 1, 'c7a.2xlarge_use1-az2': 1, 'c7a.2xlarge_use1-az4': 25, 'c7a.2xlarge_use1-az5': 1, 'c7a.2xlarge_use1-az6': 10, 'c7a.32xlarge_use1-az1': 1, 'c7a.32xlarge_use1-az2': 1, 'c7a.32xlarge_use1-az6': 15, 'c7a.48xlarge_use1-az1': 1, 'c7a.48xlarge_use1-az2': 1, 'c7a.48xlarge_use1-az5': 1, 'c7a.48xlarge_use1-az6': 20, 'c7a.4xlarge_use1-az1': 5, 'c7a.4xlarge_use1-az2': 10, 'c7a.4xlarge_use1-az4': 5, 'c7a.4xlarge_use1-az5': 1, 'c7a.4xlarge_use1-az6': 50, 'c7a.8xlarge_use1-az1': 1, 'c7a.8xlarge_use1-az2': 1, 'c7a.8xlarge_use1-az4': 1, 'c7a.8xlarge_use1-az6': 10, 'c7a.large_use1-az1': 15, 'c7a.large_use1-az2': 25, 'c7a.large_use1-az4': 30, 'c7a.large_use1-az5': 10, 'c7a.large_use1-az6': 50, 'c7a.xlarge_use1-az1': 5, 'c7a.xlarge_use1-az2': 5, 'c7a.xlarge_use1-az4': 10, 'c7a.xlarge_use1-az5': 5, 'c7a.xlarge_use1-az6': 15, 'c7g.12xlarge_use1-az1': 15, 'c7g.12xlarge_use1-az2': 50, 'c7g.12xlarge_use1-az4': 15, 'c7g.12xlarge_use1-az5': 1, 'c7g.12xlarge_use1-az6': 50, 'c7g.16xlarge_use1-az1': 25, 'c7g.16xlarge_use1-az2': 40, 'c7g.16xlarge_use1-az4': 50, 'c7g.16xlarge_use1-az5': 10, 'c7g.16xlarge_use1-az6': 50, 'c7g.2xlarge_use1-az1': 50, 'c7g.2xlarge_use1-az2': 50, 'c7g.2xlarge_use1-az4': 50, 'c7g.2xlarge_use1-az5': 50, 'c7g.2xlarge_use1-az6': 50, 'c7g.4xlarge_use1-az1': 50, 'c7g.4xlarge_use1-az2': 50, 'c7g.4xlarge_use1-az4': 50, 'c7g.4xlarge_use1-az5': 50, 'c7g.4xlarge_use1-az6': 50, 'c7g.8xlarge_use1-az1': 50, 'c7g.8xlarge_use1-az2': 50, 'c7g.8xlarge_use1-az4': 50, 'c7g.8xlarge_use1-az5': 50, 'c7g.8xlarge_use1-az6': 50, 'c7g.large_use1-az1': 5, 'c7g.large_use1-az2': 45, 'c7g.large_use1-az4': 30, 'c7g.large_use1-az5': 10, 'c7g.large_use1-az6': 30, 'c7g.xlarge_use1-az1': 50, 'c7g.xlarge_use1-az2': 50, 'c7g.xlarge_use1-az4': 50, 'c7g.xlarge_use1-az5': 50, 'c7g.xlarge_use1-az6': 50, 'c7gd.12xlarge_use1-az1': 5, 'c7gd.12xlarge_use1-az2': 30, 'c7gd.12xlarge_use1-az4': 15, 'c7gd.12xlarge_use1-az5': 15, 'c7gd.12xlarge_use1-az6': 50, 'c7gd.16xlarge_use1-az1': 5, 'c7gd.16xlarge_use1-az2': 30, 'c7gd.16xlarge_use1-az4': 40, 'c7gd.16xlarge_use1-az5': 1, 'c7gd.16xlarge_use1-az6': 50, 'c7gd.2xlarge_use1-az1': 15, 'c7gd.2xlarge_use1-az2': 50, 'c7gd.2xlarge_use1-az4': 50, 'c7gd.2xlarge_use1-az5': 5, 'c7gd.2xlarge_use1-az6': 50, 'c7gd.4xlarge_use1-az1': 30, 'c7gd.4xlarge_use1-az2': 25, 'c7gd.4xlarge_use1-az4': 50, 'c7gd.4xlarge_use1-az5': 1, 'c7gd.4xlarge_use1-az6': 50, 'c7gd.8xlarge_use1-az1': 5, 'c7gd.8xlarge_use1-az2': 15, 'c7gd.8xlarge_use1-az4': 10, 'c7gd.8xlarge_use1-az5': 5, 'c7gd.8xlarge_use1-az6': 20, 'c7gd.large_use1-az1': 1, 'c7gd.large_use1-az2': 25, 'c7gd.large_use1-az4': 5, 'c7gd.large_use1-az5': 10, 'c7gd.large_use1-az6': 20, 'c7gd.xlarge_use1-az1': 15, 'c7gd.xlarge_use1-az2': 50, 'c7gd.xlarge_use1-az4': 5, 'c7gd.xlarge_use1-az5': 15, 'c7gd.xlarge_use1-az6': 25, 'c7gn.12xlarge_use1-az2': 1, 'c7gn.12xlarge_use1-az5': 1, 'c7gn.12xlarge_use1-az6': 1, 'c7gn.16xlarge_use1-az2': 5, 'c7gn.16xlarge_use1-az5': 5, 'c7gn.16xlarge_use1-az6': 20, 'c7gn.2xlarge_use1-az1': 1, 'c7gn.2xlarge_use1-az2': 1, 'c7gn.2xlarge_use1-az5': 1, 'c7gn.2xlarge_use1-az6': 5, 'c7gn.4xlarge_use1-az2': 50, 'c7gn.4xlarge_use1-az4': 1, 'c7gn.4xlarge_use1-az5': 1, 'c7gn.4xlarge_use1-az6': 50, 'c7gn.8xlarge_use1-az2': 1, 'c7gn.8xlarge_use1-az5': 1, 'c7gn.8xlarge_use1-az6': 5, 'c7gn.large_use1-az1': 1, 'c7gn.large_use1-az2': 10, 'c7gn.large_use1-az5': 10, 'c7gn.large_use1-az6': 10, 'c7gn.xlarge_use1-az1': 1, 'c7gn.xlarge_use1-az2': 5, 'c7gn.xlarge_use1-az5': 5, 'c7gn.xlarge_use1-az6': 5, 'c7i-flex.2xlarge_use1-az1': 50, 'c7i-flex.2xlarge_use1-az2': 50, 'c7i-flex.2xlarge_use1-az4': 50, 'c7i-flex.2xlarge_use1-az5': 15, 'c7i-flex.2xlarge_use1-az6': 50, 'c7i-flex.4xlarge_use1-az1': 1, 'c7i-flex.4xlarge_use1-az2': 1, 'c7i-flex.4xlarge_use1-az4': 1, 'c7i-flex.4xlarge_use1-az6': 5, 'c7i-flex.8xlarge_use1-az1': 1, 'c7i-flex.8xlarge_use1-az2': 1, 'c7i-flex.8xlarge_use1-az4': 1, 'c7i-flex.8xlarge_use1-az6': 5, 'c7i-flex.large_use1-az1': 40, 'c7i-flex.large_use1-az2': 50, 'c7i-flex.large_use1-az4': 10, 'c7i-flex.large_use1-az5': 1, 'c7i-flex.large_use1-az6': 50, 'c7i-flex.xlarge_use1-az1': 50, 'c7i-flex.xlarge_use1-az2': 50, 'c7i-flex.xlarge_use1-az4': 50, 'c7i-flex.xlarge_use1-az5': 5, 'c7i-flex.xlarge_use1-az6': 50, 'c7i.12xlarge_use1-az1': 5, 'c7i.12xlarge_use1-az2': 15, 'c7i.12xlarge_use1-az4': 15, 'c7i.12xlarge_use1-az6': 5, 'c7i.16xlarge_use1-az1': 1, 'c7i.16xlarge_use1-az2': 5, 'c7i.16xlarge_use1-az4': 1, 'c7i.16xlarge_use1-az6': 15, 'c7i.24xlarge_use1-az1': 5, 'c7i.24xlarge_use1-az2': 5, 'c7i.24xlarge_use1-az4': 5, 'c7i.24xlarge_use1-az5': 1, 'c7i.24xlarge_use1-az6': 15, 'c7i.2xlarge_use1-az1': 10, 'c7i.2xlarge_use1-az2': 10, 'c7i.2xlarge_use1-az4': 10, 'c7i.2xlarge_use1-az5': 5, 'c7i.2xlarge_use1-az6': 25, 'c7i.48xlarge_use1-az1': 10, 'c7i.48xlarge_use1-az2': 10, 'c7i.48xlarge_use1-az4': 5, 'c7i.48xlarge_use1-az5': 1, 'c7i.48xlarge_use1-az6': 50, 'c7i.4xlarge_use1-az1': 5, 'c7i.4xlarge_use1-az2': 5, 'c7i.4xlarge_use1-az4': 5, 'c7i.4xlarge_use1-az5': 1, 'c7i.4xlarge_use1-az6': 15, 'c7i.8xlarge_use1-az1': 1, 'c7i.8xlarge_use1-az2': 5, 'c7i.8xlarge_use1-az4': 5, 'c7i.8xlarge_use1-az6': 10, 'c7i.large_use1-az1': 45, 'c7i.large_use1-az2': 50, 'c7i.large_use1-az4': 50, 'c7i.large_use1-az5': 5, 'c7i.large_use1-az6': 50, 'c7i.xlarge_use1-az1': 5, 'c7i.xlarge_use1-az2': 10, 'c7i.xlarge_use1-az4': 5, 'c7i.xlarge_use1-az5': 1, 'c7i.xlarge_use1-az6': 5, 'c8g.12xlarge_use1-az1': 1, 'c8g.12xlarge_use1-az2': 5, 'c8g.12xlarge_use1-az4': 1, 'c8g.12xlarge_use1-az6': 25, 'c8g.16xlarge_use1-az1': 10, 'c8g.16xlarge_use1-az2': 5, 'c8g.16xlarge_use1-az4': 1, 'c8g.16xlarge_use1-az6': 50, 'c8g.24xlarge_use1-az1': 5, 'c8g.24xlarge_use1-az2': 10, 'c8g.24xlarge_use1-az4': 1, 'c8g.24xlarge_use1-az6': 25, 'c8g.2xlarge_use1-az1': 5, 'c8g.2xlarge_use1-az2': 5, 'c8g.2xlarge_use1-az4': 50, 'c8g.2xlarge_use1-az5': 1, 'c8g.2xlarge_use1-az6': 50, 'c8g.48xlarge_use1-az1': 1, 'c8g.48xlarge_use1-az2': 5, 'c8g.48xlarge_use1-az6': 50, 'c8g.4xlarge_use1-az1': 35, 'c8g.4xlarge_use1-az2': 15, 'c8g.4xlarge_use1-az4': 20, 'c8g.4xlarge_use1-az5': 10, 'c8g.4xlarge_use1-az6': 50, 'c8g.8xlarge_use1-az1': 1, 'c8g.8xlarge_use1-az2': 5, 'c8g.8xlarge_use1-az4': 5, 'c8g.8xlarge_use1-az6': 50, 'c8g.large_use1-az1': 5, 'c8g.large_use1-az2': 20, 'c8g.large_use1-az4': 5, 'c8g.large_use1-az5': 1, 'c8g.large_use1-az6': 40, 'c8g.metal-24xl_use1-az2': 1, 'c8g.metal-24xl_use1-az6': 20, 'c8g.metal-48xl_use1-az1': 1, 'c8g.metal-48xl_use1-az2': 1, 'c8g.metal-48xl_use1-az6': 50, 'c8g.xlarge_use1-az1': 5, 'c8g.xlarge_use1-az2': 30, 'c8g.xlarge_use1-az4': 5, 'c8g.xlarge_use1-az5': 1, 'c8g.xlarge_use1-az6': 50, 'c8gd.12xlarge_use1-az2': 5, 'c8gd.12xlarge_use1-az4': 5, 'c8gd.12xlarge_use1-az5': 1, 'c8gd.12xlarge_use1-az6': 5, 'c8gd.16xlarge_use1-az2': 10, 'c8gd.16xlarge_use1-az4': 10, 'c8gd.16xlarge_use1-az5': 5, 'c8gd.16xlarge_use1-az6': 50, 'c8gd.24xlarge_use1-az2': 1, 'c8gd.24xlarge_use1-az4': 5, 'c8gd.24xlarge_use1-az5': 1, 'c8gd.24xlarge_use1-az6': 5, 'c8gd.2xlarge_use1-az2': 50, 'c8gd.2xlarge_use1-az4': 50, 'c8gd.2xlarge_use1-az5': 10, 'c8gd.2xlarge_use1-az6': 50, 'c8gd.48xlarge_use1-az2': 1, 'c8gd.48xlarge_use1-az6': 15, 'c8gd.4xlarge_use1-az2': 10, 'c8gd.4xlarge_use1-az4': 30, 'c8gd.4xlarge_use1-az5': 1, 'c8gd.4xlarge_use1-az6': 50, 'c8gd.8xlarge_use1-az2': 1, 'c8gd.8xlarge_use1-az4': 1, 'c8gd.8xlarge_use1-az5': 1, 'c8gd.8xlarge_use1-az6': 5, 'c8gd.large_use1-az1': 1, 'c8gd.large_use1-az2': 40, 'c8gd.large_use1-az4': 35, 'c8gd.large_use1-az6': 50, 'c8gd.metal-24xl_use1-az2': 1, 'c8gd.metal-24xl_use1-az4': 1, 'c8gd.metal-24xl_use1-az5': 1, 'c8gd.metal-24xl_use1-az6': 5, 'c8gd.metal-48xl_use1-az2': 1, 'c8gd.metal-48xl_use1-az6': 1, 'c8gd.xlarge_use1-az1': 1, 'c8gd.xlarge_use1-az2': 20, 'c8gd.xlarge_use1-az4': 20, 'c8gd.xlarge_use1-az5': 15, 'c8gd.xlarge_use1-az6': 50, 'c8gn.2xlarge_use1-az2': 1, 'c8gn.2xlarge_use1-az4': 1, 'c8gn.2xlarge_use1-az6': 1, 'c8gn.4xlarge_use1-az2': 1, 'c8gn.4xlarge_use1-az5': 1, 'c8gn.8xlarge_use1-az2': 1, 'c8gn.8xlarge_use1-az6': 1, 'c8gn.large_use1-az6': 1, 'c8i-flex.12xlarge_use1-az6': 1, 'c8i-flex.16xlarge_use1-az6': 1, 'c8i-flex.2xlarge_use1-az2': 25, 'c8i-flex.2xlarge_use1-az4': 15, 'c8i-flex.2xlarge_use1-az6': 50, 'c8i-flex.4xlarge_use1-az2': 5, 'c8i-flex.4xlarge_use1-az4': 1, 'c8i-flex.4xlarge_use1-az6': 5, 'c8i-flex.8xlarge_use1-az6': 1, 'c8i-flex.large_use1-az4': 20, 'c8i-flex.xlarge_use1-az2': 40, 'c8i-flex.xlarge_use1-az4': 5, 'c8i-flex.xlarge_use1-az6': 50, 'c8i.12xlarge_use1-az2': 1, 'c8i.12xlarge_use1-az4': 1, 'c8i.12xlarge_use1-az6': 1, 'c8i.16xlarge_use1-az6': 1, 'c8i.24xlarge_use1-az6': 1, 'c8i.2xlarge_use1-az2': 10, 'c8i.2xlarge_use1-az4': 5, 'c8i.2xlarge_use1-az6': 20, 'c8i.32xlarge_use1-az2': 1, 'c8i.32xlarge_use1-az4': 1, 'c8i.32xlarge_use1-az6': 5, 'c8i.48xlarge_use1-az2': 1, 'c8i.48xlarge_use1-az6': 1, 'c8i.4xlarge_use1-az2': 5, 'c8i.4xlarge_use1-az4': 5, 'c8i.4xlarge_use1-az6': 5, 'c8i.8xlarge_use1-az2': 1, 'c8i.8xlarge_use1-az4': 1, 'c8i.8xlarge_use1-az6': 5, 'c8i.96xlarge_use1-az2': 1, 'c8i.96xlarge_use1-az6': 5, 'c8i.metal-48xl_use1-az2': 1, 'c8i.metal-96xl_use1-az2': 1, 'c8i.metal-96xl_use1-az6': 5, 'c8i.xlarge_use1-az2': 50, 'c8i.xlarge_use1-az4': 15, 'c8i.xlarge_use1-az6': 50, 'd2.2xlarge_use1-az1': 1, 'd2.2xlarge_use1-az6': 1, 'd2.4xlarge_use1-az2': 1, 'd2.4xlarge_use1-az6': 1, 'd2.xlarge_use1-az6': 1, 'd3.2xlarge_use1-az1': 15, 'd3.2xlarge_use1-az2': 45, 'd3.2xlarge_use1-az4': 40, 'd3.2xlarge_use1-az6': 35, 'd3.4xlarge_use1-az1': 1, 'd3.4xlarge_use1-az2': 5, 'd3.4xlarge_use1-az4': 15, 'd3.4xlarge_use1-az6': 5, 'd3.8xlarge_use1-az1': 1, 'd3.8xlarge_use1-az2': 40, 'd3.8xlarge_use1-az4': 35, 'd3.8xlarge_use1-az6': 20, 'd3.xlarge_use1-az1': 10, 'd3.xlarge_use1-az2': 50, 'd3.xlarge_use1-az4': 45, 'd3.xlarge_use1-az6': 25, 'd3en.12xlarge_use1-az1': 1, 'd3en.12xlarge_use1-az2': 10, 'd3en.12xlarge_use1-az4': 20, 'd3en.12xlarge_use1-az6': 50, 'd3en.2xlarge_use1-az1': 5, 'd3en.2xlarge_use1-az2': 25, 'd3en.2xlarge_use1-az4': 15, 'd3en.2xlarge_use1-az6': 50, 'd3en.4xlarge_use1-az1': 1, 'd3en.4xlarge_use1-az2': 5, 'd3en.4xlarge_use1-az4': 10, 'd3en.4xlarge_use1-az6': 50, 'd3en.6xlarge_use1-az1': 1, 'd3en.6xlarge_use1-az2': 5, 'd3en.6xlarge_use1-az4': 15, 'd3en.6xlarge_use1-az6': 50, 'd3en.8xlarge_use1-az1': 1, 'd3en.8xlarge_use1-az2': 15, 'd3en.8xlarge_use1-az4': 5, 'd3en.8xlarge_use1-az6': 50, 'd3en.xlarge_use1-az1': 5, 'd3en.xlarge_use1-az2': 50, 'd3en.xlarge_use1-az4': 30, 'd3en.xlarge_use1-az6': 50, 'f2.12xlarge_use1-az2': 1, 'f2.12xlarge_use1-az4': 1, 'f2.12xlarge_use1-az6': 1, 'f2.48xlarge_use1-az2': 5, 'f2.48xlarge_use1-az4': 5, 'f2.48xlarge_use1-az6': 1, 'g4ad.16xlarge_use1-az1': 5, 'g4ad.16xlarge_use1-az2': 5, 'g4ad.16xlarge_use1-az4': 5, 'g4ad.16xlarge_use1-az6': 10, 'g4ad.2xlarge_use1-az1': 5, 'g4ad.2xlarge_use1-az2': 10, 'g4ad.2xlarge_use1-az4': 10, 'g4ad.2xlarge_use1-az6': 10, 'g4ad.4xlarge_use1-az1': 10, 'g4ad.4xlarge_use1-az2': 15, 'g4ad.4xlarge_use1-az4': 15, 'g4ad.4xlarge_use1-az6': 5, 'g4ad.8xlarge_use1-az1': 1, 'g4ad.8xlarge_use1-az2': 5, 'g4ad.8xlarge_use1-az4': 5, 'g4ad.8xlarge_use1-az6': 5, 'g4ad.xlarge_use1-az1': 20, 'g4ad.xlarge_use1-az2': 20, 'g4ad.xlarge_use1-az4': 25, 'g4ad.xlarge_use1-az6': 20, 'g4dn.12xlarge_use1-az1': 5, 'g4dn.12xlarge_use1-az2': 15, 'g4dn.12xlarge_use1-az4': 15, 'g4dn.12xlarge_use1-az5': 15, 'g4dn.12xlarge_use1-az6': 50, 'g4dn.16xlarge_use1-az1': 1, 'g4dn.16xlarge_use1-az2': 10, 'g4dn.16xlarge_use1-az4': 1, 'g4dn.16xlarge_use1-az5': 5, 'g4dn.16xlarge_use1-az6': 15, 'g4dn.2xlarge_use1-az1': 45, 'g4dn.2xlarge_use1-az2': 50, 'g4dn.2xlarge_use1-az4': 50, 'g4dn.2xlarge_use1-az5': 50, 'g4dn.2xlarge_use1-az6': 50, 'g4dn.4xlarge_use1-az1': 5, 'g4dn.4xlarge_use1-az2': 40, 'g4dn.4xlarge_use1-az4': 25, 'g4dn.4xlarge_use1-az5': 40, 'g4dn.4xlarge_use1-az6': 40, 'g4dn.8xlarge_use1-az1': 1, 'g4dn.8xlarge_use1-az2': 1, 'g4dn.8xlarge_use1-az4': 10, 'g4dn.8xlarge_use1-az5': 1, 'g4dn.8xlarge_use1-az6': 5, 'g4dn.xlarge_use1-az1': 50, 'g4dn.xlarge_use1-az2': 50, 'g4dn.xlarge_use1-az4': 50, 'g4dn.xlarge_use1-az5': 50, 'g4dn.xlarge_use1-az6': 50, 'g5.12xlarge_use1-az2': 1, 'g5.12xlarge_use1-az5': 10, 'g5.12xlarge_use1-az6': 5, 'g5.16xlarge_use1-az1': 1, 'g5.16xlarge_use1-az2': 1, 'g5.16xlarge_use1-az4': 5, 'g5.16xlarge_use1-az5': 5, 'g5.16xlarge_use1-az6': 10, 'g5.24xlarge_use1-az1': 1, 'g5.24xlarge_use1-az2': 1, 'g5.24xlarge_use1-az4': 1, 'g5.24xlarge_use1-az5': 1, 'g5.24xlarge_use1-az6': 5, 'g5.2xlarge_use1-az1': 25, 'g5.2xlarge_use1-az2': 15, 'g5.2xlarge_use1-az4': 15, 'g5.2xlarge_use1-az5': 50, 'g5.2xlarge_use1-az6': 45, 'g5.48xlarge_use1-az2': 1, 'g5.48xlarge_use1-az5': 5, 'g5.48xlarge_use1-az6': 25, 'g5.4xlarge_use1-az1': 1, 'g5.4xlarge_use1-az2': 50, 'g5.4xlarge_use1-az4': 50, 'g5.4xlarge_use1-az5': 40, 'g5.4xlarge_use1-az6': 50, 'g5.8xlarge_use1-az1': 1, 'g5.8xlarge_use1-az2': 5, 'g5.8xlarge_use1-az4': 10, 'g5.8xlarge_use1-az5': 20, 'g5.8xlarge_use1-az6': 10, 'g5.xlarge_use1-az1': 25, 'g5.xlarge_use1-az2': 50, 'g5.xlarge_use1-az4': 50, 'g5.xlarge_use1-az5': 50, 'g5.xlarge_use1-az6': 50, 'g5g.16xlarge_use1-az1': 1, 'g5g.16xlarge_use1-az6': 5, 'g5g.4xlarge_use1-az6': 1, 'g5g.8xlarge_use1-az1': 1, 'g5g.8xlarge_use1-az4': 1, 'g5g.8xlarge_use1-az6': 1, 'g5g.xlarge_use1-az1': 1, 'g5g.xlarge_use1-az2': 1, 'g5g.xlarge_use1-az4': 1, 'g5g.xlarge_use1-az6': 5, 'g6.12xlarge_use1-az1': 5, 'g6.12xlarge_use1-az2': 1, 'g6.12xlarge_use1-az4': 30, 'g6.12xlarge_use1-az6': 50, 'g6.16xlarge_use1-az1': 1, 'g6.16xlarge_use1-az2': 1, 'g6.16xlarge_use1-az4': 1, 'g6.16xlarge_use1-az6': 5, 'g6.24xlarge_use1-az2': 1, 'g6.24xlarge_use1-az4': 1, 'g6.24xlarge_use1-az6': 1, 'g6.2xlarge_use1-az1': 10, 'g6.2xlarge_use1-az2': 25, 'g6.2xlarge_use1-az4': 50, 'g6.2xlarge_use1-az6': 50, 'g6.48xlarge_use1-az2': 5, 'g6.48xlarge_use1-az4': 30, 'g6.48xlarge_use1-az6': 50, 'g6.4xlarge_use1-az1': 5, 'g6.4xlarge_use1-az2': 10, 'g6.4xlarge_use1-az4': 35, 'g6.4xlarge_use1-az6': 50, 'g6.8xlarge_use1-az1': 5, 'g6.8xlarge_use1-az2': 5, 'g6.8xlarge_use1-az4': 10, 'g6.8xlarge_use1-az6': 15, 'g6.xlarge_use1-az1': 5, 'g6.xlarge_use1-az2': 5, 'g6.xlarge_use1-az4': 5, 'g6.xlarge_use1-az6': 5, 'g6e.16xlarge_use1-az1': 10, 'g6e.16xlarge_use1-az2': 15, 'g6e.16xlarge_use1-az4': 40, 'g6e.16xlarge_use1-az6': 20, 'g6e.2xlarge_use1-az1': 10, 'g6e.2xlarge_use1-az2': 1, 'g6e.2xlarge_use1-az4': 10, 'g6e.2xlarge_use1-az6': 5, 'g6e.48xlarge_use1-az4': 5, 'g6e.48xlarge_use1-az6': 1, 'g6e.4xlarge_use1-az1': 1, 'g6e.4xlarge_use1-az4': 5, 'g6e.4xlarge_use1-az6': 1, 'g6e.8xlarge_use1-az1': 1, 'g6e.8xlarge_use1-az2': 1, 'g6e.8xlarge_use1-az4': 1, 'g6e.8xlarge_use1-az6': 1, 'g6e.xlarge_use1-az6': 1, 'g6f.2xlarge_use1-az1': 1, 'g6f.2xlarge_use1-az4': 1, 'g6f.2xlarge_use1-az6': 5, 'g6f.4xlarge_use1-az1': 1, 'g6f.4xlarge_use1-az4': 1, 'g6f.4xlarge_use1-az6': 1, 'g6f.large_use1-az1': 10, 'g6f.large_use1-az2': 15, 'g6f.large_use1-az4': 40, 'g6f.large_use1-az6': 20, 'g6f.xlarge_use1-az1': 1, 'g6f.xlarge_use1-az2': 1, 'g6f.xlarge_use1-az4': 5, 'g6f.xlarge_use1-az6': 10, 'gr6.4xlarge_use1-az2': 1, 'gr6.4xlarge_use1-az4': 1, 'gr6.4xlarge_use1-az6': 1, 'gr6.8xlarge_use1-az1': 1, 'gr6.8xlarge_use1-az2': 1, 'gr6.8xlarge_use1-az4': 1, 'gr6.8xlarge_use1-az6': 1, 'i2.2xlarge_use1-az2': 10, 'i2.2xlarge_use1-az3': 5, 'i2.2xlarge_use1-az4': 10, 'i2.2xlarge_use1-az6': 5, 'i2.4xlarge_use1-az1': 1, 'i2.4xlarge_use1-az2': 10, 'i2.4xlarge_use1-az3': 1, 'i2.4xlarge_use1-az4': 10, 'i2.4xlarge_use1-az6': 5, 'i2.8xlarge_use1-az2': 1, 'i2.8xlarge_use1-az3': 1, 'i2.8xlarge_use1-az6': 1, 'i2.xlarge_use1-az1': 1, 'i2.xlarge_use1-az2': 15, 'i2.xlarge_use1-az3': 1, 'i2.xlarge_use1-az4': 20, 'i2.xlarge_use1-az6': 15, 'i3.16xlarge_use1-az1': 20, 'i3.16xlarge_use1-az2': 50, 'i3.16xlarge_use1-az3': 10, 'i3.16xlarge_use1-az4': 50, 'i3.16xlarge_use1-az5': 10, 'i3.16xlarge_use1-az6': 45, 'i3.2xlarge_use1-az1': 50, 'i3.2xlarge_use1-az2': 50, 'i3.2xlarge_use1-az3': 50, 'i3.2xlarge_use1-az4': 50, 'i3.2xlarge_use1-az5': 50, 'i3.2xlarge_use1-az6': 50, 'i3.4xlarge_use1-az1': 50, 'i3.4xlarge_use1-az2': 50, 'i3.4xlarge_use1-az3': 50, 'i3.4xlarge_use1-az4': 50, 'i3.4xlarge_use1-az5': 50, 'i3.4xlarge_use1-az6': 50, 'i3.8xlarge_use1-az1': 50, 'i3.8xlarge_use1-az2': 50, 'i3.8xlarge_use1-az3': 50, 'i3.8xlarge_use1-az4': 50, 'i3.8xlarge_use1-az5': 25, 'i3.8xlarge_use1-az6': 50, 'i3.large_use1-az1': 50, 'i3.large_use1-az2': 50, 'i3.large_use1-az3': 50, 'i3.large_use1-az4': 50, 'i3.large_use1-az5': 50, 'i3.large_use1-az6': 50, 'i3.xlarge_use1-az1': 50, 'i3.xlarge_use1-az2': 50, 'i3.xlarge_use1-az3': 50, 'i3.xlarge_use1-az4': 50, 'i3.xlarge_use1-az5': 50, 'i3.xlarge_use1-az6': 50, 'i3en.12xlarge_use1-az1': 1, 'i3en.12xlarge_use1-az2': 1, 'i3en.12xlarge_use1-az6': 50, 'i3en.24xlarge_use1-az6': 20, 'i3en.2xlarge_use1-az1': 50, 'i3en.2xlarge_use1-az2': 50, 'i3en.2xlarge_use1-az4': 30, 'i3en.2xlarge_use1-az5': 50, 'i3en.2xlarge_use1-az6': 50, 'i3en.3xlarge_use1-az1': 50, 'i3en.3xlarge_use1-az2': 50, 'i3en.3xlarge_use1-az4': 50, 'i3en.3xlarge_use1-az5': 50, 'i3en.3xlarge_use1-az6': 50, 'i3en.6xlarge_use1-az1': 10, 'i3en.6xlarge_use1-az2': 20, 'i3en.6xlarge_use1-az4': 10, 'i3en.6xlarge_use1-az6': 50, 'i3en.large_use1-az1': 50, 'i3en.large_use1-az2': 50, 'i3en.large_use1-az4': 45, 'i3en.large_use1-az5': 35, 'i3en.large_use1-az6': 50, 'i3en.xlarge_use1-az1': 50, 'i3en.xlarge_use1-az2': 50, 'i3en.xlarge_use1-az4': 50, 'i3en.xlarge_use1-az5': 50, 'i3en.xlarge_use1-az6': 50, 'i4g.16xlarge_use1-az2': 1, 'i4g.16xlarge_use1-az4': 1, 'i4g.16xlarge_use1-az5': 50, 'i4g.16xlarge_use1-az6': 50, 'i4g.2xlarge_use1-az2': 10, 'i4g.2xlarge_use1-az4': 15, 'i4g.2xlarge_use1-az5': 40, 'i4g.2xlarge_use1-az6': 50, 'i4g.4xlarge_use1-az2': 25, 'i4g.4xlarge_use1-az4': 30, 'i4g.4xlarge_use1-az5': 50, 'i4g.4xlarge_use1-az6': 50, 'i4g.8xlarge_use1-az5': 45, 'i4g.8xlarge_use1-az6': 15, 'i4g.large_use1-az1': 5, 'i4g.large_use1-az2': 5, 'i4g.large_use1-az4': 5, 'i4g.large_use1-az5': 25, 'i4g.large_use1-az6': 50, 'i4g.xlarge_use1-az2': 10, 'i4g.xlarge_use1-az4': 1, 'i4g.xlarge_use1-az5': 50, 'i4g.xlarge_use1-az6': 50, 'i4i.12xlarge_use1-az2': 5, 'i4i.16xlarge_use1-az1': 1, 'i4i.16xlarge_use1-az2': 1, 'i4i.16xlarge_use1-az4': 1, 'i4i.16xlarge_use1-az6': 1, 'i4i.24xlarge_use1-az2': 1, 'i4i.2xlarge_use1-az1': 15, 'i4i.2xlarge_use1-az2': 50, 'i4i.2xlarge_use1-az4': 50, 'i4i.2xlarge_use1-az5': 1, 'i4i.2xlarge_use1-az6': 50, 'i4i.4xlarge_use1-az1': 1, 'i4i.4xlarge_use1-az2': 35, 'i4i.4xlarge_use1-az4': 1, 'i4i.4xlarge_use1-az6': 15, 'i4i.8xlarge_use1-az1': 1, 'i4i.8xlarge_use1-az2': 40, 'i4i.8xlarge_use1-az6': 5, 'i4i.large_use1-az1': 50, 'i4i.large_use1-az2': 50, 'i4i.large_use1-az4': 50, 'i4i.large_use1-az5': 50, 'i4i.large_use1-az6': 50, 'i4i.xlarge_use1-az1': 50, 'i4i.xlarge_use1-az2': 50, 'i4i.xlarge_use1-az4': 50, 'i4i.xlarge_use1-az5': 50, 'i4i.xlarge_use1-az6': 50, 'i7i.12xlarge_use1-az1': 1, 'i7i.12xlarge_use1-az2': 1, 'i7i.12xlarge_use1-az4': 1, 'i7i.12xlarge_use1-az5': 1, 'i7i.12xlarge_use1-az6': 1, 'i7i.16xlarge_use1-az2': 1, 'i7i.16xlarge_use1-az4': 5, 'i7i.16xlarge_use1-az5': 1, 'i7i.16xlarge_use1-az6': 1, 'i7i.24xlarge_use1-az2': 1, 'i7i.24xlarge_use1-az4': 1, 'i7i.24xlarge_use1-az5': 1, 'i7i.24xlarge_use1-az6': 1, 'i7i.2xlarge_use1-az1': 1, 'i7i.2xlarge_use1-az2': 50, 'i7i.2xlarge_use1-az4': 45, 'i7i.2xlarge_use1-az5': 20, 'i7i.2xlarge_use1-az6': 10, 'i7i.48xlarge_use1-az2': 1, 'i7i.4xlarge_use1-az1': 1, 'i7i.4xlarge_use1-az2': 15, 'i7i.4xlarge_use1-az4': 20, 'i7i.4xlarge_use1-az5': 5, 'i7i.4xlarge_use1-az6': 20, 'i7i.8xlarge_use1-az1': 1, 'i7i.8xlarge_use1-az2': 1, 'i7i.8xlarge_use1-az4': 5, 'i7i.8xlarge_use1-az5': 1, 'i7i.8xlarge_use1-az6': 1, 'i7i.metal-24xl_use1-az2': 1, 'i7i.metal-24xl_use1-az4': 50, 'i7i.metal-24xl_use1-az6': 35, 'i7i.xlarge_use1-az1': 1, 'i7i.xlarge_use1-az6': 20, 'i7ie.12xlarge_use1-az1': 1, 'i7ie.12xlarge_use1-az4': 1, 'i7ie.12xlarge_use1-az6': 30, 'i7ie.18xlarge_use1-az4': 1, 'i7ie.18xlarge_use1-az6': 20, 'i7ie.24xlarge_use1-az1': 1, 'i7ie.24xlarge_use1-az2': 1, 'i7ie.24xlarge_use1-az4': 1, 'i7ie.24xlarge_use1-az6': 50, 'i7ie.2xlarge_use1-az1': 5, 'i7ie.2xlarge_use1-az2': 1, 'i7ie.2xlarge_use1-az4': 15, 'i7ie.2xlarge_use1-az6': 35, 'i7ie.3xlarge_use1-az1': 5, 'i7ie.3xlarge_use1-az2': 1, 'i7ie.3xlarge_use1-az4': 5, 'i7ie.3xlarge_use1-az6': 30, 'i7ie.48xlarge_use1-az6': 50, 'i7ie.6xlarge_use1-az1': 25, 'i7ie.6xlarge_use1-az4': 20, 'i7ie.6xlarge_use1-az6': 50, 'i7ie.large_use1-az1': 45, 'i7ie.large_use1-az2': 15, 'i7ie.large_use1-az4': 50, 'i7ie.large_use1-az6': 50, 'i7ie.metal-24xl_use1-az4': 1, 'i7ie.metal-24xl_use1-az6': 15, 'i7ie.metal-48xl_use1-az6': 10, 'i7ie.xlarge_use1-az1': 10, 'i7ie.xlarge_use1-az2': 25, 'i7ie.xlarge_use1-az4': 45, 'i7ie.xlarge_use1-az6': 50, 'i8g.12xlarge_use1-az6': 1, 'i8g.24xlarge_use1-az6': 10, 'i8g.2xlarge_use1-az2': 1, 'i8g.4xlarge_use1-az2': 1, 'i8g.8xlarge_use1-az6': 5, 'i8g.large_use1-az2': 10, 'i8g.large_use1-az6': 5, 'i8g.xlarge_use1-az2': 1, 'i8g.xlarge_use1-az4': 1, 'i8g.xlarge_use1-az6': 1, 'i8ge.12xlarge_use1-az4': 1, 'i8ge.12xlarge_use1-az6': 5, 'i8ge.18xlarge_use1-az2': 1, 'i8ge.18xlarge_use1-az4': 1, 'i8ge.18xlarge_use1-az6': 5, 'i8ge.24xlarge_use1-az4': 1, 'i8ge.24xlarge_use1-az6': 5, 'i8ge.2xlarge_use1-az4': 10, 'i8ge.3xlarge_use1-az2': 1, 'i8ge.3xlarge_use1-az4': 5, 'i8ge.48xlarge_use1-az4': 5, 'i8ge.6xlarge_use1-az2': 1, 'i8ge.6xlarge_use1-az4': 1, 'i8ge.large_use1-az2': 5, 'i8ge.large_use1-az4': 50, 'i8ge.metal-24xl_use1-az4': 1, 'i8ge.metal-48xl_use1-az6': 1, 'i8ge.xlarge_use1-az4': 20, 'im4gn.16xlarge_use1-az4': 45, 'im4gn.2xlarge_use1-az1': 10, 'im4gn.2xlarge_use1-az4': 20, 'im4gn.2xlarge_use1-az6': 15, 'im4gn.4xlarge_use1-az1': 5, 'im4gn.4xlarge_use1-az4': 15, 'im4gn.8xlarge_use1-az1': 1, 'im4gn.8xlarge_use1-az4': 5, 'im4gn.large_use1-az1': 35, 'im4gn.large_use1-az2': 10, 'im4gn.large_use1-az4': 50, 'im4gn.large_use1-az6': 10, 'im4gn.xlarge_use1-az1': 25, 'im4gn.xlarge_use1-az2': 50, 'im4gn.xlarge_use1-az4': 30, 'im4gn.xlarge_use1-az6': 40, 'inf1.24xlarge_use1-az1': 1, 'inf1.24xlarge_use1-az2': 1, 'inf1.24xlarge_use1-az4': 10, 'inf1.24xlarge_use1-az5': 5, 'inf1.24xlarge_use1-az6': 20, 'inf1.2xlarge_use1-az1': 15, 'inf1.2xlarge_use1-az2': 15, 'inf1.2xlarge_use1-az4': 30, 'inf1.2xlarge_use1-az5': 40, 'inf1.2xlarge_use1-az6': 40, 'inf1.6xlarge_use1-az1': 1, 'inf1.6xlarge_use1-az2': 1, 'inf1.6xlarge_use1-az4': 5, 'inf1.6xlarge_use1-az5': 5, 'inf1.6xlarge_use1-az6': 10, 'inf1.xlarge_use1-az1': 50, 'inf1.xlarge_use1-az2': 50, 'inf1.xlarge_use1-az4': 40, 'inf1.xlarge_use1-az5': 50, 'inf1.xlarge_use1-az6': 50, 'inf2.24xlarge_use1-az4': 1, 'inf2.24xlarge_use1-az6': 10, 'inf2.48xlarge_use1-az6': 15, 'inf2.8xlarge_use1-az2': 5, 'inf2.8xlarge_use1-az4': 5, 'inf2.8xlarge_use1-az5': 1, 'inf2.8xlarge_use1-az6': 1, 'inf2.xlarge_use1-az2': 5, 'inf2.xlarge_use1-az4': 1, 'inf2.xlarge_use1-az6': 50, 'is4gen.2xlarge_use1-az1': 1, 'is4gen.2xlarge_use1-az2': 50, 'is4gen.2xlarge_use1-az4': 50, 'is4gen.2xlarge_use1-az6': 50, 'is4gen.4xlarge_use1-az1': 1, 'is4gen.8xlarge_use1-az1': 1, 'is4gen.8xlarge_use1-az4': 1, 'is4gen.large_use1-az1': 5, 'is4gen.large_use1-az2': 1, 'is4gen.large_use1-az4': 10, 'is4gen.large_use1-az6': 15, 'is4gen.medium_use1-az1': 50, 'is4gen.medium_use1-az2': 25, 'is4gen.medium_use1-az4': 40, 'is4gen.medium_use1-az6': 30, 'is4gen.xlarge_use1-az1': 1, 'is4gen.xlarge_use1-az2': 1, 'is4gen.xlarge_use1-az4': 15, 'is4gen.xlarge_use1-az6': 1, 'm1.large_use1-az1': 5, 'm1.large_use1-az2': 25, 'm1.large_use1-az4': 20, 'm1.large_use1-az6': 15, 'm1.xlarge_use1-az1': 1, 'm1.xlarge_use1-az2': 10, 'm1.xlarge_use1-az4': 10, 'm1.xlarge_use1-az6': 10, 'm2.2xlarge_use1-az1': 5, 'm2.2xlarge_use1-az2': 10, 'm2.2xlarge_use1-az4': 15, 'm2.2xlarge_use1-az6': 5, 'm2.4xlarge_use1-az1': 1, 'm2.4xlarge_use1-az2': 5, 'm2.4xlarge_use1-az4': 5, 'm2.4xlarge_use1-az6': 5, 'm2.xlarge_use1-az1': 5, 'm2.xlarge_use1-az2': 20, 'm2.xlarge_use1-az4': 20, 'm2.xlarge_use1-az6': 15, 'm3.2xlarge_use1-az2': 25, 'm3.2xlarge_use1-az3': 1, 'm3.2xlarge_use1-az4': 40, 'm3.2xlarge_use1-az6': 45, 'm3.large_use1-az2': 50, 'm3.large_use1-az3': 1, 'm3.large_use1-az4': 50, 'm3.large_use1-az6': 50, 'm3.xlarge_use1-az2': 50, 'm3.xlarge_use1-az3': 1, 'm3.xlarge_use1-az4': 50, 'm3.xlarge_use1-az6': 50, 'm4.10xlarge_use1-az1': 5, 'm4.10xlarge_use1-az2': 10, 'm4.10xlarge_use1-az3': 1, 'm4.10xlarge_use1-az4': 50, 'm4.10xlarge_use1-az5': 1, 'm4.10xlarge_use1-az6': 50, 'm4.2xlarge_use1-az1': 5, 'm4.2xlarge_use1-az2': 20, 'm4.2xlarge_use1-az3': 50, 'm4.2xlarge_use1-az4': 20, 'm4.2xlarge_use1-az5': 1, 'm4.2xlarge_use1-az6': 25, 'm4.4xlarge_use1-az1': 50, 'm4.4xlarge_use1-az2': 50, 'm4.4xlarge_use1-az3': 50, 'm4.4xlarge_use1-az4': 25, 'm4.4xlarge_use1-az5': 10, 'm4.4xlarge_use1-az6': 15, 'm4.large_use1-az1': 30, 'm4.large_use1-az2': 50, 'm4.large_use1-az3': 25, 'm4.large_use1-az4': 50, 'm4.large_use1-az5': 10, 'm4.large_use1-az6': 50, 'm4.xlarge_use1-az1': 15, 'm4.xlarge_use1-az2': 50, 'm4.xlarge_use1-az3': 50, 'm4.xlarge_use1-az4': 50, 'm4.xlarge_use1-az5': 30, 'm4.xlarge_use1-az6': 50, 'm5.12xlarge_use1-az1': 5, 'm5.12xlarge_use1-az2': 25, 'm5.12xlarge_use1-az4': 50, 'm5.12xlarge_use1-az5': 1, 'm5.12xlarge_use1-az6': 40, 'm5.16xlarge_use1-az1': 10, 'm5.16xlarge_use1-az2': 50, 'm5.16xlarge_use1-az4': 50, 'm5.16xlarge_use1-az5': 1, 'm5.16xlarge_use1-az6': 50, 'm5.24xlarge_use1-az1': 5, 'm5.24xlarge_use1-az2': 5, 'm5.24xlarge_use1-az4': 5, 'm5.24xlarge_use1-az5': 1, 'm5.24xlarge_use1-az6': 35, 'm5.2xlarge_use1-az1': 50, 'm5.2xlarge_use1-az2': 50, 'm5.2xlarge_use1-az4': 50, 'm5.2xlarge_use1-az5': 50, 'm5.2xlarge_use1-az6': 50, 'm5.4xlarge_use1-az1': 50, 'm5.4xlarge_use1-az2': 50, 'm5.4xlarge_use1-az4': 50, 'm5.4xlarge_use1-az5': 10, 'm5.4xlarge_use1-az6': 50, 'm5.8xlarge_use1-az1': 50, 'm5.8xlarge_use1-az2': 40, 'm5.8xlarge_use1-az4': 50, 'm5.8xlarge_use1-az5': 1, 'm5.8xlarge_use1-az6': 50, 'm5.large_use1-az1': 50, 'm5.large_use1-az2': 50, 'm5.large_use1-az4': 50, 'm5.large_use1-az5': 50, 'm5.large_use1-az6': 50, 'm5.xlarge_use1-az1': 50, 'm5.xlarge_use1-az2': 50, 'm5.xlarge_use1-az4': 50, 'm5.xlarge_use1-az5': 50, 'm5.xlarge_use1-az6': 50, 'm5a.12xlarge_use1-az2': 1, 'm5a.12xlarge_use1-az4': 1, 'm5a.12xlarge_use1-az6': 1, 'm5a.16xlarge_use1-az2': 1, 'm5a.16xlarge_use1-az4': 1, 'm5a.16xlarge_use1-az6': 1, 'm5a.24xlarge_use1-az1': 1, 'm5a.24xlarge_use1-az2': 1, 'm5a.24xlarge_use1-az4': 1, 'm5a.24xlarge_use1-az5': 5, 'm5a.24xlarge_use1-az6': 5, 'm5a.2xlarge_use1-az1': 10, 'm5a.2xlarge_use1-az2': 25, 'm5a.2xlarge_use1-az4': 25, 'm5a.2xlarge_use1-az5': 5, 'm5a.2xlarge_use1-az6': 45, 'm5a.4xlarge_use1-az1': 5, 'm5a.4xlarge_use1-az2': 10, 'm5a.4xlarge_use1-az4': 5, 'm5a.4xlarge_use1-az5': 10, 'm5a.4xlarge_use1-az6': 15, 'm5a.8xlarge_use1-az1': 1, 'm5a.8xlarge_use1-az2': 20, 'm5a.8xlarge_use1-az4': 20, 'm5a.8xlarge_use1-az5': 1, 'm5a.8xlarge_use1-az6': 5, 'm5a.large_use1-az1': 50, 'm5a.large_use1-az2': 50, 'm5a.large_use1-az4': 50, 'm5a.large_use1-az5': 45, 'm5a.large_use1-az6': 50, 'm5a.xlarge_use1-az1': 10, 'm5a.xlarge_use1-az2': 30, 'm5a.xlarge_use1-az4': 10, 'm5a.xlarge_use1-az5': 20, 'm5a.xlarge_use1-az6': 50, 'm5ad.12xlarge_use1-az1': 1, 'm5ad.16xlarge_use1-az1': 1, 'm5ad.16xlarge_use1-az2': 1, 'm5ad.16xlarge_use1-az4': 1, 'm5ad.16xlarge_use1-az6': 1, 'm5ad.24xlarge_use1-az1': 5, 'm5ad.24xlarge_use1-az2': 1, 'm5ad.24xlarge_use1-az4': 1, 'm5ad.24xlarge_use1-az6': 5, 'm5ad.2xlarge_use1-az1': 1, 'm5ad.2xlarge_use1-az2': 1, 'm5ad.2xlarge_use1-az4': 5, 'm5ad.2xlarge_use1-az6': 1, 'm5ad.4xlarge_use1-az1': 1, 'm5ad.4xlarge_use1-az2': 1, 'm5ad.4xlarge_use1-az4': 1, 'm5ad.4xlarge_use1-az6': 1, 'm5ad.8xlarge_use1-az2': 1, 'm5ad.large_use1-az1': 10, 'm5ad.large_use1-az2': 5, 'm5ad.large_use1-az4': 10, 'm5ad.large_use1-az5': 1, 'm5ad.large_use1-az6': 10, 'm5ad.xlarge_use1-az1': 1, 'm5ad.xlarge_use1-az2': 10, 'm5ad.xlarge_use1-az4': 5, 'm5ad.xlarge_use1-az6': 5, 'm5d.12xlarge_use1-az1': 1, 'm5d.12xlarge_use1-az2': 25, 'm5d.12xlarge_use1-az4': 30, 'm5d.12xlarge_use1-az6': 15, 'm5d.16xlarge_use1-az1': 5, 'm5d.16xlarge_use1-az2': 35, 'm5d.16xlarge_use1-az4': 20, 'm5d.16xlarge_use1-az5': 1, 'm5d.16xlarge_use1-az6': 50, 'm5d.24xlarge_use1-az1': 20, 'm5d.24xlarge_use1-az2': 15, 'm5d.24xlarge_use1-az4': 5, 'm5d.24xlarge_use1-az5': 1, 'm5d.24xlarge_use1-az6': 50, 'm5d.2xlarge_use1-az1': 5, 'm5d.2xlarge_use1-az2': 25, 'm5d.2xlarge_use1-az4': 25, 'm5d.2xlarge_use1-az6': 30, 'm5d.4xlarge_use1-az1': 5, 'm5d.4xlarge_use1-az2': 15, 'm5d.4xlarge_use1-az4': 25, 'm5d.4xlarge_use1-az6': 25, 'm5d.8xlarge_use1-az1': 1, 'm5d.8xlarge_use1-az2': 25, 'm5d.8xlarge_use1-az4': 10, 'm5d.8xlarge_use1-az5': 1, 'm5d.8xlarge_use1-az6': 10, 'm5d.large_use1-az1': 5, 'm5d.large_use1-az2': 50, 'm5d.large_use1-az4': 50, 'm5d.large_use1-az6': 50, 'm5d.xlarge_use1-az1': 50, 'm5d.xlarge_use1-az2': 50, 'm5d.xlarge_use1-az4': 50, 'm5d.xlarge_use1-az5': 1, 'm5d.xlarge_use1-az6': 50, 'm5dn.12xlarge_use1-az1': 1, 'm5dn.12xlarge_use1-az4': 1, 'm5dn.12xlarge_use1-az6': 1, 'm5dn.16xlarge_use1-az1': 1, 'm5dn.16xlarge_use1-az2': 5, 'm5dn.16xlarge_use1-az4': 1, 'm5dn.16xlarge_use1-az6': 1, 'm5dn.24xlarge_use1-az1': 1, 'm5dn.24xlarge_use1-az2': 1, 'm5dn.24xlarge_use1-az4': 1, 'm5dn.24xlarge_use1-az6': 5, 'm5dn.2xlarge_use1-az1': 10, 'm5dn.2xlarge_use1-az2': 5, 'm5dn.2xlarge_use1-az4': 5, 'm5dn.2xlarge_use1-az5': 1, 'm5dn.2xlarge_use1-az6': 15, 'm5dn.4xlarge_use1-az1': 5, 'm5dn.4xlarge_use1-az2': 5, 'm5dn.4xlarge_use1-az4': 1, 'm5dn.4xlarge_use1-az5': 1, 'm5dn.4xlarge_use1-az6': 5, 'm5dn.8xlarge_use1-az2': 1, 'm5dn.8xlarge_use1-az6': 1, 'm5dn.large_use1-az1': 35, 'm5dn.large_use1-az2': 30, 'm5dn.large_use1-az4': 40, 'm5dn.large_use1-az5': 15, 'm5dn.large_use1-az6': 50, 'm5dn.xlarge_use1-az1': 10, 'm5dn.xlarge_use1-az2': 25, 'm5dn.xlarge_use1-az4': 20, 'm5dn.xlarge_use1-az5': 1, 'm5dn.xlarge_use1-az6': 30, 'm5n.12xlarge_use1-az1': 1, 'm5n.12xlarge_use1-az2': 1, 'm5n.12xlarge_use1-az4': 1, 'm5n.12xlarge_use1-az5': 1, 'm5n.12xlarge_use1-az6': 1, 'm5n.16xlarge_use1-az2': 1, 'm5n.16xlarge_use1-az4': 1, 'm5n.16xlarge_use1-az6': 1, 'm5n.24xlarge_use1-az2': 1, 'm5n.24xlarge_use1-az4': 1, 'm5n.24xlarge_use1-az6': 1, 'm5n.2xlarge_use1-az1': 15, 'm5n.2xlarge_use1-az2': 25, 'm5n.2xlarge_use1-az4': 30, 'm5n.2xlarge_use1-az5': 5, 'm5n.2xlarge_use1-az6': 25, 'm5n.4xlarge_use1-az1': 25, 'm5n.4xlarge_use1-az2': 35, 'm5n.4xlarge_use1-az4': 50, 'm5n.4xlarge_use1-az5': 5, 'm5n.4xlarge_use1-az6': 10, 'm5n.8xlarge_use1-az1': 1, 'm5n.8xlarge_use1-az2': 1, 'm5n.8xlarge_use1-az4': 1, 'm5n.8xlarge_use1-az6': 5, 'm5n.large_use1-az1': 5, 'm5n.large_use1-az2': 15, 'm5n.large_use1-az4': 5, 'm5n.large_use1-az5': 5, 'm5n.large_use1-az6': 15, 'm5n.xlarge_use1-az1': 20, 'm5n.xlarge_use1-az2': 50, 'm5n.xlarge_use1-az4': 50, 'm5n.xlarge_use1-az5': 1, 'm5n.xlarge_use1-az6': 50, 'm5zn.12xlarge_use1-az2': 1, 'm5zn.12xlarge_use1-az4': 10, 'm5zn.12xlarge_use1-az5': 1, 'm5zn.12xlarge_use1-az6': 5, 'm5zn.2xlarge_use1-az1': 1, 'm5zn.2xlarge_use1-az2': 1, 'm5zn.2xlarge_use1-az4': 25, 'm5zn.2xlarge_use1-az5': 1, 'm5zn.2xlarge_use1-az6': 5, 'm5zn.3xlarge_use1-az1': 1, 'm5zn.3xlarge_use1-az2': 1, 'm5zn.3xlarge_use1-az4': 5, 'm5zn.3xlarge_use1-az6': 5, 'm5zn.6xlarge_use1-az4': 1, 'm5zn.6xlarge_use1-az6': 1, 'm5zn.large_use1-az1': 5, 'm5zn.large_use1-az2': 5, 'm5zn.large_use1-az4': 30, 'm5zn.large_use1-az5': 15, 'm5zn.large_use1-az6': 20, 'm5zn.xlarge_use1-az1': 1, 'm5zn.xlarge_use1-az2': 1, 'm5zn.xlarge_use1-az4': 20, 'm5zn.xlarge_use1-az5': 5, 'm5zn.xlarge_use1-az6': 5, 'm6a.12xlarge_use1-az1': 5, 'm6a.12xlarge_use1-az2': 5, 'm6a.12xlarge_use1-az4': 15, 'm6a.12xlarge_use1-az6': 10, 'm6a.16xlarge_use1-az1': 5, 'm6a.16xlarge_use1-az2': 5, 'm6a.16xlarge_use1-az4': 5, 'm6a.16xlarge_use1-az6': 5, 'm6a.24xlarge_use1-az1': 1, 'm6a.24xlarge_use1-az2': 1, 'm6a.24xlarge_use1-az4': 1, 'm6a.24xlarge_use1-az6': 1, 'm6a.2xlarge_use1-az1': 50, 'm6a.2xlarge_use1-az2': 35, 'm6a.2xlarge_use1-az4': 45, 'm6a.2xlarge_use1-az5': 15, 'm6a.2xlarge_use1-az6': 50, 'm6a.32xlarge_use1-az2': 1, 'm6a.32xlarge_use1-az4': 1, 'm6a.32xlarge_use1-az5': 1, 'm6a.32xlarge_use1-az6': 1, 'm6a.48xlarge_use1-az2': 1, 'm6a.48xlarge_use1-az4': 1, 'm6a.48xlarge_use1-az6': 1, 'm6a.4xlarge_use1-az1': 45, 'm6a.4xlarge_use1-az2': 40, 'm6a.4xlarge_use1-az4': 25, 'm6a.4xlarge_use1-az5': 5, 'm6a.4xlarge_use1-az6': 50, 'm6a.8xlarge_use1-az1': 25, 'm6a.8xlarge_use1-az2': 15, 'm6a.8xlarge_use1-az4': 50, 'm6a.8xlarge_use1-az5': 10, 'm6a.8xlarge_use1-az6': 50, 'm6a.large_use1-az1': 50, 'm6a.large_use1-az2': 50, 'm6a.large_use1-az4': 50, 'm6a.large_use1-az5': 30, 'm6a.large_use1-az6': 50, 'm6a.xlarge_use1-az1': 50, 'm6a.xlarge_use1-az2': 50, 'm6a.xlarge_use1-az4': 50, 'm6a.xlarge_use1-az5': 35, 'm6a.xlarge_use1-az6': 50, 'm6g.12xlarge_use1-az1': 1, 'm6g.12xlarge_use1-az2': 5, 'm6g.12xlarge_use1-az4': 50, 'm6g.12xlarge_use1-az6': 50, 'm6g.16xlarge_use1-az1': 1, 'm6g.16xlarge_use1-az2': 5, 'm6g.16xlarge_use1-az4': 25, 'm6g.16xlarge_use1-az6': 50, 'm6g.2xlarge_use1-az1': 15, 'm6g.2xlarge_use1-az2': 50, 'm6g.2xlarge_use1-az4': 50, 'm6g.2xlarge_use1-az5': 5, 'm6g.2xlarge_use1-az6': 50, 'm6g.4xlarge_use1-az1': 10, 'm6g.4xlarge_use1-az2': 50, 'm6g.4xlarge_use1-az4': 50, 'm6g.4xlarge_use1-az5': 10, 'm6g.4xlarge_use1-az6': 50, 'm6g.8xlarge_use1-az1': 5, 'm6g.8xlarge_use1-az2': 50, 'm6g.8xlarge_use1-az4': 50, 'm6g.8xlarge_use1-az6': 50, 'm6g.large_use1-az1': 1, 'm6g.large_use1-az2': 50, 'm6g.large_use1-az4': 50, 'm6g.large_use1-az5': 5, 'm6g.large_use1-az6': 50, 'm6g.medium_use1-az1': 5, 'm6g.medium_use1-az2': 5, 'm6g.medium_use1-az4': 10, 'm6g.medium_use1-az5': 1, 'm6g.medium_use1-az6': 15, 'm6g.xlarge_use1-az1': 50, 'm6g.xlarge_use1-az2': 50, 'm6g.xlarge_use1-az4': 50, 'm6g.xlarge_use1-az5': 50, 'm6g.xlarge_use1-az6': 50, 'm6gd.12xlarge_use1-az1': 10, 'm6gd.12xlarge_use1-az2': 40, 'm6gd.12xlarge_use1-az4': 20, 'm6gd.12xlarge_use1-az5': 5, 'm6gd.12xlarge_use1-az6': 50, 'm6gd.16xlarge_use1-az1': 5, 'm6gd.16xlarge_use1-az2': 10, 'm6gd.16xlarge_use1-az4': 10, 'm6gd.16xlarge_use1-az5': 10, 'm6gd.16xlarge_use1-az6': 35, 'm6gd.2xlarge_use1-az1': 1, 'm6gd.2xlarge_use1-az2': 50, 'm6gd.2xlarge_use1-az4': 45, 'm6gd.2xlarge_use1-az5': 1, 'm6gd.2xlarge_use1-az6': 5, 'm6gd.4xlarge_use1-az1': 1, 'm6gd.4xlarge_use1-az2': 5, 'm6gd.4xlarge_use1-az4': 5, 'm6gd.4xlarge_use1-az5': 1, 'm6gd.4xlarge_use1-az6': 15, 'm6gd.8xlarge_use1-az1': 5, 'm6gd.8xlarge_use1-az2': 10, 'm6gd.8xlarge_use1-az4': 15, 'm6gd.8xlarge_use1-az5': 1, 'm6gd.8xlarge_use1-az6': 20, 'm6gd.large_use1-az1': 1, 'm6gd.large_use1-az2': 5, 'm6gd.large_use1-az4': 5, 'm6gd.large_use1-az5': 1, 'm6gd.large_use1-az6': 15, 'm6gd.medium_use1-az1': 1, 'm6gd.medium_use1-az2': 1, 'm6gd.medium_use1-az4': 1, 'm6gd.medium_use1-az5': 5, 'm6gd.medium_use1-az6': 1, 'm6gd.xlarge_use1-az1': 1, 'm6gd.xlarge_use1-az2': 10, 'm6gd.xlarge_use1-az4': 35, 'm6gd.xlarge_use1-az5': 1, 'm6gd.xlarge_use1-az6': 15, 'm6i.12xlarge_use1-az1': 1, 'm6i.12xlarge_use1-az2': 10, 'm6i.12xlarge_use1-az4': 50, 'm6i.12xlarge_use1-az5': 1, 'm6i.12xlarge_use1-az6': 30, 'm6i.16xlarge_use1-az1': 1, 'm6i.16xlarge_use1-az2': 10, 'm6i.16xlarge_use1-az4': 5, 'm6i.16xlarge_use1-az5': 1, 'm6i.16xlarge_use1-az6': 10, 'm6i.24xlarge_use1-az2': 10, 'm6i.24xlarge_use1-az4': 5, 'm6i.24xlarge_use1-az5': 1, 'm6i.24xlarge_use1-az6': 50, 'm6i.2xlarge_use1-az1': 25, 'm6i.2xlarge_use1-az2': 50, 'm6i.2xlarge_use1-az4': 50, 'm6i.2xlarge_use1-az5': 25, 'm6i.2xlarge_use1-az6': 50, 'm6i.32xlarge_use1-az2': 1, 'm6i.32xlarge_use1-az4': 5, 'm6i.32xlarge_use1-az5': 1, 'm6i.32xlarge_use1-az6': 15, 'm6i.4xlarge_use1-az1': 15, 'm6i.4xlarge_use1-az2': 50, 'm6i.4xlarge_use1-az4': 50, 'm6i.4xlarge_use1-az5': 50, 'm6i.4xlarge_use1-az6': 50, 'm6i.8xlarge_use1-az1': 1, 'm6i.8xlarge_use1-az2': 50, 'm6i.8xlarge_use1-az4': 50, 'm6i.8xlarge_use1-az5': 20, 'm6i.8xlarge_use1-az6': 50, 'm6i.large_use1-az1': 25, 'm6i.large_use1-az2': 50, 'm6i.large_use1-az4': 50, 'm6i.large_use1-az5': 50, 'm6i.large_use1-az6': 50, 'm6i.xlarge_use1-az1': 45, 'm6i.xlarge_use1-az2': 50, 'm6i.xlarge_use1-az4': 50, 'm6i.xlarge_use1-az5': 25, 'm6i.xlarge_use1-az6': 50, 'm6id.12xlarge_use1-az1': 1, 'm6id.12xlarge_use1-az2': 1, 'm6id.12xlarge_use1-az4': 1, 'm6id.12xlarge_use1-az6': 1, 'm6id.16xlarge_use1-az1': 1, 'm6id.16xlarge_use1-az2': 1, 'm6id.16xlarge_use1-az4': 1, 'm6id.16xlarge_use1-az6': 1, 'm6id.24xlarge_use1-az1': 10, 'm6id.24xlarge_use1-az2': 15, 'm6id.24xlarge_use1-az4': 35, 'm6id.24xlarge_use1-az5': 5, 'm6id.24xlarge_use1-az6': 15, 'm6id.2xlarge_use1-az1': 5, 'm6id.2xlarge_use1-az2': 5, 'm6id.2xlarge_use1-az4': 5, 'm6id.2xlarge_use1-az5': 1, 'm6id.2xlarge_use1-az6': 5, 'm6id.32xlarge_use1-az1': 10, 'm6id.32xlarge_use1-az2': 15, 'm6id.32xlarge_use1-az4': 5, 'm6id.32xlarge_use1-az5': 1, 'm6id.32xlarge_use1-az6': 50, 'm6id.4xlarge_use1-az1': 15, 'm6id.4xlarge_use1-az2': 10, 'm6id.4xlarge_use1-az4': 5, 'm6id.4xlarge_use1-az5': 1, 'm6id.4xlarge_use1-az6': 10, 'm6id.8xlarge_use1-az1': 1, 'm6id.8xlarge_use1-az4': 5, 'm6id.8xlarge_use1-az5': 1, 'm6id.8xlarge_use1-az6': 1, 'm6id.large_use1-az1': 30, 'm6id.large_use1-az2': 35, 'm6id.large_use1-az4': 15, 'm6id.large_use1-az5': 5, 'm6id.large_use1-az6': 50, 'm6id.xlarge_use1-az1': 20, 'm6id.xlarge_use1-az2': 45, 'm6id.xlarge_use1-az4': 15, 'm6id.xlarge_use1-az5': 5, 'm6id.xlarge_use1-az6': 25, 'm6idn.12xlarge_use1-az2': 1, 'm6idn.16xlarge_use1-az4': 1, 'm6idn.24xlarge_use1-az1': 1, 'm6idn.24xlarge_use1-az2': 1, 'm6idn.24xlarge_use1-az4': 1, 'm6idn.2xlarge_use1-az1': 5, 'm6idn.2xlarge_use1-az2': 10, 'm6idn.2xlarge_use1-az4': 5, 'm6idn.2xlarge_use1-az5': 1, 'm6idn.2xlarge_use1-az6': 5, 'm6idn.32xlarge_use1-az2': 1, 'm6idn.4xlarge_use1-az1': 30, 'm6idn.4xlarge_use1-az2': 10, 'm6idn.4xlarge_use1-az4': 5, 'm6idn.4xlarge_use1-az5': 5, 'm6idn.4xlarge_use1-az6': 5, 'm6idn.large_use1-az1': 25, 'm6idn.large_use1-az2': 35, 'm6idn.large_use1-az4': 15, 'm6idn.large_use1-az5': 10, 'm6idn.large_use1-az6': 10, 'm6idn.xlarge_use1-az1': 15, 'm6idn.xlarge_use1-az2': 50, 'm6idn.xlarge_use1-az4': 20, 'm6idn.xlarge_use1-az5': 5, 'm6idn.xlarge_use1-az6': 10, 'm6in.12xlarge_use1-az4': 1, 'm6in.16xlarge_use1-az2': 1, 'm6in.16xlarge_use1-az4': 1, 'm6in.24xlarge_use1-az1': 1, 'm6in.24xlarge_use1-az2': 1, 'm6in.2xlarge_use1-az1': 10, 'm6in.2xlarge_use1-az2': 20, 'm6in.2xlarge_use1-az4': 10, 'm6in.2xlarge_use1-az5': 1, 'm6in.2xlarge_use1-az6': 5, 'm6in.4xlarge_use1-az1': 1, 'm6in.4xlarge_use1-az2': 1, 'm6in.4xlarge_use1-az5': 1, 'm6in.8xlarge_use1-az1': 1, 'm6in.8xlarge_use1-az2': 1, 'm6in.8xlarge_use1-az4': 1, 'm6in.large_use1-az1': 5, 'm6in.large_use1-az2': 10, 'm6in.large_use1-az4': 5, 'm6in.large_use1-az5': 1, 'm6in.large_use1-az6': 1, 'm6in.xlarge_use1-az1': 5, 'm6in.xlarge_use1-az2': 10, 'm6in.xlarge_use1-az4': 1, 'm7a.12xlarge_use1-az2': 1, 'm7a.12xlarge_use1-az6': 20, 'm7a.16xlarge_use1-az2': 1, 'm7a.16xlarge_use1-az6': 40, 'm7a.24xlarge_use1-az2': 1, 'm7a.24xlarge_use1-az6': 50, 'm7a.2xlarge_use1-az1': 5, 'm7a.2xlarge_use1-az2': 15, 'm7a.2xlarge_use1-az4': 10, 'm7a.2xlarge_use1-az6': 50, 'm7a.32xlarge_use1-az6': 20, 'm7a.48xlarge_use1-az6': 40, 'm7a.4xlarge_use1-az1': 10, 'm7a.4xlarge_use1-az2': 5, 'm7a.4xlarge_use1-az4': 10, 'm7a.4xlarge_use1-az6': 25, 'm7a.8xlarge_use1-az1': 1, 'm7a.8xlarge_use1-az2': 5, 'm7a.8xlarge_use1-az4': 1, 'm7a.8xlarge_use1-az6': 50, 'm7a.large_use1-az1': 15, 'm7a.large_use1-az2': 50, 'm7a.large_use1-az4': 50, 'm7a.large_use1-az5': 5, 'm7a.large_use1-az6': 50, 'm7a.medium_use1-az1': 10, 'm7a.medium_use1-az2': 50, 'm7a.medium_use1-az4': 50, 'm7a.medium_use1-az6': 50, 'm7a.xlarge_use1-az1': 5, 'm7a.xlarge_use1-az2': 40, 'm7a.xlarge_use1-az4': 50, 'm7a.xlarge_use1-az6': 50, 'm7g.12xlarge_use1-az1': 1, 'm7g.12xlarge_use1-az2': 10, 'm7g.12xlarge_use1-az4': 45, 'm7g.12xlarge_use1-az5': 1, 'm7g.12xlarge_use1-az6': 50, 'm7g.16xlarge_use1-az1': 1, 'm7g.16xlarge_use1-az2': 30, 'm7g.16xlarge_use1-az4': 35, 'm7g.16xlarge_use1-az5': 1, 'm7g.16xlarge_use1-az6': 50, 'm7g.2xlarge_use1-az1': 35, 'm7g.2xlarge_use1-az2': 50, 'm7g.2xlarge_use1-az4': 50, 'm7g.2xlarge_use1-az5': 15, 'm7g.2xlarge_use1-az6': 50, 'm7g.4xlarge_use1-az1': 10, 'm7g.4xlarge_use1-az2': 30, 'm7g.4xlarge_use1-az4': 50, 'm7g.4xlarge_use1-az5': 10, 'm7g.4xlarge_use1-az6': 50, 'm7g.8xlarge_use1-az1': 1, 'm7g.8xlarge_use1-az2': 15, 'm7g.8xlarge_use1-az4': 40, 'm7g.8xlarge_use1-az5': 1, 'm7g.8xlarge_use1-az6': 50, 'm7g.large_use1-az1': 10, 'm7g.large_use1-az2': 50, 'm7g.large_use1-az4': 50, 'm7g.large_use1-az5': 30, 'm7g.large_use1-az6': 50, 'm7g.medium_use1-az1': 30, 'm7g.medium_use1-az2': 40, 'm7g.medium_use1-az4': 50, 'm7g.medium_use1-az5': 35, 'm7g.medium_use1-az6': 50, 'm7g.metal_use1-az1': 1, 'm7g.metal_use1-az2': 25, 'm7g.metal_use1-az4': 10, 'm7g.metal_use1-az5': 1, 'm7g.metal_use1-az6': 50, 'm7g.xlarge_use1-az1': 50, 'm7g.xlarge_use1-az2': 50, 'm7g.xlarge_use1-az4': 50, 'm7g.xlarge_use1-az5': 50, 'm7g.xlarge_use1-az6': 50, 'm7gd.12xlarge_use1-az1': 5, 'm7gd.12xlarge_use1-az2': 10, 'm7gd.12xlarge_use1-az4': 1, 'm7gd.12xlarge_use1-az6': 35, 'm7gd.16xlarge_use1-az1': 1, 'm7gd.16xlarge_use1-az2': 30, 'm7gd.16xlarge_use1-az4': 1, 'm7gd.16xlarge_use1-az6': 40, 'm7gd.2xlarge_use1-az1': 15, 'm7gd.2xlarge_use1-az2': 50, 'm7gd.2xlarge_use1-az4': 15, 'm7gd.2xlarge_use1-az6': 25, 'm7gd.4xlarge_use1-az1': 5, 'm7gd.4xlarge_use1-az2': 10, 'm7gd.4xlarge_use1-az4': 1, 'm7gd.4xlarge_use1-az6': 40, 'm7gd.8xlarge_use1-az1': 10, 'm7gd.8xlarge_use1-az2': 50, 'm7gd.8xlarge_use1-az4': 30, 'm7gd.8xlarge_use1-az5': 45, 'm7gd.8xlarge_use1-az6': 50, 'm7gd.large_use1-az1': 5, 'm7gd.large_use1-az2': 50, 'm7gd.large_use1-az4': 5, 'm7gd.large_use1-az6': 50, 'm7gd.medium_use1-az1': 15, 'm7gd.medium_use1-az2': 20, 'm7gd.medium_use1-az4': 15, 'm7gd.medium_use1-az5': 20, 'm7gd.medium_use1-az6': 25, 'm7gd.metal_use1-az1': 5, 'm7gd.metal_use1-az2': 15, 'm7gd.metal_use1-az4': 1, 'm7gd.metal_use1-az6': 15, 'm7gd.xlarge_use1-az1': 5, 'm7gd.xlarge_use1-az2': 10, 'm7gd.xlarge_use1-az4': 10, 'm7gd.xlarge_use1-az5': 1, 'm7gd.xlarge_use1-az6': 25, 'm7i-flex.2xlarge_use1-az1': 50, 'm7i-flex.2xlarge_use1-az2': 50, 'm7i-flex.2xlarge_use1-az4': 15, 'm7i-flex.2xlarge_use1-az5': 10, 'm7i-flex.2xlarge_use1-az6': 50, 'm7i-flex.4xlarge_use1-az2': 5, 'm7i-flex.4xlarge_use1-az4': 5, 'm7i-flex.4xlarge_use1-az6': 25, 'm7i-flex.8xlarge_use1-az1': 1, 'm7i-flex.8xlarge_use1-az2': 5, 'm7i-flex.8xlarge_use1-az4': 5, 'm7i-flex.8xlarge_use1-az5': 1, 'm7i-flex.8xlarge_use1-az6': 10, 'm7i-flex.large_use1-az1': 20, 'm7i-flex.large_use1-az2': 50, 'm7i-flex.large_use1-az4': 25, 'm7i-flex.large_use1-az5': 25, 'm7i-flex.large_use1-az6': 50, 'm7i-flex.xlarge_use1-az1': 50, 'm7i-flex.xlarge_use1-az2': 50, 'm7i-flex.xlarge_use1-az4': 50, 'm7i-flex.xlarge_use1-az5': 15, 'm7i-flex.xlarge_use1-az6': 50, 'm7i.12xlarge_use1-az1': 1, 'm7i.12xlarge_use1-az2': 5, 'm7i.12xlarge_use1-az4': 15, 'm7i.12xlarge_use1-az6': 50, 'm7i.16xlarge_use1-az1': 5, 'm7i.16xlarge_use1-az2': 10, 'm7i.16xlarge_use1-az4': 10, 'm7i.16xlarge_use1-az6': 50, 'm7i.24xlarge_use1-az2': 5, 'm7i.24xlarge_use1-az4': 5, 'm7i.24xlarge_use1-az6': 50, 'm7i.2xlarge_use1-az1': 1, 'm7i.2xlarge_use1-az2': 50, 'm7i.2xlarge_use1-az4': 50, 'm7i.2xlarge_use1-az6': 50, 'm7i.48xlarge_use1-az1': 1, 'm7i.48xlarge_use1-az2': 5, 'm7i.48xlarge_use1-az4': 20, 'm7i.48xlarge_use1-az6': 50, 'm7i.4xlarge_use1-az1': 1, 'm7i.4xlarge_use1-az2': 25, 'm7i.4xlarge_use1-az4': 10, 'm7i.4xlarge_use1-az6': 50, 'm7i.8xlarge_use1-az1': 40, 'm7i.8xlarge_use1-az2': 20, 'm7i.8xlarge_use1-az4': 50, 'm7i.8xlarge_use1-az6': 50, 'm7i.large_use1-az1': 50, 'm7i.large_use1-az2': 50, 'm7i.large_use1-az4': 50, 'm7i.large_use1-az5': 1, 'm7i.large_use1-az6': 50, 'm7i.xlarge_use1-az1': 30, 'm7i.xlarge_use1-az2': 35, 'm7i.xlarge_use1-az4': 50, 'm7i.xlarge_use1-az6': 50, 'm8g.12xlarge_use1-az2': 10, 'm8g.12xlarge_use1-az4': 10, 'm8g.12xlarge_use1-az5': 1, 'm8g.12xlarge_use1-az6': 35, 'm8g.16xlarge_use1-az2': 5, 'm8g.16xlarge_use1-az4': 5, 'm8g.16xlarge_use1-az5': 5, 'm8g.16xlarge_use1-az6': 45, 'm8g.24xlarge_use1-az2': 5, 'm8g.24xlarge_use1-az4': 1, 'm8g.24xlarge_use1-az5': 1, 'm8g.24xlarge_use1-az6': 25, 'm8g.2xlarge_use1-az4': 10, 'm8g.2xlarge_use1-az5': 10, 'm8g.48xlarge_use1-az2': 5, 'm8g.48xlarge_use1-az4': 5, 'm8g.48xlarge_use1-az6': 20, 'm8g.4xlarge_use1-az2': 5, 'm8g.4xlarge_use1-az4': 5, 'm8g.4xlarge_use1-az5': 1, 'm8g.4xlarge_use1-az6': 40, 'm8g.8xlarge_use1-az2': 10, 'm8g.8xlarge_use1-az4': 20, 'm8g.8xlarge_use1-az5': 1, 'm8g.8xlarge_use1-az6': 40, 'm8g.large_use1-az1': 1, 'm8g.large_use1-az2': 20, 'm8g.large_use1-az6': 45, 'm8g.medium_use1-az1': 1, 'm8g.medium_use1-az2': 15, 'm8g.metal-48xl_use1-az2': 5, 'm8g.metal-48xl_use1-az6': 25, 'm8g.xlarge_use1-az1': 1, 'm8g.xlarge_use1-az5': 15, 'm8g.xlarge_use1-az6': 50, 'm8gd.16xlarge_use1-az5': 1, 'm8gd.4xlarge_use1-az2': 5, 'm8gd.4xlarge_use1-az4': 1, 'm8gd.4xlarge_use1-az6': 1, 'm8gd.8xlarge_use1-az5': 1, 'm8gd.8xlarge_use1-az6': 5, 'm8gd.large_use1-az1': 20, 'm8gd.large_use1-az2': 15, 'm8gd.large_use1-az5': 1, 'm8gd.large_use1-az6': 1, 'm8gd.medium_use1-az6': 1, 'm8gd.metal-24xl_use1-az2': 1, 'm8gd.xlarge_use1-az1': 1, 'm8gd.xlarge_use1-az5': 1, 'm8i-flex.16xlarge_use1-az6': 5, 'm8i-flex.2xlarge_use1-az2': 10, 'm8i-flex.2xlarge_use1-az4': 1, 'm8i-flex.2xlarge_use1-az6': 50, 'm8i-flex.4xlarge_use1-az2': 1, 'm8i-flex.4xlarge_use1-az4': 1, 'm8i-flex.4xlarge_use1-az6': 5, 'm8i-flex.8xlarge_use1-az6': 1, 'm8i-flex.large_use1-az2': 5, 'm8i-flex.xlarge_use1-az2': 10, 'm8i-flex.xlarge_use1-az4': 25, 'm8i-flex.xlarge_use1-az6': 50, 'm8i.12xlarge_use1-az6': 1, 'm8i.16xlarge_use1-az4': 1, 'm8i.16xlarge_use1-az6': 1, 'm8i.24xlarge_use1-az6': 1, 'm8i.2xlarge_use1-az2': 10, 'm8i.2xlarge_use1-az4': 1, 'm8i.2xlarge_use1-az6': 10, 'm8i.32xlarge_use1-az2': 1, 'm8i.32xlarge_use1-az6': 5, 'm8i.48xlarge_use1-az2': 1, 'm8i.48xlarge_use1-az6': 5, 'm8i.4xlarge_use1-az2': 5, 'm8i.4xlarge_use1-az4': 1, 'm8i.4xlarge_use1-az6': 5, 'm8i.8xlarge_use1-az2': 1, 'm8i.8xlarge_use1-az4': 1, 'm8i.8xlarge_use1-az6': 20, 'm8i.96xlarge_use1-az6': 1, 'm8i.large_use1-az4': 25, 'm8i.metal-48xl_use1-az6': 1, 'm8i.metal-96xl_use1-az6': 1, 'm8i.xlarge_use1-az2': 30, 'm8i.xlarge_use1-az4': 10, 'p3.2xlarge_use1-az1': 50, 'p3.2xlarge_use1-az2': 50, 'p3.2xlarge_use1-az5': 50, 'p3.2xlarge_use1-az6': 50, 'p3dn.24xlarge_use1-az1': 15, 'p3dn.24xlarge_use1-az6': 50, 'p4d.24xlarge_use1-az2': 1, 'p4d.24xlarge_use1-az6': 1, 'p5.48xlarge_use1-az2': 15, 'r3.2xlarge_use1-az2': 1, 'r3.2xlarge_use1-az4': 1, 'r3.2xlarge_use1-az6': 1, 'r3.4xlarge_use1-az4': 1, 'r3.4xlarge_use1-az6': 1, 'r3.8xlarge_use1-az2': 1, 'r3.8xlarge_use1-az4': 1, 'r3.8xlarge_use1-az6': 5, 'r3.large_use1-az2': 50, 'r3.large_use1-az4': 50, 'r3.large_use1-az6': 50, 'r3.xlarge_use1-az2': 40, 'r3.xlarge_use1-az4': 50, 'r3.xlarge_use1-az6': 50, 'r4.16xlarge_use1-az1': 10, 'r4.16xlarge_use1-az2': 10, 'r4.16xlarge_use1-az3': 50, 'r4.16xlarge_use1-az4': 35, 'r4.16xlarge_use1-az5': 15, 'r4.16xlarge_use1-az6': 10, 'r4.2xlarge_use1-az1': 20, 'r4.2xlarge_use1-az2': 50, 'r4.2xlarge_use1-az3': 50, 'r4.2xlarge_use1-az4': 50, 'r4.2xlarge_use1-az5': 5, 'r4.2xlarge_use1-az6': 50, 'r4.4xlarge_use1-az1': 20, 'r4.4xlarge_use1-az2': 50, 'r4.4xlarge_use1-az3': 40, 'r4.4xlarge_use1-az4': 15, 'r4.4xlarge_use1-az5': 5, 'r4.4xlarge_use1-az6': 50, 'r4.8xlarge_use1-az1': 50, 'r4.8xlarge_use1-az2': 50, 'r4.8xlarge_use1-az3': 25, 'r4.8xlarge_use1-az4': 50, 'r4.8xlarge_use1-az5': 5, 'r4.8xlarge_use1-az6': 50, 'r4.large_use1-az1': 35, 'r4.large_use1-az2': 50, 'r4.large_use1-az3': 10, 'r4.large_use1-az4': 50, 'r4.large_use1-az5': 20, 'r4.large_use1-az6': 50, 'r4.xlarge_use1-az1': 50, 'r4.xlarge_use1-az2': 50, 'r4.xlarge_use1-az3': 50, 'r4.xlarge_use1-az4': 50, 'r4.xlarge_use1-az5': 30, 'r4.xlarge_use1-az6': 50, 'r5.12xlarge_use1-az1': 5, 'r5.12xlarge_use1-az2': 5, 'r5.12xlarge_use1-az4': 50, 'r5.12xlarge_use1-az5': 5, 'r5.12xlarge_use1-az6': 5, 'r5.16xlarge_use1-az1': 5, 'r5.16xlarge_use1-az4': 35, 'r5.16xlarge_use1-az5': 30, 'r5.16xlarge_use1-az6': 5, 'r5.24xlarge_use1-az4': 15, 'r5.24xlarge_use1-az5': 5, 'r5.24xlarge_use1-az6': 5, 'r5.2xlarge_use1-az1': 50, 'r5.2xlarge_use1-az2': 50, 'r5.2xlarge_use1-az4': 50, 'r5.2xlarge_use1-az5': 5, 'r5.2xlarge_use1-az6': 50, 'r5.4xlarge_use1-az1': 50, 'r5.4xlarge_use1-az2': 50, 'r5.4xlarge_use1-az4': 50, 'r5.4xlarge_use1-az5': 5, 'r5.4xlarge_use1-az6': 50, 'r5.8xlarge_use1-az1': 50, 'r5.8xlarge_use1-az2': 50, 'r5.8xlarge_use1-az4': 50, 'r5.8xlarge_use1-az5': 5, 'r5.8xlarge_use1-az6': 5, 'r5.large_use1-az1': 50, 'r5.large_use1-az2': 50, 'r5.large_use1-az4': 50, 'r5.large_use1-az5': 50, 'r5.large_use1-az6': 50, 'r5.xlarge_use1-az1': 50, 'r5.xlarge_use1-az2': 50, 'r5.xlarge_use1-az4': 50, 'r5.xlarge_use1-az5': 50, 'r5.xlarge_use1-az6': 50, 'r5a.12xlarge_use1-az1': 1, 'r5a.12xlarge_use1-az2': 1, 'r5a.12xlarge_use1-az4': 5, 'r5a.12xlarge_use1-az6': 5, 'r5a.16xlarge_use1-az1': 10, 'r5a.16xlarge_use1-az2': 10, 'r5a.16xlarge_use1-az4': 10, 'r5a.16xlarge_use1-az5': 5, 'r5a.16xlarge_use1-az6': 5, 'r5a.24xlarge_use1-az1': 5, 'r5a.24xlarge_use1-az2': 15, 'r5a.24xlarge_use1-az4': 10, 'r5a.24xlarge_use1-az5': 1, 'r5a.24xlarge_use1-az6': 10, 'r5a.2xlarge_use1-az1': 10, 'r5a.2xlarge_use1-az2': 20, 'r5a.2xlarge_use1-az4': 35, 'r5a.2xlarge_use1-az5': 5, 'r5a.2xlarge_use1-az6': 30, 'r5a.4xlarge_use1-az1': 25, 'r5a.4xlarge_use1-az2': 50, 'r5a.4xlarge_use1-az4': 50, 'r5a.4xlarge_use1-az5': 5, 'r5a.4xlarge_use1-az6': 50, 'r5a.8xlarge_use1-az1': 25, 'r5a.8xlarge_use1-az2': 10, 'r5a.8xlarge_use1-az4': 15, 'r5a.8xlarge_use1-az5': 30, 'r5a.8xlarge_use1-az6': 20, 'r5a.large_use1-az1': 50, 'r5a.large_use1-az2': 50, 'r5a.large_use1-az4': 50, 'r5a.large_use1-az5': 25, 'r5a.large_use1-az6': 50, 'r5a.xlarge_use1-az1': 20, 'r5a.xlarge_use1-az2': 50, 'r5a.xlarge_use1-az4': 50, 'r5a.xlarge_use1-az5': 5, 'r5a.xlarge_use1-az6': 50, 'r5ad.12xlarge_use1-az2': 1, 'r5ad.16xlarge_use1-az2': 50, 'r5ad.16xlarge_use1-az4': 10, 'r5ad.16xlarge_use1-az5': 1, 'r5ad.16xlarge_use1-az6': 10, 'r5ad.24xlarge_use1-az2': 25, 'r5ad.24xlarge_use1-az4': 1, 'r5ad.24xlarge_use1-az6': 10, 'r5ad.2xlarge_use1-az1': 1, 'r5ad.2xlarge_use1-az2': 1, 'r5ad.2xlarge_use1-az4': 1, 'r5ad.2xlarge_use1-az5': 1, 'r5ad.2xlarge_use1-az6': 1, 'r5ad.4xlarge_use1-az1': 1, 'r5ad.4xlarge_use1-az2': 10, 'r5ad.4xlarge_use1-az4': 5, 'r5ad.4xlarge_use1-az5': 1, 'r5ad.4xlarge_use1-az6': 1, 'r5ad.8xlarge_use1-az2': 5, 'r5ad.8xlarge_use1-az4': 20, 'r5ad.8xlarge_use1-az5': 1, 'r5ad.8xlarge_use1-az6': 10, 'r5ad.large_use1-az1': 1, 'r5ad.large_use1-az2': 30, 'r5ad.large_use1-az4': 10, 'r5ad.large_use1-az5': 5, 'r5ad.large_use1-az6': 10, 'r5ad.xlarge_use1-az1': 1, 'r5ad.xlarge_use1-az2': 10, 'r5ad.xlarge_use1-az4': 10, 'r5ad.xlarge_use1-az5': 1, 'r5ad.xlarge_use1-az6': 5, 'r5b.12xlarge_use1-az1': 5, 'r5b.12xlarge_use1-az4': 5, 'r5b.12xlarge_use1-az6': 1, 'r5b.16xlarge_use1-az1': 5, 'r5b.16xlarge_use1-az2': 5, 'r5b.16xlarge_use1-az4': 5, 'r5b.16xlarge_use1-az6': 5, 'r5b.24xlarge_use1-az1': 1, 'r5b.24xlarge_use1-az4': 5, 'r5b.24xlarge_use1-az6': 1, 'r5b.2xlarge_use1-az1': 1, 'r5b.2xlarge_use1-az2': 1, 'r5b.2xlarge_use1-az4': 1, 'r5b.2xlarge_use1-az6': 1, 'r5b.4xlarge_use1-az1': 5, 'r5b.4xlarge_use1-az2': 5, 'r5b.4xlarge_use1-az4': 5, 'r5b.4xlarge_use1-az6': 5, 'r5b.8xlarge_use1-az1': 5, 'r5b.8xlarge_use1-az2': 1, 'r5b.8xlarge_use1-az4': 1, 'r5b.8xlarge_use1-az6': 1, 'r5b.large_use1-az1': 1, 'r5b.large_use1-az2': 5, 'r5b.large_use1-az4': 10, 'r5b.large_use1-az6': 5, 'r5b.xlarge_use1-az1': 1, 'r5b.xlarge_use1-az2': 1, 'r5b.xlarge_use1-az4': 5, 'r5b.xlarge_use1-az6': 1, 'r5d.12xlarge_use1-az1': 1, 'r5d.12xlarge_use1-az2': 5, 'r5d.12xlarge_use1-az4': 10, 'r5d.12xlarge_use1-az6': 1, 'r5d.16xlarge_use1-az1': 5, 'r5d.16xlarge_use1-az2': 50, 'r5d.16xlarge_use1-az4': 50, 'r5d.16xlarge_use1-az5': 10, 'r5d.16xlarge_use1-az6': 50, 'r5d.24xlarge_use1-az1': 1, 'r5d.24xlarge_use1-az2': 1, 'r5d.24xlarge_use1-az4': 10, 'r5d.24xlarge_use1-az5': 1, 'r5d.24xlarge_use1-az6': 10, 'r5d.2xlarge_use1-az1': 5, 'r5d.2xlarge_use1-az2': 15, 'r5d.2xlarge_use1-az4': 15, 'r5d.2xlarge_use1-az5': 1, 'r5d.2xlarge_use1-az6': 15, 'r5d.4xlarge_use1-az1': 5, 'r5d.4xlarge_use1-az2': 20, 'r5d.4xlarge_use1-az4': 45, 'r5d.4xlarge_use1-az5': 5, 'r5d.4xlarge_use1-az6': 25, 'r5d.8xlarge_use1-az1': 5, 'r5d.8xlarge_use1-az2': 15, 'r5d.8xlarge_use1-az4': 15, 'r5d.8xlarge_use1-az5': 5, 'r5d.8xlarge_use1-az6': 50, 'r5d.large_use1-az1': 10, 'r5d.large_use1-az2': 50, 'r5d.large_use1-az4': 50, 'r5d.large_use1-az5': 5, 'r5d.large_use1-az6': 50, 'r5d.xlarge_use1-az1': 1, 'r5d.xlarge_use1-az2': 15, 'r5d.xlarge_use1-az4': 15, 'r5d.xlarge_use1-az5': 1, 'r5d.xlarge_use1-az6': 10, 'r5dn.12xlarge_use1-az1': 1, 'r5dn.12xlarge_use1-az2': 1, 'r5dn.12xlarge_use1-az4': 1, 'r5dn.12xlarge_use1-az5': 1, 'r5dn.12xlarge_use1-az6': 1, 'r5dn.16xlarge_use1-az1': 5, 'r5dn.16xlarge_use1-az2': 5, 'r5dn.16xlarge_use1-az4': 15, 'r5dn.16xlarge_use1-az5': 10, 'r5dn.16xlarge_use1-az6': 30, 'r5dn.24xlarge_use1-az2': 5, 'r5dn.24xlarge_use1-az4': 10, 'r5dn.24xlarge_use1-az5': 1, 'r5dn.24xlarge_use1-az6': 25, 'r5dn.2xlarge_use1-az1': 50, 'r5dn.2xlarge_use1-az2': 45, 'r5dn.2xlarge_use1-az4': 30, 'r5dn.2xlarge_use1-az5': 50, 'r5dn.2xlarge_use1-az6': 5, 'r5dn.4xlarge_use1-az1': 5, 'r5dn.4xlarge_use1-az2': 25, 'r5dn.4xlarge_use1-az4': 45, 'r5dn.4xlarge_use1-az5': 5, 'r5dn.4xlarge_use1-az6': 20, 'r5dn.8xlarge_use1-az1': 1, 'r5dn.8xlarge_use1-az2': 5, 'r5dn.8xlarge_use1-az4': 5, 'r5dn.8xlarge_use1-az5': 5, 'r5dn.8xlarge_use1-az6': 50, 'r5dn.large_use1-az1': 50, 'r5dn.large_use1-az2': 50, 'r5dn.large_use1-az4': 50, 'r5dn.large_use1-az5': 50, 'r5dn.large_use1-az6': 50, 'r5dn.xlarge_use1-az1': 5, 'r5dn.xlarge_use1-az2': 15, 'r5dn.xlarge_use1-az4': 15, 'r5dn.xlarge_use1-az5': 15, 'r5dn.xlarge_use1-az6': 15, 'r5n.12xlarge_use1-az2': 1, 'r5n.12xlarge_use1-az4': 1, 'r5n.12xlarge_use1-az6': 1, 'r5n.16xlarge_use1-az1': 1, 'r5n.16xlarge_use1-az2': 10, 'r5n.16xlarge_use1-az4': 35, 'r5n.16xlarge_use1-az5': 1, 'r5n.16xlarge_use1-az6': 20, 'r5n.2xlarge_use1-az1': 5, 'r5n.2xlarge_use1-az2': 5, 'r5n.2xlarge_use1-az4': 15, 'r5n.2xlarge_use1-az5': 1, 'r5n.2xlarge_use1-az6': 1, 'r5n.4xlarge_use1-az1': 5, 'r5n.4xlarge_use1-az2': 25, 'r5n.4xlarge_use1-az4': 15, 'r5n.4xlarge_use1-az5': 5, 'r5n.4xlarge_use1-az6': 35, 'r5n.8xlarge_use1-az1': 10, 'r5n.8xlarge_use1-az2': 20, 'r5n.8xlarge_use1-az4': 35, 'r5n.8xlarge_use1-az6': 15, 'r5n.large_use1-az1': 20, 'r5n.large_use1-az2': 50, 'r5n.large_use1-az4': 50, 'r5n.large_use1-az5': 10, 'r5n.large_use1-az6': 30, 'r5n.xlarge_use1-az1': 1, 'r5n.xlarge_use1-az2': 10, 'r5n.xlarge_use1-az4': 15, 'r5n.xlarge_use1-az5': 1, 'r5n.xlarge_use1-az6': 20, 'r6a.12xlarge_use1-az1': 1, 'r6a.12xlarge_use1-az2': 10, 'r6a.12xlarge_use1-az4': 5, 'r6a.12xlarge_use1-az6': 10, 'r6a.16xlarge_use1-az1': 5, 'r6a.16xlarge_use1-az2': 15, 'r6a.16xlarge_use1-az4': 30, 'r6a.16xlarge_use1-az5': 15, 'r6a.16xlarge_use1-az6': 40, 'r6a.24xlarge_use1-az2': 5, 'r6a.24xlarge_use1-az4': 1, 'r6a.24xlarge_use1-az5': 1, 'r6a.24xlarge_use1-az6': 5, 'r6a.2xlarge_use1-az1': 50, 'r6a.2xlarge_use1-az2': 50, 'r6a.2xlarge_use1-az4': 40, 'r6a.2xlarge_use1-az5': 1, 'r6a.2xlarge_use1-az6': 50, 'r6a.32xlarge_use1-az2': 5, 'r6a.32xlarge_use1-az4': 5, 'r6a.32xlarge_use1-az5': 5, 'r6a.32xlarge_use1-az6': 5, 'r6a.48xlarge_use1-az2': 5, 'r6a.48xlarge_use1-az4': 5, 'r6a.48xlarge_use1-az5': 5, 'r6a.48xlarge_use1-az6': 1, 'r6a.4xlarge_use1-az1': 50, 'r6a.4xlarge_use1-az2': 50, 'r6a.4xlarge_use1-az4': 50, 'r6a.4xlarge_use1-az5': 40, 'r6a.4xlarge_use1-az6': 50, 'r6a.8xlarge_use1-az1': 20, 'r6a.8xlarge_use1-az2': 50, 'r6a.8xlarge_use1-az4': 50, 'r6a.8xlarge_use1-az5': 50, 'r6a.8xlarge_use1-az6': 50, 'r6a.large_use1-az1': 50, 'r6a.large_use1-az2': 50, 'r6a.large_use1-az4': 50, 'r6a.large_use1-az5': 50, 'r6a.large_use1-az6': 50, 'r6a.xlarge_use1-az1': 50, 'r6a.xlarge_use1-az2': 50, 'r6a.xlarge_use1-az4': 50, 'r6a.xlarge_use1-az5': 50, 'r6a.xlarge_use1-az6': 50, 'r6g.12xlarge_use1-az2': 50, 'r6g.12xlarge_use1-az4': 45, 'r6g.12xlarge_use1-az5': 10, 'r6g.12xlarge_use1-az6': 50, 'r6g.16xlarge_use1-az1': 1, 'r6g.16xlarge_use1-az2': 50, 'r6g.16xlarge_use1-az4': 50, 'r6g.16xlarge_use1-az5': 50, 'r6g.16xlarge_use1-az6': 50, 'r6g.2xlarge_use1-az1': 1, 'r6g.2xlarge_use1-az2': 25, 'r6g.2xlarge_use1-az4': 40, 'r6g.2xlarge_use1-az5': 10, 'r6g.2xlarge_use1-az6': 50, 'r6g.4xlarge_use1-az1': 10, 'r6g.4xlarge_use1-az2': 50, 'r6g.4xlarge_use1-az4': 50, 'r6g.4xlarge_use1-az5': 50, 'r6g.4xlarge_use1-az6': 50, 'r6g.8xlarge_use1-az1': 1, 'r6g.8xlarge_use1-az2': 10, 'r6g.8xlarge_use1-az4': 50, 'r6g.8xlarge_use1-az5': 50, 'r6g.8xlarge_use1-az6': 50, 'r6g.large_use1-az1': 10, 'r6g.large_use1-az2': 40, 'r6g.large_use1-az4': 50, 'r6g.large_use1-az5': 5, 'r6g.large_use1-az6': 50, 'r6g.medium_use1-az1': 1, 'r6g.medium_use1-az2': 10, 'r6g.medium_use1-az4': 15, 'r6g.medium_use1-az5': 15, 'r6g.medium_use1-az6': 35, 'r6g.xlarge_use1-az1': 1, 'r6g.xlarge_use1-az2': 50, 'r6g.xlarge_use1-az4': 50, 'r6g.xlarge_use1-az5': 50, 'r6g.xlarge_use1-az6': 50, 'r6gd.12xlarge_use1-az1': 1, 'r6gd.12xlarge_use1-az2': 5, 'r6gd.12xlarge_use1-az4': 10, 'r6gd.12xlarge_use1-az5': 1, 'r6gd.12xlarge_use1-az6': 10, 'r6gd.16xlarge_use1-az1': 5, 'r6gd.16xlarge_use1-az2': 5, 'r6gd.16xlarge_use1-az4': 50, 'r6gd.16xlarge_use1-az5': 1, 'r6gd.16xlarge_use1-az6': 45, 'r6gd.2xlarge_use1-az1': 1, 'r6gd.2xlarge_use1-az2': 20, 'r6gd.2xlarge_use1-az4': 30, 'r6gd.2xlarge_use1-az5': 1, 'r6gd.2xlarge_use1-az6': 1, 'r6gd.4xlarge_use1-az1': 5, 'r6gd.4xlarge_use1-az2': 20, 'r6gd.4xlarge_use1-az4': 50, 'r6gd.4xlarge_use1-az5': 1, 'r6gd.4xlarge_use1-az6': 25, 'r6gd.8xlarge_use1-az1': 1, 'r6gd.8xlarge_use1-az2': 10, 'r6gd.8xlarge_use1-az4': 20, 'r6gd.8xlarge_use1-az5': 1, 'r6gd.8xlarge_use1-az6': 30, 'r6gd.large_use1-az1': 50, 'r6gd.large_use1-az2': 50, 'r6gd.large_use1-az4': 50, 'r6gd.large_use1-az5': 50, 'r6gd.large_use1-az6': 50, 'r6gd.medium_use1-az1': 5, 'r6gd.medium_use1-az2': 1, 'r6gd.medium_use1-az4': 5, 'r6gd.medium_use1-az5': 5, 'r6gd.medium_use1-az6': 1, 'r6gd.xlarge_use1-az1': 1, 'r6gd.xlarge_use1-az2': 1, 'r6gd.xlarge_use1-az4': 5, 'r6gd.xlarge_use1-az6': 10, 'r6i.12xlarge_use1-az1': 5, 'r6i.12xlarge_use1-az2': 5, 'r6i.12xlarge_use1-az4': 5, 'r6i.12xlarge_use1-az5': 1, 'r6i.12xlarge_use1-az6': 10, 'r6i.16xlarge_use1-az1': 1, 'r6i.16xlarge_use1-az2': 1, 'r6i.16xlarge_use1-az4': 10, 'r6i.16xlarge_use1-az5': 10, 'r6i.16xlarge_use1-az6': 1, 'r6i.24xlarge_use1-az4': 10, 'r6i.24xlarge_use1-az5': 1, 'r6i.24xlarge_use1-az6': 5, 'r6i.2xlarge_use1-az1': 15, 'r6i.2xlarge_use1-az2': 35, 'r6i.2xlarge_use1-az4': 50, 'r6i.2xlarge_use1-az5': 5, 'r6i.2xlarge_use1-az6': 50, 'r6i.32xlarge_use1-az4': 1, 'r6i.32xlarge_use1-az5': 1, 'r6i.32xlarge_use1-az6': 1, 'r6i.4xlarge_use1-az1': 30, 'r6i.4xlarge_use1-az2': 20, 'r6i.4xlarge_use1-az4': 20, 'r6i.4xlarge_use1-az5': 10, 'r6i.4xlarge_use1-az6': 40, 'r6i.8xlarge_use1-az1': 5, 'r6i.8xlarge_use1-az2': 10, 'r6i.8xlarge_use1-az4': 10, 'r6i.8xlarge_use1-az5': 5, 'r6i.8xlarge_use1-az6': 10, 'r6i.large_use1-az1': 20, 'r6i.large_use1-az2': 50, 'r6i.large_use1-az4': 50, 'r6i.large_use1-az5': 20, 'r6i.large_use1-az6': 50, 'r6i.xlarge_use1-az1': 15, 'r6i.xlarge_use1-az2': 45, 'r6i.xlarge_use1-az4': 50, 'r6i.xlarge_use1-az5': 10, 'r6i.xlarge_use1-az6': 50, 'r6id.12xlarge_use1-az1': 1, 'r6id.12xlarge_use1-az2': 5, 'r6id.12xlarge_use1-az4': 1, 'r6id.12xlarge_use1-az6': 5, 'r6id.16xlarge_use1-az1': 5, 'r6id.16xlarge_use1-az2': 5, 'r6id.16xlarge_use1-az4': 15, 'r6id.16xlarge_use1-az5': 1, 'r6id.16xlarge_use1-az6': 20, 'r6id.24xlarge_use1-az1': 10, 'r6id.24xlarge_use1-az2': 10, 'r6id.24xlarge_use1-az4': 5, 'r6id.24xlarge_use1-az5': 15, 'r6id.24xlarge_use1-az6': 25, 'r6id.2xlarge_use1-az1': 5, 'r6id.2xlarge_use1-az2': 1, 'r6id.2xlarge_use1-az4': 10, 'r6id.2xlarge_use1-az5': 1, 'r6id.2xlarge_use1-az6': 10, 'r6id.32xlarge_use1-az1': 1, 'r6id.32xlarge_use1-az2': 5, 'r6id.32xlarge_use1-az4': 1, 'r6id.32xlarge_use1-az5': 1, 'r6id.32xlarge_use1-az6': 10, 'r6id.4xlarge_use1-az1': 40, 'r6id.4xlarge_use1-az2': 50, 'r6id.4xlarge_use1-az4': 10, 'r6id.4xlarge_use1-az5': 20, 'r6id.4xlarge_use1-az6': 35, 'r6id.8xlarge_use1-az1': 1, 'r6id.8xlarge_use1-az2': 1, 'r6id.8xlarge_use1-az4': 5, 'r6id.8xlarge_use1-az5': 1, 'r6id.8xlarge_use1-az6': 5, 'r6id.large_use1-az1': 15, 'r6id.large_use1-az2': 10, 'r6id.large_use1-az4': 5, 'r6id.large_use1-az5': 15, 'r6id.large_use1-az6': 30, 'r6id.xlarge_use1-az1': 5, 'r6id.xlarge_use1-az2': 15, 'r6id.xlarge_use1-az4': 10, 'r6id.xlarge_use1-az5': 15, 'r6id.xlarge_use1-az6': 15, 'r6idn.16xlarge_use1-az4': 1, 'r6idn.16xlarge_use1-az5': 1, 'r6idn.16xlarge_use1-az6': 1, 'r6idn.24xlarge_use1-az6': 1, 'r6idn.2xlarge_use1-az1': 1, 'r6idn.2xlarge_use1-az2': 1, 'r6idn.2xlarge_use1-az4': 5, 'r6idn.2xlarge_use1-az5': 1, 'r6idn.2xlarge_use1-az6': 5, 'r6idn.32xlarge_use1-az6': 1, 'r6idn.4xlarge_use1-az1': 15, 'r6idn.4xlarge_use1-az2': 15, 'r6idn.4xlarge_use1-az4': 15, 'r6idn.4xlarge_use1-az5': 5, 'r6idn.4xlarge_use1-az6': 10, 'r6idn.8xlarge_use1-az2': 1, 'r6idn.8xlarge_use1-az4': 1, 'r6idn.8xlarge_use1-az6': 5, 'r6idn.large_use1-az1': 1, 'r6idn.large_use1-az2': 1, 'r6idn.large_use1-az4': 5, 'r6idn.large_use1-az5': 5, 'r6idn.large_use1-az6': 5, 'r6idn.xlarge_use1-az1': 5, 'r6idn.xlarge_use1-az2': 1, 'r6idn.xlarge_use1-az4': 5, 'r6idn.xlarge_use1-az5': 1, 'r6idn.xlarge_use1-az6': 5, 'r6in.12xlarge_use1-az1': 1, 'r6in.12xlarge_use1-az6': 5, 'r6in.16xlarge_use1-az4': 1, 'r6in.16xlarge_use1-az5': 1, 'r6in.16xlarge_use1-az6': 5, 'r6in.24xlarge_use1-az6': 1, 'r6in.2xlarge_use1-az1': 1, 'r6in.2xlarge_use1-az2': 1, 'r6in.2xlarge_use1-az4': 1, 'r6in.2xlarge_use1-az5': 1, 'r6in.2xlarge_use1-az6': 1, 'r6in.4xlarge_use1-az1': 5, 'r6in.4xlarge_use1-az2': 20, 'r6in.4xlarge_use1-az4': 15, 'r6in.4xlarge_use1-az5': 20, 'r6in.4xlarge_use1-az6': 20, 'r6in.8xlarge_use1-az1': 5, 'r6in.8xlarge_use1-az4': 1, 'r6in.8xlarge_use1-az6': 5, 'r6in.large_use1-az1': 45, 'r6in.large_use1-az2': 50, 'r6in.large_use1-az4': 50, 'r6in.large_use1-az5': 40, 'r6in.large_use1-az6': 50, 'r6in.xlarge_use1-az1': 1, 'r6in.xlarge_use1-az2': 1, 'r6in.xlarge_use1-az4': 1, 'r6in.xlarge_use1-az5': 1, 'r6in.xlarge_use1-az6': 1, 'r7a.12xlarge_use1-az1': 1, 'r7a.12xlarge_use1-az2': 1, 'r7a.12xlarge_use1-az4': 5, 'r7a.12xlarge_use1-az6': 20, 'r7a.16xlarge_use1-az1': 1, 'r7a.16xlarge_use1-az2': 15, 'r7a.16xlarge_use1-az4': 30, 'r7a.16xlarge_use1-az6': 50, 'r7a.24xlarge_use1-az2': 10, 'r7a.24xlarge_use1-az4': 10, 'r7a.24xlarge_use1-az6': 35, 'r7a.2xlarge_use1-az1': 1, 'r7a.2xlarge_use1-az2': 5, 'r7a.2xlarge_use1-az4': 25, 'r7a.2xlarge_use1-az6': 1, 'r7a.32xlarge_use1-az2': 1, 'r7a.32xlarge_use1-az4': 1, 'r7a.32xlarge_use1-az6': 50, 'r7a.48xlarge_use1-az2': 5, 'r7a.48xlarge_use1-az4': 5, 'r7a.48xlarge_use1-az6': 50, 'r7a.4xlarge_use1-az1': 5, 'r7a.4xlarge_use1-az2': 25, 'r7a.4xlarge_use1-az4': 50, 'r7a.4xlarge_use1-az6': 50, 'r7a.8xlarge_use1-az1': 5, 'r7a.8xlarge_use1-az2': 20, 'r7a.8xlarge_use1-az4': 50, 'r7a.8xlarge_use1-az6': 50, 'r7a.large_use1-az1': 50, 'r7a.large_use1-az2': 50, 'r7a.large_use1-az4': 50, 'r7a.large_use1-az6': 50, 'r7a.medium_use1-az1': 10, 'r7a.medium_use1-az2': 25, 'r7a.medium_use1-az4': 50, 'r7a.medium_use1-az6': 50, 'r7a.xlarge_use1-az1': 20, 'r7a.xlarge_use1-az2': 50, 'r7a.xlarge_use1-az4': 50, 'r7a.xlarge_use1-az6': 25, 'r7g.12xlarge_use1-az1': 1, 'r7g.12xlarge_use1-az2': 5, 'r7g.12xlarge_use1-az4': 50, 'r7g.12xlarge_use1-az5': 1, 'r7g.12xlarge_use1-az6': 5, 'r7g.16xlarge_use1-az1': 5, 'r7g.16xlarge_use1-az2': 30, 'r7g.16xlarge_use1-az4': 50, 'r7g.16xlarge_use1-az5': 5, 'r7g.16xlarge_use1-az6': 50, 'r7g.2xlarge_use1-az1': 5, 'r7g.2xlarge_use1-az2': 10, 'r7g.2xlarge_use1-az4': 50, 'r7g.2xlarge_use1-az5': 5, 'r7g.2xlarge_use1-az6': 15, 'r7g.4xlarge_use1-az1': 5, 'r7g.4xlarge_use1-az2': 5, 'r7g.4xlarge_use1-az4': 50, 'r7g.4xlarge_use1-az5': 5, 'r7g.4xlarge_use1-az6': 15, 'r7g.8xlarge_use1-az1': 1, 'r7g.8xlarge_use1-az2': 50, 'r7g.8xlarge_use1-az4': 50, 'r7g.8xlarge_use1-az5': 50, 'r7g.8xlarge_use1-az6': 50, 'r7g.large_use1-az1': 20, 'r7g.large_use1-az2': 50, 'r7g.large_use1-az4': 50, 'r7g.large_use1-az5': 40, 'r7g.large_use1-az6': 40, 'r7g.medium_use1-az1': 50, 'r7g.medium_use1-az2': 50, 'r7g.medium_use1-az4': 50, 'r7g.medium_use1-az5': 25, 'r7g.medium_use1-az6': 50, 'r7g.xlarge_use1-az1': 50, 'r7g.xlarge_use1-az2': 50, 'r7g.xlarge_use1-az4': 50, 'r7g.xlarge_use1-az5': 10, 'r7g.xlarge_use1-az6': 50, 'r7gd.12xlarge_use1-az1': 1, 'r7gd.12xlarge_use1-az2': 10, 'r7gd.12xlarge_use1-az4': 35, 'r7gd.12xlarge_use1-az5': 10, 'r7gd.12xlarge_use1-az6': 50, 'r7gd.16xlarge_use1-az1': 5, 'r7gd.16xlarge_use1-az2': 50, 'r7gd.16xlarge_use1-az4': 50, 'r7gd.16xlarge_use1-az5': 50, 'r7gd.16xlarge_use1-az6': 50, 'r7gd.2xlarge_use1-az1': 5, 'r7gd.2xlarge_use1-az2': 25, 'r7gd.2xlarge_use1-az4': 25, 'r7gd.2xlarge_use1-az5': 40, 'r7gd.2xlarge_use1-az6': 50, 'r7gd.4xlarge_use1-az1': 1, 'r7gd.4xlarge_use1-az2': 20, 'r7gd.4xlarge_use1-az4': 25, 'r7gd.4xlarge_use1-az5': 30, 'r7gd.4xlarge_use1-az6': 50, 'r7gd.8xlarge_use1-az1': 1, 'r7gd.8xlarge_use1-az2': 10, 'r7gd.8xlarge_use1-az4': 30, 'r7gd.8xlarge_use1-az5': 20, 'r7gd.8xlarge_use1-az6': 50, 'r7gd.large_use1-az1': 15, 'r7gd.large_use1-az2': 10, 'r7gd.large_use1-az4': 50, 'r7gd.large_use1-az5': 15, 'r7gd.large_use1-az6': 35, 'r7gd.medium_use1-az1': 35, 'r7gd.medium_use1-az2': 15, 'r7gd.medium_use1-az4': 25, 'r7gd.medium_use1-az5': 15, 'r7gd.medium_use1-az6': 20, 'r7gd.xlarge_use1-az1': 1, 'r7gd.xlarge_use1-az2': 10, 'r7gd.xlarge_use1-az4': 25, 'r7gd.xlarge_use1-az5': 10, 'r7gd.xlarge_use1-az6': 50, 'r7i.12xlarge_use1-az4': 1, 'r7i.12xlarge_use1-az6': 10, 'r7i.16xlarge_use1-az1': 5, 'r7i.16xlarge_use1-az2': 15, 'r7i.16xlarge_use1-az4': 45, 'r7i.16xlarge_use1-az5': 5, 'r7i.16xlarge_use1-az6': 50, 'r7i.24xlarge_use1-az1': 1, 'r7i.24xlarge_use1-az2': 1, 'r7i.24xlarge_use1-az4': 5, 'r7i.24xlarge_use1-az5': 5, 'r7i.24xlarge_use1-az6': 5, 'r7i.2xlarge_use1-az1': 5, 'r7i.2xlarge_use1-az2': 5, 'r7i.2xlarge_use1-az4': 10, 'r7i.2xlarge_use1-az5': 5, 'r7i.2xlarge_use1-az6': 50, 'r7i.48xlarge_use1-az2': 1, 'r7i.48xlarge_use1-az4': 5, 'r7i.48xlarge_use1-az5': 1, 'r7i.48xlarge_use1-az6': 5, 'r7i.4xlarge_use1-az1': 5, 'r7i.4xlarge_use1-az2': 20, 'r7i.4xlarge_use1-az4': 10, 'r7i.4xlarge_use1-az5': 1, 'r7i.4xlarge_use1-az6': 50, 'r7i.8xlarge_use1-az1': 5, 'r7i.8xlarge_use1-az2': 25, 'r7i.8xlarge_use1-az4': 25, 'r7i.8xlarge_use1-az5': 5, 'r7i.8xlarge_use1-az6': 50, 'r7i.large_use1-az1': 15, 'r7i.large_use1-az2': 50, 'r7i.large_use1-az4': 50, 'r7i.large_use1-az5': 15, 'r7i.large_use1-az6': 50, 'r7i.xlarge_use1-az1': 5, 'r7i.xlarge_use1-az2': 15, 'r7i.xlarge_use1-az4': 10, 'r7i.xlarge_use1-az5': 15, 'r7i.xlarge_use1-az6': 50, 'r8g.12xlarge_use1-az2': 5, 'r8g.12xlarge_use1-az4': 5, 'r8g.12xlarge_use1-az6': 15, 'r8g.16xlarge_use1-az1': 1, 'r8g.16xlarge_use1-az2': 50, 'r8g.16xlarge_use1-az4': 50, 'r8g.16xlarge_use1-az5': 5, 'r8g.16xlarge_use1-az6': 50, 'r8g.24xlarge_use1-az2': 10, 'r8g.24xlarge_use1-az4': 5, 'r8g.24xlarge_use1-az5': 5, 'r8g.24xlarge_use1-az6': 35, 'r8g.2xlarge_use1-az2': 5, 'r8g.2xlarge_use1-az4': 5, 'r8g.2xlarge_use1-az5': 1, 'r8g.2xlarge_use1-az6': 5, 'r8g.48xlarge_use1-az2': 1, 'r8g.48xlarge_use1-az4': 5, 'r8g.48xlarge_use1-az6': 5, 'r8g.4xlarge_use1-az2': 10, 'r8g.4xlarge_use1-az4': 35, 'r8g.4xlarge_use1-az5': 5, 'r8g.4xlarge_use1-az6': 50, 'r8g.8xlarge_use1-az2': 40, 'r8g.8xlarge_use1-az4': 15, 'r8g.8xlarge_use1-az5': 1, 'r8g.8xlarge_use1-az6': 50, 'r8g.large_use1-az1': 5, 'r8g.large_use1-az2': 30, 'r8g.large_use1-az4': 15, 'r8g.large_use1-az5': 10, 'r8g.large_use1-az6': 20, 'r8g.medium_use1-az1': 15, 'r8g.medium_use1-az2': 30, 'r8g.medium_use1-az4': 20, 'r8g.medium_use1-az5': 5, 'r8g.medium_use1-az6': 15, 'r8g.xlarge_use1-az1': 1, 'r8g.xlarge_use1-az2': 10, 'r8g.xlarge_use1-az4': 5, 'r8g.xlarge_use1-az5': 5, 'r8g.xlarge_use1-az6': 10, 'r8gb.24xlarge_use1-az6': 1, 'r8gb.2xlarge_use1-az2': 1, 'r8gb.2xlarge_use1-az4': 1, 'r8gb.2xlarge_use1-az6': 1, 'r8gb.large_use1-az2': 20, 'r8gb.large_use1-az4': 15, 'r8gb.large_use1-az6': 25, 'r8gb.medium_use1-az2': 50, 'r8gb.metal-24xl_use1-az6': 1, 'r8gb.xlarge_use1-az2': 5, 'r8gb.xlarge_use1-az4': 5, 'r8gb.xlarge_use1-az6': 5, 'r8gd.12xlarge_use1-az5': 1, 'r8gd.12xlarge_use1-az6': 1, 'r8gd.16xlarge_use1-az2': 1, 'r8gd.16xlarge_use1-az4': 1, 'r8gd.16xlarge_use1-az5': 1, 'r8gd.16xlarge_use1-az6': 15, 'r8gd.24xlarge_use1-az2': 1, 'r8gd.24xlarge_use1-az5': 1, 'r8gd.24xlarge_use1-az6': 25, 'r8gd.2xlarge_use1-az2': 25, 'r8gd.2xlarge_use1-az4': 30, 'r8gd.2xlarge_use1-az6': 50, 'r8gd.48xlarge_use1-az6': 50, 'r8gd.4xlarge_use1-az1': 1, 'r8gd.4xlarge_use1-az2': 20, 'r8gd.4xlarge_use1-az5': 1, 'r8gd.4xlarge_use1-az6': 15, 'r8gd.8xlarge_use1-az2': 5, 'r8gd.8xlarge_use1-az4': 1, 'r8gd.8xlarge_use1-az5': 1, 'r8gd.8xlarge_use1-az6': 1, 'r8gd.large_use1-az2': 50, 'r8gd.large_use1-az5': 1, 'r8gd.large_use1-az6': 50, 'r8gd.medium_use1-az1': 5, 'r8gd.medium_use1-az2': 5, 'r8gd.medium_use1-az4': 5, 'r8gd.medium_use1-az5': 10, 'r8gd.metal-24xl_use1-az6': 1, 'r8gd.metal-48xl_use1-az6': 1, 'r8gd.xlarge_use1-az2': 25, 'r8gd.xlarge_use1-az4': 1, 'r8gd.xlarge_use1-az5': 50, 'r8gd.xlarge_use1-az6': 40, 'r8gn.16xlarge_use1-az6': 1, 'r8gn.24xlarge_use1-az2': 1, 'r8gn.2xlarge_use1-az2': 1, 'r8gn.2xlarge_use1-az4': 1, 'r8gn.2xlarge_use1-az6': 1, 'r8gn.48xlarge_use1-az6': 1, 'r8gn.4xlarge_use1-az6': 5, 'r8gn.8xlarge_use1-az2': 1, 'r8gn.8xlarge_use1-az6': 5, 'r8gn.large_use1-az2': 20, 'r8gn.large_use1-az4': 15, 'r8gn.large_use1-az6': 20, 'r8gn.medium_use1-az2': 35, 'r8gn.medium_use1-az4': 40, 'r8gn.metal-24xl_use1-az2': 1, 'r8gn.metal-24xl_use1-az6': 1, 'r8gn.xlarge_use1-az2': 1, 'r8gn.xlarge_use1-az4': 5, 'r8gn.xlarge_use1-az6': 10, 'r8i-flex.2xlarge_use1-az2': 1, 'r8i-flex.2xlarge_use1-az6': 5, 'r8i-flex.4xlarge_use1-az2': 1, 'r8i-flex.4xlarge_use1-az6': 1, 'r8i-flex.large_use1-az2': 1, 'r8i-flex.large_use1-az6': 5, 'r8i-flex.xlarge_use1-az2': 5, 'r8i-flex.xlarge_use1-az6': 1, 'r8i.12xlarge_use1-az2': 1, 'r8i.12xlarge_use1-az6': 1, 'r8i.16xlarge_use1-az2': 1, 'r8i.16xlarge_use1-az6': 1, 'r8i.24xlarge_use1-az6': 1, 'r8i.2xlarge_use1-az2': 5, 'r8i.2xlarge_use1-az6': 5, 'r8i.32xlarge_use1-az2': 1, 'r8i.32xlarge_use1-az6': 1, 'r8i.48xlarge_use1-az2': 1, 'r8i.48xlarge_use1-az6': 1, 'r8i.4xlarge_use1-az2': 1, 'r8i.4xlarge_use1-az6': 5, 'r8i.8xlarge_use1-az2': 1, 'r8i.8xlarge_use1-az6': 5, 'r8i.96xlarge_use1-az2': 1, 'r8i.96xlarge_use1-az6': 1, 'r8i.large_use1-az2': 20, 'r8i.large_use1-az6': 20, 'r8i.xlarge_use1-az2': 5, 'r8i.xlarge_use1-az6': 5, 't2.2xlarge_use1-az1': 50, 't2.2xlarge_use1-az2': 50, 't2.2xlarge_use1-az3': 15, 't2.2xlarge_use1-az4': 50, 't2.2xlarge_use1-az5': 50, 't2.2xlarge_use1-az6': 50, 't2.large_use1-az1': 20, 't2.large_use1-az2': 50, 't2.large_use1-az3': 50, 't2.large_use1-az4': 50, 't2.large_use1-az5': 25, 't2.large_use1-az6': 50, 't2.medium_use1-az1': 50, 't2.medium_use1-az2': 50, 't2.medium_use1-az3': 50, 't2.medium_use1-az4': 50, 't2.medium_use1-az5': 50, 't2.medium_use1-az6': 50, 't2.xlarge_use1-az1': 35, 't2.xlarge_use1-az2': 50, 't2.xlarge_use1-az3': 20, 't2.xlarge_use1-az4': 50, 't2.xlarge_use1-az5': 5, 't2.xlarge_use1-az6': 50, 't3.2xlarge_use1-az1': 50, 't3.2xlarge_use1-az2': 50, 't3.2xlarge_use1-az4': 50, 't3.2xlarge_use1-az5': 50, 't3.2xlarge_use1-az6': 50, 't3.large_use1-az1': 50, 't3.large_use1-az2': 50, 't3.large_use1-az4': 50, 't3.large_use1-az5': 50, 't3.large_use1-az6': 50, 't3.medium_use1-az1': 50, 't3.medium_use1-az2': 50, 't3.medium_use1-az4': 50, 't3.medium_use1-az5': 50, 't3.medium_use1-az6': 50, 't3.xlarge_use1-az1': 50, 't3.xlarge_use1-az2': 50, 't3.xlarge_use1-az4': 50, 't3.xlarge_use1-az5': 50, 't3.xlarge_use1-az6': 50, 't3a.2xlarge_use1-az1': 50, 't3a.2xlarge_use1-az2': 50, 't3a.2xlarge_use1-az4': 50, 't3a.2xlarge_use1-az5': 50, 't3a.2xlarge_use1-az6': 50, 't3a.large_use1-az1': 50, 't3a.large_use1-az2': 50, 't3a.large_use1-az4': 50, 't3a.large_use1-az5': 5, 't3a.large_use1-az6': 50, 't3a.medium_use1-az1': 50, 't3a.medium_use1-az2': 50, 't3a.medium_use1-az4': 50, 't3a.medium_use1-az5': 5, 't3a.medium_use1-az6': 50, 't3a.xlarge_use1-az1': 25, 't3a.xlarge_use1-az2': 50, 't3a.xlarge_use1-az4': 50, 't3a.xlarge_use1-az5': 15, 't3a.xlarge_use1-az6': 50, 't4g.2xlarge_use1-az1': 5, 't4g.2xlarge_use1-az2': 15, 't4g.2xlarge_use1-az4': 5, 't4g.2xlarge_use1-az5': 10, 't4g.2xlarge_use1-az6': 10, 't4g.large_use1-az1': 1, 't4g.large_use1-az2': 15, 't4g.large_use1-az4': 50, 't4g.large_use1-az5': 25, 't4g.large_use1-az6': 35, 't4g.medium_use1-az1': 1, 't4g.medium_use1-az2': 50, 't4g.medium_use1-az4': 50, 't4g.medium_use1-az5': 35, 't4g.medium_use1-az6': 50, 't4g.xlarge_use1-az1': 30, 't4g.xlarge_use1-az2': 15, 't4g.xlarge_use1-az4': 50, 't4g.xlarge_use1-az5': 5, 't4g.xlarge_use1-az6': 10, 'trn1.2xlarge_use1-az5': 5, 'trn1.2xlarge_use1-az6': 20, 'trn1.32xlarge_use1-az6': 50, 'trn1n.32xlarge_use1-az6': 50, 'vt1.3xlarge_use1-az2': 1, 'vt1.6xlarge_use1-az2': 1, 'x1.16xlarge_use1-az2': 1, 'x1.16xlarge_use1-az4': 1, 'x1.16xlarge_use1-az6': 1, 'x1.32xlarge_use1-az2': 1, 'x1.32xlarge_use1-az3': 5, 'x1.32xlarge_use1-az6': 1, 'x1e.16xlarge_use1-az2': 1, 'x1e.16xlarge_use1-az4': 1, 'x1e.16xlarge_use1-az6': 5, 'x1e.2xlarge_use1-az1': 1, 'x1e.2xlarge_use1-az2': 5, 'x1e.2xlarge_use1-az4': 10, 'x1e.2xlarge_use1-az6': 1, 'x1e.4xlarge_use1-az2': 5, 'x1e.4xlarge_use1-az4': 5, 'x1e.4xlarge_use1-az6': 1, 'x1e.8xlarge_use1-az1': 1, 'x1e.8xlarge_use1-az2': 1, 'x1e.8xlarge_use1-az4': 5, 'x1e.8xlarge_use1-az6': 5, 'x1e.xlarge_use1-az1': 10, 'x1e.xlarge_use1-az2': 20, 'x1e.xlarge_use1-az4': 15, 'x1e.xlarge_use1-az6': 5, 'x2gd.12xlarge_use1-az5': 5, 'x2gd.12xlarge_use1-az6': 1, 'x2gd.16xlarge_use1-az5': 1, 'x2gd.16xlarge_use1-az6': 15, 'x2gd.2xlarge_use1-az1': 5, 'x2gd.2xlarge_use1-az4': 1, 'x2gd.2xlarge_use1-az5': 5, 'x2gd.2xlarge_use1-az6': 30, 'x2gd.4xlarge_use1-az1': 1, 'x2gd.4xlarge_use1-az2': 1, 'x2gd.4xlarge_use1-az4': 5, 'x2gd.4xlarge_use1-az5': 1, 'x2gd.4xlarge_use1-az6': 35, 'x2gd.8xlarge_use1-az4': 1, 'x2gd.8xlarge_use1-az5': 1, 'x2gd.8xlarge_use1-az6': 5, 'x2gd.large_use1-az1': 35, 'x2gd.large_use1-az2': 25, 'x2gd.large_use1-az4': 15, 'x2gd.large_use1-az5': 25, 'x2gd.large_use1-az6': 50, 'x2gd.medium_use1-az1': 25, 'x2gd.medium_use1-az2': 35, 'x2gd.medium_use1-az4': 50, 'x2gd.medium_use1-az5': 50, 'x2gd.medium_use1-az6': 50, 'x2gd.xlarge_use1-az1': 5, 'x2gd.xlarge_use1-az2': 1, 'x2gd.xlarge_use1-az4': 20, 'x2gd.xlarge_use1-az5': 15, 'x2gd.xlarge_use1-az6': 25, 'x2idn.16xlarge_use1-az2': 1, 'x2idn.16xlarge_use1-az5': 1, 'x2idn.24xlarge_use1-az4': 1, 'x2idn.24xlarge_use1-az5': 1, 'x2idn.32xlarge_use1-az5': 1, 'x2iedn.24xlarge_use1-az4': 1, 'x2iedn.24xlarge_use1-az6': 1, 'x2iedn.2xlarge_use1-az1': 1, 'x2iedn.2xlarge_use1-az2': 25, 'x2iedn.2xlarge_use1-az4': 15, 'x2iedn.2xlarge_use1-az5': 1, 'x2iedn.2xlarge_use1-az6': 5, 'x2iedn.4xlarge_use1-az1': 1, 'x2iedn.4xlarge_use1-az2': 1, 'x2iedn.4xlarge_use1-az4': 1, 'x2iedn.4xlarge_use1-az5': 1, 'x2iedn.4xlarge_use1-az6': 1, 'x2iedn.8xlarge_use1-az4': 1, 'x2iedn.8xlarge_use1-az6': 1, 'x2iedn.xlarge_use1-az1': 5, 'x2iedn.xlarge_use1-az2': 20, 'x2iedn.xlarge_use1-az4': 10, 'x2iedn.xlarge_use1-az5': 1, 'x2iedn.xlarge_use1-az6': 10, 'x2iezn.12xlarge_use1-az2': 1, 'x2iezn.12xlarge_use1-az4': 20, 'x2iezn.12xlarge_use1-az6': 5, 'x2iezn.2xlarge_use1-az2': 5, 'x2iezn.2xlarge_use1-az4': 10, 'x2iezn.2xlarge_use1-az6': 1, 'x2iezn.4xlarge_use1-az2': 1, 'x2iezn.4xlarge_use1-az4': 5, 'x2iezn.4xlarge_use1-az6': 1, 'x2iezn.6xlarge_use1-az2': 1, 'x2iezn.6xlarge_use1-az4': 5, 'x2iezn.6xlarge_use1-az6': 1, 'x2iezn.8xlarge_use1-az2': 1, 'x2iezn.8xlarge_use1-az4': 10, 'x2iezn.8xlarge_use1-az6': 1, 'x8g.12xlarge_use1-az2': 1, 'x8g.12xlarge_use1-az4': 20, 'x8g.12xlarge_use1-az6': 1, 'x8g.16xlarge_use1-az1': 1, 'x8g.16xlarge_use1-az2': 5, 'x8g.16xlarge_use1-az4': 5, 'x8g.16xlarge_use1-az6': 5, 'x8g.24xlarge_use1-az1': 1, 'x8g.24xlarge_use1-az2': 5, 'x8g.24xlarge_use1-az4': 5, 'x8g.24xlarge_use1-az6': 10, 'x8g.2xlarge_use1-az1': 5, 'x8g.2xlarge_use1-az2': 10, 'x8g.2xlarge_use1-az4': 10, 'x8g.2xlarge_use1-az6': 25, 'x8g.48xlarge_use1-az1': 1, 'x8g.48xlarge_use1-az2': 1, 'x8g.48xlarge_use1-az4': 10, 'x8g.48xlarge_use1-az6': 1, 'x8g.4xlarge_use1-az1': 1, 'x8g.4xlarge_use1-az2': 5, 'x8g.4xlarge_use1-az4': 5, 'x8g.4xlarge_use1-az6': 10, 'x8g.8xlarge_use1-az2': 15, 'x8g.8xlarge_use1-az4': 20, 'x8g.8xlarge_use1-az6': 5, 'x8g.large_use1-az1': 30, 'x8g.large_use1-az4': 50, 'x8g.large_use1-az6': 50, 'x8g.medium_use1-az1': 50, 'x8g.medium_use1-az4': 50, 'x8g.medium_use1-az6': 50, 'x8g.metal-24xl_use1-az1': 1, 'x8g.metal-24xl_use1-az2': 1, 'x8g.metal-24xl_use1-az4': 1, 'x8g.metal-24xl_use1-az6': 10, 'x8g.metal-48xl_use1-az2': 1, 'x8g.metal-48xl_use1-az4': 1, 'x8g.metal-48xl_use1-az6': 1, 'x8g.xlarge_use1-az1': 10, 'x8g.xlarge_use1-az2': 20, 'x8g.xlarge_use1-az4': 40, 'x8g.xlarge_use1-az6': 50, 'z1d.12xlarge_use1-az1': 1, 'z1d.12xlarge_use1-az2': 1, 'z1d.12xlarge_use1-az4': 1, 'z1d.12xlarge_use1-az5': 1, 'z1d.12xlarge_use1-az6': 5, 'z1d.2xlarge_use1-az1': 5, 'z1d.2xlarge_use1-az2': 5, 'z1d.2xlarge_use1-az4': 15, 'z1d.2xlarge_use1-az5': 1, 'z1d.2xlarge_use1-az6': 15, 'z1d.3xlarge_use1-az1': 5, 'z1d.3xlarge_use1-az2': 5, 'z1d.3xlarge_use1-az4': 10, 'z1d.3xlarge_use1-az5': 5, 'z1d.3xlarge_use1-az6': 5, 'z1d.6xlarge_use1-az1': 1, 'z1d.6xlarge_use1-az2': 1, 'z1d.6xlarge_use1-az4': 1, 'z1d.6xlarge_use1-az6': 1, 'z1d.large_use1-az1': 15, 'z1d.large_use1-az2': 5, 'z1d.large_use1-az4': 25, 'z1d.large_use1-az5': 10, 'z1d.large_use1-az6': 25, 'z1d.xlarge_use1-az1': 10, 'z1d.xlarge_use1-az2': 20, 'z1d.xlarge_use1-az4': 30, 'z1d.xlarge_use1-az5': 1, 'z1d.xlarge_use1-az6': 20}"
0.89,27580.697999999957,29752210474,1078733.0499964543,1145817,1145717,"{'c3.2xlarge_use1-az2': 5, 'c3.2xlarge_use1-az4': 50, 'c3.2xlarge_use1-az6': 15, 'c3.4xlarge_use1-az2': 5, 'c3.4xlarge_use1-az4': 5, 'c3.4xlarge_use1-az6': 5, 'c3.8xlarge_use1-az2': 5, 'c3.8xlarge_use1-az4': 5, 'c3.8xlarge_use1-az6': 1, 'c3.xlarge_use1-az2': 35, 'c3.xlarge_use1-az3': 1, 'c3.xlarge_use1-az4': 50, 'c3.xlarge_use1-az6': 30, 'c4.2xlarge_use1-az1': 5, 'c4.2xlarge_use1-az2': 5, 'c4.2xlarge_use1-az3': 25, 'c4.2xlarge_use1-az4': 15, 'c4.2xlarge_use1-az5': 15, 'c4.2xlarge_use1-az6': 10, 'c4.4xlarge_use1-az1': 5, 'c4.4xlarge_use1-az2': 5, 'c4.4xlarge_use1-az3': 10, 'c4.4xlarge_use1-az4': 5, 'c4.4xlarge_use1-az5': 5, 'c4.4xlarge_use1-az6': 1, 'c4.8xlarge_use1-az1': 1, 'c4.8xlarge_use1-az2': 5, 'c4.8xlarge_use1-az3': 5, 'c4.8xlarge_use1-az4': 15, 'c4.8xlarge_use1-az5': 5, 'c4.8xlarge_use1-az6': 5, 'c4.xlarge_use1-az1': 25, 'c4.xlarge_use1-az2': 40, 'c4.xlarge_use1-az3': 20, 'c4.xlarge_use1-az4': 40, 'c4.xlarge_use1-az5': 50, 'c4.xlarge_use1-az6': 50, 'c5.12xlarge_use1-az1': 50, 'c5.12xlarge_use1-az2': 50, 'c5.12xlarge_use1-az4': 50, 'c5.12xlarge_use1-az5': 50, 'c5.12xlarge_use1-az6': 50, 'c5.18xlarge_use1-az1': 5, 'c5.18xlarge_use1-az2': 50, 'c5.18xlarge_use1-az4': 15, 'c5.18xlarge_use1-az5': 10, 'c5.18xlarge_use1-az6': 1, 'c5.24xlarge_use1-az1': 1, 'c5.24xlarge_use1-az2': 5, 'c5.24xlarge_use1-az4': 5, 'c5.24xlarge_use1-az5': 1, 'c5.24xlarge_use1-az6': 5, 'c5.2xlarge_use1-az1': 50, 'c5.2xlarge_use1-az2': 50, 'c5.2xlarge_use1-az4': 50, 'c5.2xlarge_use1-az5': 50, 'c5.2xlarge_use1-az6': 50, 'c5.4xlarge_use1-az1': 50, 'c5.4xlarge_use1-az2': 50, 'c5.4xlarge_use1-az4': 50, 'c5.4xlarge_use1-az5': 50, 'c5.4xlarge_use1-az6': 50, 'c5.9xlarge_use1-az1': 50, 'c5.9xlarge_use1-az2': 50, 'c5.9xlarge_use1-az4': 50, 'c5.9xlarge_use1-az5': 50, 'c5.9xlarge_use1-az6': 50, 'c5.large_use1-az1': 50, 'c5.large_use1-az2': 50, 'c5.large_use1-az4': 50, 'c5.large_use1-az5': 50, 'c5.large_use1-az6': 50, 'c5.xlarge_use1-az1': 50, 'c5.xlarge_use1-az2': 50, 'c5.xlarge_use1-az4': 50, 'c5.xlarge_use1-az5': 50, 'c5.xlarge_use1-az6': 50, 'c5a.12xlarge_use1-az1': 5, 'c5a.12xlarge_use1-az2': 10, 'c5a.12xlarge_use1-az4': 15, 'c5a.12xlarge_use1-az5': 1, 'c5a.12xlarge_use1-az6': 5, 'c5a.16xlarge_use1-az4': 1, 'c5a.16xlarge_use1-az6': 1, 'c5a.24xlarge_use1-az2': 1, 'c5a.24xlarge_use1-az4': 1, 'c5a.24xlarge_use1-az6': 1, 'c5a.2xlarge_use1-az1': 30, 'c5a.2xlarge_use1-az2': 20, 'c5a.2xlarge_use1-az4': 50, 'c5a.2xlarge_use1-az5': 15, 'c5a.2xlarge_use1-az6': 50, 'c5a.4xlarge_use1-az1': 5, 'c5a.4xlarge_use1-az2': 1, 'c5a.4xlarge_use1-az4': 5, 'c5a.4xlarge_use1-az5': 5, 'c5a.4xlarge_use1-az6': 5, 'c5a.8xlarge_use1-az1': 1, 'c5a.8xlarge_use1-az2': 1, 'c5a.8xlarge_use1-az4': 5, 'c5a.8xlarge_use1-az6': 15, 'c5a.large_use1-az1': 50, 'c5a.large_use1-az2': 50, 'c5a.large_use1-az4': 50, 'c5a.large_use1-az5': 45, 'c5a.large_use1-az6': 50, 'c5a.xlarge_use1-az1': 50, 'c5a.xlarge_use1-az2': 50, 'c5a.xlarge_use1-az4': 50, 'c5a.xlarge_use1-az5': 50, 'c5a.xlarge_use1-az6': 50, 'c5ad.12xlarge_use1-az1': 5, 'c5ad.12xlarge_use1-az2': 5, 'c5ad.12xlarge_use1-az4': 5, 'c5ad.12xlarge_use1-az6': 5, 'c5ad.16xlarge_use1-az1': 1, 'c5ad.16xlarge_use1-az2': 5, 'c5ad.16xlarge_use1-az4': 1, 'c5ad.16xlarge_use1-az6': 1, 'c5ad.24xlarge_use1-az1': 1, 'c5ad.24xlarge_use1-az2': 1, 'c5ad.24xlarge_use1-az4': 1, 'c5ad.24xlarge_use1-az6': 5, 'c5ad.2xlarge_use1-az1': 10, 'c5ad.2xlarge_use1-az2': 5, 'c5ad.2xlarge_use1-az4': 5, 'c5ad.2xlarge_use1-az5': 5, 'c5ad.2xlarge_use1-az6': 15, 'c5ad.4xlarge_use1-az1': 5, 'c5ad.4xlarge_use1-az2': 5, 'c5ad.4xlarge_use1-az4': 1, 'c5ad.4xlarge_use1-az5': 1, 'c5ad.4xlarge_use1-az6': 10, 'c5ad.8xlarge_use1-az1': 1, 'c5ad.8xlarge_use1-az2': 1, 'c5ad.8xlarge_use1-az4': 1, 'c5ad.8xlarge_use1-az5': 1, 'c5ad.8xlarge_use1-az6': 1, 'c5ad.large_use1-az1': 20, 'c5ad.large_use1-az2': 30, 'c5ad.large_use1-az4': 10, 'c5ad.large_use1-az5': 15, 'c5ad.large_use1-az6': 20, 'c5ad.xlarge_use1-az1': 15, 'c5ad.xlarge_use1-az2': 10, 'c5ad.xlarge_use1-az4': 5, 'c5ad.xlarge_use1-az5': 5, 'c5ad.xlarge_use1-az6': 15, 'c5d.12xlarge_use1-az2': 15, 'c5d.12xlarge_use1-az4': 5, 'c5d.12xlarge_use1-az6': 45, 'c5d.18xlarge_use1-az1': 5, 'c5d.18xlarge_use1-az2': 50, 'c5d.18xlarge_use1-az4': 50, 'c5d.18xlarge_use1-az5': 5, 'c5d.18xlarge_use1-az6': 30, 'c5d.24xlarge_use1-az2': 35, 'c5d.24xlarge_use1-az4': 25, 'c5d.24xlarge_use1-az6': 50, 'c5d.2xlarge_use1-az1': 15, 'c5d.2xlarge_use1-az2': 50, 'c5d.2xlarge_use1-az4': 50, 'c5d.2xlarge_use1-az5': 20, 'c5d.2xlarge_use1-az6': 50, 'c5d.4xlarge_use1-az1': 20, 'c5d.4xlarge_use1-az2': 50, 'c5d.4xlarge_use1-az4': 50, 'c5d.4xlarge_use1-az5': 25, 'c5d.4xlarge_use1-az6': 50, 'c5d.9xlarge_use1-az1': 10, 'c5d.9xlarge_use1-az2': 20, 'c5d.9xlarge_use1-az4': 50, 'c5d.9xlarge_use1-az5': 10, 'c5d.9xlarge_use1-az6': 25, 'c5d.large_use1-az1': 50, 'c5d.large_use1-az2': 50, 'c5d.large_use1-az4': 50, 'c5d.large_use1-az5': 35, 'c5d.large_use1-az6': 50, 'c5d.xlarge_use1-az1': 50, 'c5d.xlarge_use1-az2': 50, 'c5d.xlarge_use1-az4': 50, 'c5d.xlarge_use1-az5': 50, 'c5d.xlarge_use1-az6': 50, 'c5n.18xlarge_use1-az1': 30, 'c5n.18xlarge_use1-az2': 5, 'c5n.18xlarge_use1-az4': 10, 'c5n.2xlarge_use1-az1': 5, 'c5n.2xlarge_use1-az2': 10, 'c5n.2xlarge_use1-az4': 15, 'c5n.2xlarge_use1-az5': 10, 'c5n.2xlarge_use1-az6': 10, 'c5n.4xlarge_use1-az1': 5, 'c5n.4xlarge_use1-az2': 1, 'c5n.4xlarge_use1-az4': 5, 'c5n.4xlarge_use1-az6': 1, 'c5n.9xlarge_use1-az1': 10, 'c5n.9xlarge_use1-az2': 1, 'c5n.9xlarge_use1-az4': 5, 'c5n.large_use1-az1': 10, 'c5n.large_use1-az2': 10, 'c5n.large_use1-az4': 25, 'c5n.large_use1-az5': 5, 'c5n.large_use1-az6': 5, 'c5n.xlarge_use1-az1': 1, 'c5n.xlarge_use1-az2': 1, 'c5n.xlarge_use1-az4': 5, 'c5n.xlarge_use1-az5': 1, 'c5n.xlarge_use1-az6': 1, 'c6a.12xlarge_use1-az1': 5, 'c6a.12xlarge_use1-az2': 50, 'c6a.12xlarge_use1-az4': 50, 'c6a.12xlarge_use1-az5': 1, 'c6a.12xlarge_use1-az6': 15, 'c6a.16xlarge_use1-az1': 1, 'c6a.16xlarge_use1-az2': 5, 'c6a.16xlarge_use1-az4': 10, 'c6a.16xlarge_use1-az5': 1, 'c6a.16xlarge_use1-az6': 15, 'c6a.24xlarge_use1-az1': 1, 'c6a.24xlarge_use1-az2': 5, 'c6a.24xlarge_use1-az4': 5, 'c6a.24xlarge_use1-az5': 5, 'c6a.24xlarge_use1-az6': 20, 'c6a.2xlarge_use1-az1': 10, 'c6a.2xlarge_use1-az2': 40, 'c6a.2xlarge_use1-az4': 50, 'c6a.2xlarge_use1-az5': 10, 'c6a.2xlarge_use1-az6': 50, 'c6a.32xlarge_use1-az2': 1, 'c6a.32xlarge_use1-az4': 1, 'c6a.32xlarge_use1-az5': 1, 'c6a.32xlarge_use1-az6': 5, 'c6a.48xlarge_use1-az2': 1, 'c6a.48xlarge_use1-az4': 10, 'c6a.48xlarge_use1-az5': 5, 'c6a.48xlarge_use1-az6': 25, 'c6a.4xlarge_use1-az1': 15, 'c6a.4xlarge_use1-az2': 15, 'c6a.4xlarge_use1-az4': 30, 'c6a.4xlarge_use1-az5': 15, 'c6a.4xlarge_use1-az6': 50, 'c6a.8xlarge_use1-az1': 5, 'c6a.8xlarge_use1-az2': 50, 'c6a.8xlarge_use1-az4': 30, 'c6a.8xlarge_use1-az5': 25, 'c6a.8xlarge_use1-az6': 50, 'c6a.large_use1-az1': 45, 'c6a.large_use1-az2': 50, 'c6a.large_use1-az4': 50, 'c6a.large_use1-az5': 50, 'c6a.large_use1-az6': 20, 'c6a.xlarge_use1-az1': 15, 'c6a.xlarge_use1-az2': 25, 'c6a.xlarge_use1-az4': 25, 'c6a.xlarge_use1-az5': 15, 'c6a.xlarge_use1-az6': 25, 'c6g.12xlarge_use1-az1': 15, 'c6g.12xlarge_use1-az2': 25, 'c6g.12xlarge_use1-az4': 50, 'c6g.12xlarge_use1-az5': 5, 'c6g.12xlarge_use1-az6': 50, 'c6g.16xlarge_use1-az1': 1, 'c6g.16xlarge_use1-az2': 15, 'c6g.16xlarge_use1-az4': 50, 'c6g.16xlarge_use1-az5': 5, 'c6g.16xlarge_use1-az6': 50, 'c6g.2xlarge_use1-az1': 5, 'c6g.2xlarge_use1-az2': 50, 'c6g.2xlarge_use1-az4': 50, 'c6g.2xlarge_use1-az5': 15, 'c6g.2xlarge_use1-az6': 50, 'c6g.4xlarge_use1-az1': 50, 'c6g.4xlarge_use1-az2': 50, 'c6g.4xlarge_use1-az4': 50, 'c6g.4xlarge_use1-az5': 50, 'c6g.4xlarge_use1-az6': 50, 'c6g.8xlarge_use1-az1': 50, 'c6g.8xlarge_use1-az2': 50, 'c6g.8xlarge_use1-az4': 50, 'c6g.8xlarge_use1-az5': 50, 'c6g.8xlarge_use1-az6': 50, 'c6g.large_use1-az1': 5, 'c6g.large_use1-az2': 50, 'c6g.large_use1-az4': 50, 'c6g.large_use1-az5': 50, 'c6g.large_use1-az6': 50, 'c6g.xlarge_use1-az1': 30, 'c6g.xlarge_use1-az2': 50, 'c6g.xlarge_use1-az4': 50, 'c6g.xlarge_use1-az5': 10, 'c6g.xlarge_use1-az6': 50, 'c6gd.12xlarge_use1-az2': 50, 'c6gd.12xlarge_use1-az4': 30, 'c6gd.12xlarge_use1-az5': 1, 'c6gd.12xlarge_use1-az6': 50, 'c6gd.16xlarge_use1-az2': 50, 'c6gd.16xlarge_use1-az4': 30, 'c6gd.16xlarge_use1-az6': 50, 'c6gd.2xlarge_use1-az1': 15, 'c6gd.2xlarge_use1-az2': 50, 'c6gd.2xlarge_use1-az4': 50, 'c6gd.2xlarge_use1-az5': 1, 'c6gd.2xlarge_use1-az6': 50, 'c6gd.4xlarge_use1-az1': 20, 'c6gd.4xlarge_use1-az2': 50, 'c6gd.4xlarge_use1-az4': 50, 'c6gd.4xlarge_use1-az5': 10, 'c6gd.4xlarge_use1-az6': 50, 'c6gd.8xlarge_use1-az1': 25, 'c6gd.8xlarge_use1-az2': 45, 'c6gd.8xlarge_use1-az4': 45, 'c6gd.8xlarge_use1-az5': 1, 'c6gd.8xlarge_use1-az6': 50, 'c6gd.large_use1-az1': 50, 'c6gd.large_use1-az2': 5, 'c6gd.large_use1-az4': 20, 'c6gd.large_use1-az5': 1, 'c6gd.large_use1-az6': 50, 'c6gd.xlarge_use1-az1': 50, 'c6gd.xlarge_use1-az2': 1, 'c6gd.xlarge_use1-az4': 1, 'c6gd.xlarge_use1-az5': 50, 'c6gd.xlarge_use1-az6': 50, 'c6gn.12xlarge_use1-az2': 25, 'c6gn.12xlarge_use1-az4': 50, 'c6gn.12xlarge_use1-az5': 1, 'c6gn.16xlarge_use1-az1': 1, 'c6gn.16xlarge_use1-az2': 50, 'c6gn.16xlarge_use1-az4': 50, 'c6gn.16xlarge_use1-az5': 10, 'c6gn.2xlarge_use1-az1': 5, 'c6gn.2xlarge_use1-az2': 1, 'c6gn.2xlarge_use1-az4': 20, 'c6gn.2xlarge_use1-az5': 1, 'c6gn.4xlarge_use1-az1': 1, 'c6gn.4xlarge_use1-az2': 40, 'c6gn.4xlarge_use1-az4': 35, 'c6gn.4xlarge_use1-az5': 10, 'c6gn.8xlarge_use1-az1': 25, 'c6gn.8xlarge_use1-az2': 35, 'c6gn.8xlarge_use1-az4': 30, 'c6gn.8xlarge_use1-az5': 5, 'c6gn.8xlarge_use1-az6': 5, 'c6gn.large_use1-az1': 5, 'c6gn.large_use1-az2': 25, 'c6gn.large_use1-az4': 10, 'c6gn.large_use1-az5': 15, 'c6gn.large_use1-az6': 1, 'c6gn.xlarge_use1-az1': 5, 'c6gn.xlarge_use1-az2': 10, 'c6gn.xlarge_use1-az4': 15, 'c6gn.xlarge_use1-az5': 5, 'c6gn.xlarge_use1-az6': 1, 'c6i.12xlarge_use1-az1': 15, 'c6i.12xlarge_use1-az2': 15, 'c6i.12xlarge_use1-az4': 30, 'c6i.12xlarge_use1-az5': 5, 'c6i.12xlarge_use1-az6': 5, 'c6i.16xlarge_use1-az1': 5, 'c6i.16xlarge_use1-az2': 15, 'c6i.16xlarge_use1-az4': 25, 'c6i.16xlarge_use1-az5': 10, 'c6i.16xlarge_use1-az6': 30, 'c6i.24xlarge_use1-az1': 5, 'c6i.24xlarge_use1-az2': 5, 'c6i.24xlarge_use1-az4': 10, 'c6i.24xlarge_use1-az5': 1, 'c6i.24xlarge_use1-az6': 15, 'c6i.2xlarge_use1-az1': 20, 'c6i.2xlarge_use1-az2': 50, 'c6i.2xlarge_use1-az4': 50, 'c6i.2xlarge_use1-az5': 5, 'c6i.2xlarge_use1-az6': 50, 'c6i.32xlarge_use1-az1': 10, 'c6i.32xlarge_use1-az2': 5, 'c6i.32xlarge_use1-az4': 50, 'c6i.32xlarge_use1-az5': 1, 'c6i.32xlarge_use1-az6': 40, 'c6i.4xlarge_use1-az1': 10, 'c6i.4xlarge_use1-az2': 40, 'c6i.4xlarge_use1-az4': 50, 'c6i.4xlarge_use1-az5': 15, 'c6i.4xlarge_use1-az6': 50, 'c6i.8xlarge_use1-az1': 10, 'c6i.8xlarge_use1-az2': 45, 'c6i.8xlarge_use1-az4': 50, 'c6i.8xlarge_use1-az5': 10, 'c6i.8xlarge_use1-az6': 50, 'c6i.large_use1-az1': 10, 'c6i.large_use1-az2': 40, 'c6i.large_use1-az4': 30, 'c6i.large_use1-az5': 10, 'c6i.large_use1-az6': 50, 'c6i.xlarge_use1-az1': 50, 'c6i.xlarge_use1-az2': 45, 'c6i.xlarge_use1-az4': 35, 'c6i.xlarge_use1-az5': 10, 'c6i.xlarge_use1-az6': 50, 'c6id.12xlarge_use1-az1': 1, 'c6id.12xlarge_use1-az2': 1, 'c6id.12xlarge_use1-az4': 5, 'c6id.12xlarge_use1-az6': 5, 'c6id.16xlarge_use1-az1': 1, 'c6id.16xlarge_use1-az2': 5, 'c6id.16xlarge_use1-az4': 5, 'c6id.16xlarge_use1-az5': 1, 'c6id.16xlarge_use1-az6': 1, 'c6id.24xlarge_use1-az1': 5, 'c6id.24xlarge_use1-az2': 15, 'c6id.24xlarge_use1-az4': 5, 'c6id.24xlarge_use1-az5': 1, 'c6id.24xlarge_use1-az6': 10, 'c6id.2xlarge_use1-az1': 1, 'c6id.2xlarge_use1-az2': 1, 'c6id.2xlarge_use1-az4': 5, 'c6id.2xlarge_use1-az5': 5, 'c6id.2xlarge_use1-az6': 1, 'c6id.32xlarge_use1-az1': 1, 'c6id.32xlarge_use1-az2': 5, 'c6id.32xlarge_use1-az4': 10, 'c6id.32xlarge_use1-az5': 1, 'c6id.32xlarge_use1-az6': 5, 'c6id.4xlarge_use1-az1': 15, 'c6id.4xlarge_use1-az2': 10, 'c6id.4xlarge_use1-az4': 10, 'c6id.4xlarge_use1-az5': 1, 'c6id.4xlarge_use1-az6': 5, 'c6id.8xlarge_use1-az1': 5, 'c6id.8xlarge_use1-az2': 1, 'c6id.8xlarge_use1-az4': 5, 'c6id.8xlarge_use1-az5': 1, 'c6id.8xlarge_use1-az6': 1, 'c6id.large_use1-az1': 5, 'c6id.large_use1-az2': 5, 'c6id.large_use1-az4': 1, 'c6id.large_use1-az5': 5, 'c6id.large_use1-az6': 5, 'c6id.xlarge_use1-az1': 5, 'c6id.xlarge_use1-az2': 1, 'c6id.xlarge_use1-az4': 5, 'c6id.xlarge_use1-az5': 1, 'c6id.xlarge_use1-az6': 1, 'c6in.12xlarge_use1-az1': 1, 'c6in.12xlarge_use1-az6': 1, 'c6in.16xlarge_use1-az4': 1, 'c6in.24xlarge_use1-az6': 1, 'c6in.2xlarge_use1-az1': 1, 'c6in.2xlarge_use1-az2': 1, 'c6in.2xlarge_use1-az4': 1, 'c6in.2xlarge_use1-az6': 1, 'c6in.32xlarge_use1-az1': 1, 'c6in.32xlarge_use1-az6': 1, 'c6in.4xlarge_use1-az1': 5, 'c6in.4xlarge_use1-az2': 5, 'c6in.4xlarge_use1-az4': 5, 'c6in.4xlarge_use1-az6': 25, 'c6in.8xlarge_use1-az1': 1, 'c6in.8xlarge_use1-az6': 1, 'c6in.large_use1-az1': 5, 'c6in.large_use1-az2': 1, 'c6in.large_use1-az4': 1, 'c6in.large_use1-az5': 1, 'c6in.large_use1-az6': 5, 'c6in.xlarge_use1-az1': 20, 'c6in.xlarge_use1-az2': 1, 'c6in.xlarge_use1-az4': 1, 'c6in.xlarge_use1-az6': 10, 'c7a.12xlarge_use1-az1': 5, 'c7a.12xlarge_use1-az2': 5, 'c7a.12xlarge_use1-az4': 1, 'c7a.12xlarge_use1-az6': 15, 'c7a.16xlarge_use1-az1': 1, 'c7a.16xlarge_use1-az2': 1, 'c7a.16xlarge_use1-az6': 5, 'c7a.24xlarge_use1-az1': 1, 'c7a.24xlarge_use1-az2': 1, 'c7a.24xlarge_use1-az5': 1, 'c7a.24xlarge_use1-az6': 5, 'c7a.2xlarge_use1-az1': 1, 'c7a.2xlarge_use1-az2': 1, 'c7a.2xlarge_use1-az4': 25, 'c7a.2xlarge_use1-az5': 1, 'c7a.2xlarge_use1-az6': 10, 'c7a.32xlarge_use1-az1': 1, 'c7a.32xlarge_use1-az2': 1, 'c7a.32xlarge_use1-az6': 15, 'c7a.48xlarge_use1-az1': 1, 'c7a.48xlarge_use1-az2': 1, 'c7a.48xlarge_use1-az5': 1, 'c7a.48xlarge_use1-az6': 20, 'c7a.4xlarge_use1-az1': 5, 'c7a.4xlarge_use1-az2': 10, 'c7a.4xlarge_use1-az4': 5, 'c7a.4xlarge_use1-az5': 1, 'c7a.4xlarge_use1-az6': 50, 'c7a.8xlarge_use1-az1': 1, 'c7a.8xlarge_use1-az2': 1, 'c7a.8xlarge_use1-az4': 1, 'c7a.8xlarge_use1-az6': 10, 'c7a.large_use1-az1': 15, 'c7a.large_use1-az2': 25, 'c7a.large_use1-az4': 30, 'c7a.large_use1-az5': 10, 'c7a.large_use1-az6': 50, 'c7a.xlarge_use1-az1': 5, 'c7a.xlarge_use1-az2': 5, 'c7a.xlarge_use1-az4': 10, 'c7a.xlarge_use1-az5': 5, 'c7a.xlarge_use1-az6': 15, 'c7g.12xlarge_use1-az1': 15, 'c7g.12xlarge_use1-az2': 50, 'c7g.12xlarge_use1-az4': 15, 'c7g.12xlarge_use1-az5': 1, 'c7g.12xlarge_use1-az6': 50, 'c7g.16xlarge_use1-az1': 25, 'c7g.16xlarge_use1-az2': 40, 'c7g.16xlarge_use1-az4': 50, 'c7g.16xlarge_use1-az5': 10, 'c7g.16xlarge_use1-az6': 50, 'c7g.2xlarge_use1-az1': 50, 'c7g.2xlarge_use1-az2': 50, 'c7g.2xlarge_use1-az4': 50, 'c7g.2xlarge_use1-az5': 50, 'c7g.2xlarge_use1-az6': 50, 'c7g.4xlarge_use1-az1': 50, 'c7g.4xlarge_use1-az2': 50, 'c7g.4xlarge_use1-az4': 50, 'c7g.4xlarge_use1-az5': 50, 'c7g.4xlarge_use1-az6': 50, 'c7g.8xlarge_use1-az1': 50, 'c7g.8xlarge_use1-az2': 50, 'c7g.8xlarge_use1-az4': 50, 'c7g.8xlarge_use1-az5': 50, 'c7g.8xlarge_use1-az6': 50, 'c7g.large_use1-az1': 5, 'c7g.large_use1-az2': 45, 'c7g.large_use1-az4': 30, 'c7g.large_use1-az5': 10, 'c7g.large_use1-az6': 30, 'c7g.xlarge_use1-az1': 50, 'c7g.xlarge_use1-az2': 50, 'c7g.xlarge_use1-az4': 50, 'c7g.xlarge_use1-az5': 50, 'c7g.xlarge_use1-az6': 50, 'c7gd.12xlarge_use1-az1': 5, 'c7gd.12xlarge_use1-az2': 30, 'c7gd.12xlarge_use1-az4': 15, 'c7gd.12xlarge_use1-az5': 15, 'c7gd.12xlarge_use1-az6': 50, 'c7gd.16xlarge_use1-az1': 5, 'c7gd.16xlarge_use1-az2': 30, 'c7gd.16xlarge_use1-az4': 40, 'c7gd.16xlarge_use1-az5': 1, 'c7gd.16xlarge_use1-az6': 50, 'c7gd.2xlarge_use1-az1': 15, 'c7gd.2xlarge_use1-az2': 50, 'c7gd.2xlarge_use1-az4': 50, 'c7gd.2xlarge_use1-az5': 5, 'c7gd.2xlarge_use1-az6': 50, 'c7gd.4xlarge_use1-az1': 30, 'c7gd.4xlarge_use1-az2': 25, 'c7gd.4xlarge_use1-az4': 50, 'c7gd.4xlarge_use1-az5': 1, 'c7gd.4xlarge_use1-az6': 50, 'c7gd.8xlarge_use1-az1': 5, 'c7gd.8xlarge_use1-az2': 15, 'c7gd.8xlarge_use1-az4': 10, 'c7gd.8xlarge_use1-az5': 5, 'c7gd.8xlarge_use1-az6': 20, 'c7gd.large_use1-az1': 1, 'c7gd.large_use1-az2': 25, 'c7gd.large_use1-az4': 5, 'c7gd.large_use1-az5': 10, 'c7gd.large_use1-az6': 20, 'c7gd.xlarge_use1-az1': 15, 'c7gd.xlarge_use1-az2': 50, 'c7gd.xlarge_use1-az4': 5, 'c7gd.xlarge_use1-az5': 15, 'c7gd.xlarge_use1-az6': 25, 'c7gn.12xlarge_use1-az2': 1, 'c7gn.12xlarge_use1-az5': 1, 'c7gn.12xlarge_use1-az6': 1, 'c7gn.16xlarge_use1-az2': 5, 'c7gn.16xlarge_use1-az5': 5, 'c7gn.16xlarge_use1-az6': 20, 'c7gn.2xlarge_use1-az1': 1, 'c7gn.2xlarge_use1-az2': 1, 'c7gn.2xlarge_use1-az5': 1, 'c7gn.2xlarge_use1-az6': 5, 'c7gn.4xlarge_use1-az2': 50, 'c7gn.4xlarge_use1-az4': 1, 'c7gn.4xlarge_use1-az5': 1, 'c7gn.4xlarge_use1-az6': 50, 'c7gn.8xlarge_use1-az2': 1, 'c7gn.8xlarge_use1-az5': 1, 'c7gn.8xlarge_use1-az6': 5, 'c7gn.large_use1-az1': 1, 'c7gn.large_use1-az2': 10, 'c7gn.large_use1-az5': 10, 'c7gn.large_use1-az6': 10, 'c7gn.xlarge_use1-az1': 1, 'c7gn.xlarge_use1-az2': 5, 'c7gn.xlarge_use1-az5': 5, 'c7gn.xlarge_use1-az6': 5, 'c7i-flex.2xlarge_use1-az1': 50, 'c7i-flex.2xlarge_use1-az2': 50, 'c7i-flex.2xlarge_use1-az4': 50, 'c7i-flex.2xlarge_use1-az5': 15, 'c7i-flex.2xlarge_use1-az6': 50, 'c7i-flex.4xlarge_use1-az1': 1, 'c7i-flex.4xlarge_use1-az2': 1, 'c7i-flex.4xlarge_use1-az4': 1, 'c7i-flex.4xlarge_use1-az6': 5, 'c7i-flex.8xlarge_use1-az1': 1, 'c7i-flex.8xlarge_use1-az2': 1, 'c7i-flex.8xlarge_use1-az4': 1, 'c7i-flex.8xlarge_use1-az6': 5, 'c7i-flex.large_use1-az1': 40, 'c7i-flex.large_use1-az2': 50, 'c7i-flex.large_use1-az4': 10, 'c7i-flex.large_use1-az5': 1, 'c7i-flex.large_use1-az6': 50, 'c7i-flex.xlarge_use1-az1': 50, 'c7i-flex.xlarge_use1-az2': 50, 'c7i-flex.xlarge_use1-az4': 50, 'c7i-flex.xlarge_use1-az5': 5, 'c7i-flex.xlarge_use1-az6': 50, 'c7i.12xlarge_use1-az1': 5, 'c7i.12xlarge_use1-az2': 15, 'c7i.12xlarge_use1-az4': 15, 'c7i.12xlarge_use1-az6': 5, 'c7i.16xlarge_use1-az1': 1, 'c7i.16xlarge_use1-az2': 5, 'c7i.16xlarge_use1-az4': 1, 'c7i.16xlarge_use1-az6': 15, 'c7i.24xlarge_use1-az1': 5, 'c7i.24xlarge_use1-az2': 5, 'c7i.24xlarge_use1-az4': 5, 'c7i.24xlarge_use1-az5': 1, 'c7i.24xlarge_use1-az6': 15, 'c7i.2xlarge_use1-az1': 10, 'c7i.2xlarge_use1-az2': 10, 'c7i.2xlarge_use1-az4': 10, 'c7i.2xlarge_use1-az5': 5, 'c7i.2xlarge_use1-az6': 25, 'c7i.48xlarge_use1-az1': 10, 'c7i.48xlarge_use1-az2': 10, 'c7i.48xlarge_use1-az4': 5, 'c7i.48xlarge_use1-az5': 1, 'c7i.48xlarge_use1-az6': 50, 'c7i.4xlarge_use1-az1': 5, 'c7i.4xlarge_use1-az2': 5, 'c7i.4xlarge_use1-az4': 5, 'c7i.4xlarge_use1-az5': 1, 'c7i.4xlarge_use1-az6': 15, 'c7i.8xlarge_use1-az1': 1, 'c7i.8xlarge_use1-az2': 5, 'c7i.8xlarge_use1-az4': 5, 'c7i.8xlarge_use1-az6': 10, 'c7i.large_use1-az1': 45, 'c7i.large_use1-az2': 50, 'c7i.large_use1-az4': 50, 'c7i.large_use1-az5': 5, 'c7i.large_use1-az6': 50, 'c7i.xlarge_use1-az1': 5, 'c7i.xlarge_use1-az2': 10, 'c7i.xlarge_use1-az4': 5, 'c7i.xlarge_use1-az5': 1, 'c7i.xlarge_use1-az6': 5, 'c8g.12xlarge_use1-az1': 1, 'c8g.12xlarge_use1-az2': 5, 'c8g.12xlarge_use1-az4': 1, 'c8g.12xlarge_use1-az6': 25, 'c8g.16xlarge_use1-az1': 10, 'c8g.16xlarge_use1-az2': 5, 'c8g.16xlarge_use1-az4': 1, 'c8g.16xlarge_use1-az6': 50, 'c8g.24xlarge_use1-az1': 5, 'c8g.24xlarge_use1-az2': 10, 'c8g.24xlarge_use1-az4': 1, 'c8g.24xlarge_use1-az6': 25, 'c8g.2xlarge_use1-az1': 5, 'c8g.2xlarge_use1-az2': 5, 'c8g.2xlarge_use1-az4': 50, 'c8g.2xlarge_use1-az5': 1, 'c8g.2xlarge_use1-az6': 50, 'c8g.48xlarge_use1-az1': 1, 'c8g.48xlarge_use1-az2': 5, 'c8g.48xlarge_use1-az6': 50, 'c8g.4xlarge_use1-az1': 35, 'c8g.4xlarge_use1-az2': 15, 'c8g.4xlarge_use1-az4': 20, 'c8g.4xlarge_use1-az5': 10, 'c8g.4xlarge_use1-az6': 50, 'c8g.8xlarge_use1-az1': 1, 'c8g.8xlarge_use1-az2': 5, 'c8g.8xlarge_use1-az4': 5, 'c8g.8xlarge_use1-az6': 50, 'c8g.large_use1-az1': 5, 'c8g.large_use1-az2': 20, 'c8g.large_use1-az4': 5, 'c8g.large_use1-az5': 1, 'c8g.large_use1-az6': 40, 'c8g.metal-24xl_use1-az2': 1, 'c8g.metal-24xl_use1-az6': 20, 'c8g.metal-48xl_use1-az1': 1, 'c8g.metal-48xl_use1-az2': 1, 'c8g.metal-48xl_use1-az6': 50, 'c8g.xlarge_use1-az1': 5, 'c8g.xlarge_use1-az2': 30, 'c8g.xlarge_use1-az4': 5, 'c8g.xlarge_use1-az5': 1, 'c8g.xlarge_use1-az6': 50, 'c8gd.12xlarge_use1-az2': 5, 'c8gd.12xlarge_use1-az4': 5, 'c8gd.12xlarge_use1-az5': 1, 'c8gd.12xlarge_use1-az6': 5, 'c8gd.16xlarge_use1-az2': 10, 'c8gd.16xlarge_use1-az4': 10, 'c8gd.16xlarge_use1-az5': 5, 'c8gd.16xlarge_use1-az6': 50, 'c8gd.24xlarge_use1-az2': 1, 'c8gd.24xlarge_use1-az4': 5, 'c8gd.24xlarge_use1-az5': 1, 'c8gd.24xlarge_use1-az6': 5, 'c8gd.2xlarge_use1-az2': 50, 'c8gd.2xlarge_use1-az4': 50, 'c8gd.2xlarge_use1-az5': 10, 'c8gd.2xlarge_use1-az6': 50, 'c8gd.48xlarge_use1-az2': 1, 'c8gd.48xlarge_use1-az6': 15, 'c8gd.4xlarge_use1-az2': 10, 'c8gd.4xlarge_use1-az4': 30, 'c8gd.4xlarge_use1-az5': 1, 'c8gd.4xlarge_use1-az6': 50, 'c8gd.8xlarge_use1-az2': 1, 'c8gd.8xlarge_use1-az4': 1, 'c8gd.8xlarge_use1-az5': 1, 'c8gd.8xlarge_use1-az6': 5, 'c8gd.large_use1-az1': 1, 'c8gd.large_use1-az2': 40, 'c8gd.large_use1-az4': 35, 'c8gd.large_use1-az6': 50, 'c8gd.metal-24xl_use1-az2': 1, 'c8gd.metal-24xl_use1-az4': 1, 'c8gd.metal-24xl_use1-az5': 1, 'c8gd.metal-24xl_use1-az6': 5, 'c8gd.metal-48xl_use1-az2': 1, 'c8gd.metal-48xl_use1-az6': 1, 'c8gd.xlarge_use1-az1': 1, 'c8gd.xlarge_use1-az2': 20, 'c8gd.xlarge_use1-az4': 20, 'c8gd.xlarge_use1-az5': 15, 'c8gd.xlarge_use1-az6': 50, 'c8gn.2xlarge_use1-az2': 1, 'c8gn.2xlarge_use1-az4': 1, 'c8gn.2xlarge_use1-az6': 1, 'c8gn.4xlarge_use1-az2': 1, 'c8gn.4xlarge_use1-az5': 1, 'c8gn.8xlarge_use1-az2': 1, 'c8gn.8xlarge_use1-az6': 1, 'c8gn.large_use1-az6': 1, 'c8i-flex.12xlarge_use1-az6': 1, 'c8i-flex.16xlarge_use1-az6': 1, 'c8i-flex.2xlarge_use1-az2': 25, 'c8i-flex.2xlarge_use1-az4': 15, 'c8i-flex.2xlarge_use1-az6': 50, 'c8i-flex.4xlarge_use1-az2': 5, 'c8i-flex.4xlarge_use1-az4': 1, 'c8i-flex.4xlarge_use1-az6': 5, 'c8i-flex.8xlarge_use1-az6': 1, 'c8i-flex.large_use1-az4': 20, 'c8i-flex.xlarge_use1-az2': 40, 'c8i-flex.xlarge_use1-az4': 5, 'c8i-flex.xlarge_use1-az6': 50, 'c8i.12xlarge_use1-az2': 1, 'c8i.12xlarge_use1-az4': 1, 'c8i.12xlarge_use1-az6': 1, 'c8i.16xlarge_use1-az6': 1, 'c8i.24xlarge_use1-az6': 1, 'c8i.2xlarge_use1-az2': 10, 'c8i.2xlarge_use1-az4': 5, 'c8i.2xlarge_use1-az6': 20, 'c8i.32xlarge_use1-az2': 1, 'c8i.32xlarge_use1-az4': 1, 'c8i.32xlarge_use1-az6': 5, 'c8i.48xlarge_use1-az2': 1, 'c8i.48xlarge_use1-az6': 1, 'c8i.4xlarge_use1-az2': 5, 'c8i.4xlarge_use1-az4': 5, 'c8i.4xlarge_use1-az6': 5, 'c8i.8xlarge_use1-az2': 1, 'c8i.8xlarge_use1-az4': 1, 'c8i.8xlarge_use1-az6': 5, 'c8i.96xlarge_use1-az2': 1, 'c8i.96xlarge_use1-az6': 5, 'c8i.metal-48xl_use1-az2': 1, 'c8i.metal-96xl_use1-az2': 1, 'c8i.metal-96xl_use1-az6': 5, 'c8i.xlarge_use1-az2': 50, 'c8i.xlarge_use1-az4': 15, 'c8i.xlarge_use1-az6': 50, 'd2.2xlarge_use1-az1': 1, 'd2.2xlarge_use1-az6': 1, 'd2.4xlarge_use1-az2': 1, 'd2.4xlarge_use1-az6': 1, 'd2.xlarge_use1-az6': 1, 'd3.2xlarge_use1-az1': 15, 'd3.2xlarge_use1-az2': 45, 'd3.2xlarge_use1-az4': 40, 'd3.2xlarge_use1-az6': 35, 'd3.4xlarge_use1-az1': 1, 'd3.4xlarge_use1-az2': 5, 'd3.4xlarge_use1-az4': 15, 'd3.4xlarge_use1-az6': 5, 'd3.8xlarge_use1-az1': 1, 'd3.8xlarge_use1-az2': 40, 'd3.8xlarge_use1-az4': 35, 'd3.8xlarge_use1-az6': 20, 'd3.xlarge_use1-az1': 10, 'd3.xlarge_use1-az2': 50, 'd3.xlarge_use1-az4': 45, 'd3.xlarge_use1-az6': 25, 'd3en.12xlarge_use1-az1': 1, 'd3en.12xlarge_use1-az2': 10, 'd3en.12xlarge_use1-az4': 20, 'd3en.12xlarge_use1-az6': 50, 'd3en.2xlarge_use1-az1': 5, 'd3en.2xlarge_use1-az2': 25, 'd3en.2xlarge_use1-az4': 15, 'd3en.2xlarge_use1-az6': 50, 'd3en.4xlarge_use1-az1': 1, 'd3en.4xlarge_use1-az2': 5, 'd3en.4xlarge_use1-az4': 10, 'd3en.4xlarge_use1-az6': 50, 'd3en.6xlarge_use1-az1': 1, 'd3en.6xlarge_use1-az2': 5, 'd3en.6xlarge_use1-az4': 15, 'd3en.6xlarge_use1-az6': 50, 'd3en.8xlarge_use1-az1': 1, 'd3en.8xlarge_use1-az2': 15, 'd3en.8xlarge_use1-az4': 5, 'd3en.8xlarge_use1-az6': 50, 'd3en.xlarge_use1-az1': 5, 'd3en.xlarge_use1-az2': 50, 'd3en.xlarge_use1-az4': 30, 'd3en.xlarge_use1-az6': 50, 'f2.12xlarge_use1-az2': 1, 'f2.12xlarge_use1-az4': 1, 'f2.12xlarge_use1-az6': 1, 'f2.48xlarge_use1-az2': 5, 'f2.48xlarge_use1-az4': 5, 'f2.48xlarge_use1-az6': 1, 'g4ad.16xlarge_use1-az1': 5, 'g4ad.16xlarge_use1-az2': 5, 'g4ad.16xlarge_use1-az4': 5, 'g4ad.16xlarge_use1-az6': 10, 'g4ad.2xlarge_use1-az1': 5, 'g4ad.2xlarge_use1-az2': 10, 'g4ad.2xlarge_use1-az4': 10, 'g4ad.2xlarge_use1-az6': 10, 'g4ad.4xlarge_use1-az1': 10, 'g4ad.4xlarge_use1-az2': 15, 'g4ad.4xlarge_use1-az4': 15, 'g4ad.4xlarge_use1-az6': 5, 'g4ad.8xlarge_use1-az1': 1, 'g4ad.8xlarge_use1-az2': 5, 'g4ad.8xlarge_use1-az4': 5, 'g4ad.8xlarge_use1-az6': 5, 'g4ad.xlarge_use1-az1': 20, 'g4ad.xlarge_use1-az2': 20, 'g4ad.xlarge_use1-az4': 25, 'g4ad.xlarge_use1-az6': 20, 'g4dn.12xlarge_use1-az1': 5, 'g4dn.12xlarge_use1-az2': 15, 'g4dn.12xlarge_use1-az4': 15, 'g4dn.12xlarge_use1-az5': 15, 'g4dn.12xlarge_use1-az6': 50, 'g4dn.16xlarge_use1-az1': 1, 'g4dn.16xlarge_use1-az2': 10, 'g4dn.16xlarge_use1-az4': 1, 'g4dn.16xlarge_use1-az5': 5, 'g4dn.16xlarge_use1-az6': 15, 'g4dn.2xlarge_use1-az1': 45, 'g4dn.2xlarge_use1-az2': 50, 'g4dn.2xlarge_use1-az4': 50, 'g4dn.2xlarge_use1-az5': 50, 'g4dn.2xlarge_use1-az6': 50, 'g4dn.4xlarge_use1-az1': 5, 'g4dn.4xlarge_use1-az2': 40, 'g4dn.4xlarge_use1-az4': 25, 'g4dn.4xlarge_use1-az5': 40, 'g4dn.4xlarge_use1-az6': 40, 'g4dn.8xlarge_use1-az1': 1, 'g4dn.8xlarge_use1-az2': 1, 'g4dn.8xlarge_use1-az4': 10, 'g4dn.8xlarge_use1-az5': 1, 'g4dn.8xlarge_use1-az6': 5, 'g4dn.xlarge_use1-az1': 50, 'g4dn.xlarge_use1-az2': 50, 'g4dn.xlarge_use1-az4': 50, 'g4dn.xlarge_use1-az5': 50, 'g4dn.xlarge_use1-az6': 50, 'g5.12xlarge_use1-az2': 1, 'g5.12xlarge_use1-az5': 10, 'g5.12xlarge_use1-az6': 5, 'g5.16xlarge_use1-az1': 1, 'g5.16xlarge_use1-az2': 1, 'g5.16xlarge_use1-az4': 5, 'g5.16xlarge_use1-az5': 5, 'g5.16xlarge_use1-az6': 10, 'g5.24xlarge_use1-az1': 1, 'g5.24xlarge_use1-az2': 1, 'g5.24xlarge_use1-az4': 1, 'g5.24xlarge_use1-az5': 1, 'g5.24xlarge_use1-az6': 5, 'g5.2xlarge_use1-az1': 25, 'g5.2xlarge_use1-az2': 15, 'g5.2xlarge_use1-az4': 15, 'g5.2xlarge_use1-az5': 50, 'g5.2xlarge_use1-az6': 45, 'g5.48xlarge_use1-az2': 1, 'g5.48xlarge_use1-az5': 5, 'g5.48xlarge_use1-az6': 25, 'g5.4xlarge_use1-az1': 1, 'g5.4xlarge_use1-az2': 50, 'g5.4xlarge_use1-az4': 50, 'g5.4xlarge_use1-az5': 40, 'g5.4xlarge_use1-az6': 50, 'g5.8xlarge_use1-az1': 1, 'g5.8xlarge_use1-az2': 5, 'g5.8xlarge_use1-az4': 10, 'g5.8xlarge_use1-az5': 20, 'g5.8xlarge_use1-az6': 10, 'g5.xlarge_use1-az1': 25, 'g5.xlarge_use1-az2': 50, 'g5.xlarge_use1-az4': 50, 'g5.xlarge_use1-az5': 50, 'g5.xlarge_use1-az6': 50, 'g5g.16xlarge_use1-az1': 1, 'g5g.16xlarge_use1-az6': 5, 'g5g.4xlarge_use1-az6': 1, 'g5g.8xlarge_use1-az1': 1, 'g5g.8xlarge_use1-az4': 1, 'g5g.8xlarge_use1-az6': 1, 'g5g.xlarge_use1-az1': 1, 'g5g.xlarge_use1-az2': 1, 'g5g.xlarge_use1-az4': 1, 'g5g.xlarge_use1-az6': 5, 'g6.12xlarge_use1-az1': 5, 'g6.12xlarge_use1-az2': 1, 'g6.12xlarge_use1-az4': 30, 'g6.12xlarge_use1-az6': 50, 'g6.16xlarge_use1-az1': 1, 'g6.16xlarge_use1-az2': 1, 'g6.16xlarge_use1-az4': 1, 'g6.16xlarge_use1-az6': 5, 'g6.24xlarge_use1-az2': 1, 'g6.24xlarge_use1-az4': 1, 'g6.24xlarge_use1-az6': 1, 'g6.2xlarge_use1-az1': 10, 'g6.2xlarge_use1-az2': 25, 'g6.2xlarge_use1-az4': 50, 'g6.2xlarge_use1-az6': 50, 'g6.48xlarge_use1-az2': 5, 'g6.48xlarge_use1-az4': 30, 'g6.48xlarge_use1-az6': 50, 'g6.4xlarge_use1-az1': 5, 'g6.4xlarge_use1-az2': 10, 'g6.4xlarge_use1-az4': 35, 'g6.4xlarge_use1-az6': 50, 'g6.8xlarge_use1-az1': 5, 'g6.8xlarge_use1-az2': 5, 'g6.8xlarge_use1-az4': 10, 'g6.8xlarge_use1-az6': 15, 'g6.xlarge_use1-az1': 5, 'g6.xlarge_use1-az2': 5, 'g6.xlarge_use1-az4': 5, 'g6.xlarge_use1-az6': 5, 'g6e.16xlarge_use1-az1': 10, 'g6e.16xlarge_use1-az2': 15, 'g6e.16xlarge_use1-az4': 40, 'g6e.16xlarge_use1-az6': 20, 'g6e.2xlarge_use1-az1': 10, 'g6e.2xlarge_use1-az2': 1, 'g6e.2xlarge_use1-az4': 10, 'g6e.2xlarge_use1-az6': 5, 'g6e.48xlarge_use1-az4': 5, 'g6e.48xlarge_use1-az6': 1, 'g6e.4xlarge_use1-az1': 1, 'g6e.4xlarge_use1-az4': 5, 'g6e.4xlarge_use1-az6': 1, 'g6e.8xlarge_use1-az1': 1, 'g6e.8xlarge_use1-az2': 1, 'g6e.8xlarge_use1-az4': 1, 'g6e.8xlarge_use1-az6': 1, 'g6e.xlarge_use1-az1': 1, 'g6e.xlarge_use1-az6': 1, 'g6f.2xlarge_use1-az1': 1, 'g6f.2xlarge_use1-az4': 1, 'g6f.2xlarge_use1-az6': 5, 'g6f.4xlarge_use1-az1': 1, 'g6f.4xlarge_use1-az4': 1, 'g6f.4xlarge_use1-az6': 1, 'g6f.large_use1-az1': 10, 'g6f.large_use1-az2': 15, 'g6f.large_use1-az4': 40, 'g6f.large_use1-az6': 20, 'g6f.xlarge_use1-az1': 1, 'g6f.xlarge_use1-az2': 1, 'g6f.xlarge_use1-az4': 5, 'g6f.xlarge_use1-az6': 10, 'gr6.4xlarge_use1-az2': 1, 'gr6.4xlarge_use1-az4': 1, 'gr6.4xlarge_use1-az6': 1, 'gr6.8xlarge_use1-az1': 1, 'gr6.8xlarge_use1-az2': 1, 'gr6.8xlarge_use1-az4': 1, 'gr6.8xlarge_use1-az6': 1, 'i2.2xlarge_use1-az2': 10, 'i2.2xlarge_use1-az3': 5, 'i2.2xlarge_use1-az4': 10, 'i2.2xlarge_use1-az6': 5, 'i2.4xlarge_use1-az1': 1, 'i2.4xlarge_use1-az2': 10, 'i2.4xlarge_use1-az3': 1, 'i2.4xlarge_use1-az4': 10, 'i2.4xlarge_use1-az6': 5, 'i2.8xlarge_use1-az2': 1, 'i2.8xlarge_use1-az3': 1, 'i2.8xlarge_use1-az6': 1, 'i2.xlarge_use1-az1': 1, 'i2.xlarge_use1-az2': 15, 'i2.xlarge_use1-az3': 1, 'i2.xlarge_use1-az4': 20, 'i2.xlarge_use1-az6': 15, 'i3.16xlarge_use1-az1': 20, 'i3.16xlarge_use1-az2': 50, 'i3.16xlarge_use1-az3': 10, 'i3.16xlarge_use1-az4': 50, 'i3.16xlarge_use1-az5': 10, 'i3.16xlarge_use1-az6': 45, 'i3.2xlarge_use1-az1': 50, 'i3.2xlarge_use1-az2': 50, 'i3.2xlarge_use1-az3': 50, 'i3.2xlarge_use1-az4': 50, 'i3.2xlarge_use1-az5': 50, 'i3.2xlarge_use1-az6': 50, 'i3.4xlarge_use1-az1': 50, 'i3.4xlarge_use1-az2': 50, 'i3.4xlarge_use1-az3': 50, 'i3.4xlarge_use1-az4': 50, 'i3.4xlarge_use1-az5': 50, 'i3.4xlarge_use1-az6': 50, 'i3.8xlarge_use1-az1': 50, 'i3.8xlarge_use1-az2': 50, 'i3.8xlarge_use1-az3': 50, 'i3.8xlarge_use1-az4': 50, 'i3.8xlarge_use1-az5': 25, 'i3.8xlarge_use1-az6': 50, 'i3.large_use1-az1': 50, 'i3.large_use1-az2': 50, 'i3.large_use1-az3': 50, 'i3.large_use1-az4': 50, 'i3.large_use1-az5': 50, 'i3.large_use1-az6': 50, 'i3.xlarge_use1-az1': 50, 'i3.xlarge_use1-az2': 50, 'i3.xlarge_use1-az3': 50, 'i3.xlarge_use1-az4': 50, 'i3.xlarge_use1-az5': 50, 'i3.xlarge_use1-az6': 50, 'i3en.12xlarge_use1-az1': 1, 'i3en.12xlarge_use1-az2': 1, 'i3en.12xlarge_use1-az6': 50, 'i3en.24xlarge_use1-az6': 20, 'i3en.2xlarge_use1-az1': 50, 'i3en.2xlarge_use1-az2': 50, 'i3en.2xlarge_use1-az4': 30, 'i3en.2xlarge_use1-az5': 50, 'i3en.2xlarge_use1-az6': 50, 'i3en.3xlarge_use1-az1': 50, 'i3en.3xlarge_use1-az2': 50, 'i3en.3xlarge_use1-az4': 50, 'i3en.3xlarge_use1-az5': 50, 'i3en.3xlarge_use1-az6': 50, 'i3en.6xlarge_use1-az1': 10, 'i3en.6xlarge_use1-az2': 20, 'i3en.6xlarge_use1-az4': 10, 'i3en.6xlarge_use1-az6': 50, 'i3en.large_use1-az1': 50, 'i3en.large_use1-az2': 50, 'i3en.large_use1-az4': 45, 'i3en.large_use1-az5': 35, 'i3en.large_use1-az6': 50, 'i3en.xlarge_use1-az1': 50, 'i3en.xlarge_use1-az2': 50, 'i3en.xlarge_use1-az4': 50, 'i3en.xlarge_use1-az5': 50, 'i3en.xlarge_use1-az6': 50, 'i4g.16xlarge_use1-az2': 1, 'i4g.16xlarge_use1-az4': 1, 'i4g.16xlarge_use1-az5': 50, 'i4g.16xlarge_use1-az6': 50, 'i4g.2xlarge_use1-az2': 10, 'i4g.2xlarge_use1-az4': 15, 'i4g.2xlarge_use1-az5': 40, 'i4g.2xlarge_use1-az6': 50, 'i4g.4xlarge_use1-az2': 25, 'i4g.4xlarge_use1-az4': 30, 'i4g.4xlarge_use1-az5': 50, 'i4g.4xlarge_use1-az6': 50, 'i4g.8xlarge_use1-az5': 45, 'i4g.8xlarge_use1-az6': 15, 'i4g.large_use1-az1': 5, 'i4g.large_use1-az2': 5, 'i4g.large_use1-az4': 5, 'i4g.large_use1-az5': 25, 'i4g.large_use1-az6': 50, 'i4g.xlarge_use1-az2': 10, 'i4g.xlarge_use1-az4': 1, 'i4g.xlarge_use1-az5': 50, 'i4g.xlarge_use1-az6': 50, 'i4i.12xlarge_use1-az2': 5, 'i4i.16xlarge_use1-az1': 1, 'i4i.16xlarge_use1-az2': 1, 'i4i.16xlarge_use1-az4': 1, 'i4i.16xlarge_use1-az6': 1, 'i4i.24xlarge_use1-az2': 1, 'i4i.2xlarge_use1-az1': 15, 'i4i.2xlarge_use1-az2': 50, 'i4i.2xlarge_use1-az4': 50, 'i4i.2xlarge_use1-az5': 1, 'i4i.2xlarge_use1-az6': 50, 'i4i.4xlarge_use1-az1': 1, 'i4i.4xlarge_use1-az2': 35, 'i4i.4xlarge_use1-az4': 1, 'i4i.4xlarge_use1-az6': 15, 'i4i.8xlarge_use1-az1': 1, 'i4i.8xlarge_use1-az2': 40, 'i4i.8xlarge_use1-az6': 5, 'i4i.large_use1-az1': 50, 'i4i.large_use1-az2': 50, 'i4i.large_use1-az4': 50, 'i4i.large_use1-az5': 50, 'i4i.large_use1-az6': 50, 'i4i.xlarge_use1-az1': 50, 'i4i.xlarge_use1-az2': 50, 'i4i.xlarge_use1-az4': 50, 'i4i.xlarge_use1-az5': 50, 'i4i.xlarge_use1-az6': 50, 'i7i.12xlarge_use1-az1': 1, 'i7i.12xlarge_use1-az2': 1, 'i7i.12xlarge_use1-az4': 1, 'i7i.12xlarge_use1-az5': 1, 'i7i.12xlarge_use1-az6': 1, 'i7i.16xlarge_use1-az2': 1, 'i7i.16xlarge_use1-az4': 5, 'i7i.16xlarge_use1-az5': 1, 'i7i.16xlarge_use1-az6': 1, 'i7i.24xlarge_use1-az2': 1, 'i7i.24xlarge_use1-az4': 1, 'i7i.24xlarge_use1-az5': 1, 'i7i.24xlarge_use1-az6': 1, 'i7i.2xlarge_use1-az1': 1, 'i7i.2xlarge_use1-az2': 50, 'i7i.2xlarge_use1-az4': 45, 'i7i.2xlarge_use1-az5': 20, 'i7i.2xlarge_use1-az6': 10, 'i7i.48xlarge_use1-az2': 1, 'i7i.4xlarge_use1-az1': 1, 'i7i.4xlarge_use1-az2': 15, 'i7i.4xlarge_use1-az4': 20, 'i7i.4xlarge_use1-az5': 5, 'i7i.4xlarge_use1-az6': 20, 'i7i.8xlarge_use1-az1': 1, 'i7i.8xlarge_use1-az2': 1, 'i7i.8xlarge_use1-az4': 5, 'i7i.8xlarge_use1-az5': 1, 'i7i.8xlarge_use1-az6': 1, 'i7i.metal-24xl_use1-az2': 1, 'i7i.metal-24xl_use1-az4': 50, 'i7i.metal-24xl_use1-az6': 35, 'i7i.xlarge_use1-az1': 1, 'i7i.xlarge_use1-az6': 20, 'i7ie.12xlarge_use1-az1': 1, 'i7ie.12xlarge_use1-az4': 1, 'i7ie.12xlarge_use1-az6': 30, 'i7ie.18xlarge_use1-az4': 1, 'i7ie.18xlarge_use1-az6': 20, 'i7ie.24xlarge_use1-az1': 1, 'i7ie.24xlarge_use1-az2': 1, 'i7ie.24xlarge_use1-az4': 1, 'i7ie.24xlarge_use1-az6': 50, 'i7ie.2xlarge_use1-az1': 5, 'i7ie.2xlarge_use1-az2': 1, 'i7ie.2xlarge_use1-az4': 15, 'i7ie.2xlarge_use1-az6': 35, 'i7ie.3xlarge_use1-az1': 5, 'i7ie.3xlarge_use1-az2': 1, 'i7ie.3xlarge_use1-az4': 5, 'i7ie.3xlarge_use1-az6': 30, 'i7ie.48xlarge_use1-az6': 50, 'i7ie.6xlarge_use1-az1': 25, 'i7ie.6xlarge_use1-az4': 20, 'i7ie.6xlarge_use1-az6': 50, 'i7ie.large_use1-az1': 45, 'i7ie.large_use1-az2': 15, 'i7ie.large_use1-az4': 50, 'i7ie.large_use1-az6': 50, 'i7ie.metal-24xl_use1-az4': 1, 'i7ie.metal-24xl_use1-az6': 15, 'i7ie.metal-48xl_use1-az6': 10, 'i7ie.xlarge_use1-az1': 10, 'i7ie.xlarge_use1-az2': 25, 'i7ie.xlarge_use1-az4': 45, 'i7ie.xlarge_use1-az6': 50, 'i8g.12xlarge_use1-az6': 1, 'i8g.24xlarge_use1-az6': 10, 'i8g.2xlarge_use1-az2': 1, 'i8g.4xlarge_use1-az2': 1, 'i8g.8xlarge_use1-az6': 5, 'i8g.large_use1-az2': 10, 'i8g.large_use1-az6': 5, 'i8g.xlarge_use1-az2': 1, 'i8g.xlarge_use1-az4': 1, 'i8g.xlarge_use1-az6': 1, 'i8ge.12xlarge_use1-az4': 1, 'i8ge.12xlarge_use1-az6': 5, 'i8ge.18xlarge_use1-az2': 1, 'i8ge.18xlarge_use1-az4': 1, 'i8ge.18xlarge_use1-az6': 5, 'i8ge.24xlarge_use1-az4': 1, 'i8ge.24xlarge_use1-az6': 5, 'i8ge.2xlarge_use1-az4': 10, 'i8ge.3xlarge_use1-az2': 1, 'i8ge.3xlarge_use1-az4': 5, 'i8ge.48xlarge_use1-az4': 5, 'i8ge.6xlarge_use1-az2': 1, 'i8ge.6xlarge_use1-az4': 1, 'i8ge.large_use1-az2': 5, 'i8ge.large_use1-az4': 50, 'i8ge.metal-24xl_use1-az4': 1, 'i8ge.metal-48xl_use1-az6': 1, 'i8ge.xlarge_use1-az4': 20, 'im4gn.16xlarge_use1-az4': 45, 'im4gn.2xlarge_use1-az1': 10, 'im4gn.2xlarge_use1-az4': 20, 'im4gn.2xlarge_use1-az6': 15, 'im4gn.4xlarge_use1-az1': 5, 'im4gn.4xlarge_use1-az4': 15, 'im4gn.8xlarge_use1-az1': 1, 'im4gn.8xlarge_use1-az4': 5, 'im4gn.large_use1-az1': 35, 'im4gn.large_use1-az2': 10, 'im4gn.large_use1-az4': 50, 'im4gn.large_use1-az6': 10, 'im4gn.xlarge_use1-az1': 25, 'im4gn.xlarge_use1-az2': 50, 'im4gn.xlarge_use1-az4': 30, 'im4gn.xlarge_use1-az6': 40, 'inf1.24xlarge_use1-az1': 1, 'inf1.24xlarge_use1-az2': 1, 'inf1.24xlarge_use1-az4': 10, 'inf1.24xlarge_use1-az5': 5, 'inf1.24xlarge_use1-az6': 20, 'inf1.2xlarge_use1-az1': 15, 'inf1.2xlarge_use1-az2': 15, 'inf1.2xlarge_use1-az4': 30, 'inf1.2xlarge_use1-az5': 40, 'inf1.2xlarge_use1-az6': 40, 'inf1.6xlarge_use1-az1': 1, 'inf1.6xlarge_use1-az2': 1, 'inf1.6xlarge_use1-az4': 5, 'inf1.6xlarge_use1-az5': 5, 'inf1.6xlarge_use1-az6': 10, 'inf1.xlarge_use1-az1': 50, 'inf1.xlarge_use1-az2': 50, 'inf1.xlarge_use1-az4': 40, 'inf1.xlarge_use1-az5': 50, 'inf1.xlarge_use1-az6': 50, 'inf2.24xlarge_use1-az4': 1, 'inf2.24xlarge_use1-az6': 10, 'inf2.48xlarge_use1-az6': 15, 'inf2.8xlarge_use1-az2': 5, 'inf2.8xlarge_use1-az4': 5, 'inf2.8xlarge_use1-az5': 1, 'inf2.8xlarge_use1-az6': 1, 'inf2.xlarge_use1-az2': 5, 'inf2.xlarge_use1-az4': 1, 'inf2.xlarge_use1-az6': 50, 'is4gen.2xlarge_use1-az1': 1, 'is4gen.2xlarge_use1-az2': 50, 'is4gen.2xlarge_use1-az4': 50, 'is4gen.2xlarge_use1-az6': 50, 'is4gen.4xlarge_use1-az1': 1, 'is4gen.8xlarge_use1-az1': 1, 'is4gen.8xlarge_use1-az4': 1, 'is4gen.large_use1-az1': 5, 'is4gen.large_use1-az2': 1, 'is4gen.large_use1-az4': 10, 'is4gen.large_use1-az6': 15, 'is4gen.medium_use1-az1': 50, 'is4gen.medium_use1-az2': 25, 'is4gen.medium_use1-az4': 40, 'is4gen.medium_use1-az6': 30, 'is4gen.xlarge_use1-az1': 1, 'is4gen.xlarge_use1-az2': 1, 'is4gen.xlarge_use1-az4': 15, 'is4gen.xlarge_use1-az6': 1, 'm1.large_use1-az1': 5, 'm1.large_use1-az2': 25, 'm1.large_use1-az4': 20, 'm1.large_use1-az6': 15, 'm1.xlarge_use1-az1': 1, 'm1.xlarge_use1-az2': 10, 'm1.xlarge_use1-az4': 10, 'm1.xlarge_use1-az6': 10, 'm2.2xlarge_use1-az1': 5, 'm2.2xlarge_use1-az2': 10, 'm2.2xlarge_use1-az4': 15, 'm2.2xlarge_use1-az6': 5, 'm2.4xlarge_use1-az1': 1, 'm2.4xlarge_use1-az2': 5, 'm2.4xlarge_use1-az4': 5, 'm2.4xlarge_use1-az6': 5, 'm2.xlarge_use1-az1': 5, 'm2.xlarge_use1-az2': 20, 'm2.xlarge_use1-az4': 20, 'm2.xlarge_use1-az6': 15, 'm3.2xlarge_use1-az2': 25, 'm3.2xlarge_use1-az3': 1, 'm3.2xlarge_use1-az4': 40, 'm3.2xlarge_use1-az6': 45, 'm3.large_use1-az2': 50, 'm3.large_use1-az3': 1, 'm3.large_use1-az4': 50, 'm3.large_use1-az6': 50, 'm3.xlarge_use1-az2': 50, 'm3.xlarge_use1-az3': 1, 'm3.xlarge_use1-az4': 50, 'm3.xlarge_use1-az6': 50, 'm4.10xlarge_use1-az1': 5, 'm4.10xlarge_use1-az2': 10, 'm4.10xlarge_use1-az3': 1, 'm4.10xlarge_use1-az4': 50, 'm4.10xlarge_use1-az5': 1, 'm4.10xlarge_use1-az6': 50, 'm4.2xlarge_use1-az1': 5, 'm4.2xlarge_use1-az2': 20, 'm4.2xlarge_use1-az3': 50, 'm4.2xlarge_use1-az4': 20, 'm4.2xlarge_use1-az5': 1, 'm4.2xlarge_use1-az6': 25, 'm4.4xlarge_use1-az1': 50, 'm4.4xlarge_use1-az2': 50, 'm4.4xlarge_use1-az3': 50, 'm4.4xlarge_use1-az4': 25, 'm4.4xlarge_use1-az5': 10, 'm4.4xlarge_use1-az6': 15, 'm4.large_use1-az1': 30, 'm4.large_use1-az2': 50, 'm4.large_use1-az3': 25, 'm4.large_use1-az4': 50, 'm4.large_use1-az5': 10, 'm4.large_use1-az6': 50, 'm4.xlarge_use1-az1': 15, 'm4.xlarge_use1-az2': 50, 'm4.xlarge_use1-az3': 50, 'm4.xlarge_use1-az4': 50, 'm4.xlarge_use1-az5': 30, 'm4.xlarge_use1-az6': 50, 'm5.12xlarge_use1-az1': 5, 'm5.12xlarge_use1-az2': 25, 'm5.12xlarge_use1-az4': 50, 'm5.12xlarge_use1-az5': 1, 'm5.12xlarge_use1-az6': 40, 'm5.16xlarge_use1-az1': 10, 'm5.16xlarge_use1-az2': 50, 'm5.16xlarge_use1-az4': 50, 'm5.16xlarge_use1-az5': 1, 'm5.16xlarge_use1-az6': 50, 'm5.24xlarge_use1-az1': 5, 'm5.24xlarge_use1-az2': 5, 'm5.24xlarge_use1-az4': 5, 'm5.24xlarge_use1-az5': 1, 'm5.24xlarge_use1-az6': 35, 'm5.2xlarge_use1-az1': 50, 'm5.2xlarge_use1-az2': 50, 'm5.2xlarge_use1-az4': 50, 'm5.2xlarge_use1-az5': 50, 'm5.2xlarge_use1-az6': 50, 'm5.4xlarge_use1-az1': 50, 'm5.4xlarge_use1-az2': 50, 'm5.4xlarge_use1-az4': 50, 'm5.4xlarge_use1-az5': 10, 'm5.4xlarge_use1-az6': 50, 'm5.8xlarge_use1-az1': 50, 'm5.8xlarge_use1-az2': 40, 'm5.8xlarge_use1-az4': 50, 'm5.8xlarge_use1-az5': 1, 'm5.8xlarge_use1-az6': 50, 'm5.large_use1-az1': 50, 'm5.large_use1-az2': 50, 'm5.large_use1-az4': 50, 'm5.large_use1-az5': 50, 'm5.large_use1-az6': 50, 'm5.xlarge_use1-az1': 50, 'm5.xlarge_use1-az2': 50, 'm5.xlarge_use1-az4': 50, 'm5.xlarge_use1-az5': 50, 'm5.xlarge_use1-az6': 50, 'm5a.12xlarge_use1-az2': 1, 'm5a.12xlarge_use1-az4': 1, 'm5a.12xlarge_use1-az6': 1, 'm5a.16xlarge_use1-az2': 1, 'm5a.16xlarge_use1-az4': 1, 'm5a.16xlarge_use1-az6': 1, 'm5a.24xlarge_use1-az1': 1, 'm5a.24xlarge_use1-az2': 1, 'm5a.24xlarge_use1-az4': 1, 'm5a.24xlarge_use1-az5': 5, 'm5a.24xlarge_use1-az6': 5, 'm5a.2xlarge_use1-az1': 10, 'm5a.2xlarge_use1-az2': 25, 'm5a.2xlarge_use1-az4': 25, 'm5a.2xlarge_use1-az5': 5, 'm5a.2xlarge_use1-az6': 45, 'm5a.4xlarge_use1-az1': 5, 'm5a.4xlarge_use1-az2': 10, 'm5a.4xlarge_use1-az4': 5, 'm5a.4xlarge_use1-az5': 10, 'm5a.4xlarge_use1-az6': 15, 'm5a.8xlarge_use1-az1': 1, 'm5a.8xlarge_use1-az2': 20, 'm5a.8xlarge_use1-az4': 20, 'm5a.8xlarge_use1-az5': 1, 'm5a.8xlarge_use1-az6': 5, 'm5a.large_use1-az1': 50, 'm5a.large_use1-az2': 50, 'm5a.large_use1-az4': 50, 'm5a.large_use1-az5': 45, 'm5a.large_use1-az6': 50, 'm5a.xlarge_use1-az1': 10, 'm5a.xlarge_use1-az2': 30, 'm5a.xlarge_use1-az4': 10, 'm5a.xlarge_use1-az5': 20, 'm5a.xlarge_use1-az6': 50, 'm5ad.12xlarge_use1-az1': 1, 'm5ad.16xlarge_use1-az1': 1, 'm5ad.16xlarge_use1-az2': 1, 'm5ad.16xlarge_use1-az4': 1, 'm5ad.16xlarge_use1-az6': 1, 'm5ad.24xlarge_use1-az1': 5, 'm5ad.24xlarge_use1-az2': 1, 'm5ad.24xlarge_use1-az4': 1, 'm5ad.24xlarge_use1-az6': 5, 'm5ad.2xlarge_use1-az1': 1, 'm5ad.2xlarge_use1-az2': 1, 'm5ad.2xlarge_use1-az4': 5, 'm5ad.2xlarge_use1-az6': 1, 'm5ad.4xlarge_use1-az1': 1, 'm5ad.4xlarge_use1-az2': 1, 'm5ad.4xlarge_use1-az4': 1, 'm5ad.4xlarge_use1-az6': 1, 'm5ad.8xlarge_use1-az2': 1, 'm5ad.large_use1-az1': 10, 'm5ad.large_use1-az2': 5, 'm5ad.large_use1-az4': 10, 'm5ad.large_use1-az5': 1, 'm5ad.large_use1-az6': 10, 'm5ad.xlarge_use1-az1': 1, 'm5ad.xlarge_use1-az2': 10, 'm5ad.xlarge_use1-az4': 5, 'm5ad.xlarge_use1-az6': 5, 'm5d.12xlarge_use1-az1': 1, 'm5d.12xlarge_use1-az2': 25, 'm5d.12xlarge_use1-az4': 30, 'm5d.12xlarge_use1-az6': 15, 'm5d.16xlarge_use1-az1': 5, 'm5d.16xlarge_use1-az2': 35, 'm5d.16xlarge_use1-az4': 20, 'm5d.16xlarge_use1-az5': 1, 'm5d.16xlarge_use1-az6': 50, 'm5d.24xlarge_use1-az1': 20, 'm5d.24xlarge_use1-az2': 15, 'm5d.24xlarge_use1-az4': 5, 'm5d.24xlarge_use1-az5': 1, 'm5d.24xlarge_use1-az6': 50, 'm5d.2xlarge_use1-az1': 5, 'm5d.2xlarge_use1-az2': 25, 'm5d.2xlarge_use1-az4': 25, 'm5d.2xlarge_use1-az6': 30, 'm5d.4xlarge_use1-az1': 5, 'm5d.4xlarge_use1-az2': 15, 'm5d.4xlarge_use1-az4': 25, 'm5d.4xlarge_use1-az6': 25, 'm5d.8xlarge_use1-az1': 1, 'm5d.8xlarge_use1-az2': 25, 'm5d.8xlarge_use1-az4': 10, 'm5d.8xlarge_use1-az5': 1, 'm5d.8xlarge_use1-az6': 10, 'm5d.large_use1-az1': 5, 'm5d.large_use1-az2': 50, 'm5d.large_use1-az4': 50, 'm5d.large_use1-az6': 50, 'm5d.xlarge_use1-az1': 50, 'm5d.xlarge_use1-az2': 50, 'm5d.xlarge_use1-az4': 50, 'm5d.xlarge_use1-az5': 1, 'm5d.xlarge_use1-az6': 50, 'm5dn.12xlarge_use1-az1': 1, 'm5dn.12xlarge_use1-az4': 1, 'm5dn.12xlarge_use1-az6': 1, 'm5dn.16xlarge_use1-az1': 1, 'm5dn.16xlarge_use1-az2': 5, 'm5dn.16xlarge_use1-az4': 1, 'm5dn.16xlarge_use1-az6': 1, 'm5dn.24xlarge_use1-az1': 1, 'm5dn.24xlarge_use1-az2': 1, 'm5dn.24xlarge_use1-az4': 1, 'm5dn.24xlarge_use1-az6': 5, 'm5dn.2xlarge_use1-az1': 10, 'm5dn.2xlarge_use1-az2': 5, 'm5dn.2xlarge_use1-az4': 5, 'm5dn.2xlarge_use1-az5': 1, 'm5dn.2xlarge_use1-az6': 15, 'm5dn.4xlarge_use1-az1': 5, 'm5dn.4xlarge_use1-az2': 5, 'm5dn.4xlarge_use1-az4': 1, 'm5dn.4xlarge_use1-az5': 1, 'm5dn.4xlarge_use1-az6': 5, 'm5dn.8xlarge_use1-az2': 1, 'm5dn.8xlarge_use1-az6': 1, 'm5dn.large_use1-az1': 35, 'm5dn.large_use1-az2': 30, 'm5dn.large_use1-az4': 40, 'm5dn.large_use1-az5': 15, 'm5dn.large_use1-az6': 50, 'm5dn.xlarge_use1-az1': 10, 'm5dn.xlarge_use1-az2': 25, 'm5dn.xlarge_use1-az4': 20, 'm5dn.xlarge_use1-az5': 1, 'm5dn.xlarge_use1-az6': 30, 'm5n.12xlarge_use1-az1': 1, 'm5n.12xlarge_use1-az2': 1, 'm5n.12xlarge_use1-az4': 1, 'm5n.12xlarge_use1-az5': 1, 'm5n.12xlarge_use1-az6': 1, 'm5n.16xlarge_use1-az2': 1, 'm5n.16xlarge_use1-az4': 1, 'm5n.16xlarge_use1-az6': 1, 'm5n.24xlarge_use1-az2': 1, 'm5n.24xlarge_use1-az4': 1, 'm5n.24xlarge_use1-az6': 1, 'm5n.2xlarge_use1-az1': 15, 'm5n.2xlarge_use1-az2': 25, 'm5n.2xlarge_use1-az4': 30, 'm5n.2xlarge_use1-az5': 5, 'm5n.2xlarge_use1-az6': 25, 'm5n.4xlarge_use1-az1': 25, 'm5n.4xlarge_use1-az2': 35, 'm5n.4xlarge_use1-az4': 50, 'm5n.4xlarge_use1-az5': 5, 'm5n.4xlarge_use1-az6': 10, 'm5n.8xlarge_use1-az1': 1, 'm5n.8xlarge_use1-az2': 1, 'm5n.8xlarge_use1-az4': 1, 'm5n.8xlarge_use1-az6': 5, 'm5n.large_use1-az1': 5, 'm5n.large_use1-az2': 15, 'm5n.large_use1-az4': 5, 'm5n.large_use1-az5': 5, 'm5n.large_use1-az6': 15, 'm5n.xlarge_use1-az1': 20, 'm5n.xlarge_use1-az2': 50, 'm5n.xlarge_use1-az4': 50, 'm5n.xlarge_use1-az5': 1, 'm5n.xlarge_use1-az6': 50, 'm5zn.12xlarge_use1-az2': 1, 'm5zn.12xlarge_use1-az4': 10, 'm5zn.12xlarge_use1-az5': 1, 'm5zn.12xlarge_use1-az6': 5, 'm5zn.2xlarge_use1-az1': 1, 'm5zn.2xlarge_use1-az2': 1, 'm5zn.2xlarge_use1-az4': 25, 'm5zn.2xlarge_use1-az5': 1, 'm5zn.2xlarge_use1-az6': 5, 'm5zn.3xlarge_use1-az1': 1, 'm5zn.3xlarge_use1-az2': 1, 'm5zn.3xlarge_use1-az4': 5, 'm5zn.3xlarge_use1-az6': 5, 'm5zn.6xlarge_use1-az4': 1, 'm5zn.6xlarge_use1-az6': 1, 'm5zn.large_use1-az1': 5, 'm5zn.large_use1-az2': 5, 'm5zn.large_use1-az4': 30, 'm5zn.large_use1-az5': 15, 'm5zn.large_use1-az6': 20, 'm5zn.xlarge_use1-az1': 1, 'm5zn.xlarge_use1-az2': 1, 'm5zn.xlarge_use1-az4': 20, 'm5zn.xlarge_use1-az5': 5, 'm5zn.xlarge_use1-az6': 5, 'm6a.12xlarge_use1-az1': 5, 'm6a.12xlarge_use1-az2': 5, 'm6a.12xlarge_use1-az4': 15, 'm6a.12xlarge_use1-az6': 10, 'm6a.16xlarge_use1-az1': 5, 'm6a.16xlarge_use1-az2': 5, 'm6a.16xlarge_use1-az4': 5, 'm6a.16xlarge_use1-az6': 5, 'm6a.24xlarge_use1-az1': 1, 'm6a.24xlarge_use1-az2': 1, 'm6a.24xlarge_use1-az4': 1, 'm6a.24xlarge_use1-az6': 1, 'm6a.2xlarge_use1-az1': 50, 'm6a.2xlarge_use1-az2': 35, 'm6a.2xlarge_use1-az4': 45, 'm6a.2xlarge_use1-az5': 15, 'm6a.2xlarge_use1-az6': 50, 'm6a.32xlarge_use1-az2': 1, 'm6a.32xlarge_use1-az4': 1, 'm6a.32xlarge_use1-az5': 1, 'm6a.32xlarge_use1-az6': 1, 'm6a.48xlarge_use1-az2': 1, 'm6a.48xlarge_use1-az4': 1, 'm6a.48xlarge_use1-az6': 1, 'm6a.4xlarge_use1-az1': 45, 'm6a.4xlarge_use1-az2': 40, 'm6a.4xlarge_use1-az4': 25, 'm6a.4xlarge_use1-az5': 5, 'm6a.4xlarge_use1-az6': 50, 'm6a.8xlarge_use1-az1': 25, 'm6a.8xlarge_use1-az2': 15, 'm6a.8xlarge_use1-az4': 50, 'm6a.8xlarge_use1-az5': 10, 'm6a.8xlarge_use1-az6': 50, 'm6a.large_use1-az1': 50, 'm6a.large_use1-az2': 50, 'm6a.large_use1-az4': 50, 'm6a.large_use1-az5': 30, 'm6a.large_use1-az6': 50, 'm6a.xlarge_use1-az1': 50, 'm6a.xlarge_use1-az2': 50, 'm6a.xlarge_use1-az4': 50, 'm6a.xlarge_use1-az5': 35, 'm6a.xlarge_use1-az6': 50, 'm6g.12xlarge_use1-az1': 1, 'm6g.12xlarge_use1-az2': 5, 'm6g.12xlarge_use1-az4': 50, 'm6g.12xlarge_use1-az6': 50, 'm6g.16xlarge_use1-az1': 1, 'm6g.16xlarge_use1-az2': 5, 'm6g.16xlarge_use1-az4': 25, 'm6g.16xlarge_use1-az6': 50, 'm6g.2xlarge_use1-az1': 15, 'm6g.2xlarge_use1-az2': 50, 'm6g.2xlarge_use1-az4': 50, 'm6g.2xlarge_use1-az5': 5, 'm6g.2xlarge_use1-az6': 50, 'm6g.4xlarge_use1-az1': 10, 'm6g.4xlarge_use1-az2': 50, 'm6g.4xlarge_use1-az4': 50, 'm6g.4xlarge_use1-az5': 10, 'm6g.4xlarge_use1-az6': 50, 'm6g.8xlarge_use1-az1': 5, 'm6g.8xlarge_use1-az2': 50, 'm6g.8xlarge_use1-az4': 50, 'm6g.8xlarge_use1-az6': 50, 'm6g.large_use1-az1': 1, 'm6g.large_use1-az2': 50, 'm6g.large_use1-az4': 50, 'm6g.large_use1-az5': 5, 'm6g.large_use1-az6': 50, 'm6g.medium_use1-az1': 5, 'm6g.medium_use1-az2': 5, 'm6g.medium_use1-az4': 10, 'm6g.medium_use1-az5': 1, 'm6g.medium_use1-az6': 15, 'm6g.xlarge_use1-az1': 50, 'm6g.xlarge_use1-az2': 50, 'm6g.xlarge_use1-az4': 50, 'm6g.xlarge_use1-az5': 50, 'm6g.xlarge_use1-az6': 50, 'm6gd.12xlarge_use1-az1': 10, 'm6gd.12xlarge_use1-az2': 40, 'm6gd.12xlarge_use1-az4': 20, 'm6gd.12xlarge_use1-az5': 5, 'm6gd.12xlarge_use1-az6': 50, 'm6gd.16xlarge_use1-az1': 5, 'm6gd.16xlarge_use1-az2': 10, 'm6gd.16xlarge_use1-az4': 10, 'm6gd.16xlarge_use1-az5': 10, 'm6gd.16xlarge_use1-az6': 35, 'm6gd.2xlarge_use1-az1': 1, 'm6gd.2xlarge_use1-az2': 50, 'm6gd.2xlarge_use1-az4': 45, 'm6gd.2xlarge_use1-az5': 1, 'm6gd.2xlarge_use1-az6': 5, 'm6gd.4xlarge_use1-az1': 1, 'm6gd.4xlarge_use1-az2': 5, 'm6gd.4xlarge_use1-az4': 5, 'm6gd.4xlarge_use1-az5': 1, 'm6gd.4xlarge_use1-az6': 15, 'm6gd.8xlarge_use1-az1': 5, 'm6gd.8xlarge_use1-az2': 10, 'm6gd.8xlarge_use1-az4': 15, 'm6gd.8xlarge_use1-az5': 1, 'm6gd.8xlarge_use1-az6': 20, 'm6gd.large_use1-az1': 1, 'm6gd.large_use1-az2': 5, 'm6gd.large_use1-az4': 5, 'm6gd.large_use1-az5': 1, 'm6gd.large_use1-az6': 15, 'm6gd.medium_use1-az1': 1, 'm6gd.medium_use1-az2': 1, 'm6gd.medium_use1-az4': 1, 'm6gd.medium_use1-az5': 5, 'm6gd.medium_use1-az6': 1, 'm6gd.xlarge_use1-az1': 1, 'm6gd.xlarge_use1-az2': 10, 'm6gd.xlarge_use1-az4': 35, 'm6gd.xlarge_use1-az5': 1, 'm6gd.xlarge_use1-az6': 15, 'm6i.12xlarge_use1-az1': 1, 'm6i.12xlarge_use1-az2': 10, 'm6i.12xlarge_use1-az4': 50, 'm6i.12xlarge_use1-az5': 1, 'm6i.12xlarge_use1-az6': 30, 'm6i.16xlarge_use1-az1': 1, 'm6i.16xlarge_use1-az2': 10, 'm6i.16xlarge_use1-az4': 5, 'm6i.16xlarge_use1-az5': 1, 'm6i.16xlarge_use1-az6': 10, 'm6i.24xlarge_use1-az2': 10, 'm6i.24xlarge_use1-az4': 5, 'm6i.24xlarge_use1-az5': 1, 'm6i.24xlarge_use1-az6': 50, 'm6i.2xlarge_use1-az1': 25, 'm6i.2xlarge_use1-az2': 50, 'm6i.2xlarge_use1-az4': 50, 'm6i.2xlarge_use1-az5': 25, 'm6i.2xlarge_use1-az6': 50, 'm6i.32xlarge_use1-az2': 1, 'm6i.32xlarge_use1-az4': 5, 'm6i.32xlarge_use1-az5': 1, 'm6i.32xlarge_use1-az6': 15, 'm6i.4xlarge_use1-az1': 15, 'm6i.4xlarge_use1-az2': 50, 'm6i.4xlarge_use1-az4': 50, 'm6i.4xlarge_use1-az5': 50, 'm6i.4xlarge_use1-az6': 50, 'm6i.8xlarge_use1-az1': 1, 'm6i.8xlarge_use1-az2': 50, 'm6i.8xlarge_use1-az4': 50, 'm6i.8xlarge_use1-az5': 20, 'm6i.8xlarge_use1-az6': 50, 'm6i.large_use1-az1': 25, 'm6i.large_use1-az2': 50, 'm6i.large_use1-az4': 50, 'm6i.large_use1-az5': 50, 'm6i.large_use1-az6': 50, 'm6i.xlarge_use1-az1': 45, 'm6i.xlarge_use1-az2': 50, 'm6i.xlarge_use1-az4': 50, 'm6i.xlarge_use1-az5': 25, 'm6i.xlarge_use1-az6': 50, 'm6id.12xlarge_use1-az1': 1, 'm6id.12xlarge_use1-az2': 1, 'm6id.12xlarge_use1-az4': 1, 'm6id.12xlarge_use1-az6': 1, 'm6id.16xlarge_use1-az1': 1, 'm6id.16xlarge_use1-az2': 1, 'm6id.16xlarge_use1-az4': 1, 'm6id.16xlarge_use1-az6': 1, 'm6id.24xlarge_use1-az1': 10, 'm6id.24xlarge_use1-az2': 15, 'm6id.24xlarge_use1-az4': 35, 'm6id.24xlarge_use1-az5': 5, 'm6id.24xlarge_use1-az6': 15, 'm6id.2xlarge_use1-az1': 5, 'm6id.2xlarge_use1-az2': 5, 'm6id.2xlarge_use1-az4': 5, 'm6id.2xlarge_use1-az5': 1, 'm6id.2xlarge_use1-az6': 5, 'm6id.32xlarge_use1-az1': 10, 'm6id.32xlarge_use1-az2': 15, 'm6id.32xlarge_use1-az4': 5, 'm6id.32xlarge_use1-az5': 1, 'm6id.32xlarge_use1-az6': 50, 'm6id.4xlarge_use1-az1': 15, 'm6id.4xlarge_use1-az2': 10, 'm6id.4xlarge_use1-az4': 5, 'm6id.4xlarge_use1-az5': 1, 'm6id.4xlarge_use1-az6': 10, 'm6id.8xlarge_use1-az1': 1, 'm6id.8xlarge_use1-az4': 5, 'm6id.8xlarge_use1-az5': 1, 'm6id.8xlarge_use1-az6': 1, 'm6id.large_use1-az1': 30, 'm6id.large_use1-az2': 35, 'm6id.large_use1-az4': 15, 'm6id.large_use1-az5': 5, 'm6id.large_use1-az6': 50, 'm6id.xlarge_use1-az1': 20, 'm6id.xlarge_use1-az2': 45, 'm6id.xlarge_use1-az4': 15, 'm6id.xlarge_use1-az5': 5, 'm6id.xlarge_use1-az6': 25, 'm6idn.12xlarge_use1-az2': 1, 'm6idn.16xlarge_use1-az4': 1, 'm6idn.24xlarge_use1-az1': 1, 'm6idn.24xlarge_use1-az2': 1, 'm6idn.24xlarge_use1-az4': 1, 'm6idn.2xlarge_use1-az1': 5, 'm6idn.2xlarge_use1-az2': 10, 'm6idn.2xlarge_use1-az4': 5, 'm6idn.2xlarge_use1-az5': 1, 'm6idn.2xlarge_use1-az6': 5, 'm6idn.32xlarge_use1-az2': 1, 'm6idn.4xlarge_use1-az1': 30, 'm6idn.4xlarge_use1-az2': 10, 'm6idn.4xlarge_use1-az4': 5, 'm6idn.4xlarge_use1-az5': 5, 'm6idn.4xlarge_use1-az6': 5, 'm6idn.large_use1-az1': 25, 'm6idn.large_use1-az2': 35, 'm6idn.large_use1-az4': 15, 'm6idn.large_use1-az5': 10, 'm6idn.large_use1-az6': 10, 'm6idn.xlarge_use1-az1': 15, 'm6idn.xlarge_use1-az2': 50, 'm6idn.xlarge_use1-az4': 20, 'm6idn.xlarge_use1-az5': 5, 'm6idn.xlarge_use1-az6': 10, 'm6in.12xlarge_use1-az4': 1, 'm6in.16xlarge_use1-az2': 1, 'm6in.16xlarge_use1-az4': 1, 'm6in.24xlarge_use1-az1': 1, 'm6in.24xlarge_use1-az2': 1, 'm6in.2xlarge_use1-az1': 10, 'm6in.2xlarge_use1-az2': 20, 'm6in.2xlarge_use1-az4': 10, 'm6in.2xlarge_use1-az5': 1, 'm6in.2xlarge_use1-az6': 5, 'm6in.4xlarge_use1-az1': 1, 'm6in.4xlarge_use1-az2': 1, 'm6in.4xlarge_use1-az5': 1, 'm6in.8xlarge_use1-az1': 1, 'm6in.8xlarge_use1-az2': 1, 'm6in.8xlarge_use1-az4': 1, 'm6in.large_use1-az1': 5, 'm6in.large_use1-az2': 10, 'm6in.large_use1-az4': 5, 'm6in.large_use1-az5': 1, 'm6in.large_use1-az6': 1, 'm6in.xlarge_use1-az1': 5, 'm6in.xlarge_use1-az2': 10, 'm6in.xlarge_use1-az4': 1, 'm7a.12xlarge_use1-az2': 1, 'm7a.12xlarge_use1-az6': 20, 'm7a.16xlarge_use1-az2': 1, 'm7a.16xlarge_use1-az6': 40, 'm7a.24xlarge_use1-az2': 1, 'm7a.24xlarge_use1-az6': 50, 'm7a.2xlarge_use1-az1': 5, 'm7a.2xlarge_use1-az2': 15, 'm7a.2xlarge_use1-az4': 10, 'm7a.2xlarge_use1-az6': 50, 'm7a.32xlarge_use1-az6': 20, 'm7a.48xlarge_use1-az6': 40, 'm7a.4xlarge_use1-az1': 10, 'm7a.4xlarge_use1-az2': 5, 'm7a.4xlarge_use1-az4': 10, 'm7a.4xlarge_use1-az6': 25, 'm7a.8xlarge_use1-az1': 1, 'm7a.8xlarge_use1-az2': 5, 'm7a.8xlarge_use1-az4': 1, 'm7a.8xlarge_use1-az6': 50, 'm7a.large_use1-az1': 15, 'm7a.large_use1-az2': 50, 'm7a.large_use1-az4': 50, 'm7a.large_use1-az5': 5, 'm7a.large_use1-az6': 50, 'm7a.medium_use1-az1': 10, 'm7a.medium_use1-az2': 50, 'm7a.medium_use1-az4': 50, 'm7a.medium_use1-az6': 50, 'm7a.xlarge_use1-az1': 5, 'm7a.xlarge_use1-az2': 40, 'm7a.xlarge_use1-az4': 50, 'm7a.xlarge_use1-az6': 50, 'm7g.12xlarge_use1-az1': 1, 'm7g.12xlarge_use1-az2': 10, 'm7g.12xlarge_use1-az4': 45, 'm7g.12xlarge_use1-az5': 1, 'm7g.12xlarge_use1-az6': 50, 'm7g.16xlarge_use1-az1': 1, 'm7g.16xlarge_use1-az2': 30, 'm7g.16xlarge_use1-az4': 35, 'm7g.16xlarge_use1-az5': 1, 'm7g.16xlarge_use1-az6': 50, 'm7g.2xlarge_use1-az1': 35, 'm7g.2xlarge_use1-az2': 50, 'm7g.2xlarge_use1-az4': 50, 'm7g.2xlarge_use1-az5': 15, 'm7g.2xlarge_use1-az6': 50, 'm7g.4xlarge_use1-az1': 10, 'm7g.4xlarge_use1-az2': 30, 'm7g.4xlarge_use1-az4': 50, 'm7g.4xlarge_use1-az5': 10, 'm7g.4xlarge_use1-az6': 50, 'm7g.8xlarge_use1-az1': 1, 'm7g.8xlarge_use1-az2': 15, 'm7g.8xlarge_use1-az4': 40, 'm7g.8xlarge_use1-az5': 1, 'm7g.8xlarge_use1-az6': 50, 'm7g.large_use1-az1': 10, 'm7g.large_use1-az2': 50, 'm7g.large_use1-az4': 50, 'm7g.large_use1-az5': 30, 'm7g.large_use1-az6': 50, 'm7g.medium_use1-az1': 30, 'm7g.medium_use1-az2': 40, 'm7g.medium_use1-az4': 50, 'm7g.medium_use1-az5': 35, 'm7g.medium_use1-az6': 50, 'm7g.metal_use1-az1': 1, 'm7g.metal_use1-az2': 25, 'm7g.metal_use1-az4': 10, 'm7g.metal_use1-az5': 1, 'm7g.metal_use1-az6': 50, 'm7g.xlarge_use1-az1': 50, 'm7g.xlarge_use1-az2': 50, 'm7g.xlarge_use1-az4': 50, 'm7g.xlarge_use1-az5': 50, 'm7g.xlarge_use1-az6': 50, 'm7gd.12xlarge_use1-az1': 5, 'm7gd.12xlarge_use1-az2': 10, 'm7gd.12xlarge_use1-az4': 1, 'm7gd.12xlarge_use1-az6': 35, 'm7gd.16xlarge_use1-az1': 1, 'm7gd.16xlarge_use1-az2': 30, 'm7gd.16xlarge_use1-az4': 1, 'm7gd.16xlarge_use1-az6': 40, 'm7gd.2xlarge_use1-az1': 15, 'm7gd.2xlarge_use1-az2': 50, 'm7gd.2xlarge_use1-az4': 15, 'm7gd.2xlarge_use1-az6': 25, 'm7gd.4xlarge_use1-az1': 5, 'm7gd.4xlarge_use1-az2': 10, 'm7gd.4xlarge_use1-az4': 1, 'm7gd.4xlarge_use1-az6': 40, 'm7gd.8xlarge_use1-az1': 10, 'm7gd.8xlarge_use1-az2': 50, 'm7gd.8xlarge_use1-az4': 30, 'm7gd.8xlarge_use1-az5': 45, 'm7gd.8xlarge_use1-az6': 50, 'm7gd.large_use1-az1': 5, 'm7gd.large_use1-az2': 50, 'm7gd.large_use1-az4': 5, 'm7gd.large_use1-az6': 50, 'm7gd.medium_use1-az1': 15, 'm7gd.medium_use1-az2': 20, 'm7gd.medium_use1-az4': 15, 'm7gd.medium_use1-az5': 20, 'm7gd.medium_use1-az6': 25, 'm7gd.metal_use1-az1': 5, 'm7gd.metal_use1-az2': 15, 'm7gd.metal_use1-az4': 1, 'm7gd.metal_use1-az6': 15, 'm7gd.xlarge_use1-az1': 5, 'm7gd.xlarge_use1-az2': 10, 'm7gd.xlarge_use1-az4': 10, 'm7gd.xlarge_use1-az5': 1, 'm7gd.xlarge_use1-az6': 25, 'm7i-flex.2xlarge_use1-az1': 50, 'm7i-flex.2xlarge_use1-az2': 50, 'm7i-flex.2xlarge_use1-az4': 15, 'm7i-flex.2xlarge_use1-az5': 10, 'm7i-flex.2xlarge_use1-az6': 50, 'm7i-flex.4xlarge_use1-az2': 5, 'm7i-flex.4xlarge_use1-az4': 5, 'm7i-flex.4xlarge_use1-az6': 25, 'm7i-flex.8xlarge_use1-az1': 1, 'm7i-flex.8xlarge_use1-az2': 5, 'm7i-flex.8xlarge_use1-az4': 5, 'm7i-flex.8xlarge_use1-az5': 1, 'm7i-flex.8xlarge_use1-az6': 10, 'm7i-flex.large_use1-az1': 20, 'm7i-flex.large_use1-az2': 50, 'm7i-flex.large_use1-az4': 25, 'm7i-flex.large_use1-az5': 25, 'm7i-flex.large_use1-az6': 50, 'm7i-flex.xlarge_use1-az1': 50, 'm7i-flex.xlarge_use1-az2': 50, 'm7i-flex.xlarge_use1-az4': 50, 'm7i-flex.xlarge_use1-az5': 15, 'm7i-flex.xlarge_use1-az6': 50, 'm7i.12xlarge_use1-az1': 1, 'm7i.12xlarge_use1-az2': 5, 'm7i.12xlarge_use1-az4': 15, 'm7i.12xlarge_use1-az6': 50, 'm7i.16xlarge_use1-az1': 5, 'm7i.16xlarge_use1-az2': 10, 'm7i.16xlarge_use1-az4': 10, 'm7i.16xlarge_use1-az6': 50, 'm7i.24xlarge_use1-az2': 5, 'm7i.24xlarge_use1-az4': 5, 'm7i.24xlarge_use1-az6': 50, 'm7i.2xlarge_use1-az1': 1, 'm7i.2xlarge_use1-az2': 50, 'm7i.2xlarge_use1-az4': 50, 'm7i.2xlarge_use1-az6': 50, 'm7i.48xlarge_use1-az1': 1, 'm7i.48xlarge_use1-az2': 5, 'm7i.48xlarge_use1-az4': 20, 'm7i.48xlarge_use1-az6': 50, 'm7i.4xlarge_use1-az1': 1, 'm7i.4xlarge_use1-az2': 25, 'm7i.4xlarge_use1-az4': 10, 'm7i.4xlarge_use1-az6': 50, 'm7i.8xlarge_use1-az1': 40, 'm7i.8xlarge_use1-az2': 20, 'm7i.8xlarge_use1-az4': 50, 'm7i.8xlarge_use1-az6': 50, 'm7i.large_use1-az1': 50, 'm7i.large_use1-az2': 50, 'm7i.large_use1-az4': 50, 'm7i.large_use1-az5': 1, 'm7i.large_use1-az6': 50, 'm7i.xlarge_use1-az1': 30, 'm7i.xlarge_use1-az2': 35, 'm7i.xlarge_use1-az4': 50, 'm7i.xlarge_use1-az6': 50, 'm8g.12xlarge_use1-az2': 10, 'm8g.12xlarge_use1-az4': 10, 'm8g.12xlarge_use1-az5': 1, 'm8g.12xlarge_use1-az6': 35, 'm8g.16xlarge_use1-az2': 5, 'm8g.16xlarge_use1-az4': 5, 'm8g.16xlarge_use1-az5': 5, 'm8g.16xlarge_use1-az6': 45, 'm8g.24xlarge_use1-az2': 5, 'm8g.24xlarge_use1-az4': 1, 'm8g.24xlarge_use1-az5': 1, 'm8g.24xlarge_use1-az6': 25, 'm8g.2xlarge_use1-az4': 10, 'm8g.2xlarge_use1-az5': 10, 'm8g.48xlarge_use1-az2': 5, 'm8g.48xlarge_use1-az4': 5, 'm8g.48xlarge_use1-az6': 20, 'm8g.4xlarge_use1-az2': 5, 'm8g.4xlarge_use1-az4': 5, 'm8g.4xlarge_use1-az5': 1, 'm8g.4xlarge_use1-az6': 40, 'm8g.8xlarge_use1-az2': 10, 'm8g.8xlarge_use1-az4': 20, 'm8g.8xlarge_use1-az5': 1, 'm8g.8xlarge_use1-az6': 40, 'm8g.large_use1-az1': 1, 'm8g.large_use1-az2': 20, 'm8g.large_use1-az6': 45, 'm8g.medium_use1-az1': 1, 'm8g.medium_use1-az2': 15, 'm8g.metal-48xl_use1-az2': 5, 'm8g.metal-48xl_use1-az6': 25, 'm8g.xlarge_use1-az1': 1, 'm8g.xlarge_use1-az5': 15, 'm8g.xlarge_use1-az6': 50, 'm8gd.16xlarge_use1-az5': 1, 'm8gd.4xlarge_use1-az2': 5, 'm8gd.4xlarge_use1-az4': 1, 'm8gd.4xlarge_use1-az6': 1, 'm8gd.8xlarge_use1-az5': 1, 'm8gd.8xlarge_use1-az6': 5, 'm8gd.large_use1-az1': 20, 'm8gd.large_use1-az2': 15, 'm8gd.large_use1-az5': 1, 'm8gd.large_use1-az6': 1, 'm8gd.medium_use1-az6': 1, 'm8gd.metal-24xl_use1-az2': 1, 'm8gd.xlarge_use1-az1': 1, 'm8gd.xlarge_use1-az5': 1, 'm8i-flex.16xlarge_use1-az6': 5, 'm8i-flex.2xlarge_use1-az2': 10, 'm8i-flex.2xlarge_use1-az4': 1, 'm8i-flex.2xlarge_use1-az6': 50, 'm8i-flex.4xlarge_use1-az2': 1, 'm8i-flex.4xlarge_use1-az4': 1, 'm8i-flex.4xlarge_use1-az6': 5, 'm8i-flex.8xlarge_use1-az6': 1, 'm8i-flex.large_use1-az2': 5, 'm8i-flex.xlarge_use1-az2': 10, 'm8i-flex.xlarge_use1-az4': 25, 'm8i-flex.xlarge_use1-az6': 50, 'm8i.12xlarge_use1-az6': 1, 'm8i.16xlarge_use1-az4': 1, 'm8i.16xlarge_use1-az6': 1, 'm8i.24xlarge_use1-az6': 1, 'm8i.2xlarge_use1-az2': 10, 'm8i.2xlarge_use1-az4': 1, 'm8i.2xlarge_use1-az6': 10, 'm8i.32xlarge_use1-az2': 1, 'm8i.32xlarge_use1-az6': 5, 'm8i.48xlarge_use1-az2': 1, 'm8i.48xlarge_use1-az6': 5, 'm8i.4xlarge_use1-az2': 5, 'm8i.4xlarge_use1-az4': 1, 'm8i.4xlarge_use1-az6': 5, 'm8i.8xlarge_use1-az2': 1, 'm8i.8xlarge_use1-az4': 1, 'm8i.8xlarge_use1-az6': 20, 'm8i.96xlarge_use1-az6': 1, 'm8i.large_use1-az4': 25, 'm8i.metal-48xl_use1-az6': 1, 'm8i.metal-96xl_use1-az6': 1, 'm8i.xlarge_use1-az2': 30, 'm8i.xlarge_use1-az4': 10, 'p3.2xlarge_use1-az1': 50, 'p3.2xlarge_use1-az2': 50, 'p3.2xlarge_use1-az5': 50, 'p3.2xlarge_use1-az6': 50, 'p3dn.24xlarge_use1-az1': 15, 'p3dn.24xlarge_use1-az6': 50, 'p4d.24xlarge_use1-az2': 1, 'p4d.24xlarge_use1-az6': 1, 'p5.48xlarge_use1-az2': 15, 'r3.2xlarge_use1-az2': 1, 'r3.2xlarge_use1-az4': 1, 'r3.2xlarge_use1-az6': 1, 'r3.4xlarge_use1-az4': 1, 'r3.4xlarge_use1-az6': 1, 'r3.8xlarge_use1-az2': 1, 'r3.8xlarge_use1-az4': 1, 'r3.8xlarge_use1-az6': 5, 'r3.large_use1-az2': 50, 'r3.large_use1-az4': 50, 'r3.large_use1-az6': 50, 'r3.xlarge_use1-az2': 40, 'r3.xlarge_use1-az4': 50, 'r3.xlarge_use1-az6': 50, 'r4.16xlarge_use1-az1': 10, 'r4.16xlarge_use1-az2': 10, 'r4.16xlarge_use1-az3': 50, 'r4.16xlarge_use1-az4': 35, 'r4.16xlarge_use1-az5': 15, 'r4.16xlarge_use1-az6': 10, 'r4.2xlarge_use1-az1': 20, 'r4.2xlarge_use1-az2': 50, 'r4.2xlarge_use1-az3': 50, 'r4.2xlarge_use1-az4': 50, 'r4.2xlarge_use1-az5': 5, 'r4.2xlarge_use1-az6': 50, 'r4.4xlarge_use1-az1': 20, 'r4.4xlarge_use1-az2': 50, 'r4.4xlarge_use1-az3': 40, 'r4.4xlarge_use1-az4': 15, 'r4.4xlarge_use1-az5': 5, 'r4.4xlarge_use1-az6': 50, 'r4.8xlarge_use1-az1': 50, 'r4.8xlarge_use1-az2': 50, 'r4.8xlarge_use1-az3': 25, 'r4.8xlarge_use1-az4': 50, 'r4.8xlarge_use1-az5': 5, 'r4.8xlarge_use1-az6': 50, 'r4.large_use1-az1': 35, 'r4.large_use1-az2': 50, 'r4.large_use1-az3': 10, 'r4.large_use1-az4': 50, 'r4.large_use1-az5': 20, 'r4.large_use1-az6': 50, 'r4.xlarge_use1-az1': 50, 'r4.xlarge_use1-az2': 50, 'r4.xlarge_use1-az3': 50, 'r4.xlarge_use1-az4': 50, 'r4.xlarge_use1-az5': 30, 'r4.xlarge_use1-az6': 50, 'r5.12xlarge_use1-az1': 5, 'r5.12xlarge_use1-az2': 5, 'r5.12xlarge_use1-az4': 50, 'r5.12xlarge_use1-az5': 5, 'r5.12xlarge_use1-az6': 5, 'r5.16xlarge_use1-az1': 5, 'r5.16xlarge_use1-az4': 35, 'r5.16xlarge_use1-az5': 30, 'r5.16xlarge_use1-az6': 5, 'r5.24xlarge_use1-az4': 15, 'r5.24xlarge_use1-az5': 5, 'r5.24xlarge_use1-az6': 5, 'r5.2xlarge_use1-az1': 50, 'r5.2xlarge_use1-az2': 50, 'r5.2xlarge_use1-az4': 50, 'r5.2xlarge_use1-az5': 5, 'r5.2xlarge_use1-az6': 50, 'r5.4xlarge_use1-az1': 50, 'r5.4xlarge_use1-az2': 50, 'r5.4xlarge_use1-az4': 50, 'r5.4xlarge_use1-az5': 5, 'r5.4xlarge_use1-az6': 50, 'r5.8xlarge_use1-az1': 50, 'r5.8xlarge_use1-az2': 50, 'r5.8xlarge_use1-az4': 50, 'r5.8xlarge_use1-az5': 5, 'r5.8xlarge_use1-az6': 5, 'r5.large_use1-az1': 50, 'r5.large_use1-az2': 50, 'r5.large_use1-az4': 50, 'r5.large_use1-az5': 50, 'r5.large_use1-az6': 50, 'r5.xlarge_use1-az1': 50, 'r5.xlarge_use1-az2': 50, 'r5.xlarge_use1-az4': 50, 'r5.xlarge_use1-az5': 50, 'r5.xlarge_use1-az6': 50, 'r5a.12xlarge_use1-az1': 1, 'r5a.12xlarge_use1-az2': 1, 'r5a.12xlarge_use1-az4': 5, 'r5a.12xlarge_use1-az6': 5, 'r5a.16xlarge_use1-az1': 10, 'r5a.16xlarge_use1-az2': 10, 'r5a.16xlarge_use1-az4': 10, 'r5a.16xlarge_use1-az5': 5, 'r5a.16xlarge_use1-az6': 5, 'r5a.24xlarge_use1-az1': 5, 'r5a.24xlarge_use1-az2': 15, 'r5a.24xlarge_use1-az4': 10, 'r5a.24xlarge_use1-az5': 1, 'r5a.24xlarge_use1-az6': 10, 'r5a.2xlarge_use1-az1': 10, 'r5a.2xlarge_use1-az2': 20, 'r5a.2xlarge_use1-az4': 35, 'r5a.2xlarge_use1-az5': 5, 'r5a.2xlarge_use1-az6': 30, 'r5a.4xlarge_use1-az1': 25, 'r5a.4xlarge_use1-az2': 50, 'r5a.4xlarge_use1-az4': 50, 'r5a.4xlarge_use1-az5': 5, 'r5a.4xlarge_use1-az6': 50, 'r5a.8xlarge_use1-az1': 25, 'r5a.8xlarge_use1-az2': 10, 'r5a.8xlarge_use1-az4': 15, 'r5a.8xlarge_use1-az5': 30, 'r5a.8xlarge_use1-az6': 20, 'r5a.large_use1-az1': 50, 'r5a.large_use1-az2': 50, 'r5a.large_use1-az4': 50, 'r5a.large_use1-az5': 25, 'r5a.large_use1-az6': 50, 'r5a.xlarge_use1-az1': 20, 'r5a.xlarge_use1-az2': 50, 'r5a.xlarge_use1-az4': 50, 'r5a.xlarge_use1-az5': 5, 'r5a.xlarge_use1-az6': 50, 'r5ad.12xlarge_use1-az2': 1, 'r5ad.16xlarge_use1-az2': 50, 'r5ad.16xlarge_use1-az4': 10, 'r5ad.16xlarge_use1-az5': 1, 'r5ad.16xlarge_use1-az6': 10, 'r5ad.24xlarge_use1-az2': 25, 'r5ad.24xlarge_use1-az4': 1, 'r5ad.24xlarge_use1-az6': 10, 'r5ad.2xlarge_use1-az1': 1, 'r5ad.2xlarge_use1-az2': 1, 'r5ad.2xlarge_use1-az4': 1, 'r5ad.2xlarge_use1-az5': 1, 'r5ad.2xlarge_use1-az6': 1, 'r5ad.4xlarge_use1-az1': 1, 'r5ad.4xlarge_use1-az2': 10, 'r5ad.4xlarge_use1-az4': 5, 'r5ad.4xlarge_use1-az5': 1, 'r5ad.4xlarge_use1-az6': 1, 'r5ad.8xlarge_use1-az2': 5, 'r5ad.8xlarge_use1-az4': 20, 'r5ad.8xlarge_use1-az5': 1, 'r5ad.8xlarge_use1-az6': 10, 'r5ad.large_use1-az1': 1, 'r5ad.large_use1-az2': 30, 'r5ad.large_use1-az4': 10, 'r5ad.large_use1-az5': 5, 'r5ad.large_use1-az6': 10, 'r5ad.xlarge_use1-az1': 1, 'r5ad.xlarge_use1-az2': 10, 'r5ad.xlarge_use1-az4': 10, 'r5ad.xlarge_use1-az5': 1, 'r5ad.xlarge_use1-az6': 5, 'r5b.12xlarge_use1-az1': 5, 'r5b.12xlarge_use1-az4': 5, 'r5b.12xlarge_use1-az6': 1, 'r5b.16xlarge_use1-az1': 5, 'r5b.16xlarge_use1-az2': 5, 'r5b.16xlarge_use1-az4': 5, 'r5b.16xlarge_use1-az6': 5, 'r5b.24xlarge_use1-az1': 1, 'r5b.24xlarge_use1-az4': 5, 'r5b.24xlarge_use1-az6': 1, 'r5b.2xlarge_use1-az1': 1, 'r5b.2xlarge_use1-az2': 1, 'r5b.2xlarge_use1-az4': 1, 'r5b.2xlarge_use1-az6': 1, 'r5b.4xlarge_use1-az1': 5, 'r5b.4xlarge_use1-az2': 5, 'r5b.4xlarge_use1-az4': 5, 'r5b.4xlarge_use1-az6': 5, 'r5b.8xlarge_use1-az1': 5, 'r5b.8xlarge_use1-az2': 1, 'r5b.8xlarge_use1-az4': 1, 'r5b.8xlarge_use1-az6': 1, 'r5b.large_use1-az1': 1, 'r5b.large_use1-az2': 5, 'r5b.large_use1-az4': 10, 'r5b.large_use1-az6': 5, 'r5b.xlarge_use1-az1': 1, 'r5b.xlarge_use1-az2': 1, 'r5b.xlarge_use1-az4': 5, 'r5b.xlarge_use1-az6': 1, 'r5d.12xlarge_use1-az1': 1, 'r5d.12xlarge_use1-az2': 5, 'r5d.12xlarge_use1-az4': 10, 'r5d.12xlarge_use1-az6': 1, 'r5d.16xlarge_use1-az1': 5, 'r5d.16xlarge_use1-az2': 50, 'r5d.16xlarge_use1-az4': 50, 'r5d.16xlarge_use1-az5': 10, 'r5d.16xlarge_use1-az6': 50, 'r5d.24xlarge_use1-az1': 1, 'r5d.24xlarge_use1-az2': 1, 'r5d.24xlarge_use1-az4': 10, 'r5d.24xlarge_use1-az5': 1, 'r5d.24xlarge_use1-az6': 10, 'r5d.2xlarge_use1-az1': 5, 'r5d.2xlarge_use1-az2': 15, 'r5d.2xlarge_use1-az4': 15, 'r5d.2xlarge_use1-az5': 1, 'r5d.2xlarge_use1-az6': 15, 'r5d.4xlarge_use1-az1': 5, 'r5d.4xlarge_use1-az2': 20, 'r5d.4xlarge_use1-az4': 45, 'r5d.4xlarge_use1-az5': 5, 'r5d.4xlarge_use1-az6': 25, 'r5d.8xlarge_use1-az1': 5, 'r5d.8xlarge_use1-az2': 15, 'r5d.8xlarge_use1-az4': 15, 'r5d.8xlarge_use1-az5': 5, 'r5d.8xlarge_use1-az6': 50, 'r5d.large_use1-az1': 10, 'r5d.large_use1-az2': 50, 'r5d.large_use1-az4': 50, 'r5d.large_use1-az5': 5, 'r5d.large_use1-az6': 50, 'r5d.xlarge_use1-az1': 1, 'r5d.xlarge_use1-az2': 15, 'r5d.xlarge_use1-az4': 15, 'r5d.xlarge_use1-az5': 1, 'r5d.xlarge_use1-az6': 10, 'r5dn.12xlarge_use1-az1': 1, 'r5dn.12xlarge_use1-az2': 1, 'r5dn.12xlarge_use1-az4': 1, 'r5dn.12xlarge_use1-az5': 1, 'r5dn.12xlarge_use1-az6': 1, 'r5dn.16xlarge_use1-az1': 5, 'r5dn.16xlarge_use1-az2': 5, 'r5dn.16xlarge_use1-az4': 15, 'r5dn.16xlarge_use1-az5': 10, 'r5dn.16xlarge_use1-az6': 30, 'r5dn.24xlarge_use1-az2': 5, 'r5dn.24xlarge_use1-az4': 10, 'r5dn.24xlarge_use1-az5': 1, 'r5dn.24xlarge_use1-az6': 25, 'r5dn.2xlarge_use1-az1': 50, 'r5dn.2xlarge_use1-az2': 45, 'r5dn.2xlarge_use1-az4': 30, 'r5dn.2xlarge_use1-az5': 50, 'r5dn.2xlarge_use1-az6': 5, 'r5dn.4xlarge_use1-az1': 5, 'r5dn.4xlarge_use1-az2': 25, 'r5dn.4xlarge_use1-az4': 45, 'r5dn.4xlarge_use1-az5': 5, 'r5dn.4xlarge_use1-az6': 20, 'r5dn.8xlarge_use1-az1': 1, 'r5dn.8xlarge_use1-az2': 5, 'r5dn.8xlarge_use1-az4': 5, 'r5dn.8xlarge_use1-az5': 5, 'r5dn.8xlarge_use1-az6': 50, 'r5dn.large_use1-az1': 50, 'r5dn.large_use1-az2': 50, 'r5dn.large_use1-az4': 50, 'r5dn.large_use1-az5': 50, 'r5dn.large_use1-az6': 50, 'r5dn.xlarge_use1-az1': 5, 'r5dn.xlarge_use1-az2': 15, 'r5dn.xlarge_use1-az4': 15, 'r5dn.xlarge_use1-az5': 15, 'r5dn.xlarge_use1-az6': 15, 'r5n.12xlarge_use1-az2': 1, 'r5n.12xlarge_use1-az4': 1, 'r5n.12xlarge_use1-az6': 1, 'r5n.16xlarge_use1-az1': 1, 'r5n.16xlarge_use1-az2': 10, 'r5n.16xlarge_use1-az4': 35, 'r5n.16xlarge_use1-az5': 1, 'r5n.16xlarge_use1-az6': 20, 'r5n.2xlarge_use1-az1': 5, 'r5n.2xlarge_use1-az2': 5, 'r5n.2xlarge_use1-az4': 15, 'r5n.2xlarge_use1-az5': 1, 'r5n.2xlarge_use1-az6': 1, 'r5n.4xlarge_use1-az1': 5, 'r5n.4xlarge_use1-az2': 25, 'r5n.4xlarge_use1-az4': 15, 'r5n.4xlarge_use1-az5': 5, 'r5n.4xlarge_use1-az6': 35, 'r5n.8xlarge_use1-az1': 10, 'r5n.8xlarge_use1-az2': 20, 'r5n.8xlarge_use1-az4': 35, 'r5n.8xlarge_use1-az6': 15, 'r5n.large_use1-az1': 20, 'r5n.large_use1-az2': 50, 'r5n.large_use1-az4': 50, 'r5n.large_use1-az5': 10, 'r5n.large_use1-az6': 30, 'r5n.xlarge_use1-az1': 1, 'r5n.xlarge_use1-az2': 10, 'r5n.xlarge_use1-az4': 15, 'r5n.xlarge_use1-az5': 1, 'r5n.xlarge_use1-az6': 20, 'r6a.12xlarge_use1-az1': 1, 'r6a.12xlarge_use1-az2': 10, 'r6a.12xlarge_use1-az4': 5, 'r6a.12xlarge_use1-az6': 10, 'r6a.16xlarge_use1-az1': 5, 'r6a.16xlarge_use1-az2': 15, 'r6a.16xlarge_use1-az4': 30, 'r6a.16xlarge_use1-az5': 15, 'r6a.16xlarge_use1-az6': 40, 'r6a.24xlarge_use1-az2': 5, 'r6a.24xlarge_use1-az4': 1, 'r6a.24xlarge_use1-az5': 1, 'r6a.24xlarge_use1-az6': 5, 'r6a.2xlarge_use1-az1': 50, 'r6a.2xlarge_use1-az2': 50, 'r6a.2xlarge_use1-az4': 40, 'r6a.2xlarge_use1-az5': 1, 'r6a.2xlarge_use1-az6': 50, 'r6a.32xlarge_use1-az2': 5, 'r6a.32xlarge_use1-az4': 5, 'r6a.32xlarge_use1-az5': 5, 'r6a.32xlarge_use1-az6': 5, 'r6a.48xlarge_use1-az2': 5, 'r6a.48xlarge_use1-az4': 5, 'r6a.48xlarge_use1-az5': 5, 'r6a.48xlarge_use1-az6': 1, 'r6a.4xlarge_use1-az1': 50, 'r6a.4xlarge_use1-az2': 50, 'r6a.4xlarge_use1-az4': 50, 'r6a.4xlarge_use1-az5': 40, 'r6a.4xlarge_use1-az6': 50, 'r6a.8xlarge_use1-az1': 20, 'r6a.8xlarge_use1-az2': 50, 'r6a.8xlarge_use1-az4': 50, 'r6a.8xlarge_use1-az5': 50, 'r6a.8xlarge_use1-az6': 50, 'r6a.large_use1-az1': 50, 'r6a.large_use1-az2': 50, 'r6a.large_use1-az4': 50, 'r6a.large_use1-az5': 50, 'r6a.large_use1-az6': 50, 'r6a.xlarge_use1-az1': 50, 'r6a.xlarge_use1-az2': 50, 'r6a.xlarge_use1-az4': 50, 'r6a.xlarge_use1-az5': 50, 'r6a.xlarge_use1-az6': 50, 'r6g.12xlarge_use1-az2': 50, 'r6g.12xlarge_use1-az4': 45, 'r6g.12xlarge_use1-az5': 10, 'r6g.12xlarge_use1-az6': 50, 'r6g.16xlarge_use1-az1': 1, 'r6g.16xlarge_use1-az2': 50, 'r6g.16xlarge_use1-az4': 50, 'r6g.16xlarge_use1-az5': 50, 'r6g.16xlarge_use1-az6': 50, 'r6g.2xlarge_use1-az1': 1, 'r6g.2xlarge_use1-az2': 25, 'r6g.2xlarge_use1-az4': 40, 'r6g.2xlarge_use1-az5': 10, 'r6g.2xlarge_use1-az6': 50, 'r6g.4xlarge_use1-az1': 10, 'r6g.4xlarge_use1-az2': 50, 'r6g.4xlarge_use1-az4': 50, 'r6g.4xlarge_use1-az5': 50, 'r6g.4xlarge_use1-az6': 50, 'r6g.8xlarge_use1-az1': 1, 'r6g.8xlarge_use1-az2': 10, 'r6g.8xlarge_use1-az4': 50, 'r6g.8xlarge_use1-az5': 50, 'r6g.8xlarge_use1-az6': 50, 'r6g.large_use1-az1': 10, 'r6g.large_use1-az2': 40, 'r6g.large_use1-az4': 50, 'r6g.large_use1-az5': 5, 'r6g.large_use1-az6': 50, 'r6g.medium_use1-az1': 1, 'r6g.medium_use1-az2': 10, 'r6g.medium_use1-az4': 15, 'r6g.medium_use1-az5': 15, 'r6g.medium_use1-az6': 35, 'r6g.xlarge_use1-az1': 1, 'r6g.xlarge_use1-az2': 50, 'r6g.xlarge_use1-az4': 50, 'r6g.xlarge_use1-az5': 50, 'r6g.xlarge_use1-az6': 50, 'r6gd.12xlarge_use1-az1': 1, 'r6gd.12xlarge_use1-az2': 5, 'r6gd.12xlarge_use1-az4': 10, 'r6gd.12xlarge_use1-az5': 1, 'r6gd.12xlarge_use1-az6': 10, 'r6gd.16xlarge_use1-az1': 5, 'r6gd.16xlarge_use1-az2': 5, 'r6gd.16xlarge_use1-az4': 50, 'r6gd.16xlarge_use1-az5': 1, 'r6gd.16xlarge_use1-az6': 45, 'r6gd.2xlarge_use1-az1': 1, 'r6gd.2xlarge_use1-az2': 20, 'r6gd.2xlarge_use1-az4': 30, 'r6gd.2xlarge_use1-az5': 1, 'r6gd.2xlarge_use1-az6': 1, 'r6gd.4xlarge_use1-az1': 5, 'r6gd.4xlarge_use1-az2': 20, 'r6gd.4xlarge_use1-az4': 50, 'r6gd.4xlarge_use1-az5': 1, 'r6gd.4xlarge_use1-az6': 25, 'r6gd.8xlarge_use1-az1': 1, 'r6gd.8xlarge_use1-az2': 10, 'r6gd.8xlarge_use1-az4': 20, 'r6gd.8xlarge_use1-az5': 1, 'r6gd.8xlarge_use1-az6': 30, 'r6gd.large_use1-az1': 50, 'r6gd.large_use1-az2': 50, 'r6gd.large_use1-az4': 50, 'r6gd.large_use1-az5': 50, 'r6gd.large_use1-az6': 50, 'r6gd.medium_use1-az1': 5, 'r6gd.medium_use1-az2': 1, 'r6gd.medium_use1-az4': 5, 'r6gd.medium_use1-az5': 5, 'r6gd.medium_use1-az6': 1, 'r6gd.xlarge_use1-az1': 1, 'r6gd.xlarge_use1-az2': 1, 'r6gd.xlarge_use1-az4': 5, 'r6gd.xlarge_use1-az6': 10, 'r6i.12xlarge_use1-az1': 5, 'r6i.12xlarge_use1-az2': 5, 'r6i.12xlarge_use1-az4': 5, 'r6i.12xlarge_use1-az5': 1, 'r6i.12xlarge_use1-az6': 10, 'r6i.16xlarge_use1-az1': 1, 'r6i.16xlarge_use1-az2': 1, 'r6i.16xlarge_use1-az4': 10, 'r6i.16xlarge_use1-az5': 10, 'r6i.16xlarge_use1-az6': 1, 'r6i.24xlarge_use1-az4': 10, 'r6i.24xlarge_use1-az5': 1, 'r6i.24xlarge_use1-az6': 5, 'r6i.2xlarge_use1-az1': 15, 'r6i.2xlarge_use1-az2': 35, 'r6i.2xlarge_use1-az4': 50, 'r6i.2xlarge_use1-az5': 5, 'r6i.2xlarge_use1-az6': 50, 'r6i.32xlarge_use1-az4': 1, 'r6i.32xlarge_use1-az5': 1, 'r6i.32xlarge_use1-az6': 1, 'r6i.4xlarge_use1-az1': 30, 'r6i.4xlarge_use1-az2': 20, 'r6i.4xlarge_use1-az4': 20, 'r6i.4xlarge_use1-az5': 10, 'r6i.4xlarge_use1-az6': 40, 'r6i.8xlarge_use1-az1': 5, 'r6i.8xlarge_use1-az2': 10, 'r6i.8xlarge_use1-az4': 10, 'r6i.8xlarge_use1-az5': 5, 'r6i.8xlarge_use1-az6': 10, 'r6i.large_use1-az1': 20, 'r6i.large_use1-az2': 50, 'r6i.large_use1-az4': 50, 'r6i.large_use1-az5': 20, 'r6i.large_use1-az6': 50, 'r6i.xlarge_use1-az1': 15, 'r6i.xlarge_use1-az2': 45, 'r6i.xlarge_use1-az4': 50, 'r6i.xlarge_use1-az5': 10, 'r6i.xlarge_use1-az6': 50, 'r6id.12xlarge_use1-az1': 1, 'r6id.12xlarge_use1-az2': 5, 'r6id.12xlarge_use1-az4': 1, 'r6id.12xlarge_use1-az6': 5, 'r6id.16xlarge_use1-az1': 5, 'r6id.16xlarge_use1-az2': 5, 'r6id.16xlarge_use1-az4': 15, 'r6id.16xlarge_use1-az5': 1, 'r6id.16xlarge_use1-az6': 20, 'r6id.24xlarge_use1-az1': 10, 'r6id.24xlarge_use1-az2': 10, 'r6id.24xlarge_use1-az4': 5, 'r6id.24xlarge_use1-az5': 15, 'r6id.24xlarge_use1-az6': 25, 'r6id.2xlarge_use1-az1': 5, 'r6id.2xlarge_use1-az2': 1, 'r6id.2xlarge_use1-az4': 10, 'r6id.2xlarge_use1-az5': 1, 'r6id.2xlarge_use1-az6': 10, 'r6id.32xlarge_use1-az1': 1, 'r6id.32xlarge_use1-az2': 5, 'r6id.32xlarge_use1-az4': 1, 'r6id.32xlarge_use1-az5': 1, 'r6id.32xlarge_use1-az6': 10, 'r6id.4xlarge_use1-az1': 40, 'r6id.4xlarge_use1-az2': 50, 'r6id.4xlarge_use1-az4': 10, 'r6id.4xlarge_use1-az5': 20, 'r6id.4xlarge_use1-az6': 35, 'r6id.8xlarge_use1-az1': 1, 'r6id.8xlarge_use1-az2': 1, 'r6id.8xlarge_use1-az4': 5, 'r6id.8xlarge_use1-az5': 1, 'r6id.8xlarge_use1-az6': 5, 'r6id.large_use1-az1': 15, 'r6id.large_use1-az2': 10, 'r6id.large_use1-az4': 5, 'r6id.large_use1-az5': 15, 'r6id.large_use1-az6': 30, 'r6id.xlarge_use1-az1': 5, 'r6id.xlarge_use1-az2': 15, 'r6id.xlarge_use1-az4': 10, 'r6id.xlarge_use1-az5': 15, 'r6id.xlarge_use1-az6': 15, 'r6idn.16xlarge_use1-az4': 1, 'r6idn.16xlarge_use1-az5': 1, 'r6idn.16xlarge_use1-az6': 1, 'r6idn.24xlarge_use1-az6': 1, 'r6idn.2xlarge_use1-az1': 1, 'r6idn.2xlarge_use1-az2': 1, 'r6idn.2xlarge_use1-az4': 5, 'r6idn.2xlarge_use1-az5': 1, 'r6idn.2xlarge_use1-az6': 5, 'r6idn.32xlarge_use1-az6': 1, 'r6idn.4xlarge_use1-az1': 15, 'r6idn.4xlarge_use1-az2': 15, 'r6idn.4xlarge_use1-az4': 15, 'r6idn.4xlarge_use1-az5': 5, 'r6idn.4xlarge_use1-az6': 10, 'r6idn.8xlarge_use1-az2': 1, 'r6idn.8xlarge_use1-az4': 1, 'r6idn.8xlarge_use1-az6': 5, 'r6idn.large_use1-az1': 1, 'r6idn.large_use1-az2': 1, 'r6idn.large_use1-az4': 5, 'r6idn.large_use1-az5': 5, 'r6idn.large_use1-az6': 5, 'r6idn.xlarge_use1-az1': 5, 'r6idn.xlarge_use1-az2': 1, 'r6idn.xlarge_use1-az4': 5, 'r6idn.xlarge_use1-az5': 1, 'r6idn.xlarge_use1-az6': 5, 'r6in.12xlarge_use1-az1': 1, 'r6in.12xlarge_use1-az6': 5, 'r6in.16xlarge_use1-az4': 1, 'r6in.16xlarge_use1-az5': 1, 'r6in.16xlarge_use1-az6': 5, 'r6in.24xlarge_use1-az6': 1, 'r6in.2xlarge_use1-az1': 1, 'r6in.2xlarge_use1-az2': 1, 'r6in.2xlarge_use1-az4': 1, 'r6in.2xlarge_use1-az5': 1, 'r6in.2xlarge_use1-az6': 1, 'r6in.4xlarge_use1-az1': 5, 'r6in.4xlarge_use1-az2': 20, 'r6in.4xlarge_use1-az4': 15, 'r6in.4xlarge_use1-az5': 20, 'r6in.4xlarge_use1-az6': 20, 'r6in.8xlarge_use1-az1': 5, 'r6in.8xlarge_use1-az4': 1, 'r6in.8xlarge_use1-az6': 5, 'r6in.large_use1-az1': 45, 'r6in.large_use1-az2': 50, 'r6in.large_use1-az4': 50, 'r6in.large_use1-az5': 40, 'r6in.large_use1-az6': 50, 'r6in.xlarge_use1-az1': 1, 'r6in.xlarge_use1-az2': 1, 'r6in.xlarge_use1-az4': 1, 'r6in.xlarge_use1-az5': 1, 'r6in.xlarge_use1-az6': 1, 'r7a.12xlarge_use1-az1': 1, 'r7a.12xlarge_use1-az2': 1, 'r7a.12xlarge_use1-az4': 5, 'r7a.12xlarge_use1-az6': 20, 'r7a.16xlarge_use1-az1': 1, 'r7a.16xlarge_use1-az2': 15, 'r7a.16xlarge_use1-az4': 30, 'r7a.16xlarge_use1-az6': 50, 'r7a.24xlarge_use1-az2': 10, 'r7a.24xlarge_use1-az4': 10, 'r7a.24xlarge_use1-az6': 35, 'r7a.2xlarge_use1-az1': 1, 'r7a.2xlarge_use1-az2': 5, 'r7a.2xlarge_use1-az4': 25, 'r7a.2xlarge_use1-az6': 1, 'r7a.32xlarge_use1-az2': 1, 'r7a.32xlarge_use1-az4': 1, 'r7a.32xlarge_use1-az6': 50, 'r7a.48xlarge_use1-az2': 5, 'r7a.48xlarge_use1-az4': 5, 'r7a.48xlarge_use1-az6': 50, 'r7a.4xlarge_use1-az1': 5, 'r7a.4xlarge_use1-az2': 25, 'r7a.4xlarge_use1-az4': 50, 'r7a.4xlarge_use1-az6': 50, 'r7a.8xlarge_use1-az1': 5, 'r7a.8xlarge_use1-az2': 20, 'r7a.8xlarge_use1-az4': 50, 'r7a.8xlarge_use1-az6': 50, 'r7a.large_use1-az1': 50, 'r7a.large_use1-az2': 50, 'r7a.large_use1-az4': 50, 'r7a.large_use1-az6': 50, 'r7a.medium_use1-az1': 10, 'r7a.medium_use1-az2': 25, 'r7a.medium_use1-az4': 50, 'r7a.medium_use1-az6': 50, 'r7a.xlarge_use1-az1': 20, 'r7a.xlarge_use1-az2': 50, 'r7a.xlarge_use1-az4': 50, 'r7a.xlarge_use1-az6': 25, 'r7g.12xlarge_use1-az1': 1, 'r7g.12xlarge_use1-az2': 5, 'r7g.12xlarge_use1-az4': 50, 'r7g.12xlarge_use1-az5': 1, 'r7g.12xlarge_use1-az6': 5, 'r7g.16xlarge_use1-az1': 5, 'r7g.16xlarge_use1-az2': 30, 'r7g.16xlarge_use1-az4': 50, 'r7g.16xlarge_use1-az5': 5, 'r7g.16xlarge_use1-az6': 50, 'r7g.2xlarge_use1-az1': 5, 'r7g.2xlarge_use1-az2': 10, 'r7g.2xlarge_use1-az4': 50, 'r7g.2xlarge_use1-az5': 5, 'r7g.2xlarge_use1-az6': 15, 'r7g.4xlarge_use1-az1': 5, 'r7g.4xlarge_use1-az2': 5, 'r7g.4xlarge_use1-az4': 50, 'r7g.4xlarge_use1-az5': 5, 'r7g.4xlarge_use1-az6': 15, 'r7g.8xlarge_use1-az1': 1, 'r7g.8xlarge_use1-az2': 50, 'r7g.8xlarge_use1-az4': 50, 'r7g.8xlarge_use1-az5': 50, 'r7g.8xlarge_use1-az6': 50, 'r7g.large_use1-az1': 20, 'r7g.large_use1-az2': 50, 'r7g.large_use1-az4': 50, 'r7g.large_use1-az5': 40, 'r7g.large_use1-az6': 40, 'r7g.medium_use1-az1': 50, 'r7g.medium_use1-az2': 50, 'r7g.medium_use1-az4': 50, 'r7g.medium_use1-az5': 25, 'r7g.medium_use1-az6': 50, 'r7g.xlarge_use1-az1': 50, 'r7g.xlarge_use1-az2': 50, 'r7g.xlarge_use1-az4': 50, 'r7g.xlarge_use1-az5': 10, 'r7g.xlarge_use1-az6': 50, 'r7gd.12xlarge_use1-az1': 1, 'r7gd.12xlarge_use1-az2': 10, 'r7gd.12xlarge_use1-az4': 35, 'r7gd.12xlarge_use1-az5': 10, 'r7gd.12xlarge_use1-az6': 50, 'r7gd.16xlarge_use1-az1': 5, 'r7gd.16xlarge_use1-az2': 50, 'r7gd.16xlarge_use1-az4': 50, 'r7gd.16xlarge_use1-az5': 50, 'r7gd.16xlarge_use1-az6': 50, 'r7gd.2xlarge_use1-az1': 5, 'r7gd.2xlarge_use1-az2': 25, 'r7gd.2xlarge_use1-az4': 25, 'r7gd.2xlarge_use1-az5': 40, 'r7gd.2xlarge_use1-az6': 50, 'r7gd.4xlarge_use1-az1': 1, 'r7gd.4xlarge_use1-az2': 20, 'r7gd.4xlarge_use1-az4': 25, 'r7gd.4xlarge_use1-az5': 30, 'r7gd.4xlarge_use1-az6': 50, 'r7gd.8xlarge_use1-az1': 1, 'r7gd.8xlarge_use1-az2': 10, 'r7gd.8xlarge_use1-az4': 30, 'r7gd.8xlarge_use1-az5': 20, 'r7gd.8xlarge_use1-az6': 50, 'r7gd.large_use1-az1': 15, 'r7gd.large_use1-az2': 10, 'r7gd.large_use1-az4': 50, 'r7gd.large_use1-az5': 15, 'r7gd.large_use1-az6': 35, 'r7gd.medium_use1-az1': 35, 'r7gd.medium_use1-az2': 15, 'r7gd.medium_use1-az4': 25, 'r7gd.medium_use1-az5': 15, 'r7gd.medium_use1-az6': 20, 'r7gd.xlarge_use1-az1': 1, 'r7gd.xlarge_use1-az2': 10, 'r7gd.xlarge_use1-az4': 25, 'r7gd.xlarge_use1-az5': 10, 'r7gd.xlarge_use1-az6': 50, 'r7i.12xlarge_use1-az4': 1, 'r7i.12xlarge_use1-az6': 10, 'r7i.16xlarge_use1-az1': 5, 'r7i.16xlarge_use1-az2': 15, 'r7i.16xlarge_use1-az4': 45, 'r7i.16xlarge_use1-az5': 5, 'r7i.16xlarge_use1-az6': 50, 'r7i.24xlarge_use1-az1': 1, 'r7i.24xlarge_use1-az2': 1, 'r7i.24xlarge_use1-az4': 5, 'r7i.24xlarge_use1-az5': 5, 'r7i.24xlarge_use1-az6': 5, 'r7i.2xlarge_use1-az1': 5, 'r7i.2xlarge_use1-az2': 5, 'r7i.2xlarge_use1-az4': 10, 'r7i.2xlarge_use1-az5': 5, 'r7i.2xlarge_use1-az6': 50, 'r7i.48xlarge_use1-az2': 1, 'r7i.48xlarge_use1-az4': 5, 'r7i.48xlarge_use1-az5': 1, 'r7i.48xlarge_use1-az6': 5, 'r7i.4xlarge_use1-az1': 5, 'r7i.4xlarge_use1-az2': 20, 'r7i.4xlarge_use1-az4': 10, 'r7i.4xlarge_use1-az5': 1, 'r7i.4xlarge_use1-az6': 50, 'r7i.8xlarge_use1-az1': 5, 'r7i.8xlarge_use1-az2': 25, 'r7i.8xlarge_use1-az4': 25, 'r7i.8xlarge_use1-az5': 5, 'r7i.8xlarge_use1-az6': 50, 'r7i.large_use1-az1': 15, 'r7i.large_use1-az2': 50, 'r7i.large_use1-az4': 50, 'r7i.large_use1-az5': 15, 'r7i.large_use1-az6': 50, 'r7i.xlarge_use1-az1': 5, 'r7i.xlarge_use1-az2': 15, 'r7i.xlarge_use1-az4': 10, 'r7i.xlarge_use1-az5': 15, 'r7i.xlarge_use1-az6': 50, 'r8g.12xlarge_use1-az2': 5, 'r8g.12xlarge_use1-az4': 5, 'r8g.12xlarge_use1-az6': 15, 'r8g.16xlarge_use1-az1': 1, 'r8g.16xlarge_use1-az2': 50, 'r8g.16xlarge_use1-az4': 50, 'r8g.16xlarge_use1-az5': 5, 'r8g.16xlarge_use1-az6': 50, 'r8g.24xlarge_use1-az2': 10, 'r8g.24xlarge_use1-az4': 5, 'r8g.24xlarge_use1-az5': 5, 'r8g.24xlarge_use1-az6': 35, 'r8g.2xlarge_use1-az2': 5, 'r8g.2xlarge_use1-az4': 5, 'r8g.2xlarge_use1-az5': 1, 'r8g.2xlarge_use1-az6': 5, 'r8g.48xlarge_use1-az2': 1, 'r8g.48xlarge_use1-az4': 5, 'r8g.48xlarge_use1-az6': 5, 'r8g.4xlarge_use1-az2': 10, 'r8g.4xlarge_use1-az4': 35, 'r8g.4xlarge_use1-az5': 5, 'r8g.4xlarge_use1-az6': 50, 'r8g.8xlarge_use1-az2': 40, 'r8g.8xlarge_use1-az4': 15, 'r8g.8xlarge_use1-az5': 1, 'r8g.8xlarge_use1-az6': 50, 'r8g.large_use1-az1': 5, 'r8g.large_use1-az2': 30, 'r8g.large_use1-az4': 15, 'r8g.large_use1-az5': 10, 'r8g.large_use1-az6': 20, 'r8g.medium_use1-az1': 15, 'r8g.medium_use1-az2': 30, 'r8g.medium_use1-az4': 20, 'r8g.medium_use1-az5': 5, 'r8g.medium_use1-az6': 15, 'r8g.xlarge_use1-az1': 1, 'r8g.xlarge_use1-az2': 10, 'r8g.xlarge_use1-az4': 5, 'r8g.xlarge_use1-az5': 5, 'r8g.xlarge_use1-az6': 10, 'r8gb.24xlarge_use1-az6': 1, 'r8gb.2xlarge_use1-az2': 1, 'r8gb.2xlarge_use1-az4': 1, 'r8gb.2xlarge_use1-az6': 1, 'r8gb.large_use1-az2': 20, 'r8gb.large_use1-az4': 15, 'r8gb.large_use1-az6': 25, 'r8gb.medium_use1-az2': 50, 'r8gb.metal-24xl_use1-az6': 1, 'r8gb.xlarge_use1-az2': 5, 'r8gb.xlarge_use1-az4': 5, 'r8gb.xlarge_use1-az6': 5, 'r8gd.12xlarge_use1-az5': 1, 'r8gd.12xlarge_use1-az6': 1, 'r8gd.16xlarge_use1-az2': 1, 'r8gd.16xlarge_use1-az4': 1, 'r8gd.16xlarge_use1-az5': 1, 'r8gd.16xlarge_use1-az6': 15, 'r8gd.24xlarge_use1-az2': 1, 'r8gd.24xlarge_use1-az5': 1, 'r8gd.24xlarge_use1-az6': 25, 'r8gd.2xlarge_use1-az2': 25, 'r8gd.2xlarge_use1-az4': 30, 'r8gd.2xlarge_use1-az6': 50, 'r8gd.48xlarge_use1-az6': 50, 'r8gd.4xlarge_use1-az1': 1, 'r8gd.4xlarge_use1-az2': 20, 'r8gd.4xlarge_use1-az5': 1, 'r8gd.4xlarge_use1-az6': 15, 'r8gd.8xlarge_use1-az2': 5, 'r8gd.8xlarge_use1-az4': 1, 'r8gd.8xlarge_use1-az5': 1, 'r8gd.8xlarge_use1-az6': 1, 'r8gd.large_use1-az2': 50, 'r8gd.large_use1-az5': 1, 'r8gd.large_use1-az6': 50, 'r8gd.medium_use1-az1': 5, 'r8gd.medium_use1-az2': 5, 'r8gd.medium_use1-az4': 5, 'r8gd.medium_use1-az5': 10, 'r8gd.metal-24xl_use1-az6': 1, 'r8gd.metal-48xl_use1-az6': 1, 'r8gd.xlarge_use1-az2': 25, 'r8gd.xlarge_use1-az4': 1, 'r8gd.xlarge_use1-az5': 50, 'r8gd.xlarge_use1-az6': 40, 'r8gn.16xlarge_use1-az6': 1, 'r8gn.24xlarge_use1-az2': 1, 'r8gn.2xlarge_use1-az2': 1, 'r8gn.2xlarge_use1-az4': 1, 'r8gn.2xlarge_use1-az6': 1, 'r8gn.48xlarge_use1-az6': 1, 'r8gn.4xlarge_use1-az6': 5, 'r8gn.8xlarge_use1-az2': 1, 'r8gn.8xlarge_use1-az6': 5, 'r8gn.large_use1-az2': 20, 'r8gn.large_use1-az4': 15, 'r8gn.large_use1-az6': 20, 'r8gn.medium_use1-az2': 35, 'r8gn.medium_use1-az4': 40, 'r8gn.metal-24xl_use1-az2': 1, 'r8gn.metal-24xl_use1-az6': 1, 'r8gn.xlarge_use1-az2': 1, 'r8gn.xlarge_use1-az4': 5, 'r8gn.xlarge_use1-az6': 10, 'r8i-flex.2xlarge_use1-az2': 1, 'r8i-flex.2xlarge_use1-az6': 5, 'r8i-flex.4xlarge_use1-az2': 1, 'r8i-flex.4xlarge_use1-az6': 1, 'r8i-flex.large_use1-az2': 1, 'r8i-flex.large_use1-az6': 5, 'r8i-flex.xlarge_use1-az2': 5, 'r8i-flex.xlarge_use1-az6': 1, 'r8i.12xlarge_use1-az2': 1, 'r8i.12xlarge_use1-az6': 1, 'r8i.16xlarge_use1-az2': 1, 'r8i.16xlarge_use1-az6': 1, 'r8i.24xlarge_use1-az6': 1, 'r8i.2xlarge_use1-az2': 5, 'r8i.2xlarge_use1-az6': 5, 'r8i.32xlarge_use1-az2': 1, 'r8i.32xlarge_use1-az6': 1, 'r8i.48xlarge_use1-az2': 1, 'r8i.48xlarge_use1-az6': 1, 'r8i.4xlarge_use1-az2': 1, 'r8i.4xlarge_use1-az6': 5, 'r8i.8xlarge_use1-az2': 1, 'r8i.8xlarge_use1-az6': 5, 'r8i.96xlarge_use1-az2': 1, 'r8i.96xlarge_use1-az6': 1, 'r8i.large_use1-az2': 20, 'r8i.large_use1-az6': 20, 'r8i.xlarge_use1-az2': 5, 'r8i.xlarge_use1-az6': 5, 't2.2xlarge_use1-az1': 50, 't2.2xlarge_use1-az2': 50, 't2.2xlarge_use1-az3': 15, 't2.2xlarge_use1-az4': 50, 't2.2xlarge_use1-az5': 50, 't2.2xlarge_use1-az6': 50, 't2.large_use1-az1': 20, 't2.large_use1-az2': 50, 't2.large_use1-az3': 50, 't2.large_use1-az4': 50, 't2.large_use1-az5': 25, 't2.large_use1-az6': 50, 't2.medium_use1-az1': 50, 't2.medium_use1-az2': 50, 't2.medium_use1-az3': 50, 't2.medium_use1-az4': 50, 't2.medium_use1-az5': 50, 't2.medium_use1-az6': 50, 't2.xlarge_use1-az1': 35, 't2.xlarge_use1-az2': 50, 't2.xlarge_use1-az3': 20, 't2.xlarge_use1-az4': 50, 't2.xlarge_use1-az5': 5, 't2.xlarge_use1-az6': 50, 't3.2xlarge_use1-az1': 50, 't3.2xlarge_use1-az2': 50, 't3.2xlarge_use1-az4': 50, 't3.2xlarge_use1-az5': 50, 't3.2xlarge_use1-az6': 50, 't3.large_use1-az1': 50, 't3.large_use1-az2': 50, 't3.large_use1-az4': 50, 't3.large_use1-az5': 50, 't3.large_use1-az6': 50, 't3.medium_use1-az1': 50, 't3.medium_use1-az2': 50, 't3.medium_use1-az4': 50, 't3.medium_use1-az5': 50, 't3.medium_use1-az6': 50, 't3.xlarge_use1-az1': 50, 't3.xlarge_use1-az2': 50, 't3.xlarge_use1-az4': 50, 't3.xlarge_use1-az5': 50, 't3.xlarge_use1-az6': 50, 't3a.2xlarge_use1-az1': 50, 't3a.2xlarge_use1-az2': 50, 't3a.2xlarge_use1-az4': 50, 't3a.2xlarge_use1-az5': 50, 't3a.2xlarge_use1-az6': 50, 't3a.large_use1-az1': 50, 't3a.large_use1-az2': 50, 't3a.large_use1-az4': 50, 't3a.large_use1-az5': 5, 't3a.large_use1-az6': 50, 't3a.medium_use1-az1': 50, 't3a.medium_use1-az2': 50, 't3a.medium_use1-az4': 50, 't3a.medium_use1-az5': 5, 't3a.medium_use1-az6': 50, 't3a.xlarge_use1-az1': 25, 't3a.xlarge_use1-az2': 50, 't3a.xlarge_use1-az4': 50, 't3a.xlarge_use1-az5': 15, 't3a.xlarge_use1-az6': 50, 't4g.2xlarge_use1-az1': 5, 't4g.2xlarge_use1-az2': 15, 't4g.2xlarge_use1-az4': 5, 't4g.2xlarge_use1-az5': 10, 't4g.2xlarge_use1-az6': 10, 't4g.large_use1-az1': 1, 't4g.large_use1-az2': 15, 't4g.large_use1-az4': 50, 't4g.large_use1-az5': 25, 't4g.large_use1-az6': 35, 't4g.medium_use1-az1': 1, 't4g.medium_use1-az2': 50, 't4g.medium_use1-az4': 50, 't4g.medium_use1-az5': 35, 't4g.medium_use1-az6': 50, 't4g.xlarge_use1-az1': 30, 't4g.xlarge_use1-az2': 15, 't4g.xlarge_use1-az4': 50, 't4g.xlarge_use1-az5': 5, 't4g.xlarge_use1-az6': 10, 'trn1.2xlarge_use1-az5': 5, 'trn1.2xlarge_use1-az6': 20, 'trn1.32xlarge_use1-az6': 50, 'trn1n.32xlarge_use1-az6': 50, 'vt1.3xlarge_use1-az2': 1, 'vt1.6xlarge_use1-az2': 1, 'x1.16xlarge_use1-az2': 1, 'x1.16xlarge_use1-az4': 1, 'x1.16xlarge_use1-az6': 1, 'x1.32xlarge_use1-az2': 1, 'x1.32xlarge_use1-az3': 5, 'x1.32xlarge_use1-az6': 1, 'x1e.16xlarge_use1-az2': 1, 'x1e.16xlarge_use1-az4': 1, 'x1e.16xlarge_use1-az6': 5, 'x1e.2xlarge_use1-az1': 1, 'x1e.2xlarge_use1-az2': 5, 'x1e.2xlarge_use1-az4': 10, 'x1e.2xlarge_use1-az6': 1, 'x1e.4xlarge_use1-az2': 5, 'x1e.4xlarge_use1-az4': 5, 'x1e.4xlarge_use1-az6': 1, 'x1e.8xlarge_use1-az1': 1, 'x1e.8xlarge_use1-az2': 1, 'x1e.8xlarge_use1-az4': 5, 'x1e.8xlarge_use1-az6': 5, 'x1e.xlarge_use1-az1': 10, 'x1e.xlarge_use1-az2': 20, 'x1e.xlarge_use1-az4': 15, 'x1e.xlarge_use1-az6': 5, 'x2gd.12xlarge_use1-az5': 5, 'x2gd.12xlarge_use1-az6': 1, 'x2gd.16xlarge_use1-az5': 1, 'x2gd.16xlarge_use1-az6': 15, 'x2gd.2xlarge_use1-az1': 5, 'x2gd.2xlarge_use1-az4': 1, 'x2gd.2xlarge_use1-az5': 5, 'x2gd.2xlarge_use1-az6': 30, 'x2gd.4xlarge_use1-az1': 1, 'x2gd.4xlarge_use1-az2': 1, 'x2gd.4xlarge_use1-az4': 5, 'x2gd.4xlarge_use1-az5': 1, 'x2gd.4xlarge_use1-az6': 35, 'x2gd.8xlarge_use1-az4': 1, 'x2gd.8xlarge_use1-az5': 1, 'x2gd.8xlarge_use1-az6': 5, 'x2gd.large_use1-az1': 35, 'x2gd.large_use1-az2': 25, 'x2gd.large_use1-az4': 15, 'x2gd.large_use1-az5': 25, 'x2gd.large_use1-az6': 50, 'x2gd.medium_use1-az1': 25, 'x2gd.medium_use1-az2': 35, 'x2gd.medium_use1-az4': 50, 'x2gd.medium_use1-az5': 50, 'x2gd.medium_use1-az6': 50, 'x2gd.xlarge_use1-az1': 5, 'x2gd.xlarge_use1-az2': 1, 'x2gd.xlarge_use1-az4': 20, 'x2gd.xlarge_use1-az5': 15, 'x2gd.xlarge_use1-az6': 25, 'x2idn.16xlarge_use1-az2': 1, 'x2idn.16xlarge_use1-az5': 1, 'x2idn.24xlarge_use1-az4': 1, 'x2idn.24xlarge_use1-az5': 1, 'x2idn.32xlarge_use1-az5': 1, 'x2iedn.24xlarge_use1-az4': 1, 'x2iedn.24xlarge_use1-az6': 1, 'x2iedn.2xlarge_use1-az1': 1, 'x2iedn.2xlarge_use1-az2': 25, 'x2iedn.2xlarge_use1-az4': 15, 'x2iedn.2xlarge_use1-az5': 1, 'x2iedn.2xlarge_use1-az6': 5, 'x2iedn.4xlarge_use1-az1': 1, 'x2iedn.4xlarge_use1-az2': 1, 'x2iedn.4xlarge_use1-az4': 1, 'x2iedn.4xlarge_use1-az5': 1, 'x2iedn.4xlarge_use1-az6': 1, 'x2iedn.8xlarge_use1-az4': 1, 'x2iedn.8xlarge_use1-az6': 1, 'x2iedn.xlarge_use1-az1': 5, 'x2iedn.xlarge_use1-az2': 20, 'x2iedn.xlarge_use1-az4': 10, 'x2iedn.xlarge_use1-az5': 1, 'x2iedn.xlarge_use1-az6': 10, 'x2iezn.12xlarge_use1-az2': 1, 'x2iezn.12xlarge_use1-az4': 20, 'x2iezn.12xlarge_use1-az6': 5, 'x2iezn.2xlarge_use1-az2': 5, 'x2iezn.2xlarge_use1-az4': 10, 'x2iezn.2xlarge_use1-az6': 1, 'x2iezn.4xlarge_use1-az2': 1, 'x2iezn.4xlarge_use1-az4': 5, 'x2iezn.4xlarge_use1-az6': 1, 'x2iezn.6xlarge_use1-az2': 1, 'x2iezn.6xlarge_use1-az4': 5, 'x2iezn.6xlarge_use1-az6': 1, 'x2iezn.8xlarge_use1-az2': 1, 'x2iezn.8xlarge_use1-az4': 10, 'x2iezn.8xlarge_use1-az6': 1, 'x8g.12xlarge_use1-az2': 1, 'x8g.12xlarge_use1-az4': 20, 'x8g.12xlarge_use1-az6': 1, 'x8g.16xlarge_use1-az1': 1, 'x8g.16xlarge_use1-az2': 5, 'x8g.16xlarge_use1-az4': 5, 'x8g.16xlarge_use1-az6': 5, 'x8g.24xlarge_use1-az1': 1, 'x8g.24xlarge_use1-az2': 5, 'x8g.24xlarge_use1-az4': 5, 'x8g.24xlarge_use1-az6': 10, 'x8g.2xlarge_use1-az1': 5, 'x8g.2xlarge_use1-az2': 10, 'x8g.2xlarge_use1-az4': 10, 'x8g.2xlarge_use1-az6': 25, 'x8g.48xlarge_use1-az1': 1, 'x8g.48xlarge_use1-az2': 1, 'x8g.48xlarge_use1-az4': 10, 'x8g.48xlarge_use1-az6': 1, 'x8g.4xlarge_use1-az1': 1, 'x8g.4xlarge_use1-az2': 5, 'x8g.4xlarge_use1-az4': 5, 'x8g.4xlarge_use1-az6': 10, 'x8g.8xlarge_use1-az2': 15, 'x8g.8xlarge_use1-az4': 20, 'x8g.8xlarge_use1-az6': 5, 'x8g.large_use1-az1': 30, 'x8g.large_use1-az4': 50, 'x8g.large_use1-az6': 50, 'x8g.medium_use1-az1': 50, 'x8g.medium_use1-az4': 50, 'x8g.medium_use1-az6': 50, 'x8g.metal-24xl_use1-az1': 1, 'x8g.metal-24xl_use1-az2': 1, 'x8g.metal-24xl_use1-az4': 1, 'x8g.metal-24xl_use1-az6': 10, 'x8g.metal-48xl_use1-az2': 1, 'x8g.metal-48xl_use1-az4': 1, 'x8g.metal-48xl_use1-az6': 1, 'x8g.xlarge_use1-az1': 10, 'x8g.xlarge_use1-az2': 20, 'x8g.xlarge_use1-az4': 40, 'x8g.xlarge_use1-az6': 50, 'z1d.12xlarge_use1-az1': 1, 'z1d.12xlarge_use1-az2': 1, 'z1d.12xlarge_use1-az4': 1, 'z1d.12xlarge_use1-az5': 1, 'z1d.12xlarge_use1-az6': 5, 'z1d.2xlarge_use1-az1': 5, 'z1d.2xlarge_use1-az2': 5, 'z1d.2xlarge_use1-az4': 15, 'z1d.2xlarge_use1-az5': 1, 'z1d.2xlarge_use1-az6': 15, 'z1d.3xlarge_use1-az1': 5, 'z1d.3xlarge_use1-az2': 5, 'z1d.3xlarge_use1-az4': 10, 'z1d.3xlarge_use1-az5': 5, 'z1d.3xlarge_use1-az6': 5, 'z1d.6xlarge_use1-az1': 1, 'z1d.6xlarge_use1-az2': 1, 'z1d.6xlarge_use1-az4': 1, 'z1d.6xlarge_use1-az6': 1, 'z1d.large_use1-az1': 15, 'z1d.large_use1-az2': 5, 'z1d.large_use1-az4': 25, 'z1d.large_use1-az5': 10, 'z1d.large_use1-az6': 25, 'z1d.xlarge_use1-az1': 10, 'z1d.xlarge_use1-az2': 20, 'z1d.xlarge_use1-az4': 30, 'z1d.xlarge_use1-az5': 1, 'z1d.xlarge_use1-az6': 20}"
0.9,27580.697999999957,29752210474,1078733.0499964543,1145817,1145717,"{'c3.2xlarge_use1-az2': 5, 'c3.2xlarge_use1-az4': 50, 'c3.2xlarge_use1-az6': 15, 'c3.4xlarge_use1-az2': 5, 'c3.4xlarge_use1-az4': 5, 'c3.4xlarge_use1-az6': 5, 'c3.8xlarge_use1-az2': 5, 'c3.8xlarge_use1-az4': 5, 'c3.8xlarge_use1-az6': 1, 'c3.xlarge_use1-az2': 35, 'c3.xlarge_use1-az3': 1, 'c3.xlarge_use1-az4': 50, 'c3.xlarge_use1-az6': 30, 'c4.2xlarge_use1-az1': 5, 'c4.2xlarge_use1-az2': 5, 'c4.2xlarge_use1-az3': 25, 'c4.2xlarge_use1-az4': 15, 'c4.2xlarge_use1-az5': 15, 'c4.2xlarge_use1-az6': 10, 'c4.4xlarge_use1-az1': 5, 'c4.4xlarge_use1-az2': 5, 'c4.4xlarge_use1-az3': 10, 'c4.4xlarge_use1-az4': 5, 'c4.4xlarge_use1-az5': 5, 'c4.4xlarge_use1-az6': 1, 'c4.8xlarge_use1-az1': 1, 'c4.8xlarge_use1-az2': 5, 'c4.8xlarge_use1-az3': 5, 'c4.8xlarge_use1-az4': 15, 'c4.8xlarge_use1-az5': 5, 'c4.8xlarge_use1-az6': 5, 'c4.xlarge_use1-az1': 25, 'c4.xlarge_use1-az2': 40, 'c4.xlarge_use1-az3': 20, 'c4.xlarge_use1-az4': 40, 'c4.xlarge_use1-az5': 50, 'c4.xlarge_use1-az6': 50, 'c5.12xlarge_use1-az1': 50, 'c5.12xlarge_use1-az2': 50, 'c5.12xlarge_use1-az4': 50, 'c5.12xlarge_use1-az5': 50, 'c5.12xlarge_use1-az6': 50, 'c5.18xlarge_use1-az1': 5, 'c5.18xlarge_use1-az2': 50, 'c5.18xlarge_use1-az4': 15, 'c5.18xlarge_use1-az5': 10, 'c5.18xlarge_use1-az6': 1, 'c5.24xlarge_use1-az1': 1, 'c5.24xlarge_use1-az2': 5, 'c5.24xlarge_use1-az4': 5, 'c5.24xlarge_use1-az5': 1, 'c5.24xlarge_use1-az6': 5, 'c5.2xlarge_use1-az1': 50, 'c5.2xlarge_use1-az2': 50, 'c5.2xlarge_use1-az4': 50, 'c5.2xlarge_use1-az5': 50, 'c5.2xlarge_use1-az6': 50, 'c5.4xlarge_use1-az1': 50, 'c5.4xlarge_use1-az2': 50, 'c5.4xlarge_use1-az4': 50, 'c5.4xlarge_use1-az5': 50, 'c5.4xlarge_use1-az6': 50, 'c5.9xlarge_use1-az1': 50, 'c5.9xlarge_use1-az2': 50, 'c5.9xlarge_use1-az4': 50, 'c5.9xlarge_use1-az5': 50, 'c5.9xlarge_use1-az6': 50, 'c5.large_use1-az1': 50, 'c5.large_use1-az2': 50, 'c5.large_use1-az4': 50, 'c5.large_use1-az5': 50, 'c5.large_use1-az6': 50, 'c5.xlarge_use1-az1': 50, 'c5.xlarge_use1-az2': 50, 'c5.xlarge_use1-az4': 50, 'c5.xlarge_use1-az5': 50, 'c5.xlarge_use1-az6': 50, 'c5a.12xlarge_use1-az1': 5, 'c5a.12xlarge_use1-az2': 10, 'c5a.12xlarge_use1-az4': 15, 'c5a.12xlarge_use1-az5': 1, 'c5a.12xlarge_use1-az6': 5, 'c5a.16xlarge_use1-az4': 1, 'c5a.16xlarge_use1-az6': 1, 'c5a.24xlarge_use1-az2': 1, 'c5a.24xlarge_use1-az4': 1, 'c5a.24xlarge_use1-az6': 1, 'c5a.2xlarge_use1-az1': 30, 'c5a.2xlarge_use1-az2': 20, 'c5a.2xlarge_use1-az4': 50, 'c5a.2xlarge_use1-az5': 15, 'c5a.2xlarge_use1-az6': 50, 'c5a.4xlarge_use1-az1': 5, 'c5a.4xlarge_use1-az2': 1, 'c5a.4xlarge_use1-az4': 5, 'c5a.4xlarge_use1-az5': 5, 'c5a.4xlarge_use1-az6': 5, 'c5a.8xlarge_use1-az1': 1, 'c5a.8xlarge_use1-az2': 1, 'c5a.8xlarge_use1-az4': 5, 'c5a.8xlarge_use1-az6': 15, 'c5a.large_use1-az1': 50, 'c5a.large_use1-az2': 50, 'c5a.large_use1-az4': 50, 'c5a.large_use1-az5': 45, 'c5a.large_use1-az6': 50, 'c5a.xlarge_use1-az1': 50, 'c5a.xlarge_use1-az2': 50, 'c5a.xlarge_use1-az4': 50, 'c5a.xlarge_use1-az5': 50, 'c5a.xlarge_use1-az6': 50, 'c5ad.12xlarge_use1-az1': 5, 'c5ad.12xlarge_use1-az2': 5, 'c5ad.12xlarge_use1-az4': 5, 'c5ad.12xlarge_use1-az6': 5, 'c5ad.16xlarge_use1-az1': 1, 'c5ad.16xlarge_use1-az2': 5, 'c5ad.16xlarge_use1-az4': 1, 'c5ad.16xlarge_use1-az6': 1, 'c5ad.24xlarge_use1-az1': 1, 'c5ad.24xlarge_use1-az2': 1, 'c5ad.24xlarge_use1-az4': 1, 'c5ad.24xlarge_use1-az6': 5, 'c5ad.2xlarge_use1-az1': 10, 'c5ad.2xlarge_use1-az2': 5, 'c5ad.2xlarge_use1-az4': 5, 'c5ad.2xlarge_use1-az5': 5, 'c5ad.2xlarge_use1-az6': 15, 'c5ad.4xlarge_use1-az1': 5, 'c5ad.4xlarge_use1-az2': 5, 'c5ad.4xlarge_use1-az4': 1, 'c5ad.4xlarge_use1-az5': 1, 'c5ad.4xlarge_use1-az6': 10, 'c5ad.8xlarge_use1-az1': 1, 'c5ad.8xlarge_use1-az2': 1, 'c5ad.8xlarge_use1-az4': 1, 'c5ad.8xlarge_use1-az5': 1, 'c5ad.8xlarge_use1-az6': 1, 'c5ad.large_use1-az1': 20, 'c5ad.large_use1-az2': 30, 'c5ad.large_use1-az4': 10, 'c5ad.large_use1-az5': 15, 'c5ad.large_use1-az6': 20, 'c5ad.xlarge_use1-az1': 15, 'c5ad.xlarge_use1-az2': 10, 'c5ad.xlarge_use1-az4': 5, 'c5ad.xlarge_use1-az5': 5, 'c5ad.xlarge_use1-az6': 15, 'c5d.12xlarge_use1-az2': 15, 'c5d.12xlarge_use1-az4': 5, 'c5d.12xlarge_use1-az6': 45, 'c5d.18xlarge_use1-az1': 5, 'c5d.18xlarge_use1-az2': 50, 'c5d.18xlarge_use1-az4': 50, 'c5d.18xlarge_use1-az5': 5, 'c5d.18xlarge_use1-az6': 30, 'c5d.24xlarge_use1-az2': 35, 'c5d.24xlarge_use1-az4': 25, 'c5d.24xlarge_use1-az6': 50, 'c5d.2xlarge_use1-az1': 15, 'c5d.2xlarge_use1-az2': 50, 'c5d.2xlarge_use1-az4': 50, 'c5d.2xlarge_use1-az5': 20, 'c5d.2xlarge_use1-az6': 50, 'c5d.4xlarge_use1-az1': 20, 'c5d.4xlarge_use1-az2': 50, 'c5d.4xlarge_use1-az4': 50, 'c5d.4xlarge_use1-az5': 25, 'c5d.4xlarge_use1-az6': 50, 'c5d.9xlarge_use1-az1': 10, 'c5d.9xlarge_use1-az2': 20, 'c5d.9xlarge_use1-az4': 50, 'c5d.9xlarge_use1-az5': 10, 'c5d.9xlarge_use1-az6': 25, 'c5d.large_use1-az1': 50, 'c5d.large_use1-az2': 50, 'c5d.large_use1-az4': 50, 'c5d.large_use1-az5': 35, 'c5d.large_use1-az6': 50, 'c5d.xlarge_use1-az1': 50, 'c5d.xlarge_use1-az2': 50, 'c5d.xlarge_use1-az4': 50, 'c5d.xlarge_use1-az5': 50, 'c5d.xlarge_use1-az6': 50, 'c5n.18xlarge_use1-az1': 30, 'c5n.18xlarge_use1-az2': 5, 'c5n.18xlarge_use1-az4': 10, 'c5n.2xlarge_use1-az1': 5, 'c5n.2xlarge_use1-az2': 10, 'c5n.2xlarge_use1-az4': 15, 'c5n.2xlarge_use1-az5': 10, 'c5n.2xlarge_use1-az6': 10, 'c5n.4xlarge_use1-az1': 5, 'c5n.4xlarge_use1-az2': 1, 'c5n.4xlarge_use1-az4': 5, 'c5n.4xlarge_use1-az6': 1, 'c5n.9xlarge_use1-az1': 10, 'c5n.9xlarge_use1-az2': 1, 'c5n.9xlarge_use1-az4': 5, 'c5n.large_use1-az1': 10, 'c5n.large_use1-az2': 10, 'c5n.large_use1-az4': 25, 'c5n.large_use1-az5': 5, 'c5n.large_use1-az6': 5, 'c5n.xlarge_use1-az1': 1, 'c5n.xlarge_use1-az2': 1, 'c5n.xlarge_use1-az4': 5, 'c5n.xlarge_use1-az5': 1, 'c5n.xlarge_use1-az6': 1, 'c6a.12xlarge_use1-az1': 5, 'c6a.12xlarge_use1-az2': 50, 'c6a.12xlarge_use1-az4': 50, 'c6a.12xlarge_use1-az5': 1, 'c6a.12xlarge_use1-az6': 15, 'c6a.16xlarge_use1-az1': 1, 'c6a.16xlarge_use1-az2': 5, 'c6a.16xlarge_use1-az4': 10, 'c6a.16xlarge_use1-az5': 1, 'c6a.16xlarge_use1-az6': 15, 'c6a.24xlarge_use1-az1': 1, 'c6a.24xlarge_use1-az2': 5, 'c6a.24xlarge_use1-az4': 5, 'c6a.24xlarge_use1-az5': 5, 'c6a.24xlarge_use1-az6': 20, 'c6a.2xlarge_use1-az1': 10, 'c6a.2xlarge_use1-az2': 40, 'c6a.2xlarge_use1-az4': 50, 'c6a.2xlarge_use1-az5': 10, 'c6a.2xlarge_use1-az6': 50, 'c6a.32xlarge_use1-az2': 1, 'c6a.32xlarge_use1-az4': 1, 'c6a.32xlarge_use1-az5': 1, 'c6a.32xlarge_use1-az6': 5, 'c6a.48xlarge_use1-az2': 1, 'c6a.48xlarge_use1-az4': 10, 'c6a.48xlarge_use1-az5': 5, 'c6a.48xlarge_use1-az6': 25, 'c6a.4xlarge_use1-az1': 15, 'c6a.4xlarge_use1-az2': 15, 'c6a.4xlarge_use1-az4': 30, 'c6a.4xlarge_use1-az5': 15, 'c6a.4xlarge_use1-az6': 50, 'c6a.8xlarge_use1-az1': 5, 'c6a.8xlarge_use1-az2': 50, 'c6a.8xlarge_use1-az4': 30, 'c6a.8xlarge_use1-az5': 25, 'c6a.8xlarge_use1-az6': 50, 'c6a.large_use1-az1': 45, 'c6a.large_use1-az2': 50, 'c6a.large_use1-az4': 50, 'c6a.large_use1-az5': 50, 'c6a.large_use1-az6': 20, 'c6a.xlarge_use1-az1': 15, 'c6a.xlarge_use1-az2': 25, 'c6a.xlarge_use1-az4': 25, 'c6a.xlarge_use1-az5': 15, 'c6a.xlarge_use1-az6': 25, 'c6g.12xlarge_use1-az1': 15, 'c6g.12xlarge_use1-az2': 25, 'c6g.12xlarge_use1-az4': 50, 'c6g.12xlarge_use1-az5': 5, 'c6g.12xlarge_use1-az6': 50, 'c6g.16xlarge_use1-az1': 1, 'c6g.16xlarge_use1-az2': 15, 'c6g.16xlarge_use1-az4': 50, 'c6g.16xlarge_use1-az5': 5, 'c6g.16xlarge_use1-az6': 50, 'c6g.2xlarge_use1-az1': 5, 'c6g.2xlarge_use1-az2': 50, 'c6g.2xlarge_use1-az4': 50, 'c6g.2xlarge_use1-az5': 15, 'c6g.2xlarge_use1-az6': 50, 'c6g.4xlarge_use1-az1': 50, 'c6g.4xlarge_use1-az2': 50, 'c6g.4xlarge_use1-az4': 50, 'c6g.4xlarge_use1-az5': 50, 'c6g.4xlarge_use1-az6': 50, 'c6g.8xlarge_use1-az1': 50, 'c6g.8xlarge_use1-az2': 50, 'c6g.8xlarge_use1-az4': 50, 'c6g.8xlarge_use1-az5': 50, 'c6g.8xlarge_use1-az6': 50, 'c6g.large_use1-az1': 5, 'c6g.large_use1-az2': 50, 'c6g.large_use1-az4': 50, 'c6g.large_use1-az5': 50, 'c6g.large_use1-az6': 50, 'c6g.xlarge_use1-az1': 30, 'c6g.xlarge_use1-az2': 50, 'c6g.xlarge_use1-az4': 50, 'c6g.xlarge_use1-az5': 10, 'c6g.xlarge_use1-az6': 50, 'c6gd.12xlarge_use1-az2': 50, 'c6gd.12xlarge_use1-az4': 30, 'c6gd.12xlarge_use1-az5': 1, 'c6gd.12xlarge_use1-az6': 50, 'c6gd.16xlarge_use1-az2': 50, 'c6gd.16xlarge_use1-az4': 30, 'c6gd.16xlarge_use1-az6': 50, 'c6gd.2xlarge_use1-az1': 15, 'c6gd.2xlarge_use1-az2': 50, 'c6gd.2xlarge_use1-az4': 50, 'c6gd.2xlarge_use1-az5': 1, 'c6gd.2xlarge_use1-az6': 50, 'c6gd.4xlarge_use1-az1': 20, 'c6gd.4xlarge_use1-az2': 50, 'c6gd.4xlarge_use1-az4': 50, 'c6gd.4xlarge_use1-az5': 10, 'c6gd.4xlarge_use1-az6': 50, 'c6gd.8xlarge_use1-az1': 25, 'c6gd.8xlarge_use1-az2': 45, 'c6gd.8xlarge_use1-az4': 45, 'c6gd.8xlarge_use1-az5': 1, 'c6gd.8xlarge_use1-az6': 50, 'c6gd.large_use1-az1': 50, 'c6gd.large_use1-az2': 5, 'c6gd.large_use1-az4': 20, 'c6gd.large_use1-az5': 1, 'c6gd.large_use1-az6': 50, 'c6gd.xlarge_use1-az1': 50, 'c6gd.xlarge_use1-az2': 1, 'c6gd.xlarge_use1-az4': 1, 'c6gd.xlarge_use1-az5': 50, 'c6gd.xlarge_use1-az6': 50, 'c6gn.12xlarge_use1-az2': 25, 'c6gn.12xlarge_use1-az4': 50, 'c6gn.12xlarge_use1-az5': 1, 'c6gn.16xlarge_use1-az1': 1, 'c6gn.16xlarge_use1-az2': 50, 'c6gn.16xlarge_use1-az4': 50, 'c6gn.16xlarge_use1-az5': 10, 'c6gn.2xlarge_use1-az1': 5, 'c6gn.2xlarge_use1-az2': 1, 'c6gn.2xlarge_use1-az4': 20, 'c6gn.2xlarge_use1-az5': 1, 'c6gn.4xlarge_use1-az1': 1, 'c6gn.4xlarge_use1-az2': 40, 'c6gn.4xlarge_use1-az4': 35, 'c6gn.4xlarge_use1-az5': 10, 'c6gn.8xlarge_use1-az1': 25, 'c6gn.8xlarge_use1-az2': 35, 'c6gn.8xlarge_use1-az4': 30, 'c6gn.8xlarge_use1-az5': 5, 'c6gn.8xlarge_use1-az6': 5, 'c6gn.large_use1-az1': 5, 'c6gn.large_use1-az2': 25, 'c6gn.large_use1-az4': 10, 'c6gn.large_use1-az5': 15, 'c6gn.large_use1-az6': 1, 'c6gn.xlarge_use1-az1': 5, 'c6gn.xlarge_use1-az2': 10, 'c6gn.xlarge_use1-az4': 15, 'c6gn.xlarge_use1-az5': 5, 'c6gn.xlarge_use1-az6': 1, 'c6i.12xlarge_use1-az1': 15, 'c6i.12xlarge_use1-az2': 15, 'c6i.12xlarge_use1-az4': 30, 'c6i.12xlarge_use1-az5': 5, 'c6i.12xlarge_use1-az6': 5, 'c6i.16xlarge_use1-az1': 5, 'c6i.16xlarge_use1-az2': 15, 'c6i.16xlarge_use1-az4': 25, 'c6i.16xlarge_use1-az5': 10, 'c6i.16xlarge_use1-az6': 30, 'c6i.24xlarge_use1-az1': 5, 'c6i.24xlarge_use1-az2': 5, 'c6i.24xlarge_use1-az4': 10, 'c6i.24xlarge_use1-az5': 1, 'c6i.24xlarge_use1-az6': 15, 'c6i.2xlarge_use1-az1': 20, 'c6i.2xlarge_use1-az2': 50, 'c6i.2xlarge_use1-az4': 50, 'c6i.2xlarge_use1-az5': 5, 'c6i.2xlarge_use1-az6': 50, 'c6i.32xlarge_use1-az1': 10, 'c6i.32xlarge_use1-az2': 5, 'c6i.32xlarge_use1-az4': 50, 'c6i.32xlarge_use1-az5': 1, 'c6i.32xlarge_use1-az6': 40, 'c6i.4xlarge_use1-az1': 10, 'c6i.4xlarge_use1-az2': 40, 'c6i.4xlarge_use1-az4': 50, 'c6i.4xlarge_use1-az5': 15, 'c6i.4xlarge_use1-az6': 50, 'c6i.8xlarge_use1-az1': 10, 'c6i.8xlarge_use1-az2': 45, 'c6i.8xlarge_use1-az4': 50, 'c6i.8xlarge_use1-az5': 10, 'c6i.8xlarge_use1-az6': 50, 'c6i.large_use1-az1': 10, 'c6i.large_use1-az2': 40, 'c6i.large_use1-az4': 30, 'c6i.large_use1-az5': 10, 'c6i.large_use1-az6': 50, 'c6i.xlarge_use1-az1': 50, 'c6i.xlarge_use1-az2': 45, 'c6i.xlarge_use1-az4': 35, 'c6i.xlarge_use1-az5': 10, 'c6i.xlarge_use1-az6': 50, 'c6id.12xlarge_use1-az1': 1, 'c6id.12xlarge_use1-az2': 1, 'c6id.12xlarge_use1-az4': 5, 'c6id.12xlarge_use1-az6': 5, 'c6id.16xlarge_use1-az1': 1, 'c6id.16xlarge_use1-az2': 5, 'c6id.16xlarge_use1-az4': 5, 'c6id.16xlarge_use1-az5': 1, 'c6id.16xlarge_use1-az6': 1, 'c6id.24xlarge_use1-az1': 5, 'c6id.24xlarge_use1-az2': 15, 'c6id.24xlarge_use1-az4': 5, 'c6id.24xlarge_use1-az5': 1, 'c6id.24xlarge_use1-az6': 10, 'c6id.2xlarge_use1-az1': 1, 'c6id.2xlarge_use1-az2': 1, 'c6id.2xlarge_use1-az4': 5, 'c6id.2xlarge_use1-az5': 5, 'c6id.2xlarge_use1-az6': 1, 'c6id.32xlarge_use1-az1': 1, 'c6id.32xlarge_use1-az2': 5, 'c6id.32xlarge_use1-az4': 10, 'c6id.32xlarge_use1-az5': 1, 'c6id.32xlarge_use1-az6': 5, 'c6id.4xlarge_use1-az1': 15, 'c6id.4xlarge_use1-az2': 10, 'c6id.4xlarge_use1-az4': 10, 'c6id.4xlarge_use1-az5': 1, 'c6id.4xlarge_use1-az6': 5, 'c6id.8xlarge_use1-az1': 5, 'c6id.8xlarge_use1-az2': 1, 'c6id.8xlarge_use1-az4': 5, 'c6id.8xlarge_use1-az5': 1, 'c6id.8xlarge_use1-az6': 1, 'c6id.large_use1-az1': 5, 'c6id.large_use1-az2': 5, 'c6id.large_use1-az4': 1, 'c6id.large_use1-az5': 5, 'c6id.large_use1-az6': 5, 'c6id.xlarge_use1-az1': 5, 'c6id.xlarge_use1-az2': 1, 'c6id.xlarge_use1-az4': 5, 'c6id.xlarge_use1-az5': 1, 'c6id.xlarge_use1-az6': 1, 'c6in.12xlarge_use1-az1': 1, 'c6in.12xlarge_use1-az6': 1, 'c6in.16xlarge_use1-az4': 1, 'c6in.24xlarge_use1-az6': 1, 'c6in.2xlarge_use1-az1': 1, 'c6in.2xlarge_use1-az2': 1, 'c6in.2xlarge_use1-az4': 1, 'c6in.2xlarge_use1-az6': 1, 'c6in.32xlarge_use1-az1': 1, 'c6in.32xlarge_use1-az6': 1, 'c6in.4xlarge_use1-az1': 5, 'c6in.4xlarge_use1-az2': 5, 'c6in.4xlarge_use1-az4': 5, 'c6in.4xlarge_use1-az6': 25, 'c6in.8xlarge_use1-az1': 1, 'c6in.8xlarge_use1-az6': 1, 'c6in.large_use1-az1': 5, 'c6in.large_use1-az2': 1, 'c6in.large_use1-az4': 1, 'c6in.large_use1-az5': 1, 'c6in.large_use1-az6': 5, 'c6in.xlarge_use1-az1': 20, 'c6in.xlarge_use1-az2': 1, 'c6in.xlarge_use1-az4': 1, 'c6in.xlarge_use1-az6': 10, 'c7a.12xlarge_use1-az1': 5, 'c7a.12xlarge_use1-az2': 5, 'c7a.12xlarge_use1-az4': 1, 'c7a.12xlarge_use1-az6': 15, 'c7a.16xlarge_use1-az1': 1, 'c7a.16xlarge_use1-az2': 1, 'c7a.16xlarge_use1-az6': 5, 'c7a.24xlarge_use1-az1': 1, 'c7a.24xlarge_use1-az2': 1, 'c7a.24xlarge_use1-az5': 1, 'c7a.24xlarge_use1-az6': 5, 'c7a.2xlarge_use1-az1': 1, 'c7a.2xlarge_use1-az2': 1, 'c7a.2xlarge_use1-az4': 25, 'c7a.2xlarge_use1-az5': 1, 'c7a.2xlarge_use1-az6': 10, 'c7a.32xlarge_use1-az1': 1, 'c7a.32xlarge_use1-az2': 1, 'c7a.32xlarge_use1-az6': 15, 'c7a.48xlarge_use1-az1': 1, 'c7a.48xlarge_use1-az2': 1, 'c7a.48xlarge_use1-az5': 1, 'c7a.48xlarge_use1-az6': 20, 'c7a.4xlarge_use1-az1': 5, 'c7a.4xlarge_use1-az2': 10, 'c7a.4xlarge_use1-az4': 5, 'c7a.4xlarge_use1-az5': 1, 'c7a.4xlarge_use1-az6': 50, 'c7a.8xlarge_use1-az1': 1, 'c7a.8xlarge_use1-az2': 1, 'c7a.8xlarge_use1-az4': 1, 'c7a.8xlarge_use1-az6': 10, 'c7a.large_use1-az1': 15, 'c7a.large_use1-az2': 25, 'c7a.large_use1-az4': 30, 'c7a.large_use1-az5': 10, 'c7a.large_use1-az6': 50, 'c7a.xlarge_use1-az1': 5, 'c7a.xlarge_use1-az2': 5, 'c7a.xlarge_use1-az4': 10, 'c7a.xlarge_use1-az5': 5, 'c7a.xlarge_use1-az6': 15, 'c7g.12xlarge_use1-az1': 15, 'c7g.12xlarge_use1-az2': 50, 'c7g.12xlarge_use1-az4': 15, 'c7g.12xlarge_use1-az5': 1, 'c7g.12xlarge_use1-az6': 50, 'c7g.16xlarge_use1-az1': 25, 'c7g.16xlarge_use1-az2': 40, 'c7g.16xlarge_use1-az4': 50, 'c7g.16xlarge_use1-az5': 10, 'c7g.16xlarge_use1-az6': 50, 'c7g.2xlarge_use1-az1': 50, 'c7g.2xlarge_use1-az2': 50, 'c7g.2xlarge_use1-az4': 50, 'c7g.2xlarge_use1-az5': 50, 'c7g.2xlarge_use1-az6': 50, 'c7g.4xlarge_use1-az1': 50, 'c7g.4xlarge_use1-az2': 50, 'c7g.4xlarge_use1-az4': 50, 'c7g.4xlarge_use1-az5': 50, 'c7g.4xlarge_use1-az6': 50, 'c7g.8xlarge_use1-az1': 50, 'c7g.8xlarge_use1-az2': 50, 'c7g.8xlarge_use1-az4': 50, 'c7g.8xlarge_use1-az5': 50, 'c7g.8xlarge_use1-az6': 50, 'c7g.large_use1-az1': 5, 'c7g.large_use1-az2': 45, 'c7g.large_use1-az4': 30, 'c7g.large_use1-az5': 10, 'c7g.large_use1-az6': 30, 'c7g.xlarge_use1-az1': 50, 'c7g.xlarge_use1-az2': 50, 'c7g.xlarge_use1-az4': 50, 'c7g.xlarge_use1-az5': 50, 'c7g.xlarge_use1-az6': 50, 'c7gd.12xlarge_use1-az1': 5, 'c7gd.12xlarge_use1-az2': 30, 'c7gd.12xlarge_use1-az4': 15, 'c7gd.12xlarge_use1-az5': 15, 'c7gd.12xlarge_use1-az6': 50, 'c7gd.16xlarge_use1-az1': 5, 'c7gd.16xlarge_use1-az2': 30, 'c7gd.16xlarge_use1-az4': 40, 'c7gd.16xlarge_use1-az5': 1, 'c7gd.16xlarge_use1-az6': 50, 'c7gd.2xlarge_use1-az1': 15, 'c7gd.2xlarge_use1-az2': 50, 'c7gd.2xlarge_use1-az4': 50, 'c7gd.2xlarge_use1-az5': 5, 'c7gd.2xlarge_use1-az6': 50, 'c7gd.4xlarge_use1-az1': 30, 'c7gd.4xlarge_use1-az2': 25, 'c7gd.4xlarge_use1-az4': 50, 'c7gd.4xlarge_use1-az5': 1, 'c7gd.4xlarge_use1-az6': 50, 'c7gd.8xlarge_use1-az1': 5, 'c7gd.8xlarge_use1-az2': 15, 'c7gd.8xlarge_use1-az4': 10, 'c7gd.8xlarge_use1-az5': 5, 'c7gd.8xlarge_use1-az6': 20, 'c7gd.large_use1-az1': 1, 'c7gd.large_use1-az2': 25, 'c7gd.large_use1-az4': 5, 'c7gd.large_use1-az5': 10, 'c7gd.large_use1-az6': 20, 'c7gd.xlarge_use1-az1': 15, 'c7gd.xlarge_use1-az2': 50, 'c7gd.xlarge_use1-az4': 5, 'c7gd.xlarge_use1-az5': 15, 'c7gd.xlarge_use1-az6': 25, 'c7gn.12xlarge_use1-az2': 1, 'c7gn.12xlarge_use1-az5': 1, 'c7gn.12xlarge_use1-az6': 1, 'c7gn.16xlarge_use1-az2': 5, 'c7gn.16xlarge_use1-az5': 5, 'c7gn.16xlarge_use1-az6': 20, 'c7gn.2xlarge_use1-az1': 1, 'c7gn.2xlarge_use1-az2': 1, 'c7gn.2xlarge_use1-az5': 1, 'c7gn.2xlarge_use1-az6': 5, 'c7gn.4xlarge_use1-az2': 50, 'c7gn.4xlarge_use1-az4': 1, 'c7gn.4xlarge_use1-az5': 1, 'c7gn.4xlarge_use1-az6': 50, 'c7gn.8xlarge_use1-az2': 1, 'c7gn.8xlarge_use1-az5': 1, 'c7gn.8xlarge_use1-az6': 5, 'c7gn.large_use1-az1': 1, 'c7gn.large_use1-az2': 10, 'c7gn.large_use1-az5': 10, 'c7gn.large_use1-az6': 10, 'c7gn.xlarge_use1-az1': 1, 'c7gn.xlarge_use1-az2': 5, 'c7gn.xlarge_use1-az5': 5, 'c7gn.xlarge_use1-az6': 5, 'c7i-flex.2xlarge_use1-az1': 50, 'c7i-flex.2xlarge_use1-az2': 50, 'c7i-flex.2xlarge_use1-az4': 50, 'c7i-flex.2xlarge_use1-az5': 15, 'c7i-flex.2xlarge_use1-az6': 50, 'c7i-flex.4xlarge_use1-az1': 1, 'c7i-flex.4xlarge_use1-az2': 1, 'c7i-flex.4xlarge_use1-az4': 1, 'c7i-flex.4xlarge_use1-az6': 5, 'c7i-flex.8xlarge_use1-az1': 1, 'c7i-flex.8xlarge_use1-az2': 1, 'c7i-flex.8xlarge_use1-az4': 1, 'c7i-flex.8xlarge_use1-az6': 5, 'c7i-flex.large_use1-az1': 40, 'c7i-flex.large_use1-az2': 50, 'c7i-flex.large_use1-az4': 10, 'c7i-flex.large_use1-az5': 1, 'c7i-flex.large_use1-az6': 50, 'c7i-flex.xlarge_use1-az1': 50, 'c7i-flex.xlarge_use1-az2': 50, 'c7i-flex.xlarge_use1-az4': 50, 'c7i-flex.xlarge_use1-az5': 5, 'c7i-flex.xlarge_use1-az6': 50, 'c7i.12xlarge_use1-az1': 5, 'c7i.12xlarge_use1-az2': 15, 'c7i.12xlarge_use1-az4': 15, 'c7i.12xlarge_use1-az6': 5, 'c7i.16xlarge_use1-az1': 1, 'c7i.16xlarge_use1-az2': 5, 'c7i.16xlarge_use1-az4': 1, 'c7i.16xlarge_use1-az6': 15, 'c7i.24xlarge_use1-az1': 5, 'c7i.24xlarge_use1-az2': 5, 'c7i.24xlarge_use1-az4': 5, 'c7i.24xlarge_use1-az5': 1, 'c7i.24xlarge_use1-az6': 15, 'c7i.2xlarge_use1-az1': 10, 'c7i.2xlarge_use1-az2': 10, 'c7i.2xlarge_use1-az4': 10, 'c7i.2xlarge_use1-az5': 5, 'c7i.2xlarge_use1-az6': 25, 'c7i.48xlarge_use1-az1': 10, 'c7i.48xlarge_use1-az2': 10, 'c7i.48xlarge_use1-az4': 5, 'c7i.48xlarge_use1-az5': 1, 'c7i.48xlarge_use1-az6': 50, 'c7i.4xlarge_use1-az1': 5, 'c7i.4xlarge_use1-az2': 5, 'c7i.4xlarge_use1-az4': 5, 'c7i.4xlarge_use1-az5': 1, 'c7i.4xlarge_use1-az6': 15, 'c7i.8xlarge_use1-az1': 1, 'c7i.8xlarge_use1-az2': 5, 'c7i.8xlarge_use1-az4': 5, 'c7i.8xlarge_use1-az6': 10, 'c7i.large_use1-az1': 45, 'c7i.large_use1-az2': 50, 'c7i.large_use1-az4': 50, 'c7i.large_use1-az5': 5, 'c7i.large_use1-az6': 50, 'c7i.xlarge_use1-az1': 5, 'c7i.xlarge_use1-az2': 10, 'c7i.xlarge_use1-az4': 5, 'c7i.xlarge_use1-az5': 1, 'c7i.xlarge_use1-az6': 5, 'c8g.12xlarge_use1-az1': 1, 'c8g.12xlarge_use1-az2': 5, 'c8g.12xlarge_use1-az4': 1, 'c8g.12xlarge_use1-az6': 25, 'c8g.16xlarge_use1-az1': 10, 'c8g.16xlarge_use1-az2': 5, 'c8g.16xlarge_use1-az4': 1, 'c8g.16xlarge_use1-az6': 50, 'c8g.24xlarge_use1-az1': 5, 'c8g.24xlarge_use1-az2': 10, 'c8g.24xlarge_use1-az4': 1, 'c8g.24xlarge_use1-az6': 25, 'c8g.2xlarge_use1-az1': 5, 'c8g.2xlarge_use1-az2': 5, 'c8g.2xlarge_use1-az4': 50, 'c8g.2xlarge_use1-az5': 1, 'c8g.2xlarge_use1-az6': 50, 'c8g.48xlarge_use1-az1': 1, 'c8g.48xlarge_use1-az2': 5, 'c8g.48xlarge_use1-az6': 50, 'c8g.4xlarge_use1-az1': 35, 'c8g.4xlarge_use1-az2': 15, 'c8g.4xlarge_use1-az4': 20, 'c8g.4xlarge_use1-az5': 10, 'c8g.4xlarge_use1-az6': 50, 'c8g.8xlarge_use1-az1': 1, 'c8g.8xlarge_use1-az2': 5, 'c8g.8xlarge_use1-az4': 5, 'c8g.8xlarge_use1-az6': 50, 'c8g.large_use1-az1': 5, 'c8g.large_use1-az2': 20, 'c8g.large_use1-az4': 5, 'c8g.large_use1-az5': 1, 'c8g.large_use1-az6': 40, 'c8g.metal-24xl_use1-az2': 1, 'c8g.metal-24xl_use1-az6': 20, 'c8g.metal-48xl_use1-az1': 1, 'c8g.metal-48xl_use1-az2': 1, 'c8g.metal-48xl_use1-az6': 50, 'c8g.xlarge_use1-az1': 5, 'c8g.xlarge_use1-az2': 30, 'c8g.xlarge_use1-az4': 5, 'c8g.xlarge_use1-az5': 1, 'c8g.xlarge_use1-az6': 50, 'c8gd.12xlarge_use1-az2': 5, 'c8gd.12xlarge_use1-az4': 5, 'c8gd.12xlarge_use1-az5': 1, 'c8gd.12xlarge_use1-az6': 5, 'c8gd.16xlarge_use1-az2': 10, 'c8gd.16xlarge_use1-az4': 10, 'c8gd.16xlarge_use1-az5': 5, 'c8gd.16xlarge_use1-az6': 50, 'c8gd.24xlarge_use1-az2': 1, 'c8gd.24xlarge_use1-az4': 5, 'c8gd.24xlarge_use1-az5': 1, 'c8gd.24xlarge_use1-az6': 5, 'c8gd.2xlarge_use1-az2': 50, 'c8gd.2xlarge_use1-az4': 50, 'c8gd.2xlarge_use1-az5': 10, 'c8gd.2xlarge_use1-az6': 50, 'c8gd.48xlarge_use1-az2': 1, 'c8gd.48xlarge_use1-az6': 15, 'c8gd.4xlarge_use1-az2': 10, 'c8gd.4xlarge_use1-az4': 30, 'c8gd.4xlarge_use1-az5': 1, 'c8gd.4xlarge_use1-az6': 50, 'c8gd.8xlarge_use1-az2': 1, 'c8gd.8xlarge_use1-az4': 1, 'c8gd.8xlarge_use1-az5': 1, 'c8gd.8xlarge_use1-az6': 5, 'c8gd.large_use1-az1': 1, 'c8gd.large_use1-az2': 40, 'c8gd.large_use1-az4': 35, 'c8gd.large_use1-az6': 50, 'c8gd.metal-24xl_use1-az2': 1, 'c8gd.metal-24xl_use1-az4': 1, 'c8gd.metal-24xl_use1-az5': 1, 'c8gd.metal-24xl_use1-az6': 5, 'c8gd.metal-48xl_use1-az2': 1, 'c8gd.metal-48xl_use1-az6': 1, 'c8gd.xlarge_use1-az1': 1, 'c8gd.xlarge_use1-az2': 20, 'c8gd.xlarge_use1-az4': 20, 'c8gd.xlarge_use1-az5': 15, 'c8gd.xlarge_use1-az6': 50, 'c8gn.2xlarge_use1-az2': 1, 'c8gn.2xlarge_use1-az4': 1, 'c8gn.2xlarge_use1-az6': 1, 'c8gn.4xlarge_use1-az2': 1, 'c8gn.4xlarge_use1-az5': 1, 'c8gn.8xlarge_use1-az2': 1, 'c8gn.8xlarge_use1-az6': 1, 'c8gn.large_use1-az6': 1, 'c8i-flex.12xlarge_use1-az6': 1, 'c8i-flex.16xlarge_use1-az6': 1, 'c8i-flex.2xlarge_use1-az2': 25, 'c8i-flex.2xlarge_use1-az4': 15, 'c8i-flex.2xlarge_use1-az6': 50, 'c8i-flex.4xlarge_use1-az2': 5, 'c8i-flex.4xlarge_use1-az4': 1, 'c8i-flex.4xlarge_use1-az6': 5, 'c8i-flex.8xlarge_use1-az6': 1, 'c8i-flex.large_use1-az4': 20, 'c8i-flex.xlarge_use1-az2': 40, 'c8i-flex.xlarge_use1-az4': 5, 'c8i-flex.xlarge_use1-az6': 50, 'c8i.12xlarge_use1-az2': 1, 'c8i.12xlarge_use1-az4': 1, 'c8i.12xlarge_use1-az6': 1, 'c8i.16xlarge_use1-az6': 1, 'c8i.24xlarge_use1-az6': 1, 'c8i.2xlarge_use1-az2': 10, 'c8i.2xlarge_use1-az4': 5, 'c8i.2xlarge_use1-az6': 20, 'c8i.32xlarge_use1-az2': 1, 'c8i.32xlarge_use1-az4': 1, 'c8i.32xlarge_use1-az6': 5, 'c8i.48xlarge_use1-az2': 1, 'c8i.48xlarge_use1-az6': 1, 'c8i.4xlarge_use1-az2': 5, 'c8i.4xlarge_use1-az4': 5, 'c8i.4xlarge_use1-az6': 5, 'c8i.8xlarge_use1-az2': 1, 'c8i.8xlarge_use1-az4': 1, 'c8i.8xlarge_use1-az6': 5, 'c8i.96xlarge_use1-az2': 1, 'c8i.96xlarge_use1-az6': 5, 'c8i.metal-48xl_use1-az2': 1, 'c8i.metal-96xl_use1-az2': 1, 'c8i.metal-96xl_use1-az6': 5, 'c8i.xlarge_use1-az2': 50, 'c8i.xlarge_use1-az4': 15, 'c8i.xlarge_use1-az6': 50, 'd2.2xlarge_use1-az1': 1, 'd2.2xlarge_use1-az6': 1, 'd2.4xlarge_use1-az2': 1, 'd2.4xlarge_use1-az6': 1, 'd2.xlarge_use1-az6': 1, 'd3.2xlarge_use1-az1': 15, 'd3.2xlarge_use1-az2': 45, 'd3.2xlarge_use1-az4': 40, 'd3.2xlarge_use1-az6': 35, 'd3.4xlarge_use1-az1': 1, 'd3.4xlarge_use1-az2': 5, 'd3.4xlarge_use1-az4': 15, 'd3.4xlarge_use1-az6': 5, 'd3.8xlarge_use1-az1': 1, 'd3.8xlarge_use1-az2': 40, 'd3.8xlarge_use1-az4': 35, 'd3.8xlarge_use1-az6': 20, 'd3.xlarge_use1-az1': 10, 'd3.xlarge_use1-az2': 50, 'd3.xlarge_use1-az4': 45, 'd3.xlarge_use1-az6': 25, 'd3en.12xlarge_use1-az1': 1, 'd3en.12xlarge_use1-az2': 10, 'd3en.12xlarge_use1-az4': 20, 'd3en.12xlarge_use1-az6': 50, 'd3en.2xlarge_use1-az1': 5, 'd3en.2xlarge_use1-az2': 25, 'd3en.2xlarge_use1-az4': 15, 'd3en.2xlarge_use1-az6': 50, 'd3en.4xlarge_use1-az1': 1, 'd3en.4xlarge_use1-az2': 5, 'd3en.4xlarge_use1-az4': 10, 'd3en.4xlarge_use1-az6': 50, 'd3en.6xlarge_use1-az1': 1, 'd3en.6xlarge_use1-az2': 5, 'd3en.6xlarge_use1-az4': 15, 'd3en.6xlarge_use1-az6': 50, 'd3en.8xlarge_use1-az1': 1, 'd3en.8xlarge_use1-az2': 15, 'd3en.8xlarge_use1-az4': 5, 'd3en.8xlarge_use1-az6': 50, 'd3en.xlarge_use1-az1': 5, 'd3en.xlarge_use1-az2': 50, 'd3en.xlarge_use1-az4': 30, 'd3en.xlarge_use1-az6': 50, 'f2.12xlarge_use1-az2': 1, 'f2.12xlarge_use1-az4': 1, 'f2.12xlarge_use1-az6': 1, 'f2.48xlarge_use1-az2': 5, 'f2.48xlarge_use1-az4': 5, 'f2.48xlarge_use1-az6': 1, 'g4ad.16xlarge_use1-az1': 5, 'g4ad.16xlarge_use1-az2': 5, 'g4ad.16xlarge_use1-az4': 5, 'g4ad.16xlarge_use1-az6': 10, 'g4ad.2xlarge_use1-az1': 5, 'g4ad.2xlarge_use1-az2': 10, 'g4ad.2xlarge_use1-az4': 10, 'g4ad.2xlarge_use1-az6': 10, 'g4ad.4xlarge_use1-az1': 10, 'g4ad.4xlarge_use1-az2': 15, 'g4ad.4xlarge_use1-az4': 15, 'g4ad.4xlarge_use1-az6': 5, 'g4ad.8xlarge_use1-az1': 1, 'g4ad.8xlarge_use1-az2': 5, 'g4ad.8xlarge_use1-az4': 5, 'g4ad.8xlarge_use1-az6': 5, 'g4ad.xlarge_use1-az1': 20, 'g4ad.xlarge_use1-az2': 20, 'g4ad.xlarge_use1-az4': 25, 'g4ad.xlarge_use1-az6': 20, 'g4dn.12xlarge_use1-az1': 5, 'g4dn.12xlarge_use1-az2': 15, 'g4dn.12xlarge_use1-az4': 15, 'g4dn.12xlarge_use1-az5': 15, 'g4dn.12xlarge_use1-az6': 50, 'g4dn.16xlarge_use1-az1': 1, 'g4dn.16xlarge_use1-az2': 10, 'g4dn.16xlarge_use1-az4': 1, 'g4dn.16xlarge_use1-az5': 5, 'g4dn.16xlarge_use1-az6': 15, 'g4dn.2xlarge_use1-az1': 45, 'g4dn.2xlarge_use1-az2': 50, 'g4dn.2xlarge_use1-az4': 50, 'g4dn.2xlarge_use1-az5': 50, 'g4dn.2xlarge_use1-az6': 50, 'g4dn.4xlarge_use1-az1': 5, 'g4dn.4xlarge_use1-az2': 40, 'g4dn.4xlarge_use1-az4': 25, 'g4dn.4xlarge_use1-az5': 40, 'g4dn.4xlarge_use1-az6': 40, 'g4dn.8xlarge_use1-az1': 1, 'g4dn.8xlarge_use1-az2': 1, 'g4dn.8xlarge_use1-az4': 10, 'g4dn.8xlarge_use1-az5': 1, 'g4dn.8xlarge_use1-az6': 5, 'g4dn.xlarge_use1-az1': 50, 'g4dn.xlarge_use1-az2': 50, 'g4dn.xlarge_use1-az4': 50, 'g4dn.xlarge_use1-az5': 50, 'g4dn.xlarge_use1-az6': 50, 'g5.12xlarge_use1-az2': 1, 'g5.12xlarge_use1-az5': 10, 'g5.12xlarge_use1-az6': 5, 'g5.16xlarge_use1-az1': 1, 'g5.16xlarge_use1-az2': 1, 'g5.16xlarge_use1-az4': 5, 'g5.16xlarge_use1-az5': 5, 'g5.16xlarge_use1-az6': 10, 'g5.24xlarge_use1-az1': 1, 'g5.24xlarge_use1-az2': 1, 'g5.24xlarge_use1-az4': 1, 'g5.24xlarge_use1-az5': 1, 'g5.24xlarge_use1-az6': 5, 'g5.2xlarge_use1-az1': 25, 'g5.2xlarge_use1-az2': 15, 'g5.2xlarge_use1-az4': 15, 'g5.2xlarge_use1-az5': 50, 'g5.2xlarge_use1-az6': 45, 'g5.48xlarge_use1-az2': 1, 'g5.48xlarge_use1-az5': 5, 'g5.48xlarge_use1-az6': 25, 'g5.4xlarge_use1-az1': 1, 'g5.4xlarge_use1-az2': 50, 'g5.4xlarge_use1-az4': 50, 'g5.4xlarge_use1-az5': 40, 'g5.4xlarge_use1-az6': 50, 'g5.8xlarge_use1-az1': 1, 'g5.8xlarge_use1-az2': 5, 'g5.8xlarge_use1-az4': 10, 'g5.8xlarge_use1-az5': 20, 'g5.8xlarge_use1-az6': 10, 'g5.xlarge_use1-az1': 25, 'g5.xlarge_use1-az2': 50, 'g5.xlarge_use1-az4': 50, 'g5.xlarge_use1-az5': 50, 'g5.xlarge_use1-az6': 50, 'g5g.16xlarge_use1-az1': 1, 'g5g.16xlarge_use1-az6': 5, 'g5g.4xlarge_use1-az6': 1, 'g5g.8xlarge_use1-az1': 1, 'g5g.8xlarge_use1-az4': 1, 'g5g.8xlarge_use1-az6': 1, 'g5g.xlarge_use1-az1': 1, 'g5g.xlarge_use1-az2': 1, 'g5g.xlarge_use1-az4': 1, 'g5g.xlarge_use1-az6': 5, 'g6.12xlarge_use1-az1': 5, 'g6.12xlarge_use1-az2': 1, 'g6.12xlarge_use1-az4': 30, 'g6.12xlarge_use1-az6': 50, 'g6.16xlarge_use1-az1': 1, 'g6.16xlarge_use1-az2': 1, 'g6.16xlarge_use1-az4': 1, 'g6.16xlarge_use1-az6': 5, 'g6.24xlarge_use1-az2': 1, 'g6.24xlarge_use1-az4': 1, 'g6.24xlarge_use1-az6': 1, 'g6.2xlarge_use1-az1': 10, 'g6.2xlarge_use1-az2': 25, 'g6.2xlarge_use1-az4': 50, 'g6.2xlarge_use1-az6': 50, 'g6.48xlarge_use1-az2': 5, 'g6.48xlarge_use1-az4': 30, 'g6.48xlarge_use1-az6': 50, 'g6.4xlarge_use1-az1': 5, 'g6.4xlarge_use1-az2': 10, 'g6.4xlarge_use1-az4': 35, 'g6.4xlarge_use1-az6': 50, 'g6.8xlarge_use1-az1': 5, 'g6.8xlarge_use1-az2': 5, 'g6.8xlarge_use1-az4': 10, 'g6.8xlarge_use1-az6': 15, 'g6.xlarge_use1-az1': 5, 'g6.xlarge_use1-az2': 5, 'g6.xlarge_use1-az4': 5, 'g6.xlarge_use1-az6': 5, 'g6e.16xlarge_use1-az1': 10, 'g6e.16xlarge_use1-az2': 15, 'g6e.16xlarge_use1-az4': 40, 'g6e.16xlarge_use1-az6': 20, 'g6e.2xlarge_use1-az1': 10, 'g6e.2xlarge_use1-az2': 1, 'g6e.2xlarge_use1-az4': 10, 'g6e.2xlarge_use1-az6': 5, 'g6e.48xlarge_use1-az4': 5, 'g6e.48xlarge_use1-az6': 1, 'g6e.4xlarge_use1-az1': 1, 'g6e.4xlarge_use1-az4': 5, 'g6e.4xlarge_use1-az6': 1, 'g6e.8xlarge_use1-az1': 1, 'g6e.8xlarge_use1-az2': 1, 'g6e.8xlarge_use1-az4': 1, 'g6e.8xlarge_use1-az6': 1, 'g6e.xlarge_use1-az1': 1, 'g6e.xlarge_use1-az6': 1, 'g6f.2xlarge_use1-az1': 1, 'g6f.2xlarge_use1-az4': 1, 'g6f.2xlarge_use1-az6': 5, 'g6f.4xlarge_use1-az1': 1, 'g6f.4xlarge_use1-az4': 1, 'g6f.4xlarge_use1-az6': 1, 'g6f.large_use1-az1': 10, 'g6f.large_use1-az2': 15, 'g6f.large_use1-az4': 40, 'g6f.large_use1-az6': 20, 'g6f.xlarge_use1-az1': 1, 'g6f.xlarge_use1-az2': 1, 'g6f.xlarge_use1-az4': 5, 'g6f.xlarge_use1-az6': 10, 'gr6.4xlarge_use1-az2': 1, 'gr6.4xlarge_use1-az4': 1, 'gr6.4xlarge_use1-az6': 1, 'gr6.8xlarge_use1-az1': 1, 'gr6.8xlarge_use1-az2': 1, 'gr6.8xlarge_use1-az4': 1, 'gr6.8xlarge_use1-az6': 1, 'i2.2xlarge_use1-az2': 10, 'i2.2xlarge_use1-az3': 5, 'i2.2xlarge_use1-az4': 10, 'i2.2xlarge_use1-az6': 5, 'i2.4xlarge_use1-az1': 1, 'i2.4xlarge_use1-az2': 10, 'i2.4xlarge_use1-az3': 1, 'i2.4xlarge_use1-az4': 10, 'i2.4xlarge_use1-az6': 5, 'i2.8xlarge_use1-az2': 1, 'i2.8xlarge_use1-az3': 1, 'i2.8xlarge_use1-az6': 1, 'i2.xlarge_use1-az1': 1, 'i2.xlarge_use1-az2': 15, 'i2.xlarge_use1-az3': 1, 'i2.xlarge_use1-az4': 20, 'i2.xlarge_use1-az6': 15, 'i3.16xlarge_use1-az1': 20, 'i3.16xlarge_use1-az2': 50, 'i3.16xlarge_use1-az3': 10, 'i3.16xlarge_use1-az4': 50, 'i3.16xlarge_use1-az5': 10, 'i3.16xlarge_use1-az6': 45, 'i3.2xlarge_use1-az1': 50, 'i3.2xlarge_use1-az2': 50, 'i3.2xlarge_use1-az3': 50, 'i3.2xlarge_use1-az4': 50, 'i3.2xlarge_use1-az5': 50, 'i3.2xlarge_use1-az6': 50, 'i3.4xlarge_use1-az1': 50, 'i3.4xlarge_use1-az2': 50, 'i3.4xlarge_use1-az3': 50, 'i3.4xlarge_use1-az4': 50, 'i3.4xlarge_use1-az5': 50, 'i3.4xlarge_use1-az6': 50, 'i3.8xlarge_use1-az1': 50, 'i3.8xlarge_use1-az2': 50, 'i3.8xlarge_use1-az3': 50, 'i3.8xlarge_use1-az4': 50, 'i3.8xlarge_use1-az5': 25, 'i3.8xlarge_use1-az6': 50, 'i3.large_use1-az1': 50, 'i3.large_use1-az2': 50, 'i3.large_use1-az3': 50, 'i3.large_use1-az4': 50, 'i3.large_use1-az5': 50, 'i3.large_use1-az6': 50, 'i3.xlarge_use1-az1': 50, 'i3.xlarge_use1-az2': 50, 'i3.xlarge_use1-az3': 50, 'i3.xlarge_use1-az4': 50, 'i3.xlarge_use1-az5': 50, 'i3.xlarge_use1-az6': 50, 'i3en.12xlarge_use1-az1': 1, 'i3en.12xlarge_use1-az2': 1, 'i3en.12xlarge_use1-az6': 50, 'i3en.24xlarge_use1-az6': 20, 'i3en.2xlarge_use1-az1': 50, 'i3en.2xlarge_use1-az2': 50, 'i3en.2xlarge_use1-az4': 30, 'i3en.2xlarge_use1-az5': 50, 'i3en.2xlarge_use1-az6': 50, 'i3en.3xlarge_use1-az1': 50, 'i3en.3xlarge_use1-az2': 50, 'i3en.3xlarge_use1-az4': 50, 'i3en.3xlarge_use1-az5': 50, 'i3en.3xlarge_use1-az6': 50, 'i3en.6xlarge_use1-az1': 10, 'i3en.6xlarge_use1-az2': 20, 'i3en.6xlarge_use1-az4': 10, 'i3en.6xlarge_use1-az6': 50, 'i3en.large_use1-az1': 50, 'i3en.large_use1-az2': 50, 'i3en.large_use1-az4': 45, 'i3en.large_use1-az5': 35, 'i3en.large_use1-az6': 50, 'i3en.xlarge_use1-az1': 50, 'i3en.xlarge_use1-az2': 50, 'i3en.xlarge_use1-az4': 50, 'i3en.xlarge_use1-az5': 50, 'i3en.xlarge_use1-az6': 50, 'i4g.16xlarge_use1-az2': 1, 'i4g.16xlarge_use1-az4': 1, 'i4g.16xlarge_use1-az5': 50, 'i4g.16xlarge_use1-az6': 50, 'i4g.2xlarge_use1-az2': 10, 'i4g.2xlarge_use1-az4': 15, 'i4g.2xlarge_use1-az5': 40, 'i4g.2xlarge_use1-az6': 50, 'i4g.4xlarge_use1-az2': 25, 'i4g.4xlarge_use1-az4': 30, 'i4g.4xlarge_use1-az5': 50, 'i4g.4xlarge_use1-az6': 50, 'i4g.8xlarge_use1-az5': 45, 'i4g.8xlarge_use1-az6': 15, 'i4g.large_use1-az1': 5, 'i4g.large_use1-az2': 5, 'i4g.large_use1-az4': 5, 'i4g.large_use1-az5': 25, 'i4g.large_use1-az6': 50, 'i4g.xlarge_use1-az2': 10, 'i4g.xlarge_use1-az4': 1, 'i4g.xlarge_use1-az5': 50, 'i4g.xlarge_use1-az6': 50, 'i4i.12xlarge_use1-az2': 5, 'i4i.16xlarge_use1-az1': 1, 'i4i.16xlarge_use1-az2': 1, 'i4i.16xlarge_use1-az4': 1, 'i4i.16xlarge_use1-az6': 1, 'i4i.24xlarge_use1-az2': 1, 'i4i.2xlarge_use1-az1': 15, 'i4i.2xlarge_use1-az2': 50, 'i4i.2xlarge_use1-az4': 50, 'i4i.2xlarge_use1-az5': 1, 'i4i.2xlarge_use1-az6': 50, 'i4i.4xlarge_use1-az1': 1, 'i4i.4xlarge_use1-az2': 35, 'i4i.4xlarge_use1-az4': 1, 'i4i.4xlarge_use1-az6': 15, 'i4i.8xlarge_use1-az1': 1, 'i4i.8xlarge_use1-az2': 40, 'i4i.8xlarge_use1-az6': 5, 'i4i.large_use1-az1': 50, 'i4i.large_use1-az2': 50, 'i4i.large_use1-az4': 50, 'i4i.large_use1-az5': 50, 'i4i.large_use1-az6': 50, 'i4i.xlarge_use1-az1': 50, 'i4i.xlarge_use1-az2': 50, 'i4i.xlarge_use1-az4': 50, 'i4i.xlarge_use1-az5': 50, 'i4i.xlarge_use1-az6': 50, 'i7i.12xlarge_use1-az1': 1, 'i7i.12xlarge_use1-az2': 1, 'i7i.12xlarge_use1-az4': 1, 'i7i.12xlarge_use1-az5': 1, 'i7i.12xlarge_use1-az6': 1, 'i7i.16xlarge_use1-az2': 1, 'i7i.16xlarge_use1-az4': 5, 'i7i.16xlarge_use1-az5': 1, 'i7i.16xlarge_use1-az6': 1, 'i7i.24xlarge_use1-az2': 1, 'i7i.24xlarge_use1-az4': 1, 'i7i.24xlarge_use1-az5': 1, 'i7i.24xlarge_use1-az6': 1, 'i7i.2xlarge_use1-az1': 1, 'i7i.2xlarge_use1-az2': 50, 'i7i.2xlarge_use1-az4': 45, 'i7i.2xlarge_use1-az5': 20, 'i7i.2xlarge_use1-az6': 10, 'i7i.48xlarge_use1-az2': 1, 'i7i.4xlarge_use1-az1': 1, 'i7i.4xlarge_use1-az2': 15, 'i7i.4xlarge_use1-az4': 20, 'i7i.4xlarge_use1-az5': 5, 'i7i.4xlarge_use1-az6': 20, 'i7i.8xlarge_use1-az1': 1, 'i7i.8xlarge_use1-az2': 1, 'i7i.8xlarge_use1-az4': 5, 'i7i.8xlarge_use1-az5': 1, 'i7i.8xlarge_use1-az6': 1, 'i7i.metal-24xl_use1-az2': 1, 'i7i.metal-24xl_use1-az4': 50, 'i7i.metal-24xl_use1-az6': 35, 'i7i.xlarge_use1-az1': 1, 'i7i.xlarge_use1-az6': 20, 'i7ie.12xlarge_use1-az1': 1, 'i7ie.12xlarge_use1-az4': 1, 'i7ie.12xlarge_use1-az6': 30, 'i7ie.18xlarge_use1-az4': 1, 'i7ie.18xlarge_use1-az6': 20, 'i7ie.24xlarge_use1-az1': 1, 'i7ie.24xlarge_use1-az2': 1, 'i7ie.24xlarge_use1-az4': 1, 'i7ie.24xlarge_use1-az6': 50, 'i7ie.2xlarge_use1-az1': 5, 'i7ie.2xlarge_use1-az2': 1, 'i7ie.2xlarge_use1-az4': 15, 'i7ie.2xlarge_use1-az6': 35, 'i7ie.3xlarge_use1-az1': 5, 'i7ie.3xlarge_use1-az2': 1, 'i7ie.3xlarge_use1-az4': 5, 'i7ie.3xlarge_use1-az6': 30, 'i7ie.48xlarge_use1-az6': 50, 'i7ie.6xlarge_use1-az1': 25, 'i7ie.6xlarge_use1-az4': 20, 'i7ie.6xlarge_use1-az6': 50, 'i7ie.large_use1-az1': 45, 'i7ie.large_use1-az2': 15, 'i7ie.large_use1-az4': 50, 'i7ie.large_use1-az6': 50, 'i7ie.metal-24xl_use1-az4': 1, 'i7ie.metal-24xl_use1-az6': 15, 'i7ie.metal-48xl_use1-az6': 10, 'i7ie.xlarge_use1-az1': 10, 'i7ie.xlarge_use1-az2': 25, 'i7ie.xlarge_use1-az4': 45, 'i7ie.xlarge_use1-az6': 50, 'i8g.12xlarge_use1-az6': 1, 'i8g.24xlarge_use1-az6': 10, 'i8g.2xlarge_use1-az2': 1, 'i8g.4xlarge_use1-az2': 1, 'i8g.8xlarge_use1-az6': 5, 'i8g.large_use1-az2': 10, 'i8g.large_use1-az6': 5, 'i8g.xlarge_use1-az2': 1, 'i8g.xlarge_use1-az4': 1, 'i8g.xlarge_use1-az6': 1, 'i8ge.12xlarge_use1-az4': 1, 'i8ge.12xlarge_use1-az6': 5, 'i8ge.18xlarge_use1-az2': 1, 'i8ge.18xlarge_use1-az4': 1, 'i8ge.18xlarge_use1-az6': 5, 'i8ge.24xlarge_use1-az4': 1, 'i8ge.24xlarge_use1-az6': 5, 'i8ge.2xlarge_use1-az4': 10, 'i8ge.3xlarge_use1-az2': 1, 'i8ge.3xlarge_use1-az4': 5, 'i8ge.48xlarge_use1-az4': 5, 'i8ge.6xlarge_use1-az2': 1, 'i8ge.6xlarge_use1-az4': 1, 'i8ge.large_use1-az2': 5, 'i8ge.large_use1-az4': 50, 'i8ge.metal-24xl_use1-az4': 1, 'i8ge.metal-48xl_use1-az6': 1, 'i8ge.xlarge_use1-az4': 20, 'im4gn.16xlarge_use1-az4': 45, 'im4gn.2xlarge_use1-az1': 10, 'im4gn.2xlarge_use1-az4': 20, 'im4gn.2xlarge_use1-az6': 15, 'im4gn.4xlarge_use1-az1': 5, 'im4gn.4xlarge_use1-az4': 15, 'im4gn.8xlarge_use1-az1': 1, 'im4gn.8xlarge_use1-az4': 5, 'im4gn.large_use1-az1': 35, 'im4gn.large_use1-az2': 10, 'im4gn.large_use1-az4': 50, 'im4gn.large_use1-az6': 10, 'im4gn.xlarge_use1-az1': 25, 'im4gn.xlarge_use1-az2': 50, 'im4gn.xlarge_use1-az4': 30, 'im4gn.xlarge_use1-az6': 40, 'inf1.24xlarge_use1-az1': 1, 'inf1.24xlarge_use1-az2': 1, 'inf1.24xlarge_use1-az4': 10, 'inf1.24xlarge_use1-az5': 5, 'inf1.24xlarge_use1-az6': 20, 'inf1.2xlarge_use1-az1': 15, 'inf1.2xlarge_use1-az2': 15, 'inf1.2xlarge_use1-az4': 30, 'inf1.2xlarge_use1-az5': 40, 'inf1.2xlarge_use1-az6': 40, 'inf1.6xlarge_use1-az1': 1, 'inf1.6xlarge_use1-az2': 1, 'inf1.6xlarge_use1-az4': 5, 'inf1.6xlarge_use1-az5': 5, 'inf1.6xlarge_use1-az6': 10, 'inf1.xlarge_use1-az1': 50, 'inf1.xlarge_use1-az2': 50, 'inf1.xlarge_use1-az4': 40, 'inf1.xlarge_use1-az5': 50, 'inf1.xlarge_use1-az6': 50, 'inf2.24xlarge_use1-az4': 1, 'inf2.24xlarge_use1-az6': 10, 'inf2.48xlarge_use1-az6': 15, 'inf2.8xlarge_use1-az2': 5, 'inf2.8xlarge_use1-az4': 5, 'inf2.8xlarge_use1-az5': 1, 'inf2.8xlarge_use1-az6': 1, 'inf2.xlarge_use1-az2': 5, 'inf2.xlarge_use1-az4': 1, 'inf2.xlarge_use1-az6': 50, 'is4gen.2xlarge_use1-az1': 1, 'is4gen.2xlarge_use1-az2': 50, 'is4gen.2xlarge_use1-az4': 50, 'is4gen.2xlarge_use1-az6': 50, 'is4gen.4xlarge_use1-az1': 1, 'is4gen.8xlarge_use1-az1': 1, 'is4gen.8xlarge_use1-az4': 1, 'is4gen.large_use1-az1': 5, 'is4gen.large_use1-az2': 1, 'is4gen.large_use1-az4': 10, 'is4gen.large_use1-az6': 15, 'is4gen.medium_use1-az1': 50, 'is4gen.medium_use1-az2': 25, 'is4gen.medium_use1-az4': 40, 'is4gen.medium_use1-az6': 30, 'is4gen.xlarge_use1-az1': 1, 'is4gen.xlarge_use1-az2': 1, 'is4gen.xlarge_use1-az4': 15, 'is4gen.xlarge_use1-az6': 1, 'm1.large_use1-az1': 5, 'm1.large_use1-az2': 25, 'm1.large_use1-az4': 20, 'm1.large_use1-az6': 15, 'm1.xlarge_use1-az1': 1, 'm1.xlarge_use1-az2': 10, 'm1.xlarge_use1-az4': 10, 'm1.xlarge_use1-az6': 10, 'm2.2xlarge_use1-az1': 5, 'm2.2xlarge_use1-az2': 10, 'm2.2xlarge_use1-az4': 15, 'm2.2xlarge_use1-az6': 5, 'm2.4xlarge_use1-az1': 1, 'm2.4xlarge_use1-az2': 5, 'm2.4xlarge_use1-az4': 5, 'm2.4xlarge_use1-az6': 5, 'm2.xlarge_use1-az1': 5, 'm2.xlarge_use1-az2': 20, 'm2.xlarge_use1-az4': 20, 'm2.xlarge_use1-az6': 15, 'm3.2xlarge_use1-az2': 25, 'm3.2xlarge_use1-az3': 1, 'm3.2xlarge_use1-az4': 40, 'm3.2xlarge_use1-az6': 45, 'm3.large_use1-az2': 50, 'm3.large_use1-az3': 1, 'm3.large_use1-az4': 50, 'm3.large_use1-az6': 50, 'm3.xlarge_use1-az2': 50, 'm3.xlarge_use1-az3': 1, 'm3.xlarge_use1-az4': 50, 'm3.xlarge_use1-az6': 50, 'm4.10xlarge_use1-az1': 5, 'm4.10xlarge_use1-az2': 10, 'm4.10xlarge_use1-az3': 1, 'm4.10xlarge_use1-az4': 50, 'm4.10xlarge_use1-az5': 1, 'm4.10xlarge_use1-az6': 50, 'm4.2xlarge_use1-az1': 5, 'm4.2xlarge_use1-az2': 20, 'm4.2xlarge_use1-az3': 50, 'm4.2xlarge_use1-az4': 20, 'm4.2xlarge_use1-az5': 1, 'm4.2xlarge_use1-az6': 25, 'm4.4xlarge_use1-az1': 50, 'm4.4xlarge_use1-az2': 50, 'm4.4xlarge_use1-az3': 50, 'm4.4xlarge_use1-az4': 25, 'm4.4xlarge_use1-az5': 10, 'm4.4xlarge_use1-az6': 15, 'm4.large_use1-az1': 30, 'm4.large_use1-az2': 50, 'm4.large_use1-az3': 25, 'm4.large_use1-az4': 50, 'm4.large_use1-az5': 10, 'm4.large_use1-az6': 50, 'm4.xlarge_use1-az1': 15, 'm4.xlarge_use1-az2': 50, 'm4.xlarge_use1-az3': 50, 'm4.xlarge_use1-az4': 50, 'm4.xlarge_use1-az5': 30, 'm4.xlarge_use1-az6': 50, 'm5.12xlarge_use1-az1': 5, 'm5.12xlarge_use1-az2': 25, 'm5.12xlarge_use1-az4': 50, 'm5.12xlarge_use1-az5': 1, 'm5.12xlarge_use1-az6': 40, 'm5.16xlarge_use1-az1': 10, 'm5.16xlarge_use1-az2': 50, 'm5.16xlarge_use1-az4': 50, 'm5.16xlarge_use1-az5': 1, 'm5.16xlarge_use1-az6': 50, 'm5.24xlarge_use1-az1': 5, 'm5.24xlarge_use1-az2': 5, 'm5.24xlarge_use1-az4': 5, 'm5.24xlarge_use1-az5': 1, 'm5.24xlarge_use1-az6': 35, 'm5.2xlarge_use1-az1': 50, 'm5.2xlarge_use1-az2': 50, 'm5.2xlarge_use1-az4': 50, 'm5.2xlarge_use1-az5': 50, 'm5.2xlarge_use1-az6': 50, 'm5.4xlarge_use1-az1': 50, 'm5.4xlarge_use1-az2': 50, 'm5.4xlarge_use1-az4': 50, 'm5.4xlarge_use1-az5': 10, 'm5.4xlarge_use1-az6': 50, 'm5.8xlarge_use1-az1': 50, 'm5.8xlarge_use1-az2': 40, 'm5.8xlarge_use1-az4': 50, 'm5.8xlarge_use1-az5': 1, 'm5.8xlarge_use1-az6': 50, 'm5.large_use1-az1': 50, 'm5.large_use1-az2': 50, 'm5.large_use1-az4': 50, 'm5.large_use1-az5': 50, 'm5.large_use1-az6': 50, 'm5.xlarge_use1-az1': 50, 'm5.xlarge_use1-az2': 50, 'm5.xlarge_use1-az4': 50, 'm5.xlarge_use1-az5': 50, 'm5.xlarge_use1-az6': 50, 'm5a.12xlarge_use1-az2': 1, 'm5a.12xlarge_use1-az4': 1, 'm5a.12xlarge_use1-az6': 1, 'm5a.16xlarge_use1-az2': 1, 'm5a.16xlarge_use1-az4': 1, 'm5a.16xlarge_use1-az6': 1, 'm5a.24xlarge_use1-az1': 1, 'm5a.24xlarge_use1-az2': 1, 'm5a.24xlarge_use1-az4': 1, 'm5a.24xlarge_use1-az5': 5, 'm5a.24xlarge_use1-az6': 5, 'm5a.2xlarge_use1-az1': 10, 'm5a.2xlarge_use1-az2': 25, 'm5a.2xlarge_use1-az4': 25, 'm5a.2xlarge_use1-az5': 5, 'm5a.2xlarge_use1-az6': 45, 'm5a.4xlarge_use1-az1': 5, 'm5a.4xlarge_use1-az2': 10, 'm5a.4xlarge_use1-az4': 5, 'm5a.4xlarge_use1-az5': 10, 'm5a.4xlarge_use1-az6': 15, 'm5a.8xlarge_use1-az1': 1, 'm5a.8xlarge_use1-az2': 20, 'm5a.8xlarge_use1-az4': 20, 'm5a.8xlarge_use1-az5': 1, 'm5a.8xlarge_use1-az6': 5, 'm5a.large_use1-az1': 50, 'm5a.large_use1-az2': 50, 'm5a.large_use1-az4': 50, 'm5a.large_use1-az5': 45, 'm5a.large_use1-az6': 50, 'm5a.xlarge_use1-az1': 10, 'm5a.xlarge_use1-az2': 30, 'm5a.xlarge_use1-az4': 10, 'm5a.xlarge_use1-az5': 20, 'm5a.xlarge_use1-az6': 50, 'm5ad.12xlarge_use1-az1': 1, 'm5ad.16xlarge_use1-az1': 1, 'm5ad.16xlarge_use1-az2': 1, 'm5ad.16xlarge_use1-az4': 1, 'm5ad.16xlarge_use1-az6': 1, 'm5ad.24xlarge_use1-az1': 5, 'm5ad.24xlarge_use1-az2': 1, 'm5ad.24xlarge_use1-az4': 1, 'm5ad.24xlarge_use1-az6': 5, 'm5ad.2xlarge_use1-az1': 1, 'm5ad.2xlarge_use1-az2': 1, 'm5ad.2xlarge_use1-az4': 5, 'm5ad.2xlarge_use1-az6': 1, 'm5ad.4xlarge_use1-az1': 1, 'm5ad.4xlarge_use1-az2': 1, 'm5ad.4xlarge_use1-az4': 1, 'm5ad.4xlarge_use1-az6': 1, 'm5ad.8xlarge_use1-az2': 1, 'm5ad.large_use1-az1': 10, 'm5ad.large_use1-az2': 5, 'm5ad.large_use1-az4': 10, 'm5ad.large_use1-az5': 1, 'm5ad.large_use1-az6': 10, 'm5ad.xlarge_use1-az1': 1, 'm5ad.xlarge_use1-az2': 10, 'm5ad.xlarge_use1-az4': 5, 'm5ad.xlarge_use1-az6': 5, 'm5d.12xlarge_use1-az1': 1, 'm5d.12xlarge_use1-az2': 25, 'm5d.12xlarge_use1-az4': 30, 'm5d.12xlarge_use1-az6': 15, 'm5d.16xlarge_use1-az1': 5, 'm5d.16xlarge_use1-az2': 35, 'm5d.16xlarge_use1-az4': 20, 'm5d.16xlarge_use1-az5': 1, 'm5d.16xlarge_use1-az6': 50, 'm5d.24xlarge_use1-az1': 20, 'm5d.24xlarge_use1-az2': 15, 'm5d.24xlarge_use1-az4': 5, 'm5d.24xlarge_use1-az5': 1, 'm5d.24xlarge_use1-az6': 50, 'm5d.2xlarge_use1-az1': 5, 'm5d.2xlarge_use1-az2': 25, 'm5d.2xlarge_use1-az4': 25, 'm5d.2xlarge_use1-az6': 30, 'm5d.4xlarge_use1-az1': 5, 'm5d.4xlarge_use1-az2': 15, 'm5d.4xlarge_use1-az4': 25, 'm5d.4xlarge_use1-az6': 25, 'm5d.8xlarge_use1-az1': 1, 'm5d.8xlarge_use1-az2': 25, 'm5d.8xlarge_use1-az4': 10, 'm5d.8xlarge_use1-az5': 1, 'm5d.8xlarge_use1-az6': 10, 'm5d.large_use1-az1': 5, 'm5d.large_use1-az2': 50, 'm5d.large_use1-az4': 50, 'm5d.large_use1-az6': 50, 'm5d.xlarge_use1-az1': 50, 'm5d.xlarge_use1-az2': 50, 'm5d.xlarge_use1-az4': 50, 'm5d.xlarge_use1-az5': 1, 'm5d.xlarge_use1-az6': 50, 'm5dn.12xlarge_use1-az1': 1, 'm5dn.12xlarge_use1-az4': 1, 'm5dn.12xlarge_use1-az6': 1, 'm5dn.16xlarge_use1-az1': 1, 'm5dn.16xlarge_use1-az2': 5, 'm5dn.16xlarge_use1-az4': 1, 'm5dn.16xlarge_use1-az6': 1, 'm5dn.24xlarge_use1-az1': 1, 'm5dn.24xlarge_use1-az2': 1, 'm5dn.24xlarge_use1-az4': 1, 'm5dn.24xlarge_use1-az6': 5, 'm5dn.2xlarge_use1-az1': 10, 'm5dn.2xlarge_use1-az2': 5, 'm5dn.2xlarge_use1-az4': 5, 'm5dn.2xlarge_use1-az5': 1, 'm5dn.2xlarge_use1-az6': 15, 'm5dn.4xlarge_use1-az1': 5, 'm5dn.4xlarge_use1-az2': 5, 'm5dn.4xlarge_use1-az4': 1, 'm5dn.4xlarge_use1-az5': 1, 'm5dn.4xlarge_use1-az6': 5, 'm5dn.8xlarge_use1-az2': 1, 'm5dn.8xlarge_use1-az6': 1, 'm5dn.large_use1-az1': 35, 'm5dn.large_use1-az2': 30, 'm5dn.large_use1-az4': 40, 'm5dn.large_use1-az5': 15, 'm5dn.large_use1-az6': 50, 'm5dn.xlarge_use1-az1': 10, 'm5dn.xlarge_use1-az2': 25, 'm5dn.xlarge_use1-az4': 20, 'm5dn.xlarge_use1-az5': 1, 'm5dn.xlarge_use1-az6': 30, 'm5n.12xlarge_use1-az1': 1, 'm5n.12xlarge_use1-az2': 1, 'm5n.12xlarge_use1-az4': 1, 'm5n.12xlarge_use1-az5': 1, 'm5n.12xlarge_use1-az6': 1, 'm5n.16xlarge_use1-az2': 1, 'm5n.16xlarge_use1-az4': 1, 'm5n.16xlarge_use1-az6': 1, 'm5n.24xlarge_use1-az2': 1, 'm5n.24xlarge_use1-az4': 1, 'm5n.24xlarge_use1-az6': 1, 'm5n.2xlarge_use1-az1': 15, 'm5n.2xlarge_use1-az2': 25, 'm5n.2xlarge_use1-az4': 30, 'm5n.2xlarge_use1-az5': 5, 'm5n.2xlarge_use1-az6': 25, 'm5n.4xlarge_use1-az1': 25, 'm5n.4xlarge_use1-az2': 35, 'm5n.4xlarge_use1-az4': 50, 'm5n.4xlarge_use1-az5': 5, 'm5n.4xlarge_use1-az6': 10, 'm5n.8xlarge_use1-az1': 1, 'm5n.8xlarge_use1-az2': 1, 'm5n.8xlarge_use1-az4': 1, 'm5n.8xlarge_use1-az6': 5, 'm5n.large_use1-az1': 5, 'm5n.large_use1-az2': 15, 'm5n.large_use1-az4': 5, 'm5n.large_use1-az5': 5, 'm5n.large_use1-az6': 15, 'm5n.xlarge_use1-az1': 20, 'm5n.xlarge_use1-az2': 50, 'm5n.xlarge_use1-az4': 50, 'm5n.xlarge_use1-az5': 1, 'm5n.xlarge_use1-az6': 50, 'm5zn.12xlarge_use1-az2': 1, 'm5zn.12xlarge_use1-az4': 10, 'm5zn.12xlarge_use1-az5': 1, 'm5zn.12xlarge_use1-az6': 5, 'm5zn.2xlarge_use1-az1': 1, 'm5zn.2xlarge_use1-az2': 1, 'm5zn.2xlarge_use1-az4': 25, 'm5zn.2xlarge_use1-az5': 1, 'm5zn.2xlarge_use1-az6': 5, 'm5zn.3xlarge_use1-az1': 1, 'm5zn.3xlarge_use1-az2': 1, 'm5zn.3xlarge_use1-az4': 5, 'm5zn.3xlarge_use1-az6': 5, 'm5zn.6xlarge_use1-az4': 1, 'm5zn.6xlarge_use1-az6': 1, 'm5zn.large_use1-az1': 5, 'm5zn.large_use1-az2': 5, 'm5zn.large_use1-az4': 30, 'm5zn.large_use1-az5': 15, 'm5zn.large_use1-az6': 20, 'm5zn.xlarge_use1-az1': 1, 'm5zn.xlarge_use1-az2': 1, 'm5zn.xlarge_use1-az4': 20, 'm5zn.xlarge_use1-az5': 5, 'm5zn.xlarge_use1-az6': 5, 'm6a.12xlarge_use1-az1': 5, 'm6a.12xlarge_use1-az2': 5, 'm6a.12xlarge_use1-az4': 15, 'm6a.12xlarge_use1-az6': 10, 'm6a.16xlarge_use1-az1': 5, 'm6a.16xlarge_use1-az2': 5, 'm6a.16xlarge_use1-az4': 5, 'm6a.16xlarge_use1-az6': 5, 'm6a.24xlarge_use1-az1': 1, 'm6a.24xlarge_use1-az2': 1, 'm6a.24xlarge_use1-az4': 1, 'm6a.24xlarge_use1-az6': 1, 'm6a.2xlarge_use1-az1': 50, 'm6a.2xlarge_use1-az2': 35, 'm6a.2xlarge_use1-az4': 45, 'm6a.2xlarge_use1-az5': 15, 'm6a.2xlarge_use1-az6': 50, 'm6a.32xlarge_use1-az2': 1, 'm6a.32xlarge_use1-az4': 1, 'm6a.32xlarge_use1-az5': 1, 'm6a.32xlarge_use1-az6': 1, 'm6a.48xlarge_use1-az2': 1, 'm6a.48xlarge_use1-az4': 1, 'm6a.48xlarge_use1-az6': 1, 'm6a.4xlarge_use1-az1': 45, 'm6a.4xlarge_use1-az2': 40, 'm6a.4xlarge_use1-az4': 25, 'm6a.4xlarge_use1-az5': 5, 'm6a.4xlarge_use1-az6': 50, 'm6a.8xlarge_use1-az1': 25, 'm6a.8xlarge_use1-az2': 15, 'm6a.8xlarge_use1-az4': 50, 'm6a.8xlarge_use1-az5': 10, 'm6a.8xlarge_use1-az6': 50, 'm6a.large_use1-az1': 50, 'm6a.large_use1-az2': 50, 'm6a.large_use1-az4': 50, 'm6a.large_use1-az5': 30, 'm6a.large_use1-az6': 50, 'm6a.xlarge_use1-az1': 50, 'm6a.xlarge_use1-az2': 50, 'm6a.xlarge_use1-az4': 50, 'm6a.xlarge_use1-az5': 35, 'm6a.xlarge_use1-az6': 50, 'm6g.12xlarge_use1-az1': 1, 'm6g.12xlarge_use1-az2': 5, 'm6g.12xlarge_use1-az4': 50, 'm6g.12xlarge_use1-az6': 50, 'm6g.16xlarge_use1-az1': 1, 'm6g.16xlarge_use1-az2': 5, 'm6g.16xlarge_use1-az4': 25, 'm6g.16xlarge_use1-az6': 50, 'm6g.2xlarge_use1-az1': 15, 'm6g.2xlarge_use1-az2': 50, 'm6g.2xlarge_use1-az4': 50, 'm6g.2xlarge_use1-az5': 5, 'm6g.2xlarge_use1-az6': 50, 'm6g.4xlarge_use1-az1': 10, 'm6g.4xlarge_use1-az2': 50, 'm6g.4xlarge_use1-az4': 50, 'm6g.4xlarge_use1-az5': 10, 'm6g.4xlarge_use1-az6': 50, 'm6g.8xlarge_use1-az1': 5, 'm6g.8xlarge_use1-az2': 50, 'm6g.8xlarge_use1-az4': 50, 'm6g.8xlarge_use1-az6': 50, 'm6g.large_use1-az1': 1, 'm6g.large_use1-az2': 50, 'm6g.large_use1-az4': 50, 'm6g.large_use1-az5': 5, 'm6g.large_use1-az6': 50, 'm6g.medium_use1-az1': 5, 'm6g.medium_use1-az2': 5, 'm6g.medium_use1-az4': 10, 'm6g.medium_use1-az5': 1, 'm6g.medium_use1-az6': 15, 'm6g.xlarge_use1-az1': 50, 'm6g.xlarge_use1-az2': 50, 'm6g.xlarge_use1-az4': 50, 'm6g.xlarge_use1-az5': 50, 'm6g.xlarge_use1-az6': 50, 'm6gd.12xlarge_use1-az1': 10, 'm6gd.12xlarge_use1-az2': 40, 'm6gd.12xlarge_use1-az4': 20, 'm6gd.12xlarge_use1-az5': 5, 'm6gd.12xlarge_use1-az6': 50, 'm6gd.16xlarge_use1-az1': 5, 'm6gd.16xlarge_use1-az2': 10, 'm6gd.16xlarge_use1-az4': 10, 'm6gd.16xlarge_use1-az5': 10, 'm6gd.16xlarge_use1-az6': 35, 'm6gd.2xlarge_use1-az1': 1, 'm6gd.2xlarge_use1-az2': 50, 'm6gd.2xlarge_use1-az4': 45, 'm6gd.2xlarge_use1-az5': 1, 'm6gd.2xlarge_use1-az6': 5, 'm6gd.4xlarge_use1-az1': 1, 'm6gd.4xlarge_use1-az2': 5, 'm6gd.4xlarge_use1-az4': 5, 'm6gd.4xlarge_use1-az5': 1, 'm6gd.4xlarge_use1-az6': 15, 'm6gd.8xlarge_use1-az1': 5, 'm6gd.8xlarge_use1-az2': 10, 'm6gd.8xlarge_use1-az4': 15, 'm6gd.8xlarge_use1-az5': 1, 'm6gd.8xlarge_use1-az6': 20, 'm6gd.large_use1-az1': 1, 'm6gd.large_use1-az2': 5, 'm6gd.large_use1-az4': 5, 'm6gd.large_use1-az5': 1, 'm6gd.large_use1-az6': 15, 'm6gd.medium_use1-az1': 1, 'm6gd.medium_use1-az2': 1, 'm6gd.medium_use1-az4': 1, 'm6gd.medium_use1-az5': 5, 'm6gd.medium_use1-az6': 1, 'm6gd.xlarge_use1-az1': 1, 'm6gd.xlarge_use1-az2': 10, 'm6gd.xlarge_use1-az4': 35, 'm6gd.xlarge_use1-az5': 1, 'm6gd.xlarge_use1-az6': 15, 'm6i.12xlarge_use1-az1': 1, 'm6i.12xlarge_use1-az2': 10, 'm6i.12xlarge_use1-az4': 50, 'm6i.12xlarge_use1-az5': 1, 'm6i.12xlarge_use1-az6': 30, 'm6i.16xlarge_use1-az1': 1, 'm6i.16xlarge_use1-az2': 10, 'm6i.16xlarge_use1-az4': 5, 'm6i.16xlarge_use1-az5': 1, 'm6i.16xlarge_use1-az6': 10, 'm6i.24xlarge_use1-az2': 10, 'm6i.24xlarge_use1-az4': 5, 'm6i.24xlarge_use1-az5': 1, 'm6i.24xlarge_use1-az6': 50, 'm6i.2xlarge_use1-az1': 25, 'm6i.2xlarge_use1-az2': 50, 'm6i.2xlarge_use1-az4': 50, 'm6i.2xlarge_use1-az5': 25, 'm6i.2xlarge_use1-az6': 50, 'm6i.32xlarge_use1-az2': 1, 'm6i.32xlarge_use1-az4': 5, 'm6i.32xlarge_use1-az5': 1, 'm6i.32xlarge_use1-az6': 15, 'm6i.4xlarge_use1-az1': 15, 'm6i.4xlarge_use1-az2': 50, 'm6i.4xlarge_use1-az4': 50, 'm6i.4xlarge_use1-az5': 50, 'm6i.4xlarge_use1-az6': 50, 'm6i.8xlarge_use1-az1': 1, 'm6i.8xlarge_use1-az2': 50, 'm6i.8xlarge_use1-az4': 50, 'm6i.8xlarge_use1-az5': 20, 'm6i.8xlarge_use1-az6': 50, 'm6i.large_use1-az1': 25, 'm6i.large_use1-az2': 50, 'm6i.large_use1-az4': 50, 'm6i.large_use1-az5': 50, 'm6i.large_use1-az6': 50, 'm6i.xlarge_use1-az1': 45, 'm6i.xlarge_use1-az2': 50, 'm6i.xlarge_use1-az4': 50, 'm6i.xlarge_use1-az5': 25, 'm6i.xlarge_use1-az6': 50, 'm6id.12xlarge_use1-az1': 1, 'm6id.12xlarge_use1-az2': 1, 'm6id.12xlarge_use1-az4': 1, 'm6id.12xlarge_use1-az6': 1, 'm6id.16xlarge_use1-az1': 1, 'm6id.16xlarge_use1-az2': 1, 'm6id.16xlarge_use1-az4': 1, 'm6id.16xlarge_use1-az6': 1, 'm6id.24xlarge_use1-az1': 10, 'm6id.24xlarge_use1-az2': 15, 'm6id.24xlarge_use1-az4': 35, 'm6id.24xlarge_use1-az5': 5, 'm6id.24xlarge_use1-az6': 15, 'm6id.2xlarge_use1-az1': 5, 'm6id.2xlarge_use1-az2': 5, 'm6id.2xlarge_use1-az4': 5, 'm6id.2xlarge_use1-az5': 1, 'm6id.2xlarge_use1-az6': 5, 'm6id.32xlarge_use1-az1': 10, 'm6id.32xlarge_use1-az2': 15, 'm6id.32xlarge_use1-az4': 5, 'm6id.32xlarge_use1-az5': 1, 'm6id.32xlarge_use1-az6': 50, 'm6id.4xlarge_use1-az1': 15, 'm6id.4xlarge_use1-az2': 10, 'm6id.4xlarge_use1-az4': 5, 'm6id.4xlarge_use1-az5': 1, 'm6id.4xlarge_use1-az6': 10, 'm6id.8xlarge_use1-az1': 1, 'm6id.8xlarge_use1-az4': 5, 'm6id.8xlarge_use1-az5': 1, 'm6id.8xlarge_use1-az6': 1, 'm6id.large_use1-az1': 30, 'm6id.large_use1-az2': 35, 'm6id.large_use1-az4': 15, 'm6id.large_use1-az5': 5, 'm6id.large_use1-az6': 50, 'm6id.xlarge_use1-az1': 20, 'm6id.xlarge_use1-az2': 45, 'm6id.xlarge_use1-az4': 15, 'm6id.xlarge_use1-az5': 5, 'm6id.xlarge_use1-az6': 25, 'm6idn.12xlarge_use1-az2': 1, 'm6idn.16xlarge_use1-az4': 1, 'm6idn.24xlarge_use1-az1': 1, 'm6idn.24xlarge_use1-az2': 1, 'm6idn.24xlarge_use1-az4': 1, 'm6idn.2xlarge_use1-az1': 5, 'm6idn.2xlarge_use1-az2': 10, 'm6idn.2xlarge_use1-az4': 5, 'm6idn.2xlarge_use1-az5': 1, 'm6idn.2xlarge_use1-az6': 5, 'm6idn.32xlarge_use1-az2': 1, 'm6idn.4xlarge_use1-az1': 30, 'm6idn.4xlarge_use1-az2': 10, 'm6idn.4xlarge_use1-az4': 5, 'm6idn.4xlarge_use1-az5': 5, 'm6idn.4xlarge_use1-az6': 5, 'm6idn.large_use1-az1': 25, 'm6idn.large_use1-az2': 35, 'm6idn.large_use1-az4': 15, 'm6idn.large_use1-az5': 10, 'm6idn.large_use1-az6': 10, 'm6idn.xlarge_use1-az1': 15, 'm6idn.xlarge_use1-az2': 50, 'm6idn.xlarge_use1-az4': 20, 'm6idn.xlarge_use1-az5': 5, 'm6idn.xlarge_use1-az6': 10, 'm6in.12xlarge_use1-az4': 1, 'm6in.16xlarge_use1-az2': 1, 'm6in.16xlarge_use1-az4': 1, 'm6in.24xlarge_use1-az1': 1, 'm6in.24xlarge_use1-az2': 1, 'm6in.2xlarge_use1-az1': 10, 'm6in.2xlarge_use1-az2': 20, 'm6in.2xlarge_use1-az4': 10, 'm6in.2xlarge_use1-az5': 1, 'm6in.2xlarge_use1-az6': 5, 'm6in.4xlarge_use1-az1': 1, 'm6in.4xlarge_use1-az2': 1, 'm6in.4xlarge_use1-az5': 1, 'm6in.8xlarge_use1-az1': 1, 'm6in.8xlarge_use1-az2': 1, 'm6in.8xlarge_use1-az4': 1, 'm6in.large_use1-az1': 5, 'm6in.large_use1-az2': 10, 'm6in.large_use1-az4': 5, 'm6in.large_use1-az5': 1, 'm6in.large_use1-az6': 1, 'm6in.xlarge_use1-az1': 5, 'm6in.xlarge_use1-az2': 10, 'm6in.xlarge_use1-az4': 1, 'm7a.12xlarge_use1-az2': 1, 'm7a.12xlarge_use1-az6': 20, 'm7a.16xlarge_use1-az2': 1, 'm7a.16xlarge_use1-az6': 40, 'm7a.24xlarge_use1-az2': 1, 'm7a.24xlarge_use1-az6': 50, 'm7a.2xlarge_use1-az1': 5, 'm7a.2xlarge_use1-az2': 15, 'm7a.2xlarge_use1-az4': 10, 'm7a.2xlarge_use1-az6': 50, 'm7a.32xlarge_use1-az6': 20, 'm7a.48xlarge_use1-az6': 40, 'm7a.4xlarge_use1-az1': 10, 'm7a.4xlarge_use1-az2': 5, 'm7a.4xlarge_use1-az4': 10, 'm7a.4xlarge_use1-az6': 25, 'm7a.8xlarge_use1-az1': 1, 'm7a.8xlarge_use1-az2': 5, 'm7a.8xlarge_use1-az4': 1, 'm7a.8xlarge_use1-az6': 50, 'm7a.large_use1-az1': 15, 'm7a.large_use1-az2': 50, 'm7a.large_use1-az4': 50, 'm7a.large_use1-az5': 5, 'm7a.large_use1-az6': 50, 'm7a.medium_use1-az1': 10, 'm7a.medium_use1-az2': 50, 'm7a.medium_use1-az4': 50, 'm7a.medium_use1-az6': 50, 'm7a.xlarge_use1-az1': 5, 'm7a.xlarge_use1-az2': 40, 'm7a.xlarge_use1-az4': 50, 'm7a.xlarge_use1-az6': 50, 'm7g.12xlarge_use1-az1': 1, 'm7g.12xlarge_use1-az2': 10, 'm7g.12xlarge_use1-az4': 45, 'm7g.12xlarge_use1-az5': 1, 'm7g.12xlarge_use1-az6': 50, 'm7g.16xlarge_use1-az1': 1, 'm7g.16xlarge_use1-az2': 30, 'm7g.16xlarge_use1-az4': 35, 'm7g.16xlarge_use1-az5': 1, 'm7g.16xlarge_use1-az6': 50, 'm7g.2xlarge_use1-az1': 35, 'm7g.2xlarge_use1-az2': 50, 'm7g.2xlarge_use1-az4': 50, 'm7g.2xlarge_use1-az5': 15, 'm7g.2xlarge_use1-az6': 50, 'm7g.4xlarge_use1-az1': 10, 'm7g.4xlarge_use1-az2': 30, 'm7g.4xlarge_use1-az4': 50, 'm7g.4xlarge_use1-az5': 10, 'm7g.4xlarge_use1-az6': 50, 'm7g.8xlarge_use1-az1': 1, 'm7g.8xlarge_use1-az2': 15, 'm7g.8xlarge_use1-az4': 40, 'm7g.8xlarge_use1-az5': 1, 'm7g.8xlarge_use1-az6': 50, 'm7g.large_use1-az1': 10, 'm7g.large_use1-az2': 50, 'm7g.large_use1-az4': 50, 'm7g.large_use1-az5': 30, 'm7g.large_use1-az6': 50, 'm7g.medium_use1-az1': 30, 'm7g.medium_use1-az2': 40, 'm7g.medium_use1-az4': 50, 'm7g.medium_use1-az5': 35, 'm7g.medium_use1-az6': 50, 'm7g.metal_use1-az1': 1, 'm7g.metal_use1-az2': 25, 'm7g.metal_use1-az4': 10, 'm7g.metal_use1-az5': 1, 'm7g.metal_use1-az6': 50, 'm7g.xlarge_use1-az1': 50, 'm7g.xlarge_use1-az2': 50, 'm7g.xlarge_use1-az4': 50, 'm7g.xlarge_use1-az5': 50, 'm7g.xlarge_use1-az6': 50, 'm7gd.12xlarge_use1-az1': 5, 'm7gd.12xlarge_use1-az2': 10, 'm7gd.12xlarge_use1-az4': 1, 'm7gd.12xlarge_use1-az6': 35, 'm7gd.16xlarge_use1-az1': 1, 'm7gd.16xlarge_use1-az2': 30, 'm7gd.16xlarge_use1-az4': 1, 'm7gd.16xlarge_use1-az6': 40, 'm7gd.2xlarge_use1-az1': 15, 'm7gd.2xlarge_use1-az2': 50, 'm7gd.2xlarge_use1-az4': 15, 'm7gd.2xlarge_use1-az6': 25, 'm7gd.4xlarge_use1-az1': 5, 'm7gd.4xlarge_use1-az2': 10, 'm7gd.4xlarge_use1-az4': 1, 'm7gd.4xlarge_use1-az6': 40, 'm7gd.8xlarge_use1-az1': 10, 'm7gd.8xlarge_use1-az2': 50, 'm7gd.8xlarge_use1-az4': 30, 'm7gd.8xlarge_use1-az5': 45, 'm7gd.8xlarge_use1-az6': 50, 'm7gd.large_use1-az1': 5, 'm7gd.large_use1-az2': 50, 'm7gd.large_use1-az4': 5, 'm7gd.large_use1-az6': 50, 'm7gd.medium_use1-az1': 15, 'm7gd.medium_use1-az2': 20, 'm7gd.medium_use1-az4': 15, 'm7gd.medium_use1-az5': 20, 'm7gd.medium_use1-az6': 25, 'm7gd.metal_use1-az1': 5, 'm7gd.metal_use1-az2': 15, 'm7gd.metal_use1-az4': 1, 'm7gd.metal_use1-az6': 15, 'm7gd.xlarge_use1-az1': 5, 'm7gd.xlarge_use1-az2': 10, 'm7gd.xlarge_use1-az4': 10, 'm7gd.xlarge_use1-az5': 1, 'm7gd.xlarge_use1-az6': 25, 'm7i-flex.2xlarge_use1-az1': 50, 'm7i-flex.2xlarge_use1-az2': 50, 'm7i-flex.2xlarge_use1-az4': 15, 'm7i-flex.2xlarge_use1-az5': 10, 'm7i-flex.2xlarge_use1-az6': 50, 'm7i-flex.4xlarge_use1-az2': 5, 'm7i-flex.4xlarge_use1-az4': 5, 'm7i-flex.4xlarge_use1-az6': 25, 'm7i-flex.8xlarge_use1-az1': 1, 'm7i-flex.8xlarge_use1-az2': 5, 'm7i-flex.8xlarge_use1-az4': 5, 'm7i-flex.8xlarge_use1-az5': 1, 'm7i-flex.8xlarge_use1-az6': 10, 'm7i-flex.large_use1-az1': 20, 'm7i-flex.large_use1-az2': 50, 'm7i-flex.large_use1-az4': 25, 'm7i-flex.large_use1-az5': 25, 'm7i-flex.large_use1-az6': 50, 'm7i-flex.xlarge_use1-az1': 50, 'm7i-flex.xlarge_use1-az2': 50, 'm7i-flex.xlarge_use1-az4': 50, 'm7i-flex.xlarge_use1-az5': 15, 'm7i-flex.xlarge_use1-az6': 50, 'm7i.12xlarge_use1-az1': 1, 'm7i.12xlarge_use1-az2': 5, 'm7i.12xlarge_use1-az4': 15, 'm7i.12xlarge_use1-az6': 50, 'm7i.16xlarge_use1-az1': 5, 'm7i.16xlarge_use1-az2': 10, 'm7i.16xlarge_use1-az4': 10, 'm7i.16xlarge_use1-az6': 50, 'm7i.24xlarge_use1-az2': 5, 'm7i.24xlarge_use1-az4': 5, 'm7i.24xlarge_use1-az6': 50, 'm7i.2xlarge_use1-az1': 1, 'm7i.2xlarge_use1-az2': 50, 'm7i.2xlarge_use1-az4': 50, 'm7i.2xlarge_use1-az6': 50, 'm7i.48xlarge_use1-az1': 1, 'm7i.48xlarge_use1-az2': 5, 'm7i.48xlarge_use1-az4': 20, 'm7i.48xlarge_use1-az6': 50, 'm7i.4xlarge_use1-az1': 1, 'm7i.4xlarge_use1-az2': 25, 'm7i.4xlarge_use1-az4': 10, 'm7i.4xlarge_use1-az6': 50, 'm7i.8xlarge_use1-az1': 40, 'm7i.8xlarge_use1-az2': 20, 'm7i.8xlarge_use1-az4': 50, 'm7i.8xlarge_use1-az6': 50, 'm7i.large_use1-az1': 50, 'm7i.large_use1-az2': 50, 'm7i.large_use1-az4': 50, 'm7i.large_use1-az5': 1, 'm7i.large_use1-az6': 50, 'm7i.xlarge_use1-az1': 30, 'm7i.xlarge_use1-az2': 35, 'm7i.xlarge_use1-az4': 50, 'm7i.xlarge_use1-az6': 50, 'm8g.12xlarge_use1-az2': 10, 'm8g.12xlarge_use1-az4': 10, 'm8g.12xlarge_use1-az5': 1, 'm8g.12xlarge_use1-az6': 35, 'm8g.16xlarge_use1-az2': 5, 'm8g.16xlarge_use1-az4': 5, 'm8g.16xlarge_use1-az5': 5, 'm8g.16xlarge_use1-az6': 45, 'm8g.24xlarge_use1-az2': 5, 'm8g.24xlarge_use1-az4': 1, 'm8g.24xlarge_use1-az5': 1, 'm8g.24xlarge_use1-az6': 25, 'm8g.2xlarge_use1-az4': 10, 'm8g.2xlarge_use1-az5': 10, 'm8g.48xlarge_use1-az2': 5, 'm8g.48xlarge_use1-az4': 5, 'm8g.48xlarge_use1-az6': 20, 'm8g.4xlarge_use1-az2': 5, 'm8g.4xlarge_use1-az4': 5, 'm8g.4xlarge_use1-az5': 1, 'm8g.4xlarge_use1-az6': 40, 'm8g.8xlarge_use1-az2': 10, 'm8g.8xlarge_use1-az4': 20, 'm8g.8xlarge_use1-az5': 1, 'm8g.8xlarge_use1-az6': 40, 'm8g.large_use1-az1': 1, 'm8g.large_use1-az2': 20, 'm8g.large_use1-az6': 45, 'm8g.medium_use1-az1': 1, 'm8g.medium_use1-az2': 15, 'm8g.metal-48xl_use1-az2': 5, 'm8g.metal-48xl_use1-az6': 25, 'm8g.xlarge_use1-az1': 1, 'm8g.xlarge_use1-az5': 15, 'm8g.xlarge_use1-az6': 50, 'm8gd.16xlarge_use1-az5': 1, 'm8gd.4xlarge_use1-az2': 5, 'm8gd.4xlarge_use1-az4': 1, 'm8gd.4xlarge_use1-az6': 1, 'm8gd.8xlarge_use1-az5': 1, 'm8gd.8xlarge_use1-az6': 5, 'm8gd.large_use1-az1': 20, 'm8gd.large_use1-az2': 15, 'm8gd.large_use1-az5': 1, 'm8gd.large_use1-az6': 1, 'm8gd.medium_use1-az6': 1, 'm8gd.metal-24xl_use1-az2': 1, 'm8gd.xlarge_use1-az1': 1, 'm8gd.xlarge_use1-az5': 1, 'm8i-flex.16xlarge_use1-az6': 5, 'm8i-flex.2xlarge_use1-az2': 10, 'm8i-flex.2xlarge_use1-az4': 1, 'm8i-flex.2xlarge_use1-az6': 50, 'm8i-flex.4xlarge_use1-az2': 1, 'm8i-flex.4xlarge_use1-az4': 1, 'm8i-flex.4xlarge_use1-az6': 5, 'm8i-flex.8xlarge_use1-az6': 1, 'm8i-flex.large_use1-az2': 5, 'm8i-flex.xlarge_use1-az2': 10, 'm8i-flex.xlarge_use1-az4': 25, 'm8i-flex.xlarge_use1-az6': 50, 'm8i.12xlarge_use1-az6': 1, 'm8i.16xlarge_use1-az4': 1, 'm8i.16xlarge_use1-az6': 1, 'm8i.24xlarge_use1-az6': 1, 'm8i.2xlarge_use1-az2': 10, 'm8i.2xlarge_use1-az4': 1, 'm8i.2xlarge_use1-az6': 10, 'm8i.32xlarge_use1-az2': 1, 'm8i.32xlarge_use1-az6': 5, 'm8i.48xlarge_use1-az2': 1, 'm8i.48xlarge_use1-az6': 5, 'm8i.4xlarge_use1-az2': 5, 'm8i.4xlarge_use1-az4': 1, 'm8i.4xlarge_use1-az6': 5, 'm8i.8xlarge_use1-az2': 1, 'm8i.8xlarge_use1-az4': 1, 'm8i.8xlarge_use1-az6': 20, 'm8i.96xlarge_use1-az6': 1, 'm8i.large_use1-az4': 25, 'm8i.metal-48xl_use1-az6': 1, 'm8i.metal-96xl_use1-az6': 1, 'm8i.xlarge_use1-az2': 30, 'm8i.xlarge_use1-az4': 10, 'p3.2xlarge_use1-az1': 50, 'p3.2xlarge_use1-az2': 50, 'p3.2xlarge_use1-az5': 50, 'p3.2xlarge_use1-az6': 50, 'p3dn.24xlarge_use1-az1': 15, 'p3dn.24xlarge_use1-az6': 50, 'p4d.24xlarge_use1-az2': 1, 'p4d.24xlarge_use1-az6': 1, 'p5.48xlarge_use1-az2': 15, 'r3.2xlarge_use1-az2': 1, 'r3.2xlarge_use1-az4': 1, 'r3.2xlarge_use1-az6': 1, 'r3.4xlarge_use1-az4': 1, 'r3.4xlarge_use1-az6': 1, 'r3.8xlarge_use1-az2': 1, 'r3.8xlarge_use1-az4': 1, 'r3.8xlarge_use1-az6': 5, 'r3.large_use1-az2': 50, 'r3.large_use1-az4': 50, 'r3.large_use1-az6': 50, 'r3.xlarge_use1-az2': 40, 'r3.xlarge_use1-az4': 50, 'r3.xlarge_use1-az6': 50, 'r4.16xlarge_use1-az1': 10, 'r4.16xlarge_use1-az2': 10, 'r4.16xlarge_use1-az3': 50, 'r4.16xlarge_use1-az4': 35, 'r4.16xlarge_use1-az5': 15, 'r4.16xlarge_use1-az6': 10, 'r4.2xlarge_use1-az1': 20, 'r4.2xlarge_use1-az2': 50, 'r4.2xlarge_use1-az3': 50, 'r4.2xlarge_use1-az4': 50, 'r4.2xlarge_use1-az5': 5, 'r4.2xlarge_use1-az6': 50, 'r4.4xlarge_use1-az1': 20, 'r4.4xlarge_use1-az2': 50, 'r4.4xlarge_use1-az3': 40, 'r4.4xlarge_use1-az4': 15, 'r4.4xlarge_use1-az5': 5, 'r4.4xlarge_use1-az6': 50, 'r4.8xlarge_use1-az1': 50, 'r4.8xlarge_use1-az2': 50, 'r4.8xlarge_use1-az3': 25, 'r4.8xlarge_use1-az4': 50, 'r4.8xlarge_use1-az5': 5, 'r4.8xlarge_use1-az6': 50, 'r4.large_use1-az1': 35, 'r4.large_use1-az2': 50, 'r4.large_use1-az3': 10, 'r4.large_use1-az4': 50, 'r4.large_use1-az5': 20, 'r4.large_use1-az6': 50, 'r4.xlarge_use1-az1': 50, 'r4.xlarge_use1-az2': 50, 'r4.xlarge_use1-az3': 50, 'r4.xlarge_use1-az4': 50, 'r4.xlarge_use1-az5': 30, 'r4.xlarge_use1-az6': 50, 'r5.12xlarge_use1-az1': 5, 'r5.12xlarge_use1-az2': 5, 'r5.12xlarge_use1-az4': 50, 'r5.12xlarge_use1-az5': 5, 'r5.12xlarge_use1-az6': 5, 'r5.16xlarge_use1-az1': 5, 'r5.16xlarge_use1-az4': 35, 'r5.16xlarge_use1-az5': 30, 'r5.16xlarge_use1-az6': 5, 'r5.24xlarge_use1-az4': 15, 'r5.24xlarge_use1-az5': 5, 'r5.24xlarge_use1-az6': 5, 'r5.2xlarge_use1-az1': 50, 'r5.2xlarge_use1-az2': 50, 'r5.2xlarge_use1-az4': 50, 'r5.2xlarge_use1-az5': 5, 'r5.2xlarge_use1-az6': 50, 'r5.4xlarge_use1-az1': 50, 'r5.4xlarge_use1-az2': 50, 'r5.4xlarge_use1-az4': 50, 'r5.4xlarge_use1-az5': 5, 'r5.4xlarge_use1-az6': 50, 'r5.8xlarge_use1-az1': 50, 'r5.8xlarge_use1-az2': 50, 'r5.8xlarge_use1-az4': 50, 'r5.8xlarge_use1-az5': 5, 'r5.8xlarge_use1-az6': 5, 'r5.large_use1-az1': 50, 'r5.large_use1-az2': 50, 'r5.large_use1-az4': 50, 'r5.large_use1-az5': 50, 'r5.large_use1-az6': 50, 'r5.xlarge_use1-az1': 50, 'r5.xlarge_use1-az2': 50, 'r5.xlarge_use1-az4': 50, 'r5.xlarge_use1-az5': 50, 'r5.xlarge_use1-az6': 50, 'r5a.12xlarge_use1-az1': 1, 'r5a.12xlarge_use1-az2': 1, 'r5a.12xlarge_use1-az4': 5, 'r5a.12xlarge_use1-az6': 5, 'r5a.16xlarge_use1-az1': 10, 'r5a.16xlarge_use1-az2': 10, 'r5a.16xlarge_use1-az4': 10, 'r5a.16xlarge_use1-az5': 5, 'r5a.16xlarge_use1-az6': 5, 'r5a.24xlarge_use1-az1': 5, 'r5a.24xlarge_use1-az2': 15, 'r5a.24xlarge_use1-az4': 10, 'r5a.24xlarge_use1-az5': 1, 'r5a.24xlarge_use1-az6': 10, 'r5a.2xlarge_use1-az1': 10, 'r5a.2xlarge_use1-az2': 20, 'r5a.2xlarge_use1-az4': 35, 'r5a.2xlarge_use1-az5': 5, 'r5a.2xlarge_use1-az6': 30, 'r5a.4xlarge_use1-az1': 25, 'r5a.4xlarge_use1-az2': 50, 'r5a.4xlarge_use1-az4': 50, 'r5a.4xlarge_use1-az5': 5, 'r5a.4xlarge_use1-az6': 50, 'r5a.8xlarge_use1-az1': 25, 'r5a.8xlarge_use1-az2': 10, 'r5a.8xlarge_use1-az4': 15, 'r5a.8xlarge_use1-az5': 30, 'r5a.8xlarge_use1-az6': 20, 'r5a.large_use1-az1': 50, 'r5a.large_use1-az2': 50, 'r5a.large_use1-az4': 50, 'r5a.large_use1-az5': 25, 'r5a.large_use1-az6': 50, 'r5a.xlarge_use1-az1': 20, 'r5a.xlarge_use1-az2': 50, 'r5a.xlarge_use1-az4': 50, 'r5a.xlarge_use1-az5': 5, 'r5a.xlarge_use1-az6': 50, 'r5ad.12xlarge_use1-az2': 1, 'r5ad.16xlarge_use1-az2': 50, 'r5ad.16xlarge_use1-az4': 10, 'r5ad.16xlarge_use1-az5': 1, 'r5ad.16xlarge_use1-az6': 10, 'r5ad.24xlarge_use1-az2': 25, 'r5ad.24xlarge_use1-az4': 1, 'r5ad.24xlarge_use1-az6': 10, 'r5ad.2xlarge_use1-az1': 1, 'r5ad.2xlarge_use1-az2': 1, 'r5ad.2xlarge_use1-az4': 1, 'r5ad.2xlarge_use1-az5': 1, 'r5ad.2xlarge_use1-az6': 1, 'r5ad.4xlarge_use1-az1': 1, 'r5ad.4xlarge_use1-az2': 10, 'r5ad.4xlarge_use1-az4': 5, 'r5ad.4xlarge_use1-az5': 1, 'r5ad.4xlarge_use1-az6': 1, 'r5ad.8xlarge_use1-az2': 5, 'r5ad.8xlarge_use1-az4': 20, 'r5ad.8xlarge_use1-az5': 1, 'r5ad.8xlarge_use1-az6': 10, 'r5ad.large_use1-az1': 1, 'r5ad.large_use1-az2': 30, 'r5ad.large_use1-az4': 10, 'r5ad.large_use1-az5': 5, 'r5ad.large_use1-az6': 10, 'r5ad.xlarge_use1-az1': 1, 'r5ad.xlarge_use1-az2': 10, 'r5ad.xlarge_use1-az4': 10, 'r5ad.xlarge_use1-az5': 1, 'r5ad.xlarge_use1-az6': 5, 'r5b.12xlarge_use1-az1': 5, 'r5b.12xlarge_use1-az4': 5, 'r5b.12xlarge_use1-az6': 1, 'r5b.16xlarge_use1-az1': 5, 'r5b.16xlarge_use1-az2': 5, 'r5b.16xlarge_use1-az4': 5, 'r5b.16xlarge_use1-az6': 5, 'r5b.24xlarge_use1-az1': 1, 'r5b.24xlarge_use1-az4': 5, 'r5b.24xlarge_use1-az6': 1, 'r5b.2xlarge_use1-az1': 1, 'r5b.2xlarge_use1-az2': 1, 'r5b.2xlarge_use1-az4': 1, 'r5b.2xlarge_use1-az6': 1, 'r5b.4xlarge_use1-az1': 5, 'r5b.4xlarge_use1-az2': 5, 'r5b.4xlarge_use1-az4': 5, 'r5b.4xlarge_use1-az6': 5, 'r5b.8xlarge_use1-az1': 5, 'r5b.8xlarge_use1-az2': 1, 'r5b.8xlarge_use1-az4': 1, 'r5b.8xlarge_use1-az6': 1, 'r5b.large_use1-az1': 1, 'r5b.large_use1-az2': 5, 'r5b.large_use1-az4': 10, 'r5b.large_use1-az6': 5, 'r5b.xlarge_use1-az1': 1, 'r5b.xlarge_use1-az2': 1, 'r5b.xlarge_use1-az4': 5, 'r5b.xlarge_use1-az6': 1, 'r5d.12xlarge_use1-az1': 1, 'r5d.12xlarge_use1-az2': 5, 'r5d.12xlarge_use1-az4': 10, 'r5d.12xlarge_use1-az6': 1, 'r5d.16xlarge_use1-az1': 5, 'r5d.16xlarge_use1-az2': 50, 'r5d.16xlarge_use1-az4': 50, 'r5d.16xlarge_use1-az5': 10, 'r5d.16xlarge_use1-az6': 50, 'r5d.24xlarge_use1-az1': 1, 'r5d.24xlarge_use1-az2': 1, 'r5d.24xlarge_use1-az4': 10, 'r5d.24xlarge_use1-az5': 1, 'r5d.24xlarge_use1-az6': 10, 'r5d.2xlarge_use1-az1': 5, 'r5d.2xlarge_use1-az2': 15, 'r5d.2xlarge_use1-az4': 15, 'r5d.2xlarge_use1-az5': 1, 'r5d.2xlarge_use1-az6': 15, 'r5d.4xlarge_use1-az1': 5, 'r5d.4xlarge_use1-az2': 20, 'r5d.4xlarge_use1-az4': 45, 'r5d.4xlarge_use1-az5': 5, 'r5d.4xlarge_use1-az6': 25, 'r5d.8xlarge_use1-az1': 5, 'r5d.8xlarge_use1-az2': 15, 'r5d.8xlarge_use1-az4': 15, 'r5d.8xlarge_use1-az5': 5, 'r5d.8xlarge_use1-az6': 50, 'r5d.large_use1-az1': 10, 'r5d.large_use1-az2': 50, 'r5d.large_use1-az4': 50, 'r5d.large_use1-az5': 5, 'r5d.large_use1-az6': 50, 'r5d.xlarge_use1-az1': 1, 'r5d.xlarge_use1-az2': 15, 'r5d.xlarge_use1-az4': 15, 'r5d.xlarge_use1-az5': 1, 'r5d.xlarge_use1-az6': 10, 'r5dn.12xlarge_use1-az1': 1, 'r5dn.12xlarge_use1-az2': 1, 'r5dn.12xlarge_use1-az4': 1, 'r5dn.12xlarge_use1-az5': 1, 'r5dn.12xlarge_use1-az6': 1, 'r5dn.16xlarge_use1-az1': 5, 'r5dn.16xlarge_use1-az2': 5, 'r5dn.16xlarge_use1-az4': 15, 'r5dn.16xlarge_use1-az5': 10, 'r5dn.16xlarge_use1-az6': 30, 'r5dn.24xlarge_use1-az2': 5, 'r5dn.24xlarge_use1-az4': 10, 'r5dn.24xlarge_use1-az5': 1, 'r5dn.24xlarge_use1-az6': 25, 'r5dn.2xlarge_use1-az1': 50, 'r5dn.2xlarge_use1-az2': 45, 'r5dn.2xlarge_use1-az4': 30, 'r5dn.2xlarge_use1-az5': 50, 'r5dn.2xlarge_use1-az6': 5, 'r5dn.4xlarge_use1-az1': 5, 'r5dn.4xlarge_use1-az2': 25, 'r5dn.4xlarge_use1-az4': 45, 'r5dn.4xlarge_use1-az5': 5, 'r5dn.4xlarge_use1-az6': 20, 'r5dn.8xlarge_use1-az1': 1, 'r5dn.8xlarge_use1-az2': 5, 'r5dn.8xlarge_use1-az4': 5, 'r5dn.8xlarge_use1-az5': 5, 'r5dn.8xlarge_use1-az6': 50, 'r5dn.large_use1-az1': 50, 'r5dn.large_use1-az2': 50, 'r5dn.large_use1-az4': 50, 'r5dn.large_use1-az5': 50, 'r5dn.large_use1-az6': 50, 'r5dn.xlarge_use1-az1': 5, 'r5dn.xlarge_use1-az2': 15, 'r5dn.xlarge_use1-az4': 15, 'r5dn.xlarge_use1-az5': 15, 'r5dn.xlarge_use1-az6': 15, 'r5n.12xlarge_use1-az2': 1, 'r5n.12xlarge_use1-az4': 1, 'r5n.12xlarge_use1-az6': 1, 'r5n.16xlarge_use1-az1': 1, 'r5n.16xlarge_use1-az2': 10, 'r5n.16xlarge_use1-az4': 35, 'r5n.16xlarge_use1-az5': 1, 'r5n.16xlarge_use1-az6': 20, 'r5n.2xlarge_use1-az1': 5, 'r5n.2xlarge_use1-az2': 5, 'r5n.2xlarge_use1-az4': 15, 'r5n.2xlarge_use1-az5': 1, 'r5n.2xlarge_use1-az6': 1, 'r5n.4xlarge_use1-az1': 5, 'r5n.4xlarge_use1-az2': 25, 'r5n.4xlarge_use1-az4': 15, 'r5n.4xlarge_use1-az5': 5, 'r5n.4xlarge_use1-az6': 35, 'r5n.8xlarge_use1-az1': 10, 'r5n.8xlarge_use1-az2': 20, 'r5n.8xlarge_use1-az4': 35, 'r5n.8xlarge_use1-az6': 15, 'r5n.large_use1-az1': 20, 'r5n.large_use1-az2': 50, 'r5n.large_use1-az4': 50, 'r5n.large_use1-az5': 10, 'r5n.large_use1-az6': 30, 'r5n.xlarge_use1-az1': 1, 'r5n.xlarge_use1-az2': 10, 'r5n.xlarge_use1-az4': 15, 'r5n.xlarge_use1-az5': 1, 'r5n.xlarge_use1-az6': 20, 'r6a.12xlarge_use1-az1': 1, 'r6a.12xlarge_use1-az2': 10, 'r6a.12xlarge_use1-az4': 5, 'r6a.12xlarge_use1-az6': 10, 'r6a.16xlarge_use1-az1': 5, 'r6a.16xlarge_use1-az2': 15, 'r6a.16xlarge_use1-az4': 30, 'r6a.16xlarge_use1-az5': 15, 'r6a.16xlarge_use1-az6': 40, 'r6a.24xlarge_use1-az2': 5, 'r6a.24xlarge_use1-az4': 1, 'r6a.24xlarge_use1-az5': 1, 'r6a.24xlarge_use1-az6': 5, 'r6a.2xlarge_use1-az1': 50, 'r6a.2xlarge_use1-az2': 50, 'r6a.2xlarge_use1-az4': 40, 'r6a.2xlarge_use1-az5': 1, 'r6a.2xlarge_use1-az6': 50, 'r6a.32xlarge_use1-az2': 5, 'r6a.32xlarge_use1-az4': 5, 'r6a.32xlarge_use1-az5': 5, 'r6a.32xlarge_use1-az6': 5, 'r6a.48xlarge_use1-az2': 5, 'r6a.48xlarge_use1-az4': 5, 'r6a.48xlarge_use1-az5': 5, 'r6a.48xlarge_use1-az6': 1, 'r6a.4xlarge_use1-az1': 50, 'r6a.4xlarge_use1-az2': 50, 'r6a.4xlarge_use1-az4': 50, 'r6a.4xlarge_use1-az5': 40, 'r6a.4xlarge_use1-az6': 50, 'r6a.8xlarge_use1-az1': 20, 'r6a.8xlarge_use1-az2': 50, 'r6a.8xlarge_use1-az4': 50, 'r6a.8xlarge_use1-az5': 50, 'r6a.8xlarge_use1-az6': 50, 'r6a.large_use1-az1': 50, 'r6a.large_use1-az2': 50, 'r6a.large_use1-az4': 50, 'r6a.large_use1-az5': 50, 'r6a.large_use1-az6': 50, 'r6a.xlarge_use1-az1': 50, 'r6a.xlarge_use1-az2': 50, 'r6a.xlarge_use1-az4': 50, 'r6a.xlarge_use1-az5': 50, 'r6a.xlarge_use1-az6': 50, 'r6g.12xlarge_use1-az2': 50, 'r6g.12xlarge_use1-az4': 45, 'r6g.12xlarge_use1-az5': 10, 'r6g.12xlarge_use1-az6': 50, 'r6g.16xlarge_use1-az1': 1, 'r6g.16xlarge_use1-az2': 50, 'r6g.16xlarge_use1-az4': 50, 'r6g.16xlarge_use1-az5': 50, 'r6g.16xlarge_use1-az6': 50, 'r6g.2xlarge_use1-az1': 1, 'r6g.2xlarge_use1-az2': 25, 'r6g.2xlarge_use1-az4': 40, 'r6g.2xlarge_use1-az5': 10, 'r6g.2xlarge_use1-az6': 50, 'r6g.4xlarge_use1-az1': 10, 'r6g.4xlarge_use1-az2': 50, 'r6g.4xlarge_use1-az4': 50, 'r6g.4xlarge_use1-az5': 50, 'r6g.4xlarge_use1-az6': 50, 'r6g.8xlarge_use1-az1': 1, 'r6g.8xlarge_use1-az2': 10, 'r6g.8xlarge_use1-az4': 50, 'r6g.8xlarge_use1-az5': 50, 'r6g.8xlarge_use1-az6': 50, 'r6g.large_use1-az1': 10, 'r6g.large_use1-az2': 40, 'r6g.large_use1-az4': 50, 'r6g.large_use1-az5': 5, 'r6g.large_use1-az6': 50, 'r6g.medium_use1-az1': 1, 'r6g.medium_use1-az2': 10, 'r6g.medium_use1-az4': 15, 'r6g.medium_use1-az5': 15, 'r6g.medium_use1-az6': 35, 'r6g.xlarge_use1-az1': 1, 'r6g.xlarge_use1-az2': 50, 'r6g.xlarge_use1-az4': 50, 'r6g.xlarge_use1-az5': 50, 'r6g.xlarge_use1-az6': 50, 'r6gd.12xlarge_use1-az1': 1, 'r6gd.12xlarge_use1-az2': 5, 'r6gd.12xlarge_use1-az4': 10, 'r6gd.12xlarge_use1-az5': 1, 'r6gd.12xlarge_use1-az6': 10, 'r6gd.16xlarge_use1-az1': 5, 'r6gd.16xlarge_use1-az2': 5, 'r6gd.16xlarge_use1-az4': 50, 'r6gd.16xlarge_use1-az5': 1, 'r6gd.16xlarge_use1-az6': 45, 'r6gd.2xlarge_use1-az1': 1, 'r6gd.2xlarge_use1-az2': 20, 'r6gd.2xlarge_use1-az4': 30, 'r6gd.2xlarge_use1-az5': 1, 'r6gd.2xlarge_use1-az6': 1, 'r6gd.4xlarge_use1-az1': 5, 'r6gd.4xlarge_use1-az2': 20, 'r6gd.4xlarge_use1-az4': 50, 'r6gd.4xlarge_use1-az5': 1, 'r6gd.4xlarge_use1-az6': 25, 'r6gd.8xlarge_use1-az1': 1, 'r6gd.8xlarge_use1-az2': 10, 'r6gd.8xlarge_use1-az4': 20, 'r6gd.8xlarge_use1-az5': 1, 'r6gd.8xlarge_use1-az6': 30, 'r6gd.large_use1-az1': 50, 'r6gd.large_use1-az2': 50, 'r6gd.large_use1-az4': 50, 'r6gd.large_use1-az5': 50, 'r6gd.large_use1-az6': 50, 'r6gd.medium_use1-az1': 5, 'r6gd.medium_use1-az2': 1, 'r6gd.medium_use1-az4': 5, 'r6gd.medium_use1-az5': 5, 'r6gd.medium_use1-az6': 1, 'r6gd.xlarge_use1-az1': 1, 'r6gd.xlarge_use1-az2': 1, 'r6gd.xlarge_use1-az4': 5, 'r6gd.xlarge_use1-az6': 10, 'r6i.12xlarge_use1-az1': 5, 'r6i.12xlarge_use1-az2': 5, 'r6i.12xlarge_use1-az4': 5, 'r6i.12xlarge_use1-az5': 1, 'r6i.12xlarge_use1-az6': 10, 'r6i.16xlarge_use1-az1': 1, 'r6i.16xlarge_use1-az2': 1, 'r6i.16xlarge_use1-az4': 10, 'r6i.16xlarge_use1-az5': 10, 'r6i.16xlarge_use1-az6': 1, 'r6i.24xlarge_use1-az4': 10, 'r6i.24xlarge_use1-az5': 1, 'r6i.24xlarge_use1-az6': 5, 'r6i.2xlarge_use1-az1': 15, 'r6i.2xlarge_use1-az2': 35, 'r6i.2xlarge_use1-az4': 50, 'r6i.2xlarge_use1-az5': 5, 'r6i.2xlarge_use1-az6': 50, 'r6i.32xlarge_use1-az4': 1, 'r6i.32xlarge_use1-az5': 1, 'r6i.32xlarge_use1-az6': 1, 'r6i.4xlarge_use1-az1': 30, 'r6i.4xlarge_use1-az2': 20, 'r6i.4xlarge_use1-az4': 20, 'r6i.4xlarge_use1-az5': 10, 'r6i.4xlarge_use1-az6': 40, 'r6i.8xlarge_use1-az1': 5, 'r6i.8xlarge_use1-az2': 10, 'r6i.8xlarge_use1-az4': 10, 'r6i.8xlarge_use1-az5': 5, 'r6i.8xlarge_use1-az6': 10, 'r6i.large_use1-az1': 20, 'r6i.large_use1-az2': 50, 'r6i.large_use1-az4': 50, 'r6i.large_use1-az5': 20, 'r6i.large_use1-az6': 50, 'r6i.xlarge_use1-az1': 15, 'r6i.xlarge_use1-az2': 45, 'r6i.xlarge_use1-az4': 50, 'r6i.xlarge_use1-az5': 10, 'r6i.xlarge_use1-az6': 50, 'r6id.12xlarge_use1-az1': 1, 'r6id.12xlarge_use1-az2': 5, 'r6id.12xlarge_use1-az4': 1, 'r6id.12xlarge_use1-az6': 5, 'r6id.16xlarge_use1-az1': 5, 'r6id.16xlarge_use1-az2': 5, 'r6id.16xlarge_use1-az4': 15, 'r6id.16xlarge_use1-az5': 1, 'r6id.16xlarge_use1-az6': 20, 'r6id.24xlarge_use1-az1': 10, 'r6id.24xlarge_use1-az2': 10, 'r6id.24xlarge_use1-az4': 5, 'r6id.24xlarge_use1-az5': 15, 'r6id.24xlarge_use1-az6': 25, 'r6id.2xlarge_use1-az1': 5, 'r6id.2xlarge_use1-az2': 1, 'r6id.2xlarge_use1-az4': 10, 'r6id.2xlarge_use1-az5': 1, 'r6id.2xlarge_use1-az6': 10, 'r6id.32xlarge_use1-az1': 1, 'r6id.32xlarge_use1-az2': 5, 'r6id.32xlarge_use1-az4': 1, 'r6id.32xlarge_use1-az5': 1, 'r6id.32xlarge_use1-az6': 10, 'r6id.4xlarge_use1-az1': 40, 'r6id.4xlarge_use1-az2': 50, 'r6id.4xlarge_use1-az4': 10, 'r6id.4xlarge_use1-az5': 20, 'r6id.4xlarge_use1-az6': 35, 'r6id.8xlarge_use1-az1': 1, 'r6id.8xlarge_use1-az2': 1, 'r6id.8xlarge_use1-az4': 5, 'r6id.8xlarge_use1-az5': 1, 'r6id.8xlarge_use1-az6': 5, 'r6id.large_use1-az1': 15, 'r6id.large_use1-az2': 10, 'r6id.large_use1-az4': 5, 'r6id.large_use1-az5': 15, 'r6id.large_use1-az6': 30, 'r6id.xlarge_use1-az1': 5, 'r6id.xlarge_use1-az2': 15, 'r6id.xlarge_use1-az4': 10, 'r6id.xlarge_use1-az5': 15, 'r6id.xlarge_use1-az6': 15, 'r6idn.16xlarge_use1-az4': 1, 'r6idn.16xlarge_use1-az5': 1, 'r6idn.16xlarge_use1-az6': 1, 'r6idn.24xlarge_use1-az6': 1, 'r6idn.2xlarge_use1-az1': 1, 'r6idn.2xlarge_use1-az2': 1, 'r6idn.2xlarge_use1-az4': 5, 'r6idn.2xlarge_use1-az5': 1, 'r6idn.2xlarge_use1-az6': 5, 'r6idn.32xlarge_use1-az6': 1, 'r6idn.4xlarge_use1-az1': 15, 'r6idn.4xlarge_use1-az2': 15, 'r6idn.4xlarge_use1-az4': 15, 'r6idn.4xlarge_use1-az5': 5, 'r6idn.4xlarge_use1-az6': 10, 'r6idn.8xlarge_use1-az2': 1, 'r6idn.8xlarge_use1-az4': 1, 'r6idn.8xlarge_use1-az6': 5, 'r6idn.large_use1-az1': 1, 'r6idn.large_use1-az2': 1, 'r6idn.large_use1-az4': 5, 'r6idn.large_use1-az5': 5, 'r6idn.large_use1-az6': 5, 'r6idn.xlarge_use1-az1': 5, 'r6idn.xlarge_use1-az2': 1, 'r6idn.xlarge_use1-az4': 5, 'r6idn.xlarge_use1-az5': 1, 'r6idn.xlarge_use1-az6': 5, 'r6in.12xlarge_use1-az1': 1, 'r6in.12xlarge_use1-az6': 5, 'r6in.16xlarge_use1-az4': 1, 'r6in.16xlarge_use1-az5': 1, 'r6in.16xlarge_use1-az6': 5, 'r6in.24xlarge_use1-az6': 1, 'r6in.2xlarge_use1-az1': 1, 'r6in.2xlarge_use1-az2': 1, 'r6in.2xlarge_use1-az4': 1, 'r6in.2xlarge_use1-az5': 1, 'r6in.2xlarge_use1-az6': 1, 'r6in.4xlarge_use1-az1': 5, 'r6in.4xlarge_use1-az2': 20, 'r6in.4xlarge_use1-az4': 15, 'r6in.4xlarge_use1-az5': 20, 'r6in.4xlarge_use1-az6': 20, 'r6in.8xlarge_use1-az1': 5, 'r6in.8xlarge_use1-az4': 1, 'r6in.8xlarge_use1-az6': 5, 'r6in.large_use1-az1': 45, 'r6in.large_use1-az2': 50, 'r6in.large_use1-az4': 50, 'r6in.large_use1-az5': 40, 'r6in.large_use1-az6': 50, 'r6in.xlarge_use1-az1': 1, 'r6in.xlarge_use1-az2': 1, 'r6in.xlarge_use1-az4': 1, 'r6in.xlarge_use1-az5': 1, 'r6in.xlarge_use1-az6': 1, 'r7a.12xlarge_use1-az1': 1, 'r7a.12xlarge_use1-az2': 1, 'r7a.12xlarge_use1-az4': 5, 'r7a.12xlarge_use1-az6': 20, 'r7a.16xlarge_use1-az1': 1, 'r7a.16xlarge_use1-az2': 15, 'r7a.16xlarge_use1-az4': 30, 'r7a.16xlarge_use1-az6': 50, 'r7a.24xlarge_use1-az2': 10, 'r7a.24xlarge_use1-az4': 10, 'r7a.24xlarge_use1-az6': 35, 'r7a.2xlarge_use1-az1': 1, 'r7a.2xlarge_use1-az2': 5, 'r7a.2xlarge_use1-az4': 25, 'r7a.2xlarge_use1-az6': 1, 'r7a.32xlarge_use1-az2': 1, 'r7a.32xlarge_use1-az4': 1, 'r7a.32xlarge_use1-az6': 50, 'r7a.48xlarge_use1-az2': 5, 'r7a.48xlarge_use1-az4': 5, 'r7a.48xlarge_use1-az6': 50, 'r7a.4xlarge_use1-az1': 5, 'r7a.4xlarge_use1-az2': 25, 'r7a.4xlarge_use1-az4': 50, 'r7a.4xlarge_use1-az6': 50, 'r7a.8xlarge_use1-az1': 5, 'r7a.8xlarge_use1-az2': 20, 'r7a.8xlarge_use1-az4': 50, 'r7a.8xlarge_use1-az6': 50, 'r7a.large_use1-az1': 50, 'r7a.large_use1-az2': 50, 'r7a.large_use1-az4': 50, 'r7a.large_use1-az6': 50, 'r7a.medium_use1-az1': 10, 'r7a.medium_use1-az2': 25, 'r7a.medium_use1-az4': 50, 'r7a.medium_use1-az6': 50, 'r7a.xlarge_use1-az1': 20, 'r7a.xlarge_use1-az2': 50, 'r7a.xlarge_use1-az4': 50, 'r7a.xlarge_use1-az6': 25, 'r7g.12xlarge_use1-az1': 1, 'r7g.12xlarge_use1-az2': 5, 'r7g.12xlarge_use1-az4': 50, 'r7g.12xlarge_use1-az5': 1, 'r7g.12xlarge_use1-az6': 5, 'r7g.16xlarge_use1-az1': 5, 'r7g.16xlarge_use1-az2': 30, 'r7g.16xlarge_use1-az4': 50, 'r7g.16xlarge_use1-az5': 5, 'r7g.16xlarge_use1-az6': 50, 'r7g.2xlarge_use1-az1': 5, 'r7g.2xlarge_use1-az2': 10, 'r7g.2xlarge_use1-az4': 50, 'r7g.2xlarge_use1-az5': 5, 'r7g.2xlarge_use1-az6': 15, 'r7g.4xlarge_use1-az1': 5, 'r7g.4xlarge_use1-az2': 5, 'r7g.4xlarge_use1-az4': 50, 'r7g.4xlarge_use1-az5': 5, 'r7g.4xlarge_use1-az6': 15, 'r7g.8xlarge_use1-az1': 1, 'r7g.8xlarge_use1-az2': 50, 'r7g.8xlarge_use1-az4': 50, 'r7g.8xlarge_use1-az5': 50, 'r7g.8xlarge_use1-az6': 50, 'r7g.large_use1-az1': 20, 'r7g.large_use1-az2': 50, 'r7g.large_use1-az4': 50, 'r7g.large_use1-az5': 40, 'r7g.large_use1-az6': 40, 'r7g.medium_use1-az1': 50, 'r7g.medium_use1-az2': 50, 'r7g.medium_use1-az4': 50, 'r7g.medium_use1-az5': 25, 'r7g.medium_use1-az6': 50, 'r7g.xlarge_use1-az1': 50, 'r7g.xlarge_use1-az2': 50, 'r7g.xlarge_use1-az4': 50, 'r7g.xlarge_use1-az5': 10, 'r7g.xlarge_use1-az6': 50, 'r7gd.12xlarge_use1-az1': 1, 'r7gd.12xlarge_use1-az2': 10, 'r7gd.12xlarge_use1-az4': 35, 'r7gd.12xlarge_use1-az5': 10, 'r7gd.12xlarge_use1-az6': 50, 'r7gd.16xlarge_use1-az1': 5, 'r7gd.16xlarge_use1-az2': 50, 'r7gd.16xlarge_use1-az4': 50, 'r7gd.16xlarge_use1-az5': 50, 'r7gd.16xlarge_use1-az6': 50, 'r7gd.2xlarge_use1-az1': 5, 'r7gd.2xlarge_use1-az2': 25, 'r7gd.2xlarge_use1-az4': 25, 'r7gd.2xlarge_use1-az5': 40, 'r7gd.2xlarge_use1-az6': 50, 'r7gd.4xlarge_use1-az1': 1, 'r7gd.4xlarge_use1-az2': 20, 'r7gd.4xlarge_use1-az4': 25, 'r7gd.4xlarge_use1-az5': 30, 'r7gd.4xlarge_use1-az6': 50, 'r7gd.8xlarge_use1-az1': 1, 'r7gd.8xlarge_use1-az2': 10, 'r7gd.8xlarge_use1-az4': 30, 'r7gd.8xlarge_use1-az5': 20, 'r7gd.8xlarge_use1-az6': 50, 'r7gd.large_use1-az1': 15, 'r7gd.large_use1-az2': 10, 'r7gd.large_use1-az4': 50, 'r7gd.large_use1-az5': 15, 'r7gd.large_use1-az6': 35, 'r7gd.medium_use1-az1': 35, 'r7gd.medium_use1-az2': 15, 'r7gd.medium_use1-az4': 25, 'r7gd.medium_use1-az5': 15, 'r7gd.medium_use1-az6': 20, 'r7gd.xlarge_use1-az1': 1, 'r7gd.xlarge_use1-az2': 10, 'r7gd.xlarge_use1-az4': 25, 'r7gd.xlarge_use1-az5': 10, 'r7gd.xlarge_use1-az6': 50, 'r7i.12xlarge_use1-az4': 1, 'r7i.12xlarge_use1-az6': 10, 'r7i.16xlarge_use1-az1': 5, 'r7i.16xlarge_use1-az2': 15, 'r7i.16xlarge_use1-az4': 45, 'r7i.16xlarge_use1-az5': 5, 'r7i.16xlarge_use1-az6': 50, 'r7i.24xlarge_use1-az1': 1, 'r7i.24xlarge_use1-az2': 1, 'r7i.24xlarge_use1-az4': 5, 'r7i.24xlarge_use1-az5': 5, 'r7i.24xlarge_use1-az6': 5, 'r7i.2xlarge_use1-az1': 5, 'r7i.2xlarge_use1-az2': 5, 'r7i.2xlarge_use1-az4': 10, 'r7i.2xlarge_use1-az5': 5, 'r7i.2xlarge_use1-az6': 50, 'r7i.48xlarge_use1-az2': 1, 'r7i.48xlarge_use1-az4': 5, 'r7i.48xlarge_use1-az5': 1, 'r7i.48xlarge_use1-az6': 5, 'r7i.4xlarge_use1-az1': 5, 'r7i.4xlarge_use1-az2': 20, 'r7i.4xlarge_use1-az4': 10, 'r7i.4xlarge_use1-az5': 1, 'r7i.4xlarge_use1-az6': 50, 'r7i.8xlarge_use1-az1': 5, 'r7i.8xlarge_use1-az2': 25, 'r7i.8xlarge_use1-az4': 25, 'r7i.8xlarge_use1-az5': 5, 'r7i.8xlarge_use1-az6': 50, 'r7i.large_use1-az1': 15, 'r7i.large_use1-az2': 50, 'r7i.large_use1-az4': 50, 'r7i.large_use1-az5': 15, 'r7i.large_use1-az6': 50, 'r7i.xlarge_use1-az1': 5, 'r7i.xlarge_use1-az2': 15, 'r7i.xlarge_use1-az4': 10, 'r7i.xlarge_use1-az5': 15, 'r7i.xlarge_use1-az6': 50, 'r8g.12xlarge_use1-az2': 5, 'r8g.12xlarge_use1-az4': 5, 'r8g.12xlarge_use1-az6': 15, 'r8g.16xlarge_use1-az1': 1, 'r8g.16xlarge_use1-az2': 50, 'r8g.16xlarge_use1-az4': 50, 'r8g.16xlarge_use1-az5': 5, 'r8g.16xlarge_use1-az6': 50, 'r8g.24xlarge_use1-az2': 10, 'r8g.24xlarge_use1-az4': 5, 'r8g.24xlarge_use1-az5': 5, 'r8g.24xlarge_use1-az6': 35, 'r8g.2xlarge_use1-az2': 5, 'r8g.2xlarge_use1-az4': 5, 'r8g.2xlarge_use1-az5': 1, 'r8g.2xlarge_use1-az6': 5, 'r8g.48xlarge_use1-az2': 1, 'r8g.48xlarge_use1-az4': 5, 'r8g.48xlarge_use1-az6': 5, 'r8g.4xlarge_use1-az2': 10, 'r8g.4xlarge_use1-az4': 35, 'r8g.4xlarge_use1-az5': 5, 'r8g.4xlarge_use1-az6': 50, 'r8g.8xlarge_use1-az2': 40, 'r8g.8xlarge_use1-az4': 15, 'r8g.8xlarge_use1-az5': 1, 'r8g.8xlarge_use1-az6': 50, 'r8g.large_use1-az1': 5, 'r8g.large_use1-az2': 30, 'r8g.large_use1-az4': 15, 'r8g.large_use1-az5': 10, 'r8g.large_use1-az6': 20, 'r8g.medium_use1-az1': 15, 'r8g.medium_use1-az2': 30, 'r8g.medium_use1-az4': 20, 'r8g.medium_use1-az5': 5, 'r8g.medium_use1-az6': 15, 'r8g.xlarge_use1-az1': 1, 'r8g.xlarge_use1-az2': 10, 'r8g.xlarge_use1-az4': 5, 'r8g.xlarge_use1-az5': 5, 'r8g.xlarge_use1-az6': 10, 'r8gb.24xlarge_use1-az6': 1, 'r8gb.2xlarge_use1-az2': 1, 'r8gb.2xlarge_use1-az4': 1, 'r8gb.2xlarge_use1-az6': 1, 'r8gb.large_use1-az2': 20, 'r8gb.large_use1-az4': 15, 'r8gb.large_use1-az6': 25, 'r8gb.medium_use1-az2': 50, 'r8gb.metal-24xl_use1-az6': 1, 'r8gb.xlarge_use1-az2': 5, 'r8gb.xlarge_use1-az4': 5, 'r8gb.xlarge_use1-az6': 5, 'r8gd.12xlarge_use1-az5': 1, 'r8gd.12xlarge_use1-az6': 1, 'r8gd.16xlarge_use1-az2': 1, 'r8gd.16xlarge_use1-az4': 1, 'r8gd.16xlarge_use1-az5': 1, 'r8gd.16xlarge_use1-az6': 15, 'r8gd.24xlarge_use1-az2': 1, 'r8gd.24xlarge_use1-az5': 1, 'r8gd.24xlarge_use1-az6': 25, 'r8gd.2xlarge_use1-az2': 25, 'r8gd.2xlarge_use1-az4': 30, 'r8gd.2xlarge_use1-az6': 50, 'r8gd.48xlarge_use1-az6': 50, 'r8gd.4xlarge_use1-az1': 1, 'r8gd.4xlarge_use1-az2': 20, 'r8gd.4xlarge_use1-az5': 1, 'r8gd.4xlarge_use1-az6': 15, 'r8gd.8xlarge_use1-az2': 5, 'r8gd.8xlarge_use1-az4': 1, 'r8gd.8xlarge_use1-az5': 1, 'r8gd.8xlarge_use1-az6': 1, 'r8gd.large_use1-az2': 50, 'r8gd.large_use1-az5': 1, 'r8gd.large_use1-az6': 50, 'r8gd.medium_use1-az1': 5, 'r8gd.medium_use1-az2': 5, 'r8gd.medium_use1-az4': 5, 'r8gd.medium_use1-az5': 10, 'r8gd.metal-24xl_use1-az6': 1, 'r8gd.metal-48xl_use1-az6': 1, 'r8gd.xlarge_use1-az2': 25, 'r8gd.xlarge_use1-az4': 1, 'r8gd.xlarge_use1-az5': 50, 'r8gd.xlarge_use1-az6': 40, 'r8gn.16xlarge_use1-az6': 1, 'r8gn.24xlarge_use1-az2': 1, 'r8gn.2xlarge_use1-az2': 1, 'r8gn.2xlarge_use1-az4': 1, 'r8gn.2xlarge_use1-az6': 1, 'r8gn.48xlarge_use1-az6': 1, 'r8gn.4xlarge_use1-az6': 5, 'r8gn.8xlarge_use1-az2': 1, 'r8gn.8xlarge_use1-az6': 5, 'r8gn.large_use1-az2': 20, 'r8gn.large_use1-az4': 15, 'r8gn.large_use1-az6': 20, 'r8gn.medium_use1-az2': 35, 'r8gn.medium_use1-az4': 40, 'r8gn.metal-24xl_use1-az2': 1, 'r8gn.metal-24xl_use1-az6': 1, 'r8gn.xlarge_use1-az2': 1, 'r8gn.xlarge_use1-az4': 5, 'r8gn.xlarge_use1-az6': 10, 'r8i-flex.2xlarge_use1-az2': 1, 'r8i-flex.2xlarge_use1-az6': 5, 'r8i-flex.4xlarge_use1-az2': 1, 'r8i-flex.4xlarge_use1-az6': 1, 'r8i-flex.large_use1-az2': 1, 'r8i-flex.large_use1-az6': 5, 'r8i-flex.xlarge_use1-az2': 5, 'r8i-flex.xlarge_use1-az6': 1, 'r8i.12xlarge_use1-az2': 1, 'r8i.12xlarge_use1-az6': 1, 'r8i.16xlarge_use1-az2': 1, 'r8i.16xlarge_use1-az6': 1, 'r8i.24xlarge_use1-az6': 1, 'r8i.2xlarge_use1-az2': 5, 'r8i.2xlarge_use1-az6': 5, 'r8i.32xlarge_use1-az2': 1, 'r8i.32xlarge_use1-az6': 1, 'r8i.48xlarge_use1-az2': 1, 'r8i.48xlarge_use1-az6': 1, 'r8i.4xlarge_use1-az2': 1, 'r8i.4xlarge_use1-az6': 5, 'r8i.8xlarge_use1-az2': 1, 'r8i.8xlarge_use1-az6': 5, 'r8i.96xlarge_use1-az2': 1, 'r8i.96xlarge_use1-az6': 1, 'r8i.large_use1-az2': 20, 'r8i.large_use1-az6': 20, 'r8i.xlarge_use1-az2': 5, 'r8i.xlarge_use1-az6': 5, 't2.2xlarge_use1-az1': 50, 't2.2xlarge_use1-az2': 50, 't2.2xlarge_use1-az3': 15, 't2.2xlarge_use1-az4': 50, 't2.2xlarge_use1-az5': 50, 't2.2xlarge_use1-az6': 50, 't2.large_use1-az1': 20, 't2.large_use1-az2': 50, 't2.large_use1-az3': 50, 't2.large_use1-az4': 50, 't2.large_use1-az5': 25, 't2.large_use1-az6': 50, 't2.medium_use1-az1': 50, 't2.medium_use1-az2': 50, 't2.medium_use1-az3': 50, 't2.medium_use1-az4': 50, 't2.medium_use1-az5': 50, 't2.medium_use1-az6': 50, 't2.xlarge_use1-az1': 35, 't2.xlarge_use1-az2': 50, 't2.xlarge_use1-az3': 20, 't2.xlarge_use1-az4': 50, 't2.xlarge_use1-az5': 5, 't2.xlarge_use1-az6': 50, 't3.2xlarge_use1-az1': 50, 't3.2xlarge_use1-az2': 50, 't3.2xlarge_use1-az4': 50, 't3.2xlarge_use1-az5': 50, 't3.2xlarge_use1-az6': 50, 't3.large_use1-az1': 50, 't3.large_use1-az2': 50, 't3.large_use1-az4': 50, 't3.large_use1-az5': 50, 't3.large_use1-az6': 50, 't3.medium_use1-az1': 50, 't3.medium_use1-az2': 50, 't3.medium_use1-az4': 50, 't3.medium_use1-az5': 50, 't3.medium_use1-az6': 50, 't3.xlarge_use1-az1': 50, 't3.xlarge_use1-az2': 50, 't3.xlarge_use1-az4': 50, 't3.xlarge_use1-az5': 50, 't3.xlarge_use1-az6': 50, 't3a.2xlarge_use1-az1': 50, 't3a.2xlarge_use1-az2': 50, 't3a.2xlarge_use1-az4': 50, 't3a.2xlarge_use1-az5': 50, 't3a.2xlarge_use1-az6': 50, 't3a.large_use1-az1': 50, 't3a.large_use1-az2': 50, 't3a.large_use1-az4': 50, 't3a.large_use1-az5': 5, 't3a.large_use1-az6': 50, 't3a.medium_use1-az1': 50, 't3a.medium_use1-az2': 50, 't3a.medium_use1-az4': 50, 't3a.medium_use1-az5': 5, 't3a.medium_use1-az6': 50, 't3a.xlarge_use1-az1': 25, 't3a.xlarge_use1-az2': 50, 't3a.xlarge_use1-az4': 50, 't3a.xlarge_use1-az5': 15, 't3a.xlarge_use1-az6': 50, 't4g.2xlarge_use1-az1': 5, 't4g.2xlarge_use1-az2': 15, 't4g.2xlarge_use1-az4': 5, 't4g.2xlarge_use1-az5': 10, 't4g.2xlarge_use1-az6': 10, 't4g.large_use1-az1': 1, 't4g.large_use1-az2': 15, 't4g.large_use1-az4': 50, 't4g.large_use1-az5': 25, 't4g.large_use1-az6': 35, 't4g.medium_use1-az1': 1, 't4g.medium_use1-az2': 50, 't4g.medium_use1-az4': 50, 't4g.medium_use1-az5': 35, 't4g.medium_use1-az6': 50, 't4g.xlarge_use1-az1': 30, 't4g.xlarge_use1-az2': 15, 't4g.xlarge_use1-az4': 50, 't4g.xlarge_use1-az5': 5, 't4g.xlarge_use1-az6': 10, 'trn1.2xlarge_use1-az5': 5, 'trn1.2xlarge_use1-az6': 20, 'trn1.32xlarge_use1-az6': 50, 'trn1n.32xlarge_use1-az6': 50, 'vt1.3xlarge_use1-az2': 1, 'vt1.6xlarge_use1-az2': 1, 'x1.16xlarge_use1-az2': 1, 'x1.16xlarge_use1-az4': 1, 'x1.16xlarge_use1-az6': 1, 'x1.32xlarge_use1-az2': 1, 'x1.32xlarge_use1-az3': 5, 'x1.32xlarge_use1-az6': 1, 'x1e.16xlarge_use1-az2': 1, 'x1e.16xlarge_use1-az4': 1, 'x1e.16xlarge_use1-az6': 5, 'x1e.2xlarge_use1-az1': 1, 'x1e.2xlarge_use1-az2': 5, 'x1e.2xlarge_use1-az4': 10, 'x1e.2xlarge_use1-az6': 1, 'x1e.4xlarge_use1-az2': 5, 'x1e.4xlarge_use1-az4': 5, 'x1e.4xlarge_use1-az6': 1, 'x1e.8xlarge_use1-az1': 1, 'x1e.8xlarge_use1-az2': 1, 'x1e.8xlarge_use1-az4': 5, 'x1e.8xlarge_use1-az6': 5, 'x1e.xlarge_use1-az1': 10, 'x1e.xlarge_use1-az2': 20, 'x1e.xlarge_use1-az4': 15, 'x1e.xlarge_use1-az6': 5, 'x2gd.12xlarge_use1-az5': 5, 'x2gd.12xlarge_use1-az6': 1, 'x2gd.16xlarge_use1-az5': 1, 'x2gd.16xlarge_use1-az6': 15, 'x2gd.2xlarge_use1-az1': 5, 'x2gd.2xlarge_use1-az4': 1, 'x2gd.2xlarge_use1-az5': 5, 'x2gd.2xlarge_use1-az6': 30, 'x2gd.4xlarge_use1-az1': 1, 'x2gd.4xlarge_use1-az2': 1, 'x2gd.4xlarge_use1-az4': 5, 'x2gd.4xlarge_use1-az5': 1, 'x2gd.4xlarge_use1-az6': 35, 'x2gd.8xlarge_use1-az4': 1, 'x2gd.8xlarge_use1-az5': 1, 'x2gd.8xlarge_use1-az6': 5, 'x2gd.large_use1-az1': 35, 'x2gd.large_use1-az2': 25, 'x2gd.large_use1-az4': 15, 'x2gd.large_use1-az5': 25, 'x2gd.large_use1-az6': 50, 'x2gd.medium_use1-az1': 25, 'x2gd.medium_use1-az2': 35, 'x2gd.medium_use1-az4': 50, 'x2gd.medium_use1-az5': 50, 'x2gd.medium_use1-az6': 50, 'x2gd.xlarge_use1-az1': 5, 'x2gd.xlarge_use1-az2': 1, 'x2gd.xlarge_use1-az4': 20, 'x2gd.xlarge_use1-az5': 15, 'x2gd.xlarge_use1-az6': 25, 'x2idn.16xlarge_use1-az2': 1, 'x2idn.16xlarge_use1-az5': 1, 'x2idn.24xlarge_use1-az4': 1, 'x2idn.24xlarge_use1-az5': 1, 'x2idn.32xlarge_use1-az5': 1, 'x2iedn.24xlarge_use1-az4': 1, 'x2iedn.24xlarge_use1-az6': 1, 'x2iedn.2xlarge_use1-az1': 1, 'x2iedn.2xlarge_use1-az2': 25, 'x2iedn.2xlarge_use1-az4': 15, 'x2iedn.2xlarge_use1-az5': 1, 'x2iedn.2xlarge_use1-az6': 5, 'x2iedn.4xlarge_use1-az1': 1, 'x2iedn.4xlarge_use1-az2': 1, 'x2iedn.4xlarge_use1-az4': 1, 'x2iedn.4xlarge_use1-az5': 1, 'x2iedn.4xlarge_use1-az6': 1, 'x2iedn.8xlarge_use1-az4': 1, 'x2iedn.8xlarge_use1-az6': 1, 'x2iedn.xlarge_use1-az1': 5, 'x2iedn.xlarge_use1-az2': 20, 'x2iedn.xlarge_use1-az4': 10, 'x2iedn.xlarge_use1-az5': 1, 'x2iedn.xlarge_use1-az6': 10, 'x2iezn.12xlarge_use1-az2': 1, 'x2iezn.12xlarge_use1-az4': 20, 'x2iezn.12xlarge_use1-az6': 5, 'x2iezn.2xlarge_use1-az2': 5, 'x2iezn.2xlarge_use1-az4': 10, 'x2iezn.2xlarge_use1-az6': 1, 'x2iezn.4xlarge_use1-az2': 1, 'x2iezn.4xlarge_use1-az4': 5, 'x2iezn.4xlarge_use1-az6': 1, 'x2iezn.6xlarge_use1-az2': 1, 'x2iezn.6xlarge_use1-az4': 5, 'x2iezn.6xlarge_use1-az6': 1, 'x2iezn.8xlarge_use1-az2': 1, 'x2iezn.8xlarge_use1-az4': 10, 'x2iezn.8xlarge_use1-az6': 1, 'x8g.12xlarge_use1-az2': 1, 'x8g.12xlarge_use1-az4': 20, 'x8g.12xlarge_use1-az6': 1, 'x8g.16xlarge_use1-az1': 1, 'x8g.16xlarge_use1-az2': 5, 'x8g.16xlarge_use1-az4': 5, 'x8g.16xlarge_use1-az6': 5, 'x8g.24xlarge_use1-az1': 1, 'x8g.24xlarge_use1-az2': 5, 'x8g.24xlarge_use1-az4': 5, 'x8g.24xlarge_use1-az6': 10, 'x8g.2xlarge_use1-az1': 5, 'x8g.2xlarge_use1-az2': 10, 'x8g.2xlarge_use1-az4': 10, 'x8g.2xlarge_use1-az6': 25, 'x8g.48xlarge_use1-az1': 1, 'x8g.48xlarge_use1-az2': 1, 'x8g.48xlarge_use1-az4': 10, 'x8g.48xlarge_use1-az6': 1, 'x8g.4xlarge_use1-az1': 1, 'x8g.4xlarge_use1-az2': 5, 'x8g.4xlarge_use1-az4': 5, 'x8g.4xlarge_use1-az6': 10, 'x8g.8xlarge_use1-az2': 15, 'x8g.8xlarge_use1-az4': 20, 'x8g.8xlarge_use1-az6': 5, 'x8g.large_use1-az1': 30, 'x8g.large_use1-az4': 50, 'x8g.large_use1-az6': 50, 'x8g.medium_use1-az1': 50, 'x8g.medium_use1-az4': 50, 'x8g.medium_use1-az6': 50, 'x8g.metal-24xl_use1-az1': 1, 'x8g.metal-24xl_use1-az2': 1, 'x8g.metal-24xl_use1-az4': 1, 'x8g.metal-24xl_use1-az6': 10, 'x8g.metal-48xl_use1-az2': 1, 'x8g.metal-48xl_use1-az4': 1, 'x8g.metal-48xl_use1-az6': 1, 'x8g.xlarge_use1-az1': 10, 'x8g.xlarge_use1-az2': 20, 'x8g.xlarge_use1-az4': 40, 'x8g.xlarge_use1-az6': 50, 'z1d.12xlarge_use1-az1': 1, 'z1d.12xlarge_use1-az2': 1, 'z1d.12xlarge_use1-az4': 1, 'z1d.12xlarge_use1-az5': 1, 'z1d.12xlarge_use1-az6': 5, 'z1d.2xlarge_use1-az1': 5, 'z1d.2xlarge_use1-az2': 5, 'z1d.2xlarge_use1-az4': 15, 'z1d.2xlarge_use1-az5': 1, 'z1d.2xlarge_use1-az6': 15, 'z1d.3xlarge_use1-az1': 5, 'z1d.3xlarge_use1-az2': 5, 'z1d.3xlarge_use1-az4': 10, 'z1d.3xlarge_use1-az5': 5, 'z1d.3xlarge_use1-az6': 5, 'z1d.6xlarge_use1-az1': 1, 'z1d.6xlarge_use1-az2': 1, 'z1d.6xlarge_use1-az4': 1, 'z1d.6xlarge_use1-az6': 1, 'z1d.large_use1-az1': 15, 'z1d.large_use1-az2': 5, 'z1d.large_use1-az4': 25, 'z1d.large_use1-az5': 10, 'z1d.large_use1-az6': 25, 'z1d.xlarge_use1-az1': 10, 'z1d.xlarge_use1-az2': 20, 'z1d.xlarge_use1-az4': 30, 'z1d.xlarge_use1-az5': 1, 'z1d.xlarge_use1-az6': 20}"
0.91,27580.697999999957,29752210474,1078733.0499964543,1145817,1145717,"{'c3.2xlarge_use1-az2': 5, 'c3.2xlarge_use1-az4': 50, 'c3.2xlarge_use1-az6': 15, 'c3.4xlarge_use1-az2': 5, 'c3.4xlarge_use1-az4': 5, 'c3.4xlarge_use1-az6': 5, 'c3.8xlarge_use1-az2': 5, 'c3.8xlarge_use1-az4': 5, 'c3.8xlarge_use1-az6': 1, 'c3.xlarge_use1-az2': 35, 'c3.xlarge_use1-az3': 1, 'c3.xlarge_use1-az4': 50, 'c3.xlarge_use1-az6': 30, 'c4.2xlarge_use1-az1': 5, 'c4.2xlarge_use1-az2': 5, 'c4.2xlarge_use1-az3': 25, 'c4.2xlarge_use1-az4': 15, 'c4.2xlarge_use1-az5': 15, 'c4.2xlarge_use1-az6': 10, 'c4.4xlarge_use1-az1': 5, 'c4.4xlarge_use1-az2': 5, 'c4.4xlarge_use1-az3': 10, 'c4.4xlarge_use1-az4': 5, 'c4.4xlarge_use1-az5': 5, 'c4.4xlarge_use1-az6': 1, 'c4.8xlarge_use1-az1': 1, 'c4.8xlarge_use1-az2': 5, 'c4.8xlarge_use1-az3': 5, 'c4.8xlarge_use1-az4': 15, 'c4.8xlarge_use1-az5': 5, 'c4.8xlarge_use1-az6': 5, 'c4.xlarge_use1-az1': 25, 'c4.xlarge_use1-az2': 40, 'c4.xlarge_use1-az3': 20, 'c4.xlarge_use1-az4': 40, 'c4.xlarge_use1-az5': 50, 'c4.xlarge_use1-az6': 50, 'c5.12xlarge_use1-az1': 50, 'c5.12xlarge_use1-az2': 50, 'c5.12xlarge_use1-az4': 50, 'c5.12xlarge_use1-az5': 50, 'c5.12xlarge_use1-az6': 50, 'c5.18xlarge_use1-az1': 5, 'c5.18xlarge_use1-az2': 50, 'c5.18xlarge_use1-az4': 15, 'c5.18xlarge_use1-az5': 10, 'c5.18xlarge_use1-az6': 1, 'c5.24xlarge_use1-az1': 1, 'c5.24xlarge_use1-az2': 5, 'c5.24xlarge_use1-az4': 5, 'c5.24xlarge_use1-az5': 1, 'c5.24xlarge_use1-az6': 5, 'c5.2xlarge_use1-az1': 50, 'c5.2xlarge_use1-az2': 50, 'c5.2xlarge_use1-az4': 50, 'c5.2xlarge_use1-az5': 50, 'c5.2xlarge_use1-az6': 50, 'c5.4xlarge_use1-az1': 50, 'c5.4xlarge_use1-az2': 50, 'c5.4xlarge_use1-az4': 50, 'c5.4xlarge_use1-az5': 50, 'c5.4xlarge_use1-az6': 50, 'c5.9xlarge_use1-az1': 50, 'c5.9xlarge_use1-az2': 50, 'c5.9xlarge_use1-az4': 50, 'c5.9xlarge_use1-az5': 50, 'c5.9xlarge_use1-az6': 50, 'c5.large_use1-az1': 50, 'c5.large_use1-az2': 50, 'c5.large_use1-az4': 50, 'c5.large_use1-az5': 50, 'c5.large_use1-az6': 50, 'c5.xlarge_use1-az1': 50, 'c5.xlarge_use1-az2': 50, 'c5.xlarge_use1-az4': 50, 'c5.xlarge_use1-az5': 50, 'c5.xlarge_use1-az6': 50, 'c5a.12xlarge_use1-az1': 5, 'c5a.12xlarge_use1-az2': 10, 'c5a.12xlarge_use1-az4': 15, 'c5a.12xlarge_use1-az5': 1, 'c5a.12xlarge_use1-az6': 5, 'c5a.16xlarge_use1-az4': 1, 'c5a.16xlarge_use1-az6': 1, 'c5a.24xlarge_use1-az2': 1, 'c5a.24xlarge_use1-az4': 1, 'c5a.24xlarge_use1-az6': 1, 'c5a.2xlarge_use1-az1': 30, 'c5a.2xlarge_use1-az2': 20, 'c5a.2xlarge_use1-az4': 50, 'c5a.2xlarge_use1-az5': 15, 'c5a.2xlarge_use1-az6': 50, 'c5a.4xlarge_use1-az1': 5, 'c5a.4xlarge_use1-az2': 1, 'c5a.4xlarge_use1-az4': 5, 'c5a.4xlarge_use1-az5': 5, 'c5a.4xlarge_use1-az6': 5, 'c5a.8xlarge_use1-az1': 1, 'c5a.8xlarge_use1-az2': 1, 'c5a.8xlarge_use1-az4': 5, 'c5a.8xlarge_use1-az6': 15, 'c5a.large_use1-az1': 50, 'c5a.large_use1-az2': 50, 'c5a.large_use1-az4': 50, 'c5a.large_use1-az5': 45, 'c5a.large_use1-az6': 50, 'c5a.xlarge_use1-az1': 50, 'c5a.xlarge_use1-az2': 50, 'c5a.xlarge_use1-az4': 50, 'c5a.xlarge_use1-az5': 50, 'c5a.xlarge_use1-az6': 50, 'c5ad.12xlarge_use1-az1': 5, 'c5ad.12xlarge_use1-az2': 5, 'c5ad.12xlarge_use1-az4': 5, 'c5ad.12xlarge_use1-az6': 5, 'c5ad.16xlarge_use1-az1': 1, 'c5ad.16xlarge_use1-az2': 5, 'c5ad.16xlarge_use1-az4': 1, 'c5ad.16xlarge_use1-az6': 1, 'c5ad.24xlarge_use1-az1': 1, 'c5ad.24xlarge_use1-az2': 1, 'c5ad.24xlarge_use1-az4': 1, 'c5ad.24xlarge_use1-az6': 5, 'c5ad.2xlarge_use1-az1': 10, 'c5ad.2xlarge_use1-az2': 5, 'c5ad.2xlarge_use1-az4': 5, 'c5ad.2xlarge_use1-az5': 5, 'c5ad.2xlarge_use1-az6': 15, 'c5ad.4xlarge_use1-az1': 5, 'c5ad.4xlarge_use1-az2': 5, 'c5ad.4xlarge_use1-az4': 1, 'c5ad.4xlarge_use1-az5': 1, 'c5ad.4xlarge_use1-az6': 10, 'c5ad.8xlarge_use1-az1': 1, 'c5ad.8xlarge_use1-az2': 1, 'c5ad.8xlarge_use1-az4': 1, 'c5ad.8xlarge_use1-az5': 1, 'c5ad.8xlarge_use1-az6': 1, 'c5ad.large_use1-az1': 20, 'c5ad.large_use1-az2': 30, 'c5ad.large_use1-az4': 10, 'c5ad.large_use1-az5': 15, 'c5ad.large_use1-az6': 20, 'c5ad.xlarge_use1-az1': 15, 'c5ad.xlarge_use1-az2': 10, 'c5ad.xlarge_use1-az4': 5, 'c5ad.xlarge_use1-az5': 5, 'c5ad.xlarge_use1-az6': 15, 'c5d.12xlarge_use1-az2': 15, 'c5d.12xlarge_use1-az4': 5, 'c5d.12xlarge_use1-az6': 45, 'c5d.18xlarge_use1-az1': 5, 'c5d.18xlarge_use1-az2': 50, 'c5d.18xlarge_use1-az4': 50, 'c5d.18xlarge_use1-az5': 5, 'c5d.18xlarge_use1-az6': 30, 'c5d.24xlarge_use1-az2': 35, 'c5d.24xlarge_use1-az4': 25, 'c5d.24xlarge_use1-az6': 50, 'c5d.2xlarge_use1-az1': 15, 'c5d.2xlarge_use1-az2': 50, 'c5d.2xlarge_use1-az4': 50, 'c5d.2xlarge_use1-az5': 20, 'c5d.2xlarge_use1-az6': 50, 'c5d.4xlarge_use1-az1': 20, 'c5d.4xlarge_use1-az2': 50, 'c5d.4xlarge_use1-az4': 50, 'c5d.4xlarge_use1-az5': 25, 'c5d.4xlarge_use1-az6': 50, 'c5d.9xlarge_use1-az1': 10, 'c5d.9xlarge_use1-az2': 20, 'c5d.9xlarge_use1-az4': 50, 'c5d.9xlarge_use1-az5': 10, 'c5d.9xlarge_use1-az6': 25, 'c5d.large_use1-az1': 50, 'c5d.large_use1-az2': 50, 'c5d.large_use1-az4': 50, 'c5d.large_use1-az5': 35, 'c5d.large_use1-az6': 50, 'c5d.xlarge_use1-az1': 50, 'c5d.xlarge_use1-az2': 50, 'c5d.xlarge_use1-az4': 50, 'c5d.xlarge_use1-az5': 50, 'c5d.xlarge_use1-az6': 50, 'c5n.18xlarge_use1-az1': 30, 'c5n.18xlarge_use1-az2': 5, 'c5n.18xlarge_use1-az4': 10, 'c5n.2xlarge_use1-az1': 5, 'c5n.2xlarge_use1-az2': 10, 'c5n.2xlarge_use1-az4': 15, 'c5n.2xlarge_use1-az5': 10, 'c5n.2xlarge_use1-az6': 10, 'c5n.4xlarge_use1-az1': 5, 'c5n.4xlarge_use1-az2': 1, 'c5n.4xlarge_use1-az4': 5, 'c5n.4xlarge_use1-az6': 1, 'c5n.9xlarge_use1-az1': 10, 'c5n.9xlarge_use1-az2': 1, 'c5n.9xlarge_use1-az4': 5, 'c5n.large_use1-az1': 10, 'c5n.large_use1-az2': 10, 'c5n.large_use1-az4': 25, 'c5n.large_use1-az5': 5, 'c5n.large_use1-az6': 5, 'c5n.xlarge_use1-az1': 1, 'c5n.xlarge_use1-az2': 1, 'c5n.xlarge_use1-az4': 5, 'c5n.xlarge_use1-az5': 1, 'c5n.xlarge_use1-az6': 1, 'c6a.12xlarge_use1-az1': 5, 'c6a.12xlarge_use1-az2': 50, 'c6a.12xlarge_use1-az4': 50, 'c6a.12xlarge_use1-az5': 1, 'c6a.12xlarge_use1-az6': 15, 'c6a.16xlarge_use1-az1': 1, 'c6a.16xlarge_use1-az2': 5, 'c6a.16xlarge_use1-az4': 10, 'c6a.16xlarge_use1-az5': 1, 'c6a.16xlarge_use1-az6': 15, 'c6a.24xlarge_use1-az1': 1, 'c6a.24xlarge_use1-az2': 5, 'c6a.24xlarge_use1-az4': 5, 'c6a.24xlarge_use1-az5': 5, 'c6a.24xlarge_use1-az6': 20, 'c6a.2xlarge_use1-az1': 10, 'c6a.2xlarge_use1-az2': 40, 'c6a.2xlarge_use1-az4': 50, 'c6a.2xlarge_use1-az5': 10, 'c6a.2xlarge_use1-az6': 50, 'c6a.32xlarge_use1-az2': 1, 'c6a.32xlarge_use1-az4': 1, 'c6a.32xlarge_use1-az5': 1, 'c6a.32xlarge_use1-az6': 5, 'c6a.48xlarge_use1-az2': 1, 'c6a.48xlarge_use1-az4': 10, 'c6a.48xlarge_use1-az5': 5, 'c6a.48xlarge_use1-az6': 25, 'c6a.4xlarge_use1-az1': 15, 'c6a.4xlarge_use1-az2': 15, 'c6a.4xlarge_use1-az4': 30, 'c6a.4xlarge_use1-az5': 15, 'c6a.4xlarge_use1-az6': 50, 'c6a.8xlarge_use1-az1': 5, 'c6a.8xlarge_use1-az2': 50, 'c6a.8xlarge_use1-az4': 30, 'c6a.8xlarge_use1-az5': 25, 'c6a.8xlarge_use1-az6': 50, 'c6a.large_use1-az1': 45, 'c6a.large_use1-az2': 50, 'c6a.large_use1-az4': 50, 'c6a.large_use1-az5': 50, 'c6a.large_use1-az6': 20, 'c6a.xlarge_use1-az1': 15, 'c6a.xlarge_use1-az2': 25, 'c6a.xlarge_use1-az4': 25, 'c6a.xlarge_use1-az5': 15, 'c6a.xlarge_use1-az6': 25, 'c6g.12xlarge_use1-az1': 15, 'c6g.12xlarge_use1-az2': 25, 'c6g.12xlarge_use1-az4': 50, 'c6g.12xlarge_use1-az5': 5, 'c6g.12xlarge_use1-az6': 50, 'c6g.16xlarge_use1-az1': 1, 'c6g.16xlarge_use1-az2': 15, 'c6g.16xlarge_use1-az4': 50, 'c6g.16xlarge_use1-az5': 5, 'c6g.16xlarge_use1-az6': 50, 'c6g.2xlarge_use1-az1': 5, 'c6g.2xlarge_use1-az2': 50, 'c6g.2xlarge_use1-az4': 50, 'c6g.2xlarge_use1-az5': 15, 'c6g.2xlarge_use1-az6': 50, 'c6g.4xlarge_use1-az1': 50, 'c6g.4xlarge_use1-az2': 50, 'c6g.4xlarge_use1-az4': 50, 'c6g.4xlarge_use1-az5': 50, 'c6g.4xlarge_use1-az6': 50, 'c6g.8xlarge_use1-az1': 50, 'c6g.8xlarge_use1-az2': 50, 'c6g.8xlarge_use1-az4': 50, 'c6g.8xlarge_use1-az5': 50, 'c6g.8xlarge_use1-az6': 50, 'c6g.large_use1-az1': 5, 'c6g.large_use1-az2': 50, 'c6g.large_use1-az4': 50, 'c6g.large_use1-az5': 50, 'c6g.large_use1-az6': 50, 'c6g.xlarge_use1-az1': 30, 'c6g.xlarge_use1-az2': 50, 'c6g.xlarge_use1-az4': 50, 'c6g.xlarge_use1-az5': 10, 'c6g.xlarge_use1-az6': 50, 'c6gd.12xlarge_use1-az2': 50, 'c6gd.12xlarge_use1-az4': 30, 'c6gd.12xlarge_use1-az5': 1, 'c6gd.12xlarge_use1-az6': 50, 'c6gd.16xlarge_use1-az2': 50, 'c6gd.16xlarge_use1-az4': 30, 'c6gd.16xlarge_use1-az6': 50, 'c6gd.2xlarge_use1-az1': 15, 'c6gd.2xlarge_use1-az2': 50, 'c6gd.2xlarge_use1-az4': 50, 'c6gd.2xlarge_use1-az5': 1, 'c6gd.2xlarge_use1-az6': 50, 'c6gd.4xlarge_use1-az1': 20, 'c6gd.4xlarge_use1-az2': 50, 'c6gd.4xlarge_use1-az4': 50, 'c6gd.4xlarge_use1-az5': 10, 'c6gd.4xlarge_use1-az6': 50, 'c6gd.8xlarge_use1-az1': 25, 'c6gd.8xlarge_use1-az2': 45, 'c6gd.8xlarge_use1-az4': 45, 'c6gd.8xlarge_use1-az5': 1, 'c6gd.8xlarge_use1-az6': 50, 'c6gd.large_use1-az1': 50, 'c6gd.large_use1-az2': 5, 'c6gd.large_use1-az4': 20, 'c6gd.large_use1-az5': 1, 'c6gd.large_use1-az6': 50, 'c6gd.xlarge_use1-az1': 50, 'c6gd.xlarge_use1-az2': 1, 'c6gd.xlarge_use1-az4': 1, 'c6gd.xlarge_use1-az5': 50, 'c6gd.xlarge_use1-az6': 50, 'c6gn.12xlarge_use1-az2': 25, 'c6gn.12xlarge_use1-az4': 50, 'c6gn.12xlarge_use1-az5': 1, 'c6gn.16xlarge_use1-az1': 1, 'c6gn.16xlarge_use1-az2': 50, 'c6gn.16xlarge_use1-az4': 50, 'c6gn.16xlarge_use1-az5': 10, 'c6gn.2xlarge_use1-az1': 5, 'c6gn.2xlarge_use1-az2': 1, 'c6gn.2xlarge_use1-az4': 20, 'c6gn.2xlarge_use1-az5': 1, 'c6gn.4xlarge_use1-az1': 1, 'c6gn.4xlarge_use1-az2': 40, 'c6gn.4xlarge_use1-az4': 35, 'c6gn.4xlarge_use1-az5': 10, 'c6gn.8xlarge_use1-az1': 25, 'c6gn.8xlarge_use1-az2': 35, 'c6gn.8xlarge_use1-az4': 30, 'c6gn.8xlarge_use1-az5': 5, 'c6gn.8xlarge_use1-az6': 5, 'c6gn.large_use1-az1': 5, 'c6gn.large_use1-az2': 25, 'c6gn.large_use1-az4': 10, 'c6gn.large_use1-az5': 15, 'c6gn.large_use1-az6': 1, 'c6gn.xlarge_use1-az1': 5, 'c6gn.xlarge_use1-az2': 10, 'c6gn.xlarge_use1-az4': 15, 'c6gn.xlarge_use1-az5': 5, 'c6gn.xlarge_use1-az6': 1, 'c6i.12xlarge_use1-az1': 15, 'c6i.12xlarge_use1-az2': 15, 'c6i.12xlarge_use1-az4': 30, 'c6i.12xlarge_use1-az5': 5, 'c6i.12xlarge_use1-az6': 5, 'c6i.16xlarge_use1-az1': 5, 'c6i.16xlarge_use1-az2': 15, 'c6i.16xlarge_use1-az4': 25, 'c6i.16xlarge_use1-az5': 10, 'c6i.16xlarge_use1-az6': 30, 'c6i.24xlarge_use1-az1': 5, 'c6i.24xlarge_use1-az2': 5, 'c6i.24xlarge_use1-az4': 10, 'c6i.24xlarge_use1-az5': 1, 'c6i.24xlarge_use1-az6': 15, 'c6i.2xlarge_use1-az1': 20, 'c6i.2xlarge_use1-az2': 50, 'c6i.2xlarge_use1-az4': 50, 'c6i.2xlarge_use1-az5': 5, 'c6i.2xlarge_use1-az6': 50, 'c6i.32xlarge_use1-az1': 10, 'c6i.32xlarge_use1-az2': 5, 'c6i.32xlarge_use1-az4': 50, 'c6i.32xlarge_use1-az5': 1, 'c6i.32xlarge_use1-az6': 40, 'c6i.4xlarge_use1-az1': 10, 'c6i.4xlarge_use1-az2': 40, 'c6i.4xlarge_use1-az4': 50, 'c6i.4xlarge_use1-az5': 15, 'c6i.4xlarge_use1-az6': 50, 'c6i.8xlarge_use1-az1': 10, 'c6i.8xlarge_use1-az2': 45, 'c6i.8xlarge_use1-az4': 50, 'c6i.8xlarge_use1-az5': 10, 'c6i.8xlarge_use1-az6': 50, 'c6i.large_use1-az1': 10, 'c6i.large_use1-az2': 40, 'c6i.large_use1-az4': 30, 'c6i.large_use1-az5': 10, 'c6i.large_use1-az6': 50, 'c6i.xlarge_use1-az1': 50, 'c6i.xlarge_use1-az2': 45, 'c6i.xlarge_use1-az4': 35, 'c6i.xlarge_use1-az5': 10, 'c6i.xlarge_use1-az6': 50, 'c6id.12xlarge_use1-az1': 1, 'c6id.12xlarge_use1-az2': 1, 'c6id.12xlarge_use1-az4': 5, 'c6id.12xlarge_use1-az6': 5, 'c6id.16xlarge_use1-az1': 1, 'c6id.16xlarge_use1-az2': 5, 'c6id.16xlarge_use1-az4': 5, 'c6id.16xlarge_use1-az5': 1, 'c6id.16xlarge_use1-az6': 1, 'c6id.24xlarge_use1-az1': 5, 'c6id.24xlarge_use1-az2': 15, 'c6id.24xlarge_use1-az4': 5, 'c6id.24xlarge_use1-az5': 1, 'c6id.24xlarge_use1-az6': 10, 'c6id.2xlarge_use1-az1': 1, 'c6id.2xlarge_use1-az2': 1, 'c6id.2xlarge_use1-az4': 5, 'c6id.2xlarge_use1-az5': 5, 'c6id.2xlarge_use1-az6': 1, 'c6id.32xlarge_use1-az1': 1, 'c6id.32xlarge_use1-az2': 5, 'c6id.32xlarge_use1-az4': 10, 'c6id.32xlarge_use1-az5': 1, 'c6id.32xlarge_use1-az6': 5, 'c6id.4xlarge_use1-az1': 15, 'c6id.4xlarge_use1-az2': 10, 'c6id.4xlarge_use1-az4': 10, 'c6id.4xlarge_use1-az5': 1, 'c6id.4xlarge_use1-az6': 5, 'c6id.8xlarge_use1-az1': 5, 'c6id.8xlarge_use1-az2': 1, 'c6id.8xlarge_use1-az4': 5, 'c6id.8xlarge_use1-az5': 1, 'c6id.8xlarge_use1-az6': 1, 'c6id.large_use1-az1': 5, 'c6id.large_use1-az2': 5, 'c6id.large_use1-az4': 1, 'c6id.large_use1-az5': 5, 'c6id.large_use1-az6': 5, 'c6id.xlarge_use1-az1': 5, 'c6id.xlarge_use1-az2': 1, 'c6id.xlarge_use1-az4': 5, 'c6id.xlarge_use1-az5': 1, 'c6id.xlarge_use1-az6': 1, 'c6in.12xlarge_use1-az1': 1, 'c6in.12xlarge_use1-az6': 1, 'c6in.16xlarge_use1-az4': 1, 'c6in.24xlarge_use1-az6': 1, 'c6in.2xlarge_use1-az1': 1, 'c6in.2xlarge_use1-az2': 1, 'c6in.2xlarge_use1-az4': 1, 'c6in.2xlarge_use1-az6': 1, 'c6in.32xlarge_use1-az1': 1, 'c6in.32xlarge_use1-az6': 1, 'c6in.4xlarge_use1-az1': 5, 'c6in.4xlarge_use1-az2': 5, 'c6in.4xlarge_use1-az4': 5, 'c6in.4xlarge_use1-az6': 25, 'c6in.8xlarge_use1-az1': 1, 'c6in.8xlarge_use1-az6': 1, 'c6in.large_use1-az1': 5, 'c6in.large_use1-az2': 1, 'c6in.large_use1-az4': 1, 'c6in.large_use1-az5': 1, 'c6in.large_use1-az6': 5, 'c6in.xlarge_use1-az1': 20, 'c6in.xlarge_use1-az2': 1, 'c6in.xlarge_use1-az4': 1, 'c6in.xlarge_use1-az6': 10, 'c7a.12xlarge_use1-az1': 5, 'c7a.12xlarge_use1-az2': 5, 'c7a.12xlarge_use1-az4': 1, 'c7a.12xlarge_use1-az6': 15, 'c7a.16xlarge_use1-az1': 1, 'c7a.16xlarge_use1-az2': 1, 'c7a.16xlarge_use1-az6': 5, 'c7a.24xlarge_use1-az1': 1, 'c7a.24xlarge_use1-az2': 1, 'c7a.24xlarge_use1-az5': 1, 'c7a.24xlarge_use1-az6': 5, 'c7a.2xlarge_use1-az1': 1, 'c7a.2xlarge_use1-az2': 1, 'c7a.2xlarge_use1-az4': 25, 'c7a.2xlarge_use1-az5': 1, 'c7a.2xlarge_use1-az6': 10, 'c7a.32xlarge_use1-az1': 1, 'c7a.32xlarge_use1-az2': 1, 'c7a.32xlarge_use1-az6': 15, 'c7a.48xlarge_use1-az1': 1, 'c7a.48xlarge_use1-az2': 1, 'c7a.48xlarge_use1-az5': 1, 'c7a.48xlarge_use1-az6': 20, 'c7a.4xlarge_use1-az1': 5, 'c7a.4xlarge_use1-az2': 10, 'c7a.4xlarge_use1-az4': 5, 'c7a.4xlarge_use1-az5': 1, 'c7a.4xlarge_use1-az6': 50, 'c7a.8xlarge_use1-az1': 1, 'c7a.8xlarge_use1-az2': 1, 'c7a.8xlarge_use1-az4': 1, 'c7a.8xlarge_use1-az6': 10, 'c7a.large_use1-az1': 15, 'c7a.large_use1-az2': 25, 'c7a.large_use1-az4': 30, 'c7a.large_use1-az5': 10, 'c7a.large_use1-az6': 50, 'c7a.xlarge_use1-az1': 5, 'c7a.xlarge_use1-az2': 5, 'c7a.xlarge_use1-az4': 10, 'c7a.xlarge_use1-az5': 5, 'c7a.xlarge_use1-az6': 15, 'c7g.12xlarge_use1-az1': 15, 'c7g.12xlarge_use1-az2': 50, 'c7g.12xlarge_use1-az4': 15, 'c7g.12xlarge_use1-az5': 1, 'c7g.12xlarge_use1-az6': 50, 'c7g.16xlarge_use1-az1': 25, 'c7g.16xlarge_use1-az2': 40, 'c7g.16xlarge_use1-az4': 50, 'c7g.16xlarge_use1-az5': 10, 'c7g.16xlarge_use1-az6': 50, 'c7g.2xlarge_use1-az1': 50, 'c7g.2xlarge_use1-az2': 50, 'c7g.2xlarge_use1-az4': 50, 'c7g.2xlarge_use1-az5': 50, 'c7g.2xlarge_use1-az6': 50, 'c7g.4xlarge_use1-az1': 50, 'c7g.4xlarge_use1-az2': 50, 'c7g.4xlarge_use1-az4': 50, 'c7g.4xlarge_use1-az5': 50, 'c7g.4xlarge_use1-az6': 50, 'c7g.8xlarge_use1-az1': 50, 'c7g.8xlarge_use1-az2': 50, 'c7g.8xlarge_use1-az4': 50, 'c7g.8xlarge_use1-az5': 50, 'c7g.8xlarge_use1-az6': 50, 'c7g.large_use1-az1': 5, 'c7g.large_use1-az2': 45, 'c7g.large_use1-az4': 30, 'c7g.large_use1-az5': 10, 'c7g.large_use1-az6': 30, 'c7g.xlarge_use1-az1': 50, 'c7g.xlarge_use1-az2': 50, 'c7g.xlarge_use1-az4': 50, 'c7g.xlarge_use1-az5': 50, 'c7g.xlarge_use1-az6': 50, 'c7gd.12xlarge_use1-az1': 5, 'c7gd.12xlarge_use1-az2': 30, 'c7gd.12xlarge_use1-az4': 15, 'c7gd.12xlarge_use1-az5': 15, 'c7gd.12xlarge_use1-az6': 50, 'c7gd.16xlarge_use1-az1': 5, 'c7gd.16xlarge_use1-az2': 30, 'c7gd.16xlarge_use1-az4': 40, 'c7gd.16xlarge_use1-az5': 1, 'c7gd.16xlarge_use1-az6': 50, 'c7gd.2xlarge_use1-az1': 15, 'c7gd.2xlarge_use1-az2': 50, 'c7gd.2xlarge_use1-az4': 50, 'c7gd.2xlarge_use1-az5': 5, 'c7gd.2xlarge_use1-az6': 50, 'c7gd.4xlarge_use1-az1': 30, 'c7gd.4xlarge_use1-az2': 25, 'c7gd.4xlarge_use1-az4': 50, 'c7gd.4xlarge_use1-az5': 1, 'c7gd.4xlarge_use1-az6': 50, 'c7gd.8xlarge_use1-az1': 5, 'c7gd.8xlarge_use1-az2': 15, 'c7gd.8xlarge_use1-az4': 10, 'c7gd.8xlarge_use1-az5': 5, 'c7gd.8xlarge_use1-az6': 20, 'c7gd.large_use1-az1': 1, 'c7gd.large_use1-az2': 25, 'c7gd.large_use1-az4': 5, 'c7gd.large_use1-az5': 10, 'c7gd.large_use1-az6': 20, 'c7gd.xlarge_use1-az1': 15, 'c7gd.xlarge_use1-az2': 50, 'c7gd.xlarge_use1-az4': 5, 'c7gd.xlarge_use1-az5': 15, 'c7gd.xlarge_use1-az6': 25, 'c7gn.12xlarge_use1-az2': 1, 'c7gn.12xlarge_use1-az5': 1, 'c7gn.12xlarge_use1-az6': 1, 'c7gn.16xlarge_use1-az2': 5, 'c7gn.16xlarge_use1-az5': 5, 'c7gn.16xlarge_use1-az6': 20, 'c7gn.2xlarge_use1-az1': 1, 'c7gn.2xlarge_use1-az2': 1, 'c7gn.2xlarge_use1-az5': 1, 'c7gn.2xlarge_use1-az6': 5, 'c7gn.4xlarge_use1-az2': 50, 'c7gn.4xlarge_use1-az4': 1, 'c7gn.4xlarge_use1-az5': 1, 'c7gn.4xlarge_use1-az6': 50, 'c7gn.8xlarge_use1-az2': 1, 'c7gn.8xlarge_use1-az5': 1, 'c7gn.8xlarge_use1-az6': 5, 'c7gn.large_use1-az1': 1, 'c7gn.large_use1-az2': 10, 'c7gn.large_use1-az5': 10, 'c7gn.large_use1-az6': 10, 'c7gn.xlarge_use1-az1': 1, 'c7gn.xlarge_use1-az2': 5, 'c7gn.xlarge_use1-az5': 5, 'c7gn.xlarge_use1-az6': 5, 'c7i-flex.2xlarge_use1-az1': 50, 'c7i-flex.2xlarge_use1-az2': 50, 'c7i-flex.2xlarge_use1-az4': 50, 'c7i-flex.2xlarge_use1-az5': 15, 'c7i-flex.2xlarge_use1-az6': 50, 'c7i-flex.4xlarge_use1-az1': 1, 'c7i-flex.4xlarge_use1-az2': 1, 'c7i-flex.4xlarge_use1-az4': 1, 'c7i-flex.4xlarge_use1-az6': 5, 'c7i-flex.8xlarge_use1-az1': 1, 'c7i-flex.8xlarge_use1-az2': 1, 'c7i-flex.8xlarge_use1-az4': 1, 'c7i-flex.8xlarge_use1-az6': 5, 'c7i-flex.large_use1-az1': 40, 'c7i-flex.large_use1-az2': 50, 'c7i-flex.large_use1-az4': 10, 'c7i-flex.large_use1-az5': 1, 'c7i-flex.large_use1-az6': 50, 'c7i-flex.xlarge_use1-az1': 50, 'c7i-flex.xlarge_use1-az2': 50, 'c7i-flex.xlarge_use1-az4': 50, 'c7i-flex.xlarge_use1-az5': 5, 'c7i-flex.xlarge_use1-az6': 50, 'c7i.12xlarge_use1-az1': 5, 'c7i.12xlarge_use1-az2': 15, 'c7i.12xlarge_use1-az4': 15, 'c7i.12xlarge_use1-az6': 5, 'c7i.16xlarge_use1-az1': 1, 'c7i.16xlarge_use1-az2': 5, 'c7i.16xlarge_use1-az4': 1, 'c7i.16xlarge_use1-az6': 15, 'c7i.24xlarge_use1-az1': 5, 'c7i.24xlarge_use1-az2': 5, 'c7i.24xlarge_use1-az4': 5, 'c7i.24xlarge_use1-az5': 1, 'c7i.24xlarge_use1-az6': 15, 'c7i.2xlarge_use1-az1': 10, 'c7i.2xlarge_use1-az2': 10, 'c7i.2xlarge_use1-az4': 10, 'c7i.2xlarge_use1-az5': 5, 'c7i.2xlarge_use1-az6': 25, 'c7i.48xlarge_use1-az1': 10, 'c7i.48xlarge_use1-az2': 10, 'c7i.48xlarge_use1-az4': 5, 'c7i.48xlarge_use1-az5': 1, 'c7i.48xlarge_use1-az6': 50, 'c7i.4xlarge_use1-az1': 5, 'c7i.4xlarge_use1-az2': 5, 'c7i.4xlarge_use1-az4': 5, 'c7i.4xlarge_use1-az5': 1, 'c7i.4xlarge_use1-az6': 15, 'c7i.8xlarge_use1-az1': 1, 'c7i.8xlarge_use1-az2': 5, 'c7i.8xlarge_use1-az4': 5, 'c7i.8xlarge_use1-az6': 10, 'c7i.large_use1-az1': 45, 'c7i.large_use1-az2': 50, 'c7i.large_use1-az4': 50, 'c7i.large_use1-az5': 5, 'c7i.large_use1-az6': 50, 'c7i.xlarge_use1-az1': 5, 'c7i.xlarge_use1-az2': 10, 'c7i.xlarge_use1-az4': 5, 'c7i.xlarge_use1-az5': 1, 'c7i.xlarge_use1-az6': 5, 'c8g.12xlarge_use1-az1': 1, 'c8g.12xlarge_use1-az2': 5, 'c8g.12xlarge_use1-az4': 1, 'c8g.12xlarge_use1-az6': 25, 'c8g.16xlarge_use1-az1': 10, 'c8g.16xlarge_use1-az2': 5, 'c8g.16xlarge_use1-az4': 1, 'c8g.16xlarge_use1-az6': 50, 'c8g.24xlarge_use1-az1': 5, 'c8g.24xlarge_use1-az2': 10, 'c8g.24xlarge_use1-az4': 1, 'c8g.24xlarge_use1-az6': 25, 'c8g.2xlarge_use1-az1': 5, 'c8g.2xlarge_use1-az2': 5, 'c8g.2xlarge_use1-az4': 50, 'c8g.2xlarge_use1-az5': 1, 'c8g.2xlarge_use1-az6': 50, 'c8g.48xlarge_use1-az1': 1, 'c8g.48xlarge_use1-az2': 5, 'c8g.48xlarge_use1-az6': 50, 'c8g.4xlarge_use1-az1': 35, 'c8g.4xlarge_use1-az2': 15, 'c8g.4xlarge_use1-az4': 20, 'c8g.4xlarge_use1-az5': 10, 'c8g.4xlarge_use1-az6': 50, 'c8g.8xlarge_use1-az1': 1, 'c8g.8xlarge_use1-az2': 5, 'c8g.8xlarge_use1-az4': 5, 'c8g.8xlarge_use1-az6': 50, 'c8g.large_use1-az1': 5, 'c8g.large_use1-az2': 20, 'c8g.large_use1-az4': 5, 'c8g.large_use1-az5': 1, 'c8g.large_use1-az6': 40, 'c8g.metal-24xl_use1-az2': 1, 'c8g.metal-24xl_use1-az6': 20, 'c8g.metal-48xl_use1-az1': 1, 'c8g.metal-48xl_use1-az2': 1, 'c8g.metal-48xl_use1-az6': 50, 'c8g.xlarge_use1-az1': 5, 'c8g.xlarge_use1-az2': 30, 'c8g.xlarge_use1-az4': 5, 'c8g.xlarge_use1-az5': 1, 'c8g.xlarge_use1-az6': 50, 'c8gd.12xlarge_use1-az2': 5, 'c8gd.12xlarge_use1-az4': 5, 'c8gd.12xlarge_use1-az5': 1, 'c8gd.12xlarge_use1-az6': 5, 'c8gd.16xlarge_use1-az2': 10, 'c8gd.16xlarge_use1-az4': 10, 'c8gd.16xlarge_use1-az5': 5, 'c8gd.16xlarge_use1-az6': 50, 'c8gd.24xlarge_use1-az2': 1, 'c8gd.24xlarge_use1-az4': 5, 'c8gd.24xlarge_use1-az5': 1, 'c8gd.24xlarge_use1-az6': 5, 'c8gd.2xlarge_use1-az2': 50, 'c8gd.2xlarge_use1-az4': 50, 'c8gd.2xlarge_use1-az5': 10, 'c8gd.2xlarge_use1-az6': 50, 'c8gd.48xlarge_use1-az2': 1, 'c8gd.48xlarge_use1-az6': 15, 'c8gd.4xlarge_use1-az2': 10, 'c8gd.4xlarge_use1-az4': 30, 'c8gd.4xlarge_use1-az5': 1, 'c8gd.4xlarge_use1-az6': 50, 'c8gd.8xlarge_use1-az2': 1, 'c8gd.8xlarge_use1-az4': 1, 'c8gd.8xlarge_use1-az5': 1, 'c8gd.8xlarge_use1-az6': 5, 'c8gd.large_use1-az1': 1, 'c8gd.large_use1-az2': 40, 'c8gd.large_use1-az4': 35, 'c8gd.large_use1-az6': 50, 'c8gd.metal-24xl_use1-az2': 1, 'c8gd.metal-24xl_use1-az4': 1, 'c8gd.metal-24xl_use1-az5': 1, 'c8gd.metal-24xl_use1-az6': 5, 'c8gd.metal-48xl_use1-az2': 1, 'c8gd.metal-48xl_use1-az6': 1, 'c8gd.xlarge_use1-az1': 1, 'c8gd.xlarge_use1-az2': 20, 'c8gd.xlarge_use1-az4': 20, 'c8gd.xlarge_use1-az5': 15, 'c8gd.xlarge_use1-az6': 50, 'c8gn.2xlarge_use1-az2': 1, 'c8gn.2xlarge_use1-az4': 1, 'c8gn.2xlarge_use1-az6': 1, 'c8gn.4xlarge_use1-az2': 1, 'c8gn.4xlarge_use1-az5': 1, 'c8gn.8xlarge_use1-az2': 1, 'c8gn.8xlarge_use1-az6': 1, 'c8gn.large_use1-az6': 1, 'c8i-flex.12xlarge_use1-az6': 1, 'c8i-flex.16xlarge_use1-az6': 1, 'c8i-flex.2xlarge_use1-az2': 25, 'c8i-flex.2xlarge_use1-az4': 15, 'c8i-flex.2xlarge_use1-az6': 50, 'c8i-flex.4xlarge_use1-az2': 5, 'c8i-flex.4xlarge_use1-az4': 1, 'c8i-flex.4xlarge_use1-az6': 5, 'c8i-flex.8xlarge_use1-az6': 1, 'c8i-flex.large_use1-az4': 20, 'c8i-flex.xlarge_use1-az2': 40, 'c8i-flex.xlarge_use1-az4': 5, 'c8i-flex.xlarge_use1-az6': 50, 'c8i.12xlarge_use1-az2': 1, 'c8i.12xlarge_use1-az4': 1, 'c8i.12xlarge_use1-az6': 1, 'c8i.16xlarge_use1-az6': 1, 'c8i.24xlarge_use1-az6': 1, 'c8i.2xlarge_use1-az2': 10, 'c8i.2xlarge_use1-az4': 5, 'c8i.2xlarge_use1-az6': 20, 'c8i.32xlarge_use1-az2': 1, 'c8i.32xlarge_use1-az4': 1, 'c8i.32xlarge_use1-az6': 5, 'c8i.48xlarge_use1-az2': 1, 'c8i.48xlarge_use1-az6': 1, 'c8i.4xlarge_use1-az2': 5, 'c8i.4xlarge_use1-az4': 5, 'c8i.4xlarge_use1-az6': 5, 'c8i.8xlarge_use1-az2': 1, 'c8i.8xlarge_use1-az4': 1, 'c8i.8xlarge_use1-az6': 5, 'c8i.96xlarge_use1-az2': 1, 'c8i.96xlarge_use1-az6': 5, 'c8i.metal-48xl_use1-az2': 1, 'c8i.metal-96xl_use1-az2': 1, 'c8i.metal-96xl_use1-az6': 5, 'c8i.xlarge_use1-az2': 50, 'c8i.xlarge_use1-az4': 15, 'c8i.xlarge_use1-az6': 50, 'd2.2xlarge_use1-az1': 1, 'd2.2xlarge_use1-az6': 1, 'd2.4xlarge_use1-az2': 1, 'd2.4xlarge_use1-az6': 1, 'd2.xlarge_use1-az6': 1, 'd3.2xlarge_use1-az1': 15, 'd3.2xlarge_use1-az2': 45, 'd3.2xlarge_use1-az4': 40, 'd3.2xlarge_use1-az6': 35, 'd3.4xlarge_use1-az1': 1, 'd3.4xlarge_use1-az2': 5, 'd3.4xlarge_use1-az4': 15, 'd3.4xlarge_use1-az6': 5, 'd3.8xlarge_use1-az1': 1, 'd3.8xlarge_use1-az2': 40, 'd3.8xlarge_use1-az4': 35, 'd3.8xlarge_use1-az6': 20, 'd3.xlarge_use1-az1': 10, 'd3.xlarge_use1-az2': 50, 'd3.xlarge_use1-az4': 45, 'd3.xlarge_use1-az6': 25, 'd3en.12xlarge_use1-az1': 1, 'd3en.12xlarge_use1-az2': 10, 'd3en.12xlarge_use1-az4': 20, 'd3en.12xlarge_use1-az6': 50, 'd3en.2xlarge_use1-az1': 5, 'd3en.2xlarge_use1-az2': 25, 'd3en.2xlarge_use1-az4': 15, 'd3en.2xlarge_use1-az6': 50, 'd3en.4xlarge_use1-az1': 1, 'd3en.4xlarge_use1-az2': 5, 'd3en.4xlarge_use1-az4': 10, 'd3en.4xlarge_use1-az6': 50, 'd3en.6xlarge_use1-az1': 1, 'd3en.6xlarge_use1-az2': 5, 'd3en.6xlarge_use1-az4': 15, 'd3en.6xlarge_use1-az6': 50, 'd3en.8xlarge_use1-az1': 1, 'd3en.8xlarge_use1-az2': 15, 'd3en.8xlarge_use1-az4': 5, 'd3en.8xlarge_use1-az6': 50, 'd3en.xlarge_use1-az1': 5, 'd3en.xlarge_use1-az2': 50, 'd3en.xlarge_use1-az4': 30, 'd3en.xlarge_use1-az6': 50, 'f2.12xlarge_use1-az2': 1, 'f2.12xlarge_use1-az4': 1, 'f2.12xlarge_use1-az6': 1, 'f2.48xlarge_use1-az2': 5, 'f2.48xlarge_use1-az4': 5, 'f2.48xlarge_use1-az6': 1, 'g4ad.16xlarge_use1-az1': 5, 'g4ad.16xlarge_use1-az2': 5, 'g4ad.16xlarge_use1-az4': 5, 'g4ad.16xlarge_use1-az6': 10, 'g4ad.2xlarge_use1-az1': 5, 'g4ad.2xlarge_use1-az2': 10, 'g4ad.2xlarge_use1-az4': 10, 'g4ad.2xlarge_use1-az6': 10, 'g4ad.4xlarge_use1-az1': 10, 'g4ad.4xlarge_use1-az2': 15, 'g4ad.4xlarge_use1-az4': 15, 'g4ad.4xlarge_use1-az6': 5, 'g4ad.8xlarge_use1-az1': 1, 'g4ad.8xlarge_use1-az2': 5, 'g4ad.8xlarge_use1-az4': 5, 'g4ad.8xlarge_use1-az6': 5, 'g4ad.xlarge_use1-az1': 20, 'g4ad.xlarge_use1-az2': 20, 'g4ad.xlarge_use1-az4': 25, 'g4ad.xlarge_use1-az6': 20, 'g4dn.12xlarge_use1-az1': 5, 'g4dn.12xlarge_use1-az2': 15, 'g4dn.12xlarge_use1-az4': 15, 'g4dn.12xlarge_use1-az5': 15, 'g4dn.12xlarge_use1-az6': 50, 'g4dn.16xlarge_use1-az1': 1, 'g4dn.16xlarge_use1-az2': 10, 'g4dn.16xlarge_use1-az4': 1, 'g4dn.16xlarge_use1-az5': 5, 'g4dn.16xlarge_use1-az6': 15, 'g4dn.2xlarge_use1-az1': 45, 'g4dn.2xlarge_use1-az2': 50, 'g4dn.2xlarge_use1-az4': 50, 'g4dn.2xlarge_use1-az5': 50, 'g4dn.2xlarge_use1-az6': 50, 'g4dn.4xlarge_use1-az1': 5, 'g4dn.4xlarge_use1-az2': 40, 'g4dn.4xlarge_use1-az4': 25, 'g4dn.4xlarge_use1-az5': 40, 'g4dn.4xlarge_use1-az6': 40, 'g4dn.8xlarge_use1-az1': 1, 'g4dn.8xlarge_use1-az2': 1, 'g4dn.8xlarge_use1-az4': 10, 'g4dn.8xlarge_use1-az5': 1, 'g4dn.8xlarge_use1-az6': 5, 'g4dn.xlarge_use1-az1': 50, 'g4dn.xlarge_use1-az2': 50, 'g4dn.xlarge_use1-az4': 50, 'g4dn.xlarge_use1-az5': 50, 'g4dn.xlarge_use1-az6': 50, 'g5.12xlarge_use1-az2': 1, 'g5.12xlarge_use1-az5': 10, 'g5.12xlarge_use1-az6': 5, 'g5.16xlarge_use1-az1': 1, 'g5.16xlarge_use1-az2': 1, 'g5.16xlarge_use1-az4': 5, 'g5.16xlarge_use1-az5': 5, 'g5.16xlarge_use1-az6': 10, 'g5.24xlarge_use1-az1': 1, 'g5.24xlarge_use1-az2': 1, 'g5.24xlarge_use1-az4': 1, 'g5.24xlarge_use1-az5': 1, 'g5.24xlarge_use1-az6': 5, 'g5.2xlarge_use1-az1': 25, 'g5.2xlarge_use1-az2': 15, 'g5.2xlarge_use1-az4': 15, 'g5.2xlarge_use1-az5': 50, 'g5.2xlarge_use1-az6': 45, 'g5.48xlarge_use1-az2': 1, 'g5.48xlarge_use1-az5': 5, 'g5.48xlarge_use1-az6': 25, 'g5.4xlarge_use1-az1': 1, 'g5.4xlarge_use1-az2': 50, 'g5.4xlarge_use1-az4': 50, 'g5.4xlarge_use1-az5': 40, 'g5.4xlarge_use1-az6': 50, 'g5.8xlarge_use1-az1': 1, 'g5.8xlarge_use1-az2': 5, 'g5.8xlarge_use1-az4': 10, 'g5.8xlarge_use1-az5': 20, 'g5.8xlarge_use1-az6': 10, 'g5.xlarge_use1-az1': 25, 'g5.xlarge_use1-az2': 50, 'g5.xlarge_use1-az4': 50, 'g5.xlarge_use1-az5': 50, 'g5.xlarge_use1-az6': 50, 'g5g.16xlarge_use1-az1': 1, 'g5g.16xlarge_use1-az6': 5, 'g5g.4xlarge_use1-az6': 1, 'g5g.8xlarge_use1-az1': 1, 'g5g.8xlarge_use1-az4': 1, 'g5g.8xlarge_use1-az6': 1, 'g5g.xlarge_use1-az1': 1, 'g5g.xlarge_use1-az2': 1, 'g5g.xlarge_use1-az4': 1, 'g5g.xlarge_use1-az6': 5, 'g6.12xlarge_use1-az1': 5, 'g6.12xlarge_use1-az2': 1, 'g6.12xlarge_use1-az4': 30, 'g6.12xlarge_use1-az6': 50, 'g6.16xlarge_use1-az1': 1, 'g6.16xlarge_use1-az2': 1, 'g6.16xlarge_use1-az4': 1, 'g6.16xlarge_use1-az6': 5, 'g6.24xlarge_use1-az2': 1, 'g6.24xlarge_use1-az4': 1, 'g6.24xlarge_use1-az6': 1, 'g6.2xlarge_use1-az1': 10, 'g6.2xlarge_use1-az2': 25, 'g6.2xlarge_use1-az4': 50, 'g6.2xlarge_use1-az6': 50, 'g6.48xlarge_use1-az2': 5, 'g6.48xlarge_use1-az4': 30, 'g6.48xlarge_use1-az6': 50, 'g6.4xlarge_use1-az1': 5, 'g6.4xlarge_use1-az2': 10, 'g6.4xlarge_use1-az4': 35, 'g6.4xlarge_use1-az6': 50, 'g6.8xlarge_use1-az1': 5, 'g6.8xlarge_use1-az2': 5, 'g6.8xlarge_use1-az4': 10, 'g6.8xlarge_use1-az6': 15, 'g6.xlarge_use1-az1': 5, 'g6.xlarge_use1-az2': 5, 'g6.xlarge_use1-az4': 5, 'g6.xlarge_use1-az6': 5, 'g6e.16xlarge_use1-az1': 10, 'g6e.16xlarge_use1-az2': 15, 'g6e.16xlarge_use1-az4': 40, 'g6e.16xlarge_use1-az6': 20, 'g6e.2xlarge_use1-az1': 10, 'g6e.2xlarge_use1-az2': 1, 'g6e.2xlarge_use1-az4': 10, 'g6e.2xlarge_use1-az6': 5, 'g6e.48xlarge_use1-az4': 5, 'g6e.48xlarge_use1-az6': 1, 'g6e.4xlarge_use1-az1': 1, 'g6e.4xlarge_use1-az4': 5, 'g6e.4xlarge_use1-az6': 1, 'g6e.8xlarge_use1-az1': 1, 'g6e.8xlarge_use1-az2': 1, 'g6e.8xlarge_use1-az4': 1, 'g6e.8xlarge_use1-az6': 1, 'g6e.xlarge_use1-az1': 1, 'g6e.xlarge_use1-az6': 1, 'g6f.2xlarge_use1-az1': 1, 'g6f.2xlarge_use1-az4': 1, 'g6f.2xlarge_use1-az6': 5, 'g6f.4xlarge_use1-az1': 1, 'g6f.4xlarge_use1-az4': 1, 'g6f.4xlarge_use1-az6': 1, 'g6f.large_use1-az1': 10, 'g6f.large_use1-az2': 15, 'g6f.large_use1-az4': 40, 'g6f.large_use1-az6': 20, 'g6f.xlarge_use1-az1': 1, 'g6f.xlarge_use1-az2': 1, 'g6f.xlarge_use1-az4': 5, 'g6f.xlarge_use1-az6': 10, 'gr6.4xlarge_use1-az2': 1, 'gr6.4xlarge_use1-az4': 1, 'gr6.4xlarge_use1-az6': 1, 'gr6.8xlarge_use1-az1': 1, 'gr6.8xlarge_use1-az2': 1, 'gr6.8xlarge_use1-az4': 1, 'gr6.8xlarge_use1-az6': 1, 'i2.2xlarge_use1-az2': 10, 'i2.2xlarge_use1-az3': 5, 'i2.2xlarge_use1-az4': 10, 'i2.2xlarge_use1-az6': 5, 'i2.4xlarge_use1-az1': 1, 'i2.4xlarge_use1-az2': 10, 'i2.4xlarge_use1-az3': 1, 'i2.4xlarge_use1-az4': 10, 'i2.4xlarge_use1-az6': 5, 'i2.8xlarge_use1-az2': 1, 'i2.8xlarge_use1-az3': 1, 'i2.8xlarge_use1-az6': 1, 'i2.xlarge_use1-az1': 1, 'i2.xlarge_use1-az2': 15, 'i2.xlarge_use1-az3': 1, 'i2.xlarge_use1-az4': 20, 'i2.xlarge_use1-az6': 15, 'i3.16xlarge_use1-az1': 20, 'i3.16xlarge_use1-az2': 50, 'i3.16xlarge_use1-az3': 10, 'i3.16xlarge_use1-az4': 50, 'i3.16xlarge_use1-az5': 10, 'i3.16xlarge_use1-az6': 45, 'i3.2xlarge_use1-az1': 50, 'i3.2xlarge_use1-az2': 50, 'i3.2xlarge_use1-az3': 50, 'i3.2xlarge_use1-az4': 50, 'i3.2xlarge_use1-az5': 50, 'i3.2xlarge_use1-az6': 50, 'i3.4xlarge_use1-az1': 50, 'i3.4xlarge_use1-az2': 50, 'i3.4xlarge_use1-az3': 50, 'i3.4xlarge_use1-az4': 50, 'i3.4xlarge_use1-az5': 50, 'i3.4xlarge_use1-az6': 50, 'i3.8xlarge_use1-az1': 50, 'i3.8xlarge_use1-az2': 50, 'i3.8xlarge_use1-az3': 50, 'i3.8xlarge_use1-az4': 50, 'i3.8xlarge_use1-az5': 25, 'i3.8xlarge_use1-az6': 50, 'i3.large_use1-az1': 50, 'i3.large_use1-az2': 50, 'i3.large_use1-az3': 50, 'i3.large_use1-az4': 50, 'i3.large_use1-az5': 50, 'i3.large_use1-az6': 50, 'i3.xlarge_use1-az1': 50, 'i3.xlarge_use1-az2': 50, 'i3.xlarge_use1-az3': 50, 'i3.xlarge_use1-az4': 50, 'i3.xlarge_use1-az5': 50, 'i3.xlarge_use1-az6': 50, 'i3en.12xlarge_use1-az1': 1, 'i3en.12xlarge_use1-az2': 1, 'i3en.12xlarge_use1-az6': 50, 'i3en.24xlarge_use1-az6': 20, 'i3en.2xlarge_use1-az1': 50, 'i3en.2xlarge_use1-az2': 50, 'i3en.2xlarge_use1-az4': 30, 'i3en.2xlarge_use1-az5': 50, 'i3en.2xlarge_use1-az6': 50, 'i3en.3xlarge_use1-az1': 50, 'i3en.3xlarge_use1-az2': 50, 'i3en.3xlarge_use1-az4': 50, 'i3en.3xlarge_use1-az5': 50, 'i3en.3xlarge_use1-az6': 50, 'i3en.6xlarge_use1-az1': 10, 'i3en.6xlarge_use1-az2': 20, 'i3en.6xlarge_use1-az4': 10, 'i3en.6xlarge_use1-az6': 50, 'i3en.large_use1-az1': 50, 'i3en.large_use1-az2': 50, 'i3en.large_use1-az4': 45, 'i3en.large_use1-az5': 35, 'i3en.large_use1-az6': 50, 'i3en.xlarge_use1-az1': 50, 'i3en.xlarge_use1-az2': 50, 'i3en.xlarge_use1-az4': 50, 'i3en.xlarge_use1-az5': 50, 'i3en.xlarge_use1-az6': 50, 'i4g.16xlarge_use1-az2': 1, 'i4g.16xlarge_use1-az4': 1, 'i4g.16xlarge_use1-az5': 50, 'i4g.16xlarge_use1-az6': 50, 'i4g.2xlarge_use1-az2': 10, 'i4g.2xlarge_use1-az4': 15, 'i4g.2xlarge_use1-az5': 40, 'i4g.2xlarge_use1-az6': 50, 'i4g.4xlarge_use1-az2': 25, 'i4g.4xlarge_use1-az4': 30, 'i4g.4xlarge_use1-az5': 50, 'i4g.4xlarge_use1-az6': 50, 'i4g.8xlarge_use1-az5': 45, 'i4g.8xlarge_use1-az6': 15, 'i4g.large_use1-az1': 5, 'i4g.large_use1-az2': 5, 'i4g.large_use1-az4': 5, 'i4g.large_use1-az5': 25, 'i4g.large_use1-az6': 50, 'i4g.xlarge_use1-az2': 10, 'i4g.xlarge_use1-az4': 1, 'i4g.xlarge_use1-az5': 50, 'i4g.xlarge_use1-az6': 50, 'i4i.12xlarge_use1-az2': 5, 'i4i.16xlarge_use1-az1': 1, 'i4i.16xlarge_use1-az2': 1, 'i4i.16xlarge_use1-az4': 1, 'i4i.16xlarge_use1-az6': 1, 'i4i.24xlarge_use1-az2': 1, 'i4i.2xlarge_use1-az1': 15, 'i4i.2xlarge_use1-az2': 50, 'i4i.2xlarge_use1-az4': 50, 'i4i.2xlarge_use1-az5': 1, 'i4i.2xlarge_use1-az6': 50, 'i4i.4xlarge_use1-az1': 1, 'i4i.4xlarge_use1-az2': 35, 'i4i.4xlarge_use1-az4': 1, 'i4i.4xlarge_use1-az6': 15, 'i4i.8xlarge_use1-az1': 1, 'i4i.8xlarge_use1-az2': 40, 'i4i.8xlarge_use1-az6': 5, 'i4i.large_use1-az1': 50, 'i4i.large_use1-az2': 50, 'i4i.large_use1-az4': 50, 'i4i.large_use1-az5': 50, 'i4i.large_use1-az6': 50, 'i4i.xlarge_use1-az1': 50, 'i4i.xlarge_use1-az2': 50, 'i4i.xlarge_use1-az4': 50, 'i4i.xlarge_use1-az5': 50, 'i4i.xlarge_use1-az6': 50, 'i7i.12xlarge_use1-az1': 1, 'i7i.12xlarge_use1-az2': 1, 'i7i.12xlarge_use1-az4': 1, 'i7i.12xlarge_use1-az5': 1, 'i7i.12xlarge_use1-az6': 1, 'i7i.16xlarge_use1-az2': 1, 'i7i.16xlarge_use1-az4': 5, 'i7i.16xlarge_use1-az5': 1, 'i7i.16xlarge_use1-az6': 1, 'i7i.24xlarge_use1-az2': 1, 'i7i.24xlarge_use1-az4': 1, 'i7i.24xlarge_use1-az5': 1, 'i7i.24xlarge_use1-az6': 1, 'i7i.2xlarge_use1-az1': 1, 'i7i.2xlarge_use1-az2': 50, 'i7i.2xlarge_use1-az4': 45, 'i7i.2xlarge_use1-az5': 20, 'i7i.2xlarge_use1-az6': 10, 'i7i.48xlarge_use1-az2': 1, 'i7i.4xlarge_use1-az1': 1, 'i7i.4xlarge_use1-az2': 15, 'i7i.4xlarge_use1-az4': 20, 'i7i.4xlarge_use1-az5': 5, 'i7i.4xlarge_use1-az6': 20, 'i7i.8xlarge_use1-az1': 1, 'i7i.8xlarge_use1-az2': 1, 'i7i.8xlarge_use1-az4': 5, 'i7i.8xlarge_use1-az5': 1, 'i7i.8xlarge_use1-az6': 1, 'i7i.metal-24xl_use1-az2': 1, 'i7i.metal-24xl_use1-az4': 50, 'i7i.metal-24xl_use1-az6': 35, 'i7i.xlarge_use1-az1': 1, 'i7i.xlarge_use1-az6': 20, 'i7ie.12xlarge_use1-az1': 1, 'i7ie.12xlarge_use1-az4': 1, 'i7ie.12xlarge_use1-az6': 30, 'i7ie.18xlarge_use1-az4': 1, 'i7ie.18xlarge_use1-az6': 20, 'i7ie.24xlarge_use1-az1': 1, 'i7ie.24xlarge_use1-az2': 1, 'i7ie.24xlarge_use1-az4': 1, 'i7ie.24xlarge_use1-az6': 50, 'i7ie.2xlarge_use1-az1': 5, 'i7ie.2xlarge_use1-az2': 1, 'i7ie.2xlarge_use1-az4': 15, 'i7ie.2xlarge_use1-az6': 35, 'i7ie.3xlarge_use1-az1': 5, 'i7ie.3xlarge_use1-az2': 1, 'i7ie.3xlarge_use1-az4': 5, 'i7ie.3xlarge_use1-az6': 30, 'i7ie.48xlarge_use1-az6': 50, 'i7ie.6xlarge_use1-az1': 25, 'i7ie.6xlarge_use1-az4': 20, 'i7ie.6xlarge_use1-az6': 50, 'i7ie.large_use1-az1': 45, 'i7ie.large_use1-az2': 15, 'i7ie.large_use1-az4': 50, 'i7ie.large_use1-az6': 50, 'i7ie.metal-24xl_use1-az4': 1, 'i7ie.metal-24xl_use1-az6': 15, 'i7ie.metal-48xl_use1-az6': 10, 'i7ie.xlarge_use1-az1': 10, 'i7ie.xlarge_use1-az2': 25, 'i7ie.xlarge_use1-az4': 45, 'i7ie.xlarge_use1-az6': 50, 'i8g.12xlarge_use1-az6': 1, 'i8g.24xlarge_use1-az6': 10, 'i8g.2xlarge_use1-az2': 1, 'i8g.4xlarge_use1-az2': 1, 'i8g.8xlarge_use1-az6': 5, 'i8g.large_use1-az2': 10, 'i8g.large_use1-az6': 5, 'i8g.xlarge_use1-az2': 1, 'i8g.xlarge_use1-az4': 1, 'i8g.xlarge_use1-az6': 1, 'i8ge.12xlarge_use1-az4': 1, 'i8ge.12xlarge_use1-az6': 5, 'i8ge.18xlarge_use1-az2': 1, 'i8ge.18xlarge_use1-az4': 1, 'i8ge.18xlarge_use1-az6': 5, 'i8ge.24xlarge_use1-az4': 1, 'i8ge.24xlarge_use1-az6': 5, 'i8ge.2xlarge_use1-az4': 10, 'i8ge.3xlarge_use1-az2': 1, 'i8ge.3xlarge_use1-az4': 5, 'i8ge.48xlarge_use1-az4': 5, 'i8ge.6xlarge_use1-az2': 1, 'i8ge.6xlarge_use1-az4': 1, 'i8ge.large_use1-az2': 5, 'i8ge.large_use1-az4': 50, 'i8ge.metal-24xl_use1-az4': 1, 'i8ge.metal-48xl_use1-az6': 1, 'i8ge.xlarge_use1-az4': 20, 'im4gn.16xlarge_use1-az4': 45, 'im4gn.2xlarge_use1-az1': 10, 'im4gn.2xlarge_use1-az4': 20, 'im4gn.2xlarge_use1-az6': 15, 'im4gn.4xlarge_use1-az1': 5, 'im4gn.4xlarge_use1-az4': 15, 'im4gn.8xlarge_use1-az1': 1, 'im4gn.8xlarge_use1-az4': 5, 'im4gn.large_use1-az1': 35, 'im4gn.large_use1-az2': 10, 'im4gn.large_use1-az4': 50, 'im4gn.large_use1-az6': 10, 'im4gn.xlarge_use1-az1': 25, 'im4gn.xlarge_use1-az2': 50, 'im4gn.xlarge_use1-az4': 30, 'im4gn.xlarge_use1-az6': 40, 'inf1.24xlarge_use1-az1': 1, 'inf1.24xlarge_use1-az2': 1, 'inf1.24xlarge_use1-az4': 10, 'inf1.24xlarge_use1-az5': 5, 'inf1.24xlarge_use1-az6': 20, 'inf1.2xlarge_use1-az1': 15, 'inf1.2xlarge_use1-az2': 15, 'inf1.2xlarge_use1-az4': 30, 'inf1.2xlarge_use1-az5': 40, 'inf1.2xlarge_use1-az6': 40, 'inf1.6xlarge_use1-az1': 1, 'inf1.6xlarge_use1-az2': 1, 'inf1.6xlarge_use1-az4': 5, 'inf1.6xlarge_use1-az5': 5, 'inf1.6xlarge_use1-az6': 10, 'inf1.xlarge_use1-az1': 50, 'inf1.xlarge_use1-az2': 50, 'inf1.xlarge_use1-az4': 40, 'inf1.xlarge_use1-az5': 50, 'inf1.xlarge_use1-az6': 50, 'inf2.24xlarge_use1-az4': 1, 'inf2.24xlarge_use1-az6': 10, 'inf2.48xlarge_use1-az6': 15, 'inf2.8xlarge_use1-az2': 5, 'inf2.8xlarge_use1-az4': 5, 'inf2.8xlarge_use1-az5': 1, 'inf2.8xlarge_use1-az6': 1, 'inf2.xlarge_use1-az2': 5, 'inf2.xlarge_use1-az4': 1, 'inf2.xlarge_use1-az6': 50, 'is4gen.2xlarge_use1-az1': 1, 'is4gen.2xlarge_use1-az2': 50, 'is4gen.2xlarge_use1-az4': 50, 'is4gen.2xlarge_use1-az6': 50, 'is4gen.4xlarge_use1-az1': 1, 'is4gen.8xlarge_use1-az1': 1, 'is4gen.8xlarge_use1-az4': 1, 'is4gen.large_use1-az1': 5, 'is4gen.large_use1-az2': 1, 'is4gen.large_use1-az4': 10, 'is4gen.large_use1-az6': 15, 'is4gen.medium_use1-az1': 50, 'is4gen.medium_use1-az2': 25, 'is4gen.medium_use1-az4': 40, 'is4gen.medium_use1-az6': 30, 'is4gen.xlarge_use1-az1': 1, 'is4gen.xlarge_use1-az2': 1, 'is4gen.xlarge_use1-az4': 15, 'is4gen.xlarge_use1-az6': 1, 'm1.large_use1-az1': 5, 'm1.large_use1-az2': 25, 'm1.large_use1-az4': 20, 'm1.large_use1-az6': 15, 'm1.xlarge_use1-az1': 1, 'm1.xlarge_use1-az2': 10, 'm1.xlarge_use1-az4': 10, 'm1.xlarge_use1-az6': 10, 'm2.2xlarge_use1-az1': 5, 'm2.2xlarge_use1-az2': 10, 'm2.2xlarge_use1-az4': 15, 'm2.2xlarge_use1-az6': 5, 'm2.4xlarge_use1-az1': 1, 'm2.4xlarge_use1-az2': 5, 'm2.4xlarge_use1-az4': 5, 'm2.4xlarge_use1-az6': 5, 'm2.xlarge_use1-az1': 5, 'm2.xlarge_use1-az2': 20, 'm2.xlarge_use1-az4': 20, 'm2.xlarge_use1-az6': 15, 'm3.2xlarge_use1-az2': 25, 'm3.2xlarge_use1-az3': 1, 'm3.2xlarge_use1-az4': 40, 'm3.2xlarge_use1-az6': 45, 'm3.large_use1-az2': 50, 'm3.large_use1-az3': 1, 'm3.large_use1-az4': 50, 'm3.large_use1-az6': 50, 'm3.xlarge_use1-az2': 50, 'm3.xlarge_use1-az3': 1, 'm3.xlarge_use1-az4': 50, 'm3.xlarge_use1-az6': 50, 'm4.10xlarge_use1-az1': 5, 'm4.10xlarge_use1-az2': 10, 'm4.10xlarge_use1-az3': 1, 'm4.10xlarge_use1-az4': 50, 'm4.10xlarge_use1-az5': 1, 'm4.10xlarge_use1-az6': 50, 'm4.2xlarge_use1-az1': 5, 'm4.2xlarge_use1-az2': 20, 'm4.2xlarge_use1-az3': 50, 'm4.2xlarge_use1-az4': 20, 'm4.2xlarge_use1-az5': 1, 'm4.2xlarge_use1-az6': 25, 'm4.4xlarge_use1-az1': 50, 'm4.4xlarge_use1-az2': 50, 'm4.4xlarge_use1-az3': 50, 'm4.4xlarge_use1-az4': 25, 'm4.4xlarge_use1-az5': 10, 'm4.4xlarge_use1-az6': 15, 'm4.large_use1-az1': 30, 'm4.large_use1-az2': 50, 'm4.large_use1-az3': 25, 'm4.large_use1-az4': 50, 'm4.large_use1-az5': 10, 'm4.large_use1-az6': 50, 'm4.xlarge_use1-az1': 15, 'm4.xlarge_use1-az2': 50, 'm4.xlarge_use1-az3': 50, 'm4.xlarge_use1-az4': 50, 'm4.xlarge_use1-az5': 30, 'm4.xlarge_use1-az6': 50, 'm5.12xlarge_use1-az1': 5, 'm5.12xlarge_use1-az2': 25, 'm5.12xlarge_use1-az4': 50, 'm5.12xlarge_use1-az5': 1, 'm5.12xlarge_use1-az6': 40, 'm5.16xlarge_use1-az1': 10, 'm5.16xlarge_use1-az2': 50, 'm5.16xlarge_use1-az4': 50, 'm5.16xlarge_use1-az5': 1, 'm5.16xlarge_use1-az6': 50, 'm5.24xlarge_use1-az1': 5, 'm5.24xlarge_use1-az2': 5, 'm5.24xlarge_use1-az4': 5, 'm5.24xlarge_use1-az5': 1, 'm5.24xlarge_use1-az6': 35, 'm5.2xlarge_use1-az1': 50, 'm5.2xlarge_use1-az2': 50, 'm5.2xlarge_use1-az4': 50, 'm5.2xlarge_use1-az5': 50, 'm5.2xlarge_use1-az6': 50, 'm5.4xlarge_use1-az1': 50, 'm5.4xlarge_use1-az2': 50, 'm5.4xlarge_use1-az4': 50, 'm5.4xlarge_use1-az5': 10, 'm5.4xlarge_use1-az6': 50, 'm5.8xlarge_use1-az1': 50, 'm5.8xlarge_use1-az2': 40, 'm5.8xlarge_use1-az4': 50, 'm5.8xlarge_use1-az5': 1, 'm5.8xlarge_use1-az6': 50, 'm5.large_use1-az1': 50, 'm5.large_use1-az2': 50, 'm5.large_use1-az4': 50, 'm5.large_use1-az5': 50, 'm5.large_use1-az6': 50, 'm5.xlarge_use1-az1': 50, 'm5.xlarge_use1-az2': 50, 'm5.xlarge_use1-az4': 50, 'm5.xlarge_use1-az5': 50, 'm5.xlarge_use1-az6': 50, 'm5a.12xlarge_use1-az2': 1, 'm5a.12xlarge_use1-az4': 1, 'm5a.12xlarge_use1-az6': 1, 'm5a.16xlarge_use1-az2': 1, 'm5a.16xlarge_use1-az4': 1, 'm5a.16xlarge_use1-az6': 1, 'm5a.24xlarge_use1-az1': 1, 'm5a.24xlarge_use1-az2': 1, 'm5a.24xlarge_use1-az4': 1, 'm5a.24xlarge_use1-az5': 5, 'm5a.24xlarge_use1-az6': 5, 'm5a.2xlarge_use1-az1': 10, 'm5a.2xlarge_use1-az2': 25, 'm5a.2xlarge_use1-az4': 25, 'm5a.2xlarge_use1-az5': 5, 'm5a.2xlarge_use1-az6': 45, 'm5a.4xlarge_use1-az1': 5, 'm5a.4xlarge_use1-az2': 10, 'm5a.4xlarge_use1-az4': 5, 'm5a.4xlarge_use1-az5': 10, 'm5a.4xlarge_use1-az6': 15, 'm5a.8xlarge_use1-az1': 1, 'm5a.8xlarge_use1-az2': 20, 'm5a.8xlarge_use1-az4': 20, 'm5a.8xlarge_use1-az5': 1, 'm5a.8xlarge_use1-az6': 5, 'm5a.large_use1-az1': 50, 'm5a.large_use1-az2': 50, 'm5a.large_use1-az4': 50, 'm5a.large_use1-az5': 45, 'm5a.large_use1-az6': 50, 'm5a.xlarge_use1-az1': 10, 'm5a.xlarge_use1-az2': 30, 'm5a.xlarge_use1-az4': 10, 'm5a.xlarge_use1-az5': 20, 'm5a.xlarge_use1-az6': 50, 'm5ad.12xlarge_use1-az1': 1, 'm5ad.16xlarge_use1-az1': 1, 'm5ad.16xlarge_use1-az2': 1, 'm5ad.16xlarge_use1-az4': 1, 'm5ad.16xlarge_use1-az6': 1, 'm5ad.24xlarge_use1-az1': 5, 'm5ad.24xlarge_use1-az2': 1, 'm5ad.24xlarge_use1-az4': 1, 'm5ad.24xlarge_use1-az6': 5, 'm5ad.2xlarge_use1-az1': 1, 'm5ad.2xlarge_use1-az2': 1, 'm5ad.2xlarge_use1-az4': 5, 'm5ad.2xlarge_use1-az6': 1, 'm5ad.4xlarge_use1-az1': 1, 'm5ad.4xlarge_use1-az2': 1, 'm5ad.4xlarge_use1-az4': 1, 'm5ad.4xlarge_use1-az6': 1, 'm5ad.8xlarge_use1-az2': 1, 'm5ad.large_use1-az1': 10, 'm5ad.large_use1-az2': 5, 'm5ad.large_use1-az4': 10, 'm5ad.large_use1-az5': 1, 'm5ad.large_use1-az6': 10, 'm5ad.xlarge_use1-az1': 1, 'm5ad.xlarge_use1-az2': 10, 'm5ad.xlarge_use1-az4': 5, 'm5ad.xlarge_use1-az6': 5, 'm5d.12xlarge_use1-az1': 1, 'm5d.12xlarge_use1-az2': 25, 'm5d.12xlarge_use1-az4': 30, 'm5d.12xlarge_use1-az6': 15, 'm5d.16xlarge_use1-az1': 5, 'm5d.16xlarge_use1-az2': 35, 'm5d.16xlarge_use1-az4': 20, 'm5d.16xlarge_use1-az5': 1, 'm5d.16xlarge_use1-az6': 50, 'm5d.24xlarge_use1-az1': 20, 'm5d.24xlarge_use1-az2': 15, 'm5d.24xlarge_use1-az4': 5, 'm5d.24xlarge_use1-az5': 1, 'm5d.24xlarge_use1-az6': 50, 'm5d.2xlarge_use1-az1': 5, 'm5d.2xlarge_use1-az2': 25, 'm5d.2xlarge_use1-az4': 25, 'm5d.2xlarge_use1-az6': 30, 'm5d.4xlarge_use1-az1': 5, 'm5d.4xlarge_use1-az2': 15, 'm5d.4xlarge_use1-az4': 25, 'm5d.4xlarge_use1-az6': 25, 'm5d.8xlarge_use1-az1': 1, 'm5d.8xlarge_use1-az2': 25, 'm5d.8xlarge_use1-az4': 10, 'm5d.8xlarge_use1-az5': 1, 'm5d.8xlarge_use1-az6': 10, 'm5d.large_use1-az1': 5, 'm5d.large_use1-az2': 50, 'm5d.large_use1-az4': 50, 'm5d.large_use1-az6': 50, 'm5d.xlarge_use1-az1': 50, 'm5d.xlarge_use1-az2': 50, 'm5d.xlarge_use1-az4': 50, 'm5d.xlarge_use1-az5': 1, 'm5d.xlarge_use1-az6': 50, 'm5dn.12xlarge_use1-az1': 1, 'm5dn.12xlarge_use1-az4': 1, 'm5dn.12xlarge_use1-az6': 1, 'm5dn.16xlarge_use1-az1': 1, 'm5dn.16xlarge_use1-az2': 5, 'm5dn.16xlarge_use1-az4': 1, 'm5dn.16xlarge_use1-az6': 1, 'm5dn.24xlarge_use1-az1': 1, 'm5dn.24xlarge_use1-az2': 1, 'm5dn.24xlarge_use1-az4': 1, 'm5dn.24xlarge_use1-az6': 5, 'm5dn.2xlarge_use1-az1': 10, 'm5dn.2xlarge_use1-az2': 5, 'm5dn.2xlarge_use1-az4': 5, 'm5dn.2xlarge_use1-az5': 1, 'm5dn.2xlarge_use1-az6': 15, 'm5dn.4xlarge_use1-az1': 5, 'm5dn.4xlarge_use1-az2': 5, 'm5dn.4xlarge_use1-az4': 1, 'm5dn.4xlarge_use1-az5': 1, 'm5dn.4xlarge_use1-az6': 5, 'm5dn.8xlarge_use1-az2': 1, 'm5dn.8xlarge_use1-az6': 1, 'm5dn.large_use1-az1': 35, 'm5dn.large_use1-az2': 30, 'm5dn.large_use1-az4': 40, 'm5dn.large_use1-az5': 15, 'm5dn.large_use1-az6': 50, 'm5dn.xlarge_use1-az1': 10, 'm5dn.xlarge_use1-az2': 25, 'm5dn.xlarge_use1-az4': 20, 'm5dn.xlarge_use1-az5': 1, 'm5dn.xlarge_use1-az6': 30, 'm5n.12xlarge_use1-az1': 1, 'm5n.12xlarge_use1-az2': 1, 'm5n.12xlarge_use1-az4': 1, 'm5n.12xlarge_use1-az5': 1, 'm5n.12xlarge_use1-az6': 1, 'm5n.16xlarge_use1-az2': 1, 'm5n.16xlarge_use1-az4': 1, 'm5n.16xlarge_use1-az6': 1, 'm5n.24xlarge_use1-az2': 1, 'm5n.24xlarge_use1-az4': 1, 'm5n.24xlarge_use1-az6': 1, 'm5n.2xlarge_use1-az1': 15, 'm5n.2xlarge_use1-az2': 25, 'm5n.2xlarge_use1-az4': 30, 'm5n.2xlarge_use1-az5': 5, 'm5n.2xlarge_use1-az6': 25, 'm5n.4xlarge_use1-az1': 25, 'm5n.4xlarge_use1-az2': 35, 'm5n.4xlarge_use1-az4': 50, 'm5n.4xlarge_use1-az5': 5, 'm5n.4xlarge_use1-az6': 10, 'm5n.8xlarge_use1-az1': 1, 'm5n.8xlarge_use1-az2': 1, 'm5n.8xlarge_use1-az4': 1, 'm5n.8xlarge_use1-az6': 5, 'm5n.large_use1-az1': 5, 'm5n.large_use1-az2': 15, 'm5n.large_use1-az4': 5, 'm5n.large_use1-az5': 5, 'm5n.large_use1-az6': 15, 'm5n.xlarge_use1-az1': 20, 'm5n.xlarge_use1-az2': 50, 'm5n.xlarge_use1-az4': 50, 'm5n.xlarge_use1-az5': 1, 'm5n.xlarge_use1-az6': 50, 'm5zn.12xlarge_use1-az2': 1, 'm5zn.12xlarge_use1-az4': 10, 'm5zn.12xlarge_use1-az5': 1, 'm5zn.12xlarge_use1-az6': 5, 'm5zn.2xlarge_use1-az1': 1, 'm5zn.2xlarge_use1-az2': 1, 'm5zn.2xlarge_use1-az4': 25, 'm5zn.2xlarge_use1-az5': 1, 'm5zn.2xlarge_use1-az6': 5, 'm5zn.3xlarge_use1-az1': 1, 'm5zn.3xlarge_use1-az2': 1, 'm5zn.3xlarge_use1-az4': 5, 'm5zn.3xlarge_use1-az6': 5, 'm5zn.6xlarge_use1-az4': 1, 'm5zn.6xlarge_use1-az6': 1, 'm5zn.large_use1-az1': 5, 'm5zn.large_use1-az2': 5, 'm5zn.large_use1-az4': 30, 'm5zn.large_use1-az5': 15, 'm5zn.large_use1-az6': 20, 'm5zn.xlarge_use1-az1': 1, 'm5zn.xlarge_use1-az2': 1, 'm5zn.xlarge_use1-az4': 20, 'm5zn.xlarge_use1-az5': 5, 'm5zn.xlarge_use1-az6': 5, 'm6a.12xlarge_use1-az1': 5, 'm6a.12xlarge_use1-az2': 5, 'm6a.12xlarge_use1-az4': 15, 'm6a.12xlarge_use1-az6': 10, 'm6a.16xlarge_use1-az1': 5, 'm6a.16xlarge_use1-az2': 5, 'm6a.16xlarge_use1-az4': 5, 'm6a.16xlarge_use1-az6': 5, 'm6a.24xlarge_use1-az1': 1, 'm6a.24xlarge_use1-az2': 1, 'm6a.24xlarge_use1-az4': 1, 'm6a.24xlarge_use1-az6': 1, 'm6a.2xlarge_use1-az1': 50, 'm6a.2xlarge_use1-az2': 35, 'm6a.2xlarge_use1-az4': 45, 'm6a.2xlarge_use1-az5': 15, 'm6a.2xlarge_use1-az6': 50, 'm6a.32xlarge_use1-az2': 1, 'm6a.32xlarge_use1-az4': 1, 'm6a.32xlarge_use1-az5': 1, 'm6a.32xlarge_use1-az6': 1, 'm6a.48xlarge_use1-az2': 1, 'm6a.48xlarge_use1-az4': 1, 'm6a.48xlarge_use1-az6': 1, 'm6a.4xlarge_use1-az1': 45, 'm6a.4xlarge_use1-az2': 40, 'm6a.4xlarge_use1-az4': 25, 'm6a.4xlarge_use1-az5': 5, 'm6a.4xlarge_use1-az6': 50, 'm6a.8xlarge_use1-az1': 25, 'm6a.8xlarge_use1-az2': 15, 'm6a.8xlarge_use1-az4': 50, 'm6a.8xlarge_use1-az5': 10, 'm6a.8xlarge_use1-az6': 50, 'm6a.large_use1-az1': 50, 'm6a.large_use1-az2': 50, 'm6a.large_use1-az4': 50, 'm6a.large_use1-az5': 30, 'm6a.large_use1-az6': 50, 'm6a.xlarge_use1-az1': 50, 'm6a.xlarge_use1-az2': 50, 'm6a.xlarge_use1-az4': 50, 'm6a.xlarge_use1-az5': 35, 'm6a.xlarge_use1-az6': 50, 'm6g.12xlarge_use1-az1': 1, 'm6g.12xlarge_use1-az2': 5, 'm6g.12xlarge_use1-az4': 50, 'm6g.12xlarge_use1-az6': 50, 'm6g.16xlarge_use1-az1': 1, 'm6g.16xlarge_use1-az2': 5, 'm6g.16xlarge_use1-az4': 25, 'm6g.16xlarge_use1-az6': 50, 'm6g.2xlarge_use1-az1': 15, 'm6g.2xlarge_use1-az2': 50, 'm6g.2xlarge_use1-az4': 50, 'm6g.2xlarge_use1-az5': 5, 'm6g.2xlarge_use1-az6': 50, 'm6g.4xlarge_use1-az1': 10, 'm6g.4xlarge_use1-az2': 50, 'm6g.4xlarge_use1-az4': 50, 'm6g.4xlarge_use1-az5': 10, 'm6g.4xlarge_use1-az6': 50, 'm6g.8xlarge_use1-az1': 5, 'm6g.8xlarge_use1-az2': 50, 'm6g.8xlarge_use1-az4': 50, 'm6g.8xlarge_use1-az6': 50, 'm6g.large_use1-az1': 1, 'm6g.large_use1-az2': 50, 'm6g.large_use1-az4': 50, 'm6g.large_use1-az5': 5, 'm6g.large_use1-az6': 50, 'm6g.medium_use1-az1': 5, 'm6g.medium_use1-az2': 5, 'm6g.medium_use1-az4': 10, 'm6g.medium_use1-az5': 1, 'm6g.medium_use1-az6': 15, 'm6g.xlarge_use1-az1': 50, 'm6g.xlarge_use1-az2': 50, 'm6g.xlarge_use1-az4': 50, 'm6g.xlarge_use1-az5': 50, 'm6g.xlarge_use1-az6': 50, 'm6gd.12xlarge_use1-az1': 10, 'm6gd.12xlarge_use1-az2': 40, 'm6gd.12xlarge_use1-az4': 20, 'm6gd.12xlarge_use1-az5': 5, 'm6gd.12xlarge_use1-az6': 50, 'm6gd.16xlarge_use1-az1': 5, 'm6gd.16xlarge_use1-az2': 10, 'm6gd.16xlarge_use1-az4': 10, 'm6gd.16xlarge_use1-az5': 10, 'm6gd.16xlarge_use1-az6': 35, 'm6gd.2xlarge_use1-az1': 1, 'm6gd.2xlarge_use1-az2': 50, 'm6gd.2xlarge_use1-az4': 45, 'm6gd.2xlarge_use1-az5': 1, 'm6gd.2xlarge_use1-az6': 5, 'm6gd.4xlarge_use1-az1': 1, 'm6gd.4xlarge_use1-az2': 5, 'm6gd.4xlarge_use1-az4': 5, 'm6gd.4xlarge_use1-az5': 1, 'm6gd.4xlarge_use1-az6': 15, 'm6gd.8xlarge_use1-az1': 5, 'm6gd.8xlarge_use1-az2': 10, 'm6gd.8xlarge_use1-az4': 15, 'm6gd.8xlarge_use1-az5': 1, 'm6gd.8xlarge_use1-az6': 20, 'm6gd.large_use1-az1': 1, 'm6gd.large_use1-az2': 5, 'm6gd.large_use1-az4': 5, 'm6gd.large_use1-az5': 1, 'm6gd.large_use1-az6': 15, 'm6gd.medium_use1-az1': 1, 'm6gd.medium_use1-az2': 1, 'm6gd.medium_use1-az4': 1, 'm6gd.medium_use1-az5': 5, 'm6gd.medium_use1-az6': 1, 'm6gd.xlarge_use1-az1': 1, 'm6gd.xlarge_use1-az2': 10, 'm6gd.xlarge_use1-az4': 35, 'm6gd.xlarge_use1-az5': 1, 'm6gd.xlarge_use1-az6': 15, 'm6i.12xlarge_use1-az1': 1, 'm6i.12xlarge_use1-az2': 10, 'm6i.12xlarge_use1-az4': 50, 'm6i.12xlarge_use1-az5': 1, 'm6i.12xlarge_use1-az6': 30, 'm6i.16xlarge_use1-az1': 1, 'm6i.16xlarge_use1-az2': 10, 'm6i.16xlarge_use1-az4': 5, 'm6i.16xlarge_use1-az5': 1, 'm6i.16xlarge_use1-az6': 10, 'm6i.24xlarge_use1-az2': 10, 'm6i.24xlarge_use1-az4': 5, 'm6i.24xlarge_use1-az5': 1, 'm6i.24xlarge_use1-az6': 50, 'm6i.2xlarge_use1-az1': 25, 'm6i.2xlarge_use1-az2': 50, 'm6i.2xlarge_use1-az4': 50, 'm6i.2xlarge_use1-az5': 25, 'm6i.2xlarge_use1-az6': 50, 'm6i.32xlarge_use1-az2': 1, 'm6i.32xlarge_use1-az4': 5, 'm6i.32xlarge_use1-az5': 1, 'm6i.32xlarge_use1-az6': 15, 'm6i.4xlarge_use1-az1': 15, 'm6i.4xlarge_use1-az2': 50, 'm6i.4xlarge_use1-az4': 50, 'm6i.4xlarge_use1-az5': 50, 'm6i.4xlarge_use1-az6': 50, 'm6i.8xlarge_use1-az1': 1, 'm6i.8xlarge_use1-az2': 50, 'm6i.8xlarge_use1-az4': 50, 'm6i.8xlarge_use1-az5': 20, 'm6i.8xlarge_use1-az6': 50, 'm6i.large_use1-az1': 25, 'm6i.large_use1-az2': 50, 'm6i.large_use1-az4': 50, 'm6i.large_use1-az5': 50, 'm6i.large_use1-az6': 50, 'm6i.xlarge_use1-az1': 45, 'm6i.xlarge_use1-az2': 50, 'm6i.xlarge_use1-az4': 50, 'm6i.xlarge_use1-az5': 25, 'm6i.xlarge_use1-az6': 50, 'm6id.12xlarge_use1-az1': 1, 'm6id.12xlarge_use1-az2': 1, 'm6id.12xlarge_use1-az4': 1, 'm6id.12xlarge_use1-az6': 1, 'm6id.16xlarge_use1-az1': 1, 'm6id.16xlarge_use1-az2': 1, 'm6id.16xlarge_use1-az4': 1, 'm6id.16xlarge_use1-az6': 1, 'm6id.24xlarge_use1-az1': 10, 'm6id.24xlarge_use1-az2': 15, 'm6id.24xlarge_use1-az4': 35, 'm6id.24xlarge_use1-az5': 5, 'm6id.24xlarge_use1-az6': 15, 'm6id.2xlarge_use1-az1': 5, 'm6id.2xlarge_use1-az2': 5, 'm6id.2xlarge_use1-az4': 5, 'm6id.2xlarge_use1-az5': 1, 'm6id.2xlarge_use1-az6': 5, 'm6id.32xlarge_use1-az1': 10, 'm6id.32xlarge_use1-az2': 15, 'm6id.32xlarge_use1-az4': 5, 'm6id.32xlarge_use1-az5': 1, 'm6id.32xlarge_use1-az6': 50, 'm6id.4xlarge_use1-az1': 15, 'm6id.4xlarge_use1-az2': 10, 'm6id.4xlarge_use1-az4': 5, 'm6id.4xlarge_use1-az5': 1, 'm6id.4xlarge_use1-az6': 10, 'm6id.8xlarge_use1-az1': 1, 'm6id.8xlarge_use1-az4': 5, 'm6id.8xlarge_use1-az5': 1, 'm6id.8xlarge_use1-az6': 1, 'm6id.large_use1-az1': 30, 'm6id.large_use1-az2': 35, 'm6id.large_use1-az4': 15, 'm6id.large_use1-az5': 5, 'm6id.large_use1-az6': 50, 'm6id.xlarge_use1-az1': 20, 'm6id.xlarge_use1-az2': 45, 'm6id.xlarge_use1-az4': 15, 'm6id.xlarge_use1-az5': 5, 'm6id.xlarge_use1-az6': 25, 'm6idn.12xlarge_use1-az2': 1, 'm6idn.16xlarge_use1-az4': 1, 'm6idn.24xlarge_use1-az1': 1, 'm6idn.24xlarge_use1-az2': 1, 'm6idn.24xlarge_use1-az4': 1, 'm6idn.2xlarge_use1-az1': 5, 'm6idn.2xlarge_use1-az2': 10, 'm6idn.2xlarge_use1-az4': 5, 'm6idn.2xlarge_use1-az5': 1, 'm6idn.2xlarge_use1-az6': 5, 'm6idn.32xlarge_use1-az2': 1, 'm6idn.4xlarge_use1-az1': 30, 'm6idn.4xlarge_use1-az2': 10, 'm6idn.4xlarge_use1-az4': 5, 'm6idn.4xlarge_use1-az5': 5, 'm6idn.4xlarge_use1-az6': 5, 'm6idn.large_use1-az1': 25, 'm6idn.large_use1-az2': 35, 'm6idn.large_use1-az4': 15, 'm6idn.large_use1-az5': 10, 'm6idn.large_use1-az6': 10, 'm6idn.xlarge_use1-az1': 15, 'm6idn.xlarge_use1-az2': 50, 'm6idn.xlarge_use1-az4': 20, 'm6idn.xlarge_use1-az5': 5, 'm6idn.xlarge_use1-az6': 10, 'm6in.12xlarge_use1-az4': 1, 'm6in.16xlarge_use1-az2': 1, 'm6in.16xlarge_use1-az4': 1, 'm6in.24xlarge_use1-az1': 1, 'm6in.24xlarge_use1-az2': 1, 'm6in.2xlarge_use1-az1': 10, 'm6in.2xlarge_use1-az2': 20, 'm6in.2xlarge_use1-az4': 10, 'm6in.2xlarge_use1-az5': 1, 'm6in.2xlarge_use1-az6': 5, 'm6in.4xlarge_use1-az1': 1, 'm6in.4xlarge_use1-az2': 1, 'm6in.4xlarge_use1-az5': 1, 'm6in.8xlarge_use1-az1': 1, 'm6in.8xlarge_use1-az2': 1, 'm6in.8xlarge_use1-az4': 1, 'm6in.large_use1-az1': 5, 'm6in.large_use1-az2': 10, 'm6in.large_use1-az4': 5, 'm6in.large_use1-az5': 1, 'm6in.large_use1-az6': 1, 'm6in.xlarge_use1-az1': 5, 'm6in.xlarge_use1-az2': 10, 'm6in.xlarge_use1-az4': 1, 'm7a.12xlarge_use1-az2': 1, 'm7a.12xlarge_use1-az6': 20, 'm7a.16xlarge_use1-az2': 1, 'm7a.16xlarge_use1-az6': 40, 'm7a.24xlarge_use1-az2': 1, 'm7a.24xlarge_use1-az6': 50, 'm7a.2xlarge_use1-az1': 5, 'm7a.2xlarge_use1-az2': 15, 'm7a.2xlarge_use1-az4': 10, 'm7a.2xlarge_use1-az6': 50, 'm7a.32xlarge_use1-az6': 20, 'm7a.48xlarge_use1-az6': 40, 'm7a.4xlarge_use1-az1': 10, 'm7a.4xlarge_use1-az2': 5, 'm7a.4xlarge_use1-az4': 10, 'm7a.4xlarge_use1-az6': 25, 'm7a.8xlarge_use1-az1': 1, 'm7a.8xlarge_use1-az2': 5, 'm7a.8xlarge_use1-az4': 1, 'm7a.8xlarge_use1-az6': 50, 'm7a.large_use1-az1': 15, 'm7a.large_use1-az2': 50, 'm7a.large_use1-az4': 50, 'm7a.large_use1-az5': 5, 'm7a.large_use1-az6': 50, 'm7a.medium_use1-az1': 10, 'm7a.medium_use1-az2': 50, 'm7a.medium_use1-az4': 50, 'm7a.medium_use1-az6': 50, 'm7a.xlarge_use1-az1': 5, 'm7a.xlarge_use1-az2': 40, 'm7a.xlarge_use1-az4': 50, 'm7a.xlarge_use1-az6': 50, 'm7g.12xlarge_use1-az1': 1, 'm7g.12xlarge_use1-az2': 10, 'm7g.12xlarge_use1-az4': 45, 'm7g.12xlarge_use1-az5': 1, 'm7g.12xlarge_use1-az6': 50, 'm7g.16xlarge_use1-az1': 1, 'm7g.16xlarge_use1-az2': 30, 'm7g.16xlarge_use1-az4': 35, 'm7g.16xlarge_use1-az5': 1, 'm7g.16xlarge_use1-az6': 50, 'm7g.2xlarge_use1-az1': 35, 'm7g.2xlarge_use1-az2': 50, 'm7g.2xlarge_use1-az4': 50, 'm7g.2xlarge_use1-az5': 15, 'm7g.2xlarge_use1-az6': 50, 'm7g.4xlarge_use1-az1': 10, 'm7g.4xlarge_use1-az2': 30, 'm7g.4xlarge_use1-az4': 50, 'm7g.4xlarge_use1-az5': 10, 'm7g.4xlarge_use1-az6': 50, 'm7g.8xlarge_use1-az1': 1, 'm7g.8xlarge_use1-az2': 15, 'm7g.8xlarge_use1-az4': 40, 'm7g.8xlarge_use1-az5': 1, 'm7g.8xlarge_use1-az6': 50, 'm7g.large_use1-az1': 10, 'm7g.large_use1-az2': 50, 'm7g.large_use1-az4': 50, 'm7g.large_use1-az5': 30, 'm7g.large_use1-az6': 50, 'm7g.medium_use1-az1': 30, 'm7g.medium_use1-az2': 40, 'm7g.medium_use1-az4': 50, 'm7g.medium_use1-az5': 35, 'm7g.medium_use1-az6': 50, 'm7g.metal_use1-az1': 1, 'm7g.metal_use1-az2': 25, 'm7g.metal_use1-az4': 10, 'm7g.metal_use1-az5': 1, 'm7g.metal_use1-az6': 50, 'm7g.xlarge_use1-az1': 50, 'm7g.xlarge_use1-az2': 50, 'm7g.xlarge_use1-az4': 50, 'm7g.xlarge_use1-az5': 50, 'm7g.xlarge_use1-az6': 50, 'm7gd.12xlarge_use1-az1': 5, 'm7gd.12xlarge_use1-az2': 10, 'm7gd.12xlarge_use1-az4': 1, 'm7gd.12xlarge_use1-az6': 35, 'm7gd.16xlarge_use1-az1': 1, 'm7gd.16xlarge_use1-az2': 30, 'm7gd.16xlarge_use1-az4': 1, 'm7gd.16xlarge_use1-az6': 40, 'm7gd.2xlarge_use1-az1': 15, 'm7gd.2xlarge_use1-az2': 50, 'm7gd.2xlarge_use1-az4': 15, 'm7gd.2xlarge_use1-az6': 25, 'm7gd.4xlarge_use1-az1': 5, 'm7gd.4xlarge_use1-az2': 10, 'm7gd.4xlarge_use1-az4': 1, 'm7gd.4xlarge_use1-az6': 40, 'm7gd.8xlarge_use1-az1': 10, 'm7gd.8xlarge_use1-az2': 50, 'm7gd.8xlarge_use1-az4': 30, 'm7gd.8xlarge_use1-az5': 45, 'm7gd.8xlarge_use1-az6': 50, 'm7gd.large_use1-az1': 5, 'm7gd.large_use1-az2': 50, 'm7gd.large_use1-az4': 5, 'm7gd.large_use1-az6': 50, 'm7gd.medium_use1-az1': 15, 'm7gd.medium_use1-az2': 20, 'm7gd.medium_use1-az4': 15, 'm7gd.medium_use1-az5': 20, 'm7gd.medium_use1-az6': 25, 'm7gd.metal_use1-az1': 5, 'm7gd.metal_use1-az2': 15, 'm7gd.metal_use1-az4': 1, 'm7gd.metal_use1-az6': 15, 'm7gd.xlarge_use1-az1': 5, 'm7gd.xlarge_use1-az2': 10, 'm7gd.xlarge_use1-az4': 10, 'm7gd.xlarge_use1-az5': 1, 'm7gd.xlarge_use1-az6': 25, 'm7i-flex.2xlarge_use1-az1': 50, 'm7i-flex.2xlarge_use1-az2': 50, 'm7i-flex.2xlarge_use1-az4': 15, 'm7i-flex.2xlarge_use1-az5': 10, 'm7i-flex.2xlarge_use1-az6': 50, 'm7i-flex.4xlarge_use1-az2': 5, 'm7i-flex.4xlarge_use1-az4': 5, 'm7i-flex.4xlarge_use1-az6': 25, 'm7i-flex.8xlarge_use1-az1': 1, 'm7i-flex.8xlarge_use1-az2': 5, 'm7i-flex.8xlarge_use1-az4': 5, 'm7i-flex.8xlarge_use1-az5': 1, 'm7i-flex.8xlarge_use1-az6': 10, 'm7i-flex.large_use1-az1': 20, 'm7i-flex.large_use1-az2': 50, 'm7i-flex.large_use1-az4': 25, 'm7i-flex.large_use1-az5': 25, 'm7i-flex.large_use1-az6': 50, 'm7i-flex.xlarge_use1-az1': 50, 'm7i-flex.xlarge_use1-az2': 50, 'm7i-flex.xlarge_use1-az4': 50, 'm7i-flex.xlarge_use1-az5': 15, 'm7i-flex.xlarge_use1-az6': 50, 'm7i.12xlarge_use1-az1': 1, 'm7i.12xlarge_use1-az2': 5, 'm7i.12xlarge_use1-az4': 15, 'm7i.12xlarge_use1-az6': 50, 'm7i.16xlarge_use1-az1': 5, 'm7i.16xlarge_use1-az2': 10, 'm7i.16xlarge_use1-az4': 10, 'm7i.16xlarge_use1-az6': 50, 'm7i.24xlarge_use1-az2': 5, 'm7i.24xlarge_use1-az4': 5, 'm7i.24xlarge_use1-az6': 50, 'm7i.2xlarge_use1-az1': 1, 'm7i.2xlarge_use1-az2': 50, 'm7i.2xlarge_use1-az4': 50, 'm7i.2xlarge_use1-az6': 50, 'm7i.48xlarge_use1-az1': 1, 'm7i.48xlarge_use1-az2': 5, 'm7i.48xlarge_use1-az4': 20, 'm7i.48xlarge_use1-az6': 50, 'm7i.4xlarge_use1-az1': 1, 'm7i.4xlarge_use1-az2': 25, 'm7i.4xlarge_use1-az4': 10, 'm7i.4xlarge_use1-az6': 50, 'm7i.8xlarge_use1-az1': 40, 'm7i.8xlarge_use1-az2': 20, 'm7i.8xlarge_use1-az4': 50, 'm7i.8xlarge_use1-az6': 50, 'm7i.large_use1-az1': 50, 'm7i.large_use1-az2': 50, 'm7i.large_use1-az4': 50, 'm7i.large_use1-az5': 1, 'm7i.large_use1-az6': 50, 'm7i.xlarge_use1-az1': 30, 'm7i.xlarge_use1-az2': 35, 'm7i.xlarge_use1-az4': 50, 'm7i.xlarge_use1-az6': 50, 'm8g.12xlarge_use1-az2': 10, 'm8g.12xlarge_use1-az4': 10, 'm8g.12xlarge_use1-az5': 1, 'm8g.12xlarge_use1-az6': 35, 'm8g.16xlarge_use1-az2': 5, 'm8g.16xlarge_use1-az4': 5, 'm8g.16xlarge_use1-az5': 5, 'm8g.16xlarge_use1-az6': 45, 'm8g.24xlarge_use1-az2': 5, 'm8g.24xlarge_use1-az4': 1, 'm8g.24xlarge_use1-az5': 1, 'm8g.24xlarge_use1-az6': 25, 'm8g.2xlarge_use1-az4': 10, 'm8g.2xlarge_use1-az5': 10, 'm8g.48xlarge_use1-az2': 5, 'm8g.48xlarge_use1-az4': 5, 'm8g.48xlarge_use1-az6': 20, 'm8g.4xlarge_use1-az2': 5, 'm8g.4xlarge_use1-az4': 5, 'm8g.4xlarge_use1-az5': 1, 'm8g.4xlarge_use1-az6': 40, 'm8g.8xlarge_use1-az2': 10, 'm8g.8xlarge_use1-az4': 20, 'm8g.8xlarge_use1-az5': 1, 'm8g.8xlarge_use1-az6': 40, 'm8g.large_use1-az1': 1, 'm8g.large_use1-az2': 20, 'm8g.large_use1-az6': 45, 'm8g.medium_use1-az1': 1, 'm8g.medium_use1-az2': 15, 'm8g.metal-48xl_use1-az2': 5, 'm8g.metal-48xl_use1-az6': 25, 'm8g.xlarge_use1-az1': 1, 'm8g.xlarge_use1-az5': 15, 'm8g.xlarge_use1-az6': 50, 'm8gd.16xlarge_use1-az5': 1, 'm8gd.4xlarge_use1-az2': 5, 'm8gd.4xlarge_use1-az4': 1, 'm8gd.4xlarge_use1-az6': 1, 'm8gd.8xlarge_use1-az5': 1, 'm8gd.8xlarge_use1-az6': 5, 'm8gd.large_use1-az1': 20, 'm8gd.large_use1-az2': 15, 'm8gd.large_use1-az5': 1, 'm8gd.large_use1-az6': 1, 'm8gd.medium_use1-az6': 1, 'm8gd.metal-24xl_use1-az2': 1, 'm8gd.xlarge_use1-az1': 1, 'm8gd.xlarge_use1-az5': 1, 'm8i-flex.16xlarge_use1-az6': 5, 'm8i-flex.2xlarge_use1-az2': 10, 'm8i-flex.2xlarge_use1-az4': 1, 'm8i-flex.2xlarge_use1-az6': 50, 'm8i-flex.4xlarge_use1-az2': 1, 'm8i-flex.4xlarge_use1-az4': 1, 'm8i-flex.4xlarge_use1-az6': 5, 'm8i-flex.8xlarge_use1-az6': 1, 'm8i-flex.large_use1-az2': 5, 'm8i-flex.xlarge_use1-az2': 10, 'm8i-flex.xlarge_use1-az4': 25, 'm8i-flex.xlarge_use1-az6': 50, 'm8i.12xlarge_use1-az6': 1, 'm8i.16xlarge_use1-az4': 1, 'm8i.16xlarge_use1-az6': 1, 'm8i.24xlarge_use1-az6': 1, 'm8i.2xlarge_use1-az2': 10, 'm8i.2xlarge_use1-az4': 1, 'm8i.2xlarge_use1-az6': 10, 'm8i.32xlarge_use1-az2': 1, 'm8i.32xlarge_use1-az6': 5, 'm8i.48xlarge_use1-az2': 1, 'm8i.48xlarge_use1-az6': 5, 'm8i.4xlarge_use1-az2': 5, 'm8i.4xlarge_use1-az4': 1, 'm8i.4xlarge_use1-az6': 5, 'm8i.8xlarge_use1-az2': 1, 'm8i.8xlarge_use1-az4': 1, 'm8i.8xlarge_use1-az6': 20, 'm8i.96xlarge_use1-az6': 1, 'm8i.large_use1-az4': 25, 'm8i.metal-48xl_use1-az6': 1, 'm8i.metal-96xl_use1-az6': 1, 'm8i.xlarge_use1-az2': 30, 'm8i.xlarge_use1-az4': 10, 'p3.2xlarge_use1-az1': 50, 'p3.2xlarge_use1-az2': 50, 'p3.2xlarge_use1-az5': 50, 'p3.2xlarge_use1-az6': 50, 'p3dn.24xlarge_use1-az1': 15, 'p3dn.24xlarge_use1-az6': 50, 'p4d.24xlarge_use1-az2': 1, 'p4d.24xlarge_use1-az6': 1, 'p5.48xlarge_use1-az2': 15, 'r3.2xlarge_use1-az2': 1, 'r3.2xlarge_use1-az4': 1, 'r3.2xlarge_use1-az6': 1, 'r3.4xlarge_use1-az4': 1, 'r3.4xlarge_use1-az6': 1, 'r3.8xlarge_use1-az2': 1, 'r3.8xlarge_use1-az4': 1, 'r3.8xlarge_use1-az6': 5, 'r3.large_use1-az2': 50, 'r3.large_use1-az4': 50, 'r3.large_use1-az6': 50, 'r3.xlarge_use1-az2': 40, 'r3.xlarge_use1-az4': 50, 'r3.xlarge_use1-az6': 50, 'r4.16xlarge_use1-az1': 10, 'r4.16xlarge_use1-az2': 10, 'r4.16xlarge_use1-az3': 50, 'r4.16xlarge_use1-az4': 35, 'r4.16xlarge_use1-az5': 15, 'r4.16xlarge_use1-az6': 10, 'r4.2xlarge_use1-az1': 20, 'r4.2xlarge_use1-az2': 50, 'r4.2xlarge_use1-az3': 50, 'r4.2xlarge_use1-az4': 50, 'r4.2xlarge_use1-az5': 5, 'r4.2xlarge_use1-az6': 50, 'r4.4xlarge_use1-az1': 20, 'r4.4xlarge_use1-az2': 50, 'r4.4xlarge_use1-az3': 40, 'r4.4xlarge_use1-az4': 15, 'r4.4xlarge_use1-az5': 5, 'r4.4xlarge_use1-az6': 50, 'r4.8xlarge_use1-az1': 50, 'r4.8xlarge_use1-az2': 50, 'r4.8xlarge_use1-az3': 25, 'r4.8xlarge_use1-az4': 50, 'r4.8xlarge_use1-az5': 5, 'r4.8xlarge_use1-az6': 50, 'r4.large_use1-az1': 35, 'r4.large_use1-az2': 50, 'r4.large_use1-az3': 10, 'r4.large_use1-az4': 50, 'r4.large_use1-az5': 20, 'r4.large_use1-az6': 50, 'r4.xlarge_use1-az1': 50, 'r4.xlarge_use1-az2': 50, 'r4.xlarge_use1-az3': 50, 'r4.xlarge_use1-az4': 50, 'r4.xlarge_use1-az5': 30, 'r4.xlarge_use1-az6': 50, 'r5.12xlarge_use1-az1': 5, 'r5.12xlarge_use1-az2': 5, 'r5.12xlarge_use1-az4': 50, 'r5.12xlarge_use1-az5': 5, 'r5.12xlarge_use1-az6': 5, 'r5.16xlarge_use1-az1': 5, 'r5.16xlarge_use1-az4': 35, 'r5.16xlarge_use1-az5': 30, 'r5.16xlarge_use1-az6': 5, 'r5.24xlarge_use1-az4': 15, 'r5.24xlarge_use1-az5': 5, 'r5.24xlarge_use1-az6': 5, 'r5.2xlarge_use1-az1': 50, 'r5.2xlarge_use1-az2': 50, 'r5.2xlarge_use1-az4': 50, 'r5.2xlarge_use1-az5': 5, 'r5.2xlarge_use1-az6': 50, 'r5.4xlarge_use1-az1': 50, 'r5.4xlarge_use1-az2': 50, 'r5.4xlarge_use1-az4': 50, 'r5.4xlarge_use1-az5': 5, 'r5.4xlarge_use1-az6': 50, 'r5.8xlarge_use1-az1': 50, 'r5.8xlarge_use1-az2': 50, 'r5.8xlarge_use1-az4': 50, 'r5.8xlarge_use1-az5': 5, 'r5.8xlarge_use1-az6': 5, 'r5.large_use1-az1': 50, 'r5.large_use1-az2': 50, 'r5.large_use1-az4': 50, 'r5.large_use1-az5': 50, 'r5.large_use1-az6': 50, 'r5.xlarge_use1-az1': 50, 'r5.xlarge_use1-az2': 50, 'r5.xlarge_use1-az4': 50, 'r5.xlarge_use1-az5': 50, 'r5.xlarge_use1-az6': 50, 'r5a.12xlarge_use1-az1': 1, 'r5a.12xlarge_use1-az2': 1, 'r5a.12xlarge_use1-az4': 5, 'r5a.12xlarge_use1-az6': 5, 'r5a.16xlarge_use1-az1': 10, 'r5a.16xlarge_use1-az2': 10, 'r5a.16xlarge_use1-az4': 10, 'r5a.16xlarge_use1-az5': 5, 'r5a.16xlarge_use1-az6': 5, 'r5a.24xlarge_use1-az1': 5, 'r5a.24xlarge_use1-az2': 15, 'r5a.24xlarge_use1-az4': 10, 'r5a.24xlarge_use1-az5': 1, 'r5a.24xlarge_use1-az6': 10, 'r5a.2xlarge_use1-az1': 10, 'r5a.2xlarge_use1-az2': 20, 'r5a.2xlarge_use1-az4': 35, 'r5a.2xlarge_use1-az5': 5, 'r5a.2xlarge_use1-az6': 30, 'r5a.4xlarge_use1-az1': 25, 'r5a.4xlarge_use1-az2': 50, 'r5a.4xlarge_use1-az4': 50, 'r5a.4xlarge_use1-az5': 5, 'r5a.4xlarge_use1-az6': 50, 'r5a.8xlarge_use1-az1': 25, 'r5a.8xlarge_use1-az2': 10, 'r5a.8xlarge_use1-az4': 15, 'r5a.8xlarge_use1-az5': 30, 'r5a.8xlarge_use1-az6': 20, 'r5a.large_use1-az1': 50, 'r5a.large_use1-az2': 50, 'r5a.large_use1-az4': 50, 'r5a.large_use1-az5': 25, 'r5a.large_use1-az6': 50, 'r5a.xlarge_use1-az1': 20, 'r5a.xlarge_use1-az2': 50, 'r5a.xlarge_use1-az4': 50, 'r5a.xlarge_use1-az5': 5, 'r5a.xlarge_use1-az6': 50, 'r5ad.12xlarge_use1-az2': 1, 'r5ad.16xlarge_use1-az2': 50, 'r5ad.16xlarge_use1-az4': 10, 'r5ad.16xlarge_use1-az5': 1, 'r5ad.16xlarge_use1-az6': 10, 'r5ad.24xlarge_use1-az2': 25, 'r5ad.24xlarge_use1-az4': 1, 'r5ad.24xlarge_use1-az6': 10, 'r5ad.2xlarge_use1-az1': 1, 'r5ad.2xlarge_use1-az2': 1, 'r5ad.2xlarge_use1-az4': 1, 'r5ad.2xlarge_use1-az5': 1, 'r5ad.2xlarge_use1-az6': 1, 'r5ad.4xlarge_use1-az1': 1, 'r5ad.4xlarge_use1-az2': 10, 'r5ad.4xlarge_use1-az4': 5, 'r5ad.4xlarge_use1-az5': 1, 'r5ad.4xlarge_use1-az6': 1, 'r5ad.8xlarge_use1-az2': 5, 'r5ad.8xlarge_use1-az4': 20, 'r5ad.8xlarge_use1-az5': 1, 'r5ad.8xlarge_use1-az6': 10, 'r5ad.large_use1-az1': 1, 'r5ad.large_use1-az2': 30, 'r5ad.large_use1-az4': 10, 'r5ad.large_use1-az5': 5, 'r5ad.large_use1-az6': 10, 'r5ad.xlarge_use1-az1': 1, 'r5ad.xlarge_use1-az2': 10, 'r5ad.xlarge_use1-az4': 10, 'r5ad.xlarge_use1-az5': 1, 'r5ad.xlarge_use1-az6': 5, 'r5b.12xlarge_use1-az1': 5, 'r5b.12xlarge_use1-az4': 5, 'r5b.12xlarge_use1-az6': 1, 'r5b.16xlarge_use1-az1': 5, 'r5b.16xlarge_use1-az2': 5, 'r5b.16xlarge_use1-az4': 5, 'r5b.16xlarge_use1-az6': 5, 'r5b.24xlarge_use1-az1': 1, 'r5b.24xlarge_use1-az4': 5, 'r5b.24xlarge_use1-az6': 1, 'r5b.2xlarge_use1-az1': 1, 'r5b.2xlarge_use1-az2': 1, 'r5b.2xlarge_use1-az4': 1, 'r5b.2xlarge_use1-az6': 1, 'r5b.4xlarge_use1-az1': 5, 'r5b.4xlarge_use1-az2': 5, 'r5b.4xlarge_use1-az4': 5, 'r5b.4xlarge_use1-az6': 5, 'r5b.8xlarge_use1-az1': 5, 'r5b.8xlarge_use1-az2': 1, 'r5b.8xlarge_use1-az4': 1, 'r5b.8xlarge_use1-az6': 1, 'r5b.large_use1-az1': 1, 'r5b.large_use1-az2': 5, 'r5b.large_use1-az4': 10, 'r5b.large_use1-az6': 5, 'r5b.xlarge_use1-az1': 1, 'r5b.xlarge_use1-az2': 1, 'r5b.xlarge_use1-az4': 5, 'r5b.xlarge_use1-az6': 1, 'r5d.12xlarge_use1-az1': 1, 'r5d.12xlarge_use1-az2': 5, 'r5d.12xlarge_use1-az4': 10, 'r5d.12xlarge_use1-az6': 1, 'r5d.16xlarge_use1-az1': 5, 'r5d.16xlarge_use1-az2': 50, 'r5d.16xlarge_use1-az4': 50, 'r5d.16xlarge_use1-az5': 10, 'r5d.16xlarge_use1-az6': 50, 'r5d.24xlarge_use1-az1': 1, 'r5d.24xlarge_use1-az2': 1, 'r5d.24xlarge_use1-az4': 10, 'r5d.24xlarge_use1-az5': 1, 'r5d.24xlarge_use1-az6': 10, 'r5d.2xlarge_use1-az1': 5, 'r5d.2xlarge_use1-az2': 15, 'r5d.2xlarge_use1-az4': 15, 'r5d.2xlarge_use1-az5': 1, 'r5d.2xlarge_use1-az6': 15, 'r5d.4xlarge_use1-az1': 5, 'r5d.4xlarge_use1-az2': 20, 'r5d.4xlarge_use1-az4': 45, 'r5d.4xlarge_use1-az5': 5, 'r5d.4xlarge_use1-az6': 25, 'r5d.8xlarge_use1-az1': 5, 'r5d.8xlarge_use1-az2': 15, 'r5d.8xlarge_use1-az4': 15, 'r5d.8xlarge_use1-az5': 5, 'r5d.8xlarge_use1-az6': 50, 'r5d.large_use1-az1': 10, 'r5d.large_use1-az2': 50, 'r5d.large_use1-az4': 50, 'r5d.large_use1-az5': 5, 'r5d.large_use1-az6': 50, 'r5d.xlarge_use1-az1': 1, 'r5d.xlarge_use1-az2': 15, 'r5d.xlarge_use1-az4': 15, 'r5d.xlarge_use1-az5': 1, 'r5d.xlarge_use1-az6': 10, 'r5dn.12xlarge_use1-az1': 1, 'r5dn.12xlarge_use1-az2': 1, 'r5dn.12xlarge_use1-az4': 1, 'r5dn.12xlarge_use1-az5': 1, 'r5dn.12xlarge_use1-az6': 1, 'r5dn.16xlarge_use1-az1': 5, 'r5dn.16xlarge_use1-az2': 5, 'r5dn.16xlarge_use1-az4': 15, 'r5dn.16xlarge_use1-az5': 10, 'r5dn.16xlarge_use1-az6': 30, 'r5dn.24xlarge_use1-az2': 5, 'r5dn.24xlarge_use1-az4': 10, 'r5dn.24xlarge_use1-az5': 1, 'r5dn.24xlarge_use1-az6': 25, 'r5dn.2xlarge_use1-az1': 50, 'r5dn.2xlarge_use1-az2': 45, 'r5dn.2xlarge_use1-az4': 30, 'r5dn.2xlarge_use1-az5': 50, 'r5dn.2xlarge_use1-az6': 5, 'r5dn.4xlarge_use1-az1': 5, 'r5dn.4xlarge_use1-az2': 25, 'r5dn.4xlarge_use1-az4': 45, 'r5dn.4xlarge_use1-az5': 5, 'r5dn.4xlarge_use1-az6': 20, 'r5dn.8xlarge_use1-az1': 1, 'r5dn.8xlarge_use1-az2': 5, 'r5dn.8xlarge_use1-az4': 5, 'r5dn.8xlarge_use1-az5': 5, 'r5dn.8xlarge_use1-az6': 50, 'r5dn.large_use1-az1': 50, 'r5dn.large_use1-az2': 50, 'r5dn.large_use1-az4': 50, 'r5dn.large_use1-az5': 50, 'r5dn.large_use1-az6': 50, 'r5dn.xlarge_use1-az1': 5, 'r5dn.xlarge_use1-az2': 15, 'r5dn.xlarge_use1-az4': 15, 'r5dn.xlarge_use1-az5': 15, 'r5dn.xlarge_use1-az6': 15, 'r5n.12xlarge_use1-az2': 1, 'r5n.12xlarge_use1-az4': 1, 'r5n.12xlarge_use1-az6': 1, 'r5n.16xlarge_use1-az1': 1, 'r5n.16xlarge_use1-az2': 10, 'r5n.16xlarge_use1-az4': 35, 'r5n.16xlarge_use1-az5': 1, 'r5n.16xlarge_use1-az6': 20, 'r5n.2xlarge_use1-az1': 5, 'r5n.2xlarge_use1-az2': 5, 'r5n.2xlarge_use1-az4': 15, 'r5n.2xlarge_use1-az5': 1, 'r5n.2xlarge_use1-az6': 1, 'r5n.4xlarge_use1-az1': 5, 'r5n.4xlarge_use1-az2': 25, 'r5n.4xlarge_use1-az4': 15, 'r5n.4xlarge_use1-az5': 5, 'r5n.4xlarge_use1-az6': 35, 'r5n.8xlarge_use1-az1': 10, 'r5n.8xlarge_use1-az2': 20, 'r5n.8xlarge_use1-az4': 35, 'r5n.8xlarge_use1-az6': 15, 'r5n.large_use1-az1': 20, 'r5n.large_use1-az2': 50, 'r5n.large_use1-az4': 50, 'r5n.large_use1-az5': 10, 'r5n.large_use1-az6': 30, 'r5n.xlarge_use1-az1': 1, 'r5n.xlarge_use1-az2': 10, 'r5n.xlarge_use1-az4': 15, 'r5n.xlarge_use1-az5': 1, 'r5n.xlarge_use1-az6': 20, 'r6a.12xlarge_use1-az1': 1, 'r6a.12xlarge_use1-az2': 10, 'r6a.12xlarge_use1-az4': 5, 'r6a.12xlarge_use1-az6': 10, 'r6a.16xlarge_use1-az1': 5, 'r6a.16xlarge_use1-az2': 15, 'r6a.16xlarge_use1-az4': 30, 'r6a.16xlarge_use1-az5': 15, 'r6a.16xlarge_use1-az6': 40, 'r6a.24xlarge_use1-az2': 5, 'r6a.24xlarge_use1-az4': 1, 'r6a.24xlarge_use1-az5': 1, 'r6a.24xlarge_use1-az6': 5, 'r6a.2xlarge_use1-az1': 50, 'r6a.2xlarge_use1-az2': 50, 'r6a.2xlarge_use1-az4': 40, 'r6a.2xlarge_use1-az5': 1, 'r6a.2xlarge_use1-az6': 50, 'r6a.32xlarge_use1-az2': 5, 'r6a.32xlarge_use1-az4': 5, 'r6a.32xlarge_use1-az5': 5, 'r6a.32xlarge_use1-az6': 5, 'r6a.48xlarge_use1-az2': 5, 'r6a.48xlarge_use1-az4': 5, 'r6a.48xlarge_use1-az5': 5, 'r6a.48xlarge_use1-az6': 1, 'r6a.4xlarge_use1-az1': 50, 'r6a.4xlarge_use1-az2': 50, 'r6a.4xlarge_use1-az4': 50, 'r6a.4xlarge_use1-az5': 40, 'r6a.4xlarge_use1-az6': 50, 'r6a.8xlarge_use1-az1': 20, 'r6a.8xlarge_use1-az2': 50, 'r6a.8xlarge_use1-az4': 50, 'r6a.8xlarge_use1-az5': 50, 'r6a.8xlarge_use1-az6': 50, 'r6a.large_use1-az1': 50, 'r6a.large_use1-az2': 50, 'r6a.large_use1-az4': 50, 'r6a.large_use1-az5': 50, 'r6a.large_use1-az6': 50, 'r6a.xlarge_use1-az1': 50, 'r6a.xlarge_use1-az2': 50, 'r6a.xlarge_use1-az4': 50, 'r6a.xlarge_use1-az5': 50, 'r6a.xlarge_use1-az6': 50, 'r6g.12xlarge_use1-az2': 50, 'r6g.12xlarge_use1-az4': 45, 'r6g.12xlarge_use1-az5': 10, 'r6g.12xlarge_use1-az6': 50, 'r6g.16xlarge_use1-az1': 1, 'r6g.16xlarge_use1-az2': 50, 'r6g.16xlarge_use1-az4': 50, 'r6g.16xlarge_use1-az5': 50, 'r6g.16xlarge_use1-az6': 50, 'r6g.2xlarge_use1-az1': 1, 'r6g.2xlarge_use1-az2': 25, 'r6g.2xlarge_use1-az4': 40, 'r6g.2xlarge_use1-az5': 10, 'r6g.2xlarge_use1-az6': 50, 'r6g.4xlarge_use1-az1': 10, 'r6g.4xlarge_use1-az2': 50, 'r6g.4xlarge_use1-az4': 50, 'r6g.4xlarge_use1-az5': 50, 'r6g.4xlarge_use1-az6': 50, 'r6g.8xlarge_use1-az1': 1, 'r6g.8xlarge_use1-az2': 10, 'r6g.8xlarge_use1-az4': 50, 'r6g.8xlarge_use1-az5': 50, 'r6g.8xlarge_use1-az6': 50, 'r6g.large_use1-az1': 10, 'r6g.large_use1-az2': 40, 'r6g.large_use1-az4': 50, 'r6g.large_use1-az5': 5, 'r6g.large_use1-az6': 50, 'r6g.medium_use1-az1': 1, 'r6g.medium_use1-az2': 10, 'r6g.medium_use1-az4': 15, 'r6g.medium_use1-az5': 15, 'r6g.medium_use1-az6': 35, 'r6g.xlarge_use1-az1': 1, 'r6g.xlarge_use1-az2': 50, 'r6g.xlarge_use1-az4': 50, 'r6g.xlarge_use1-az5': 50, 'r6g.xlarge_use1-az6': 50, 'r6gd.12xlarge_use1-az1': 1, 'r6gd.12xlarge_use1-az2': 5, 'r6gd.12xlarge_use1-az4': 10, 'r6gd.12xlarge_use1-az5': 1, 'r6gd.12xlarge_use1-az6': 10, 'r6gd.16xlarge_use1-az1': 5, 'r6gd.16xlarge_use1-az2': 5, 'r6gd.16xlarge_use1-az4': 50, 'r6gd.16xlarge_use1-az5': 1, 'r6gd.16xlarge_use1-az6': 45, 'r6gd.2xlarge_use1-az1': 1, 'r6gd.2xlarge_use1-az2': 20, 'r6gd.2xlarge_use1-az4': 30, 'r6gd.2xlarge_use1-az5': 1, 'r6gd.2xlarge_use1-az6': 1, 'r6gd.4xlarge_use1-az1': 5, 'r6gd.4xlarge_use1-az2': 20, 'r6gd.4xlarge_use1-az4': 50, 'r6gd.4xlarge_use1-az5': 1, 'r6gd.4xlarge_use1-az6': 25, 'r6gd.8xlarge_use1-az1': 1, 'r6gd.8xlarge_use1-az2': 10, 'r6gd.8xlarge_use1-az4': 20, 'r6gd.8xlarge_use1-az5': 1, 'r6gd.8xlarge_use1-az6': 30, 'r6gd.large_use1-az1': 50, 'r6gd.large_use1-az2': 50, 'r6gd.large_use1-az4': 50, 'r6gd.large_use1-az5': 50, 'r6gd.large_use1-az6': 50, 'r6gd.medium_use1-az1': 5, 'r6gd.medium_use1-az2': 1, 'r6gd.medium_use1-az4': 5, 'r6gd.medium_use1-az5': 5, 'r6gd.medium_use1-az6': 1, 'r6gd.xlarge_use1-az1': 1, 'r6gd.xlarge_use1-az2': 1, 'r6gd.xlarge_use1-az4': 5, 'r6gd.xlarge_use1-az6': 10, 'r6i.12xlarge_use1-az1': 5, 'r6i.12xlarge_use1-az2': 5, 'r6i.12xlarge_use1-az4': 5, 'r6i.12xlarge_use1-az5': 1, 'r6i.12xlarge_use1-az6': 10, 'r6i.16xlarge_use1-az1': 1, 'r6i.16xlarge_use1-az2': 1, 'r6i.16xlarge_use1-az4': 10, 'r6i.16xlarge_use1-az5': 10, 'r6i.16xlarge_use1-az6': 1, 'r6i.24xlarge_use1-az4': 10, 'r6i.24xlarge_use1-az5': 1, 'r6i.24xlarge_use1-az6': 5, 'r6i.2xlarge_use1-az1': 15, 'r6i.2xlarge_use1-az2': 35, 'r6i.2xlarge_use1-az4': 50, 'r6i.2xlarge_use1-az5': 5, 'r6i.2xlarge_use1-az6': 50, 'r6i.32xlarge_use1-az4': 1, 'r6i.32xlarge_use1-az5': 1, 'r6i.32xlarge_use1-az6': 1, 'r6i.4xlarge_use1-az1': 30, 'r6i.4xlarge_use1-az2': 20, 'r6i.4xlarge_use1-az4': 20, 'r6i.4xlarge_use1-az5': 10, 'r6i.4xlarge_use1-az6': 40, 'r6i.8xlarge_use1-az1': 5, 'r6i.8xlarge_use1-az2': 10, 'r6i.8xlarge_use1-az4': 10, 'r6i.8xlarge_use1-az5': 5, 'r6i.8xlarge_use1-az6': 10, 'r6i.large_use1-az1': 20, 'r6i.large_use1-az2': 50, 'r6i.large_use1-az4': 50, 'r6i.large_use1-az5': 20, 'r6i.large_use1-az6': 50, 'r6i.xlarge_use1-az1': 15, 'r6i.xlarge_use1-az2': 45, 'r6i.xlarge_use1-az4': 50, 'r6i.xlarge_use1-az5': 10, 'r6i.xlarge_use1-az6': 50, 'r6id.12xlarge_use1-az1': 1, 'r6id.12xlarge_use1-az2': 5, 'r6id.12xlarge_use1-az4': 1, 'r6id.12xlarge_use1-az6': 5, 'r6id.16xlarge_use1-az1': 5, 'r6id.16xlarge_use1-az2': 5, 'r6id.16xlarge_use1-az4': 15, 'r6id.16xlarge_use1-az5': 1, 'r6id.16xlarge_use1-az6': 20, 'r6id.24xlarge_use1-az1': 10, 'r6id.24xlarge_use1-az2': 10, 'r6id.24xlarge_use1-az4': 5, 'r6id.24xlarge_use1-az5': 15, 'r6id.24xlarge_use1-az6': 25, 'r6id.2xlarge_use1-az1': 5, 'r6id.2xlarge_use1-az2': 1, 'r6id.2xlarge_use1-az4': 10, 'r6id.2xlarge_use1-az5': 1, 'r6id.2xlarge_use1-az6': 10, 'r6id.32xlarge_use1-az1': 1, 'r6id.32xlarge_use1-az2': 5, 'r6id.32xlarge_use1-az4': 1, 'r6id.32xlarge_use1-az5': 1, 'r6id.32xlarge_use1-az6': 10, 'r6id.4xlarge_use1-az1': 40, 'r6id.4xlarge_use1-az2': 50, 'r6id.4xlarge_use1-az4': 10, 'r6id.4xlarge_use1-az5': 20, 'r6id.4xlarge_use1-az6': 35, 'r6id.8xlarge_use1-az1': 1, 'r6id.8xlarge_use1-az2': 1, 'r6id.8xlarge_use1-az4': 5, 'r6id.8xlarge_use1-az5': 1, 'r6id.8xlarge_use1-az6': 5, 'r6id.large_use1-az1': 15, 'r6id.large_use1-az2': 10, 'r6id.large_use1-az4': 5, 'r6id.large_use1-az5': 15, 'r6id.large_use1-az6': 30, 'r6id.xlarge_use1-az1': 5, 'r6id.xlarge_use1-az2': 15, 'r6id.xlarge_use1-az4': 10, 'r6id.xlarge_use1-az5': 15, 'r6id.xlarge_use1-az6': 15, 'r6idn.16xlarge_use1-az4': 1, 'r6idn.16xlarge_use1-az5': 1, 'r6idn.16xlarge_use1-az6': 1, 'r6idn.24xlarge_use1-az6': 1, 'r6idn.2xlarge_use1-az1': 1, 'r6idn.2xlarge_use1-az2': 1, 'r6idn.2xlarge_use1-az4': 5, 'r6idn.2xlarge_use1-az5': 1, 'r6idn.2xlarge_use1-az6': 5, 'r6idn.32xlarge_use1-az6': 1, 'r6idn.4xlarge_use1-az1': 15, 'r6idn.4xlarge_use1-az2': 15, 'r6idn.4xlarge_use1-az4': 15, 'r6idn.4xlarge_use1-az5': 5, 'r6idn.4xlarge_use1-az6': 10, 'r6idn.8xlarge_use1-az2': 1, 'r6idn.8xlarge_use1-az4': 1, 'r6idn.8xlarge_use1-az6': 5, 'r6idn.large_use1-az1': 1, 'r6idn.large_use1-az2': 1, 'r6idn.large_use1-az4': 5, 'r6idn.large_use1-az5': 5, 'r6idn.large_use1-az6': 5, 'r6idn.xlarge_use1-az1': 5, 'r6idn.xlarge_use1-az2': 1, 'r6idn.xlarge_use1-az4': 5, 'r6idn.xlarge_use1-az5': 1, 'r6idn.xlarge_use1-az6': 5, 'r6in.12xlarge_use1-az1': 1, 'r6in.12xlarge_use1-az6': 5, 'r6in.16xlarge_use1-az4': 1, 'r6in.16xlarge_use1-az5': 1, 'r6in.16xlarge_use1-az6': 5, 'r6in.24xlarge_use1-az6': 1, 'r6in.2xlarge_use1-az1': 1, 'r6in.2xlarge_use1-az2': 1, 'r6in.2xlarge_use1-az4': 1, 'r6in.2xlarge_use1-az5': 1, 'r6in.2xlarge_use1-az6': 1, 'r6in.4xlarge_use1-az1': 5, 'r6in.4xlarge_use1-az2': 20, 'r6in.4xlarge_use1-az4': 15, 'r6in.4xlarge_use1-az5': 20, 'r6in.4xlarge_use1-az6': 20, 'r6in.8xlarge_use1-az1': 5, 'r6in.8xlarge_use1-az4': 1, 'r6in.8xlarge_use1-az6': 5, 'r6in.large_use1-az1': 45, 'r6in.large_use1-az2': 50, 'r6in.large_use1-az4': 50, 'r6in.large_use1-az5': 40, 'r6in.large_use1-az6': 50, 'r6in.xlarge_use1-az1': 1, 'r6in.xlarge_use1-az2': 1, 'r6in.xlarge_use1-az4': 1, 'r6in.xlarge_use1-az5': 1, 'r6in.xlarge_use1-az6': 1, 'r7a.12xlarge_use1-az1': 1, 'r7a.12xlarge_use1-az2': 1, 'r7a.12xlarge_use1-az4': 5, 'r7a.12xlarge_use1-az6': 20, 'r7a.16xlarge_use1-az1': 1, 'r7a.16xlarge_use1-az2': 15, 'r7a.16xlarge_use1-az4': 30, 'r7a.16xlarge_use1-az6': 50, 'r7a.24xlarge_use1-az2': 10, 'r7a.24xlarge_use1-az4': 10, 'r7a.24xlarge_use1-az6': 35, 'r7a.2xlarge_use1-az1': 1, 'r7a.2xlarge_use1-az2': 5, 'r7a.2xlarge_use1-az4': 25, 'r7a.2xlarge_use1-az6': 1, 'r7a.32xlarge_use1-az2': 1, 'r7a.32xlarge_use1-az4': 1, 'r7a.32xlarge_use1-az6': 50, 'r7a.48xlarge_use1-az2': 5, 'r7a.48xlarge_use1-az4': 5, 'r7a.48xlarge_use1-az6': 50, 'r7a.4xlarge_use1-az1': 5, 'r7a.4xlarge_use1-az2': 25, 'r7a.4xlarge_use1-az4': 50, 'r7a.4xlarge_use1-az6': 50, 'r7a.8xlarge_use1-az1': 5, 'r7a.8xlarge_use1-az2': 20, 'r7a.8xlarge_use1-az4': 50, 'r7a.8xlarge_use1-az6': 50, 'r7a.large_use1-az1': 50, 'r7a.large_use1-az2': 50, 'r7a.large_use1-az4': 50, 'r7a.large_use1-az6': 50, 'r7a.medium_use1-az1': 10, 'r7a.medium_use1-az2': 25, 'r7a.medium_use1-az4': 50, 'r7a.medium_use1-az6': 50, 'r7a.xlarge_use1-az1': 20, 'r7a.xlarge_use1-az2': 50, 'r7a.xlarge_use1-az4': 50, 'r7a.xlarge_use1-az6': 25, 'r7g.12xlarge_use1-az1': 1, 'r7g.12xlarge_use1-az2': 5, 'r7g.12xlarge_use1-az4': 50, 'r7g.12xlarge_use1-az5': 1, 'r7g.12xlarge_use1-az6': 5, 'r7g.16xlarge_use1-az1': 5, 'r7g.16xlarge_use1-az2': 30, 'r7g.16xlarge_use1-az4': 50, 'r7g.16xlarge_use1-az5': 5, 'r7g.16xlarge_use1-az6': 50, 'r7g.2xlarge_use1-az1': 5, 'r7g.2xlarge_use1-az2': 10, 'r7g.2xlarge_use1-az4': 50, 'r7g.2xlarge_use1-az5': 5, 'r7g.2xlarge_use1-az6': 15, 'r7g.4xlarge_use1-az1': 5, 'r7g.4xlarge_use1-az2': 5, 'r7g.4xlarge_use1-az4': 50, 'r7g.4xlarge_use1-az5': 5, 'r7g.4xlarge_use1-az6': 15, 'r7g.8xlarge_use1-az1': 1, 'r7g.8xlarge_use1-az2': 50, 'r7g.8xlarge_use1-az4': 50, 'r7g.8xlarge_use1-az5': 50, 'r7g.8xlarge_use1-az6': 50, 'r7g.large_use1-az1': 20, 'r7g.large_use1-az2': 50, 'r7g.large_use1-az4': 50, 'r7g.large_use1-az5': 40, 'r7g.large_use1-az6': 40, 'r7g.medium_use1-az1': 50, 'r7g.medium_use1-az2': 50, 'r7g.medium_use1-az4': 50, 'r7g.medium_use1-az5': 25, 'r7g.medium_use1-az6': 50, 'r7g.xlarge_use1-az1': 50, 'r7g.xlarge_use1-az2': 50, 'r7g.xlarge_use1-az4': 50, 'r7g.xlarge_use1-az5': 10, 'r7g.xlarge_use1-az6': 50, 'r7gd.12xlarge_use1-az1': 1, 'r7gd.12xlarge_use1-az2': 10, 'r7gd.12xlarge_use1-az4': 35, 'r7gd.12xlarge_use1-az5': 10, 'r7gd.12xlarge_use1-az6': 50, 'r7gd.16xlarge_use1-az1': 5, 'r7gd.16xlarge_use1-az2': 50, 'r7gd.16xlarge_use1-az4': 50, 'r7gd.16xlarge_use1-az5': 50, 'r7gd.16xlarge_use1-az6': 50, 'r7gd.2xlarge_use1-az1': 5, 'r7gd.2xlarge_use1-az2': 25, 'r7gd.2xlarge_use1-az4': 25, 'r7gd.2xlarge_use1-az5': 40, 'r7gd.2xlarge_use1-az6': 50, 'r7gd.4xlarge_use1-az1': 1, 'r7gd.4xlarge_use1-az2': 20, 'r7gd.4xlarge_use1-az4': 25, 'r7gd.4xlarge_use1-az5': 30, 'r7gd.4xlarge_use1-az6': 50, 'r7gd.8xlarge_use1-az1': 1, 'r7gd.8xlarge_use1-az2': 10, 'r7gd.8xlarge_use1-az4': 30, 'r7gd.8xlarge_use1-az5': 20, 'r7gd.8xlarge_use1-az6': 50, 'r7gd.large_use1-az1': 15, 'r7gd.large_use1-az2': 10, 'r7gd.large_use1-az4': 50, 'r7gd.large_use1-az5': 15, 'r7gd.large_use1-az6': 35, 'r7gd.medium_use1-az1': 35, 'r7gd.medium_use1-az2': 15, 'r7gd.medium_use1-az4': 25, 'r7gd.medium_use1-az5': 15, 'r7gd.medium_use1-az6': 20, 'r7gd.xlarge_use1-az1': 1, 'r7gd.xlarge_use1-az2': 10, 'r7gd.xlarge_use1-az4': 25, 'r7gd.xlarge_use1-az5': 10, 'r7gd.xlarge_use1-az6': 50, 'r7i.12xlarge_use1-az4': 1, 'r7i.12xlarge_use1-az6': 10, 'r7i.16xlarge_use1-az1': 5, 'r7i.16xlarge_use1-az2': 15, 'r7i.16xlarge_use1-az4': 45, 'r7i.16xlarge_use1-az5': 5, 'r7i.16xlarge_use1-az6': 50, 'r7i.24xlarge_use1-az1': 1, 'r7i.24xlarge_use1-az2': 1, 'r7i.24xlarge_use1-az4': 5, 'r7i.24xlarge_use1-az5': 5, 'r7i.24xlarge_use1-az6': 5, 'r7i.2xlarge_use1-az1': 5, 'r7i.2xlarge_use1-az2': 5, 'r7i.2xlarge_use1-az4': 10, 'r7i.2xlarge_use1-az5': 5, 'r7i.2xlarge_use1-az6': 50, 'r7i.48xlarge_use1-az2': 1, 'r7i.48xlarge_use1-az4': 5, 'r7i.48xlarge_use1-az5': 1, 'r7i.48xlarge_use1-az6': 5, 'r7i.4xlarge_use1-az1': 5, 'r7i.4xlarge_use1-az2': 20, 'r7i.4xlarge_use1-az4': 10, 'r7i.4xlarge_use1-az5': 1, 'r7i.4xlarge_use1-az6': 50, 'r7i.8xlarge_use1-az1': 5, 'r7i.8xlarge_use1-az2': 25, 'r7i.8xlarge_use1-az4': 25, 'r7i.8xlarge_use1-az5': 5, 'r7i.8xlarge_use1-az6': 50, 'r7i.large_use1-az1': 15, 'r7i.large_use1-az2': 50, 'r7i.large_use1-az4': 50, 'r7i.large_use1-az5': 15, 'r7i.large_use1-az6': 50, 'r7i.xlarge_use1-az1': 5, 'r7i.xlarge_use1-az2': 15, 'r7i.xlarge_use1-az4': 10, 'r7i.xlarge_use1-az5': 15, 'r7i.xlarge_use1-az6': 50, 'r8g.12xlarge_use1-az2': 5, 'r8g.12xlarge_use1-az4': 5, 'r8g.12xlarge_use1-az6': 15, 'r8g.16xlarge_use1-az1': 1, 'r8g.16xlarge_use1-az2': 50, 'r8g.16xlarge_use1-az4': 50, 'r8g.16xlarge_use1-az5': 5, 'r8g.16xlarge_use1-az6': 50, 'r8g.24xlarge_use1-az2': 10, 'r8g.24xlarge_use1-az4': 5, 'r8g.24xlarge_use1-az5': 5, 'r8g.24xlarge_use1-az6': 35, 'r8g.2xlarge_use1-az2': 5, 'r8g.2xlarge_use1-az4': 5, 'r8g.2xlarge_use1-az5': 1, 'r8g.2xlarge_use1-az6': 5, 'r8g.48xlarge_use1-az2': 1, 'r8g.48xlarge_use1-az4': 5, 'r8g.48xlarge_use1-az6': 5, 'r8g.4xlarge_use1-az2': 10, 'r8g.4xlarge_use1-az4': 35, 'r8g.4xlarge_use1-az5': 5, 'r8g.4xlarge_use1-az6': 50, 'r8g.8xlarge_use1-az2': 40, 'r8g.8xlarge_use1-az4': 15, 'r8g.8xlarge_use1-az5': 1, 'r8g.8xlarge_use1-az6': 50, 'r8g.large_use1-az1': 5, 'r8g.large_use1-az2': 30, 'r8g.large_use1-az4': 15, 'r8g.large_use1-az5': 10, 'r8g.large_use1-az6': 20, 'r8g.medium_use1-az1': 15, 'r8g.medium_use1-az2': 30, 'r8g.medium_use1-az4': 20, 'r8g.medium_use1-az5': 5, 'r8g.medium_use1-az6': 15, 'r8g.xlarge_use1-az1': 1, 'r8g.xlarge_use1-az2': 10, 'r8g.xlarge_use1-az4': 5, 'r8g.xlarge_use1-az5': 5, 'r8g.xlarge_use1-az6': 10, 'r8gb.24xlarge_use1-az6': 1, 'r8gb.2xlarge_use1-az2': 1, 'r8gb.2xlarge_use1-az4': 1, 'r8gb.2xlarge_use1-az6': 1, 'r8gb.large_use1-az2': 20, 'r8gb.large_use1-az4': 15, 'r8gb.large_use1-az6': 25, 'r8gb.medium_use1-az2': 50, 'r8gb.metal-24xl_use1-az6': 1, 'r8gb.xlarge_use1-az2': 5, 'r8gb.xlarge_use1-az4': 5, 'r8gb.xlarge_use1-az6': 5, 'r8gd.12xlarge_use1-az5': 1, 'r8gd.12xlarge_use1-az6': 1, 'r8gd.16xlarge_use1-az2': 1, 'r8gd.16xlarge_use1-az4': 1, 'r8gd.16xlarge_use1-az5': 1, 'r8gd.16xlarge_use1-az6': 15, 'r8gd.24xlarge_use1-az2': 1, 'r8gd.24xlarge_use1-az5': 1, 'r8gd.24xlarge_use1-az6': 25, 'r8gd.2xlarge_use1-az2': 25, 'r8gd.2xlarge_use1-az4': 30, 'r8gd.2xlarge_use1-az6': 50, 'r8gd.48xlarge_use1-az6': 50, 'r8gd.4xlarge_use1-az1': 1, 'r8gd.4xlarge_use1-az2': 20, 'r8gd.4xlarge_use1-az5': 1, 'r8gd.4xlarge_use1-az6': 15, 'r8gd.8xlarge_use1-az2': 5, 'r8gd.8xlarge_use1-az4': 1, 'r8gd.8xlarge_use1-az5': 1, 'r8gd.8xlarge_use1-az6': 1, 'r8gd.large_use1-az2': 50, 'r8gd.large_use1-az5': 1, 'r8gd.large_use1-az6': 50, 'r8gd.medium_use1-az1': 5, 'r8gd.medium_use1-az2': 5, 'r8gd.medium_use1-az4': 5, 'r8gd.medium_use1-az5': 10, 'r8gd.metal-24xl_use1-az6': 1, 'r8gd.metal-48xl_use1-az6': 1, 'r8gd.xlarge_use1-az2': 25, 'r8gd.xlarge_use1-az4': 1, 'r8gd.xlarge_use1-az5': 50, 'r8gd.xlarge_use1-az6': 40, 'r8gn.16xlarge_use1-az6': 1, 'r8gn.24xlarge_use1-az2': 1, 'r8gn.2xlarge_use1-az2': 1, 'r8gn.2xlarge_use1-az4': 1, 'r8gn.2xlarge_use1-az6': 1, 'r8gn.48xlarge_use1-az6': 1, 'r8gn.4xlarge_use1-az6': 5, 'r8gn.8xlarge_use1-az2': 1, 'r8gn.8xlarge_use1-az6': 5, 'r8gn.large_use1-az2': 20, 'r8gn.large_use1-az4': 15, 'r8gn.large_use1-az6': 20, 'r8gn.medium_use1-az2': 35, 'r8gn.medium_use1-az4': 40, 'r8gn.metal-24xl_use1-az2': 1, 'r8gn.metal-24xl_use1-az6': 1, 'r8gn.xlarge_use1-az2': 1, 'r8gn.xlarge_use1-az4': 5, 'r8gn.xlarge_use1-az6': 10, 'r8i-flex.2xlarge_use1-az2': 1, 'r8i-flex.2xlarge_use1-az6': 5, 'r8i-flex.4xlarge_use1-az2': 1, 'r8i-flex.4xlarge_use1-az6': 1, 'r8i-flex.large_use1-az2': 1, 'r8i-flex.large_use1-az6': 5, 'r8i-flex.xlarge_use1-az2': 5, 'r8i-flex.xlarge_use1-az6': 1, 'r8i.12xlarge_use1-az2': 1, 'r8i.12xlarge_use1-az6': 1, 'r8i.16xlarge_use1-az2': 1, 'r8i.16xlarge_use1-az6': 1, 'r8i.24xlarge_use1-az6': 1, 'r8i.2xlarge_use1-az2': 5, 'r8i.2xlarge_use1-az6': 5, 'r8i.32xlarge_use1-az2': 1, 'r8i.32xlarge_use1-az6': 1, 'r8i.48xlarge_use1-az2': 1, 'r8i.48xlarge_use1-az6': 1, 'r8i.4xlarge_use1-az2': 1, 'r8i.4xlarge_use1-az6': 5, 'r8i.8xlarge_use1-az2': 1, 'r8i.8xlarge_use1-az6': 5, 'r8i.96xlarge_use1-az2': 1, 'r8i.96xlarge_use1-az6': 1, 'r8i.large_use1-az2': 20, 'r8i.large_use1-az6': 20, 'r8i.xlarge_use1-az2': 5, 'r8i.xlarge_use1-az6': 5, 't2.2xlarge_use1-az1': 50, 't2.2xlarge_use1-az2': 50, 't2.2xlarge_use1-az3': 15, 't2.2xlarge_use1-az4': 50, 't2.2xlarge_use1-az5': 50, 't2.2xlarge_use1-az6': 50, 't2.large_use1-az1': 20, 't2.large_use1-az2': 50, 't2.large_use1-az3': 50, 't2.large_use1-az4': 50, 't2.large_use1-az5': 25, 't2.large_use1-az6': 50, 't2.medium_use1-az1': 50, 't2.medium_use1-az2': 50, 't2.medium_use1-az3': 50, 't2.medium_use1-az4': 50, 't2.medium_use1-az5': 50, 't2.medium_use1-az6': 50, 't2.xlarge_use1-az1': 35, 't2.xlarge_use1-az2': 50, 't2.xlarge_use1-az3': 20, 't2.xlarge_use1-az4': 50, 't2.xlarge_use1-az5': 5, 't2.xlarge_use1-az6': 50, 't3.2xlarge_use1-az1': 50, 't3.2xlarge_use1-az2': 50, 't3.2xlarge_use1-az4': 50, 't3.2xlarge_use1-az5': 50, 't3.2xlarge_use1-az6': 50, 't3.large_use1-az1': 50, 't3.large_use1-az2': 50, 't3.large_use1-az4': 50, 't3.large_use1-az5': 50, 't3.large_use1-az6': 50, 't3.medium_use1-az1': 50, 't3.medium_use1-az2': 50, 't3.medium_use1-az4': 50, 't3.medium_use1-az5': 50, 't3.medium_use1-az6': 50, 't3.xlarge_use1-az1': 50, 't3.xlarge_use1-az2': 50, 't3.xlarge_use1-az4': 50, 't3.xlarge_use1-az5': 50, 't3.xlarge_use1-az6': 50, 't3a.2xlarge_use1-az1': 50, 't3a.2xlarge_use1-az2': 50, 't3a.2xlarge_use1-az4': 50, 't3a.2xlarge_use1-az5': 50, 't3a.2xlarge_use1-az6': 50, 't3a.large_use1-az1': 50, 't3a.large_use1-az2': 50, 't3a.large_use1-az4': 50, 't3a.large_use1-az5': 5, 't3a.large_use1-az6': 50, 't3a.medium_use1-az1': 50, 't3a.medium_use1-az2': 50, 't3a.medium_use1-az4': 50, 't3a.medium_use1-az5': 5, 't3a.medium_use1-az6': 50, 't3a.xlarge_use1-az1': 25, 't3a.xlarge_use1-az2': 50, 't3a.xlarge_use1-az4': 50, 't3a.xlarge_use1-az5': 15, 't3a.xlarge_use1-az6': 50, 't4g.2xlarge_use1-az1': 5, 't4g.2xlarge_use1-az2': 15, 't4g.2xlarge_use1-az4': 5, 't4g.2xlarge_use1-az5': 10, 't4g.2xlarge_use1-az6': 10, 't4g.large_use1-az1': 1, 't4g.large_use1-az2': 15, 't4g.large_use1-az4': 50, 't4g.large_use1-az5': 25, 't4g.large_use1-az6': 35, 't4g.medium_use1-az1': 1, 't4g.medium_use1-az2': 50, 't4g.medium_use1-az4': 50, 't4g.medium_use1-az5': 35, 't4g.medium_use1-az6': 50, 't4g.xlarge_use1-az1': 30, 't4g.xlarge_use1-az2': 15, 't4g.xlarge_use1-az4': 50, 't4g.xlarge_use1-az5': 5, 't4g.xlarge_use1-az6': 10, 'trn1.2xlarge_use1-az5': 5, 'trn1.2xlarge_use1-az6': 20, 'trn1.32xlarge_use1-az6': 50, 'trn1n.32xlarge_use1-az6': 50, 'vt1.3xlarge_use1-az2': 1, 'vt1.6xlarge_use1-az2': 1, 'x1.16xlarge_use1-az2': 1, 'x1.16xlarge_use1-az4': 1, 'x1.16xlarge_use1-az6': 1, 'x1.32xlarge_use1-az2': 1, 'x1.32xlarge_use1-az3': 5, 'x1.32xlarge_use1-az6': 1, 'x1e.16xlarge_use1-az2': 1, 'x1e.16xlarge_use1-az4': 1, 'x1e.16xlarge_use1-az6': 5, 'x1e.2xlarge_use1-az1': 1, 'x1e.2xlarge_use1-az2': 5, 'x1e.2xlarge_use1-az4': 10, 'x1e.2xlarge_use1-az6': 1, 'x1e.4xlarge_use1-az2': 5, 'x1e.4xlarge_use1-az4': 5, 'x1e.4xlarge_use1-az6': 1, 'x1e.8xlarge_use1-az1': 1, 'x1e.8xlarge_use1-az2': 1, 'x1e.8xlarge_use1-az4': 5, 'x1e.8xlarge_use1-az6': 5, 'x1e.xlarge_use1-az1': 10, 'x1e.xlarge_use1-az2': 20, 'x1e.xlarge_use1-az4': 15, 'x1e.xlarge_use1-az6': 5, 'x2gd.12xlarge_use1-az5': 5, 'x2gd.12xlarge_use1-az6': 1, 'x2gd.16xlarge_use1-az5': 1, 'x2gd.16xlarge_use1-az6': 15, 'x2gd.2xlarge_use1-az1': 5, 'x2gd.2xlarge_use1-az4': 1, 'x2gd.2xlarge_use1-az5': 5, 'x2gd.2xlarge_use1-az6': 30, 'x2gd.4xlarge_use1-az1': 1, 'x2gd.4xlarge_use1-az2': 1, 'x2gd.4xlarge_use1-az4': 5, 'x2gd.4xlarge_use1-az5': 1, 'x2gd.4xlarge_use1-az6': 35, 'x2gd.8xlarge_use1-az4': 1, 'x2gd.8xlarge_use1-az5': 1, 'x2gd.8xlarge_use1-az6': 5, 'x2gd.large_use1-az1': 35, 'x2gd.large_use1-az2': 25, 'x2gd.large_use1-az4': 15, 'x2gd.large_use1-az5': 25, 'x2gd.large_use1-az6': 50, 'x2gd.medium_use1-az1': 25, 'x2gd.medium_use1-az2': 35, 'x2gd.medium_use1-az4': 50, 'x2gd.medium_use1-az5': 50, 'x2gd.medium_use1-az6': 50, 'x2gd.xlarge_use1-az1': 5, 'x2gd.xlarge_use1-az2': 1, 'x2gd.xlarge_use1-az4': 20, 'x2gd.xlarge_use1-az5': 15, 'x2gd.xlarge_use1-az6': 25, 'x2idn.16xlarge_use1-az2': 1, 'x2idn.16xlarge_use1-az5': 1, 'x2idn.24xlarge_use1-az4': 1, 'x2idn.24xlarge_use1-az5': 1, 'x2idn.32xlarge_use1-az5': 1, 'x2iedn.24xlarge_use1-az4': 1, 'x2iedn.24xlarge_use1-az6': 1, 'x2iedn.2xlarge_use1-az1': 1, 'x2iedn.2xlarge_use1-az2': 25, 'x2iedn.2xlarge_use1-az4': 15, 'x2iedn.2xlarge_use1-az5': 1, 'x2iedn.2xlarge_use1-az6': 5, 'x2iedn.4xlarge_use1-az1': 1, 'x2iedn.4xlarge_use1-az2': 1, 'x2iedn.4xlarge_use1-az4': 1, 'x2iedn.4xlarge_use1-az5': 1, 'x2iedn.4xlarge_use1-az6': 1, 'x2iedn.8xlarge_use1-az4': 1, 'x2iedn.8xlarge_use1-az6': 1, 'x2iedn.xlarge_use1-az1': 5, 'x2iedn.xlarge_use1-az2': 20, 'x2iedn.xlarge_use1-az4': 10, 'x2iedn.xlarge_use1-az5': 1, 'x2iedn.xlarge_use1-az6': 10, 'x2iezn.12xlarge_use1-az2': 1, 'x2iezn.12xlarge_use1-az4': 20, 'x2iezn.12xlarge_use1-az6': 5, 'x2iezn.2xlarge_use1-az2': 5, 'x2iezn.2xlarge_use1-az4': 10, 'x2iezn.2xlarge_use1-az6': 1, 'x2iezn.4xlarge_use1-az2': 1, 'x2iezn.4xlarge_use1-az4': 5, 'x2iezn.4xlarge_use1-az6': 1, 'x2iezn.6xlarge_use1-az2': 1, 'x2iezn.6xlarge_use1-az4': 5, 'x2iezn.6xlarge_use1-az6': 1, 'x2iezn.8xlarge_use1-az2': 1, 'x2iezn.8xlarge_use1-az4': 10, 'x2iezn.8xlarge_use1-az6': 1, 'x8g.12xlarge_use1-az2': 1, 'x8g.12xlarge_use1-az4': 20, 'x8g.12xlarge_use1-az6': 1, 'x8g.16xlarge_use1-az1': 1, 'x8g.16xlarge_use1-az2': 5, 'x8g.16xlarge_use1-az4': 5, 'x8g.16xlarge_use1-az6': 5, 'x8g.24xlarge_use1-az1': 1, 'x8g.24xlarge_use1-az2': 5, 'x8g.24xlarge_use1-az4': 5, 'x8g.24xlarge_use1-az6': 10, 'x8g.2xlarge_use1-az1': 5, 'x8g.2xlarge_use1-az2': 10, 'x8g.2xlarge_use1-az4': 10, 'x8g.2xlarge_use1-az6': 25, 'x8g.48xlarge_use1-az1': 1, 'x8g.48xlarge_use1-az2': 1, 'x8g.48xlarge_use1-az4': 10, 'x8g.48xlarge_use1-az6': 1, 'x8g.4xlarge_use1-az1': 1, 'x8g.4xlarge_use1-az2': 5, 'x8g.4xlarge_use1-az4': 5, 'x8g.4xlarge_use1-az6': 10, 'x8g.8xlarge_use1-az2': 15, 'x8g.8xlarge_use1-az4': 20, 'x8g.8xlarge_use1-az6': 5, 'x8g.large_use1-az1': 30, 'x8g.large_use1-az4': 50, 'x8g.large_use1-az6': 50, 'x8g.medium_use1-az1': 50, 'x8g.medium_use1-az4': 50, 'x8g.medium_use1-az6': 50, 'x8g.metal-24xl_use1-az1': 1, 'x8g.metal-24xl_use1-az2': 1, 'x8g.metal-24xl_use1-az4': 1, 'x8g.metal-24xl_use1-az6': 10, 'x8g.metal-48xl_use1-az2': 1, 'x8g.metal-48xl_use1-az4': 1, 'x8g.metal-48xl_use1-az6': 1, 'x8g.xlarge_use1-az1': 10, 'x8g.xlarge_use1-az2': 20, 'x8g.xlarge_use1-az4': 40, 'x8g.xlarge_use1-az6': 50, 'z1d.12xlarge_use1-az1': 1, 'z1d.12xlarge_use1-az2': 1, 'z1d.12xlarge_use1-az4': 1, 'z1d.12xlarge_use1-az5': 1, 'z1d.12xlarge_use1-az6': 5, 'z1d.2xlarge_use1-az1': 5, 'z1d.2xlarge_use1-az2': 5, 'z1d.2xlarge_use1-az4': 15, 'z1d.2xlarge_use1-az5': 1, 'z1d.2xlarge_use1-az6': 15, 'z1d.3xlarge_use1-az1': 5, 'z1d.3xlarge_use1-az2': 5, 'z1d.3xlarge_use1-az4': 10, 'z1d.3xlarge_use1-az5': 5, 'z1d.3xlarge_use1-az6': 5, 'z1d.6xlarge_use1-az1': 1, 'z1d.6xlarge_use1-az2': 1, 'z1d.6xlarge_use1-az4': 1, 'z1d.6xlarge_use1-az6': 1, 'z1d.large_use1-az1': 15, 'z1d.large_use1-az2': 5, 'z1d.large_use1-az4': 25, 'z1d.large_use1-az5': 10, 'z1d.large_use1-az6': 25, 'z1d.xlarge_use1-az1': 10, 'z1d.xlarge_use1-az2': 20, 'z1d.xlarge_use1-az4': 30, 'z1d.xlarge_use1-az5': 1, 'z1d.xlarge_use1-az6': 20}"
0.92,27580.697999999957,29752210474,1078733.0499964543,1145817,1145717,"{'c3.2xlarge_use1-az2': 5, 'c3.2xlarge_use1-az4': 50, 'c3.2xlarge_use1-az6': 15, 'c3.4xlarge_use1-az2': 5, 'c3.4xlarge_use1-az4': 5, 'c3.4xlarge_use1-az6': 5, 'c3.8xlarge_use1-az2': 5, 'c3.8xlarge_use1-az4': 5, 'c3.8xlarge_use1-az6': 1, 'c3.xlarge_use1-az2': 35, 'c3.xlarge_use1-az3': 1, 'c3.xlarge_use1-az4': 50, 'c3.xlarge_use1-az6': 30, 'c4.2xlarge_use1-az1': 5, 'c4.2xlarge_use1-az2': 5, 'c4.2xlarge_use1-az3': 25, 'c4.2xlarge_use1-az4': 15, 'c4.2xlarge_use1-az5': 15, 'c4.2xlarge_use1-az6': 10, 'c4.4xlarge_use1-az1': 5, 'c4.4xlarge_use1-az2': 5, 'c4.4xlarge_use1-az3': 10, 'c4.4xlarge_use1-az4': 5, 'c4.4xlarge_use1-az5': 5, 'c4.4xlarge_use1-az6': 1, 'c4.8xlarge_use1-az1': 1, 'c4.8xlarge_use1-az2': 5, 'c4.8xlarge_use1-az3': 5, 'c4.8xlarge_use1-az4': 15, 'c4.8xlarge_use1-az5': 5, 'c4.8xlarge_use1-az6': 5, 'c4.xlarge_use1-az1': 25, 'c4.xlarge_use1-az2': 40, 'c4.xlarge_use1-az3': 20, 'c4.xlarge_use1-az4': 40, 'c4.xlarge_use1-az5': 50, 'c4.xlarge_use1-az6': 50, 'c5.12xlarge_use1-az1': 50, 'c5.12xlarge_use1-az2': 50, 'c5.12xlarge_use1-az4': 50, 'c5.12xlarge_use1-az5': 50, 'c5.12xlarge_use1-az6': 50, 'c5.18xlarge_use1-az1': 5, 'c5.18xlarge_use1-az2': 50, 'c5.18xlarge_use1-az4': 15, 'c5.18xlarge_use1-az5': 10, 'c5.18xlarge_use1-az6': 1, 'c5.24xlarge_use1-az1': 1, 'c5.24xlarge_use1-az2': 5, 'c5.24xlarge_use1-az4': 5, 'c5.24xlarge_use1-az5': 1, 'c5.24xlarge_use1-az6': 5, 'c5.2xlarge_use1-az1': 50, 'c5.2xlarge_use1-az2': 50, 'c5.2xlarge_use1-az4': 50, 'c5.2xlarge_use1-az5': 50, 'c5.2xlarge_use1-az6': 50, 'c5.4xlarge_use1-az1': 50, 'c5.4xlarge_use1-az2': 50, 'c5.4xlarge_use1-az4': 50, 'c5.4xlarge_use1-az5': 50, 'c5.4xlarge_use1-az6': 50, 'c5.9xlarge_use1-az1': 50, 'c5.9xlarge_use1-az2': 50, 'c5.9xlarge_use1-az4': 50, 'c5.9xlarge_use1-az5': 50, 'c5.9xlarge_use1-az6': 50, 'c5.large_use1-az1': 50, 'c5.large_use1-az2': 50, 'c5.large_use1-az4': 50, 'c5.large_use1-az5': 50, 'c5.large_use1-az6': 50, 'c5.xlarge_use1-az1': 50, 'c5.xlarge_use1-az2': 50, 'c5.xlarge_use1-az4': 50, 'c5.xlarge_use1-az5': 50, 'c5.xlarge_use1-az6': 50, 'c5a.12xlarge_use1-az1': 5, 'c5a.12xlarge_use1-az2': 10, 'c5a.12xlarge_use1-az4': 15, 'c5a.12xlarge_use1-az5': 1, 'c5a.12xlarge_use1-az6': 5, 'c5a.16xlarge_use1-az4': 1, 'c5a.16xlarge_use1-az6': 1, 'c5a.24xlarge_use1-az2': 1, 'c5a.24xlarge_use1-az4': 1, 'c5a.24xlarge_use1-az6': 1, 'c5a.2xlarge_use1-az1': 30, 'c5a.2xlarge_use1-az2': 20, 'c5a.2xlarge_use1-az4': 50, 'c5a.2xlarge_use1-az5': 15, 'c5a.2xlarge_use1-az6': 50, 'c5a.4xlarge_use1-az1': 5, 'c5a.4xlarge_use1-az2': 1, 'c5a.4xlarge_use1-az4': 5, 'c5a.4xlarge_use1-az5': 5, 'c5a.4xlarge_use1-az6': 5, 'c5a.8xlarge_use1-az1': 1, 'c5a.8xlarge_use1-az2': 1, 'c5a.8xlarge_use1-az4': 5, 'c5a.8xlarge_use1-az6': 15, 'c5a.large_use1-az1': 50, 'c5a.large_use1-az2': 50, 'c5a.large_use1-az4': 50, 'c5a.large_use1-az5': 45, 'c5a.large_use1-az6': 50, 'c5a.xlarge_use1-az1': 50, 'c5a.xlarge_use1-az2': 50, 'c5a.xlarge_use1-az4': 50, 'c5a.xlarge_use1-az5': 50, 'c5a.xlarge_use1-az6': 50, 'c5ad.12xlarge_use1-az1': 5, 'c5ad.12xlarge_use1-az2': 5, 'c5ad.12xlarge_use1-az4': 5, 'c5ad.12xlarge_use1-az6': 5, 'c5ad.16xlarge_use1-az1': 1, 'c5ad.16xlarge_use1-az2': 5, 'c5ad.16xlarge_use1-az4': 1, 'c5ad.16xlarge_use1-az6': 1, 'c5ad.24xlarge_use1-az1': 1, 'c5ad.24xlarge_use1-az2': 1, 'c5ad.24xlarge_use1-az4': 1, 'c5ad.24xlarge_use1-az6': 5, 'c5ad.2xlarge_use1-az1': 10, 'c5ad.2xlarge_use1-az2': 5, 'c5ad.2xlarge_use1-az4': 5, 'c5ad.2xlarge_use1-az5': 5, 'c5ad.2xlarge_use1-az6': 15, 'c5ad.4xlarge_use1-az1': 5, 'c5ad.4xlarge_use1-az2': 5, 'c5ad.4xlarge_use1-az4': 1, 'c5ad.4xlarge_use1-az5': 1, 'c5ad.4xlarge_use1-az6': 10, 'c5ad.8xlarge_use1-az1': 1, 'c5ad.8xlarge_use1-az2': 1, 'c5ad.8xlarge_use1-az4': 1, 'c5ad.8xlarge_use1-az5': 1, 'c5ad.8xlarge_use1-az6': 1, 'c5ad.large_use1-az1': 20, 'c5ad.large_use1-az2': 30, 'c5ad.large_use1-az4': 10, 'c5ad.large_use1-az5': 15, 'c5ad.large_use1-az6': 20, 'c5ad.xlarge_use1-az1': 15, 'c5ad.xlarge_use1-az2': 10, 'c5ad.xlarge_use1-az4': 5, 'c5ad.xlarge_use1-az5': 5, 'c5ad.xlarge_use1-az6': 15, 'c5d.12xlarge_use1-az2': 15, 'c5d.12xlarge_use1-az4': 5, 'c5d.12xlarge_use1-az6': 45, 'c5d.18xlarge_use1-az1': 5, 'c5d.18xlarge_use1-az2': 50, 'c5d.18xlarge_use1-az4': 50, 'c5d.18xlarge_use1-az5': 5, 'c5d.18xlarge_use1-az6': 30, 'c5d.24xlarge_use1-az2': 35, 'c5d.24xlarge_use1-az4': 25, 'c5d.24xlarge_use1-az6': 50, 'c5d.2xlarge_use1-az1': 15, 'c5d.2xlarge_use1-az2': 50, 'c5d.2xlarge_use1-az4': 50, 'c5d.2xlarge_use1-az5': 20, 'c5d.2xlarge_use1-az6': 50, 'c5d.4xlarge_use1-az1': 20, 'c5d.4xlarge_use1-az2': 50, 'c5d.4xlarge_use1-az4': 50, 'c5d.4xlarge_use1-az5': 25, 'c5d.4xlarge_use1-az6': 50, 'c5d.9xlarge_use1-az1': 10, 'c5d.9xlarge_use1-az2': 20, 'c5d.9xlarge_use1-az4': 50, 'c5d.9xlarge_use1-az5': 10, 'c5d.9xlarge_use1-az6': 25, 'c5d.large_use1-az1': 50, 'c5d.large_use1-az2': 50, 'c5d.large_use1-az4': 50, 'c5d.large_use1-az5': 35, 'c5d.large_use1-az6': 50, 'c5d.xlarge_use1-az1': 50, 'c5d.xlarge_use1-az2': 50, 'c5d.xlarge_use1-az4': 50, 'c5d.xlarge_use1-az5': 50, 'c5d.xlarge_use1-az6': 50, 'c5n.18xlarge_use1-az1': 30, 'c5n.18xlarge_use1-az2': 5, 'c5n.18xlarge_use1-az4': 10, 'c5n.2xlarge_use1-az1': 5, 'c5n.2xlarge_use1-az2': 10, 'c5n.2xlarge_use1-az4': 15, 'c5n.2xlarge_use1-az5': 10, 'c5n.2xlarge_use1-az6': 10, 'c5n.4xlarge_use1-az1': 5, 'c5n.4xlarge_use1-az2': 1, 'c5n.4xlarge_use1-az4': 5, 'c5n.4xlarge_use1-az6': 1, 'c5n.9xlarge_use1-az1': 10, 'c5n.9xlarge_use1-az2': 1, 'c5n.9xlarge_use1-az4': 5, 'c5n.large_use1-az1': 10, 'c5n.large_use1-az2': 10, 'c5n.large_use1-az4': 25, 'c5n.large_use1-az5': 5, 'c5n.large_use1-az6': 5, 'c5n.xlarge_use1-az1': 1, 'c5n.xlarge_use1-az2': 1, 'c5n.xlarge_use1-az4': 5, 'c5n.xlarge_use1-az5': 1, 'c5n.xlarge_use1-az6': 1, 'c6a.12xlarge_use1-az1': 5, 'c6a.12xlarge_use1-az2': 50, 'c6a.12xlarge_use1-az4': 50, 'c6a.12xlarge_use1-az5': 1, 'c6a.12xlarge_use1-az6': 15, 'c6a.16xlarge_use1-az1': 1, 'c6a.16xlarge_use1-az2': 5, 'c6a.16xlarge_use1-az4': 10, 'c6a.16xlarge_use1-az5': 1, 'c6a.16xlarge_use1-az6': 15, 'c6a.24xlarge_use1-az1': 1, 'c6a.24xlarge_use1-az2': 5, 'c6a.24xlarge_use1-az4': 5, 'c6a.24xlarge_use1-az5': 5, 'c6a.24xlarge_use1-az6': 20, 'c6a.2xlarge_use1-az1': 10, 'c6a.2xlarge_use1-az2': 40, 'c6a.2xlarge_use1-az4': 50, 'c6a.2xlarge_use1-az5': 10, 'c6a.2xlarge_use1-az6': 50, 'c6a.32xlarge_use1-az2': 1, 'c6a.32xlarge_use1-az4': 1, 'c6a.32xlarge_use1-az5': 1, 'c6a.32xlarge_use1-az6': 5, 'c6a.48xlarge_use1-az2': 1, 'c6a.48xlarge_use1-az4': 10, 'c6a.48xlarge_use1-az5': 5, 'c6a.48xlarge_use1-az6': 25, 'c6a.4xlarge_use1-az1': 15, 'c6a.4xlarge_use1-az2': 15, 'c6a.4xlarge_use1-az4': 30, 'c6a.4xlarge_use1-az5': 15, 'c6a.4xlarge_use1-az6': 50, 'c6a.8xlarge_use1-az1': 5, 'c6a.8xlarge_use1-az2': 50, 'c6a.8xlarge_use1-az4': 30, 'c6a.8xlarge_use1-az5': 25, 'c6a.8xlarge_use1-az6': 50, 'c6a.large_use1-az1': 45, 'c6a.large_use1-az2': 50, 'c6a.large_use1-az4': 50, 'c6a.large_use1-az5': 50, 'c6a.large_use1-az6': 20, 'c6a.xlarge_use1-az1': 15, 'c6a.xlarge_use1-az2': 25, 'c6a.xlarge_use1-az4': 25, 'c6a.xlarge_use1-az5': 15, 'c6a.xlarge_use1-az6': 25, 'c6g.12xlarge_use1-az1': 15, 'c6g.12xlarge_use1-az2': 25, 'c6g.12xlarge_use1-az4': 50, 'c6g.12xlarge_use1-az5': 5, 'c6g.12xlarge_use1-az6': 50, 'c6g.16xlarge_use1-az1': 1, 'c6g.16xlarge_use1-az2': 15, 'c6g.16xlarge_use1-az4': 50, 'c6g.16xlarge_use1-az5': 5, 'c6g.16xlarge_use1-az6': 50, 'c6g.2xlarge_use1-az1': 5, 'c6g.2xlarge_use1-az2': 50, 'c6g.2xlarge_use1-az4': 50, 'c6g.2xlarge_use1-az5': 15, 'c6g.2xlarge_use1-az6': 50, 'c6g.4xlarge_use1-az1': 50, 'c6g.4xlarge_use1-az2': 50, 'c6g.4xlarge_use1-az4': 50, 'c6g.4xlarge_use1-az5': 50, 'c6g.4xlarge_use1-az6': 50, 'c6g.8xlarge_use1-az1': 50, 'c6g.8xlarge_use1-az2': 50, 'c6g.8xlarge_use1-az4': 50, 'c6g.8xlarge_use1-az5': 50, 'c6g.8xlarge_use1-az6': 50, 'c6g.large_use1-az1': 5, 'c6g.large_use1-az2': 50, 'c6g.large_use1-az4': 50, 'c6g.large_use1-az5': 50, 'c6g.large_use1-az6': 50, 'c6g.xlarge_use1-az1': 30, 'c6g.xlarge_use1-az2': 50, 'c6g.xlarge_use1-az4': 50, 'c6g.xlarge_use1-az5': 10, 'c6g.xlarge_use1-az6': 50, 'c6gd.12xlarge_use1-az2': 50, 'c6gd.12xlarge_use1-az4': 30, 'c6gd.12xlarge_use1-az5': 1, 'c6gd.12xlarge_use1-az6': 50, 'c6gd.16xlarge_use1-az2': 50, 'c6gd.16xlarge_use1-az4': 30, 'c6gd.16xlarge_use1-az6': 50, 'c6gd.2xlarge_use1-az1': 15, 'c6gd.2xlarge_use1-az2': 50, 'c6gd.2xlarge_use1-az4': 50, 'c6gd.2xlarge_use1-az5': 1, 'c6gd.2xlarge_use1-az6': 50, 'c6gd.4xlarge_use1-az1': 20, 'c6gd.4xlarge_use1-az2': 50, 'c6gd.4xlarge_use1-az4': 50, 'c6gd.4xlarge_use1-az5': 10, 'c6gd.4xlarge_use1-az6': 50, 'c6gd.8xlarge_use1-az1': 25, 'c6gd.8xlarge_use1-az2': 45, 'c6gd.8xlarge_use1-az4': 45, 'c6gd.8xlarge_use1-az5': 1, 'c6gd.8xlarge_use1-az6': 50, 'c6gd.large_use1-az1': 50, 'c6gd.large_use1-az2': 5, 'c6gd.large_use1-az4': 20, 'c6gd.large_use1-az5': 1, 'c6gd.large_use1-az6': 50, 'c6gd.xlarge_use1-az1': 50, 'c6gd.xlarge_use1-az2': 1, 'c6gd.xlarge_use1-az4': 1, 'c6gd.xlarge_use1-az5': 50, 'c6gd.xlarge_use1-az6': 50, 'c6gn.12xlarge_use1-az2': 25, 'c6gn.12xlarge_use1-az4': 50, 'c6gn.12xlarge_use1-az5': 1, 'c6gn.16xlarge_use1-az1': 1, 'c6gn.16xlarge_use1-az2': 50, 'c6gn.16xlarge_use1-az4': 50, 'c6gn.16xlarge_use1-az5': 10, 'c6gn.2xlarge_use1-az1': 5, 'c6gn.2xlarge_use1-az2': 1, 'c6gn.2xlarge_use1-az4': 20, 'c6gn.2xlarge_use1-az5': 1, 'c6gn.4xlarge_use1-az1': 1, 'c6gn.4xlarge_use1-az2': 40, 'c6gn.4xlarge_use1-az4': 35, 'c6gn.4xlarge_use1-az5': 10, 'c6gn.8xlarge_use1-az1': 25, 'c6gn.8xlarge_use1-az2': 35, 'c6gn.8xlarge_use1-az4': 30, 'c6gn.8xlarge_use1-az5': 5, 'c6gn.8xlarge_use1-az6': 5, 'c6gn.large_use1-az1': 5, 'c6gn.large_use1-az2': 25, 'c6gn.large_use1-az4': 10, 'c6gn.large_use1-az5': 15, 'c6gn.large_use1-az6': 1, 'c6gn.xlarge_use1-az1': 5, 'c6gn.xlarge_use1-az2': 10, 'c6gn.xlarge_use1-az4': 15, 'c6gn.xlarge_use1-az5': 5, 'c6gn.xlarge_use1-az6': 1, 'c6i.12xlarge_use1-az1': 15, 'c6i.12xlarge_use1-az2': 15, 'c6i.12xlarge_use1-az4': 30, 'c6i.12xlarge_use1-az5': 5, 'c6i.12xlarge_use1-az6': 5, 'c6i.16xlarge_use1-az1': 5, 'c6i.16xlarge_use1-az2': 15, 'c6i.16xlarge_use1-az4': 25, 'c6i.16xlarge_use1-az5': 10, 'c6i.16xlarge_use1-az6': 30, 'c6i.24xlarge_use1-az1': 5, 'c6i.24xlarge_use1-az2': 5, 'c6i.24xlarge_use1-az4': 10, 'c6i.24xlarge_use1-az5': 1, 'c6i.24xlarge_use1-az6': 15, 'c6i.2xlarge_use1-az1': 20, 'c6i.2xlarge_use1-az2': 50, 'c6i.2xlarge_use1-az4': 50, 'c6i.2xlarge_use1-az5': 5, 'c6i.2xlarge_use1-az6': 50, 'c6i.32xlarge_use1-az1': 10, 'c6i.32xlarge_use1-az2': 5, 'c6i.32xlarge_use1-az4': 50, 'c6i.32xlarge_use1-az5': 1, 'c6i.32xlarge_use1-az6': 40, 'c6i.4xlarge_use1-az1': 10, 'c6i.4xlarge_use1-az2': 40, 'c6i.4xlarge_use1-az4': 50, 'c6i.4xlarge_use1-az5': 15, 'c6i.4xlarge_use1-az6': 50, 'c6i.8xlarge_use1-az1': 10, 'c6i.8xlarge_use1-az2': 45, 'c6i.8xlarge_use1-az4': 50, 'c6i.8xlarge_use1-az5': 10, 'c6i.8xlarge_use1-az6': 50, 'c6i.large_use1-az1': 10, 'c6i.large_use1-az2': 40, 'c6i.large_use1-az4': 30, 'c6i.large_use1-az5': 10, 'c6i.large_use1-az6': 50, 'c6i.xlarge_use1-az1': 50, 'c6i.xlarge_use1-az2': 45, 'c6i.xlarge_use1-az4': 35, 'c6i.xlarge_use1-az5': 10, 'c6i.xlarge_use1-az6': 50, 'c6id.12xlarge_use1-az1': 1, 'c6id.12xlarge_use1-az2': 1, 'c6id.12xlarge_use1-az4': 5, 'c6id.12xlarge_use1-az6': 5, 'c6id.16xlarge_use1-az1': 1, 'c6id.16xlarge_use1-az2': 5, 'c6id.16xlarge_use1-az4': 5, 'c6id.16xlarge_use1-az5': 1, 'c6id.16xlarge_use1-az6': 1, 'c6id.24xlarge_use1-az1': 5, 'c6id.24xlarge_use1-az2': 15, 'c6id.24xlarge_use1-az4': 5, 'c6id.24xlarge_use1-az5': 1, 'c6id.24xlarge_use1-az6': 10, 'c6id.2xlarge_use1-az1': 1, 'c6id.2xlarge_use1-az2': 1, 'c6id.2xlarge_use1-az4': 5, 'c6id.2xlarge_use1-az5': 5, 'c6id.2xlarge_use1-az6': 1, 'c6id.32xlarge_use1-az1': 1, 'c6id.32xlarge_use1-az2': 5, 'c6id.32xlarge_use1-az4': 10, 'c6id.32xlarge_use1-az5': 1, 'c6id.32xlarge_use1-az6': 5, 'c6id.4xlarge_use1-az1': 15, 'c6id.4xlarge_use1-az2': 10, 'c6id.4xlarge_use1-az4': 10, 'c6id.4xlarge_use1-az5': 1, 'c6id.4xlarge_use1-az6': 5, 'c6id.8xlarge_use1-az1': 5, 'c6id.8xlarge_use1-az2': 1, 'c6id.8xlarge_use1-az4': 5, 'c6id.8xlarge_use1-az5': 1, 'c6id.8xlarge_use1-az6': 1, 'c6id.large_use1-az1': 5, 'c6id.large_use1-az2': 5, 'c6id.large_use1-az4': 1, 'c6id.large_use1-az5': 5, 'c6id.large_use1-az6': 5, 'c6id.xlarge_use1-az1': 5, 'c6id.xlarge_use1-az2': 1, 'c6id.xlarge_use1-az4': 5, 'c6id.xlarge_use1-az5': 1, 'c6id.xlarge_use1-az6': 1, 'c6in.12xlarge_use1-az1': 1, 'c6in.12xlarge_use1-az6': 1, 'c6in.16xlarge_use1-az4': 1, 'c6in.24xlarge_use1-az6': 1, 'c6in.2xlarge_use1-az1': 1, 'c6in.2xlarge_use1-az2': 1, 'c6in.2xlarge_use1-az4': 1, 'c6in.2xlarge_use1-az6': 1, 'c6in.32xlarge_use1-az1': 1, 'c6in.32xlarge_use1-az6': 1, 'c6in.4xlarge_use1-az1': 5, 'c6in.4xlarge_use1-az2': 5, 'c6in.4xlarge_use1-az4': 5, 'c6in.4xlarge_use1-az6': 25, 'c6in.8xlarge_use1-az1': 1, 'c6in.8xlarge_use1-az6': 1, 'c6in.large_use1-az1': 5, 'c6in.large_use1-az2': 1, 'c6in.large_use1-az4': 1, 'c6in.large_use1-az5': 1, 'c6in.large_use1-az6': 5, 'c6in.xlarge_use1-az1': 20, 'c6in.xlarge_use1-az2': 1, 'c6in.xlarge_use1-az4': 1, 'c6in.xlarge_use1-az6': 10, 'c7a.12xlarge_use1-az1': 5, 'c7a.12xlarge_use1-az2': 5, 'c7a.12xlarge_use1-az4': 1, 'c7a.12xlarge_use1-az6': 15, 'c7a.16xlarge_use1-az1': 1, 'c7a.16xlarge_use1-az2': 1, 'c7a.16xlarge_use1-az6': 5, 'c7a.24xlarge_use1-az1': 1, 'c7a.24xlarge_use1-az2': 1, 'c7a.24xlarge_use1-az5': 1, 'c7a.24xlarge_use1-az6': 5, 'c7a.2xlarge_use1-az1': 1, 'c7a.2xlarge_use1-az2': 1, 'c7a.2xlarge_use1-az4': 25, 'c7a.2xlarge_use1-az5': 1, 'c7a.2xlarge_use1-az6': 10, 'c7a.32xlarge_use1-az1': 1, 'c7a.32xlarge_use1-az2': 1, 'c7a.32xlarge_use1-az6': 15, 'c7a.48xlarge_use1-az1': 1, 'c7a.48xlarge_use1-az2': 1, 'c7a.48xlarge_use1-az5': 1, 'c7a.48xlarge_use1-az6': 20, 'c7a.4xlarge_use1-az1': 5, 'c7a.4xlarge_use1-az2': 10, 'c7a.4xlarge_use1-az4': 5, 'c7a.4xlarge_use1-az5': 1, 'c7a.4xlarge_use1-az6': 50, 'c7a.8xlarge_use1-az1': 1, 'c7a.8xlarge_use1-az2': 1, 'c7a.8xlarge_use1-az4': 1, 'c7a.8xlarge_use1-az6': 10, 'c7a.large_use1-az1': 15, 'c7a.large_use1-az2': 25, 'c7a.large_use1-az4': 30, 'c7a.large_use1-az5': 10, 'c7a.large_use1-az6': 50, 'c7a.xlarge_use1-az1': 5, 'c7a.xlarge_use1-az2': 5, 'c7a.xlarge_use1-az4': 10, 'c7a.xlarge_use1-az5': 5, 'c7a.xlarge_use1-az6': 15, 'c7g.12xlarge_use1-az1': 15, 'c7g.12xlarge_use1-az2': 50, 'c7g.12xlarge_use1-az4': 15, 'c7g.12xlarge_use1-az5': 1, 'c7g.12xlarge_use1-az6': 50, 'c7g.16xlarge_use1-az1': 25, 'c7g.16xlarge_use1-az2': 40, 'c7g.16xlarge_use1-az4': 50, 'c7g.16xlarge_use1-az5': 10, 'c7g.16xlarge_use1-az6': 50, 'c7g.2xlarge_use1-az1': 50, 'c7g.2xlarge_use1-az2': 50, 'c7g.2xlarge_use1-az4': 50, 'c7g.2xlarge_use1-az5': 50, 'c7g.2xlarge_use1-az6': 50, 'c7g.4xlarge_use1-az1': 50, 'c7g.4xlarge_use1-az2': 50, 'c7g.4xlarge_use1-az4': 50, 'c7g.4xlarge_use1-az5': 50, 'c7g.4xlarge_use1-az6': 50, 'c7g.8xlarge_use1-az1': 50, 'c7g.8xlarge_use1-az2': 50, 'c7g.8xlarge_use1-az4': 50, 'c7g.8xlarge_use1-az5': 50, 'c7g.8xlarge_use1-az6': 50, 'c7g.large_use1-az1': 5, 'c7g.large_use1-az2': 45, 'c7g.large_use1-az4': 30, 'c7g.large_use1-az5': 10, 'c7g.large_use1-az6': 30, 'c7g.xlarge_use1-az1': 50, 'c7g.xlarge_use1-az2': 50, 'c7g.xlarge_use1-az4': 50, 'c7g.xlarge_use1-az5': 50, 'c7g.xlarge_use1-az6': 50, 'c7gd.12xlarge_use1-az1': 5, 'c7gd.12xlarge_use1-az2': 30, 'c7gd.12xlarge_use1-az4': 15, 'c7gd.12xlarge_use1-az5': 15, 'c7gd.12xlarge_use1-az6': 50, 'c7gd.16xlarge_use1-az1': 5, 'c7gd.16xlarge_use1-az2': 30, 'c7gd.16xlarge_use1-az4': 40, 'c7gd.16xlarge_use1-az5': 1, 'c7gd.16xlarge_use1-az6': 50, 'c7gd.2xlarge_use1-az1': 15, 'c7gd.2xlarge_use1-az2': 50, 'c7gd.2xlarge_use1-az4': 50, 'c7gd.2xlarge_use1-az5': 5, 'c7gd.2xlarge_use1-az6': 50, 'c7gd.4xlarge_use1-az1': 30, 'c7gd.4xlarge_use1-az2': 25, 'c7gd.4xlarge_use1-az4': 50, 'c7gd.4xlarge_use1-az5': 1, 'c7gd.4xlarge_use1-az6': 50, 'c7gd.8xlarge_use1-az1': 5, 'c7gd.8xlarge_use1-az2': 15, 'c7gd.8xlarge_use1-az4': 10, 'c7gd.8xlarge_use1-az5': 5, 'c7gd.8xlarge_use1-az6': 20, 'c7gd.large_use1-az1': 1, 'c7gd.large_use1-az2': 25, 'c7gd.large_use1-az4': 5, 'c7gd.large_use1-az5': 10, 'c7gd.large_use1-az6': 20, 'c7gd.xlarge_use1-az1': 15, 'c7gd.xlarge_use1-az2': 50, 'c7gd.xlarge_use1-az4': 5, 'c7gd.xlarge_use1-az5': 15, 'c7gd.xlarge_use1-az6': 25, 'c7gn.12xlarge_use1-az2': 1, 'c7gn.12xlarge_use1-az5': 1, 'c7gn.12xlarge_use1-az6': 1, 'c7gn.16xlarge_use1-az2': 5, 'c7gn.16xlarge_use1-az5': 5, 'c7gn.16xlarge_use1-az6': 20, 'c7gn.2xlarge_use1-az1': 1, 'c7gn.2xlarge_use1-az2': 1, 'c7gn.2xlarge_use1-az5': 1, 'c7gn.2xlarge_use1-az6': 5, 'c7gn.4xlarge_use1-az2': 50, 'c7gn.4xlarge_use1-az4': 1, 'c7gn.4xlarge_use1-az5': 1, 'c7gn.4xlarge_use1-az6': 50, 'c7gn.8xlarge_use1-az2': 1, 'c7gn.8xlarge_use1-az5': 1, 'c7gn.8xlarge_use1-az6': 5, 'c7gn.large_use1-az1': 1, 'c7gn.large_use1-az2': 10, 'c7gn.large_use1-az5': 10, 'c7gn.large_use1-az6': 10, 'c7gn.xlarge_use1-az1': 1, 'c7gn.xlarge_use1-az2': 5, 'c7gn.xlarge_use1-az5': 5, 'c7gn.xlarge_use1-az6': 5, 'c7i-flex.2xlarge_use1-az1': 50, 'c7i-flex.2xlarge_use1-az2': 50, 'c7i-flex.2xlarge_use1-az4': 50, 'c7i-flex.2xlarge_use1-az5': 15, 'c7i-flex.2xlarge_use1-az6': 50, 'c7i-flex.4xlarge_use1-az1': 1, 'c7i-flex.4xlarge_use1-az2': 1, 'c7i-flex.4xlarge_use1-az4': 1, 'c7i-flex.4xlarge_use1-az6': 5, 'c7i-flex.8xlarge_use1-az1': 1, 'c7i-flex.8xlarge_use1-az2': 1, 'c7i-flex.8xlarge_use1-az4': 1, 'c7i-flex.8xlarge_use1-az6': 5, 'c7i-flex.large_use1-az1': 40, 'c7i-flex.large_use1-az2': 50, 'c7i-flex.large_use1-az4': 10, 'c7i-flex.large_use1-az5': 1, 'c7i-flex.large_use1-az6': 50, 'c7i-flex.xlarge_use1-az1': 50, 'c7i-flex.xlarge_use1-az2': 50, 'c7i-flex.xlarge_use1-az4': 50, 'c7i-flex.xlarge_use1-az5': 5, 'c7i-flex.xlarge_use1-az6': 50, 'c7i.12xlarge_use1-az1': 5, 'c7i.12xlarge_use1-az2': 15, 'c7i.12xlarge_use1-az4': 15, 'c7i.12xlarge_use1-az6': 5, 'c7i.16xlarge_use1-az1': 1, 'c7i.16xlarge_use1-az2': 5, 'c7i.16xlarge_use1-az4': 1, 'c7i.16xlarge_use1-az6': 15, 'c7i.24xlarge_use1-az1': 5, 'c7i.24xlarge_use1-az2': 5, 'c7i.24xlarge_use1-az4': 5, 'c7i.24xlarge_use1-az5': 1, 'c7i.24xlarge_use1-az6': 15, 'c7i.2xlarge_use1-az1': 10, 'c7i.2xlarge_use1-az2': 10, 'c7i.2xlarge_use1-az4': 10, 'c7i.2xlarge_use1-az5': 5, 'c7i.2xlarge_use1-az6': 25, 'c7i.48xlarge_use1-az1': 10, 'c7i.48xlarge_use1-az2': 10, 'c7i.48xlarge_use1-az4': 5, 'c7i.48xlarge_use1-az5': 1, 'c7i.48xlarge_use1-az6': 50, 'c7i.4xlarge_use1-az1': 5, 'c7i.4xlarge_use1-az2': 5, 'c7i.4xlarge_use1-az4': 5, 'c7i.4xlarge_use1-az5': 1, 'c7i.4xlarge_use1-az6': 15, 'c7i.8xlarge_use1-az1': 1, 'c7i.8xlarge_use1-az2': 5, 'c7i.8xlarge_use1-az4': 5, 'c7i.8xlarge_use1-az6': 10, 'c7i.large_use1-az1': 45, 'c7i.large_use1-az2': 50, 'c7i.large_use1-az4': 50, 'c7i.large_use1-az5': 5, 'c7i.large_use1-az6': 50, 'c7i.xlarge_use1-az1': 5, 'c7i.xlarge_use1-az2': 10, 'c7i.xlarge_use1-az4': 5, 'c7i.xlarge_use1-az5': 1, 'c7i.xlarge_use1-az6': 5, 'c8g.12xlarge_use1-az1': 1, 'c8g.12xlarge_use1-az2': 5, 'c8g.12xlarge_use1-az4': 1, 'c8g.12xlarge_use1-az6': 25, 'c8g.16xlarge_use1-az1': 10, 'c8g.16xlarge_use1-az2': 5, 'c8g.16xlarge_use1-az4': 1, 'c8g.16xlarge_use1-az6': 50, 'c8g.24xlarge_use1-az1': 5, 'c8g.24xlarge_use1-az2': 10, 'c8g.24xlarge_use1-az4': 1, 'c8g.24xlarge_use1-az6': 25, 'c8g.2xlarge_use1-az1': 5, 'c8g.2xlarge_use1-az2': 5, 'c8g.2xlarge_use1-az4': 50, 'c8g.2xlarge_use1-az5': 1, 'c8g.2xlarge_use1-az6': 50, 'c8g.48xlarge_use1-az1': 1, 'c8g.48xlarge_use1-az2': 5, 'c8g.48xlarge_use1-az6': 50, 'c8g.4xlarge_use1-az1': 35, 'c8g.4xlarge_use1-az2': 15, 'c8g.4xlarge_use1-az4': 20, 'c8g.4xlarge_use1-az5': 10, 'c8g.4xlarge_use1-az6': 50, 'c8g.8xlarge_use1-az1': 1, 'c8g.8xlarge_use1-az2': 5, 'c8g.8xlarge_use1-az4': 5, 'c8g.8xlarge_use1-az6': 50, 'c8g.large_use1-az1': 5, 'c8g.large_use1-az2': 20, 'c8g.large_use1-az4': 5, 'c8g.large_use1-az5': 1, 'c8g.large_use1-az6': 40, 'c8g.metal-24xl_use1-az2': 1, 'c8g.metal-24xl_use1-az6': 20, 'c8g.metal-48xl_use1-az1': 1, 'c8g.metal-48xl_use1-az2': 1, 'c8g.metal-48xl_use1-az6': 50, 'c8g.xlarge_use1-az1': 5, 'c8g.xlarge_use1-az2': 30, 'c8g.xlarge_use1-az4': 5, 'c8g.xlarge_use1-az5': 1, 'c8g.xlarge_use1-az6': 50, 'c8gd.12xlarge_use1-az2': 5, 'c8gd.12xlarge_use1-az4': 5, 'c8gd.12xlarge_use1-az5': 1, 'c8gd.12xlarge_use1-az6': 5, 'c8gd.16xlarge_use1-az2': 10, 'c8gd.16xlarge_use1-az4': 10, 'c8gd.16xlarge_use1-az5': 5, 'c8gd.16xlarge_use1-az6': 50, 'c8gd.24xlarge_use1-az2': 1, 'c8gd.24xlarge_use1-az4': 5, 'c8gd.24xlarge_use1-az5': 1, 'c8gd.24xlarge_use1-az6': 5, 'c8gd.2xlarge_use1-az2': 50, 'c8gd.2xlarge_use1-az4': 50, 'c8gd.2xlarge_use1-az5': 10, 'c8gd.2xlarge_use1-az6': 50, 'c8gd.48xlarge_use1-az2': 1, 'c8gd.48xlarge_use1-az6': 15, 'c8gd.4xlarge_use1-az2': 10, 'c8gd.4xlarge_use1-az4': 30, 'c8gd.4xlarge_use1-az5': 1, 'c8gd.4xlarge_use1-az6': 50, 'c8gd.8xlarge_use1-az2': 1, 'c8gd.8xlarge_use1-az4': 1, 'c8gd.8xlarge_use1-az5': 1, 'c8gd.8xlarge_use1-az6': 5, 'c8gd.large_use1-az1': 1, 'c8gd.large_use1-az2': 40, 'c8gd.large_use1-az4': 35, 'c8gd.large_use1-az6': 50, 'c8gd.metal-24xl_use1-az2': 1, 'c8gd.metal-24xl_use1-az4': 1, 'c8gd.metal-24xl_use1-az5': 1, 'c8gd.metal-24xl_use1-az6': 5, 'c8gd.metal-48xl_use1-az2': 1, 'c8gd.metal-48xl_use1-az6': 1, 'c8gd.xlarge_use1-az1': 1, 'c8gd.xlarge_use1-az2': 20, 'c8gd.xlarge_use1-az4': 20, 'c8gd.xlarge_use1-az5': 15, 'c8gd.xlarge_use1-az6': 50, 'c8gn.2xlarge_use1-az2': 1, 'c8gn.2xlarge_use1-az4': 1, 'c8gn.2xlarge_use1-az6': 1, 'c8gn.4xlarge_use1-az2': 1, 'c8gn.4xlarge_use1-az5': 1, 'c8gn.8xlarge_use1-az2': 1, 'c8gn.8xlarge_use1-az6': 1, 'c8gn.large_use1-az6': 1, 'c8i-flex.12xlarge_use1-az6': 1, 'c8i-flex.16xlarge_use1-az6': 1, 'c8i-flex.2xlarge_use1-az2': 25, 'c8i-flex.2xlarge_use1-az4': 15, 'c8i-flex.2xlarge_use1-az6': 50, 'c8i-flex.4xlarge_use1-az2': 5, 'c8i-flex.4xlarge_use1-az4': 1, 'c8i-flex.4xlarge_use1-az6': 5, 'c8i-flex.8xlarge_use1-az6': 1, 'c8i-flex.large_use1-az4': 20, 'c8i-flex.xlarge_use1-az2': 40, 'c8i-flex.xlarge_use1-az4': 5, 'c8i-flex.xlarge_use1-az6': 50, 'c8i.12xlarge_use1-az2': 1, 'c8i.12xlarge_use1-az4': 1, 'c8i.12xlarge_use1-az6': 1, 'c8i.16xlarge_use1-az6': 1, 'c8i.24xlarge_use1-az6': 1, 'c8i.2xlarge_use1-az2': 10, 'c8i.2xlarge_use1-az4': 5, 'c8i.2xlarge_use1-az6': 20, 'c8i.32xlarge_use1-az2': 1, 'c8i.32xlarge_use1-az4': 1, 'c8i.32xlarge_use1-az6': 5, 'c8i.48xlarge_use1-az2': 1, 'c8i.48xlarge_use1-az6': 1, 'c8i.4xlarge_use1-az2': 5, 'c8i.4xlarge_use1-az4': 5, 'c8i.4xlarge_use1-az6': 5, 'c8i.8xlarge_use1-az2': 1, 'c8i.8xlarge_use1-az4': 1, 'c8i.8xlarge_use1-az6': 5, 'c8i.96xlarge_use1-az2': 1, 'c8i.96xlarge_use1-az6': 5, 'c8i.metal-48xl_use1-az2': 1, 'c8i.metal-96xl_use1-az2': 1, 'c8i.metal-96xl_use1-az6': 5, 'c8i.xlarge_use1-az2': 50, 'c8i.xlarge_use1-az4': 15, 'c8i.xlarge_use1-az6': 50, 'd2.2xlarge_use1-az1': 1, 'd2.2xlarge_use1-az6': 1, 'd2.4xlarge_use1-az2': 1, 'd2.4xlarge_use1-az6': 1, 'd2.xlarge_use1-az6': 1, 'd3.2xlarge_use1-az1': 15, 'd3.2xlarge_use1-az2': 45, 'd3.2xlarge_use1-az4': 40, 'd3.2xlarge_use1-az6': 35, 'd3.4xlarge_use1-az1': 1, 'd3.4xlarge_use1-az2': 5, 'd3.4xlarge_use1-az4': 15, 'd3.4xlarge_use1-az6': 5, 'd3.8xlarge_use1-az1': 1, 'd3.8xlarge_use1-az2': 40, 'd3.8xlarge_use1-az4': 35, 'd3.8xlarge_use1-az6': 20, 'd3.xlarge_use1-az1': 10, 'd3.xlarge_use1-az2': 50, 'd3.xlarge_use1-az4': 45, 'd3.xlarge_use1-az6': 25, 'd3en.12xlarge_use1-az1': 1, 'd3en.12xlarge_use1-az2': 10, 'd3en.12xlarge_use1-az4': 20, 'd3en.12xlarge_use1-az6': 50, 'd3en.2xlarge_use1-az1': 5, 'd3en.2xlarge_use1-az2': 25, 'd3en.2xlarge_use1-az4': 15, 'd3en.2xlarge_use1-az6': 50, 'd3en.4xlarge_use1-az1': 1, 'd3en.4xlarge_use1-az2': 5, 'd3en.4xlarge_use1-az4': 10, 'd3en.4xlarge_use1-az6': 50, 'd3en.6xlarge_use1-az1': 1, 'd3en.6xlarge_use1-az2': 5, 'd3en.6xlarge_use1-az4': 15, 'd3en.6xlarge_use1-az6': 50, 'd3en.8xlarge_use1-az1': 1, 'd3en.8xlarge_use1-az2': 15, 'd3en.8xlarge_use1-az4': 5, 'd3en.8xlarge_use1-az6': 50, 'd3en.xlarge_use1-az1': 5, 'd3en.xlarge_use1-az2': 50, 'd3en.xlarge_use1-az4': 30, 'd3en.xlarge_use1-az6': 50, 'f2.12xlarge_use1-az2': 1, 'f2.12xlarge_use1-az4': 1, 'f2.12xlarge_use1-az6': 1, 'f2.48xlarge_use1-az2': 5, 'f2.48xlarge_use1-az4': 5, 'f2.48xlarge_use1-az6': 1, 'g4ad.16xlarge_use1-az1': 5, 'g4ad.16xlarge_use1-az2': 5, 'g4ad.16xlarge_use1-az4': 5, 'g4ad.16xlarge_use1-az6': 10, 'g4ad.2xlarge_use1-az1': 5, 'g4ad.2xlarge_use1-az2': 10, 'g4ad.2xlarge_use1-az4': 10, 'g4ad.2xlarge_use1-az6': 10, 'g4ad.4xlarge_use1-az1': 10, 'g4ad.4xlarge_use1-az2': 15, 'g4ad.4xlarge_use1-az4': 15, 'g4ad.4xlarge_use1-az6': 5, 'g4ad.8xlarge_use1-az1': 1, 'g4ad.8xlarge_use1-az2': 5, 'g4ad.8xlarge_use1-az4': 5, 'g4ad.8xlarge_use1-az6': 5, 'g4ad.xlarge_use1-az1': 20, 'g4ad.xlarge_use1-az2': 20, 'g4ad.xlarge_use1-az4': 25, 'g4ad.xlarge_use1-az6': 20, 'g4dn.12xlarge_use1-az1': 5, 'g4dn.12xlarge_use1-az2': 15, 'g4dn.12xlarge_use1-az4': 15, 'g4dn.12xlarge_use1-az5': 15, 'g4dn.12xlarge_use1-az6': 50, 'g4dn.16xlarge_use1-az1': 1, 'g4dn.16xlarge_use1-az2': 10, 'g4dn.16xlarge_use1-az4': 1, 'g4dn.16xlarge_use1-az5': 5, 'g4dn.16xlarge_use1-az6': 15, 'g4dn.2xlarge_use1-az1': 45, 'g4dn.2xlarge_use1-az2': 50, 'g4dn.2xlarge_use1-az4': 50, 'g4dn.2xlarge_use1-az5': 50, 'g4dn.2xlarge_use1-az6': 50, 'g4dn.4xlarge_use1-az1': 5, 'g4dn.4xlarge_use1-az2': 40, 'g4dn.4xlarge_use1-az4': 25, 'g4dn.4xlarge_use1-az5': 40, 'g4dn.4xlarge_use1-az6': 40, 'g4dn.8xlarge_use1-az1': 1, 'g4dn.8xlarge_use1-az2': 1, 'g4dn.8xlarge_use1-az4': 10, 'g4dn.8xlarge_use1-az5': 1, 'g4dn.8xlarge_use1-az6': 5, 'g4dn.xlarge_use1-az1': 50, 'g4dn.xlarge_use1-az2': 50, 'g4dn.xlarge_use1-az4': 50, 'g4dn.xlarge_use1-az5': 50, 'g4dn.xlarge_use1-az6': 50, 'g5.12xlarge_use1-az2': 1, 'g5.12xlarge_use1-az5': 10, 'g5.12xlarge_use1-az6': 5, 'g5.16xlarge_use1-az1': 1, 'g5.16xlarge_use1-az2': 1, 'g5.16xlarge_use1-az4': 5, 'g5.16xlarge_use1-az5': 5, 'g5.16xlarge_use1-az6': 10, 'g5.24xlarge_use1-az1': 1, 'g5.24xlarge_use1-az2': 1, 'g5.24xlarge_use1-az4': 1, 'g5.24xlarge_use1-az5': 1, 'g5.24xlarge_use1-az6': 5, 'g5.2xlarge_use1-az1': 25, 'g5.2xlarge_use1-az2': 15, 'g5.2xlarge_use1-az4': 15, 'g5.2xlarge_use1-az5': 50, 'g5.2xlarge_use1-az6': 45, 'g5.48xlarge_use1-az2': 1, 'g5.48xlarge_use1-az5': 5, 'g5.48xlarge_use1-az6': 25, 'g5.4xlarge_use1-az1': 1, 'g5.4xlarge_use1-az2': 50, 'g5.4xlarge_use1-az4': 50, 'g5.4xlarge_use1-az5': 40, 'g5.4xlarge_use1-az6': 50, 'g5.8xlarge_use1-az1': 1, 'g5.8xlarge_use1-az2': 5, 'g5.8xlarge_use1-az4': 10, 'g5.8xlarge_use1-az5': 20, 'g5.8xlarge_use1-az6': 10, 'g5.xlarge_use1-az1': 25, 'g5.xlarge_use1-az2': 50, 'g5.xlarge_use1-az4': 50, 'g5.xlarge_use1-az5': 50, 'g5.xlarge_use1-az6': 50, 'g5g.16xlarge_use1-az1': 1, 'g5g.16xlarge_use1-az6': 5, 'g5g.4xlarge_use1-az6': 1, 'g5g.8xlarge_use1-az1': 1, 'g5g.8xlarge_use1-az4': 1, 'g5g.8xlarge_use1-az6': 1, 'g5g.xlarge_use1-az1': 1, 'g5g.xlarge_use1-az2': 1, 'g5g.xlarge_use1-az4': 1, 'g5g.xlarge_use1-az6': 5, 'g6.12xlarge_use1-az1': 5, 'g6.12xlarge_use1-az2': 1, 'g6.12xlarge_use1-az4': 30, 'g6.12xlarge_use1-az6': 50, 'g6.16xlarge_use1-az1': 1, 'g6.16xlarge_use1-az2': 1, 'g6.16xlarge_use1-az4': 1, 'g6.16xlarge_use1-az6': 5, 'g6.24xlarge_use1-az2': 1, 'g6.24xlarge_use1-az4': 1, 'g6.24xlarge_use1-az6': 1, 'g6.2xlarge_use1-az1': 10, 'g6.2xlarge_use1-az2': 25, 'g6.2xlarge_use1-az4': 50, 'g6.2xlarge_use1-az6': 50, 'g6.48xlarge_use1-az2': 5, 'g6.48xlarge_use1-az4': 30, 'g6.48xlarge_use1-az6': 50, 'g6.4xlarge_use1-az1': 5, 'g6.4xlarge_use1-az2': 10, 'g6.4xlarge_use1-az4': 35, 'g6.4xlarge_use1-az6': 50, 'g6.8xlarge_use1-az1': 5, 'g6.8xlarge_use1-az2': 5, 'g6.8xlarge_use1-az4': 10, 'g6.8xlarge_use1-az6': 15, 'g6.xlarge_use1-az1': 5, 'g6.xlarge_use1-az2': 5, 'g6.xlarge_use1-az4': 5, 'g6.xlarge_use1-az6': 5, 'g6e.16xlarge_use1-az1': 10, 'g6e.16xlarge_use1-az2': 15, 'g6e.16xlarge_use1-az4': 40, 'g6e.16xlarge_use1-az6': 20, 'g6e.2xlarge_use1-az1': 10, 'g6e.2xlarge_use1-az2': 1, 'g6e.2xlarge_use1-az4': 10, 'g6e.2xlarge_use1-az6': 5, 'g6e.48xlarge_use1-az4': 5, 'g6e.48xlarge_use1-az6': 1, 'g6e.4xlarge_use1-az1': 1, 'g6e.4xlarge_use1-az4': 5, 'g6e.4xlarge_use1-az6': 1, 'g6e.8xlarge_use1-az1': 1, 'g6e.8xlarge_use1-az2': 1, 'g6e.8xlarge_use1-az4': 1, 'g6e.8xlarge_use1-az6': 1, 'g6e.xlarge_use1-az1': 1, 'g6e.xlarge_use1-az6': 1, 'g6f.2xlarge_use1-az1': 1, 'g6f.2xlarge_use1-az4': 1, 'g6f.2xlarge_use1-az6': 5, 'g6f.4xlarge_use1-az1': 1, 'g6f.4xlarge_use1-az4': 1, 'g6f.4xlarge_use1-az6': 1, 'g6f.large_use1-az1': 10, 'g6f.large_use1-az2': 15, 'g6f.large_use1-az4': 40, 'g6f.large_use1-az6': 20, 'g6f.xlarge_use1-az1': 1, 'g6f.xlarge_use1-az2': 1, 'g6f.xlarge_use1-az4': 5, 'g6f.xlarge_use1-az6': 10, 'gr6.4xlarge_use1-az2': 1, 'gr6.4xlarge_use1-az4': 1, 'gr6.4xlarge_use1-az6': 1, 'gr6.8xlarge_use1-az1': 1, 'gr6.8xlarge_use1-az2': 1, 'gr6.8xlarge_use1-az4': 1, 'gr6.8xlarge_use1-az6': 1, 'i2.2xlarge_use1-az2': 10, 'i2.2xlarge_use1-az3': 5, 'i2.2xlarge_use1-az4': 10, 'i2.2xlarge_use1-az6': 5, 'i2.4xlarge_use1-az1': 1, 'i2.4xlarge_use1-az2': 10, 'i2.4xlarge_use1-az3': 1, 'i2.4xlarge_use1-az4': 10, 'i2.4xlarge_use1-az6': 5, 'i2.8xlarge_use1-az2': 1, 'i2.8xlarge_use1-az3': 1, 'i2.8xlarge_use1-az6': 1, 'i2.xlarge_use1-az1': 1, 'i2.xlarge_use1-az2': 15, 'i2.xlarge_use1-az3': 1, 'i2.xlarge_use1-az4': 20, 'i2.xlarge_use1-az6': 15, 'i3.16xlarge_use1-az1': 20, 'i3.16xlarge_use1-az2': 50, 'i3.16xlarge_use1-az3': 10, 'i3.16xlarge_use1-az4': 50, 'i3.16xlarge_use1-az5': 10, 'i3.16xlarge_use1-az6': 45, 'i3.2xlarge_use1-az1': 50, 'i3.2xlarge_use1-az2': 50, 'i3.2xlarge_use1-az3': 50, 'i3.2xlarge_use1-az4': 50, 'i3.2xlarge_use1-az5': 50, 'i3.2xlarge_use1-az6': 50, 'i3.4xlarge_use1-az1': 50, 'i3.4xlarge_use1-az2': 50, 'i3.4xlarge_use1-az3': 50, 'i3.4xlarge_use1-az4': 50, 'i3.4xlarge_use1-az5': 50, 'i3.4xlarge_use1-az6': 50, 'i3.8xlarge_use1-az1': 50, 'i3.8xlarge_use1-az2': 50, 'i3.8xlarge_use1-az3': 50, 'i3.8xlarge_use1-az4': 50, 'i3.8xlarge_use1-az5': 25, 'i3.8xlarge_use1-az6': 50, 'i3.large_use1-az1': 50, 'i3.large_use1-az2': 50, 'i3.large_use1-az3': 50, 'i3.large_use1-az4': 50, 'i3.large_use1-az5': 50, 'i3.large_use1-az6': 50, 'i3.xlarge_use1-az1': 50, 'i3.xlarge_use1-az2': 50, 'i3.xlarge_use1-az3': 50, 'i3.xlarge_use1-az4': 50, 'i3.xlarge_use1-az5': 50, 'i3.xlarge_use1-az6': 50, 'i3en.12xlarge_use1-az1': 1, 'i3en.12xlarge_use1-az2': 1, 'i3en.12xlarge_use1-az6': 50, 'i3en.24xlarge_use1-az6': 20, 'i3en.2xlarge_use1-az1': 50, 'i3en.2xlarge_use1-az2': 50, 'i3en.2xlarge_use1-az4': 30, 'i3en.2xlarge_use1-az5': 50, 'i3en.2xlarge_use1-az6': 50, 'i3en.3xlarge_use1-az1': 50, 'i3en.3xlarge_use1-az2': 50, 'i3en.3xlarge_use1-az4': 50, 'i3en.3xlarge_use1-az5': 50, 'i3en.3xlarge_use1-az6': 50, 'i3en.6xlarge_use1-az1': 10, 'i3en.6xlarge_use1-az2': 20, 'i3en.6xlarge_use1-az4': 10, 'i3en.6xlarge_use1-az6': 50, 'i3en.large_use1-az1': 50, 'i3en.large_use1-az2': 50, 'i3en.large_use1-az4': 45, 'i3en.large_use1-az5': 35, 'i3en.large_use1-az6': 50, 'i3en.xlarge_use1-az1': 50, 'i3en.xlarge_use1-az2': 50, 'i3en.xlarge_use1-az4': 50, 'i3en.xlarge_use1-az5': 50, 'i3en.xlarge_use1-az6': 50, 'i4g.16xlarge_use1-az2': 1, 'i4g.16xlarge_use1-az4': 1, 'i4g.16xlarge_use1-az5': 50, 'i4g.16xlarge_use1-az6': 50, 'i4g.2xlarge_use1-az2': 10, 'i4g.2xlarge_use1-az4': 15, 'i4g.2xlarge_use1-az5': 40, 'i4g.2xlarge_use1-az6': 50, 'i4g.4xlarge_use1-az2': 25, 'i4g.4xlarge_use1-az4': 30, 'i4g.4xlarge_use1-az5': 50, 'i4g.4xlarge_use1-az6': 50, 'i4g.8xlarge_use1-az5': 45, 'i4g.8xlarge_use1-az6': 15, 'i4g.large_use1-az1': 5, 'i4g.large_use1-az2': 5, 'i4g.large_use1-az4': 5, 'i4g.large_use1-az5': 25, 'i4g.large_use1-az6': 50, 'i4g.xlarge_use1-az2': 10, 'i4g.xlarge_use1-az4': 1, 'i4g.xlarge_use1-az5': 50, 'i4g.xlarge_use1-az6': 50, 'i4i.12xlarge_use1-az2': 5, 'i4i.16xlarge_use1-az1': 1, 'i4i.16xlarge_use1-az2': 1, 'i4i.16xlarge_use1-az4': 1, 'i4i.16xlarge_use1-az6': 1, 'i4i.24xlarge_use1-az2': 1, 'i4i.2xlarge_use1-az1': 15, 'i4i.2xlarge_use1-az2': 50, 'i4i.2xlarge_use1-az4': 50, 'i4i.2xlarge_use1-az5': 1, 'i4i.2xlarge_use1-az6': 50, 'i4i.4xlarge_use1-az1': 1, 'i4i.4xlarge_use1-az2': 35, 'i4i.4xlarge_use1-az4': 1, 'i4i.4xlarge_use1-az6': 15, 'i4i.8xlarge_use1-az1': 1, 'i4i.8xlarge_use1-az2': 40, 'i4i.8xlarge_use1-az6': 5, 'i4i.large_use1-az1': 50, 'i4i.large_use1-az2': 50, 'i4i.large_use1-az4': 50, 'i4i.large_use1-az5': 50, 'i4i.large_use1-az6': 50, 'i4i.xlarge_use1-az1': 50, 'i4i.xlarge_use1-az2': 50, 'i4i.xlarge_use1-az4': 50, 'i4i.xlarge_use1-az5': 50, 'i4i.xlarge_use1-az6': 50, 'i7i.12xlarge_use1-az1': 1, 'i7i.12xlarge_use1-az2': 1, 'i7i.12xlarge_use1-az4': 1, 'i7i.12xlarge_use1-az5': 1, 'i7i.12xlarge_use1-az6': 1, 'i7i.16xlarge_use1-az2': 1, 'i7i.16xlarge_use1-az4': 5, 'i7i.16xlarge_use1-az5': 1, 'i7i.16xlarge_use1-az6': 1, 'i7i.24xlarge_use1-az2': 1, 'i7i.24xlarge_use1-az4': 1, 'i7i.24xlarge_use1-az5': 1, 'i7i.24xlarge_use1-az6': 1, 'i7i.2xlarge_use1-az1': 1, 'i7i.2xlarge_use1-az2': 50, 'i7i.2xlarge_use1-az4': 45, 'i7i.2xlarge_use1-az5': 20, 'i7i.2xlarge_use1-az6': 10, 'i7i.48xlarge_use1-az2': 1, 'i7i.4xlarge_use1-az1': 1, 'i7i.4xlarge_use1-az2': 15, 'i7i.4xlarge_use1-az4': 20, 'i7i.4xlarge_use1-az5': 5, 'i7i.4xlarge_use1-az6': 20, 'i7i.8xlarge_use1-az1': 1, 'i7i.8xlarge_use1-az2': 1, 'i7i.8xlarge_use1-az4': 5, 'i7i.8xlarge_use1-az5': 1, 'i7i.8xlarge_use1-az6': 1, 'i7i.metal-24xl_use1-az2': 1, 'i7i.metal-24xl_use1-az4': 50, 'i7i.metal-24xl_use1-az6': 35, 'i7i.xlarge_use1-az1': 1, 'i7i.xlarge_use1-az6': 20, 'i7ie.12xlarge_use1-az1': 1, 'i7ie.12xlarge_use1-az4': 1, 'i7ie.12xlarge_use1-az6': 30, 'i7ie.18xlarge_use1-az4': 1, 'i7ie.18xlarge_use1-az6': 20, 'i7ie.24xlarge_use1-az1': 1, 'i7ie.24xlarge_use1-az2': 1, 'i7ie.24xlarge_use1-az4': 1, 'i7ie.24xlarge_use1-az6': 50, 'i7ie.2xlarge_use1-az1': 5, 'i7ie.2xlarge_use1-az2': 1, 'i7ie.2xlarge_use1-az4': 15, 'i7ie.2xlarge_use1-az6': 35, 'i7ie.3xlarge_use1-az1': 5, 'i7ie.3xlarge_use1-az2': 1, 'i7ie.3xlarge_use1-az4': 5, 'i7ie.3xlarge_use1-az6': 30, 'i7ie.48xlarge_use1-az6': 50, 'i7ie.6xlarge_use1-az1': 25, 'i7ie.6xlarge_use1-az4': 20, 'i7ie.6xlarge_use1-az6': 50, 'i7ie.large_use1-az1': 45, 'i7ie.large_use1-az2': 15, 'i7ie.large_use1-az4': 50, 'i7ie.large_use1-az6': 50, 'i7ie.metal-24xl_use1-az4': 1, 'i7ie.metal-24xl_use1-az6': 15, 'i7ie.metal-48xl_use1-az6': 10, 'i7ie.xlarge_use1-az1': 10, 'i7ie.xlarge_use1-az2': 25, 'i7ie.xlarge_use1-az4': 45, 'i7ie.xlarge_use1-az6': 50, 'i8g.12xlarge_use1-az6': 1, 'i8g.24xlarge_use1-az6': 10, 'i8g.2xlarge_use1-az2': 1, 'i8g.4xlarge_use1-az2': 1, 'i8g.8xlarge_use1-az6': 5, 'i8g.large_use1-az2': 10, 'i8g.large_use1-az6': 5, 'i8g.xlarge_use1-az2': 1, 'i8g.xlarge_use1-az4': 1, 'i8g.xlarge_use1-az6': 1, 'i8ge.12xlarge_use1-az4': 1, 'i8ge.12xlarge_use1-az6': 5, 'i8ge.18xlarge_use1-az2': 1, 'i8ge.18xlarge_use1-az4': 1, 'i8ge.18xlarge_use1-az6': 5, 'i8ge.24xlarge_use1-az4': 1, 'i8ge.24xlarge_use1-az6': 5, 'i8ge.2xlarge_use1-az4': 10, 'i8ge.3xlarge_use1-az2': 1, 'i8ge.3xlarge_use1-az4': 5, 'i8ge.48xlarge_use1-az4': 5, 'i8ge.6xlarge_use1-az2': 1, 'i8ge.6xlarge_use1-az4': 1, 'i8ge.large_use1-az2': 5, 'i8ge.large_use1-az4': 50, 'i8ge.metal-24xl_use1-az4': 1, 'i8ge.metal-48xl_use1-az6': 1, 'i8ge.xlarge_use1-az4': 20, 'im4gn.16xlarge_use1-az4': 45, 'im4gn.2xlarge_use1-az1': 10, 'im4gn.2xlarge_use1-az4': 20, 'im4gn.2xlarge_use1-az6': 15, 'im4gn.4xlarge_use1-az1': 5, 'im4gn.4xlarge_use1-az4': 15, 'im4gn.8xlarge_use1-az1': 1, 'im4gn.8xlarge_use1-az4': 5, 'im4gn.large_use1-az1': 35, 'im4gn.large_use1-az2': 10, 'im4gn.large_use1-az4': 50, 'im4gn.large_use1-az6': 10, 'im4gn.xlarge_use1-az1': 25, 'im4gn.xlarge_use1-az2': 50, 'im4gn.xlarge_use1-az4': 30, 'im4gn.xlarge_use1-az6': 40, 'inf1.24xlarge_use1-az1': 1, 'inf1.24xlarge_use1-az2': 1, 'inf1.24xlarge_use1-az4': 10, 'inf1.24xlarge_use1-az5': 5, 'inf1.24xlarge_use1-az6': 20, 'inf1.2xlarge_use1-az1': 15, 'inf1.2xlarge_use1-az2': 15, 'inf1.2xlarge_use1-az4': 30, 'inf1.2xlarge_use1-az5': 40, 'inf1.2xlarge_use1-az6': 40, 'inf1.6xlarge_use1-az1': 1, 'inf1.6xlarge_use1-az2': 1, 'inf1.6xlarge_use1-az4': 5, 'inf1.6xlarge_use1-az5': 5, 'inf1.6xlarge_use1-az6': 10, 'inf1.xlarge_use1-az1': 50, 'inf1.xlarge_use1-az2': 50, 'inf1.xlarge_use1-az4': 40, 'inf1.xlarge_use1-az5': 50, 'inf1.xlarge_use1-az6': 50, 'inf2.24xlarge_use1-az4': 1, 'inf2.24xlarge_use1-az6': 10, 'inf2.48xlarge_use1-az6': 15, 'inf2.8xlarge_use1-az2': 5, 'inf2.8xlarge_use1-az4': 5, 'inf2.8xlarge_use1-az5': 1, 'inf2.8xlarge_use1-az6': 1, 'inf2.xlarge_use1-az2': 5, 'inf2.xlarge_use1-az4': 1, 'inf2.xlarge_use1-az6': 50, 'is4gen.2xlarge_use1-az1': 1, 'is4gen.2xlarge_use1-az2': 50, 'is4gen.2xlarge_use1-az4': 50, 'is4gen.2xlarge_use1-az6': 50, 'is4gen.4xlarge_use1-az1': 1, 'is4gen.8xlarge_use1-az1': 1, 'is4gen.8xlarge_use1-az4': 1, 'is4gen.large_use1-az1': 5, 'is4gen.large_use1-az2': 1, 'is4gen.large_use1-az4': 10, 'is4gen.large_use1-az6': 15, 'is4gen.medium_use1-az1': 50, 'is4gen.medium_use1-az2': 25, 'is4gen.medium_use1-az4': 40, 'is4gen.medium_use1-az6': 30, 'is4gen.xlarge_use1-az1': 1, 'is4gen.xlarge_use1-az2': 1, 'is4gen.xlarge_use1-az4': 15, 'is4gen.xlarge_use1-az6': 1, 'm1.large_use1-az1': 5, 'm1.large_use1-az2': 25, 'm1.large_use1-az4': 20, 'm1.large_use1-az6': 15, 'm1.xlarge_use1-az1': 1, 'm1.xlarge_use1-az2': 10, 'm1.xlarge_use1-az4': 10, 'm1.xlarge_use1-az6': 10, 'm2.2xlarge_use1-az1': 5, 'm2.2xlarge_use1-az2': 10, 'm2.2xlarge_use1-az4': 15, 'm2.2xlarge_use1-az6': 5, 'm2.4xlarge_use1-az1': 1, 'm2.4xlarge_use1-az2': 5, 'm2.4xlarge_use1-az4': 5, 'm2.4xlarge_use1-az6': 5, 'm2.xlarge_use1-az1': 5, 'm2.xlarge_use1-az2': 20, 'm2.xlarge_use1-az4': 20, 'm2.xlarge_use1-az6': 15, 'm3.2xlarge_use1-az2': 25, 'm3.2xlarge_use1-az3': 1, 'm3.2xlarge_use1-az4': 40, 'm3.2xlarge_use1-az6': 45, 'm3.large_use1-az2': 50, 'm3.large_use1-az3': 1, 'm3.large_use1-az4': 50, 'm3.large_use1-az6': 50, 'm3.xlarge_use1-az2': 50, 'm3.xlarge_use1-az3': 1, 'm3.xlarge_use1-az4': 50, 'm3.xlarge_use1-az6': 50, 'm4.10xlarge_use1-az1': 5, 'm4.10xlarge_use1-az2': 10, 'm4.10xlarge_use1-az3': 1, 'm4.10xlarge_use1-az4': 50, 'm4.10xlarge_use1-az5': 1, 'm4.10xlarge_use1-az6': 50, 'm4.2xlarge_use1-az1': 5, 'm4.2xlarge_use1-az2': 20, 'm4.2xlarge_use1-az3': 50, 'm4.2xlarge_use1-az4': 20, 'm4.2xlarge_use1-az5': 1, 'm4.2xlarge_use1-az6': 25, 'm4.4xlarge_use1-az1': 50, 'm4.4xlarge_use1-az2': 50, 'm4.4xlarge_use1-az3': 50, 'm4.4xlarge_use1-az4': 25, 'm4.4xlarge_use1-az5': 10, 'm4.4xlarge_use1-az6': 15, 'm4.large_use1-az1': 30, 'm4.large_use1-az2': 50, 'm4.large_use1-az3': 25, 'm4.large_use1-az4': 50, 'm4.large_use1-az5': 10, 'm4.large_use1-az6': 50, 'm4.xlarge_use1-az1': 15, 'm4.xlarge_use1-az2': 50, 'm4.xlarge_use1-az3': 50, 'm4.xlarge_use1-az4': 50, 'm4.xlarge_use1-az5': 30, 'm4.xlarge_use1-az6': 50, 'm5.12xlarge_use1-az1': 5, 'm5.12xlarge_use1-az2': 25, 'm5.12xlarge_use1-az4': 50, 'm5.12xlarge_use1-az5': 1, 'm5.12xlarge_use1-az6': 40, 'm5.16xlarge_use1-az1': 10, 'm5.16xlarge_use1-az2': 50, 'm5.16xlarge_use1-az4': 50, 'm5.16xlarge_use1-az5': 1, 'm5.16xlarge_use1-az6': 50, 'm5.24xlarge_use1-az1': 5, 'm5.24xlarge_use1-az2': 5, 'm5.24xlarge_use1-az4': 5, 'm5.24xlarge_use1-az5': 1, 'm5.24xlarge_use1-az6': 35, 'm5.2xlarge_use1-az1': 50, 'm5.2xlarge_use1-az2': 50, 'm5.2xlarge_use1-az4': 50, 'm5.2xlarge_use1-az5': 50, 'm5.2xlarge_use1-az6': 50, 'm5.4xlarge_use1-az1': 50, 'm5.4xlarge_use1-az2': 50, 'm5.4xlarge_use1-az4': 50, 'm5.4xlarge_use1-az5': 10, 'm5.4xlarge_use1-az6': 50, 'm5.8xlarge_use1-az1': 50, 'm5.8xlarge_use1-az2': 40, 'm5.8xlarge_use1-az4': 50, 'm5.8xlarge_use1-az5': 1, 'm5.8xlarge_use1-az6': 50, 'm5.large_use1-az1': 50, 'm5.large_use1-az2': 50, 'm5.large_use1-az4': 50, 'm5.large_use1-az5': 50, 'm5.large_use1-az6': 50, 'm5.xlarge_use1-az1': 50, 'm5.xlarge_use1-az2': 50, 'm5.xlarge_use1-az4': 50, 'm5.xlarge_use1-az5': 50, 'm5.xlarge_use1-az6': 50, 'm5a.12xlarge_use1-az2': 1, 'm5a.12xlarge_use1-az4': 1, 'm5a.12xlarge_use1-az6': 1, 'm5a.16xlarge_use1-az2': 1, 'm5a.16xlarge_use1-az4': 1, 'm5a.16xlarge_use1-az6': 1, 'm5a.24xlarge_use1-az1': 1, 'm5a.24xlarge_use1-az2': 1, 'm5a.24xlarge_use1-az4': 1, 'm5a.24xlarge_use1-az5': 5, 'm5a.24xlarge_use1-az6': 5, 'm5a.2xlarge_use1-az1': 10, 'm5a.2xlarge_use1-az2': 25, 'm5a.2xlarge_use1-az4': 25, 'm5a.2xlarge_use1-az5': 5, 'm5a.2xlarge_use1-az6': 45, 'm5a.4xlarge_use1-az1': 5, 'm5a.4xlarge_use1-az2': 10, 'm5a.4xlarge_use1-az4': 5, 'm5a.4xlarge_use1-az5': 10, 'm5a.4xlarge_use1-az6': 15, 'm5a.8xlarge_use1-az1': 1, 'm5a.8xlarge_use1-az2': 20, 'm5a.8xlarge_use1-az4': 20, 'm5a.8xlarge_use1-az5': 1, 'm5a.8xlarge_use1-az6': 5, 'm5a.large_use1-az1': 50, 'm5a.large_use1-az2': 50, 'm5a.large_use1-az4': 50, 'm5a.large_use1-az5': 45, 'm5a.large_use1-az6': 50, 'm5a.xlarge_use1-az1': 10, 'm5a.xlarge_use1-az2': 30, 'm5a.xlarge_use1-az4': 10, 'm5a.xlarge_use1-az5': 20, 'm5a.xlarge_use1-az6': 50, 'm5ad.12xlarge_use1-az1': 1, 'm5ad.16xlarge_use1-az1': 1, 'm5ad.16xlarge_use1-az2': 1, 'm5ad.16xlarge_use1-az4': 1, 'm5ad.16xlarge_use1-az6': 1, 'm5ad.24xlarge_use1-az1': 5, 'm5ad.24xlarge_use1-az2': 1, 'm5ad.24xlarge_use1-az4': 1, 'm5ad.24xlarge_use1-az6': 5, 'm5ad.2xlarge_use1-az1': 1, 'm5ad.2xlarge_use1-az2': 1, 'm5ad.2xlarge_use1-az4': 5, 'm5ad.2xlarge_use1-az6': 1, 'm5ad.4xlarge_use1-az1': 1, 'm5ad.4xlarge_use1-az2': 1, 'm5ad.4xlarge_use1-az4': 1, 'm5ad.4xlarge_use1-az6': 1, 'm5ad.8xlarge_use1-az2': 1, 'm5ad.large_use1-az1': 10, 'm5ad.large_use1-az2': 5, 'm5ad.large_use1-az4': 10, 'm5ad.large_use1-az5': 1, 'm5ad.large_use1-az6': 10, 'm5ad.xlarge_use1-az1': 1, 'm5ad.xlarge_use1-az2': 10, 'm5ad.xlarge_use1-az4': 5, 'm5ad.xlarge_use1-az6': 5, 'm5d.12xlarge_use1-az1': 1, 'm5d.12xlarge_use1-az2': 25, 'm5d.12xlarge_use1-az4': 30, 'm5d.12xlarge_use1-az6': 15, 'm5d.16xlarge_use1-az1': 5, 'm5d.16xlarge_use1-az2': 35, 'm5d.16xlarge_use1-az4': 20, 'm5d.16xlarge_use1-az5': 1, 'm5d.16xlarge_use1-az6': 50, 'm5d.24xlarge_use1-az1': 20, 'm5d.24xlarge_use1-az2': 15, 'm5d.24xlarge_use1-az4': 5, 'm5d.24xlarge_use1-az5': 1, 'm5d.24xlarge_use1-az6': 50, 'm5d.2xlarge_use1-az1': 5, 'm5d.2xlarge_use1-az2': 25, 'm5d.2xlarge_use1-az4': 25, 'm5d.2xlarge_use1-az6': 30, 'm5d.4xlarge_use1-az1': 5, 'm5d.4xlarge_use1-az2': 15, 'm5d.4xlarge_use1-az4': 25, 'm5d.4xlarge_use1-az6': 25, 'm5d.8xlarge_use1-az1': 1, 'm5d.8xlarge_use1-az2': 25, 'm5d.8xlarge_use1-az4': 10, 'm5d.8xlarge_use1-az5': 1, 'm5d.8xlarge_use1-az6': 10, 'm5d.large_use1-az1': 5, 'm5d.large_use1-az2': 50, 'm5d.large_use1-az4': 50, 'm5d.large_use1-az6': 50, 'm5d.xlarge_use1-az1': 50, 'm5d.xlarge_use1-az2': 50, 'm5d.xlarge_use1-az4': 50, 'm5d.xlarge_use1-az5': 1, 'm5d.xlarge_use1-az6': 50, 'm5dn.12xlarge_use1-az1': 1, 'm5dn.12xlarge_use1-az4': 1, 'm5dn.12xlarge_use1-az6': 1, 'm5dn.16xlarge_use1-az1': 1, 'm5dn.16xlarge_use1-az2': 5, 'm5dn.16xlarge_use1-az4': 1, 'm5dn.16xlarge_use1-az6': 1, 'm5dn.24xlarge_use1-az1': 1, 'm5dn.24xlarge_use1-az2': 1, 'm5dn.24xlarge_use1-az4': 1, 'm5dn.24xlarge_use1-az6': 5, 'm5dn.2xlarge_use1-az1': 10, 'm5dn.2xlarge_use1-az2': 5, 'm5dn.2xlarge_use1-az4': 5, 'm5dn.2xlarge_use1-az5': 1, 'm5dn.2xlarge_use1-az6': 15, 'm5dn.4xlarge_use1-az1': 5, 'm5dn.4xlarge_use1-az2': 5, 'm5dn.4xlarge_use1-az4': 1, 'm5dn.4xlarge_use1-az5': 1, 'm5dn.4xlarge_use1-az6': 5, 'm5dn.8xlarge_use1-az2': 1, 'm5dn.8xlarge_use1-az6': 1, 'm5dn.large_use1-az1': 35, 'm5dn.large_use1-az2': 30, 'm5dn.large_use1-az4': 40, 'm5dn.large_use1-az5': 15, 'm5dn.large_use1-az6': 50, 'm5dn.xlarge_use1-az1': 10, 'm5dn.xlarge_use1-az2': 25, 'm5dn.xlarge_use1-az4': 20, 'm5dn.xlarge_use1-az5': 1, 'm5dn.xlarge_use1-az6': 30, 'm5n.12xlarge_use1-az1': 1, 'm5n.12xlarge_use1-az2': 1, 'm5n.12xlarge_use1-az4': 1, 'm5n.12xlarge_use1-az5': 1, 'm5n.12xlarge_use1-az6': 1, 'm5n.16xlarge_use1-az2': 1, 'm5n.16xlarge_use1-az4': 1, 'm5n.16xlarge_use1-az6': 1, 'm5n.24xlarge_use1-az2': 1, 'm5n.24xlarge_use1-az4': 1, 'm5n.24xlarge_use1-az6': 1, 'm5n.2xlarge_use1-az1': 15, 'm5n.2xlarge_use1-az2': 25, 'm5n.2xlarge_use1-az4': 30, 'm5n.2xlarge_use1-az5': 5, 'm5n.2xlarge_use1-az6': 25, 'm5n.4xlarge_use1-az1': 25, 'm5n.4xlarge_use1-az2': 35, 'm5n.4xlarge_use1-az4': 50, 'm5n.4xlarge_use1-az5': 5, 'm5n.4xlarge_use1-az6': 10, 'm5n.8xlarge_use1-az1': 1, 'm5n.8xlarge_use1-az2': 1, 'm5n.8xlarge_use1-az4': 1, 'm5n.8xlarge_use1-az6': 5, 'm5n.large_use1-az1': 5, 'm5n.large_use1-az2': 15, 'm5n.large_use1-az4': 5, 'm5n.large_use1-az5': 5, 'm5n.large_use1-az6': 15, 'm5n.xlarge_use1-az1': 20, 'm5n.xlarge_use1-az2': 50, 'm5n.xlarge_use1-az4': 50, 'm5n.xlarge_use1-az5': 1, 'm5n.xlarge_use1-az6': 50, 'm5zn.12xlarge_use1-az2': 1, 'm5zn.12xlarge_use1-az4': 10, 'm5zn.12xlarge_use1-az5': 1, 'm5zn.12xlarge_use1-az6': 5, 'm5zn.2xlarge_use1-az1': 1, 'm5zn.2xlarge_use1-az2': 1, 'm5zn.2xlarge_use1-az4': 25, 'm5zn.2xlarge_use1-az5': 1, 'm5zn.2xlarge_use1-az6': 5, 'm5zn.3xlarge_use1-az1': 1, 'm5zn.3xlarge_use1-az2': 1, 'm5zn.3xlarge_use1-az4': 5, 'm5zn.3xlarge_use1-az6': 5, 'm5zn.6xlarge_use1-az4': 1, 'm5zn.6xlarge_use1-az6': 1, 'm5zn.large_use1-az1': 5, 'm5zn.large_use1-az2': 5, 'm5zn.large_use1-az4': 30, 'm5zn.large_use1-az5': 15, 'm5zn.large_use1-az6': 20, 'm5zn.xlarge_use1-az1': 1, 'm5zn.xlarge_use1-az2': 1, 'm5zn.xlarge_use1-az4': 20, 'm5zn.xlarge_use1-az5': 5, 'm5zn.xlarge_use1-az6': 5, 'm6a.12xlarge_use1-az1': 5, 'm6a.12xlarge_use1-az2': 5, 'm6a.12xlarge_use1-az4': 15, 'm6a.12xlarge_use1-az6': 10, 'm6a.16xlarge_use1-az1': 5, 'm6a.16xlarge_use1-az2': 5, 'm6a.16xlarge_use1-az4': 5, 'm6a.16xlarge_use1-az6': 5, 'm6a.24xlarge_use1-az1': 1, 'm6a.24xlarge_use1-az2': 1, 'm6a.24xlarge_use1-az4': 1, 'm6a.24xlarge_use1-az6': 1, 'm6a.2xlarge_use1-az1': 50, 'm6a.2xlarge_use1-az2': 35, 'm6a.2xlarge_use1-az4': 45, 'm6a.2xlarge_use1-az5': 15, 'm6a.2xlarge_use1-az6': 50, 'm6a.32xlarge_use1-az2': 1, 'm6a.32xlarge_use1-az4': 1, 'm6a.32xlarge_use1-az5': 1, 'm6a.32xlarge_use1-az6': 1, 'm6a.48xlarge_use1-az2': 1, 'm6a.48xlarge_use1-az4': 1, 'm6a.48xlarge_use1-az6': 1, 'm6a.4xlarge_use1-az1': 45, 'm6a.4xlarge_use1-az2': 40, 'm6a.4xlarge_use1-az4': 25, 'm6a.4xlarge_use1-az5': 5, 'm6a.4xlarge_use1-az6': 50, 'm6a.8xlarge_use1-az1': 25, 'm6a.8xlarge_use1-az2': 15, 'm6a.8xlarge_use1-az4': 50, 'm6a.8xlarge_use1-az5': 10, 'm6a.8xlarge_use1-az6': 50, 'm6a.large_use1-az1': 50, 'm6a.large_use1-az2': 50, 'm6a.large_use1-az4': 50, 'm6a.large_use1-az5': 30, 'm6a.large_use1-az6': 50, 'm6a.xlarge_use1-az1': 50, 'm6a.xlarge_use1-az2': 50, 'm6a.xlarge_use1-az4': 50, 'm6a.xlarge_use1-az5': 35, 'm6a.xlarge_use1-az6': 50, 'm6g.12xlarge_use1-az1': 1, 'm6g.12xlarge_use1-az2': 5, 'm6g.12xlarge_use1-az4': 50, 'm6g.12xlarge_use1-az6': 50, 'm6g.16xlarge_use1-az1': 1, 'm6g.16xlarge_use1-az2': 5, 'm6g.16xlarge_use1-az4': 25, 'm6g.16xlarge_use1-az6': 50, 'm6g.2xlarge_use1-az1': 15, 'm6g.2xlarge_use1-az2': 50, 'm6g.2xlarge_use1-az4': 50, 'm6g.2xlarge_use1-az5': 5, 'm6g.2xlarge_use1-az6': 50, 'm6g.4xlarge_use1-az1': 10, 'm6g.4xlarge_use1-az2': 50, 'm6g.4xlarge_use1-az4': 50, 'm6g.4xlarge_use1-az5': 10, 'm6g.4xlarge_use1-az6': 50, 'm6g.8xlarge_use1-az1': 5, 'm6g.8xlarge_use1-az2': 50, 'm6g.8xlarge_use1-az4': 50, 'm6g.8xlarge_use1-az6': 50, 'm6g.large_use1-az1': 1, 'm6g.large_use1-az2': 50, 'm6g.large_use1-az4': 50, 'm6g.large_use1-az5': 5, 'm6g.large_use1-az6': 50, 'm6g.medium_use1-az1': 5, 'm6g.medium_use1-az2': 5, 'm6g.medium_use1-az4': 10, 'm6g.medium_use1-az5': 1, 'm6g.medium_use1-az6': 15, 'm6g.xlarge_use1-az1': 50, 'm6g.xlarge_use1-az2': 50, 'm6g.xlarge_use1-az4': 50, 'm6g.xlarge_use1-az5': 50, 'm6g.xlarge_use1-az6': 50, 'm6gd.12xlarge_use1-az1': 10, 'm6gd.12xlarge_use1-az2': 40, 'm6gd.12xlarge_use1-az4': 20, 'm6gd.12xlarge_use1-az5': 5, 'm6gd.12xlarge_use1-az6': 50, 'm6gd.16xlarge_use1-az1': 5, 'm6gd.16xlarge_use1-az2': 10, 'm6gd.16xlarge_use1-az4': 10, 'm6gd.16xlarge_use1-az5': 10, 'm6gd.16xlarge_use1-az6': 35, 'm6gd.2xlarge_use1-az1': 1, 'm6gd.2xlarge_use1-az2': 50, 'm6gd.2xlarge_use1-az4': 45, 'm6gd.2xlarge_use1-az5': 1, 'm6gd.2xlarge_use1-az6': 5, 'm6gd.4xlarge_use1-az1': 1, 'm6gd.4xlarge_use1-az2': 5, 'm6gd.4xlarge_use1-az4': 5, 'm6gd.4xlarge_use1-az5': 1, 'm6gd.4xlarge_use1-az6': 15, 'm6gd.8xlarge_use1-az1': 5, 'm6gd.8xlarge_use1-az2': 10, 'm6gd.8xlarge_use1-az4': 15, 'm6gd.8xlarge_use1-az5': 1, 'm6gd.8xlarge_use1-az6': 20, 'm6gd.large_use1-az1': 1, 'm6gd.large_use1-az2': 5, 'm6gd.large_use1-az4': 5, 'm6gd.large_use1-az5': 1, 'm6gd.large_use1-az6': 15, 'm6gd.medium_use1-az1': 1, 'm6gd.medium_use1-az2': 1, 'm6gd.medium_use1-az4': 1, 'm6gd.medium_use1-az5': 5, 'm6gd.medium_use1-az6': 1, 'm6gd.xlarge_use1-az1': 1, 'm6gd.xlarge_use1-az2': 10, 'm6gd.xlarge_use1-az4': 35, 'm6gd.xlarge_use1-az5': 1, 'm6gd.xlarge_use1-az6': 15, 'm6i.12xlarge_use1-az1': 1, 'm6i.12xlarge_use1-az2': 10, 'm6i.12xlarge_use1-az4': 50, 'm6i.12xlarge_use1-az5': 1, 'm6i.12xlarge_use1-az6': 30, 'm6i.16xlarge_use1-az1': 1, 'm6i.16xlarge_use1-az2': 10, 'm6i.16xlarge_use1-az4': 5, 'm6i.16xlarge_use1-az5': 1, 'm6i.16xlarge_use1-az6': 10, 'm6i.24xlarge_use1-az2': 10, 'm6i.24xlarge_use1-az4': 5, 'm6i.24xlarge_use1-az5': 1, 'm6i.24xlarge_use1-az6': 50, 'm6i.2xlarge_use1-az1': 25, 'm6i.2xlarge_use1-az2': 50, 'm6i.2xlarge_use1-az4': 50, 'm6i.2xlarge_use1-az5': 25, 'm6i.2xlarge_use1-az6': 50, 'm6i.32xlarge_use1-az2': 1, 'm6i.32xlarge_use1-az4': 5, 'm6i.32xlarge_use1-az5': 1, 'm6i.32xlarge_use1-az6': 15, 'm6i.4xlarge_use1-az1': 15, 'm6i.4xlarge_use1-az2': 50, 'm6i.4xlarge_use1-az4': 50, 'm6i.4xlarge_use1-az5': 50, 'm6i.4xlarge_use1-az6': 50, 'm6i.8xlarge_use1-az1': 1, 'm6i.8xlarge_use1-az2': 50, 'm6i.8xlarge_use1-az4': 50, 'm6i.8xlarge_use1-az5': 20, 'm6i.8xlarge_use1-az6': 50, 'm6i.large_use1-az1': 25, 'm6i.large_use1-az2': 50, 'm6i.large_use1-az4': 50, 'm6i.large_use1-az5': 50, 'm6i.large_use1-az6': 50, 'm6i.xlarge_use1-az1': 45, 'm6i.xlarge_use1-az2': 50, 'm6i.xlarge_use1-az4': 50, 'm6i.xlarge_use1-az5': 25, 'm6i.xlarge_use1-az6': 50, 'm6id.12xlarge_use1-az1': 1, 'm6id.12xlarge_use1-az2': 1, 'm6id.12xlarge_use1-az4': 1, 'm6id.12xlarge_use1-az6': 1, 'm6id.16xlarge_use1-az1': 1, 'm6id.16xlarge_use1-az2': 1, 'm6id.16xlarge_use1-az4': 1, 'm6id.16xlarge_use1-az6': 1, 'm6id.24xlarge_use1-az1': 10, 'm6id.24xlarge_use1-az2': 15, 'm6id.24xlarge_use1-az4': 35, 'm6id.24xlarge_use1-az5': 5, 'm6id.24xlarge_use1-az6': 15, 'm6id.2xlarge_use1-az1': 5, 'm6id.2xlarge_use1-az2': 5, 'm6id.2xlarge_use1-az4': 5, 'm6id.2xlarge_use1-az5': 1, 'm6id.2xlarge_use1-az6': 5, 'm6id.32xlarge_use1-az1': 10, 'm6id.32xlarge_use1-az2': 15, 'm6id.32xlarge_use1-az4': 5, 'm6id.32xlarge_use1-az5': 1, 'm6id.32xlarge_use1-az6': 50, 'm6id.4xlarge_use1-az1': 15, 'm6id.4xlarge_use1-az2': 10, 'm6id.4xlarge_use1-az4': 5, 'm6id.4xlarge_use1-az5': 1, 'm6id.4xlarge_use1-az6': 10, 'm6id.8xlarge_use1-az1': 1, 'm6id.8xlarge_use1-az4': 5, 'm6id.8xlarge_use1-az5': 1, 'm6id.8xlarge_use1-az6': 1, 'm6id.large_use1-az1': 30, 'm6id.large_use1-az2': 35, 'm6id.large_use1-az4': 15, 'm6id.large_use1-az5': 5, 'm6id.large_use1-az6': 50, 'm6id.xlarge_use1-az1': 20, 'm6id.xlarge_use1-az2': 45, 'm6id.xlarge_use1-az4': 15, 'm6id.xlarge_use1-az5': 5, 'm6id.xlarge_use1-az6': 25, 'm6idn.12xlarge_use1-az2': 1, 'm6idn.16xlarge_use1-az4': 1, 'm6idn.24xlarge_use1-az1': 1, 'm6idn.24xlarge_use1-az2': 1, 'm6idn.24xlarge_use1-az4': 1, 'm6idn.2xlarge_use1-az1': 5, 'm6idn.2xlarge_use1-az2': 10, 'm6idn.2xlarge_use1-az4': 5, 'm6idn.2xlarge_use1-az5': 1, 'm6idn.2xlarge_use1-az6': 5, 'm6idn.32xlarge_use1-az2': 1, 'm6idn.4xlarge_use1-az1': 30, 'm6idn.4xlarge_use1-az2': 10, 'm6idn.4xlarge_use1-az4': 5, 'm6idn.4xlarge_use1-az5': 5, 'm6idn.4xlarge_use1-az6': 5, 'm6idn.large_use1-az1': 25, 'm6idn.large_use1-az2': 35, 'm6idn.large_use1-az4': 15, 'm6idn.large_use1-az5': 10, 'm6idn.large_use1-az6': 10, 'm6idn.xlarge_use1-az1': 15, 'm6idn.xlarge_use1-az2': 50, 'm6idn.xlarge_use1-az4': 20, 'm6idn.xlarge_use1-az5': 5, 'm6idn.xlarge_use1-az6': 10, 'm6in.12xlarge_use1-az4': 1, 'm6in.16xlarge_use1-az2': 1, 'm6in.16xlarge_use1-az4': 1, 'm6in.24xlarge_use1-az1': 1, 'm6in.24xlarge_use1-az2': 1, 'm6in.2xlarge_use1-az1': 10, 'm6in.2xlarge_use1-az2': 20, 'm6in.2xlarge_use1-az4': 10, 'm6in.2xlarge_use1-az5': 1, 'm6in.2xlarge_use1-az6': 5, 'm6in.4xlarge_use1-az1': 1, 'm6in.4xlarge_use1-az2': 1, 'm6in.4xlarge_use1-az5': 1, 'm6in.8xlarge_use1-az1': 1, 'm6in.8xlarge_use1-az2': 1, 'm6in.8xlarge_use1-az4': 1, 'm6in.large_use1-az1': 5, 'm6in.large_use1-az2': 10, 'm6in.large_use1-az4': 5, 'm6in.large_use1-az5': 1, 'm6in.large_use1-az6': 1, 'm6in.xlarge_use1-az1': 5, 'm6in.xlarge_use1-az2': 10, 'm6in.xlarge_use1-az4': 1, 'm7a.12xlarge_use1-az2': 1, 'm7a.12xlarge_use1-az6': 20, 'm7a.16xlarge_use1-az2': 1, 'm7a.16xlarge_use1-az6': 40, 'm7a.24xlarge_use1-az2': 1, 'm7a.24xlarge_use1-az6': 50, 'm7a.2xlarge_use1-az1': 5, 'm7a.2xlarge_use1-az2': 15, 'm7a.2xlarge_use1-az4': 10, 'm7a.2xlarge_use1-az6': 50, 'm7a.32xlarge_use1-az6': 20, 'm7a.48xlarge_use1-az6': 40, 'm7a.4xlarge_use1-az1': 10, 'm7a.4xlarge_use1-az2': 5, 'm7a.4xlarge_use1-az4': 10, 'm7a.4xlarge_use1-az6': 25, 'm7a.8xlarge_use1-az1': 1, 'm7a.8xlarge_use1-az2': 5, 'm7a.8xlarge_use1-az4': 1, 'm7a.8xlarge_use1-az6': 50, 'm7a.large_use1-az1': 15, 'm7a.large_use1-az2': 50, 'm7a.large_use1-az4': 50, 'm7a.large_use1-az5': 5, 'm7a.large_use1-az6': 50, 'm7a.medium_use1-az1': 10, 'm7a.medium_use1-az2': 50, 'm7a.medium_use1-az4': 50, 'm7a.medium_use1-az6': 50, 'm7a.xlarge_use1-az1': 5, 'm7a.xlarge_use1-az2': 40, 'm7a.xlarge_use1-az4': 50, 'm7a.xlarge_use1-az6': 50, 'm7g.12xlarge_use1-az1': 1, 'm7g.12xlarge_use1-az2': 10, 'm7g.12xlarge_use1-az4': 45, 'm7g.12xlarge_use1-az5': 1, 'm7g.12xlarge_use1-az6': 50, 'm7g.16xlarge_use1-az1': 1, 'm7g.16xlarge_use1-az2': 30, 'm7g.16xlarge_use1-az4': 35, 'm7g.16xlarge_use1-az5': 1, 'm7g.16xlarge_use1-az6': 50, 'm7g.2xlarge_use1-az1': 35, 'm7g.2xlarge_use1-az2': 50, 'm7g.2xlarge_use1-az4': 50, 'm7g.2xlarge_use1-az5': 15, 'm7g.2xlarge_use1-az6': 50, 'm7g.4xlarge_use1-az1': 10, 'm7g.4xlarge_use1-az2': 30, 'm7g.4xlarge_use1-az4': 50, 'm7g.4xlarge_use1-az5': 10, 'm7g.4xlarge_use1-az6': 50, 'm7g.8xlarge_use1-az1': 1, 'm7g.8xlarge_use1-az2': 15, 'm7g.8xlarge_use1-az4': 40, 'm7g.8xlarge_use1-az5': 1, 'm7g.8xlarge_use1-az6': 50, 'm7g.large_use1-az1': 10, 'm7g.large_use1-az2': 50, 'm7g.large_use1-az4': 50, 'm7g.large_use1-az5': 30, 'm7g.large_use1-az6': 50, 'm7g.medium_use1-az1': 30, 'm7g.medium_use1-az2': 40, 'm7g.medium_use1-az4': 50, 'm7g.medium_use1-az5': 35, 'm7g.medium_use1-az6': 50, 'm7g.metal_use1-az1': 1, 'm7g.metal_use1-az2': 25, 'm7g.metal_use1-az4': 10, 'm7g.metal_use1-az5': 1, 'm7g.metal_use1-az6': 50, 'm7g.xlarge_use1-az1': 50, 'm7g.xlarge_use1-az2': 50, 'm7g.xlarge_use1-az4': 50, 'm7g.xlarge_use1-az5': 50, 'm7g.xlarge_use1-az6': 50, 'm7gd.12xlarge_use1-az1': 5, 'm7gd.12xlarge_use1-az2': 10, 'm7gd.12xlarge_use1-az4': 1, 'm7gd.12xlarge_use1-az6': 35, 'm7gd.16xlarge_use1-az1': 1, 'm7gd.16xlarge_use1-az2': 30, 'm7gd.16xlarge_use1-az4': 1, 'm7gd.16xlarge_use1-az6': 40, 'm7gd.2xlarge_use1-az1': 15, 'm7gd.2xlarge_use1-az2': 50, 'm7gd.2xlarge_use1-az4': 15, 'm7gd.2xlarge_use1-az6': 25, 'm7gd.4xlarge_use1-az1': 5, 'm7gd.4xlarge_use1-az2': 10, 'm7gd.4xlarge_use1-az4': 1, 'm7gd.4xlarge_use1-az6': 40, 'm7gd.8xlarge_use1-az1': 10, 'm7gd.8xlarge_use1-az2': 50, 'm7gd.8xlarge_use1-az4': 30, 'm7gd.8xlarge_use1-az5': 45, 'm7gd.8xlarge_use1-az6': 50, 'm7gd.large_use1-az1': 5, 'm7gd.large_use1-az2': 50, 'm7gd.large_use1-az4': 5, 'm7gd.large_use1-az6': 50, 'm7gd.medium_use1-az1': 15, 'm7gd.medium_use1-az2': 20, 'm7gd.medium_use1-az4': 15, 'm7gd.medium_use1-az5': 20, 'm7gd.medium_use1-az6': 25, 'm7gd.metal_use1-az1': 5, 'm7gd.metal_use1-az2': 15, 'm7gd.metal_use1-az4': 1, 'm7gd.metal_use1-az6': 15, 'm7gd.xlarge_use1-az1': 5, 'm7gd.xlarge_use1-az2': 10, 'm7gd.xlarge_use1-az4': 10, 'm7gd.xlarge_use1-az5': 1, 'm7gd.xlarge_use1-az6': 25, 'm7i-flex.2xlarge_use1-az1': 50, 'm7i-flex.2xlarge_use1-az2': 50, 'm7i-flex.2xlarge_use1-az4': 15, 'm7i-flex.2xlarge_use1-az5': 10, 'm7i-flex.2xlarge_use1-az6': 50, 'm7i-flex.4xlarge_use1-az2': 5, 'm7i-flex.4xlarge_use1-az4': 5, 'm7i-flex.4xlarge_use1-az6': 25, 'm7i-flex.8xlarge_use1-az1': 1, 'm7i-flex.8xlarge_use1-az2': 5, 'm7i-flex.8xlarge_use1-az4': 5, 'm7i-flex.8xlarge_use1-az5': 1, 'm7i-flex.8xlarge_use1-az6': 10, 'm7i-flex.large_use1-az1': 20, 'm7i-flex.large_use1-az2': 50, 'm7i-flex.large_use1-az4': 25, 'm7i-flex.large_use1-az5': 25, 'm7i-flex.large_use1-az6': 50, 'm7i-flex.xlarge_use1-az1': 50, 'm7i-flex.xlarge_use1-az2': 50, 'm7i-flex.xlarge_use1-az4': 50, 'm7i-flex.xlarge_use1-az5': 15, 'm7i-flex.xlarge_use1-az6': 50, 'm7i.12xlarge_use1-az1': 1, 'm7i.12xlarge_use1-az2': 5, 'm7i.12xlarge_use1-az4': 15, 'm7i.12xlarge_use1-az6': 50, 'm7i.16xlarge_use1-az1': 5, 'm7i.16xlarge_use1-az2': 10, 'm7i.16xlarge_use1-az4': 10, 'm7i.16xlarge_use1-az6': 50, 'm7i.24xlarge_use1-az2': 5, 'm7i.24xlarge_use1-az4': 5, 'm7i.24xlarge_use1-az6': 50, 'm7i.2xlarge_use1-az1': 1, 'm7i.2xlarge_use1-az2': 50, 'm7i.2xlarge_use1-az4': 50, 'm7i.2xlarge_use1-az6': 50, 'm7i.48xlarge_use1-az1': 1, 'm7i.48xlarge_use1-az2': 5, 'm7i.48xlarge_use1-az4': 20, 'm7i.48xlarge_use1-az6': 50, 'm7i.4xlarge_use1-az1': 1, 'm7i.4xlarge_use1-az2': 25, 'm7i.4xlarge_use1-az4': 10, 'm7i.4xlarge_use1-az6': 50, 'm7i.8xlarge_use1-az1': 40, 'm7i.8xlarge_use1-az2': 20, 'm7i.8xlarge_use1-az4': 50, 'm7i.8xlarge_use1-az6': 50, 'm7i.large_use1-az1': 50, 'm7i.large_use1-az2': 50, 'm7i.large_use1-az4': 50, 'm7i.large_use1-az5': 1, 'm7i.large_use1-az6': 50, 'm7i.xlarge_use1-az1': 30, 'm7i.xlarge_use1-az2': 35, 'm7i.xlarge_use1-az4': 50, 'm7i.xlarge_use1-az6': 50, 'm8g.12xlarge_use1-az2': 10, 'm8g.12xlarge_use1-az4': 10, 'm8g.12xlarge_use1-az5': 1, 'm8g.12xlarge_use1-az6': 35, 'm8g.16xlarge_use1-az2': 5, 'm8g.16xlarge_use1-az4': 5, 'm8g.16xlarge_use1-az5': 5, 'm8g.16xlarge_use1-az6': 45, 'm8g.24xlarge_use1-az2': 5, 'm8g.24xlarge_use1-az4': 1, 'm8g.24xlarge_use1-az5': 1, 'm8g.24xlarge_use1-az6': 25, 'm8g.2xlarge_use1-az4': 10, 'm8g.2xlarge_use1-az5': 10, 'm8g.48xlarge_use1-az2': 5, 'm8g.48xlarge_use1-az4': 5, 'm8g.48xlarge_use1-az6': 20, 'm8g.4xlarge_use1-az2': 5, 'm8g.4xlarge_use1-az4': 5, 'm8g.4xlarge_use1-az5': 1, 'm8g.4xlarge_use1-az6': 40, 'm8g.8xlarge_use1-az2': 10, 'm8g.8xlarge_use1-az4': 20, 'm8g.8xlarge_use1-az5': 1, 'm8g.8xlarge_use1-az6': 40, 'm8g.large_use1-az1': 1, 'm8g.large_use1-az2': 20, 'm8g.large_use1-az6': 45, 'm8g.medium_use1-az1': 1, 'm8g.medium_use1-az2': 15, 'm8g.metal-48xl_use1-az2': 5, 'm8g.metal-48xl_use1-az6': 25, 'm8g.xlarge_use1-az1': 1, 'm8g.xlarge_use1-az5': 15, 'm8g.xlarge_use1-az6': 50, 'm8gd.16xlarge_use1-az5': 1, 'm8gd.4xlarge_use1-az2': 5, 'm8gd.4xlarge_use1-az4': 1, 'm8gd.4xlarge_use1-az6': 1, 'm8gd.8xlarge_use1-az5': 1, 'm8gd.8xlarge_use1-az6': 5, 'm8gd.large_use1-az1': 20, 'm8gd.large_use1-az2': 15, 'm8gd.large_use1-az5': 1, 'm8gd.large_use1-az6': 1, 'm8gd.medium_use1-az6': 1, 'm8gd.metal-24xl_use1-az2': 1, 'm8gd.xlarge_use1-az1': 1, 'm8gd.xlarge_use1-az5': 1, 'm8i-flex.16xlarge_use1-az6': 5, 'm8i-flex.2xlarge_use1-az2': 10, 'm8i-flex.2xlarge_use1-az4': 1, 'm8i-flex.2xlarge_use1-az6': 50, 'm8i-flex.4xlarge_use1-az2': 1, 'm8i-flex.4xlarge_use1-az4': 1, 'm8i-flex.4xlarge_use1-az6': 5, 'm8i-flex.8xlarge_use1-az6': 1, 'm8i-flex.large_use1-az2': 5, 'm8i-flex.xlarge_use1-az2': 10, 'm8i-flex.xlarge_use1-az4': 25, 'm8i-flex.xlarge_use1-az6': 50, 'm8i.12xlarge_use1-az6': 1, 'm8i.16xlarge_use1-az4': 1, 'm8i.16xlarge_use1-az6': 1, 'm8i.24xlarge_use1-az6': 1, 'm8i.2xlarge_use1-az2': 10, 'm8i.2xlarge_use1-az4': 1, 'm8i.2xlarge_use1-az6': 10, 'm8i.32xlarge_use1-az2': 1, 'm8i.32xlarge_use1-az6': 5, 'm8i.48xlarge_use1-az2': 1, 'm8i.48xlarge_use1-az6': 5, 'm8i.4xlarge_use1-az2': 5, 'm8i.4xlarge_use1-az4': 1, 'm8i.4xlarge_use1-az6': 5, 'm8i.8xlarge_use1-az2': 1, 'm8i.8xlarge_use1-az4': 1, 'm8i.8xlarge_use1-az6': 20, 'm8i.96xlarge_use1-az6': 1, 'm8i.large_use1-az4': 25, 'm8i.metal-48xl_use1-az6': 1, 'm8i.metal-96xl_use1-az6': 1, 'm8i.xlarge_use1-az2': 30, 'm8i.xlarge_use1-az4': 10, 'p3.2xlarge_use1-az1': 50, 'p3.2xlarge_use1-az2': 50, 'p3.2xlarge_use1-az5': 50, 'p3.2xlarge_use1-az6': 50, 'p3dn.24xlarge_use1-az1': 15, 'p3dn.24xlarge_use1-az6': 50, 'p4d.24xlarge_use1-az2': 1, 'p4d.24xlarge_use1-az6': 1, 'p5.48xlarge_use1-az2': 15, 'r3.2xlarge_use1-az2': 1, 'r3.2xlarge_use1-az4': 1, 'r3.2xlarge_use1-az6': 1, 'r3.4xlarge_use1-az4': 1, 'r3.4xlarge_use1-az6': 1, 'r3.8xlarge_use1-az2': 1, 'r3.8xlarge_use1-az4': 1, 'r3.8xlarge_use1-az6': 5, 'r3.large_use1-az2': 50, 'r3.large_use1-az4': 50, 'r3.large_use1-az6': 50, 'r3.xlarge_use1-az2': 40, 'r3.xlarge_use1-az4': 50, 'r3.xlarge_use1-az6': 50, 'r4.16xlarge_use1-az1': 10, 'r4.16xlarge_use1-az2': 10, 'r4.16xlarge_use1-az3': 50, 'r4.16xlarge_use1-az4': 35, 'r4.16xlarge_use1-az5': 15, 'r4.16xlarge_use1-az6': 10, 'r4.2xlarge_use1-az1': 20, 'r4.2xlarge_use1-az2': 50, 'r4.2xlarge_use1-az3': 50, 'r4.2xlarge_use1-az4': 50, 'r4.2xlarge_use1-az5': 5, 'r4.2xlarge_use1-az6': 50, 'r4.4xlarge_use1-az1': 20, 'r4.4xlarge_use1-az2': 50, 'r4.4xlarge_use1-az3': 40, 'r4.4xlarge_use1-az4': 15, 'r4.4xlarge_use1-az5': 5, 'r4.4xlarge_use1-az6': 50, 'r4.8xlarge_use1-az1': 50, 'r4.8xlarge_use1-az2': 50, 'r4.8xlarge_use1-az3': 25, 'r4.8xlarge_use1-az4': 50, 'r4.8xlarge_use1-az5': 5, 'r4.8xlarge_use1-az6': 50, 'r4.large_use1-az1': 35, 'r4.large_use1-az2': 50, 'r4.large_use1-az3': 10, 'r4.large_use1-az4': 50, 'r4.large_use1-az5': 20, 'r4.large_use1-az6': 50, 'r4.xlarge_use1-az1': 50, 'r4.xlarge_use1-az2': 50, 'r4.xlarge_use1-az3': 50, 'r4.xlarge_use1-az4': 50, 'r4.xlarge_use1-az5': 30, 'r4.xlarge_use1-az6': 50, 'r5.12xlarge_use1-az1': 5, 'r5.12xlarge_use1-az2': 5, 'r5.12xlarge_use1-az4': 50, 'r5.12xlarge_use1-az5': 5, 'r5.12xlarge_use1-az6': 5, 'r5.16xlarge_use1-az1': 5, 'r5.16xlarge_use1-az4': 35, 'r5.16xlarge_use1-az5': 30, 'r5.16xlarge_use1-az6': 5, 'r5.24xlarge_use1-az4': 15, 'r5.24xlarge_use1-az5': 5, 'r5.24xlarge_use1-az6': 5, 'r5.2xlarge_use1-az1': 50, 'r5.2xlarge_use1-az2': 50, 'r5.2xlarge_use1-az4': 50, 'r5.2xlarge_use1-az5': 5, 'r5.2xlarge_use1-az6': 50, 'r5.4xlarge_use1-az1': 50, 'r5.4xlarge_use1-az2': 50, 'r5.4xlarge_use1-az4': 50, 'r5.4xlarge_use1-az5': 5, 'r5.4xlarge_use1-az6': 50, 'r5.8xlarge_use1-az1': 50, 'r5.8xlarge_use1-az2': 50, 'r5.8xlarge_use1-az4': 50, 'r5.8xlarge_use1-az5': 5, 'r5.8xlarge_use1-az6': 5, 'r5.large_use1-az1': 50, 'r5.large_use1-az2': 50, 'r5.large_use1-az4': 50, 'r5.large_use1-az5': 50, 'r5.large_use1-az6': 50, 'r5.xlarge_use1-az1': 50, 'r5.xlarge_use1-az2': 50, 'r5.xlarge_use1-az4': 50, 'r5.xlarge_use1-az5': 50, 'r5.xlarge_use1-az6': 50, 'r5a.12xlarge_use1-az1': 1, 'r5a.12xlarge_use1-az2': 1, 'r5a.12xlarge_use1-az4': 5, 'r5a.12xlarge_use1-az6': 5, 'r5a.16xlarge_use1-az1': 10, 'r5a.16xlarge_use1-az2': 10, 'r5a.16xlarge_use1-az4': 10, 'r5a.16xlarge_use1-az5': 5, 'r5a.16xlarge_use1-az6': 5, 'r5a.24xlarge_use1-az1': 5, 'r5a.24xlarge_use1-az2': 15, 'r5a.24xlarge_use1-az4': 10, 'r5a.24xlarge_use1-az5': 1, 'r5a.24xlarge_use1-az6': 10, 'r5a.2xlarge_use1-az1': 10, 'r5a.2xlarge_use1-az2': 20, 'r5a.2xlarge_use1-az4': 35, 'r5a.2xlarge_use1-az5': 5, 'r5a.2xlarge_use1-az6': 30, 'r5a.4xlarge_use1-az1': 25, 'r5a.4xlarge_use1-az2': 50, 'r5a.4xlarge_use1-az4': 50, 'r5a.4xlarge_use1-az5': 5, 'r5a.4xlarge_use1-az6': 50, 'r5a.8xlarge_use1-az1': 25, 'r5a.8xlarge_use1-az2': 10, 'r5a.8xlarge_use1-az4': 15, 'r5a.8xlarge_use1-az5': 30, 'r5a.8xlarge_use1-az6': 20, 'r5a.large_use1-az1': 50, 'r5a.large_use1-az2': 50, 'r5a.large_use1-az4': 50, 'r5a.large_use1-az5': 25, 'r5a.large_use1-az6': 50, 'r5a.xlarge_use1-az1': 20, 'r5a.xlarge_use1-az2': 50, 'r5a.xlarge_use1-az4': 50, 'r5a.xlarge_use1-az5': 5, 'r5a.xlarge_use1-az6': 50, 'r5ad.12xlarge_use1-az2': 1, 'r5ad.16xlarge_use1-az2': 50, 'r5ad.16xlarge_use1-az4': 10, 'r5ad.16xlarge_use1-az5': 1, 'r5ad.16xlarge_use1-az6': 10, 'r5ad.24xlarge_use1-az2': 25, 'r5ad.24xlarge_use1-az4': 1, 'r5ad.24xlarge_use1-az6': 10, 'r5ad.2xlarge_use1-az1': 1, 'r5ad.2xlarge_use1-az2': 1, 'r5ad.2xlarge_use1-az4': 1, 'r5ad.2xlarge_use1-az5': 1, 'r5ad.2xlarge_use1-az6': 1, 'r5ad.4xlarge_use1-az1': 1, 'r5ad.4xlarge_use1-az2': 10, 'r5ad.4xlarge_use1-az4': 5, 'r5ad.4xlarge_use1-az5': 1, 'r5ad.4xlarge_use1-az6': 1, 'r5ad.8xlarge_use1-az2': 5, 'r5ad.8xlarge_use1-az4': 20, 'r5ad.8xlarge_use1-az5': 1, 'r5ad.8xlarge_use1-az6': 10, 'r5ad.large_use1-az1': 1, 'r5ad.large_use1-az2': 30, 'r5ad.large_use1-az4': 10, 'r5ad.large_use1-az5': 5, 'r5ad.large_use1-az6': 10, 'r5ad.xlarge_use1-az1': 1, 'r5ad.xlarge_use1-az2': 10, 'r5ad.xlarge_use1-az4': 10, 'r5ad.xlarge_use1-az5': 1, 'r5ad.xlarge_use1-az6': 5, 'r5b.12xlarge_use1-az1': 5, 'r5b.12xlarge_use1-az4': 5, 'r5b.12xlarge_use1-az6': 1, 'r5b.16xlarge_use1-az1': 5, 'r5b.16xlarge_use1-az2': 5, 'r5b.16xlarge_use1-az4': 5, 'r5b.16xlarge_use1-az6': 5, 'r5b.24xlarge_use1-az1': 1, 'r5b.24xlarge_use1-az4': 5, 'r5b.24xlarge_use1-az6': 1, 'r5b.2xlarge_use1-az1': 1, 'r5b.2xlarge_use1-az2': 1, 'r5b.2xlarge_use1-az4': 1, 'r5b.2xlarge_use1-az6': 1, 'r5b.4xlarge_use1-az1': 5, 'r5b.4xlarge_use1-az2': 5, 'r5b.4xlarge_use1-az4': 5, 'r5b.4xlarge_use1-az6': 5, 'r5b.8xlarge_use1-az1': 5, 'r5b.8xlarge_use1-az2': 1, 'r5b.8xlarge_use1-az4': 1, 'r5b.8xlarge_use1-az6': 1, 'r5b.large_use1-az1': 1, 'r5b.large_use1-az2': 5, 'r5b.large_use1-az4': 10, 'r5b.large_use1-az6': 5, 'r5b.xlarge_use1-az1': 1, 'r5b.xlarge_use1-az2': 1, 'r5b.xlarge_use1-az4': 5, 'r5b.xlarge_use1-az6': 1, 'r5d.12xlarge_use1-az1': 1, 'r5d.12xlarge_use1-az2': 5, 'r5d.12xlarge_use1-az4': 10, 'r5d.12xlarge_use1-az6': 1, 'r5d.16xlarge_use1-az1': 5, 'r5d.16xlarge_use1-az2': 50, 'r5d.16xlarge_use1-az4': 50, 'r5d.16xlarge_use1-az5': 10, 'r5d.16xlarge_use1-az6': 50, 'r5d.24xlarge_use1-az1': 1, 'r5d.24xlarge_use1-az2': 1, 'r5d.24xlarge_use1-az4': 10, 'r5d.24xlarge_use1-az5': 1, 'r5d.24xlarge_use1-az6': 10, 'r5d.2xlarge_use1-az1': 5, 'r5d.2xlarge_use1-az2': 15, 'r5d.2xlarge_use1-az4': 15, 'r5d.2xlarge_use1-az5': 1, 'r5d.2xlarge_use1-az6': 15, 'r5d.4xlarge_use1-az1': 5, 'r5d.4xlarge_use1-az2': 20, 'r5d.4xlarge_use1-az4': 45, 'r5d.4xlarge_use1-az5': 5, 'r5d.4xlarge_use1-az6': 25, 'r5d.8xlarge_use1-az1': 5, 'r5d.8xlarge_use1-az2': 15, 'r5d.8xlarge_use1-az4': 15, 'r5d.8xlarge_use1-az5': 5, 'r5d.8xlarge_use1-az6': 50, 'r5d.large_use1-az1': 10, 'r5d.large_use1-az2': 50, 'r5d.large_use1-az4': 50, 'r5d.large_use1-az5': 5, 'r5d.large_use1-az6': 50, 'r5d.xlarge_use1-az1': 1, 'r5d.xlarge_use1-az2': 15, 'r5d.xlarge_use1-az4': 15, 'r5d.xlarge_use1-az5': 1, 'r5d.xlarge_use1-az6': 10, 'r5dn.12xlarge_use1-az1': 1, 'r5dn.12xlarge_use1-az2': 1, 'r5dn.12xlarge_use1-az4': 1, 'r5dn.12xlarge_use1-az5': 1, 'r5dn.12xlarge_use1-az6': 1, 'r5dn.16xlarge_use1-az1': 5, 'r5dn.16xlarge_use1-az2': 5, 'r5dn.16xlarge_use1-az4': 15, 'r5dn.16xlarge_use1-az5': 10, 'r5dn.16xlarge_use1-az6': 30, 'r5dn.24xlarge_use1-az2': 5, 'r5dn.24xlarge_use1-az4': 10, 'r5dn.24xlarge_use1-az5': 1, 'r5dn.24xlarge_use1-az6': 25, 'r5dn.2xlarge_use1-az1': 50, 'r5dn.2xlarge_use1-az2': 45, 'r5dn.2xlarge_use1-az4': 30, 'r5dn.2xlarge_use1-az5': 50, 'r5dn.2xlarge_use1-az6': 5, 'r5dn.4xlarge_use1-az1': 5, 'r5dn.4xlarge_use1-az2': 25, 'r5dn.4xlarge_use1-az4': 45, 'r5dn.4xlarge_use1-az5': 5, 'r5dn.4xlarge_use1-az6': 20, 'r5dn.8xlarge_use1-az1': 1, 'r5dn.8xlarge_use1-az2': 5, 'r5dn.8xlarge_use1-az4': 5, 'r5dn.8xlarge_use1-az5': 5, 'r5dn.8xlarge_use1-az6': 50, 'r5dn.large_use1-az1': 50, 'r5dn.large_use1-az2': 50, 'r5dn.large_use1-az4': 50, 'r5dn.large_use1-az5': 50, 'r5dn.large_use1-az6': 50, 'r5dn.xlarge_use1-az1': 5, 'r5dn.xlarge_use1-az2': 15, 'r5dn.xlarge_use1-az4': 15, 'r5dn.xlarge_use1-az5': 15, 'r5dn.xlarge_use1-az6': 15, 'r5n.12xlarge_use1-az2': 1, 'r5n.12xlarge_use1-az4': 1, 'r5n.12xlarge_use1-az6': 1, 'r5n.16xlarge_use1-az1': 1, 'r5n.16xlarge_use1-az2': 10, 'r5n.16xlarge_use1-az4': 35, 'r5n.16xlarge_use1-az5': 1, 'r5n.16xlarge_use1-az6': 20, 'r5n.2xlarge_use1-az1': 5, 'r5n.2xlarge_use1-az2': 5, 'r5n.2xlarge_use1-az4': 15, 'r5n.2xlarge_use1-az5': 1, 'r5n.2xlarge_use1-az6': 1, 'r5n.4xlarge_use1-az1': 5, 'r5n.4xlarge_use1-az2': 25, 'r5n.4xlarge_use1-az4': 15, 'r5n.4xlarge_use1-az5': 5, 'r5n.4xlarge_use1-az6': 35, 'r5n.8xlarge_use1-az1': 10, 'r5n.8xlarge_use1-az2': 20, 'r5n.8xlarge_use1-az4': 35, 'r5n.8xlarge_use1-az6': 15, 'r5n.large_use1-az1': 20, 'r5n.large_use1-az2': 50, 'r5n.large_use1-az4': 50, 'r5n.large_use1-az5': 10, 'r5n.large_use1-az6': 30, 'r5n.xlarge_use1-az1': 1, 'r5n.xlarge_use1-az2': 10, 'r5n.xlarge_use1-az4': 15, 'r5n.xlarge_use1-az5': 1, 'r5n.xlarge_use1-az6': 20, 'r6a.12xlarge_use1-az1': 1, 'r6a.12xlarge_use1-az2': 10, 'r6a.12xlarge_use1-az4': 5, 'r6a.12xlarge_use1-az6': 10, 'r6a.16xlarge_use1-az1': 5, 'r6a.16xlarge_use1-az2': 15, 'r6a.16xlarge_use1-az4': 30, 'r6a.16xlarge_use1-az5': 15, 'r6a.16xlarge_use1-az6': 40, 'r6a.24xlarge_use1-az2': 5, 'r6a.24xlarge_use1-az4': 1, 'r6a.24xlarge_use1-az5': 1, 'r6a.24xlarge_use1-az6': 5, 'r6a.2xlarge_use1-az1': 50, 'r6a.2xlarge_use1-az2': 50, 'r6a.2xlarge_use1-az4': 40, 'r6a.2xlarge_use1-az5': 1, 'r6a.2xlarge_use1-az6': 50, 'r6a.32xlarge_use1-az2': 5, 'r6a.32xlarge_use1-az4': 5, 'r6a.32xlarge_use1-az5': 5, 'r6a.32xlarge_use1-az6': 5, 'r6a.48xlarge_use1-az2': 5, 'r6a.48xlarge_use1-az4': 5, 'r6a.48xlarge_use1-az5': 5, 'r6a.48xlarge_use1-az6': 1, 'r6a.4xlarge_use1-az1': 50, 'r6a.4xlarge_use1-az2': 50, 'r6a.4xlarge_use1-az4': 50, 'r6a.4xlarge_use1-az5': 40, 'r6a.4xlarge_use1-az6': 50, 'r6a.8xlarge_use1-az1': 20, 'r6a.8xlarge_use1-az2': 50, 'r6a.8xlarge_use1-az4': 50, 'r6a.8xlarge_use1-az5': 50, 'r6a.8xlarge_use1-az6': 50, 'r6a.large_use1-az1': 50, 'r6a.large_use1-az2': 50, 'r6a.large_use1-az4': 50, 'r6a.large_use1-az5': 50, 'r6a.large_use1-az6': 50, 'r6a.xlarge_use1-az1': 50, 'r6a.xlarge_use1-az2': 50, 'r6a.xlarge_use1-az4': 50, 'r6a.xlarge_use1-az5': 50, 'r6a.xlarge_use1-az6': 50, 'r6g.12xlarge_use1-az2': 50, 'r6g.12xlarge_use1-az4': 45, 'r6g.12xlarge_use1-az5': 10, 'r6g.12xlarge_use1-az6': 50, 'r6g.16xlarge_use1-az1': 1, 'r6g.16xlarge_use1-az2': 50, 'r6g.16xlarge_use1-az4': 50, 'r6g.16xlarge_use1-az5': 50, 'r6g.16xlarge_use1-az6': 50, 'r6g.2xlarge_use1-az1': 1, 'r6g.2xlarge_use1-az2': 25, 'r6g.2xlarge_use1-az4': 40, 'r6g.2xlarge_use1-az5': 10, 'r6g.2xlarge_use1-az6': 50, 'r6g.4xlarge_use1-az1': 10, 'r6g.4xlarge_use1-az2': 50, 'r6g.4xlarge_use1-az4': 50, 'r6g.4xlarge_use1-az5': 50, 'r6g.4xlarge_use1-az6': 50, 'r6g.8xlarge_use1-az1': 1, 'r6g.8xlarge_use1-az2': 10, 'r6g.8xlarge_use1-az4': 50, 'r6g.8xlarge_use1-az5': 50, 'r6g.8xlarge_use1-az6': 50, 'r6g.large_use1-az1': 10, 'r6g.large_use1-az2': 40, 'r6g.large_use1-az4': 50, 'r6g.large_use1-az5': 5, 'r6g.large_use1-az6': 50, 'r6g.medium_use1-az1': 1, 'r6g.medium_use1-az2': 10, 'r6g.medium_use1-az4': 15, 'r6g.medium_use1-az5': 15, 'r6g.medium_use1-az6': 35, 'r6g.xlarge_use1-az1': 1, 'r6g.xlarge_use1-az2': 50, 'r6g.xlarge_use1-az4': 50, 'r6g.xlarge_use1-az5': 50, 'r6g.xlarge_use1-az6': 50, 'r6gd.12xlarge_use1-az1': 1, 'r6gd.12xlarge_use1-az2': 5, 'r6gd.12xlarge_use1-az4': 10, 'r6gd.12xlarge_use1-az5': 1, 'r6gd.12xlarge_use1-az6': 10, 'r6gd.16xlarge_use1-az1': 5, 'r6gd.16xlarge_use1-az2': 5, 'r6gd.16xlarge_use1-az4': 50, 'r6gd.16xlarge_use1-az5': 1, 'r6gd.16xlarge_use1-az6': 45, 'r6gd.2xlarge_use1-az1': 1, 'r6gd.2xlarge_use1-az2': 20, 'r6gd.2xlarge_use1-az4': 30, 'r6gd.2xlarge_use1-az5': 1, 'r6gd.2xlarge_use1-az6': 1, 'r6gd.4xlarge_use1-az1': 5, 'r6gd.4xlarge_use1-az2': 20, 'r6gd.4xlarge_use1-az4': 50, 'r6gd.4xlarge_use1-az5': 1, 'r6gd.4xlarge_use1-az6': 25, 'r6gd.8xlarge_use1-az1': 1, 'r6gd.8xlarge_use1-az2': 10, 'r6gd.8xlarge_use1-az4': 20, 'r6gd.8xlarge_use1-az5': 1, 'r6gd.8xlarge_use1-az6': 30, 'r6gd.large_use1-az1': 50, 'r6gd.large_use1-az2': 50, 'r6gd.large_use1-az4': 50, 'r6gd.large_use1-az5': 50, 'r6gd.large_use1-az6': 50, 'r6gd.medium_use1-az1': 5, 'r6gd.medium_use1-az2': 1, 'r6gd.medium_use1-az4': 5, 'r6gd.medium_use1-az5': 5, 'r6gd.medium_use1-az6': 1, 'r6gd.xlarge_use1-az1': 1, 'r6gd.xlarge_use1-az2': 1, 'r6gd.xlarge_use1-az4': 5, 'r6gd.xlarge_use1-az6': 10, 'r6i.12xlarge_use1-az1': 5, 'r6i.12xlarge_use1-az2': 5, 'r6i.12xlarge_use1-az4': 5, 'r6i.12xlarge_use1-az5': 1, 'r6i.12xlarge_use1-az6': 10, 'r6i.16xlarge_use1-az1': 1, 'r6i.16xlarge_use1-az2': 1, 'r6i.16xlarge_use1-az4': 10, 'r6i.16xlarge_use1-az5': 10, 'r6i.16xlarge_use1-az6': 1, 'r6i.24xlarge_use1-az4': 10, 'r6i.24xlarge_use1-az5': 1, 'r6i.24xlarge_use1-az6': 5, 'r6i.2xlarge_use1-az1': 15, 'r6i.2xlarge_use1-az2': 35, 'r6i.2xlarge_use1-az4': 50, 'r6i.2xlarge_use1-az5': 5, 'r6i.2xlarge_use1-az6': 50, 'r6i.32xlarge_use1-az4': 1, 'r6i.32xlarge_use1-az5': 1, 'r6i.32xlarge_use1-az6': 1, 'r6i.4xlarge_use1-az1': 30, 'r6i.4xlarge_use1-az2': 20, 'r6i.4xlarge_use1-az4': 20, 'r6i.4xlarge_use1-az5': 10, 'r6i.4xlarge_use1-az6': 40, 'r6i.8xlarge_use1-az1': 5, 'r6i.8xlarge_use1-az2': 10, 'r6i.8xlarge_use1-az4': 10, 'r6i.8xlarge_use1-az5': 5, 'r6i.8xlarge_use1-az6': 10, 'r6i.large_use1-az1': 20, 'r6i.large_use1-az2': 50, 'r6i.large_use1-az4': 50, 'r6i.large_use1-az5': 20, 'r6i.large_use1-az6': 50, 'r6i.xlarge_use1-az1': 15, 'r6i.xlarge_use1-az2': 45, 'r6i.xlarge_use1-az4': 50, 'r6i.xlarge_use1-az5': 10, 'r6i.xlarge_use1-az6': 50, 'r6id.12xlarge_use1-az1': 1, 'r6id.12xlarge_use1-az2': 5, 'r6id.12xlarge_use1-az4': 1, 'r6id.12xlarge_use1-az6': 5, 'r6id.16xlarge_use1-az1': 5, 'r6id.16xlarge_use1-az2': 5, 'r6id.16xlarge_use1-az4': 15, 'r6id.16xlarge_use1-az5': 1, 'r6id.16xlarge_use1-az6': 20, 'r6id.24xlarge_use1-az1': 10, 'r6id.24xlarge_use1-az2': 10, 'r6id.24xlarge_use1-az4': 5, 'r6id.24xlarge_use1-az5': 15, 'r6id.24xlarge_use1-az6': 25, 'r6id.2xlarge_use1-az1': 5, 'r6id.2xlarge_use1-az2': 1, 'r6id.2xlarge_use1-az4': 10, 'r6id.2xlarge_use1-az5': 1, 'r6id.2xlarge_use1-az6': 10, 'r6id.32xlarge_use1-az1': 1, 'r6id.32xlarge_use1-az2': 5, 'r6id.32xlarge_use1-az4': 1, 'r6id.32xlarge_use1-az5': 1, 'r6id.32xlarge_use1-az6': 10, 'r6id.4xlarge_use1-az1': 40, 'r6id.4xlarge_use1-az2': 50, 'r6id.4xlarge_use1-az4': 10, 'r6id.4xlarge_use1-az5': 20, 'r6id.4xlarge_use1-az6': 35, 'r6id.8xlarge_use1-az1': 1, 'r6id.8xlarge_use1-az2': 1, 'r6id.8xlarge_use1-az4': 5, 'r6id.8xlarge_use1-az5': 1, 'r6id.8xlarge_use1-az6': 5, 'r6id.large_use1-az1': 15, 'r6id.large_use1-az2': 10, 'r6id.large_use1-az4': 5, 'r6id.large_use1-az5': 15, 'r6id.large_use1-az6': 30, 'r6id.xlarge_use1-az1': 5, 'r6id.xlarge_use1-az2': 15, 'r6id.xlarge_use1-az4': 10, 'r6id.xlarge_use1-az5': 15, 'r6id.xlarge_use1-az6': 15, 'r6idn.16xlarge_use1-az4': 1, 'r6idn.16xlarge_use1-az5': 1, 'r6idn.16xlarge_use1-az6': 1, 'r6idn.24xlarge_use1-az6': 1, 'r6idn.2xlarge_use1-az1': 1, 'r6idn.2xlarge_use1-az2': 1, 'r6idn.2xlarge_use1-az4': 5, 'r6idn.2xlarge_use1-az5': 1, 'r6idn.2xlarge_use1-az6': 5, 'r6idn.32xlarge_use1-az6': 1, 'r6idn.4xlarge_use1-az1': 15, 'r6idn.4xlarge_use1-az2': 15, 'r6idn.4xlarge_use1-az4': 15, 'r6idn.4xlarge_use1-az5': 5, 'r6idn.4xlarge_use1-az6': 10, 'r6idn.8xlarge_use1-az2': 1, 'r6idn.8xlarge_use1-az4': 1, 'r6idn.8xlarge_use1-az6': 5, 'r6idn.large_use1-az1': 1, 'r6idn.large_use1-az2': 1, 'r6idn.large_use1-az4': 5, 'r6idn.large_use1-az5': 5, 'r6idn.large_use1-az6': 5, 'r6idn.xlarge_use1-az1': 5, 'r6idn.xlarge_use1-az2': 1, 'r6idn.xlarge_use1-az4': 5, 'r6idn.xlarge_use1-az5': 1, 'r6idn.xlarge_use1-az6': 5, 'r6in.12xlarge_use1-az1': 1, 'r6in.12xlarge_use1-az6': 5, 'r6in.16xlarge_use1-az4': 1, 'r6in.16xlarge_use1-az5': 1, 'r6in.16xlarge_use1-az6': 5, 'r6in.24xlarge_use1-az6': 1, 'r6in.2xlarge_use1-az1': 1, 'r6in.2xlarge_use1-az2': 1, 'r6in.2xlarge_use1-az4': 1, 'r6in.2xlarge_use1-az5': 1, 'r6in.2xlarge_use1-az6': 1, 'r6in.4xlarge_use1-az1': 5, 'r6in.4xlarge_use1-az2': 20, 'r6in.4xlarge_use1-az4': 15, 'r6in.4xlarge_use1-az5': 20, 'r6in.4xlarge_use1-az6': 20, 'r6in.8xlarge_use1-az1': 5, 'r6in.8xlarge_use1-az4': 1, 'r6in.8xlarge_use1-az6': 5, 'r6in.large_use1-az1': 45, 'r6in.large_use1-az2': 50, 'r6in.large_use1-az4': 50, 'r6in.large_use1-az5': 40, 'r6in.large_use1-az6': 50, 'r6in.xlarge_use1-az1': 1, 'r6in.xlarge_use1-az2': 1, 'r6in.xlarge_use1-az4': 1, 'r6in.xlarge_use1-az5': 1, 'r6in.xlarge_use1-az6': 1, 'r7a.12xlarge_use1-az1': 1, 'r7a.12xlarge_use1-az2': 1, 'r7a.12xlarge_use1-az4': 5, 'r7a.12xlarge_use1-az6': 20, 'r7a.16xlarge_use1-az1': 1, 'r7a.16xlarge_use1-az2': 15, 'r7a.16xlarge_use1-az4': 30, 'r7a.16xlarge_use1-az6': 50, 'r7a.24xlarge_use1-az2': 10, 'r7a.24xlarge_use1-az4': 10, 'r7a.24xlarge_use1-az6': 35, 'r7a.2xlarge_use1-az1': 1, 'r7a.2xlarge_use1-az2': 5, 'r7a.2xlarge_use1-az4': 25, 'r7a.2xlarge_use1-az6': 1, 'r7a.32xlarge_use1-az2': 1, 'r7a.32xlarge_use1-az4': 1, 'r7a.32xlarge_use1-az6': 50, 'r7a.48xlarge_use1-az2': 5, 'r7a.48xlarge_use1-az4': 5, 'r7a.48xlarge_use1-az6': 50, 'r7a.4xlarge_use1-az1': 5, 'r7a.4xlarge_use1-az2': 25, 'r7a.4xlarge_use1-az4': 50, 'r7a.4xlarge_use1-az6': 50, 'r7a.8xlarge_use1-az1': 5, 'r7a.8xlarge_use1-az2': 20, 'r7a.8xlarge_use1-az4': 50, 'r7a.8xlarge_use1-az6': 50, 'r7a.large_use1-az1': 50, 'r7a.large_use1-az2': 50, 'r7a.large_use1-az4': 50, 'r7a.large_use1-az6': 50, 'r7a.medium_use1-az1': 10, 'r7a.medium_use1-az2': 25, 'r7a.medium_use1-az4': 50, 'r7a.medium_use1-az6': 50, 'r7a.xlarge_use1-az1': 20, 'r7a.xlarge_use1-az2': 50, 'r7a.xlarge_use1-az4': 50, 'r7a.xlarge_use1-az6': 25, 'r7g.12xlarge_use1-az1': 1, 'r7g.12xlarge_use1-az2': 5, 'r7g.12xlarge_use1-az4': 50, 'r7g.12xlarge_use1-az5': 1, 'r7g.12xlarge_use1-az6': 5, 'r7g.16xlarge_use1-az1': 5, 'r7g.16xlarge_use1-az2': 30, 'r7g.16xlarge_use1-az4': 50, 'r7g.16xlarge_use1-az5': 5, 'r7g.16xlarge_use1-az6': 50, 'r7g.2xlarge_use1-az1': 5, 'r7g.2xlarge_use1-az2': 10, 'r7g.2xlarge_use1-az4': 50, 'r7g.2xlarge_use1-az5': 5, 'r7g.2xlarge_use1-az6': 15, 'r7g.4xlarge_use1-az1': 5, 'r7g.4xlarge_use1-az2': 5, 'r7g.4xlarge_use1-az4': 50, 'r7g.4xlarge_use1-az5': 5, 'r7g.4xlarge_use1-az6': 15, 'r7g.8xlarge_use1-az1': 1, 'r7g.8xlarge_use1-az2': 50, 'r7g.8xlarge_use1-az4': 50, 'r7g.8xlarge_use1-az5': 50, 'r7g.8xlarge_use1-az6': 50, 'r7g.large_use1-az1': 20, 'r7g.large_use1-az2': 50, 'r7g.large_use1-az4': 50, 'r7g.large_use1-az5': 40, 'r7g.large_use1-az6': 40, 'r7g.medium_use1-az1': 50, 'r7g.medium_use1-az2': 50, 'r7g.medium_use1-az4': 50, 'r7g.medium_use1-az5': 25, 'r7g.medium_use1-az6': 50, 'r7g.xlarge_use1-az1': 50, 'r7g.xlarge_use1-az2': 50, 'r7g.xlarge_use1-az4': 50, 'r7g.xlarge_use1-az5': 10, 'r7g.xlarge_use1-az6': 50, 'r7gd.12xlarge_use1-az1': 1, 'r7gd.12xlarge_use1-az2': 10, 'r7gd.12xlarge_use1-az4': 35, 'r7gd.12xlarge_use1-az5': 10, 'r7gd.12xlarge_use1-az6': 50, 'r7gd.16xlarge_use1-az1': 5, 'r7gd.16xlarge_use1-az2': 50, 'r7gd.16xlarge_use1-az4': 50, 'r7gd.16xlarge_use1-az5': 50, 'r7gd.16xlarge_use1-az6': 50, 'r7gd.2xlarge_use1-az1': 5, 'r7gd.2xlarge_use1-az2': 25, 'r7gd.2xlarge_use1-az4': 25, 'r7gd.2xlarge_use1-az5': 40, 'r7gd.2xlarge_use1-az6': 50, 'r7gd.4xlarge_use1-az1': 1, 'r7gd.4xlarge_use1-az2': 20, 'r7gd.4xlarge_use1-az4': 25, 'r7gd.4xlarge_use1-az5': 30, 'r7gd.4xlarge_use1-az6': 50, 'r7gd.8xlarge_use1-az1': 1, 'r7gd.8xlarge_use1-az2': 10, 'r7gd.8xlarge_use1-az4': 30, 'r7gd.8xlarge_use1-az5': 20, 'r7gd.8xlarge_use1-az6': 50, 'r7gd.large_use1-az1': 15, 'r7gd.large_use1-az2': 10, 'r7gd.large_use1-az4': 50, 'r7gd.large_use1-az5': 15, 'r7gd.large_use1-az6': 35, 'r7gd.medium_use1-az1': 35, 'r7gd.medium_use1-az2': 15, 'r7gd.medium_use1-az4': 25, 'r7gd.medium_use1-az5': 15, 'r7gd.medium_use1-az6': 20, 'r7gd.xlarge_use1-az1': 1, 'r7gd.xlarge_use1-az2': 10, 'r7gd.xlarge_use1-az4': 25, 'r7gd.xlarge_use1-az5': 10, 'r7gd.xlarge_use1-az6': 50, 'r7i.12xlarge_use1-az4': 1, 'r7i.12xlarge_use1-az6': 10, 'r7i.16xlarge_use1-az1': 5, 'r7i.16xlarge_use1-az2': 15, 'r7i.16xlarge_use1-az4': 45, 'r7i.16xlarge_use1-az5': 5, 'r7i.16xlarge_use1-az6': 50, 'r7i.24xlarge_use1-az1': 1, 'r7i.24xlarge_use1-az2': 1, 'r7i.24xlarge_use1-az4': 5, 'r7i.24xlarge_use1-az5': 5, 'r7i.24xlarge_use1-az6': 5, 'r7i.2xlarge_use1-az1': 5, 'r7i.2xlarge_use1-az2': 5, 'r7i.2xlarge_use1-az4': 10, 'r7i.2xlarge_use1-az5': 5, 'r7i.2xlarge_use1-az6': 50, 'r7i.48xlarge_use1-az2': 1, 'r7i.48xlarge_use1-az4': 5, 'r7i.48xlarge_use1-az5': 1, 'r7i.48xlarge_use1-az6': 5, 'r7i.4xlarge_use1-az1': 5, 'r7i.4xlarge_use1-az2': 20, 'r7i.4xlarge_use1-az4': 10, 'r7i.4xlarge_use1-az5': 1, 'r7i.4xlarge_use1-az6': 50, 'r7i.8xlarge_use1-az1': 5, 'r7i.8xlarge_use1-az2': 25, 'r7i.8xlarge_use1-az4': 25, 'r7i.8xlarge_use1-az5': 5, 'r7i.8xlarge_use1-az6': 50, 'r7i.large_use1-az1': 15, 'r7i.large_use1-az2': 50, 'r7i.large_use1-az4': 50, 'r7i.large_use1-az5': 15, 'r7i.large_use1-az6': 50, 'r7i.xlarge_use1-az1': 5, 'r7i.xlarge_use1-az2': 15, 'r7i.xlarge_use1-az4': 10, 'r7i.xlarge_use1-az5': 15, 'r7i.xlarge_use1-az6': 50, 'r8g.12xlarge_use1-az2': 5, 'r8g.12xlarge_use1-az4': 5, 'r8g.12xlarge_use1-az6': 15, 'r8g.16xlarge_use1-az1': 1, 'r8g.16xlarge_use1-az2': 50, 'r8g.16xlarge_use1-az4': 50, 'r8g.16xlarge_use1-az5': 5, 'r8g.16xlarge_use1-az6': 50, 'r8g.24xlarge_use1-az2': 10, 'r8g.24xlarge_use1-az4': 5, 'r8g.24xlarge_use1-az5': 5, 'r8g.24xlarge_use1-az6': 35, 'r8g.2xlarge_use1-az2': 5, 'r8g.2xlarge_use1-az4': 5, 'r8g.2xlarge_use1-az5': 1, 'r8g.2xlarge_use1-az6': 5, 'r8g.48xlarge_use1-az2': 1, 'r8g.48xlarge_use1-az4': 5, 'r8g.48xlarge_use1-az6': 5, 'r8g.4xlarge_use1-az2': 10, 'r8g.4xlarge_use1-az4': 35, 'r8g.4xlarge_use1-az5': 5, 'r8g.4xlarge_use1-az6': 50, 'r8g.8xlarge_use1-az2': 40, 'r8g.8xlarge_use1-az4': 15, 'r8g.8xlarge_use1-az5': 1, 'r8g.8xlarge_use1-az6': 50, 'r8g.large_use1-az1': 5, 'r8g.large_use1-az2': 30, 'r8g.large_use1-az4': 15, 'r8g.large_use1-az5': 10, 'r8g.large_use1-az6': 20, 'r8g.medium_use1-az1': 15, 'r8g.medium_use1-az2': 30, 'r8g.medium_use1-az4': 20, 'r8g.medium_use1-az5': 5, 'r8g.medium_use1-az6': 15, 'r8g.xlarge_use1-az1': 1, 'r8g.xlarge_use1-az2': 10, 'r8g.xlarge_use1-az4': 5, 'r8g.xlarge_use1-az5': 5, 'r8g.xlarge_use1-az6': 10, 'r8gb.24xlarge_use1-az6': 1, 'r8gb.2xlarge_use1-az2': 1, 'r8gb.2xlarge_use1-az4': 1, 'r8gb.2xlarge_use1-az6': 1, 'r8gb.large_use1-az2': 20, 'r8gb.large_use1-az4': 15, 'r8gb.large_use1-az6': 25, 'r8gb.medium_use1-az2': 50, 'r8gb.metal-24xl_use1-az6': 1, 'r8gb.xlarge_use1-az2': 5, 'r8gb.xlarge_use1-az4': 5, 'r8gb.xlarge_use1-az6': 5, 'r8gd.12xlarge_use1-az5': 1, 'r8gd.12xlarge_use1-az6': 1, 'r8gd.16xlarge_use1-az2': 1, 'r8gd.16xlarge_use1-az4': 1, 'r8gd.16xlarge_use1-az5': 1, 'r8gd.16xlarge_use1-az6': 15, 'r8gd.24xlarge_use1-az2': 1, 'r8gd.24xlarge_use1-az5': 1, 'r8gd.24xlarge_use1-az6': 25, 'r8gd.2xlarge_use1-az2': 25, 'r8gd.2xlarge_use1-az4': 30, 'r8gd.2xlarge_use1-az6': 50, 'r8gd.48xlarge_use1-az6': 50, 'r8gd.4xlarge_use1-az1': 1, 'r8gd.4xlarge_use1-az2': 20, 'r8gd.4xlarge_use1-az5': 1, 'r8gd.4xlarge_use1-az6': 15, 'r8gd.8xlarge_use1-az2': 5, 'r8gd.8xlarge_use1-az4': 1, 'r8gd.8xlarge_use1-az5': 1, 'r8gd.8xlarge_use1-az6': 1, 'r8gd.large_use1-az2': 50, 'r8gd.large_use1-az5': 1, 'r8gd.large_use1-az6': 50, 'r8gd.medium_use1-az1': 5, 'r8gd.medium_use1-az2': 5, 'r8gd.medium_use1-az4': 5, 'r8gd.medium_use1-az5': 10, 'r8gd.metal-24xl_use1-az6': 1, 'r8gd.metal-48xl_use1-az6': 1, 'r8gd.xlarge_use1-az2': 25, 'r8gd.xlarge_use1-az4': 1, 'r8gd.xlarge_use1-az5': 50, 'r8gd.xlarge_use1-az6': 40, 'r8gn.16xlarge_use1-az6': 1, 'r8gn.24xlarge_use1-az2': 1, 'r8gn.2xlarge_use1-az2': 1, 'r8gn.2xlarge_use1-az4': 1, 'r8gn.2xlarge_use1-az6': 1, 'r8gn.48xlarge_use1-az6': 1, 'r8gn.4xlarge_use1-az6': 5, 'r8gn.8xlarge_use1-az2': 1, 'r8gn.8xlarge_use1-az6': 5, 'r8gn.large_use1-az2': 20, 'r8gn.large_use1-az4': 15, 'r8gn.large_use1-az6': 20, 'r8gn.medium_use1-az2': 35, 'r8gn.medium_use1-az4': 40, 'r8gn.metal-24xl_use1-az2': 1, 'r8gn.metal-24xl_use1-az6': 1, 'r8gn.xlarge_use1-az2': 1, 'r8gn.xlarge_use1-az4': 5, 'r8gn.xlarge_use1-az6': 10, 'r8i-flex.2xlarge_use1-az2': 1, 'r8i-flex.2xlarge_use1-az6': 5, 'r8i-flex.4xlarge_use1-az2': 1, 'r8i-flex.4xlarge_use1-az6': 1, 'r8i-flex.large_use1-az2': 1, 'r8i-flex.large_use1-az6': 5, 'r8i-flex.xlarge_use1-az2': 5, 'r8i-flex.xlarge_use1-az6': 1, 'r8i.12xlarge_use1-az2': 1, 'r8i.12xlarge_use1-az6': 1, 'r8i.16xlarge_use1-az2': 1, 'r8i.16xlarge_use1-az6': 1, 'r8i.24xlarge_use1-az6': 1, 'r8i.2xlarge_use1-az2': 5, 'r8i.2xlarge_use1-az6': 5, 'r8i.32xlarge_use1-az2': 1, 'r8i.32xlarge_use1-az6': 1, 'r8i.48xlarge_use1-az2': 1, 'r8i.48xlarge_use1-az6': 1, 'r8i.4xlarge_use1-az2': 1, 'r8i.4xlarge_use1-az6': 5, 'r8i.8xlarge_use1-az2': 1, 'r8i.8xlarge_use1-az6': 5, 'r8i.96xlarge_use1-az2': 1, 'r8i.96xlarge_use1-az6': 1, 'r8i.large_use1-az2': 20, 'r8i.large_use1-az6': 20, 'r8i.xlarge_use1-az2': 5, 'r8i.xlarge_use1-az6': 5, 't2.2xlarge_use1-az1': 50, 't2.2xlarge_use1-az2': 50, 't2.2xlarge_use1-az3': 15, 't2.2xlarge_use1-az4': 50, 't2.2xlarge_use1-az5': 50, 't2.2xlarge_use1-az6': 50, 't2.large_use1-az1': 20, 't2.large_use1-az2': 50, 't2.large_use1-az3': 50, 't2.large_use1-az4': 50, 't2.large_use1-az5': 25, 't2.large_use1-az6': 50, 't2.medium_use1-az1': 50, 't2.medium_use1-az2': 50, 't2.medium_use1-az3': 50, 't2.medium_use1-az4': 50, 't2.medium_use1-az5': 50, 't2.medium_use1-az6': 50, 't2.xlarge_use1-az1': 35, 't2.xlarge_use1-az2': 50, 't2.xlarge_use1-az3': 20, 't2.xlarge_use1-az4': 50, 't2.xlarge_use1-az5': 5, 't2.xlarge_use1-az6': 50, 't3.2xlarge_use1-az1': 50, 't3.2xlarge_use1-az2': 50, 't3.2xlarge_use1-az4': 50, 't3.2xlarge_use1-az5': 50, 't3.2xlarge_use1-az6': 50, 't3.large_use1-az1': 50, 't3.large_use1-az2': 50, 't3.large_use1-az4': 50, 't3.large_use1-az5': 50, 't3.large_use1-az6': 50, 't3.medium_use1-az1': 50, 't3.medium_use1-az2': 50, 't3.medium_use1-az4': 50, 't3.medium_use1-az5': 50, 't3.medium_use1-az6': 50, 't3.xlarge_use1-az1': 50, 't3.xlarge_use1-az2': 50, 't3.xlarge_use1-az4': 50, 't3.xlarge_use1-az5': 50, 't3.xlarge_use1-az6': 50, 't3a.2xlarge_use1-az1': 50, 't3a.2xlarge_use1-az2': 50, 't3a.2xlarge_use1-az4': 50, 't3a.2xlarge_use1-az5': 50, 't3a.2xlarge_use1-az6': 50, 't3a.large_use1-az1': 50, 't3a.large_use1-az2': 50, 't3a.large_use1-az4': 50, 't3a.large_use1-az5': 5, 't3a.large_use1-az6': 50, 't3a.medium_use1-az1': 50, 't3a.medium_use1-az2': 50, 't3a.medium_use1-az4': 50, 't3a.medium_use1-az5': 5, 't3a.medium_use1-az6': 50, 't3a.xlarge_use1-az1': 25, 't3a.xlarge_use1-az2': 50, 't3a.xlarge_use1-az4': 50, 't3a.xlarge_use1-az5': 15, 't3a.xlarge_use1-az6': 50, 't4g.2xlarge_use1-az1': 5, 't4g.2xlarge_use1-az2': 15, 't4g.2xlarge_use1-az4': 5, 't4g.2xlarge_use1-az5': 10, 't4g.2xlarge_use1-az6': 10, 't4g.large_use1-az1': 1, 't4g.large_use1-az2': 15, 't4g.large_use1-az4': 50, 't4g.large_use1-az5': 25, 't4g.large_use1-az6': 35, 't4g.medium_use1-az1': 1, 't4g.medium_use1-az2': 50, 't4g.medium_use1-az4': 50, 't4g.medium_use1-az5': 35, 't4g.medium_use1-az6': 50, 't4g.xlarge_use1-az1': 30, 't4g.xlarge_use1-az2': 15, 't4g.xlarge_use1-az4': 50, 't4g.xlarge_use1-az5': 5, 't4g.xlarge_use1-az6': 10, 'trn1.2xlarge_use1-az5': 5, 'trn1.2xlarge_use1-az6': 20, 'trn1.32xlarge_use1-az6': 50, 'trn1n.32xlarge_use1-az6': 50, 'vt1.3xlarge_use1-az2': 1, 'vt1.6xlarge_use1-az2': 1, 'x1.16xlarge_use1-az2': 1, 'x1.16xlarge_use1-az4': 1, 'x1.16xlarge_use1-az6': 1, 'x1.32xlarge_use1-az2': 1, 'x1.32xlarge_use1-az3': 5, 'x1.32xlarge_use1-az6': 1, 'x1e.16xlarge_use1-az2': 1, 'x1e.16xlarge_use1-az4': 1, 'x1e.16xlarge_use1-az6': 5, 'x1e.2xlarge_use1-az1': 1, 'x1e.2xlarge_use1-az2': 5, 'x1e.2xlarge_use1-az4': 10, 'x1e.2xlarge_use1-az6': 1, 'x1e.4xlarge_use1-az2': 5, 'x1e.4xlarge_use1-az4': 5, 'x1e.4xlarge_use1-az6': 1, 'x1e.8xlarge_use1-az1': 1, 'x1e.8xlarge_use1-az2': 1, 'x1e.8xlarge_use1-az4': 5, 'x1e.8xlarge_use1-az6': 5, 'x1e.xlarge_use1-az1': 10, 'x1e.xlarge_use1-az2': 20, 'x1e.xlarge_use1-az4': 15, 'x1e.xlarge_use1-az6': 5, 'x2gd.12xlarge_use1-az5': 5, 'x2gd.12xlarge_use1-az6': 1, 'x2gd.16xlarge_use1-az5': 1, 'x2gd.16xlarge_use1-az6': 15, 'x2gd.2xlarge_use1-az1': 5, 'x2gd.2xlarge_use1-az4': 1, 'x2gd.2xlarge_use1-az5': 5, 'x2gd.2xlarge_use1-az6': 30, 'x2gd.4xlarge_use1-az1': 1, 'x2gd.4xlarge_use1-az2': 1, 'x2gd.4xlarge_use1-az4': 5, 'x2gd.4xlarge_use1-az5': 1, 'x2gd.4xlarge_use1-az6': 35, 'x2gd.8xlarge_use1-az4': 1, 'x2gd.8xlarge_use1-az5': 1, 'x2gd.8xlarge_use1-az6': 5, 'x2gd.large_use1-az1': 35, 'x2gd.large_use1-az2': 25, 'x2gd.large_use1-az4': 15, 'x2gd.large_use1-az5': 25, 'x2gd.large_use1-az6': 50, 'x2gd.medium_use1-az1': 25, 'x2gd.medium_use1-az2': 35, 'x2gd.medium_use1-az4': 50, 'x2gd.medium_use1-az5': 50, 'x2gd.medium_use1-az6': 50, 'x2gd.xlarge_use1-az1': 5, 'x2gd.xlarge_use1-az2': 1, 'x2gd.xlarge_use1-az4': 20, 'x2gd.xlarge_use1-az5': 15, 'x2gd.xlarge_use1-az6': 25, 'x2idn.16xlarge_use1-az2': 1, 'x2idn.16xlarge_use1-az5': 1, 'x2idn.24xlarge_use1-az4': 1, 'x2idn.24xlarge_use1-az5': 1, 'x2idn.32xlarge_use1-az5': 1, 'x2iedn.24xlarge_use1-az4': 1, 'x2iedn.24xlarge_use1-az6': 1, 'x2iedn.2xlarge_use1-az1': 1, 'x2iedn.2xlarge_use1-az2': 25, 'x2iedn.2xlarge_use1-az4': 15, 'x2iedn.2xlarge_use1-az5': 1, 'x2iedn.2xlarge_use1-az6': 5, 'x2iedn.4xlarge_use1-az1': 1, 'x2iedn.4xlarge_use1-az2': 1, 'x2iedn.4xlarge_use1-az4': 1, 'x2iedn.4xlarge_use1-az5': 1, 'x2iedn.4xlarge_use1-az6': 1, 'x2iedn.8xlarge_use1-az4': 1, 'x2iedn.8xlarge_use1-az6': 1, 'x2iedn.xlarge_use1-az1': 5, 'x2iedn.xlarge_use1-az2': 20, 'x2iedn.xlarge_use1-az4': 10, 'x2iedn.xlarge_use1-az5': 1, 'x2iedn.xlarge_use1-az6': 10, 'x2iezn.12xlarge_use1-az2': 1, 'x2iezn.12xlarge_use1-az4': 20, 'x2iezn.12xlarge_use1-az6': 5, 'x2iezn.2xlarge_use1-az2': 5, 'x2iezn.2xlarge_use1-az4': 10, 'x2iezn.2xlarge_use1-az6': 1, 'x2iezn.4xlarge_use1-az2': 1, 'x2iezn.4xlarge_use1-az4': 5, 'x2iezn.4xlarge_use1-az6': 1, 'x2iezn.6xlarge_use1-az2': 1, 'x2iezn.6xlarge_use1-az4': 5, 'x2iezn.6xlarge_use1-az6': 1, 'x2iezn.8xlarge_use1-az2': 1, 'x2iezn.8xlarge_use1-az4': 10, 'x2iezn.8xlarge_use1-az6': 1, 'x8g.12xlarge_use1-az2': 1, 'x8g.12xlarge_use1-az4': 20, 'x8g.12xlarge_use1-az6': 1, 'x8g.16xlarge_use1-az1': 1, 'x8g.16xlarge_use1-az2': 5, 'x8g.16xlarge_use1-az4': 5, 'x8g.16xlarge_use1-az6': 5, 'x8g.24xlarge_use1-az1': 1, 'x8g.24xlarge_use1-az2': 5, 'x8g.24xlarge_use1-az4': 5, 'x8g.24xlarge_use1-az6': 10, 'x8g.2xlarge_use1-az1': 5, 'x8g.2xlarge_use1-az2': 10, 'x8g.2xlarge_use1-az4': 10, 'x8g.2xlarge_use1-az6': 25, 'x8g.48xlarge_use1-az1': 1, 'x8g.48xlarge_use1-az2': 1, 'x8g.48xlarge_use1-az4': 10, 'x8g.48xlarge_use1-az6': 1, 'x8g.4xlarge_use1-az1': 1, 'x8g.4xlarge_use1-az2': 5, 'x8g.4xlarge_use1-az4': 5, 'x8g.4xlarge_use1-az6': 10, 'x8g.8xlarge_use1-az2': 15, 'x8g.8xlarge_use1-az4': 20, 'x8g.8xlarge_use1-az6': 5, 'x8g.large_use1-az1': 30, 'x8g.large_use1-az4': 50, 'x8g.large_use1-az6': 50, 'x8g.medium_use1-az1': 50, 'x8g.medium_use1-az4': 50, 'x8g.medium_use1-az6': 50, 'x8g.metal-24xl_use1-az1': 1, 'x8g.metal-24xl_use1-az2': 1, 'x8g.metal-24xl_use1-az4': 1, 'x8g.metal-24xl_use1-az6': 10, 'x8g.metal-48xl_use1-az2': 1, 'x8g.metal-48xl_use1-az4': 1, 'x8g.metal-48xl_use1-az6': 1, 'x8g.xlarge_use1-az1': 10, 'x8g.xlarge_use1-az2': 20, 'x8g.xlarge_use1-az4': 40, 'x8g.xlarge_use1-az6': 50, 'z1d.12xlarge_use1-az1': 1, 'z1d.12xlarge_use1-az2': 1, 'z1d.12xlarge_use1-az4': 1, 'z1d.12xlarge_use1-az5': 1, 'z1d.12xlarge_use1-az6': 5, 'z1d.2xlarge_use1-az1': 5, 'z1d.2xlarge_use1-az2': 5, 'z1d.2xlarge_use1-az4': 15, 'z1d.2xlarge_use1-az5': 1, 'z1d.2xlarge_use1-az6': 15, 'z1d.3xlarge_use1-az1': 5, 'z1d.3xlarge_use1-az2': 5, 'z1d.3xlarge_use1-az4': 10, 'z1d.3xlarge_use1-az5': 5, 'z1d.3xlarge_use1-az6': 5, 'z1d.6xlarge_use1-az1': 1, 'z1d.6xlarge_use1-az2': 1, 'z1d.6xlarge_use1-az4': 1, 'z1d.6xlarge_use1-az6': 1, 'z1d.large_use1-az1': 15, 'z1d.large_use1-az2': 5, 'z1d.large_use1-az4': 25, 'z1d.large_use1-az5': 10, 'z1d.large_use1-az6': 25, 'z1d.xlarge_use1-az1': 10, 'z1d.xlarge_use1-az2': 20, 'z1d.xlarge_use1-az4': 30, 'z1d.xlarge_use1-az5': 1, 'z1d.xlarge_use1-az6': 20}"
0.93,27580.697999999957,29752210474,1078733.0499964543,1145817,1145717,"{'c3.2xlarge_use1-az2': 5, 'c3.2xlarge_use1-az4': 50, 'c3.2xlarge_use1-az6': 15, 'c3.4xlarge_use1-az2': 5, 'c3.4xlarge_use1-az4': 5, 'c3.4xlarge_use1-az6': 5, 'c3.8xlarge_use1-az2': 5, 'c3.8xlarge_use1-az4': 5, 'c3.8xlarge_use1-az6': 1, 'c3.xlarge_use1-az2': 35, 'c3.xlarge_use1-az3': 1, 'c3.xlarge_use1-az4': 50, 'c3.xlarge_use1-az6': 30, 'c4.2xlarge_use1-az1': 5, 'c4.2xlarge_use1-az2': 5, 'c4.2xlarge_use1-az3': 25, 'c4.2xlarge_use1-az4': 15, 'c4.2xlarge_use1-az5': 15, 'c4.2xlarge_use1-az6': 10, 'c4.4xlarge_use1-az1': 5, 'c4.4xlarge_use1-az2': 5, 'c4.4xlarge_use1-az3': 10, 'c4.4xlarge_use1-az4': 5, 'c4.4xlarge_use1-az5': 5, 'c4.4xlarge_use1-az6': 1, 'c4.8xlarge_use1-az1': 1, 'c4.8xlarge_use1-az2': 5, 'c4.8xlarge_use1-az3': 5, 'c4.8xlarge_use1-az4': 15, 'c4.8xlarge_use1-az5': 5, 'c4.8xlarge_use1-az6': 5, 'c4.xlarge_use1-az1': 25, 'c4.xlarge_use1-az2': 40, 'c4.xlarge_use1-az3': 20, 'c4.xlarge_use1-az4': 40, 'c4.xlarge_use1-az5': 50, 'c4.xlarge_use1-az6': 50, 'c5.12xlarge_use1-az1': 50, 'c5.12xlarge_use1-az2': 50, 'c5.12xlarge_use1-az4': 50, 'c5.12xlarge_use1-az5': 50, 'c5.12xlarge_use1-az6': 50, 'c5.18xlarge_use1-az1': 5, 'c5.18xlarge_use1-az2': 50, 'c5.18xlarge_use1-az4': 15, 'c5.18xlarge_use1-az5': 10, 'c5.18xlarge_use1-az6': 1, 'c5.24xlarge_use1-az1': 1, 'c5.24xlarge_use1-az2': 5, 'c5.24xlarge_use1-az4': 5, 'c5.24xlarge_use1-az5': 1, 'c5.24xlarge_use1-az6': 5, 'c5.2xlarge_use1-az1': 50, 'c5.2xlarge_use1-az2': 50, 'c5.2xlarge_use1-az4': 50, 'c5.2xlarge_use1-az5': 50, 'c5.2xlarge_use1-az6': 50, 'c5.4xlarge_use1-az1': 50, 'c5.4xlarge_use1-az2': 50, 'c5.4xlarge_use1-az4': 50, 'c5.4xlarge_use1-az5': 50, 'c5.4xlarge_use1-az6': 50, 'c5.9xlarge_use1-az1': 50, 'c5.9xlarge_use1-az2': 50, 'c5.9xlarge_use1-az4': 50, 'c5.9xlarge_use1-az5': 50, 'c5.9xlarge_use1-az6': 50, 'c5.large_use1-az1': 50, 'c5.large_use1-az2': 50, 'c5.large_use1-az4': 50, 'c5.large_use1-az5': 50, 'c5.large_use1-az6': 50, 'c5.xlarge_use1-az1': 50, 'c5.xlarge_use1-az2': 50, 'c5.xlarge_use1-az4': 50, 'c5.xlarge_use1-az5': 50, 'c5.xlarge_use1-az6': 50, 'c5a.12xlarge_use1-az1': 5, 'c5a.12xlarge_use1-az2': 10, 'c5a.12xlarge_use1-az4': 15, 'c5a.12xlarge_use1-az5': 1, 'c5a.12xlarge_use1-az6': 5, 'c5a.16xlarge_use1-az4': 1, 'c5a.16xlarge_use1-az6': 1, 'c5a.24xlarge_use1-az2': 1, 'c5a.24xlarge_use1-az4': 1, 'c5a.24xlarge_use1-az6': 1, 'c5a.2xlarge_use1-az1': 30, 'c5a.2xlarge_use1-az2': 20, 'c5a.2xlarge_use1-az4': 50, 'c5a.2xlarge_use1-az5': 15, 'c5a.2xlarge_use1-az6': 50, 'c5a.4xlarge_use1-az1': 5, 'c5a.4xlarge_use1-az2': 1, 'c5a.4xlarge_use1-az4': 5, 'c5a.4xlarge_use1-az5': 5, 'c5a.4xlarge_use1-az6': 5, 'c5a.8xlarge_use1-az1': 1, 'c5a.8xlarge_use1-az2': 1, 'c5a.8xlarge_use1-az4': 5, 'c5a.8xlarge_use1-az6': 15, 'c5a.large_use1-az1': 50, 'c5a.large_use1-az2': 50, 'c5a.large_use1-az4': 50, 'c5a.large_use1-az5': 45, 'c5a.large_use1-az6': 50, 'c5a.xlarge_use1-az1': 50, 'c5a.xlarge_use1-az2': 50, 'c5a.xlarge_use1-az4': 50, 'c5a.xlarge_use1-az5': 50, 'c5a.xlarge_use1-az6': 50, 'c5ad.12xlarge_use1-az1': 5, 'c5ad.12xlarge_use1-az2': 5, 'c5ad.12xlarge_use1-az4': 5, 'c5ad.12xlarge_use1-az6': 5, 'c5ad.16xlarge_use1-az1': 1, 'c5ad.16xlarge_use1-az2': 5, 'c5ad.16xlarge_use1-az4': 1, 'c5ad.16xlarge_use1-az6': 1, 'c5ad.24xlarge_use1-az1': 1, 'c5ad.24xlarge_use1-az2': 1, 'c5ad.24xlarge_use1-az4': 1, 'c5ad.24xlarge_use1-az6': 5, 'c5ad.2xlarge_use1-az1': 10, 'c5ad.2xlarge_use1-az2': 5, 'c5ad.2xlarge_use1-az4': 5, 'c5ad.2xlarge_use1-az5': 5, 'c5ad.2xlarge_use1-az6': 15, 'c5ad.4xlarge_use1-az1': 5, 'c5ad.4xlarge_use1-az2': 5, 'c5ad.4xlarge_use1-az4': 1, 'c5ad.4xlarge_use1-az5': 1, 'c5ad.4xlarge_use1-az6': 10, 'c5ad.8xlarge_use1-az1': 1, 'c5ad.8xlarge_use1-az2': 1, 'c5ad.8xlarge_use1-az4': 1, 'c5ad.8xlarge_use1-az5': 1, 'c5ad.8xlarge_use1-az6': 1, 'c5ad.large_use1-az1': 20, 'c5ad.large_use1-az2': 30, 'c5ad.large_use1-az4': 10, 'c5ad.large_use1-az5': 15, 'c5ad.large_use1-az6': 20, 'c5ad.xlarge_use1-az1': 15, 'c5ad.xlarge_use1-az2': 10, 'c5ad.xlarge_use1-az4': 5, 'c5ad.xlarge_use1-az5': 5, 'c5ad.xlarge_use1-az6': 15, 'c5d.12xlarge_use1-az2': 15, 'c5d.12xlarge_use1-az4': 5, 'c5d.12xlarge_use1-az6': 45, 'c5d.18xlarge_use1-az1': 5, 'c5d.18xlarge_use1-az2': 50, 'c5d.18xlarge_use1-az4': 50, 'c5d.18xlarge_use1-az5': 5, 'c5d.18xlarge_use1-az6': 30, 'c5d.24xlarge_use1-az2': 35, 'c5d.24xlarge_use1-az4': 25, 'c5d.24xlarge_use1-az6': 50, 'c5d.2xlarge_use1-az1': 15, 'c5d.2xlarge_use1-az2': 50, 'c5d.2xlarge_use1-az4': 50, 'c5d.2xlarge_use1-az5': 20, 'c5d.2xlarge_use1-az6': 50, 'c5d.4xlarge_use1-az1': 20, 'c5d.4xlarge_use1-az2': 50, 'c5d.4xlarge_use1-az4': 50, 'c5d.4xlarge_use1-az5': 25, 'c5d.4xlarge_use1-az6': 50, 'c5d.9xlarge_use1-az1': 10, 'c5d.9xlarge_use1-az2': 20, 'c5d.9xlarge_use1-az4': 50, 'c5d.9xlarge_use1-az5': 10, 'c5d.9xlarge_use1-az6': 25, 'c5d.large_use1-az1': 50, 'c5d.large_use1-az2': 50, 'c5d.large_use1-az4': 50, 'c5d.large_use1-az5': 35, 'c5d.large_use1-az6': 50, 'c5d.xlarge_use1-az1': 50, 'c5d.xlarge_use1-az2': 50, 'c5d.xlarge_use1-az4': 50, 'c5d.xlarge_use1-az5': 50, 'c5d.xlarge_use1-az6': 50, 'c5n.18xlarge_use1-az1': 30, 'c5n.18xlarge_use1-az2': 5, 'c5n.18xlarge_use1-az4': 10, 'c5n.2xlarge_use1-az1': 5, 'c5n.2xlarge_use1-az2': 10, 'c5n.2xlarge_use1-az4': 15, 'c5n.2xlarge_use1-az5': 10, 'c5n.2xlarge_use1-az6': 10, 'c5n.4xlarge_use1-az1': 5, 'c5n.4xlarge_use1-az2': 1, 'c5n.4xlarge_use1-az4': 5, 'c5n.4xlarge_use1-az6': 1, 'c5n.9xlarge_use1-az1': 10, 'c5n.9xlarge_use1-az2': 1, 'c5n.9xlarge_use1-az4': 5, 'c5n.large_use1-az1': 10, 'c5n.large_use1-az2': 10, 'c5n.large_use1-az4': 25, 'c5n.large_use1-az5': 5, 'c5n.large_use1-az6': 5, 'c5n.xlarge_use1-az1': 1, 'c5n.xlarge_use1-az2': 1, 'c5n.xlarge_use1-az4': 5, 'c5n.xlarge_use1-az5': 1, 'c5n.xlarge_use1-az6': 1, 'c6a.12xlarge_use1-az1': 5, 'c6a.12xlarge_use1-az2': 50, 'c6a.12xlarge_use1-az4': 50, 'c6a.12xlarge_use1-az5': 1, 'c6a.12xlarge_use1-az6': 15, 'c6a.16xlarge_use1-az1': 1, 'c6a.16xlarge_use1-az2': 5, 'c6a.16xlarge_use1-az4': 10, 'c6a.16xlarge_use1-az5': 1, 'c6a.16xlarge_use1-az6': 15, 'c6a.24xlarge_use1-az1': 1, 'c6a.24xlarge_use1-az2': 5, 'c6a.24xlarge_use1-az4': 5, 'c6a.24xlarge_use1-az5': 5, 'c6a.24xlarge_use1-az6': 20, 'c6a.2xlarge_use1-az1': 10, 'c6a.2xlarge_use1-az2': 40, 'c6a.2xlarge_use1-az4': 50, 'c6a.2xlarge_use1-az5': 10, 'c6a.2xlarge_use1-az6': 50, 'c6a.32xlarge_use1-az2': 1, 'c6a.32xlarge_use1-az4': 1, 'c6a.32xlarge_use1-az5': 1, 'c6a.32xlarge_use1-az6': 5, 'c6a.48xlarge_use1-az2': 1, 'c6a.48xlarge_use1-az4': 10, 'c6a.48xlarge_use1-az5': 5, 'c6a.48xlarge_use1-az6': 25, 'c6a.4xlarge_use1-az1': 15, 'c6a.4xlarge_use1-az2': 15, 'c6a.4xlarge_use1-az4': 30, 'c6a.4xlarge_use1-az5': 15, 'c6a.4xlarge_use1-az6': 50, 'c6a.8xlarge_use1-az1': 5, 'c6a.8xlarge_use1-az2': 50, 'c6a.8xlarge_use1-az4': 30, 'c6a.8xlarge_use1-az5': 25, 'c6a.8xlarge_use1-az6': 50, 'c6a.large_use1-az1': 45, 'c6a.large_use1-az2': 50, 'c6a.large_use1-az4': 50, 'c6a.large_use1-az5': 50, 'c6a.large_use1-az6': 20, 'c6a.xlarge_use1-az1': 15, 'c6a.xlarge_use1-az2': 25, 'c6a.xlarge_use1-az4': 25, 'c6a.xlarge_use1-az5': 15, 'c6a.xlarge_use1-az6': 25, 'c6g.12xlarge_use1-az1': 15, 'c6g.12xlarge_use1-az2': 25, 'c6g.12xlarge_use1-az4': 50, 'c6g.12xlarge_use1-az5': 5, 'c6g.12xlarge_use1-az6': 50, 'c6g.16xlarge_use1-az1': 1, 'c6g.16xlarge_use1-az2': 15, 'c6g.16xlarge_use1-az4': 50, 'c6g.16xlarge_use1-az5': 5, 'c6g.16xlarge_use1-az6': 50, 'c6g.2xlarge_use1-az1': 5, 'c6g.2xlarge_use1-az2': 50, 'c6g.2xlarge_use1-az4': 50, 'c6g.2xlarge_use1-az5': 15, 'c6g.2xlarge_use1-az6': 50, 'c6g.4xlarge_use1-az1': 50, 'c6g.4xlarge_use1-az2': 50, 'c6g.4xlarge_use1-az4': 50, 'c6g.4xlarge_use1-az5': 50, 'c6g.4xlarge_use1-az6': 50, 'c6g.8xlarge_use1-az1': 50, 'c6g.8xlarge_use1-az2': 50, 'c6g.8xlarge_use1-az4': 50, 'c6g.8xlarge_use1-az5': 50, 'c6g.8xlarge_use1-az6': 50, 'c6g.large_use1-az1': 5, 'c6g.large_use1-az2': 50, 'c6g.large_use1-az4': 50, 'c6g.large_use1-az5': 50, 'c6g.large_use1-az6': 50, 'c6g.xlarge_use1-az1': 30, 'c6g.xlarge_use1-az2': 50, 'c6g.xlarge_use1-az4': 50, 'c6g.xlarge_use1-az5': 10, 'c6g.xlarge_use1-az6': 50, 'c6gd.12xlarge_use1-az2': 50, 'c6gd.12xlarge_use1-az4': 30, 'c6gd.12xlarge_use1-az5': 1, 'c6gd.12xlarge_use1-az6': 50, 'c6gd.16xlarge_use1-az2': 50, 'c6gd.16xlarge_use1-az4': 30, 'c6gd.16xlarge_use1-az6': 50, 'c6gd.2xlarge_use1-az1': 15, 'c6gd.2xlarge_use1-az2': 50, 'c6gd.2xlarge_use1-az4': 50, 'c6gd.2xlarge_use1-az5': 1, 'c6gd.2xlarge_use1-az6': 50, 'c6gd.4xlarge_use1-az1': 20, 'c6gd.4xlarge_use1-az2': 50, 'c6gd.4xlarge_use1-az4': 50, 'c6gd.4xlarge_use1-az5': 10, 'c6gd.4xlarge_use1-az6': 50, 'c6gd.8xlarge_use1-az1': 25, 'c6gd.8xlarge_use1-az2': 45, 'c6gd.8xlarge_use1-az4': 45, 'c6gd.8xlarge_use1-az5': 1, 'c6gd.8xlarge_use1-az6': 50, 'c6gd.large_use1-az1': 50, 'c6gd.large_use1-az2': 5, 'c6gd.large_use1-az4': 20, 'c6gd.large_use1-az5': 1, 'c6gd.large_use1-az6': 50, 'c6gd.xlarge_use1-az1': 50, 'c6gd.xlarge_use1-az2': 1, 'c6gd.xlarge_use1-az4': 1, 'c6gd.xlarge_use1-az5': 50, 'c6gd.xlarge_use1-az6': 50, 'c6gn.12xlarge_use1-az2': 25, 'c6gn.12xlarge_use1-az4': 50, 'c6gn.12xlarge_use1-az5': 1, 'c6gn.16xlarge_use1-az1': 1, 'c6gn.16xlarge_use1-az2': 50, 'c6gn.16xlarge_use1-az4': 50, 'c6gn.16xlarge_use1-az5': 10, 'c6gn.2xlarge_use1-az1': 5, 'c6gn.2xlarge_use1-az2': 1, 'c6gn.2xlarge_use1-az4': 20, 'c6gn.2xlarge_use1-az5': 1, 'c6gn.4xlarge_use1-az1': 1, 'c6gn.4xlarge_use1-az2': 40, 'c6gn.4xlarge_use1-az4': 35, 'c6gn.4xlarge_use1-az5': 10, 'c6gn.8xlarge_use1-az1': 25, 'c6gn.8xlarge_use1-az2': 35, 'c6gn.8xlarge_use1-az4': 30, 'c6gn.8xlarge_use1-az5': 5, 'c6gn.8xlarge_use1-az6': 5, 'c6gn.large_use1-az1': 5, 'c6gn.large_use1-az2': 25, 'c6gn.large_use1-az4': 10, 'c6gn.large_use1-az5': 15, 'c6gn.large_use1-az6': 1, 'c6gn.xlarge_use1-az1': 5, 'c6gn.xlarge_use1-az2': 10, 'c6gn.xlarge_use1-az4': 15, 'c6gn.xlarge_use1-az5': 5, 'c6gn.xlarge_use1-az6': 1, 'c6i.12xlarge_use1-az1': 15, 'c6i.12xlarge_use1-az2': 15, 'c6i.12xlarge_use1-az4': 30, 'c6i.12xlarge_use1-az5': 5, 'c6i.12xlarge_use1-az6': 5, 'c6i.16xlarge_use1-az1': 5, 'c6i.16xlarge_use1-az2': 15, 'c6i.16xlarge_use1-az4': 25, 'c6i.16xlarge_use1-az5': 10, 'c6i.16xlarge_use1-az6': 30, 'c6i.24xlarge_use1-az1': 5, 'c6i.24xlarge_use1-az2': 5, 'c6i.24xlarge_use1-az4': 10, 'c6i.24xlarge_use1-az5': 1, 'c6i.24xlarge_use1-az6': 15, 'c6i.2xlarge_use1-az1': 20, 'c6i.2xlarge_use1-az2': 50, 'c6i.2xlarge_use1-az4': 50, 'c6i.2xlarge_use1-az5': 5, 'c6i.2xlarge_use1-az6': 50, 'c6i.32xlarge_use1-az1': 10, 'c6i.32xlarge_use1-az2': 5, 'c6i.32xlarge_use1-az4': 50, 'c6i.32xlarge_use1-az5': 1, 'c6i.32xlarge_use1-az6': 40, 'c6i.4xlarge_use1-az1': 10, 'c6i.4xlarge_use1-az2': 40, 'c6i.4xlarge_use1-az4': 50, 'c6i.4xlarge_use1-az5': 15, 'c6i.4xlarge_use1-az6': 50, 'c6i.8xlarge_use1-az1': 10, 'c6i.8xlarge_use1-az2': 45, 'c6i.8xlarge_use1-az4': 50, 'c6i.8xlarge_use1-az5': 10, 'c6i.8xlarge_use1-az6': 50, 'c6i.large_use1-az1': 10, 'c6i.large_use1-az2': 40, 'c6i.large_use1-az4': 30, 'c6i.large_use1-az5': 10, 'c6i.large_use1-az6': 50, 'c6i.xlarge_use1-az1': 50, 'c6i.xlarge_use1-az2': 45, 'c6i.xlarge_use1-az4': 35, 'c6i.xlarge_use1-az5': 10, 'c6i.xlarge_use1-az6': 50, 'c6id.12xlarge_use1-az1': 1, 'c6id.12xlarge_use1-az2': 1, 'c6id.12xlarge_use1-az4': 5, 'c6id.12xlarge_use1-az6': 5, 'c6id.16xlarge_use1-az1': 1, 'c6id.16xlarge_use1-az2': 5, 'c6id.16xlarge_use1-az4': 5, 'c6id.16xlarge_use1-az5': 1, 'c6id.16xlarge_use1-az6': 1, 'c6id.24xlarge_use1-az1': 5, 'c6id.24xlarge_use1-az2': 15, 'c6id.24xlarge_use1-az4': 5, 'c6id.24xlarge_use1-az5': 1, 'c6id.24xlarge_use1-az6': 10, 'c6id.2xlarge_use1-az1': 1, 'c6id.2xlarge_use1-az2': 1, 'c6id.2xlarge_use1-az4': 5, 'c6id.2xlarge_use1-az5': 5, 'c6id.2xlarge_use1-az6': 1, 'c6id.32xlarge_use1-az1': 1, 'c6id.32xlarge_use1-az2': 5, 'c6id.32xlarge_use1-az4': 10, 'c6id.32xlarge_use1-az5': 1, 'c6id.32xlarge_use1-az6': 5, 'c6id.4xlarge_use1-az1': 15, 'c6id.4xlarge_use1-az2': 10, 'c6id.4xlarge_use1-az4': 10, 'c6id.4xlarge_use1-az5': 1, 'c6id.4xlarge_use1-az6': 5, 'c6id.8xlarge_use1-az1': 5, 'c6id.8xlarge_use1-az2': 1, 'c6id.8xlarge_use1-az4': 5, 'c6id.8xlarge_use1-az5': 1, 'c6id.8xlarge_use1-az6': 1, 'c6id.large_use1-az1': 5, 'c6id.large_use1-az2': 5, 'c6id.large_use1-az4': 1, 'c6id.large_use1-az5': 5, 'c6id.large_use1-az6': 5, 'c6id.xlarge_use1-az1': 5, 'c6id.xlarge_use1-az2': 1, 'c6id.xlarge_use1-az4': 5, 'c6id.xlarge_use1-az5': 1, 'c6id.xlarge_use1-az6': 1, 'c6in.12xlarge_use1-az1': 1, 'c6in.12xlarge_use1-az6': 1, 'c6in.16xlarge_use1-az4': 1, 'c6in.24xlarge_use1-az6': 1, 'c6in.2xlarge_use1-az1': 1, 'c6in.2xlarge_use1-az2': 1, 'c6in.2xlarge_use1-az4': 1, 'c6in.2xlarge_use1-az6': 1, 'c6in.32xlarge_use1-az1': 1, 'c6in.32xlarge_use1-az6': 1, 'c6in.4xlarge_use1-az1': 5, 'c6in.4xlarge_use1-az2': 5, 'c6in.4xlarge_use1-az4': 5, 'c6in.4xlarge_use1-az6': 25, 'c6in.8xlarge_use1-az1': 1, 'c6in.8xlarge_use1-az6': 1, 'c6in.large_use1-az1': 5, 'c6in.large_use1-az2': 1, 'c6in.large_use1-az4': 1, 'c6in.large_use1-az5': 1, 'c6in.large_use1-az6': 5, 'c6in.xlarge_use1-az1': 20, 'c6in.xlarge_use1-az2': 1, 'c6in.xlarge_use1-az4': 1, 'c6in.xlarge_use1-az6': 10, 'c7a.12xlarge_use1-az1': 5, 'c7a.12xlarge_use1-az2': 5, 'c7a.12xlarge_use1-az4': 1, 'c7a.12xlarge_use1-az6': 15, 'c7a.16xlarge_use1-az1': 1, 'c7a.16xlarge_use1-az2': 1, 'c7a.16xlarge_use1-az6': 5, 'c7a.24xlarge_use1-az1': 1, 'c7a.24xlarge_use1-az2': 1, 'c7a.24xlarge_use1-az5': 1, 'c7a.24xlarge_use1-az6': 5, 'c7a.2xlarge_use1-az1': 1, 'c7a.2xlarge_use1-az2': 1, 'c7a.2xlarge_use1-az4': 25, 'c7a.2xlarge_use1-az5': 1, 'c7a.2xlarge_use1-az6': 10, 'c7a.32xlarge_use1-az1': 1, 'c7a.32xlarge_use1-az2': 1, 'c7a.32xlarge_use1-az6': 15, 'c7a.48xlarge_use1-az1': 1, 'c7a.48xlarge_use1-az2': 1, 'c7a.48xlarge_use1-az5': 1, 'c7a.48xlarge_use1-az6': 20, 'c7a.4xlarge_use1-az1': 5, 'c7a.4xlarge_use1-az2': 10, 'c7a.4xlarge_use1-az4': 5, 'c7a.4xlarge_use1-az5': 1, 'c7a.4xlarge_use1-az6': 50, 'c7a.8xlarge_use1-az1': 1, 'c7a.8xlarge_use1-az2': 1, 'c7a.8xlarge_use1-az4': 1, 'c7a.8xlarge_use1-az6': 10, 'c7a.large_use1-az1': 15, 'c7a.large_use1-az2': 25, 'c7a.large_use1-az4': 30, 'c7a.large_use1-az5': 10, 'c7a.large_use1-az6': 50, 'c7a.xlarge_use1-az1': 5, 'c7a.xlarge_use1-az2': 5, 'c7a.xlarge_use1-az4': 10, 'c7a.xlarge_use1-az5': 5, 'c7a.xlarge_use1-az6': 15, 'c7g.12xlarge_use1-az1': 15, 'c7g.12xlarge_use1-az2': 50, 'c7g.12xlarge_use1-az4': 15, 'c7g.12xlarge_use1-az5': 1, 'c7g.12xlarge_use1-az6': 50, 'c7g.16xlarge_use1-az1': 25, 'c7g.16xlarge_use1-az2': 40, 'c7g.16xlarge_use1-az4': 50, 'c7g.16xlarge_use1-az5': 10, 'c7g.16xlarge_use1-az6': 50, 'c7g.2xlarge_use1-az1': 50, 'c7g.2xlarge_use1-az2': 50, 'c7g.2xlarge_use1-az4': 50, 'c7g.2xlarge_use1-az5': 50, 'c7g.2xlarge_use1-az6': 50, 'c7g.4xlarge_use1-az1': 50, 'c7g.4xlarge_use1-az2': 50, 'c7g.4xlarge_use1-az4': 50, 'c7g.4xlarge_use1-az5': 50, 'c7g.4xlarge_use1-az6': 50, 'c7g.8xlarge_use1-az1': 50, 'c7g.8xlarge_use1-az2': 50, 'c7g.8xlarge_use1-az4': 50, 'c7g.8xlarge_use1-az5': 50, 'c7g.8xlarge_use1-az6': 50, 'c7g.large_use1-az1': 5, 'c7g.large_use1-az2': 45, 'c7g.large_use1-az4': 30, 'c7g.large_use1-az5': 10, 'c7g.large_use1-az6': 30, 'c7g.xlarge_use1-az1': 50, 'c7g.xlarge_use1-az2': 50, 'c7g.xlarge_use1-az4': 50, 'c7g.xlarge_use1-az5': 50, 'c7g.xlarge_use1-az6': 50, 'c7gd.12xlarge_use1-az1': 5, 'c7gd.12xlarge_use1-az2': 30, 'c7gd.12xlarge_use1-az4': 15, 'c7gd.12xlarge_use1-az5': 15, 'c7gd.12xlarge_use1-az6': 50, 'c7gd.16xlarge_use1-az1': 5, 'c7gd.16xlarge_use1-az2': 30, 'c7gd.16xlarge_use1-az4': 40, 'c7gd.16xlarge_use1-az5': 1, 'c7gd.16xlarge_use1-az6': 50, 'c7gd.2xlarge_use1-az1': 15, 'c7gd.2xlarge_use1-az2': 50, 'c7gd.2xlarge_use1-az4': 50, 'c7gd.2xlarge_use1-az5': 5, 'c7gd.2xlarge_use1-az6': 50, 'c7gd.4xlarge_use1-az1': 30, 'c7gd.4xlarge_use1-az2': 25, 'c7gd.4xlarge_use1-az4': 50, 'c7gd.4xlarge_use1-az5': 1, 'c7gd.4xlarge_use1-az6': 50, 'c7gd.8xlarge_use1-az1': 5, 'c7gd.8xlarge_use1-az2': 15, 'c7gd.8xlarge_use1-az4': 10, 'c7gd.8xlarge_use1-az5': 5, 'c7gd.8xlarge_use1-az6': 20, 'c7gd.large_use1-az1': 1, 'c7gd.large_use1-az2': 25, 'c7gd.large_use1-az4': 5, 'c7gd.large_use1-az5': 10, 'c7gd.large_use1-az6': 20, 'c7gd.xlarge_use1-az1': 15, 'c7gd.xlarge_use1-az2': 50, 'c7gd.xlarge_use1-az4': 5, 'c7gd.xlarge_use1-az5': 15, 'c7gd.xlarge_use1-az6': 25, 'c7gn.12xlarge_use1-az2': 1, 'c7gn.12xlarge_use1-az5': 1, 'c7gn.12xlarge_use1-az6': 1, 'c7gn.16xlarge_use1-az2': 5, 'c7gn.16xlarge_use1-az5': 5, 'c7gn.16xlarge_use1-az6': 20, 'c7gn.2xlarge_use1-az1': 1, 'c7gn.2xlarge_use1-az2': 1, 'c7gn.2xlarge_use1-az5': 1, 'c7gn.2xlarge_use1-az6': 5, 'c7gn.4xlarge_use1-az2': 50, 'c7gn.4xlarge_use1-az4': 1, 'c7gn.4xlarge_use1-az5': 1, 'c7gn.4xlarge_use1-az6': 50, 'c7gn.8xlarge_use1-az2': 1, 'c7gn.8xlarge_use1-az5': 1, 'c7gn.8xlarge_use1-az6': 5, 'c7gn.large_use1-az1': 1, 'c7gn.large_use1-az2': 10, 'c7gn.large_use1-az5': 10, 'c7gn.large_use1-az6': 10, 'c7gn.xlarge_use1-az1': 1, 'c7gn.xlarge_use1-az2': 5, 'c7gn.xlarge_use1-az5': 5, 'c7gn.xlarge_use1-az6': 5, 'c7i-flex.2xlarge_use1-az1': 50, 'c7i-flex.2xlarge_use1-az2': 50, 'c7i-flex.2xlarge_use1-az4': 50, 'c7i-flex.2xlarge_use1-az5': 15, 'c7i-flex.2xlarge_use1-az6': 50, 'c7i-flex.4xlarge_use1-az1': 1, 'c7i-flex.4xlarge_use1-az2': 1, 'c7i-flex.4xlarge_use1-az4': 1, 'c7i-flex.4xlarge_use1-az6': 5, 'c7i-flex.8xlarge_use1-az1': 1, 'c7i-flex.8xlarge_use1-az2': 1, 'c7i-flex.8xlarge_use1-az4': 1, 'c7i-flex.8xlarge_use1-az6': 5, 'c7i-flex.large_use1-az1': 40, 'c7i-flex.large_use1-az2': 50, 'c7i-flex.large_use1-az4': 10, 'c7i-flex.large_use1-az5': 1, 'c7i-flex.large_use1-az6': 50, 'c7i-flex.xlarge_use1-az1': 50, 'c7i-flex.xlarge_use1-az2': 50, 'c7i-flex.xlarge_use1-az4': 50, 'c7i-flex.xlarge_use1-az5': 5, 'c7i-flex.xlarge_use1-az6': 50, 'c7i.12xlarge_use1-az1': 5, 'c7i.12xlarge_use1-az2': 15, 'c7i.12xlarge_use1-az4': 15, 'c7i.12xlarge_use1-az6': 5, 'c7i.16xlarge_use1-az1': 1, 'c7i.16xlarge_use1-az2': 5, 'c7i.16xlarge_use1-az4': 1, 'c7i.16xlarge_use1-az6': 15, 'c7i.24xlarge_use1-az1': 5, 'c7i.24xlarge_use1-az2': 5, 'c7i.24xlarge_use1-az4': 5, 'c7i.24xlarge_use1-az5': 1, 'c7i.24xlarge_use1-az6': 15, 'c7i.2xlarge_use1-az1': 10, 'c7i.2xlarge_use1-az2': 10, 'c7i.2xlarge_use1-az4': 10, 'c7i.2xlarge_use1-az5': 5, 'c7i.2xlarge_use1-az6': 25, 'c7i.48xlarge_use1-az1': 10, 'c7i.48xlarge_use1-az2': 10, 'c7i.48xlarge_use1-az4': 5, 'c7i.48xlarge_use1-az5': 1, 'c7i.48xlarge_use1-az6': 50, 'c7i.4xlarge_use1-az1': 5, 'c7i.4xlarge_use1-az2': 5, 'c7i.4xlarge_use1-az4': 5, 'c7i.4xlarge_use1-az5': 1, 'c7i.4xlarge_use1-az6': 15, 'c7i.8xlarge_use1-az1': 1, 'c7i.8xlarge_use1-az2': 5, 'c7i.8xlarge_use1-az4': 5, 'c7i.8xlarge_use1-az6': 10, 'c7i.large_use1-az1': 45, 'c7i.large_use1-az2': 50, 'c7i.large_use1-az4': 50, 'c7i.large_use1-az5': 5, 'c7i.large_use1-az6': 50, 'c7i.xlarge_use1-az1': 5, 'c7i.xlarge_use1-az2': 10, 'c7i.xlarge_use1-az4': 5, 'c7i.xlarge_use1-az5': 1, 'c7i.xlarge_use1-az6': 5, 'c8g.12xlarge_use1-az1': 1, 'c8g.12xlarge_use1-az2': 5, 'c8g.12xlarge_use1-az4': 1, 'c8g.12xlarge_use1-az6': 25, 'c8g.16xlarge_use1-az1': 10, 'c8g.16xlarge_use1-az2': 5, 'c8g.16xlarge_use1-az4': 1, 'c8g.16xlarge_use1-az6': 50, 'c8g.24xlarge_use1-az1': 5, 'c8g.24xlarge_use1-az2': 10, 'c8g.24xlarge_use1-az4': 1, 'c8g.24xlarge_use1-az6': 25, 'c8g.2xlarge_use1-az1': 5, 'c8g.2xlarge_use1-az2': 5, 'c8g.2xlarge_use1-az4': 50, 'c8g.2xlarge_use1-az5': 1, 'c8g.2xlarge_use1-az6': 50, 'c8g.48xlarge_use1-az1': 1, 'c8g.48xlarge_use1-az2': 5, 'c8g.48xlarge_use1-az6': 50, 'c8g.4xlarge_use1-az1': 35, 'c8g.4xlarge_use1-az2': 15, 'c8g.4xlarge_use1-az4': 20, 'c8g.4xlarge_use1-az5': 10, 'c8g.4xlarge_use1-az6': 50, 'c8g.8xlarge_use1-az1': 1, 'c8g.8xlarge_use1-az2': 5, 'c8g.8xlarge_use1-az4': 5, 'c8g.8xlarge_use1-az6': 50, 'c8g.large_use1-az1': 5, 'c8g.large_use1-az2': 20, 'c8g.large_use1-az4': 5, 'c8g.large_use1-az5': 1, 'c8g.large_use1-az6': 40, 'c8g.metal-24xl_use1-az2': 1, 'c8g.metal-24xl_use1-az6': 20, 'c8g.metal-48xl_use1-az1': 1, 'c8g.metal-48xl_use1-az2': 1, 'c8g.metal-48xl_use1-az6': 50, 'c8g.xlarge_use1-az1': 5, 'c8g.xlarge_use1-az2': 30, 'c8g.xlarge_use1-az4': 5, 'c8g.xlarge_use1-az5': 1, 'c8g.xlarge_use1-az6': 50, 'c8gd.12xlarge_use1-az2': 5, 'c8gd.12xlarge_use1-az4': 5, 'c8gd.12xlarge_use1-az5': 1, 'c8gd.12xlarge_use1-az6': 5, 'c8gd.16xlarge_use1-az2': 10, 'c8gd.16xlarge_use1-az4': 10, 'c8gd.16xlarge_use1-az5': 5, 'c8gd.16xlarge_use1-az6': 50, 'c8gd.24xlarge_use1-az2': 1, 'c8gd.24xlarge_use1-az4': 5, 'c8gd.24xlarge_use1-az5': 1, 'c8gd.24xlarge_use1-az6': 5, 'c8gd.2xlarge_use1-az2': 50, 'c8gd.2xlarge_use1-az4': 50, 'c8gd.2xlarge_use1-az5': 10, 'c8gd.2xlarge_use1-az6': 50, 'c8gd.48xlarge_use1-az2': 1, 'c8gd.48xlarge_use1-az6': 15, 'c8gd.4xlarge_use1-az2': 10, 'c8gd.4xlarge_use1-az4': 30, 'c8gd.4xlarge_use1-az5': 1, 'c8gd.4xlarge_use1-az6': 50, 'c8gd.8xlarge_use1-az2': 1, 'c8gd.8xlarge_use1-az4': 1, 'c8gd.8xlarge_use1-az5': 1, 'c8gd.8xlarge_use1-az6': 5, 'c8gd.large_use1-az1': 1, 'c8gd.large_use1-az2': 40, 'c8gd.large_use1-az4': 35, 'c8gd.large_use1-az6': 50, 'c8gd.metal-24xl_use1-az2': 1, 'c8gd.metal-24xl_use1-az4': 1, 'c8gd.metal-24xl_use1-az5': 1, 'c8gd.metal-24xl_use1-az6': 5, 'c8gd.metal-48xl_use1-az2': 1, 'c8gd.metal-48xl_use1-az6': 1, 'c8gd.xlarge_use1-az1': 1, 'c8gd.xlarge_use1-az2': 20, 'c8gd.xlarge_use1-az4': 20, 'c8gd.xlarge_use1-az5': 15, 'c8gd.xlarge_use1-az6': 50, 'c8gn.2xlarge_use1-az2': 1, 'c8gn.2xlarge_use1-az4': 1, 'c8gn.2xlarge_use1-az6': 1, 'c8gn.4xlarge_use1-az2': 1, 'c8gn.4xlarge_use1-az5': 1, 'c8gn.8xlarge_use1-az2': 1, 'c8gn.8xlarge_use1-az6': 1, 'c8gn.large_use1-az6': 1, 'c8i-flex.12xlarge_use1-az6': 1, 'c8i-flex.16xlarge_use1-az6': 1, 'c8i-flex.2xlarge_use1-az2': 25, 'c8i-flex.2xlarge_use1-az4': 15, 'c8i-flex.2xlarge_use1-az6': 50, 'c8i-flex.4xlarge_use1-az2': 5, 'c8i-flex.4xlarge_use1-az4': 1, 'c8i-flex.4xlarge_use1-az6': 5, 'c8i-flex.8xlarge_use1-az6': 1, 'c8i-flex.large_use1-az4': 20, 'c8i-flex.xlarge_use1-az2': 40, 'c8i-flex.xlarge_use1-az4': 5, 'c8i-flex.xlarge_use1-az6': 50, 'c8i.12xlarge_use1-az2': 1, 'c8i.12xlarge_use1-az4': 1, 'c8i.12xlarge_use1-az6': 1, 'c8i.16xlarge_use1-az6': 1, 'c8i.24xlarge_use1-az6': 1, 'c8i.2xlarge_use1-az2': 10, 'c8i.2xlarge_use1-az4': 5, 'c8i.2xlarge_use1-az6': 20, 'c8i.32xlarge_use1-az2': 1, 'c8i.32xlarge_use1-az4': 1, 'c8i.32xlarge_use1-az6': 5, 'c8i.48xlarge_use1-az2': 1, 'c8i.48xlarge_use1-az6': 1, 'c8i.4xlarge_use1-az2': 5, 'c8i.4xlarge_use1-az4': 5, 'c8i.4xlarge_use1-az6': 5, 'c8i.8xlarge_use1-az2': 1, 'c8i.8xlarge_use1-az4': 1, 'c8i.8xlarge_use1-az6': 5, 'c8i.96xlarge_use1-az2': 1, 'c8i.96xlarge_use1-az6': 5, 'c8i.metal-48xl_use1-az2': 1, 'c8i.metal-96xl_use1-az2': 1, 'c8i.metal-96xl_use1-az6': 5, 'c8i.xlarge_use1-az2': 50, 'c8i.xlarge_use1-az4': 15, 'c8i.xlarge_use1-az6': 50, 'd2.2xlarge_use1-az1': 1, 'd2.2xlarge_use1-az6': 1, 'd2.4xlarge_use1-az2': 1, 'd2.4xlarge_use1-az6': 1, 'd2.xlarge_use1-az6': 1, 'd3.2xlarge_use1-az1': 15, 'd3.2xlarge_use1-az2': 45, 'd3.2xlarge_use1-az4': 40, 'd3.2xlarge_use1-az6': 35, 'd3.4xlarge_use1-az1': 1, 'd3.4xlarge_use1-az2': 5, 'd3.4xlarge_use1-az4': 15, 'd3.4xlarge_use1-az6': 5, 'd3.8xlarge_use1-az1': 1, 'd3.8xlarge_use1-az2': 40, 'd3.8xlarge_use1-az4': 35, 'd3.8xlarge_use1-az6': 20, 'd3.xlarge_use1-az1': 10, 'd3.xlarge_use1-az2': 50, 'd3.xlarge_use1-az4': 45, 'd3.xlarge_use1-az6': 25, 'd3en.12xlarge_use1-az1': 1, 'd3en.12xlarge_use1-az2': 10, 'd3en.12xlarge_use1-az4': 20, 'd3en.12xlarge_use1-az6': 50, 'd3en.2xlarge_use1-az1': 5, 'd3en.2xlarge_use1-az2': 25, 'd3en.2xlarge_use1-az4': 15, 'd3en.2xlarge_use1-az6': 50, 'd3en.4xlarge_use1-az1': 1, 'd3en.4xlarge_use1-az2': 5, 'd3en.4xlarge_use1-az4': 10, 'd3en.4xlarge_use1-az6': 50, 'd3en.6xlarge_use1-az1': 1, 'd3en.6xlarge_use1-az2': 5, 'd3en.6xlarge_use1-az4': 15, 'd3en.6xlarge_use1-az6': 50, 'd3en.8xlarge_use1-az1': 1, 'd3en.8xlarge_use1-az2': 15, 'd3en.8xlarge_use1-az4': 5, 'd3en.8xlarge_use1-az6': 50, 'd3en.xlarge_use1-az1': 5, 'd3en.xlarge_use1-az2': 50, 'd3en.xlarge_use1-az4': 30, 'd3en.xlarge_use1-az6': 50, 'f2.12xlarge_use1-az2': 1, 'f2.12xlarge_use1-az4': 1, 'f2.12xlarge_use1-az6': 1, 'f2.48xlarge_use1-az2': 5, 'f2.48xlarge_use1-az4': 5, 'f2.48xlarge_use1-az6': 1, 'g4ad.16xlarge_use1-az1': 5, 'g4ad.16xlarge_use1-az2': 5, 'g4ad.16xlarge_use1-az4': 5, 'g4ad.16xlarge_use1-az6': 10, 'g4ad.2xlarge_use1-az1': 5, 'g4ad.2xlarge_use1-az2': 10, 'g4ad.2xlarge_use1-az4': 10, 'g4ad.2xlarge_use1-az6': 10, 'g4ad.4xlarge_use1-az1': 10, 'g4ad.4xlarge_use1-az2': 15, 'g4ad.4xlarge_use1-az4': 15, 'g4ad.4xlarge_use1-az6': 5, 'g4ad.8xlarge_use1-az1': 1, 'g4ad.8xlarge_use1-az2': 5, 'g4ad.8xlarge_use1-az4': 5, 'g4ad.8xlarge_use1-az6': 5, 'g4ad.xlarge_use1-az1': 20, 'g4ad.xlarge_use1-az2': 20, 'g4ad.xlarge_use1-az4': 25, 'g4ad.xlarge_use1-az6': 20, 'g4dn.12xlarge_use1-az1': 5, 'g4dn.12xlarge_use1-az2': 15, 'g4dn.12xlarge_use1-az4': 15, 'g4dn.12xlarge_use1-az5': 15, 'g4dn.12xlarge_use1-az6': 50, 'g4dn.16xlarge_use1-az1': 1, 'g4dn.16xlarge_use1-az2': 10, 'g4dn.16xlarge_use1-az4': 1, 'g4dn.16xlarge_use1-az5': 5, 'g4dn.16xlarge_use1-az6': 15, 'g4dn.2xlarge_use1-az1': 45, 'g4dn.2xlarge_use1-az2': 50, 'g4dn.2xlarge_use1-az4': 50, 'g4dn.2xlarge_use1-az5': 50, 'g4dn.2xlarge_use1-az6': 50, 'g4dn.4xlarge_use1-az1': 5, 'g4dn.4xlarge_use1-az2': 40, 'g4dn.4xlarge_use1-az4': 25, 'g4dn.4xlarge_use1-az5': 40, 'g4dn.4xlarge_use1-az6': 40, 'g4dn.8xlarge_use1-az1': 1, 'g4dn.8xlarge_use1-az2': 1, 'g4dn.8xlarge_use1-az4': 10, 'g4dn.8xlarge_use1-az5': 1, 'g4dn.8xlarge_use1-az6': 5, 'g4dn.xlarge_use1-az1': 50, 'g4dn.xlarge_use1-az2': 50, 'g4dn.xlarge_use1-az4': 50, 'g4dn.xlarge_use1-az5': 50, 'g4dn.xlarge_use1-az6': 50, 'g5.12xlarge_use1-az2': 1, 'g5.12xlarge_use1-az5': 10, 'g5.12xlarge_use1-az6': 5, 'g5.16xlarge_use1-az1': 1, 'g5.16xlarge_use1-az2': 1, 'g5.16xlarge_use1-az4': 5, 'g5.16xlarge_use1-az5': 5, 'g5.16xlarge_use1-az6': 10, 'g5.24xlarge_use1-az1': 1, 'g5.24xlarge_use1-az2': 1, 'g5.24xlarge_use1-az4': 1, 'g5.24xlarge_use1-az5': 1, 'g5.24xlarge_use1-az6': 5, 'g5.2xlarge_use1-az1': 25, 'g5.2xlarge_use1-az2': 15, 'g5.2xlarge_use1-az4': 15, 'g5.2xlarge_use1-az5': 50, 'g5.2xlarge_use1-az6': 45, 'g5.48xlarge_use1-az2': 1, 'g5.48xlarge_use1-az5': 5, 'g5.48xlarge_use1-az6': 25, 'g5.4xlarge_use1-az1': 1, 'g5.4xlarge_use1-az2': 50, 'g5.4xlarge_use1-az4': 50, 'g5.4xlarge_use1-az5': 40, 'g5.4xlarge_use1-az6': 50, 'g5.8xlarge_use1-az1': 1, 'g5.8xlarge_use1-az2': 5, 'g5.8xlarge_use1-az4': 10, 'g5.8xlarge_use1-az5': 20, 'g5.8xlarge_use1-az6': 10, 'g5.xlarge_use1-az1': 25, 'g5.xlarge_use1-az2': 50, 'g5.xlarge_use1-az4': 50, 'g5.xlarge_use1-az5': 50, 'g5.xlarge_use1-az6': 50, 'g5g.16xlarge_use1-az1': 1, 'g5g.16xlarge_use1-az6': 5, 'g5g.4xlarge_use1-az6': 1, 'g5g.8xlarge_use1-az1': 1, 'g5g.8xlarge_use1-az4': 1, 'g5g.8xlarge_use1-az6': 1, 'g5g.xlarge_use1-az1': 1, 'g5g.xlarge_use1-az2': 1, 'g5g.xlarge_use1-az4': 1, 'g5g.xlarge_use1-az6': 5, 'g6.12xlarge_use1-az1': 5, 'g6.12xlarge_use1-az2': 1, 'g6.12xlarge_use1-az4': 30, 'g6.12xlarge_use1-az6': 50, 'g6.16xlarge_use1-az1': 1, 'g6.16xlarge_use1-az2': 1, 'g6.16xlarge_use1-az4': 1, 'g6.16xlarge_use1-az6': 5, 'g6.24xlarge_use1-az2': 1, 'g6.24xlarge_use1-az4': 1, 'g6.24xlarge_use1-az6': 1, 'g6.2xlarge_use1-az1': 10, 'g6.2xlarge_use1-az2': 25, 'g6.2xlarge_use1-az4': 50, 'g6.2xlarge_use1-az6': 50, 'g6.48xlarge_use1-az2': 5, 'g6.48xlarge_use1-az4': 30, 'g6.48xlarge_use1-az6': 50, 'g6.4xlarge_use1-az1': 5, 'g6.4xlarge_use1-az2': 10, 'g6.4xlarge_use1-az4': 35, 'g6.4xlarge_use1-az6': 50, 'g6.8xlarge_use1-az1': 5, 'g6.8xlarge_use1-az2': 5, 'g6.8xlarge_use1-az4': 10, 'g6.8xlarge_use1-az6': 15, 'g6.xlarge_use1-az1': 5, 'g6.xlarge_use1-az2': 5, 'g6.xlarge_use1-az4': 5, 'g6.xlarge_use1-az6': 5, 'g6e.16xlarge_use1-az1': 10, 'g6e.16xlarge_use1-az2': 15, 'g6e.16xlarge_use1-az4': 40, 'g6e.16xlarge_use1-az6': 20, 'g6e.2xlarge_use1-az1': 10, 'g6e.2xlarge_use1-az2': 1, 'g6e.2xlarge_use1-az4': 10, 'g6e.2xlarge_use1-az6': 5, 'g6e.48xlarge_use1-az4': 5, 'g6e.48xlarge_use1-az6': 1, 'g6e.4xlarge_use1-az1': 1, 'g6e.4xlarge_use1-az4': 5, 'g6e.4xlarge_use1-az6': 1, 'g6e.8xlarge_use1-az1': 1, 'g6e.8xlarge_use1-az2': 1, 'g6e.8xlarge_use1-az4': 1, 'g6e.8xlarge_use1-az6': 1, 'g6e.xlarge_use1-az1': 1, 'g6e.xlarge_use1-az6': 1, 'g6f.2xlarge_use1-az1': 1, 'g6f.2xlarge_use1-az4': 1, 'g6f.2xlarge_use1-az6': 5, 'g6f.4xlarge_use1-az1': 1, 'g6f.4xlarge_use1-az4': 1, 'g6f.4xlarge_use1-az6': 1, 'g6f.large_use1-az1': 10, 'g6f.large_use1-az2': 15, 'g6f.large_use1-az4': 40, 'g6f.large_use1-az6': 20, 'g6f.xlarge_use1-az1': 1, 'g6f.xlarge_use1-az2': 1, 'g6f.xlarge_use1-az4': 5, 'g6f.xlarge_use1-az6': 10, 'gr6.4xlarge_use1-az2': 1, 'gr6.4xlarge_use1-az4': 1, 'gr6.4xlarge_use1-az6': 1, 'gr6.8xlarge_use1-az1': 1, 'gr6.8xlarge_use1-az2': 1, 'gr6.8xlarge_use1-az4': 1, 'gr6.8xlarge_use1-az6': 1, 'i2.2xlarge_use1-az2': 10, 'i2.2xlarge_use1-az3': 5, 'i2.2xlarge_use1-az4': 10, 'i2.2xlarge_use1-az6': 5, 'i2.4xlarge_use1-az1': 1, 'i2.4xlarge_use1-az2': 10, 'i2.4xlarge_use1-az3': 1, 'i2.4xlarge_use1-az4': 10, 'i2.4xlarge_use1-az6': 5, 'i2.8xlarge_use1-az2': 1, 'i2.8xlarge_use1-az3': 1, 'i2.8xlarge_use1-az6': 1, 'i2.xlarge_use1-az1': 1, 'i2.xlarge_use1-az2': 15, 'i2.xlarge_use1-az3': 1, 'i2.xlarge_use1-az4': 20, 'i2.xlarge_use1-az6': 15, 'i3.16xlarge_use1-az1': 20, 'i3.16xlarge_use1-az2': 50, 'i3.16xlarge_use1-az3': 10, 'i3.16xlarge_use1-az4': 50, 'i3.16xlarge_use1-az5': 10, 'i3.16xlarge_use1-az6': 45, 'i3.2xlarge_use1-az1': 50, 'i3.2xlarge_use1-az2': 50, 'i3.2xlarge_use1-az3': 50, 'i3.2xlarge_use1-az4': 50, 'i3.2xlarge_use1-az5': 50, 'i3.2xlarge_use1-az6': 50, 'i3.4xlarge_use1-az1': 50, 'i3.4xlarge_use1-az2': 50, 'i3.4xlarge_use1-az3': 50, 'i3.4xlarge_use1-az4': 50, 'i3.4xlarge_use1-az5': 50, 'i3.4xlarge_use1-az6': 50, 'i3.8xlarge_use1-az1': 50, 'i3.8xlarge_use1-az2': 50, 'i3.8xlarge_use1-az3': 50, 'i3.8xlarge_use1-az4': 50, 'i3.8xlarge_use1-az5': 25, 'i3.8xlarge_use1-az6': 50, 'i3.large_use1-az1': 50, 'i3.large_use1-az2': 50, 'i3.large_use1-az3': 50, 'i3.large_use1-az4': 50, 'i3.large_use1-az5': 50, 'i3.large_use1-az6': 50, 'i3.xlarge_use1-az1': 50, 'i3.xlarge_use1-az2': 50, 'i3.xlarge_use1-az3': 50, 'i3.xlarge_use1-az4': 50, 'i3.xlarge_use1-az5': 50, 'i3.xlarge_use1-az6': 50, 'i3en.12xlarge_use1-az1': 1, 'i3en.12xlarge_use1-az2': 1, 'i3en.12xlarge_use1-az6': 50, 'i3en.24xlarge_use1-az6': 20, 'i3en.2xlarge_use1-az1': 50, 'i3en.2xlarge_use1-az2': 50, 'i3en.2xlarge_use1-az4': 30, 'i3en.2xlarge_use1-az5': 50, 'i3en.2xlarge_use1-az6': 50, 'i3en.3xlarge_use1-az1': 50, 'i3en.3xlarge_use1-az2': 50, 'i3en.3xlarge_use1-az4': 50, 'i3en.3xlarge_use1-az5': 50, 'i3en.3xlarge_use1-az6': 50, 'i3en.6xlarge_use1-az1': 10, 'i3en.6xlarge_use1-az2': 20, 'i3en.6xlarge_use1-az4': 10, 'i3en.6xlarge_use1-az6': 50, 'i3en.large_use1-az1': 50, 'i3en.large_use1-az2': 50, 'i3en.large_use1-az4': 45, 'i3en.large_use1-az5': 35, 'i3en.large_use1-az6': 50, 'i3en.xlarge_use1-az1': 50, 'i3en.xlarge_use1-az2': 50, 'i3en.xlarge_use1-az4': 50, 'i3en.xlarge_use1-az5': 50, 'i3en.xlarge_use1-az6': 50, 'i4g.16xlarge_use1-az2': 1, 'i4g.16xlarge_use1-az4': 1, 'i4g.16xlarge_use1-az5': 50, 'i4g.16xlarge_use1-az6': 50, 'i4g.2xlarge_use1-az2': 10, 'i4g.2xlarge_use1-az4': 15, 'i4g.2xlarge_use1-az5': 40, 'i4g.2xlarge_use1-az6': 50, 'i4g.4xlarge_use1-az2': 25, 'i4g.4xlarge_use1-az4': 30, 'i4g.4xlarge_use1-az5': 50, 'i4g.4xlarge_use1-az6': 50, 'i4g.8xlarge_use1-az5': 45, 'i4g.8xlarge_use1-az6': 15, 'i4g.large_use1-az1': 5, 'i4g.large_use1-az2': 5, 'i4g.large_use1-az4': 5, 'i4g.large_use1-az5': 25, 'i4g.large_use1-az6': 50, 'i4g.xlarge_use1-az2': 10, 'i4g.xlarge_use1-az4': 1, 'i4g.xlarge_use1-az5': 50, 'i4g.xlarge_use1-az6': 50, 'i4i.12xlarge_use1-az2': 5, 'i4i.16xlarge_use1-az1': 1, 'i4i.16xlarge_use1-az2': 1, 'i4i.16xlarge_use1-az4': 1, 'i4i.16xlarge_use1-az6': 1, 'i4i.24xlarge_use1-az2': 1, 'i4i.2xlarge_use1-az1': 15, 'i4i.2xlarge_use1-az2': 50, 'i4i.2xlarge_use1-az4': 50, 'i4i.2xlarge_use1-az5': 1, 'i4i.2xlarge_use1-az6': 50, 'i4i.4xlarge_use1-az1': 1, 'i4i.4xlarge_use1-az2': 35, 'i4i.4xlarge_use1-az4': 1, 'i4i.4xlarge_use1-az6': 15, 'i4i.8xlarge_use1-az1': 1, 'i4i.8xlarge_use1-az2': 40, 'i4i.8xlarge_use1-az6': 5, 'i4i.large_use1-az1': 50, 'i4i.large_use1-az2': 50, 'i4i.large_use1-az4': 50, 'i4i.large_use1-az5': 50, 'i4i.large_use1-az6': 50, 'i4i.xlarge_use1-az1': 50, 'i4i.xlarge_use1-az2': 50, 'i4i.xlarge_use1-az4': 50, 'i4i.xlarge_use1-az5': 50, 'i4i.xlarge_use1-az6': 50, 'i7i.12xlarge_use1-az1': 1, 'i7i.12xlarge_use1-az2': 1, 'i7i.12xlarge_use1-az4': 1, 'i7i.12xlarge_use1-az5': 1, 'i7i.12xlarge_use1-az6': 1, 'i7i.16xlarge_use1-az2': 1, 'i7i.16xlarge_use1-az4': 5, 'i7i.16xlarge_use1-az5': 1, 'i7i.16xlarge_use1-az6': 1, 'i7i.24xlarge_use1-az2': 1, 'i7i.24xlarge_use1-az4': 1, 'i7i.24xlarge_use1-az5': 1, 'i7i.24xlarge_use1-az6': 1, 'i7i.2xlarge_use1-az1': 1, 'i7i.2xlarge_use1-az2': 50, 'i7i.2xlarge_use1-az4': 45, 'i7i.2xlarge_use1-az5': 20, 'i7i.2xlarge_use1-az6': 10, 'i7i.48xlarge_use1-az2': 1, 'i7i.4xlarge_use1-az1': 1, 'i7i.4xlarge_use1-az2': 15, 'i7i.4xlarge_use1-az4': 20, 'i7i.4xlarge_use1-az5': 5, 'i7i.4xlarge_use1-az6': 20, 'i7i.8xlarge_use1-az1': 1, 'i7i.8xlarge_use1-az2': 1, 'i7i.8xlarge_use1-az4': 5, 'i7i.8xlarge_use1-az5': 1, 'i7i.8xlarge_use1-az6': 1, 'i7i.metal-24xl_use1-az2': 1, 'i7i.metal-24xl_use1-az4': 50, 'i7i.metal-24xl_use1-az6': 35, 'i7i.xlarge_use1-az1': 1, 'i7i.xlarge_use1-az6': 20, 'i7ie.12xlarge_use1-az1': 1, 'i7ie.12xlarge_use1-az4': 1, 'i7ie.12xlarge_use1-az6': 30, 'i7ie.18xlarge_use1-az4': 1, 'i7ie.18xlarge_use1-az6': 20, 'i7ie.24xlarge_use1-az1': 1, 'i7ie.24xlarge_use1-az2': 1, 'i7ie.24xlarge_use1-az4': 1, 'i7ie.24xlarge_use1-az6': 50, 'i7ie.2xlarge_use1-az1': 5, 'i7ie.2xlarge_use1-az2': 1, 'i7ie.2xlarge_use1-az4': 15, 'i7ie.2xlarge_use1-az6': 35, 'i7ie.3xlarge_use1-az1': 5, 'i7ie.3xlarge_use1-az2': 1, 'i7ie.3xlarge_use1-az4': 5, 'i7ie.3xlarge_use1-az6': 30, 'i7ie.48xlarge_use1-az6': 50, 'i7ie.6xlarge_use1-az1': 25, 'i7ie.6xlarge_use1-az4': 20, 'i7ie.6xlarge_use1-az6': 50, 'i7ie.large_use1-az1': 45, 'i7ie.large_use1-az2': 15, 'i7ie.large_use1-az4': 50, 'i7ie.large_use1-az6': 50, 'i7ie.metal-24xl_use1-az4': 1, 'i7ie.metal-24xl_use1-az6': 15, 'i7ie.metal-48xl_use1-az6': 10, 'i7ie.xlarge_use1-az1': 10, 'i7ie.xlarge_use1-az2': 25, 'i7ie.xlarge_use1-az4': 45, 'i7ie.xlarge_use1-az6': 50, 'i8g.12xlarge_use1-az6': 1, 'i8g.24xlarge_use1-az6': 10, 'i8g.2xlarge_use1-az2': 1, 'i8g.4xlarge_use1-az2': 1, 'i8g.8xlarge_use1-az6': 5, 'i8g.large_use1-az2': 10, 'i8g.large_use1-az6': 5, 'i8g.xlarge_use1-az2': 1, 'i8g.xlarge_use1-az4': 1, 'i8g.xlarge_use1-az6': 1, 'i8ge.12xlarge_use1-az4': 1, 'i8ge.12xlarge_use1-az6': 5, 'i8ge.18xlarge_use1-az2': 1, 'i8ge.18xlarge_use1-az4': 1, 'i8ge.18xlarge_use1-az6': 5, 'i8ge.24xlarge_use1-az4': 1, 'i8ge.24xlarge_use1-az6': 5, 'i8ge.2xlarge_use1-az4': 10, 'i8ge.3xlarge_use1-az2': 1, 'i8ge.3xlarge_use1-az4': 5, 'i8ge.48xlarge_use1-az4': 5, 'i8ge.6xlarge_use1-az2': 1, 'i8ge.6xlarge_use1-az4': 1, 'i8ge.large_use1-az2': 5, 'i8ge.large_use1-az4': 50, 'i8ge.metal-24xl_use1-az4': 1, 'i8ge.metal-48xl_use1-az6': 1, 'i8ge.xlarge_use1-az4': 20, 'im4gn.16xlarge_use1-az4': 45, 'im4gn.2xlarge_use1-az1': 10, 'im4gn.2xlarge_use1-az4': 20, 'im4gn.2xlarge_use1-az6': 15, 'im4gn.4xlarge_use1-az1': 5, 'im4gn.4xlarge_use1-az4': 15, 'im4gn.8xlarge_use1-az1': 1, 'im4gn.8xlarge_use1-az4': 5, 'im4gn.large_use1-az1': 35, 'im4gn.large_use1-az2': 10, 'im4gn.large_use1-az4': 50, 'im4gn.large_use1-az6': 10, 'im4gn.xlarge_use1-az1': 25, 'im4gn.xlarge_use1-az2': 50, 'im4gn.xlarge_use1-az4': 30, 'im4gn.xlarge_use1-az6': 40, 'inf1.24xlarge_use1-az1': 1, 'inf1.24xlarge_use1-az2': 1, 'inf1.24xlarge_use1-az4': 10, 'inf1.24xlarge_use1-az5': 5, 'inf1.24xlarge_use1-az6': 20, 'inf1.2xlarge_use1-az1': 15, 'inf1.2xlarge_use1-az2': 15, 'inf1.2xlarge_use1-az4': 30, 'inf1.2xlarge_use1-az5': 40, 'inf1.2xlarge_use1-az6': 40, 'inf1.6xlarge_use1-az1': 1, 'inf1.6xlarge_use1-az2': 1, 'inf1.6xlarge_use1-az4': 5, 'inf1.6xlarge_use1-az5': 5, 'inf1.6xlarge_use1-az6': 10, 'inf1.xlarge_use1-az1': 50, 'inf1.xlarge_use1-az2': 50, 'inf1.xlarge_use1-az4': 40, 'inf1.xlarge_use1-az5': 50, 'inf1.xlarge_use1-az6': 50, 'inf2.24xlarge_use1-az4': 1, 'inf2.24xlarge_use1-az6': 10, 'inf2.48xlarge_use1-az6': 15, 'inf2.8xlarge_use1-az2': 5, 'inf2.8xlarge_use1-az4': 5, 'inf2.8xlarge_use1-az5': 1, 'inf2.8xlarge_use1-az6': 1, 'inf2.xlarge_use1-az2': 5, 'inf2.xlarge_use1-az4': 1, 'inf2.xlarge_use1-az6': 50, 'is4gen.2xlarge_use1-az1': 1, 'is4gen.2xlarge_use1-az2': 50, 'is4gen.2xlarge_use1-az4': 50, 'is4gen.2xlarge_use1-az6': 50, 'is4gen.4xlarge_use1-az1': 1, 'is4gen.8xlarge_use1-az1': 1, 'is4gen.8xlarge_use1-az4': 1, 'is4gen.large_use1-az1': 5, 'is4gen.large_use1-az2': 1, 'is4gen.large_use1-az4': 10, 'is4gen.large_use1-az6': 15, 'is4gen.medium_use1-az1': 50, 'is4gen.medium_use1-az2': 25, 'is4gen.medium_use1-az4': 40, 'is4gen.medium_use1-az6': 30, 'is4gen.xlarge_use1-az1': 1, 'is4gen.xlarge_use1-az2': 1, 'is4gen.xlarge_use1-az4': 15, 'is4gen.xlarge_use1-az6': 1, 'm1.large_use1-az1': 5, 'm1.large_use1-az2': 25, 'm1.large_use1-az4': 20, 'm1.large_use1-az6': 15, 'm1.xlarge_use1-az1': 1, 'm1.xlarge_use1-az2': 10, 'm1.xlarge_use1-az4': 10, 'm1.xlarge_use1-az6': 10, 'm2.2xlarge_use1-az1': 5, 'm2.2xlarge_use1-az2': 10, 'm2.2xlarge_use1-az4': 15, 'm2.2xlarge_use1-az6': 5, 'm2.4xlarge_use1-az1': 1, 'm2.4xlarge_use1-az2': 5, 'm2.4xlarge_use1-az4': 5, 'm2.4xlarge_use1-az6': 5, 'm2.xlarge_use1-az1': 5, 'm2.xlarge_use1-az2': 20, 'm2.xlarge_use1-az4': 20, 'm2.xlarge_use1-az6': 15, 'm3.2xlarge_use1-az2': 25, 'm3.2xlarge_use1-az3': 1, 'm3.2xlarge_use1-az4': 40, 'm3.2xlarge_use1-az6': 45, 'm3.large_use1-az2': 50, 'm3.large_use1-az3': 1, 'm3.large_use1-az4': 50, 'm3.large_use1-az6': 50, 'm3.xlarge_use1-az2': 50, 'm3.xlarge_use1-az3': 1, 'm3.xlarge_use1-az4': 50, 'm3.xlarge_use1-az6': 50, 'm4.10xlarge_use1-az1': 5, 'm4.10xlarge_use1-az2': 10, 'm4.10xlarge_use1-az3': 1, 'm4.10xlarge_use1-az4': 50, 'm4.10xlarge_use1-az5': 1, 'm4.10xlarge_use1-az6': 50, 'm4.2xlarge_use1-az1': 5, 'm4.2xlarge_use1-az2': 20, 'm4.2xlarge_use1-az3': 50, 'm4.2xlarge_use1-az4': 20, 'm4.2xlarge_use1-az5': 1, 'm4.2xlarge_use1-az6': 25, 'm4.4xlarge_use1-az1': 50, 'm4.4xlarge_use1-az2': 50, 'm4.4xlarge_use1-az3': 50, 'm4.4xlarge_use1-az4': 25, 'm4.4xlarge_use1-az5': 10, 'm4.4xlarge_use1-az6': 15, 'm4.large_use1-az1': 30, 'm4.large_use1-az2': 50, 'm4.large_use1-az3': 25, 'm4.large_use1-az4': 50, 'm4.large_use1-az5': 10, 'm4.large_use1-az6': 50, 'm4.xlarge_use1-az1': 15, 'm4.xlarge_use1-az2': 50, 'm4.xlarge_use1-az3': 50, 'm4.xlarge_use1-az4': 50, 'm4.xlarge_use1-az5': 30, 'm4.xlarge_use1-az6': 50, 'm5.12xlarge_use1-az1': 5, 'm5.12xlarge_use1-az2': 25, 'm5.12xlarge_use1-az4': 50, 'm5.12xlarge_use1-az5': 1, 'm5.12xlarge_use1-az6': 40, 'm5.16xlarge_use1-az1': 10, 'm5.16xlarge_use1-az2': 50, 'm5.16xlarge_use1-az4': 50, 'm5.16xlarge_use1-az5': 1, 'm5.16xlarge_use1-az6': 50, 'm5.24xlarge_use1-az1': 5, 'm5.24xlarge_use1-az2': 5, 'm5.24xlarge_use1-az4': 5, 'm5.24xlarge_use1-az5': 1, 'm5.24xlarge_use1-az6': 35, 'm5.2xlarge_use1-az1': 50, 'm5.2xlarge_use1-az2': 50, 'm5.2xlarge_use1-az4': 50, 'm5.2xlarge_use1-az5': 50, 'm5.2xlarge_use1-az6': 50, 'm5.4xlarge_use1-az1': 50, 'm5.4xlarge_use1-az2': 50, 'm5.4xlarge_use1-az4': 50, 'm5.4xlarge_use1-az5': 10, 'm5.4xlarge_use1-az6': 50, 'm5.8xlarge_use1-az1': 50, 'm5.8xlarge_use1-az2': 40, 'm5.8xlarge_use1-az4': 50, 'm5.8xlarge_use1-az5': 1, 'm5.8xlarge_use1-az6': 50, 'm5.large_use1-az1': 50, 'm5.large_use1-az2': 50, 'm5.large_use1-az4': 50, 'm5.large_use1-az5': 50, 'm5.large_use1-az6': 50, 'm5.xlarge_use1-az1': 50, 'm5.xlarge_use1-az2': 50, 'm5.xlarge_use1-az4': 50, 'm5.xlarge_use1-az5': 50, 'm5.xlarge_use1-az6': 50, 'm5a.12xlarge_use1-az2': 1, 'm5a.12xlarge_use1-az4': 1, 'm5a.12xlarge_use1-az6': 1, 'm5a.16xlarge_use1-az2': 1, 'm5a.16xlarge_use1-az4': 1, 'm5a.16xlarge_use1-az6': 1, 'm5a.24xlarge_use1-az1': 1, 'm5a.24xlarge_use1-az2': 1, 'm5a.24xlarge_use1-az4': 1, 'm5a.24xlarge_use1-az5': 5, 'm5a.24xlarge_use1-az6': 5, 'm5a.2xlarge_use1-az1': 10, 'm5a.2xlarge_use1-az2': 25, 'm5a.2xlarge_use1-az4': 25, 'm5a.2xlarge_use1-az5': 5, 'm5a.2xlarge_use1-az6': 45, 'm5a.4xlarge_use1-az1': 5, 'm5a.4xlarge_use1-az2': 10, 'm5a.4xlarge_use1-az4': 5, 'm5a.4xlarge_use1-az5': 10, 'm5a.4xlarge_use1-az6': 15, 'm5a.8xlarge_use1-az1': 1, 'm5a.8xlarge_use1-az2': 20, 'm5a.8xlarge_use1-az4': 20, 'm5a.8xlarge_use1-az5': 1, 'm5a.8xlarge_use1-az6': 5, 'm5a.large_use1-az1': 50, 'm5a.large_use1-az2': 50, 'm5a.large_use1-az4': 50, 'm5a.large_use1-az5': 45, 'm5a.large_use1-az6': 50, 'm5a.xlarge_use1-az1': 10, 'm5a.xlarge_use1-az2': 30, 'm5a.xlarge_use1-az4': 10, 'm5a.xlarge_use1-az5': 20, 'm5a.xlarge_use1-az6': 50, 'm5ad.12xlarge_use1-az1': 1, 'm5ad.16xlarge_use1-az1': 1, 'm5ad.16xlarge_use1-az2': 1, 'm5ad.16xlarge_use1-az4': 1, 'm5ad.16xlarge_use1-az6': 1, 'm5ad.24xlarge_use1-az1': 5, 'm5ad.24xlarge_use1-az2': 1, 'm5ad.24xlarge_use1-az4': 1, 'm5ad.24xlarge_use1-az6': 5, 'm5ad.2xlarge_use1-az1': 1, 'm5ad.2xlarge_use1-az2': 1, 'm5ad.2xlarge_use1-az4': 5, 'm5ad.2xlarge_use1-az6': 1, 'm5ad.4xlarge_use1-az1': 1, 'm5ad.4xlarge_use1-az2': 1, 'm5ad.4xlarge_use1-az4': 1, 'm5ad.4xlarge_use1-az6': 1, 'm5ad.8xlarge_use1-az2': 1, 'm5ad.large_use1-az1': 10, 'm5ad.large_use1-az2': 5, 'm5ad.large_use1-az4': 10, 'm5ad.large_use1-az5': 1, 'm5ad.large_use1-az6': 10, 'm5ad.xlarge_use1-az1': 1, 'm5ad.xlarge_use1-az2': 10, 'm5ad.xlarge_use1-az4': 5, 'm5ad.xlarge_use1-az6': 5, 'm5d.12xlarge_use1-az1': 1, 'm5d.12xlarge_use1-az2': 25, 'm5d.12xlarge_use1-az4': 30, 'm5d.12xlarge_use1-az6': 15, 'm5d.16xlarge_use1-az1': 5, 'm5d.16xlarge_use1-az2': 35, 'm5d.16xlarge_use1-az4': 20, 'm5d.16xlarge_use1-az5': 1, 'm5d.16xlarge_use1-az6': 50, 'm5d.24xlarge_use1-az1': 20, 'm5d.24xlarge_use1-az2': 15, 'm5d.24xlarge_use1-az4': 5, 'm5d.24xlarge_use1-az5': 1, 'm5d.24xlarge_use1-az6': 50, 'm5d.2xlarge_use1-az1': 5, 'm5d.2xlarge_use1-az2': 25, 'm5d.2xlarge_use1-az4': 25, 'm5d.2xlarge_use1-az6': 30, 'm5d.4xlarge_use1-az1': 5, 'm5d.4xlarge_use1-az2': 15, 'm5d.4xlarge_use1-az4': 25, 'm5d.4xlarge_use1-az6': 25, 'm5d.8xlarge_use1-az1': 1, 'm5d.8xlarge_use1-az2': 25, 'm5d.8xlarge_use1-az4': 10, 'm5d.8xlarge_use1-az5': 1, 'm5d.8xlarge_use1-az6': 10, 'm5d.large_use1-az1': 5, 'm5d.large_use1-az2': 50, 'm5d.large_use1-az4': 50, 'm5d.large_use1-az6': 50, 'm5d.xlarge_use1-az1': 50, 'm5d.xlarge_use1-az2': 50, 'm5d.xlarge_use1-az4': 50, 'm5d.xlarge_use1-az5': 1, 'm5d.xlarge_use1-az6': 50, 'm5dn.12xlarge_use1-az1': 1, 'm5dn.12xlarge_use1-az4': 1, 'm5dn.12xlarge_use1-az6': 1, 'm5dn.16xlarge_use1-az1': 1, 'm5dn.16xlarge_use1-az2': 5, 'm5dn.16xlarge_use1-az4': 1, 'm5dn.16xlarge_use1-az6': 1, 'm5dn.24xlarge_use1-az1': 1, 'm5dn.24xlarge_use1-az2': 1, 'm5dn.24xlarge_use1-az4': 1, 'm5dn.24xlarge_use1-az6': 5, 'm5dn.2xlarge_use1-az1': 10, 'm5dn.2xlarge_use1-az2': 5, 'm5dn.2xlarge_use1-az4': 5, 'm5dn.2xlarge_use1-az5': 1, 'm5dn.2xlarge_use1-az6': 15, 'm5dn.4xlarge_use1-az1': 5, 'm5dn.4xlarge_use1-az2': 5, 'm5dn.4xlarge_use1-az4': 1, 'm5dn.4xlarge_use1-az5': 1, 'm5dn.4xlarge_use1-az6': 5, 'm5dn.8xlarge_use1-az2': 1, 'm5dn.8xlarge_use1-az6': 1, 'm5dn.large_use1-az1': 35, 'm5dn.large_use1-az2': 30, 'm5dn.large_use1-az4': 40, 'm5dn.large_use1-az5': 15, 'm5dn.large_use1-az6': 50, 'm5dn.xlarge_use1-az1': 10, 'm5dn.xlarge_use1-az2': 25, 'm5dn.xlarge_use1-az4': 20, 'm5dn.xlarge_use1-az5': 1, 'm5dn.xlarge_use1-az6': 30, 'm5n.12xlarge_use1-az1': 1, 'm5n.12xlarge_use1-az2': 1, 'm5n.12xlarge_use1-az4': 1, 'm5n.12xlarge_use1-az5': 1, 'm5n.12xlarge_use1-az6': 1, 'm5n.16xlarge_use1-az2': 1, 'm5n.16xlarge_use1-az4': 1, 'm5n.16xlarge_use1-az6': 1, 'm5n.24xlarge_use1-az2': 1, 'm5n.24xlarge_use1-az4': 1, 'm5n.24xlarge_use1-az6': 1, 'm5n.2xlarge_use1-az1': 15, 'm5n.2xlarge_use1-az2': 25, 'm5n.2xlarge_use1-az4': 30, 'm5n.2xlarge_use1-az5': 5, 'm5n.2xlarge_use1-az6': 25, 'm5n.4xlarge_use1-az1': 25, 'm5n.4xlarge_use1-az2': 35, 'm5n.4xlarge_use1-az4': 50, 'm5n.4xlarge_use1-az5': 5, 'm5n.4xlarge_use1-az6': 10, 'm5n.8xlarge_use1-az1': 1, 'm5n.8xlarge_use1-az2': 1, 'm5n.8xlarge_use1-az4': 1, 'm5n.8xlarge_use1-az6': 5, 'm5n.large_use1-az1': 5, 'm5n.large_use1-az2': 15, 'm5n.large_use1-az4': 5, 'm5n.large_use1-az5': 5, 'm5n.large_use1-az6': 15, 'm5n.xlarge_use1-az1': 20, 'm5n.xlarge_use1-az2': 50, 'm5n.xlarge_use1-az4': 50, 'm5n.xlarge_use1-az5': 1, 'm5n.xlarge_use1-az6': 50, 'm5zn.12xlarge_use1-az2': 1, 'm5zn.12xlarge_use1-az4': 10, 'm5zn.12xlarge_use1-az5': 1, 'm5zn.12xlarge_use1-az6': 5, 'm5zn.2xlarge_use1-az1': 1, 'm5zn.2xlarge_use1-az2': 1, 'm5zn.2xlarge_use1-az4': 25, 'm5zn.2xlarge_use1-az5': 1, 'm5zn.2xlarge_use1-az6': 5, 'm5zn.3xlarge_use1-az1': 1, 'm5zn.3xlarge_use1-az2': 1, 'm5zn.3xlarge_use1-az4': 5, 'm5zn.3xlarge_use1-az6': 5, 'm5zn.6xlarge_use1-az4': 1, 'm5zn.6xlarge_use1-az6': 1, 'm5zn.large_use1-az1': 5, 'm5zn.large_use1-az2': 5, 'm5zn.large_use1-az4': 30, 'm5zn.large_use1-az5': 15, 'm5zn.large_use1-az6': 20, 'm5zn.xlarge_use1-az1': 1, 'm5zn.xlarge_use1-az2': 1, 'm5zn.xlarge_use1-az4': 20, 'm5zn.xlarge_use1-az5': 5, 'm5zn.xlarge_use1-az6': 5, 'm6a.12xlarge_use1-az1': 5, 'm6a.12xlarge_use1-az2': 5, 'm6a.12xlarge_use1-az4': 15, 'm6a.12xlarge_use1-az6': 10, 'm6a.16xlarge_use1-az1': 5, 'm6a.16xlarge_use1-az2': 5, 'm6a.16xlarge_use1-az4': 5, 'm6a.16xlarge_use1-az6': 5, 'm6a.24xlarge_use1-az1': 1, 'm6a.24xlarge_use1-az2': 1, 'm6a.24xlarge_use1-az4': 1, 'm6a.24xlarge_use1-az6': 1, 'm6a.2xlarge_use1-az1': 50, 'm6a.2xlarge_use1-az2': 35, 'm6a.2xlarge_use1-az4': 45, 'm6a.2xlarge_use1-az5': 15, 'm6a.2xlarge_use1-az6': 50, 'm6a.32xlarge_use1-az2': 1, 'm6a.32xlarge_use1-az4': 1, 'm6a.32xlarge_use1-az5': 1, 'm6a.32xlarge_use1-az6': 1, 'm6a.48xlarge_use1-az2': 1, 'm6a.48xlarge_use1-az4': 1, 'm6a.48xlarge_use1-az6': 1, 'm6a.4xlarge_use1-az1': 45, 'm6a.4xlarge_use1-az2': 40, 'm6a.4xlarge_use1-az4': 25, 'm6a.4xlarge_use1-az5': 5, 'm6a.4xlarge_use1-az6': 50, 'm6a.8xlarge_use1-az1': 25, 'm6a.8xlarge_use1-az2': 15, 'm6a.8xlarge_use1-az4': 50, 'm6a.8xlarge_use1-az5': 10, 'm6a.8xlarge_use1-az6': 50, 'm6a.large_use1-az1': 50, 'm6a.large_use1-az2': 50, 'm6a.large_use1-az4': 50, 'm6a.large_use1-az5': 30, 'm6a.large_use1-az6': 50, 'm6a.xlarge_use1-az1': 50, 'm6a.xlarge_use1-az2': 50, 'm6a.xlarge_use1-az4': 50, 'm6a.xlarge_use1-az5': 35, 'm6a.xlarge_use1-az6': 50, 'm6g.12xlarge_use1-az1': 1, 'm6g.12xlarge_use1-az2': 5, 'm6g.12xlarge_use1-az4': 50, 'm6g.12xlarge_use1-az6': 50, 'm6g.16xlarge_use1-az1': 1, 'm6g.16xlarge_use1-az2': 5, 'm6g.16xlarge_use1-az4': 25, 'm6g.16xlarge_use1-az6': 50, 'm6g.2xlarge_use1-az1': 15, 'm6g.2xlarge_use1-az2': 50, 'm6g.2xlarge_use1-az4': 50, 'm6g.2xlarge_use1-az5': 5, 'm6g.2xlarge_use1-az6': 50, 'm6g.4xlarge_use1-az1': 10, 'm6g.4xlarge_use1-az2': 50, 'm6g.4xlarge_use1-az4': 50, 'm6g.4xlarge_use1-az5': 10, 'm6g.4xlarge_use1-az6': 50, 'm6g.8xlarge_use1-az1': 5, 'm6g.8xlarge_use1-az2': 50, 'm6g.8xlarge_use1-az4': 50, 'm6g.8xlarge_use1-az6': 50, 'm6g.large_use1-az1': 1, 'm6g.large_use1-az2': 50, 'm6g.large_use1-az4': 50, 'm6g.large_use1-az5': 5, 'm6g.large_use1-az6': 50, 'm6g.medium_use1-az1': 5, 'm6g.medium_use1-az2': 5, 'm6g.medium_use1-az4': 10, 'm6g.medium_use1-az5': 1, 'm6g.medium_use1-az6': 15, 'm6g.xlarge_use1-az1': 50, 'm6g.xlarge_use1-az2': 50, 'm6g.xlarge_use1-az4': 50, 'm6g.xlarge_use1-az5': 50, 'm6g.xlarge_use1-az6': 50, 'm6gd.12xlarge_use1-az1': 10, 'm6gd.12xlarge_use1-az2': 40, 'm6gd.12xlarge_use1-az4': 20, 'm6gd.12xlarge_use1-az5': 5, 'm6gd.12xlarge_use1-az6': 50, 'm6gd.16xlarge_use1-az1': 5, 'm6gd.16xlarge_use1-az2': 10, 'm6gd.16xlarge_use1-az4': 10, 'm6gd.16xlarge_use1-az5': 10, 'm6gd.16xlarge_use1-az6': 35, 'm6gd.2xlarge_use1-az1': 1, 'm6gd.2xlarge_use1-az2': 50, 'm6gd.2xlarge_use1-az4': 45, 'm6gd.2xlarge_use1-az5': 1, 'm6gd.2xlarge_use1-az6': 5, 'm6gd.4xlarge_use1-az1': 1, 'm6gd.4xlarge_use1-az2': 5, 'm6gd.4xlarge_use1-az4': 5, 'm6gd.4xlarge_use1-az5': 1, 'm6gd.4xlarge_use1-az6': 15, 'm6gd.8xlarge_use1-az1': 5, 'm6gd.8xlarge_use1-az2': 10, 'm6gd.8xlarge_use1-az4': 15, 'm6gd.8xlarge_use1-az5': 1, 'm6gd.8xlarge_use1-az6': 20, 'm6gd.large_use1-az1': 1, 'm6gd.large_use1-az2': 5, 'm6gd.large_use1-az4': 5, 'm6gd.large_use1-az5': 1, 'm6gd.large_use1-az6': 15, 'm6gd.medium_use1-az1': 1, 'm6gd.medium_use1-az2': 1, 'm6gd.medium_use1-az4': 1, 'm6gd.medium_use1-az5': 5, 'm6gd.medium_use1-az6': 1, 'm6gd.xlarge_use1-az1': 1, 'm6gd.xlarge_use1-az2': 10, 'm6gd.xlarge_use1-az4': 35, 'm6gd.xlarge_use1-az5': 1, 'm6gd.xlarge_use1-az6': 15, 'm6i.12xlarge_use1-az1': 1, 'm6i.12xlarge_use1-az2': 10, 'm6i.12xlarge_use1-az4': 50, 'm6i.12xlarge_use1-az5': 1, 'm6i.12xlarge_use1-az6': 30, 'm6i.16xlarge_use1-az1': 1, 'm6i.16xlarge_use1-az2': 10, 'm6i.16xlarge_use1-az4': 5, 'm6i.16xlarge_use1-az5': 1, 'm6i.16xlarge_use1-az6': 10, 'm6i.24xlarge_use1-az2': 10, 'm6i.24xlarge_use1-az4': 5, 'm6i.24xlarge_use1-az5': 1, 'm6i.24xlarge_use1-az6': 50, 'm6i.2xlarge_use1-az1': 25, 'm6i.2xlarge_use1-az2': 50, 'm6i.2xlarge_use1-az4': 50, 'm6i.2xlarge_use1-az5': 25, 'm6i.2xlarge_use1-az6': 50, 'm6i.32xlarge_use1-az2': 1, 'm6i.32xlarge_use1-az4': 5, 'm6i.32xlarge_use1-az5': 1, 'm6i.32xlarge_use1-az6': 15, 'm6i.4xlarge_use1-az1': 15, 'm6i.4xlarge_use1-az2': 50, 'm6i.4xlarge_use1-az4': 50, 'm6i.4xlarge_use1-az5': 50, 'm6i.4xlarge_use1-az6': 50, 'm6i.8xlarge_use1-az1': 1, 'm6i.8xlarge_use1-az2': 50, 'm6i.8xlarge_use1-az4': 50, 'm6i.8xlarge_use1-az5': 20, 'm6i.8xlarge_use1-az6': 50, 'm6i.large_use1-az1': 25, 'm6i.large_use1-az2': 50, 'm6i.large_use1-az4': 50, 'm6i.large_use1-az5': 50, 'm6i.large_use1-az6': 50, 'm6i.xlarge_use1-az1': 45, 'm6i.xlarge_use1-az2': 50, 'm6i.xlarge_use1-az4': 50, 'm6i.xlarge_use1-az5': 25, 'm6i.xlarge_use1-az6': 50, 'm6id.12xlarge_use1-az1': 1, 'm6id.12xlarge_use1-az2': 1, 'm6id.12xlarge_use1-az4': 1, 'm6id.12xlarge_use1-az6': 1, 'm6id.16xlarge_use1-az1': 1, 'm6id.16xlarge_use1-az2': 1, 'm6id.16xlarge_use1-az4': 1, 'm6id.16xlarge_use1-az6': 1, 'm6id.24xlarge_use1-az1': 10, 'm6id.24xlarge_use1-az2': 15, 'm6id.24xlarge_use1-az4': 35, 'm6id.24xlarge_use1-az5': 5, 'm6id.24xlarge_use1-az6': 15, 'm6id.2xlarge_use1-az1': 5, 'm6id.2xlarge_use1-az2': 5, 'm6id.2xlarge_use1-az4': 5, 'm6id.2xlarge_use1-az5': 1, 'm6id.2xlarge_use1-az6': 5, 'm6id.32xlarge_use1-az1': 10, 'm6id.32xlarge_use1-az2': 15, 'm6id.32xlarge_use1-az4': 5, 'm6id.32xlarge_use1-az5': 1, 'm6id.32xlarge_use1-az6': 50, 'm6id.4xlarge_use1-az1': 15, 'm6id.4xlarge_use1-az2': 10, 'm6id.4xlarge_use1-az4': 5, 'm6id.4xlarge_use1-az5': 1, 'm6id.4xlarge_use1-az6': 10, 'm6id.8xlarge_use1-az1': 1, 'm6id.8xlarge_use1-az4': 5, 'm6id.8xlarge_use1-az5': 1, 'm6id.8xlarge_use1-az6': 1, 'm6id.large_use1-az1': 30, 'm6id.large_use1-az2': 35, 'm6id.large_use1-az4': 15, 'm6id.large_use1-az5': 5, 'm6id.large_use1-az6': 50, 'm6id.xlarge_use1-az1': 20, 'm6id.xlarge_use1-az2': 45, 'm6id.xlarge_use1-az4': 15, 'm6id.xlarge_use1-az5': 5, 'm6id.xlarge_use1-az6': 25, 'm6idn.12xlarge_use1-az2': 1, 'm6idn.16xlarge_use1-az4': 1, 'm6idn.24xlarge_use1-az1': 1, 'm6idn.24xlarge_use1-az2': 1, 'm6idn.24xlarge_use1-az4': 1, 'm6idn.2xlarge_use1-az1': 5, 'm6idn.2xlarge_use1-az2': 10, 'm6idn.2xlarge_use1-az4': 5, 'm6idn.2xlarge_use1-az5': 1, 'm6idn.2xlarge_use1-az6': 5, 'm6idn.32xlarge_use1-az2': 1, 'm6idn.4xlarge_use1-az1': 30, 'm6idn.4xlarge_use1-az2': 10, 'm6idn.4xlarge_use1-az4': 5, 'm6idn.4xlarge_use1-az5': 5, 'm6idn.4xlarge_use1-az6': 5, 'm6idn.large_use1-az1': 25, 'm6idn.large_use1-az2': 35, 'm6idn.large_use1-az4': 15, 'm6idn.large_use1-az5': 10, 'm6idn.large_use1-az6': 10, 'm6idn.xlarge_use1-az1': 15, 'm6idn.xlarge_use1-az2': 50, 'm6idn.xlarge_use1-az4': 20, 'm6idn.xlarge_use1-az5': 5, 'm6idn.xlarge_use1-az6': 10, 'm6in.12xlarge_use1-az4': 1, 'm6in.16xlarge_use1-az2': 1, 'm6in.16xlarge_use1-az4': 1, 'm6in.24xlarge_use1-az1': 1, 'm6in.24xlarge_use1-az2': 1, 'm6in.2xlarge_use1-az1': 10, 'm6in.2xlarge_use1-az2': 20, 'm6in.2xlarge_use1-az4': 10, 'm6in.2xlarge_use1-az5': 1, 'm6in.2xlarge_use1-az6': 5, 'm6in.4xlarge_use1-az1': 1, 'm6in.4xlarge_use1-az2': 1, 'm6in.4xlarge_use1-az5': 1, 'm6in.8xlarge_use1-az1': 1, 'm6in.8xlarge_use1-az2': 1, 'm6in.8xlarge_use1-az4': 1, 'm6in.large_use1-az1': 5, 'm6in.large_use1-az2': 10, 'm6in.large_use1-az4': 5, 'm6in.large_use1-az5': 1, 'm6in.large_use1-az6': 1, 'm6in.xlarge_use1-az1': 5, 'm6in.xlarge_use1-az2': 10, 'm6in.xlarge_use1-az4': 1, 'm7a.12xlarge_use1-az2': 1, 'm7a.12xlarge_use1-az6': 20, 'm7a.16xlarge_use1-az2': 1, 'm7a.16xlarge_use1-az6': 40, 'm7a.24xlarge_use1-az2': 1, 'm7a.24xlarge_use1-az6': 50, 'm7a.2xlarge_use1-az1': 5, 'm7a.2xlarge_use1-az2': 15, 'm7a.2xlarge_use1-az4': 10, 'm7a.2xlarge_use1-az6': 50, 'm7a.32xlarge_use1-az6': 20, 'm7a.48xlarge_use1-az6': 40, 'm7a.4xlarge_use1-az1': 10, 'm7a.4xlarge_use1-az2': 5, 'm7a.4xlarge_use1-az4': 10, 'm7a.4xlarge_use1-az6': 25, 'm7a.8xlarge_use1-az1': 1, 'm7a.8xlarge_use1-az2': 5, 'm7a.8xlarge_use1-az4': 1, 'm7a.8xlarge_use1-az6': 50, 'm7a.large_use1-az1': 15, 'm7a.large_use1-az2': 50, 'm7a.large_use1-az4': 50, 'm7a.large_use1-az5': 5, 'm7a.large_use1-az6': 50, 'm7a.medium_use1-az1': 10, 'm7a.medium_use1-az2': 50, 'm7a.medium_use1-az4': 50, 'm7a.medium_use1-az6': 50, 'm7a.xlarge_use1-az1': 5, 'm7a.xlarge_use1-az2': 40, 'm7a.xlarge_use1-az4': 50, 'm7a.xlarge_use1-az6': 50, 'm7g.12xlarge_use1-az1': 1, 'm7g.12xlarge_use1-az2': 10, 'm7g.12xlarge_use1-az4': 45, 'm7g.12xlarge_use1-az5': 1, 'm7g.12xlarge_use1-az6': 50, 'm7g.16xlarge_use1-az1': 1, 'm7g.16xlarge_use1-az2': 30, 'm7g.16xlarge_use1-az4': 35, 'm7g.16xlarge_use1-az5': 1, 'm7g.16xlarge_use1-az6': 50, 'm7g.2xlarge_use1-az1': 35, 'm7g.2xlarge_use1-az2': 50, 'm7g.2xlarge_use1-az4': 50, 'm7g.2xlarge_use1-az5': 15, 'm7g.2xlarge_use1-az6': 50, 'm7g.4xlarge_use1-az1': 10, 'm7g.4xlarge_use1-az2': 30, 'm7g.4xlarge_use1-az4': 50, 'm7g.4xlarge_use1-az5': 10, 'm7g.4xlarge_use1-az6': 50, 'm7g.8xlarge_use1-az1': 1, 'm7g.8xlarge_use1-az2': 15, 'm7g.8xlarge_use1-az4': 40, 'm7g.8xlarge_use1-az5': 1, 'm7g.8xlarge_use1-az6': 50, 'm7g.large_use1-az1': 10, 'm7g.large_use1-az2': 50, 'm7g.large_use1-az4': 50, 'm7g.large_use1-az5': 30, 'm7g.large_use1-az6': 50, 'm7g.medium_use1-az1': 30, 'm7g.medium_use1-az2': 40, 'm7g.medium_use1-az4': 50, 'm7g.medium_use1-az5': 35, 'm7g.medium_use1-az6': 50, 'm7g.metal_use1-az1': 1, 'm7g.metal_use1-az2': 25, 'm7g.metal_use1-az4': 10, 'm7g.metal_use1-az5': 1, 'm7g.metal_use1-az6': 50, 'm7g.xlarge_use1-az1': 50, 'm7g.xlarge_use1-az2': 50, 'm7g.xlarge_use1-az4': 50, 'm7g.xlarge_use1-az5': 50, 'm7g.xlarge_use1-az6': 50, 'm7gd.12xlarge_use1-az1': 5, 'm7gd.12xlarge_use1-az2': 10, 'm7gd.12xlarge_use1-az4': 1, 'm7gd.12xlarge_use1-az6': 35, 'm7gd.16xlarge_use1-az1': 1, 'm7gd.16xlarge_use1-az2': 30, 'm7gd.16xlarge_use1-az4': 1, 'm7gd.16xlarge_use1-az6': 40, 'm7gd.2xlarge_use1-az1': 15, 'm7gd.2xlarge_use1-az2': 50, 'm7gd.2xlarge_use1-az4': 15, 'm7gd.2xlarge_use1-az6': 25, 'm7gd.4xlarge_use1-az1': 5, 'm7gd.4xlarge_use1-az2': 10, 'm7gd.4xlarge_use1-az4': 1, 'm7gd.4xlarge_use1-az6': 40, 'm7gd.8xlarge_use1-az1': 10, 'm7gd.8xlarge_use1-az2': 50, 'm7gd.8xlarge_use1-az4': 30, 'm7gd.8xlarge_use1-az5': 45, 'm7gd.8xlarge_use1-az6': 50, 'm7gd.large_use1-az1': 5, 'm7gd.large_use1-az2': 50, 'm7gd.large_use1-az4': 5, 'm7gd.large_use1-az6': 50, 'm7gd.medium_use1-az1': 15, 'm7gd.medium_use1-az2': 20, 'm7gd.medium_use1-az4': 15, 'm7gd.medium_use1-az5': 20, 'm7gd.medium_use1-az6': 25, 'm7gd.metal_use1-az1': 5, 'm7gd.metal_use1-az2': 15, 'm7gd.metal_use1-az4': 1, 'm7gd.metal_use1-az6': 15, 'm7gd.xlarge_use1-az1': 5, 'm7gd.xlarge_use1-az2': 10, 'm7gd.xlarge_use1-az4': 10, 'm7gd.xlarge_use1-az5': 1, 'm7gd.xlarge_use1-az6': 25, 'm7i-flex.2xlarge_use1-az1': 50, 'm7i-flex.2xlarge_use1-az2': 50, 'm7i-flex.2xlarge_use1-az4': 15, 'm7i-flex.2xlarge_use1-az5': 10, 'm7i-flex.2xlarge_use1-az6': 50, 'm7i-flex.4xlarge_use1-az2': 5, 'm7i-flex.4xlarge_use1-az4': 5, 'm7i-flex.4xlarge_use1-az6': 25, 'm7i-flex.8xlarge_use1-az1': 1, 'm7i-flex.8xlarge_use1-az2': 5, 'm7i-flex.8xlarge_use1-az4': 5, 'm7i-flex.8xlarge_use1-az5': 1, 'm7i-flex.8xlarge_use1-az6': 10, 'm7i-flex.large_use1-az1': 20, 'm7i-flex.large_use1-az2': 50, 'm7i-flex.large_use1-az4': 25, 'm7i-flex.large_use1-az5': 25, 'm7i-flex.large_use1-az6': 50, 'm7i-flex.xlarge_use1-az1': 50, 'm7i-flex.xlarge_use1-az2': 50, 'm7i-flex.xlarge_use1-az4': 50, 'm7i-flex.xlarge_use1-az5': 15, 'm7i-flex.xlarge_use1-az6': 50, 'm7i.12xlarge_use1-az1': 1, 'm7i.12xlarge_use1-az2': 5, 'm7i.12xlarge_use1-az4': 15, 'm7i.12xlarge_use1-az6': 50, 'm7i.16xlarge_use1-az1': 5, 'm7i.16xlarge_use1-az2': 10, 'm7i.16xlarge_use1-az4': 10, 'm7i.16xlarge_use1-az6': 50, 'm7i.24xlarge_use1-az2': 5, 'm7i.24xlarge_use1-az4': 5, 'm7i.24xlarge_use1-az6': 50, 'm7i.2xlarge_use1-az1': 1, 'm7i.2xlarge_use1-az2': 50, 'm7i.2xlarge_use1-az4': 50, 'm7i.2xlarge_use1-az6': 50, 'm7i.48xlarge_use1-az1': 1, 'm7i.48xlarge_use1-az2': 5, 'm7i.48xlarge_use1-az4': 20, 'm7i.48xlarge_use1-az6': 50, 'm7i.4xlarge_use1-az1': 1, 'm7i.4xlarge_use1-az2': 25, 'm7i.4xlarge_use1-az4': 10, 'm7i.4xlarge_use1-az6': 50, 'm7i.8xlarge_use1-az1': 40, 'm7i.8xlarge_use1-az2': 20, 'm7i.8xlarge_use1-az4': 50, 'm7i.8xlarge_use1-az6': 50, 'm7i.large_use1-az1': 50, 'm7i.large_use1-az2': 50, 'm7i.large_use1-az4': 50, 'm7i.large_use1-az5': 1, 'm7i.large_use1-az6': 50, 'm7i.xlarge_use1-az1': 30, 'm7i.xlarge_use1-az2': 35, 'm7i.xlarge_use1-az4': 50, 'm7i.xlarge_use1-az6': 50, 'm8g.12xlarge_use1-az2': 10, 'm8g.12xlarge_use1-az4': 10, 'm8g.12xlarge_use1-az5': 1, 'm8g.12xlarge_use1-az6': 35, 'm8g.16xlarge_use1-az2': 5, 'm8g.16xlarge_use1-az4': 5, 'm8g.16xlarge_use1-az5': 5, 'm8g.16xlarge_use1-az6': 45, 'm8g.24xlarge_use1-az2': 5, 'm8g.24xlarge_use1-az4': 1, 'm8g.24xlarge_use1-az5': 1, 'm8g.24xlarge_use1-az6': 25, 'm8g.2xlarge_use1-az4': 10, 'm8g.2xlarge_use1-az5': 10, 'm8g.48xlarge_use1-az2': 5, 'm8g.48xlarge_use1-az4': 5, 'm8g.48xlarge_use1-az6': 20, 'm8g.4xlarge_use1-az2': 5, 'm8g.4xlarge_use1-az4': 5, 'm8g.4xlarge_use1-az5': 1, 'm8g.4xlarge_use1-az6': 40, 'm8g.8xlarge_use1-az2': 10, 'm8g.8xlarge_use1-az4': 20, 'm8g.8xlarge_use1-az5': 1, 'm8g.8xlarge_use1-az6': 40, 'm8g.large_use1-az1': 1, 'm8g.large_use1-az2': 20, 'm8g.large_use1-az6': 45, 'm8g.medium_use1-az1': 1, 'm8g.medium_use1-az2': 15, 'm8g.metal-48xl_use1-az2': 5, 'm8g.metal-48xl_use1-az6': 25, 'm8g.xlarge_use1-az1': 1, 'm8g.xlarge_use1-az5': 15, 'm8g.xlarge_use1-az6': 50, 'm8gd.16xlarge_use1-az5': 1, 'm8gd.4xlarge_use1-az2': 5, 'm8gd.4xlarge_use1-az4': 1, 'm8gd.4xlarge_use1-az6': 1, 'm8gd.8xlarge_use1-az5': 1, 'm8gd.8xlarge_use1-az6': 5, 'm8gd.large_use1-az1': 20, 'm8gd.large_use1-az2': 15, 'm8gd.large_use1-az5': 1, 'm8gd.large_use1-az6': 1, 'm8gd.medium_use1-az6': 1, 'm8gd.metal-24xl_use1-az2': 1, 'm8gd.xlarge_use1-az1': 1, 'm8gd.xlarge_use1-az5': 1, 'm8i-flex.16xlarge_use1-az6': 5, 'm8i-flex.2xlarge_use1-az2': 10, 'm8i-flex.2xlarge_use1-az4': 1, 'm8i-flex.2xlarge_use1-az6': 50, 'm8i-flex.4xlarge_use1-az2': 1, 'm8i-flex.4xlarge_use1-az4': 1, 'm8i-flex.4xlarge_use1-az6': 5, 'm8i-flex.8xlarge_use1-az6': 1, 'm8i-flex.large_use1-az2': 5, 'm8i-flex.xlarge_use1-az2': 10, 'm8i-flex.xlarge_use1-az4': 25, 'm8i-flex.xlarge_use1-az6': 50, 'm8i.12xlarge_use1-az6': 1, 'm8i.16xlarge_use1-az4': 1, 'm8i.16xlarge_use1-az6': 1, 'm8i.24xlarge_use1-az6': 1, 'm8i.2xlarge_use1-az2': 10, 'm8i.2xlarge_use1-az4': 1, 'm8i.2xlarge_use1-az6': 10, 'm8i.32xlarge_use1-az2': 1, 'm8i.32xlarge_use1-az6': 5, 'm8i.48xlarge_use1-az2': 1, 'm8i.48xlarge_use1-az6': 5, 'm8i.4xlarge_use1-az2': 5, 'm8i.4xlarge_use1-az4': 1, 'm8i.4xlarge_use1-az6': 5, 'm8i.8xlarge_use1-az2': 1, 'm8i.8xlarge_use1-az4': 1, 'm8i.8xlarge_use1-az6': 20, 'm8i.96xlarge_use1-az6': 1, 'm8i.large_use1-az4': 25, 'm8i.metal-48xl_use1-az6': 1, 'm8i.metal-96xl_use1-az6': 1, 'm8i.xlarge_use1-az2': 30, 'm8i.xlarge_use1-az4': 10, 'p3.2xlarge_use1-az1': 50, 'p3.2xlarge_use1-az2': 50, 'p3.2xlarge_use1-az5': 50, 'p3.2xlarge_use1-az6': 50, 'p3dn.24xlarge_use1-az1': 15, 'p3dn.24xlarge_use1-az6': 50, 'p4d.24xlarge_use1-az2': 1, 'p4d.24xlarge_use1-az6': 1, 'p5.48xlarge_use1-az2': 15, 'r3.2xlarge_use1-az2': 1, 'r3.2xlarge_use1-az4': 1, 'r3.2xlarge_use1-az6': 1, 'r3.4xlarge_use1-az4': 1, 'r3.4xlarge_use1-az6': 1, 'r3.8xlarge_use1-az2': 1, 'r3.8xlarge_use1-az4': 1, 'r3.8xlarge_use1-az6': 5, 'r3.large_use1-az2': 50, 'r3.large_use1-az4': 50, 'r3.large_use1-az6': 50, 'r3.xlarge_use1-az2': 40, 'r3.xlarge_use1-az4': 50, 'r3.xlarge_use1-az6': 50, 'r4.16xlarge_use1-az1': 10, 'r4.16xlarge_use1-az2': 10, 'r4.16xlarge_use1-az3': 50, 'r4.16xlarge_use1-az4': 35, 'r4.16xlarge_use1-az5': 15, 'r4.16xlarge_use1-az6': 10, 'r4.2xlarge_use1-az1': 20, 'r4.2xlarge_use1-az2': 50, 'r4.2xlarge_use1-az3': 50, 'r4.2xlarge_use1-az4': 50, 'r4.2xlarge_use1-az5': 5, 'r4.2xlarge_use1-az6': 50, 'r4.4xlarge_use1-az1': 20, 'r4.4xlarge_use1-az2': 50, 'r4.4xlarge_use1-az3': 40, 'r4.4xlarge_use1-az4': 15, 'r4.4xlarge_use1-az5': 5, 'r4.4xlarge_use1-az6': 50, 'r4.8xlarge_use1-az1': 50, 'r4.8xlarge_use1-az2': 50, 'r4.8xlarge_use1-az3': 25, 'r4.8xlarge_use1-az4': 50, 'r4.8xlarge_use1-az5': 5, 'r4.8xlarge_use1-az6': 50, 'r4.large_use1-az1': 35, 'r4.large_use1-az2': 50, 'r4.large_use1-az3': 10, 'r4.large_use1-az4': 50, 'r4.large_use1-az5': 20, 'r4.large_use1-az6': 50, 'r4.xlarge_use1-az1': 50, 'r4.xlarge_use1-az2': 50, 'r4.xlarge_use1-az3': 50, 'r4.xlarge_use1-az4': 50, 'r4.xlarge_use1-az5': 30, 'r4.xlarge_use1-az6': 50, 'r5.12xlarge_use1-az1': 5, 'r5.12xlarge_use1-az2': 5, 'r5.12xlarge_use1-az4': 50, 'r5.12xlarge_use1-az5': 5, 'r5.12xlarge_use1-az6': 5, 'r5.16xlarge_use1-az1': 5, 'r5.16xlarge_use1-az4': 35, 'r5.16xlarge_use1-az5': 30, 'r5.16xlarge_use1-az6': 5, 'r5.24xlarge_use1-az4': 15, 'r5.24xlarge_use1-az5': 5, 'r5.24xlarge_use1-az6': 5, 'r5.2xlarge_use1-az1': 50, 'r5.2xlarge_use1-az2': 50, 'r5.2xlarge_use1-az4': 50, 'r5.2xlarge_use1-az5': 5, 'r5.2xlarge_use1-az6': 50, 'r5.4xlarge_use1-az1': 50, 'r5.4xlarge_use1-az2': 50, 'r5.4xlarge_use1-az4': 50, 'r5.4xlarge_use1-az5': 5, 'r5.4xlarge_use1-az6': 50, 'r5.8xlarge_use1-az1': 50, 'r5.8xlarge_use1-az2': 50, 'r5.8xlarge_use1-az4': 50, 'r5.8xlarge_use1-az5': 5, 'r5.8xlarge_use1-az6': 5, 'r5.large_use1-az1': 50, 'r5.large_use1-az2': 50, 'r5.large_use1-az4': 50, 'r5.large_use1-az5': 50, 'r5.large_use1-az6': 50, 'r5.xlarge_use1-az1': 50, 'r5.xlarge_use1-az2': 50, 'r5.xlarge_use1-az4': 50, 'r5.xlarge_use1-az5': 50, 'r5.xlarge_use1-az6': 50, 'r5a.12xlarge_use1-az1': 1, 'r5a.12xlarge_use1-az2': 1, 'r5a.12xlarge_use1-az4': 5, 'r5a.12xlarge_use1-az6': 5, 'r5a.16xlarge_use1-az1': 10, 'r5a.16xlarge_use1-az2': 10, 'r5a.16xlarge_use1-az4': 10, 'r5a.16xlarge_use1-az5': 5, 'r5a.16xlarge_use1-az6': 5, 'r5a.24xlarge_use1-az1': 5, 'r5a.24xlarge_use1-az2': 15, 'r5a.24xlarge_use1-az4': 10, 'r5a.24xlarge_use1-az5': 1, 'r5a.24xlarge_use1-az6': 10, 'r5a.2xlarge_use1-az1': 10, 'r5a.2xlarge_use1-az2': 20, 'r5a.2xlarge_use1-az4': 35, 'r5a.2xlarge_use1-az5': 5, 'r5a.2xlarge_use1-az6': 30, 'r5a.4xlarge_use1-az1': 25, 'r5a.4xlarge_use1-az2': 50, 'r5a.4xlarge_use1-az4': 50, 'r5a.4xlarge_use1-az5': 5, 'r5a.4xlarge_use1-az6': 50, 'r5a.8xlarge_use1-az1': 25, 'r5a.8xlarge_use1-az2': 10, 'r5a.8xlarge_use1-az4': 15, 'r5a.8xlarge_use1-az5': 30, 'r5a.8xlarge_use1-az6': 20, 'r5a.large_use1-az1': 50, 'r5a.large_use1-az2': 50, 'r5a.large_use1-az4': 50, 'r5a.large_use1-az5': 25, 'r5a.large_use1-az6': 50, 'r5a.xlarge_use1-az1': 20, 'r5a.xlarge_use1-az2': 50, 'r5a.xlarge_use1-az4': 50, 'r5a.xlarge_use1-az5': 5, 'r5a.xlarge_use1-az6': 50, 'r5ad.12xlarge_use1-az2': 1, 'r5ad.16xlarge_use1-az2': 50, 'r5ad.16xlarge_use1-az4': 10, 'r5ad.16xlarge_use1-az5': 1, 'r5ad.16xlarge_use1-az6': 10, 'r5ad.24xlarge_use1-az2': 25, 'r5ad.24xlarge_use1-az4': 1, 'r5ad.24xlarge_use1-az6': 10, 'r5ad.2xlarge_use1-az1': 1, 'r5ad.2xlarge_use1-az2': 1, 'r5ad.2xlarge_use1-az4': 1, 'r5ad.2xlarge_use1-az5': 1, 'r5ad.2xlarge_use1-az6': 1, 'r5ad.4xlarge_use1-az1': 1, 'r5ad.4xlarge_use1-az2': 10, 'r5ad.4xlarge_use1-az4': 5, 'r5ad.4xlarge_use1-az5': 1, 'r5ad.4xlarge_use1-az6': 1, 'r5ad.8xlarge_use1-az2': 5, 'r5ad.8xlarge_use1-az4': 20, 'r5ad.8xlarge_use1-az5': 1, 'r5ad.8xlarge_use1-az6': 10, 'r5ad.large_use1-az1': 1, 'r5ad.large_use1-az2': 30, 'r5ad.large_use1-az4': 10, 'r5ad.large_use1-az5': 5, 'r5ad.large_use1-az6': 10, 'r5ad.xlarge_use1-az1': 1, 'r5ad.xlarge_use1-az2': 10, 'r5ad.xlarge_use1-az4': 10, 'r5ad.xlarge_use1-az5': 1, 'r5ad.xlarge_use1-az6': 5, 'r5b.12xlarge_use1-az1': 5, 'r5b.12xlarge_use1-az4': 5, 'r5b.12xlarge_use1-az6': 1, 'r5b.16xlarge_use1-az1': 5, 'r5b.16xlarge_use1-az2': 5, 'r5b.16xlarge_use1-az4': 5, 'r5b.16xlarge_use1-az6': 5, 'r5b.24xlarge_use1-az1': 1, 'r5b.24xlarge_use1-az4': 5, 'r5b.24xlarge_use1-az6': 1, 'r5b.2xlarge_use1-az1': 1, 'r5b.2xlarge_use1-az2': 1, 'r5b.2xlarge_use1-az4': 1, 'r5b.2xlarge_use1-az6': 1, 'r5b.4xlarge_use1-az1': 5, 'r5b.4xlarge_use1-az2': 5, 'r5b.4xlarge_use1-az4': 5, 'r5b.4xlarge_use1-az6': 5, 'r5b.8xlarge_use1-az1': 5, 'r5b.8xlarge_use1-az2': 1, 'r5b.8xlarge_use1-az4': 1, 'r5b.8xlarge_use1-az6': 1, 'r5b.large_use1-az1': 1, 'r5b.large_use1-az2': 5, 'r5b.large_use1-az4': 10, 'r5b.large_use1-az6': 5, 'r5b.xlarge_use1-az1': 1, 'r5b.xlarge_use1-az2': 1, 'r5b.xlarge_use1-az4': 5, 'r5b.xlarge_use1-az6': 1, 'r5d.12xlarge_use1-az1': 1, 'r5d.12xlarge_use1-az2': 5, 'r5d.12xlarge_use1-az4': 10, 'r5d.12xlarge_use1-az6': 1, 'r5d.16xlarge_use1-az1': 5, 'r5d.16xlarge_use1-az2': 50, 'r5d.16xlarge_use1-az4': 50, 'r5d.16xlarge_use1-az5': 10, 'r5d.16xlarge_use1-az6': 50, 'r5d.24xlarge_use1-az1': 1, 'r5d.24xlarge_use1-az2': 1, 'r5d.24xlarge_use1-az4': 10, 'r5d.24xlarge_use1-az5': 1, 'r5d.24xlarge_use1-az6': 10, 'r5d.2xlarge_use1-az1': 5, 'r5d.2xlarge_use1-az2': 15, 'r5d.2xlarge_use1-az4': 15, 'r5d.2xlarge_use1-az5': 1, 'r5d.2xlarge_use1-az6': 15, 'r5d.4xlarge_use1-az1': 5, 'r5d.4xlarge_use1-az2': 20, 'r5d.4xlarge_use1-az4': 45, 'r5d.4xlarge_use1-az5': 5, 'r5d.4xlarge_use1-az6': 25, 'r5d.8xlarge_use1-az1': 5, 'r5d.8xlarge_use1-az2': 15, 'r5d.8xlarge_use1-az4': 15, 'r5d.8xlarge_use1-az5': 5, 'r5d.8xlarge_use1-az6': 50, 'r5d.large_use1-az1': 10, 'r5d.large_use1-az2': 50, 'r5d.large_use1-az4': 50, 'r5d.large_use1-az5': 5, 'r5d.large_use1-az6': 50, 'r5d.xlarge_use1-az1': 1, 'r5d.xlarge_use1-az2': 15, 'r5d.xlarge_use1-az4': 15, 'r5d.xlarge_use1-az5': 1, 'r5d.xlarge_use1-az6': 10, 'r5dn.12xlarge_use1-az1': 1, 'r5dn.12xlarge_use1-az2': 1, 'r5dn.12xlarge_use1-az4': 1, 'r5dn.12xlarge_use1-az5': 1, 'r5dn.12xlarge_use1-az6': 1, 'r5dn.16xlarge_use1-az1': 5, 'r5dn.16xlarge_use1-az2': 5, 'r5dn.16xlarge_use1-az4': 15, 'r5dn.16xlarge_use1-az5': 10, 'r5dn.16xlarge_use1-az6': 30, 'r5dn.24xlarge_use1-az2': 5, 'r5dn.24xlarge_use1-az4': 10, 'r5dn.24xlarge_use1-az5': 1, 'r5dn.24xlarge_use1-az6': 25, 'r5dn.2xlarge_use1-az1': 50, 'r5dn.2xlarge_use1-az2': 45, 'r5dn.2xlarge_use1-az4': 30, 'r5dn.2xlarge_use1-az5': 50, 'r5dn.2xlarge_use1-az6': 5, 'r5dn.4xlarge_use1-az1': 5, 'r5dn.4xlarge_use1-az2': 25, 'r5dn.4xlarge_use1-az4': 45, 'r5dn.4xlarge_use1-az5': 5, 'r5dn.4xlarge_use1-az6': 20, 'r5dn.8xlarge_use1-az1': 1, 'r5dn.8xlarge_use1-az2': 5, 'r5dn.8xlarge_use1-az4': 5, 'r5dn.8xlarge_use1-az5': 5, 'r5dn.8xlarge_use1-az6': 50, 'r5dn.large_use1-az1': 50, 'r5dn.large_use1-az2': 50, 'r5dn.large_use1-az4': 50, 'r5dn.large_use1-az5': 50, 'r5dn.large_use1-az6': 50, 'r5dn.xlarge_use1-az1': 5, 'r5dn.xlarge_use1-az2': 15, 'r5dn.xlarge_use1-az4': 15, 'r5dn.xlarge_use1-az5': 15, 'r5dn.xlarge_use1-az6': 15, 'r5n.12xlarge_use1-az2': 1, 'r5n.12xlarge_use1-az4': 1, 'r5n.12xlarge_use1-az6': 1, 'r5n.16xlarge_use1-az1': 1, 'r5n.16xlarge_use1-az2': 10, 'r5n.16xlarge_use1-az4': 35, 'r5n.16xlarge_use1-az5': 1, 'r5n.16xlarge_use1-az6': 20, 'r5n.2xlarge_use1-az1': 5, 'r5n.2xlarge_use1-az2': 5, 'r5n.2xlarge_use1-az4': 15, 'r5n.2xlarge_use1-az5': 1, 'r5n.2xlarge_use1-az6': 1, 'r5n.4xlarge_use1-az1': 5, 'r5n.4xlarge_use1-az2': 25, 'r5n.4xlarge_use1-az4': 15, 'r5n.4xlarge_use1-az5': 5, 'r5n.4xlarge_use1-az6': 35, 'r5n.8xlarge_use1-az1': 10, 'r5n.8xlarge_use1-az2': 20, 'r5n.8xlarge_use1-az4': 35, 'r5n.8xlarge_use1-az6': 15, 'r5n.large_use1-az1': 20, 'r5n.large_use1-az2': 50, 'r5n.large_use1-az4': 50, 'r5n.large_use1-az5': 10, 'r5n.large_use1-az6': 30, 'r5n.xlarge_use1-az1': 1, 'r5n.xlarge_use1-az2': 10, 'r5n.xlarge_use1-az4': 15, 'r5n.xlarge_use1-az5': 1, 'r5n.xlarge_use1-az6': 20, 'r6a.12xlarge_use1-az1': 1, 'r6a.12xlarge_use1-az2': 10, 'r6a.12xlarge_use1-az4': 5, 'r6a.12xlarge_use1-az6': 10, 'r6a.16xlarge_use1-az1': 5, 'r6a.16xlarge_use1-az2': 15, 'r6a.16xlarge_use1-az4': 30, 'r6a.16xlarge_use1-az5': 15, 'r6a.16xlarge_use1-az6': 40, 'r6a.24xlarge_use1-az2': 5, 'r6a.24xlarge_use1-az4': 1, 'r6a.24xlarge_use1-az5': 1, 'r6a.24xlarge_use1-az6': 5, 'r6a.2xlarge_use1-az1': 50, 'r6a.2xlarge_use1-az2': 50, 'r6a.2xlarge_use1-az4': 40, 'r6a.2xlarge_use1-az5': 1, 'r6a.2xlarge_use1-az6': 50, 'r6a.32xlarge_use1-az2': 5, 'r6a.32xlarge_use1-az4': 5, 'r6a.32xlarge_use1-az5': 5, 'r6a.32xlarge_use1-az6': 5, 'r6a.48xlarge_use1-az2': 5, 'r6a.48xlarge_use1-az4': 5, 'r6a.48xlarge_use1-az5': 5, 'r6a.48xlarge_use1-az6': 1, 'r6a.4xlarge_use1-az1': 50, 'r6a.4xlarge_use1-az2': 50, 'r6a.4xlarge_use1-az4': 50, 'r6a.4xlarge_use1-az5': 40, 'r6a.4xlarge_use1-az6': 50, 'r6a.8xlarge_use1-az1': 20, 'r6a.8xlarge_use1-az2': 50, 'r6a.8xlarge_use1-az4': 50, 'r6a.8xlarge_use1-az5': 50, 'r6a.8xlarge_use1-az6': 50, 'r6a.large_use1-az1': 50, 'r6a.large_use1-az2': 50, 'r6a.large_use1-az4': 50, 'r6a.large_use1-az5': 50, 'r6a.large_use1-az6': 50, 'r6a.xlarge_use1-az1': 50, 'r6a.xlarge_use1-az2': 50, 'r6a.xlarge_use1-az4': 50, 'r6a.xlarge_use1-az5': 50, 'r6a.xlarge_use1-az6': 50, 'r6g.12xlarge_use1-az2': 50, 'r6g.12xlarge_use1-az4': 45, 'r6g.12xlarge_use1-az5': 10, 'r6g.12xlarge_use1-az6': 50, 'r6g.16xlarge_use1-az1': 1, 'r6g.16xlarge_use1-az2': 50, 'r6g.16xlarge_use1-az4': 50, 'r6g.16xlarge_use1-az5': 50, 'r6g.16xlarge_use1-az6': 50, 'r6g.2xlarge_use1-az1': 1, 'r6g.2xlarge_use1-az2': 25, 'r6g.2xlarge_use1-az4': 40, 'r6g.2xlarge_use1-az5': 10, 'r6g.2xlarge_use1-az6': 50, 'r6g.4xlarge_use1-az1': 10, 'r6g.4xlarge_use1-az2': 50, 'r6g.4xlarge_use1-az4': 50, 'r6g.4xlarge_use1-az5': 50, 'r6g.4xlarge_use1-az6': 50, 'r6g.8xlarge_use1-az1': 1, 'r6g.8xlarge_use1-az2': 10, 'r6g.8xlarge_use1-az4': 50, 'r6g.8xlarge_use1-az5': 50, 'r6g.8xlarge_use1-az6': 50, 'r6g.large_use1-az1': 10, 'r6g.large_use1-az2': 40, 'r6g.large_use1-az4': 50, 'r6g.large_use1-az5': 5, 'r6g.large_use1-az6': 50, 'r6g.medium_use1-az1': 1, 'r6g.medium_use1-az2': 10, 'r6g.medium_use1-az4': 15, 'r6g.medium_use1-az5': 15, 'r6g.medium_use1-az6': 35, 'r6g.xlarge_use1-az1': 1, 'r6g.xlarge_use1-az2': 50, 'r6g.xlarge_use1-az4': 50, 'r6g.xlarge_use1-az5': 50, 'r6g.xlarge_use1-az6': 50, 'r6gd.12xlarge_use1-az1': 1, 'r6gd.12xlarge_use1-az2': 5, 'r6gd.12xlarge_use1-az4': 10, 'r6gd.12xlarge_use1-az5': 1, 'r6gd.12xlarge_use1-az6': 10, 'r6gd.16xlarge_use1-az1': 5, 'r6gd.16xlarge_use1-az2': 5, 'r6gd.16xlarge_use1-az4': 50, 'r6gd.16xlarge_use1-az5': 1, 'r6gd.16xlarge_use1-az6': 45, 'r6gd.2xlarge_use1-az1': 1, 'r6gd.2xlarge_use1-az2': 20, 'r6gd.2xlarge_use1-az4': 30, 'r6gd.2xlarge_use1-az5': 1, 'r6gd.2xlarge_use1-az6': 1, 'r6gd.4xlarge_use1-az1': 5, 'r6gd.4xlarge_use1-az2': 20, 'r6gd.4xlarge_use1-az4': 50, 'r6gd.4xlarge_use1-az5': 1, 'r6gd.4xlarge_use1-az6': 25, 'r6gd.8xlarge_use1-az1': 1, 'r6gd.8xlarge_use1-az2': 10, 'r6gd.8xlarge_use1-az4': 20, 'r6gd.8xlarge_use1-az5': 1, 'r6gd.8xlarge_use1-az6': 30, 'r6gd.large_use1-az1': 50, 'r6gd.large_use1-az2': 50, 'r6gd.large_use1-az4': 50, 'r6gd.large_use1-az5': 50, 'r6gd.large_use1-az6': 50, 'r6gd.medium_use1-az1': 5, 'r6gd.medium_use1-az2': 1, 'r6gd.medium_use1-az4': 5, 'r6gd.medium_use1-az5': 5, 'r6gd.medium_use1-az6': 1, 'r6gd.xlarge_use1-az1': 1, 'r6gd.xlarge_use1-az2': 1, 'r6gd.xlarge_use1-az4': 5, 'r6gd.xlarge_use1-az6': 10, 'r6i.12xlarge_use1-az1': 5, 'r6i.12xlarge_use1-az2': 5, 'r6i.12xlarge_use1-az4': 5, 'r6i.12xlarge_use1-az5': 1, 'r6i.12xlarge_use1-az6': 10, 'r6i.16xlarge_use1-az1': 1, 'r6i.16xlarge_use1-az2': 1, 'r6i.16xlarge_use1-az4': 10, 'r6i.16xlarge_use1-az5': 10, 'r6i.16xlarge_use1-az6': 1, 'r6i.24xlarge_use1-az4': 10, 'r6i.24xlarge_use1-az5': 1, 'r6i.24xlarge_use1-az6': 5, 'r6i.2xlarge_use1-az1': 15, 'r6i.2xlarge_use1-az2': 35, 'r6i.2xlarge_use1-az4': 50, 'r6i.2xlarge_use1-az5': 5, 'r6i.2xlarge_use1-az6': 50, 'r6i.32xlarge_use1-az4': 1, 'r6i.32xlarge_use1-az5': 1, 'r6i.32xlarge_use1-az6': 1, 'r6i.4xlarge_use1-az1': 30, 'r6i.4xlarge_use1-az2': 20, 'r6i.4xlarge_use1-az4': 20, 'r6i.4xlarge_use1-az5': 10, 'r6i.4xlarge_use1-az6': 40, 'r6i.8xlarge_use1-az1': 5, 'r6i.8xlarge_use1-az2': 10, 'r6i.8xlarge_use1-az4': 10, 'r6i.8xlarge_use1-az5': 5, 'r6i.8xlarge_use1-az6': 10, 'r6i.large_use1-az1': 20, 'r6i.large_use1-az2': 50, 'r6i.large_use1-az4': 50, 'r6i.large_use1-az5': 20, 'r6i.large_use1-az6': 50, 'r6i.xlarge_use1-az1': 15, 'r6i.xlarge_use1-az2': 45, 'r6i.xlarge_use1-az4': 50, 'r6i.xlarge_use1-az5': 10, 'r6i.xlarge_use1-az6': 50, 'r6id.12xlarge_use1-az1': 1, 'r6id.12xlarge_use1-az2': 5, 'r6id.12xlarge_use1-az4': 1, 'r6id.12xlarge_use1-az6': 5, 'r6id.16xlarge_use1-az1': 5, 'r6id.16xlarge_use1-az2': 5, 'r6id.16xlarge_use1-az4': 15, 'r6id.16xlarge_use1-az5': 1, 'r6id.16xlarge_use1-az6': 20, 'r6id.24xlarge_use1-az1': 10, 'r6id.24xlarge_use1-az2': 10, 'r6id.24xlarge_use1-az4': 5, 'r6id.24xlarge_use1-az5': 15, 'r6id.24xlarge_use1-az6': 25, 'r6id.2xlarge_use1-az1': 5, 'r6id.2xlarge_use1-az2': 1, 'r6id.2xlarge_use1-az4': 10, 'r6id.2xlarge_use1-az5': 1, 'r6id.2xlarge_use1-az6': 10, 'r6id.32xlarge_use1-az1': 1, 'r6id.32xlarge_use1-az2': 5, 'r6id.32xlarge_use1-az4': 1, 'r6id.32xlarge_use1-az5': 1, 'r6id.32xlarge_use1-az6': 10, 'r6id.4xlarge_use1-az1': 40, 'r6id.4xlarge_use1-az2': 50, 'r6id.4xlarge_use1-az4': 10, 'r6id.4xlarge_use1-az5': 20, 'r6id.4xlarge_use1-az6': 35, 'r6id.8xlarge_use1-az1': 1, 'r6id.8xlarge_use1-az2': 1, 'r6id.8xlarge_use1-az4': 5, 'r6id.8xlarge_use1-az5': 1, 'r6id.8xlarge_use1-az6': 5, 'r6id.large_use1-az1': 15, 'r6id.large_use1-az2': 10, 'r6id.large_use1-az4': 5, 'r6id.large_use1-az5': 15, 'r6id.large_use1-az6': 30, 'r6id.xlarge_use1-az1': 5, 'r6id.xlarge_use1-az2': 15, 'r6id.xlarge_use1-az4': 10, 'r6id.xlarge_use1-az5': 15, 'r6id.xlarge_use1-az6': 15, 'r6idn.16xlarge_use1-az4': 1, 'r6idn.16xlarge_use1-az5': 1, 'r6idn.16xlarge_use1-az6': 1, 'r6idn.24xlarge_use1-az6': 1, 'r6idn.2xlarge_use1-az1': 1, 'r6idn.2xlarge_use1-az2': 1, 'r6idn.2xlarge_use1-az4': 5, 'r6idn.2xlarge_use1-az5': 1, 'r6idn.2xlarge_use1-az6': 5, 'r6idn.32xlarge_use1-az6': 1, 'r6idn.4xlarge_use1-az1': 15, 'r6idn.4xlarge_use1-az2': 15, 'r6idn.4xlarge_use1-az4': 15, 'r6idn.4xlarge_use1-az5': 5, 'r6idn.4xlarge_use1-az6': 10, 'r6idn.8xlarge_use1-az2': 1, 'r6idn.8xlarge_use1-az4': 1, 'r6idn.8xlarge_use1-az6': 5, 'r6idn.large_use1-az1': 1, 'r6idn.large_use1-az2': 1, 'r6idn.large_use1-az4': 5, 'r6idn.large_use1-az5': 5, 'r6idn.large_use1-az6': 5, 'r6idn.xlarge_use1-az1': 5, 'r6idn.xlarge_use1-az2': 1, 'r6idn.xlarge_use1-az4': 5, 'r6idn.xlarge_use1-az5': 1, 'r6idn.xlarge_use1-az6': 5, 'r6in.12xlarge_use1-az1': 1, 'r6in.12xlarge_use1-az6': 5, 'r6in.16xlarge_use1-az4': 1, 'r6in.16xlarge_use1-az5': 1, 'r6in.16xlarge_use1-az6': 5, 'r6in.24xlarge_use1-az6': 1, 'r6in.2xlarge_use1-az1': 1, 'r6in.2xlarge_use1-az2': 1, 'r6in.2xlarge_use1-az4': 1, 'r6in.2xlarge_use1-az5': 1, 'r6in.2xlarge_use1-az6': 1, 'r6in.4xlarge_use1-az1': 5, 'r6in.4xlarge_use1-az2': 20, 'r6in.4xlarge_use1-az4': 15, 'r6in.4xlarge_use1-az5': 20, 'r6in.4xlarge_use1-az6': 20, 'r6in.8xlarge_use1-az1': 5, 'r6in.8xlarge_use1-az4': 1, 'r6in.8xlarge_use1-az6': 5, 'r6in.large_use1-az1': 45, 'r6in.large_use1-az2': 50, 'r6in.large_use1-az4': 50, 'r6in.large_use1-az5': 40, 'r6in.large_use1-az6': 50, 'r6in.xlarge_use1-az1': 1, 'r6in.xlarge_use1-az2': 1, 'r6in.xlarge_use1-az4': 1, 'r6in.xlarge_use1-az5': 1, 'r6in.xlarge_use1-az6': 1, 'r7a.12xlarge_use1-az1': 1, 'r7a.12xlarge_use1-az2': 1, 'r7a.12xlarge_use1-az4': 5, 'r7a.12xlarge_use1-az6': 20, 'r7a.16xlarge_use1-az1': 1, 'r7a.16xlarge_use1-az2': 15, 'r7a.16xlarge_use1-az4': 30, 'r7a.16xlarge_use1-az6': 50, 'r7a.24xlarge_use1-az2': 10, 'r7a.24xlarge_use1-az4': 10, 'r7a.24xlarge_use1-az6': 35, 'r7a.2xlarge_use1-az1': 1, 'r7a.2xlarge_use1-az2': 5, 'r7a.2xlarge_use1-az4': 25, 'r7a.2xlarge_use1-az6': 1, 'r7a.32xlarge_use1-az2': 1, 'r7a.32xlarge_use1-az4': 1, 'r7a.32xlarge_use1-az6': 50, 'r7a.48xlarge_use1-az2': 5, 'r7a.48xlarge_use1-az4': 5, 'r7a.48xlarge_use1-az6': 50, 'r7a.4xlarge_use1-az1': 5, 'r7a.4xlarge_use1-az2': 25, 'r7a.4xlarge_use1-az4': 50, 'r7a.4xlarge_use1-az6': 50, 'r7a.8xlarge_use1-az1': 5, 'r7a.8xlarge_use1-az2': 20, 'r7a.8xlarge_use1-az4': 50, 'r7a.8xlarge_use1-az6': 50, 'r7a.large_use1-az1': 50, 'r7a.large_use1-az2': 50, 'r7a.large_use1-az4': 50, 'r7a.large_use1-az6': 50, 'r7a.medium_use1-az1': 10, 'r7a.medium_use1-az2': 25, 'r7a.medium_use1-az4': 50, 'r7a.medium_use1-az6': 50, 'r7a.xlarge_use1-az1': 20, 'r7a.xlarge_use1-az2': 50, 'r7a.xlarge_use1-az4': 50, 'r7a.xlarge_use1-az6': 25, 'r7g.12xlarge_use1-az1': 1, 'r7g.12xlarge_use1-az2': 5, 'r7g.12xlarge_use1-az4': 50, 'r7g.12xlarge_use1-az5': 1, 'r7g.12xlarge_use1-az6': 5, 'r7g.16xlarge_use1-az1': 5, 'r7g.16xlarge_use1-az2': 30, 'r7g.16xlarge_use1-az4': 50, 'r7g.16xlarge_use1-az5': 5, 'r7g.16xlarge_use1-az6': 50, 'r7g.2xlarge_use1-az1': 5, 'r7g.2xlarge_use1-az2': 10, 'r7g.2xlarge_use1-az4': 50, 'r7g.2xlarge_use1-az5': 5, 'r7g.2xlarge_use1-az6': 15, 'r7g.4xlarge_use1-az1': 5, 'r7g.4xlarge_use1-az2': 5, 'r7g.4xlarge_use1-az4': 50, 'r7g.4xlarge_use1-az5': 5, 'r7g.4xlarge_use1-az6': 15, 'r7g.8xlarge_use1-az1': 1, 'r7g.8xlarge_use1-az2': 50, 'r7g.8xlarge_use1-az4': 50, 'r7g.8xlarge_use1-az5': 50, 'r7g.8xlarge_use1-az6': 50, 'r7g.large_use1-az1': 20, 'r7g.large_use1-az2': 50, 'r7g.large_use1-az4': 50, 'r7g.large_use1-az5': 40, 'r7g.large_use1-az6': 40, 'r7g.medium_use1-az1': 50, 'r7g.medium_use1-az2': 50, 'r7g.medium_use1-az4': 50, 'r7g.medium_use1-az5': 25, 'r7g.medium_use1-az6': 50, 'r7g.xlarge_use1-az1': 50, 'r7g.xlarge_use1-az2': 50, 'r7g.xlarge_use1-az4': 50, 'r7g.xlarge_use1-az5': 10, 'r7g.xlarge_use1-az6': 50, 'r7gd.12xlarge_use1-az1': 1, 'r7gd.12xlarge_use1-az2': 10, 'r7gd.12xlarge_use1-az4': 35, 'r7gd.12xlarge_use1-az5': 10, 'r7gd.12xlarge_use1-az6': 50, 'r7gd.16xlarge_use1-az1': 5, 'r7gd.16xlarge_use1-az2': 50, 'r7gd.16xlarge_use1-az4': 50, 'r7gd.16xlarge_use1-az5': 50, 'r7gd.16xlarge_use1-az6': 50, 'r7gd.2xlarge_use1-az1': 5, 'r7gd.2xlarge_use1-az2': 25, 'r7gd.2xlarge_use1-az4': 25, 'r7gd.2xlarge_use1-az5': 40, 'r7gd.2xlarge_use1-az6': 50, 'r7gd.4xlarge_use1-az1': 1, 'r7gd.4xlarge_use1-az2': 20, 'r7gd.4xlarge_use1-az4': 25, 'r7gd.4xlarge_use1-az5': 30, 'r7gd.4xlarge_use1-az6': 50, 'r7gd.8xlarge_use1-az1': 1, 'r7gd.8xlarge_use1-az2': 10, 'r7gd.8xlarge_use1-az4': 30, 'r7gd.8xlarge_use1-az5': 20, 'r7gd.8xlarge_use1-az6': 50, 'r7gd.large_use1-az1': 15, 'r7gd.large_use1-az2': 10, 'r7gd.large_use1-az4': 50, 'r7gd.large_use1-az5': 15, 'r7gd.large_use1-az6': 35, 'r7gd.medium_use1-az1': 35, 'r7gd.medium_use1-az2': 15, 'r7gd.medium_use1-az4': 25, 'r7gd.medium_use1-az5': 15, 'r7gd.medium_use1-az6': 20, 'r7gd.xlarge_use1-az1': 1, 'r7gd.xlarge_use1-az2': 10, 'r7gd.xlarge_use1-az4': 25, 'r7gd.xlarge_use1-az5': 10, 'r7gd.xlarge_use1-az6': 50, 'r7i.12xlarge_use1-az4': 1, 'r7i.12xlarge_use1-az6': 10, 'r7i.16xlarge_use1-az1': 5, 'r7i.16xlarge_use1-az2': 15, 'r7i.16xlarge_use1-az4': 45, 'r7i.16xlarge_use1-az5': 5, 'r7i.16xlarge_use1-az6': 50, 'r7i.24xlarge_use1-az1': 1, 'r7i.24xlarge_use1-az2': 1, 'r7i.24xlarge_use1-az4': 5, 'r7i.24xlarge_use1-az5': 5, 'r7i.24xlarge_use1-az6': 5, 'r7i.2xlarge_use1-az1': 5, 'r7i.2xlarge_use1-az2': 5, 'r7i.2xlarge_use1-az4': 10, 'r7i.2xlarge_use1-az5': 5, 'r7i.2xlarge_use1-az6': 50, 'r7i.48xlarge_use1-az2': 1, 'r7i.48xlarge_use1-az4': 5, 'r7i.48xlarge_use1-az5': 1, 'r7i.48xlarge_use1-az6': 5, 'r7i.4xlarge_use1-az1': 5, 'r7i.4xlarge_use1-az2': 20, 'r7i.4xlarge_use1-az4': 10, 'r7i.4xlarge_use1-az5': 1, 'r7i.4xlarge_use1-az6': 50, 'r7i.8xlarge_use1-az1': 5, 'r7i.8xlarge_use1-az2': 25, 'r7i.8xlarge_use1-az4': 25, 'r7i.8xlarge_use1-az5': 5, 'r7i.8xlarge_use1-az6': 50, 'r7i.large_use1-az1': 15, 'r7i.large_use1-az2': 50, 'r7i.large_use1-az4': 50, 'r7i.large_use1-az5': 15, 'r7i.large_use1-az6': 50, 'r7i.xlarge_use1-az1': 5, 'r7i.xlarge_use1-az2': 15, 'r7i.xlarge_use1-az4': 10, 'r7i.xlarge_use1-az5': 15, 'r7i.xlarge_use1-az6': 50, 'r8g.12xlarge_use1-az2': 5, 'r8g.12xlarge_use1-az4': 5, 'r8g.12xlarge_use1-az6': 15, 'r8g.16xlarge_use1-az1': 1, 'r8g.16xlarge_use1-az2': 50, 'r8g.16xlarge_use1-az4': 50, 'r8g.16xlarge_use1-az5': 5, 'r8g.16xlarge_use1-az6': 50, 'r8g.24xlarge_use1-az2': 10, 'r8g.24xlarge_use1-az4': 5, 'r8g.24xlarge_use1-az5': 5, 'r8g.24xlarge_use1-az6': 35, 'r8g.2xlarge_use1-az2': 5, 'r8g.2xlarge_use1-az4': 5, 'r8g.2xlarge_use1-az5': 1, 'r8g.2xlarge_use1-az6': 5, 'r8g.48xlarge_use1-az2': 1, 'r8g.48xlarge_use1-az4': 5, 'r8g.48xlarge_use1-az6': 5, 'r8g.4xlarge_use1-az2': 10, 'r8g.4xlarge_use1-az4': 35, 'r8g.4xlarge_use1-az5': 5, 'r8g.4xlarge_use1-az6': 50, 'r8g.8xlarge_use1-az2': 40, 'r8g.8xlarge_use1-az4': 15, 'r8g.8xlarge_use1-az5': 1, 'r8g.8xlarge_use1-az6': 50, 'r8g.large_use1-az1': 5, 'r8g.large_use1-az2': 30, 'r8g.large_use1-az4': 15, 'r8g.large_use1-az5': 10, 'r8g.large_use1-az6': 20, 'r8g.medium_use1-az1': 15, 'r8g.medium_use1-az2': 30, 'r8g.medium_use1-az4': 20, 'r8g.medium_use1-az5': 5, 'r8g.medium_use1-az6': 15, 'r8g.xlarge_use1-az1': 1, 'r8g.xlarge_use1-az2': 10, 'r8g.xlarge_use1-az4': 5, 'r8g.xlarge_use1-az5': 5, 'r8g.xlarge_use1-az6': 10, 'r8gb.24xlarge_use1-az6': 1, 'r8gb.2xlarge_use1-az2': 1, 'r8gb.2xlarge_use1-az4': 1, 'r8gb.2xlarge_use1-az6': 1, 'r8gb.large_use1-az2': 20, 'r8gb.large_use1-az4': 15, 'r8gb.large_use1-az6': 25, 'r8gb.medium_use1-az2': 50, 'r8gb.metal-24xl_use1-az6': 1, 'r8gb.xlarge_use1-az2': 5, 'r8gb.xlarge_use1-az4': 5, 'r8gb.xlarge_use1-az6': 5, 'r8gd.12xlarge_use1-az5': 1, 'r8gd.12xlarge_use1-az6': 1, 'r8gd.16xlarge_use1-az2': 1, 'r8gd.16xlarge_use1-az4': 1, 'r8gd.16xlarge_use1-az5': 1, 'r8gd.16xlarge_use1-az6': 15, 'r8gd.24xlarge_use1-az2': 1, 'r8gd.24xlarge_use1-az5': 1, 'r8gd.24xlarge_use1-az6': 25, 'r8gd.2xlarge_use1-az2': 25, 'r8gd.2xlarge_use1-az4': 30, 'r8gd.2xlarge_use1-az6': 50, 'r8gd.48xlarge_use1-az6': 50, 'r8gd.4xlarge_use1-az1': 1, 'r8gd.4xlarge_use1-az2': 20, 'r8gd.4xlarge_use1-az5': 1, 'r8gd.4xlarge_use1-az6': 15, 'r8gd.8xlarge_use1-az2': 5, 'r8gd.8xlarge_use1-az4': 1, 'r8gd.8xlarge_use1-az5': 1, 'r8gd.8xlarge_use1-az6': 1, 'r8gd.large_use1-az2': 50, 'r8gd.large_use1-az5': 1, 'r8gd.large_use1-az6': 50, 'r8gd.medium_use1-az1': 5, 'r8gd.medium_use1-az2': 5, 'r8gd.medium_use1-az4': 5, 'r8gd.medium_use1-az5': 10, 'r8gd.metal-24xl_use1-az6': 1, 'r8gd.metal-48xl_use1-az6': 1, 'r8gd.xlarge_use1-az2': 25, 'r8gd.xlarge_use1-az4': 1, 'r8gd.xlarge_use1-az5': 50, 'r8gd.xlarge_use1-az6': 40, 'r8gn.16xlarge_use1-az6': 1, 'r8gn.24xlarge_use1-az2': 1, 'r8gn.2xlarge_use1-az2': 1, 'r8gn.2xlarge_use1-az4': 1, 'r8gn.2xlarge_use1-az6': 1, 'r8gn.48xlarge_use1-az6': 1, 'r8gn.4xlarge_use1-az6': 5, 'r8gn.8xlarge_use1-az2': 1, 'r8gn.8xlarge_use1-az6': 5, 'r8gn.large_use1-az2': 20, 'r8gn.large_use1-az4': 15, 'r8gn.large_use1-az6': 20, 'r8gn.medium_use1-az2': 35, 'r8gn.medium_use1-az4': 40, 'r8gn.metal-24xl_use1-az2': 1, 'r8gn.metal-24xl_use1-az6': 1, 'r8gn.xlarge_use1-az2': 1, 'r8gn.xlarge_use1-az4': 5, 'r8gn.xlarge_use1-az6': 10, 'r8i-flex.2xlarge_use1-az2': 1, 'r8i-flex.2xlarge_use1-az6': 5, 'r8i-flex.4xlarge_use1-az2': 1, 'r8i-flex.4xlarge_use1-az6': 1, 'r8i-flex.large_use1-az2': 1, 'r8i-flex.large_use1-az6': 5, 'r8i-flex.xlarge_use1-az2': 5, 'r8i-flex.xlarge_use1-az6': 1, 'r8i.12xlarge_use1-az2': 1, 'r8i.12xlarge_use1-az6': 1, 'r8i.16xlarge_use1-az2': 1, 'r8i.16xlarge_use1-az6': 1, 'r8i.24xlarge_use1-az6': 1, 'r8i.2xlarge_use1-az2': 5, 'r8i.2xlarge_use1-az6': 5, 'r8i.32xlarge_use1-az2': 1, 'r8i.32xlarge_use1-az6': 1, 'r8i.48xlarge_use1-az2': 1, 'r8i.48xlarge_use1-az6': 1, 'r8i.4xlarge_use1-az2': 1, 'r8i.4xlarge_use1-az6': 5, 'r8i.8xlarge_use1-az2': 1, 'r8i.8xlarge_use1-az6': 5, 'r8i.96xlarge_use1-az2': 1, 'r8i.96xlarge_use1-az6': 1, 'r8i.large_use1-az2': 20, 'r8i.large_use1-az6': 20, 'r8i.xlarge_use1-az2': 5, 'r8i.xlarge_use1-az6': 5, 't2.2xlarge_use1-az1': 50, 't2.2xlarge_use1-az2': 50, 't2.2xlarge_use1-az3': 15, 't2.2xlarge_use1-az4': 50, 't2.2xlarge_use1-az5': 50, 't2.2xlarge_use1-az6': 50, 't2.large_use1-az1': 20, 't2.large_use1-az2': 50, 't2.large_use1-az3': 50, 't2.large_use1-az4': 50, 't2.large_use1-az5': 25, 't2.large_use1-az6': 50, 't2.medium_use1-az1': 50, 't2.medium_use1-az2': 50, 't2.medium_use1-az3': 50, 't2.medium_use1-az4': 50, 't2.medium_use1-az5': 50, 't2.medium_use1-az6': 50, 't2.xlarge_use1-az1': 35, 't2.xlarge_use1-az2': 50, 't2.xlarge_use1-az3': 20, 't2.xlarge_use1-az4': 50, 't2.xlarge_use1-az5': 5, 't2.xlarge_use1-az6': 50, 't3.2xlarge_use1-az1': 50, 't3.2xlarge_use1-az2': 50, 't3.2xlarge_use1-az4': 50, 't3.2xlarge_use1-az5': 50, 't3.2xlarge_use1-az6': 50, 't3.large_use1-az1': 50, 't3.large_use1-az2': 50, 't3.large_use1-az4': 50, 't3.large_use1-az5': 50, 't3.large_use1-az6': 50, 't3.medium_use1-az1': 50, 't3.medium_use1-az2': 50, 't3.medium_use1-az4': 50, 't3.medium_use1-az5': 50, 't3.medium_use1-az6': 50, 't3.xlarge_use1-az1': 50, 't3.xlarge_use1-az2': 50, 't3.xlarge_use1-az4': 50, 't3.xlarge_use1-az5': 50, 't3.xlarge_use1-az6': 50, 't3a.2xlarge_use1-az1': 50, 't3a.2xlarge_use1-az2': 50, 't3a.2xlarge_use1-az4': 50, 't3a.2xlarge_use1-az5': 50, 't3a.2xlarge_use1-az6': 50, 't3a.large_use1-az1': 50, 't3a.large_use1-az2': 50, 't3a.large_use1-az4': 50, 't3a.large_use1-az5': 5, 't3a.large_use1-az6': 50, 't3a.medium_use1-az1': 50, 't3a.medium_use1-az2': 50, 't3a.medium_use1-az4': 50, 't3a.medium_use1-az5': 5, 't3a.medium_use1-az6': 50, 't3a.xlarge_use1-az1': 25, 't3a.xlarge_use1-az2': 50, 't3a.xlarge_use1-az4': 50, 't3a.xlarge_use1-az5': 15, 't3a.xlarge_use1-az6': 50, 't4g.2xlarge_use1-az1': 5, 't4g.2xlarge_use1-az2': 15, 't4g.2xlarge_use1-az4': 5, 't4g.2xlarge_use1-az5': 10, 't4g.2xlarge_use1-az6': 10, 't4g.large_use1-az1': 1, 't4g.large_use1-az2': 15, 't4g.large_use1-az4': 50, 't4g.large_use1-az5': 25, 't4g.large_use1-az6': 35, 't4g.medium_use1-az1': 1, 't4g.medium_use1-az2': 50, 't4g.medium_use1-az4': 50, 't4g.medium_use1-az5': 35, 't4g.medium_use1-az6': 50, 't4g.xlarge_use1-az1': 30, 't4g.xlarge_use1-az2': 15, 't4g.xlarge_use1-az4': 50, 't4g.xlarge_use1-az5': 5, 't4g.xlarge_use1-az6': 10, 'trn1.2xlarge_use1-az5': 5, 'trn1.2xlarge_use1-az6': 20, 'trn1.32xlarge_use1-az6': 50, 'trn1n.32xlarge_use1-az6': 50, 'vt1.3xlarge_use1-az2': 1, 'vt1.6xlarge_use1-az2': 1, 'x1.16xlarge_use1-az2': 1, 'x1.16xlarge_use1-az4': 1, 'x1.16xlarge_use1-az6': 1, 'x1.32xlarge_use1-az2': 1, 'x1.32xlarge_use1-az3': 5, 'x1.32xlarge_use1-az6': 1, 'x1e.16xlarge_use1-az2': 1, 'x1e.16xlarge_use1-az4': 1, 'x1e.16xlarge_use1-az6': 5, 'x1e.2xlarge_use1-az1': 1, 'x1e.2xlarge_use1-az2': 5, 'x1e.2xlarge_use1-az4': 10, 'x1e.2xlarge_use1-az6': 1, 'x1e.4xlarge_use1-az2': 5, 'x1e.4xlarge_use1-az4': 5, 'x1e.4xlarge_use1-az6': 1, 'x1e.8xlarge_use1-az1': 1, 'x1e.8xlarge_use1-az2': 1, 'x1e.8xlarge_use1-az4': 5, 'x1e.8xlarge_use1-az6': 5, 'x1e.xlarge_use1-az1': 10, 'x1e.xlarge_use1-az2': 20, 'x1e.xlarge_use1-az4': 15, 'x1e.xlarge_use1-az6': 5, 'x2gd.12xlarge_use1-az5': 5, 'x2gd.12xlarge_use1-az6': 1, 'x2gd.16xlarge_use1-az5': 1, 'x2gd.16xlarge_use1-az6': 15, 'x2gd.2xlarge_use1-az1': 5, 'x2gd.2xlarge_use1-az4': 1, 'x2gd.2xlarge_use1-az5': 5, 'x2gd.2xlarge_use1-az6': 30, 'x2gd.4xlarge_use1-az1': 1, 'x2gd.4xlarge_use1-az2': 1, 'x2gd.4xlarge_use1-az4': 5, 'x2gd.4xlarge_use1-az5': 1, 'x2gd.4xlarge_use1-az6': 35, 'x2gd.8xlarge_use1-az4': 1, 'x2gd.8xlarge_use1-az5': 1, 'x2gd.8xlarge_use1-az6': 5, 'x2gd.large_use1-az1': 35, 'x2gd.large_use1-az2': 25, 'x2gd.large_use1-az4': 15, 'x2gd.large_use1-az5': 25, 'x2gd.large_use1-az6': 50, 'x2gd.medium_use1-az1': 25, 'x2gd.medium_use1-az2': 35, 'x2gd.medium_use1-az4': 50, 'x2gd.medium_use1-az5': 50, 'x2gd.medium_use1-az6': 50, 'x2gd.xlarge_use1-az1': 5, 'x2gd.xlarge_use1-az2': 1, 'x2gd.xlarge_use1-az4': 20, 'x2gd.xlarge_use1-az5': 15, 'x2gd.xlarge_use1-az6': 25, 'x2idn.16xlarge_use1-az2': 1, 'x2idn.16xlarge_use1-az5': 1, 'x2idn.24xlarge_use1-az4': 1, 'x2idn.24xlarge_use1-az5': 1, 'x2idn.32xlarge_use1-az5': 1, 'x2iedn.24xlarge_use1-az4': 1, 'x2iedn.24xlarge_use1-az6': 1, 'x2iedn.2xlarge_use1-az1': 1, 'x2iedn.2xlarge_use1-az2': 25, 'x2iedn.2xlarge_use1-az4': 15, 'x2iedn.2xlarge_use1-az5': 1, 'x2iedn.2xlarge_use1-az6': 5, 'x2iedn.4xlarge_use1-az1': 1, 'x2iedn.4xlarge_use1-az2': 1, 'x2iedn.4xlarge_use1-az4': 1, 'x2iedn.4xlarge_use1-az5': 1, 'x2iedn.4xlarge_use1-az6': 1, 'x2iedn.8xlarge_use1-az4': 1, 'x2iedn.8xlarge_use1-az6': 1, 'x2iedn.xlarge_use1-az1': 5, 'x2iedn.xlarge_use1-az2': 20, 'x2iedn.xlarge_use1-az4': 10, 'x2iedn.xlarge_use1-az5': 1, 'x2iedn.xlarge_use1-az6': 10, 'x2iezn.12xlarge_use1-az2': 1, 'x2iezn.12xlarge_use1-az4': 20, 'x2iezn.12xlarge_use1-az6': 5, 'x2iezn.2xlarge_use1-az2': 5, 'x2iezn.2xlarge_use1-az4': 10, 'x2iezn.2xlarge_use1-az6': 1, 'x2iezn.4xlarge_use1-az2': 1, 'x2iezn.4xlarge_use1-az4': 5, 'x2iezn.4xlarge_use1-az6': 1, 'x2iezn.6xlarge_use1-az2': 1, 'x2iezn.6xlarge_use1-az4': 5, 'x2iezn.6xlarge_use1-az6': 1, 'x2iezn.8xlarge_use1-az2': 1, 'x2iezn.8xlarge_use1-az4': 10, 'x2iezn.8xlarge_use1-az6': 1, 'x8g.12xlarge_use1-az2': 1, 'x8g.12xlarge_use1-az4': 20, 'x8g.12xlarge_use1-az6': 1, 'x8g.16xlarge_use1-az1': 1, 'x8g.16xlarge_use1-az2': 5, 'x8g.16xlarge_use1-az4': 5, 'x8g.16xlarge_use1-az6': 5, 'x8g.24xlarge_use1-az1': 1, 'x8g.24xlarge_use1-az2': 5, 'x8g.24xlarge_use1-az4': 5, 'x8g.24xlarge_use1-az6': 10, 'x8g.2xlarge_use1-az1': 5, 'x8g.2xlarge_use1-az2': 10, 'x8g.2xlarge_use1-az4': 10, 'x8g.2xlarge_use1-az6': 25, 'x8g.48xlarge_use1-az1': 1, 'x8g.48xlarge_use1-az2': 1, 'x8g.48xlarge_use1-az4': 10, 'x8g.48xlarge_use1-az6': 1, 'x8g.4xlarge_use1-az1': 1, 'x8g.4xlarge_use1-az2': 5, 'x8g.4xlarge_use1-az4': 5, 'x8g.4xlarge_use1-az6': 10, 'x8g.8xlarge_use1-az2': 15, 'x8g.8xlarge_use1-az4': 20, 'x8g.8xlarge_use1-az6': 5, 'x8g.large_use1-az1': 30, 'x8g.large_use1-az4': 50, 'x8g.large_use1-az6': 50, 'x8g.medium_use1-az1': 50, 'x8g.medium_use1-az4': 50, 'x8g.medium_use1-az6': 50, 'x8g.metal-24xl_use1-az1': 1, 'x8g.metal-24xl_use1-az2': 1, 'x8g.metal-24xl_use1-az4': 1, 'x8g.metal-24xl_use1-az6': 10, 'x8g.metal-48xl_use1-az2': 1, 'x8g.metal-48xl_use1-az4': 1, 'x8g.metal-48xl_use1-az6': 1, 'x8g.xlarge_use1-az1': 10, 'x8g.xlarge_use1-az2': 20, 'x8g.xlarge_use1-az4': 40, 'x8g.xlarge_use1-az6': 50, 'z1d.12xlarge_use1-az1': 1, 'z1d.12xlarge_use1-az2': 1, 'z1d.12xlarge_use1-az4': 1, 'z1d.12xlarge_use1-az5': 1, 'z1d.12xlarge_use1-az6': 5, 'z1d.2xlarge_use1-az1': 5, 'z1d.2xlarge_use1-az2': 5, 'z1d.2xlarge_use1-az4': 15, 'z1d.2xlarge_use1-az5': 1, 'z1d.2xlarge_use1-az6': 15, 'z1d.3xlarge_use1-az1': 5, 'z1d.3xlarge_use1-az2': 5, 'z1d.3xlarge_use1-az4': 10, 'z1d.3xlarge_use1-az5': 5, 'z1d.3xlarge_use1-az6': 5, 'z1d.6xlarge_use1-az1': 1, 'z1d.6xlarge_use1-az2': 1, 'z1d.6xlarge_use1-az4': 1, 'z1d.6xlarge_use1-az6': 1, 'z1d.large_use1-az1': 15, 'z1d.large_use1-az2': 5, 'z1d.large_use1-az4': 25, 'z1d.large_use1-az5': 10, 'z1d.large_use1-az6': 25, 'z1d.xlarge_use1-az1': 10, 'z1d.xlarge_use1-az2': 20, 'z1d.xlarge_use1-az4': 30, 'z1d.xlarge_use1-az5': 1, 'z1d.xlarge_use1-az6': 20}"
0.9400000000000001,27582.73949999996,29752373035,1078659.1025527434,1145827,1145727,"{'c1.xlarge_use1-az2': 5, 'c1.xlarge_use1-az4': 5, 'c3.2xlarge_use1-az2': 5, 'c3.2xlarge_use1-az4': 50, 'c3.2xlarge_use1-az6': 15, 'c3.4xlarge_use1-az2': 5, 'c3.4xlarge_use1-az4': 5, 'c3.4xlarge_use1-az6': 5, 'c3.8xlarge_use1-az2': 5, 'c3.8xlarge_use1-az4': 5, 'c3.8xlarge_use1-az6': 1, 'c3.xlarge_use1-az2': 35, 'c3.xlarge_use1-az3': 1, 'c3.xlarge_use1-az4': 50, 'c3.xlarge_use1-az6': 30, 'c4.2xlarge_use1-az1': 5, 'c4.2xlarge_use1-az2': 5, 'c4.2xlarge_use1-az3': 25, 'c4.2xlarge_use1-az4': 15, 'c4.2xlarge_use1-az5': 15, 'c4.2xlarge_use1-az6': 10, 'c4.4xlarge_use1-az1': 5, 'c4.4xlarge_use1-az2': 5, 'c4.4xlarge_use1-az3': 10, 'c4.4xlarge_use1-az4': 5, 'c4.4xlarge_use1-az5': 5, 'c4.4xlarge_use1-az6': 1, 'c4.8xlarge_use1-az1': 1, 'c4.8xlarge_use1-az2': 5, 'c4.8xlarge_use1-az3': 5, 'c4.8xlarge_use1-az4': 15, 'c4.8xlarge_use1-az5': 5, 'c4.8xlarge_use1-az6': 5, 'c4.xlarge_use1-az1': 25, 'c4.xlarge_use1-az2': 40, 'c4.xlarge_use1-az3': 20, 'c4.xlarge_use1-az4': 40, 'c4.xlarge_use1-az5': 50, 'c4.xlarge_use1-az6': 50, 'c5.12xlarge_use1-az1': 50, 'c5.12xlarge_use1-az2': 50, 'c5.12xlarge_use1-az4': 50, 'c5.12xlarge_use1-az5': 50, 'c5.12xlarge_use1-az6': 50, 'c5.18xlarge_use1-az1': 5, 'c5.18xlarge_use1-az2': 50, 'c5.18xlarge_use1-az4': 15, 'c5.18xlarge_use1-az5': 10, 'c5.18xlarge_use1-az6': 1, 'c5.24xlarge_use1-az1': 1, 'c5.24xlarge_use1-az2': 5, 'c5.24xlarge_use1-az4': 5, 'c5.24xlarge_use1-az5': 1, 'c5.24xlarge_use1-az6': 5, 'c5.2xlarge_use1-az1': 50, 'c5.2xlarge_use1-az2': 50, 'c5.2xlarge_use1-az4': 50, 'c5.2xlarge_use1-az5': 50, 'c5.2xlarge_use1-az6': 50, 'c5.4xlarge_use1-az1': 50, 'c5.4xlarge_use1-az2': 50, 'c5.4xlarge_use1-az4': 50, 'c5.4xlarge_use1-az5': 50, 'c5.4xlarge_use1-az6': 50, 'c5.9xlarge_use1-az1': 50, 'c5.9xlarge_use1-az2': 50, 'c5.9xlarge_use1-az4': 50, 'c5.9xlarge_use1-az5': 50, 'c5.9xlarge_use1-az6': 50, 'c5.large_use1-az1': 50, 'c5.large_use1-az2': 50, 'c5.large_use1-az4': 50, 'c5.large_use1-az5': 50, 'c5.large_use1-az6': 50, 'c5.xlarge_use1-az1': 50, 'c5.xlarge_use1-az2': 50, 'c5.xlarge_use1-az4': 50, 'c5.xlarge_use1-az5': 50, 'c5.xlarge_use1-az6': 50, 'c5a.12xlarge_use1-az1': 5, 'c5a.12xlarge_use1-az2': 10, 'c5a.12xlarge_use1-az4': 15, 'c5a.12xlarge_use1-az5': 1, 'c5a.12xlarge_use1-az6': 5, 'c5a.16xlarge_use1-az4': 1, 'c5a.16xlarge_use1-az6': 1, 'c5a.24xlarge_use1-az2': 1, 'c5a.24xlarge_use1-az4': 1, 'c5a.24xlarge_use1-az6': 1, 'c5a.2xlarge_use1-az1': 30, 'c5a.2xlarge_use1-az2': 20, 'c5a.2xlarge_use1-az4': 50, 'c5a.2xlarge_use1-az5': 15, 'c5a.2xlarge_use1-az6': 50, 'c5a.4xlarge_use1-az1': 5, 'c5a.4xlarge_use1-az2': 1, 'c5a.4xlarge_use1-az4': 5, 'c5a.4xlarge_use1-az5': 5, 'c5a.4xlarge_use1-az6': 5, 'c5a.8xlarge_use1-az1': 1, 'c5a.8xlarge_use1-az2': 1, 'c5a.8xlarge_use1-az4': 5, 'c5a.8xlarge_use1-az6': 15, 'c5a.large_use1-az1': 50, 'c5a.large_use1-az2': 50, 'c5a.large_use1-az4': 50, 'c5a.large_use1-az5': 45, 'c5a.large_use1-az6': 50, 'c5a.xlarge_use1-az1': 50, 'c5a.xlarge_use1-az2': 50, 'c5a.xlarge_use1-az4': 50, 'c5a.xlarge_use1-az5': 50, 'c5a.xlarge_use1-az6': 50, 'c5ad.12xlarge_use1-az1': 5, 'c5ad.12xlarge_use1-az2': 5, 'c5ad.12xlarge_use1-az4': 5, 'c5ad.12xlarge_use1-az6': 5, 'c5ad.16xlarge_use1-az1': 1, 'c5ad.16xlarge_use1-az2': 5, 'c5ad.16xlarge_use1-az4': 1, 'c5ad.16xlarge_use1-az6': 1, 'c5ad.24xlarge_use1-az1': 1, 'c5ad.24xlarge_use1-az2': 1, 'c5ad.24xlarge_use1-az4': 1, 'c5ad.24xlarge_use1-az6': 5, 'c5ad.2xlarge_use1-az1': 10, 'c5ad.2xlarge_use1-az2': 5, 'c5ad.2xlarge_use1-az4': 5, 'c5ad.2xlarge_use1-az5': 5, 'c5ad.2xlarge_use1-az6': 15, 'c5ad.4xlarge_use1-az1': 5, 'c5ad.4xlarge_use1-az2': 5, 'c5ad.4xlarge_use1-az4': 1, 'c5ad.4xlarge_use1-az5': 1, 'c5ad.4xlarge_use1-az6': 10, 'c5ad.8xlarge_use1-az1': 1, 'c5ad.8xlarge_use1-az2': 1, 'c5ad.8xlarge_use1-az4': 1, 'c5ad.8xlarge_use1-az5': 1, 'c5ad.8xlarge_use1-az6': 1, 'c5ad.large_use1-az1': 20, 'c5ad.large_use1-az2': 30, 'c5ad.large_use1-az4': 10, 'c5ad.large_use1-az5': 15, 'c5ad.large_use1-az6': 20, 'c5ad.xlarge_use1-az1': 15, 'c5ad.xlarge_use1-az2': 10, 'c5ad.xlarge_use1-az4': 5, 'c5ad.xlarge_use1-az5': 5, 'c5ad.xlarge_use1-az6': 15, 'c5d.12xlarge_use1-az2': 15, 'c5d.12xlarge_use1-az4': 5, 'c5d.12xlarge_use1-az6': 45, 'c5d.18xlarge_use1-az1': 5, 'c5d.18xlarge_use1-az2': 50, 'c5d.18xlarge_use1-az4': 50, 'c5d.18xlarge_use1-az5': 5, 'c5d.18xlarge_use1-az6': 30, 'c5d.24xlarge_use1-az2': 35, 'c5d.24xlarge_use1-az4': 25, 'c5d.24xlarge_use1-az6': 50, 'c5d.2xlarge_use1-az1': 15, 'c5d.2xlarge_use1-az2': 50, 'c5d.2xlarge_use1-az4': 50, 'c5d.2xlarge_use1-az5': 20, 'c5d.2xlarge_use1-az6': 50, 'c5d.4xlarge_use1-az1': 20, 'c5d.4xlarge_use1-az2': 50, 'c5d.4xlarge_use1-az4': 50, 'c5d.4xlarge_use1-az5': 25, 'c5d.4xlarge_use1-az6': 50, 'c5d.9xlarge_use1-az1': 10, 'c5d.9xlarge_use1-az2': 20, 'c5d.9xlarge_use1-az4': 50, 'c5d.9xlarge_use1-az5': 10, 'c5d.9xlarge_use1-az6': 25, 'c5d.large_use1-az1': 50, 'c5d.large_use1-az2': 50, 'c5d.large_use1-az4': 50, 'c5d.large_use1-az5': 35, 'c5d.large_use1-az6': 50, 'c5d.xlarge_use1-az1': 50, 'c5d.xlarge_use1-az2': 50, 'c5d.xlarge_use1-az4': 50, 'c5d.xlarge_use1-az5': 50, 'c5d.xlarge_use1-az6': 50, 'c5n.18xlarge_use1-az1': 30, 'c5n.18xlarge_use1-az2': 5, 'c5n.18xlarge_use1-az4': 10, 'c5n.2xlarge_use1-az1': 5, 'c5n.2xlarge_use1-az2': 10, 'c5n.2xlarge_use1-az4': 15, 'c5n.2xlarge_use1-az5': 10, 'c5n.2xlarge_use1-az6': 10, 'c5n.4xlarge_use1-az1': 5, 'c5n.4xlarge_use1-az2': 1, 'c5n.4xlarge_use1-az4': 5, 'c5n.4xlarge_use1-az6': 1, 'c5n.9xlarge_use1-az1': 10, 'c5n.9xlarge_use1-az2': 1, 'c5n.9xlarge_use1-az4': 5, 'c5n.large_use1-az1': 10, 'c5n.large_use1-az2': 10, 'c5n.large_use1-az4': 25, 'c5n.large_use1-az5': 5, 'c5n.large_use1-az6': 5, 'c5n.xlarge_use1-az1': 1, 'c5n.xlarge_use1-az2': 1, 'c5n.xlarge_use1-az4': 5, 'c5n.xlarge_use1-az5': 1, 'c5n.xlarge_use1-az6': 1, 'c6a.12xlarge_use1-az1': 5, 'c6a.12xlarge_use1-az2': 50, 'c6a.12xlarge_use1-az4': 50, 'c6a.12xlarge_use1-az5': 1, 'c6a.12xlarge_use1-az6': 15, 'c6a.16xlarge_use1-az1': 1, 'c6a.16xlarge_use1-az2': 5, 'c6a.16xlarge_use1-az4': 10, 'c6a.16xlarge_use1-az5': 1, 'c6a.16xlarge_use1-az6': 15, 'c6a.24xlarge_use1-az1': 1, 'c6a.24xlarge_use1-az2': 5, 'c6a.24xlarge_use1-az4': 5, 'c6a.24xlarge_use1-az5': 5, 'c6a.24xlarge_use1-az6': 20, 'c6a.2xlarge_use1-az1': 10, 'c6a.2xlarge_use1-az2': 40, 'c6a.2xlarge_use1-az4': 50, 'c6a.2xlarge_use1-az5': 10, 'c6a.2xlarge_use1-az6': 50, 'c6a.32xlarge_use1-az2': 1, 'c6a.32xlarge_use1-az4': 1, 'c6a.32xlarge_use1-az5': 1, 'c6a.32xlarge_use1-az6': 5, 'c6a.48xlarge_use1-az2': 1, 'c6a.48xlarge_use1-az4': 10, 'c6a.48xlarge_use1-az5': 5, 'c6a.48xlarge_use1-az6': 25, 'c6a.4xlarge_use1-az1': 15, 'c6a.4xlarge_use1-az2': 15, 'c6a.4xlarge_use1-az4': 30, 'c6a.4xlarge_use1-az5': 15, 'c6a.4xlarge_use1-az6': 50, 'c6a.8xlarge_use1-az1': 5, 'c6a.8xlarge_use1-az2': 50, 'c6a.8xlarge_use1-az4': 30, 'c6a.8xlarge_use1-az5': 25, 'c6a.8xlarge_use1-az6': 50, 'c6a.large_use1-az1': 45, 'c6a.large_use1-az2': 50, 'c6a.large_use1-az4': 50, 'c6a.large_use1-az5': 50, 'c6a.large_use1-az6': 20, 'c6a.xlarge_use1-az1': 15, 'c6a.xlarge_use1-az2': 25, 'c6a.xlarge_use1-az4': 25, 'c6a.xlarge_use1-az5': 15, 'c6a.xlarge_use1-az6': 25, 'c6g.12xlarge_use1-az1': 15, 'c6g.12xlarge_use1-az2': 25, 'c6g.12xlarge_use1-az4': 50, 'c6g.12xlarge_use1-az5': 5, 'c6g.12xlarge_use1-az6': 50, 'c6g.16xlarge_use1-az1': 1, 'c6g.16xlarge_use1-az2': 15, 'c6g.16xlarge_use1-az4': 50, 'c6g.16xlarge_use1-az5': 5, 'c6g.16xlarge_use1-az6': 50, 'c6g.2xlarge_use1-az1': 5, 'c6g.2xlarge_use1-az2': 50, 'c6g.2xlarge_use1-az4': 50, 'c6g.2xlarge_use1-az5': 15, 'c6g.2xlarge_use1-az6': 50, 'c6g.4xlarge_use1-az1': 50, 'c6g.4xlarge_use1-az2': 50, 'c6g.4xlarge_use1-az4': 50, 'c6g.4xlarge_use1-az5': 50, 'c6g.4xlarge_use1-az6': 50, 'c6g.8xlarge_use1-az1': 50, 'c6g.8xlarge_use1-az2': 50, 'c6g.8xlarge_use1-az4': 50, 'c6g.8xlarge_use1-az5': 50, 'c6g.8xlarge_use1-az6': 50, 'c6g.large_use1-az1': 5, 'c6g.large_use1-az2': 50, 'c6g.large_use1-az4': 50, 'c6g.large_use1-az5': 50, 'c6g.large_use1-az6': 50, 'c6g.xlarge_use1-az1': 30, 'c6g.xlarge_use1-az2': 50, 'c6g.xlarge_use1-az4': 50, 'c6g.xlarge_use1-az5': 10, 'c6g.xlarge_use1-az6': 50, 'c6gd.12xlarge_use1-az2': 50, 'c6gd.12xlarge_use1-az4': 30, 'c6gd.12xlarge_use1-az5': 1, 'c6gd.12xlarge_use1-az6': 50, 'c6gd.16xlarge_use1-az2': 50, 'c6gd.16xlarge_use1-az4': 30, 'c6gd.16xlarge_use1-az6': 50, 'c6gd.2xlarge_use1-az1': 15, 'c6gd.2xlarge_use1-az2': 50, 'c6gd.2xlarge_use1-az4': 50, 'c6gd.2xlarge_use1-az5': 1, 'c6gd.2xlarge_use1-az6': 50, 'c6gd.4xlarge_use1-az1': 20, 'c6gd.4xlarge_use1-az2': 50, 'c6gd.4xlarge_use1-az4': 50, 'c6gd.4xlarge_use1-az5': 10, 'c6gd.4xlarge_use1-az6': 50, 'c6gd.8xlarge_use1-az1': 25, 'c6gd.8xlarge_use1-az2': 45, 'c6gd.8xlarge_use1-az4': 45, 'c6gd.8xlarge_use1-az5': 1, 'c6gd.8xlarge_use1-az6': 50, 'c6gd.large_use1-az1': 50, 'c6gd.large_use1-az2': 5, 'c6gd.large_use1-az4': 20, 'c6gd.large_use1-az5': 1, 'c6gd.large_use1-az6': 50, 'c6gd.xlarge_use1-az1': 50, 'c6gd.xlarge_use1-az2': 1, 'c6gd.xlarge_use1-az4': 1, 'c6gd.xlarge_use1-az5': 50, 'c6gd.xlarge_use1-az6': 50, 'c6gn.12xlarge_use1-az2': 25, 'c6gn.12xlarge_use1-az4': 50, 'c6gn.12xlarge_use1-az5': 1, 'c6gn.16xlarge_use1-az1': 1, 'c6gn.16xlarge_use1-az2': 50, 'c6gn.16xlarge_use1-az4': 50, 'c6gn.16xlarge_use1-az5': 10, 'c6gn.2xlarge_use1-az1': 5, 'c6gn.2xlarge_use1-az2': 1, 'c6gn.2xlarge_use1-az4': 20, 'c6gn.2xlarge_use1-az5': 1, 'c6gn.4xlarge_use1-az1': 1, 'c6gn.4xlarge_use1-az2': 40, 'c6gn.4xlarge_use1-az4': 35, 'c6gn.4xlarge_use1-az5': 10, 'c6gn.8xlarge_use1-az1': 25, 'c6gn.8xlarge_use1-az2': 35, 'c6gn.8xlarge_use1-az4': 30, 'c6gn.8xlarge_use1-az5': 5, 'c6gn.8xlarge_use1-az6': 5, 'c6gn.large_use1-az1': 5, 'c6gn.large_use1-az2': 25, 'c6gn.large_use1-az4': 10, 'c6gn.large_use1-az5': 15, 'c6gn.large_use1-az6': 1, 'c6gn.xlarge_use1-az1': 5, 'c6gn.xlarge_use1-az2': 10, 'c6gn.xlarge_use1-az4': 15, 'c6gn.xlarge_use1-az5': 5, 'c6gn.xlarge_use1-az6': 1, 'c6i.12xlarge_use1-az1': 15, 'c6i.12xlarge_use1-az2': 15, 'c6i.12xlarge_use1-az4': 30, 'c6i.12xlarge_use1-az5': 5, 'c6i.12xlarge_use1-az6': 5, 'c6i.16xlarge_use1-az1': 5, 'c6i.16xlarge_use1-az2': 15, 'c6i.16xlarge_use1-az4': 25, 'c6i.16xlarge_use1-az5': 10, 'c6i.16xlarge_use1-az6': 30, 'c6i.24xlarge_use1-az1': 5, 'c6i.24xlarge_use1-az2': 5, 'c6i.24xlarge_use1-az4': 10, 'c6i.24xlarge_use1-az5': 1, 'c6i.24xlarge_use1-az6': 15, 'c6i.2xlarge_use1-az1': 20, 'c6i.2xlarge_use1-az2': 50, 'c6i.2xlarge_use1-az4': 50, 'c6i.2xlarge_use1-az5': 5, 'c6i.2xlarge_use1-az6': 50, 'c6i.32xlarge_use1-az1': 10, 'c6i.32xlarge_use1-az2': 5, 'c6i.32xlarge_use1-az4': 50, 'c6i.32xlarge_use1-az5': 1, 'c6i.32xlarge_use1-az6': 40, 'c6i.4xlarge_use1-az1': 10, 'c6i.4xlarge_use1-az2': 40, 'c6i.4xlarge_use1-az4': 50, 'c6i.4xlarge_use1-az5': 15, 'c6i.4xlarge_use1-az6': 50, 'c6i.8xlarge_use1-az1': 10, 'c6i.8xlarge_use1-az2': 45, 'c6i.8xlarge_use1-az4': 50, 'c6i.8xlarge_use1-az5': 10, 'c6i.8xlarge_use1-az6': 50, 'c6i.large_use1-az1': 10, 'c6i.large_use1-az2': 40, 'c6i.large_use1-az4': 30, 'c6i.large_use1-az5': 10, 'c6i.large_use1-az6': 50, 'c6i.xlarge_use1-az1': 50, 'c6i.xlarge_use1-az2': 45, 'c6i.xlarge_use1-az4': 35, 'c6i.xlarge_use1-az5': 10, 'c6i.xlarge_use1-az6': 50, 'c6id.12xlarge_use1-az1': 1, 'c6id.12xlarge_use1-az2': 1, 'c6id.12xlarge_use1-az4': 5, 'c6id.12xlarge_use1-az6': 5, 'c6id.16xlarge_use1-az1': 1, 'c6id.16xlarge_use1-az2': 5, 'c6id.16xlarge_use1-az4': 5, 'c6id.16xlarge_use1-az5': 1, 'c6id.16xlarge_use1-az6': 1, 'c6id.24xlarge_use1-az1': 5, 'c6id.24xlarge_use1-az2': 15, 'c6id.24xlarge_use1-az4': 5, 'c6id.24xlarge_use1-az5': 1, 'c6id.24xlarge_use1-az6': 10, 'c6id.2xlarge_use1-az1': 1, 'c6id.2xlarge_use1-az2': 1, 'c6id.2xlarge_use1-az4': 5, 'c6id.2xlarge_use1-az5': 5, 'c6id.2xlarge_use1-az6': 1, 'c6id.32xlarge_use1-az1': 1, 'c6id.32xlarge_use1-az2': 5, 'c6id.32xlarge_use1-az4': 10, 'c6id.32xlarge_use1-az5': 1, 'c6id.32xlarge_use1-az6': 5, 'c6id.4xlarge_use1-az1': 15, 'c6id.4xlarge_use1-az2': 10, 'c6id.4xlarge_use1-az4': 10, 'c6id.4xlarge_use1-az5': 1, 'c6id.4xlarge_use1-az6': 5, 'c6id.8xlarge_use1-az1': 5, 'c6id.8xlarge_use1-az2': 1, 'c6id.8xlarge_use1-az4': 5, 'c6id.8xlarge_use1-az5': 1, 'c6id.8xlarge_use1-az6': 1, 'c6id.large_use1-az1': 5, 'c6id.large_use1-az2': 5, 'c6id.large_use1-az4': 1, 'c6id.large_use1-az5': 5, 'c6id.large_use1-az6': 5, 'c6id.xlarge_use1-az1': 5, 'c6id.xlarge_use1-az2': 1, 'c6id.xlarge_use1-az4': 5, 'c6id.xlarge_use1-az5': 1, 'c6id.xlarge_use1-az6': 1, 'c6in.12xlarge_use1-az1': 1, 'c6in.12xlarge_use1-az6': 1, 'c6in.16xlarge_use1-az4': 1, 'c6in.24xlarge_use1-az6': 1, 'c6in.2xlarge_use1-az1': 1, 'c6in.2xlarge_use1-az2': 1, 'c6in.2xlarge_use1-az4': 1, 'c6in.2xlarge_use1-az6': 1, 'c6in.32xlarge_use1-az1': 1, 'c6in.32xlarge_use1-az6': 1, 'c6in.4xlarge_use1-az1': 5, 'c6in.4xlarge_use1-az2': 5, 'c6in.4xlarge_use1-az4': 5, 'c6in.4xlarge_use1-az6': 25, 'c6in.8xlarge_use1-az1': 1, 'c6in.8xlarge_use1-az6': 1, 'c6in.large_use1-az1': 5, 'c6in.large_use1-az2': 1, 'c6in.large_use1-az4': 1, 'c6in.large_use1-az5': 1, 'c6in.large_use1-az6': 5, 'c6in.xlarge_use1-az1': 20, 'c6in.xlarge_use1-az2': 1, 'c6in.xlarge_use1-az4': 1, 'c6in.xlarge_use1-az6': 10, 'c7a.12xlarge_use1-az1': 5, 'c7a.12xlarge_use1-az2': 5, 'c7a.12xlarge_use1-az4': 1, 'c7a.12xlarge_use1-az6': 15, 'c7a.16xlarge_use1-az1': 1, 'c7a.16xlarge_use1-az2': 1, 'c7a.16xlarge_use1-az6': 5, 'c7a.24xlarge_use1-az1': 1, 'c7a.24xlarge_use1-az2': 1, 'c7a.24xlarge_use1-az5': 1, 'c7a.24xlarge_use1-az6': 5, 'c7a.2xlarge_use1-az1': 1, 'c7a.2xlarge_use1-az2': 1, 'c7a.2xlarge_use1-az4': 25, 'c7a.2xlarge_use1-az5': 1, 'c7a.2xlarge_use1-az6': 10, 'c7a.32xlarge_use1-az1': 1, 'c7a.32xlarge_use1-az2': 1, 'c7a.32xlarge_use1-az6': 15, 'c7a.48xlarge_use1-az1': 1, 'c7a.48xlarge_use1-az2': 1, 'c7a.48xlarge_use1-az5': 1, 'c7a.48xlarge_use1-az6': 20, 'c7a.4xlarge_use1-az1': 5, 'c7a.4xlarge_use1-az2': 10, 'c7a.4xlarge_use1-az4': 5, 'c7a.4xlarge_use1-az5': 1, 'c7a.4xlarge_use1-az6': 50, 'c7a.8xlarge_use1-az1': 1, 'c7a.8xlarge_use1-az2': 1, 'c7a.8xlarge_use1-az4': 1, 'c7a.8xlarge_use1-az6': 10, 'c7a.large_use1-az1': 15, 'c7a.large_use1-az2': 25, 'c7a.large_use1-az4': 30, 'c7a.large_use1-az5': 10, 'c7a.large_use1-az6': 50, 'c7a.xlarge_use1-az1': 5, 'c7a.xlarge_use1-az2': 5, 'c7a.xlarge_use1-az4': 10, 'c7a.xlarge_use1-az5': 5, 'c7a.xlarge_use1-az6': 15, 'c7g.12xlarge_use1-az1': 15, 'c7g.12xlarge_use1-az2': 50, 'c7g.12xlarge_use1-az4': 15, 'c7g.12xlarge_use1-az5': 1, 'c7g.12xlarge_use1-az6': 50, 'c7g.16xlarge_use1-az1': 25, 'c7g.16xlarge_use1-az2': 40, 'c7g.16xlarge_use1-az4': 50, 'c7g.16xlarge_use1-az5': 10, 'c7g.16xlarge_use1-az6': 50, 'c7g.2xlarge_use1-az1': 50, 'c7g.2xlarge_use1-az2': 50, 'c7g.2xlarge_use1-az4': 50, 'c7g.2xlarge_use1-az5': 50, 'c7g.2xlarge_use1-az6': 50, 'c7g.4xlarge_use1-az1': 50, 'c7g.4xlarge_use1-az2': 50, 'c7g.4xlarge_use1-az4': 50, 'c7g.4xlarge_use1-az5': 50, 'c7g.4xlarge_use1-az6': 50, 'c7g.8xlarge_use1-az1': 50, 'c7g.8xlarge_use1-az2': 50, 'c7g.8xlarge_use1-az4': 50, 'c7g.8xlarge_use1-az5': 50, 'c7g.8xlarge_use1-az6': 50, 'c7g.large_use1-az1': 5, 'c7g.large_use1-az2': 45, 'c7g.large_use1-az4': 30, 'c7g.large_use1-az5': 10, 'c7g.large_use1-az6': 30, 'c7g.xlarge_use1-az1': 50, 'c7g.xlarge_use1-az2': 50, 'c7g.xlarge_use1-az4': 50, 'c7g.xlarge_use1-az5': 50, 'c7g.xlarge_use1-az6': 50, 'c7gd.12xlarge_use1-az1': 5, 'c7gd.12xlarge_use1-az2': 30, 'c7gd.12xlarge_use1-az4': 15, 'c7gd.12xlarge_use1-az5': 15, 'c7gd.12xlarge_use1-az6': 50, 'c7gd.16xlarge_use1-az1': 5, 'c7gd.16xlarge_use1-az2': 30, 'c7gd.16xlarge_use1-az4': 40, 'c7gd.16xlarge_use1-az5': 1, 'c7gd.16xlarge_use1-az6': 50, 'c7gd.2xlarge_use1-az1': 15, 'c7gd.2xlarge_use1-az2': 50, 'c7gd.2xlarge_use1-az4': 50, 'c7gd.2xlarge_use1-az5': 5, 'c7gd.2xlarge_use1-az6': 50, 'c7gd.4xlarge_use1-az1': 30, 'c7gd.4xlarge_use1-az2': 25, 'c7gd.4xlarge_use1-az4': 50, 'c7gd.4xlarge_use1-az5': 1, 'c7gd.4xlarge_use1-az6': 50, 'c7gd.8xlarge_use1-az1': 5, 'c7gd.8xlarge_use1-az2': 15, 'c7gd.8xlarge_use1-az4': 10, 'c7gd.8xlarge_use1-az5': 5, 'c7gd.8xlarge_use1-az6': 20, 'c7gd.large_use1-az1': 1, 'c7gd.large_use1-az2': 25, 'c7gd.large_use1-az4': 5, 'c7gd.large_use1-az5': 10, 'c7gd.large_use1-az6': 20, 'c7gd.xlarge_use1-az1': 15, 'c7gd.xlarge_use1-az2': 50, 'c7gd.xlarge_use1-az4': 5, 'c7gd.xlarge_use1-az5': 15, 'c7gd.xlarge_use1-az6': 25, 'c7gn.12xlarge_use1-az2': 1, 'c7gn.12xlarge_use1-az5': 1, 'c7gn.12xlarge_use1-az6': 1, 'c7gn.16xlarge_use1-az2': 5, 'c7gn.16xlarge_use1-az5': 5, 'c7gn.16xlarge_use1-az6': 20, 'c7gn.2xlarge_use1-az1': 1, 'c7gn.2xlarge_use1-az2': 1, 'c7gn.2xlarge_use1-az5': 1, 'c7gn.2xlarge_use1-az6': 5, 'c7gn.4xlarge_use1-az2': 50, 'c7gn.4xlarge_use1-az4': 1, 'c7gn.4xlarge_use1-az5': 1, 'c7gn.4xlarge_use1-az6': 50, 'c7gn.8xlarge_use1-az2': 1, 'c7gn.8xlarge_use1-az5': 1, 'c7gn.8xlarge_use1-az6': 5, 'c7gn.large_use1-az1': 1, 'c7gn.large_use1-az2': 10, 'c7gn.large_use1-az5': 10, 'c7gn.large_use1-az6': 10, 'c7gn.xlarge_use1-az1': 1, 'c7gn.xlarge_use1-az2': 5, 'c7gn.xlarge_use1-az5': 5, 'c7gn.xlarge_use1-az6': 5, 'c7i-flex.2xlarge_use1-az1': 50, 'c7i-flex.2xlarge_use1-az2': 50, 'c7i-flex.2xlarge_use1-az4': 50, 'c7i-flex.2xlarge_use1-az5': 15, 'c7i-flex.2xlarge_use1-az6': 50, 'c7i-flex.4xlarge_use1-az1': 1, 'c7i-flex.4xlarge_use1-az2': 1, 'c7i-flex.4xlarge_use1-az4': 1, 'c7i-flex.4xlarge_use1-az6': 5, 'c7i-flex.8xlarge_use1-az1': 1, 'c7i-flex.8xlarge_use1-az2': 1, 'c7i-flex.8xlarge_use1-az4': 1, 'c7i-flex.8xlarge_use1-az6': 5, 'c7i-flex.large_use1-az1': 40, 'c7i-flex.large_use1-az2': 50, 'c7i-flex.large_use1-az4': 10, 'c7i-flex.large_use1-az5': 1, 'c7i-flex.large_use1-az6': 50, 'c7i-flex.xlarge_use1-az1': 50, 'c7i-flex.xlarge_use1-az2': 50, 'c7i-flex.xlarge_use1-az4': 50, 'c7i-flex.xlarge_use1-az5': 5, 'c7i-flex.xlarge_use1-az6': 50, 'c7i.12xlarge_use1-az1': 5, 'c7i.12xlarge_use1-az2': 15, 'c7i.12xlarge_use1-az4': 15, 'c7i.12xlarge_use1-az6': 5, 'c7i.16xlarge_use1-az1': 1, 'c7i.16xlarge_use1-az2': 5, 'c7i.16xlarge_use1-az4': 1, 'c7i.16xlarge_use1-az6': 15, 'c7i.24xlarge_use1-az1': 5, 'c7i.24xlarge_use1-az2': 5, 'c7i.24xlarge_use1-az4': 5, 'c7i.24xlarge_use1-az5': 1, 'c7i.24xlarge_use1-az6': 15, 'c7i.2xlarge_use1-az1': 10, 'c7i.2xlarge_use1-az2': 10, 'c7i.2xlarge_use1-az4': 10, 'c7i.2xlarge_use1-az5': 5, 'c7i.2xlarge_use1-az6': 25, 'c7i.48xlarge_use1-az1': 10, 'c7i.48xlarge_use1-az2': 10, 'c7i.48xlarge_use1-az4': 5, 'c7i.48xlarge_use1-az5': 1, 'c7i.48xlarge_use1-az6': 50, 'c7i.4xlarge_use1-az1': 5, 'c7i.4xlarge_use1-az2': 5, 'c7i.4xlarge_use1-az4': 5, 'c7i.4xlarge_use1-az5': 1, 'c7i.4xlarge_use1-az6': 15, 'c7i.8xlarge_use1-az1': 1, 'c7i.8xlarge_use1-az2': 5, 'c7i.8xlarge_use1-az4': 5, 'c7i.8xlarge_use1-az6': 10, 'c7i.large_use1-az1': 45, 'c7i.large_use1-az2': 50, 'c7i.large_use1-az4': 50, 'c7i.large_use1-az5': 5, 'c7i.large_use1-az6': 50, 'c7i.xlarge_use1-az1': 5, 'c7i.xlarge_use1-az2': 10, 'c7i.xlarge_use1-az4': 5, 'c7i.xlarge_use1-az5': 1, 'c7i.xlarge_use1-az6': 5, 'c8g.12xlarge_use1-az1': 1, 'c8g.12xlarge_use1-az2': 5, 'c8g.12xlarge_use1-az4': 1, 'c8g.12xlarge_use1-az6': 25, 'c8g.16xlarge_use1-az1': 10, 'c8g.16xlarge_use1-az2': 5, 'c8g.16xlarge_use1-az4': 1, 'c8g.16xlarge_use1-az6': 50, 'c8g.24xlarge_use1-az1': 5, 'c8g.24xlarge_use1-az2': 10, 'c8g.24xlarge_use1-az4': 1, 'c8g.24xlarge_use1-az6': 25, 'c8g.2xlarge_use1-az1': 5, 'c8g.2xlarge_use1-az2': 5, 'c8g.2xlarge_use1-az4': 50, 'c8g.2xlarge_use1-az5': 1, 'c8g.2xlarge_use1-az6': 50, 'c8g.48xlarge_use1-az1': 1, 'c8g.48xlarge_use1-az2': 5, 'c8g.48xlarge_use1-az6': 50, 'c8g.4xlarge_use1-az1': 35, 'c8g.4xlarge_use1-az2': 15, 'c8g.4xlarge_use1-az4': 20, 'c8g.4xlarge_use1-az5': 10, 'c8g.4xlarge_use1-az6': 50, 'c8g.8xlarge_use1-az1': 1, 'c8g.8xlarge_use1-az2': 5, 'c8g.8xlarge_use1-az4': 5, 'c8g.8xlarge_use1-az6': 50, 'c8g.large_use1-az1': 5, 'c8g.large_use1-az2': 20, 'c8g.large_use1-az4': 5, 'c8g.large_use1-az5': 1, 'c8g.large_use1-az6': 40, 'c8g.metal-24xl_use1-az2': 1, 'c8g.metal-24xl_use1-az6': 20, 'c8g.metal-48xl_use1-az1': 1, 'c8g.metal-48xl_use1-az2': 1, 'c8g.metal-48xl_use1-az6': 50, 'c8g.xlarge_use1-az1': 5, 'c8g.xlarge_use1-az2': 30, 'c8g.xlarge_use1-az4': 5, 'c8g.xlarge_use1-az5': 1, 'c8g.xlarge_use1-az6': 50, 'c8gd.12xlarge_use1-az2': 5, 'c8gd.12xlarge_use1-az4': 5, 'c8gd.12xlarge_use1-az5': 1, 'c8gd.12xlarge_use1-az6': 5, 'c8gd.16xlarge_use1-az2': 10, 'c8gd.16xlarge_use1-az4': 10, 'c8gd.16xlarge_use1-az5': 5, 'c8gd.16xlarge_use1-az6': 50, 'c8gd.24xlarge_use1-az2': 1, 'c8gd.24xlarge_use1-az4': 5, 'c8gd.24xlarge_use1-az5': 1, 'c8gd.24xlarge_use1-az6': 5, 'c8gd.2xlarge_use1-az2': 50, 'c8gd.2xlarge_use1-az4': 50, 'c8gd.2xlarge_use1-az5': 10, 'c8gd.2xlarge_use1-az6': 50, 'c8gd.48xlarge_use1-az2': 1, 'c8gd.48xlarge_use1-az6': 15, 'c8gd.4xlarge_use1-az2': 10, 'c8gd.4xlarge_use1-az4': 30, 'c8gd.4xlarge_use1-az5': 1, 'c8gd.4xlarge_use1-az6': 50, 'c8gd.8xlarge_use1-az2': 1, 'c8gd.8xlarge_use1-az4': 1, 'c8gd.8xlarge_use1-az5': 1, 'c8gd.8xlarge_use1-az6': 5, 'c8gd.large_use1-az1': 1, 'c8gd.large_use1-az2': 40, 'c8gd.large_use1-az4': 35, 'c8gd.large_use1-az6': 50, 'c8gd.metal-24xl_use1-az2': 1, 'c8gd.metal-24xl_use1-az4': 1, 'c8gd.metal-24xl_use1-az5': 1, 'c8gd.metal-24xl_use1-az6': 5, 'c8gd.metal-48xl_use1-az2': 1, 'c8gd.metal-48xl_use1-az6': 1, 'c8gd.xlarge_use1-az1': 1, 'c8gd.xlarge_use1-az2': 20, 'c8gd.xlarge_use1-az4': 20, 'c8gd.xlarge_use1-az5': 15, 'c8gd.xlarge_use1-az6': 50, 'c8gn.2xlarge_use1-az2': 1, 'c8gn.2xlarge_use1-az4': 1, 'c8gn.2xlarge_use1-az6': 1, 'c8gn.4xlarge_use1-az2': 1, 'c8gn.4xlarge_use1-az5': 1, 'c8gn.8xlarge_use1-az2': 1, 'c8gn.8xlarge_use1-az6': 1, 'c8gn.large_use1-az6': 1, 'c8i-flex.12xlarge_use1-az6': 1, 'c8i-flex.16xlarge_use1-az6': 1, 'c8i-flex.2xlarge_use1-az2': 25, 'c8i-flex.2xlarge_use1-az4': 15, 'c8i-flex.2xlarge_use1-az6': 50, 'c8i-flex.4xlarge_use1-az2': 5, 'c8i-flex.4xlarge_use1-az4': 1, 'c8i-flex.4xlarge_use1-az6': 5, 'c8i-flex.8xlarge_use1-az6': 1, 'c8i-flex.large_use1-az4': 20, 'c8i-flex.xlarge_use1-az2': 40, 'c8i-flex.xlarge_use1-az4': 5, 'c8i-flex.xlarge_use1-az6': 50, 'c8i.12xlarge_use1-az2': 1, 'c8i.12xlarge_use1-az4': 1, 'c8i.12xlarge_use1-az6': 1, 'c8i.16xlarge_use1-az6': 1, 'c8i.24xlarge_use1-az6': 1, 'c8i.2xlarge_use1-az2': 10, 'c8i.2xlarge_use1-az4': 5, 'c8i.2xlarge_use1-az6': 20, 'c8i.32xlarge_use1-az2': 1, 'c8i.32xlarge_use1-az4': 1, 'c8i.32xlarge_use1-az6': 5, 'c8i.48xlarge_use1-az2': 1, 'c8i.48xlarge_use1-az6': 1, 'c8i.4xlarge_use1-az2': 5, 'c8i.4xlarge_use1-az4': 5, 'c8i.4xlarge_use1-az6': 5, 'c8i.8xlarge_use1-az2': 1, 'c8i.8xlarge_use1-az4': 1, 'c8i.8xlarge_use1-az6': 5, 'c8i.96xlarge_use1-az2': 1, 'c8i.96xlarge_use1-az6': 5, 'c8i.metal-48xl_use1-az2': 1, 'c8i.metal-96xl_use1-az2': 1, 'c8i.metal-96xl_use1-az6': 5, 'c8i.xlarge_use1-az2': 50, 'c8i.xlarge_use1-az4': 15, 'c8i.xlarge_use1-az6': 50, 'd2.2xlarge_use1-az1': 1, 'd2.2xlarge_use1-az6': 1, 'd2.4xlarge_use1-az2': 1, 'd2.4xlarge_use1-az6': 1, 'd2.xlarge_use1-az6': 1, 'd3.2xlarge_use1-az1': 15, 'd3.2xlarge_use1-az2': 45, 'd3.2xlarge_use1-az4': 40, 'd3.2xlarge_use1-az6': 35, 'd3.4xlarge_use1-az1': 1, 'd3.4xlarge_use1-az2': 5, 'd3.4xlarge_use1-az4': 15, 'd3.4xlarge_use1-az6': 5, 'd3.8xlarge_use1-az1': 1, 'd3.8xlarge_use1-az2': 40, 'd3.8xlarge_use1-az4': 35, 'd3.8xlarge_use1-az6': 20, 'd3.xlarge_use1-az1': 10, 'd3.xlarge_use1-az2': 50, 'd3.xlarge_use1-az4': 45, 'd3.xlarge_use1-az6': 25, 'd3en.12xlarge_use1-az1': 1, 'd3en.12xlarge_use1-az2': 10, 'd3en.12xlarge_use1-az4': 20, 'd3en.12xlarge_use1-az6': 50, 'd3en.2xlarge_use1-az1': 5, 'd3en.2xlarge_use1-az2': 25, 'd3en.2xlarge_use1-az4': 15, 'd3en.2xlarge_use1-az6': 50, 'd3en.4xlarge_use1-az1': 1, 'd3en.4xlarge_use1-az2': 5, 'd3en.4xlarge_use1-az4': 10, 'd3en.4xlarge_use1-az6': 50, 'd3en.6xlarge_use1-az1': 1, 'd3en.6xlarge_use1-az2': 5, 'd3en.6xlarge_use1-az4': 15, 'd3en.6xlarge_use1-az6': 50, 'd3en.8xlarge_use1-az1': 1, 'd3en.8xlarge_use1-az2': 15, 'd3en.8xlarge_use1-az4': 5, 'd3en.8xlarge_use1-az6': 50, 'd3en.xlarge_use1-az1': 5, 'd3en.xlarge_use1-az2': 50, 'd3en.xlarge_use1-az4': 30, 'd3en.xlarge_use1-az6': 50, 'f2.12xlarge_use1-az2': 1, 'f2.12xlarge_use1-az4': 1, 'f2.12xlarge_use1-az6': 1, 'f2.48xlarge_use1-az2': 5, 'f2.48xlarge_use1-az4': 5, 'f2.48xlarge_use1-az6': 1, 'g4ad.16xlarge_use1-az1': 5, 'g4ad.16xlarge_use1-az2': 5, 'g4ad.16xlarge_use1-az4': 5, 'g4ad.16xlarge_use1-az6': 10, 'g4ad.2xlarge_use1-az1': 5, 'g4ad.2xlarge_use1-az2': 10, 'g4ad.2xlarge_use1-az4': 10, 'g4ad.2xlarge_use1-az6': 10, 'g4ad.4xlarge_use1-az1': 10, 'g4ad.4xlarge_use1-az2': 15, 'g4ad.4xlarge_use1-az4': 15, 'g4ad.4xlarge_use1-az6': 5, 'g4ad.8xlarge_use1-az1': 1, 'g4ad.8xlarge_use1-az2': 5, 'g4ad.8xlarge_use1-az4': 5, 'g4ad.8xlarge_use1-az6': 5, 'g4ad.xlarge_use1-az1': 20, 'g4ad.xlarge_use1-az2': 20, 'g4ad.xlarge_use1-az4': 25, 'g4ad.xlarge_use1-az6': 20, 'g4dn.12xlarge_use1-az1': 5, 'g4dn.12xlarge_use1-az2': 15, 'g4dn.12xlarge_use1-az4': 15, 'g4dn.12xlarge_use1-az5': 15, 'g4dn.12xlarge_use1-az6': 50, 'g4dn.16xlarge_use1-az1': 1, 'g4dn.16xlarge_use1-az2': 10, 'g4dn.16xlarge_use1-az4': 1, 'g4dn.16xlarge_use1-az5': 5, 'g4dn.16xlarge_use1-az6': 15, 'g4dn.2xlarge_use1-az1': 45, 'g4dn.2xlarge_use1-az2': 50, 'g4dn.2xlarge_use1-az4': 50, 'g4dn.2xlarge_use1-az5': 50, 'g4dn.2xlarge_use1-az6': 50, 'g4dn.4xlarge_use1-az1': 5, 'g4dn.4xlarge_use1-az2': 40, 'g4dn.4xlarge_use1-az4': 25, 'g4dn.4xlarge_use1-az5': 40, 'g4dn.4xlarge_use1-az6': 40, 'g4dn.8xlarge_use1-az1': 1, 'g4dn.8xlarge_use1-az2': 1, 'g4dn.8xlarge_use1-az4': 10, 'g4dn.8xlarge_use1-az5': 1, 'g4dn.8xlarge_use1-az6': 5, 'g4dn.xlarge_use1-az1': 50, 'g4dn.xlarge_use1-az2': 50, 'g4dn.xlarge_use1-az4': 50, 'g4dn.xlarge_use1-az5': 50, 'g4dn.xlarge_use1-az6': 50, 'g5.12xlarge_use1-az2': 1, 'g5.12xlarge_use1-az5': 10, 'g5.12xlarge_use1-az6': 5, 'g5.16xlarge_use1-az1': 1, 'g5.16xlarge_use1-az2': 1, 'g5.16xlarge_use1-az4': 5, 'g5.16xlarge_use1-az5': 5, 'g5.16xlarge_use1-az6': 10, 'g5.24xlarge_use1-az1': 1, 'g5.24xlarge_use1-az2': 1, 'g5.24xlarge_use1-az4': 1, 'g5.24xlarge_use1-az5': 1, 'g5.24xlarge_use1-az6': 5, 'g5.2xlarge_use1-az1': 25, 'g5.2xlarge_use1-az2': 15, 'g5.2xlarge_use1-az4': 15, 'g5.2xlarge_use1-az5': 50, 'g5.2xlarge_use1-az6': 45, 'g5.48xlarge_use1-az2': 1, 'g5.48xlarge_use1-az5': 5, 'g5.48xlarge_use1-az6': 25, 'g5.4xlarge_use1-az1': 1, 'g5.4xlarge_use1-az2': 50, 'g5.4xlarge_use1-az4': 50, 'g5.4xlarge_use1-az5': 40, 'g5.4xlarge_use1-az6': 50, 'g5.8xlarge_use1-az1': 1, 'g5.8xlarge_use1-az2': 5, 'g5.8xlarge_use1-az4': 10, 'g5.8xlarge_use1-az5': 20, 'g5.8xlarge_use1-az6': 10, 'g5.xlarge_use1-az1': 25, 'g5.xlarge_use1-az2': 50, 'g5.xlarge_use1-az4': 50, 'g5.xlarge_use1-az5': 50, 'g5.xlarge_use1-az6': 50, 'g5g.16xlarge_use1-az1': 1, 'g5g.16xlarge_use1-az6': 5, 'g5g.4xlarge_use1-az6': 1, 'g5g.8xlarge_use1-az1': 1, 'g5g.8xlarge_use1-az4': 1, 'g5g.8xlarge_use1-az6': 1, 'g5g.xlarge_use1-az1': 1, 'g5g.xlarge_use1-az2': 1, 'g5g.xlarge_use1-az4': 1, 'g5g.xlarge_use1-az6': 5, 'g6.12xlarge_use1-az1': 5, 'g6.12xlarge_use1-az2': 1, 'g6.12xlarge_use1-az4': 30, 'g6.12xlarge_use1-az6': 50, 'g6.16xlarge_use1-az1': 1, 'g6.16xlarge_use1-az2': 1, 'g6.16xlarge_use1-az4': 1, 'g6.16xlarge_use1-az6': 5, 'g6.24xlarge_use1-az2': 1, 'g6.24xlarge_use1-az4': 1, 'g6.24xlarge_use1-az6': 1, 'g6.2xlarge_use1-az1': 10, 'g6.2xlarge_use1-az2': 25, 'g6.2xlarge_use1-az4': 50, 'g6.2xlarge_use1-az6': 50, 'g6.48xlarge_use1-az2': 5, 'g6.48xlarge_use1-az4': 30, 'g6.48xlarge_use1-az6': 50, 'g6.4xlarge_use1-az1': 5, 'g6.4xlarge_use1-az2': 10, 'g6.4xlarge_use1-az4': 35, 'g6.4xlarge_use1-az6': 50, 'g6.8xlarge_use1-az1': 5, 'g6.8xlarge_use1-az2': 5, 'g6.8xlarge_use1-az4': 10, 'g6.8xlarge_use1-az6': 15, 'g6.xlarge_use1-az1': 5, 'g6.xlarge_use1-az2': 5, 'g6.xlarge_use1-az4': 5, 'g6.xlarge_use1-az6': 5, 'g6e.16xlarge_use1-az1': 10, 'g6e.16xlarge_use1-az2': 15, 'g6e.16xlarge_use1-az4': 40, 'g6e.16xlarge_use1-az6': 20, 'g6e.2xlarge_use1-az1': 10, 'g6e.2xlarge_use1-az2': 1, 'g6e.2xlarge_use1-az4': 10, 'g6e.2xlarge_use1-az6': 5, 'g6e.48xlarge_use1-az4': 5, 'g6e.48xlarge_use1-az6': 1, 'g6e.4xlarge_use1-az1': 1, 'g6e.4xlarge_use1-az4': 5, 'g6e.4xlarge_use1-az6': 1, 'g6e.8xlarge_use1-az1': 1, 'g6e.8xlarge_use1-az2': 1, 'g6e.8xlarge_use1-az4': 1, 'g6e.8xlarge_use1-az6': 1, 'g6e.xlarge_use1-az1': 1, 'g6e.xlarge_use1-az6': 1, 'g6f.2xlarge_use1-az1': 1, 'g6f.2xlarge_use1-az4': 1, 'g6f.2xlarge_use1-az6': 5, 'g6f.4xlarge_use1-az1': 1, 'g6f.4xlarge_use1-az4': 1, 'g6f.4xlarge_use1-az6': 1, 'g6f.large_use1-az1': 10, 'g6f.large_use1-az2': 15, 'g6f.large_use1-az4': 40, 'g6f.large_use1-az6': 20, 'g6f.xlarge_use1-az1': 1, 'g6f.xlarge_use1-az2': 1, 'g6f.xlarge_use1-az4': 5, 'g6f.xlarge_use1-az6': 10, 'gr6.4xlarge_use1-az2': 1, 'gr6.4xlarge_use1-az4': 1, 'gr6.4xlarge_use1-az6': 1, 'gr6.8xlarge_use1-az1': 1, 'gr6.8xlarge_use1-az2': 1, 'gr6.8xlarge_use1-az4': 1, 'gr6.8xlarge_use1-az6': 1, 'i2.2xlarge_use1-az2': 10, 'i2.2xlarge_use1-az3': 5, 'i2.2xlarge_use1-az4': 10, 'i2.2xlarge_use1-az6': 5, 'i2.4xlarge_use1-az1': 1, 'i2.4xlarge_use1-az2': 10, 'i2.4xlarge_use1-az3': 1, 'i2.4xlarge_use1-az4': 10, 'i2.4xlarge_use1-az6': 5, 'i2.8xlarge_use1-az2': 1, 'i2.8xlarge_use1-az3': 1, 'i2.8xlarge_use1-az6': 1, 'i2.xlarge_use1-az1': 1, 'i2.xlarge_use1-az2': 15, 'i2.xlarge_use1-az3': 1, 'i2.xlarge_use1-az4': 20, 'i2.xlarge_use1-az6': 15, 'i3.16xlarge_use1-az1': 20, 'i3.16xlarge_use1-az2': 50, 'i3.16xlarge_use1-az3': 10, 'i3.16xlarge_use1-az4': 50, 'i3.16xlarge_use1-az5': 10, 'i3.16xlarge_use1-az6': 45, 'i3.2xlarge_use1-az1': 50, 'i3.2xlarge_use1-az2': 50, 'i3.2xlarge_use1-az3': 50, 'i3.2xlarge_use1-az4': 50, 'i3.2xlarge_use1-az5': 50, 'i3.2xlarge_use1-az6': 50, 'i3.4xlarge_use1-az1': 50, 'i3.4xlarge_use1-az2': 50, 'i3.4xlarge_use1-az3': 50, 'i3.4xlarge_use1-az4': 50, 'i3.4xlarge_use1-az5': 50, 'i3.4xlarge_use1-az6': 50, 'i3.8xlarge_use1-az1': 50, 'i3.8xlarge_use1-az2': 50, 'i3.8xlarge_use1-az3': 50, 'i3.8xlarge_use1-az4': 50, 'i3.8xlarge_use1-az5': 25, 'i3.8xlarge_use1-az6': 50, 'i3.large_use1-az1': 50, 'i3.large_use1-az2': 50, 'i3.large_use1-az3': 50, 'i3.large_use1-az4': 50, 'i3.large_use1-az5': 50, 'i3.large_use1-az6': 50, 'i3.xlarge_use1-az1': 50, 'i3.xlarge_use1-az2': 50, 'i3.xlarge_use1-az3': 50, 'i3.xlarge_use1-az4': 50, 'i3.xlarge_use1-az5': 50, 'i3.xlarge_use1-az6': 50, 'i3en.12xlarge_use1-az1': 1, 'i3en.12xlarge_use1-az2': 1, 'i3en.12xlarge_use1-az6': 50, 'i3en.24xlarge_use1-az6': 20, 'i3en.2xlarge_use1-az1': 50, 'i3en.2xlarge_use1-az2': 50, 'i3en.2xlarge_use1-az4': 30, 'i3en.2xlarge_use1-az5': 50, 'i3en.2xlarge_use1-az6': 50, 'i3en.3xlarge_use1-az1': 50, 'i3en.3xlarge_use1-az2': 50, 'i3en.3xlarge_use1-az4': 50, 'i3en.3xlarge_use1-az5': 50, 'i3en.3xlarge_use1-az6': 50, 'i3en.6xlarge_use1-az1': 10, 'i3en.6xlarge_use1-az2': 20, 'i3en.6xlarge_use1-az4': 10, 'i3en.6xlarge_use1-az6': 50, 'i3en.large_use1-az1': 50, 'i3en.large_use1-az2': 50, 'i3en.large_use1-az4': 45, 'i3en.large_use1-az5': 35, 'i3en.large_use1-az6': 50, 'i3en.xlarge_use1-az1': 50, 'i3en.xlarge_use1-az2': 50, 'i3en.xlarge_use1-az4': 50, 'i3en.xlarge_use1-az5': 50, 'i3en.xlarge_use1-az6': 50, 'i4g.16xlarge_use1-az2': 1, 'i4g.16xlarge_use1-az4': 1, 'i4g.16xlarge_use1-az5': 50, 'i4g.16xlarge_use1-az6': 50, 'i4g.2xlarge_use1-az2': 10, 'i4g.2xlarge_use1-az4': 15, 'i4g.2xlarge_use1-az5': 40, 'i4g.2xlarge_use1-az6': 50, 'i4g.4xlarge_use1-az2': 25, 'i4g.4xlarge_use1-az4': 30, 'i4g.4xlarge_use1-az5': 50, 'i4g.4xlarge_use1-az6': 50, 'i4g.8xlarge_use1-az5': 45, 'i4g.8xlarge_use1-az6': 15, 'i4g.large_use1-az1': 5, 'i4g.large_use1-az2': 5, 'i4g.large_use1-az4': 5, 'i4g.large_use1-az5': 25, 'i4g.large_use1-az6': 50, 'i4g.xlarge_use1-az2': 10, 'i4g.xlarge_use1-az4': 1, 'i4g.xlarge_use1-az5': 50, 'i4g.xlarge_use1-az6': 50, 'i4i.12xlarge_use1-az2': 5, 'i4i.16xlarge_use1-az1': 1, 'i4i.16xlarge_use1-az2': 1, 'i4i.16xlarge_use1-az4': 1, 'i4i.16xlarge_use1-az6': 1, 'i4i.24xlarge_use1-az2': 1, 'i4i.2xlarge_use1-az1': 15, 'i4i.2xlarge_use1-az2': 50, 'i4i.2xlarge_use1-az4': 50, 'i4i.2xlarge_use1-az5': 1, 'i4i.2xlarge_use1-az6': 50, 'i4i.4xlarge_use1-az1': 1, 'i4i.4xlarge_use1-az2': 35, 'i4i.4xlarge_use1-az4': 1, 'i4i.4xlarge_use1-az6': 15, 'i4i.8xlarge_use1-az1': 1, 'i4i.8xlarge_use1-az2': 40, 'i4i.8xlarge_use1-az6': 5, 'i4i.large_use1-az1': 50, 'i4i.large_use1-az2': 50, 'i4i.large_use1-az4': 50, 'i4i.large_use1-az5': 50, 'i4i.large_use1-az6': 50, 'i4i.xlarge_use1-az1': 50, 'i4i.xlarge_use1-az2': 50, 'i4i.xlarge_use1-az4': 50, 'i4i.xlarge_use1-az5': 50, 'i4i.xlarge_use1-az6': 50, 'i7i.12xlarge_use1-az1': 1, 'i7i.12xlarge_use1-az2': 1, 'i7i.12xlarge_use1-az4': 1, 'i7i.12xlarge_use1-az5': 1, 'i7i.12xlarge_use1-az6': 1, 'i7i.16xlarge_use1-az2': 1, 'i7i.16xlarge_use1-az4': 5, 'i7i.16xlarge_use1-az5': 1, 'i7i.16xlarge_use1-az6': 1, 'i7i.24xlarge_use1-az2': 1, 'i7i.24xlarge_use1-az4': 1, 'i7i.24xlarge_use1-az5': 1, 'i7i.24xlarge_use1-az6': 1, 'i7i.2xlarge_use1-az1': 1, 'i7i.2xlarge_use1-az2': 50, 'i7i.2xlarge_use1-az4': 45, 'i7i.2xlarge_use1-az5': 20, 'i7i.2xlarge_use1-az6': 10, 'i7i.48xlarge_use1-az2': 1, 'i7i.4xlarge_use1-az1': 1, 'i7i.4xlarge_use1-az2': 15, 'i7i.4xlarge_use1-az4': 20, 'i7i.4xlarge_use1-az5': 5, 'i7i.4xlarge_use1-az6': 20, 'i7i.8xlarge_use1-az1': 1, 'i7i.8xlarge_use1-az2': 1, 'i7i.8xlarge_use1-az4': 5, 'i7i.8xlarge_use1-az5': 1, 'i7i.8xlarge_use1-az6': 1, 'i7i.metal-24xl_use1-az2': 1, 'i7i.metal-24xl_use1-az4': 50, 'i7i.metal-24xl_use1-az6': 35, 'i7i.xlarge_use1-az1': 1, 'i7i.xlarge_use1-az6': 20, 'i7ie.12xlarge_use1-az1': 1, 'i7ie.12xlarge_use1-az4': 1, 'i7ie.12xlarge_use1-az6': 30, 'i7ie.18xlarge_use1-az4': 1, 'i7ie.18xlarge_use1-az6': 20, 'i7ie.24xlarge_use1-az1': 1, 'i7ie.24xlarge_use1-az2': 1, 'i7ie.24xlarge_use1-az4': 1, 'i7ie.24xlarge_use1-az6': 50, 'i7ie.2xlarge_use1-az1': 5, 'i7ie.2xlarge_use1-az2': 1, 'i7ie.2xlarge_use1-az4': 15, 'i7ie.2xlarge_use1-az6': 35, 'i7ie.3xlarge_use1-az1': 5, 'i7ie.3xlarge_use1-az2': 1, 'i7ie.3xlarge_use1-az4': 5, 'i7ie.3xlarge_use1-az6': 30, 'i7ie.48xlarge_use1-az6': 50, 'i7ie.6xlarge_use1-az1': 25, 'i7ie.6xlarge_use1-az4': 20, 'i7ie.6xlarge_use1-az6': 50, 'i7ie.large_use1-az1': 45, 'i7ie.large_use1-az2': 15, 'i7ie.large_use1-az4': 50, 'i7ie.large_use1-az6': 50, 'i7ie.metal-24xl_use1-az4': 1, 'i7ie.metal-24xl_use1-az6': 15, 'i7ie.metal-48xl_use1-az6': 10, 'i7ie.xlarge_use1-az1': 10, 'i7ie.xlarge_use1-az2': 25, 'i7ie.xlarge_use1-az4': 45, 'i7ie.xlarge_use1-az6': 50, 'i8g.12xlarge_use1-az6': 1, 'i8g.24xlarge_use1-az6': 10, 'i8g.2xlarge_use1-az2': 1, 'i8g.4xlarge_use1-az2': 1, 'i8g.8xlarge_use1-az6': 5, 'i8g.large_use1-az2': 10, 'i8g.large_use1-az6': 5, 'i8g.xlarge_use1-az2': 1, 'i8g.xlarge_use1-az4': 1, 'i8g.xlarge_use1-az6': 1, 'i8ge.12xlarge_use1-az4': 1, 'i8ge.12xlarge_use1-az6': 5, 'i8ge.18xlarge_use1-az2': 1, 'i8ge.18xlarge_use1-az4': 1, 'i8ge.18xlarge_use1-az6': 5, 'i8ge.24xlarge_use1-az4': 1, 'i8ge.24xlarge_use1-az6': 5, 'i8ge.2xlarge_use1-az4': 10, 'i8ge.3xlarge_use1-az2': 1, 'i8ge.3xlarge_use1-az4': 5, 'i8ge.48xlarge_use1-az4': 5, 'i8ge.6xlarge_use1-az2': 1, 'i8ge.6xlarge_use1-az4': 1, 'i8ge.large_use1-az2': 5, 'i8ge.large_use1-az4': 50, 'i8ge.metal-24xl_use1-az4': 1, 'i8ge.metal-48xl_use1-az6': 1, 'i8ge.xlarge_use1-az4': 20, 'im4gn.16xlarge_use1-az4': 45, 'im4gn.2xlarge_use1-az1': 10, 'im4gn.2xlarge_use1-az4': 20, 'im4gn.2xlarge_use1-az6': 15, 'im4gn.4xlarge_use1-az1': 5, 'im4gn.4xlarge_use1-az4': 15, 'im4gn.8xlarge_use1-az1': 1, 'im4gn.8xlarge_use1-az4': 5, 'im4gn.large_use1-az1': 35, 'im4gn.large_use1-az2': 10, 'im4gn.large_use1-az4': 50, 'im4gn.large_use1-az6': 10, 'im4gn.xlarge_use1-az1': 25, 'im4gn.xlarge_use1-az2': 50, 'im4gn.xlarge_use1-az4': 30, 'im4gn.xlarge_use1-az6': 40, 'inf1.24xlarge_use1-az1': 1, 'inf1.24xlarge_use1-az2': 1, 'inf1.24xlarge_use1-az4': 10, 'inf1.24xlarge_use1-az5': 5, 'inf1.24xlarge_use1-az6': 20, 'inf1.2xlarge_use1-az1': 15, 'inf1.2xlarge_use1-az2': 15, 'inf1.2xlarge_use1-az4': 30, 'inf1.2xlarge_use1-az5': 40, 'inf1.2xlarge_use1-az6': 40, 'inf1.6xlarge_use1-az1': 1, 'inf1.6xlarge_use1-az2': 1, 'inf1.6xlarge_use1-az4': 5, 'inf1.6xlarge_use1-az5': 5, 'inf1.6xlarge_use1-az6': 10, 'inf1.xlarge_use1-az1': 50, 'inf1.xlarge_use1-az2': 50, 'inf1.xlarge_use1-az4': 40, 'inf1.xlarge_use1-az5': 50, 'inf1.xlarge_use1-az6': 50, 'inf2.24xlarge_use1-az4': 1, 'inf2.24xlarge_use1-az6': 10, 'inf2.48xlarge_use1-az6': 15, 'inf2.8xlarge_use1-az2': 5, 'inf2.8xlarge_use1-az4': 5, 'inf2.8xlarge_use1-az5': 1, 'inf2.8xlarge_use1-az6': 1, 'inf2.xlarge_use1-az2': 5, 'inf2.xlarge_use1-az4': 1, 'inf2.xlarge_use1-az6': 50, 'is4gen.2xlarge_use1-az1': 1, 'is4gen.2xlarge_use1-az2': 50, 'is4gen.2xlarge_use1-az4': 50, 'is4gen.2xlarge_use1-az6': 50, 'is4gen.4xlarge_use1-az1': 1, 'is4gen.8xlarge_use1-az1': 1, 'is4gen.8xlarge_use1-az4': 1, 'is4gen.large_use1-az1': 5, 'is4gen.large_use1-az2': 1, 'is4gen.large_use1-az4': 10, 'is4gen.large_use1-az6': 15, 'is4gen.medium_use1-az1': 50, 'is4gen.medium_use1-az2': 25, 'is4gen.medium_use1-az4': 40, 'is4gen.medium_use1-az6': 30, 'is4gen.xlarge_use1-az1': 1, 'is4gen.xlarge_use1-az2': 1, 'is4gen.xlarge_use1-az4': 15, 'is4gen.xlarge_use1-az6': 1, 'm1.large_use1-az1': 5, 'm1.large_use1-az2': 25, 'm1.large_use1-az4': 20, 'm1.large_use1-az6': 15, 'm1.xlarge_use1-az1': 1, 'm1.xlarge_use1-az2': 10, 'm1.xlarge_use1-az4': 10, 'm1.xlarge_use1-az6': 10, 'm2.2xlarge_use1-az1': 5, 'm2.2xlarge_use1-az2': 10, 'm2.2xlarge_use1-az4': 15, 'm2.2xlarge_use1-az6': 5, 'm2.4xlarge_use1-az1': 1, 'm2.4xlarge_use1-az2': 5, 'm2.4xlarge_use1-az4': 5, 'm2.4xlarge_use1-az6': 5, 'm2.xlarge_use1-az1': 5, 'm2.xlarge_use1-az2': 20, 'm2.xlarge_use1-az4': 20, 'm2.xlarge_use1-az6': 15, 'm3.2xlarge_use1-az2': 25, 'm3.2xlarge_use1-az3': 1, 'm3.2xlarge_use1-az4': 40, 'm3.2xlarge_use1-az6': 45, 'm3.large_use1-az2': 50, 'm3.large_use1-az3': 1, 'm3.large_use1-az4': 50, 'm3.large_use1-az6': 50, 'm3.xlarge_use1-az2': 50, 'm3.xlarge_use1-az3': 1, 'm3.xlarge_use1-az4': 50, 'm3.xlarge_use1-az6': 50, 'm4.10xlarge_use1-az1': 5, 'm4.10xlarge_use1-az2': 10, 'm4.10xlarge_use1-az3': 1, 'm4.10xlarge_use1-az4': 50, 'm4.10xlarge_use1-az5': 1, 'm4.10xlarge_use1-az6': 50, 'm4.2xlarge_use1-az1': 5, 'm4.2xlarge_use1-az2': 20, 'm4.2xlarge_use1-az3': 50, 'm4.2xlarge_use1-az4': 20, 'm4.2xlarge_use1-az5': 1, 'm4.2xlarge_use1-az6': 25, 'm4.4xlarge_use1-az1': 50, 'm4.4xlarge_use1-az2': 50, 'm4.4xlarge_use1-az3': 50, 'm4.4xlarge_use1-az4': 25, 'm4.4xlarge_use1-az5': 10, 'm4.4xlarge_use1-az6': 15, 'm4.large_use1-az1': 30, 'm4.large_use1-az2': 50, 'm4.large_use1-az3': 25, 'm4.large_use1-az4': 50, 'm4.large_use1-az5': 10, 'm4.large_use1-az6': 50, 'm4.xlarge_use1-az1': 15, 'm4.xlarge_use1-az2': 50, 'm4.xlarge_use1-az3': 50, 'm4.xlarge_use1-az4': 50, 'm4.xlarge_use1-az5': 30, 'm4.xlarge_use1-az6': 50, 'm5.12xlarge_use1-az1': 5, 'm5.12xlarge_use1-az2': 25, 'm5.12xlarge_use1-az4': 50, 'm5.12xlarge_use1-az5': 1, 'm5.12xlarge_use1-az6': 40, 'm5.16xlarge_use1-az1': 10, 'm5.16xlarge_use1-az2': 50, 'm5.16xlarge_use1-az4': 50, 'm5.16xlarge_use1-az5': 1, 'm5.16xlarge_use1-az6': 50, 'm5.24xlarge_use1-az1': 5, 'm5.24xlarge_use1-az2': 5, 'm5.24xlarge_use1-az4': 5, 'm5.24xlarge_use1-az5': 1, 'm5.24xlarge_use1-az6': 35, 'm5.2xlarge_use1-az1': 50, 'm5.2xlarge_use1-az2': 50, 'm5.2xlarge_use1-az4': 50, 'm5.2xlarge_use1-az5': 50, 'm5.2xlarge_use1-az6': 50, 'm5.4xlarge_use1-az1': 50, 'm5.4xlarge_use1-az2': 50, 'm5.4xlarge_use1-az4': 50, 'm5.4xlarge_use1-az5': 10, 'm5.4xlarge_use1-az6': 50, 'm5.8xlarge_use1-az1': 50, 'm5.8xlarge_use1-az2': 40, 'm5.8xlarge_use1-az4': 50, 'm5.8xlarge_use1-az5': 1, 'm5.8xlarge_use1-az6': 50, 'm5.large_use1-az1': 50, 'm5.large_use1-az2': 50, 'm5.large_use1-az4': 50, 'm5.large_use1-az5': 50, 'm5.large_use1-az6': 50, 'm5.xlarge_use1-az1': 50, 'm5.xlarge_use1-az2': 50, 'm5.xlarge_use1-az4': 50, 'm5.xlarge_use1-az5': 50, 'm5.xlarge_use1-az6': 50, 'm5a.12xlarge_use1-az2': 1, 'm5a.12xlarge_use1-az4': 1, 'm5a.12xlarge_use1-az6': 1, 'm5a.16xlarge_use1-az2': 1, 'm5a.16xlarge_use1-az4': 1, 'm5a.16xlarge_use1-az6': 1, 'm5a.24xlarge_use1-az1': 1, 'm5a.24xlarge_use1-az2': 1, 'm5a.24xlarge_use1-az4': 1, 'm5a.24xlarge_use1-az5': 5, 'm5a.24xlarge_use1-az6': 5, 'm5a.2xlarge_use1-az1': 10, 'm5a.2xlarge_use1-az2': 25, 'm5a.2xlarge_use1-az4': 25, 'm5a.2xlarge_use1-az5': 5, 'm5a.2xlarge_use1-az6': 45, 'm5a.4xlarge_use1-az1': 5, 'm5a.4xlarge_use1-az2': 10, 'm5a.4xlarge_use1-az4': 5, 'm5a.4xlarge_use1-az5': 10, 'm5a.4xlarge_use1-az6': 15, 'm5a.8xlarge_use1-az1': 1, 'm5a.8xlarge_use1-az2': 20, 'm5a.8xlarge_use1-az4': 20, 'm5a.8xlarge_use1-az5': 1, 'm5a.8xlarge_use1-az6': 5, 'm5a.large_use1-az1': 50, 'm5a.large_use1-az2': 50, 'm5a.large_use1-az4': 50, 'm5a.large_use1-az5': 45, 'm5a.large_use1-az6': 50, 'm5a.xlarge_use1-az1': 10, 'm5a.xlarge_use1-az2': 30, 'm5a.xlarge_use1-az4': 10, 'm5a.xlarge_use1-az5': 20, 'm5a.xlarge_use1-az6': 50, 'm5ad.12xlarge_use1-az1': 1, 'm5ad.16xlarge_use1-az1': 1, 'm5ad.16xlarge_use1-az2': 1, 'm5ad.16xlarge_use1-az4': 1, 'm5ad.16xlarge_use1-az6': 1, 'm5ad.24xlarge_use1-az1': 5, 'm5ad.24xlarge_use1-az2': 1, 'm5ad.24xlarge_use1-az4': 1, 'm5ad.24xlarge_use1-az6': 5, 'm5ad.2xlarge_use1-az1': 1, 'm5ad.2xlarge_use1-az2': 1, 'm5ad.2xlarge_use1-az4': 5, 'm5ad.2xlarge_use1-az6': 1, 'm5ad.4xlarge_use1-az1': 1, 'm5ad.4xlarge_use1-az2': 1, 'm5ad.4xlarge_use1-az4': 1, 'm5ad.4xlarge_use1-az6': 1, 'm5ad.8xlarge_use1-az2': 1, 'm5ad.large_use1-az1': 10, 'm5ad.large_use1-az2': 5, 'm5ad.large_use1-az4': 10, 'm5ad.large_use1-az5': 1, 'm5ad.large_use1-az6': 10, 'm5ad.xlarge_use1-az1': 1, 'm5ad.xlarge_use1-az2': 10, 'm5ad.xlarge_use1-az4': 5, 'm5ad.xlarge_use1-az6': 5, 'm5d.12xlarge_use1-az1': 1, 'm5d.12xlarge_use1-az2': 25, 'm5d.12xlarge_use1-az4': 30, 'm5d.12xlarge_use1-az6': 15, 'm5d.16xlarge_use1-az1': 5, 'm5d.16xlarge_use1-az2': 35, 'm5d.16xlarge_use1-az4': 20, 'm5d.16xlarge_use1-az5': 1, 'm5d.16xlarge_use1-az6': 50, 'm5d.24xlarge_use1-az1': 20, 'm5d.24xlarge_use1-az2': 15, 'm5d.24xlarge_use1-az4': 5, 'm5d.24xlarge_use1-az5': 1, 'm5d.24xlarge_use1-az6': 50, 'm5d.2xlarge_use1-az1': 5, 'm5d.2xlarge_use1-az2': 25, 'm5d.2xlarge_use1-az4': 25, 'm5d.2xlarge_use1-az6': 30, 'm5d.4xlarge_use1-az1': 5, 'm5d.4xlarge_use1-az2': 15, 'm5d.4xlarge_use1-az4': 25, 'm5d.4xlarge_use1-az6': 25, 'm5d.8xlarge_use1-az1': 1, 'm5d.8xlarge_use1-az2': 25, 'm5d.8xlarge_use1-az4': 10, 'm5d.8xlarge_use1-az5': 1, 'm5d.8xlarge_use1-az6': 10, 'm5d.large_use1-az1': 5, 'm5d.large_use1-az2': 50, 'm5d.large_use1-az4': 50, 'm5d.large_use1-az6': 50, 'm5d.xlarge_use1-az1': 50, 'm5d.xlarge_use1-az2': 50, 'm5d.xlarge_use1-az4': 50, 'm5d.xlarge_use1-az5': 1, 'm5d.xlarge_use1-az6': 50, 'm5dn.12xlarge_use1-az1': 1, 'm5dn.12xlarge_use1-az4': 1, 'm5dn.12xlarge_use1-az6': 1, 'm5dn.16xlarge_use1-az1': 1, 'm5dn.16xlarge_use1-az2': 5, 'm5dn.16xlarge_use1-az4': 1, 'm5dn.16xlarge_use1-az6': 1, 'm5dn.24xlarge_use1-az1': 1, 'm5dn.24xlarge_use1-az2': 1, 'm5dn.24xlarge_use1-az4': 1, 'm5dn.24xlarge_use1-az6': 5, 'm5dn.2xlarge_use1-az1': 10, 'm5dn.2xlarge_use1-az2': 5, 'm5dn.2xlarge_use1-az4': 5, 'm5dn.2xlarge_use1-az5': 1, 'm5dn.2xlarge_use1-az6': 15, 'm5dn.4xlarge_use1-az1': 5, 'm5dn.4xlarge_use1-az2': 5, 'm5dn.4xlarge_use1-az4': 1, 'm5dn.4xlarge_use1-az5': 1, 'm5dn.4xlarge_use1-az6': 5, 'm5dn.8xlarge_use1-az2': 1, 'm5dn.8xlarge_use1-az6': 1, 'm5dn.large_use1-az1': 35, 'm5dn.large_use1-az2': 30, 'm5dn.large_use1-az4': 40, 'm5dn.large_use1-az5': 15, 'm5dn.large_use1-az6': 50, 'm5dn.xlarge_use1-az1': 10, 'm5dn.xlarge_use1-az2': 25, 'm5dn.xlarge_use1-az4': 20, 'm5dn.xlarge_use1-az5': 1, 'm5dn.xlarge_use1-az6': 30, 'm5n.12xlarge_use1-az1': 1, 'm5n.12xlarge_use1-az2': 1, 'm5n.12xlarge_use1-az4': 1, 'm5n.12xlarge_use1-az5': 1, 'm5n.12xlarge_use1-az6': 1, 'm5n.16xlarge_use1-az2': 1, 'm5n.16xlarge_use1-az4': 1, 'm5n.16xlarge_use1-az6': 1, 'm5n.24xlarge_use1-az2': 1, 'm5n.24xlarge_use1-az4': 1, 'm5n.24xlarge_use1-az6': 1, 'm5n.2xlarge_use1-az1': 15, 'm5n.2xlarge_use1-az2': 25, 'm5n.2xlarge_use1-az4': 30, 'm5n.2xlarge_use1-az5': 5, 'm5n.2xlarge_use1-az6': 25, 'm5n.4xlarge_use1-az1': 25, 'm5n.4xlarge_use1-az2': 35, 'm5n.4xlarge_use1-az4': 50, 'm5n.4xlarge_use1-az5': 5, 'm5n.4xlarge_use1-az6': 10, 'm5n.8xlarge_use1-az1': 1, 'm5n.8xlarge_use1-az2': 1, 'm5n.8xlarge_use1-az4': 1, 'm5n.8xlarge_use1-az6': 5, 'm5n.large_use1-az1': 5, 'm5n.large_use1-az2': 15, 'm5n.large_use1-az4': 5, 'm5n.large_use1-az5': 5, 'm5n.large_use1-az6': 15, 'm5n.xlarge_use1-az1': 20, 'm5n.xlarge_use1-az2': 50, 'm5n.xlarge_use1-az4': 50, 'm5n.xlarge_use1-az5': 1, 'm5n.xlarge_use1-az6': 50, 'm5zn.12xlarge_use1-az2': 1, 'm5zn.12xlarge_use1-az4': 10, 'm5zn.12xlarge_use1-az5': 1, 'm5zn.12xlarge_use1-az6': 5, 'm5zn.2xlarge_use1-az1': 1, 'm5zn.2xlarge_use1-az2': 1, 'm5zn.2xlarge_use1-az4': 25, 'm5zn.2xlarge_use1-az5': 1, 'm5zn.2xlarge_use1-az6': 5, 'm5zn.3xlarge_use1-az1': 1, 'm5zn.3xlarge_use1-az2': 1, 'm5zn.3xlarge_use1-az4': 5, 'm5zn.3xlarge_use1-az6': 5, 'm5zn.6xlarge_use1-az4': 1, 'm5zn.6xlarge_use1-az6': 1, 'm5zn.large_use1-az1': 5, 'm5zn.large_use1-az2': 5, 'm5zn.large_use1-az4': 30, 'm5zn.large_use1-az5': 15, 'm5zn.large_use1-az6': 20, 'm5zn.xlarge_use1-az1': 1, 'm5zn.xlarge_use1-az2': 1, 'm5zn.xlarge_use1-az4': 20, 'm5zn.xlarge_use1-az5': 5, 'm5zn.xlarge_use1-az6': 5, 'm6a.12xlarge_use1-az1': 5, 'm6a.12xlarge_use1-az2': 5, 'm6a.12xlarge_use1-az4': 15, 'm6a.12xlarge_use1-az6': 10, 'm6a.16xlarge_use1-az1': 5, 'm6a.16xlarge_use1-az2': 5, 'm6a.16xlarge_use1-az4': 5, 'm6a.16xlarge_use1-az6': 5, 'm6a.24xlarge_use1-az1': 1, 'm6a.24xlarge_use1-az2': 1, 'm6a.24xlarge_use1-az4': 1, 'm6a.24xlarge_use1-az6': 1, 'm6a.2xlarge_use1-az1': 50, 'm6a.2xlarge_use1-az2': 35, 'm6a.2xlarge_use1-az4': 45, 'm6a.2xlarge_use1-az5': 15, 'm6a.2xlarge_use1-az6': 50, 'm6a.32xlarge_use1-az2': 1, 'm6a.32xlarge_use1-az4': 1, 'm6a.32xlarge_use1-az5': 1, 'm6a.32xlarge_use1-az6': 1, 'm6a.48xlarge_use1-az2': 1, 'm6a.48xlarge_use1-az4': 1, 'm6a.48xlarge_use1-az6': 1, 'm6a.4xlarge_use1-az1': 45, 'm6a.4xlarge_use1-az2': 40, 'm6a.4xlarge_use1-az4': 25, 'm6a.4xlarge_use1-az5': 5, 'm6a.4xlarge_use1-az6': 50, 'm6a.8xlarge_use1-az1': 25, 'm6a.8xlarge_use1-az2': 15, 'm6a.8xlarge_use1-az4': 50, 'm6a.8xlarge_use1-az5': 10, 'm6a.8xlarge_use1-az6': 50, 'm6a.large_use1-az1': 50, 'm6a.large_use1-az2': 50, 'm6a.large_use1-az4': 50, 'm6a.large_use1-az5': 30, 'm6a.large_use1-az6': 50, 'm6a.xlarge_use1-az1': 50, 'm6a.xlarge_use1-az2': 50, 'm6a.xlarge_use1-az4': 50, 'm6a.xlarge_use1-az5': 35, 'm6a.xlarge_use1-az6': 50, 'm6g.12xlarge_use1-az1': 1, 'm6g.12xlarge_use1-az2': 5, 'm6g.12xlarge_use1-az4': 50, 'm6g.12xlarge_use1-az6': 50, 'm6g.16xlarge_use1-az1': 1, 'm6g.16xlarge_use1-az2': 5, 'm6g.16xlarge_use1-az4': 25, 'm6g.16xlarge_use1-az6': 50, 'm6g.2xlarge_use1-az1': 15, 'm6g.2xlarge_use1-az2': 50, 'm6g.2xlarge_use1-az4': 50, 'm6g.2xlarge_use1-az5': 5, 'm6g.2xlarge_use1-az6': 50, 'm6g.4xlarge_use1-az1': 10, 'm6g.4xlarge_use1-az2': 50, 'm6g.4xlarge_use1-az4': 50, 'm6g.4xlarge_use1-az5': 10, 'm6g.4xlarge_use1-az6': 50, 'm6g.8xlarge_use1-az1': 5, 'm6g.8xlarge_use1-az2': 50, 'm6g.8xlarge_use1-az4': 50, 'm6g.8xlarge_use1-az6': 50, 'm6g.large_use1-az1': 1, 'm6g.large_use1-az2': 50, 'm6g.large_use1-az4': 50, 'm6g.large_use1-az5': 5, 'm6g.large_use1-az6': 50, 'm6g.medium_use1-az1': 5, 'm6g.medium_use1-az2': 5, 'm6g.medium_use1-az4': 10, 'm6g.medium_use1-az5': 1, 'm6g.medium_use1-az6': 15, 'm6g.xlarge_use1-az1': 50, 'm6g.xlarge_use1-az2': 50, 'm6g.xlarge_use1-az4': 50, 'm6g.xlarge_use1-az5': 50, 'm6g.xlarge_use1-az6': 50, 'm6gd.12xlarge_use1-az1': 10, 'm6gd.12xlarge_use1-az2': 40, 'm6gd.12xlarge_use1-az4': 20, 'm6gd.12xlarge_use1-az5': 5, 'm6gd.12xlarge_use1-az6': 50, 'm6gd.16xlarge_use1-az1': 5, 'm6gd.16xlarge_use1-az2': 10, 'm6gd.16xlarge_use1-az4': 10, 'm6gd.16xlarge_use1-az5': 10, 'm6gd.16xlarge_use1-az6': 35, 'm6gd.2xlarge_use1-az1': 1, 'm6gd.2xlarge_use1-az2': 50, 'm6gd.2xlarge_use1-az4': 45, 'm6gd.2xlarge_use1-az5': 1, 'm6gd.2xlarge_use1-az6': 5, 'm6gd.4xlarge_use1-az1': 1, 'm6gd.4xlarge_use1-az2': 5, 'm6gd.4xlarge_use1-az4': 5, 'm6gd.4xlarge_use1-az5': 1, 'm6gd.4xlarge_use1-az6': 15, 'm6gd.8xlarge_use1-az1': 5, 'm6gd.8xlarge_use1-az2': 10, 'm6gd.8xlarge_use1-az4': 15, 'm6gd.8xlarge_use1-az5': 1, 'm6gd.8xlarge_use1-az6': 20, 'm6gd.large_use1-az1': 1, 'm6gd.large_use1-az2': 5, 'm6gd.large_use1-az4': 5, 'm6gd.large_use1-az5': 1, 'm6gd.large_use1-az6': 15, 'm6gd.medium_use1-az1': 1, 'm6gd.medium_use1-az2': 1, 'm6gd.medium_use1-az4': 1, 'm6gd.medium_use1-az5': 5, 'm6gd.medium_use1-az6': 1, 'm6gd.xlarge_use1-az1': 1, 'm6gd.xlarge_use1-az2': 10, 'm6gd.xlarge_use1-az4': 35, 'm6gd.xlarge_use1-az5': 1, 'm6gd.xlarge_use1-az6': 15, 'm6i.12xlarge_use1-az1': 1, 'm6i.12xlarge_use1-az2': 10, 'm6i.12xlarge_use1-az4': 50, 'm6i.12xlarge_use1-az5': 1, 'm6i.12xlarge_use1-az6': 30, 'm6i.16xlarge_use1-az1': 1, 'm6i.16xlarge_use1-az2': 10, 'm6i.16xlarge_use1-az4': 5, 'm6i.16xlarge_use1-az5': 1, 'm6i.16xlarge_use1-az6': 10, 'm6i.24xlarge_use1-az2': 10, 'm6i.24xlarge_use1-az4': 5, 'm6i.24xlarge_use1-az5': 1, 'm6i.24xlarge_use1-az6': 50, 'm6i.2xlarge_use1-az1': 25, 'm6i.2xlarge_use1-az2': 50, 'm6i.2xlarge_use1-az4': 50, 'm6i.2xlarge_use1-az5': 25, 'm6i.2xlarge_use1-az6': 50, 'm6i.32xlarge_use1-az2': 1, 'm6i.32xlarge_use1-az4': 5, 'm6i.32xlarge_use1-az5': 1, 'm6i.32xlarge_use1-az6': 15, 'm6i.4xlarge_use1-az1': 15, 'm6i.4xlarge_use1-az2': 50, 'm6i.4xlarge_use1-az4': 50, 'm6i.4xlarge_use1-az5': 50, 'm6i.4xlarge_use1-az6': 50, 'm6i.8xlarge_use1-az1': 1, 'm6i.8xlarge_use1-az2': 50, 'm6i.8xlarge_use1-az4': 50, 'm6i.8xlarge_use1-az5': 20, 'm6i.8xlarge_use1-az6': 50, 'm6i.large_use1-az1': 25, 'm6i.large_use1-az2': 50, 'm6i.large_use1-az4': 50, 'm6i.large_use1-az5': 50, 'm6i.large_use1-az6': 50, 'm6i.xlarge_use1-az1': 45, 'm6i.xlarge_use1-az2': 50, 'm6i.xlarge_use1-az4': 50, 'm6i.xlarge_use1-az5': 25, 'm6i.xlarge_use1-az6': 50, 'm6id.12xlarge_use1-az1': 1, 'm6id.12xlarge_use1-az2': 1, 'm6id.12xlarge_use1-az4': 1, 'm6id.12xlarge_use1-az6': 1, 'm6id.16xlarge_use1-az1': 1, 'm6id.16xlarge_use1-az2': 1, 'm6id.16xlarge_use1-az4': 1, 'm6id.16xlarge_use1-az6': 1, 'm6id.24xlarge_use1-az1': 10, 'm6id.24xlarge_use1-az2': 15, 'm6id.24xlarge_use1-az4': 35, 'm6id.24xlarge_use1-az5': 5, 'm6id.24xlarge_use1-az6': 15, 'm6id.2xlarge_use1-az1': 5, 'm6id.2xlarge_use1-az2': 5, 'm6id.2xlarge_use1-az4': 5, 'm6id.2xlarge_use1-az5': 1, 'm6id.2xlarge_use1-az6': 5, 'm6id.32xlarge_use1-az1': 10, 'm6id.32xlarge_use1-az2': 15, 'm6id.32xlarge_use1-az4': 5, 'm6id.32xlarge_use1-az5': 1, 'm6id.32xlarge_use1-az6': 50, 'm6id.4xlarge_use1-az1': 15, 'm6id.4xlarge_use1-az2': 10, 'm6id.4xlarge_use1-az4': 5, 'm6id.4xlarge_use1-az5': 1, 'm6id.4xlarge_use1-az6': 10, 'm6id.8xlarge_use1-az1': 1, 'm6id.8xlarge_use1-az4': 5, 'm6id.8xlarge_use1-az5': 1, 'm6id.8xlarge_use1-az6': 1, 'm6id.large_use1-az1': 30, 'm6id.large_use1-az2': 35, 'm6id.large_use1-az4': 15, 'm6id.large_use1-az5': 5, 'm6id.large_use1-az6': 50, 'm6id.xlarge_use1-az1': 20, 'm6id.xlarge_use1-az2': 45, 'm6id.xlarge_use1-az4': 15, 'm6id.xlarge_use1-az5': 5, 'm6id.xlarge_use1-az6': 25, 'm6idn.12xlarge_use1-az2': 1, 'm6idn.16xlarge_use1-az4': 1, 'm6idn.24xlarge_use1-az1': 1, 'm6idn.24xlarge_use1-az2': 1, 'm6idn.24xlarge_use1-az4': 1, 'm6idn.2xlarge_use1-az1': 5, 'm6idn.2xlarge_use1-az2': 10, 'm6idn.2xlarge_use1-az4': 5, 'm6idn.2xlarge_use1-az5': 1, 'm6idn.2xlarge_use1-az6': 5, 'm6idn.32xlarge_use1-az2': 1, 'm6idn.4xlarge_use1-az1': 30, 'm6idn.4xlarge_use1-az2': 10, 'm6idn.4xlarge_use1-az4': 5, 'm6idn.4xlarge_use1-az5': 5, 'm6idn.4xlarge_use1-az6': 5, 'm6idn.large_use1-az1': 25, 'm6idn.large_use1-az2': 35, 'm6idn.large_use1-az4': 15, 'm6idn.large_use1-az5': 10, 'm6idn.large_use1-az6': 10, 'm6idn.xlarge_use1-az1': 15, 'm6idn.xlarge_use1-az2': 50, 'm6idn.xlarge_use1-az4': 20, 'm6idn.xlarge_use1-az5': 5, 'm6idn.xlarge_use1-az6': 10, 'm6in.12xlarge_use1-az4': 1, 'm6in.16xlarge_use1-az2': 1, 'm6in.16xlarge_use1-az4': 1, 'm6in.24xlarge_use1-az1': 1, 'm6in.24xlarge_use1-az2': 1, 'm6in.2xlarge_use1-az1': 10, 'm6in.2xlarge_use1-az2': 20, 'm6in.2xlarge_use1-az4': 10, 'm6in.2xlarge_use1-az5': 1, 'm6in.2xlarge_use1-az6': 5, 'm6in.4xlarge_use1-az1': 1, 'm6in.4xlarge_use1-az2': 1, 'm6in.4xlarge_use1-az5': 1, 'm6in.8xlarge_use1-az1': 1, 'm6in.8xlarge_use1-az2': 1, 'm6in.8xlarge_use1-az4': 1, 'm6in.large_use1-az1': 5, 'm6in.large_use1-az2': 10, 'm6in.large_use1-az4': 5, 'm6in.large_use1-az5': 1, 'm6in.large_use1-az6': 1, 'm6in.xlarge_use1-az1': 5, 'm6in.xlarge_use1-az2': 10, 'm6in.xlarge_use1-az4': 1, 'm7a.12xlarge_use1-az2': 1, 'm7a.12xlarge_use1-az6': 20, 'm7a.16xlarge_use1-az2': 1, 'm7a.16xlarge_use1-az6': 40, 'm7a.24xlarge_use1-az2': 1, 'm7a.24xlarge_use1-az6': 50, 'm7a.2xlarge_use1-az1': 5, 'm7a.2xlarge_use1-az2': 15, 'm7a.2xlarge_use1-az4': 10, 'm7a.2xlarge_use1-az6': 50, 'm7a.32xlarge_use1-az6': 20, 'm7a.48xlarge_use1-az6': 40, 'm7a.4xlarge_use1-az1': 10, 'm7a.4xlarge_use1-az2': 5, 'm7a.4xlarge_use1-az4': 10, 'm7a.4xlarge_use1-az6': 25, 'm7a.8xlarge_use1-az1': 1, 'm7a.8xlarge_use1-az2': 5, 'm7a.8xlarge_use1-az4': 1, 'm7a.8xlarge_use1-az6': 50, 'm7a.large_use1-az1': 15, 'm7a.large_use1-az2': 50, 'm7a.large_use1-az4': 50, 'm7a.large_use1-az5': 5, 'm7a.large_use1-az6': 50, 'm7a.medium_use1-az1': 10, 'm7a.medium_use1-az2': 50, 'm7a.medium_use1-az4': 50, 'm7a.medium_use1-az6': 50, 'm7a.xlarge_use1-az1': 5, 'm7a.xlarge_use1-az2': 40, 'm7a.xlarge_use1-az4': 50, 'm7a.xlarge_use1-az6': 50, 'm7g.12xlarge_use1-az1': 1, 'm7g.12xlarge_use1-az2': 10, 'm7g.12xlarge_use1-az4': 45, 'm7g.12xlarge_use1-az5': 1, 'm7g.12xlarge_use1-az6': 50, 'm7g.16xlarge_use1-az1': 1, 'm7g.16xlarge_use1-az2': 30, 'm7g.16xlarge_use1-az4': 35, 'm7g.16xlarge_use1-az5': 1, 'm7g.16xlarge_use1-az6': 50, 'm7g.2xlarge_use1-az1': 35, 'm7g.2xlarge_use1-az2': 50, 'm7g.2xlarge_use1-az4': 50, 'm7g.2xlarge_use1-az5': 15, 'm7g.2xlarge_use1-az6': 50, 'm7g.4xlarge_use1-az1': 10, 'm7g.4xlarge_use1-az2': 30, 'm7g.4xlarge_use1-az4': 50, 'm7g.4xlarge_use1-az5': 10, 'm7g.4xlarge_use1-az6': 50, 'm7g.8xlarge_use1-az1': 1, 'm7g.8xlarge_use1-az2': 15, 'm7g.8xlarge_use1-az4': 40, 'm7g.8xlarge_use1-az5': 1, 'm7g.8xlarge_use1-az6': 50, 'm7g.large_use1-az1': 10, 'm7g.large_use1-az2': 50, 'm7g.large_use1-az4': 50, 'm7g.large_use1-az5': 30, 'm7g.large_use1-az6': 50, 'm7g.medium_use1-az1': 30, 'm7g.medium_use1-az2': 40, 'm7g.medium_use1-az4': 50, 'm7g.medium_use1-az5': 35, 'm7g.medium_use1-az6': 50, 'm7g.metal_use1-az1': 1, 'm7g.metal_use1-az2': 25, 'm7g.metal_use1-az4': 10, 'm7g.metal_use1-az5': 1, 'm7g.metal_use1-az6': 50, 'm7g.xlarge_use1-az1': 50, 'm7g.xlarge_use1-az2': 50, 'm7g.xlarge_use1-az4': 50, 'm7g.xlarge_use1-az5': 50, 'm7g.xlarge_use1-az6': 50, 'm7gd.12xlarge_use1-az1': 5, 'm7gd.12xlarge_use1-az2': 10, 'm7gd.12xlarge_use1-az4': 1, 'm7gd.12xlarge_use1-az6': 35, 'm7gd.16xlarge_use1-az1': 1, 'm7gd.16xlarge_use1-az2': 30, 'm7gd.16xlarge_use1-az4': 1, 'm7gd.16xlarge_use1-az6': 40, 'm7gd.2xlarge_use1-az1': 15, 'm7gd.2xlarge_use1-az2': 50, 'm7gd.2xlarge_use1-az4': 15, 'm7gd.2xlarge_use1-az6': 25, 'm7gd.4xlarge_use1-az1': 5, 'm7gd.4xlarge_use1-az2': 10, 'm7gd.4xlarge_use1-az4': 1, 'm7gd.4xlarge_use1-az6': 40, 'm7gd.8xlarge_use1-az1': 10, 'm7gd.8xlarge_use1-az2': 50, 'm7gd.8xlarge_use1-az4': 30, 'm7gd.8xlarge_use1-az5': 45, 'm7gd.8xlarge_use1-az6': 50, 'm7gd.large_use1-az1': 5, 'm7gd.large_use1-az2': 50, 'm7gd.large_use1-az4': 5, 'm7gd.large_use1-az6': 50, 'm7gd.medium_use1-az1': 15, 'm7gd.medium_use1-az2': 20, 'm7gd.medium_use1-az4': 15, 'm7gd.medium_use1-az5': 20, 'm7gd.medium_use1-az6': 25, 'm7gd.metal_use1-az1': 5, 'm7gd.metal_use1-az2': 15, 'm7gd.metal_use1-az4': 1, 'm7gd.metal_use1-az6': 15, 'm7gd.xlarge_use1-az1': 5, 'm7gd.xlarge_use1-az2': 10, 'm7gd.xlarge_use1-az4': 10, 'm7gd.xlarge_use1-az5': 1, 'm7gd.xlarge_use1-az6': 25, 'm7i-flex.2xlarge_use1-az1': 50, 'm7i-flex.2xlarge_use1-az2': 50, 'm7i-flex.2xlarge_use1-az4': 15, 'm7i-flex.2xlarge_use1-az5': 10, 'm7i-flex.2xlarge_use1-az6': 50, 'm7i-flex.4xlarge_use1-az2': 5, 'm7i-flex.4xlarge_use1-az4': 5, 'm7i-flex.4xlarge_use1-az6': 25, 'm7i-flex.8xlarge_use1-az1': 1, 'm7i-flex.8xlarge_use1-az2': 5, 'm7i-flex.8xlarge_use1-az4': 5, 'm7i-flex.8xlarge_use1-az5': 1, 'm7i-flex.8xlarge_use1-az6': 10, 'm7i-flex.large_use1-az1': 20, 'm7i-flex.large_use1-az2': 50, 'm7i-flex.large_use1-az4': 25, 'm7i-flex.large_use1-az5': 25, 'm7i-flex.large_use1-az6': 50, 'm7i-flex.xlarge_use1-az1': 50, 'm7i-flex.xlarge_use1-az2': 50, 'm7i-flex.xlarge_use1-az4': 50, 'm7i-flex.xlarge_use1-az5': 15, 'm7i-flex.xlarge_use1-az6': 50, 'm7i.12xlarge_use1-az1': 1, 'm7i.12xlarge_use1-az2': 5, 'm7i.12xlarge_use1-az4': 15, 'm7i.12xlarge_use1-az6': 50, 'm7i.16xlarge_use1-az1': 5, 'm7i.16xlarge_use1-az2': 10, 'm7i.16xlarge_use1-az4': 10, 'm7i.16xlarge_use1-az6': 50, 'm7i.24xlarge_use1-az2': 5, 'm7i.24xlarge_use1-az4': 5, 'm7i.24xlarge_use1-az6': 50, 'm7i.2xlarge_use1-az1': 1, 'm7i.2xlarge_use1-az2': 50, 'm7i.2xlarge_use1-az4': 50, 'm7i.2xlarge_use1-az6': 50, 'm7i.48xlarge_use1-az1': 1, 'm7i.48xlarge_use1-az2': 5, 'm7i.48xlarge_use1-az4': 20, 'm7i.48xlarge_use1-az6': 50, 'm7i.4xlarge_use1-az1': 1, 'm7i.4xlarge_use1-az2': 25, 'm7i.4xlarge_use1-az4': 10, 'm7i.4xlarge_use1-az6': 50, 'm7i.8xlarge_use1-az1': 40, 'm7i.8xlarge_use1-az2': 20, 'm7i.8xlarge_use1-az4': 50, 'm7i.8xlarge_use1-az6': 50, 'm7i.large_use1-az1': 50, 'm7i.large_use1-az2': 50, 'm7i.large_use1-az4': 50, 'm7i.large_use1-az5': 1, 'm7i.large_use1-az6': 50, 'm7i.xlarge_use1-az1': 30, 'm7i.xlarge_use1-az2': 35, 'm7i.xlarge_use1-az4': 50, 'm7i.xlarge_use1-az6': 50, 'm8g.12xlarge_use1-az2': 10, 'm8g.12xlarge_use1-az4': 10, 'm8g.12xlarge_use1-az5': 1, 'm8g.12xlarge_use1-az6': 35, 'm8g.16xlarge_use1-az2': 5, 'm8g.16xlarge_use1-az4': 5, 'm8g.16xlarge_use1-az5': 5, 'm8g.16xlarge_use1-az6': 45, 'm8g.24xlarge_use1-az2': 5, 'm8g.24xlarge_use1-az4': 1, 'm8g.24xlarge_use1-az5': 1, 'm8g.24xlarge_use1-az6': 25, 'm8g.2xlarge_use1-az4': 10, 'm8g.2xlarge_use1-az5': 10, 'm8g.48xlarge_use1-az2': 5, 'm8g.48xlarge_use1-az4': 5, 'm8g.48xlarge_use1-az6': 20, 'm8g.4xlarge_use1-az2': 5, 'm8g.4xlarge_use1-az4': 5, 'm8g.4xlarge_use1-az5': 1, 'm8g.4xlarge_use1-az6': 40, 'm8g.8xlarge_use1-az2': 10, 'm8g.8xlarge_use1-az4': 20, 'm8g.8xlarge_use1-az5': 1, 'm8g.8xlarge_use1-az6': 40, 'm8g.large_use1-az1': 1, 'm8g.large_use1-az2': 20, 'm8g.large_use1-az6': 45, 'm8g.medium_use1-az1': 1, 'm8g.medium_use1-az2': 15, 'm8g.metal-48xl_use1-az2': 5, 'm8g.metal-48xl_use1-az6': 25, 'm8g.xlarge_use1-az1': 1, 'm8g.xlarge_use1-az5': 15, 'm8g.xlarge_use1-az6': 50, 'm8gd.16xlarge_use1-az5': 1, 'm8gd.4xlarge_use1-az2': 5, 'm8gd.4xlarge_use1-az4': 1, 'm8gd.4xlarge_use1-az6': 1, 'm8gd.8xlarge_use1-az5': 1, 'm8gd.8xlarge_use1-az6': 5, 'm8gd.large_use1-az1': 20, 'm8gd.large_use1-az2': 15, 'm8gd.large_use1-az5': 1, 'm8gd.large_use1-az6': 1, 'm8gd.medium_use1-az6': 1, 'm8gd.metal-24xl_use1-az2': 1, 'm8gd.xlarge_use1-az1': 1, 'm8gd.xlarge_use1-az5': 1, 'm8i-flex.16xlarge_use1-az6': 5, 'm8i-flex.2xlarge_use1-az2': 10, 'm8i-flex.2xlarge_use1-az4': 1, 'm8i-flex.2xlarge_use1-az6': 50, 'm8i-flex.4xlarge_use1-az2': 1, 'm8i-flex.4xlarge_use1-az4': 1, 'm8i-flex.4xlarge_use1-az6': 5, 'm8i-flex.8xlarge_use1-az6': 1, 'm8i-flex.large_use1-az2': 5, 'm8i-flex.xlarge_use1-az2': 10, 'm8i-flex.xlarge_use1-az4': 25, 'm8i-flex.xlarge_use1-az6': 50, 'm8i.12xlarge_use1-az6': 1, 'm8i.16xlarge_use1-az4': 1, 'm8i.16xlarge_use1-az6': 1, 'm8i.24xlarge_use1-az6': 1, 'm8i.2xlarge_use1-az2': 10, 'm8i.2xlarge_use1-az4': 1, 'm8i.2xlarge_use1-az6': 10, 'm8i.32xlarge_use1-az2': 1, 'm8i.32xlarge_use1-az6': 5, 'm8i.48xlarge_use1-az2': 1, 'm8i.48xlarge_use1-az6': 5, 'm8i.4xlarge_use1-az2': 5, 'm8i.4xlarge_use1-az4': 1, 'm8i.4xlarge_use1-az6': 5, 'm8i.8xlarge_use1-az2': 1, 'm8i.8xlarge_use1-az4': 1, 'm8i.8xlarge_use1-az6': 20, 'm8i.96xlarge_use1-az6': 1, 'm8i.large_use1-az4': 25, 'm8i.metal-48xl_use1-az6': 1, 'm8i.metal-96xl_use1-az6': 1, 'm8i.xlarge_use1-az2': 30, 'm8i.xlarge_use1-az4': 10, 'p3.2xlarge_use1-az1': 50, 'p3.2xlarge_use1-az2': 50, 'p3.2xlarge_use1-az5': 50, 'p3.2xlarge_use1-az6': 50, 'p3dn.24xlarge_use1-az1': 15, 'p3dn.24xlarge_use1-az6': 50, 'p4d.24xlarge_use1-az2': 1, 'p4d.24xlarge_use1-az6': 1, 'p5.48xlarge_use1-az2': 15, 'r3.2xlarge_use1-az2': 1, 'r3.2xlarge_use1-az4': 1, 'r3.2xlarge_use1-az6': 1, 'r3.4xlarge_use1-az4': 1, 'r3.4xlarge_use1-az6': 1, 'r3.8xlarge_use1-az2': 1, 'r3.8xlarge_use1-az4': 1, 'r3.8xlarge_use1-az6': 5, 'r3.large_use1-az2': 50, 'r3.large_use1-az4': 50, 'r3.large_use1-az6': 50, 'r3.xlarge_use1-az2': 40, 'r3.xlarge_use1-az4': 50, 'r3.xlarge_use1-az6': 50, 'r4.16xlarge_use1-az1': 10, 'r4.16xlarge_use1-az2': 10, 'r4.16xlarge_use1-az3': 50, 'r4.16xlarge_use1-az4': 35, 'r4.16xlarge_use1-az5': 15, 'r4.16xlarge_use1-az6': 10, 'r4.2xlarge_use1-az1': 20, 'r4.2xlarge_use1-az2': 50, 'r4.2xlarge_use1-az3': 50, 'r4.2xlarge_use1-az4': 50, 'r4.2xlarge_use1-az5': 5, 'r4.2xlarge_use1-az6': 50, 'r4.4xlarge_use1-az1': 20, 'r4.4xlarge_use1-az2': 50, 'r4.4xlarge_use1-az3': 40, 'r4.4xlarge_use1-az4': 15, 'r4.4xlarge_use1-az5': 5, 'r4.4xlarge_use1-az6': 50, 'r4.8xlarge_use1-az1': 50, 'r4.8xlarge_use1-az2': 50, 'r4.8xlarge_use1-az3': 25, 'r4.8xlarge_use1-az4': 50, 'r4.8xlarge_use1-az5': 5, 'r4.8xlarge_use1-az6': 50, 'r4.large_use1-az1': 35, 'r4.large_use1-az2': 50, 'r4.large_use1-az3': 10, 'r4.large_use1-az4': 50, 'r4.large_use1-az5': 20, 'r4.large_use1-az6': 50, 'r4.xlarge_use1-az1': 50, 'r4.xlarge_use1-az2': 50, 'r4.xlarge_use1-az3': 50, 'r4.xlarge_use1-az4': 50, 'r4.xlarge_use1-az5': 30, 'r4.xlarge_use1-az6': 50, 'r5.12xlarge_use1-az1': 5, 'r5.12xlarge_use1-az2': 5, 'r5.12xlarge_use1-az4': 50, 'r5.12xlarge_use1-az5': 5, 'r5.12xlarge_use1-az6': 5, 'r5.16xlarge_use1-az1': 5, 'r5.16xlarge_use1-az4': 35, 'r5.16xlarge_use1-az5': 30, 'r5.16xlarge_use1-az6': 5, 'r5.24xlarge_use1-az4': 15, 'r5.24xlarge_use1-az5': 5, 'r5.24xlarge_use1-az6': 5, 'r5.2xlarge_use1-az1': 50, 'r5.2xlarge_use1-az2': 50, 'r5.2xlarge_use1-az4': 50, 'r5.2xlarge_use1-az5': 5, 'r5.2xlarge_use1-az6': 50, 'r5.4xlarge_use1-az1': 50, 'r5.4xlarge_use1-az2': 50, 'r5.4xlarge_use1-az4': 50, 'r5.4xlarge_use1-az5': 5, 'r5.4xlarge_use1-az6': 50, 'r5.8xlarge_use1-az1': 50, 'r5.8xlarge_use1-az2': 50, 'r5.8xlarge_use1-az4': 50, 'r5.8xlarge_use1-az5': 5, 'r5.8xlarge_use1-az6': 5, 'r5.large_use1-az1': 50, 'r5.large_use1-az2': 50, 'r5.large_use1-az4': 50, 'r5.large_use1-az5': 50, 'r5.large_use1-az6': 50, 'r5.xlarge_use1-az1': 50, 'r5.xlarge_use1-az2': 50, 'r5.xlarge_use1-az4': 50, 'r5.xlarge_use1-az5': 50, 'r5.xlarge_use1-az6': 50, 'r5a.12xlarge_use1-az1': 1, 'r5a.12xlarge_use1-az2': 1, 'r5a.12xlarge_use1-az4': 5, 'r5a.12xlarge_use1-az6': 5, 'r5a.16xlarge_use1-az1': 10, 'r5a.16xlarge_use1-az2': 10, 'r5a.16xlarge_use1-az4': 10, 'r5a.16xlarge_use1-az5': 5, 'r5a.16xlarge_use1-az6': 5, 'r5a.24xlarge_use1-az1': 5, 'r5a.24xlarge_use1-az2': 15, 'r5a.24xlarge_use1-az4': 10, 'r5a.24xlarge_use1-az5': 1, 'r5a.24xlarge_use1-az6': 10, 'r5a.2xlarge_use1-az1': 10, 'r5a.2xlarge_use1-az2': 20, 'r5a.2xlarge_use1-az4': 35, 'r5a.2xlarge_use1-az5': 5, 'r5a.2xlarge_use1-az6': 30, 'r5a.4xlarge_use1-az1': 25, 'r5a.4xlarge_use1-az2': 50, 'r5a.4xlarge_use1-az4': 50, 'r5a.4xlarge_use1-az5': 5, 'r5a.4xlarge_use1-az6': 50, 'r5a.8xlarge_use1-az1': 25, 'r5a.8xlarge_use1-az2': 10, 'r5a.8xlarge_use1-az4': 15, 'r5a.8xlarge_use1-az5': 30, 'r5a.8xlarge_use1-az6': 20, 'r5a.large_use1-az1': 50, 'r5a.large_use1-az2': 50, 'r5a.large_use1-az4': 50, 'r5a.large_use1-az5': 25, 'r5a.large_use1-az6': 50, 'r5a.xlarge_use1-az1': 20, 'r5a.xlarge_use1-az2': 50, 'r5a.xlarge_use1-az4': 50, 'r5a.xlarge_use1-az5': 5, 'r5a.xlarge_use1-az6': 50, 'r5ad.12xlarge_use1-az2': 1, 'r5ad.16xlarge_use1-az2': 50, 'r5ad.16xlarge_use1-az4': 10, 'r5ad.16xlarge_use1-az5': 1, 'r5ad.16xlarge_use1-az6': 10, 'r5ad.24xlarge_use1-az2': 25, 'r5ad.24xlarge_use1-az4': 1, 'r5ad.24xlarge_use1-az6': 10, 'r5ad.2xlarge_use1-az1': 1, 'r5ad.2xlarge_use1-az2': 1, 'r5ad.2xlarge_use1-az4': 1, 'r5ad.2xlarge_use1-az5': 1, 'r5ad.2xlarge_use1-az6': 1, 'r5ad.4xlarge_use1-az1': 1, 'r5ad.4xlarge_use1-az2': 10, 'r5ad.4xlarge_use1-az4': 5, 'r5ad.4xlarge_use1-az5': 1, 'r5ad.4xlarge_use1-az6': 1, 'r5ad.8xlarge_use1-az2': 5, 'r5ad.8xlarge_use1-az4': 20, 'r5ad.8xlarge_use1-az5': 1, 'r5ad.8xlarge_use1-az6': 10, 'r5ad.large_use1-az1': 1, 'r5ad.large_use1-az2': 30, 'r5ad.large_use1-az4': 10, 'r5ad.large_use1-az5': 5, 'r5ad.large_use1-az6': 10, 'r5ad.xlarge_use1-az1': 1, 'r5ad.xlarge_use1-az2': 10, 'r5ad.xlarge_use1-az4': 10, 'r5ad.xlarge_use1-az5': 1, 'r5ad.xlarge_use1-az6': 5, 'r5b.12xlarge_use1-az1': 5, 'r5b.12xlarge_use1-az4': 5, 'r5b.12xlarge_use1-az6': 1, 'r5b.16xlarge_use1-az1': 5, 'r5b.16xlarge_use1-az2': 5, 'r5b.16xlarge_use1-az4': 5, 'r5b.16xlarge_use1-az6': 5, 'r5b.24xlarge_use1-az1': 1, 'r5b.24xlarge_use1-az4': 5, 'r5b.24xlarge_use1-az6': 1, 'r5b.2xlarge_use1-az1': 1, 'r5b.2xlarge_use1-az2': 1, 'r5b.2xlarge_use1-az4': 1, 'r5b.2xlarge_use1-az6': 1, 'r5b.4xlarge_use1-az1': 5, 'r5b.4xlarge_use1-az2': 5, 'r5b.4xlarge_use1-az4': 5, 'r5b.4xlarge_use1-az6': 5, 'r5b.8xlarge_use1-az1': 5, 'r5b.8xlarge_use1-az2': 1, 'r5b.8xlarge_use1-az4': 1, 'r5b.8xlarge_use1-az6': 1, 'r5b.large_use1-az1': 1, 'r5b.large_use1-az2': 5, 'r5b.large_use1-az4': 10, 'r5b.large_use1-az6': 5, 'r5b.xlarge_use1-az1': 1, 'r5b.xlarge_use1-az2': 1, 'r5b.xlarge_use1-az4': 5, 'r5b.xlarge_use1-az6': 1, 'r5d.12xlarge_use1-az1': 1, 'r5d.12xlarge_use1-az2': 5, 'r5d.12xlarge_use1-az4': 10, 'r5d.12xlarge_use1-az6': 1, 'r5d.16xlarge_use1-az1': 5, 'r5d.16xlarge_use1-az2': 50, 'r5d.16xlarge_use1-az4': 50, 'r5d.16xlarge_use1-az5': 10, 'r5d.16xlarge_use1-az6': 50, 'r5d.24xlarge_use1-az1': 1, 'r5d.24xlarge_use1-az2': 1, 'r5d.24xlarge_use1-az4': 10, 'r5d.24xlarge_use1-az5': 1, 'r5d.24xlarge_use1-az6': 10, 'r5d.2xlarge_use1-az1': 5, 'r5d.2xlarge_use1-az2': 15, 'r5d.2xlarge_use1-az4': 15, 'r5d.2xlarge_use1-az5': 1, 'r5d.2xlarge_use1-az6': 15, 'r5d.4xlarge_use1-az1': 5, 'r5d.4xlarge_use1-az2': 20, 'r5d.4xlarge_use1-az4': 45, 'r5d.4xlarge_use1-az5': 5, 'r5d.4xlarge_use1-az6': 25, 'r5d.8xlarge_use1-az1': 5, 'r5d.8xlarge_use1-az2': 15, 'r5d.8xlarge_use1-az4': 15, 'r5d.8xlarge_use1-az5': 5, 'r5d.8xlarge_use1-az6': 50, 'r5d.large_use1-az1': 10, 'r5d.large_use1-az2': 50, 'r5d.large_use1-az4': 50, 'r5d.large_use1-az5': 5, 'r5d.large_use1-az6': 50, 'r5d.xlarge_use1-az1': 1, 'r5d.xlarge_use1-az2': 15, 'r5d.xlarge_use1-az4': 15, 'r5d.xlarge_use1-az5': 1, 'r5d.xlarge_use1-az6': 10, 'r5dn.12xlarge_use1-az1': 1, 'r5dn.12xlarge_use1-az2': 1, 'r5dn.12xlarge_use1-az4': 1, 'r5dn.12xlarge_use1-az5': 1, 'r5dn.12xlarge_use1-az6': 1, 'r5dn.16xlarge_use1-az1': 5, 'r5dn.16xlarge_use1-az2': 5, 'r5dn.16xlarge_use1-az4': 15, 'r5dn.16xlarge_use1-az5': 10, 'r5dn.16xlarge_use1-az6': 30, 'r5dn.24xlarge_use1-az2': 5, 'r5dn.24xlarge_use1-az4': 10, 'r5dn.24xlarge_use1-az5': 1, 'r5dn.24xlarge_use1-az6': 25, 'r5dn.2xlarge_use1-az1': 50, 'r5dn.2xlarge_use1-az2': 45, 'r5dn.2xlarge_use1-az4': 30, 'r5dn.2xlarge_use1-az5': 50, 'r5dn.2xlarge_use1-az6': 5, 'r5dn.4xlarge_use1-az1': 5, 'r5dn.4xlarge_use1-az2': 25, 'r5dn.4xlarge_use1-az4': 45, 'r5dn.4xlarge_use1-az5': 5, 'r5dn.4xlarge_use1-az6': 20, 'r5dn.8xlarge_use1-az1': 1, 'r5dn.8xlarge_use1-az2': 5, 'r5dn.8xlarge_use1-az4': 5, 'r5dn.8xlarge_use1-az5': 5, 'r5dn.8xlarge_use1-az6': 50, 'r5dn.large_use1-az1': 50, 'r5dn.large_use1-az2': 50, 'r5dn.large_use1-az4': 50, 'r5dn.large_use1-az5': 50, 'r5dn.large_use1-az6': 50, 'r5dn.xlarge_use1-az1': 5, 'r5dn.xlarge_use1-az2': 15, 'r5dn.xlarge_use1-az4': 15, 'r5dn.xlarge_use1-az5': 15, 'r5dn.xlarge_use1-az6': 15, 'r5n.12xlarge_use1-az2': 1, 'r5n.12xlarge_use1-az4': 1, 'r5n.12xlarge_use1-az6': 1, 'r5n.16xlarge_use1-az1': 1, 'r5n.16xlarge_use1-az2': 10, 'r5n.16xlarge_use1-az4': 35, 'r5n.16xlarge_use1-az5': 1, 'r5n.16xlarge_use1-az6': 20, 'r5n.2xlarge_use1-az1': 5, 'r5n.2xlarge_use1-az2': 5, 'r5n.2xlarge_use1-az4': 15, 'r5n.2xlarge_use1-az5': 1, 'r5n.2xlarge_use1-az6': 1, 'r5n.4xlarge_use1-az1': 5, 'r5n.4xlarge_use1-az2': 25, 'r5n.4xlarge_use1-az4': 15, 'r5n.4xlarge_use1-az5': 5, 'r5n.4xlarge_use1-az6': 35, 'r5n.8xlarge_use1-az1': 10, 'r5n.8xlarge_use1-az2': 20, 'r5n.8xlarge_use1-az4': 35, 'r5n.8xlarge_use1-az6': 15, 'r5n.large_use1-az1': 20, 'r5n.large_use1-az2': 50, 'r5n.large_use1-az4': 50, 'r5n.large_use1-az5': 10, 'r5n.large_use1-az6': 30, 'r5n.xlarge_use1-az1': 1, 'r5n.xlarge_use1-az2': 10, 'r5n.xlarge_use1-az4': 15, 'r5n.xlarge_use1-az5': 1, 'r5n.xlarge_use1-az6': 20, 'r6a.12xlarge_use1-az1': 1, 'r6a.12xlarge_use1-az2': 10, 'r6a.12xlarge_use1-az4': 5, 'r6a.12xlarge_use1-az6': 10, 'r6a.16xlarge_use1-az1': 5, 'r6a.16xlarge_use1-az2': 15, 'r6a.16xlarge_use1-az4': 30, 'r6a.16xlarge_use1-az5': 15, 'r6a.16xlarge_use1-az6': 40, 'r6a.24xlarge_use1-az2': 5, 'r6a.24xlarge_use1-az4': 1, 'r6a.24xlarge_use1-az5': 1, 'r6a.24xlarge_use1-az6': 5, 'r6a.2xlarge_use1-az1': 50, 'r6a.2xlarge_use1-az2': 50, 'r6a.2xlarge_use1-az4': 40, 'r6a.2xlarge_use1-az5': 1, 'r6a.2xlarge_use1-az6': 50, 'r6a.32xlarge_use1-az2': 5, 'r6a.32xlarge_use1-az4': 5, 'r6a.32xlarge_use1-az5': 5, 'r6a.32xlarge_use1-az6': 5, 'r6a.48xlarge_use1-az2': 5, 'r6a.48xlarge_use1-az4': 5, 'r6a.48xlarge_use1-az5': 5, 'r6a.48xlarge_use1-az6': 1, 'r6a.4xlarge_use1-az1': 50, 'r6a.4xlarge_use1-az2': 50, 'r6a.4xlarge_use1-az4': 50, 'r6a.4xlarge_use1-az5': 40, 'r6a.4xlarge_use1-az6': 50, 'r6a.8xlarge_use1-az1': 20, 'r6a.8xlarge_use1-az2': 50, 'r6a.8xlarge_use1-az4': 50, 'r6a.8xlarge_use1-az5': 50, 'r6a.8xlarge_use1-az6': 50, 'r6a.large_use1-az1': 50, 'r6a.large_use1-az2': 50, 'r6a.large_use1-az4': 50, 'r6a.large_use1-az5': 50, 'r6a.large_use1-az6': 50, 'r6a.xlarge_use1-az1': 50, 'r6a.xlarge_use1-az2': 50, 'r6a.xlarge_use1-az4': 50, 'r6a.xlarge_use1-az5': 50, 'r6a.xlarge_use1-az6': 50, 'r6g.12xlarge_use1-az2': 50, 'r6g.12xlarge_use1-az4': 45, 'r6g.12xlarge_use1-az5': 10, 'r6g.12xlarge_use1-az6': 50, 'r6g.16xlarge_use1-az1': 1, 'r6g.16xlarge_use1-az2': 50, 'r6g.16xlarge_use1-az4': 50, 'r6g.16xlarge_use1-az5': 50, 'r6g.16xlarge_use1-az6': 50, 'r6g.2xlarge_use1-az1': 1, 'r6g.2xlarge_use1-az2': 25, 'r6g.2xlarge_use1-az4': 40, 'r6g.2xlarge_use1-az5': 10, 'r6g.2xlarge_use1-az6': 50, 'r6g.4xlarge_use1-az1': 10, 'r6g.4xlarge_use1-az2': 50, 'r6g.4xlarge_use1-az4': 50, 'r6g.4xlarge_use1-az5': 50, 'r6g.4xlarge_use1-az6': 50, 'r6g.8xlarge_use1-az1': 1, 'r6g.8xlarge_use1-az2': 10, 'r6g.8xlarge_use1-az4': 50, 'r6g.8xlarge_use1-az5': 50, 'r6g.8xlarge_use1-az6': 50, 'r6g.large_use1-az1': 10, 'r6g.large_use1-az2': 40, 'r6g.large_use1-az4': 50, 'r6g.large_use1-az5': 5, 'r6g.large_use1-az6': 50, 'r6g.medium_use1-az1': 1, 'r6g.medium_use1-az2': 10, 'r6g.medium_use1-az4': 15, 'r6g.medium_use1-az5': 15, 'r6g.medium_use1-az6': 35, 'r6g.xlarge_use1-az1': 1, 'r6g.xlarge_use1-az2': 50, 'r6g.xlarge_use1-az4': 50, 'r6g.xlarge_use1-az5': 50, 'r6g.xlarge_use1-az6': 50, 'r6gd.12xlarge_use1-az1': 1, 'r6gd.12xlarge_use1-az2': 5, 'r6gd.12xlarge_use1-az4': 10, 'r6gd.12xlarge_use1-az5': 1, 'r6gd.12xlarge_use1-az6': 10, 'r6gd.16xlarge_use1-az1': 5, 'r6gd.16xlarge_use1-az2': 5, 'r6gd.16xlarge_use1-az4': 50, 'r6gd.16xlarge_use1-az5': 1, 'r6gd.16xlarge_use1-az6': 45, 'r6gd.2xlarge_use1-az1': 1, 'r6gd.2xlarge_use1-az2': 20, 'r6gd.2xlarge_use1-az4': 30, 'r6gd.2xlarge_use1-az5': 1, 'r6gd.2xlarge_use1-az6': 1, 'r6gd.4xlarge_use1-az1': 5, 'r6gd.4xlarge_use1-az2': 20, 'r6gd.4xlarge_use1-az4': 50, 'r6gd.4xlarge_use1-az5': 1, 'r6gd.4xlarge_use1-az6': 25, 'r6gd.8xlarge_use1-az1': 1, 'r6gd.8xlarge_use1-az2': 10, 'r6gd.8xlarge_use1-az4': 20, 'r6gd.8xlarge_use1-az5': 1, 'r6gd.8xlarge_use1-az6': 30, 'r6gd.large_use1-az1': 50, 'r6gd.large_use1-az2': 50, 'r6gd.large_use1-az4': 50, 'r6gd.large_use1-az5': 50, 'r6gd.large_use1-az6': 50, 'r6gd.medium_use1-az1': 5, 'r6gd.medium_use1-az2': 1, 'r6gd.medium_use1-az4': 5, 'r6gd.medium_use1-az5': 5, 'r6gd.medium_use1-az6': 1, 'r6gd.xlarge_use1-az1': 1, 'r6gd.xlarge_use1-az2': 1, 'r6gd.xlarge_use1-az4': 5, 'r6gd.xlarge_use1-az6': 10, 'r6i.12xlarge_use1-az1': 5, 'r6i.12xlarge_use1-az2': 5, 'r6i.12xlarge_use1-az4': 5, 'r6i.12xlarge_use1-az5': 1, 'r6i.12xlarge_use1-az6': 10, 'r6i.16xlarge_use1-az1': 1, 'r6i.16xlarge_use1-az2': 1, 'r6i.16xlarge_use1-az4': 10, 'r6i.16xlarge_use1-az5': 10, 'r6i.16xlarge_use1-az6': 1, 'r6i.24xlarge_use1-az4': 10, 'r6i.24xlarge_use1-az5': 1, 'r6i.24xlarge_use1-az6': 5, 'r6i.2xlarge_use1-az1': 15, 'r6i.2xlarge_use1-az2': 35, 'r6i.2xlarge_use1-az4': 50, 'r6i.2xlarge_use1-az5': 5, 'r6i.2xlarge_use1-az6': 50, 'r6i.32xlarge_use1-az4': 1, 'r6i.32xlarge_use1-az5': 1, 'r6i.32xlarge_use1-az6': 1, 'r6i.4xlarge_use1-az1': 30, 'r6i.4xlarge_use1-az2': 20, 'r6i.4xlarge_use1-az4': 20, 'r6i.4xlarge_use1-az5': 10, 'r6i.4xlarge_use1-az6': 40, 'r6i.8xlarge_use1-az1': 5, 'r6i.8xlarge_use1-az2': 10, 'r6i.8xlarge_use1-az4': 10, 'r6i.8xlarge_use1-az5': 5, 'r6i.8xlarge_use1-az6': 10, 'r6i.large_use1-az1': 20, 'r6i.large_use1-az2': 50, 'r6i.large_use1-az4': 50, 'r6i.large_use1-az5': 20, 'r6i.large_use1-az6': 50, 'r6i.xlarge_use1-az1': 15, 'r6i.xlarge_use1-az2': 45, 'r6i.xlarge_use1-az4': 50, 'r6i.xlarge_use1-az5': 10, 'r6i.xlarge_use1-az6': 50, 'r6id.12xlarge_use1-az1': 1, 'r6id.12xlarge_use1-az2': 5, 'r6id.12xlarge_use1-az4': 1, 'r6id.12xlarge_use1-az6': 5, 'r6id.16xlarge_use1-az1': 5, 'r6id.16xlarge_use1-az2': 5, 'r6id.16xlarge_use1-az4': 15, 'r6id.16xlarge_use1-az5': 1, 'r6id.16xlarge_use1-az6': 20, 'r6id.24xlarge_use1-az1': 10, 'r6id.24xlarge_use1-az2': 10, 'r6id.24xlarge_use1-az4': 5, 'r6id.24xlarge_use1-az5': 15, 'r6id.24xlarge_use1-az6': 25, 'r6id.2xlarge_use1-az1': 5, 'r6id.2xlarge_use1-az2': 1, 'r6id.2xlarge_use1-az4': 10, 'r6id.2xlarge_use1-az5': 1, 'r6id.2xlarge_use1-az6': 10, 'r6id.32xlarge_use1-az1': 1, 'r6id.32xlarge_use1-az2': 5, 'r6id.32xlarge_use1-az4': 1, 'r6id.32xlarge_use1-az5': 1, 'r6id.32xlarge_use1-az6': 10, 'r6id.4xlarge_use1-az1': 40, 'r6id.4xlarge_use1-az2': 50, 'r6id.4xlarge_use1-az4': 10, 'r6id.4xlarge_use1-az5': 20, 'r6id.4xlarge_use1-az6': 35, 'r6id.8xlarge_use1-az1': 1, 'r6id.8xlarge_use1-az2': 1, 'r6id.8xlarge_use1-az4': 5, 'r6id.8xlarge_use1-az5': 1, 'r6id.8xlarge_use1-az6': 5, 'r6id.large_use1-az1': 15, 'r6id.large_use1-az2': 10, 'r6id.large_use1-az4': 5, 'r6id.large_use1-az5': 15, 'r6id.large_use1-az6': 30, 'r6id.xlarge_use1-az1': 5, 'r6id.xlarge_use1-az2': 15, 'r6id.xlarge_use1-az4': 10, 'r6id.xlarge_use1-az5': 15, 'r6id.xlarge_use1-az6': 15, 'r6idn.16xlarge_use1-az4': 1, 'r6idn.16xlarge_use1-az5': 1, 'r6idn.16xlarge_use1-az6': 1, 'r6idn.24xlarge_use1-az6': 1, 'r6idn.2xlarge_use1-az1': 1, 'r6idn.2xlarge_use1-az2': 1, 'r6idn.2xlarge_use1-az4': 5, 'r6idn.2xlarge_use1-az5': 1, 'r6idn.2xlarge_use1-az6': 5, 'r6idn.32xlarge_use1-az6': 1, 'r6idn.4xlarge_use1-az1': 15, 'r6idn.4xlarge_use1-az2': 15, 'r6idn.4xlarge_use1-az4': 15, 'r6idn.4xlarge_use1-az5': 5, 'r6idn.4xlarge_use1-az6': 10, 'r6idn.8xlarge_use1-az2': 1, 'r6idn.8xlarge_use1-az4': 1, 'r6idn.8xlarge_use1-az6': 5, 'r6idn.large_use1-az1': 1, 'r6idn.large_use1-az2': 1, 'r6idn.large_use1-az4': 5, 'r6idn.large_use1-az5': 5, 'r6idn.large_use1-az6': 5, 'r6idn.xlarge_use1-az1': 5, 'r6idn.xlarge_use1-az2': 1, 'r6idn.xlarge_use1-az4': 5, 'r6idn.xlarge_use1-az5': 1, 'r6idn.xlarge_use1-az6': 5, 'r6in.12xlarge_use1-az1': 1, 'r6in.12xlarge_use1-az6': 5, 'r6in.16xlarge_use1-az4': 1, 'r6in.16xlarge_use1-az5': 1, 'r6in.16xlarge_use1-az6': 5, 'r6in.24xlarge_use1-az6': 1, 'r6in.2xlarge_use1-az1': 1, 'r6in.2xlarge_use1-az2': 1, 'r6in.2xlarge_use1-az4': 1, 'r6in.2xlarge_use1-az5': 1, 'r6in.2xlarge_use1-az6': 1, 'r6in.4xlarge_use1-az1': 5, 'r6in.4xlarge_use1-az2': 20, 'r6in.4xlarge_use1-az4': 15, 'r6in.4xlarge_use1-az5': 20, 'r6in.4xlarge_use1-az6': 20, 'r6in.8xlarge_use1-az1': 5, 'r6in.8xlarge_use1-az4': 1, 'r6in.8xlarge_use1-az6': 5, 'r6in.large_use1-az1': 45, 'r6in.large_use1-az2': 50, 'r6in.large_use1-az4': 50, 'r6in.large_use1-az5': 40, 'r6in.large_use1-az6': 50, 'r6in.xlarge_use1-az1': 1, 'r6in.xlarge_use1-az2': 1, 'r6in.xlarge_use1-az4': 1, 'r6in.xlarge_use1-az5': 1, 'r6in.xlarge_use1-az6': 1, 'r7a.12xlarge_use1-az1': 1, 'r7a.12xlarge_use1-az2': 1, 'r7a.12xlarge_use1-az4': 5, 'r7a.12xlarge_use1-az6': 20, 'r7a.16xlarge_use1-az1': 1, 'r7a.16xlarge_use1-az2': 15, 'r7a.16xlarge_use1-az4': 30, 'r7a.16xlarge_use1-az6': 50, 'r7a.24xlarge_use1-az2': 10, 'r7a.24xlarge_use1-az4': 10, 'r7a.24xlarge_use1-az6': 35, 'r7a.2xlarge_use1-az1': 1, 'r7a.2xlarge_use1-az2': 5, 'r7a.2xlarge_use1-az4': 25, 'r7a.2xlarge_use1-az6': 1, 'r7a.32xlarge_use1-az2': 1, 'r7a.32xlarge_use1-az4': 1, 'r7a.32xlarge_use1-az6': 50, 'r7a.48xlarge_use1-az2': 5, 'r7a.48xlarge_use1-az4': 5, 'r7a.48xlarge_use1-az6': 50, 'r7a.4xlarge_use1-az1': 5, 'r7a.4xlarge_use1-az2': 25, 'r7a.4xlarge_use1-az4': 50, 'r7a.4xlarge_use1-az6': 50, 'r7a.8xlarge_use1-az1': 5, 'r7a.8xlarge_use1-az2': 20, 'r7a.8xlarge_use1-az4': 50, 'r7a.8xlarge_use1-az6': 50, 'r7a.large_use1-az1': 50, 'r7a.large_use1-az2': 50, 'r7a.large_use1-az4': 50, 'r7a.large_use1-az6': 50, 'r7a.medium_use1-az1': 10, 'r7a.medium_use1-az2': 25, 'r7a.medium_use1-az4': 50, 'r7a.medium_use1-az6': 50, 'r7a.xlarge_use1-az1': 20, 'r7a.xlarge_use1-az2': 50, 'r7a.xlarge_use1-az4': 50, 'r7a.xlarge_use1-az6': 25, 'r7g.12xlarge_use1-az1': 1, 'r7g.12xlarge_use1-az2': 5, 'r7g.12xlarge_use1-az4': 50, 'r7g.12xlarge_use1-az5': 1, 'r7g.12xlarge_use1-az6': 5, 'r7g.16xlarge_use1-az1': 5, 'r7g.16xlarge_use1-az2': 30, 'r7g.16xlarge_use1-az4': 50, 'r7g.16xlarge_use1-az5': 5, 'r7g.16xlarge_use1-az6': 50, 'r7g.2xlarge_use1-az1': 5, 'r7g.2xlarge_use1-az2': 10, 'r7g.2xlarge_use1-az4': 50, 'r7g.2xlarge_use1-az5': 5, 'r7g.2xlarge_use1-az6': 15, 'r7g.4xlarge_use1-az1': 5, 'r7g.4xlarge_use1-az2': 5, 'r7g.4xlarge_use1-az4': 50, 'r7g.4xlarge_use1-az5': 5, 'r7g.4xlarge_use1-az6': 15, 'r7g.8xlarge_use1-az1': 1, 'r7g.8xlarge_use1-az2': 50, 'r7g.8xlarge_use1-az4': 50, 'r7g.8xlarge_use1-az5': 50, 'r7g.8xlarge_use1-az6': 50, 'r7g.large_use1-az1': 20, 'r7g.large_use1-az2': 50, 'r7g.large_use1-az4': 50, 'r7g.large_use1-az5': 40, 'r7g.large_use1-az6': 40, 'r7g.medium_use1-az1': 50, 'r7g.medium_use1-az2': 50, 'r7g.medium_use1-az4': 50, 'r7g.medium_use1-az5': 25, 'r7g.medium_use1-az6': 50, 'r7g.xlarge_use1-az1': 50, 'r7g.xlarge_use1-az2': 50, 'r7g.xlarge_use1-az4': 50, 'r7g.xlarge_use1-az5': 10, 'r7g.xlarge_use1-az6': 50, 'r7gd.12xlarge_use1-az1': 1, 'r7gd.12xlarge_use1-az2': 10, 'r7gd.12xlarge_use1-az4': 35, 'r7gd.12xlarge_use1-az5': 10, 'r7gd.12xlarge_use1-az6': 50, 'r7gd.16xlarge_use1-az1': 5, 'r7gd.16xlarge_use1-az2': 50, 'r7gd.16xlarge_use1-az4': 50, 'r7gd.16xlarge_use1-az5': 50, 'r7gd.16xlarge_use1-az6': 50, 'r7gd.2xlarge_use1-az1': 5, 'r7gd.2xlarge_use1-az2': 25, 'r7gd.2xlarge_use1-az4': 25, 'r7gd.2xlarge_use1-az5': 40, 'r7gd.2xlarge_use1-az6': 50, 'r7gd.4xlarge_use1-az1': 1, 'r7gd.4xlarge_use1-az2': 20, 'r7gd.4xlarge_use1-az4': 25, 'r7gd.4xlarge_use1-az5': 30, 'r7gd.4xlarge_use1-az6': 50, 'r7gd.8xlarge_use1-az1': 1, 'r7gd.8xlarge_use1-az2': 10, 'r7gd.8xlarge_use1-az4': 30, 'r7gd.8xlarge_use1-az5': 20, 'r7gd.8xlarge_use1-az6': 50, 'r7gd.large_use1-az1': 15, 'r7gd.large_use1-az2': 10, 'r7gd.large_use1-az4': 50, 'r7gd.large_use1-az5': 15, 'r7gd.large_use1-az6': 35, 'r7gd.medium_use1-az1': 35, 'r7gd.medium_use1-az2': 15, 'r7gd.medium_use1-az4': 25, 'r7gd.medium_use1-az5': 15, 'r7gd.medium_use1-az6': 20, 'r7gd.xlarge_use1-az1': 1, 'r7gd.xlarge_use1-az2': 10, 'r7gd.xlarge_use1-az4': 25, 'r7gd.xlarge_use1-az5': 10, 'r7gd.xlarge_use1-az6': 50, 'r7i.12xlarge_use1-az4': 1, 'r7i.12xlarge_use1-az6': 10, 'r7i.16xlarge_use1-az1': 5, 'r7i.16xlarge_use1-az2': 15, 'r7i.16xlarge_use1-az4': 45, 'r7i.16xlarge_use1-az5': 5, 'r7i.16xlarge_use1-az6': 50, 'r7i.24xlarge_use1-az1': 1, 'r7i.24xlarge_use1-az2': 1, 'r7i.24xlarge_use1-az4': 5, 'r7i.24xlarge_use1-az5': 5, 'r7i.24xlarge_use1-az6': 5, 'r7i.2xlarge_use1-az1': 5, 'r7i.2xlarge_use1-az2': 5, 'r7i.2xlarge_use1-az4': 10, 'r7i.2xlarge_use1-az5': 5, 'r7i.2xlarge_use1-az6': 50, 'r7i.48xlarge_use1-az2': 1, 'r7i.48xlarge_use1-az4': 5, 'r7i.48xlarge_use1-az5': 1, 'r7i.48xlarge_use1-az6': 5, 'r7i.4xlarge_use1-az1': 5, 'r7i.4xlarge_use1-az2': 20, 'r7i.4xlarge_use1-az4': 10, 'r7i.4xlarge_use1-az5': 1, 'r7i.4xlarge_use1-az6': 50, 'r7i.8xlarge_use1-az1': 5, 'r7i.8xlarge_use1-az2': 25, 'r7i.8xlarge_use1-az4': 25, 'r7i.8xlarge_use1-az5': 5, 'r7i.8xlarge_use1-az6': 50, 'r7i.large_use1-az1': 15, 'r7i.large_use1-az2': 50, 'r7i.large_use1-az4': 50, 'r7i.large_use1-az5': 15, 'r7i.large_use1-az6': 50, 'r7i.xlarge_use1-az1': 5, 'r7i.xlarge_use1-az2': 15, 'r7i.xlarge_use1-az4': 10, 'r7i.xlarge_use1-az5': 15, 'r7i.xlarge_use1-az6': 50, 'r8g.12xlarge_use1-az2': 5, 'r8g.12xlarge_use1-az4': 5, 'r8g.12xlarge_use1-az6': 15, 'r8g.16xlarge_use1-az1': 1, 'r8g.16xlarge_use1-az2': 50, 'r8g.16xlarge_use1-az4': 50, 'r8g.16xlarge_use1-az5': 5, 'r8g.16xlarge_use1-az6': 50, 'r8g.24xlarge_use1-az2': 10, 'r8g.24xlarge_use1-az4': 5, 'r8g.24xlarge_use1-az5': 5, 'r8g.24xlarge_use1-az6': 35, 'r8g.2xlarge_use1-az2': 5, 'r8g.2xlarge_use1-az4': 5, 'r8g.2xlarge_use1-az5': 1, 'r8g.2xlarge_use1-az6': 5, 'r8g.48xlarge_use1-az2': 1, 'r8g.48xlarge_use1-az4': 5, 'r8g.48xlarge_use1-az6': 5, 'r8g.4xlarge_use1-az2': 10, 'r8g.4xlarge_use1-az4': 35, 'r8g.4xlarge_use1-az5': 5, 'r8g.4xlarge_use1-az6': 50, 'r8g.8xlarge_use1-az2': 40, 'r8g.8xlarge_use1-az4': 15, 'r8g.8xlarge_use1-az5': 1, 'r8g.8xlarge_use1-az6': 50, 'r8g.large_use1-az1': 5, 'r8g.large_use1-az2': 30, 'r8g.large_use1-az4': 15, 'r8g.large_use1-az5': 10, 'r8g.large_use1-az6': 20, 'r8g.medium_use1-az1': 15, 'r8g.medium_use1-az2': 30, 'r8g.medium_use1-az4': 20, 'r8g.medium_use1-az5': 5, 'r8g.medium_use1-az6': 15, 'r8g.xlarge_use1-az1': 1, 'r8g.xlarge_use1-az2': 10, 'r8g.xlarge_use1-az4': 5, 'r8g.xlarge_use1-az5': 5, 'r8g.xlarge_use1-az6': 10, 'r8gb.24xlarge_use1-az6': 1, 'r8gb.2xlarge_use1-az2': 1, 'r8gb.2xlarge_use1-az4': 1, 'r8gb.2xlarge_use1-az6': 1, 'r8gb.large_use1-az2': 20, 'r8gb.large_use1-az4': 15, 'r8gb.large_use1-az6': 25, 'r8gb.medium_use1-az2': 50, 'r8gb.metal-24xl_use1-az6': 1, 'r8gb.xlarge_use1-az2': 5, 'r8gb.xlarge_use1-az4': 5, 'r8gb.xlarge_use1-az6': 5, 'r8gd.12xlarge_use1-az5': 1, 'r8gd.12xlarge_use1-az6': 1, 'r8gd.16xlarge_use1-az2': 1, 'r8gd.16xlarge_use1-az4': 1, 'r8gd.16xlarge_use1-az5': 1, 'r8gd.16xlarge_use1-az6': 15, 'r8gd.24xlarge_use1-az2': 1, 'r8gd.24xlarge_use1-az5': 1, 'r8gd.24xlarge_use1-az6': 25, 'r8gd.2xlarge_use1-az2': 25, 'r8gd.2xlarge_use1-az4': 30, 'r8gd.2xlarge_use1-az6': 50, 'r8gd.48xlarge_use1-az6': 50, 'r8gd.4xlarge_use1-az1': 1, 'r8gd.4xlarge_use1-az2': 20, 'r8gd.4xlarge_use1-az5': 1, 'r8gd.4xlarge_use1-az6': 15, 'r8gd.8xlarge_use1-az2': 5, 'r8gd.8xlarge_use1-az4': 1, 'r8gd.8xlarge_use1-az5': 1, 'r8gd.8xlarge_use1-az6': 1, 'r8gd.large_use1-az2': 50, 'r8gd.large_use1-az5': 1, 'r8gd.large_use1-az6': 50, 'r8gd.medium_use1-az1': 5, 'r8gd.medium_use1-az2': 5, 'r8gd.medium_use1-az4': 5, 'r8gd.medium_use1-az5': 10, 'r8gd.metal-24xl_use1-az6': 1, 'r8gd.metal-48xl_use1-az6': 1, 'r8gd.xlarge_use1-az2': 25, 'r8gd.xlarge_use1-az4': 1, 'r8gd.xlarge_use1-az5': 50, 'r8gd.xlarge_use1-az6': 40, 'r8gn.16xlarge_use1-az6': 1, 'r8gn.24xlarge_use1-az2': 1, 'r8gn.2xlarge_use1-az2': 1, 'r8gn.2xlarge_use1-az4': 1, 'r8gn.2xlarge_use1-az6': 1, 'r8gn.48xlarge_use1-az6': 1, 'r8gn.4xlarge_use1-az6': 5, 'r8gn.8xlarge_use1-az2': 1, 'r8gn.8xlarge_use1-az6': 5, 'r8gn.large_use1-az2': 20, 'r8gn.large_use1-az4': 15, 'r8gn.large_use1-az6': 20, 'r8gn.medium_use1-az2': 35, 'r8gn.medium_use1-az4': 40, 'r8gn.metal-24xl_use1-az2': 1, 'r8gn.metal-24xl_use1-az6': 1, 'r8gn.xlarge_use1-az2': 1, 'r8gn.xlarge_use1-az4': 5, 'r8gn.xlarge_use1-az6': 10, 'r8i-flex.2xlarge_use1-az2': 1, 'r8i-flex.2xlarge_use1-az6': 5, 'r8i-flex.4xlarge_use1-az2': 1, 'r8i-flex.4xlarge_use1-az6': 1, 'r8i-flex.large_use1-az2': 1, 'r8i-flex.large_use1-az6': 5, 'r8i-flex.xlarge_use1-az2': 5, 'r8i-flex.xlarge_use1-az6': 1, 'r8i.12xlarge_use1-az2': 1, 'r8i.12xlarge_use1-az6': 1, 'r8i.16xlarge_use1-az2': 1, 'r8i.16xlarge_use1-az6': 1, 'r8i.24xlarge_use1-az6': 1, 'r8i.2xlarge_use1-az2': 5, 'r8i.2xlarge_use1-az6': 5, 'r8i.32xlarge_use1-az2': 1, 'r8i.32xlarge_use1-az6': 1, 'r8i.48xlarge_use1-az2': 1, 'r8i.48xlarge_use1-az6': 1, 'r8i.4xlarge_use1-az2': 1, 'r8i.4xlarge_use1-az6': 5, 'r8i.8xlarge_use1-az2': 1, 'r8i.8xlarge_use1-az6': 5, 'r8i.96xlarge_use1-az2': 1, 'r8i.96xlarge_use1-az6': 1, 'r8i.large_use1-az2': 20, 'r8i.large_use1-az6': 20, 'r8i.xlarge_use1-az2': 5, 'r8i.xlarge_use1-az6': 5, 't2.2xlarge_use1-az1': 50, 't2.2xlarge_use1-az2': 50, 't2.2xlarge_use1-az3': 15, 't2.2xlarge_use1-az4': 50, 't2.2xlarge_use1-az5': 50, 't2.2xlarge_use1-az6': 50, 't2.large_use1-az1': 20, 't2.large_use1-az2': 50, 't2.large_use1-az3': 50, 't2.large_use1-az4': 50, 't2.large_use1-az5': 25, 't2.large_use1-az6': 50, 't2.medium_use1-az1': 50, 't2.medium_use1-az2': 50, 't2.medium_use1-az3': 50, 't2.medium_use1-az4': 50, 't2.medium_use1-az5': 50, 't2.medium_use1-az6': 50, 't2.xlarge_use1-az1': 35, 't2.xlarge_use1-az2': 50, 't2.xlarge_use1-az3': 20, 't2.xlarge_use1-az4': 50, 't2.xlarge_use1-az5': 5, 't2.xlarge_use1-az6': 50, 't3.2xlarge_use1-az1': 50, 't3.2xlarge_use1-az2': 50, 't3.2xlarge_use1-az4': 50, 't3.2xlarge_use1-az5': 50, 't3.2xlarge_use1-az6': 50, 't3.large_use1-az1': 50, 't3.large_use1-az2': 50, 't3.large_use1-az4': 50, 't3.large_use1-az5': 50, 't3.large_use1-az6': 50, 't3.medium_use1-az1': 50, 't3.medium_use1-az2': 50, 't3.medium_use1-az4': 50, 't3.medium_use1-az5': 50, 't3.medium_use1-az6': 50, 't3.xlarge_use1-az1': 50, 't3.xlarge_use1-az2': 50, 't3.xlarge_use1-az4': 50, 't3.xlarge_use1-az5': 50, 't3.xlarge_use1-az6': 50, 't3a.2xlarge_use1-az1': 50, 't3a.2xlarge_use1-az2': 50, 't3a.2xlarge_use1-az4': 50, 't3a.2xlarge_use1-az5': 50, 't3a.2xlarge_use1-az6': 50, 't3a.large_use1-az1': 50, 't3a.large_use1-az2': 50, 't3a.large_use1-az4': 50, 't3a.large_use1-az5': 5, 't3a.large_use1-az6': 50, 't3a.medium_use1-az1': 50, 't3a.medium_use1-az2': 50, 't3a.medium_use1-az4': 50, 't3a.medium_use1-az5': 5, 't3a.medium_use1-az6': 50, 't3a.xlarge_use1-az1': 25, 't3a.xlarge_use1-az2': 50, 't3a.xlarge_use1-az4': 50, 't3a.xlarge_use1-az5': 15, 't3a.xlarge_use1-az6': 50, 't4g.2xlarge_use1-az1': 5, 't4g.2xlarge_use1-az2': 15, 't4g.2xlarge_use1-az4': 5, 't4g.2xlarge_use1-az5': 10, 't4g.2xlarge_use1-az6': 10, 't4g.large_use1-az1': 1, 't4g.large_use1-az2': 15, 't4g.large_use1-az4': 50, 't4g.large_use1-az5': 25, 't4g.large_use1-az6': 35, 't4g.medium_use1-az1': 1, 't4g.medium_use1-az2': 50, 't4g.medium_use1-az4': 50, 't4g.medium_use1-az5': 35, 't4g.medium_use1-az6': 50, 't4g.xlarge_use1-az1': 30, 't4g.xlarge_use1-az2': 15, 't4g.xlarge_use1-az4': 50, 't4g.xlarge_use1-az5': 5, 't4g.xlarge_use1-az6': 10, 'trn1.2xlarge_use1-az5': 5, 'trn1.2xlarge_use1-az6': 20, 'trn1.32xlarge_use1-az6': 50, 'trn1n.32xlarge_use1-az6': 50, 'vt1.3xlarge_use1-az2': 1, 'vt1.6xlarge_use1-az2': 1, 'x1.16xlarge_use1-az2': 1, 'x1.16xlarge_use1-az4': 1, 'x1.16xlarge_use1-az6': 1, 'x1.32xlarge_use1-az2': 1, 'x1.32xlarge_use1-az3': 5, 'x1.32xlarge_use1-az6': 1, 'x1e.16xlarge_use1-az2': 1, 'x1e.16xlarge_use1-az4': 1, 'x1e.16xlarge_use1-az6': 5, 'x1e.2xlarge_use1-az1': 1, 'x1e.2xlarge_use1-az2': 5, 'x1e.2xlarge_use1-az4': 10, 'x1e.2xlarge_use1-az6': 1, 'x1e.4xlarge_use1-az2': 5, 'x1e.4xlarge_use1-az4': 5, 'x1e.4xlarge_use1-az6': 1, 'x1e.8xlarge_use1-az1': 1, 'x1e.8xlarge_use1-az2': 1, 'x1e.8xlarge_use1-az4': 5, 'x1e.8xlarge_use1-az6': 5, 'x1e.xlarge_use1-az1': 10, 'x1e.xlarge_use1-az2': 20, 'x1e.xlarge_use1-az4': 15, 'x1e.xlarge_use1-az6': 5, 'x2gd.12xlarge_use1-az5': 5, 'x2gd.12xlarge_use1-az6': 1, 'x2gd.16xlarge_use1-az5': 1, 'x2gd.16xlarge_use1-az6': 15, 'x2gd.2xlarge_use1-az1': 5, 'x2gd.2xlarge_use1-az4': 1, 'x2gd.2xlarge_use1-az5': 5, 'x2gd.2xlarge_use1-az6': 30, 'x2gd.4xlarge_use1-az1': 1, 'x2gd.4xlarge_use1-az2': 1, 'x2gd.4xlarge_use1-az4': 5, 'x2gd.4xlarge_use1-az5': 1, 'x2gd.4xlarge_use1-az6': 35, 'x2gd.8xlarge_use1-az4': 1, 'x2gd.8xlarge_use1-az5': 1, 'x2gd.8xlarge_use1-az6': 5, 'x2gd.large_use1-az1': 35, 'x2gd.large_use1-az2': 25, 'x2gd.large_use1-az4': 15, 'x2gd.large_use1-az5': 25, 'x2gd.large_use1-az6': 50, 'x2gd.medium_use1-az1': 25, 'x2gd.medium_use1-az2': 35, 'x2gd.medium_use1-az4': 50, 'x2gd.medium_use1-az5': 50, 'x2gd.medium_use1-az6': 50, 'x2gd.xlarge_use1-az1': 5, 'x2gd.xlarge_use1-az2': 1, 'x2gd.xlarge_use1-az4': 20, 'x2gd.xlarge_use1-az5': 15, 'x2gd.xlarge_use1-az6': 25, 'x2idn.16xlarge_use1-az2': 1, 'x2idn.16xlarge_use1-az5': 1, 'x2idn.24xlarge_use1-az4': 1, 'x2idn.24xlarge_use1-az5': 1, 'x2idn.32xlarge_use1-az5': 1, 'x2iedn.24xlarge_use1-az4': 1, 'x2iedn.24xlarge_use1-az6': 1, 'x2iedn.2xlarge_use1-az1': 1, 'x2iedn.2xlarge_use1-az2': 25, 'x2iedn.2xlarge_use1-az4': 15, 'x2iedn.2xlarge_use1-az5': 1, 'x2iedn.2xlarge_use1-az6': 5, 'x2iedn.4xlarge_use1-az1': 1, 'x2iedn.4xlarge_use1-az2': 1, 'x2iedn.4xlarge_use1-az4': 1, 'x2iedn.4xlarge_use1-az5': 1, 'x2iedn.4xlarge_use1-az6': 1, 'x2iedn.8xlarge_use1-az4': 1, 'x2iedn.8xlarge_use1-az6': 1, 'x2iedn.xlarge_use1-az1': 5, 'x2iedn.xlarge_use1-az2': 20, 'x2iedn.xlarge_use1-az4': 10, 'x2iedn.xlarge_use1-az5': 1, 'x2iedn.xlarge_use1-az6': 10, 'x2iezn.12xlarge_use1-az2': 1, 'x2iezn.12xlarge_use1-az4': 20, 'x2iezn.12xlarge_use1-az6': 5, 'x2iezn.2xlarge_use1-az2': 5, 'x2iezn.2xlarge_use1-az4': 10, 'x2iezn.2xlarge_use1-az6': 1, 'x2iezn.4xlarge_use1-az2': 1, 'x2iezn.4xlarge_use1-az4': 5, 'x2iezn.4xlarge_use1-az6': 1, 'x2iezn.6xlarge_use1-az2': 1, 'x2iezn.6xlarge_use1-az4': 5, 'x2iezn.6xlarge_use1-az6': 1, 'x2iezn.8xlarge_use1-az2': 1, 'x2iezn.8xlarge_use1-az4': 10, 'x2iezn.8xlarge_use1-az6': 1, 'x8g.12xlarge_use1-az2': 1, 'x8g.12xlarge_use1-az4': 20, 'x8g.12xlarge_use1-az6': 1, 'x8g.16xlarge_use1-az1': 1, 'x8g.16xlarge_use1-az2': 5, 'x8g.16xlarge_use1-az4': 5, 'x8g.16xlarge_use1-az6': 5, 'x8g.24xlarge_use1-az1': 1, 'x8g.24xlarge_use1-az2': 5, 'x8g.24xlarge_use1-az4': 5, 'x8g.24xlarge_use1-az6': 10, 'x8g.2xlarge_use1-az1': 5, 'x8g.2xlarge_use1-az2': 10, 'x8g.2xlarge_use1-az4': 10, 'x8g.2xlarge_use1-az6': 25, 'x8g.48xlarge_use1-az1': 1, 'x8g.48xlarge_use1-az2': 1, 'x8g.48xlarge_use1-az4': 10, 'x8g.48xlarge_use1-az6': 1, 'x8g.4xlarge_use1-az1': 1, 'x8g.4xlarge_use1-az2': 5, 'x8g.4xlarge_use1-az4': 5, 'x8g.4xlarge_use1-az6': 10, 'x8g.8xlarge_use1-az2': 15, 'x8g.8xlarge_use1-az4': 20, 'x8g.8xlarge_use1-az6': 5, 'x8g.large_use1-az1': 30, 'x8g.large_use1-az4': 50, 'x8g.large_use1-az6': 50, 'x8g.medium_use1-az1': 50, 'x8g.medium_use1-az4': 50, 'x8g.medium_use1-az6': 50, 'x8g.metal-24xl_use1-az1': 1, 'x8g.metal-24xl_use1-az2': 1, 'x8g.metal-24xl_use1-az4': 1, 'x8g.metal-24xl_use1-az6': 10, 'x8g.metal-48xl_use1-az2': 1, 'x8g.metal-48xl_use1-az4': 1, 'x8g.metal-48xl_use1-az6': 1, 'x8g.xlarge_use1-az1': 10, 'x8g.xlarge_use1-az2': 20, 'x8g.xlarge_use1-az4': 40, 'x8g.xlarge_use1-az6': 50, 'z1d.12xlarge_use1-az1': 1, 'z1d.12xlarge_use1-az2': 1, 'z1d.12xlarge_use1-az4': 1, 'z1d.12xlarge_use1-az5': 1, 'z1d.12xlarge_use1-az6': 5, 'z1d.2xlarge_use1-az1': 5, 'z1d.2xlarge_use1-az2': 5, 'z1d.2xlarge_use1-az4': 15, 'z1d.2xlarge_use1-az5': 1, 'z1d.2xlarge_use1-az6': 15, 'z1d.3xlarge_use1-az1': 5, 'z1d.3xlarge_use1-az2': 5, 'z1d.3xlarge_use1-az4': 10, 'z1d.3xlarge_use1-az5': 5, 'z1d.3xlarge_use1-az6': 5, 'z1d.6xlarge_use1-az1': 1, 'z1d.6xlarge_use1-az2': 1, 'z1d.6xlarge_use1-az4': 1, 'z1d.6xlarge_use1-az6': 1, 'z1d.large_use1-az1': 15, 'z1d.large_use1-az2': 5, 'z1d.large_use1-az4': 25, 'z1d.large_use1-az5': 10, 'z1d.large_use1-az6': 25, 'z1d.xlarge_use1-az1': 10, 'z1d.xlarge_use1-az2': 20, 'z1d.xlarge_use1-az4': 30, 'z1d.xlarge_use1-az5': 1, 'z1d.xlarge_use1-az6': 20}"
0.9500000000000001,27582.974299999958,29752389291,1078650.5098204948,1145828,1145728,"{'c1.xlarge_use1-az2': 5, 'c1.xlarge_use1-az4': 5, 'c1.xlarge_use1-az6': 1, 'c3.2xlarge_use1-az2': 5, 'c3.2xlarge_use1-az4': 50, 'c3.2xlarge_use1-az6': 15, 'c3.4xlarge_use1-az2': 5, 'c3.4xlarge_use1-az4': 5, 'c3.4xlarge_use1-az6': 5, 'c3.8xlarge_use1-az2': 5, 'c3.8xlarge_use1-az4': 5, 'c3.8xlarge_use1-az6': 1, 'c3.xlarge_use1-az2': 35, 'c3.xlarge_use1-az3': 1, 'c3.xlarge_use1-az4': 50, 'c3.xlarge_use1-az6': 30, 'c4.2xlarge_use1-az1': 5, 'c4.2xlarge_use1-az2': 5, 'c4.2xlarge_use1-az3': 25, 'c4.2xlarge_use1-az4': 15, 'c4.2xlarge_use1-az5': 15, 'c4.2xlarge_use1-az6': 10, 'c4.4xlarge_use1-az1': 5, 'c4.4xlarge_use1-az2': 5, 'c4.4xlarge_use1-az3': 10, 'c4.4xlarge_use1-az4': 5, 'c4.4xlarge_use1-az5': 5, 'c4.4xlarge_use1-az6': 1, 'c4.8xlarge_use1-az1': 1, 'c4.8xlarge_use1-az2': 5, 'c4.8xlarge_use1-az3': 5, 'c4.8xlarge_use1-az4': 15, 'c4.8xlarge_use1-az5': 5, 'c4.8xlarge_use1-az6': 5, 'c4.xlarge_use1-az1': 25, 'c4.xlarge_use1-az2': 40, 'c4.xlarge_use1-az3': 20, 'c4.xlarge_use1-az4': 40, 'c4.xlarge_use1-az5': 50, 'c4.xlarge_use1-az6': 50, 'c5.12xlarge_use1-az1': 50, 'c5.12xlarge_use1-az2': 50, 'c5.12xlarge_use1-az4': 50, 'c5.12xlarge_use1-az5': 50, 'c5.12xlarge_use1-az6': 50, 'c5.18xlarge_use1-az1': 5, 'c5.18xlarge_use1-az2': 50, 'c5.18xlarge_use1-az4': 15, 'c5.18xlarge_use1-az5': 10, 'c5.18xlarge_use1-az6': 1, 'c5.24xlarge_use1-az1': 1, 'c5.24xlarge_use1-az2': 5, 'c5.24xlarge_use1-az4': 5, 'c5.24xlarge_use1-az5': 1, 'c5.24xlarge_use1-az6': 5, 'c5.2xlarge_use1-az1': 50, 'c5.2xlarge_use1-az2': 50, 'c5.2xlarge_use1-az4': 50, 'c5.2xlarge_use1-az5': 50, 'c5.2xlarge_use1-az6': 50, 'c5.4xlarge_use1-az1': 50, 'c5.4xlarge_use1-az2': 50, 'c5.4xlarge_use1-az4': 50, 'c5.4xlarge_use1-az5': 50, 'c5.4xlarge_use1-az6': 50, 'c5.9xlarge_use1-az1': 50, 'c5.9xlarge_use1-az2': 50, 'c5.9xlarge_use1-az4': 50, 'c5.9xlarge_use1-az5': 50, 'c5.9xlarge_use1-az6': 50, 'c5.large_use1-az1': 50, 'c5.large_use1-az2': 50, 'c5.large_use1-az4': 50, 'c5.large_use1-az5': 50, 'c5.large_use1-az6': 50, 'c5.xlarge_use1-az1': 50, 'c5.xlarge_use1-az2': 50, 'c5.xlarge_use1-az4': 50, 'c5.xlarge_use1-az5': 50, 'c5.xlarge_use1-az6': 50, 'c5a.12xlarge_use1-az1': 5, 'c5a.12xlarge_use1-az2': 10, 'c5a.12xlarge_use1-az4': 15, 'c5a.12xlarge_use1-az5': 1, 'c5a.12xlarge_use1-az6': 5, 'c5a.16xlarge_use1-az4': 1, 'c5a.16xlarge_use1-az6': 1, 'c5a.24xlarge_use1-az2': 1, 'c5a.24xlarge_use1-az4': 1, 'c5a.24xlarge_use1-az6': 1, 'c5a.2xlarge_use1-az1': 30, 'c5a.2xlarge_use1-az2': 20, 'c5a.2xlarge_use1-az4': 50, 'c5a.2xlarge_use1-az5': 15, 'c5a.2xlarge_use1-az6': 50, 'c5a.4xlarge_use1-az1': 5, 'c5a.4xlarge_use1-az2': 1, 'c5a.4xlarge_use1-az4': 5, 'c5a.4xlarge_use1-az5': 5, 'c5a.4xlarge_use1-az6': 5, 'c5a.8xlarge_use1-az1': 1, 'c5a.8xlarge_use1-az2': 1, 'c5a.8xlarge_use1-az4': 5, 'c5a.8xlarge_use1-az6': 15, 'c5a.large_use1-az1': 50, 'c5a.large_use1-az2': 50, 'c5a.large_use1-az4': 50, 'c5a.large_use1-az5': 45, 'c5a.large_use1-az6': 50, 'c5a.xlarge_use1-az1': 50, 'c5a.xlarge_use1-az2': 50, 'c5a.xlarge_use1-az4': 50, 'c5a.xlarge_use1-az5': 50, 'c5a.xlarge_use1-az6': 50, 'c5ad.12xlarge_use1-az1': 5, 'c5ad.12xlarge_use1-az2': 5, 'c5ad.12xlarge_use1-az4': 5, 'c5ad.12xlarge_use1-az6': 5, 'c5ad.16xlarge_use1-az1': 1, 'c5ad.16xlarge_use1-az2': 5, 'c5ad.16xlarge_use1-az4': 1, 'c5ad.16xlarge_use1-az6': 1, 'c5ad.24xlarge_use1-az1': 1, 'c5ad.24xlarge_use1-az2': 1, 'c5ad.24xlarge_use1-az4': 1, 'c5ad.24xlarge_use1-az6': 5, 'c5ad.2xlarge_use1-az1': 10, 'c5ad.2xlarge_use1-az2': 5, 'c5ad.2xlarge_use1-az4': 5, 'c5ad.2xlarge_use1-az5': 5, 'c5ad.2xlarge_use1-az6': 15, 'c5ad.4xlarge_use1-az1': 5, 'c5ad.4xlarge_use1-az2': 5, 'c5ad.4xlarge_use1-az4': 1, 'c5ad.4xlarge_use1-az5': 1, 'c5ad.4xlarge_use1-az6': 10, 'c5ad.8xlarge_use1-az1': 1, 'c5ad.8xlarge_use1-az2': 1, 'c5ad.8xlarge_use1-az4': 1, 'c5ad.8xlarge_use1-az5': 1, 'c5ad.8xlarge_use1-az6': 1, 'c5ad.large_use1-az1': 20, 'c5ad.large_use1-az2': 30, 'c5ad.large_use1-az4': 10, 'c5ad.large_use1-az5': 15, 'c5ad.large_use1-az6': 20, 'c5ad.xlarge_use1-az1': 15, 'c5ad.xlarge_use1-az2': 10, 'c5ad.xlarge_use1-az4': 5, 'c5ad.xlarge_use1-az5': 5, 'c5ad.xlarge_use1-az6': 15, 'c5d.12xlarge_use1-az2': 15, 'c5d.12xlarge_use1-az4': 5, 'c5d.12xlarge_use1-az6': 45, 'c5d.18xlarge_use1-az1': 5, 'c5d.18xlarge_use1-az2': 50, 'c5d.18xlarge_use1-az4': 50, 'c5d.18xlarge_use1-az5': 5, 'c5d.18xlarge_use1-az6': 30, 'c5d.24xlarge_use1-az2': 35, 'c5d.24xlarge_use1-az4': 25, 'c5d.24xlarge_use1-az6': 50, 'c5d.2xlarge_use1-az1': 15, 'c5d.2xlarge_use1-az2': 50, 'c5d.2xlarge_use1-az4': 50, 'c5d.2xlarge_use1-az5': 20, 'c5d.2xlarge_use1-az6': 50, 'c5d.4xlarge_use1-az1': 20, 'c5d.4xlarge_use1-az2': 50, 'c5d.4xlarge_use1-az4': 50, 'c5d.4xlarge_use1-az5': 25, 'c5d.4xlarge_use1-az6': 50, 'c5d.9xlarge_use1-az1': 10, 'c5d.9xlarge_use1-az2': 20, 'c5d.9xlarge_use1-az4': 50, 'c5d.9xlarge_use1-az5': 10, 'c5d.9xlarge_use1-az6': 25, 'c5d.large_use1-az1': 50, 'c5d.large_use1-az2': 50, 'c5d.large_use1-az4': 50, 'c5d.large_use1-az5': 35, 'c5d.large_use1-az6': 50, 'c5d.xlarge_use1-az1': 50, 'c5d.xlarge_use1-az2': 50, 'c5d.xlarge_use1-az4': 50, 'c5d.xlarge_use1-az5': 50, 'c5d.xlarge_use1-az6': 50, 'c5n.18xlarge_use1-az1': 30, 'c5n.18xlarge_use1-az2': 5, 'c5n.18xlarge_use1-az4': 10, 'c5n.2xlarge_use1-az1': 5, 'c5n.2xlarge_use1-az2': 10, 'c5n.2xlarge_use1-az4': 15, 'c5n.2xlarge_use1-az5': 10, 'c5n.2xlarge_use1-az6': 10, 'c5n.4xlarge_use1-az1': 5, 'c5n.4xlarge_use1-az2': 1, 'c5n.4xlarge_use1-az4': 5, 'c5n.4xlarge_use1-az6': 1, 'c5n.9xlarge_use1-az1': 10, 'c5n.9xlarge_use1-az2': 1, 'c5n.9xlarge_use1-az4': 5, 'c5n.large_use1-az1': 10, 'c5n.large_use1-az2': 10, 'c5n.large_use1-az4': 25, 'c5n.large_use1-az5': 5, 'c5n.large_use1-az6': 5, 'c5n.xlarge_use1-az1': 1, 'c5n.xlarge_use1-az2': 1, 'c5n.xlarge_use1-az4': 5, 'c5n.xlarge_use1-az5': 1, 'c5n.xlarge_use1-az6': 1, 'c6a.12xlarge_use1-az1': 5, 'c6a.12xlarge_use1-az2': 50, 'c6a.12xlarge_use1-az4': 50, 'c6a.12xlarge_use1-az5': 1, 'c6a.12xlarge_use1-az6': 15, 'c6a.16xlarge_use1-az1': 1, 'c6a.16xlarge_use1-az2': 5, 'c6a.16xlarge_use1-az4': 10, 'c6a.16xlarge_use1-az5': 1, 'c6a.16xlarge_use1-az6': 15, 'c6a.24xlarge_use1-az1': 1, 'c6a.24xlarge_use1-az2': 5, 'c6a.24xlarge_use1-az4': 5, 'c6a.24xlarge_use1-az5': 5, 'c6a.24xlarge_use1-az6': 20, 'c6a.2xlarge_use1-az1': 10, 'c6a.2xlarge_use1-az2': 40, 'c6a.2xlarge_use1-az4': 50, 'c6a.2xlarge_use1-az5': 10, 'c6a.2xlarge_use1-az6': 50, 'c6a.32xlarge_use1-az2': 1, 'c6a.32xlarge_use1-az4': 1, 'c6a.32xlarge_use1-az5': 1, 'c6a.32xlarge_use1-az6': 5, 'c6a.48xlarge_use1-az2': 1, 'c6a.48xlarge_use1-az4': 10, 'c6a.48xlarge_use1-az5': 5, 'c6a.48xlarge_use1-az6': 25, 'c6a.4xlarge_use1-az1': 15, 'c6a.4xlarge_use1-az2': 15, 'c6a.4xlarge_use1-az4': 30, 'c6a.4xlarge_use1-az5': 15, 'c6a.4xlarge_use1-az6': 50, 'c6a.8xlarge_use1-az1': 5, 'c6a.8xlarge_use1-az2': 50, 'c6a.8xlarge_use1-az4': 30, 'c6a.8xlarge_use1-az5': 25, 'c6a.8xlarge_use1-az6': 50, 'c6a.large_use1-az1': 45, 'c6a.large_use1-az2': 50, 'c6a.large_use1-az4': 50, 'c6a.large_use1-az5': 50, 'c6a.large_use1-az6': 20, 'c6a.xlarge_use1-az1': 15, 'c6a.xlarge_use1-az2': 25, 'c6a.xlarge_use1-az4': 25, 'c6a.xlarge_use1-az5': 15, 'c6a.xlarge_use1-az6': 25, 'c6g.12xlarge_use1-az1': 15, 'c6g.12xlarge_use1-az2': 25, 'c6g.12xlarge_use1-az4': 50, 'c6g.12xlarge_use1-az5': 5, 'c6g.12xlarge_use1-az6': 50, 'c6g.16xlarge_use1-az1': 1, 'c6g.16xlarge_use1-az2': 15, 'c6g.16xlarge_use1-az4': 50, 'c6g.16xlarge_use1-az5': 5, 'c6g.16xlarge_use1-az6': 50, 'c6g.2xlarge_use1-az1': 5, 'c6g.2xlarge_use1-az2': 50, 'c6g.2xlarge_use1-az4': 50, 'c6g.2xlarge_use1-az5': 15, 'c6g.2xlarge_use1-az6': 50, 'c6g.4xlarge_use1-az1': 50, 'c6g.4xlarge_use1-az2': 50, 'c6g.4xlarge_use1-az4': 50, 'c6g.4xlarge_use1-az5': 50, 'c6g.4xlarge_use1-az6': 50, 'c6g.8xlarge_use1-az1': 50, 'c6g.8xlarge_use1-az2': 50, 'c6g.8xlarge_use1-az4': 50, 'c6g.8xlarge_use1-az5': 50, 'c6g.8xlarge_use1-az6': 50, 'c6g.large_use1-az1': 5, 'c6g.large_use1-az2': 50, 'c6g.large_use1-az4': 50, 'c6g.large_use1-az5': 50, 'c6g.large_use1-az6': 50, 'c6g.xlarge_use1-az1': 30, 'c6g.xlarge_use1-az2': 50, 'c6g.xlarge_use1-az4': 50, 'c6g.xlarge_use1-az5': 10, 'c6g.xlarge_use1-az6': 50, 'c6gd.12xlarge_use1-az2': 50, 'c6gd.12xlarge_use1-az4': 30, 'c6gd.12xlarge_use1-az5': 1, 'c6gd.12xlarge_use1-az6': 50, 'c6gd.16xlarge_use1-az2': 50, 'c6gd.16xlarge_use1-az4': 30, 'c6gd.16xlarge_use1-az6': 50, 'c6gd.2xlarge_use1-az1': 15, 'c6gd.2xlarge_use1-az2': 50, 'c6gd.2xlarge_use1-az4': 50, 'c6gd.2xlarge_use1-az5': 1, 'c6gd.2xlarge_use1-az6': 50, 'c6gd.4xlarge_use1-az1': 20, 'c6gd.4xlarge_use1-az2': 50, 'c6gd.4xlarge_use1-az4': 50, 'c6gd.4xlarge_use1-az5': 10, 'c6gd.4xlarge_use1-az6': 50, 'c6gd.8xlarge_use1-az1': 25, 'c6gd.8xlarge_use1-az2': 45, 'c6gd.8xlarge_use1-az4': 45, 'c6gd.8xlarge_use1-az5': 1, 'c6gd.8xlarge_use1-az6': 50, 'c6gd.large_use1-az1': 50, 'c6gd.large_use1-az2': 5, 'c6gd.large_use1-az4': 20, 'c6gd.large_use1-az5': 1, 'c6gd.large_use1-az6': 50, 'c6gd.xlarge_use1-az1': 50, 'c6gd.xlarge_use1-az2': 1, 'c6gd.xlarge_use1-az4': 1, 'c6gd.xlarge_use1-az5': 50, 'c6gd.xlarge_use1-az6': 50, 'c6gn.12xlarge_use1-az2': 25, 'c6gn.12xlarge_use1-az4': 50, 'c6gn.12xlarge_use1-az5': 1, 'c6gn.16xlarge_use1-az1': 1, 'c6gn.16xlarge_use1-az2': 50, 'c6gn.16xlarge_use1-az4': 50, 'c6gn.16xlarge_use1-az5': 10, 'c6gn.2xlarge_use1-az1': 5, 'c6gn.2xlarge_use1-az2': 1, 'c6gn.2xlarge_use1-az4': 20, 'c6gn.2xlarge_use1-az5': 1, 'c6gn.4xlarge_use1-az1': 1, 'c6gn.4xlarge_use1-az2': 40, 'c6gn.4xlarge_use1-az4': 35, 'c6gn.4xlarge_use1-az5': 10, 'c6gn.8xlarge_use1-az1': 25, 'c6gn.8xlarge_use1-az2': 35, 'c6gn.8xlarge_use1-az4': 30, 'c6gn.8xlarge_use1-az5': 5, 'c6gn.8xlarge_use1-az6': 5, 'c6gn.large_use1-az1': 5, 'c6gn.large_use1-az2': 25, 'c6gn.large_use1-az4': 10, 'c6gn.large_use1-az5': 15, 'c6gn.large_use1-az6': 1, 'c6gn.xlarge_use1-az1': 5, 'c6gn.xlarge_use1-az2': 10, 'c6gn.xlarge_use1-az4': 15, 'c6gn.xlarge_use1-az5': 5, 'c6gn.xlarge_use1-az6': 1, 'c6i.12xlarge_use1-az1': 15, 'c6i.12xlarge_use1-az2': 15, 'c6i.12xlarge_use1-az4': 30, 'c6i.12xlarge_use1-az5': 5, 'c6i.12xlarge_use1-az6': 5, 'c6i.16xlarge_use1-az1': 5, 'c6i.16xlarge_use1-az2': 15, 'c6i.16xlarge_use1-az4': 25, 'c6i.16xlarge_use1-az5': 10, 'c6i.16xlarge_use1-az6': 30, 'c6i.24xlarge_use1-az1': 5, 'c6i.24xlarge_use1-az2': 5, 'c6i.24xlarge_use1-az4': 10, 'c6i.24xlarge_use1-az5': 1, 'c6i.24xlarge_use1-az6': 15, 'c6i.2xlarge_use1-az1': 20, 'c6i.2xlarge_use1-az2': 50, 'c6i.2xlarge_use1-az4': 50, 'c6i.2xlarge_use1-az5': 5, 'c6i.2xlarge_use1-az6': 50, 'c6i.32xlarge_use1-az1': 10, 'c6i.32xlarge_use1-az2': 5, 'c6i.32xlarge_use1-az4': 50, 'c6i.32xlarge_use1-az5': 1, 'c6i.32xlarge_use1-az6': 40, 'c6i.4xlarge_use1-az1': 10, 'c6i.4xlarge_use1-az2': 40, 'c6i.4xlarge_use1-az4': 50, 'c6i.4xlarge_use1-az5': 15, 'c6i.4xlarge_use1-az6': 50, 'c6i.8xlarge_use1-az1': 10, 'c6i.8xlarge_use1-az2': 45, 'c6i.8xlarge_use1-az4': 50, 'c6i.8xlarge_use1-az5': 10, 'c6i.8xlarge_use1-az6': 50, 'c6i.large_use1-az1': 10, 'c6i.large_use1-az2': 40, 'c6i.large_use1-az4': 30, 'c6i.large_use1-az5': 10, 'c6i.large_use1-az6': 50, 'c6i.xlarge_use1-az1': 50, 'c6i.xlarge_use1-az2': 45, 'c6i.xlarge_use1-az4': 35, 'c6i.xlarge_use1-az5': 10, 'c6i.xlarge_use1-az6': 50, 'c6id.12xlarge_use1-az1': 1, 'c6id.12xlarge_use1-az2': 1, 'c6id.12xlarge_use1-az4': 5, 'c6id.12xlarge_use1-az6': 5, 'c6id.16xlarge_use1-az1': 1, 'c6id.16xlarge_use1-az2': 5, 'c6id.16xlarge_use1-az4': 5, 'c6id.16xlarge_use1-az5': 1, 'c6id.16xlarge_use1-az6': 1, 'c6id.24xlarge_use1-az1': 5, 'c6id.24xlarge_use1-az2': 15, 'c6id.24xlarge_use1-az4': 5, 'c6id.24xlarge_use1-az5': 1, 'c6id.24xlarge_use1-az6': 10, 'c6id.2xlarge_use1-az1': 1, 'c6id.2xlarge_use1-az2': 1, 'c6id.2xlarge_use1-az4': 5, 'c6id.2xlarge_use1-az5': 5, 'c6id.2xlarge_use1-az6': 1, 'c6id.32xlarge_use1-az1': 1, 'c6id.32xlarge_use1-az2': 5, 'c6id.32xlarge_use1-az4': 10, 'c6id.32xlarge_use1-az5': 1, 'c6id.32xlarge_use1-az6': 5, 'c6id.4xlarge_use1-az1': 15, 'c6id.4xlarge_use1-az2': 10, 'c6id.4xlarge_use1-az4': 10, 'c6id.4xlarge_use1-az5': 1, 'c6id.4xlarge_use1-az6': 5, 'c6id.8xlarge_use1-az1': 5, 'c6id.8xlarge_use1-az2': 1, 'c6id.8xlarge_use1-az4': 5, 'c6id.8xlarge_use1-az5': 1, 'c6id.8xlarge_use1-az6': 1, 'c6id.large_use1-az1': 5, 'c6id.large_use1-az2': 5, 'c6id.large_use1-az4': 1, 'c6id.large_use1-az5': 5, 'c6id.large_use1-az6': 5, 'c6id.xlarge_use1-az1': 5, 'c6id.xlarge_use1-az2': 1, 'c6id.xlarge_use1-az4': 5, 'c6id.xlarge_use1-az5': 1, 'c6id.xlarge_use1-az6': 1, 'c6in.12xlarge_use1-az1': 1, 'c6in.12xlarge_use1-az6': 1, 'c6in.16xlarge_use1-az4': 1, 'c6in.24xlarge_use1-az6': 1, 'c6in.2xlarge_use1-az1': 1, 'c6in.2xlarge_use1-az2': 1, 'c6in.2xlarge_use1-az4': 1, 'c6in.2xlarge_use1-az6': 1, 'c6in.32xlarge_use1-az1': 1, 'c6in.32xlarge_use1-az6': 1, 'c6in.4xlarge_use1-az1': 5, 'c6in.4xlarge_use1-az2': 5, 'c6in.4xlarge_use1-az4': 5, 'c6in.4xlarge_use1-az6': 25, 'c6in.8xlarge_use1-az1': 1, 'c6in.8xlarge_use1-az6': 1, 'c6in.large_use1-az1': 5, 'c6in.large_use1-az2': 1, 'c6in.large_use1-az4': 1, 'c6in.large_use1-az5': 1, 'c6in.large_use1-az6': 5, 'c6in.xlarge_use1-az1': 20, 'c6in.xlarge_use1-az2': 1, 'c6in.xlarge_use1-az4': 1, 'c6in.xlarge_use1-az6': 10, 'c7a.12xlarge_use1-az1': 5, 'c7a.12xlarge_use1-az2': 5, 'c7a.12xlarge_use1-az4': 1, 'c7a.12xlarge_use1-az6': 15, 'c7a.16xlarge_use1-az1': 1, 'c7a.16xlarge_use1-az2': 1, 'c7a.16xlarge_use1-az6': 5, 'c7a.24xlarge_use1-az1': 1, 'c7a.24xlarge_use1-az2': 1, 'c7a.24xlarge_use1-az5': 1, 'c7a.24xlarge_use1-az6': 5, 'c7a.2xlarge_use1-az1': 1, 'c7a.2xlarge_use1-az2': 1, 'c7a.2xlarge_use1-az4': 25, 'c7a.2xlarge_use1-az5': 1, 'c7a.2xlarge_use1-az6': 10, 'c7a.32xlarge_use1-az1': 1, 'c7a.32xlarge_use1-az2': 1, 'c7a.32xlarge_use1-az6': 15, 'c7a.48xlarge_use1-az1': 1, 'c7a.48xlarge_use1-az2': 1, 'c7a.48xlarge_use1-az5': 1, 'c7a.48xlarge_use1-az6': 20, 'c7a.4xlarge_use1-az1': 5, 'c7a.4xlarge_use1-az2': 10, 'c7a.4xlarge_use1-az4': 5, 'c7a.4xlarge_use1-az5': 1, 'c7a.4xlarge_use1-az6': 50, 'c7a.8xlarge_use1-az1': 1, 'c7a.8xlarge_use1-az2': 1, 'c7a.8xlarge_use1-az4': 1, 'c7a.8xlarge_use1-az6': 10, 'c7a.large_use1-az1': 15, 'c7a.large_use1-az2': 25, 'c7a.large_use1-az4': 30, 'c7a.large_use1-az5': 10, 'c7a.large_use1-az6': 50, 'c7a.xlarge_use1-az1': 5, 'c7a.xlarge_use1-az2': 5, 'c7a.xlarge_use1-az4': 10, 'c7a.xlarge_use1-az5': 5, 'c7a.xlarge_use1-az6': 15, 'c7g.12xlarge_use1-az1': 15, 'c7g.12xlarge_use1-az2': 50, 'c7g.12xlarge_use1-az4': 15, 'c7g.12xlarge_use1-az5': 1, 'c7g.12xlarge_use1-az6': 50, 'c7g.16xlarge_use1-az1': 25, 'c7g.16xlarge_use1-az2': 40, 'c7g.16xlarge_use1-az4': 50, 'c7g.16xlarge_use1-az5': 10, 'c7g.16xlarge_use1-az6': 50, 'c7g.2xlarge_use1-az1': 50, 'c7g.2xlarge_use1-az2': 50, 'c7g.2xlarge_use1-az4': 50, 'c7g.2xlarge_use1-az5': 50, 'c7g.2xlarge_use1-az6': 50, 'c7g.4xlarge_use1-az1': 50, 'c7g.4xlarge_use1-az2': 50, 'c7g.4xlarge_use1-az4': 50, 'c7g.4xlarge_use1-az5': 50, 'c7g.4xlarge_use1-az6': 50, 'c7g.8xlarge_use1-az1': 50, 'c7g.8xlarge_use1-az2': 50, 'c7g.8xlarge_use1-az4': 50, 'c7g.8xlarge_use1-az5': 50, 'c7g.8xlarge_use1-az6': 50, 'c7g.large_use1-az1': 5, 'c7g.large_use1-az2': 45, 'c7g.large_use1-az4': 30, 'c7g.large_use1-az5': 10, 'c7g.large_use1-az6': 30, 'c7g.xlarge_use1-az1': 50, 'c7g.xlarge_use1-az2': 50, 'c7g.xlarge_use1-az4': 50, 'c7g.xlarge_use1-az5': 50, 'c7g.xlarge_use1-az6': 50, 'c7gd.12xlarge_use1-az1': 5, 'c7gd.12xlarge_use1-az2': 30, 'c7gd.12xlarge_use1-az4': 15, 'c7gd.12xlarge_use1-az5': 15, 'c7gd.12xlarge_use1-az6': 50, 'c7gd.16xlarge_use1-az1': 5, 'c7gd.16xlarge_use1-az2': 30, 'c7gd.16xlarge_use1-az4': 40, 'c7gd.16xlarge_use1-az5': 1, 'c7gd.16xlarge_use1-az6': 50, 'c7gd.2xlarge_use1-az1': 15, 'c7gd.2xlarge_use1-az2': 50, 'c7gd.2xlarge_use1-az4': 50, 'c7gd.2xlarge_use1-az5': 5, 'c7gd.2xlarge_use1-az6': 50, 'c7gd.4xlarge_use1-az1': 30, 'c7gd.4xlarge_use1-az2': 25, 'c7gd.4xlarge_use1-az4': 50, 'c7gd.4xlarge_use1-az5': 1, 'c7gd.4xlarge_use1-az6': 50, 'c7gd.8xlarge_use1-az1': 5, 'c7gd.8xlarge_use1-az2': 15, 'c7gd.8xlarge_use1-az4': 10, 'c7gd.8xlarge_use1-az5': 5, 'c7gd.8xlarge_use1-az6': 20, 'c7gd.large_use1-az1': 1, 'c7gd.large_use1-az2': 25, 'c7gd.large_use1-az4': 5, 'c7gd.large_use1-az5': 10, 'c7gd.large_use1-az6': 20, 'c7gd.xlarge_use1-az1': 15, 'c7gd.xlarge_use1-az2': 50, 'c7gd.xlarge_use1-az4': 5, 'c7gd.xlarge_use1-az5': 15, 'c7gd.xlarge_use1-az6': 25, 'c7gn.12xlarge_use1-az2': 1, 'c7gn.12xlarge_use1-az5': 1, 'c7gn.12xlarge_use1-az6': 1, 'c7gn.16xlarge_use1-az2': 5, 'c7gn.16xlarge_use1-az5': 5, 'c7gn.16xlarge_use1-az6': 20, 'c7gn.2xlarge_use1-az1': 1, 'c7gn.2xlarge_use1-az2': 1, 'c7gn.2xlarge_use1-az5': 1, 'c7gn.2xlarge_use1-az6': 5, 'c7gn.4xlarge_use1-az2': 50, 'c7gn.4xlarge_use1-az4': 1, 'c7gn.4xlarge_use1-az5': 1, 'c7gn.4xlarge_use1-az6': 50, 'c7gn.8xlarge_use1-az2': 1, 'c7gn.8xlarge_use1-az5': 1, 'c7gn.8xlarge_use1-az6': 5, 'c7gn.large_use1-az1': 1, 'c7gn.large_use1-az2': 10, 'c7gn.large_use1-az5': 10, 'c7gn.large_use1-az6': 10, 'c7gn.xlarge_use1-az1': 1, 'c7gn.xlarge_use1-az2': 5, 'c7gn.xlarge_use1-az5': 5, 'c7gn.xlarge_use1-az6': 5, 'c7i-flex.2xlarge_use1-az1': 50, 'c7i-flex.2xlarge_use1-az2': 50, 'c7i-flex.2xlarge_use1-az4': 50, 'c7i-flex.2xlarge_use1-az5': 15, 'c7i-flex.2xlarge_use1-az6': 50, 'c7i-flex.4xlarge_use1-az1': 1, 'c7i-flex.4xlarge_use1-az2': 1, 'c7i-flex.4xlarge_use1-az4': 1, 'c7i-flex.4xlarge_use1-az6': 5, 'c7i-flex.8xlarge_use1-az1': 1, 'c7i-flex.8xlarge_use1-az2': 1, 'c7i-flex.8xlarge_use1-az4': 1, 'c7i-flex.8xlarge_use1-az6': 5, 'c7i-flex.large_use1-az1': 40, 'c7i-flex.large_use1-az2': 50, 'c7i-flex.large_use1-az4': 10, 'c7i-flex.large_use1-az5': 1, 'c7i-flex.large_use1-az6': 50, 'c7i-flex.xlarge_use1-az1': 50, 'c7i-flex.xlarge_use1-az2': 50, 'c7i-flex.xlarge_use1-az4': 50, 'c7i-flex.xlarge_use1-az5': 5, 'c7i-flex.xlarge_use1-az6': 50, 'c7i.12xlarge_use1-az1': 5, 'c7i.12xlarge_use1-az2': 15, 'c7i.12xlarge_use1-az4': 15, 'c7i.12xlarge_use1-az6': 5, 'c7i.16xlarge_use1-az1': 1, 'c7i.16xlarge_use1-az2': 5, 'c7i.16xlarge_use1-az4': 1, 'c7i.16xlarge_use1-az6': 15, 'c7i.24xlarge_use1-az1': 5, 'c7i.24xlarge_use1-az2': 5, 'c7i.24xlarge_use1-az4': 5, 'c7i.24xlarge_use1-az5': 1, 'c7i.24xlarge_use1-az6': 15, 'c7i.2xlarge_use1-az1': 10, 'c7i.2xlarge_use1-az2': 10, 'c7i.2xlarge_use1-az4': 10, 'c7i.2xlarge_use1-az5': 5, 'c7i.2xlarge_use1-az6': 25, 'c7i.48xlarge_use1-az1': 10, 'c7i.48xlarge_use1-az2': 10, 'c7i.48xlarge_use1-az4': 5, 'c7i.48xlarge_use1-az5': 1, 'c7i.48xlarge_use1-az6': 50, 'c7i.4xlarge_use1-az1': 5, 'c7i.4xlarge_use1-az2': 5, 'c7i.4xlarge_use1-az4': 5, 'c7i.4xlarge_use1-az5': 1, 'c7i.4xlarge_use1-az6': 15, 'c7i.8xlarge_use1-az1': 1, 'c7i.8xlarge_use1-az2': 5, 'c7i.8xlarge_use1-az4': 5, 'c7i.8xlarge_use1-az6': 10, 'c7i.large_use1-az1': 45, 'c7i.large_use1-az2': 50, 'c7i.large_use1-az4': 50, 'c7i.large_use1-az5': 5, 'c7i.large_use1-az6': 50, 'c7i.xlarge_use1-az1': 5, 'c7i.xlarge_use1-az2': 10, 'c7i.xlarge_use1-az4': 5, 'c7i.xlarge_use1-az5': 1, 'c7i.xlarge_use1-az6': 5, 'c8g.12xlarge_use1-az1': 1, 'c8g.12xlarge_use1-az2': 5, 'c8g.12xlarge_use1-az4': 1, 'c8g.12xlarge_use1-az6': 25, 'c8g.16xlarge_use1-az1': 10, 'c8g.16xlarge_use1-az2': 5, 'c8g.16xlarge_use1-az4': 1, 'c8g.16xlarge_use1-az6': 50, 'c8g.24xlarge_use1-az1': 5, 'c8g.24xlarge_use1-az2': 10, 'c8g.24xlarge_use1-az4': 1, 'c8g.24xlarge_use1-az6': 25, 'c8g.2xlarge_use1-az1': 5, 'c8g.2xlarge_use1-az2': 5, 'c8g.2xlarge_use1-az4': 50, 'c8g.2xlarge_use1-az5': 1, 'c8g.2xlarge_use1-az6': 50, 'c8g.48xlarge_use1-az1': 1, 'c8g.48xlarge_use1-az2': 5, 'c8g.48xlarge_use1-az6': 50, 'c8g.4xlarge_use1-az1': 35, 'c8g.4xlarge_use1-az2': 15, 'c8g.4xlarge_use1-az4': 20, 'c8g.4xlarge_use1-az5': 10, 'c8g.4xlarge_use1-az6': 50, 'c8g.8xlarge_use1-az1': 1, 'c8g.8xlarge_use1-az2': 5, 'c8g.8xlarge_use1-az4': 5, 'c8g.8xlarge_use1-az6': 50, 'c8g.large_use1-az1': 5, 'c8g.large_use1-az2': 20, 'c8g.large_use1-az4': 5, 'c8g.large_use1-az5': 1, 'c8g.large_use1-az6': 40, 'c8g.metal-24xl_use1-az2': 1, 'c8g.metal-24xl_use1-az6': 20, 'c8g.metal-48xl_use1-az1': 1, 'c8g.metal-48xl_use1-az2': 1, 'c8g.metal-48xl_use1-az6': 50, 'c8g.xlarge_use1-az1': 5, 'c8g.xlarge_use1-az2': 30, 'c8g.xlarge_use1-az4': 5, 'c8g.xlarge_use1-az5': 1, 'c8g.xlarge_use1-az6': 50, 'c8gd.12xlarge_use1-az2': 5, 'c8gd.12xlarge_use1-az4': 5, 'c8gd.12xlarge_use1-az5': 1, 'c8gd.12xlarge_use1-az6': 5, 'c8gd.16xlarge_use1-az2': 10, 'c8gd.16xlarge_use1-az4': 10, 'c8gd.16xlarge_use1-az5': 5, 'c8gd.16xlarge_use1-az6': 50, 'c8gd.24xlarge_use1-az2': 1, 'c8gd.24xlarge_use1-az4': 5, 'c8gd.24xlarge_use1-az5': 1, 'c8gd.24xlarge_use1-az6': 5, 'c8gd.2xlarge_use1-az2': 50, 'c8gd.2xlarge_use1-az4': 50, 'c8gd.2xlarge_use1-az5': 10, 'c8gd.2xlarge_use1-az6': 50, 'c8gd.48xlarge_use1-az2': 1, 'c8gd.48xlarge_use1-az6': 15, 'c8gd.4xlarge_use1-az2': 10, 'c8gd.4xlarge_use1-az4': 30, 'c8gd.4xlarge_use1-az5': 1, 'c8gd.4xlarge_use1-az6': 50, 'c8gd.8xlarge_use1-az2': 1, 'c8gd.8xlarge_use1-az4': 1, 'c8gd.8xlarge_use1-az5': 1, 'c8gd.8xlarge_use1-az6': 5, 'c8gd.large_use1-az1': 1, 'c8gd.large_use1-az2': 40, 'c8gd.large_use1-az4': 35, 'c8gd.large_use1-az6': 50, 'c8gd.metal-24xl_use1-az2': 1, 'c8gd.metal-24xl_use1-az4': 1, 'c8gd.metal-24xl_use1-az5': 1, 'c8gd.metal-24xl_use1-az6': 5, 'c8gd.metal-48xl_use1-az2': 1, 'c8gd.metal-48xl_use1-az6': 1, 'c8gd.xlarge_use1-az1': 1, 'c8gd.xlarge_use1-az2': 20, 'c8gd.xlarge_use1-az4': 20, 'c8gd.xlarge_use1-az5': 15, 'c8gd.xlarge_use1-az6': 50, 'c8gn.2xlarge_use1-az2': 1, 'c8gn.2xlarge_use1-az4': 1, 'c8gn.2xlarge_use1-az6': 1, 'c8gn.4xlarge_use1-az2': 1, 'c8gn.4xlarge_use1-az5': 1, 'c8gn.8xlarge_use1-az2': 1, 'c8gn.8xlarge_use1-az6': 1, 'c8gn.large_use1-az6': 1, 'c8i-flex.12xlarge_use1-az6': 1, 'c8i-flex.16xlarge_use1-az6': 1, 'c8i-flex.2xlarge_use1-az2': 25, 'c8i-flex.2xlarge_use1-az4': 15, 'c8i-flex.2xlarge_use1-az6': 50, 'c8i-flex.4xlarge_use1-az2': 5, 'c8i-flex.4xlarge_use1-az4': 1, 'c8i-flex.4xlarge_use1-az6': 5, 'c8i-flex.8xlarge_use1-az6': 1, 'c8i-flex.large_use1-az4': 20, 'c8i-flex.xlarge_use1-az2': 40, 'c8i-flex.xlarge_use1-az4': 5, 'c8i-flex.xlarge_use1-az6': 50, 'c8i.12xlarge_use1-az2': 1, 'c8i.12xlarge_use1-az4': 1, 'c8i.12xlarge_use1-az6': 1, 'c8i.16xlarge_use1-az6': 1, 'c8i.24xlarge_use1-az6': 1, 'c8i.2xlarge_use1-az2': 10, 'c8i.2xlarge_use1-az4': 5, 'c8i.2xlarge_use1-az6': 20, 'c8i.32xlarge_use1-az2': 1, 'c8i.32xlarge_use1-az4': 1, 'c8i.32xlarge_use1-az6': 5, 'c8i.48xlarge_use1-az2': 1, 'c8i.48xlarge_use1-az6': 1, 'c8i.4xlarge_use1-az2': 5, 'c8i.4xlarge_use1-az4': 5, 'c8i.4xlarge_use1-az6': 5, 'c8i.8xlarge_use1-az2': 1, 'c8i.8xlarge_use1-az4': 1, 'c8i.8xlarge_use1-az6': 5, 'c8i.96xlarge_use1-az2': 1, 'c8i.96xlarge_use1-az6': 5, 'c8i.metal-48xl_use1-az2': 1, 'c8i.metal-96xl_use1-az2': 1, 'c8i.metal-96xl_use1-az6': 5, 'c8i.xlarge_use1-az2': 50, 'c8i.xlarge_use1-az4': 15, 'c8i.xlarge_use1-az6': 50, 'd2.2xlarge_use1-az1': 1, 'd2.2xlarge_use1-az6': 1, 'd2.4xlarge_use1-az2': 1, 'd2.4xlarge_use1-az6': 1, 'd2.xlarge_use1-az6': 1, 'd3.2xlarge_use1-az1': 15, 'd3.2xlarge_use1-az2': 45, 'd3.2xlarge_use1-az4': 40, 'd3.2xlarge_use1-az6': 35, 'd3.4xlarge_use1-az1': 1, 'd3.4xlarge_use1-az2': 5, 'd3.4xlarge_use1-az4': 15, 'd3.4xlarge_use1-az6': 5, 'd3.8xlarge_use1-az1': 1, 'd3.8xlarge_use1-az2': 40, 'd3.8xlarge_use1-az4': 35, 'd3.8xlarge_use1-az6': 20, 'd3.xlarge_use1-az1': 10, 'd3.xlarge_use1-az2': 50, 'd3.xlarge_use1-az4': 45, 'd3.xlarge_use1-az6': 25, 'd3en.12xlarge_use1-az1': 1, 'd3en.12xlarge_use1-az2': 10, 'd3en.12xlarge_use1-az4': 20, 'd3en.12xlarge_use1-az6': 50, 'd3en.2xlarge_use1-az1': 5, 'd3en.2xlarge_use1-az2': 25, 'd3en.2xlarge_use1-az4': 15, 'd3en.2xlarge_use1-az6': 50, 'd3en.4xlarge_use1-az1': 1, 'd3en.4xlarge_use1-az2': 5, 'd3en.4xlarge_use1-az4': 10, 'd3en.4xlarge_use1-az6': 50, 'd3en.6xlarge_use1-az1': 1, 'd3en.6xlarge_use1-az2': 5, 'd3en.6xlarge_use1-az4': 15, 'd3en.6xlarge_use1-az6': 50, 'd3en.8xlarge_use1-az1': 1, 'd3en.8xlarge_use1-az2': 15, 'd3en.8xlarge_use1-az4': 5, 'd3en.8xlarge_use1-az6': 50, 'd3en.xlarge_use1-az1': 5, 'd3en.xlarge_use1-az2': 50, 'd3en.xlarge_use1-az4': 30, 'd3en.xlarge_use1-az6': 50, 'f2.12xlarge_use1-az2': 1, 'f2.12xlarge_use1-az4': 1, 'f2.12xlarge_use1-az6': 1, 'f2.48xlarge_use1-az2': 5, 'f2.48xlarge_use1-az4': 5, 'f2.48xlarge_use1-az6': 1, 'g4ad.16xlarge_use1-az1': 5, 'g4ad.16xlarge_use1-az2': 5, 'g4ad.16xlarge_use1-az4': 5, 'g4ad.16xlarge_use1-az6': 10, 'g4ad.2xlarge_use1-az1': 5, 'g4ad.2xlarge_use1-az2': 10, 'g4ad.2xlarge_use1-az4': 10, 'g4ad.2xlarge_use1-az6': 10, 'g4ad.4xlarge_use1-az1': 10, 'g4ad.4xlarge_use1-az2': 15, 'g4ad.4xlarge_use1-az4': 15, 'g4ad.4xlarge_use1-az6': 5, 'g4ad.8xlarge_use1-az1': 1, 'g4ad.8xlarge_use1-az2': 5, 'g4ad.8xlarge_use1-az4': 5, 'g4ad.8xlarge_use1-az6': 5, 'g4ad.xlarge_use1-az1': 20, 'g4ad.xlarge_use1-az2': 20, 'g4ad.xlarge_use1-az4': 25, 'g4ad.xlarge_use1-az6': 20, 'g4dn.12xlarge_use1-az1': 5, 'g4dn.12xlarge_use1-az2': 15, 'g4dn.12xlarge_use1-az4': 15, 'g4dn.12xlarge_use1-az5': 15, 'g4dn.12xlarge_use1-az6': 50, 'g4dn.16xlarge_use1-az1': 1, 'g4dn.16xlarge_use1-az2': 10, 'g4dn.16xlarge_use1-az4': 1, 'g4dn.16xlarge_use1-az5': 5, 'g4dn.16xlarge_use1-az6': 15, 'g4dn.2xlarge_use1-az1': 45, 'g4dn.2xlarge_use1-az2': 50, 'g4dn.2xlarge_use1-az4': 50, 'g4dn.2xlarge_use1-az5': 50, 'g4dn.2xlarge_use1-az6': 50, 'g4dn.4xlarge_use1-az1': 5, 'g4dn.4xlarge_use1-az2': 40, 'g4dn.4xlarge_use1-az4': 25, 'g4dn.4xlarge_use1-az5': 40, 'g4dn.4xlarge_use1-az6': 40, 'g4dn.8xlarge_use1-az1': 1, 'g4dn.8xlarge_use1-az2': 1, 'g4dn.8xlarge_use1-az4': 10, 'g4dn.8xlarge_use1-az5': 1, 'g4dn.8xlarge_use1-az6': 5, 'g4dn.xlarge_use1-az1': 50, 'g4dn.xlarge_use1-az2': 50, 'g4dn.xlarge_use1-az4': 50, 'g4dn.xlarge_use1-az5': 50, 'g4dn.xlarge_use1-az6': 50, 'g5.12xlarge_use1-az2': 1, 'g5.12xlarge_use1-az5': 10, 'g5.12xlarge_use1-az6': 5, 'g5.16xlarge_use1-az1': 1, 'g5.16xlarge_use1-az2': 1, 'g5.16xlarge_use1-az4': 5, 'g5.16xlarge_use1-az5': 5, 'g5.16xlarge_use1-az6': 10, 'g5.24xlarge_use1-az1': 1, 'g5.24xlarge_use1-az2': 1, 'g5.24xlarge_use1-az4': 1, 'g5.24xlarge_use1-az5': 1, 'g5.24xlarge_use1-az6': 5, 'g5.2xlarge_use1-az1': 25, 'g5.2xlarge_use1-az2': 15, 'g5.2xlarge_use1-az4': 15, 'g5.2xlarge_use1-az5': 50, 'g5.2xlarge_use1-az6': 45, 'g5.48xlarge_use1-az2': 1, 'g5.48xlarge_use1-az5': 5, 'g5.48xlarge_use1-az6': 25, 'g5.4xlarge_use1-az1': 1, 'g5.4xlarge_use1-az2': 50, 'g5.4xlarge_use1-az4': 50, 'g5.4xlarge_use1-az5': 40, 'g5.4xlarge_use1-az6': 50, 'g5.8xlarge_use1-az1': 1, 'g5.8xlarge_use1-az2': 5, 'g5.8xlarge_use1-az4': 10, 'g5.8xlarge_use1-az5': 20, 'g5.8xlarge_use1-az6': 10, 'g5.xlarge_use1-az1': 25, 'g5.xlarge_use1-az2': 50, 'g5.xlarge_use1-az4': 50, 'g5.xlarge_use1-az5': 50, 'g5.xlarge_use1-az6': 50, 'g5g.16xlarge_use1-az1': 1, 'g5g.16xlarge_use1-az6': 5, 'g5g.4xlarge_use1-az6': 1, 'g5g.8xlarge_use1-az1': 1, 'g5g.8xlarge_use1-az4': 1, 'g5g.8xlarge_use1-az6': 1, 'g5g.xlarge_use1-az1': 1, 'g5g.xlarge_use1-az2': 1, 'g5g.xlarge_use1-az4': 1, 'g5g.xlarge_use1-az6': 5, 'g6.12xlarge_use1-az1': 5, 'g6.12xlarge_use1-az2': 1, 'g6.12xlarge_use1-az4': 30, 'g6.12xlarge_use1-az6': 50, 'g6.16xlarge_use1-az1': 1, 'g6.16xlarge_use1-az2': 1, 'g6.16xlarge_use1-az4': 1, 'g6.16xlarge_use1-az6': 5, 'g6.24xlarge_use1-az2': 1, 'g6.24xlarge_use1-az4': 1, 'g6.24xlarge_use1-az6': 1, 'g6.2xlarge_use1-az1': 10, 'g6.2xlarge_use1-az2': 25, 'g6.2xlarge_use1-az4': 50, 'g6.2xlarge_use1-az6': 50, 'g6.48xlarge_use1-az2': 5, 'g6.48xlarge_use1-az4': 30, 'g6.48xlarge_use1-az6': 50, 'g6.4xlarge_use1-az1': 5, 'g6.4xlarge_use1-az2': 10, 'g6.4xlarge_use1-az4': 35, 'g6.4xlarge_use1-az6': 50, 'g6.8xlarge_use1-az1': 5, 'g6.8xlarge_use1-az2': 5, 'g6.8xlarge_use1-az4': 10, 'g6.8xlarge_use1-az6': 15, 'g6.xlarge_use1-az1': 5, 'g6.xlarge_use1-az2': 5, 'g6.xlarge_use1-az4': 5, 'g6.xlarge_use1-az6': 5, 'g6e.16xlarge_use1-az1': 10, 'g6e.16xlarge_use1-az2': 15, 'g6e.16xlarge_use1-az4': 40, 'g6e.16xlarge_use1-az6': 20, 'g6e.2xlarge_use1-az1': 10, 'g6e.2xlarge_use1-az2': 1, 'g6e.2xlarge_use1-az4': 10, 'g6e.2xlarge_use1-az6': 5, 'g6e.48xlarge_use1-az4': 5, 'g6e.48xlarge_use1-az6': 1, 'g6e.4xlarge_use1-az1': 1, 'g6e.4xlarge_use1-az4': 5, 'g6e.4xlarge_use1-az6': 1, 'g6e.8xlarge_use1-az1': 1, 'g6e.8xlarge_use1-az2': 1, 'g6e.8xlarge_use1-az4': 1, 'g6e.8xlarge_use1-az6': 1, 'g6e.xlarge_use1-az1': 1, 'g6e.xlarge_use1-az6': 1, 'g6f.2xlarge_use1-az1': 1, 'g6f.2xlarge_use1-az4': 1, 'g6f.2xlarge_use1-az6': 5, 'g6f.4xlarge_use1-az1': 1, 'g6f.4xlarge_use1-az4': 1, 'g6f.4xlarge_use1-az6': 1, 'g6f.large_use1-az1': 10, 'g6f.large_use1-az2': 15, 'g6f.large_use1-az4': 40, 'g6f.large_use1-az6': 20, 'g6f.xlarge_use1-az1': 1, 'g6f.xlarge_use1-az2': 1, 'g6f.xlarge_use1-az4': 5, 'g6f.xlarge_use1-az6': 10, 'gr6.4xlarge_use1-az2': 1, 'gr6.4xlarge_use1-az4': 1, 'gr6.4xlarge_use1-az6': 1, 'gr6.8xlarge_use1-az1': 1, 'gr6.8xlarge_use1-az2': 1, 'gr6.8xlarge_use1-az4': 1, 'gr6.8xlarge_use1-az6': 1, 'i2.2xlarge_use1-az2': 10, 'i2.2xlarge_use1-az3': 5, 'i2.2xlarge_use1-az4': 10, 'i2.2xlarge_use1-az6': 5, 'i2.4xlarge_use1-az1': 1, 'i2.4xlarge_use1-az2': 10, 'i2.4xlarge_use1-az3': 1, 'i2.4xlarge_use1-az4': 10, 'i2.4xlarge_use1-az6': 5, 'i2.8xlarge_use1-az2': 1, 'i2.8xlarge_use1-az3': 1, 'i2.8xlarge_use1-az6': 1, 'i2.xlarge_use1-az1': 1, 'i2.xlarge_use1-az2': 15, 'i2.xlarge_use1-az3': 1, 'i2.xlarge_use1-az4': 20, 'i2.xlarge_use1-az6': 15, 'i3.16xlarge_use1-az1': 20, 'i3.16xlarge_use1-az2': 50, 'i3.16xlarge_use1-az3': 10, 'i3.16xlarge_use1-az4': 50, 'i3.16xlarge_use1-az5': 10, 'i3.16xlarge_use1-az6': 45, 'i3.2xlarge_use1-az1': 50, 'i3.2xlarge_use1-az2': 50, 'i3.2xlarge_use1-az3': 50, 'i3.2xlarge_use1-az4': 50, 'i3.2xlarge_use1-az5': 50, 'i3.2xlarge_use1-az6': 50, 'i3.4xlarge_use1-az1': 50, 'i3.4xlarge_use1-az2': 50, 'i3.4xlarge_use1-az3': 50, 'i3.4xlarge_use1-az4': 50, 'i3.4xlarge_use1-az5': 50, 'i3.4xlarge_use1-az6': 50, 'i3.8xlarge_use1-az1': 50, 'i3.8xlarge_use1-az2': 50, 'i3.8xlarge_use1-az3': 50, 'i3.8xlarge_use1-az4': 50, 'i3.8xlarge_use1-az5': 25, 'i3.8xlarge_use1-az6': 50, 'i3.large_use1-az1': 50, 'i3.large_use1-az2': 50, 'i3.large_use1-az3': 50, 'i3.large_use1-az4': 50, 'i3.large_use1-az5': 50, 'i3.large_use1-az6': 50, 'i3.xlarge_use1-az1': 50, 'i3.xlarge_use1-az2': 50, 'i3.xlarge_use1-az3': 50, 'i3.xlarge_use1-az4': 50, 'i3.xlarge_use1-az5': 50, 'i3.xlarge_use1-az6': 50, 'i3en.12xlarge_use1-az1': 1, 'i3en.12xlarge_use1-az2': 1, 'i3en.12xlarge_use1-az6': 50, 'i3en.24xlarge_use1-az6': 20, 'i3en.2xlarge_use1-az1': 50, 'i3en.2xlarge_use1-az2': 50, 'i3en.2xlarge_use1-az4': 30, 'i3en.2xlarge_use1-az5': 50, 'i3en.2xlarge_use1-az6': 50, 'i3en.3xlarge_use1-az1': 50, 'i3en.3xlarge_use1-az2': 50, 'i3en.3xlarge_use1-az4': 50, 'i3en.3xlarge_use1-az5': 50, 'i3en.3xlarge_use1-az6': 50, 'i3en.6xlarge_use1-az1': 10, 'i3en.6xlarge_use1-az2': 20, 'i3en.6xlarge_use1-az4': 10, 'i3en.6xlarge_use1-az6': 50, 'i3en.large_use1-az1': 50, 'i3en.large_use1-az2': 50, 'i3en.large_use1-az4': 45, 'i3en.large_use1-az5': 35, 'i3en.large_use1-az6': 50, 'i3en.xlarge_use1-az1': 50, 'i3en.xlarge_use1-az2': 50, 'i3en.xlarge_use1-az4': 50, 'i3en.xlarge_use1-az5': 50, 'i3en.xlarge_use1-az6': 50, 'i4g.16xlarge_use1-az2': 1, 'i4g.16xlarge_use1-az4': 1, 'i4g.16xlarge_use1-az5': 50, 'i4g.16xlarge_use1-az6': 50, 'i4g.2xlarge_use1-az2': 10, 'i4g.2xlarge_use1-az4': 15, 'i4g.2xlarge_use1-az5': 40, 'i4g.2xlarge_use1-az6': 50, 'i4g.4xlarge_use1-az2': 25, 'i4g.4xlarge_use1-az4': 30, 'i4g.4xlarge_use1-az5': 50, 'i4g.4xlarge_use1-az6': 50, 'i4g.8xlarge_use1-az5': 45, 'i4g.8xlarge_use1-az6': 15, 'i4g.large_use1-az1': 5, 'i4g.large_use1-az2': 5, 'i4g.large_use1-az4': 5, 'i4g.large_use1-az5': 25, 'i4g.large_use1-az6': 50, 'i4g.xlarge_use1-az2': 10, 'i4g.xlarge_use1-az4': 1, 'i4g.xlarge_use1-az5': 50, 'i4g.xlarge_use1-az6': 50, 'i4i.12xlarge_use1-az2': 5, 'i4i.16xlarge_use1-az1': 1, 'i4i.16xlarge_use1-az2': 1, 'i4i.16xlarge_use1-az4': 1, 'i4i.16xlarge_use1-az6': 1, 'i4i.24xlarge_use1-az2': 1, 'i4i.2xlarge_use1-az1': 15, 'i4i.2xlarge_use1-az2': 50, 'i4i.2xlarge_use1-az4': 50, 'i4i.2xlarge_use1-az5': 1, 'i4i.2xlarge_use1-az6': 50, 'i4i.4xlarge_use1-az1': 1, 'i4i.4xlarge_use1-az2': 35, 'i4i.4xlarge_use1-az4': 1, 'i4i.4xlarge_use1-az6': 15, 'i4i.8xlarge_use1-az1': 1, 'i4i.8xlarge_use1-az2': 40, 'i4i.8xlarge_use1-az6': 5, 'i4i.large_use1-az1': 50, 'i4i.large_use1-az2': 50, 'i4i.large_use1-az4': 50, 'i4i.large_use1-az5': 50, 'i4i.large_use1-az6': 50, 'i4i.xlarge_use1-az1': 50, 'i4i.xlarge_use1-az2': 50, 'i4i.xlarge_use1-az4': 50, 'i4i.xlarge_use1-az5': 50, 'i4i.xlarge_use1-az6': 50, 'i7i.12xlarge_use1-az1': 1, 'i7i.12xlarge_use1-az2': 1, 'i7i.12xlarge_use1-az4': 1, 'i7i.12xlarge_use1-az5': 1, 'i7i.12xlarge_use1-az6': 1, 'i7i.16xlarge_use1-az2': 1, 'i7i.16xlarge_use1-az4': 5, 'i7i.16xlarge_use1-az5': 1, 'i7i.16xlarge_use1-az6': 1, 'i7i.24xlarge_use1-az2': 1, 'i7i.24xlarge_use1-az4': 1, 'i7i.24xlarge_use1-az5': 1, 'i7i.24xlarge_use1-az6': 1, 'i7i.2xlarge_use1-az1': 1, 'i7i.2xlarge_use1-az2': 50, 'i7i.2xlarge_use1-az4': 45, 'i7i.2xlarge_use1-az5': 20, 'i7i.2xlarge_use1-az6': 10, 'i7i.48xlarge_use1-az2': 1, 'i7i.4xlarge_use1-az1': 1, 'i7i.4xlarge_use1-az2': 15, 'i7i.4xlarge_use1-az4': 20, 'i7i.4xlarge_use1-az5': 5, 'i7i.4xlarge_use1-az6': 20, 'i7i.8xlarge_use1-az1': 1, 'i7i.8xlarge_use1-az2': 1, 'i7i.8xlarge_use1-az4': 5, 'i7i.8xlarge_use1-az5': 1, 'i7i.8xlarge_use1-az6': 1, 'i7i.metal-24xl_use1-az2': 1, 'i7i.metal-24xl_use1-az4': 50, 'i7i.metal-24xl_use1-az6': 35, 'i7i.xlarge_use1-az1': 1, 'i7i.xlarge_use1-az6': 20, 'i7ie.12xlarge_use1-az1': 1, 'i7ie.12xlarge_use1-az4': 1, 'i7ie.12xlarge_use1-az6': 30, 'i7ie.18xlarge_use1-az4': 1, 'i7ie.18xlarge_use1-az6': 20, 'i7ie.24xlarge_use1-az1': 1, 'i7ie.24xlarge_use1-az2': 1, 'i7ie.24xlarge_use1-az4': 1, 'i7ie.24xlarge_use1-az6': 50, 'i7ie.2xlarge_use1-az1': 5, 'i7ie.2xlarge_use1-az2': 1, 'i7ie.2xlarge_use1-az4': 15, 'i7ie.2xlarge_use1-az6': 35, 'i7ie.3xlarge_use1-az1': 5, 'i7ie.3xlarge_use1-az2': 1, 'i7ie.3xlarge_use1-az4': 5, 'i7ie.3xlarge_use1-az6': 30, 'i7ie.48xlarge_use1-az6': 50, 'i7ie.6xlarge_use1-az1': 25, 'i7ie.6xlarge_use1-az4': 20, 'i7ie.6xlarge_use1-az6': 50, 'i7ie.large_use1-az1': 45, 'i7ie.large_use1-az2': 15, 'i7ie.large_use1-az4': 50, 'i7ie.large_use1-az6': 50, 'i7ie.metal-24xl_use1-az4': 1, 'i7ie.metal-24xl_use1-az6': 15, 'i7ie.metal-48xl_use1-az6': 10, 'i7ie.xlarge_use1-az1': 10, 'i7ie.xlarge_use1-az2': 25, 'i7ie.xlarge_use1-az4': 45, 'i7ie.xlarge_use1-az6': 50, 'i8g.12xlarge_use1-az6': 1, 'i8g.24xlarge_use1-az6': 10, 'i8g.2xlarge_use1-az2': 1, 'i8g.4xlarge_use1-az2': 1, 'i8g.8xlarge_use1-az6': 5, 'i8g.large_use1-az2': 10, 'i8g.large_use1-az6': 5, 'i8g.xlarge_use1-az2': 1, 'i8g.xlarge_use1-az4': 1, 'i8g.xlarge_use1-az6': 1, 'i8ge.12xlarge_use1-az4': 1, 'i8ge.12xlarge_use1-az6': 5, 'i8ge.18xlarge_use1-az2': 1, 'i8ge.18xlarge_use1-az4': 1, 'i8ge.18xlarge_use1-az6': 5, 'i8ge.24xlarge_use1-az4': 1, 'i8ge.24xlarge_use1-az6': 5, 'i8ge.2xlarge_use1-az4': 10, 'i8ge.3xlarge_use1-az2': 1, 'i8ge.3xlarge_use1-az4': 5, 'i8ge.48xlarge_use1-az4': 5, 'i8ge.6xlarge_use1-az2': 1, 'i8ge.6xlarge_use1-az4': 1, 'i8ge.large_use1-az2': 5, 'i8ge.large_use1-az4': 50, 'i8ge.metal-24xl_use1-az4': 1, 'i8ge.metal-48xl_use1-az6': 1, 'i8ge.xlarge_use1-az4': 20, 'im4gn.16xlarge_use1-az4': 45, 'im4gn.2xlarge_use1-az1': 10, 'im4gn.2xlarge_use1-az4': 20, 'im4gn.2xlarge_use1-az6': 15, 'im4gn.4xlarge_use1-az1': 5, 'im4gn.4xlarge_use1-az4': 15, 'im4gn.8xlarge_use1-az1': 1, 'im4gn.8xlarge_use1-az4': 5, 'im4gn.large_use1-az1': 35, 'im4gn.large_use1-az2': 10, 'im4gn.large_use1-az4': 50, 'im4gn.large_use1-az6': 10, 'im4gn.xlarge_use1-az1': 25, 'im4gn.xlarge_use1-az2': 50, 'im4gn.xlarge_use1-az4': 30, 'im4gn.xlarge_use1-az6': 40, 'inf1.24xlarge_use1-az1': 1, 'inf1.24xlarge_use1-az2': 1, 'inf1.24xlarge_use1-az4': 10, 'inf1.24xlarge_use1-az5': 5, 'inf1.24xlarge_use1-az6': 20, 'inf1.2xlarge_use1-az1': 15, 'inf1.2xlarge_use1-az2': 15, 'inf1.2xlarge_use1-az4': 30, 'inf1.2xlarge_use1-az5': 40, 'inf1.2xlarge_use1-az6': 40, 'inf1.6xlarge_use1-az1': 1, 'inf1.6xlarge_use1-az2': 1, 'inf1.6xlarge_use1-az4': 5, 'inf1.6xlarge_use1-az5': 5, 'inf1.6xlarge_use1-az6': 10, 'inf1.xlarge_use1-az1': 50, 'inf1.xlarge_use1-az2': 50, 'inf1.xlarge_use1-az4': 40, 'inf1.xlarge_use1-az5': 50, 'inf1.xlarge_use1-az6': 50, 'inf2.24xlarge_use1-az4': 1, 'inf2.24xlarge_use1-az6': 10, 'inf2.48xlarge_use1-az6': 15, 'inf2.8xlarge_use1-az2': 5, 'inf2.8xlarge_use1-az4': 5, 'inf2.8xlarge_use1-az5': 1, 'inf2.8xlarge_use1-az6': 1, 'inf2.xlarge_use1-az2': 5, 'inf2.xlarge_use1-az4': 1, 'inf2.xlarge_use1-az6': 50, 'is4gen.2xlarge_use1-az1': 1, 'is4gen.2xlarge_use1-az2': 50, 'is4gen.2xlarge_use1-az4': 50, 'is4gen.2xlarge_use1-az6': 50, 'is4gen.4xlarge_use1-az1': 1, 'is4gen.8xlarge_use1-az1': 1, 'is4gen.8xlarge_use1-az4': 1, 'is4gen.large_use1-az1': 5, 'is4gen.large_use1-az2': 1, 'is4gen.large_use1-az4': 10, 'is4gen.large_use1-az6': 15, 'is4gen.medium_use1-az1': 50, 'is4gen.medium_use1-az2': 25, 'is4gen.medium_use1-az4': 40, 'is4gen.medium_use1-az6': 30, 'is4gen.xlarge_use1-az1': 1, 'is4gen.xlarge_use1-az2': 1, 'is4gen.xlarge_use1-az4': 15, 'is4gen.xlarge_use1-az6': 1, 'm1.large_use1-az1': 5, 'm1.large_use1-az2': 25, 'm1.large_use1-az4': 20, 'm1.large_use1-az6': 15, 'm1.xlarge_use1-az1': 1, 'm1.xlarge_use1-az2': 10, 'm1.xlarge_use1-az4': 10, 'm1.xlarge_use1-az6': 10, 'm2.2xlarge_use1-az1': 5, 'm2.2xlarge_use1-az2': 10, 'm2.2xlarge_use1-az4': 15, 'm2.2xlarge_use1-az6': 5, 'm2.4xlarge_use1-az1': 1, 'm2.4xlarge_use1-az2': 5, 'm2.4xlarge_use1-az4': 5, 'm2.4xlarge_use1-az6': 5, 'm2.xlarge_use1-az1': 5, 'm2.xlarge_use1-az2': 20, 'm2.xlarge_use1-az4': 20, 'm2.xlarge_use1-az6': 15, 'm3.2xlarge_use1-az2': 25, 'm3.2xlarge_use1-az3': 1, 'm3.2xlarge_use1-az4': 40, 'm3.2xlarge_use1-az6': 45, 'm3.large_use1-az2': 50, 'm3.large_use1-az3': 1, 'm3.large_use1-az4': 50, 'm3.large_use1-az6': 50, 'm3.xlarge_use1-az2': 50, 'm3.xlarge_use1-az3': 1, 'm3.xlarge_use1-az4': 50, 'm3.xlarge_use1-az6': 50, 'm4.10xlarge_use1-az1': 5, 'm4.10xlarge_use1-az2': 10, 'm4.10xlarge_use1-az3': 1, 'm4.10xlarge_use1-az4': 50, 'm4.10xlarge_use1-az5': 1, 'm4.10xlarge_use1-az6': 50, 'm4.2xlarge_use1-az1': 5, 'm4.2xlarge_use1-az2': 20, 'm4.2xlarge_use1-az3': 50, 'm4.2xlarge_use1-az4': 20, 'm4.2xlarge_use1-az5': 1, 'm4.2xlarge_use1-az6': 25, 'm4.4xlarge_use1-az1': 50, 'm4.4xlarge_use1-az2': 50, 'm4.4xlarge_use1-az3': 50, 'm4.4xlarge_use1-az4': 25, 'm4.4xlarge_use1-az5': 10, 'm4.4xlarge_use1-az6': 15, 'm4.large_use1-az1': 30, 'm4.large_use1-az2': 50, 'm4.large_use1-az3': 25, 'm4.large_use1-az4': 50, 'm4.large_use1-az5': 10, 'm4.large_use1-az6': 50, 'm4.xlarge_use1-az1': 15, 'm4.xlarge_use1-az2': 50, 'm4.xlarge_use1-az3': 50, 'm4.xlarge_use1-az4': 50, 'm4.xlarge_use1-az5': 30, 'm4.xlarge_use1-az6': 50, 'm5.12xlarge_use1-az1': 5, 'm5.12xlarge_use1-az2': 25, 'm5.12xlarge_use1-az4': 50, 'm5.12xlarge_use1-az5': 1, 'm5.12xlarge_use1-az6': 40, 'm5.16xlarge_use1-az1': 10, 'm5.16xlarge_use1-az2': 50, 'm5.16xlarge_use1-az4': 50, 'm5.16xlarge_use1-az5': 1, 'm5.16xlarge_use1-az6': 50, 'm5.24xlarge_use1-az1': 5, 'm5.24xlarge_use1-az2': 5, 'm5.24xlarge_use1-az4': 5, 'm5.24xlarge_use1-az5': 1, 'm5.24xlarge_use1-az6': 35, 'm5.2xlarge_use1-az1': 50, 'm5.2xlarge_use1-az2': 50, 'm5.2xlarge_use1-az4': 50, 'm5.2xlarge_use1-az5': 50, 'm5.2xlarge_use1-az6': 50, 'm5.4xlarge_use1-az1': 50, 'm5.4xlarge_use1-az2': 50, 'm5.4xlarge_use1-az4': 50, 'm5.4xlarge_use1-az5': 10, 'm5.4xlarge_use1-az6': 50, 'm5.8xlarge_use1-az1': 50, 'm5.8xlarge_use1-az2': 40, 'm5.8xlarge_use1-az4': 50, 'm5.8xlarge_use1-az5': 1, 'm5.8xlarge_use1-az6': 50, 'm5.large_use1-az1': 50, 'm5.large_use1-az2': 50, 'm5.large_use1-az4': 50, 'm5.large_use1-az5': 50, 'm5.large_use1-az6': 50, 'm5.xlarge_use1-az1': 50, 'm5.xlarge_use1-az2': 50, 'm5.xlarge_use1-az4': 50, 'm5.xlarge_use1-az5': 50, 'm5.xlarge_use1-az6': 50, 'm5a.12xlarge_use1-az2': 1, 'm5a.12xlarge_use1-az4': 1, 'm5a.12xlarge_use1-az6': 1, 'm5a.16xlarge_use1-az2': 1, 'm5a.16xlarge_use1-az4': 1, 'm5a.16xlarge_use1-az6': 1, 'm5a.24xlarge_use1-az1': 1, 'm5a.24xlarge_use1-az2': 1, 'm5a.24xlarge_use1-az4': 1, 'm5a.24xlarge_use1-az5': 5, 'm5a.24xlarge_use1-az6': 5, 'm5a.2xlarge_use1-az1': 10, 'm5a.2xlarge_use1-az2': 25, 'm5a.2xlarge_use1-az4': 25, 'm5a.2xlarge_use1-az5': 5, 'm5a.2xlarge_use1-az6': 45, 'm5a.4xlarge_use1-az1': 5, 'm5a.4xlarge_use1-az2': 10, 'm5a.4xlarge_use1-az4': 5, 'm5a.4xlarge_use1-az5': 10, 'm5a.4xlarge_use1-az6': 15, 'm5a.8xlarge_use1-az1': 1, 'm5a.8xlarge_use1-az2': 20, 'm5a.8xlarge_use1-az4': 20, 'm5a.8xlarge_use1-az5': 1, 'm5a.8xlarge_use1-az6': 5, 'm5a.large_use1-az1': 50, 'm5a.large_use1-az2': 50, 'm5a.large_use1-az4': 50, 'm5a.large_use1-az5': 45, 'm5a.large_use1-az6': 50, 'm5a.xlarge_use1-az1': 10, 'm5a.xlarge_use1-az2': 30, 'm5a.xlarge_use1-az4': 10, 'm5a.xlarge_use1-az5': 20, 'm5a.xlarge_use1-az6': 50, 'm5ad.12xlarge_use1-az1': 1, 'm5ad.16xlarge_use1-az1': 1, 'm5ad.16xlarge_use1-az2': 1, 'm5ad.16xlarge_use1-az4': 1, 'm5ad.16xlarge_use1-az6': 1, 'm5ad.24xlarge_use1-az1': 5, 'm5ad.24xlarge_use1-az2': 1, 'm5ad.24xlarge_use1-az4': 1, 'm5ad.24xlarge_use1-az6': 5, 'm5ad.2xlarge_use1-az1': 1, 'm5ad.2xlarge_use1-az2': 1, 'm5ad.2xlarge_use1-az4': 5, 'm5ad.2xlarge_use1-az6': 1, 'm5ad.4xlarge_use1-az1': 1, 'm5ad.4xlarge_use1-az2': 1, 'm5ad.4xlarge_use1-az4': 1, 'm5ad.4xlarge_use1-az6': 1, 'm5ad.8xlarge_use1-az2': 1, 'm5ad.large_use1-az1': 10, 'm5ad.large_use1-az2': 5, 'm5ad.large_use1-az4': 10, 'm5ad.large_use1-az5': 1, 'm5ad.large_use1-az6': 10, 'm5ad.xlarge_use1-az1': 1, 'm5ad.xlarge_use1-az2': 10, 'm5ad.xlarge_use1-az4': 5, 'm5ad.xlarge_use1-az6': 5, 'm5d.12xlarge_use1-az1': 1, 'm5d.12xlarge_use1-az2': 25, 'm5d.12xlarge_use1-az4': 30, 'm5d.12xlarge_use1-az6': 15, 'm5d.16xlarge_use1-az1': 5, 'm5d.16xlarge_use1-az2': 35, 'm5d.16xlarge_use1-az4': 20, 'm5d.16xlarge_use1-az5': 1, 'm5d.16xlarge_use1-az6': 50, 'm5d.24xlarge_use1-az1': 20, 'm5d.24xlarge_use1-az2': 15, 'm5d.24xlarge_use1-az4': 5, 'm5d.24xlarge_use1-az5': 1, 'm5d.24xlarge_use1-az6': 50, 'm5d.2xlarge_use1-az1': 5, 'm5d.2xlarge_use1-az2': 25, 'm5d.2xlarge_use1-az4': 25, 'm5d.2xlarge_use1-az6': 30, 'm5d.4xlarge_use1-az1': 5, 'm5d.4xlarge_use1-az2': 15, 'm5d.4xlarge_use1-az4': 25, 'm5d.4xlarge_use1-az6': 25, 'm5d.8xlarge_use1-az1': 1, 'm5d.8xlarge_use1-az2': 25, 'm5d.8xlarge_use1-az4': 10, 'm5d.8xlarge_use1-az5': 1, 'm5d.8xlarge_use1-az6': 10, 'm5d.large_use1-az1': 5, 'm5d.large_use1-az2': 50, 'm5d.large_use1-az4': 50, 'm5d.large_use1-az6': 50, 'm5d.xlarge_use1-az1': 50, 'm5d.xlarge_use1-az2': 50, 'm5d.xlarge_use1-az4': 50, 'm5d.xlarge_use1-az5': 1, 'm5d.xlarge_use1-az6': 50, 'm5dn.12xlarge_use1-az1': 1, 'm5dn.12xlarge_use1-az4': 1, 'm5dn.12xlarge_use1-az6': 1, 'm5dn.16xlarge_use1-az1': 1, 'm5dn.16xlarge_use1-az2': 5, 'm5dn.16xlarge_use1-az4': 1, 'm5dn.16xlarge_use1-az6': 1, 'm5dn.24xlarge_use1-az1': 1, 'm5dn.24xlarge_use1-az2': 1, 'm5dn.24xlarge_use1-az4': 1, 'm5dn.24xlarge_use1-az6': 5, 'm5dn.2xlarge_use1-az1': 10, 'm5dn.2xlarge_use1-az2': 5, 'm5dn.2xlarge_use1-az4': 5, 'm5dn.2xlarge_use1-az5': 1, 'm5dn.2xlarge_use1-az6': 15, 'm5dn.4xlarge_use1-az1': 5, 'm5dn.4xlarge_use1-az2': 5, 'm5dn.4xlarge_use1-az4': 1, 'm5dn.4xlarge_use1-az5': 1, 'm5dn.4xlarge_use1-az6': 5, 'm5dn.8xlarge_use1-az2': 1, 'm5dn.8xlarge_use1-az6': 1, 'm5dn.large_use1-az1': 35, 'm5dn.large_use1-az2': 30, 'm5dn.large_use1-az4': 40, 'm5dn.large_use1-az5': 15, 'm5dn.large_use1-az6': 50, 'm5dn.xlarge_use1-az1': 10, 'm5dn.xlarge_use1-az2': 25, 'm5dn.xlarge_use1-az4': 20, 'm5dn.xlarge_use1-az5': 1, 'm5dn.xlarge_use1-az6': 30, 'm5n.12xlarge_use1-az1': 1, 'm5n.12xlarge_use1-az2': 1, 'm5n.12xlarge_use1-az4': 1, 'm5n.12xlarge_use1-az5': 1, 'm5n.12xlarge_use1-az6': 1, 'm5n.16xlarge_use1-az2': 1, 'm5n.16xlarge_use1-az4': 1, 'm5n.16xlarge_use1-az6': 1, 'm5n.24xlarge_use1-az2': 1, 'm5n.24xlarge_use1-az4': 1, 'm5n.24xlarge_use1-az6': 1, 'm5n.2xlarge_use1-az1': 15, 'm5n.2xlarge_use1-az2': 25, 'm5n.2xlarge_use1-az4': 30, 'm5n.2xlarge_use1-az5': 5, 'm5n.2xlarge_use1-az6': 25, 'm5n.4xlarge_use1-az1': 25, 'm5n.4xlarge_use1-az2': 35, 'm5n.4xlarge_use1-az4': 50, 'm5n.4xlarge_use1-az5': 5, 'm5n.4xlarge_use1-az6': 10, 'm5n.8xlarge_use1-az1': 1, 'm5n.8xlarge_use1-az2': 1, 'm5n.8xlarge_use1-az4': 1, 'm5n.8xlarge_use1-az6': 5, 'm5n.large_use1-az1': 5, 'm5n.large_use1-az2': 15, 'm5n.large_use1-az4': 5, 'm5n.large_use1-az5': 5, 'm5n.large_use1-az6': 15, 'm5n.xlarge_use1-az1': 20, 'm5n.xlarge_use1-az2': 50, 'm5n.xlarge_use1-az4': 50, 'm5n.xlarge_use1-az5': 1, 'm5n.xlarge_use1-az6': 50, 'm5zn.12xlarge_use1-az2': 1, 'm5zn.12xlarge_use1-az4': 10, 'm5zn.12xlarge_use1-az5': 1, 'm5zn.12xlarge_use1-az6': 5, 'm5zn.2xlarge_use1-az1': 1, 'm5zn.2xlarge_use1-az2': 1, 'm5zn.2xlarge_use1-az4': 25, 'm5zn.2xlarge_use1-az5': 1, 'm5zn.2xlarge_use1-az6': 5, 'm5zn.3xlarge_use1-az1': 1, 'm5zn.3xlarge_use1-az2': 1, 'm5zn.3xlarge_use1-az4': 5, 'm5zn.3xlarge_use1-az6': 5, 'm5zn.6xlarge_use1-az4': 1, 'm5zn.6xlarge_use1-az6': 1, 'm5zn.large_use1-az1': 5, 'm5zn.large_use1-az2': 5, 'm5zn.large_use1-az4': 30, 'm5zn.large_use1-az5': 15, 'm5zn.large_use1-az6': 20, 'm5zn.xlarge_use1-az1': 1, 'm5zn.xlarge_use1-az2': 1, 'm5zn.xlarge_use1-az4': 20, 'm5zn.xlarge_use1-az5': 5, 'm5zn.xlarge_use1-az6': 5, 'm6a.12xlarge_use1-az1': 5, 'm6a.12xlarge_use1-az2': 5, 'm6a.12xlarge_use1-az4': 15, 'm6a.12xlarge_use1-az6': 10, 'm6a.16xlarge_use1-az1': 5, 'm6a.16xlarge_use1-az2': 5, 'm6a.16xlarge_use1-az4': 5, 'm6a.16xlarge_use1-az6': 5, 'm6a.24xlarge_use1-az1': 1, 'm6a.24xlarge_use1-az2': 1, 'm6a.24xlarge_use1-az4': 1, 'm6a.24xlarge_use1-az6': 1, 'm6a.2xlarge_use1-az1': 50, 'm6a.2xlarge_use1-az2': 35, 'm6a.2xlarge_use1-az4': 45, 'm6a.2xlarge_use1-az5': 15, 'm6a.2xlarge_use1-az6': 50, 'm6a.32xlarge_use1-az2': 1, 'm6a.32xlarge_use1-az4': 1, 'm6a.32xlarge_use1-az5': 1, 'm6a.32xlarge_use1-az6': 1, 'm6a.48xlarge_use1-az2': 1, 'm6a.48xlarge_use1-az4': 1, 'm6a.48xlarge_use1-az6': 1, 'm6a.4xlarge_use1-az1': 45, 'm6a.4xlarge_use1-az2': 40, 'm6a.4xlarge_use1-az4': 25, 'm6a.4xlarge_use1-az5': 5, 'm6a.4xlarge_use1-az6': 50, 'm6a.8xlarge_use1-az1': 25, 'm6a.8xlarge_use1-az2': 15, 'm6a.8xlarge_use1-az4': 50, 'm6a.8xlarge_use1-az5': 10, 'm6a.8xlarge_use1-az6': 50, 'm6a.large_use1-az1': 50, 'm6a.large_use1-az2': 50, 'm6a.large_use1-az4': 50, 'm6a.large_use1-az5': 30, 'm6a.large_use1-az6': 50, 'm6a.xlarge_use1-az1': 50, 'm6a.xlarge_use1-az2': 50, 'm6a.xlarge_use1-az4': 50, 'm6a.xlarge_use1-az5': 35, 'm6a.xlarge_use1-az6': 50, 'm6g.12xlarge_use1-az1': 1, 'm6g.12xlarge_use1-az2': 5, 'm6g.12xlarge_use1-az4': 50, 'm6g.12xlarge_use1-az6': 50, 'm6g.16xlarge_use1-az1': 1, 'm6g.16xlarge_use1-az2': 5, 'm6g.16xlarge_use1-az4': 25, 'm6g.16xlarge_use1-az6': 50, 'm6g.2xlarge_use1-az1': 15, 'm6g.2xlarge_use1-az2': 50, 'm6g.2xlarge_use1-az4': 50, 'm6g.2xlarge_use1-az5': 5, 'm6g.2xlarge_use1-az6': 50, 'm6g.4xlarge_use1-az1': 10, 'm6g.4xlarge_use1-az2': 50, 'm6g.4xlarge_use1-az4': 50, 'm6g.4xlarge_use1-az5': 10, 'm6g.4xlarge_use1-az6': 50, 'm6g.8xlarge_use1-az1': 5, 'm6g.8xlarge_use1-az2': 50, 'm6g.8xlarge_use1-az4': 50, 'm6g.8xlarge_use1-az6': 50, 'm6g.large_use1-az1': 1, 'm6g.large_use1-az2': 50, 'm6g.large_use1-az4': 50, 'm6g.large_use1-az5': 5, 'm6g.large_use1-az6': 50, 'm6g.medium_use1-az1': 5, 'm6g.medium_use1-az2': 5, 'm6g.medium_use1-az4': 10, 'm6g.medium_use1-az5': 1, 'm6g.medium_use1-az6': 15, 'm6g.xlarge_use1-az1': 50, 'm6g.xlarge_use1-az2': 50, 'm6g.xlarge_use1-az4': 50, 'm6g.xlarge_use1-az5': 50, 'm6g.xlarge_use1-az6': 50, 'm6gd.12xlarge_use1-az1': 10, 'm6gd.12xlarge_use1-az2': 40, 'm6gd.12xlarge_use1-az4': 20, 'm6gd.12xlarge_use1-az5': 5, 'm6gd.12xlarge_use1-az6': 50, 'm6gd.16xlarge_use1-az1': 5, 'm6gd.16xlarge_use1-az2': 10, 'm6gd.16xlarge_use1-az4': 10, 'm6gd.16xlarge_use1-az5': 10, 'm6gd.16xlarge_use1-az6': 35, 'm6gd.2xlarge_use1-az1': 1, 'm6gd.2xlarge_use1-az2': 50, 'm6gd.2xlarge_use1-az4': 45, 'm6gd.2xlarge_use1-az5': 1, 'm6gd.2xlarge_use1-az6': 5, 'm6gd.4xlarge_use1-az1': 1, 'm6gd.4xlarge_use1-az2': 5, 'm6gd.4xlarge_use1-az4': 5, 'm6gd.4xlarge_use1-az5': 1, 'm6gd.4xlarge_use1-az6': 15, 'm6gd.8xlarge_use1-az1': 5, 'm6gd.8xlarge_use1-az2': 10, 'm6gd.8xlarge_use1-az4': 15, 'm6gd.8xlarge_use1-az5': 1, 'm6gd.8xlarge_use1-az6': 20, 'm6gd.large_use1-az1': 1, 'm6gd.large_use1-az2': 5, 'm6gd.large_use1-az4': 5, 'm6gd.large_use1-az5': 1, 'm6gd.large_use1-az6': 15, 'm6gd.medium_use1-az1': 1, 'm6gd.medium_use1-az2': 1, 'm6gd.medium_use1-az4': 1, 'm6gd.medium_use1-az5': 5, 'm6gd.medium_use1-az6': 1, 'm6gd.xlarge_use1-az1': 1, 'm6gd.xlarge_use1-az2': 10, 'm6gd.xlarge_use1-az4': 35, 'm6gd.xlarge_use1-az5': 1, 'm6gd.xlarge_use1-az6': 15, 'm6i.12xlarge_use1-az1': 1, 'm6i.12xlarge_use1-az2': 10, 'm6i.12xlarge_use1-az4': 50, 'm6i.12xlarge_use1-az5': 1, 'm6i.12xlarge_use1-az6': 30, 'm6i.16xlarge_use1-az1': 1, 'm6i.16xlarge_use1-az2': 10, 'm6i.16xlarge_use1-az4': 5, 'm6i.16xlarge_use1-az5': 1, 'm6i.16xlarge_use1-az6': 10, 'm6i.24xlarge_use1-az2': 10, 'm6i.24xlarge_use1-az4': 5, 'm6i.24xlarge_use1-az5': 1, 'm6i.24xlarge_use1-az6': 50, 'm6i.2xlarge_use1-az1': 25, 'm6i.2xlarge_use1-az2': 50, 'm6i.2xlarge_use1-az4': 50, 'm6i.2xlarge_use1-az5': 25, 'm6i.2xlarge_use1-az6': 50, 'm6i.32xlarge_use1-az2': 1, 'm6i.32xlarge_use1-az4': 5, 'm6i.32xlarge_use1-az5': 1, 'm6i.32xlarge_use1-az6': 15, 'm6i.4xlarge_use1-az1': 15, 'm6i.4xlarge_use1-az2': 50, 'm6i.4xlarge_use1-az4': 50, 'm6i.4xlarge_use1-az5': 50, 'm6i.4xlarge_use1-az6': 50, 'm6i.8xlarge_use1-az1': 1, 'm6i.8xlarge_use1-az2': 50, 'm6i.8xlarge_use1-az4': 50, 'm6i.8xlarge_use1-az5': 20, 'm6i.8xlarge_use1-az6': 50, 'm6i.large_use1-az1': 25, 'm6i.large_use1-az2': 50, 'm6i.large_use1-az4': 50, 'm6i.large_use1-az5': 50, 'm6i.large_use1-az6': 50, 'm6i.xlarge_use1-az1': 45, 'm6i.xlarge_use1-az2': 50, 'm6i.xlarge_use1-az4': 50, 'm6i.xlarge_use1-az5': 25, 'm6i.xlarge_use1-az6': 50, 'm6id.12xlarge_use1-az1': 1, 'm6id.12xlarge_use1-az2': 1, 'm6id.12xlarge_use1-az4': 1, 'm6id.12xlarge_use1-az6': 1, 'm6id.16xlarge_use1-az1': 1, 'm6id.16xlarge_use1-az2': 1, 'm6id.16xlarge_use1-az4': 1, 'm6id.16xlarge_use1-az6': 1, 'm6id.24xlarge_use1-az1': 10, 'm6id.24xlarge_use1-az2': 15, 'm6id.24xlarge_use1-az4': 35, 'm6id.24xlarge_use1-az5': 5, 'm6id.24xlarge_use1-az6': 15, 'm6id.2xlarge_use1-az1': 5, 'm6id.2xlarge_use1-az2': 5, 'm6id.2xlarge_use1-az4': 5, 'm6id.2xlarge_use1-az5': 1, 'm6id.2xlarge_use1-az6': 5, 'm6id.32xlarge_use1-az1': 10, 'm6id.32xlarge_use1-az2': 15, 'm6id.32xlarge_use1-az4': 5, 'm6id.32xlarge_use1-az5': 1, 'm6id.32xlarge_use1-az6': 50, 'm6id.4xlarge_use1-az1': 15, 'm6id.4xlarge_use1-az2': 10, 'm6id.4xlarge_use1-az4': 5, 'm6id.4xlarge_use1-az5': 1, 'm6id.4xlarge_use1-az6': 10, 'm6id.8xlarge_use1-az1': 1, 'm6id.8xlarge_use1-az4': 5, 'm6id.8xlarge_use1-az5': 1, 'm6id.8xlarge_use1-az6': 1, 'm6id.large_use1-az1': 30, 'm6id.large_use1-az2': 35, 'm6id.large_use1-az4': 15, 'm6id.large_use1-az5': 5, 'm6id.large_use1-az6': 50, 'm6id.xlarge_use1-az1': 20, 'm6id.xlarge_use1-az2': 45, 'm6id.xlarge_use1-az4': 15, 'm6id.xlarge_use1-az5': 5, 'm6id.xlarge_use1-az6': 25, 'm6idn.12xlarge_use1-az2': 1, 'm6idn.16xlarge_use1-az4': 1, 'm6idn.24xlarge_use1-az1': 1, 'm6idn.24xlarge_use1-az2': 1, 'm6idn.24xlarge_use1-az4': 1, 'm6idn.2xlarge_use1-az1': 5, 'm6idn.2xlarge_use1-az2': 10, 'm6idn.2xlarge_use1-az4': 5, 'm6idn.2xlarge_use1-az5': 1, 'm6idn.2xlarge_use1-az6': 5, 'm6idn.32xlarge_use1-az2': 1, 'm6idn.4xlarge_use1-az1': 30, 'm6idn.4xlarge_use1-az2': 10, 'm6idn.4xlarge_use1-az4': 5, 'm6idn.4xlarge_use1-az5': 5, 'm6idn.4xlarge_use1-az6': 5, 'm6idn.large_use1-az1': 25, 'm6idn.large_use1-az2': 35, 'm6idn.large_use1-az4': 15, 'm6idn.large_use1-az5': 10, 'm6idn.large_use1-az6': 10, 'm6idn.xlarge_use1-az1': 15, 'm6idn.xlarge_use1-az2': 50, 'm6idn.xlarge_use1-az4': 20, 'm6idn.xlarge_use1-az5': 5, 'm6idn.xlarge_use1-az6': 10, 'm6in.12xlarge_use1-az4': 1, 'm6in.16xlarge_use1-az2': 1, 'm6in.16xlarge_use1-az4': 1, 'm6in.24xlarge_use1-az1': 1, 'm6in.24xlarge_use1-az2': 1, 'm6in.2xlarge_use1-az1': 10, 'm6in.2xlarge_use1-az2': 20, 'm6in.2xlarge_use1-az4': 10, 'm6in.2xlarge_use1-az5': 1, 'm6in.2xlarge_use1-az6': 5, 'm6in.4xlarge_use1-az1': 1, 'm6in.4xlarge_use1-az2': 1, 'm6in.4xlarge_use1-az5': 1, 'm6in.8xlarge_use1-az1': 1, 'm6in.8xlarge_use1-az2': 1, 'm6in.8xlarge_use1-az4': 1, 'm6in.large_use1-az1': 5, 'm6in.large_use1-az2': 10, 'm6in.large_use1-az4': 5, 'm6in.large_use1-az5': 1, 'm6in.large_use1-az6': 1, 'm6in.xlarge_use1-az1': 5, 'm6in.xlarge_use1-az2': 10, 'm6in.xlarge_use1-az4': 1, 'm7a.12xlarge_use1-az2': 1, 'm7a.12xlarge_use1-az6': 20, 'm7a.16xlarge_use1-az2': 1, 'm7a.16xlarge_use1-az6': 40, 'm7a.24xlarge_use1-az2': 1, 'm7a.24xlarge_use1-az6': 50, 'm7a.2xlarge_use1-az1': 5, 'm7a.2xlarge_use1-az2': 15, 'm7a.2xlarge_use1-az4': 10, 'm7a.2xlarge_use1-az6': 50, 'm7a.32xlarge_use1-az6': 20, 'm7a.48xlarge_use1-az6': 40, 'm7a.4xlarge_use1-az1': 10, 'm7a.4xlarge_use1-az2': 5, 'm7a.4xlarge_use1-az4': 10, 'm7a.4xlarge_use1-az6': 25, 'm7a.8xlarge_use1-az1': 1, 'm7a.8xlarge_use1-az2': 5, 'm7a.8xlarge_use1-az4': 1, 'm7a.8xlarge_use1-az6': 50, 'm7a.large_use1-az1': 15, 'm7a.large_use1-az2': 50, 'm7a.large_use1-az4': 50, 'm7a.large_use1-az5': 5, 'm7a.large_use1-az6': 50, 'm7a.medium_use1-az1': 10, 'm7a.medium_use1-az2': 50, 'm7a.medium_use1-az4': 50, 'm7a.medium_use1-az6': 50, 'm7a.xlarge_use1-az1': 5, 'm7a.xlarge_use1-az2': 40, 'm7a.xlarge_use1-az4': 50, 'm7a.xlarge_use1-az6': 50, 'm7g.12xlarge_use1-az1': 1, 'm7g.12xlarge_use1-az2': 10, 'm7g.12xlarge_use1-az4': 45, 'm7g.12xlarge_use1-az5': 1, 'm7g.12xlarge_use1-az6': 50, 'm7g.16xlarge_use1-az1': 1, 'm7g.16xlarge_use1-az2': 30, 'm7g.16xlarge_use1-az4': 35, 'm7g.16xlarge_use1-az5': 1, 'm7g.16xlarge_use1-az6': 50, 'm7g.2xlarge_use1-az1': 35, 'm7g.2xlarge_use1-az2': 50, 'm7g.2xlarge_use1-az4': 50, 'm7g.2xlarge_use1-az5': 15, 'm7g.2xlarge_use1-az6': 50, 'm7g.4xlarge_use1-az1': 10, 'm7g.4xlarge_use1-az2': 30, 'm7g.4xlarge_use1-az4': 50, 'm7g.4xlarge_use1-az5': 10, 'm7g.4xlarge_use1-az6': 50, 'm7g.8xlarge_use1-az1': 1, 'm7g.8xlarge_use1-az2': 15, 'm7g.8xlarge_use1-az4': 40, 'm7g.8xlarge_use1-az5': 1, 'm7g.8xlarge_use1-az6': 50, 'm7g.large_use1-az1': 10, 'm7g.large_use1-az2': 50, 'm7g.large_use1-az4': 50, 'm7g.large_use1-az5': 30, 'm7g.large_use1-az6': 50, 'm7g.medium_use1-az1': 30, 'm7g.medium_use1-az2': 40, 'm7g.medium_use1-az4': 50, 'm7g.medium_use1-az5': 35, 'm7g.medium_use1-az6': 50, 'm7g.metal_use1-az1': 1, 'm7g.metal_use1-az2': 25, 'm7g.metal_use1-az4': 10, 'm7g.metal_use1-az5': 1, 'm7g.metal_use1-az6': 50, 'm7g.xlarge_use1-az1': 50, 'm7g.xlarge_use1-az2': 50, 'm7g.xlarge_use1-az4': 50, 'm7g.xlarge_use1-az5': 50, 'm7g.xlarge_use1-az6': 50, 'm7gd.12xlarge_use1-az1': 5, 'm7gd.12xlarge_use1-az2': 10, 'm7gd.12xlarge_use1-az4': 1, 'm7gd.12xlarge_use1-az6': 35, 'm7gd.16xlarge_use1-az1': 1, 'm7gd.16xlarge_use1-az2': 30, 'm7gd.16xlarge_use1-az4': 1, 'm7gd.16xlarge_use1-az6': 40, 'm7gd.2xlarge_use1-az1': 15, 'm7gd.2xlarge_use1-az2': 50, 'm7gd.2xlarge_use1-az4': 15, 'm7gd.2xlarge_use1-az6': 25, 'm7gd.4xlarge_use1-az1': 5, 'm7gd.4xlarge_use1-az2': 10, 'm7gd.4xlarge_use1-az4': 1, 'm7gd.4xlarge_use1-az6': 40, 'm7gd.8xlarge_use1-az1': 10, 'm7gd.8xlarge_use1-az2': 50, 'm7gd.8xlarge_use1-az4': 30, 'm7gd.8xlarge_use1-az5': 45, 'm7gd.8xlarge_use1-az6': 50, 'm7gd.large_use1-az1': 5, 'm7gd.large_use1-az2': 50, 'm7gd.large_use1-az4': 5, 'm7gd.large_use1-az6': 50, 'm7gd.medium_use1-az1': 15, 'm7gd.medium_use1-az2': 20, 'm7gd.medium_use1-az4': 15, 'm7gd.medium_use1-az5': 20, 'm7gd.medium_use1-az6': 25, 'm7gd.metal_use1-az1': 5, 'm7gd.metal_use1-az2': 15, 'm7gd.metal_use1-az4': 1, 'm7gd.metal_use1-az6': 15, 'm7gd.xlarge_use1-az1': 5, 'm7gd.xlarge_use1-az2': 10, 'm7gd.xlarge_use1-az4': 10, 'm7gd.xlarge_use1-az5': 1, 'm7gd.xlarge_use1-az6': 25, 'm7i-flex.2xlarge_use1-az1': 50, 'm7i-flex.2xlarge_use1-az2': 50, 'm7i-flex.2xlarge_use1-az4': 15, 'm7i-flex.2xlarge_use1-az5': 10, 'm7i-flex.2xlarge_use1-az6': 50, 'm7i-flex.4xlarge_use1-az2': 5, 'm7i-flex.4xlarge_use1-az4': 5, 'm7i-flex.4xlarge_use1-az6': 25, 'm7i-flex.8xlarge_use1-az1': 1, 'm7i-flex.8xlarge_use1-az2': 5, 'm7i-flex.8xlarge_use1-az4': 5, 'm7i-flex.8xlarge_use1-az5': 1, 'm7i-flex.8xlarge_use1-az6': 10, 'm7i-flex.large_use1-az1': 20, 'm7i-flex.large_use1-az2': 50, 'm7i-flex.large_use1-az4': 25, 'm7i-flex.large_use1-az5': 25, 'm7i-flex.large_use1-az6': 50, 'm7i-flex.xlarge_use1-az1': 50, 'm7i-flex.xlarge_use1-az2': 50, 'm7i-flex.xlarge_use1-az4': 50, 'm7i-flex.xlarge_use1-az5': 15, 'm7i-flex.xlarge_use1-az6': 50, 'm7i.12xlarge_use1-az1': 1, 'm7i.12xlarge_use1-az2': 5, 'm7i.12xlarge_use1-az4': 15, 'm7i.12xlarge_use1-az6': 50, 'm7i.16xlarge_use1-az1': 5, 'm7i.16xlarge_use1-az2': 10, 'm7i.16xlarge_use1-az4': 10, 'm7i.16xlarge_use1-az6': 50, 'm7i.24xlarge_use1-az2': 5, 'm7i.24xlarge_use1-az4': 5, 'm7i.24xlarge_use1-az6': 50, 'm7i.2xlarge_use1-az1': 1, 'm7i.2xlarge_use1-az2': 50, 'm7i.2xlarge_use1-az4': 50, 'm7i.2xlarge_use1-az6': 50, 'm7i.48xlarge_use1-az1': 1, 'm7i.48xlarge_use1-az2': 5, 'm7i.48xlarge_use1-az4': 20, 'm7i.48xlarge_use1-az6': 50, 'm7i.4xlarge_use1-az1': 1, 'm7i.4xlarge_use1-az2': 25, 'm7i.4xlarge_use1-az4': 10, 'm7i.4xlarge_use1-az6': 50, 'm7i.8xlarge_use1-az1': 40, 'm7i.8xlarge_use1-az2': 20, 'm7i.8xlarge_use1-az4': 50, 'm7i.8xlarge_use1-az6': 50, 'm7i.large_use1-az1': 50, 'm7i.large_use1-az2': 50, 'm7i.large_use1-az4': 50, 'm7i.large_use1-az5': 1, 'm7i.large_use1-az6': 50, 'm7i.xlarge_use1-az1': 30, 'm7i.xlarge_use1-az2': 35, 'm7i.xlarge_use1-az4': 50, 'm7i.xlarge_use1-az6': 50, 'm8g.12xlarge_use1-az2': 10, 'm8g.12xlarge_use1-az4': 10, 'm8g.12xlarge_use1-az5': 1, 'm8g.12xlarge_use1-az6': 35, 'm8g.16xlarge_use1-az2': 5, 'm8g.16xlarge_use1-az4': 5, 'm8g.16xlarge_use1-az5': 5, 'm8g.16xlarge_use1-az6': 45, 'm8g.24xlarge_use1-az2': 5, 'm8g.24xlarge_use1-az4': 1, 'm8g.24xlarge_use1-az5': 1, 'm8g.24xlarge_use1-az6': 25, 'm8g.2xlarge_use1-az4': 10, 'm8g.2xlarge_use1-az5': 10, 'm8g.48xlarge_use1-az2': 5, 'm8g.48xlarge_use1-az4': 5, 'm8g.48xlarge_use1-az6': 20, 'm8g.4xlarge_use1-az2': 5, 'm8g.4xlarge_use1-az4': 5, 'm8g.4xlarge_use1-az5': 1, 'm8g.4xlarge_use1-az6': 40, 'm8g.8xlarge_use1-az2': 10, 'm8g.8xlarge_use1-az4': 20, 'm8g.8xlarge_use1-az5': 1, 'm8g.8xlarge_use1-az6': 40, 'm8g.large_use1-az1': 1, 'm8g.large_use1-az2': 20, 'm8g.large_use1-az6': 45, 'm8g.medium_use1-az1': 1, 'm8g.medium_use1-az2': 15, 'm8g.metal-48xl_use1-az2': 5, 'm8g.metal-48xl_use1-az6': 25, 'm8g.xlarge_use1-az1': 1, 'm8g.xlarge_use1-az5': 15, 'm8g.xlarge_use1-az6': 50, 'm8gd.16xlarge_use1-az5': 1, 'm8gd.4xlarge_use1-az2': 5, 'm8gd.4xlarge_use1-az4': 1, 'm8gd.4xlarge_use1-az6': 1, 'm8gd.8xlarge_use1-az5': 1, 'm8gd.8xlarge_use1-az6': 5, 'm8gd.large_use1-az1': 20, 'm8gd.large_use1-az2': 15, 'm8gd.large_use1-az5': 1, 'm8gd.large_use1-az6': 1, 'm8gd.medium_use1-az6': 1, 'm8gd.metal-24xl_use1-az2': 1, 'm8gd.xlarge_use1-az1': 1, 'm8gd.xlarge_use1-az5': 1, 'm8i-flex.16xlarge_use1-az6': 5, 'm8i-flex.2xlarge_use1-az2': 10, 'm8i-flex.2xlarge_use1-az4': 1, 'm8i-flex.2xlarge_use1-az6': 50, 'm8i-flex.4xlarge_use1-az2': 1, 'm8i-flex.4xlarge_use1-az4': 1, 'm8i-flex.4xlarge_use1-az6': 5, 'm8i-flex.8xlarge_use1-az6': 1, 'm8i-flex.large_use1-az2': 5, 'm8i-flex.xlarge_use1-az2': 10, 'm8i-flex.xlarge_use1-az4': 25, 'm8i-flex.xlarge_use1-az6': 50, 'm8i.12xlarge_use1-az6': 1, 'm8i.16xlarge_use1-az4': 1, 'm8i.16xlarge_use1-az6': 1, 'm8i.24xlarge_use1-az6': 1, 'm8i.2xlarge_use1-az2': 10, 'm8i.2xlarge_use1-az4': 1, 'm8i.2xlarge_use1-az6': 10, 'm8i.32xlarge_use1-az2': 1, 'm8i.32xlarge_use1-az6': 5, 'm8i.48xlarge_use1-az2': 1, 'm8i.48xlarge_use1-az6': 5, 'm8i.4xlarge_use1-az2': 5, 'm8i.4xlarge_use1-az4': 1, 'm8i.4xlarge_use1-az6': 5, 'm8i.8xlarge_use1-az2': 1, 'm8i.8xlarge_use1-az4': 1, 'm8i.8xlarge_use1-az6': 20, 'm8i.96xlarge_use1-az6': 1, 'm8i.large_use1-az4': 25, 'm8i.metal-48xl_use1-az6': 1, 'm8i.metal-96xl_use1-az6': 1, 'm8i.xlarge_use1-az2': 30, 'm8i.xlarge_use1-az4': 10, 'p3.2xlarge_use1-az1': 50, 'p3.2xlarge_use1-az2': 50, 'p3.2xlarge_use1-az5': 50, 'p3.2xlarge_use1-az6': 50, 'p3dn.24xlarge_use1-az1': 15, 'p3dn.24xlarge_use1-az6': 50, 'p4d.24xlarge_use1-az2': 1, 'p4d.24xlarge_use1-az6': 1, 'p5.48xlarge_use1-az2': 15, 'r3.2xlarge_use1-az2': 1, 'r3.2xlarge_use1-az4': 1, 'r3.2xlarge_use1-az6': 1, 'r3.4xlarge_use1-az4': 1, 'r3.4xlarge_use1-az6': 1, 'r3.8xlarge_use1-az2': 1, 'r3.8xlarge_use1-az4': 1, 'r3.8xlarge_use1-az6': 5, 'r3.large_use1-az2': 50, 'r3.large_use1-az4': 50, 'r3.large_use1-az6': 50, 'r3.xlarge_use1-az2': 40, 'r3.xlarge_use1-az4': 50, 'r3.xlarge_use1-az6': 50, 'r4.16xlarge_use1-az1': 10, 'r4.16xlarge_use1-az2': 10, 'r4.16xlarge_use1-az3': 50, 'r4.16xlarge_use1-az4': 35, 'r4.16xlarge_use1-az5': 15, 'r4.16xlarge_use1-az6': 10, 'r4.2xlarge_use1-az1': 20, 'r4.2xlarge_use1-az2': 50, 'r4.2xlarge_use1-az3': 50, 'r4.2xlarge_use1-az4': 50, 'r4.2xlarge_use1-az5': 5, 'r4.2xlarge_use1-az6': 50, 'r4.4xlarge_use1-az1': 20, 'r4.4xlarge_use1-az2': 50, 'r4.4xlarge_use1-az3': 40, 'r4.4xlarge_use1-az4': 15, 'r4.4xlarge_use1-az5': 5, 'r4.4xlarge_use1-az6': 50, 'r4.8xlarge_use1-az1': 50, 'r4.8xlarge_use1-az2': 50, 'r4.8xlarge_use1-az3': 25, 'r4.8xlarge_use1-az4': 50, 'r4.8xlarge_use1-az5': 5, 'r4.8xlarge_use1-az6': 50, 'r4.large_use1-az1': 35, 'r4.large_use1-az2': 50, 'r4.large_use1-az3': 10, 'r4.large_use1-az4': 50, 'r4.large_use1-az5': 20, 'r4.large_use1-az6': 50, 'r4.xlarge_use1-az1': 50, 'r4.xlarge_use1-az2': 50, 'r4.xlarge_use1-az3': 50, 'r4.xlarge_use1-az4': 50, 'r4.xlarge_use1-az5': 30, 'r4.xlarge_use1-az6': 50, 'r5.12xlarge_use1-az1': 5, 'r5.12xlarge_use1-az2': 5, 'r5.12xlarge_use1-az4': 50, 'r5.12xlarge_use1-az5': 5, 'r5.12xlarge_use1-az6': 5, 'r5.16xlarge_use1-az1': 5, 'r5.16xlarge_use1-az4': 35, 'r5.16xlarge_use1-az5': 30, 'r5.16xlarge_use1-az6': 5, 'r5.24xlarge_use1-az4': 15, 'r5.24xlarge_use1-az5': 5, 'r5.24xlarge_use1-az6': 5, 'r5.2xlarge_use1-az1': 50, 'r5.2xlarge_use1-az2': 50, 'r5.2xlarge_use1-az4': 50, 'r5.2xlarge_use1-az5': 5, 'r5.2xlarge_use1-az6': 50, 'r5.4xlarge_use1-az1': 50, 'r5.4xlarge_use1-az2': 50, 'r5.4xlarge_use1-az4': 50, 'r5.4xlarge_use1-az5': 5, 'r5.4xlarge_use1-az6': 50, 'r5.8xlarge_use1-az1': 50, 'r5.8xlarge_use1-az2': 50, 'r5.8xlarge_use1-az4': 50, 'r5.8xlarge_use1-az5': 5, 'r5.8xlarge_use1-az6': 5, 'r5.large_use1-az1': 50, 'r5.large_use1-az2': 50, 'r5.large_use1-az4': 50, 'r5.large_use1-az5': 50, 'r5.large_use1-az6': 50, 'r5.xlarge_use1-az1': 50, 'r5.xlarge_use1-az2': 50, 'r5.xlarge_use1-az4': 50, 'r5.xlarge_use1-az5': 50, 'r5.xlarge_use1-az6': 50, 'r5a.12xlarge_use1-az1': 1, 'r5a.12xlarge_use1-az2': 1, 'r5a.12xlarge_use1-az4': 5, 'r5a.12xlarge_use1-az6': 5, 'r5a.16xlarge_use1-az1': 10, 'r5a.16xlarge_use1-az2': 10, 'r5a.16xlarge_use1-az4': 10, 'r5a.16xlarge_use1-az5': 5, 'r5a.16xlarge_use1-az6': 5, 'r5a.24xlarge_use1-az1': 5, 'r5a.24xlarge_use1-az2': 15, 'r5a.24xlarge_use1-az4': 10, 'r5a.24xlarge_use1-az5': 1, 'r5a.24xlarge_use1-az6': 10, 'r5a.2xlarge_use1-az1': 10, 'r5a.2xlarge_use1-az2': 20, 'r5a.2xlarge_use1-az4': 35, 'r5a.2xlarge_use1-az5': 5, 'r5a.2xlarge_use1-az6': 30, 'r5a.4xlarge_use1-az1': 25, 'r5a.4xlarge_use1-az2': 50, 'r5a.4xlarge_use1-az4': 50, 'r5a.4xlarge_use1-az5': 5, 'r5a.4xlarge_use1-az6': 50, 'r5a.8xlarge_use1-az1': 25, 'r5a.8xlarge_use1-az2': 10, 'r5a.8xlarge_use1-az4': 15, 'r5a.8xlarge_use1-az5': 30, 'r5a.8xlarge_use1-az6': 20, 'r5a.large_use1-az1': 50, 'r5a.large_use1-az2': 50, 'r5a.large_use1-az4': 50, 'r5a.large_use1-az5': 25, 'r5a.large_use1-az6': 50, 'r5a.xlarge_use1-az1': 20, 'r5a.xlarge_use1-az2': 50, 'r5a.xlarge_use1-az4': 50, 'r5a.xlarge_use1-az5': 5, 'r5a.xlarge_use1-az6': 50, 'r5ad.12xlarge_use1-az2': 1, 'r5ad.16xlarge_use1-az2': 50, 'r5ad.16xlarge_use1-az4': 10, 'r5ad.16xlarge_use1-az5': 1, 'r5ad.16xlarge_use1-az6': 10, 'r5ad.24xlarge_use1-az2': 25, 'r5ad.24xlarge_use1-az4': 1, 'r5ad.24xlarge_use1-az6': 10, 'r5ad.2xlarge_use1-az1': 1, 'r5ad.2xlarge_use1-az2': 1, 'r5ad.2xlarge_use1-az4': 1, 'r5ad.2xlarge_use1-az5': 1, 'r5ad.2xlarge_use1-az6': 1, 'r5ad.4xlarge_use1-az1': 1, 'r5ad.4xlarge_use1-az2': 10, 'r5ad.4xlarge_use1-az4': 5, 'r5ad.4xlarge_use1-az5': 1, 'r5ad.4xlarge_use1-az6': 1, 'r5ad.8xlarge_use1-az2': 5, 'r5ad.8xlarge_use1-az4': 20, 'r5ad.8xlarge_use1-az5': 1, 'r5ad.8xlarge_use1-az6': 10, 'r5ad.large_use1-az1': 1, 'r5ad.large_use1-az2': 30, 'r5ad.large_use1-az4': 10, 'r5ad.large_use1-az5': 5, 'r5ad.large_use1-az6': 10, 'r5ad.xlarge_use1-az1': 1, 'r5ad.xlarge_use1-az2': 10, 'r5ad.xlarge_use1-az4': 10, 'r5ad.xlarge_use1-az5': 1, 'r5ad.xlarge_use1-az6': 5, 'r5b.12xlarge_use1-az1': 5, 'r5b.12xlarge_use1-az4': 5, 'r5b.12xlarge_use1-az6': 1, 'r5b.16xlarge_use1-az1': 5, 'r5b.16xlarge_use1-az2': 5, 'r5b.16xlarge_use1-az4': 5, 'r5b.16xlarge_use1-az6': 5, 'r5b.24xlarge_use1-az1': 1, 'r5b.24xlarge_use1-az4': 5, 'r5b.24xlarge_use1-az6': 1, 'r5b.2xlarge_use1-az1': 1, 'r5b.2xlarge_use1-az2': 1, 'r5b.2xlarge_use1-az4': 1, 'r5b.2xlarge_use1-az6': 1, 'r5b.4xlarge_use1-az1': 5, 'r5b.4xlarge_use1-az2': 5, 'r5b.4xlarge_use1-az4': 5, 'r5b.4xlarge_use1-az6': 5, 'r5b.8xlarge_use1-az1': 5, 'r5b.8xlarge_use1-az2': 1, 'r5b.8xlarge_use1-az4': 1, 'r5b.8xlarge_use1-az6': 1, 'r5b.large_use1-az1': 1, 'r5b.large_use1-az2': 5, 'r5b.large_use1-az4': 10, 'r5b.large_use1-az6': 5, 'r5b.xlarge_use1-az1': 1, 'r5b.xlarge_use1-az2': 1, 'r5b.xlarge_use1-az4': 5, 'r5b.xlarge_use1-az6': 1, 'r5d.12xlarge_use1-az1': 1, 'r5d.12xlarge_use1-az2': 5, 'r5d.12xlarge_use1-az4': 10, 'r5d.12xlarge_use1-az6': 1, 'r5d.16xlarge_use1-az1': 5, 'r5d.16xlarge_use1-az2': 50, 'r5d.16xlarge_use1-az4': 50, 'r5d.16xlarge_use1-az5': 10, 'r5d.16xlarge_use1-az6': 50, 'r5d.24xlarge_use1-az1': 1, 'r5d.24xlarge_use1-az2': 1, 'r5d.24xlarge_use1-az4': 10, 'r5d.24xlarge_use1-az5': 1, 'r5d.24xlarge_use1-az6': 10, 'r5d.2xlarge_use1-az1': 5, 'r5d.2xlarge_use1-az2': 15, 'r5d.2xlarge_use1-az4': 15, 'r5d.2xlarge_use1-az5': 1, 'r5d.2xlarge_use1-az6': 15, 'r5d.4xlarge_use1-az1': 5, 'r5d.4xlarge_use1-az2': 20, 'r5d.4xlarge_use1-az4': 45, 'r5d.4xlarge_use1-az5': 5, 'r5d.4xlarge_use1-az6': 25, 'r5d.8xlarge_use1-az1': 5, 'r5d.8xlarge_use1-az2': 15, 'r5d.8xlarge_use1-az4': 15, 'r5d.8xlarge_use1-az5': 5, 'r5d.8xlarge_use1-az6': 50, 'r5d.large_use1-az1': 10, 'r5d.large_use1-az2': 50, 'r5d.large_use1-az4': 50, 'r5d.large_use1-az5': 5, 'r5d.large_use1-az6': 50, 'r5d.xlarge_use1-az1': 1, 'r5d.xlarge_use1-az2': 15, 'r5d.xlarge_use1-az4': 15, 'r5d.xlarge_use1-az5': 1, 'r5d.xlarge_use1-az6': 10, 'r5dn.12xlarge_use1-az1': 1, 'r5dn.12xlarge_use1-az2': 1, 'r5dn.12xlarge_use1-az4': 1, 'r5dn.12xlarge_use1-az5': 1, 'r5dn.12xlarge_use1-az6': 1, 'r5dn.16xlarge_use1-az1': 5, 'r5dn.16xlarge_use1-az2': 5, 'r5dn.16xlarge_use1-az4': 15, 'r5dn.16xlarge_use1-az5': 10, 'r5dn.16xlarge_use1-az6': 30, 'r5dn.24xlarge_use1-az2': 5, 'r5dn.24xlarge_use1-az4': 10, 'r5dn.24xlarge_use1-az5': 1, 'r5dn.24xlarge_use1-az6': 25, 'r5dn.2xlarge_use1-az1': 50, 'r5dn.2xlarge_use1-az2': 45, 'r5dn.2xlarge_use1-az4': 30, 'r5dn.2xlarge_use1-az5': 50, 'r5dn.2xlarge_use1-az6': 5, 'r5dn.4xlarge_use1-az1': 5, 'r5dn.4xlarge_use1-az2': 25, 'r5dn.4xlarge_use1-az4': 45, 'r5dn.4xlarge_use1-az5': 5, 'r5dn.4xlarge_use1-az6': 20, 'r5dn.8xlarge_use1-az1': 1, 'r5dn.8xlarge_use1-az2': 5, 'r5dn.8xlarge_use1-az4': 5, 'r5dn.8xlarge_use1-az5': 5, 'r5dn.8xlarge_use1-az6': 50, 'r5dn.large_use1-az1': 50, 'r5dn.large_use1-az2': 50, 'r5dn.large_use1-az4': 50, 'r5dn.large_use1-az5': 50, 'r5dn.large_use1-az6': 50, 'r5dn.xlarge_use1-az1': 5, 'r5dn.xlarge_use1-az2': 15, 'r5dn.xlarge_use1-az4': 15, 'r5dn.xlarge_use1-az5': 15, 'r5dn.xlarge_use1-az6': 15, 'r5n.12xlarge_use1-az2': 1, 'r5n.12xlarge_use1-az4': 1, 'r5n.12xlarge_use1-az6': 1, 'r5n.16xlarge_use1-az1': 1, 'r5n.16xlarge_use1-az2': 10, 'r5n.16xlarge_use1-az4': 35, 'r5n.16xlarge_use1-az5': 1, 'r5n.16xlarge_use1-az6': 20, 'r5n.2xlarge_use1-az1': 5, 'r5n.2xlarge_use1-az2': 5, 'r5n.2xlarge_use1-az4': 15, 'r5n.2xlarge_use1-az5': 1, 'r5n.2xlarge_use1-az6': 1, 'r5n.4xlarge_use1-az1': 5, 'r5n.4xlarge_use1-az2': 25, 'r5n.4xlarge_use1-az4': 15, 'r5n.4xlarge_use1-az5': 5, 'r5n.4xlarge_use1-az6': 35, 'r5n.8xlarge_use1-az1': 10, 'r5n.8xlarge_use1-az2': 20, 'r5n.8xlarge_use1-az4': 35, 'r5n.8xlarge_use1-az6': 15, 'r5n.large_use1-az1': 20, 'r5n.large_use1-az2': 50, 'r5n.large_use1-az4': 50, 'r5n.large_use1-az5': 10, 'r5n.large_use1-az6': 30, 'r5n.xlarge_use1-az1': 1, 'r5n.xlarge_use1-az2': 10, 'r5n.xlarge_use1-az4': 15, 'r5n.xlarge_use1-az5': 1, 'r5n.xlarge_use1-az6': 20, 'r6a.12xlarge_use1-az1': 1, 'r6a.12xlarge_use1-az2': 10, 'r6a.12xlarge_use1-az4': 5, 'r6a.12xlarge_use1-az6': 10, 'r6a.16xlarge_use1-az1': 5, 'r6a.16xlarge_use1-az2': 15, 'r6a.16xlarge_use1-az4': 30, 'r6a.16xlarge_use1-az5': 15, 'r6a.16xlarge_use1-az6': 40, 'r6a.24xlarge_use1-az2': 5, 'r6a.24xlarge_use1-az4': 1, 'r6a.24xlarge_use1-az5': 1, 'r6a.24xlarge_use1-az6': 5, 'r6a.2xlarge_use1-az1': 50, 'r6a.2xlarge_use1-az2': 50, 'r6a.2xlarge_use1-az4': 40, 'r6a.2xlarge_use1-az5': 1, 'r6a.2xlarge_use1-az6': 50, 'r6a.32xlarge_use1-az2': 5, 'r6a.32xlarge_use1-az4': 5, 'r6a.32xlarge_use1-az5': 5, 'r6a.32xlarge_use1-az6': 5, 'r6a.48xlarge_use1-az2': 5, 'r6a.48xlarge_use1-az4': 5, 'r6a.48xlarge_use1-az5': 5, 'r6a.48xlarge_use1-az6': 1, 'r6a.4xlarge_use1-az1': 50, 'r6a.4xlarge_use1-az2': 50, 'r6a.4xlarge_use1-az4': 50, 'r6a.4xlarge_use1-az5': 40, 'r6a.4xlarge_use1-az6': 50, 'r6a.8xlarge_use1-az1': 20, 'r6a.8xlarge_use1-az2': 50, 'r6a.8xlarge_use1-az4': 50, 'r6a.8xlarge_use1-az5': 50, 'r6a.8xlarge_use1-az6': 50, 'r6a.large_use1-az1': 50, 'r6a.large_use1-az2': 50, 'r6a.large_use1-az4': 50, 'r6a.large_use1-az5': 50, 'r6a.large_use1-az6': 50, 'r6a.xlarge_use1-az1': 50, 'r6a.xlarge_use1-az2': 50, 'r6a.xlarge_use1-az4': 50, 'r6a.xlarge_use1-az5': 50, 'r6a.xlarge_use1-az6': 50, 'r6g.12xlarge_use1-az2': 50, 'r6g.12xlarge_use1-az4': 45, 'r6g.12xlarge_use1-az5': 10, 'r6g.12xlarge_use1-az6': 50, 'r6g.16xlarge_use1-az1': 1, 'r6g.16xlarge_use1-az2': 50, 'r6g.16xlarge_use1-az4': 50, 'r6g.16xlarge_use1-az5': 50, 'r6g.16xlarge_use1-az6': 50, 'r6g.2xlarge_use1-az1': 1, 'r6g.2xlarge_use1-az2': 25, 'r6g.2xlarge_use1-az4': 40, 'r6g.2xlarge_use1-az5': 10, 'r6g.2xlarge_use1-az6': 50, 'r6g.4xlarge_use1-az1': 10, 'r6g.4xlarge_use1-az2': 50, 'r6g.4xlarge_use1-az4': 50, 'r6g.4xlarge_use1-az5': 50, 'r6g.4xlarge_use1-az6': 50, 'r6g.8xlarge_use1-az1': 1, 'r6g.8xlarge_use1-az2': 10, 'r6g.8xlarge_use1-az4': 50, 'r6g.8xlarge_use1-az5': 50, 'r6g.8xlarge_use1-az6': 50, 'r6g.large_use1-az1': 10, 'r6g.large_use1-az2': 40, 'r6g.large_use1-az4': 50, 'r6g.large_use1-az5': 5, 'r6g.large_use1-az6': 50, 'r6g.medium_use1-az1': 1, 'r6g.medium_use1-az2': 10, 'r6g.medium_use1-az4': 15, 'r6g.medium_use1-az5': 15, 'r6g.medium_use1-az6': 35, 'r6g.xlarge_use1-az1': 1, 'r6g.xlarge_use1-az2': 50, 'r6g.xlarge_use1-az4': 50, 'r6g.xlarge_use1-az5': 50, 'r6g.xlarge_use1-az6': 50, 'r6gd.12xlarge_use1-az1': 1, 'r6gd.12xlarge_use1-az2': 5, 'r6gd.12xlarge_use1-az4': 10, 'r6gd.12xlarge_use1-az5': 1, 'r6gd.12xlarge_use1-az6': 10, 'r6gd.16xlarge_use1-az1': 5, 'r6gd.16xlarge_use1-az2': 5, 'r6gd.16xlarge_use1-az4': 50, 'r6gd.16xlarge_use1-az5': 1, 'r6gd.16xlarge_use1-az6': 45, 'r6gd.2xlarge_use1-az1': 1, 'r6gd.2xlarge_use1-az2': 20, 'r6gd.2xlarge_use1-az4': 30, 'r6gd.2xlarge_use1-az5': 1, 'r6gd.2xlarge_use1-az6': 1, 'r6gd.4xlarge_use1-az1': 5, 'r6gd.4xlarge_use1-az2': 20, 'r6gd.4xlarge_use1-az4': 50, 'r6gd.4xlarge_use1-az5': 1, 'r6gd.4xlarge_use1-az6': 25, 'r6gd.8xlarge_use1-az1': 1, 'r6gd.8xlarge_use1-az2': 10, 'r6gd.8xlarge_use1-az4': 20, 'r6gd.8xlarge_use1-az5': 1, 'r6gd.8xlarge_use1-az6': 30, 'r6gd.large_use1-az1': 50, 'r6gd.large_use1-az2': 50, 'r6gd.large_use1-az4': 50, 'r6gd.large_use1-az5': 50, 'r6gd.large_use1-az6': 50, 'r6gd.medium_use1-az1': 5, 'r6gd.medium_use1-az2': 1, 'r6gd.medium_use1-az4': 5, 'r6gd.medium_use1-az5': 5, 'r6gd.medium_use1-az6': 1, 'r6gd.xlarge_use1-az1': 1, 'r6gd.xlarge_use1-az2': 1, 'r6gd.xlarge_use1-az4': 5, 'r6gd.xlarge_use1-az6': 10, 'r6i.12xlarge_use1-az1': 5, 'r6i.12xlarge_use1-az2': 5, 'r6i.12xlarge_use1-az4': 5, 'r6i.12xlarge_use1-az5': 1, 'r6i.12xlarge_use1-az6': 10, 'r6i.16xlarge_use1-az1': 1, 'r6i.16xlarge_use1-az2': 1, 'r6i.16xlarge_use1-az4': 10, 'r6i.16xlarge_use1-az5': 10, 'r6i.16xlarge_use1-az6': 1, 'r6i.24xlarge_use1-az4': 10, 'r6i.24xlarge_use1-az5': 1, 'r6i.24xlarge_use1-az6': 5, 'r6i.2xlarge_use1-az1': 15, 'r6i.2xlarge_use1-az2': 35, 'r6i.2xlarge_use1-az4': 50, 'r6i.2xlarge_use1-az5': 5, 'r6i.2xlarge_use1-az6': 50, 'r6i.32xlarge_use1-az4': 1, 'r6i.32xlarge_use1-az5': 1, 'r6i.32xlarge_use1-az6': 1, 'r6i.4xlarge_use1-az1': 30, 'r6i.4xlarge_use1-az2': 20, 'r6i.4xlarge_use1-az4': 20, 'r6i.4xlarge_use1-az5': 10, 'r6i.4xlarge_use1-az6': 40, 'r6i.8xlarge_use1-az1': 5, 'r6i.8xlarge_use1-az2': 10, 'r6i.8xlarge_use1-az4': 10, 'r6i.8xlarge_use1-az5': 5, 'r6i.8xlarge_use1-az6': 10, 'r6i.large_use1-az1': 20, 'r6i.large_use1-az2': 50, 'r6i.large_use1-az4': 50, 'r6i.large_use1-az5': 20, 'r6i.large_use1-az6': 50, 'r6i.xlarge_use1-az1': 15, 'r6i.xlarge_use1-az2': 45, 'r6i.xlarge_use1-az4': 50, 'r6i.xlarge_use1-az5': 10, 'r6i.xlarge_use1-az6': 50, 'r6id.12xlarge_use1-az1': 1, 'r6id.12xlarge_use1-az2': 5, 'r6id.12xlarge_use1-az4': 1, 'r6id.12xlarge_use1-az6': 5, 'r6id.16xlarge_use1-az1': 5, 'r6id.16xlarge_use1-az2': 5, 'r6id.16xlarge_use1-az4': 15, 'r6id.16xlarge_use1-az5': 1, 'r6id.16xlarge_use1-az6': 20, 'r6id.24xlarge_use1-az1': 10, 'r6id.24xlarge_use1-az2': 10, 'r6id.24xlarge_use1-az4': 5, 'r6id.24xlarge_use1-az5': 15, 'r6id.24xlarge_use1-az6': 25, 'r6id.2xlarge_use1-az1': 5, 'r6id.2xlarge_use1-az2': 1, 'r6id.2xlarge_use1-az4': 10, 'r6id.2xlarge_use1-az5': 1, 'r6id.2xlarge_use1-az6': 10, 'r6id.32xlarge_use1-az1': 1, 'r6id.32xlarge_use1-az2': 5, 'r6id.32xlarge_use1-az4': 1, 'r6id.32xlarge_use1-az5': 1, 'r6id.32xlarge_use1-az6': 10, 'r6id.4xlarge_use1-az1': 40, 'r6id.4xlarge_use1-az2': 50, 'r6id.4xlarge_use1-az4': 10, 'r6id.4xlarge_use1-az5': 20, 'r6id.4xlarge_use1-az6': 35, 'r6id.8xlarge_use1-az1': 1, 'r6id.8xlarge_use1-az2': 1, 'r6id.8xlarge_use1-az4': 5, 'r6id.8xlarge_use1-az5': 1, 'r6id.8xlarge_use1-az6': 5, 'r6id.large_use1-az1': 15, 'r6id.large_use1-az2': 10, 'r6id.large_use1-az4': 5, 'r6id.large_use1-az5': 15, 'r6id.large_use1-az6': 30, 'r6id.xlarge_use1-az1': 5, 'r6id.xlarge_use1-az2': 15, 'r6id.xlarge_use1-az4': 10, 'r6id.xlarge_use1-az5': 15, 'r6id.xlarge_use1-az6': 15, 'r6idn.16xlarge_use1-az4': 1, 'r6idn.16xlarge_use1-az5': 1, 'r6idn.16xlarge_use1-az6': 1, 'r6idn.24xlarge_use1-az6': 1, 'r6idn.2xlarge_use1-az1': 1, 'r6idn.2xlarge_use1-az2': 1, 'r6idn.2xlarge_use1-az4': 5, 'r6idn.2xlarge_use1-az5': 1, 'r6idn.2xlarge_use1-az6': 5, 'r6idn.32xlarge_use1-az6': 1, 'r6idn.4xlarge_use1-az1': 15, 'r6idn.4xlarge_use1-az2': 15, 'r6idn.4xlarge_use1-az4': 15, 'r6idn.4xlarge_use1-az5': 5, 'r6idn.4xlarge_use1-az6': 10, 'r6idn.8xlarge_use1-az2': 1, 'r6idn.8xlarge_use1-az4': 1, 'r6idn.8xlarge_use1-az6': 5, 'r6idn.large_use1-az1': 1, 'r6idn.large_use1-az2': 1, 'r6idn.large_use1-az4': 5, 'r6idn.large_use1-az5': 5, 'r6idn.large_use1-az6': 5, 'r6idn.xlarge_use1-az1': 5, 'r6idn.xlarge_use1-az2': 1, 'r6idn.xlarge_use1-az4': 5, 'r6idn.xlarge_use1-az5': 1, 'r6idn.xlarge_use1-az6': 5, 'r6in.12xlarge_use1-az1': 1, 'r6in.12xlarge_use1-az6': 5, 'r6in.16xlarge_use1-az4': 1, 'r6in.16xlarge_use1-az5': 1, 'r6in.16xlarge_use1-az6': 5, 'r6in.24xlarge_use1-az6': 1, 'r6in.2xlarge_use1-az1': 1, 'r6in.2xlarge_use1-az2': 1, 'r6in.2xlarge_use1-az4': 1, 'r6in.2xlarge_use1-az5': 1, 'r6in.2xlarge_use1-az6': 1, 'r6in.4xlarge_use1-az1': 5, 'r6in.4xlarge_use1-az2': 20, 'r6in.4xlarge_use1-az4': 15, 'r6in.4xlarge_use1-az5': 20, 'r6in.4xlarge_use1-az6': 20, 'r6in.8xlarge_use1-az1': 5, 'r6in.8xlarge_use1-az4': 1, 'r6in.8xlarge_use1-az6': 5, 'r6in.large_use1-az1': 45, 'r6in.large_use1-az2': 50, 'r6in.large_use1-az4': 50, 'r6in.large_use1-az5': 40, 'r6in.large_use1-az6': 50, 'r6in.xlarge_use1-az1': 1, 'r6in.xlarge_use1-az2': 1, 'r6in.xlarge_use1-az4': 1, 'r6in.xlarge_use1-az5': 1, 'r6in.xlarge_use1-az6': 1, 'r7a.12xlarge_use1-az1': 1, 'r7a.12xlarge_use1-az2': 1, 'r7a.12xlarge_use1-az4': 5, 'r7a.12xlarge_use1-az6': 20, 'r7a.16xlarge_use1-az1': 1, 'r7a.16xlarge_use1-az2': 15, 'r7a.16xlarge_use1-az4': 30, 'r7a.16xlarge_use1-az6': 50, 'r7a.24xlarge_use1-az2': 10, 'r7a.24xlarge_use1-az4': 10, 'r7a.24xlarge_use1-az6': 35, 'r7a.2xlarge_use1-az1': 1, 'r7a.2xlarge_use1-az2': 5, 'r7a.2xlarge_use1-az4': 25, 'r7a.2xlarge_use1-az6': 1, 'r7a.32xlarge_use1-az2': 1, 'r7a.32xlarge_use1-az4': 1, 'r7a.32xlarge_use1-az6': 50, 'r7a.48xlarge_use1-az2': 5, 'r7a.48xlarge_use1-az4': 5, 'r7a.48xlarge_use1-az6': 50, 'r7a.4xlarge_use1-az1': 5, 'r7a.4xlarge_use1-az2': 25, 'r7a.4xlarge_use1-az4': 50, 'r7a.4xlarge_use1-az6': 50, 'r7a.8xlarge_use1-az1': 5, 'r7a.8xlarge_use1-az2': 20, 'r7a.8xlarge_use1-az4': 50, 'r7a.8xlarge_use1-az6': 50, 'r7a.large_use1-az1': 50, 'r7a.large_use1-az2': 50, 'r7a.large_use1-az4': 50, 'r7a.large_use1-az6': 50, 'r7a.medium_use1-az1': 10, 'r7a.medium_use1-az2': 25, 'r7a.medium_use1-az4': 50, 'r7a.medium_use1-az6': 50, 'r7a.xlarge_use1-az1': 20, 'r7a.xlarge_use1-az2': 50, 'r7a.xlarge_use1-az4': 50, 'r7a.xlarge_use1-az6': 25, 'r7g.12xlarge_use1-az1': 1, 'r7g.12xlarge_use1-az2': 5, 'r7g.12xlarge_use1-az4': 50, 'r7g.12xlarge_use1-az5': 1, 'r7g.12xlarge_use1-az6': 5, 'r7g.16xlarge_use1-az1': 5, 'r7g.16xlarge_use1-az2': 30, 'r7g.16xlarge_use1-az4': 50, 'r7g.16xlarge_use1-az5': 5, 'r7g.16xlarge_use1-az6': 50, 'r7g.2xlarge_use1-az1': 5, 'r7g.2xlarge_use1-az2': 10, 'r7g.2xlarge_use1-az4': 50, 'r7g.2xlarge_use1-az5': 5, 'r7g.2xlarge_use1-az6': 15, 'r7g.4xlarge_use1-az1': 5, 'r7g.4xlarge_use1-az2': 5, 'r7g.4xlarge_use1-az4': 50, 'r7g.4xlarge_use1-az5': 5, 'r7g.4xlarge_use1-az6': 15, 'r7g.8xlarge_use1-az1': 1, 'r7g.8xlarge_use1-az2': 50, 'r7g.8xlarge_use1-az4': 50, 'r7g.8xlarge_use1-az5': 50, 'r7g.8xlarge_use1-az6': 50, 'r7g.large_use1-az1': 20, 'r7g.large_use1-az2': 50, 'r7g.large_use1-az4': 50, 'r7g.large_use1-az5': 40, 'r7g.large_use1-az6': 40, 'r7g.medium_use1-az1': 50, 'r7g.medium_use1-az2': 50, 'r7g.medium_use1-az4': 50, 'r7g.medium_use1-az5': 25, 'r7g.medium_use1-az6': 50, 'r7g.xlarge_use1-az1': 50, 'r7g.xlarge_use1-az2': 50, 'r7g.xlarge_use1-az4': 50, 'r7g.xlarge_use1-az5': 10, 'r7g.xlarge_use1-az6': 50, 'r7gd.12xlarge_use1-az1': 1, 'r7gd.12xlarge_use1-az2': 10, 'r7gd.12xlarge_use1-az4': 35, 'r7gd.12xlarge_use1-az5': 10, 'r7gd.12xlarge_use1-az6': 50, 'r7gd.16xlarge_use1-az1': 5, 'r7gd.16xlarge_use1-az2': 50, 'r7gd.16xlarge_use1-az4': 50, 'r7gd.16xlarge_use1-az5': 50, 'r7gd.16xlarge_use1-az6': 50, 'r7gd.2xlarge_use1-az1': 5, 'r7gd.2xlarge_use1-az2': 25, 'r7gd.2xlarge_use1-az4': 25, 'r7gd.2xlarge_use1-az5': 40, 'r7gd.2xlarge_use1-az6': 50, 'r7gd.4xlarge_use1-az1': 1, 'r7gd.4xlarge_use1-az2': 20, 'r7gd.4xlarge_use1-az4': 25, 'r7gd.4xlarge_use1-az5': 30, 'r7gd.4xlarge_use1-az6': 50, 'r7gd.8xlarge_use1-az1': 1, 'r7gd.8xlarge_use1-az2': 10, 'r7gd.8xlarge_use1-az4': 30, 'r7gd.8xlarge_use1-az5': 20, 'r7gd.8xlarge_use1-az6': 50, 'r7gd.large_use1-az1': 15, 'r7gd.large_use1-az2': 10, 'r7gd.large_use1-az4': 50, 'r7gd.large_use1-az5': 15, 'r7gd.large_use1-az6': 35, 'r7gd.medium_use1-az1': 35, 'r7gd.medium_use1-az2': 15, 'r7gd.medium_use1-az4': 25, 'r7gd.medium_use1-az5': 15, 'r7gd.medium_use1-az6': 20, 'r7gd.xlarge_use1-az1': 1, 'r7gd.xlarge_use1-az2': 10, 'r7gd.xlarge_use1-az4': 25, 'r7gd.xlarge_use1-az5': 10, 'r7gd.xlarge_use1-az6': 50, 'r7i.12xlarge_use1-az4': 1, 'r7i.12xlarge_use1-az6': 10, 'r7i.16xlarge_use1-az1': 5, 'r7i.16xlarge_use1-az2': 15, 'r7i.16xlarge_use1-az4': 45, 'r7i.16xlarge_use1-az5': 5, 'r7i.16xlarge_use1-az6': 50, 'r7i.24xlarge_use1-az1': 1, 'r7i.24xlarge_use1-az2': 1, 'r7i.24xlarge_use1-az4': 5, 'r7i.24xlarge_use1-az5': 5, 'r7i.24xlarge_use1-az6': 5, 'r7i.2xlarge_use1-az1': 5, 'r7i.2xlarge_use1-az2': 5, 'r7i.2xlarge_use1-az4': 10, 'r7i.2xlarge_use1-az5': 5, 'r7i.2xlarge_use1-az6': 50, 'r7i.48xlarge_use1-az2': 1, 'r7i.48xlarge_use1-az4': 5, 'r7i.48xlarge_use1-az5': 1, 'r7i.48xlarge_use1-az6': 5, 'r7i.4xlarge_use1-az1': 5, 'r7i.4xlarge_use1-az2': 20, 'r7i.4xlarge_use1-az4': 10, 'r7i.4xlarge_use1-az5': 1, 'r7i.4xlarge_use1-az6': 50, 'r7i.8xlarge_use1-az1': 5, 'r7i.8xlarge_use1-az2': 25, 'r7i.8xlarge_use1-az4': 25, 'r7i.8xlarge_use1-az5': 5, 'r7i.8xlarge_use1-az6': 50, 'r7i.large_use1-az1': 15, 'r7i.large_use1-az2': 50, 'r7i.large_use1-az4': 50, 'r7i.large_use1-az5': 15, 'r7i.large_use1-az6': 50, 'r7i.xlarge_use1-az1': 5, 'r7i.xlarge_use1-az2': 15, 'r7i.xlarge_use1-az4': 10, 'r7i.xlarge_use1-az5': 15, 'r7i.xlarge_use1-az6': 50, 'r8g.12xlarge_use1-az2': 5, 'r8g.12xlarge_use1-az4': 5, 'r8g.12xlarge_use1-az6': 15, 'r8g.16xlarge_use1-az1': 1, 'r8g.16xlarge_use1-az2': 50, 'r8g.16xlarge_use1-az4': 50, 'r8g.16xlarge_use1-az5': 5, 'r8g.16xlarge_use1-az6': 50, 'r8g.24xlarge_use1-az2': 10, 'r8g.24xlarge_use1-az4': 5, 'r8g.24xlarge_use1-az5': 5, 'r8g.24xlarge_use1-az6': 35, 'r8g.2xlarge_use1-az2': 5, 'r8g.2xlarge_use1-az4': 5, 'r8g.2xlarge_use1-az5': 1, 'r8g.2xlarge_use1-az6': 5, 'r8g.48xlarge_use1-az2': 1, 'r8g.48xlarge_use1-az4': 5, 'r8g.48xlarge_use1-az6': 5, 'r8g.4xlarge_use1-az2': 10, 'r8g.4xlarge_use1-az4': 35, 'r8g.4xlarge_use1-az5': 5, 'r8g.4xlarge_use1-az6': 50, 'r8g.8xlarge_use1-az2': 40, 'r8g.8xlarge_use1-az4': 15, 'r8g.8xlarge_use1-az5': 1, 'r8g.8xlarge_use1-az6': 50, 'r8g.large_use1-az1': 5, 'r8g.large_use1-az2': 30, 'r8g.large_use1-az4': 15, 'r8g.large_use1-az5': 10, 'r8g.large_use1-az6': 20, 'r8g.medium_use1-az1': 15, 'r8g.medium_use1-az2': 30, 'r8g.medium_use1-az4': 20, 'r8g.medium_use1-az5': 5, 'r8g.medium_use1-az6': 15, 'r8g.xlarge_use1-az1': 1, 'r8g.xlarge_use1-az2': 10, 'r8g.xlarge_use1-az4': 5, 'r8g.xlarge_use1-az5': 5, 'r8g.xlarge_use1-az6': 10, 'r8gb.24xlarge_use1-az6': 1, 'r8gb.2xlarge_use1-az2': 1, 'r8gb.2xlarge_use1-az4': 1, 'r8gb.2xlarge_use1-az6': 1, 'r8gb.large_use1-az2': 20, 'r8gb.large_use1-az4': 15, 'r8gb.large_use1-az6': 25, 'r8gb.medium_use1-az2': 50, 'r8gb.metal-24xl_use1-az6': 1, 'r8gb.xlarge_use1-az2': 5, 'r8gb.xlarge_use1-az4': 5, 'r8gb.xlarge_use1-az6': 5, 'r8gd.12xlarge_use1-az5': 1, 'r8gd.12xlarge_use1-az6': 1, 'r8gd.16xlarge_use1-az2': 1, 'r8gd.16xlarge_use1-az4': 1, 'r8gd.16xlarge_use1-az5': 1, 'r8gd.16xlarge_use1-az6': 15, 'r8gd.24xlarge_use1-az2': 1, 'r8gd.24xlarge_use1-az5': 1, 'r8gd.24xlarge_use1-az6': 25, 'r8gd.2xlarge_use1-az2': 25, 'r8gd.2xlarge_use1-az4': 30, 'r8gd.2xlarge_use1-az6': 50, 'r8gd.48xlarge_use1-az6': 50, 'r8gd.4xlarge_use1-az1': 1, 'r8gd.4xlarge_use1-az2': 20, 'r8gd.4xlarge_use1-az5': 1, 'r8gd.4xlarge_use1-az6': 15, 'r8gd.8xlarge_use1-az2': 5, 'r8gd.8xlarge_use1-az4': 1, 'r8gd.8xlarge_use1-az5': 1, 'r8gd.8xlarge_use1-az6': 1, 'r8gd.large_use1-az2': 50, 'r8gd.large_use1-az5': 1, 'r8gd.large_use1-az6': 50, 'r8gd.medium_use1-az1': 5, 'r8gd.medium_use1-az2': 5, 'r8gd.medium_use1-az4': 5, 'r8gd.medium_use1-az5': 10, 'r8gd.metal-24xl_use1-az6': 1, 'r8gd.metal-48xl_use1-az6': 1, 'r8gd.xlarge_use1-az2': 25, 'r8gd.xlarge_use1-az4': 1, 'r8gd.xlarge_use1-az5': 50, 'r8gd.xlarge_use1-az6': 40, 'r8gn.16xlarge_use1-az6': 1, 'r8gn.24xlarge_use1-az2': 1, 'r8gn.2xlarge_use1-az2': 1, 'r8gn.2xlarge_use1-az4': 1, 'r8gn.2xlarge_use1-az6': 1, 'r8gn.48xlarge_use1-az6': 1, 'r8gn.4xlarge_use1-az6': 5, 'r8gn.8xlarge_use1-az2': 1, 'r8gn.8xlarge_use1-az6': 5, 'r8gn.large_use1-az2': 20, 'r8gn.large_use1-az4': 15, 'r8gn.large_use1-az6': 20, 'r8gn.medium_use1-az2': 35, 'r8gn.medium_use1-az4': 40, 'r8gn.metal-24xl_use1-az2': 1, 'r8gn.metal-24xl_use1-az6': 1, 'r8gn.xlarge_use1-az2': 1, 'r8gn.xlarge_use1-az4': 5, 'r8gn.xlarge_use1-az6': 10, 'r8i-flex.2xlarge_use1-az2': 1, 'r8i-flex.2xlarge_use1-az6': 5, 'r8i-flex.4xlarge_use1-az2': 1, 'r8i-flex.4xlarge_use1-az6': 1, 'r8i-flex.large_use1-az2': 1, 'r8i-flex.large_use1-az6': 5, 'r8i-flex.xlarge_use1-az2': 5, 'r8i-flex.xlarge_use1-az6': 1, 'r8i.12xlarge_use1-az2': 1, 'r8i.12xlarge_use1-az6': 1, 'r8i.16xlarge_use1-az2': 1, 'r8i.16xlarge_use1-az6': 1, 'r8i.24xlarge_use1-az6': 1, 'r8i.2xlarge_use1-az2': 5, 'r8i.2xlarge_use1-az6': 5, 'r8i.32xlarge_use1-az2': 1, 'r8i.32xlarge_use1-az6': 1, 'r8i.48xlarge_use1-az2': 1, 'r8i.48xlarge_use1-az6': 1, 'r8i.4xlarge_use1-az2': 1, 'r8i.4xlarge_use1-az6': 5, 'r8i.8xlarge_use1-az2': 1, 'r8i.8xlarge_use1-az6': 5, 'r8i.96xlarge_use1-az2': 1, 'r8i.96xlarge_use1-az6': 1, 'r8i.large_use1-az2': 20, 'r8i.large_use1-az6': 20, 'r8i.xlarge_use1-az2': 5, 'r8i.xlarge_use1-az6': 5, 't2.2xlarge_use1-az1': 50, 't2.2xlarge_use1-az2': 50, 't2.2xlarge_use1-az3': 15, 't2.2xlarge_use1-az4': 50, 't2.2xlarge_use1-az5': 50, 't2.2xlarge_use1-az6': 50, 't2.large_use1-az1': 20, 't2.large_use1-az2': 50, 't2.large_use1-az3': 50, 't2.large_use1-az4': 50, 't2.large_use1-az5': 25, 't2.large_use1-az6': 50, 't2.medium_use1-az1': 50, 't2.medium_use1-az2': 50, 't2.medium_use1-az3': 50, 't2.medium_use1-az4': 50, 't2.medium_use1-az5': 50, 't2.medium_use1-az6': 50, 't2.xlarge_use1-az1': 35, 't2.xlarge_use1-az2': 50, 't2.xlarge_use1-az3': 20, 't2.xlarge_use1-az4': 50, 't2.xlarge_use1-az5': 5, 't2.xlarge_use1-az6': 50, 't3.2xlarge_use1-az1': 50, 't3.2xlarge_use1-az2': 50, 't3.2xlarge_use1-az4': 50, 't3.2xlarge_use1-az5': 50, 't3.2xlarge_use1-az6': 50, 't3.large_use1-az1': 50, 't3.large_use1-az2': 50, 't3.large_use1-az4': 50, 't3.large_use1-az5': 50, 't3.large_use1-az6': 50, 't3.medium_use1-az1': 50, 't3.medium_use1-az2': 50, 't3.medium_use1-az4': 50, 't3.medium_use1-az5': 50, 't3.medium_use1-az6': 50, 't3.xlarge_use1-az1': 50, 't3.xlarge_use1-az2': 50, 't3.xlarge_use1-az4': 50, 't3.xlarge_use1-az5': 50, 't3.xlarge_use1-az6': 50, 't3a.2xlarge_use1-az1': 50, 't3a.2xlarge_use1-az2': 50, 't3a.2xlarge_use1-az4': 50, 't3a.2xlarge_use1-az5': 50, 't3a.2xlarge_use1-az6': 50, 't3a.large_use1-az1': 50, 't3a.large_use1-az2': 50, 't3a.large_use1-az4': 50, 't3a.large_use1-az5': 5, 't3a.large_use1-az6': 50, 't3a.medium_use1-az1': 50, 't3a.medium_use1-az2': 50, 't3a.medium_use1-az4': 50, 't3a.medium_use1-az5': 5, 't3a.medium_use1-az6': 50, 't3a.xlarge_use1-az1': 25, 't3a.xlarge_use1-az2': 50, 't3a.xlarge_use1-az4': 50, 't3a.xlarge_use1-az5': 15, 't3a.xlarge_use1-az6': 50, 't4g.2xlarge_use1-az1': 5, 't4g.2xlarge_use1-az2': 15, 't4g.2xlarge_use1-az4': 5, 't4g.2xlarge_use1-az5': 10, 't4g.2xlarge_use1-az6': 10, 't4g.large_use1-az1': 1, 't4g.large_use1-az2': 15, 't4g.large_use1-az4': 50, 't4g.large_use1-az5': 25, 't4g.large_use1-az6': 35, 't4g.medium_use1-az1': 1, 't4g.medium_use1-az2': 50, 't4g.medium_use1-az4': 50, 't4g.medium_use1-az5': 35, 't4g.medium_use1-az6': 50, 't4g.xlarge_use1-az1': 30, 't4g.xlarge_use1-az2': 15, 't4g.xlarge_use1-az4': 50, 't4g.xlarge_use1-az5': 5, 't4g.xlarge_use1-az6': 10, 'trn1.2xlarge_use1-az5': 5, 'trn1.2xlarge_use1-az6': 20, 'trn1.32xlarge_use1-az6': 50, 'trn1n.32xlarge_use1-az6': 50, 'vt1.3xlarge_use1-az2': 1, 'vt1.6xlarge_use1-az2': 1, 'x1.16xlarge_use1-az2': 1, 'x1.16xlarge_use1-az4': 1, 'x1.16xlarge_use1-az6': 1, 'x1.32xlarge_use1-az2': 1, 'x1.32xlarge_use1-az3': 5, 'x1.32xlarge_use1-az6': 1, 'x1e.16xlarge_use1-az2': 1, 'x1e.16xlarge_use1-az4': 1, 'x1e.16xlarge_use1-az6': 5, 'x1e.2xlarge_use1-az1': 1, 'x1e.2xlarge_use1-az2': 5, 'x1e.2xlarge_use1-az4': 10, 'x1e.2xlarge_use1-az6': 1, 'x1e.4xlarge_use1-az2': 5, 'x1e.4xlarge_use1-az4': 5, 'x1e.4xlarge_use1-az6': 1, 'x1e.8xlarge_use1-az1': 1, 'x1e.8xlarge_use1-az2': 1, 'x1e.8xlarge_use1-az4': 5, 'x1e.8xlarge_use1-az6': 5, 'x1e.xlarge_use1-az1': 10, 'x1e.xlarge_use1-az2': 20, 'x1e.xlarge_use1-az4': 15, 'x1e.xlarge_use1-az6': 5, 'x2gd.12xlarge_use1-az5': 5, 'x2gd.12xlarge_use1-az6': 1, 'x2gd.16xlarge_use1-az5': 1, 'x2gd.16xlarge_use1-az6': 15, 'x2gd.2xlarge_use1-az1': 5, 'x2gd.2xlarge_use1-az4': 1, 'x2gd.2xlarge_use1-az5': 5, 'x2gd.2xlarge_use1-az6': 30, 'x2gd.4xlarge_use1-az1': 1, 'x2gd.4xlarge_use1-az2': 1, 'x2gd.4xlarge_use1-az4': 5, 'x2gd.4xlarge_use1-az5': 1, 'x2gd.4xlarge_use1-az6': 35, 'x2gd.8xlarge_use1-az4': 1, 'x2gd.8xlarge_use1-az5': 1, 'x2gd.8xlarge_use1-az6': 5, 'x2gd.large_use1-az1': 35, 'x2gd.large_use1-az2': 25, 'x2gd.large_use1-az4': 15, 'x2gd.large_use1-az5': 25, 'x2gd.large_use1-az6': 50, 'x2gd.medium_use1-az1': 25, 'x2gd.medium_use1-az2': 35, 'x2gd.medium_use1-az4': 50, 'x2gd.medium_use1-az5': 50, 'x2gd.medium_use1-az6': 50, 'x2gd.xlarge_use1-az1': 5, 'x2gd.xlarge_use1-az2': 1, 'x2gd.xlarge_use1-az4': 20, 'x2gd.xlarge_use1-az5': 15, 'x2gd.xlarge_use1-az6': 25, 'x2idn.16xlarge_use1-az2': 1, 'x2idn.16xlarge_use1-az5': 1, 'x2idn.24xlarge_use1-az4': 1, 'x2idn.24xlarge_use1-az5': 1, 'x2idn.32xlarge_use1-az5': 1, 'x2iedn.24xlarge_use1-az4': 1, 'x2iedn.24xlarge_use1-az6': 1, 'x2iedn.2xlarge_use1-az1': 1, 'x2iedn.2xlarge_use1-az2': 25, 'x2iedn.2xlarge_use1-az4': 15, 'x2iedn.2xlarge_use1-az5': 1, 'x2iedn.2xlarge_use1-az6': 5, 'x2iedn.4xlarge_use1-az1': 1, 'x2iedn.4xlarge_use1-az2': 1, 'x2iedn.4xlarge_use1-az4': 1, 'x2iedn.4xlarge_use1-az5': 1, 'x2iedn.4xlarge_use1-az6': 1, 'x2iedn.8xlarge_use1-az4': 1, 'x2iedn.8xlarge_use1-az6': 1, 'x2iedn.xlarge_use1-az1': 5, 'x2iedn.xlarge_use1-az2': 20, 'x2iedn.xlarge_use1-az4': 10, 'x2iedn.xlarge_use1-az5': 1, 'x2iedn.xlarge_use1-az6': 10, 'x2iezn.12xlarge_use1-az2': 1, 'x2iezn.12xlarge_use1-az4': 20, 'x2iezn.12xlarge_use1-az6': 5, 'x2iezn.2xlarge_use1-az2': 5, 'x2iezn.2xlarge_use1-az4': 10, 'x2iezn.2xlarge_use1-az6': 1, 'x2iezn.4xlarge_use1-az2': 1, 'x2iezn.4xlarge_use1-az4': 5, 'x2iezn.4xlarge_use1-az6': 1, 'x2iezn.6xlarge_use1-az2': 1, 'x2iezn.6xlarge_use1-az4': 5, 'x2iezn.6xlarge_use1-az6': 1, 'x2iezn.8xlarge_use1-az2': 1, 'x2iezn.8xlarge_use1-az4': 10, 'x2iezn.8xlarge_use1-az6': 1, 'x8g.12xlarge_use1-az2': 1, 'x8g.12xlarge_use1-az4': 20, 'x8g.12xlarge_use1-az6': 1, 'x8g.16xlarge_use1-az1': 1, 'x8g.16xlarge_use1-az2': 5, 'x8g.16xlarge_use1-az4': 5, 'x8g.16xlarge_use1-az6': 5, 'x8g.24xlarge_use1-az1': 1, 'x8g.24xlarge_use1-az2': 5, 'x8g.24xlarge_use1-az4': 5, 'x8g.24xlarge_use1-az6': 10, 'x8g.2xlarge_use1-az1': 5, 'x8g.2xlarge_use1-az2': 10, 'x8g.2xlarge_use1-az4': 10, 'x8g.2xlarge_use1-az6': 25, 'x8g.48xlarge_use1-az1': 1, 'x8g.48xlarge_use1-az2': 1, 'x8g.48xlarge_use1-az4': 10, 'x8g.48xlarge_use1-az6': 1, 'x8g.4xlarge_use1-az1': 1, 'x8g.4xlarge_use1-az2': 5, 'x8g.4xlarge_use1-az4': 5, 'x8g.4xlarge_use1-az6': 10, 'x8g.8xlarge_use1-az2': 15, 'x8g.8xlarge_use1-az4': 20, 'x8g.8xlarge_use1-az6': 5, 'x8g.large_use1-az1': 30, 'x8g.large_use1-az4': 50, 'x8g.large_use1-az6': 50, 'x8g.medium_use1-az1': 50, 'x8g.medium_use1-az4': 50, 'x8g.medium_use1-az6': 50, 'x8g.metal-24xl_use1-az1': 1, 'x8g.metal-24xl_use1-az2': 1, 'x8g.metal-24xl_use1-az4': 1, 'x8g.metal-24xl_use1-az6': 10, 'x8g.metal-48xl_use1-az2': 1, 'x8g.metal-48xl_use1-az4': 1, 'x8g.metal-48xl_use1-az6': 1, 'x8g.xlarge_use1-az1': 10, 'x8g.xlarge_use1-az2': 20, 'x8g.xlarge_use1-az4': 40, 'x8g.xlarge_use1-az6': 50, 'z1d.12xlarge_use1-az1': 1, 'z1d.12xlarge_use1-az2': 1, 'z1d.12xlarge_use1-az4': 1, 'z1d.12xlarge_use1-az5': 1, 'z1d.12xlarge_use1-az6': 5, 'z1d.2xlarge_use1-az1': 5, 'z1d.2xlarge_use1-az2': 5, 'z1d.2xlarge_use1-az4': 15, 'z1d.2xlarge_use1-az5': 1, 'z1d.2xlarge_use1-az6': 15, 'z1d.3xlarge_use1-az1': 5, 'z1d.3xlarge_use1-az2': 5, 'z1d.3xlarge_use1-az4': 10, 'z1d.3xlarge_use1-az5': 5, 'z1d.3xlarge_use1-az6': 5, 'z1d.6xlarge_use1-az1': 1, 'z1d.6xlarge_use1-az2': 1, 'z1d.6xlarge_use1-az4': 1, 'z1d.6xlarge_use1-az6': 1, 'z1d.large_use1-az1': 15, 'z1d.large_use1-az2': 5, 'z1d.large_use1-az4': 25, 'z1d.large_use1-az5': 10, 'z1d.large_use1-az6': 25, 'z1d.xlarge_use1-az1': 10, 'z1d.xlarge_use1-az2': 20, 'z1d.xlarge_use1-az4': 30, 'z1d.xlarge_use1-az5': 1, 'z1d.xlarge_use1-az6': 20}"
0.96,27584.45729999996,29752470571,1078595.4658344178,1145833,1145733,"{'c1.xlarge_use1-az1': 5, 'c1.xlarge_use1-az2': 5, 'c1.xlarge_use1-az4': 5, 'c1.xlarge_use1-az6': 1, 'c3.2xlarge_use1-az2': 5, 'c3.2xlarge_use1-az4': 50, 'c3.2xlarge_use1-az6': 15, 'c3.4xlarge_use1-az2': 5, 'c3.4xlarge_use1-az4': 5, 'c3.4xlarge_use1-az6': 5, 'c3.8xlarge_use1-az2': 5, 'c3.8xlarge_use1-az4': 5, 'c3.8xlarge_use1-az6': 1, 'c3.xlarge_use1-az2': 35, 'c3.xlarge_use1-az3': 1, 'c3.xlarge_use1-az4': 50, 'c3.xlarge_use1-az6': 30, 'c4.2xlarge_use1-az1': 5, 'c4.2xlarge_use1-az2': 5, 'c4.2xlarge_use1-az3': 25, 'c4.2xlarge_use1-az4': 15, 'c4.2xlarge_use1-az5': 15, 'c4.2xlarge_use1-az6': 10, 'c4.4xlarge_use1-az1': 5, 'c4.4xlarge_use1-az2': 5, 'c4.4xlarge_use1-az3': 10, 'c4.4xlarge_use1-az4': 5, 'c4.4xlarge_use1-az5': 5, 'c4.4xlarge_use1-az6': 1, 'c4.8xlarge_use1-az1': 1, 'c4.8xlarge_use1-az2': 5, 'c4.8xlarge_use1-az3': 5, 'c4.8xlarge_use1-az4': 15, 'c4.8xlarge_use1-az5': 5, 'c4.8xlarge_use1-az6': 5, 'c4.xlarge_use1-az1': 25, 'c4.xlarge_use1-az2': 40, 'c4.xlarge_use1-az3': 20, 'c4.xlarge_use1-az4': 40, 'c4.xlarge_use1-az5': 50, 'c4.xlarge_use1-az6': 50, 'c5.12xlarge_use1-az1': 50, 'c5.12xlarge_use1-az2': 50, 'c5.12xlarge_use1-az4': 50, 'c5.12xlarge_use1-az5': 50, 'c5.12xlarge_use1-az6': 50, 'c5.18xlarge_use1-az1': 5, 'c5.18xlarge_use1-az2': 50, 'c5.18xlarge_use1-az4': 15, 'c5.18xlarge_use1-az5': 10, 'c5.18xlarge_use1-az6': 1, 'c5.24xlarge_use1-az1': 1, 'c5.24xlarge_use1-az2': 5, 'c5.24xlarge_use1-az4': 5, 'c5.24xlarge_use1-az5': 1, 'c5.24xlarge_use1-az6': 5, 'c5.2xlarge_use1-az1': 50, 'c5.2xlarge_use1-az2': 50, 'c5.2xlarge_use1-az4': 50, 'c5.2xlarge_use1-az5': 50, 'c5.2xlarge_use1-az6': 50, 'c5.4xlarge_use1-az1': 50, 'c5.4xlarge_use1-az2': 50, 'c5.4xlarge_use1-az4': 50, 'c5.4xlarge_use1-az5': 50, 'c5.4xlarge_use1-az6': 50, 'c5.9xlarge_use1-az1': 50, 'c5.9xlarge_use1-az2': 50, 'c5.9xlarge_use1-az4': 50, 'c5.9xlarge_use1-az5': 50, 'c5.9xlarge_use1-az6': 50, 'c5.large_use1-az1': 50, 'c5.large_use1-az2': 50, 'c5.large_use1-az4': 50, 'c5.large_use1-az5': 50, 'c5.large_use1-az6': 50, 'c5.xlarge_use1-az1': 50, 'c5.xlarge_use1-az2': 50, 'c5.xlarge_use1-az4': 50, 'c5.xlarge_use1-az5': 50, 'c5.xlarge_use1-az6': 50, 'c5a.12xlarge_use1-az1': 5, 'c5a.12xlarge_use1-az2': 10, 'c5a.12xlarge_use1-az4': 15, 'c5a.12xlarge_use1-az5': 1, 'c5a.12xlarge_use1-az6': 5, 'c5a.16xlarge_use1-az4': 1, 'c5a.16xlarge_use1-az6': 1, 'c5a.24xlarge_use1-az2': 1, 'c5a.24xlarge_use1-az4': 1, 'c5a.24xlarge_use1-az6': 1, 'c5a.2xlarge_use1-az1': 30, 'c5a.2xlarge_use1-az2': 20, 'c5a.2xlarge_use1-az4': 50, 'c5a.2xlarge_use1-az5': 15, 'c5a.2xlarge_use1-az6': 50, 'c5a.4xlarge_use1-az1': 5, 'c5a.4xlarge_use1-az2': 1, 'c5a.4xlarge_use1-az4': 5, 'c5a.4xlarge_use1-az5': 5, 'c5a.4xlarge_use1-az6': 5, 'c5a.8xlarge_use1-az1': 1, 'c5a.8xlarge_use1-az2': 1, 'c5a.8xlarge_use1-az4': 5, 'c5a.8xlarge_use1-az6': 15, 'c5a.large_use1-az1': 50, 'c5a.large_use1-az2': 50, 'c5a.large_use1-az4': 50, 'c5a.large_use1-az5': 45, 'c5a.large_use1-az6': 50, 'c5a.xlarge_use1-az1': 50, 'c5a.xlarge_use1-az2': 50, 'c5a.xlarge_use1-az4': 50, 'c5a.xlarge_use1-az5': 50, 'c5a.xlarge_use1-az6': 50, 'c5ad.12xlarge_use1-az1': 5, 'c5ad.12xlarge_use1-az2': 5, 'c5ad.12xlarge_use1-az4': 5, 'c5ad.12xlarge_use1-az6': 5, 'c5ad.16xlarge_use1-az1': 1, 'c5ad.16xlarge_use1-az2': 5, 'c5ad.16xlarge_use1-az4': 1, 'c5ad.16xlarge_use1-az6': 1, 'c5ad.24xlarge_use1-az1': 1, 'c5ad.24xlarge_use1-az2': 1, 'c5ad.24xlarge_use1-az4': 1, 'c5ad.24xlarge_use1-az6': 5, 'c5ad.2xlarge_use1-az1': 10, 'c5ad.2xlarge_use1-az2': 5, 'c5ad.2xlarge_use1-az4': 5, 'c5ad.2xlarge_use1-az5': 5, 'c5ad.2xlarge_use1-az6': 15, 'c5ad.4xlarge_use1-az1': 5, 'c5ad.4xlarge_use1-az2': 5, 'c5ad.4xlarge_use1-az4': 1, 'c5ad.4xlarge_use1-az5': 1, 'c5ad.4xlarge_use1-az6': 10, 'c5ad.8xlarge_use1-az1': 1, 'c5ad.8xlarge_use1-az2': 1, 'c5ad.8xlarge_use1-az4': 1, 'c5ad.8xlarge_use1-az5': 1, 'c5ad.8xlarge_use1-az6': 1, 'c5ad.large_use1-az1': 20, 'c5ad.large_use1-az2': 30, 'c5ad.large_use1-az4': 10, 'c5ad.large_use1-az5': 15, 'c5ad.large_use1-az6': 20, 'c5ad.xlarge_use1-az1': 15, 'c5ad.xlarge_use1-az2': 10, 'c5ad.xlarge_use1-az4': 5, 'c5ad.xlarge_use1-az5': 5, 'c5ad.xlarge_use1-az6': 15, 'c5d.12xlarge_use1-az2': 15, 'c5d.12xlarge_use1-az4': 5, 'c5d.12xlarge_use1-az6': 45, 'c5d.18xlarge_use1-az1': 5, 'c5d.18xlarge_use1-az2': 50, 'c5d.18xlarge_use1-az4': 50, 'c5d.18xlarge_use1-az5': 5, 'c5d.18xlarge_use1-az6': 30, 'c5d.24xlarge_use1-az2': 35, 'c5d.24xlarge_use1-az4': 25, 'c5d.24xlarge_use1-az6': 50, 'c5d.2xlarge_use1-az1': 15, 'c5d.2xlarge_use1-az2': 50, 'c5d.2xlarge_use1-az4': 50, 'c5d.2xlarge_use1-az5': 20, 'c5d.2xlarge_use1-az6': 50, 'c5d.4xlarge_use1-az1': 20, 'c5d.4xlarge_use1-az2': 50, 'c5d.4xlarge_use1-az4': 50, 'c5d.4xlarge_use1-az5': 25, 'c5d.4xlarge_use1-az6': 50, 'c5d.9xlarge_use1-az1': 10, 'c5d.9xlarge_use1-az2': 20, 'c5d.9xlarge_use1-az4': 50, 'c5d.9xlarge_use1-az5': 10, 'c5d.9xlarge_use1-az6': 25, 'c5d.large_use1-az1': 50, 'c5d.large_use1-az2': 50, 'c5d.large_use1-az4': 50, 'c5d.large_use1-az5': 35, 'c5d.large_use1-az6': 50, 'c5d.xlarge_use1-az1': 50, 'c5d.xlarge_use1-az2': 50, 'c5d.xlarge_use1-az4': 50, 'c5d.xlarge_use1-az5': 50, 'c5d.xlarge_use1-az6': 50, 'c5n.18xlarge_use1-az1': 30, 'c5n.18xlarge_use1-az2': 5, 'c5n.18xlarge_use1-az4': 10, 'c5n.2xlarge_use1-az1': 5, 'c5n.2xlarge_use1-az2': 10, 'c5n.2xlarge_use1-az4': 15, 'c5n.2xlarge_use1-az5': 10, 'c5n.2xlarge_use1-az6': 10, 'c5n.4xlarge_use1-az1': 5, 'c5n.4xlarge_use1-az2': 1, 'c5n.4xlarge_use1-az4': 5, 'c5n.4xlarge_use1-az6': 1, 'c5n.9xlarge_use1-az1': 10, 'c5n.9xlarge_use1-az2': 1, 'c5n.9xlarge_use1-az4': 5, 'c5n.large_use1-az1': 10, 'c5n.large_use1-az2': 10, 'c5n.large_use1-az4': 25, 'c5n.large_use1-az5': 5, 'c5n.large_use1-az6': 5, 'c5n.xlarge_use1-az1': 1, 'c5n.xlarge_use1-az2': 1, 'c5n.xlarge_use1-az4': 5, 'c5n.xlarge_use1-az5': 1, 'c5n.xlarge_use1-az6': 1, 'c6a.12xlarge_use1-az1': 5, 'c6a.12xlarge_use1-az2': 50, 'c6a.12xlarge_use1-az4': 50, 'c6a.12xlarge_use1-az5': 1, 'c6a.12xlarge_use1-az6': 15, 'c6a.16xlarge_use1-az1': 1, 'c6a.16xlarge_use1-az2': 5, 'c6a.16xlarge_use1-az4': 10, 'c6a.16xlarge_use1-az5': 1, 'c6a.16xlarge_use1-az6': 15, 'c6a.24xlarge_use1-az1': 1, 'c6a.24xlarge_use1-az2': 5, 'c6a.24xlarge_use1-az4': 5, 'c6a.24xlarge_use1-az5': 5, 'c6a.24xlarge_use1-az6': 20, 'c6a.2xlarge_use1-az1': 10, 'c6a.2xlarge_use1-az2': 40, 'c6a.2xlarge_use1-az4': 50, 'c6a.2xlarge_use1-az5': 10, 'c6a.2xlarge_use1-az6': 50, 'c6a.32xlarge_use1-az2': 1, 'c6a.32xlarge_use1-az4': 1, 'c6a.32xlarge_use1-az5': 1, 'c6a.32xlarge_use1-az6': 5, 'c6a.48xlarge_use1-az2': 1, 'c6a.48xlarge_use1-az4': 10, 'c6a.48xlarge_use1-az5': 5, 'c6a.48xlarge_use1-az6': 25, 'c6a.4xlarge_use1-az1': 15, 'c6a.4xlarge_use1-az2': 15, 'c6a.4xlarge_use1-az4': 30, 'c6a.4xlarge_use1-az5': 15, 'c6a.4xlarge_use1-az6': 50, 'c6a.8xlarge_use1-az1': 5, 'c6a.8xlarge_use1-az2': 50, 'c6a.8xlarge_use1-az4': 30, 'c6a.8xlarge_use1-az5': 25, 'c6a.8xlarge_use1-az6': 50, 'c6a.large_use1-az1': 45, 'c6a.large_use1-az2': 50, 'c6a.large_use1-az4': 50, 'c6a.large_use1-az5': 50, 'c6a.large_use1-az6': 20, 'c6a.xlarge_use1-az1': 15, 'c6a.xlarge_use1-az2': 25, 'c6a.xlarge_use1-az4': 25, 'c6a.xlarge_use1-az5': 15, 'c6a.xlarge_use1-az6': 25, 'c6g.12xlarge_use1-az1': 15, 'c6g.12xlarge_use1-az2': 25, 'c6g.12xlarge_use1-az4': 50, 'c6g.12xlarge_use1-az5': 5, 'c6g.12xlarge_use1-az6': 50, 'c6g.16xlarge_use1-az1': 1, 'c6g.16xlarge_use1-az2': 15, 'c6g.16xlarge_use1-az4': 50, 'c6g.16xlarge_use1-az5': 5, 'c6g.16xlarge_use1-az6': 50, 'c6g.2xlarge_use1-az1': 5, 'c6g.2xlarge_use1-az2': 50, 'c6g.2xlarge_use1-az4': 50, 'c6g.2xlarge_use1-az5': 15, 'c6g.2xlarge_use1-az6': 50, 'c6g.4xlarge_use1-az1': 50, 'c6g.4xlarge_use1-az2': 50, 'c6g.4xlarge_use1-az4': 50, 'c6g.4xlarge_use1-az5': 50, 'c6g.4xlarge_use1-az6': 50, 'c6g.8xlarge_use1-az1': 50, 'c6g.8xlarge_use1-az2': 50, 'c6g.8xlarge_use1-az4': 50, 'c6g.8xlarge_use1-az5': 50, 'c6g.8xlarge_use1-az6': 50, 'c6g.large_use1-az1': 5, 'c6g.large_use1-az2': 50, 'c6g.large_use1-az4': 50, 'c6g.large_use1-az5': 50, 'c6g.large_use1-az6': 50, 'c6g.xlarge_use1-az1': 30, 'c6g.xlarge_use1-az2': 50, 'c6g.xlarge_use1-az4': 50, 'c6g.xlarge_use1-az5': 10, 'c6g.xlarge_use1-az6': 50, 'c6gd.12xlarge_use1-az2': 50, 'c6gd.12xlarge_use1-az4': 30, 'c6gd.12xlarge_use1-az5': 1, 'c6gd.12xlarge_use1-az6': 50, 'c6gd.16xlarge_use1-az2': 50, 'c6gd.16xlarge_use1-az4': 30, 'c6gd.16xlarge_use1-az6': 50, 'c6gd.2xlarge_use1-az1': 15, 'c6gd.2xlarge_use1-az2': 50, 'c6gd.2xlarge_use1-az4': 50, 'c6gd.2xlarge_use1-az5': 1, 'c6gd.2xlarge_use1-az6': 50, 'c6gd.4xlarge_use1-az1': 20, 'c6gd.4xlarge_use1-az2': 50, 'c6gd.4xlarge_use1-az4': 50, 'c6gd.4xlarge_use1-az5': 10, 'c6gd.4xlarge_use1-az6': 50, 'c6gd.8xlarge_use1-az1': 25, 'c6gd.8xlarge_use1-az2': 45, 'c6gd.8xlarge_use1-az4': 45, 'c6gd.8xlarge_use1-az5': 1, 'c6gd.8xlarge_use1-az6': 50, 'c6gd.large_use1-az1': 50, 'c6gd.large_use1-az2': 5, 'c6gd.large_use1-az4': 20, 'c6gd.large_use1-az5': 1, 'c6gd.large_use1-az6': 50, 'c6gd.xlarge_use1-az1': 50, 'c6gd.xlarge_use1-az2': 1, 'c6gd.xlarge_use1-az4': 1, 'c6gd.xlarge_use1-az5': 50, 'c6gd.xlarge_use1-az6': 50, 'c6gn.12xlarge_use1-az2': 25, 'c6gn.12xlarge_use1-az4': 50, 'c6gn.12xlarge_use1-az5': 1, 'c6gn.16xlarge_use1-az1': 1, 'c6gn.16xlarge_use1-az2': 50, 'c6gn.16xlarge_use1-az4': 50, 'c6gn.16xlarge_use1-az5': 10, 'c6gn.2xlarge_use1-az1': 5, 'c6gn.2xlarge_use1-az2': 1, 'c6gn.2xlarge_use1-az4': 20, 'c6gn.2xlarge_use1-az5': 1, 'c6gn.4xlarge_use1-az1': 1, 'c6gn.4xlarge_use1-az2': 40, 'c6gn.4xlarge_use1-az4': 35, 'c6gn.4xlarge_use1-az5': 10, 'c6gn.8xlarge_use1-az1': 25, 'c6gn.8xlarge_use1-az2': 35, 'c6gn.8xlarge_use1-az4': 30, 'c6gn.8xlarge_use1-az5': 5, 'c6gn.8xlarge_use1-az6': 5, 'c6gn.large_use1-az1': 5, 'c6gn.large_use1-az2': 25, 'c6gn.large_use1-az4': 10, 'c6gn.large_use1-az5': 15, 'c6gn.large_use1-az6': 1, 'c6gn.xlarge_use1-az1': 5, 'c6gn.xlarge_use1-az2': 10, 'c6gn.xlarge_use1-az4': 15, 'c6gn.xlarge_use1-az5': 5, 'c6gn.xlarge_use1-az6': 1, 'c6i.12xlarge_use1-az1': 15, 'c6i.12xlarge_use1-az2': 15, 'c6i.12xlarge_use1-az4': 30, 'c6i.12xlarge_use1-az5': 5, 'c6i.12xlarge_use1-az6': 5, 'c6i.16xlarge_use1-az1': 5, 'c6i.16xlarge_use1-az2': 15, 'c6i.16xlarge_use1-az4': 25, 'c6i.16xlarge_use1-az5': 10, 'c6i.16xlarge_use1-az6': 30, 'c6i.24xlarge_use1-az1': 5, 'c6i.24xlarge_use1-az2': 5, 'c6i.24xlarge_use1-az4': 10, 'c6i.24xlarge_use1-az5': 1, 'c6i.24xlarge_use1-az6': 15, 'c6i.2xlarge_use1-az1': 20, 'c6i.2xlarge_use1-az2': 50, 'c6i.2xlarge_use1-az4': 50, 'c6i.2xlarge_use1-az5': 5, 'c6i.2xlarge_use1-az6': 50, 'c6i.32xlarge_use1-az1': 10, 'c6i.32xlarge_use1-az2': 5, 'c6i.32xlarge_use1-az4': 50, 'c6i.32xlarge_use1-az5': 1, 'c6i.32xlarge_use1-az6': 40, 'c6i.4xlarge_use1-az1': 10, 'c6i.4xlarge_use1-az2': 40, 'c6i.4xlarge_use1-az4': 50, 'c6i.4xlarge_use1-az5': 15, 'c6i.4xlarge_use1-az6': 50, 'c6i.8xlarge_use1-az1': 10, 'c6i.8xlarge_use1-az2': 45, 'c6i.8xlarge_use1-az4': 50, 'c6i.8xlarge_use1-az5': 10, 'c6i.8xlarge_use1-az6': 50, 'c6i.large_use1-az1': 10, 'c6i.large_use1-az2': 40, 'c6i.large_use1-az4': 30, 'c6i.large_use1-az5': 10, 'c6i.large_use1-az6': 50, 'c6i.xlarge_use1-az1': 50, 'c6i.xlarge_use1-az2': 45, 'c6i.xlarge_use1-az4': 35, 'c6i.xlarge_use1-az5': 10, 'c6i.xlarge_use1-az6': 50, 'c6id.12xlarge_use1-az1': 1, 'c6id.12xlarge_use1-az2': 1, 'c6id.12xlarge_use1-az4': 5, 'c6id.12xlarge_use1-az6': 5, 'c6id.16xlarge_use1-az1': 1, 'c6id.16xlarge_use1-az2': 5, 'c6id.16xlarge_use1-az4': 5, 'c6id.16xlarge_use1-az5': 1, 'c6id.16xlarge_use1-az6': 1, 'c6id.24xlarge_use1-az1': 5, 'c6id.24xlarge_use1-az2': 15, 'c6id.24xlarge_use1-az4': 5, 'c6id.24xlarge_use1-az5': 1, 'c6id.24xlarge_use1-az6': 10, 'c6id.2xlarge_use1-az1': 1, 'c6id.2xlarge_use1-az2': 1, 'c6id.2xlarge_use1-az4': 5, 'c6id.2xlarge_use1-az5': 5, 'c6id.2xlarge_use1-az6': 1, 'c6id.32xlarge_use1-az1': 1, 'c6id.32xlarge_use1-az2': 5, 'c6id.32xlarge_use1-az4': 10, 'c6id.32xlarge_use1-az5': 1, 'c6id.32xlarge_use1-az6': 5, 'c6id.4xlarge_use1-az1': 15, 'c6id.4xlarge_use1-az2': 10, 'c6id.4xlarge_use1-az4': 10, 'c6id.4xlarge_use1-az5': 1, 'c6id.4xlarge_use1-az6': 5, 'c6id.8xlarge_use1-az1': 5, 'c6id.8xlarge_use1-az2': 1, 'c6id.8xlarge_use1-az4': 5, 'c6id.8xlarge_use1-az5': 1, 'c6id.8xlarge_use1-az6': 1, 'c6id.large_use1-az1': 5, 'c6id.large_use1-az2': 5, 'c6id.large_use1-az4': 1, 'c6id.large_use1-az5': 5, 'c6id.large_use1-az6': 5, 'c6id.xlarge_use1-az1': 5, 'c6id.xlarge_use1-az2': 1, 'c6id.xlarge_use1-az4': 5, 'c6id.xlarge_use1-az5': 1, 'c6id.xlarge_use1-az6': 1, 'c6in.12xlarge_use1-az1': 1, 'c6in.12xlarge_use1-az6': 1, 'c6in.16xlarge_use1-az4': 1, 'c6in.24xlarge_use1-az6': 1, 'c6in.2xlarge_use1-az1': 1, 'c6in.2xlarge_use1-az2': 1, 'c6in.2xlarge_use1-az4': 1, 'c6in.2xlarge_use1-az6': 1, 'c6in.32xlarge_use1-az1': 1, 'c6in.32xlarge_use1-az6': 1, 'c6in.4xlarge_use1-az1': 5, 'c6in.4xlarge_use1-az2': 5, 'c6in.4xlarge_use1-az4': 5, 'c6in.4xlarge_use1-az6': 25, 'c6in.8xlarge_use1-az1': 1, 'c6in.8xlarge_use1-az6': 1, 'c6in.large_use1-az1': 5, 'c6in.large_use1-az2': 1, 'c6in.large_use1-az4': 1, 'c6in.large_use1-az5': 1, 'c6in.large_use1-az6': 5, 'c6in.xlarge_use1-az1': 20, 'c6in.xlarge_use1-az2': 1, 'c6in.xlarge_use1-az4': 1, 'c6in.xlarge_use1-az6': 10, 'c7a.12xlarge_use1-az1': 5, 'c7a.12xlarge_use1-az2': 5, 'c7a.12xlarge_use1-az4': 1, 'c7a.12xlarge_use1-az6': 15, 'c7a.16xlarge_use1-az1': 1, 'c7a.16xlarge_use1-az2': 1, 'c7a.16xlarge_use1-az6': 5, 'c7a.24xlarge_use1-az1': 1, 'c7a.24xlarge_use1-az2': 1, 'c7a.24xlarge_use1-az5': 1, 'c7a.24xlarge_use1-az6': 5, 'c7a.2xlarge_use1-az1': 1, 'c7a.2xlarge_use1-az2': 1, 'c7a.2xlarge_use1-az4': 25, 'c7a.2xlarge_use1-az5': 1, 'c7a.2xlarge_use1-az6': 10, 'c7a.32xlarge_use1-az1': 1, 'c7a.32xlarge_use1-az2': 1, 'c7a.32xlarge_use1-az6': 15, 'c7a.48xlarge_use1-az1': 1, 'c7a.48xlarge_use1-az2': 1, 'c7a.48xlarge_use1-az5': 1, 'c7a.48xlarge_use1-az6': 20, 'c7a.4xlarge_use1-az1': 5, 'c7a.4xlarge_use1-az2': 10, 'c7a.4xlarge_use1-az4': 5, 'c7a.4xlarge_use1-az5': 1, 'c7a.4xlarge_use1-az6': 50, 'c7a.8xlarge_use1-az1': 1, 'c7a.8xlarge_use1-az2': 1, 'c7a.8xlarge_use1-az4': 1, 'c7a.8xlarge_use1-az6': 10, 'c7a.large_use1-az1': 15, 'c7a.large_use1-az2': 25, 'c7a.large_use1-az4': 30, 'c7a.large_use1-az5': 10, 'c7a.large_use1-az6': 50, 'c7a.xlarge_use1-az1': 5, 'c7a.xlarge_use1-az2': 5, 'c7a.xlarge_use1-az4': 10, 'c7a.xlarge_use1-az5': 5, 'c7a.xlarge_use1-az6': 15, 'c7g.12xlarge_use1-az1': 15, 'c7g.12xlarge_use1-az2': 50, 'c7g.12xlarge_use1-az4': 15, 'c7g.12xlarge_use1-az5': 1, 'c7g.12xlarge_use1-az6': 50, 'c7g.16xlarge_use1-az1': 25, 'c7g.16xlarge_use1-az2': 40, 'c7g.16xlarge_use1-az4': 50, 'c7g.16xlarge_use1-az5': 10, 'c7g.16xlarge_use1-az6': 50, 'c7g.2xlarge_use1-az1': 50, 'c7g.2xlarge_use1-az2': 50, 'c7g.2xlarge_use1-az4': 50, 'c7g.2xlarge_use1-az5': 50, 'c7g.2xlarge_use1-az6': 50, 'c7g.4xlarge_use1-az1': 50, 'c7g.4xlarge_use1-az2': 50, 'c7g.4xlarge_use1-az4': 50, 'c7g.4xlarge_use1-az5': 50, 'c7g.4xlarge_use1-az6': 50, 'c7g.8xlarge_use1-az1': 50, 'c7g.8xlarge_use1-az2': 50, 'c7g.8xlarge_use1-az4': 50, 'c7g.8xlarge_use1-az5': 50, 'c7g.8xlarge_use1-az6': 50, 'c7g.large_use1-az1': 5, 'c7g.large_use1-az2': 45, 'c7g.large_use1-az4': 30, 'c7g.large_use1-az5': 10, 'c7g.large_use1-az6': 30, 'c7g.xlarge_use1-az1': 50, 'c7g.xlarge_use1-az2': 50, 'c7g.xlarge_use1-az4': 50, 'c7g.xlarge_use1-az5': 50, 'c7g.xlarge_use1-az6': 50, 'c7gd.12xlarge_use1-az1': 5, 'c7gd.12xlarge_use1-az2': 30, 'c7gd.12xlarge_use1-az4': 15, 'c7gd.12xlarge_use1-az5': 15, 'c7gd.12xlarge_use1-az6': 50, 'c7gd.16xlarge_use1-az1': 5, 'c7gd.16xlarge_use1-az2': 30, 'c7gd.16xlarge_use1-az4': 40, 'c7gd.16xlarge_use1-az5': 1, 'c7gd.16xlarge_use1-az6': 50, 'c7gd.2xlarge_use1-az1': 15, 'c7gd.2xlarge_use1-az2': 50, 'c7gd.2xlarge_use1-az4': 50, 'c7gd.2xlarge_use1-az5': 5, 'c7gd.2xlarge_use1-az6': 50, 'c7gd.4xlarge_use1-az1': 30, 'c7gd.4xlarge_use1-az2': 25, 'c7gd.4xlarge_use1-az4': 50, 'c7gd.4xlarge_use1-az5': 1, 'c7gd.4xlarge_use1-az6': 50, 'c7gd.8xlarge_use1-az1': 5, 'c7gd.8xlarge_use1-az2': 15, 'c7gd.8xlarge_use1-az4': 10, 'c7gd.8xlarge_use1-az5': 5, 'c7gd.8xlarge_use1-az6': 20, 'c7gd.large_use1-az1': 1, 'c7gd.large_use1-az2': 25, 'c7gd.large_use1-az4': 5, 'c7gd.large_use1-az5': 10, 'c7gd.large_use1-az6': 20, 'c7gd.xlarge_use1-az1': 15, 'c7gd.xlarge_use1-az2': 50, 'c7gd.xlarge_use1-az4': 5, 'c7gd.xlarge_use1-az5': 15, 'c7gd.xlarge_use1-az6': 25, 'c7gn.12xlarge_use1-az2': 1, 'c7gn.12xlarge_use1-az5': 1, 'c7gn.12xlarge_use1-az6': 1, 'c7gn.16xlarge_use1-az2': 5, 'c7gn.16xlarge_use1-az5': 5, 'c7gn.16xlarge_use1-az6': 20, 'c7gn.2xlarge_use1-az1': 1, 'c7gn.2xlarge_use1-az2': 1, 'c7gn.2xlarge_use1-az5': 1, 'c7gn.2xlarge_use1-az6': 5, 'c7gn.4xlarge_use1-az2': 50, 'c7gn.4xlarge_use1-az4': 1, 'c7gn.4xlarge_use1-az5': 1, 'c7gn.4xlarge_use1-az6': 50, 'c7gn.8xlarge_use1-az2': 1, 'c7gn.8xlarge_use1-az5': 1, 'c7gn.8xlarge_use1-az6': 5, 'c7gn.large_use1-az1': 1, 'c7gn.large_use1-az2': 10, 'c7gn.large_use1-az5': 10, 'c7gn.large_use1-az6': 10, 'c7gn.xlarge_use1-az1': 1, 'c7gn.xlarge_use1-az2': 5, 'c7gn.xlarge_use1-az5': 5, 'c7gn.xlarge_use1-az6': 5, 'c7i-flex.2xlarge_use1-az1': 50, 'c7i-flex.2xlarge_use1-az2': 50, 'c7i-flex.2xlarge_use1-az4': 50, 'c7i-flex.2xlarge_use1-az5': 15, 'c7i-flex.2xlarge_use1-az6': 50, 'c7i-flex.4xlarge_use1-az1': 1, 'c7i-flex.4xlarge_use1-az2': 1, 'c7i-flex.4xlarge_use1-az4': 1, 'c7i-flex.4xlarge_use1-az6': 5, 'c7i-flex.8xlarge_use1-az1': 1, 'c7i-flex.8xlarge_use1-az2': 1, 'c7i-flex.8xlarge_use1-az4': 1, 'c7i-flex.8xlarge_use1-az6': 5, 'c7i-flex.large_use1-az1': 40, 'c7i-flex.large_use1-az2': 50, 'c7i-flex.large_use1-az4': 10, 'c7i-flex.large_use1-az5': 1, 'c7i-flex.large_use1-az6': 50, 'c7i-flex.xlarge_use1-az1': 50, 'c7i-flex.xlarge_use1-az2': 50, 'c7i-flex.xlarge_use1-az4': 50, 'c7i-flex.xlarge_use1-az5': 5, 'c7i-flex.xlarge_use1-az6': 50, 'c7i.12xlarge_use1-az1': 5, 'c7i.12xlarge_use1-az2': 15, 'c7i.12xlarge_use1-az4': 15, 'c7i.12xlarge_use1-az6': 5, 'c7i.16xlarge_use1-az1': 1, 'c7i.16xlarge_use1-az2': 5, 'c7i.16xlarge_use1-az4': 1, 'c7i.16xlarge_use1-az6': 15, 'c7i.24xlarge_use1-az1': 5, 'c7i.24xlarge_use1-az2': 5, 'c7i.24xlarge_use1-az4': 5, 'c7i.24xlarge_use1-az5': 1, 'c7i.24xlarge_use1-az6': 15, 'c7i.2xlarge_use1-az1': 10, 'c7i.2xlarge_use1-az2': 10, 'c7i.2xlarge_use1-az4': 10, 'c7i.2xlarge_use1-az5': 5, 'c7i.2xlarge_use1-az6': 25, 'c7i.48xlarge_use1-az1': 10, 'c7i.48xlarge_use1-az2': 10, 'c7i.48xlarge_use1-az4': 5, 'c7i.48xlarge_use1-az5': 1, 'c7i.48xlarge_use1-az6': 50, 'c7i.4xlarge_use1-az1': 5, 'c7i.4xlarge_use1-az2': 5, 'c7i.4xlarge_use1-az4': 5, 'c7i.4xlarge_use1-az5': 1, 'c7i.4xlarge_use1-az6': 15, 'c7i.8xlarge_use1-az1': 1, 'c7i.8xlarge_use1-az2': 5, 'c7i.8xlarge_use1-az4': 5, 'c7i.8xlarge_use1-az6': 10, 'c7i.large_use1-az1': 45, 'c7i.large_use1-az2': 50, 'c7i.large_use1-az4': 50, 'c7i.large_use1-az5': 5, 'c7i.large_use1-az6': 50, 'c7i.xlarge_use1-az1': 5, 'c7i.xlarge_use1-az2': 10, 'c7i.xlarge_use1-az4': 5, 'c7i.xlarge_use1-az5': 1, 'c7i.xlarge_use1-az6': 5, 'c8g.12xlarge_use1-az1': 1, 'c8g.12xlarge_use1-az2': 5, 'c8g.12xlarge_use1-az4': 1, 'c8g.12xlarge_use1-az6': 25, 'c8g.16xlarge_use1-az1': 10, 'c8g.16xlarge_use1-az2': 5, 'c8g.16xlarge_use1-az4': 1, 'c8g.16xlarge_use1-az6': 50, 'c8g.24xlarge_use1-az1': 5, 'c8g.24xlarge_use1-az2': 10, 'c8g.24xlarge_use1-az4': 1, 'c8g.24xlarge_use1-az6': 25, 'c8g.2xlarge_use1-az1': 5, 'c8g.2xlarge_use1-az2': 5, 'c8g.2xlarge_use1-az4': 50, 'c8g.2xlarge_use1-az5': 1, 'c8g.2xlarge_use1-az6': 50, 'c8g.48xlarge_use1-az1': 1, 'c8g.48xlarge_use1-az2': 5, 'c8g.48xlarge_use1-az6': 50, 'c8g.4xlarge_use1-az1': 35, 'c8g.4xlarge_use1-az2': 15, 'c8g.4xlarge_use1-az4': 20, 'c8g.4xlarge_use1-az5': 10, 'c8g.4xlarge_use1-az6': 50, 'c8g.8xlarge_use1-az1': 1, 'c8g.8xlarge_use1-az2': 5, 'c8g.8xlarge_use1-az4': 5, 'c8g.8xlarge_use1-az6': 50, 'c8g.large_use1-az1': 5, 'c8g.large_use1-az2': 20, 'c8g.large_use1-az4': 5, 'c8g.large_use1-az5': 1, 'c8g.large_use1-az6': 40, 'c8g.metal-24xl_use1-az2': 1, 'c8g.metal-24xl_use1-az6': 20, 'c8g.metal-48xl_use1-az1': 1, 'c8g.metal-48xl_use1-az2': 1, 'c8g.metal-48xl_use1-az6': 50, 'c8g.xlarge_use1-az1': 5, 'c8g.xlarge_use1-az2': 30, 'c8g.xlarge_use1-az4': 5, 'c8g.xlarge_use1-az5': 1, 'c8g.xlarge_use1-az6': 50, 'c8gd.12xlarge_use1-az2': 5, 'c8gd.12xlarge_use1-az4': 5, 'c8gd.12xlarge_use1-az5': 1, 'c8gd.12xlarge_use1-az6': 5, 'c8gd.16xlarge_use1-az2': 10, 'c8gd.16xlarge_use1-az4': 10, 'c8gd.16xlarge_use1-az5': 5, 'c8gd.16xlarge_use1-az6': 50, 'c8gd.24xlarge_use1-az2': 1, 'c8gd.24xlarge_use1-az4': 5, 'c8gd.24xlarge_use1-az5': 1, 'c8gd.24xlarge_use1-az6': 5, 'c8gd.2xlarge_use1-az2': 50, 'c8gd.2xlarge_use1-az4': 50, 'c8gd.2xlarge_use1-az5': 10, 'c8gd.2xlarge_use1-az6': 50, 'c8gd.48xlarge_use1-az2': 1, 'c8gd.48xlarge_use1-az6': 15, 'c8gd.4xlarge_use1-az2': 10, 'c8gd.4xlarge_use1-az4': 30, 'c8gd.4xlarge_use1-az5': 1, 'c8gd.4xlarge_use1-az6': 50, 'c8gd.8xlarge_use1-az2': 1, 'c8gd.8xlarge_use1-az4': 1, 'c8gd.8xlarge_use1-az5': 1, 'c8gd.8xlarge_use1-az6': 5, 'c8gd.large_use1-az1': 1, 'c8gd.large_use1-az2': 40, 'c8gd.large_use1-az4': 35, 'c8gd.large_use1-az6': 50, 'c8gd.metal-24xl_use1-az2': 1, 'c8gd.metal-24xl_use1-az4': 1, 'c8gd.metal-24xl_use1-az5': 1, 'c8gd.metal-24xl_use1-az6': 5, 'c8gd.metal-48xl_use1-az2': 1, 'c8gd.metal-48xl_use1-az6': 1, 'c8gd.xlarge_use1-az1': 1, 'c8gd.xlarge_use1-az2': 20, 'c8gd.xlarge_use1-az4': 20, 'c8gd.xlarge_use1-az5': 15, 'c8gd.xlarge_use1-az6': 50, 'c8gn.2xlarge_use1-az2': 1, 'c8gn.2xlarge_use1-az4': 1, 'c8gn.2xlarge_use1-az6': 1, 'c8gn.4xlarge_use1-az2': 1, 'c8gn.4xlarge_use1-az5': 1, 'c8gn.8xlarge_use1-az2': 1, 'c8gn.8xlarge_use1-az6': 1, 'c8gn.large_use1-az6': 1, 'c8i-flex.12xlarge_use1-az6': 1, 'c8i-flex.16xlarge_use1-az6': 1, 'c8i-flex.2xlarge_use1-az2': 25, 'c8i-flex.2xlarge_use1-az4': 15, 'c8i-flex.2xlarge_use1-az6': 50, 'c8i-flex.4xlarge_use1-az2': 5, 'c8i-flex.4xlarge_use1-az4': 1, 'c8i-flex.4xlarge_use1-az6': 5, 'c8i-flex.8xlarge_use1-az6': 1, 'c8i-flex.large_use1-az4': 20, 'c8i-flex.xlarge_use1-az2': 40, 'c8i-flex.xlarge_use1-az4': 5, 'c8i-flex.xlarge_use1-az6': 50, 'c8i.12xlarge_use1-az2': 1, 'c8i.12xlarge_use1-az4': 1, 'c8i.12xlarge_use1-az6': 1, 'c8i.16xlarge_use1-az6': 1, 'c8i.24xlarge_use1-az6': 1, 'c8i.2xlarge_use1-az2': 10, 'c8i.2xlarge_use1-az4': 5, 'c8i.2xlarge_use1-az6': 20, 'c8i.32xlarge_use1-az2': 1, 'c8i.32xlarge_use1-az4': 1, 'c8i.32xlarge_use1-az6': 5, 'c8i.48xlarge_use1-az2': 1, 'c8i.48xlarge_use1-az6': 1, 'c8i.4xlarge_use1-az2': 5, 'c8i.4xlarge_use1-az4': 5, 'c8i.4xlarge_use1-az6': 5, 'c8i.8xlarge_use1-az2': 1, 'c8i.8xlarge_use1-az4': 1, 'c8i.8xlarge_use1-az6': 5, 'c8i.96xlarge_use1-az2': 1, 'c8i.96xlarge_use1-az6': 5, 'c8i.metal-48xl_use1-az2': 1, 'c8i.metal-96xl_use1-az2': 1, 'c8i.metal-96xl_use1-az6': 5, 'c8i.xlarge_use1-az2': 50, 'c8i.xlarge_use1-az4': 15, 'c8i.xlarge_use1-az6': 50, 'd2.2xlarge_use1-az1': 1, 'd2.2xlarge_use1-az6': 1, 'd2.4xlarge_use1-az2': 1, 'd2.4xlarge_use1-az6': 1, 'd2.xlarge_use1-az6': 1, 'd3.2xlarge_use1-az1': 15, 'd3.2xlarge_use1-az2': 45, 'd3.2xlarge_use1-az4': 40, 'd3.2xlarge_use1-az6': 35, 'd3.4xlarge_use1-az1': 1, 'd3.4xlarge_use1-az2': 5, 'd3.4xlarge_use1-az4': 15, 'd3.4xlarge_use1-az6': 5, 'd3.8xlarge_use1-az1': 1, 'd3.8xlarge_use1-az2': 40, 'd3.8xlarge_use1-az4': 35, 'd3.8xlarge_use1-az6': 20, 'd3.xlarge_use1-az1': 10, 'd3.xlarge_use1-az2': 50, 'd3.xlarge_use1-az4': 45, 'd3.xlarge_use1-az6': 25, 'd3en.12xlarge_use1-az1': 1, 'd3en.12xlarge_use1-az2': 10, 'd3en.12xlarge_use1-az4': 20, 'd3en.12xlarge_use1-az6': 50, 'd3en.2xlarge_use1-az1': 5, 'd3en.2xlarge_use1-az2': 25, 'd3en.2xlarge_use1-az4': 15, 'd3en.2xlarge_use1-az6': 50, 'd3en.4xlarge_use1-az1': 1, 'd3en.4xlarge_use1-az2': 5, 'd3en.4xlarge_use1-az4': 10, 'd3en.4xlarge_use1-az6': 50, 'd3en.6xlarge_use1-az1': 1, 'd3en.6xlarge_use1-az2': 5, 'd3en.6xlarge_use1-az4': 15, 'd3en.6xlarge_use1-az6': 50, 'd3en.8xlarge_use1-az1': 1, 'd3en.8xlarge_use1-az2': 15, 'd3en.8xlarge_use1-az4': 5, 'd3en.8xlarge_use1-az6': 50, 'd3en.xlarge_use1-az1': 5, 'd3en.xlarge_use1-az2': 50, 'd3en.xlarge_use1-az4': 30, 'd3en.xlarge_use1-az6': 50, 'f2.12xlarge_use1-az2': 1, 'f2.12xlarge_use1-az4': 1, 'f2.12xlarge_use1-az6': 1, 'f2.48xlarge_use1-az2': 5, 'f2.48xlarge_use1-az4': 5, 'f2.48xlarge_use1-az6': 1, 'g4ad.16xlarge_use1-az1': 5, 'g4ad.16xlarge_use1-az2': 5, 'g4ad.16xlarge_use1-az4': 5, 'g4ad.16xlarge_use1-az6': 10, 'g4ad.2xlarge_use1-az1': 5, 'g4ad.2xlarge_use1-az2': 10, 'g4ad.2xlarge_use1-az4': 10, 'g4ad.2xlarge_use1-az6': 10, 'g4ad.4xlarge_use1-az1': 10, 'g4ad.4xlarge_use1-az2': 15, 'g4ad.4xlarge_use1-az4': 15, 'g4ad.4xlarge_use1-az6': 5, 'g4ad.8xlarge_use1-az1': 1, 'g4ad.8xlarge_use1-az2': 5, 'g4ad.8xlarge_use1-az4': 5, 'g4ad.8xlarge_use1-az6': 5, 'g4ad.xlarge_use1-az1': 20, 'g4ad.xlarge_use1-az2': 20, 'g4ad.xlarge_use1-az4': 25, 'g4ad.xlarge_use1-az6': 20, 'g4dn.12xlarge_use1-az1': 5, 'g4dn.12xlarge_use1-az2': 15, 'g4dn.12xlarge_use1-az4': 15, 'g4dn.12xlarge_use1-az5': 15, 'g4dn.12xlarge_use1-az6': 50, 'g4dn.16xlarge_use1-az1': 1, 'g4dn.16xlarge_use1-az2': 10, 'g4dn.16xlarge_use1-az4': 1, 'g4dn.16xlarge_use1-az5': 5, 'g4dn.16xlarge_use1-az6': 15, 'g4dn.2xlarge_use1-az1': 45, 'g4dn.2xlarge_use1-az2': 50, 'g4dn.2xlarge_use1-az4': 50, 'g4dn.2xlarge_use1-az5': 50, 'g4dn.2xlarge_use1-az6': 50, 'g4dn.4xlarge_use1-az1': 5, 'g4dn.4xlarge_use1-az2': 40, 'g4dn.4xlarge_use1-az4': 25, 'g4dn.4xlarge_use1-az5': 40, 'g4dn.4xlarge_use1-az6': 40, 'g4dn.8xlarge_use1-az1': 1, 'g4dn.8xlarge_use1-az2': 1, 'g4dn.8xlarge_use1-az4': 10, 'g4dn.8xlarge_use1-az5': 1, 'g4dn.8xlarge_use1-az6': 5, 'g4dn.xlarge_use1-az1': 50, 'g4dn.xlarge_use1-az2': 50, 'g4dn.xlarge_use1-az4': 50, 'g4dn.xlarge_use1-az5': 50, 'g4dn.xlarge_use1-az6': 50, 'g5.12xlarge_use1-az2': 1, 'g5.12xlarge_use1-az5': 10, 'g5.12xlarge_use1-az6': 5, 'g5.16xlarge_use1-az1': 1, 'g5.16xlarge_use1-az2': 1, 'g5.16xlarge_use1-az4': 5, 'g5.16xlarge_use1-az5': 5, 'g5.16xlarge_use1-az6': 10, 'g5.24xlarge_use1-az1': 1, 'g5.24xlarge_use1-az2': 1, 'g5.24xlarge_use1-az4': 1, 'g5.24xlarge_use1-az5': 1, 'g5.24xlarge_use1-az6': 5, 'g5.2xlarge_use1-az1': 25, 'g5.2xlarge_use1-az2': 15, 'g5.2xlarge_use1-az4': 15, 'g5.2xlarge_use1-az5': 50, 'g5.2xlarge_use1-az6': 45, 'g5.48xlarge_use1-az2': 1, 'g5.48xlarge_use1-az5': 5, 'g5.48xlarge_use1-az6': 25, 'g5.4xlarge_use1-az1': 1, 'g5.4xlarge_use1-az2': 50, 'g5.4xlarge_use1-az4': 50, 'g5.4xlarge_use1-az5': 40, 'g5.4xlarge_use1-az6': 50, 'g5.8xlarge_use1-az1': 1, 'g5.8xlarge_use1-az2': 5, 'g5.8xlarge_use1-az4': 10, 'g5.8xlarge_use1-az5': 20, 'g5.8xlarge_use1-az6': 10, 'g5.xlarge_use1-az1': 25, 'g5.xlarge_use1-az2': 50, 'g5.xlarge_use1-az4': 50, 'g5.xlarge_use1-az5': 50, 'g5.xlarge_use1-az6': 50, 'g5g.16xlarge_use1-az1': 1, 'g5g.16xlarge_use1-az6': 5, 'g5g.4xlarge_use1-az6': 1, 'g5g.8xlarge_use1-az1': 1, 'g5g.8xlarge_use1-az4': 1, 'g5g.8xlarge_use1-az6': 1, 'g5g.xlarge_use1-az1': 1, 'g5g.xlarge_use1-az2': 1, 'g5g.xlarge_use1-az4': 1, 'g5g.xlarge_use1-az6': 5, 'g6.12xlarge_use1-az1': 5, 'g6.12xlarge_use1-az2': 1, 'g6.12xlarge_use1-az4': 30, 'g6.12xlarge_use1-az6': 50, 'g6.16xlarge_use1-az1': 1, 'g6.16xlarge_use1-az2': 1, 'g6.16xlarge_use1-az4': 1, 'g6.16xlarge_use1-az6': 5, 'g6.24xlarge_use1-az2': 1, 'g6.24xlarge_use1-az4': 1, 'g6.24xlarge_use1-az6': 1, 'g6.2xlarge_use1-az1': 10, 'g6.2xlarge_use1-az2': 25, 'g6.2xlarge_use1-az4': 50, 'g6.2xlarge_use1-az6': 50, 'g6.48xlarge_use1-az2': 5, 'g6.48xlarge_use1-az4': 30, 'g6.48xlarge_use1-az6': 50, 'g6.4xlarge_use1-az1': 5, 'g6.4xlarge_use1-az2': 10, 'g6.4xlarge_use1-az4': 35, 'g6.4xlarge_use1-az6': 50, 'g6.8xlarge_use1-az1': 5, 'g6.8xlarge_use1-az2': 5, 'g6.8xlarge_use1-az4': 10, 'g6.8xlarge_use1-az6': 15, 'g6.xlarge_use1-az1': 5, 'g6.xlarge_use1-az2': 5, 'g6.xlarge_use1-az4': 5, 'g6.xlarge_use1-az6': 5, 'g6e.16xlarge_use1-az1': 10, 'g6e.16xlarge_use1-az2': 15, 'g6e.16xlarge_use1-az4': 40, 'g6e.16xlarge_use1-az6': 20, 'g6e.2xlarge_use1-az1': 10, 'g6e.2xlarge_use1-az2': 1, 'g6e.2xlarge_use1-az4': 10, 'g6e.2xlarge_use1-az6': 5, 'g6e.48xlarge_use1-az4': 5, 'g6e.48xlarge_use1-az6': 1, 'g6e.4xlarge_use1-az1': 1, 'g6e.4xlarge_use1-az4': 5, 'g6e.4xlarge_use1-az6': 1, 'g6e.8xlarge_use1-az1': 1, 'g6e.8xlarge_use1-az2': 1, 'g6e.8xlarge_use1-az4': 1, 'g6e.8xlarge_use1-az6': 1, 'g6e.xlarge_use1-az1': 1, 'g6e.xlarge_use1-az6': 1, 'g6f.2xlarge_use1-az1': 1, 'g6f.2xlarge_use1-az4': 1, 'g6f.2xlarge_use1-az6': 5, 'g6f.4xlarge_use1-az1': 1, 'g6f.4xlarge_use1-az4': 1, 'g6f.4xlarge_use1-az6': 1, 'g6f.large_use1-az1': 10, 'g6f.large_use1-az2': 15, 'g6f.large_use1-az4': 40, 'g6f.large_use1-az6': 20, 'g6f.xlarge_use1-az1': 1, 'g6f.xlarge_use1-az2': 1, 'g6f.xlarge_use1-az4': 5, 'g6f.xlarge_use1-az6': 10, 'gr6.4xlarge_use1-az2': 1, 'gr6.4xlarge_use1-az4': 1, 'gr6.4xlarge_use1-az6': 1, 'gr6.8xlarge_use1-az1': 1, 'gr6.8xlarge_use1-az2': 1, 'gr6.8xlarge_use1-az4': 1, 'gr6.8xlarge_use1-az6': 1, 'i2.2xlarge_use1-az2': 10, 'i2.2xlarge_use1-az3': 5, 'i2.2xlarge_use1-az4': 10, 'i2.2xlarge_use1-az6': 5, 'i2.4xlarge_use1-az1': 1, 'i2.4xlarge_use1-az2': 10, 'i2.4xlarge_use1-az3': 1, 'i2.4xlarge_use1-az4': 10, 'i2.4xlarge_use1-az6': 5, 'i2.8xlarge_use1-az2': 1, 'i2.8xlarge_use1-az3': 1, 'i2.8xlarge_use1-az6': 1, 'i2.xlarge_use1-az1': 1, 'i2.xlarge_use1-az2': 15, 'i2.xlarge_use1-az3': 1, 'i2.xlarge_use1-az4': 20, 'i2.xlarge_use1-az6': 15, 'i3.16xlarge_use1-az1': 20, 'i3.16xlarge_use1-az2': 50, 'i3.16xlarge_use1-az3': 10, 'i3.16xlarge_use1-az4': 50, 'i3.16xlarge_use1-az5': 10, 'i3.16xlarge_use1-az6': 45, 'i3.2xlarge_use1-az1': 50, 'i3.2xlarge_use1-az2': 50, 'i3.2xlarge_use1-az3': 50, 'i3.2xlarge_use1-az4': 50, 'i3.2xlarge_use1-az5': 50, 'i3.2xlarge_use1-az6': 50, 'i3.4xlarge_use1-az1': 50, 'i3.4xlarge_use1-az2': 50, 'i3.4xlarge_use1-az3': 50, 'i3.4xlarge_use1-az4': 50, 'i3.4xlarge_use1-az5': 50, 'i3.4xlarge_use1-az6': 50, 'i3.8xlarge_use1-az1': 50, 'i3.8xlarge_use1-az2': 50, 'i3.8xlarge_use1-az3': 50, 'i3.8xlarge_use1-az4': 50, 'i3.8xlarge_use1-az5': 25, 'i3.8xlarge_use1-az6': 50, 'i3.large_use1-az1': 50, 'i3.large_use1-az2': 50, 'i3.large_use1-az3': 50, 'i3.large_use1-az4': 50, 'i3.large_use1-az5': 50, 'i3.large_use1-az6': 50, 'i3.xlarge_use1-az1': 50, 'i3.xlarge_use1-az2': 50, 'i3.xlarge_use1-az3': 50, 'i3.xlarge_use1-az4': 50, 'i3.xlarge_use1-az5': 50, 'i3.xlarge_use1-az6': 50, 'i3en.12xlarge_use1-az1': 1, 'i3en.12xlarge_use1-az2': 1, 'i3en.12xlarge_use1-az6': 50, 'i3en.24xlarge_use1-az6': 20, 'i3en.2xlarge_use1-az1': 50, 'i3en.2xlarge_use1-az2': 50, 'i3en.2xlarge_use1-az4': 30, 'i3en.2xlarge_use1-az5': 50, 'i3en.2xlarge_use1-az6': 50, 'i3en.3xlarge_use1-az1': 50, 'i3en.3xlarge_use1-az2': 50, 'i3en.3xlarge_use1-az4': 50, 'i3en.3xlarge_use1-az5': 50, 'i3en.3xlarge_use1-az6': 50, 'i3en.6xlarge_use1-az1': 10, 'i3en.6xlarge_use1-az2': 20, 'i3en.6xlarge_use1-az4': 10, 'i3en.6xlarge_use1-az6': 50, 'i3en.large_use1-az1': 50, 'i3en.large_use1-az2': 50, 'i3en.large_use1-az4': 45, 'i3en.large_use1-az5': 35, 'i3en.large_use1-az6': 50, 'i3en.xlarge_use1-az1': 50, 'i3en.xlarge_use1-az2': 50, 'i3en.xlarge_use1-az4': 50, 'i3en.xlarge_use1-az5': 50, 'i3en.xlarge_use1-az6': 50, 'i4g.16xlarge_use1-az2': 1, 'i4g.16xlarge_use1-az4': 1, 'i4g.16xlarge_use1-az5': 50, 'i4g.16xlarge_use1-az6': 50, 'i4g.2xlarge_use1-az2': 10, 'i4g.2xlarge_use1-az4': 15, 'i4g.2xlarge_use1-az5': 40, 'i4g.2xlarge_use1-az6': 50, 'i4g.4xlarge_use1-az2': 25, 'i4g.4xlarge_use1-az4': 30, 'i4g.4xlarge_use1-az5': 50, 'i4g.4xlarge_use1-az6': 50, 'i4g.8xlarge_use1-az5': 45, 'i4g.8xlarge_use1-az6': 15, 'i4g.large_use1-az1': 5, 'i4g.large_use1-az2': 5, 'i4g.large_use1-az4': 5, 'i4g.large_use1-az5': 25, 'i4g.large_use1-az6': 50, 'i4g.xlarge_use1-az2': 10, 'i4g.xlarge_use1-az4': 1, 'i4g.xlarge_use1-az5': 50, 'i4g.xlarge_use1-az6': 50, 'i4i.12xlarge_use1-az2': 5, 'i4i.16xlarge_use1-az1': 1, 'i4i.16xlarge_use1-az2': 1, 'i4i.16xlarge_use1-az4': 1, 'i4i.16xlarge_use1-az6': 1, 'i4i.24xlarge_use1-az2': 1, 'i4i.2xlarge_use1-az1': 15, 'i4i.2xlarge_use1-az2': 50, 'i4i.2xlarge_use1-az4': 50, 'i4i.2xlarge_use1-az5': 1, 'i4i.2xlarge_use1-az6': 50, 'i4i.4xlarge_use1-az1': 1, 'i4i.4xlarge_use1-az2': 35, 'i4i.4xlarge_use1-az4': 1, 'i4i.4xlarge_use1-az6': 15, 'i4i.8xlarge_use1-az1': 1, 'i4i.8xlarge_use1-az2': 40, 'i4i.8xlarge_use1-az6': 5, 'i4i.large_use1-az1': 50, 'i4i.large_use1-az2': 50, 'i4i.large_use1-az4': 50, 'i4i.large_use1-az5': 50, 'i4i.large_use1-az6': 50, 'i4i.xlarge_use1-az1': 50, 'i4i.xlarge_use1-az2': 50, 'i4i.xlarge_use1-az4': 50, 'i4i.xlarge_use1-az5': 50, 'i4i.xlarge_use1-az6': 50, 'i7i.12xlarge_use1-az1': 1, 'i7i.12xlarge_use1-az2': 1, 'i7i.12xlarge_use1-az4': 1, 'i7i.12xlarge_use1-az5': 1, 'i7i.12xlarge_use1-az6': 1, 'i7i.16xlarge_use1-az2': 1, 'i7i.16xlarge_use1-az4': 5, 'i7i.16xlarge_use1-az5': 1, 'i7i.16xlarge_use1-az6': 1, 'i7i.24xlarge_use1-az2': 1, 'i7i.24xlarge_use1-az4': 1, 'i7i.24xlarge_use1-az5': 1, 'i7i.24xlarge_use1-az6': 1, 'i7i.2xlarge_use1-az1': 1, 'i7i.2xlarge_use1-az2': 50, 'i7i.2xlarge_use1-az4': 45, 'i7i.2xlarge_use1-az5': 20, 'i7i.2xlarge_use1-az6': 10, 'i7i.48xlarge_use1-az2': 1, 'i7i.4xlarge_use1-az1': 1, 'i7i.4xlarge_use1-az2': 15, 'i7i.4xlarge_use1-az4': 20, 'i7i.4xlarge_use1-az5': 5, 'i7i.4xlarge_use1-az6': 20, 'i7i.8xlarge_use1-az1': 1, 'i7i.8xlarge_use1-az2': 1, 'i7i.8xlarge_use1-az4': 5, 'i7i.8xlarge_use1-az5': 1, 'i7i.8xlarge_use1-az6': 1, 'i7i.metal-24xl_use1-az2': 1, 'i7i.metal-24xl_use1-az4': 50, 'i7i.metal-24xl_use1-az6': 35, 'i7i.xlarge_use1-az1': 1, 'i7i.xlarge_use1-az6': 20, 'i7ie.12xlarge_use1-az1': 1, 'i7ie.12xlarge_use1-az4': 1, 'i7ie.12xlarge_use1-az6': 30, 'i7ie.18xlarge_use1-az4': 1, 'i7ie.18xlarge_use1-az6': 20, 'i7ie.24xlarge_use1-az1': 1, 'i7ie.24xlarge_use1-az2': 1, 'i7ie.24xlarge_use1-az4': 1, 'i7ie.24xlarge_use1-az6': 50, 'i7ie.2xlarge_use1-az1': 5, 'i7ie.2xlarge_use1-az2': 1, 'i7ie.2xlarge_use1-az4': 15, 'i7ie.2xlarge_use1-az6': 35, 'i7ie.3xlarge_use1-az1': 5, 'i7ie.3xlarge_use1-az2': 1, 'i7ie.3xlarge_use1-az4': 5, 'i7ie.3xlarge_use1-az6': 30, 'i7ie.48xlarge_use1-az6': 50, 'i7ie.6xlarge_use1-az1': 25, 'i7ie.6xlarge_use1-az4': 20, 'i7ie.6xlarge_use1-az6': 50, 'i7ie.large_use1-az1': 45, 'i7ie.large_use1-az2': 15, 'i7ie.large_use1-az4': 50, 'i7ie.large_use1-az6': 50, 'i7ie.metal-24xl_use1-az4': 1, 'i7ie.metal-24xl_use1-az6': 15, 'i7ie.metal-48xl_use1-az6': 10, 'i7ie.xlarge_use1-az1': 10, 'i7ie.xlarge_use1-az2': 25, 'i7ie.xlarge_use1-az4': 45, 'i7ie.xlarge_use1-az6': 50, 'i8g.12xlarge_use1-az6': 1, 'i8g.24xlarge_use1-az6': 10, 'i8g.2xlarge_use1-az2': 1, 'i8g.4xlarge_use1-az2': 1, 'i8g.8xlarge_use1-az6': 5, 'i8g.large_use1-az2': 10, 'i8g.large_use1-az6': 5, 'i8g.xlarge_use1-az2': 1, 'i8g.xlarge_use1-az4': 1, 'i8g.xlarge_use1-az6': 1, 'i8ge.12xlarge_use1-az4': 1, 'i8ge.12xlarge_use1-az6': 5, 'i8ge.18xlarge_use1-az2': 1, 'i8ge.18xlarge_use1-az4': 1, 'i8ge.18xlarge_use1-az6': 5, 'i8ge.24xlarge_use1-az4': 1, 'i8ge.24xlarge_use1-az6': 5, 'i8ge.2xlarge_use1-az4': 10, 'i8ge.3xlarge_use1-az2': 1, 'i8ge.3xlarge_use1-az4': 5, 'i8ge.48xlarge_use1-az4': 5, 'i8ge.6xlarge_use1-az2': 1, 'i8ge.6xlarge_use1-az4': 1, 'i8ge.large_use1-az2': 5, 'i8ge.large_use1-az4': 50, 'i8ge.metal-24xl_use1-az4': 1, 'i8ge.metal-48xl_use1-az6': 1, 'i8ge.xlarge_use1-az4': 20, 'im4gn.16xlarge_use1-az4': 45, 'im4gn.2xlarge_use1-az1': 10, 'im4gn.2xlarge_use1-az4': 20, 'im4gn.2xlarge_use1-az6': 15, 'im4gn.4xlarge_use1-az1': 5, 'im4gn.4xlarge_use1-az4': 15, 'im4gn.8xlarge_use1-az1': 1, 'im4gn.8xlarge_use1-az4': 5, 'im4gn.large_use1-az1': 35, 'im4gn.large_use1-az2': 10, 'im4gn.large_use1-az4': 50, 'im4gn.large_use1-az6': 10, 'im4gn.xlarge_use1-az1': 25, 'im4gn.xlarge_use1-az2': 50, 'im4gn.xlarge_use1-az4': 30, 'im4gn.xlarge_use1-az6': 40, 'inf1.24xlarge_use1-az1': 1, 'inf1.24xlarge_use1-az2': 1, 'inf1.24xlarge_use1-az4': 10, 'inf1.24xlarge_use1-az5': 5, 'inf1.24xlarge_use1-az6': 20, 'inf1.2xlarge_use1-az1': 15, 'inf1.2xlarge_use1-az2': 15, 'inf1.2xlarge_use1-az4': 30, 'inf1.2xlarge_use1-az5': 40, 'inf1.2xlarge_use1-az6': 40, 'inf1.6xlarge_use1-az1': 1, 'inf1.6xlarge_use1-az2': 1, 'inf1.6xlarge_use1-az4': 5, 'inf1.6xlarge_use1-az5': 5, 'inf1.6xlarge_use1-az6': 10, 'inf1.xlarge_use1-az1': 50, 'inf1.xlarge_use1-az2': 50, 'inf1.xlarge_use1-az4': 40, 'inf1.xlarge_use1-az5': 50, 'inf1.xlarge_use1-az6': 50, 'inf2.24xlarge_use1-az4': 1, 'inf2.24xlarge_use1-az6': 10, 'inf2.48xlarge_use1-az6': 15, 'inf2.8xlarge_use1-az2': 5, 'inf2.8xlarge_use1-az4': 5, 'inf2.8xlarge_use1-az5': 1, 'inf2.8xlarge_use1-az6': 1, 'inf2.xlarge_use1-az2': 5, 'inf2.xlarge_use1-az4': 1, 'inf2.xlarge_use1-az6': 50, 'is4gen.2xlarge_use1-az1': 1, 'is4gen.2xlarge_use1-az2': 50, 'is4gen.2xlarge_use1-az4': 50, 'is4gen.2xlarge_use1-az6': 50, 'is4gen.4xlarge_use1-az1': 1, 'is4gen.8xlarge_use1-az1': 1, 'is4gen.8xlarge_use1-az4': 1, 'is4gen.large_use1-az1': 5, 'is4gen.large_use1-az2': 1, 'is4gen.large_use1-az4': 10, 'is4gen.large_use1-az6': 15, 'is4gen.medium_use1-az1': 50, 'is4gen.medium_use1-az2': 25, 'is4gen.medium_use1-az4': 40, 'is4gen.medium_use1-az6': 30, 'is4gen.xlarge_use1-az1': 1, 'is4gen.xlarge_use1-az2': 1, 'is4gen.xlarge_use1-az4': 15, 'is4gen.xlarge_use1-az6': 1, 'm1.large_use1-az1': 5, 'm1.large_use1-az2': 25, 'm1.large_use1-az4': 20, 'm1.large_use1-az6': 15, 'm1.xlarge_use1-az1': 1, 'm1.xlarge_use1-az2': 10, 'm1.xlarge_use1-az4': 10, 'm1.xlarge_use1-az6': 10, 'm2.2xlarge_use1-az1': 5, 'm2.2xlarge_use1-az2': 10, 'm2.2xlarge_use1-az4': 15, 'm2.2xlarge_use1-az6': 5, 'm2.4xlarge_use1-az1': 1, 'm2.4xlarge_use1-az2': 5, 'm2.4xlarge_use1-az4': 5, 'm2.4xlarge_use1-az6': 5, 'm2.xlarge_use1-az1': 5, 'm2.xlarge_use1-az2': 20, 'm2.xlarge_use1-az4': 20, 'm2.xlarge_use1-az6': 15, 'm3.2xlarge_use1-az2': 25, 'm3.2xlarge_use1-az3': 1, 'm3.2xlarge_use1-az4': 40, 'm3.2xlarge_use1-az6': 45, 'm3.large_use1-az2': 50, 'm3.large_use1-az3': 1, 'm3.large_use1-az4': 50, 'm3.large_use1-az6': 50, 'm3.xlarge_use1-az2': 50, 'm3.xlarge_use1-az3': 1, 'm3.xlarge_use1-az4': 50, 'm3.xlarge_use1-az6': 50, 'm4.10xlarge_use1-az1': 5, 'm4.10xlarge_use1-az2': 10, 'm4.10xlarge_use1-az3': 1, 'm4.10xlarge_use1-az4': 50, 'm4.10xlarge_use1-az5': 1, 'm4.10xlarge_use1-az6': 50, 'm4.2xlarge_use1-az1': 5, 'm4.2xlarge_use1-az2': 20, 'm4.2xlarge_use1-az3': 50, 'm4.2xlarge_use1-az4': 20, 'm4.2xlarge_use1-az5': 1, 'm4.2xlarge_use1-az6': 25, 'm4.4xlarge_use1-az1': 50, 'm4.4xlarge_use1-az2': 50, 'm4.4xlarge_use1-az3': 50, 'm4.4xlarge_use1-az4': 25, 'm4.4xlarge_use1-az5': 10, 'm4.4xlarge_use1-az6': 15, 'm4.large_use1-az1': 30, 'm4.large_use1-az2': 50, 'm4.large_use1-az3': 25, 'm4.large_use1-az4': 50, 'm4.large_use1-az5': 10, 'm4.large_use1-az6': 50, 'm4.xlarge_use1-az1': 15, 'm4.xlarge_use1-az2': 50, 'm4.xlarge_use1-az3': 50, 'm4.xlarge_use1-az4': 50, 'm4.xlarge_use1-az5': 30, 'm4.xlarge_use1-az6': 50, 'm5.12xlarge_use1-az1': 5, 'm5.12xlarge_use1-az2': 25, 'm5.12xlarge_use1-az4': 50, 'm5.12xlarge_use1-az5': 1, 'm5.12xlarge_use1-az6': 40, 'm5.16xlarge_use1-az1': 10, 'm5.16xlarge_use1-az2': 50, 'm5.16xlarge_use1-az4': 50, 'm5.16xlarge_use1-az5': 1, 'm5.16xlarge_use1-az6': 50, 'm5.24xlarge_use1-az1': 5, 'm5.24xlarge_use1-az2': 5, 'm5.24xlarge_use1-az4': 5, 'm5.24xlarge_use1-az5': 1, 'm5.24xlarge_use1-az6': 35, 'm5.2xlarge_use1-az1': 50, 'm5.2xlarge_use1-az2': 50, 'm5.2xlarge_use1-az4': 50, 'm5.2xlarge_use1-az5': 50, 'm5.2xlarge_use1-az6': 50, 'm5.4xlarge_use1-az1': 50, 'm5.4xlarge_use1-az2': 50, 'm5.4xlarge_use1-az4': 50, 'm5.4xlarge_use1-az5': 10, 'm5.4xlarge_use1-az6': 50, 'm5.8xlarge_use1-az1': 50, 'm5.8xlarge_use1-az2': 40, 'm5.8xlarge_use1-az4': 50, 'm5.8xlarge_use1-az5': 1, 'm5.8xlarge_use1-az6': 50, 'm5.large_use1-az1': 50, 'm5.large_use1-az2': 50, 'm5.large_use1-az4': 50, 'm5.large_use1-az5': 50, 'm5.large_use1-az6': 50, 'm5.xlarge_use1-az1': 50, 'm5.xlarge_use1-az2': 50, 'm5.xlarge_use1-az4': 50, 'm5.xlarge_use1-az5': 50, 'm5.xlarge_use1-az6': 50, 'm5a.12xlarge_use1-az2': 1, 'm5a.12xlarge_use1-az4': 1, 'm5a.12xlarge_use1-az6': 1, 'm5a.16xlarge_use1-az2': 1, 'm5a.16xlarge_use1-az4': 1, 'm5a.16xlarge_use1-az6': 1, 'm5a.24xlarge_use1-az1': 1, 'm5a.24xlarge_use1-az2': 1, 'm5a.24xlarge_use1-az4': 1, 'm5a.24xlarge_use1-az5': 5, 'm5a.24xlarge_use1-az6': 5, 'm5a.2xlarge_use1-az1': 10, 'm5a.2xlarge_use1-az2': 25, 'm5a.2xlarge_use1-az4': 25, 'm5a.2xlarge_use1-az5': 5, 'm5a.2xlarge_use1-az6': 45, 'm5a.4xlarge_use1-az1': 5, 'm5a.4xlarge_use1-az2': 10, 'm5a.4xlarge_use1-az4': 5, 'm5a.4xlarge_use1-az5': 10, 'm5a.4xlarge_use1-az6': 15, 'm5a.8xlarge_use1-az1': 1, 'm5a.8xlarge_use1-az2': 20, 'm5a.8xlarge_use1-az4': 20, 'm5a.8xlarge_use1-az5': 1, 'm5a.8xlarge_use1-az6': 5, 'm5a.large_use1-az1': 50, 'm5a.large_use1-az2': 50, 'm5a.large_use1-az4': 50, 'm5a.large_use1-az5': 45, 'm5a.large_use1-az6': 50, 'm5a.xlarge_use1-az1': 10, 'm5a.xlarge_use1-az2': 30, 'm5a.xlarge_use1-az4': 10, 'm5a.xlarge_use1-az5': 20, 'm5a.xlarge_use1-az6': 50, 'm5ad.12xlarge_use1-az1': 1, 'm5ad.16xlarge_use1-az1': 1, 'm5ad.16xlarge_use1-az2': 1, 'm5ad.16xlarge_use1-az4': 1, 'm5ad.16xlarge_use1-az6': 1, 'm5ad.24xlarge_use1-az1': 5, 'm5ad.24xlarge_use1-az2': 1, 'm5ad.24xlarge_use1-az4': 1, 'm5ad.24xlarge_use1-az6': 5, 'm5ad.2xlarge_use1-az1': 1, 'm5ad.2xlarge_use1-az2': 1, 'm5ad.2xlarge_use1-az4': 5, 'm5ad.2xlarge_use1-az6': 1, 'm5ad.4xlarge_use1-az1': 1, 'm5ad.4xlarge_use1-az2': 1, 'm5ad.4xlarge_use1-az4': 1, 'm5ad.4xlarge_use1-az6': 1, 'm5ad.8xlarge_use1-az2': 1, 'm5ad.large_use1-az1': 10, 'm5ad.large_use1-az2': 5, 'm5ad.large_use1-az4': 10, 'm5ad.large_use1-az5': 1, 'm5ad.large_use1-az6': 10, 'm5ad.xlarge_use1-az1': 1, 'm5ad.xlarge_use1-az2': 10, 'm5ad.xlarge_use1-az4': 5, 'm5ad.xlarge_use1-az6': 5, 'm5d.12xlarge_use1-az1': 1, 'm5d.12xlarge_use1-az2': 25, 'm5d.12xlarge_use1-az4': 30, 'm5d.12xlarge_use1-az6': 15, 'm5d.16xlarge_use1-az1': 5, 'm5d.16xlarge_use1-az2': 35, 'm5d.16xlarge_use1-az4': 20, 'm5d.16xlarge_use1-az5': 1, 'm5d.16xlarge_use1-az6': 50, 'm5d.24xlarge_use1-az1': 20, 'm5d.24xlarge_use1-az2': 15, 'm5d.24xlarge_use1-az4': 5, 'm5d.24xlarge_use1-az5': 1, 'm5d.24xlarge_use1-az6': 50, 'm5d.2xlarge_use1-az1': 5, 'm5d.2xlarge_use1-az2': 25, 'm5d.2xlarge_use1-az4': 25, 'm5d.2xlarge_use1-az6': 30, 'm5d.4xlarge_use1-az1': 5, 'm5d.4xlarge_use1-az2': 15, 'm5d.4xlarge_use1-az4': 25, 'm5d.4xlarge_use1-az6': 25, 'm5d.8xlarge_use1-az1': 1, 'm5d.8xlarge_use1-az2': 25, 'm5d.8xlarge_use1-az4': 10, 'm5d.8xlarge_use1-az5': 1, 'm5d.8xlarge_use1-az6': 10, 'm5d.large_use1-az1': 5, 'm5d.large_use1-az2': 50, 'm5d.large_use1-az4': 50, 'm5d.large_use1-az6': 50, 'm5d.xlarge_use1-az1': 50, 'm5d.xlarge_use1-az2': 50, 'm5d.xlarge_use1-az4': 50, 'm5d.xlarge_use1-az5': 1, 'm5d.xlarge_use1-az6': 50, 'm5dn.12xlarge_use1-az1': 1, 'm5dn.12xlarge_use1-az4': 1, 'm5dn.12xlarge_use1-az6': 1, 'm5dn.16xlarge_use1-az1': 1, 'm5dn.16xlarge_use1-az2': 5, 'm5dn.16xlarge_use1-az4': 1, 'm5dn.16xlarge_use1-az6': 1, 'm5dn.24xlarge_use1-az1': 1, 'm5dn.24xlarge_use1-az2': 1, 'm5dn.24xlarge_use1-az4': 1, 'm5dn.24xlarge_use1-az6': 5, 'm5dn.2xlarge_use1-az1': 10, 'm5dn.2xlarge_use1-az2': 5, 'm5dn.2xlarge_use1-az4': 5, 'm5dn.2xlarge_use1-az5': 1, 'm5dn.2xlarge_use1-az6': 15, 'm5dn.4xlarge_use1-az1': 5, 'm5dn.4xlarge_use1-az2': 5, 'm5dn.4xlarge_use1-az4': 1, 'm5dn.4xlarge_use1-az5': 1, 'm5dn.4xlarge_use1-az6': 5, 'm5dn.8xlarge_use1-az2': 1, 'm5dn.8xlarge_use1-az6': 1, 'm5dn.large_use1-az1': 35, 'm5dn.large_use1-az2': 30, 'm5dn.large_use1-az4': 40, 'm5dn.large_use1-az5': 15, 'm5dn.large_use1-az6': 50, 'm5dn.xlarge_use1-az1': 10, 'm5dn.xlarge_use1-az2': 25, 'm5dn.xlarge_use1-az4': 20, 'm5dn.xlarge_use1-az5': 1, 'm5dn.xlarge_use1-az6': 30, 'm5n.12xlarge_use1-az1': 1, 'm5n.12xlarge_use1-az2': 1, 'm5n.12xlarge_use1-az4': 1, 'm5n.12xlarge_use1-az5': 1, 'm5n.12xlarge_use1-az6': 1, 'm5n.16xlarge_use1-az2': 1, 'm5n.16xlarge_use1-az4': 1, 'm5n.16xlarge_use1-az6': 1, 'm5n.24xlarge_use1-az2': 1, 'm5n.24xlarge_use1-az4': 1, 'm5n.24xlarge_use1-az6': 1, 'm5n.2xlarge_use1-az1': 15, 'm5n.2xlarge_use1-az2': 25, 'm5n.2xlarge_use1-az4': 30, 'm5n.2xlarge_use1-az5': 5, 'm5n.2xlarge_use1-az6': 25, 'm5n.4xlarge_use1-az1': 25, 'm5n.4xlarge_use1-az2': 35, 'm5n.4xlarge_use1-az4': 50, 'm5n.4xlarge_use1-az5': 5, 'm5n.4xlarge_use1-az6': 10, 'm5n.8xlarge_use1-az1': 1, 'm5n.8xlarge_use1-az2': 1, 'm5n.8xlarge_use1-az4': 1, 'm5n.8xlarge_use1-az6': 5, 'm5n.large_use1-az1': 5, 'm5n.large_use1-az2': 15, 'm5n.large_use1-az4': 5, 'm5n.large_use1-az5': 5, 'm5n.large_use1-az6': 15, 'm5n.xlarge_use1-az1': 20, 'm5n.xlarge_use1-az2': 50, 'm5n.xlarge_use1-az4': 50, 'm5n.xlarge_use1-az5': 1, 'm5n.xlarge_use1-az6': 50, 'm5zn.12xlarge_use1-az2': 1, 'm5zn.12xlarge_use1-az4': 10, 'm5zn.12xlarge_use1-az5': 1, 'm5zn.12xlarge_use1-az6': 5, 'm5zn.2xlarge_use1-az1': 1, 'm5zn.2xlarge_use1-az2': 1, 'm5zn.2xlarge_use1-az4': 25, 'm5zn.2xlarge_use1-az5': 1, 'm5zn.2xlarge_use1-az6': 5, 'm5zn.3xlarge_use1-az1': 1, 'm5zn.3xlarge_use1-az2': 1, 'm5zn.3xlarge_use1-az4': 5, 'm5zn.3xlarge_use1-az6': 5, 'm5zn.6xlarge_use1-az4': 1, 'm5zn.6xlarge_use1-az6': 1, 'm5zn.large_use1-az1': 5, 'm5zn.large_use1-az2': 5, 'm5zn.large_use1-az4': 30, 'm5zn.large_use1-az5': 15, 'm5zn.large_use1-az6': 20, 'm5zn.xlarge_use1-az1': 1, 'm5zn.xlarge_use1-az2': 1, 'm5zn.xlarge_use1-az4': 20, 'm5zn.xlarge_use1-az5': 5, 'm5zn.xlarge_use1-az6': 5, 'm6a.12xlarge_use1-az1': 5, 'm6a.12xlarge_use1-az2': 5, 'm6a.12xlarge_use1-az4': 15, 'm6a.12xlarge_use1-az6': 10, 'm6a.16xlarge_use1-az1': 5, 'm6a.16xlarge_use1-az2': 5, 'm6a.16xlarge_use1-az4': 5, 'm6a.16xlarge_use1-az6': 5, 'm6a.24xlarge_use1-az1': 1, 'm6a.24xlarge_use1-az2': 1, 'm6a.24xlarge_use1-az4': 1, 'm6a.24xlarge_use1-az6': 1, 'm6a.2xlarge_use1-az1': 50, 'm6a.2xlarge_use1-az2': 35, 'm6a.2xlarge_use1-az4': 45, 'm6a.2xlarge_use1-az5': 15, 'm6a.2xlarge_use1-az6': 50, 'm6a.32xlarge_use1-az2': 1, 'm6a.32xlarge_use1-az4': 1, 'm6a.32xlarge_use1-az5': 1, 'm6a.32xlarge_use1-az6': 1, 'm6a.48xlarge_use1-az2': 1, 'm6a.48xlarge_use1-az4': 1, 'm6a.48xlarge_use1-az6': 1, 'm6a.4xlarge_use1-az1': 45, 'm6a.4xlarge_use1-az2': 40, 'm6a.4xlarge_use1-az4': 25, 'm6a.4xlarge_use1-az5': 5, 'm6a.4xlarge_use1-az6': 50, 'm6a.8xlarge_use1-az1': 25, 'm6a.8xlarge_use1-az2': 15, 'm6a.8xlarge_use1-az4': 50, 'm6a.8xlarge_use1-az5': 10, 'm6a.8xlarge_use1-az6': 50, 'm6a.large_use1-az1': 50, 'm6a.large_use1-az2': 50, 'm6a.large_use1-az4': 50, 'm6a.large_use1-az5': 30, 'm6a.large_use1-az6': 50, 'm6a.xlarge_use1-az1': 50, 'm6a.xlarge_use1-az2': 50, 'm6a.xlarge_use1-az4': 50, 'm6a.xlarge_use1-az5': 35, 'm6a.xlarge_use1-az6': 50, 'm6g.12xlarge_use1-az1': 1, 'm6g.12xlarge_use1-az2': 5, 'm6g.12xlarge_use1-az4': 50, 'm6g.12xlarge_use1-az6': 50, 'm6g.16xlarge_use1-az1': 1, 'm6g.16xlarge_use1-az2': 5, 'm6g.16xlarge_use1-az4': 25, 'm6g.16xlarge_use1-az6': 50, 'm6g.2xlarge_use1-az1': 15, 'm6g.2xlarge_use1-az2': 50, 'm6g.2xlarge_use1-az4': 50, 'm6g.2xlarge_use1-az5': 5, 'm6g.2xlarge_use1-az6': 50, 'm6g.4xlarge_use1-az1': 10, 'm6g.4xlarge_use1-az2': 50, 'm6g.4xlarge_use1-az4': 50, 'm6g.4xlarge_use1-az5': 10, 'm6g.4xlarge_use1-az6': 50, 'm6g.8xlarge_use1-az1': 5, 'm6g.8xlarge_use1-az2': 50, 'm6g.8xlarge_use1-az4': 50, 'm6g.8xlarge_use1-az6': 50, 'm6g.large_use1-az1': 1, 'm6g.large_use1-az2': 50, 'm6g.large_use1-az4': 50, 'm6g.large_use1-az5': 5, 'm6g.large_use1-az6': 50, 'm6g.medium_use1-az1': 5, 'm6g.medium_use1-az2': 5, 'm6g.medium_use1-az4': 10, 'm6g.medium_use1-az5': 1, 'm6g.medium_use1-az6': 15, 'm6g.xlarge_use1-az1': 50, 'm6g.xlarge_use1-az2': 50, 'm6g.xlarge_use1-az4': 50, 'm6g.xlarge_use1-az5': 50, 'm6g.xlarge_use1-az6': 50, 'm6gd.12xlarge_use1-az1': 10, 'm6gd.12xlarge_use1-az2': 40, 'm6gd.12xlarge_use1-az4': 20, 'm6gd.12xlarge_use1-az5': 5, 'm6gd.12xlarge_use1-az6': 50, 'm6gd.16xlarge_use1-az1': 5, 'm6gd.16xlarge_use1-az2': 10, 'm6gd.16xlarge_use1-az4': 10, 'm6gd.16xlarge_use1-az5': 10, 'm6gd.16xlarge_use1-az6': 35, 'm6gd.2xlarge_use1-az1': 1, 'm6gd.2xlarge_use1-az2': 50, 'm6gd.2xlarge_use1-az4': 45, 'm6gd.2xlarge_use1-az5': 1, 'm6gd.2xlarge_use1-az6': 5, 'm6gd.4xlarge_use1-az1': 1, 'm6gd.4xlarge_use1-az2': 5, 'm6gd.4xlarge_use1-az4': 5, 'm6gd.4xlarge_use1-az5': 1, 'm6gd.4xlarge_use1-az6': 15, 'm6gd.8xlarge_use1-az1': 5, 'm6gd.8xlarge_use1-az2': 10, 'm6gd.8xlarge_use1-az4': 15, 'm6gd.8xlarge_use1-az5': 1, 'm6gd.8xlarge_use1-az6': 20, 'm6gd.large_use1-az1': 1, 'm6gd.large_use1-az2': 5, 'm6gd.large_use1-az4': 5, 'm6gd.large_use1-az5': 1, 'm6gd.large_use1-az6': 15, 'm6gd.medium_use1-az1': 1, 'm6gd.medium_use1-az2': 1, 'm6gd.medium_use1-az4': 1, 'm6gd.medium_use1-az5': 5, 'm6gd.medium_use1-az6': 1, 'm6gd.xlarge_use1-az1': 1, 'm6gd.xlarge_use1-az2': 10, 'm6gd.xlarge_use1-az4': 35, 'm6gd.xlarge_use1-az5': 1, 'm6gd.xlarge_use1-az6': 15, 'm6i.12xlarge_use1-az1': 1, 'm6i.12xlarge_use1-az2': 10, 'm6i.12xlarge_use1-az4': 50, 'm6i.12xlarge_use1-az5': 1, 'm6i.12xlarge_use1-az6': 30, 'm6i.16xlarge_use1-az1': 1, 'm6i.16xlarge_use1-az2': 10, 'm6i.16xlarge_use1-az4': 5, 'm6i.16xlarge_use1-az5': 1, 'm6i.16xlarge_use1-az6': 10, 'm6i.24xlarge_use1-az2': 10, 'm6i.24xlarge_use1-az4': 5, 'm6i.24xlarge_use1-az5': 1, 'm6i.24xlarge_use1-az6': 50, 'm6i.2xlarge_use1-az1': 25, 'm6i.2xlarge_use1-az2': 50, 'm6i.2xlarge_use1-az4': 50, 'm6i.2xlarge_use1-az5': 25, 'm6i.2xlarge_use1-az6': 50, 'm6i.32xlarge_use1-az2': 1, 'm6i.32xlarge_use1-az4': 5, 'm6i.32xlarge_use1-az5': 1, 'm6i.32xlarge_use1-az6': 15, 'm6i.4xlarge_use1-az1': 15, 'm6i.4xlarge_use1-az2': 50, 'm6i.4xlarge_use1-az4': 50, 'm6i.4xlarge_use1-az5': 50, 'm6i.4xlarge_use1-az6': 50, 'm6i.8xlarge_use1-az1': 1, 'm6i.8xlarge_use1-az2': 50, 'm6i.8xlarge_use1-az4': 50, 'm6i.8xlarge_use1-az5': 20, 'm6i.8xlarge_use1-az6': 50, 'm6i.large_use1-az1': 25, 'm6i.large_use1-az2': 50, 'm6i.large_use1-az4': 50, 'm6i.large_use1-az5': 50, 'm6i.large_use1-az6': 50, 'm6i.xlarge_use1-az1': 45, 'm6i.xlarge_use1-az2': 50, 'm6i.xlarge_use1-az4': 50, 'm6i.xlarge_use1-az5': 25, 'm6i.xlarge_use1-az6': 50, 'm6id.12xlarge_use1-az1': 1, 'm6id.12xlarge_use1-az2': 1, 'm6id.12xlarge_use1-az4': 1, 'm6id.12xlarge_use1-az6': 1, 'm6id.16xlarge_use1-az1': 1, 'm6id.16xlarge_use1-az2': 1, 'm6id.16xlarge_use1-az4': 1, 'm6id.16xlarge_use1-az6': 1, 'm6id.24xlarge_use1-az1': 10, 'm6id.24xlarge_use1-az2': 15, 'm6id.24xlarge_use1-az4': 35, 'm6id.24xlarge_use1-az5': 5, 'm6id.24xlarge_use1-az6': 15, 'm6id.2xlarge_use1-az1': 5, 'm6id.2xlarge_use1-az2': 5, 'm6id.2xlarge_use1-az4': 5, 'm6id.2xlarge_use1-az5': 1, 'm6id.2xlarge_use1-az6': 5, 'm6id.32xlarge_use1-az1': 10, 'm6id.32xlarge_use1-az2': 15, 'm6id.32xlarge_use1-az4': 5, 'm6id.32xlarge_use1-az5': 1, 'm6id.32xlarge_use1-az6': 50, 'm6id.4xlarge_use1-az1': 15, 'm6id.4xlarge_use1-az2': 10, 'm6id.4xlarge_use1-az4': 5, 'm6id.4xlarge_use1-az5': 1, 'm6id.4xlarge_use1-az6': 10, 'm6id.8xlarge_use1-az1': 1, 'm6id.8xlarge_use1-az4': 5, 'm6id.8xlarge_use1-az5': 1, 'm6id.8xlarge_use1-az6': 1, 'm6id.large_use1-az1': 30, 'm6id.large_use1-az2': 35, 'm6id.large_use1-az4': 15, 'm6id.large_use1-az5': 5, 'm6id.large_use1-az6': 50, 'm6id.xlarge_use1-az1': 20, 'm6id.xlarge_use1-az2': 45, 'm6id.xlarge_use1-az4': 15, 'm6id.xlarge_use1-az5': 5, 'm6id.xlarge_use1-az6': 25, 'm6idn.12xlarge_use1-az2': 1, 'm6idn.16xlarge_use1-az4': 1, 'm6idn.24xlarge_use1-az1': 1, 'm6idn.24xlarge_use1-az2': 1, 'm6idn.24xlarge_use1-az4': 1, 'm6idn.2xlarge_use1-az1': 5, 'm6idn.2xlarge_use1-az2': 10, 'm6idn.2xlarge_use1-az4': 5, 'm6idn.2xlarge_use1-az5': 1, 'm6idn.2xlarge_use1-az6': 5, 'm6idn.32xlarge_use1-az2': 1, 'm6idn.4xlarge_use1-az1': 30, 'm6idn.4xlarge_use1-az2': 10, 'm6idn.4xlarge_use1-az4': 5, 'm6idn.4xlarge_use1-az5': 5, 'm6idn.4xlarge_use1-az6': 5, 'm6idn.large_use1-az1': 25, 'm6idn.large_use1-az2': 35, 'm6idn.large_use1-az4': 15, 'm6idn.large_use1-az5': 10, 'm6idn.large_use1-az6': 10, 'm6idn.xlarge_use1-az1': 15, 'm6idn.xlarge_use1-az2': 50, 'm6idn.xlarge_use1-az4': 20, 'm6idn.xlarge_use1-az5': 5, 'm6idn.xlarge_use1-az6': 10, 'm6in.12xlarge_use1-az4': 1, 'm6in.16xlarge_use1-az2': 1, 'm6in.16xlarge_use1-az4': 1, 'm6in.24xlarge_use1-az1': 1, 'm6in.24xlarge_use1-az2': 1, 'm6in.2xlarge_use1-az1': 10, 'm6in.2xlarge_use1-az2': 20, 'm6in.2xlarge_use1-az4': 10, 'm6in.2xlarge_use1-az5': 1, 'm6in.2xlarge_use1-az6': 5, 'm6in.4xlarge_use1-az1': 1, 'm6in.4xlarge_use1-az2': 1, 'm6in.4xlarge_use1-az5': 1, 'm6in.8xlarge_use1-az1': 1, 'm6in.8xlarge_use1-az2': 1, 'm6in.8xlarge_use1-az4': 1, 'm6in.large_use1-az1': 5, 'm6in.large_use1-az2': 10, 'm6in.large_use1-az4': 5, 'm6in.large_use1-az5': 1, 'm6in.large_use1-az6': 1, 'm6in.xlarge_use1-az1': 5, 'm6in.xlarge_use1-az2': 10, 'm6in.xlarge_use1-az4': 1, 'm7a.12xlarge_use1-az2': 1, 'm7a.12xlarge_use1-az6': 20, 'm7a.16xlarge_use1-az2': 1, 'm7a.16xlarge_use1-az6': 40, 'm7a.24xlarge_use1-az2': 1, 'm7a.24xlarge_use1-az6': 50, 'm7a.2xlarge_use1-az1': 5, 'm7a.2xlarge_use1-az2': 15, 'm7a.2xlarge_use1-az4': 10, 'm7a.2xlarge_use1-az6': 50, 'm7a.32xlarge_use1-az6': 20, 'm7a.48xlarge_use1-az6': 40, 'm7a.4xlarge_use1-az1': 10, 'm7a.4xlarge_use1-az2': 5, 'm7a.4xlarge_use1-az4': 10, 'm7a.4xlarge_use1-az6': 25, 'm7a.8xlarge_use1-az1': 1, 'm7a.8xlarge_use1-az2': 5, 'm7a.8xlarge_use1-az4': 1, 'm7a.8xlarge_use1-az6': 50, 'm7a.large_use1-az1': 15, 'm7a.large_use1-az2': 50, 'm7a.large_use1-az4': 50, 'm7a.large_use1-az5': 5, 'm7a.large_use1-az6': 50, 'm7a.medium_use1-az1': 10, 'm7a.medium_use1-az2': 50, 'm7a.medium_use1-az4': 50, 'm7a.medium_use1-az6': 50, 'm7a.xlarge_use1-az1': 5, 'm7a.xlarge_use1-az2': 40, 'm7a.xlarge_use1-az4': 50, 'm7a.xlarge_use1-az6': 50, 'm7g.12xlarge_use1-az1': 1, 'm7g.12xlarge_use1-az2': 10, 'm7g.12xlarge_use1-az4': 45, 'm7g.12xlarge_use1-az5': 1, 'm7g.12xlarge_use1-az6': 50, 'm7g.16xlarge_use1-az1': 1, 'm7g.16xlarge_use1-az2': 30, 'm7g.16xlarge_use1-az4': 35, 'm7g.16xlarge_use1-az5': 1, 'm7g.16xlarge_use1-az6': 50, 'm7g.2xlarge_use1-az1': 35, 'm7g.2xlarge_use1-az2': 50, 'm7g.2xlarge_use1-az4': 50, 'm7g.2xlarge_use1-az5': 15, 'm7g.2xlarge_use1-az6': 50, 'm7g.4xlarge_use1-az1': 10, 'm7g.4xlarge_use1-az2': 30, 'm7g.4xlarge_use1-az4': 50, 'm7g.4xlarge_use1-az5': 10, 'm7g.4xlarge_use1-az6': 50, 'm7g.8xlarge_use1-az1': 1, 'm7g.8xlarge_use1-az2': 15, 'm7g.8xlarge_use1-az4': 40, 'm7g.8xlarge_use1-az5': 1, 'm7g.8xlarge_use1-az6': 50, 'm7g.large_use1-az1': 10, 'm7g.large_use1-az2': 50, 'm7g.large_use1-az4': 50, 'm7g.large_use1-az5': 30, 'm7g.large_use1-az6': 50, 'm7g.medium_use1-az1': 30, 'm7g.medium_use1-az2': 40, 'm7g.medium_use1-az4': 50, 'm7g.medium_use1-az5': 35, 'm7g.medium_use1-az6': 50, 'm7g.metal_use1-az1': 1, 'm7g.metal_use1-az2': 25, 'm7g.metal_use1-az4': 10, 'm7g.metal_use1-az5': 1, 'm7g.metal_use1-az6': 50, 'm7g.xlarge_use1-az1': 50, 'm7g.xlarge_use1-az2': 50, 'm7g.xlarge_use1-az4': 50, 'm7g.xlarge_use1-az5': 50, 'm7g.xlarge_use1-az6': 50, 'm7gd.12xlarge_use1-az1': 5, 'm7gd.12xlarge_use1-az2': 10, 'm7gd.12xlarge_use1-az4': 1, 'm7gd.12xlarge_use1-az6': 35, 'm7gd.16xlarge_use1-az1': 1, 'm7gd.16xlarge_use1-az2': 30, 'm7gd.16xlarge_use1-az4': 1, 'm7gd.16xlarge_use1-az6': 40, 'm7gd.2xlarge_use1-az1': 15, 'm7gd.2xlarge_use1-az2': 50, 'm7gd.2xlarge_use1-az4': 15, 'm7gd.2xlarge_use1-az6': 25, 'm7gd.4xlarge_use1-az1': 5, 'm7gd.4xlarge_use1-az2': 10, 'm7gd.4xlarge_use1-az4': 1, 'm7gd.4xlarge_use1-az6': 40, 'm7gd.8xlarge_use1-az1': 10, 'm7gd.8xlarge_use1-az2': 50, 'm7gd.8xlarge_use1-az4': 30, 'm7gd.8xlarge_use1-az5': 45, 'm7gd.8xlarge_use1-az6': 50, 'm7gd.large_use1-az1': 5, 'm7gd.large_use1-az2': 50, 'm7gd.large_use1-az4': 5, 'm7gd.large_use1-az6': 50, 'm7gd.medium_use1-az1': 15, 'm7gd.medium_use1-az2': 20, 'm7gd.medium_use1-az4': 15, 'm7gd.medium_use1-az5': 20, 'm7gd.medium_use1-az6': 25, 'm7gd.metal_use1-az1': 5, 'm7gd.metal_use1-az2': 15, 'm7gd.metal_use1-az4': 1, 'm7gd.metal_use1-az6': 15, 'm7gd.xlarge_use1-az1': 5, 'm7gd.xlarge_use1-az2': 10, 'm7gd.xlarge_use1-az4': 10, 'm7gd.xlarge_use1-az5': 1, 'm7gd.xlarge_use1-az6': 25, 'm7i-flex.2xlarge_use1-az1': 50, 'm7i-flex.2xlarge_use1-az2': 50, 'm7i-flex.2xlarge_use1-az4': 15, 'm7i-flex.2xlarge_use1-az5': 10, 'm7i-flex.2xlarge_use1-az6': 50, 'm7i-flex.4xlarge_use1-az2': 5, 'm7i-flex.4xlarge_use1-az4': 5, 'm7i-flex.4xlarge_use1-az6': 25, 'm7i-flex.8xlarge_use1-az1': 1, 'm7i-flex.8xlarge_use1-az2': 5, 'm7i-flex.8xlarge_use1-az4': 5, 'm7i-flex.8xlarge_use1-az5': 1, 'm7i-flex.8xlarge_use1-az6': 10, 'm7i-flex.large_use1-az1': 20, 'm7i-flex.large_use1-az2': 50, 'm7i-flex.large_use1-az4': 25, 'm7i-flex.large_use1-az5': 25, 'm7i-flex.large_use1-az6': 50, 'm7i-flex.xlarge_use1-az1': 50, 'm7i-flex.xlarge_use1-az2': 50, 'm7i-flex.xlarge_use1-az4': 50, 'm7i-flex.xlarge_use1-az5': 15, 'm7i-flex.xlarge_use1-az6': 50, 'm7i.12xlarge_use1-az1': 1, 'm7i.12xlarge_use1-az2': 5, 'm7i.12xlarge_use1-az4': 15, 'm7i.12xlarge_use1-az6': 50, 'm7i.16xlarge_use1-az1': 5, 'm7i.16xlarge_use1-az2': 10, 'm7i.16xlarge_use1-az4': 10, 'm7i.16xlarge_use1-az6': 50, 'm7i.24xlarge_use1-az2': 5, 'm7i.24xlarge_use1-az4': 5, 'm7i.24xlarge_use1-az6': 50, 'm7i.2xlarge_use1-az1': 1, 'm7i.2xlarge_use1-az2': 50, 'm7i.2xlarge_use1-az4': 50, 'm7i.2xlarge_use1-az6': 50, 'm7i.48xlarge_use1-az1': 1, 'm7i.48xlarge_use1-az2': 5, 'm7i.48xlarge_use1-az4': 20, 'm7i.48xlarge_use1-az6': 50, 'm7i.4xlarge_use1-az1': 1, 'm7i.4xlarge_use1-az2': 25, 'm7i.4xlarge_use1-az4': 10, 'm7i.4xlarge_use1-az6': 50, 'm7i.8xlarge_use1-az1': 40, 'm7i.8xlarge_use1-az2': 20, 'm7i.8xlarge_use1-az4': 50, 'm7i.8xlarge_use1-az6': 50, 'm7i.large_use1-az1': 50, 'm7i.large_use1-az2': 50, 'm7i.large_use1-az4': 50, 'm7i.large_use1-az5': 1, 'm7i.large_use1-az6': 50, 'm7i.xlarge_use1-az1': 30, 'm7i.xlarge_use1-az2': 35, 'm7i.xlarge_use1-az4': 50, 'm7i.xlarge_use1-az6': 50, 'm8g.12xlarge_use1-az2': 10, 'm8g.12xlarge_use1-az4': 10, 'm8g.12xlarge_use1-az5': 1, 'm8g.12xlarge_use1-az6': 35, 'm8g.16xlarge_use1-az2': 5, 'm8g.16xlarge_use1-az4': 5, 'm8g.16xlarge_use1-az5': 5, 'm8g.16xlarge_use1-az6': 45, 'm8g.24xlarge_use1-az2': 5, 'm8g.24xlarge_use1-az4': 1, 'm8g.24xlarge_use1-az5': 1, 'm8g.24xlarge_use1-az6': 25, 'm8g.2xlarge_use1-az4': 10, 'm8g.2xlarge_use1-az5': 10, 'm8g.48xlarge_use1-az2': 5, 'm8g.48xlarge_use1-az4': 5, 'm8g.48xlarge_use1-az6': 20, 'm8g.4xlarge_use1-az2': 5, 'm8g.4xlarge_use1-az4': 5, 'm8g.4xlarge_use1-az5': 1, 'm8g.4xlarge_use1-az6': 40, 'm8g.8xlarge_use1-az2': 10, 'm8g.8xlarge_use1-az4': 20, 'm8g.8xlarge_use1-az5': 1, 'm8g.8xlarge_use1-az6': 40, 'm8g.large_use1-az1': 1, 'm8g.large_use1-az2': 20, 'm8g.large_use1-az6': 45, 'm8g.medium_use1-az1': 1, 'm8g.medium_use1-az2': 15, 'm8g.metal-48xl_use1-az2': 5, 'm8g.metal-48xl_use1-az6': 25, 'm8g.xlarge_use1-az1': 1, 'm8g.xlarge_use1-az5': 15, 'm8g.xlarge_use1-az6': 50, 'm8gd.16xlarge_use1-az5': 1, 'm8gd.4xlarge_use1-az2': 5, 'm8gd.4xlarge_use1-az4': 1, 'm8gd.4xlarge_use1-az6': 1, 'm8gd.8xlarge_use1-az5': 1, 'm8gd.8xlarge_use1-az6': 5, 'm8gd.large_use1-az1': 20, 'm8gd.large_use1-az2': 15, 'm8gd.large_use1-az5': 1, 'm8gd.large_use1-az6': 1, 'm8gd.medium_use1-az6': 1, 'm8gd.metal-24xl_use1-az2': 1, 'm8gd.xlarge_use1-az1': 1, 'm8gd.xlarge_use1-az5': 1, 'm8i-flex.16xlarge_use1-az6': 5, 'm8i-flex.2xlarge_use1-az2': 10, 'm8i-flex.2xlarge_use1-az4': 1, 'm8i-flex.2xlarge_use1-az6': 50, 'm8i-flex.4xlarge_use1-az2': 1, 'm8i-flex.4xlarge_use1-az4': 1, 'm8i-flex.4xlarge_use1-az6': 5, 'm8i-flex.8xlarge_use1-az6': 1, 'm8i-flex.large_use1-az2': 5, 'm8i-flex.xlarge_use1-az2': 10, 'm8i-flex.xlarge_use1-az4': 25, 'm8i-flex.xlarge_use1-az6': 50, 'm8i.12xlarge_use1-az6': 1, 'm8i.16xlarge_use1-az4': 1, 'm8i.16xlarge_use1-az6': 1, 'm8i.24xlarge_use1-az6': 1, 'm8i.2xlarge_use1-az2': 10, 'm8i.2xlarge_use1-az4': 1, 'm8i.2xlarge_use1-az6': 10, 'm8i.32xlarge_use1-az2': 1, 'm8i.32xlarge_use1-az6': 5, 'm8i.48xlarge_use1-az2': 1, 'm8i.48xlarge_use1-az6': 5, 'm8i.4xlarge_use1-az2': 5, 'm8i.4xlarge_use1-az4': 1, 'm8i.4xlarge_use1-az6': 5, 'm8i.8xlarge_use1-az2': 1, 'm8i.8xlarge_use1-az4': 1, 'm8i.8xlarge_use1-az6': 20, 'm8i.96xlarge_use1-az6': 1, 'm8i.large_use1-az4': 25, 'm8i.metal-48xl_use1-az6': 1, 'm8i.metal-96xl_use1-az6': 1, 'm8i.xlarge_use1-az2': 30, 'm8i.xlarge_use1-az4': 10, 'p3.2xlarge_use1-az1': 50, 'p3.2xlarge_use1-az2': 50, 'p3.2xlarge_use1-az5': 50, 'p3.2xlarge_use1-az6': 50, 'p3dn.24xlarge_use1-az1': 15, 'p3dn.24xlarge_use1-az6': 50, 'p4d.24xlarge_use1-az2': 1, 'p4d.24xlarge_use1-az6': 1, 'p5.48xlarge_use1-az2': 15, 'r3.2xlarge_use1-az2': 1, 'r3.2xlarge_use1-az4': 1, 'r3.2xlarge_use1-az6': 1, 'r3.4xlarge_use1-az4': 1, 'r3.4xlarge_use1-az6': 1, 'r3.8xlarge_use1-az2': 1, 'r3.8xlarge_use1-az4': 1, 'r3.8xlarge_use1-az6': 5, 'r3.large_use1-az2': 50, 'r3.large_use1-az4': 50, 'r3.large_use1-az6': 50, 'r3.xlarge_use1-az2': 40, 'r3.xlarge_use1-az4': 50, 'r3.xlarge_use1-az6': 50, 'r4.16xlarge_use1-az1': 10, 'r4.16xlarge_use1-az2': 10, 'r4.16xlarge_use1-az3': 50, 'r4.16xlarge_use1-az4': 35, 'r4.16xlarge_use1-az5': 15, 'r4.16xlarge_use1-az6': 10, 'r4.2xlarge_use1-az1': 20, 'r4.2xlarge_use1-az2': 50, 'r4.2xlarge_use1-az3': 50, 'r4.2xlarge_use1-az4': 50, 'r4.2xlarge_use1-az5': 5, 'r4.2xlarge_use1-az6': 50, 'r4.4xlarge_use1-az1': 20, 'r4.4xlarge_use1-az2': 50, 'r4.4xlarge_use1-az3': 40, 'r4.4xlarge_use1-az4': 15, 'r4.4xlarge_use1-az5': 5, 'r4.4xlarge_use1-az6': 50, 'r4.8xlarge_use1-az1': 50, 'r4.8xlarge_use1-az2': 50, 'r4.8xlarge_use1-az3': 25, 'r4.8xlarge_use1-az4': 50, 'r4.8xlarge_use1-az5': 5, 'r4.8xlarge_use1-az6': 50, 'r4.large_use1-az1': 35, 'r4.large_use1-az2': 50, 'r4.large_use1-az3': 10, 'r4.large_use1-az4': 50, 'r4.large_use1-az5': 20, 'r4.large_use1-az6': 50, 'r4.xlarge_use1-az1': 50, 'r4.xlarge_use1-az2': 50, 'r4.xlarge_use1-az3': 50, 'r4.xlarge_use1-az4': 50, 'r4.xlarge_use1-az5': 30, 'r4.xlarge_use1-az6': 50, 'r5.12xlarge_use1-az1': 5, 'r5.12xlarge_use1-az2': 5, 'r5.12xlarge_use1-az4': 50, 'r5.12xlarge_use1-az5': 5, 'r5.12xlarge_use1-az6': 5, 'r5.16xlarge_use1-az1': 5, 'r5.16xlarge_use1-az4': 35, 'r5.16xlarge_use1-az5': 30, 'r5.16xlarge_use1-az6': 5, 'r5.24xlarge_use1-az4': 15, 'r5.24xlarge_use1-az5': 5, 'r5.24xlarge_use1-az6': 5, 'r5.2xlarge_use1-az1': 50, 'r5.2xlarge_use1-az2': 50, 'r5.2xlarge_use1-az4': 50, 'r5.2xlarge_use1-az5': 5, 'r5.2xlarge_use1-az6': 50, 'r5.4xlarge_use1-az1': 50, 'r5.4xlarge_use1-az2': 50, 'r5.4xlarge_use1-az4': 50, 'r5.4xlarge_use1-az5': 5, 'r5.4xlarge_use1-az6': 50, 'r5.8xlarge_use1-az1': 50, 'r5.8xlarge_use1-az2': 50, 'r5.8xlarge_use1-az4': 50, 'r5.8xlarge_use1-az5': 5, 'r5.8xlarge_use1-az6': 5, 'r5.large_use1-az1': 50, 'r5.large_use1-az2': 50, 'r5.large_use1-az4': 50, 'r5.large_use1-az5': 50, 'r5.large_use1-az6': 50, 'r5.xlarge_use1-az1': 50, 'r5.xlarge_use1-az2': 50, 'r5.xlarge_use1-az4': 50, 'r5.xlarge_use1-az5': 50, 'r5.xlarge_use1-az6': 50, 'r5a.12xlarge_use1-az1': 1, 'r5a.12xlarge_use1-az2': 1, 'r5a.12xlarge_use1-az4': 5, 'r5a.12xlarge_use1-az6': 5, 'r5a.16xlarge_use1-az1': 10, 'r5a.16xlarge_use1-az2': 10, 'r5a.16xlarge_use1-az4': 10, 'r5a.16xlarge_use1-az5': 5, 'r5a.16xlarge_use1-az6': 5, 'r5a.24xlarge_use1-az1': 5, 'r5a.24xlarge_use1-az2': 15, 'r5a.24xlarge_use1-az4': 10, 'r5a.24xlarge_use1-az5': 1, 'r5a.24xlarge_use1-az6': 10, 'r5a.2xlarge_use1-az1': 10, 'r5a.2xlarge_use1-az2': 20, 'r5a.2xlarge_use1-az4': 35, 'r5a.2xlarge_use1-az5': 5, 'r5a.2xlarge_use1-az6': 30, 'r5a.4xlarge_use1-az1': 25, 'r5a.4xlarge_use1-az2': 50, 'r5a.4xlarge_use1-az4': 50, 'r5a.4xlarge_use1-az5': 5, 'r5a.4xlarge_use1-az6': 50, 'r5a.8xlarge_use1-az1': 25, 'r5a.8xlarge_use1-az2': 10, 'r5a.8xlarge_use1-az4': 15, 'r5a.8xlarge_use1-az5': 30, 'r5a.8xlarge_use1-az6': 20, 'r5a.large_use1-az1': 50, 'r5a.large_use1-az2': 50, 'r5a.large_use1-az4': 50, 'r5a.large_use1-az5': 25, 'r5a.large_use1-az6': 50, 'r5a.xlarge_use1-az1': 20, 'r5a.xlarge_use1-az2': 50, 'r5a.xlarge_use1-az4': 50, 'r5a.xlarge_use1-az5': 5, 'r5a.xlarge_use1-az6': 50, 'r5ad.12xlarge_use1-az2': 1, 'r5ad.16xlarge_use1-az2': 50, 'r5ad.16xlarge_use1-az4': 10, 'r5ad.16xlarge_use1-az5': 1, 'r5ad.16xlarge_use1-az6': 10, 'r5ad.24xlarge_use1-az2': 25, 'r5ad.24xlarge_use1-az4': 1, 'r5ad.24xlarge_use1-az6': 10, 'r5ad.2xlarge_use1-az1': 1, 'r5ad.2xlarge_use1-az2': 1, 'r5ad.2xlarge_use1-az4': 1, 'r5ad.2xlarge_use1-az5': 1, 'r5ad.2xlarge_use1-az6': 1, 'r5ad.4xlarge_use1-az1': 1, 'r5ad.4xlarge_use1-az2': 10, 'r5ad.4xlarge_use1-az4': 5, 'r5ad.4xlarge_use1-az5': 1, 'r5ad.4xlarge_use1-az6': 1, 'r5ad.8xlarge_use1-az2': 5, 'r5ad.8xlarge_use1-az4': 20, 'r5ad.8xlarge_use1-az5': 1, 'r5ad.8xlarge_use1-az6': 10, 'r5ad.large_use1-az1': 1, 'r5ad.large_use1-az2': 30, 'r5ad.large_use1-az4': 10, 'r5ad.large_use1-az5': 5, 'r5ad.large_use1-az6': 10, 'r5ad.xlarge_use1-az1': 1, 'r5ad.xlarge_use1-az2': 10, 'r5ad.xlarge_use1-az4': 10, 'r5ad.xlarge_use1-az5': 1, 'r5ad.xlarge_use1-az6': 5, 'r5b.12xlarge_use1-az1': 5, 'r5b.12xlarge_use1-az4': 5, 'r5b.12xlarge_use1-az6': 1, 'r5b.16xlarge_use1-az1': 5, 'r5b.16xlarge_use1-az2': 5, 'r5b.16xlarge_use1-az4': 5, 'r5b.16xlarge_use1-az6': 5, 'r5b.24xlarge_use1-az1': 1, 'r5b.24xlarge_use1-az4': 5, 'r5b.24xlarge_use1-az6': 1, 'r5b.2xlarge_use1-az1': 1, 'r5b.2xlarge_use1-az2': 1, 'r5b.2xlarge_use1-az4': 1, 'r5b.2xlarge_use1-az6': 1, 'r5b.4xlarge_use1-az1': 5, 'r5b.4xlarge_use1-az2': 5, 'r5b.4xlarge_use1-az4': 5, 'r5b.4xlarge_use1-az6': 5, 'r5b.8xlarge_use1-az1': 5, 'r5b.8xlarge_use1-az2': 1, 'r5b.8xlarge_use1-az4': 1, 'r5b.8xlarge_use1-az6': 1, 'r5b.large_use1-az1': 1, 'r5b.large_use1-az2': 5, 'r5b.large_use1-az4': 10, 'r5b.large_use1-az6': 5, 'r5b.xlarge_use1-az1': 1, 'r5b.xlarge_use1-az2': 1, 'r5b.xlarge_use1-az4': 5, 'r5b.xlarge_use1-az6': 1, 'r5d.12xlarge_use1-az1': 1, 'r5d.12xlarge_use1-az2': 5, 'r5d.12xlarge_use1-az4': 10, 'r5d.12xlarge_use1-az6': 1, 'r5d.16xlarge_use1-az1': 5, 'r5d.16xlarge_use1-az2': 50, 'r5d.16xlarge_use1-az4': 50, 'r5d.16xlarge_use1-az5': 10, 'r5d.16xlarge_use1-az6': 50, 'r5d.24xlarge_use1-az1': 1, 'r5d.24xlarge_use1-az2': 1, 'r5d.24xlarge_use1-az4': 10, 'r5d.24xlarge_use1-az5': 1, 'r5d.24xlarge_use1-az6': 10, 'r5d.2xlarge_use1-az1': 5, 'r5d.2xlarge_use1-az2': 15, 'r5d.2xlarge_use1-az4': 15, 'r5d.2xlarge_use1-az5': 1, 'r5d.2xlarge_use1-az6': 15, 'r5d.4xlarge_use1-az1': 5, 'r5d.4xlarge_use1-az2': 20, 'r5d.4xlarge_use1-az4': 45, 'r5d.4xlarge_use1-az5': 5, 'r5d.4xlarge_use1-az6': 25, 'r5d.8xlarge_use1-az1': 5, 'r5d.8xlarge_use1-az2': 15, 'r5d.8xlarge_use1-az4': 15, 'r5d.8xlarge_use1-az5': 5, 'r5d.8xlarge_use1-az6': 50, 'r5d.large_use1-az1': 10, 'r5d.large_use1-az2': 50, 'r5d.large_use1-az4': 50, 'r5d.large_use1-az5': 5, 'r5d.large_use1-az6': 50, 'r5d.xlarge_use1-az1': 1, 'r5d.xlarge_use1-az2': 15, 'r5d.xlarge_use1-az4': 15, 'r5d.xlarge_use1-az5': 1, 'r5d.xlarge_use1-az6': 10, 'r5dn.12xlarge_use1-az1': 1, 'r5dn.12xlarge_use1-az2': 1, 'r5dn.12xlarge_use1-az4': 1, 'r5dn.12xlarge_use1-az5': 1, 'r5dn.12xlarge_use1-az6': 1, 'r5dn.16xlarge_use1-az1': 5, 'r5dn.16xlarge_use1-az2': 5, 'r5dn.16xlarge_use1-az4': 15, 'r5dn.16xlarge_use1-az5': 10, 'r5dn.16xlarge_use1-az6': 30, 'r5dn.24xlarge_use1-az2': 5, 'r5dn.24xlarge_use1-az4': 10, 'r5dn.24xlarge_use1-az5': 1, 'r5dn.24xlarge_use1-az6': 25, 'r5dn.2xlarge_use1-az1': 50, 'r5dn.2xlarge_use1-az2': 45, 'r5dn.2xlarge_use1-az4': 30, 'r5dn.2xlarge_use1-az5': 50, 'r5dn.2xlarge_use1-az6': 5, 'r5dn.4xlarge_use1-az1': 5, 'r5dn.4xlarge_use1-az2': 25, 'r5dn.4xlarge_use1-az4': 45, 'r5dn.4xlarge_use1-az5': 5, 'r5dn.4xlarge_use1-az6': 20, 'r5dn.8xlarge_use1-az1': 1, 'r5dn.8xlarge_use1-az2': 5, 'r5dn.8xlarge_use1-az4': 5, 'r5dn.8xlarge_use1-az5': 5, 'r5dn.8xlarge_use1-az6': 50, 'r5dn.large_use1-az1': 50, 'r5dn.large_use1-az2': 50, 'r5dn.large_use1-az4': 50, 'r5dn.large_use1-az5': 50, 'r5dn.large_use1-az6': 50, 'r5dn.xlarge_use1-az1': 5, 'r5dn.xlarge_use1-az2': 15, 'r5dn.xlarge_use1-az4': 15, 'r5dn.xlarge_use1-az5': 15, 'r5dn.xlarge_use1-az6': 15, 'r5n.12xlarge_use1-az2': 1, 'r5n.12xlarge_use1-az4': 1, 'r5n.12xlarge_use1-az6': 1, 'r5n.16xlarge_use1-az1': 1, 'r5n.16xlarge_use1-az2': 10, 'r5n.16xlarge_use1-az4': 35, 'r5n.16xlarge_use1-az5': 1, 'r5n.16xlarge_use1-az6': 20, 'r5n.2xlarge_use1-az1': 5, 'r5n.2xlarge_use1-az2': 5, 'r5n.2xlarge_use1-az4': 15, 'r5n.2xlarge_use1-az5': 1, 'r5n.2xlarge_use1-az6': 1, 'r5n.4xlarge_use1-az1': 5, 'r5n.4xlarge_use1-az2': 25, 'r5n.4xlarge_use1-az4': 15, 'r5n.4xlarge_use1-az5': 5, 'r5n.4xlarge_use1-az6': 35, 'r5n.8xlarge_use1-az1': 10, 'r5n.8xlarge_use1-az2': 20, 'r5n.8xlarge_use1-az4': 35, 'r5n.8xlarge_use1-az6': 15, 'r5n.large_use1-az1': 20, 'r5n.large_use1-az2': 50, 'r5n.large_use1-az4': 50, 'r5n.large_use1-az5': 10, 'r5n.large_use1-az6': 30, 'r5n.xlarge_use1-az1': 1, 'r5n.xlarge_use1-az2': 10, 'r5n.xlarge_use1-az4': 15, 'r5n.xlarge_use1-az5': 1, 'r5n.xlarge_use1-az6': 20, 'r6a.12xlarge_use1-az1': 1, 'r6a.12xlarge_use1-az2': 10, 'r6a.12xlarge_use1-az4': 5, 'r6a.12xlarge_use1-az6': 10, 'r6a.16xlarge_use1-az1': 5, 'r6a.16xlarge_use1-az2': 15, 'r6a.16xlarge_use1-az4': 30, 'r6a.16xlarge_use1-az5': 15, 'r6a.16xlarge_use1-az6': 40, 'r6a.24xlarge_use1-az2': 5, 'r6a.24xlarge_use1-az4': 1, 'r6a.24xlarge_use1-az5': 1, 'r6a.24xlarge_use1-az6': 5, 'r6a.2xlarge_use1-az1': 50, 'r6a.2xlarge_use1-az2': 50, 'r6a.2xlarge_use1-az4': 40, 'r6a.2xlarge_use1-az5': 1, 'r6a.2xlarge_use1-az6': 50, 'r6a.32xlarge_use1-az2': 5, 'r6a.32xlarge_use1-az4': 5, 'r6a.32xlarge_use1-az5': 5, 'r6a.32xlarge_use1-az6': 5, 'r6a.48xlarge_use1-az2': 5, 'r6a.48xlarge_use1-az4': 5, 'r6a.48xlarge_use1-az5': 5, 'r6a.48xlarge_use1-az6': 1, 'r6a.4xlarge_use1-az1': 50, 'r6a.4xlarge_use1-az2': 50, 'r6a.4xlarge_use1-az4': 50, 'r6a.4xlarge_use1-az5': 40, 'r6a.4xlarge_use1-az6': 50, 'r6a.8xlarge_use1-az1': 20, 'r6a.8xlarge_use1-az2': 50, 'r6a.8xlarge_use1-az4': 50, 'r6a.8xlarge_use1-az5': 50, 'r6a.8xlarge_use1-az6': 50, 'r6a.large_use1-az1': 50, 'r6a.large_use1-az2': 50, 'r6a.large_use1-az4': 50, 'r6a.large_use1-az5': 50, 'r6a.large_use1-az6': 50, 'r6a.xlarge_use1-az1': 50, 'r6a.xlarge_use1-az2': 50, 'r6a.xlarge_use1-az4': 50, 'r6a.xlarge_use1-az5': 50, 'r6a.xlarge_use1-az6': 50, 'r6g.12xlarge_use1-az2': 50, 'r6g.12xlarge_use1-az4': 45, 'r6g.12xlarge_use1-az5': 10, 'r6g.12xlarge_use1-az6': 50, 'r6g.16xlarge_use1-az1': 1, 'r6g.16xlarge_use1-az2': 50, 'r6g.16xlarge_use1-az4': 50, 'r6g.16xlarge_use1-az5': 50, 'r6g.16xlarge_use1-az6': 50, 'r6g.2xlarge_use1-az1': 1, 'r6g.2xlarge_use1-az2': 25, 'r6g.2xlarge_use1-az4': 40, 'r6g.2xlarge_use1-az5': 10, 'r6g.2xlarge_use1-az6': 50, 'r6g.4xlarge_use1-az1': 10, 'r6g.4xlarge_use1-az2': 50, 'r6g.4xlarge_use1-az4': 50, 'r6g.4xlarge_use1-az5': 50, 'r6g.4xlarge_use1-az6': 50, 'r6g.8xlarge_use1-az1': 1, 'r6g.8xlarge_use1-az2': 10, 'r6g.8xlarge_use1-az4': 50, 'r6g.8xlarge_use1-az5': 50, 'r6g.8xlarge_use1-az6': 50, 'r6g.large_use1-az1': 10, 'r6g.large_use1-az2': 40, 'r6g.large_use1-az4': 50, 'r6g.large_use1-az5': 5, 'r6g.large_use1-az6': 50, 'r6g.medium_use1-az1': 1, 'r6g.medium_use1-az2': 10, 'r6g.medium_use1-az4': 15, 'r6g.medium_use1-az5': 15, 'r6g.medium_use1-az6': 35, 'r6g.xlarge_use1-az1': 1, 'r6g.xlarge_use1-az2': 50, 'r6g.xlarge_use1-az4': 50, 'r6g.xlarge_use1-az5': 50, 'r6g.xlarge_use1-az6': 50, 'r6gd.12xlarge_use1-az1': 1, 'r6gd.12xlarge_use1-az2': 5, 'r6gd.12xlarge_use1-az4': 10, 'r6gd.12xlarge_use1-az5': 1, 'r6gd.12xlarge_use1-az6': 10, 'r6gd.16xlarge_use1-az1': 5, 'r6gd.16xlarge_use1-az2': 5, 'r6gd.16xlarge_use1-az4': 50, 'r6gd.16xlarge_use1-az5': 1, 'r6gd.16xlarge_use1-az6': 45, 'r6gd.2xlarge_use1-az1': 1, 'r6gd.2xlarge_use1-az2': 20, 'r6gd.2xlarge_use1-az4': 30, 'r6gd.2xlarge_use1-az5': 1, 'r6gd.2xlarge_use1-az6': 1, 'r6gd.4xlarge_use1-az1': 5, 'r6gd.4xlarge_use1-az2': 20, 'r6gd.4xlarge_use1-az4': 50, 'r6gd.4xlarge_use1-az5': 1, 'r6gd.4xlarge_use1-az6': 25, 'r6gd.8xlarge_use1-az1': 1, 'r6gd.8xlarge_use1-az2': 10, 'r6gd.8xlarge_use1-az4': 20, 'r6gd.8xlarge_use1-az5': 1, 'r6gd.8xlarge_use1-az6': 30, 'r6gd.large_use1-az1': 50, 'r6gd.large_use1-az2': 50, 'r6gd.large_use1-az4': 50, 'r6gd.large_use1-az5': 50, 'r6gd.large_use1-az6': 50, 'r6gd.medium_use1-az1': 5, 'r6gd.medium_use1-az2': 1, 'r6gd.medium_use1-az4': 5, 'r6gd.medium_use1-az5': 5, 'r6gd.medium_use1-az6': 1, 'r6gd.xlarge_use1-az1': 1, 'r6gd.xlarge_use1-az2': 1, 'r6gd.xlarge_use1-az4': 5, 'r6gd.xlarge_use1-az6': 10, 'r6i.12xlarge_use1-az1': 5, 'r6i.12xlarge_use1-az2': 5, 'r6i.12xlarge_use1-az4': 5, 'r6i.12xlarge_use1-az5': 1, 'r6i.12xlarge_use1-az6': 10, 'r6i.16xlarge_use1-az1': 1, 'r6i.16xlarge_use1-az2': 1, 'r6i.16xlarge_use1-az4': 10, 'r6i.16xlarge_use1-az5': 10, 'r6i.16xlarge_use1-az6': 1, 'r6i.24xlarge_use1-az4': 10, 'r6i.24xlarge_use1-az5': 1, 'r6i.24xlarge_use1-az6': 5, 'r6i.2xlarge_use1-az1': 15, 'r6i.2xlarge_use1-az2': 35, 'r6i.2xlarge_use1-az4': 50, 'r6i.2xlarge_use1-az5': 5, 'r6i.2xlarge_use1-az6': 50, 'r6i.32xlarge_use1-az4': 1, 'r6i.32xlarge_use1-az5': 1, 'r6i.32xlarge_use1-az6': 1, 'r6i.4xlarge_use1-az1': 30, 'r6i.4xlarge_use1-az2': 20, 'r6i.4xlarge_use1-az4': 20, 'r6i.4xlarge_use1-az5': 10, 'r6i.4xlarge_use1-az6': 40, 'r6i.8xlarge_use1-az1': 5, 'r6i.8xlarge_use1-az2': 10, 'r6i.8xlarge_use1-az4': 10, 'r6i.8xlarge_use1-az5': 5, 'r6i.8xlarge_use1-az6': 10, 'r6i.large_use1-az1': 20, 'r6i.large_use1-az2': 50, 'r6i.large_use1-az4': 50, 'r6i.large_use1-az5': 20, 'r6i.large_use1-az6': 50, 'r6i.xlarge_use1-az1': 15, 'r6i.xlarge_use1-az2': 45, 'r6i.xlarge_use1-az4': 50, 'r6i.xlarge_use1-az5': 10, 'r6i.xlarge_use1-az6': 50, 'r6id.12xlarge_use1-az1': 1, 'r6id.12xlarge_use1-az2': 5, 'r6id.12xlarge_use1-az4': 1, 'r6id.12xlarge_use1-az6': 5, 'r6id.16xlarge_use1-az1': 5, 'r6id.16xlarge_use1-az2': 5, 'r6id.16xlarge_use1-az4': 15, 'r6id.16xlarge_use1-az5': 1, 'r6id.16xlarge_use1-az6': 20, 'r6id.24xlarge_use1-az1': 10, 'r6id.24xlarge_use1-az2': 10, 'r6id.24xlarge_use1-az4': 5, 'r6id.24xlarge_use1-az5': 15, 'r6id.24xlarge_use1-az6': 25, 'r6id.2xlarge_use1-az1': 5, 'r6id.2xlarge_use1-az2': 1, 'r6id.2xlarge_use1-az4': 10, 'r6id.2xlarge_use1-az5': 1, 'r6id.2xlarge_use1-az6': 10, 'r6id.32xlarge_use1-az1': 1, 'r6id.32xlarge_use1-az2': 5, 'r6id.32xlarge_use1-az4': 1, 'r6id.32xlarge_use1-az5': 1, 'r6id.32xlarge_use1-az6': 10, 'r6id.4xlarge_use1-az1': 40, 'r6id.4xlarge_use1-az2': 50, 'r6id.4xlarge_use1-az4': 10, 'r6id.4xlarge_use1-az5': 20, 'r6id.4xlarge_use1-az6': 35, 'r6id.8xlarge_use1-az1': 1, 'r6id.8xlarge_use1-az2': 1, 'r6id.8xlarge_use1-az4': 5, 'r6id.8xlarge_use1-az5': 1, 'r6id.8xlarge_use1-az6': 5, 'r6id.large_use1-az1': 15, 'r6id.large_use1-az2': 10, 'r6id.large_use1-az4': 5, 'r6id.large_use1-az5': 15, 'r6id.large_use1-az6': 30, 'r6id.xlarge_use1-az1': 5, 'r6id.xlarge_use1-az2': 15, 'r6id.xlarge_use1-az4': 10, 'r6id.xlarge_use1-az5': 15, 'r6id.xlarge_use1-az6': 15, 'r6idn.16xlarge_use1-az4': 1, 'r6idn.16xlarge_use1-az5': 1, 'r6idn.16xlarge_use1-az6': 1, 'r6idn.24xlarge_use1-az6': 1, 'r6idn.2xlarge_use1-az1': 1, 'r6idn.2xlarge_use1-az2': 1, 'r6idn.2xlarge_use1-az4': 5, 'r6idn.2xlarge_use1-az5': 1, 'r6idn.2xlarge_use1-az6': 5, 'r6idn.32xlarge_use1-az6': 1, 'r6idn.4xlarge_use1-az1': 15, 'r6idn.4xlarge_use1-az2': 15, 'r6idn.4xlarge_use1-az4': 15, 'r6idn.4xlarge_use1-az5': 5, 'r6idn.4xlarge_use1-az6': 10, 'r6idn.8xlarge_use1-az2': 1, 'r6idn.8xlarge_use1-az4': 1, 'r6idn.8xlarge_use1-az6': 5, 'r6idn.large_use1-az1': 1, 'r6idn.large_use1-az2': 1, 'r6idn.large_use1-az4': 5, 'r6idn.large_use1-az5': 5, 'r6idn.large_use1-az6': 5, 'r6idn.xlarge_use1-az1': 5, 'r6idn.xlarge_use1-az2': 1, 'r6idn.xlarge_use1-az4': 5, 'r6idn.xlarge_use1-az5': 1, 'r6idn.xlarge_use1-az6': 5, 'r6in.12xlarge_use1-az1': 1, 'r6in.12xlarge_use1-az6': 5, 'r6in.16xlarge_use1-az4': 1, 'r6in.16xlarge_use1-az5': 1, 'r6in.16xlarge_use1-az6': 5, 'r6in.24xlarge_use1-az6': 1, 'r6in.2xlarge_use1-az1': 1, 'r6in.2xlarge_use1-az2': 1, 'r6in.2xlarge_use1-az4': 1, 'r6in.2xlarge_use1-az5': 1, 'r6in.2xlarge_use1-az6': 1, 'r6in.4xlarge_use1-az1': 5, 'r6in.4xlarge_use1-az2': 20, 'r6in.4xlarge_use1-az4': 15, 'r6in.4xlarge_use1-az5': 20, 'r6in.4xlarge_use1-az6': 20, 'r6in.8xlarge_use1-az1': 5, 'r6in.8xlarge_use1-az4': 1, 'r6in.8xlarge_use1-az6': 5, 'r6in.large_use1-az1': 45, 'r6in.large_use1-az2': 50, 'r6in.large_use1-az4': 50, 'r6in.large_use1-az5': 40, 'r6in.large_use1-az6': 50, 'r6in.xlarge_use1-az1': 1, 'r6in.xlarge_use1-az2': 1, 'r6in.xlarge_use1-az4': 1, 'r6in.xlarge_use1-az5': 1, 'r6in.xlarge_use1-az6': 1, 'r7a.12xlarge_use1-az1': 1, 'r7a.12xlarge_use1-az2': 1, 'r7a.12xlarge_use1-az4': 5, 'r7a.12xlarge_use1-az6': 20, 'r7a.16xlarge_use1-az1': 1, 'r7a.16xlarge_use1-az2': 15, 'r7a.16xlarge_use1-az4': 30, 'r7a.16xlarge_use1-az6': 50, 'r7a.24xlarge_use1-az2': 10, 'r7a.24xlarge_use1-az4': 10, 'r7a.24xlarge_use1-az6': 35, 'r7a.2xlarge_use1-az1': 1, 'r7a.2xlarge_use1-az2': 5, 'r7a.2xlarge_use1-az4': 25, 'r7a.2xlarge_use1-az6': 1, 'r7a.32xlarge_use1-az2': 1, 'r7a.32xlarge_use1-az4': 1, 'r7a.32xlarge_use1-az6': 50, 'r7a.48xlarge_use1-az2': 5, 'r7a.48xlarge_use1-az4': 5, 'r7a.48xlarge_use1-az6': 50, 'r7a.4xlarge_use1-az1': 5, 'r7a.4xlarge_use1-az2': 25, 'r7a.4xlarge_use1-az4': 50, 'r7a.4xlarge_use1-az6': 50, 'r7a.8xlarge_use1-az1': 5, 'r7a.8xlarge_use1-az2': 20, 'r7a.8xlarge_use1-az4': 50, 'r7a.8xlarge_use1-az6': 50, 'r7a.large_use1-az1': 50, 'r7a.large_use1-az2': 50, 'r7a.large_use1-az4': 50, 'r7a.large_use1-az6': 50, 'r7a.medium_use1-az1': 10, 'r7a.medium_use1-az2': 25, 'r7a.medium_use1-az4': 50, 'r7a.medium_use1-az6': 50, 'r7a.xlarge_use1-az1': 20, 'r7a.xlarge_use1-az2': 50, 'r7a.xlarge_use1-az4': 50, 'r7a.xlarge_use1-az6': 25, 'r7g.12xlarge_use1-az1': 1, 'r7g.12xlarge_use1-az2': 5, 'r7g.12xlarge_use1-az4': 50, 'r7g.12xlarge_use1-az5': 1, 'r7g.12xlarge_use1-az6': 5, 'r7g.16xlarge_use1-az1': 5, 'r7g.16xlarge_use1-az2': 30, 'r7g.16xlarge_use1-az4': 50, 'r7g.16xlarge_use1-az5': 5, 'r7g.16xlarge_use1-az6': 50, 'r7g.2xlarge_use1-az1': 5, 'r7g.2xlarge_use1-az2': 10, 'r7g.2xlarge_use1-az4': 50, 'r7g.2xlarge_use1-az5': 5, 'r7g.2xlarge_use1-az6': 15, 'r7g.4xlarge_use1-az1': 5, 'r7g.4xlarge_use1-az2': 5, 'r7g.4xlarge_use1-az4': 50, 'r7g.4xlarge_use1-az5': 5, 'r7g.4xlarge_use1-az6': 15, 'r7g.8xlarge_use1-az1': 1, 'r7g.8xlarge_use1-az2': 50, 'r7g.8xlarge_use1-az4': 50, 'r7g.8xlarge_use1-az5': 50, 'r7g.8xlarge_use1-az6': 50, 'r7g.large_use1-az1': 20, 'r7g.large_use1-az2': 50, 'r7g.large_use1-az4': 50, 'r7g.large_use1-az5': 40, 'r7g.large_use1-az6': 40, 'r7g.medium_use1-az1': 50, 'r7g.medium_use1-az2': 50, 'r7g.medium_use1-az4': 50, 'r7g.medium_use1-az5': 25, 'r7g.medium_use1-az6': 50, 'r7g.xlarge_use1-az1': 50, 'r7g.xlarge_use1-az2': 50, 'r7g.xlarge_use1-az4': 50, 'r7g.xlarge_use1-az5': 10, 'r7g.xlarge_use1-az6': 50, 'r7gd.12xlarge_use1-az1': 1, 'r7gd.12xlarge_use1-az2': 10, 'r7gd.12xlarge_use1-az4': 35, 'r7gd.12xlarge_use1-az5': 10, 'r7gd.12xlarge_use1-az6': 50, 'r7gd.16xlarge_use1-az1': 5, 'r7gd.16xlarge_use1-az2': 50, 'r7gd.16xlarge_use1-az4': 50, 'r7gd.16xlarge_use1-az5': 50, 'r7gd.16xlarge_use1-az6': 50, 'r7gd.2xlarge_use1-az1': 5, 'r7gd.2xlarge_use1-az2': 25, 'r7gd.2xlarge_use1-az4': 25, 'r7gd.2xlarge_use1-az5': 40, 'r7gd.2xlarge_use1-az6': 50, 'r7gd.4xlarge_use1-az1': 1, 'r7gd.4xlarge_use1-az2': 20, 'r7gd.4xlarge_use1-az4': 25, 'r7gd.4xlarge_use1-az5': 30, 'r7gd.4xlarge_use1-az6': 50, 'r7gd.8xlarge_use1-az1': 1, 'r7gd.8xlarge_use1-az2': 10, 'r7gd.8xlarge_use1-az4': 30, 'r7gd.8xlarge_use1-az5': 20, 'r7gd.8xlarge_use1-az6': 50, 'r7gd.large_use1-az1': 15, 'r7gd.large_use1-az2': 10, 'r7gd.large_use1-az4': 50, 'r7gd.large_use1-az5': 15, 'r7gd.large_use1-az6': 35, 'r7gd.medium_use1-az1': 35, 'r7gd.medium_use1-az2': 15, 'r7gd.medium_use1-az4': 25, 'r7gd.medium_use1-az5': 15, 'r7gd.medium_use1-az6': 20, 'r7gd.xlarge_use1-az1': 1, 'r7gd.xlarge_use1-az2': 10, 'r7gd.xlarge_use1-az4': 25, 'r7gd.xlarge_use1-az5': 10, 'r7gd.xlarge_use1-az6': 50, 'r7i.12xlarge_use1-az4': 1, 'r7i.12xlarge_use1-az6': 10, 'r7i.16xlarge_use1-az1': 5, 'r7i.16xlarge_use1-az2': 15, 'r7i.16xlarge_use1-az4': 45, 'r7i.16xlarge_use1-az5': 5, 'r7i.16xlarge_use1-az6': 50, 'r7i.24xlarge_use1-az1': 1, 'r7i.24xlarge_use1-az2': 1, 'r7i.24xlarge_use1-az4': 5, 'r7i.24xlarge_use1-az5': 5, 'r7i.24xlarge_use1-az6': 5, 'r7i.2xlarge_use1-az1': 5, 'r7i.2xlarge_use1-az2': 5, 'r7i.2xlarge_use1-az4': 10, 'r7i.2xlarge_use1-az5': 5, 'r7i.2xlarge_use1-az6': 50, 'r7i.48xlarge_use1-az2': 1, 'r7i.48xlarge_use1-az4': 5, 'r7i.48xlarge_use1-az5': 1, 'r7i.48xlarge_use1-az6': 5, 'r7i.4xlarge_use1-az1': 5, 'r7i.4xlarge_use1-az2': 20, 'r7i.4xlarge_use1-az4': 10, 'r7i.4xlarge_use1-az5': 1, 'r7i.4xlarge_use1-az6': 50, 'r7i.8xlarge_use1-az1': 5, 'r7i.8xlarge_use1-az2': 25, 'r7i.8xlarge_use1-az4': 25, 'r7i.8xlarge_use1-az5': 5, 'r7i.8xlarge_use1-az6': 50, 'r7i.large_use1-az1': 15, 'r7i.large_use1-az2': 50, 'r7i.large_use1-az4': 50, 'r7i.large_use1-az5': 15, 'r7i.large_use1-az6': 50, 'r7i.xlarge_use1-az1': 5, 'r7i.xlarge_use1-az2': 15, 'r7i.xlarge_use1-az4': 10, 'r7i.xlarge_use1-az5': 15, 'r7i.xlarge_use1-az6': 50, 'r8g.12xlarge_use1-az2': 5, 'r8g.12xlarge_use1-az4': 5, 'r8g.12xlarge_use1-az6': 15, 'r8g.16xlarge_use1-az1': 1, 'r8g.16xlarge_use1-az2': 50, 'r8g.16xlarge_use1-az4': 50, 'r8g.16xlarge_use1-az5': 5, 'r8g.16xlarge_use1-az6': 50, 'r8g.24xlarge_use1-az2': 10, 'r8g.24xlarge_use1-az4': 5, 'r8g.24xlarge_use1-az5': 5, 'r8g.24xlarge_use1-az6': 35, 'r8g.2xlarge_use1-az2': 5, 'r8g.2xlarge_use1-az4': 5, 'r8g.2xlarge_use1-az5': 1, 'r8g.2xlarge_use1-az6': 5, 'r8g.48xlarge_use1-az2': 1, 'r8g.48xlarge_use1-az4': 5, 'r8g.48xlarge_use1-az6': 5, 'r8g.4xlarge_use1-az2': 10, 'r8g.4xlarge_use1-az4': 35, 'r8g.4xlarge_use1-az5': 5, 'r8g.4xlarge_use1-az6': 50, 'r8g.8xlarge_use1-az2': 40, 'r8g.8xlarge_use1-az4': 15, 'r8g.8xlarge_use1-az5': 1, 'r8g.8xlarge_use1-az6': 50, 'r8g.large_use1-az1': 5, 'r8g.large_use1-az2': 30, 'r8g.large_use1-az4': 15, 'r8g.large_use1-az5': 10, 'r8g.large_use1-az6': 20, 'r8g.medium_use1-az1': 15, 'r8g.medium_use1-az2': 30, 'r8g.medium_use1-az4': 20, 'r8g.medium_use1-az5': 5, 'r8g.medium_use1-az6': 15, 'r8g.xlarge_use1-az1': 1, 'r8g.xlarge_use1-az2': 10, 'r8g.xlarge_use1-az4': 5, 'r8g.xlarge_use1-az5': 5, 'r8g.xlarge_use1-az6': 10, 'r8gb.24xlarge_use1-az6': 1, 'r8gb.2xlarge_use1-az2': 1, 'r8gb.2xlarge_use1-az4': 1, 'r8gb.2xlarge_use1-az6': 1, 'r8gb.large_use1-az2': 20, 'r8gb.large_use1-az4': 15, 'r8gb.large_use1-az6': 25, 'r8gb.medium_use1-az2': 50, 'r8gb.metal-24xl_use1-az6': 1, 'r8gb.xlarge_use1-az2': 5, 'r8gb.xlarge_use1-az4': 5, 'r8gb.xlarge_use1-az6': 5, 'r8gd.12xlarge_use1-az5': 1, 'r8gd.12xlarge_use1-az6': 1, 'r8gd.16xlarge_use1-az2': 1, 'r8gd.16xlarge_use1-az4': 1, 'r8gd.16xlarge_use1-az5': 1, 'r8gd.16xlarge_use1-az6': 15, 'r8gd.24xlarge_use1-az2': 1, 'r8gd.24xlarge_use1-az5': 1, 'r8gd.24xlarge_use1-az6': 25, 'r8gd.2xlarge_use1-az2': 25, 'r8gd.2xlarge_use1-az4': 30, 'r8gd.2xlarge_use1-az6': 50, 'r8gd.48xlarge_use1-az6': 50, 'r8gd.4xlarge_use1-az1': 1, 'r8gd.4xlarge_use1-az2': 20, 'r8gd.4xlarge_use1-az5': 1, 'r8gd.4xlarge_use1-az6': 15, 'r8gd.8xlarge_use1-az2': 5, 'r8gd.8xlarge_use1-az4': 1, 'r8gd.8xlarge_use1-az5': 1, 'r8gd.8xlarge_use1-az6': 1, 'r8gd.large_use1-az2': 50, 'r8gd.large_use1-az5': 1, 'r8gd.large_use1-az6': 50, 'r8gd.medium_use1-az1': 5, 'r8gd.medium_use1-az2': 5, 'r8gd.medium_use1-az4': 5, 'r8gd.medium_use1-az5': 10, 'r8gd.metal-24xl_use1-az6': 1, 'r8gd.metal-48xl_use1-az6': 1, 'r8gd.xlarge_use1-az2': 25, 'r8gd.xlarge_use1-az4': 1, 'r8gd.xlarge_use1-az5': 50, 'r8gd.xlarge_use1-az6': 40, 'r8gn.16xlarge_use1-az6': 1, 'r8gn.24xlarge_use1-az2': 1, 'r8gn.2xlarge_use1-az2': 1, 'r8gn.2xlarge_use1-az4': 1, 'r8gn.2xlarge_use1-az6': 1, 'r8gn.48xlarge_use1-az6': 1, 'r8gn.4xlarge_use1-az6': 5, 'r8gn.8xlarge_use1-az2': 1, 'r8gn.8xlarge_use1-az6': 5, 'r8gn.large_use1-az2': 20, 'r8gn.large_use1-az4': 15, 'r8gn.large_use1-az6': 20, 'r8gn.medium_use1-az2': 35, 'r8gn.medium_use1-az4': 40, 'r8gn.metal-24xl_use1-az2': 1, 'r8gn.metal-24xl_use1-az6': 1, 'r8gn.xlarge_use1-az2': 1, 'r8gn.xlarge_use1-az4': 5, 'r8gn.xlarge_use1-az6': 10, 'r8i-flex.2xlarge_use1-az2': 1, 'r8i-flex.2xlarge_use1-az6': 5, 'r8i-flex.4xlarge_use1-az2': 1, 'r8i-flex.4xlarge_use1-az6': 1, 'r8i-flex.large_use1-az2': 1, 'r8i-flex.large_use1-az6': 5, 'r8i-flex.xlarge_use1-az2': 5, 'r8i-flex.xlarge_use1-az6': 1, 'r8i.12xlarge_use1-az2': 1, 'r8i.12xlarge_use1-az6': 1, 'r8i.16xlarge_use1-az2': 1, 'r8i.16xlarge_use1-az6': 1, 'r8i.24xlarge_use1-az6': 1, 'r8i.2xlarge_use1-az2': 5, 'r8i.2xlarge_use1-az6': 5, 'r8i.32xlarge_use1-az2': 1, 'r8i.32xlarge_use1-az6': 1, 'r8i.48xlarge_use1-az2': 1, 'r8i.48xlarge_use1-az6': 1, 'r8i.4xlarge_use1-az2': 1, 'r8i.4xlarge_use1-az6': 5, 'r8i.8xlarge_use1-az2': 1, 'r8i.8xlarge_use1-az6': 5, 'r8i.96xlarge_use1-az2': 1, 'r8i.96xlarge_use1-az6': 1, 'r8i.large_use1-az2': 20, 'r8i.large_use1-az6': 20, 'r8i.xlarge_use1-az2': 5, 'r8i.xlarge_use1-az6': 5, 't2.2xlarge_use1-az1': 50, 't2.2xlarge_use1-az2': 50, 't2.2xlarge_use1-az3': 15, 't2.2xlarge_use1-az4': 50, 't2.2xlarge_use1-az5': 50, 't2.2xlarge_use1-az6': 50, 't2.large_use1-az1': 20, 't2.large_use1-az2': 50, 't2.large_use1-az3': 50, 't2.large_use1-az4': 50, 't2.large_use1-az5': 25, 't2.large_use1-az6': 50, 't2.medium_use1-az1': 50, 't2.medium_use1-az2': 50, 't2.medium_use1-az3': 50, 't2.medium_use1-az4': 50, 't2.medium_use1-az5': 50, 't2.medium_use1-az6': 50, 't2.xlarge_use1-az1': 35, 't2.xlarge_use1-az2': 50, 't2.xlarge_use1-az3': 20, 't2.xlarge_use1-az4': 50, 't2.xlarge_use1-az5': 5, 't2.xlarge_use1-az6': 50, 't3.2xlarge_use1-az1': 50, 't3.2xlarge_use1-az2': 50, 't3.2xlarge_use1-az4': 50, 't3.2xlarge_use1-az5': 50, 't3.2xlarge_use1-az6': 50, 't3.large_use1-az1': 50, 't3.large_use1-az2': 50, 't3.large_use1-az4': 50, 't3.large_use1-az5': 50, 't3.large_use1-az6': 50, 't3.medium_use1-az1': 50, 't3.medium_use1-az2': 50, 't3.medium_use1-az4': 50, 't3.medium_use1-az5': 50, 't3.medium_use1-az6': 50, 't3.xlarge_use1-az1': 50, 't3.xlarge_use1-az2': 50, 't3.xlarge_use1-az4': 50, 't3.xlarge_use1-az5': 50, 't3.xlarge_use1-az6': 50, 't3a.2xlarge_use1-az1': 50, 't3a.2xlarge_use1-az2': 50, 't3a.2xlarge_use1-az4': 50, 't3a.2xlarge_use1-az5': 50, 't3a.2xlarge_use1-az6': 50, 't3a.large_use1-az1': 50, 't3a.large_use1-az2': 50, 't3a.large_use1-az4': 50, 't3a.large_use1-az5': 5, 't3a.large_use1-az6': 50, 't3a.medium_use1-az1': 50, 't3a.medium_use1-az2': 50, 't3a.medium_use1-az4': 50, 't3a.medium_use1-az5': 5, 't3a.medium_use1-az6': 50, 't3a.xlarge_use1-az1': 25, 't3a.xlarge_use1-az2': 50, 't3a.xlarge_use1-az4': 50, 't3a.xlarge_use1-az5': 15, 't3a.xlarge_use1-az6': 50, 't4g.2xlarge_use1-az1': 5, 't4g.2xlarge_use1-az2': 15, 't4g.2xlarge_use1-az4': 5, 't4g.2xlarge_use1-az5': 10, 't4g.2xlarge_use1-az6': 10, 't4g.large_use1-az1': 1, 't4g.large_use1-az2': 15, 't4g.large_use1-az4': 50, 't4g.large_use1-az5': 25, 't4g.large_use1-az6': 35, 't4g.medium_use1-az1': 1, 't4g.medium_use1-az2': 50, 't4g.medium_use1-az4': 50, 't4g.medium_use1-az5': 35, 't4g.medium_use1-az6': 50, 't4g.xlarge_use1-az1': 30, 't4g.xlarge_use1-az2': 15, 't4g.xlarge_use1-az4': 50, 't4g.xlarge_use1-az5': 5, 't4g.xlarge_use1-az6': 10, 'trn1.2xlarge_use1-az5': 5, 'trn1.2xlarge_use1-az6': 20, 'trn1.32xlarge_use1-az6': 50, 'trn1n.32xlarge_use1-az6': 50, 'vt1.3xlarge_use1-az2': 1, 'vt1.6xlarge_use1-az2': 1, 'x1.16xlarge_use1-az2': 1, 'x1.16xlarge_use1-az4': 1, 'x1.16xlarge_use1-az6': 1, 'x1.32xlarge_use1-az2': 1, 'x1.32xlarge_use1-az3': 5, 'x1.32xlarge_use1-az6': 1, 'x1e.16xlarge_use1-az2': 1, 'x1e.16xlarge_use1-az4': 1, 'x1e.16xlarge_use1-az6': 5, 'x1e.2xlarge_use1-az1': 1, 'x1e.2xlarge_use1-az2': 5, 'x1e.2xlarge_use1-az4': 10, 'x1e.2xlarge_use1-az6': 1, 'x1e.4xlarge_use1-az2': 5, 'x1e.4xlarge_use1-az4': 5, 'x1e.4xlarge_use1-az6': 1, 'x1e.8xlarge_use1-az1': 1, 'x1e.8xlarge_use1-az2': 1, 'x1e.8xlarge_use1-az4': 5, 'x1e.8xlarge_use1-az6': 5, 'x1e.xlarge_use1-az1': 10, 'x1e.xlarge_use1-az2': 20, 'x1e.xlarge_use1-az4': 15, 'x1e.xlarge_use1-az6': 5, 'x2gd.12xlarge_use1-az5': 5, 'x2gd.12xlarge_use1-az6': 1, 'x2gd.16xlarge_use1-az5': 1, 'x2gd.16xlarge_use1-az6': 15, 'x2gd.2xlarge_use1-az1': 5, 'x2gd.2xlarge_use1-az4': 1, 'x2gd.2xlarge_use1-az5': 5, 'x2gd.2xlarge_use1-az6': 30, 'x2gd.4xlarge_use1-az1': 1, 'x2gd.4xlarge_use1-az2': 1, 'x2gd.4xlarge_use1-az4': 5, 'x2gd.4xlarge_use1-az5': 1, 'x2gd.4xlarge_use1-az6': 35, 'x2gd.8xlarge_use1-az4': 1, 'x2gd.8xlarge_use1-az5': 1, 'x2gd.8xlarge_use1-az6': 5, 'x2gd.large_use1-az1': 35, 'x2gd.large_use1-az2': 25, 'x2gd.large_use1-az4': 15, 'x2gd.large_use1-az5': 25, 'x2gd.large_use1-az6': 50, 'x2gd.medium_use1-az1': 25, 'x2gd.medium_use1-az2': 35, 'x2gd.medium_use1-az4': 50, 'x2gd.medium_use1-az5': 50, 'x2gd.medium_use1-az6': 50, 'x2gd.xlarge_use1-az1': 5, 'x2gd.xlarge_use1-az2': 1, 'x2gd.xlarge_use1-az4': 20, 'x2gd.xlarge_use1-az5': 15, 'x2gd.xlarge_use1-az6': 25, 'x2idn.16xlarge_use1-az2': 1, 'x2idn.16xlarge_use1-az5': 1, 'x2idn.24xlarge_use1-az4': 1, 'x2idn.24xlarge_use1-az5': 1, 'x2idn.32xlarge_use1-az5': 1, 'x2iedn.24xlarge_use1-az4': 1, 'x2iedn.24xlarge_use1-az6': 1, 'x2iedn.2xlarge_use1-az1': 1, 'x2iedn.2xlarge_use1-az2': 25, 'x2iedn.2xlarge_use1-az4': 15, 'x2iedn.2xlarge_use1-az5': 1, 'x2iedn.2xlarge_use1-az6': 5, 'x2iedn.4xlarge_use1-az1': 1, 'x2iedn.4xlarge_use1-az2': 1, 'x2iedn.4xlarge_use1-az4': 1, 'x2iedn.4xlarge_use1-az5': 1, 'x2iedn.4xlarge_use1-az6': 1, 'x2iedn.8xlarge_use1-az4': 1, 'x2iedn.8xlarge_use1-az6': 1, 'x2iedn.xlarge_use1-az1': 5, 'x2iedn.xlarge_use1-az2': 20, 'x2iedn.xlarge_use1-az4': 10, 'x2iedn.xlarge_use1-az5': 1, 'x2iedn.xlarge_use1-az6': 10, 'x2iezn.12xlarge_use1-az2': 1, 'x2iezn.12xlarge_use1-az4': 20, 'x2iezn.12xlarge_use1-az6': 5, 'x2iezn.2xlarge_use1-az2': 5, 'x2iezn.2xlarge_use1-az4': 10, 'x2iezn.2xlarge_use1-az6': 1, 'x2iezn.4xlarge_use1-az2': 1, 'x2iezn.4xlarge_use1-az4': 5, 'x2iezn.4xlarge_use1-az6': 1, 'x2iezn.6xlarge_use1-az2': 1, 'x2iezn.6xlarge_use1-az4': 5, 'x2iezn.6xlarge_use1-az6': 1, 'x2iezn.8xlarge_use1-az2': 1, 'x2iezn.8xlarge_use1-az4': 10, 'x2iezn.8xlarge_use1-az6': 1, 'x8g.12xlarge_use1-az2': 1, 'x8g.12xlarge_use1-az4': 20, 'x8g.12xlarge_use1-az6': 1, 'x8g.16xlarge_use1-az1': 1, 'x8g.16xlarge_use1-az2': 5, 'x8g.16xlarge_use1-az4': 5, 'x8g.16xlarge_use1-az6': 5, 'x8g.24xlarge_use1-az1': 1, 'x8g.24xlarge_use1-az2': 5, 'x8g.24xlarge_use1-az4': 5, 'x8g.24xlarge_use1-az6': 10, 'x8g.2xlarge_use1-az1': 5, 'x8g.2xlarge_use1-az2': 10, 'x8g.2xlarge_use1-az4': 10, 'x8g.2xlarge_use1-az6': 25, 'x8g.48xlarge_use1-az1': 1, 'x8g.48xlarge_use1-az2': 1, 'x8g.48xlarge_use1-az4': 10, 'x8g.48xlarge_use1-az6': 1, 'x8g.4xlarge_use1-az1': 1, 'x8g.4xlarge_use1-az2': 5, 'x8g.4xlarge_use1-az4': 5, 'x8g.4xlarge_use1-az6': 10, 'x8g.8xlarge_use1-az2': 15, 'x8g.8xlarge_use1-az4': 20, 'x8g.8xlarge_use1-az6': 5, 'x8g.large_use1-az1': 30, 'x8g.large_use1-az4': 50, 'x8g.large_use1-az6': 50, 'x8g.medium_use1-az1': 50, 'x8g.medium_use1-az4': 50, 'x8g.medium_use1-az6': 50, 'x8g.metal-24xl_use1-az1': 1, 'x8g.metal-24xl_use1-az2': 1, 'x8g.metal-24xl_use1-az4': 1, 'x8g.metal-24xl_use1-az6': 10, 'x8g.metal-48xl_use1-az2': 1, 'x8g.metal-48xl_use1-az4': 1, 'x8g.metal-48xl_use1-az6': 1, 'x8g.xlarge_use1-az1': 10, 'x8g.xlarge_use1-az2': 20, 'x8g.xlarge_use1-az4': 40, 'x8g.xlarge_use1-az6': 50, 'z1d.12xlarge_use1-az1': 1, 'z1d.12xlarge_use1-az2': 1, 'z1d.12xlarge_use1-az4': 1, 'z1d.12xlarge_use1-az5': 1, 'z1d.12xlarge_use1-az6': 5, 'z1d.2xlarge_use1-az1': 5, 'z1d.2xlarge_use1-az2': 5, 'z1d.2xlarge_use1-az4': 15, 'z1d.2xlarge_use1-az5': 1, 'z1d.2xlarge_use1-az6': 15, 'z1d.3xlarge_use1-az1': 5, 'z1d.3xlarge_use1-az2': 5, 'z1d.3xlarge_use1-az4': 10, 'z1d.3xlarge_use1-az5': 5, 'z1d.3xlarge_use1-az6': 5, 'z1d.6xlarge_use1-az1': 1, 'z1d.6xlarge_use1-az2': 1, 'z1d.6xlarge_use1-az4': 1, 'z1d.6xlarge_use1-az6': 1, 'z1d.large_use1-az1': 15, 'z1d.large_use1-az2': 5, 'z1d.large_use1-az4': 25, 'z1d.large_use1-az5': 10, 'z1d.large_use1-az6': 25, 'z1d.xlarge_use1-az1': 10, 'z1d.xlarge_use1-az2': 20, 'z1d.xlarge_use1-az4': 30, 'z1d.xlarge_use1-az5': 1, 'z1d.xlarge_use1-az6': 20}"
0.97,27584.45729999996,29752470571,1078595.4658344178,1145833,1145733,"{'c1.xlarge_use1-az1': 5, 'c1.xlarge_use1-az2': 5, 'c1.xlarge_use1-az4': 5, 'c1.xlarge_use1-az6': 1, 'c3.2xlarge_use1-az2': 5, 'c3.2xlarge_use1-az4': 50, 'c3.2xlarge_use1-az6': 15, 'c3.4xlarge_use1-az2': 5, 'c3.4xlarge_use1-az4': 5, 'c3.4xlarge_use1-az6': 5, 'c3.8xlarge_use1-az2': 5, 'c3.8xlarge_use1-az4': 5, 'c3.8xlarge_use1-az6': 1, 'c3.xlarge_use1-az2': 35, 'c3.xlarge_use1-az3': 1, 'c3.xlarge_use1-az4': 50, 'c3.xlarge_use1-az6': 30, 'c4.2xlarge_use1-az1': 5, 'c4.2xlarge_use1-az2': 5, 'c4.2xlarge_use1-az3': 25, 'c4.2xlarge_use1-az4': 15, 'c4.2xlarge_use1-az5': 15, 'c4.2xlarge_use1-az6': 10, 'c4.4xlarge_use1-az1': 5, 'c4.4xlarge_use1-az2': 5, 'c4.4xlarge_use1-az3': 10, 'c4.4xlarge_use1-az4': 5, 'c4.4xlarge_use1-az5': 5, 'c4.4xlarge_use1-az6': 1, 'c4.8xlarge_use1-az1': 1, 'c4.8xlarge_use1-az2': 5, 'c4.8xlarge_use1-az3': 5, 'c4.8xlarge_use1-az4': 15, 'c4.8xlarge_use1-az5': 5, 'c4.8xlarge_use1-az6': 5, 'c4.xlarge_use1-az1': 25, 'c4.xlarge_use1-az2': 40, 'c4.xlarge_use1-az3': 20, 'c4.xlarge_use1-az4': 40, 'c4.xlarge_use1-az5': 50, 'c4.xlarge_use1-az6': 50, 'c5.12xlarge_use1-az1': 50, 'c5.12xlarge_use1-az2': 50, 'c5.12xlarge_use1-az4': 50, 'c5.12xlarge_use1-az5': 50, 'c5.12xlarge_use1-az6': 50, 'c5.18xlarge_use1-az1': 5, 'c5.18xlarge_use1-az2': 50, 'c5.18xlarge_use1-az4': 15, 'c5.18xlarge_use1-az5': 10, 'c5.18xlarge_use1-az6': 1, 'c5.24xlarge_use1-az1': 1, 'c5.24xlarge_use1-az2': 5, 'c5.24xlarge_use1-az4': 5, 'c5.24xlarge_use1-az5': 1, 'c5.24xlarge_use1-az6': 5, 'c5.2xlarge_use1-az1': 50, 'c5.2xlarge_use1-az2': 50, 'c5.2xlarge_use1-az4': 50, 'c5.2xlarge_use1-az5': 50, 'c5.2xlarge_use1-az6': 50, 'c5.4xlarge_use1-az1': 50, 'c5.4xlarge_use1-az2': 50, 'c5.4xlarge_use1-az4': 50, 'c5.4xlarge_use1-az5': 50, 'c5.4xlarge_use1-az6': 50, 'c5.9xlarge_use1-az1': 50, 'c5.9xlarge_use1-az2': 50, 'c5.9xlarge_use1-az4': 50, 'c5.9xlarge_use1-az5': 50, 'c5.9xlarge_use1-az6': 50, 'c5.large_use1-az1': 50, 'c5.large_use1-az2': 50, 'c5.large_use1-az4': 50, 'c5.large_use1-az5': 50, 'c5.large_use1-az6': 50, 'c5.xlarge_use1-az1': 50, 'c5.xlarge_use1-az2': 50, 'c5.xlarge_use1-az4': 50, 'c5.xlarge_use1-az5': 50, 'c5.xlarge_use1-az6': 50, 'c5a.12xlarge_use1-az1': 5, 'c5a.12xlarge_use1-az2': 10, 'c5a.12xlarge_use1-az4': 15, 'c5a.12xlarge_use1-az5': 1, 'c5a.12xlarge_use1-az6': 5, 'c5a.16xlarge_use1-az4': 1, 'c5a.16xlarge_use1-az6': 1, 'c5a.24xlarge_use1-az2': 1, 'c5a.24xlarge_use1-az4': 1, 'c5a.24xlarge_use1-az6': 1, 'c5a.2xlarge_use1-az1': 30, 'c5a.2xlarge_use1-az2': 20, 'c5a.2xlarge_use1-az4': 50, 'c5a.2xlarge_use1-az5': 15, 'c5a.2xlarge_use1-az6': 50, 'c5a.4xlarge_use1-az1': 5, 'c5a.4xlarge_use1-az2': 1, 'c5a.4xlarge_use1-az4': 5, 'c5a.4xlarge_use1-az5': 5, 'c5a.4xlarge_use1-az6': 5, 'c5a.8xlarge_use1-az1': 1, 'c5a.8xlarge_use1-az2': 1, 'c5a.8xlarge_use1-az4': 5, 'c5a.8xlarge_use1-az6': 15, 'c5a.large_use1-az1': 50, 'c5a.large_use1-az2': 50, 'c5a.large_use1-az4': 50, 'c5a.large_use1-az5': 45, 'c5a.large_use1-az6': 50, 'c5a.xlarge_use1-az1': 50, 'c5a.xlarge_use1-az2': 50, 'c5a.xlarge_use1-az4': 50, 'c5a.xlarge_use1-az5': 50, 'c5a.xlarge_use1-az6': 50, 'c5ad.12xlarge_use1-az1': 5, 'c5ad.12xlarge_use1-az2': 5, 'c5ad.12xlarge_use1-az4': 5, 'c5ad.12xlarge_use1-az6': 5, 'c5ad.16xlarge_use1-az1': 1, 'c5ad.16xlarge_use1-az2': 5, 'c5ad.16xlarge_use1-az4': 1, 'c5ad.16xlarge_use1-az6': 1, 'c5ad.24xlarge_use1-az1': 1, 'c5ad.24xlarge_use1-az2': 1, 'c5ad.24xlarge_use1-az4': 1, 'c5ad.24xlarge_use1-az6': 5, 'c5ad.2xlarge_use1-az1': 10, 'c5ad.2xlarge_use1-az2': 5, 'c5ad.2xlarge_use1-az4': 5, 'c5ad.2xlarge_use1-az5': 5, 'c5ad.2xlarge_use1-az6': 15, 'c5ad.4xlarge_use1-az1': 5, 'c5ad.4xlarge_use1-az2': 5, 'c5ad.4xlarge_use1-az4': 1, 'c5ad.4xlarge_use1-az5': 1, 'c5ad.4xlarge_use1-az6': 10, 'c5ad.8xlarge_use1-az1': 1, 'c5ad.8xlarge_use1-az2': 1, 'c5ad.8xlarge_use1-az4': 1, 'c5ad.8xlarge_use1-az5': 1, 'c5ad.8xlarge_use1-az6': 1, 'c5ad.large_use1-az1': 20, 'c5ad.large_use1-az2': 30, 'c5ad.large_use1-az4': 10, 'c5ad.large_use1-az5': 15, 'c5ad.large_use1-az6': 20, 'c5ad.xlarge_use1-az1': 15, 'c5ad.xlarge_use1-az2': 10, 'c5ad.xlarge_use1-az4': 5, 'c5ad.xlarge_use1-az5': 5, 'c5ad.xlarge_use1-az6': 15, 'c5d.12xlarge_use1-az2': 15, 'c5d.12xlarge_use1-az4': 5, 'c5d.12xlarge_use1-az6': 45, 'c5d.18xlarge_use1-az1': 5, 'c5d.18xlarge_use1-az2': 50, 'c5d.18xlarge_use1-az4': 50, 'c5d.18xlarge_use1-az5': 5, 'c5d.18xlarge_use1-az6': 30, 'c5d.24xlarge_use1-az2': 35, 'c5d.24xlarge_use1-az4': 25, 'c5d.24xlarge_use1-az6': 50, 'c5d.2xlarge_use1-az1': 15, 'c5d.2xlarge_use1-az2': 50, 'c5d.2xlarge_use1-az4': 50, 'c5d.2xlarge_use1-az5': 20, 'c5d.2xlarge_use1-az6': 50, 'c5d.4xlarge_use1-az1': 20, 'c5d.4xlarge_use1-az2': 50, 'c5d.4xlarge_use1-az4': 50, 'c5d.4xlarge_use1-az5': 25, 'c5d.4xlarge_use1-az6': 50, 'c5d.9xlarge_use1-az1': 10, 'c5d.9xlarge_use1-az2': 20, 'c5d.9xlarge_use1-az4': 50, 'c5d.9xlarge_use1-az5': 10, 'c5d.9xlarge_use1-az6': 25, 'c5d.large_use1-az1': 50, 'c5d.large_use1-az2': 50, 'c5d.large_use1-az4': 50, 'c5d.large_use1-az5': 35, 'c5d.large_use1-az6': 50, 'c5d.xlarge_use1-az1': 50, 'c5d.xlarge_use1-az2': 50, 'c5d.xlarge_use1-az4': 50, 'c5d.xlarge_use1-az5': 50, 'c5d.xlarge_use1-az6': 50, 'c5n.18xlarge_use1-az1': 30, 'c5n.18xlarge_use1-az2': 5, 'c5n.18xlarge_use1-az4': 10, 'c5n.2xlarge_use1-az1': 5, 'c5n.2xlarge_use1-az2': 10, 'c5n.2xlarge_use1-az4': 15, 'c5n.2xlarge_use1-az5': 10, 'c5n.2xlarge_use1-az6': 10, 'c5n.4xlarge_use1-az1': 5, 'c5n.4xlarge_use1-az2': 1, 'c5n.4xlarge_use1-az4': 5, 'c5n.4xlarge_use1-az6': 1, 'c5n.9xlarge_use1-az1': 10, 'c5n.9xlarge_use1-az2': 1, 'c5n.9xlarge_use1-az4': 5, 'c5n.large_use1-az1': 10, 'c5n.large_use1-az2': 10, 'c5n.large_use1-az4': 25, 'c5n.large_use1-az5': 5, 'c5n.large_use1-az6': 5, 'c5n.xlarge_use1-az1': 1, 'c5n.xlarge_use1-az2': 1, 'c5n.xlarge_use1-az4': 5, 'c5n.xlarge_use1-az5': 1, 'c5n.xlarge_use1-az6': 1, 'c6a.12xlarge_use1-az1': 5, 'c6a.12xlarge_use1-az2': 50, 'c6a.12xlarge_use1-az4': 50, 'c6a.12xlarge_use1-az5': 1, 'c6a.12xlarge_use1-az6': 15, 'c6a.16xlarge_use1-az1': 1, 'c6a.16xlarge_use1-az2': 5, 'c6a.16xlarge_use1-az4': 10, 'c6a.16xlarge_use1-az5': 1, 'c6a.16xlarge_use1-az6': 15, 'c6a.24xlarge_use1-az1': 1, 'c6a.24xlarge_use1-az2': 5, 'c6a.24xlarge_use1-az4': 5, 'c6a.24xlarge_use1-az5': 5, 'c6a.24xlarge_use1-az6': 20, 'c6a.2xlarge_use1-az1': 10, 'c6a.2xlarge_use1-az2': 40, 'c6a.2xlarge_use1-az4': 50, 'c6a.2xlarge_use1-az5': 10, 'c6a.2xlarge_use1-az6': 50, 'c6a.32xlarge_use1-az2': 1, 'c6a.32xlarge_use1-az4': 1, 'c6a.32xlarge_use1-az5': 1, 'c6a.32xlarge_use1-az6': 5, 'c6a.48xlarge_use1-az2': 1, 'c6a.48xlarge_use1-az4': 10, 'c6a.48xlarge_use1-az5': 5, 'c6a.48xlarge_use1-az6': 25, 'c6a.4xlarge_use1-az1': 15, 'c6a.4xlarge_use1-az2': 15, 'c6a.4xlarge_use1-az4': 30, 'c6a.4xlarge_use1-az5': 15, 'c6a.4xlarge_use1-az6': 50, 'c6a.8xlarge_use1-az1': 5, 'c6a.8xlarge_use1-az2': 50, 'c6a.8xlarge_use1-az4': 30, 'c6a.8xlarge_use1-az5': 25, 'c6a.8xlarge_use1-az6': 50, 'c6a.large_use1-az1': 45, 'c6a.large_use1-az2': 50, 'c6a.large_use1-az4': 50, 'c6a.large_use1-az5': 50, 'c6a.large_use1-az6': 20, 'c6a.xlarge_use1-az1': 15, 'c6a.xlarge_use1-az2': 25, 'c6a.xlarge_use1-az4': 25, 'c6a.xlarge_use1-az5': 15, 'c6a.xlarge_use1-az6': 25, 'c6g.12xlarge_use1-az1': 15, 'c6g.12xlarge_use1-az2': 25, 'c6g.12xlarge_use1-az4': 50, 'c6g.12xlarge_use1-az5': 5, 'c6g.12xlarge_use1-az6': 50, 'c6g.16xlarge_use1-az1': 1, 'c6g.16xlarge_use1-az2': 15, 'c6g.16xlarge_use1-az4': 50, 'c6g.16xlarge_use1-az5': 5, 'c6g.16xlarge_use1-az6': 50, 'c6g.2xlarge_use1-az1': 5, 'c6g.2xlarge_use1-az2': 50, 'c6g.2xlarge_use1-az4': 50, 'c6g.2xlarge_use1-az5': 15, 'c6g.2xlarge_use1-az6': 50, 'c6g.4xlarge_use1-az1': 50, 'c6g.4xlarge_use1-az2': 50, 'c6g.4xlarge_use1-az4': 50, 'c6g.4xlarge_use1-az5': 50, 'c6g.4xlarge_use1-az6': 50, 'c6g.8xlarge_use1-az1': 50, 'c6g.8xlarge_use1-az2': 50, 'c6g.8xlarge_use1-az4': 50, 'c6g.8xlarge_use1-az5': 50, 'c6g.8xlarge_use1-az6': 50, 'c6g.large_use1-az1': 5, 'c6g.large_use1-az2': 50, 'c6g.large_use1-az4': 50, 'c6g.large_use1-az5': 50, 'c6g.large_use1-az6': 50, 'c6g.xlarge_use1-az1': 30, 'c6g.xlarge_use1-az2': 50, 'c6g.xlarge_use1-az4': 50, 'c6g.xlarge_use1-az5': 10, 'c6g.xlarge_use1-az6': 50, 'c6gd.12xlarge_use1-az2': 50, 'c6gd.12xlarge_use1-az4': 30, 'c6gd.12xlarge_use1-az5': 1, 'c6gd.12xlarge_use1-az6': 50, 'c6gd.16xlarge_use1-az2': 50, 'c6gd.16xlarge_use1-az4': 30, 'c6gd.16xlarge_use1-az6': 50, 'c6gd.2xlarge_use1-az1': 15, 'c6gd.2xlarge_use1-az2': 50, 'c6gd.2xlarge_use1-az4': 50, 'c6gd.2xlarge_use1-az5': 1, 'c6gd.2xlarge_use1-az6': 50, 'c6gd.4xlarge_use1-az1': 20, 'c6gd.4xlarge_use1-az2': 50, 'c6gd.4xlarge_use1-az4': 50, 'c6gd.4xlarge_use1-az5': 10, 'c6gd.4xlarge_use1-az6': 50, 'c6gd.8xlarge_use1-az1': 25, 'c6gd.8xlarge_use1-az2': 45, 'c6gd.8xlarge_use1-az4': 45, 'c6gd.8xlarge_use1-az5': 1, 'c6gd.8xlarge_use1-az6': 50, 'c6gd.large_use1-az1': 50, 'c6gd.large_use1-az2': 5, 'c6gd.large_use1-az4': 20, 'c6gd.large_use1-az5': 1, 'c6gd.large_use1-az6': 50, 'c6gd.xlarge_use1-az1': 50, 'c6gd.xlarge_use1-az2': 1, 'c6gd.xlarge_use1-az4': 1, 'c6gd.xlarge_use1-az5': 50, 'c6gd.xlarge_use1-az6': 50, 'c6gn.12xlarge_use1-az2': 25, 'c6gn.12xlarge_use1-az4': 50, 'c6gn.12xlarge_use1-az5': 1, 'c6gn.16xlarge_use1-az1': 1, 'c6gn.16xlarge_use1-az2': 50, 'c6gn.16xlarge_use1-az4': 50, 'c6gn.16xlarge_use1-az5': 10, 'c6gn.2xlarge_use1-az1': 5, 'c6gn.2xlarge_use1-az2': 1, 'c6gn.2xlarge_use1-az4': 20, 'c6gn.2xlarge_use1-az5': 1, 'c6gn.4xlarge_use1-az1': 1, 'c6gn.4xlarge_use1-az2': 40, 'c6gn.4xlarge_use1-az4': 35, 'c6gn.4xlarge_use1-az5': 10, 'c6gn.8xlarge_use1-az1': 25, 'c6gn.8xlarge_use1-az2': 35, 'c6gn.8xlarge_use1-az4': 30, 'c6gn.8xlarge_use1-az5': 5, 'c6gn.8xlarge_use1-az6': 5, 'c6gn.large_use1-az1': 5, 'c6gn.large_use1-az2': 25, 'c6gn.large_use1-az4': 10, 'c6gn.large_use1-az5': 15, 'c6gn.large_use1-az6': 1, 'c6gn.xlarge_use1-az1': 5, 'c6gn.xlarge_use1-az2': 10, 'c6gn.xlarge_use1-az4': 15, 'c6gn.xlarge_use1-az5': 5, 'c6gn.xlarge_use1-az6': 1, 'c6i.12xlarge_use1-az1': 15, 'c6i.12xlarge_use1-az2': 15, 'c6i.12xlarge_use1-az4': 30, 'c6i.12xlarge_use1-az5': 5, 'c6i.12xlarge_use1-az6': 5, 'c6i.16xlarge_use1-az1': 5, 'c6i.16xlarge_use1-az2': 15, 'c6i.16xlarge_use1-az4': 25, 'c6i.16xlarge_use1-az5': 10, 'c6i.16xlarge_use1-az6': 30, 'c6i.24xlarge_use1-az1': 5, 'c6i.24xlarge_use1-az2': 5, 'c6i.24xlarge_use1-az4': 10, 'c6i.24xlarge_use1-az5': 1, 'c6i.24xlarge_use1-az6': 15, 'c6i.2xlarge_use1-az1': 20, 'c6i.2xlarge_use1-az2': 50, 'c6i.2xlarge_use1-az4': 50, 'c6i.2xlarge_use1-az5': 5, 'c6i.2xlarge_use1-az6': 50, 'c6i.32xlarge_use1-az1': 10, 'c6i.32xlarge_use1-az2': 5, 'c6i.32xlarge_use1-az4': 50, 'c6i.32xlarge_use1-az5': 1, 'c6i.32xlarge_use1-az6': 40, 'c6i.4xlarge_use1-az1': 10, 'c6i.4xlarge_use1-az2': 40, 'c6i.4xlarge_use1-az4': 50, 'c6i.4xlarge_use1-az5': 15, 'c6i.4xlarge_use1-az6': 50, 'c6i.8xlarge_use1-az1': 10, 'c6i.8xlarge_use1-az2': 45, 'c6i.8xlarge_use1-az4': 50, 'c6i.8xlarge_use1-az5': 10, 'c6i.8xlarge_use1-az6': 50, 'c6i.large_use1-az1': 10, 'c6i.large_use1-az2': 40, 'c6i.large_use1-az4': 30, 'c6i.large_use1-az5': 10, 'c6i.large_use1-az6': 50, 'c6i.xlarge_use1-az1': 50, 'c6i.xlarge_use1-az2': 45, 'c6i.xlarge_use1-az4': 35, 'c6i.xlarge_use1-az5': 10, 'c6i.xlarge_use1-az6': 50, 'c6id.12xlarge_use1-az1': 1, 'c6id.12xlarge_use1-az2': 1, 'c6id.12xlarge_use1-az4': 5, 'c6id.12xlarge_use1-az6': 5, 'c6id.16xlarge_use1-az1': 1, 'c6id.16xlarge_use1-az2': 5, 'c6id.16xlarge_use1-az4': 5, 'c6id.16xlarge_use1-az5': 1, 'c6id.16xlarge_use1-az6': 1, 'c6id.24xlarge_use1-az1': 5, 'c6id.24xlarge_use1-az2': 15, 'c6id.24xlarge_use1-az4': 5, 'c6id.24xlarge_use1-az5': 1, 'c6id.24xlarge_use1-az6': 10, 'c6id.2xlarge_use1-az1': 1, 'c6id.2xlarge_use1-az2': 1, 'c6id.2xlarge_use1-az4': 5, 'c6id.2xlarge_use1-az5': 5, 'c6id.2xlarge_use1-az6': 1, 'c6id.32xlarge_use1-az1': 1, 'c6id.32xlarge_use1-az2': 5, 'c6id.32xlarge_use1-az4': 10, 'c6id.32xlarge_use1-az5': 1, 'c6id.32xlarge_use1-az6': 5, 'c6id.4xlarge_use1-az1': 15, 'c6id.4xlarge_use1-az2': 10, 'c6id.4xlarge_use1-az4': 10, 'c6id.4xlarge_use1-az5': 1, 'c6id.4xlarge_use1-az6': 5, 'c6id.8xlarge_use1-az1': 5, 'c6id.8xlarge_use1-az2': 1, 'c6id.8xlarge_use1-az4': 5, 'c6id.8xlarge_use1-az5': 1, 'c6id.8xlarge_use1-az6': 1, 'c6id.large_use1-az1': 5, 'c6id.large_use1-az2': 5, 'c6id.large_use1-az4': 1, 'c6id.large_use1-az5': 5, 'c6id.large_use1-az6': 5, 'c6id.xlarge_use1-az1': 5, 'c6id.xlarge_use1-az2': 1, 'c6id.xlarge_use1-az4': 5, 'c6id.xlarge_use1-az5': 1, 'c6id.xlarge_use1-az6': 1, 'c6in.12xlarge_use1-az1': 1, 'c6in.12xlarge_use1-az6': 1, 'c6in.16xlarge_use1-az4': 1, 'c6in.24xlarge_use1-az6': 1, 'c6in.2xlarge_use1-az1': 1, 'c6in.2xlarge_use1-az2': 1, 'c6in.2xlarge_use1-az4': 1, 'c6in.2xlarge_use1-az6': 1, 'c6in.32xlarge_use1-az1': 1, 'c6in.32xlarge_use1-az6': 1, 'c6in.4xlarge_use1-az1': 5, 'c6in.4xlarge_use1-az2': 5, 'c6in.4xlarge_use1-az4': 5, 'c6in.4xlarge_use1-az6': 25, 'c6in.8xlarge_use1-az1': 1, 'c6in.8xlarge_use1-az6': 1, 'c6in.large_use1-az1': 5, 'c6in.large_use1-az2': 1, 'c6in.large_use1-az4': 1, 'c6in.large_use1-az5': 1, 'c6in.large_use1-az6': 5, 'c6in.xlarge_use1-az1': 20, 'c6in.xlarge_use1-az2': 1, 'c6in.xlarge_use1-az4': 1, 'c6in.xlarge_use1-az6': 10, 'c7a.12xlarge_use1-az1': 5, 'c7a.12xlarge_use1-az2': 5, 'c7a.12xlarge_use1-az4': 1, 'c7a.12xlarge_use1-az6': 15, 'c7a.16xlarge_use1-az1': 1, 'c7a.16xlarge_use1-az2': 1, 'c7a.16xlarge_use1-az6': 5, 'c7a.24xlarge_use1-az1': 1, 'c7a.24xlarge_use1-az2': 1, 'c7a.24xlarge_use1-az5': 1, 'c7a.24xlarge_use1-az6': 5, 'c7a.2xlarge_use1-az1': 1, 'c7a.2xlarge_use1-az2': 1, 'c7a.2xlarge_use1-az4': 25, 'c7a.2xlarge_use1-az5': 1, 'c7a.2xlarge_use1-az6': 10, 'c7a.32xlarge_use1-az1': 1, 'c7a.32xlarge_use1-az2': 1, 'c7a.32xlarge_use1-az6': 15, 'c7a.48xlarge_use1-az1': 1, 'c7a.48xlarge_use1-az2': 1, 'c7a.48xlarge_use1-az5': 1, 'c7a.48xlarge_use1-az6': 20, 'c7a.4xlarge_use1-az1': 5, 'c7a.4xlarge_use1-az2': 10, 'c7a.4xlarge_use1-az4': 5, 'c7a.4xlarge_use1-az5': 1, 'c7a.4xlarge_use1-az6': 50, 'c7a.8xlarge_use1-az1': 1, 'c7a.8xlarge_use1-az2': 1, 'c7a.8xlarge_use1-az4': 1, 'c7a.8xlarge_use1-az6': 10, 'c7a.large_use1-az1': 15, 'c7a.large_use1-az2': 25, 'c7a.large_use1-az4': 30, 'c7a.large_use1-az5': 10, 'c7a.large_use1-az6': 50, 'c7a.xlarge_use1-az1': 5, 'c7a.xlarge_use1-az2': 5, 'c7a.xlarge_use1-az4': 10, 'c7a.xlarge_use1-az5': 5, 'c7a.xlarge_use1-az6': 15, 'c7g.12xlarge_use1-az1': 15, 'c7g.12xlarge_use1-az2': 50, 'c7g.12xlarge_use1-az4': 15, 'c7g.12xlarge_use1-az5': 1, 'c7g.12xlarge_use1-az6': 50, 'c7g.16xlarge_use1-az1': 25, 'c7g.16xlarge_use1-az2': 40, 'c7g.16xlarge_use1-az4': 50, 'c7g.16xlarge_use1-az5': 10, 'c7g.16xlarge_use1-az6': 50, 'c7g.2xlarge_use1-az1': 50, 'c7g.2xlarge_use1-az2': 50, 'c7g.2xlarge_use1-az4': 50, 'c7g.2xlarge_use1-az5': 50, 'c7g.2xlarge_use1-az6': 50, 'c7g.4xlarge_use1-az1': 50, 'c7g.4xlarge_use1-az2': 50, 'c7g.4xlarge_use1-az4': 50, 'c7g.4xlarge_use1-az5': 50, 'c7g.4xlarge_use1-az6': 50, 'c7g.8xlarge_use1-az1': 50, 'c7g.8xlarge_use1-az2': 50, 'c7g.8xlarge_use1-az4': 50, 'c7g.8xlarge_use1-az5': 50, 'c7g.8xlarge_use1-az6': 50, 'c7g.large_use1-az1': 5, 'c7g.large_use1-az2': 45, 'c7g.large_use1-az4': 30, 'c7g.large_use1-az5': 10, 'c7g.large_use1-az6': 30, 'c7g.xlarge_use1-az1': 50, 'c7g.xlarge_use1-az2': 50, 'c7g.xlarge_use1-az4': 50, 'c7g.xlarge_use1-az5': 50, 'c7g.xlarge_use1-az6': 50, 'c7gd.12xlarge_use1-az1': 5, 'c7gd.12xlarge_use1-az2': 30, 'c7gd.12xlarge_use1-az4': 15, 'c7gd.12xlarge_use1-az5': 15, 'c7gd.12xlarge_use1-az6': 50, 'c7gd.16xlarge_use1-az1': 5, 'c7gd.16xlarge_use1-az2': 30, 'c7gd.16xlarge_use1-az4': 40, 'c7gd.16xlarge_use1-az5': 1, 'c7gd.16xlarge_use1-az6': 50, 'c7gd.2xlarge_use1-az1': 15, 'c7gd.2xlarge_use1-az2': 50, 'c7gd.2xlarge_use1-az4': 50, 'c7gd.2xlarge_use1-az5': 5, 'c7gd.2xlarge_use1-az6': 50, 'c7gd.4xlarge_use1-az1': 30, 'c7gd.4xlarge_use1-az2': 25, 'c7gd.4xlarge_use1-az4': 50, 'c7gd.4xlarge_use1-az5': 1, 'c7gd.4xlarge_use1-az6': 50, 'c7gd.8xlarge_use1-az1': 5, 'c7gd.8xlarge_use1-az2': 15, 'c7gd.8xlarge_use1-az4': 10, 'c7gd.8xlarge_use1-az5': 5, 'c7gd.8xlarge_use1-az6': 20, 'c7gd.large_use1-az1': 1, 'c7gd.large_use1-az2': 25, 'c7gd.large_use1-az4': 5, 'c7gd.large_use1-az5': 10, 'c7gd.large_use1-az6': 20, 'c7gd.xlarge_use1-az1': 15, 'c7gd.xlarge_use1-az2': 50, 'c7gd.xlarge_use1-az4': 5, 'c7gd.xlarge_use1-az5': 15, 'c7gd.xlarge_use1-az6': 25, 'c7gn.12xlarge_use1-az2': 1, 'c7gn.12xlarge_use1-az5': 1, 'c7gn.12xlarge_use1-az6': 1, 'c7gn.16xlarge_use1-az2': 5, 'c7gn.16xlarge_use1-az5': 5, 'c7gn.16xlarge_use1-az6': 20, 'c7gn.2xlarge_use1-az1': 1, 'c7gn.2xlarge_use1-az2': 1, 'c7gn.2xlarge_use1-az5': 1, 'c7gn.2xlarge_use1-az6': 5, 'c7gn.4xlarge_use1-az2': 50, 'c7gn.4xlarge_use1-az4': 1, 'c7gn.4xlarge_use1-az5': 1, 'c7gn.4xlarge_use1-az6': 50, 'c7gn.8xlarge_use1-az2': 1, 'c7gn.8xlarge_use1-az5': 1, 'c7gn.8xlarge_use1-az6': 5, 'c7gn.large_use1-az1': 1, 'c7gn.large_use1-az2': 10, 'c7gn.large_use1-az5': 10, 'c7gn.large_use1-az6': 10, 'c7gn.xlarge_use1-az1': 1, 'c7gn.xlarge_use1-az2': 5, 'c7gn.xlarge_use1-az5': 5, 'c7gn.xlarge_use1-az6': 5, 'c7i-flex.2xlarge_use1-az1': 50, 'c7i-flex.2xlarge_use1-az2': 50, 'c7i-flex.2xlarge_use1-az4': 50, 'c7i-flex.2xlarge_use1-az5': 15, 'c7i-flex.2xlarge_use1-az6': 50, 'c7i-flex.4xlarge_use1-az1': 1, 'c7i-flex.4xlarge_use1-az2': 1, 'c7i-flex.4xlarge_use1-az4': 1, 'c7i-flex.4xlarge_use1-az6': 5, 'c7i-flex.8xlarge_use1-az1': 1, 'c7i-flex.8xlarge_use1-az2': 1, 'c7i-flex.8xlarge_use1-az4': 1, 'c7i-flex.8xlarge_use1-az6': 5, 'c7i-flex.large_use1-az1': 40, 'c7i-flex.large_use1-az2': 50, 'c7i-flex.large_use1-az4': 10, 'c7i-flex.large_use1-az5': 1, 'c7i-flex.large_use1-az6': 50, 'c7i-flex.xlarge_use1-az1': 50, 'c7i-flex.xlarge_use1-az2': 50, 'c7i-flex.xlarge_use1-az4': 50, 'c7i-flex.xlarge_use1-az5': 5, 'c7i-flex.xlarge_use1-az6': 50, 'c7i.12xlarge_use1-az1': 5, 'c7i.12xlarge_use1-az2': 15, 'c7i.12xlarge_use1-az4': 15, 'c7i.12xlarge_use1-az6': 5, 'c7i.16xlarge_use1-az1': 1, 'c7i.16xlarge_use1-az2': 5, 'c7i.16xlarge_use1-az4': 1, 'c7i.16xlarge_use1-az6': 15, 'c7i.24xlarge_use1-az1': 5, 'c7i.24xlarge_use1-az2': 5, 'c7i.24xlarge_use1-az4': 5, 'c7i.24xlarge_use1-az5': 1, 'c7i.24xlarge_use1-az6': 15, 'c7i.2xlarge_use1-az1': 10, 'c7i.2xlarge_use1-az2': 10, 'c7i.2xlarge_use1-az4': 10, 'c7i.2xlarge_use1-az5': 5, 'c7i.2xlarge_use1-az6': 25, 'c7i.48xlarge_use1-az1': 10, 'c7i.48xlarge_use1-az2': 10, 'c7i.48xlarge_use1-az4': 5, 'c7i.48xlarge_use1-az5': 1, 'c7i.48xlarge_use1-az6': 50, 'c7i.4xlarge_use1-az1': 5, 'c7i.4xlarge_use1-az2': 5, 'c7i.4xlarge_use1-az4': 5, 'c7i.4xlarge_use1-az5': 1, 'c7i.4xlarge_use1-az6': 15, 'c7i.8xlarge_use1-az1': 1, 'c7i.8xlarge_use1-az2': 5, 'c7i.8xlarge_use1-az4': 5, 'c7i.8xlarge_use1-az6': 10, 'c7i.large_use1-az1': 45, 'c7i.large_use1-az2': 50, 'c7i.large_use1-az4': 50, 'c7i.large_use1-az5': 5, 'c7i.large_use1-az6': 50, 'c7i.xlarge_use1-az1': 5, 'c7i.xlarge_use1-az2': 10, 'c7i.xlarge_use1-az4': 5, 'c7i.xlarge_use1-az5': 1, 'c7i.xlarge_use1-az6': 5, 'c8g.12xlarge_use1-az1': 1, 'c8g.12xlarge_use1-az2': 5, 'c8g.12xlarge_use1-az4': 1, 'c8g.12xlarge_use1-az6': 25, 'c8g.16xlarge_use1-az1': 10, 'c8g.16xlarge_use1-az2': 5, 'c8g.16xlarge_use1-az4': 1, 'c8g.16xlarge_use1-az6': 50, 'c8g.24xlarge_use1-az1': 5, 'c8g.24xlarge_use1-az2': 10, 'c8g.24xlarge_use1-az4': 1, 'c8g.24xlarge_use1-az6': 25, 'c8g.2xlarge_use1-az1': 5, 'c8g.2xlarge_use1-az2': 5, 'c8g.2xlarge_use1-az4': 50, 'c8g.2xlarge_use1-az5': 1, 'c8g.2xlarge_use1-az6': 50, 'c8g.48xlarge_use1-az1': 1, 'c8g.48xlarge_use1-az2': 5, 'c8g.48xlarge_use1-az6': 50, 'c8g.4xlarge_use1-az1': 35, 'c8g.4xlarge_use1-az2': 15, 'c8g.4xlarge_use1-az4': 20, 'c8g.4xlarge_use1-az5': 10, 'c8g.4xlarge_use1-az6': 50, 'c8g.8xlarge_use1-az1': 1, 'c8g.8xlarge_use1-az2': 5, 'c8g.8xlarge_use1-az4': 5, 'c8g.8xlarge_use1-az6': 50, 'c8g.large_use1-az1': 5, 'c8g.large_use1-az2': 20, 'c8g.large_use1-az4': 5, 'c8g.large_use1-az5': 1, 'c8g.large_use1-az6': 40, 'c8g.metal-24xl_use1-az2': 1, 'c8g.metal-24xl_use1-az6': 20, 'c8g.metal-48xl_use1-az1': 1, 'c8g.metal-48xl_use1-az2': 1, 'c8g.metal-48xl_use1-az6': 50, 'c8g.xlarge_use1-az1': 5, 'c8g.xlarge_use1-az2': 30, 'c8g.xlarge_use1-az4': 5, 'c8g.xlarge_use1-az5': 1, 'c8g.xlarge_use1-az6': 50, 'c8gd.12xlarge_use1-az2': 5, 'c8gd.12xlarge_use1-az4': 5, 'c8gd.12xlarge_use1-az5': 1, 'c8gd.12xlarge_use1-az6': 5, 'c8gd.16xlarge_use1-az2': 10, 'c8gd.16xlarge_use1-az4': 10, 'c8gd.16xlarge_use1-az5': 5, 'c8gd.16xlarge_use1-az6': 50, 'c8gd.24xlarge_use1-az2': 1, 'c8gd.24xlarge_use1-az4': 5, 'c8gd.24xlarge_use1-az5': 1, 'c8gd.24xlarge_use1-az6': 5, 'c8gd.2xlarge_use1-az2': 50, 'c8gd.2xlarge_use1-az4': 50, 'c8gd.2xlarge_use1-az5': 10, 'c8gd.2xlarge_use1-az6': 50, 'c8gd.48xlarge_use1-az2': 1, 'c8gd.48xlarge_use1-az6': 15, 'c8gd.4xlarge_use1-az2': 10, 'c8gd.4xlarge_use1-az4': 30, 'c8gd.4xlarge_use1-az5': 1, 'c8gd.4xlarge_use1-az6': 50, 'c8gd.8xlarge_use1-az2': 1, 'c8gd.8xlarge_use1-az4': 1, 'c8gd.8xlarge_use1-az5': 1, 'c8gd.8xlarge_use1-az6': 5, 'c8gd.large_use1-az1': 1, 'c8gd.large_use1-az2': 40, 'c8gd.large_use1-az4': 35, 'c8gd.large_use1-az6': 50, 'c8gd.metal-24xl_use1-az2': 1, 'c8gd.metal-24xl_use1-az4': 1, 'c8gd.metal-24xl_use1-az5': 1, 'c8gd.metal-24xl_use1-az6': 5, 'c8gd.metal-48xl_use1-az2': 1, 'c8gd.metal-48xl_use1-az6': 1, 'c8gd.xlarge_use1-az1': 1, 'c8gd.xlarge_use1-az2': 20, 'c8gd.xlarge_use1-az4': 20, 'c8gd.xlarge_use1-az5': 15, 'c8gd.xlarge_use1-az6': 50, 'c8gn.2xlarge_use1-az2': 1, 'c8gn.2xlarge_use1-az4': 1, 'c8gn.2xlarge_use1-az6': 1, 'c8gn.4xlarge_use1-az2': 1, 'c8gn.4xlarge_use1-az5': 1, 'c8gn.8xlarge_use1-az2': 1, 'c8gn.8xlarge_use1-az6': 1, 'c8gn.large_use1-az6': 1, 'c8i-flex.12xlarge_use1-az6': 1, 'c8i-flex.16xlarge_use1-az6': 1, 'c8i-flex.2xlarge_use1-az2': 25, 'c8i-flex.2xlarge_use1-az4': 15, 'c8i-flex.2xlarge_use1-az6': 50, 'c8i-flex.4xlarge_use1-az2': 5, 'c8i-flex.4xlarge_use1-az4': 1, 'c8i-flex.4xlarge_use1-az6': 5, 'c8i-flex.8xlarge_use1-az6': 1, 'c8i-flex.large_use1-az4': 20, 'c8i-flex.xlarge_use1-az2': 40, 'c8i-flex.xlarge_use1-az4': 5, 'c8i-flex.xlarge_use1-az6': 50, 'c8i.12xlarge_use1-az2': 1, 'c8i.12xlarge_use1-az4': 1, 'c8i.12xlarge_use1-az6': 1, 'c8i.16xlarge_use1-az6': 1, 'c8i.24xlarge_use1-az6': 1, 'c8i.2xlarge_use1-az2': 10, 'c8i.2xlarge_use1-az4': 5, 'c8i.2xlarge_use1-az6': 20, 'c8i.32xlarge_use1-az2': 1, 'c8i.32xlarge_use1-az4': 1, 'c8i.32xlarge_use1-az6': 5, 'c8i.48xlarge_use1-az2': 1, 'c8i.48xlarge_use1-az6': 1, 'c8i.4xlarge_use1-az2': 5, 'c8i.4xlarge_use1-az4': 5, 'c8i.4xlarge_use1-az6': 5, 'c8i.8xlarge_use1-az2': 1, 'c8i.8xlarge_use1-az4': 1, 'c8i.8xlarge_use1-az6': 5, 'c8i.96xlarge_use1-az2': 1, 'c8i.96xlarge_use1-az6': 5, 'c8i.metal-48xl_use1-az2': 1, 'c8i.metal-96xl_use1-az2': 1, 'c8i.metal-96xl_use1-az6': 5, 'c8i.xlarge_use1-az2': 50, 'c8i.xlarge_use1-az4': 15, 'c8i.xlarge_use1-az6': 50, 'd2.2xlarge_use1-az1': 1, 'd2.2xlarge_use1-az6': 1, 'd2.4xlarge_use1-az2': 1, 'd2.4xlarge_use1-az6': 1, 'd2.xlarge_use1-az6': 1, 'd3.2xlarge_use1-az1': 15, 'd3.2xlarge_use1-az2': 45, 'd3.2xlarge_use1-az4': 40, 'd3.2xlarge_use1-az6': 35, 'd3.4xlarge_use1-az1': 1, 'd3.4xlarge_use1-az2': 5, 'd3.4xlarge_use1-az4': 15, 'd3.4xlarge_use1-az6': 5, 'd3.8xlarge_use1-az1': 1, 'd3.8xlarge_use1-az2': 40, 'd3.8xlarge_use1-az4': 35, 'd3.8xlarge_use1-az6': 20, 'd3.xlarge_use1-az1': 10, 'd3.xlarge_use1-az2': 50, 'd3.xlarge_use1-az4': 45, 'd3.xlarge_use1-az6': 25, 'd3en.12xlarge_use1-az1': 1, 'd3en.12xlarge_use1-az2': 10, 'd3en.12xlarge_use1-az4': 20, 'd3en.12xlarge_use1-az6': 50, 'd3en.2xlarge_use1-az1': 5, 'd3en.2xlarge_use1-az2': 25, 'd3en.2xlarge_use1-az4': 15, 'd3en.2xlarge_use1-az6': 50, 'd3en.4xlarge_use1-az1': 1, 'd3en.4xlarge_use1-az2': 5, 'd3en.4xlarge_use1-az4': 10, 'd3en.4xlarge_use1-az6': 50, 'd3en.6xlarge_use1-az1': 1, 'd3en.6xlarge_use1-az2': 5, 'd3en.6xlarge_use1-az4': 15, 'd3en.6xlarge_use1-az6': 50, 'd3en.8xlarge_use1-az1': 1, 'd3en.8xlarge_use1-az2': 15, 'd3en.8xlarge_use1-az4': 5, 'd3en.8xlarge_use1-az6': 50, 'd3en.xlarge_use1-az1': 5, 'd3en.xlarge_use1-az2': 50, 'd3en.xlarge_use1-az4': 30, 'd3en.xlarge_use1-az6': 50, 'f2.12xlarge_use1-az2': 1, 'f2.12xlarge_use1-az4': 1, 'f2.12xlarge_use1-az6': 1, 'f2.48xlarge_use1-az2': 5, 'f2.48xlarge_use1-az4': 5, 'f2.48xlarge_use1-az6': 1, 'g4ad.16xlarge_use1-az1': 5, 'g4ad.16xlarge_use1-az2': 5, 'g4ad.16xlarge_use1-az4': 5, 'g4ad.16xlarge_use1-az6': 10, 'g4ad.2xlarge_use1-az1': 5, 'g4ad.2xlarge_use1-az2': 10, 'g4ad.2xlarge_use1-az4': 10, 'g4ad.2xlarge_use1-az6': 10, 'g4ad.4xlarge_use1-az1': 10, 'g4ad.4xlarge_use1-az2': 15, 'g4ad.4xlarge_use1-az4': 15, 'g4ad.4xlarge_use1-az6': 5, 'g4ad.8xlarge_use1-az1': 1, 'g4ad.8xlarge_use1-az2': 5, 'g4ad.8xlarge_use1-az4': 5, 'g4ad.8xlarge_use1-az6': 5, 'g4ad.xlarge_use1-az1': 20, 'g4ad.xlarge_use1-az2': 20, 'g4ad.xlarge_use1-az4': 25, 'g4ad.xlarge_use1-az6': 20, 'g4dn.12xlarge_use1-az1': 5, 'g4dn.12xlarge_use1-az2': 15, 'g4dn.12xlarge_use1-az4': 15, 'g4dn.12xlarge_use1-az5': 15, 'g4dn.12xlarge_use1-az6': 50, 'g4dn.16xlarge_use1-az1': 1, 'g4dn.16xlarge_use1-az2': 10, 'g4dn.16xlarge_use1-az4': 1, 'g4dn.16xlarge_use1-az5': 5, 'g4dn.16xlarge_use1-az6': 15, 'g4dn.2xlarge_use1-az1': 45, 'g4dn.2xlarge_use1-az2': 50, 'g4dn.2xlarge_use1-az4': 50, 'g4dn.2xlarge_use1-az5': 50, 'g4dn.2xlarge_use1-az6': 50, 'g4dn.4xlarge_use1-az1': 5, 'g4dn.4xlarge_use1-az2': 40, 'g4dn.4xlarge_use1-az4': 25, 'g4dn.4xlarge_use1-az5': 40, 'g4dn.4xlarge_use1-az6': 40, 'g4dn.8xlarge_use1-az1': 1, 'g4dn.8xlarge_use1-az2': 1, 'g4dn.8xlarge_use1-az4': 10, 'g4dn.8xlarge_use1-az5': 1, 'g4dn.8xlarge_use1-az6': 5, 'g4dn.xlarge_use1-az1': 50, 'g4dn.xlarge_use1-az2': 50, 'g4dn.xlarge_use1-az4': 50, 'g4dn.xlarge_use1-az5': 50, 'g4dn.xlarge_use1-az6': 50, 'g5.12xlarge_use1-az2': 1, 'g5.12xlarge_use1-az5': 10, 'g5.12xlarge_use1-az6': 5, 'g5.16xlarge_use1-az1': 1, 'g5.16xlarge_use1-az2': 1, 'g5.16xlarge_use1-az4': 5, 'g5.16xlarge_use1-az5': 5, 'g5.16xlarge_use1-az6': 10, 'g5.24xlarge_use1-az1': 1, 'g5.24xlarge_use1-az2': 1, 'g5.24xlarge_use1-az4': 1, 'g5.24xlarge_use1-az5': 1, 'g5.24xlarge_use1-az6': 5, 'g5.2xlarge_use1-az1': 25, 'g5.2xlarge_use1-az2': 15, 'g5.2xlarge_use1-az4': 15, 'g5.2xlarge_use1-az5': 50, 'g5.2xlarge_use1-az6': 45, 'g5.48xlarge_use1-az2': 1, 'g5.48xlarge_use1-az5': 5, 'g5.48xlarge_use1-az6': 25, 'g5.4xlarge_use1-az1': 1, 'g5.4xlarge_use1-az2': 50, 'g5.4xlarge_use1-az4': 50, 'g5.4xlarge_use1-az5': 40, 'g5.4xlarge_use1-az6': 50, 'g5.8xlarge_use1-az1': 1, 'g5.8xlarge_use1-az2': 5, 'g5.8xlarge_use1-az4': 10, 'g5.8xlarge_use1-az5': 20, 'g5.8xlarge_use1-az6': 10, 'g5.xlarge_use1-az1': 25, 'g5.xlarge_use1-az2': 50, 'g5.xlarge_use1-az4': 50, 'g5.xlarge_use1-az5': 50, 'g5.xlarge_use1-az6': 50, 'g5g.16xlarge_use1-az1': 1, 'g5g.16xlarge_use1-az6': 5, 'g5g.4xlarge_use1-az6': 1, 'g5g.8xlarge_use1-az1': 1, 'g5g.8xlarge_use1-az4': 1, 'g5g.8xlarge_use1-az6': 1, 'g5g.xlarge_use1-az1': 1, 'g5g.xlarge_use1-az2': 1, 'g5g.xlarge_use1-az4': 1, 'g5g.xlarge_use1-az6': 5, 'g6.12xlarge_use1-az1': 5, 'g6.12xlarge_use1-az2': 1, 'g6.12xlarge_use1-az4': 30, 'g6.12xlarge_use1-az6': 50, 'g6.16xlarge_use1-az1': 1, 'g6.16xlarge_use1-az2': 1, 'g6.16xlarge_use1-az4': 1, 'g6.16xlarge_use1-az6': 5, 'g6.24xlarge_use1-az2': 1, 'g6.24xlarge_use1-az4': 1, 'g6.24xlarge_use1-az6': 1, 'g6.2xlarge_use1-az1': 10, 'g6.2xlarge_use1-az2': 25, 'g6.2xlarge_use1-az4': 50, 'g6.2xlarge_use1-az6': 50, 'g6.48xlarge_use1-az2': 5, 'g6.48xlarge_use1-az4': 30, 'g6.48xlarge_use1-az6': 50, 'g6.4xlarge_use1-az1': 5, 'g6.4xlarge_use1-az2': 10, 'g6.4xlarge_use1-az4': 35, 'g6.4xlarge_use1-az6': 50, 'g6.8xlarge_use1-az1': 5, 'g6.8xlarge_use1-az2': 5, 'g6.8xlarge_use1-az4': 10, 'g6.8xlarge_use1-az6': 15, 'g6.xlarge_use1-az1': 5, 'g6.xlarge_use1-az2': 5, 'g6.xlarge_use1-az4': 5, 'g6.xlarge_use1-az6': 5, 'g6e.16xlarge_use1-az1': 10, 'g6e.16xlarge_use1-az2': 15, 'g6e.16xlarge_use1-az4': 40, 'g6e.16xlarge_use1-az6': 20, 'g6e.2xlarge_use1-az1': 10, 'g6e.2xlarge_use1-az2': 1, 'g6e.2xlarge_use1-az4': 10, 'g6e.2xlarge_use1-az6': 5, 'g6e.48xlarge_use1-az4': 5, 'g6e.48xlarge_use1-az6': 1, 'g6e.4xlarge_use1-az1': 1, 'g6e.4xlarge_use1-az4': 5, 'g6e.4xlarge_use1-az6': 1, 'g6e.8xlarge_use1-az1': 1, 'g6e.8xlarge_use1-az2': 1, 'g6e.8xlarge_use1-az4': 1, 'g6e.8xlarge_use1-az6': 1, 'g6e.xlarge_use1-az1': 1, 'g6e.xlarge_use1-az6': 1, 'g6f.2xlarge_use1-az1': 1, 'g6f.2xlarge_use1-az4': 1, 'g6f.2xlarge_use1-az6': 5, 'g6f.4xlarge_use1-az1': 1, 'g6f.4xlarge_use1-az4': 1, 'g6f.4xlarge_use1-az6': 1, 'g6f.large_use1-az1': 10, 'g6f.large_use1-az2': 15, 'g6f.large_use1-az4': 40, 'g6f.large_use1-az6': 20, 'g6f.xlarge_use1-az1': 1, 'g6f.xlarge_use1-az2': 1, 'g6f.xlarge_use1-az4': 5, 'g6f.xlarge_use1-az6': 10, 'gr6.4xlarge_use1-az2': 1, 'gr6.4xlarge_use1-az4': 1, 'gr6.4xlarge_use1-az6': 1, 'gr6.8xlarge_use1-az1': 1, 'gr6.8xlarge_use1-az2': 1, 'gr6.8xlarge_use1-az4': 1, 'gr6.8xlarge_use1-az6': 1, 'i2.2xlarge_use1-az2': 10, 'i2.2xlarge_use1-az3': 5, 'i2.2xlarge_use1-az4': 10, 'i2.2xlarge_use1-az6': 5, 'i2.4xlarge_use1-az1': 1, 'i2.4xlarge_use1-az2': 10, 'i2.4xlarge_use1-az3': 1, 'i2.4xlarge_use1-az4': 10, 'i2.4xlarge_use1-az6': 5, 'i2.8xlarge_use1-az2': 1, 'i2.8xlarge_use1-az3': 1, 'i2.8xlarge_use1-az6': 1, 'i2.xlarge_use1-az1': 1, 'i2.xlarge_use1-az2': 15, 'i2.xlarge_use1-az3': 1, 'i2.xlarge_use1-az4': 20, 'i2.xlarge_use1-az6': 15, 'i3.16xlarge_use1-az1': 20, 'i3.16xlarge_use1-az2': 50, 'i3.16xlarge_use1-az3': 10, 'i3.16xlarge_use1-az4': 50, 'i3.16xlarge_use1-az5': 10, 'i3.16xlarge_use1-az6': 45, 'i3.2xlarge_use1-az1': 50, 'i3.2xlarge_use1-az2': 50, 'i3.2xlarge_use1-az3': 50, 'i3.2xlarge_use1-az4': 50, 'i3.2xlarge_use1-az5': 50, 'i3.2xlarge_use1-az6': 50, 'i3.4xlarge_use1-az1': 50, 'i3.4xlarge_use1-az2': 50, 'i3.4xlarge_use1-az3': 50, 'i3.4xlarge_use1-az4': 50, 'i3.4xlarge_use1-az5': 50, 'i3.4xlarge_use1-az6': 50, 'i3.8xlarge_use1-az1': 50, 'i3.8xlarge_use1-az2': 50, 'i3.8xlarge_use1-az3': 50, 'i3.8xlarge_use1-az4': 50, 'i3.8xlarge_use1-az5': 25, 'i3.8xlarge_use1-az6': 50, 'i3.large_use1-az1': 50, 'i3.large_use1-az2': 50, 'i3.large_use1-az3': 50, 'i3.large_use1-az4': 50, 'i3.large_use1-az5': 50, 'i3.large_use1-az6': 50, 'i3.xlarge_use1-az1': 50, 'i3.xlarge_use1-az2': 50, 'i3.xlarge_use1-az3': 50, 'i3.xlarge_use1-az4': 50, 'i3.xlarge_use1-az5': 50, 'i3.xlarge_use1-az6': 50, 'i3en.12xlarge_use1-az1': 1, 'i3en.12xlarge_use1-az2': 1, 'i3en.12xlarge_use1-az6': 50, 'i3en.24xlarge_use1-az6': 20, 'i3en.2xlarge_use1-az1': 50, 'i3en.2xlarge_use1-az2': 50, 'i3en.2xlarge_use1-az4': 30, 'i3en.2xlarge_use1-az5': 50, 'i3en.2xlarge_use1-az6': 50, 'i3en.3xlarge_use1-az1': 50, 'i3en.3xlarge_use1-az2': 50, 'i3en.3xlarge_use1-az4': 50, 'i3en.3xlarge_use1-az5': 50, 'i3en.3xlarge_use1-az6': 50, 'i3en.6xlarge_use1-az1': 10, 'i3en.6xlarge_use1-az2': 20, 'i3en.6xlarge_use1-az4': 10, 'i3en.6xlarge_use1-az6': 50, 'i3en.large_use1-az1': 50, 'i3en.large_use1-az2': 50, 'i3en.large_use1-az4': 45, 'i3en.large_use1-az5': 35, 'i3en.large_use1-az6': 50, 'i3en.xlarge_use1-az1': 50, 'i3en.xlarge_use1-az2': 50, 'i3en.xlarge_use1-az4': 50, 'i3en.xlarge_use1-az5': 50, 'i3en.xlarge_use1-az6': 50, 'i4g.16xlarge_use1-az2': 1, 'i4g.16xlarge_use1-az4': 1, 'i4g.16xlarge_use1-az5': 50, 'i4g.16xlarge_use1-az6': 50, 'i4g.2xlarge_use1-az2': 10, 'i4g.2xlarge_use1-az4': 15, 'i4g.2xlarge_use1-az5': 40, 'i4g.2xlarge_use1-az6': 50, 'i4g.4xlarge_use1-az2': 25, 'i4g.4xlarge_use1-az4': 30, 'i4g.4xlarge_use1-az5': 50, 'i4g.4xlarge_use1-az6': 50, 'i4g.8xlarge_use1-az5': 45, 'i4g.8xlarge_use1-az6': 15, 'i4g.large_use1-az1': 5, 'i4g.large_use1-az2': 5, 'i4g.large_use1-az4': 5, 'i4g.large_use1-az5': 25, 'i4g.large_use1-az6': 50, 'i4g.xlarge_use1-az2': 10, 'i4g.xlarge_use1-az4': 1, 'i4g.xlarge_use1-az5': 50, 'i4g.xlarge_use1-az6': 50, 'i4i.12xlarge_use1-az2': 5, 'i4i.16xlarge_use1-az1': 1, 'i4i.16xlarge_use1-az2': 1, 'i4i.16xlarge_use1-az4': 1, 'i4i.16xlarge_use1-az6': 1, 'i4i.24xlarge_use1-az2': 1, 'i4i.2xlarge_use1-az1': 15, 'i4i.2xlarge_use1-az2': 50, 'i4i.2xlarge_use1-az4': 50, 'i4i.2xlarge_use1-az5': 1, 'i4i.2xlarge_use1-az6': 50, 'i4i.4xlarge_use1-az1': 1, 'i4i.4xlarge_use1-az2': 35, 'i4i.4xlarge_use1-az4': 1, 'i4i.4xlarge_use1-az6': 15, 'i4i.8xlarge_use1-az1': 1, 'i4i.8xlarge_use1-az2': 40, 'i4i.8xlarge_use1-az6': 5, 'i4i.large_use1-az1': 50, 'i4i.large_use1-az2': 50, 'i4i.large_use1-az4': 50, 'i4i.large_use1-az5': 50, 'i4i.large_use1-az6': 50, 'i4i.xlarge_use1-az1': 50, 'i4i.xlarge_use1-az2': 50, 'i4i.xlarge_use1-az4': 50, 'i4i.xlarge_use1-az5': 50, 'i4i.xlarge_use1-az6': 50, 'i7i.12xlarge_use1-az1': 1, 'i7i.12xlarge_use1-az2': 1, 'i7i.12xlarge_use1-az4': 1, 'i7i.12xlarge_use1-az5': 1, 'i7i.12xlarge_use1-az6': 1, 'i7i.16xlarge_use1-az2': 1, 'i7i.16xlarge_use1-az4': 5, 'i7i.16xlarge_use1-az5': 1, 'i7i.16xlarge_use1-az6': 1, 'i7i.24xlarge_use1-az2': 1, 'i7i.24xlarge_use1-az4': 1, 'i7i.24xlarge_use1-az5': 1, 'i7i.24xlarge_use1-az6': 1, 'i7i.2xlarge_use1-az1': 1, 'i7i.2xlarge_use1-az2': 50, 'i7i.2xlarge_use1-az4': 45, 'i7i.2xlarge_use1-az5': 20, 'i7i.2xlarge_use1-az6': 10, 'i7i.48xlarge_use1-az2': 1, 'i7i.4xlarge_use1-az1': 1, 'i7i.4xlarge_use1-az2': 15, 'i7i.4xlarge_use1-az4': 20, 'i7i.4xlarge_use1-az5': 5, 'i7i.4xlarge_use1-az6': 20, 'i7i.8xlarge_use1-az1': 1, 'i7i.8xlarge_use1-az2': 1, 'i7i.8xlarge_use1-az4': 5, 'i7i.8xlarge_use1-az5': 1, 'i7i.8xlarge_use1-az6': 1, 'i7i.metal-24xl_use1-az2': 1, 'i7i.metal-24xl_use1-az4': 50, 'i7i.metal-24xl_use1-az6': 35, 'i7i.xlarge_use1-az1': 1, 'i7i.xlarge_use1-az6': 20, 'i7ie.12xlarge_use1-az1': 1, 'i7ie.12xlarge_use1-az4': 1, 'i7ie.12xlarge_use1-az6': 30, 'i7ie.18xlarge_use1-az4': 1, 'i7ie.18xlarge_use1-az6': 20, 'i7ie.24xlarge_use1-az1': 1, 'i7ie.24xlarge_use1-az2': 1, 'i7ie.24xlarge_use1-az4': 1, 'i7ie.24xlarge_use1-az6': 50, 'i7ie.2xlarge_use1-az1': 5, 'i7ie.2xlarge_use1-az2': 1, 'i7ie.2xlarge_use1-az4': 15, 'i7ie.2xlarge_use1-az6': 35, 'i7ie.3xlarge_use1-az1': 5, 'i7ie.3xlarge_use1-az2': 1, 'i7ie.3xlarge_use1-az4': 5, 'i7ie.3xlarge_use1-az6': 30, 'i7ie.48xlarge_use1-az6': 50, 'i7ie.6xlarge_use1-az1': 25, 'i7ie.6xlarge_use1-az4': 20, 'i7ie.6xlarge_use1-az6': 50, 'i7ie.large_use1-az1': 45, 'i7ie.large_use1-az2': 15, 'i7ie.large_use1-az4': 50, 'i7ie.large_use1-az6': 50, 'i7ie.metal-24xl_use1-az4': 1, 'i7ie.metal-24xl_use1-az6': 15, 'i7ie.metal-48xl_use1-az6': 10, 'i7ie.xlarge_use1-az1': 10, 'i7ie.xlarge_use1-az2': 25, 'i7ie.xlarge_use1-az4': 45, 'i7ie.xlarge_use1-az6': 50, 'i8g.12xlarge_use1-az6': 1, 'i8g.24xlarge_use1-az6': 10, 'i8g.2xlarge_use1-az2': 1, 'i8g.4xlarge_use1-az2': 1, 'i8g.8xlarge_use1-az6': 5, 'i8g.large_use1-az2': 10, 'i8g.large_use1-az6': 5, 'i8g.xlarge_use1-az2': 1, 'i8g.xlarge_use1-az4': 1, 'i8g.xlarge_use1-az6': 1, 'i8ge.12xlarge_use1-az4': 1, 'i8ge.12xlarge_use1-az6': 5, 'i8ge.18xlarge_use1-az2': 1, 'i8ge.18xlarge_use1-az4': 1, 'i8ge.18xlarge_use1-az6': 5, 'i8ge.24xlarge_use1-az4': 1, 'i8ge.24xlarge_use1-az6': 5, 'i8ge.2xlarge_use1-az4': 10, 'i8ge.3xlarge_use1-az2': 1, 'i8ge.3xlarge_use1-az4': 5, 'i8ge.48xlarge_use1-az4': 5, 'i8ge.6xlarge_use1-az2': 1, 'i8ge.6xlarge_use1-az4': 1, 'i8ge.large_use1-az2': 5, 'i8ge.large_use1-az4': 50, 'i8ge.metal-24xl_use1-az4': 1, 'i8ge.metal-48xl_use1-az6': 1, 'i8ge.xlarge_use1-az4': 20, 'im4gn.16xlarge_use1-az4': 45, 'im4gn.2xlarge_use1-az1': 10, 'im4gn.2xlarge_use1-az4': 20, 'im4gn.2xlarge_use1-az6': 15, 'im4gn.4xlarge_use1-az1': 5, 'im4gn.4xlarge_use1-az4': 15, 'im4gn.8xlarge_use1-az1': 1, 'im4gn.8xlarge_use1-az4': 5, 'im4gn.large_use1-az1': 35, 'im4gn.large_use1-az2': 10, 'im4gn.large_use1-az4': 50, 'im4gn.large_use1-az6': 10, 'im4gn.xlarge_use1-az1': 25, 'im4gn.xlarge_use1-az2': 50, 'im4gn.xlarge_use1-az4': 30, 'im4gn.xlarge_use1-az6': 40, 'inf1.24xlarge_use1-az1': 1, 'inf1.24xlarge_use1-az2': 1, 'inf1.24xlarge_use1-az4': 10, 'inf1.24xlarge_use1-az5': 5, 'inf1.24xlarge_use1-az6': 20, 'inf1.2xlarge_use1-az1': 15, 'inf1.2xlarge_use1-az2': 15, 'inf1.2xlarge_use1-az4': 30, 'inf1.2xlarge_use1-az5': 40, 'inf1.2xlarge_use1-az6': 40, 'inf1.6xlarge_use1-az1': 1, 'inf1.6xlarge_use1-az2': 1, 'inf1.6xlarge_use1-az4': 5, 'inf1.6xlarge_use1-az5': 5, 'inf1.6xlarge_use1-az6': 10, 'inf1.xlarge_use1-az1': 50, 'inf1.xlarge_use1-az2': 50, 'inf1.xlarge_use1-az4': 40, 'inf1.xlarge_use1-az5': 50, 'inf1.xlarge_use1-az6': 50, 'inf2.24xlarge_use1-az4': 1, 'inf2.24xlarge_use1-az6': 10, 'inf2.48xlarge_use1-az6': 15, 'inf2.8xlarge_use1-az2': 5, 'inf2.8xlarge_use1-az4': 5, 'inf2.8xlarge_use1-az5': 1, 'inf2.8xlarge_use1-az6': 1, 'inf2.xlarge_use1-az2': 5, 'inf2.xlarge_use1-az4': 1, 'inf2.xlarge_use1-az6': 50, 'is4gen.2xlarge_use1-az1': 1, 'is4gen.2xlarge_use1-az2': 50, 'is4gen.2xlarge_use1-az4': 50, 'is4gen.2xlarge_use1-az6': 50, 'is4gen.4xlarge_use1-az1': 1, 'is4gen.8xlarge_use1-az1': 1, 'is4gen.8xlarge_use1-az4': 1, 'is4gen.large_use1-az1': 5, 'is4gen.large_use1-az2': 1, 'is4gen.large_use1-az4': 10, 'is4gen.large_use1-az6': 15, 'is4gen.medium_use1-az1': 50, 'is4gen.medium_use1-az2': 25, 'is4gen.medium_use1-az4': 40, 'is4gen.medium_use1-az6': 30, 'is4gen.xlarge_use1-az1': 1, 'is4gen.xlarge_use1-az2': 1, 'is4gen.xlarge_use1-az4': 15, 'is4gen.xlarge_use1-az6': 1, 'm1.large_use1-az1': 5, 'm1.large_use1-az2': 25, 'm1.large_use1-az4': 20, 'm1.large_use1-az6': 15, 'm1.xlarge_use1-az1': 1, 'm1.xlarge_use1-az2': 10, 'm1.xlarge_use1-az4': 10, 'm1.xlarge_use1-az6': 10, 'm2.2xlarge_use1-az1': 5, 'm2.2xlarge_use1-az2': 10, 'm2.2xlarge_use1-az4': 15, 'm2.2xlarge_use1-az6': 5, 'm2.4xlarge_use1-az1': 1, 'm2.4xlarge_use1-az2': 5, 'm2.4xlarge_use1-az4': 5, 'm2.4xlarge_use1-az6': 5, 'm2.xlarge_use1-az1': 5, 'm2.xlarge_use1-az2': 20, 'm2.xlarge_use1-az4': 20, 'm2.xlarge_use1-az6': 15, 'm3.2xlarge_use1-az2': 25, 'm3.2xlarge_use1-az3': 1, 'm3.2xlarge_use1-az4': 40, 'm3.2xlarge_use1-az6': 45, 'm3.large_use1-az2': 50, 'm3.large_use1-az3': 1, 'm3.large_use1-az4': 50, 'm3.large_use1-az6': 50, 'm3.xlarge_use1-az2': 50, 'm3.xlarge_use1-az3': 1, 'm3.xlarge_use1-az4': 50, 'm3.xlarge_use1-az6': 50, 'm4.10xlarge_use1-az1': 5, 'm4.10xlarge_use1-az2': 10, 'm4.10xlarge_use1-az3': 1, 'm4.10xlarge_use1-az4': 50, 'm4.10xlarge_use1-az5': 1, 'm4.10xlarge_use1-az6': 50, 'm4.2xlarge_use1-az1': 5, 'm4.2xlarge_use1-az2': 20, 'm4.2xlarge_use1-az3': 50, 'm4.2xlarge_use1-az4': 20, 'm4.2xlarge_use1-az5': 1, 'm4.2xlarge_use1-az6': 25, 'm4.4xlarge_use1-az1': 50, 'm4.4xlarge_use1-az2': 50, 'm4.4xlarge_use1-az3': 50, 'm4.4xlarge_use1-az4': 25, 'm4.4xlarge_use1-az5': 10, 'm4.4xlarge_use1-az6': 15, 'm4.large_use1-az1': 30, 'm4.large_use1-az2': 50, 'm4.large_use1-az3': 25, 'm4.large_use1-az4': 50, 'm4.large_use1-az5': 10, 'm4.large_use1-az6': 50, 'm4.xlarge_use1-az1': 15, 'm4.xlarge_use1-az2': 50, 'm4.xlarge_use1-az3': 50, 'm4.xlarge_use1-az4': 50, 'm4.xlarge_use1-az5': 30, 'm4.xlarge_use1-az6': 50, 'm5.12xlarge_use1-az1': 5, 'm5.12xlarge_use1-az2': 25, 'm5.12xlarge_use1-az4': 50, 'm5.12xlarge_use1-az5': 1, 'm5.12xlarge_use1-az6': 40, 'm5.16xlarge_use1-az1': 10, 'm5.16xlarge_use1-az2': 50, 'm5.16xlarge_use1-az4': 50, 'm5.16xlarge_use1-az5': 1, 'm5.16xlarge_use1-az6': 50, 'm5.24xlarge_use1-az1': 5, 'm5.24xlarge_use1-az2': 5, 'm5.24xlarge_use1-az4': 5, 'm5.24xlarge_use1-az5': 1, 'm5.24xlarge_use1-az6': 35, 'm5.2xlarge_use1-az1': 50, 'm5.2xlarge_use1-az2': 50, 'm5.2xlarge_use1-az4': 50, 'm5.2xlarge_use1-az5': 50, 'm5.2xlarge_use1-az6': 50, 'm5.4xlarge_use1-az1': 50, 'm5.4xlarge_use1-az2': 50, 'm5.4xlarge_use1-az4': 50, 'm5.4xlarge_use1-az5': 10, 'm5.4xlarge_use1-az6': 50, 'm5.8xlarge_use1-az1': 50, 'm5.8xlarge_use1-az2': 40, 'm5.8xlarge_use1-az4': 50, 'm5.8xlarge_use1-az5': 1, 'm5.8xlarge_use1-az6': 50, 'm5.large_use1-az1': 50, 'm5.large_use1-az2': 50, 'm5.large_use1-az4': 50, 'm5.large_use1-az5': 50, 'm5.large_use1-az6': 50, 'm5.xlarge_use1-az1': 50, 'm5.xlarge_use1-az2': 50, 'm5.xlarge_use1-az4': 50, 'm5.xlarge_use1-az5': 50, 'm5.xlarge_use1-az6': 50, 'm5a.12xlarge_use1-az2': 1, 'm5a.12xlarge_use1-az4': 1, 'm5a.12xlarge_use1-az6': 1, 'm5a.16xlarge_use1-az2': 1, 'm5a.16xlarge_use1-az4': 1, 'm5a.16xlarge_use1-az6': 1, 'm5a.24xlarge_use1-az1': 1, 'm5a.24xlarge_use1-az2': 1, 'm5a.24xlarge_use1-az4': 1, 'm5a.24xlarge_use1-az5': 5, 'm5a.24xlarge_use1-az6': 5, 'm5a.2xlarge_use1-az1': 10, 'm5a.2xlarge_use1-az2': 25, 'm5a.2xlarge_use1-az4': 25, 'm5a.2xlarge_use1-az5': 5, 'm5a.2xlarge_use1-az6': 45, 'm5a.4xlarge_use1-az1': 5, 'm5a.4xlarge_use1-az2': 10, 'm5a.4xlarge_use1-az4': 5, 'm5a.4xlarge_use1-az5': 10, 'm5a.4xlarge_use1-az6': 15, 'm5a.8xlarge_use1-az1': 1, 'm5a.8xlarge_use1-az2': 20, 'm5a.8xlarge_use1-az4': 20, 'm5a.8xlarge_use1-az5': 1, 'm5a.8xlarge_use1-az6': 5, 'm5a.large_use1-az1': 50, 'm5a.large_use1-az2': 50, 'm5a.large_use1-az4': 50, 'm5a.large_use1-az5': 45, 'm5a.large_use1-az6': 50, 'm5a.xlarge_use1-az1': 10, 'm5a.xlarge_use1-az2': 30, 'm5a.xlarge_use1-az4': 10, 'm5a.xlarge_use1-az5': 20, 'm5a.xlarge_use1-az6': 50, 'm5ad.12xlarge_use1-az1': 1, 'm5ad.16xlarge_use1-az1': 1, 'm5ad.16xlarge_use1-az2': 1, 'm5ad.16xlarge_use1-az4': 1, 'm5ad.16xlarge_use1-az6': 1, 'm5ad.24xlarge_use1-az1': 5, 'm5ad.24xlarge_use1-az2': 1, 'm5ad.24xlarge_use1-az4': 1, 'm5ad.24xlarge_use1-az6': 5, 'm5ad.2xlarge_use1-az1': 1, 'm5ad.2xlarge_use1-az2': 1, 'm5ad.2xlarge_use1-az4': 5, 'm5ad.2xlarge_use1-az6': 1, 'm5ad.4xlarge_use1-az1': 1, 'm5ad.4xlarge_use1-az2': 1, 'm5ad.4xlarge_use1-az4': 1, 'm5ad.4xlarge_use1-az6': 1, 'm5ad.8xlarge_use1-az2': 1, 'm5ad.large_use1-az1': 10, 'm5ad.large_use1-az2': 5, 'm5ad.large_use1-az4': 10, 'm5ad.large_use1-az5': 1, 'm5ad.large_use1-az6': 10, 'm5ad.xlarge_use1-az1': 1, 'm5ad.xlarge_use1-az2': 10, 'm5ad.xlarge_use1-az4': 5, 'm5ad.xlarge_use1-az6': 5, 'm5d.12xlarge_use1-az1': 1, 'm5d.12xlarge_use1-az2': 25, 'm5d.12xlarge_use1-az4': 30, 'm5d.12xlarge_use1-az6': 15, 'm5d.16xlarge_use1-az1': 5, 'm5d.16xlarge_use1-az2': 35, 'm5d.16xlarge_use1-az4': 20, 'm5d.16xlarge_use1-az5': 1, 'm5d.16xlarge_use1-az6': 50, 'm5d.24xlarge_use1-az1': 20, 'm5d.24xlarge_use1-az2': 15, 'm5d.24xlarge_use1-az4': 5, 'm5d.24xlarge_use1-az5': 1, 'm5d.24xlarge_use1-az6': 50, 'm5d.2xlarge_use1-az1': 5, 'm5d.2xlarge_use1-az2': 25, 'm5d.2xlarge_use1-az4': 25, 'm5d.2xlarge_use1-az6': 30, 'm5d.4xlarge_use1-az1': 5, 'm5d.4xlarge_use1-az2': 15, 'm5d.4xlarge_use1-az4': 25, 'm5d.4xlarge_use1-az6': 25, 'm5d.8xlarge_use1-az1': 1, 'm5d.8xlarge_use1-az2': 25, 'm5d.8xlarge_use1-az4': 10, 'm5d.8xlarge_use1-az5': 1, 'm5d.8xlarge_use1-az6': 10, 'm5d.large_use1-az1': 5, 'm5d.large_use1-az2': 50, 'm5d.large_use1-az4': 50, 'm5d.large_use1-az6': 50, 'm5d.xlarge_use1-az1': 50, 'm5d.xlarge_use1-az2': 50, 'm5d.xlarge_use1-az4': 50, 'm5d.xlarge_use1-az5': 1, 'm5d.xlarge_use1-az6': 50, 'm5dn.12xlarge_use1-az1': 1, 'm5dn.12xlarge_use1-az4': 1, 'm5dn.12xlarge_use1-az6': 1, 'm5dn.16xlarge_use1-az1': 1, 'm5dn.16xlarge_use1-az2': 5, 'm5dn.16xlarge_use1-az4': 1, 'm5dn.16xlarge_use1-az6': 1, 'm5dn.24xlarge_use1-az1': 1, 'm5dn.24xlarge_use1-az2': 1, 'm5dn.24xlarge_use1-az4': 1, 'm5dn.24xlarge_use1-az6': 5, 'm5dn.2xlarge_use1-az1': 10, 'm5dn.2xlarge_use1-az2': 5, 'm5dn.2xlarge_use1-az4': 5, 'm5dn.2xlarge_use1-az5': 1, 'm5dn.2xlarge_use1-az6': 15, 'm5dn.4xlarge_use1-az1': 5, 'm5dn.4xlarge_use1-az2': 5, 'm5dn.4xlarge_use1-az4': 1, 'm5dn.4xlarge_use1-az5': 1, 'm5dn.4xlarge_use1-az6': 5, 'm5dn.8xlarge_use1-az2': 1, 'm5dn.8xlarge_use1-az6': 1, 'm5dn.large_use1-az1': 35, 'm5dn.large_use1-az2': 30, 'm5dn.large_use1-az4': 40, 'm5dn.large_use1-az5': 15, 'm5dn.large_use1-az6': 50, 'm5dn.xlarge_use1-az1': 10, 'm5dn.xlarge_use1-az2': 25, 'm5dn.xlarge_use1-az4': 20, 'm5dn.xlarge_use1-az5': 1, 'm5dn.xlarge_use1-az6': 30, 'm5n.12xlarge_use1-az1': 1, 'm5n.12xlarge_use1-az2': 1, 'm5n.12xlarge_use1-az4': 1, 'm5n.12xlarge_use1-az5': 1, 'm5n.12xlarge_use1-az6': 1, 'm5n.16xlarge_use1-az2': 1, 'm5n.16xlarge_use1-az4': 1, 'm5n.16xlarge_use1-az6': 1, 'm5n.24xlarge_use1-az2': 1, 'm5n.24xlarge_use1-az4': 1, 'm5n.24xlarge_use1-az6': 1, 'm5n.2xlarge_use1-az1': 15, 'm5n.2xlarge_use1-az2': 25, 'm5n.2xlarge_use1-az4': 30, 'm5n.2xlarge_use1-az5': 5, 'm5n.2xlarge_use1-az6': 25, 'm5n.4xlarge_use1-az1': 25, 'm5n.4xlarge_use1-az2': 35, 'm5n.4xlarge_use1-az4': 50, 'm5n.4xlarge_use1-az5': 5, 'm5n.4xlarge_use1-az6': 10, 'm5n.8xlarge_use1-az1': 1, 'm5n.8xlarge_use1-az2': 1, 'm5n.8xlarge_use1-az4': 1, 'm5n.8xlarge_use1-az6': 5, 'm5n.large_use1-az1': 5, 'm5n.large_use1-az2': 15, 'm5n.large_use1-az4': 5, 'm5n.large_use1-az5': 5, 'm5n.large_use1-az6': 15, 'm5n.xlarge_use1-az1': 20, 'm5n.xlarge_use1-az2': 50, 'm5n.xlarge_use1-az4': 50, 'm5n.xlarge_use1-az5': 1, 'm5n.xlarge_use1-az6': 50, 'm5zn.12xlarge_use1-az2': 1, 'm5zn.12xlarge_use1-az4': 10, 'm5zn.12xlarge_use1-az5': 1, 'm5zn.12xlarge_use1-az6': 5, 'm5zn.2xlarge_use1-az1': 1, 'm5zn.2xlarge_use1-az2': 1, 'm5zn.2xlarge_use1-az4': 25, 'm5zn.2xlarge_use1-az5': 1, 'm5zn.2xlarge_use1-az6': 5, 'm5zn.3xlarge_use1-az1': 1, 'm5zn.3xlarge_use1-az2': 1, 'm5zn.3xlarge_use1-az4': 5, 'm5zn.3xlarge_use1-az6': 5, 'm5zn.6xlarge_use1-az4': 1, 'm5zn.6xlarge_use1-az6': 1, 'm5zn.large_use1-az1': 5, 'm5zn.large_use1-az2': 5, 'm5zn.large_use1-az4': 30, 'm5zn.large_use1-az5': 15, 'm5zn.large_use1-az6': 20, 'm5zn.xlarge_use1-az1': 1, 'm5zn.xlarge_use1-az2': 1, 'm5zn.xlarge_use1-az4': 20, 'm5zn.xlarge_use1-az5': 5, 'm5zn.xlarge_use1-az6': 5, 'm6a.12xlarge_use1-az1': 5, 'm6a.12xlarge_use1-az2': 5, 'm6a.12xlarge_use1-az4': 15, 'm6a.12xlarge_use1-az6': 10, 'm6a.16xlarge_use1-az1': 5, 'm6a.16xlarge_use1-az2': 5, 'm6a.16xlarge_use1-az4': 5, 'm6a.16xlarge_use1-az6': 5, 'm6a.24xlarge_use1-az1': 1, 'm6a.24xlarge_use1-az2': 1, 'm6a.24xlarge_use1-az4': 1, 'm6a.24xlarge_use1-az6': 1, 'm6a.2xlarge_use1-az1': 50, 'm6a.2xlarge_use1-az2': 35, 'm6a.2xlarge_use1-az4': 45, 'm6a.2xlarge_use1-az5': 15, 'm6a.2xlarge_use1-az6': 50, 'm6a.32xlarge_use1-az2': 1, 'm6a.32xlarge_use1-az4': 1, 'm6a.32xlarge_use1-az5': 1, 'm6a.32xlarge_use1-az6': 1, 'm6a.48xlarge_use1-az2': 1, 'm6a.48xlarge_use1-az4': 1, 'm6a.48xlarge_use1-az6': 1, 'm6a.4xlarge_use1-az1': 45, 'm6a.4xlarge_use1-az2': 40, 'm6a.4xlarge_use1-az4': 25, 'm6a.4xlarge_use1-az5': 5, 'm6a.4xlarge_use1-az6': 50, 'm6a.8xlarge_use1-az1': 25, 'm6a.8xlarge_use1-az2': 15, 'm6a.8xlarge_use1-az4': 50, 'm6a.8xlarge_use1-az5': 10, 'm6a.8xlarge_use1-az6': 50, 'm6a.large_use1-az1': 50, 'm6a.large_use1-az2': 50, 'm6a.large_use1-az4': 50, 'm6a.large_use1-az5': 30, 'm6a.large_use1-az6': 50, 'm6a.xlarge_use1-az1': 50, 'm6a.xlarge_use1-az2': 50, 'm6a.xlarge_use1-az4': 50, 'm6a.xlarge_use1-az5': 35, 'm6a.xlarge_use1-az6': 50, 'm6g.12xlarge_use1-az1': 1, 'm6g.12xlarge_use1-az2': 5, 'm6g.12xlarge_use1-az4': 50, 'm6g.12xlarge_use1-az6': 50, 'm6g.16xlarge_use1-az1': 1, 'm6g.16xlarge_use1-az2': 5, 'm6g.16xlarge_use1-az4': 25, 'm6g.16xlarge_use1-az6': 50, 'm6g.2xlarge_use1-az1': 15, 'm6g.2xlarge_use1-az2': 50, 'm6g.2xlarge_use1-az4': 50, 'm6g.2xlarge_use1-az5': 5, 'm6g.2xlarge_use1-az6': 50, 'm6g.4xlarge_use1-az1': 10, 'm6g.4xlarge_use1-az2': 50, 'm6g.4xlarge_use1-az4': 50, 'm6g.4xlarge_use1-az5': 10, 'm6g.4xlarge_use1-az6': 50, 'm6g.8xlarge_use1-az1': 5, 'm6g.8xlarge_use1-az2': 50, 'm6g.8xlarge_use1-az4': 50, 'm6g.8xlarge_use1-az6': 50, 'm6g.large_use1-az1': 1, 'm6g.large_use1-az2': 50, 'm6g.large_use1-az4': 50, 'm6g.large_use1-az5': 5, 'm6g.large_use1-az6': 50, 'm6g.medium_use1-az1': 5, 'm6g.medium_use1-az2': 5, 'm6g.medium_use1-az4': 10, 'm6g.medium_use1-az5': 1, 'm6g.medium_use1-az6': 15, 'm6g.xlarge_use1-az1': 50, 'm6g.xlarge_use1-az2': 50, 'm6g.xlarge_use1-az4': 50, 'm6g.xlarge_use1-az5': 50, 'm6g.xlarge_use1-az6': 50, 'm6gd.12xlarge_use1-az1': 10, 'm6gd.12xlarge_use1-az2': 40, 'm6gd.12xlarge_use1-az4': 20, 'm6gd.12xlarge_use1-az5': 5, 'm6gd.12xlarge_use1-az6': 50, 'm6gd.16xlarge_use1-az1': 5, 'm6gd.16xlarge_use1-az2': 10, 'm6gd.16xlarge_use1-az4': 10, 'm6gd.16xlarge_use1-az5': 10, 'm6gd.16xlarge_use1-az6': 35, 'm6gd.2xlarge_use1-az1': 1, 'm6gd.2xlarge_use1-az2': 50, 'm6gd.2xlarge_use1-az4': 45, 'm6gd.2xlarge_use1-az5': 1, 'm6gd.2xlarge_use1-az6': 5, 'm6gd.4xlarge_use1-az1': 1, 'm6gd.4xlarge_use1-az2': 5, 'm6gd.4xlarge_use1-az4': 5, 'm6gd.4xlarge_use1-az5': 1, 'm6gd.4xlarge_use1-az6': 15, 'm6gd.8xlarge_use1-az1': 5, 'm6gd.8xlarge_use1-az2': 10, 'm6gd.8xlarge_use1-az4': 15, 'm6gd.8xlarge_use1-az5': 1, 'm6gd.8xlarge_use1-az6': 20, 'm6gd.large_use1-az1': 1, 'm6gd.large_use1-az2': 5, 'm6gd.large_use1-az4': 5, 'm6gd.large_use1-az5': 1, 'm6gd.large_use1-az6': 15, 'm6gd.medium_use1-az1': 1, 'm6gd.medium_use1-az2': 1, 'm6gd.medium_use1-az4': 1, 'm6gd.medium_use1-az5': 5, 'm6gd.medium_use1-az6': 1, 'm6gd.xlarge_use1-az1': 1, 'm6gd.xlarge_use1-az2': 10, 'm6gd.xlarge_use1-az4': 35, 'm6gd.xlarge_use1-az5': 1, 'm6gd.xlarge_use1-az6': 15, 'm6i.12xlarge_use1-az1': 1, 'm6i.12xlarge_use1-az2': 10, 'm6i.12xlarge_use1-az4': 50, 'm6i.12xlarge_use1-az5': 1, 'm6i.12xlarge_use1-az6': 30, 'm6i.16xlarge_use1-az1': 1, 'm6i.16xlarge_use1-az2': 10, 'm6i.16xlarge_use1-az4': 5, 'm6i.16xlarge_use1-az5': 1, 'm6i.16xlarge_use1-az6': 10, 'm6i.24xlarge_use1-az2': 10, 'm6i.24xlarge_use1-az4': 5, 'm6i.24xlarge_use1-az5': 1, 'm6i.24xlarge_use1-az6': 50, 'm6i.2xlarge_use1-az1': 25, 'm6i.2xlarge_use1-az2': 50, 'm6i.2xlarge_use1-az4': 50, 'm6i.2xlarge_use1-az5': 25, 'm6i.2xlarge_use1-az6': 50, 'm6i.32xlarge_use1-az2': 1, 'm6i.32xlarge_use1-az4': 5, 'm6i.32xlarge_use1-az5': 1, 'm6i.32xlarge_use1-az6': 15, 'm6i.4xlarge_use1-az1': 15, 'm6i.4xlarge_use1-az2': 50, 'm6i.4xlarge_use1-az4': 50, 'm6i.4xlarge_use1-az5': 50, 'm6i.4xlarge_use1-az6': 50, 'm6i.8xlarge_use1-az1': 1, 'm6i.8xlarge_use1-az2': 50, 'm6i.8xlarge_use1-az4': 50, 'm6i.8xlarge_use1-az5': 20, 'm6i.8xlarge_use1-az6': 50, 'm6i.large_use1-az1': 25, 'm6i.large_use1-az2': 50, 'm6i.large_use1-az4': 50, 'm6i.large_use1-az5': 50, 'm6i.large_use1-az6': 50, 'm6i.xlarge_use1-az1': 45, 'm6i.xlarge_use1-az2': 50, 'm6i.xlarge_use1-az4': 50, 'm6i.xlarge_use1-az5': 25, 'm6i.xlarge_use1-az6': 50, 'm6id.12xlarge_use1-az1': 1, 'm6id.12xlarge_use1-az2': 1, 'm6id.12xlarge_use1-az4': 1, 'm6id.12xlarge_use1-az6': 1, 'm6id.16xlarge_use1-az1': 1, 'm6id.16xlarge_use1-az2': 1, 'm6id.16xlarge_use1-az4': 1, 'm6id.16xlarge_use1-az6': 1, 'm6id.24xlarge_use1-az1': 10, 'm6id.24xlarge_use1-az2': 15, 'm6id.24xlarge_use1-az4': 35, 'm6id.24xlarge_use1-az5': 5, 'm6id.24xlarge_use1-az6': 15, 'm6id.2xlarge_use1-az1': 5, 'm6id.2xlarge_use1-az2': 5, 'm6id.2xlarge_use1-az4': 5, 'm6id.2xlarge_use1-az5': 1, 'm6id.2xlarge_use1-az6': 5, 'm6id.32xlarge_use1-az1': 10, 'm6id.32xlarge_use1-az2': 15, 'm6id.32xlarge_use1-az4': 5, 'm6id.32xlarge_use1-az5': 1, 'm6id.32xlarge_use1-az6': 50, 'm6id.4xlarge_use1-az1': 15, 'm6id.4xlarge_use1-az2': 10, 'm6id.4xlarge_use1-az4': 5, 'm6id.4xlarge_use1-az5': 1, 'm6id.4xlarge_use1-az6': 10, 'm6id.8xlarge_use1-az1': 1, 'm6id.8xlarge_use1-az4': 5, 'm6id.8xlarge_use1-az5': 1, 'm6id.8xlarge_use1-az6': 1, 'm6id.large_use1-az1': 30, 'm6id.large_use1-az2': 35, 'm6id.large_use1-az4': 15, 'm6id.large_use1-az5': 5, 'm6id.large_use1-az6': 50, 'm6id.xlarge_use1-az1': 20, 'm6id.xlarge_use1-az2': 45, 'm6id.xlarge_use1-az4': 15, 'm6id.xlarge_use1-az5': 5, 'm6id.xlarge_use1-az6': 25, 'm6idn.12xlarge_use1-az2': 1, 'm6idn.16xlarge_use1-az4': 1, 'm6idn.24xlarge_use1-az1': 1, 'm6idn.24xlarge_use1-az2': 1, 'm6idn.24xlarge_use1-az4': 1, 'm6idn.2xlarge_use1-az1': 5, 'm6idn.2xlarge_use1-az2': 10, 'm6idn.2xlarge_use1-az4': 5, 'm6idn.2xlarge_use1-az5': 1, 'm6idn.2xlarge_use1-az6': 5, 'm6idn.32xlarge_use1-az2': 1, 'm6idn.4xlarge_use1-az1': 30, 'm6idn.4xlarge_use1-az2': 10, 'm6idn.4xlarge_use1-az4': 5, 'm6idn.4xlarge_use1-az5': 5, 'm6idn.4xlarge_use1-az6': 5, 'm6idn.large_use1-az1': 25, 'm6idn.large_use1-az2': 35, 'm6idn.large_use1-az4': 15, 'm6idn.large_use1-az5': 10, 'm6idn.large_use1-az6': 10, 'm6idn.xlarge_use1-az1': 15, 'm6idn.xlarge_use1-az2': 50, 'm6idn.xlarge_use1-az4': 20, 'm6idn.xlarge_use1-az5': 5, 'm6idn.xlarge_use1-az6': 10, 'm6in.12xlarge_use1-az4': 1, 'm6in.16xlarge_use1-az2': 1, 'm6in.16xlarge_use1-az4': 1, 'm6in.24xlarge_use1-az1': 1, 'm6in.24xlarge_use1-az2': 1, 'm6in.2xlarge_use1-az1': 10, 'm6in.2xlarge_use1-az2': 20, 'm6in.2xlarge_use1-az4': 10, 'm6in.2xlarge_use1-az5': 1, 'm6in.2xlarge_use1-az6': 5, 'm6in.4xlarge_use1-az1': 1, 'm6in.4xlarge_use1-az2': 1, 'm6in.4xlarge_use1-az5': 1, 'm6in.8xlarge_use1-az1': 1, 'm6in.8xlarge_use1-az2': 1, 'm6in.8xlarge_use1-az4': 1, 'm6in.large_use1-az1': 5, 'm6in.large_use1-az2': 10, 'm6in.large_use1-az4': 5, 'm6in.large_use1-az5': 1, 'm6in.large_use1-az6': 1, 'm6in.xlarge_use1-az1': 5, 'm6in.xlarge_use1-az2': 10, 'm6in.xlarge_use1-az4': 1, 'm7a.12xlarge_use1-az2': 1, 'm7a.12xlarge_use1-az6': 20, 'm7a.16xlarge_use1-az2': 1, 'm7a.16xlarge_use1-az6': 40, 'm7a.24xlarge_use1-az2': 1, 'm7a.24xlarge_use1-az6': 50, 'm7a.2xlarge_use1-az1': 5, 'm7a.2xlarge_use1-az2': 15, 'm7a.2xlarge_use1-az4': 10, 'm7a.2xlarge_use1-az6': 50, 'm7a.32xlarge_use1-az6': 20, 'm7a.48xlarge_use1-az6': 40, 'm7a.4xlarge_use1-az1': 10, 'm7a.4xlarge_use1-az2': 5, 'm7a.4xlarge_use1-az4': 10, 'm7a.4xlarge_use1-az6': 25, 'm7a.8xlarge_use1-az1': 1, 'm7a.8xlarge_use1-az2': 5, 'm7a.8xlarge_use1-az4': 1, 'm7a.8xlarge_use1-az6': 50, 'm7a.large_use1-az1': 15, 'm7a.large_use1-az2': 50, 'm7a.large_use1-az4': 50, 'm7a.large_use1-az5': 5, 'm7a.large_use1-az6': 50, 'm7a.medium_use1-az1': 10, 'm7a.medium_use1-az2': 50, 'm7a.medium_use1-az4': 50, 'm7a.medium_use1-az6': 50, 'm7a.xlarge_use1-az1': 5, 'm7a.xlarge_use1-az2': 40, 'm7a.xlarge_use1-az4': 50, 'm7a.xlarge_use1-az6': 50, 'm7g.12xlarge_use1-az1': 1, 'm7g.12xlarge_use1-az2': 10, 'm7g.12xlarge_use1-az4': 45, 'm7g.12xlarge_use1-az5': 1, 'm7g.12xlarge_use1-az6': 50, 'm7g.16xlarge_use1-az1': 1, 'm7g.16xlarge_use1-az2': 30, 'm7g.16xlarge_use1-az4': 35, 'm7g.16xlarge_use1-az5': 1, 'm7g.16xlarge_use1-az6': 50, 'm7g.2xlarge_use1-az1': 35, 'm7g.2xlarge_use1-az2': 50, 'm7g.2xlarge_use1-az4': 50, 'm7g.2xlarge_use1-az5': 15, 'm7g.2xlarge_use1-az6': 50, 'm7g.4xlarge_use1-az1': 10, 'm7g.4xlarge_use1-az2': 30, 'm7g.4xlarge_use1-az4': 50, 'm7g.4xlarge_use1-az5': 10, 'm7g.4xlarge_use1-az6': 50, 'm7g.8xlarge_use1-az1': 1, 'm7g.8xlarge_use1-az2': 15, 'm7g.8xlarge_use1-az4': 40, 'm7g.8xlarge_use1-az5': 1, 'm7g.8xlarge_use1-az6': 50, 'm7g.large_use1-az1': 10, 'm7g.large_use1-az2': 50, 'm7g.large_use1-az4': 50, 'm7g.large_use1-az5': 30, 'm7g.large_use1-az6': 50, 'm7g.medium_use1-az1': 30, 'm7g.medium_use1-az2': 40, 'm7g.medium_use1-az4': 50, 'm7g.medium_use1-az5': 35, 'm7g.medium_use1-az6': 50, 'm7g.metal_use1-az1': 1, 'm7g.metal_use1-az2': 25, 'm7g.metal_use1-az4': 10, 'm7g.metal_use1-az5': 1, 'm7g.metal_use1-az6': 50, 'm7g.xlarge_use1-az1': 50, 'm7g.xlarge_use1-az2': 50, 'm7g.xlarge_use1-az4': 50, 'm7g.xlarge_use1-az5': 50, 'm7g.xlarge_use1-az6': 50, 'm7gd.12xlarge_use1-az1': 5, 'm7gd.12xlarge_use1-az2': 10, 'm7gd.12xlarge_use1-az4': 1, 'm7gd.12xlarge_use1-az6': 35, 'm7gd.16xlarge_use1-az1': 1, 'm7gd.16xlarge_use1-az2': 30, 'm7gd.16xlarge_use1-az4': 1, 'm7gd.16xlarge_use1-az6': 40, 'm7gd.2xlarge_use1-az1': 15, 'm7gd.2xlarge_use1-az2': 50, 'm7gd.2xlarge_use1-az4': 15, 'm7gd.2xlarge_use1-az6': 25, 'm7gd.4xlarge_use1-az1': 5, 'm7gd.4xlarge_use1-az2': 10, 'm7gd.4xlarge_use1-az4': 1, 'm7gd.4xlarge_use1-az6': 40, 'm7gd.8xlarge_use1-az1': 10, 'm7gd.8xlarge_use1-az2': 50, 'm7gd.8xlarge_use1-az4': 30, 'm7gd.8xlarge_use1-az5': 45, 'm7gd.8xlarge_use1-az6': 50, 'm7gd.large_use1-az1': 5, 'm7gd.large_use1-az2': 50, 'm7gd.large_use1-az4': 5, 'm7gd.large_use1-az6': 50, 'm7gd.medium_use1-az1': 15, 'm7gd.medium_use1-az2': 20, 'm7gd.medium_use1-az4': 15, 'm7gd.medium_use1-az5': 20, 'm7gd.medium_use1-az6': 25, 'm7gd.metal_use1-az1': 5, 'm7gd.metal_use1-az2': 15, 'm7gd.metal_use1-az4': 1, 'm7gd.metal_use1-az6': 15, 'm7gd.xlarge_use1-az1': 5, 'm7gd.xlarge_use1-az2': 10, 'm7gd.xlarge_use1-az4': 10, 'm7gd.xlarge_use1-az5': 1, 'm7gd.xlarge_use1-az6': 25, 'm7i-flex.2xlarge_use1-az1': 50, 'm7i-flex.2xlarge_use1-az2': 50, 'm7i-flex.2xlarge_use1-az4': 15, 'm7i-flex.2xlarge_use1-az5': 10, 'm7i-flex.2xlarge_use1-az6': 50, 'm7i-flex.4xlarge_use1-az2': 5, 'm7i-flex.4xlarge_use1-az4': 5, 'm7i-flex.4xlarge_use1-az6': 25, 'm7i-flex.8xlarge_use1-az1': 1, 'm7i-flex.8xlarge_use1-az2': 5, 'm7i-flex.8xlarge_use1-az4': 5, 'm7i-flex.8xlarge_use1-az5': 1, 'm7i-flex.8xlarge_use1-az6': 10, 'm7i-flex.large_use1-az1': 20, 'm7i-flex.large_use1-az2': 50, 'm7i-flex.large_use1-az4': 25, 'm7i-flex.large_use1-az5': 25, 'm7i-flex.large_use1-az6': 50, 'm7i-flex.xlarge_use1-az1': 50, 'm7i-flex.xlarge_use1-az2': 50, 'm7i-flex.xlarge_use1-az4': 50, 'm7i-flex.xlarge_use1-az5': 15, 'm7i-flex.xlarge_use1-az6': 50, 'm7i.12xlarge_use1-az1': 1, 'm7i.12xlarge_use1-az2': 5, 'm7i.12xlarge_use1-az4': 15, 'm7i.12xlarge_use1-az6': 50, 'm7i.16xlarge_use1-az1': 5, 'm7i.16xlarge_use1-az2': 10, 'm7i.16xlarge_use1-az4': 10, 'm7i.16xlarge_use1-az6': 50, 'm7i.24xlarge_use1-az2': 5, 'm7i.24xlarge_use1-az4': 5, 'm7i.24xlarge_use1-az6': 50, 'm7i.2xlarge_use1-az1': 1, 'm7i.2xlarge_use1-az2': 50, 'm7i.2xlarge_use1-az4': 50, 'm7i.2xlarge_use1-az6': 50, 'm7i.48xlarge_use1-az1': 1, 'm7i.48xlarge_use1-az2': 5, 'm7i.48xlarge_use1-az4': 20, 'm7i.48xlarge_use1-az6': 50, 'm7i.4xlarge_use1-az1': 1, 'm7i.4xlarge_use1-az2': 25, 'm7i.4xlarge_use1-az4': 10, 'm7i.4xlarge_use1-az6': 50, 'm7i.8xlarge_use1-az1': 40, 'm7i.8xlarge_use1-az2': 20, 'm7i.8xlarge_use1-az4': 50, 'm7i.8xlarge_use1-az6': 50, 'm7i.large_use1-az1': 50, 'm7i.large_use1-az2': 50, 'm7i.large_use1-az4': 50, 'm7i.large_use1-az5': 1, 'm7i.large_use1-az6': 50, 'm7i.xlarge_use1-az1': 30, 'm7i.xlarge_use1-az2': 35, 'm7i.xlarge_use1-az4': 50, 'm7i.xlarge_use1-az6': 50, 'm8g.12xlarge_use1-az2': 10, 'm8g.12xlarge_use1-az4': 10, 'm8g.12xlarge_use1-az5': 1, 'm8g.12xlarge_use1-az6': 35, 'm8g.16xlarge_use1-az2': 5, 'm8g.16xlarge_use1-az4': 5, 'm8g.16xlarge_use1-az5': 5, 'm8g.16xlarge_use1-az6': 45, 'm8g.24xlarge_use1-az2': 5, 'm8g.24xlarge_use1-az4': 1, 'm8g.24xlarge_use1-az5': 1, 'm8g.24xlarge_use1-az6': 25, 'm8g.2xlarge_use1-az4': 10, 'm8g.2xlarge_use1-az5': 10, 'm8g.48xlarge_use1-az2': 5, 'm8g.48xlarge_use1-az4': 5, 'm8g.48xlarge_use1-az6': 20, 'm8g.4xlarge_use1-az2': 5, 'm8g.4xlarge_use1-az4': 5, 'm8g.4xlarge_use1-az5': 1, 'm8g.4xlarge_use1-az6': 40, 'm8g.8xlarge_use1-az2': 10, 'm8g.8xlarge_use1-az4': 20, 'm8g.8xlarge_use1-az5': 1, 'm8g.8xlarge_use1-az6': 40, 'm8g.large_use1-az1': 1, 'm8g.large_use1-az2': 20, 'm8g.large_use1-az6': 45, 'm8g.medium_use1-az1': 1, 'm8g.medium_use1-az2': 15, 'm8g.metal-48xl_use1-az2': 5, 'm8g.metal-48xl_use1-az6': 25, 'm8g.xlarge_use1-az1': 1, 'm8g.xlarge_use1-az5': 15, 'm8g.xlarge_use1-az6': 50, 'm8gd.16xlarge_use1-az5': 1, 'm8gd.4xlarge_use1-az2': 5, 'm8gd.4xlarge_use1-az4': 1, 'm8gd.4xlarge_use1-az6': 1, 'm8gd.8xlarge_use1-az5': 1, 'm8gd.8xlarge_use1-az6': 5, 'm8gd.large_use1-az1': 20, 'm8gd.large_use1-az2': 15, 'm8gd.large_use1-az5': 1, 'm8gd.large_use1-az6': 1, 'm8gd.medium_use1-az6': 1, 'm8gd.metal-24xl_use1-az2': 1, 'm8gd.xlarge_use1-az1': 1, 'm8gd.xlarge_use1-az5': 1, 'm8i-flex.16xlarge_use1-az6': 5, 'm8i-flex.2xlarge_use1-az2': 10, 'm8i-flex.2xlarge_use1-az4': 1, 'm8i-flex.2xlarge_use1-az6': 50, 'm8i-flex.4xlarge_use1-az2': 1, 'm8i-flex.4xlarge_use1-az4': 1, 'm8i-flex.4xlarge_use1-az6': 5, 'm8i-flex.8xlarge_use1-az6': 1, 'm8i-flex.large_use1-az2': 5, 'm8i-flex.xlarge_use1-az2': 10, 'm8i-flex.xlarge_use1-az4': 25, 'm8i-flex.xlarge_use1-az6': 50, 'm8i.12xlarge_use1-az6': 1, 'm8i.16xlarge_use1-az4': 1, 'm8i.16xlarge_use1-az6': 1, 'm8i.24xlarge_use1-az6': 1, 'm8i.2xlarge_use1-az2': 10, 'm8i.2xlarge_use1-az4': 1, 'm8i.2xlarge_use1-az6': 10, 'm8i.32xlarge_use1-az2': 1, 'm8i.32xlarge_use1-az6': 5, 'm8i.48xlarge_use1-az2': 1, 'm8i.48xlarge_use1-az6': 5, 'm8i.4xlarge_use1-az2': 5, 'm8i.4xlarge_use1-az4': 1, 'm8i.4xlarge_use1-az6': 5, 'm8i.8xlarge_use1-az2': 1, 'm8i.8xlarge_use1-az4': 1, 'm8i.8xlarge_use1-az6': 20, 'm8i.96xlarge_use1-az6': 1, 'm8i.large_use1-az4': 25, 'm8i.metal-48xl_use1-az6': 1, 'm8i.metal-96xl_use1-az6': 1, 'm8i.xlarge_use1-az2': 30, 'm8i.xlarge_use1-az4': 10, 'p3.2xlarge_use1-az1': 50, 'p3.2xlarge_use1-az2': 50, 'p3.2xlarge_use1-az5': 50, 'p3.2xlarge_use1-az6': 50, 'p3dn.24xlarge_use1-az1': 15, 'p3dn.24xlarge_use1-az6': 50, 'p4d.24xlarge_use1-az2': 1, 'p4d.24xlarge_use1-az6': 1, 'p5.48xlarge_use1-az2': 15, 'r3.2xlarge_use1-az2': 1, 'r3.2xlarge_use1-az4': 1, 'r3.2xlarge_use1-az6': 1, 'r3.4xlarge_use1-az4': 1, 'r3.4xlarge_use1-az6': 1, 'r3.8xlarge_use1-az2': 1, 'r3.8xlarge_use1-az4': 1, 'r3.8xlarge_use1-az6': 5, 'r3.large_use1-az2': 50, 'r3.large_use1-az4': 50, 'r3.large_use1-az6': 50, 'r3.xlarge_use1-az2': 40, 'r3.xlarge_use1-az4': 50, 'r3.xlarge_use1-az6': 50, 'r4.16xlarge_use1-az1': 10, 'r4.16xlarge_use1-az2': 10, 'r4.16xlarge_use1-az3': 50, 'r4.16xlarge_use1-az4': 35, 'r4.16xlarge_use1-az5': 15, 'r4.16xlarge_use1-az6': 10, 'r4.2xlarge_use1-az1': 20, 'r4.2xlarge_use1-az2': 50, 'r4.2xlarge_use1-az3': 50, 'r4.2xlarge_use1-az4': 50, 'r4.2xlarge_use1-az5': 5, 'r4.2xlarge_use1-az6': 50, 'r4.4xlarge_use1-az1': 20, 'r4.4xlarge_use1-az2': 50, 'r4.4xlarge_use1-az3': 40, 'r4.4xlarge_use1-az4': 15, 'r4.4xlarge_use1-az5': 5, 'r4.4xlarge_use1-az6': 50, 'r4.8xlarge_use1-az1': 50, 'r4.8xlarge_use1-az2': 50, 'r4.8xlarge_use1-az3': 25, 'r4.8xlarge_use1-az4': 50, 'r4.8xlarge_use1-az5': 5, 'r4.8xlarge_use1-az6': 50, 'r4.large_use1-az1': 35, 'r4.large_use1-az2': 50, 'r4.large_use1-az3': 10, 'r4.large_use1-az4': 50, 'r4.large_use1-az5': 20, 'r4.large_use1-az6': 50, 'r4.xlarge_use1-az1': 50, 'r4.xlarge_use1-az2': 50, 'r4.xlarge_use1-az3': 50, 'r4.xlarge_use1-az4': 50, 'r4.xlarge_use1-az5': 30, 'r4.xlarge_use1-az6': 50, 'r5.12xlarge_use1-az1': 5, 'r5.12xlarge_use1-az2': 5, 'r5.12xlarge_use1-az4': 50, 'r5.12xlarge_use1-az5': 5, 'r5.12xlarge_use1-az6': 5, 'r5.16xlarge_use1-az1': 5, 'r5.16xlarge_use1-az4': 35, 'r5.16xlarge_use1-az5': 30, 'r5.16xlarge_use1-az6': 5, 'r5.24xlarge_use1-az4': 15, 'r5.24xlarge_use1-az5': 5, 'r5.24xlarge_use1-az6': 5, 'r5.2xlarge_use1-az1': 50, 'r5.2xlarge_use1-az2': 50, 'r5.2xlarge_use1-az4': 50, 'r5.2xlarge_use1-az5': 5, 'r5.2xlarge_use1-az6': 50, 'r5.4xlarge_use1-az1': 50, 'r5.4xlarge_use1-az2': 50, 'r5.4xlarge_use1-az4': 50, 'r5.4xlarge_use1-az5': 5, 'r5.4xlarge_use1-az6': 50, 'r5.8xlarge_use1-az1': 50, 'r5.8xlarge_use1-az2': 50, 'r5.8xlarge_use1-az4': 50, 'r5.8xlarge_use1-az5': 5, 'r5.8xlarge_use1-az6': 5, 'r5.large_use1-az1': 50, 'r5.large_use1-az2': 50, 'r5.large_use1-az4': 50, 'r5.large_use1-az5': 50, 'r5.large_use1-az6': 50, 'r5.xlarge_use1-az1': 50, 'r5.xlarge_use1-az2': 50, 'r5.xlarge_use1-az4': 50, 'r5.xlarge_use1-az5': 50, 'r5.xlarge_use1-az6': 50, 'r5a.12xlarge_use1-az1': 1, 'r5a.12xlarge_use1-az2': 1, 'r5a.12xlarge_use1-az4': 5, 'r5a.12xlarge_use1-az6': 5, 'r5a.16xlarge_use1-az1': 10, 'r5a.16xlarge_use1-az2': 10, 'r5a.16xlarge_use1-az4': 10, 'r5a.16xlarge_use1-az5': 5, 'r5a.16xlarge_use1-az6': 5, 'r5a.24xlarge_use1-az1': 5, 'r5a.24xlarge_use1-az2': 15, 'r5a.24xlarge_use1-az4': 10, 'r5a.24xlarge_use1-az5': 1, 'r5a.24xlarge_use1-az6': 10, 'r5a.2xlarge_use1-az1': 10, 'r5a.2xlarge_use1-az2': 20, 'r5a.2xlarge_use1-az4': 35, 'r5a.2xlarge_use1-az5': 5, 'r5a.2xlarge_use1-az6': 30, 'r5a.4xlarge_use1-az1': 25, 'r5a.4xlarge_use1-az2': 50, 'r5a.4xlarge_use1-az4': 50, 'r5a.4xlarge_use1-az5': 5, 'r5a.4xlarge_use1-az6': 50, 'r5a.8xlarge_use1-az1': 25, 'r5a.8xlarge_use1-az2': 10, 'r5a.8xlarge_use1-az4': 15, 'r5a.8xlarge_use1-az5': 30, 'r5a.8xlarge_use1-az6': 20, 'r5a.large_use1-az1': 50, 'r5a.large_use1-az2': 50, 'r5a.large_use1-az4': 50, 'r5a.large_use1-az5': 25, 'r5a.large_use1-az6': 50, 'r5a.xlarge_use1-az1': 20, 'r5a.xlarge_use1-az2': 50, 'r5a.xlarge_use1-az4': 50, 'r5a.xlarge_use1-az5': 5, 'r5a.xlarge_use1-az6': 50, 'r5ad.12xlarge_use1-az2': 1, 'r5ad.16xlarge_use1-az2': 50, 'r5ad.16xlarge_use1-az4': 10, 'r5ad.16xlarge_use1-az5': 1, 'r5ad.16xlarge_use1-az6': 10, 'r5ad.24xlarge_use1-az2': 25, 'r5ad.24xlarge_use1-az4': 1, 'r5ad.24xlarge_use1-az6': 10, 'r5ad.2xlarge_use1-az1': 1, 'r5ad.2xlarge_use1-az2': 1, 'r5ad.2xlarge_use1-az4': 1, 'r5ad.2xlarge_use1-az5': 1, 'r5ad.2xlarge_use1-az6': 1, 'r5ad.4xlarge_use1-az1': 1, 'r5ad.4xlarge_use1-az2': 10, 'r5ad.4xlarge_use1-az4': 5, 'r5ad.4xlarge_use1-az5': 1, 'r5ad.4xlarge_use1-az6': 1, 'r5ad.8xlarge_use1-az2': 5, 'r5ad.8xlarge_use1-az4': 20, 'r5ad.8xlarge_use1-az5': 1, 'r5ad.8xlarge_use1-az6': 10, 'r5ad.large_use1-az1': 1, 'r5ad.large_use1-az2': 30, 'r5ad.large_use1-az4': 10, 'r5ad.large_use1-az5': 5, 'r5ad.large_use1-az6': 10, 'r5ad.xlarge_use1-az1': 1, 'r5ad.xlarge_use1-az2': 10, 'r5ad.xlarge_use1-az4': 10, 'r5ad.xlarge_use1-az5': 1, 'r5ad.xlarge_use1-az6': 5, 'r5b.12xlarge_use1-az1': 5, 'r5b.12xlarge_use1-az4': 5, 'r5b.12xlarge_use1-az6': 1, 'r5b.16xlarge_use1-az1': 5, 'r5b.16xlarge_use1-az2': 5, 'r5b.16xlarge_use1-az4': 5, 'r5b.16xlarge_use1-az6': 5, 'r5b.24xlarge_use1-az1': 1, 'r5b.24xlarge_use1-az4': 5, 'r5b.24xlarge_use1-az6': 1, 'r5b.2xlarge_use1-az1': 1, 'r5b.2xlarge_use1-az2': 1, 'r5b.2xlarge_use1-az4': 1, 'r5b.2xlarge_use1-az6': 1, 'r5b.4xlarge_use1-az1': 5, 'r5b.4xlarge_use1-az2': 5, 'r5b.4xlarge_use1-az4': 5, 'r5b.4xlarge_use1-az6': 5, 'r5b.8xlarge_use1-az1': 5, 'r5b.8xlarge_use1-az2': 1, 'r5b.8xlarge_use1-az4': 1, 'r5b.8xlarge_use1-az6': 1, 'r5b.large_use1-az1': 1, 'r5b.large_use1-az2': 5, 'r5b.large_use1-az4': 10, 'r5b.large_use1-az6': 5, 'r5b.xlarge_use1-az1': 1, 'r5b.xlarge_use1-az2': 1, 'r5b.xlarge_use1-az4': 5, 'r5b.xlarge_use1-az6': 1, 'r5d.12xlarge_use1-az1': 1, 'r5d.12xlarge_use1-az2': 5, 'r5d.12xlarge_use1-az4': 10, 'r5d.12xlarge_use1-az6': 1, 'r5d.16xlarge_use1-az1': 5, 'r5d.16xlarge_use1-az2': 50, 'r5d.16xlarge_use1-az4': 50, 'r5d.16xlarge_use1-az5': 10, 'r5d.16xlarge_use1-az6': 50, 'r5d.24xlarge_use1-az1': 1, 'r5d.24xlarge_use1-az2': 1, 'r5d.24xlarge_use1-az4': 10, 'r5d.24xlarge_use1-az5': 1, 'r5d.24xlarge_use1-az6': 10, 'r5d.2xlarge_use1-az1': 5, 'r5d.2xlarge_use1-az2': 15, 'r5d.2xlarge_use1-az4': 15, 'r5d.2xlarge_use1-az5': 1, 'r5d.2xlarge_use1-az6': 15, 'r5d.4xlarge_use1-az1': 5, 'r5d.4xlarge_use1-az2': 20, 'r5d.4xlarge_use1-az4': 45, 'r5d.4xlarge_use1-az5': 5, 'r5d.4xlarge_use1-az6': 25, 'r5d.8xlarge_use1-az1': 5, 'r5d.8xlarge_use1-az2': 15, 'r5d.8xlarge_use1-az4': 15, 'r5d.8xlarge_use1-az5': 5, 'r5d.8xlarge_use1-az6': 50, 'r5d.large_use1-az1': 10, 'r5d.large_use1-az2': 50, 'r5d.large_use1-az4': 50, 'r5d.large_use1-az5': 5, 'r5d.large_use1-az6': 50, 'r5d.xlarge_use1-az1': 1, 'r5d.xlarge_use1-az2': 15, 'r5d.xlarge_use1-az4': 15, 'r5d.xlarge_use1-az5': 1, 'r5d.xlarge_use1-az6': 10, 'r5dn.12xlarge_use1-az1': 1, 'r5dn.12xlarge_use1-az2': 1, 'r5dn.12xlarge_use1-az4': 1, 'r5dn.12xlarge_use1-az5': 1, 'r5dn.12xlarge_use1-az6': 1, 'r5dn.16xlarge_use1-az1': 5, 'r5dn.16xlarge_use1-az2': 5, 'r5dn.16xlarge_use1-az4': 15, 'r5dn.16xlarge_use1-az5': 10, 'r5dn.16xlarge_use1-az6': 30, 'r5dn.24xlarge_use1-az2': 5, 'r5dn.24xlarge_use1-az4': 10, 'r5dn.24xlarge_use1-az5': 1, 'r5dn.24xlarge_use1-az6': 25, 'r5dn.2xlarge_use1-az1': 50, 'r5dn.2xlarge_use1-az2': 45, 'r5dn.2xlarge_use1-az4': 30, 'r5dn.2xlarge_use1-az5': 50, 'r5dn.2xlarge_use1-az6': 5, 'r5dn.4xlarge_use1-az1': 5, 'r5dn.4xlarge_use1-az2': 25, 'r5dn.4xlarge_use1-az4': 45, 'r5dn.4xlarge_use1-az5': 5, 'r5dn.4xlarge_use1-az6': 20, 'r5dn.8xlarge_use1-az1': 1, 'r5dn.8xlarge_use1-az2': 5, 'r5dn.8xlarge_use1-az4': 5, 'r5dn.8xlarge_use1-az5': 5, 'r5dn.8xlarge_use1-az6': 50, 'r5dn.large_use1-az1': 50, 'r5dn.large_use1-az2': 50, 'r5dn.large_use1-az4': 50, 'r5dn.large_use1-az5': 50, 'r5dn.large_use1-az6': 50, 'r5dn.xlarge_use1-az1': 5, 'r5dn.xlarge_use1-az2': 15, 'r5dn.xlarge_use1-az4': 15, 'r5dn.xlarge_use1-az5': 15, 'r5dn.xlarge_use1-az6': 15, 'r5n.12xlarge_use1-az2': 1, 'r5n.12xlarge_use1-az4': 1, 'r5n.12xlarge_use1-az6': 1, 'r5n.16xlarge_use1-az1': 1, 'r5n.16xlarge_use1-az2': 10, 'r5n.16xlarge_use1-az4': 35, 'r5n.16xlarge_use1-az5': 1, 'r5n.16xlarge_use1-az6': 20, 'r5n.2xlarge_use1-az1': 5, 'r5n.2xlarge_use1-az2': 5, 'r5n.2xlarge_use1-az4': 15, 'r5n.2xlarge_use1-az5': 1, 'r5n.2xlarge_use1-az6': 1, 'r5n.4xlarge_use1-az1': 5, 'r5n.4xlarge_use1-az2': 25, 'r5n.4xlarge_use1-az4': 15, 'r5n.4xlarge_use1-az5': 5, 'r5n.4xlarge_use1-az6': 35, 'r5n.8xlarge_use1-az1': 10, 'r5n.8xlarge_use1-az2': 20, 'r5n.8xlarge_use1-az4': 35, 'r5n.8xlarge_use1-az6': 15, 'r5n.large_use1-az1': 20, 'r5n.large_use1-az2': 50, 'r5n.large_use1-az4': 50, 'r5n.large_use1-az5': 10, 'r5n.large_use1-az6': 30, 'r5n.xlarge_use1-az1': 1, 'r5n.xlarge_use1-az2': 10, 'r5n.xlarge_use1-az4': 15, 'r5n.xlarge_use1-az5': 1, 'r5n.xlarge_use1-az6': 20, 'r6a.12xlarge_use1-az1': 1, 'r6a.12xlarge_use1-az2': 10, 'r6a.12xlarge_use1-az4': 5, 'r6a.12xlarge_use1-az6': 10, 'r6a.16xlarge_use1-az1': 5, 'r6a.16xlarge_use1-az2': 15, 'r6a.16xlarge_use1-az4': 30, 'r6a.16xlarge_use1-az5': 15, 'r6a.16xlarge_use1-az6': 40, 'r6a.24xlarge_use1-az2': 5, 'r6a.24xlarge_use1-az4': 1, 'r6a.24xlarge_use1-az5': 1, 'r6a.24xlarge_use1-az6': 5, 'r6a.2xlarge_use1-az1': 50, 'r6a.2xlarge_use1-az2': 50, 'r6a.2xlarge_use1-az4': 40, 'r6a.2xlarge_use1-az5': 1, 'r6a.2xlarge_use1-az6': 50, 'r6a.32xlarge_use1-az2': 5, 'r6a.32xlarge_use1-az4': 5, 'r6a.32xlarge_use1-az5': 5, 'r6a.32xlarge_use1-az6': 5, 'r6a.48xlarge_use1-az2': 5, 'r6a.48xlarge_use1-az4': 5, 'r6a.48xlarge_use1-az5': 5, 'r6a.48xlarge_use1-az6': 1, 'r6a.4xlarge_use1-az1': 50, 'r6a.4xlarge_use1-az2': 50, 'r6a.4xlarge_use1-az4': 50, 'r6a.4xlarge_use1-az5': 40, 'r6a.4xlarge_use1-az6': 50, 'r6a.8xlarge_use1-az1': 20, 'r6a.8xlarge_use1-az2': 50, 'r6a.8xlarge_use1-az4': 50, 'r6a.8xlarge_use1-az5': 50, 'r6a.8xlarge_use1-az6': 50, 'r6a.large_use1-az1': 50, 'r6a.large_use1-az2': 50, 'r6a.large_use1-az4': 50, 'r6a.large_use1-az5': 50, 'r6a.large_use1-az6': 50, 'r6a.xlarge_use1-az1': 50, 'r6a.xlarge_use1-az2': 50, 'r6a.xlarge_use1-az4': 50, 'r6a.xlarge_use1-az5': 50, 'r6a.xlarge_use1-az6': 50, 'r6g.12xlarge_use1-az2': 50, 'r6g.12xlarge_use1-az4': 45, 'r6g.12xlarge_use1-az5': 10, 'r6g.12xlarge_use1-az6': 50, 'r6g.16xlarge_use1-az1': 1, 'r6g.16xlarge_use1-az2': 50, 'r6g.16xlarge_use1-az4': 50, 'r6g.16xlarge_use1-az5': 50, 'r6g.16xlarge_use1-az6': 50, 'r6g.2xlarge_use1-az1': 1, 'r6g.2xlarge_use1-az2': 25, 'r6g.2xlarge_use1-az4': 40, 'r6g.2xlarge_use1-az5': 10, 'r6g.2xlarge_use1-az6': 50, 'r6g.4xlarge_use1-az1': 10, 'r6g.4xlarge_use1-az2': 50, 'r6g.4xlarge_use1-az4': 50, 'r6g.4xlarge_use1-az5': 50, 'r6g.4xlarge_use1-az6': 50, 'r6g.8xlarge_use1-az1': 1, 'r6g.8xlarge_use1-az2': 10, 'r6g.8xlarge_use1-az4': 50, 'r6g.8xlarge_use1-az5': 50, 'r6g.8xlarge_use1-az6': 50, 'r6g.large_use1-az1': 10, 'r6g.large_use1-az2': 40, 'r6g.large_use1-az4': 50, 'r6g.large_use1-az5': 5, 'r6g.large_use1-az6': 50, 'r6g.medium_use1-az1': 1, 'r6g.medium_use1-az2': 10, 'r6g.medium_use1-az4': 15, 'r6g.medium_use1-az5': 15, 'r6g.medium_use1-az6': 35, 'r6g.xlarge_use1-az1': 1, 'r6g.xlarge_use1-az2': 50, 'r6g.xlarge_use1-az4': 50, 'r6g.xlarge_use1-az5': 50, 'r6g.xlarge_use1-az6': 50, 'r6gd.12xlarge_use1-az1': 1, 'r6gd.12xlarge_use1-az2': 5, 'r6gd.12xlarge_use1-az4': 10, 'r6gd.12xlarge_use1-az5': 1, 'r6gd.12xlarge_use1-az6': 10, 'r6gd.16xlarge_use1-az1': 5, 'r6gd.16xlarge_use1-az2': 5, 'r6gd.16xlarge_use1-az4': 50, 'r6gd.16xlarge_use1-az5': 1, 'r6gd.16xlarge_use1-az6': 45, 'r6gd.2xlarge_use1-az1': 1, 'r6gd.2xlarge_use1-az2': 20, 'r6gd.2xlarge_use1-az4': 30, 'r6gd.2xlarge_use1-az5': 1, 'r6gd.2xlarge_use1-az6': 1, 'r6gd.4xlarge_use1-az1': 5, 'r6gd.4xlarge_use1-az2': 20, 'r6gd.4xlarge_use1-az4': 50, 'r6gd.4xlarge_use1-az5': 1, 'r6gd.4xlarge_use1-az6': 25, 'r6gd.8xlarge_use1-az1': 1, 'r6gd.8xlarge_use1-az2': 10, 'r6gd.8xlarge_use1-az4': 20, 'r6gd.8xlarge_use1-az5': 1, 'r6gd.8xlarge_use1-az6': 30, 'r6gd.large_use1-az1': 50, 'r6gd.large_use1-az2': 50, 'r6gd.large_use1-az4': 50, 'r6gd.large_use1-az5': 50, 'r6gd.large_use1-az6': 50, 'r6gd.medium_use1-az1': 5, 'r6gd.medium_use1-az2': 1, 'r6gd.medium_use1-az4': 5, 'r6gd.medium_use1-az5': 5, 'r6gd.medium_use1-az6': 1, 'r6gd.xlarge_use1-az1': 1, 'r6gd.xlarge_use1-az2': 1, 'r6gd.xlarge_use1-az4': 5, 'r6gd.xlarge_use1-az6': 10, 'r6i.12xlarge_use1-az1': 5, 'r6i.12xlarge_use1-az2': 5, 'r6i.12xlarge_use1-az4': 5, 'r6i.12xlarge_use1-az5': 1, 'r6i.12xlarge_use1-az6': 10, 'r6i.16xlarge_use1-az1': 1, 'r6i.16xlarge_use1-az2': 1, 'r6i.16xlarge_use1-az4': 10, 'r6i.16xlarge_use1-az5': 10, 'r6i.16xlarge_use1-az6': 1, 'r6i.24xlarge_use1-az4': 10, 'r6i.24xlarge_use1-az5': 1, 'r6i.24xlarge_use1-az6': 5, 'r6i.2xlarge_use1-az1': 15, 'r6i.2xlarge_use1-az2': 35, 'r6i.2xlarge_use1-az4': 50, 'r6i.2xlarge_use1-az5': 5, 'r6i.2xlarge_use1-az6': 50, 'r6i.32xlarge_use1-az4': 1, 'r6i.32xlarge_use1-az5': 1, 'r6i.32xlarge_use1-az6': 1, 'r6i.4xlarge_use1-az1': 30, 'r6i.4xlarge_use1-az2': 20, 'r6i.4xlarge_use1-az4': 20, 'r6i.4xlarge_use1-az5': 10, 'r6i.4xlarge_use1-az6': 40, 'r6i.8xlarge_use1-az1': 5, 'r6i.8xlarge_use1-az2': 10, 'r6i.8xlarge_use1-az4': 10, 'r6i.8xlarge_use1-az5': 5, 'r6i.8xlarge_use1-az6': 10, 'r6i.large_use1-az1': 20, 'r6i.large_use1-az2': 50, 'r6i.large_use1-az4': 50, 'r6i.large_use1-az5': 20, 'r6i.large_use1-az6': 50, 'r6i.xlarge_use1-az1': 15, 'r6i.xlarge_use1-az2': 45, 'r6i.xlarge_use1-az4': 50, 'r6i.xlarge_use1-az5': 10, 'r6i.xlarge_use1-az6': 50, 'r6id.12xlarge_use1-az1': 1, 'r6id.12xlarge_use1-az2': 5, 'r6id.12xlarge_use1-az4': 1, 'r6id.12xlarge_use1-az6': 5, 'r6id.16xlarge_use1-az1': 5, 'r6id.16xlarge_use1-az2': 5, 'r6id.16xlarge_use1-az4': 15, 'r6id.16xlarge_use1-az5': 1, 'r6id.16xlarge_use1-az6': 20, 'r6id.24xlarge_use1-az1': 10, 'r6id.24xlarge_use1-az2': 10, 'r6id.24xlarge_use1-az4': 5, 'r6id.24xlarge_use1-az5': 15, 'r6id.24xlarge_use1-az6': 25, 'r6id.2xlarge_use1-az1': 5, 'r6id.2xlarge_use1-az2': 1, 'r6id.2xlarge_use1-az4': 10, 'r6id.2xlarge_use1-az5': 1, 'r6id.2xlarge_use1-az6': 10, 'r6id.32xlarge_use1-az1': 1, 'r6id.32xlarge_use1-az2': 5, 'r6id.32xlarge_use1-az4': 1, 'r6id.32xlarge_use1-az5': 1, 'r6id.32xlarge_use1-az6': 10, 'r6id.4xlarge_use1-az1': 40, 'r6id.4xlarge_use1-az2': 50, 'r6id.4xlarge_use1-az4': 10, 'r6id.4xlarge_use1-az5': 20, 'r6id.4xlarge_use1-az6': 35, 'r6id.8xlarge_use1-az1': 1, 'r6id.8xlarge_use1-az2': 1, 'r6id.8xlarge_use1-az4': 5, 'r6id.8xlarge_use1-az5': 1, 'r6id.8xlarge_use1-az6': 5, 'r6id.large_use1-az1': 15, 'r6id.large_use1-az2': 10, 'r6id.large_use1-az4': 5, 'r6id.large_use1-az5': 15, 'r6id.large_use1-az6': 30, 'r6id.xlarge_use1-az1': 5, 'r6id.xlarge_use1-az2': 15, 'r6id.xlarge_use1-az4': 10, 'r6id.xlarge_use1-az5': 15, 'r6id.xlarge_use1-az6': 15, 'r6idn.16xlarge_use1-az4': 1, 'r6idn.16xlarge_use1-az5': 1, 'r6idn.16xlarge_use1-az6': 1, 'r6idn.24xlarge_use1-az6': 1, 'r6idn.2xlarge_use1-az1': 1, 'r6idn.2xlarge_use1-az2': 1, 'r6idn.2xlarge_use1-az4': 5, 'r6idn.2xlarge_use1-az5': 1, 'r6idn.2xlarge_use1-az6': 5, 'r6idn.32xlarge_use1-az6': 1, 'r6idn.4xlarge_use1-az1': 15, 'r6idn.4xlarge_use1-az2': 15, 'r6idn.4xlarge_use1-az4': 15, 'r6idn.4xlarge_use1-az5': 5, 'r6idn.4xlarge_use1-az6': 10, 'r6idn.8xlarge_use1-az2': 1, 'r6idn.8xlarge_use1-az4': 1, 'r6idn.8xlarge_use1-az6': 5, 'r6idn.large_use1-az1': 1, 'r6idn.large_use1-az2': 1, 'r6idn.large_use1-az4': 5, 'r6idn.large_use1-az5': 5, 'r6idn.large_use1-az6': 5, 'r6idn.xlarge_use1-az1': 5, 'r6idn.xlarge_use1-az2': 1, 'r6idn.xlarge_use1-az4': 5, 'r6idn.xlarge_use1-az5': 1, 'r6idn.xlarge_use1-az6': 5, 'r6in.12xlarge_use1-az1': 1, 'r6in.12xlarge_use1-az6': 5, 'r6in.16xlarge_use1-az4': 1, 'r6in.16xlarge_use1-az5': 1, 'r6in.16xlarge_use1-az6': 5, 'r6in.24xlarge_use1-az6': 1, 'r6in.2xlarge_use1-az1': 1, 'r6in.2xlarge_use1-az2': 1, 'r6in.2xlarge_use1-az4': 1, 'r6in.2xlarge_use1-az5': 1, 'r6in.2xlarge_use1-az6': 1, 'r6in.4xlarge_use1-az1': 5, 'r6in.4xlarge_use1-az2': 20, 'r6in.4xlarge_use1-az4': 15, 'r6in.4xlarge_use1-az5': 20, 'r6in.4xlarge_use1-az6': 20, 'r6in.8xlarge_use1-az1': 5, 'r6in.8xlarge_use1-az4': 1, 'r6in.8xlarge_use1-az6': 5, 'r6in.large_use1-az1': 45, 'r6in.large_use1-az2': 50, 'r6in.large_use1-az4': 50, 'r6in.large_use1-az5': 40, 'r6in.large_use1-az6': 50, 'r6in.xlarge_use1-az1': 1, 'r6in.xlarge_use1-az2': 1, 'r6in.xlarge_use1-az4': 1, 'r6in.xlarge_use1-az5': 1, 'r6in.xlarge_use1-az6': 1, 'r7a.12xlarge_use1-az1': 1, 'r7a.12xlarge_use1-az2': 1, 'r7a.12xlarge_use1-az4': 5, 'r7a.12xlarge_use1-az6': 20, 'r7a.16xlarge_use1-az1': 1, 'r7a.16xlarge_use1-az2': 15, 'r7a.16xlarge_use1-az4': 30, 'r7a.16xlarge_use1-az6': 50, 'r7a.24xlarge_use1-az2': 10, 'r7a.24xlarge_use1-az4': 10, 'r7a.24xlarge_use1-az6': 35, 'r7a.2xlarge_use1-az1': 1, 'r7a.2xlarge_use1-az2': 5, 'r7a.2xlarge_use1-az4': 25, 'r7a.2xlarge_use1-az6': 1, 'r7a.32xlarge_use1-az2': 1, 'r7a.32xlarge_use1-az4': 1, 'r7a.32xlarge_use1-az6': 50, 'r7a.48xlarge_use1-az2': 5, 'r7a.48xlarge_use1-az4': 5, 'r7a.48xlarge_use1-az6': 50, 'r7a.4xlarge_use1-az1': 5, 'r7a.4xlarge_use1-az2': 25, 'r7a.4xlarge_use1-az4': 50, 'r7a.4xlarge_use1-az6': 50, 'r7a.8xlarge_use1-az1': 5, 'r7a.8xlarge_use1-az2': 20, 'r7a.8xlarge_use1-az4': 50, 'r7a.8xlarge_use1-az6': 50, 'r7a.large_use1-az1': 50, 'r7a.large_use1-az2': 50, 'r7a.large_use1-az4': 50, 'r7a.large_use1-az6': 50, 'r7a.medium_use1-az1': 10, 'r7a.medium_use1-az2': 25, 'r7a.medium_use1-az4': 50, 'r7a.medium_use1-az6': 50, 'r7a.xlarge_use1-az1': 20, 'r7a.xlarge_use1-az2': 50, 'r7a.xlarge_use1-az4': 50, 'r7a.xlarge_use1-az6': 25, 'r7g.12xlarge_use1-az1': 1, 'r7g.12xlarge_use1-az2': 5, 'r7g.12xlarge_use1-az4': 50, 'r7g.12xlarge_use1-az5': 1, 'r7g.12xlarge_use1-az6': 5, 'r7g.16xlarge_use1-az1': 5, 'r7g.16xlarge_use1-az2': 30, 'r7g.16xlarge_use1-az4': 50, 'r7g.16xlarge_use1-az5': 5, 'r7g.16xlarge_use1-az6': 50, 'r7g.2xlarge_use1-az1': 5, 'r7g.2xlarge_use1-az2': 10, 'r7g.2xlarge_use1-az4': 50, 'r7g.2xlarge_use1-az5': 5, 'r7g.2xlarge_use1-az6': 15, 'r7g.4xlarge_use1-az1': 5, 'r7g.4xlarge_use1-az2': 5, 'r7g.4xlarge_use1-az4': 50, 'r7g.4xlarge_use1-az5': 5, 'r7g.4xlarge_use1-az6': 15, 'r7g.8xlarge_use1-az1': 1, 'r7g.8xlarge_use1-az2': 50, 'r7g.8xlarge_use1-az4': 50, 'r7g.8xlarge_use1-az5': 50, 'r7g.8xlarge_use1-az6': 50, 'r7g.large_use1-az1': 20, 'r7g.large_use1-az2': 50, 'r7g.large_use1-az4': 50, 'r7g.large_use1-az5': 40, 'r7g.large_use1-az6': 40, 'r7g.medium_use1-az1': 50, 'r7g.medium_use1-az2': 50, 'r7g.medium_use1-az4': 50, 'r7g.medium_use1-az5': 25, 'r7g.medium_use1-az6': 50, 'r7g.xlarge_use1-az1': 50, 'r7g.xlarge_use1-az2': 50, 'r7g.xlarge_use1-az4': 50, 'r7g.xlarge_use1-az5': 10, 'r7g.xlarge_use1-az6': 50, 'r7gd.12xlarge_use1-az1': 1, 'r7gd.12xlarge_use1-az2': 10, 'r7gd.12xlarge_use1-az4': 35, 'r7gd.12xlarge_use1-az5': 10, 'r7gd.12xlarge_use1-az6': 50, 'r7gd.16xlarge_use1-az1': 5, 'r7gd.16xlarge_use1-az2': 50, 'r7gd.16xlarge_use1-az4': 50, 'r7gd.16xlarge_use1-az5': 50, 'r7gd.16xlarge_use1-az6': 50, 'r7gd.2xlarge_use1-az1': 5, 'r7gd.2xlarge_use1-az2': 25, 'r7gd.2xlarge_use1-az4': 25, 'r7gd.2xlarge_use1-az5': 40, 'r7gd.2xlarge_use1-az6': 50, 'r7gd.4xlarge_use1-az1': 1, 'r7gd.4xlarge_use1-az2': 20, 'r7gd.4xlarge_use1-az4': 25, 'r7gd.4xlarge_use1-az5': 30, 'r7gd.4xlarge_use1-az6': 50, 'r7gd.8xlarge_use1-az1': 1, 'r7gd.8xlarge_use1-az2': 10, 'r7gd.8xlarge_use1-az4': 30, 'r7gd.8xlarge_use1-az5': 20, 'r7gd.8xlarge_use1-az6': 50, 'r7gd.large_use1-az1': 15, 'r7gd.large_use1-az2': 10, 'r7gd.large_use1-az4': 50, 'r7gd.large_use1-az5': 15, 'r7gd.large_use1-az6': 35, 'r7gd.medium_use1-az1': 35, 'r7gd.medium_use1-az2': 15, 'r7gd.medium_use1-az4': 25, 'r7gd.medium_use1-az5': 15, 'r7gd.medium_use1-az6': 20, 'r7gd.xlarge_use1-az1': 1, 'r7gd.xlarge_use1-az2': 10, 'r7gd.xlarge_use1-az4': 25, 'r7gd.xlarge_use1-az5': 10, 'r7gd.xlarge_use1-az6': 50, 'r7i.12xlarge_use1-az4': 1, 'r7i.12xlarge_use1-az6': 10, 'r7i.16xlarge_use1-az1': 5, 'r7i.16xlarge_use1-az2': 15, 'r7i.16xlarge_use1-az4': 45, 'r7i.16xlarge_use1-az5': 5, 'r7i.16xlarge_use1-az6': 50, 'r7i.24xlarge_use1-az1': 1, 'r7i.24xlarge_use1-az2': 1, 'r7i.24xlarge_use1-az4': 5, 'r7i.24xlarge_use1-az5': 5, 'r7i.24xlarge_use1-az6': 5, 'r7i.2xlarge_use1-az1': 5, 'r7i.2xlarge_use1-az2': 5, 'r7i.2xlarge_use1-az4': 10, 'r7i.2xlarge_use1-az5': 5, 'r7i.2xlarge_use1-az6': 50, 'r7i.48xlarge_use1-az2': 1, 'r7i.48xlarge_use1-az4': 5, 'r7i.48xlarge_use1-az5': 1, 'r7i.48xlarge_use1-az6': 5, 'r7i.4xlarge_use1-az1': 5, 'r7i.4xlarge_use1-az2': 20, 'r7i.4xlarge_use1-az4': 10, 'r7i.4xlarge_use1-az5': 1, 'r7i.4xlarge_use1-az6': 50, 'r7i.8xlarge_use1-az1': 5, 'r7i.8xlarge_use1-az2': 25, 'r7i.8xlarge_use1-az4': 25, 'r7i.8xlarge_use1-az5': 5, 'r7i.8xlarge_use1-az6': 50, 'r7i.large_use1-az1': 15, 'r7i.large_use1-az2': 50, 'r7i.large_use1-az4': 50, 'r7i.large_use1-az5': 15, 'r7i.large_use1-az6': 50, 'r7i.xlarge_use1-az1': 5, 'r7i.xlarge_use1-az2': 15, 'r7i.xlarge_use1-az4': 10, 'r7i.xlarge_use1-az5': 15, 'r7i.xlarge_use1-az6': 50, 'r8g.12xlarge_use1-az2': 5, 'r8g.12xlarge_use1-az4': 5, 'r8g.12xlarge_use1-az6': 15, 'r8g.16xlarge_use1-az1': 1, 'r8g.16xlarge_use1-az2': 50, 'r8g.16xlarge_use1-az4': 50, 'r8g.16xlarge_use1-az5': 5, 'r8g.16xlarge_use1-az6': 50, 'r8g.24xlarge_use1-az2': 10, 'r8g.24xlarge_use1-az4': 5, 'r8g.24xlarge_use1-az5': 5, 'r8g.24xlarge_use1-az6': 35, 'r8g.2xlarge_use1-az2': 5, 'r8g.2xlarge_use1-az4': 5, 'r8g.2xlarge_use1-az5': 1, 'r8g.2xlarge_use1-az6': 5, 'r8g.48xlarge_use1-az2': 1, 'r8g.48xlarge_use1-az4': 5, 'r8g.48xlarge_use1-az6': 5, 'r8g.4xlarge_use1-az2': 10, 'r8g.4xlarge_use1-az4': 35, 'r8g.4xlarge_use1-az5': 5, 'r8g.4xlarge_use1-az6': 50, 'r8g.8xlarge_use1-az2': 40, 'r8g.8xlarge_use1-az4': 15, 'r8g.8xlarge_use1-az5': 1, 'r8g.8xlarge_use1-az6': 50, 'r8g.large_use1-az1': 5, 'r8g.large_use1-az2': 30, 'r8g.large_use1-az4': 15, 'r8g.large_use1-az5': 10, 'r8g.large_use1-az6': 20, 'r8g.medium_use1-az1': 15, 'r8g.medium_use1-az2': 30, 'r8g.medium_use1-az4': 20, 'r8g.medium_use1-az5': 5, 'r8g.medium_use1-az6': 15, 'r8g.xlarge_use1-az1': 1, 'r8g.xlarge_use1-az2': 10, 'r8g.xlarge_use1-az4': 5, 'r8g.xlarge_use1-az5': 5, 'r8g.xlarge_use1-az6': 10, 'r8gb.24xlarge_use1-az6': 1, 'r8gb.2xlarge_use1-az2': 1, 'r8gb.2xlarge_use1-az4': 1, 'r8gb.2xlarge_use1-az6': 1, 'r8gb.large_use1-az2': 20, 'r8gb.large_use1-az4': 15, 'r8gb.large_use1-az6': 25, 'r8gb.medium_use1-az2': 50, 'r8gb.metal-24xl_use1-az6': 1, 'r8gb.xlarge_use1-az2': 5, 'r8gb.xlarge_use1-az4': 5, 'r8gb.xlarge_use1-az6': 5, 'r8gd.12xlarge_use1-az5': 1, 'r8gd.12xlarge_use1-az6': 1, 'r8gd.16xlarge_use1-az2': 1, 'r8gd.16xlarge_use1-az4': 1, 'r8gd.16xlarge_use1-az5': 1, 'r8gd.16xlarge_use1-az6': 15, 'r8gd.24xlarge_use1-az2': 1, 'r8gd.24xlarge_use1-az5': 1, 'r8gd.24xlarge_use1-az6': 25, 'r8gd.2xlarge_use1-az2': 25, 'r8gd.2xlarge_use1-az4': 30, 'r8gd.2xlarge_use1-az6': 50, 'r8gd.48xlarge_use1-az6': 50, 'r8gd.4xlarge_use1-az1': 1, 'r8gd.4xlarge_use1-az2': 20, 'r8gd.4xlarge_use1-az5': 1, 'r8gd.4xlarge_use1-az6': 15, 'r8gd.8xlarge_use1-az2': 5, 'r8gd.8xlarge_use1-az4': 1, 'r8gd.8xlarge_use1-az5': 1, 'r8gd.8xlarge_use1-az6': 1, 'r8gd.large_use1-az2': 50, 'r8gd.large_use1-az5': 1, 'r8gd.large_use1-az6': 50, 'r8gd.medium_use1-az1': 5, 'r8gd.medium_use1-az2': 5, 'r8gd.medium_use1-az4': 5, 'r8gd.medium_use1-az5': 10, 'r8gd.metal-24xl_use1-az6': 1, 'r8gd.metal-48xl_use1-az6': 1, 'r8gd.xlarge_use1-az2': 25, 'r8gd.xlarge_use1-az4': 1, 'r8gd.xlarge_use1-az5': 50, 'r8gd.xlarge_use1-az6': 40, 'r8gn.16xlarge_use1-az6': 1, 'r8gn.24xlarge_use1-az2': 1, 'r8gn.2xlarge_use1-az2': 1, 'r8gn.2xlarge_use1-az4': 1, 'r8gn.2xlarge_use1-az6': 1, 'r8gn.48xlarge_use1-az6': 1, 'r8gn.4xlarge_use1-az6': 5, 'r8gn.8xlarge_use1-az2': 1, 'r8gn.8xlarge_use1-az6': 5, 'r8gn.large_use1-az2': 20, 'r8gn.large_use1-az4': 15, 'r8gn.large_use1-az6': 20, 'r8gn.medium_use1-az2': 35, 'r8gn.medium_use1-az4': 40, 'r8gn.metal-24xl_use1-az2': 1, 'r8gn.metal-24xl_use1-az6': 1, 'r8gn.xlarge_use1-az2': 1, 'r8gn.xlarge_use1-az4': 5, 'r8gn.xlarge_use1-az6': 10, 'r8i-flex.2xlarge_use1-az2': 1, 'r8i-flex.2xlarge_use1-az6': 5, 'r8i-flex.4xlarge_use1-az2': 1, 'r8i-flex.4xlarge_use1-az6': 1, 'r8i-flex.large_use1-az2': 1, 'r8i-flex.large_use1-az6': 5, 'r8i-flex.xlarge_use1-az2': 5, 'r8i-flex.xlarge_use1-az6': 1, 'r8i.12xlarge_use1-az2': 1, 'r8i.12xlarge_use1-az6': 1, 'r8i.16xlarge_use1-az2': 1, 'r8i.16xlarge_use1-az6': 1, 'r8i.24xlarge_use1-az6': 1, 'r8i.2xlarge_use1-az2': 5, 'r8i.2xlarge_use1-az6': 5, 'r8i.32xlarge_use1-az2': 1, 'r8i.32xlarge_use1-az6': 1, 'r8i.48xlarge_use1-az2': 1, 'r8i.48xlarge_use1-az6': 1, 'r8i.4xlarge_use1-az2': 1, 'r8i.4xlarge_use1-az6': 5, 'r8i.8xlarge_use1-az2': 1, 'r8i.8xlarge_use1-az6': 5, 'r8i.96xlarge_use1-az2': 1, 'r8i.96xlarge_use1-az6': 1, 'r8i.large_use1-az2': 20, 'r8i.large_use1-az6': 20, 'r8i.xlarge_use1-az2': 5, 'r8i.xlarge_use1-az6': 5, 't2.2xlarge_use1-az1': 50, 't2.2xlarge_use1-az2': 50, 't2.2xlarge_use1-az3': 15, 't2.2xlarge_use1-az4': 50, 't2.2xlarge_use1-az5': 50, 't2.2xlarge_use1-az6': 50, 't2.large_use1-az1': 20, 't2.large_use1-az2': 50, 't2.large_use1-az3': 50, 't2.large_use1-az4': 50, 't2.large_use1-az5': 25, 't2.large_use1-az6': 50, 't2.medium_use1-az1': 50, 't2.medium_use1-az2': 50, 't2.medium_use1-az3': 50, 't2.medium_use1-az4': 50, 't2.medium_use1-az5': 50, 't2.medium_use1-az6': 50, 't2.xlarge_use1-az1': 35, 't2.xlarge_use1-az2': 50, 't2.xlarge_use1-az3': 20, 't2.xlarge_use1-az4': 50, 't2.xlarge_use1-az5': 5, 't2.xlarge_use1-az6': 50, 't3.2xlarge_use1-az1': 50, 't3.2xlarge_use1-az2': 50, 't3.2xlarge_use1-az4': 50, 't3.2xlarge_use1-az5': 50, 't3.2xlarge_use1-az6': 50, 't3.large_use1-az1': 50, 't3.large_use1-az2': 50, 't3.large_use1-az4': 50, 't3.large_use1-az5': 50, 't3.large_use1-az6': 50, 't3.medium_use1-az1': 50, 't3.medium_use1-az2': 50, 't3.medium_use1-az4': 50, 't3.medium_use1-az5': 50, 't3.medium_use1-az6': 50, 't3.xlarge_use1-az1': 50, 't3.xlarge_use1-az2': 50, 't3.xlarge_use1-az4': 50, 't3.xlarge_use1-az5': 50, 't3.xlarge_use1-az6': 50, 't3a.2xlarge_use1-az1': 50, 't3a.2xlarge_use1-az2': 50, 't3a.2xlarge_use1-az4': 50, 't3a.2xlarge_use1-az5': 50, 't3a.2xlarge_use1-az6': 50, 't3a.large_use1-az1': 50, 't3a.large_use1-az2': 50, 't3a.large_use1-az4': 50, 't3a.large_use1-az5': 5, 't3a.large_use1-az6': 50, 't3a.medium_use1-az1': 50, 't3a.medium_use1-az2': 50, 't3a.medium_use1-az4': 50, 't3a.medium_use1-az5': 5, 't3a.medium_use1-az6': 50, 't3a.xlarge_use1-az1': 25, 't3a.xlarge_use1-az2': 50, 't3a.xlarge_use1-az4': 50, 't3a.xlarge_use1-az5': 15, 't3a.xlarge_use1-az6': 50, 't4g.2xlarge_use1-az1': 5, 't4g.2xlarge_use1-az2': 15, 't4g.2xlarge_use1-az4': 5, 't4g.2xlarge_use1-az5': 10, 't4g.2xlarge_use1-az6': 10, 't4g.large_use1-az1': 1, 't4g.large_use1-az2': 15, 't4g.large_use1-az4': 50, 't4g.large_use1-az5': 25, 't4g.large_use1-az6': 35, 't4g.medium_use1-az1': 1, 't4g.medium_use1-az2': 50, 't4g.medium_use1-az4': 50, 't4g.medium_use1-az5': 35, 't4g.medium_use1-az6': 50, 't4g.xlarge_use1-az1': 30, 't4g.xlarge_use1-az2': 15, 't4g.xlarge_use1-az4': 50, 't4g.xlarge_use1-az5': 5, 't4g.xlarge_use1-az6': 10, 'trn1.2xlarge_use1-az5': 5, 'trn1.2xlarge_use1-az6': 20, 'trn1.32xlarge_use1-az6': 50, 'trn1n.32xlarge_use1-az6': 50, 'vt1.3xlarge_use1-az2': 1, 'vt1.6xlarge_use1-az2': 1, 'x1.16xlarge_use1-az2': 1, 'x1.16xlarge_use1-az4': 1, 'x1.16xlarge_use1-az6': 1, 'x1.32xlarge_use1-az2': 1, 'x1.32xlarge_use1-az3': 5, 'x1.32xlarge_use1-az6': 1, 'x1e.16xlarge_use1-az2': 1, 'x1e.16xlarge_use1-az4': 1, 'x1e.16xlarge_use1-az6': 5, 'x1e.2xlarge_use1-az1': 1, 'x1e.2xlarge_use1-az2': 5, 'x1e.2xlarge_use1-az4': 10, 'x1e.2xlarge_use1-az6': 1, 'x1e.4xlarge_use1-az2': 5, 'x1e.4xlarge_use1-az4': 5, 'x1e.4xlarge_use1-az6': 1, 'x1e.8xlarge_use1-az1': 1, 'x1e.8xlarge_use1-az2': 1, 'x1e.8xlarge_use1-az4': 5, 'x1e.8xlarge_use1-az6': 5, 'x1e.xlarge_use1-az1': 10, 'x1e.xlarge_use1-az2': 20, 'x1e.xlarge_use1-az4': 15, 'x1e.xlarge_use1-az6': 5, 'x2gd.12xlarge_use1-az5': 5, 'x2gd.12xlarge_use1-az6': 1, 'x2gd.16xlarge_use1-az5': 1, 'x2gd.16xlarge_use1-az6': 15, 'x2gd.2xlarge_use1-az1': 5, 'x2gd.2xlarge_use1-az4': 1, 'x2gd.2xlarge_use1-az5': 5, 'x2gd.2xlarge_use1-az6': 30, 'x2gd.4xlarge_use1-az1': 1, 'x2gd.4xlarge_use1-az2': 1, 'x2gd.4xlarge_use1-az4': 5, 'x2gd.4xlarge_use1-az5': 1, 'x2gd.4xlarge_use1-az6': 35, 'x2gd.8xlarge_use1-az4': 1, 'x2gd.8xlarge_use1-az5': 1, 'x2gd.8xlarge_use1-az6': 5, 'x2gd.large_use1-az1': 35, 'x2gd.large_use1-az2': 25, 'x2gd.large_use1-az4': 15, 'x2gd.large_use1-az5': 25, 'x2gd.large_use1-az6': 50, 'x2gd.medium_use1-az1': 25, 'x2gd.medium_use1-az2': 35, 'x2gd.medium_use1-az4': 50, 'x2gd.medium_use1-az5': 50, 'x2gd.medium_use1-az6': 50, 'x2gd.xlarge_use1-az1': 5, 'x2gd.xlarge_use1-az2': 1, 'x2gd.xlarge_use1-az4': 20, 'x2gd.xlarge_use1-az5': 15, 'x2gd.xlarge_use1-az6': 25, 'x2idn.16xlarge_use1-az2': 1, 'x2idn.16xlarge_use1-az5': 1, 'x2idn.24xlarge_use1-az4': 1, 'x2idn.24xlarge_use1-az5': 1, 'x2idn.32xlarge_use1-az5': 1, 'x2iedn.24xlarge_use1-az4': 1, 'x2iedn.24xlarge_use1-az6': 1, 'x2iedn.2xlarge_use1-az1': 1, 'x2iedn.2xlarge_use1-az2': 25, 'x2iedn.2xlarge_use1-az4': 15, 'x2iedn.2xlarge_use1-az5': 1, 'x2iedn.2xlarge_use1-az6': 5, 'x2iedn.4xlarge_use1-az1': 1, 'x2iedn.4xlarge_use1-az2': 1, 'x2iedn.4xlarge_use1-az4': 1, 'x2iedn.4xlarge_use1-az5': 1, 'x2iedn.4xlarge_use1-az6': 1, 'x2iedn.8xlarge_use1-az4': 1, 'x2iedn.8xlarge_use1-az6': 1, 'x2iedn.xlarge_use1-az1': 5, 'x2iedn.xlarge_use1-az2': 20, 'x2iedn.xlarge_use1-az4': 10, 'x2iedn.xlarge_use1-az5': 1, 'x2iedn.xlarge_use1-az6': 10, 'x2iezn.12xlarge_use1-az2': 1, 'x2iezn.12xlarge_use1-az4': 20, 'x2iezn.12xlarge_use1-az6': 5, 'x2iezn.2xlarge_use1-az2': 5, 'x2iezn.2xlarge_use1-az4': 10, 'x2iezn.2xlarge_use1-az6': 1, 'x2iezn.4xlarge_use1-az2': 1, 'x2iezn.4xlarge_use1-az4': 5, 'x2iezn.4xlarge_use1-az6': 1, 'x2iezn.6xlarge_use1-az2': 1, 'x2iezn.6xlarge_use1-az4': 5, 'x2iezn.6xlarge_use1-az6': 1, 'x2iezn.8xlarge_use1-az2': 1, 'x2iezn.8xlarge_use1-az4': 10, 'x2iezn.8xlarge_use1-az6': 1, 'x8g.12xlarge_use1-az2': 1, 'x8g.12xlarge_use1-az4': 20, 'x8g.12xlarge_use1-az6': 1, 'x8g.16xlarge_use1-az1': 1, 'x8g.16xlarge_use1-az2': 5, 'x8g.16xlarge_use1-az4': 5, 'x8g.16xlarge_use1-az6': 5, 'x8g.24xlarge_use1-az1': 1, 'x8g.24xlarge_use1-az2': 5, 'x8g.24xlarge_use1-az4': 5, 'x8g.24xlarge_use1-az6': 10, 'x8g.2xlarge_use1-az1': 5, 'x8g.2xlarge_use1-az2': 10, 'x8g.2xlarge_use1-az4': 10, 'x8g.2xlarge_use1-az6': 25, 'x8g.48xlarge_use1-az1': 1, 'x8g.48xlarge_use1-az2': 1, 'x8g.48xlarge_use1-az4': 10, 'x8g.48xlarge_use1-az6': 1, 'x8g.4xlarge_use1-az1': 1, 'x8g.4xlarge_use1-az2': 5, 'x8g.4xlarge_use1-az4': 5, 'x8g.4xlarge_use1-az6': 10, 'x8g.8xlarge_use1-az2': 15, 'x8g.8xlarge_use1-az4': 20, 'x8g.8xlarge_use1-az6': 5, 'x8g.large_use1-az1': 30, 'x8g.large_use1-az4': 50, 'x8g.large_use1-az6': 50, 'x8g.medium_use1-az1': 50, 'x8g.medium_use1-az4': 50, 'x8g.medium_use1-az6': 50, 'x8g.metal-24xl_use1-az1': 1, 'x8g.metal-24xl_use1-az2': 1, 'x8g.metal-24xl_use1-az4': 1, 'x8g.metal-24xl_use1-az6': 10, 'x8g.metal-48xl_use1-az2': 1, 'x8g.metal-48xl_use1-az4': 1, 'x8g.metal-48xl_use1-az6': 1, 'x8g.xlarge_use1-az1': 10, 'x8g.xlarge_use1-az2': 20, 'x8g.xlarge_use1-az4': 40, 'x8g.xlarge_use1-az6': 50, 'z1d.12xlarge_use1-az1': 1, 'z1d.12xlarge_use1-az2': 1, 'z1d.12xlarge_use1-az4': 1, 'z1d.12xlarge_use1-az5': 1, 'z1d.12xlarge_use1-az6': 5, 'z1d.2xlarge_use1-az1': 5, 'z1d.2xlarge_use1-az2': 5, 'z1d.2xlarge_use1-az4': 15, 'z1d.2xlarge_use1-az5': 1, 'z1d.2xlarge_use1-az6': 15, 'z1d.3xlarge_use1-az1': 5, 'z1d.3xlarge_use1-az2': 5, 'z1d.3xlarge_use1-az4': 10, 'z1d.3xlarge_use1-az5': 5, 'z1d.3xlarge_use1-az6': 5, 'z1d.6xlarge_use1-az1': 1, 'z1d.6xlarge_use1-az2': 1, 'z1d.6xlarge_use1-az4': 1, 'z1d.6xlarge_use1-az6': 1, 'z1d.large_use1-az1': 15, 'z1d.large_use1-az2': 5, 'z1d.large_use1-az4': 25, 'z1d.large_use1-az5': 10, 'z1d.large_use1-az6': 25, 'z1d.xlarge_use1-az1': 10, 'z1d.xlarge_use1-az2': 20, 'z1d.xlarge_use1-az4': 30, 'z1d.xlarge_use1-az5': 1, 'z1d.xlarge_use1-az6': 20}"
0.98,27584.45729999996,29752470571,1078595.4658344178,1145833,1145733,"{'c1.xlarge_use1-az1': 5, 'c1.xlarge_use1-az2': 5, 'c1.xlarge_use1-az4': 5, 'c1.xlarge_use1-az6': 1, 'c3.2xlarge_use1-az2': 5, 'c3.2xlarge_use1-az4': 50, 'c3.2xlarge_use1-az6': 15, 'c3.4xlarge_use1-az2': 5, 'c3.4xlarge_use1-az4': 5, 'c3.4xlarge_use1-az6': 5, 'c3.8xlarge_use1-az2': 5, 'c3.8xlarge_use1-az4': 5, 'c3.8xlarge_use1-az6': 1, 'c3.xlarge_use1-az2': 35, 'c3.xlarge_use1-az3': 1, 'c3.xlarge_use1-az4': 50, 'c3.xlarge_use1-az6': 30, 'c4.2xlarge_use1-az1': 5, 'c4.2xlarge_use1-az2': 5, 'c4.2xlarge_use1-az3': 25, 'c4.2xlarge_use1-az4': 15, 'c4.2xlarge_use1-az5': 15, 'c4.2xlarge_use1-az6': 10, 'c4.4xlarge_use1-az1': 5, 'c4.4xlarge_use1-az2': 5, 'c4.4xlarge_use1-az3': 10, 'c4.4xlarge_use1-az4': 5, 'c4.4xlarge_use1-az5': 5, 'c4.4xlarge_use1-az6': 1, 'c4.8xlarge_use1-az1': 1, 'c4.8xlarge_use1-az2': 5, 'c4.8xlarge_use1-az3': 5, 'c4.8xlarge_use1-az4': 15, 'c4.8xlarge_use1-az5': 5, 'c4.8xlarge_use1-az6': 5, 'c4.xlarge_use1-az1': 25, 'c4.xlarge_use1-az2': 40, 'c4.xlarge_use1-az3': 20, 'c4.xlarge_use1-az4': 40, 'c4.xlarge_use1-az5': 50, 'c4.xlarge_use1-az6': 50, 'c5.12xlarge_use1-az1': 50, 'c5.12xlarge_use1-az2': 50, 'c5.12xlarge_use1-az4': 50, 'c5.12xlarge_use1-az5': 50, 'c5.12xlarge_use1-az6': 50, 'c5.18xlarge_use1-az1': 5, 'c5.18xlarge_use1-az2': 50, 'c5.18xlarge_use1-az4': 15, 'c5.18xlarge_use1-az5': 10, 'c5.18xlarge_use1-az6': 1, 'c5.24xlarge_use1-az1': 1, 'c5.24xlarge_use1-az2': 5, 'c5.24xlarge_use1-az4': 5, 'c5.24xlarge_use1-az5': 1, 'c5.24xlarge_use1-az6': 5, 'c5.2xlarge_use1-az1': 50, 'c5.2xlarge_use1-az2': 50, 'c5.2xlarge_use1-az4': 50, 'c5.2xlarge_use1-az5': 50, 'c5.2xlarge_use1-az6': 50, 'c5.4xlarge_use1-az1': 50, 'c5.4xlarge_use1-az2': 50, 'c5.4xlarge_use1-az4': 50, 'c5.4xlarge_use1-az5': 50, 'c5.4xlarge_use1-az6': 50, 'c5.9xlarge_use1-az1': 50, 'c5.9xlarge_use1-az2': 50, 'c5.9xlarge_use1-az4': 50, 'c5.9xlarge_use1-az5': 50, 'c5.9xlarge_use1-az6': 50, 'c5.large_use1-az1': 50, 'c5.large_use1-az2': 50, 'c5.large_use1-az4': 50, 'c5.large_use1-az5': 50, 'c5.large_use1-az6': 50, 'c5.xlarge_use1-az1': 50, 'c5.xlarge_use1-az2': 50, 'c5.xlarge_use1-az4': 50, 'c5.xlarge_use1-az5': 50, 'c5.xlarge_use1-az6': 50, 'c5a.12xlarge_use1-az1': 5, 'c5a.12xlarge_use1-az2': 10, 'c5a.12xlarge_use1-az4': 15, 'c5a.12xlarge_use1-az5': 1, 'c5a.12xlarge_use1-az6': 5, 'c5a.16xlarge_use1-az4': 1, 'c5a.16xlarge_use1-az6': 1, 'c5a.24xlarge_use1-az2': 1, 'c5a.24xlarge_use1-az4': 1, 'c5a.24xlarge_use1-az6': 1, 'c5a.2xlarge_use1-az1': 30, 'c5a.2xlarge_use1-az2': 20, 'c5a.2xlarge_use1-az4': 50, 'c5a.2xlarge_use1-az5': 15, 'c5a.2xlarge_use1-az6': 50, 'c5a.4xlarge_use1-az1': 5, 'c5a.4xlarge_use1-az2': 1, 'c5a.4xlarge_use1-az4': 5, 'c5a.4xlarge_use1-az5': 5, 'c5a.4xlarge_use1-az6': 5, 'c5a.8xlarge_use1-az1': 1, 'c5a.8xlarge_use1-az2': 1, 'c5a.8xlarge_use1-az4': 5, 'c5a.8xlarge_use1-az6': 15, 'c5a.large_use1-az1': 50, 'c5a.large_use1-az2': 50, 'c5a.large_use1-az4': 50, 'c5a.large_use1-az5': 45, 'c5a.large_use1-az6': 50, 'c5a.xlarge_use1-az1': 50, 'c5a.xlarge_use1-az2': 50, 'c5a.xlarge_use1-az4': 50, 'c5a.xlarge_use1-az5': 50, 'c5a.xlarge_use1-az6': 50, 'c5ad.12xlarge_use1-az1': 5, 'c5ad.12xlarge_use1-az2': 5, 'c5ad.12xlarge_use1-az4': 5, 'c5ad.12xlarge_use1-az6': 5, 'c5ad.16xlarge_use1-az1': 1, 'c5ad.16xlarge_use1-az2': 5, 'c5ad.16xlarge_use1-az4': 1, 'c5ad.16xlarge_use1-az6': 1, 'c5ad.24xlarge_use1-az1': 1, 'c5ad.24xlarge_use1-az2': 1, 'c5ad.24xlarge_use1-az4': 1, 'c5ad.24xlarge_use1-az6': 5, 'c5ad.2xlarge_use1-az1': 10, 'c5ad.2xlarge_use1-az2': 5, 'c5ad.2xlarge_use1-az4': 5, 'c5ad.2xlarge_use1-az5': 5, 'c5ad.2xlarge_use1-az6': 15, 'c5ad.4xlarge_use1-az1': 5, 'c5ad.4xlarge_use1-az2': 5, 'c5ad.4xlarge_use1-az4': 1, 'c5ad.4xlarge_use1-az5': 1, 'c5ad.4xlarge_use1-az6': 10, 'c5ad.8xlarge_use1-az1': 1, 'c5ad.8xlarge_use1-az2': 1, 'c5ad.8xlarge_use1-az4': 1, 'c5ad.8xlarge_use1-az5': 1, 'c5ad.8xlarge_use1-az6': 1, 'c5ad.large_use1-az1': 20, 'c5ad.large_use1-az2': 30, 'c5ad.large_use1-az4': 10, 'c5ad.large_use1-az5': 15, 'c5ad.large_use1-az6': 20, 'c5ad.xlarge_use1-az1': 15, 'c5ad.xlarge_use1-az2': 10, 'c5ad.xlarge_use1-az4': 5, 'c5ad.xlarge_use1-az5': 5, 'c5ad.xlarge_use1-az6': 15, 'c5d.12xlarge_use1-az2': 15, 'c5d.12xlarge_use1-az4': 5, 'c5d.12xlarge_use1-az6': 45, 'c5d.18xlarge_use1-az1': 5, 'c5d.18xlarge_use1-az2': 50, 'c5d.18xlarge_use1-az4': 50, 'c5d.18xlarge_use1-az5': 5, 'c5d.18xlarge_use1-az6': 30, 'c5d.24xlarge_use1-az2': 35, 'c5d.24xlarge_use1-az4': 25, 'c5d.24xlarge_use1-az6': 50, 'c5d.2xlarge_use1-az1': 15, 'c5d.2xlarge_use1-az2': 50, 'c5d.2xlarge_use1-az4': 50, 'c5d.2xlarge_use1-az5': 20, 'c5d.2xlarge_use1-az6': 50, 'c5d.4xlarge_use1-az1': 20, 'c5d.4xlarge_use1-az2': 50, 'c5d.4xlarge_use1-az4': 50, 'c5d.4xlarge_use1-az5': 25, 'c5d.4xlarge_use1-az6': 50, 'c5d.9xlarge_use1-az1': 10, 'c5d.9xlarge_use1-az2': 20, 'c5d.9xlarge_use1-az4': 50, 'c5d.9xlarge_use1-az5': 10, 'c5d.9xlarge_use1-az6': 25, 'c5d.large_use1-az1': 50, 'c5d.large_use1-az2': 50, 'c5d.large_use1-az4': 50, 'c5d.large_use1-az5': 35, 'c5d.large_use1-az6': 50, 'c5d.xlarge_use1-az1': 50, 'c5d.xlarge_use1-az2': 50, 'c5d.xlarge_use1-az4': 50, 'c5d.xlarge_use1-az5': 50, 'c5d.xlarge_use1-az6': 50, 'c5n.18xlarge_use1-az1': 30, 'c5n.18xlarge_use1-az2': 5, 'c5n.18xlarge_use1-az4': 10, 'c5n.2xlarge_use1-az1': 5, 'c5n.2xlarge_use1-az2': 10, 'c5n.2xlarge_use1-az4': 15, 'c5n.2xlarge_use1-az5': 10, 'c5n.2xlarge_use1-az6': 10, 'c5n.4xlarge_use1-az1': 5, 'c5n.4xlarge_use1-az2': 1, 'c5n.4xlarge_use1-az4': 5, 'c5n.4xlarge_use1-az6': 1, 'c5n.9xlarge_use1-az1': 10, 'c5n.9xlarge_use1-az2': 1, 'c5n.9xlarge_use1-az4': 5, 'c5n.large_use1-az1': 10, 'c5n.large_use1-az2': 10, 'c5n.large_use1-az4': 25, 'c5n.large_use1-az5': 5, 'c5n.large_use1-az6': 5, 'c5n.xlarge_use1-az1': 1, 'c5n.xlarge_use1-az2': 1, 'c5n.xlarge_use1-az4': 5, 'c5n.xlarge_use1-az5': 1, 'c5n.xlarge_use1-az6': 1, 'c6a.12xlarge_use1-az1': 5, 'c6a.12xlarge_use1-az2': 50, 'c6a.12xlarge_use1-az4': 50, 'c6a.12xlarge_use1-az5': 1, 'c6a.12xlarge_use1-az6': 15, 'c6a.16xlarge_use1-az1': 1, 'c6a.16xlarge_use1-az2': 5, 'c6a.16xlarge_use1-az4': 10, 'c6a.16xlarge_use1-az5': 1, 'c6a.16xlarge_use1-az6': 15, 'c6a.24xlarge_use1-az1': 1, 'c6a.24xlarge_use1-az2': 5, 'c6a.24xlarge_use1-az4': 5, 'c6a.24xlarge_use1-az5': 5, 'c6a.24xlarge_use1-az6': 20, 'c6a.2xlarge_use1-az1': 10, 'c6a.2xlarge_use1-az2': 40, 'c6a.2xlarge_use1-az4': 50, 'c6a.2xlarge_use1-az5': 10, 'c6a.2xlarge_use1-az6': 50, 'c6a.32xlarge_use1-az2': 1, 'c6a.32xlarge_use1-az4': 1, 'c6a.32xlarge_use1-az5': 1, 'c6a.32xlarge_use1-az6': 5, 'c6a.48xlarge_use1-az2': 1, 'c6a.48xlarge_use1-az4': 10, 'c6a.48xlarge_use1-az5': 5, 'c6a.48xlarge_use1-az6': 25, 'c6a.4xlarge_use1-az1': 15, 'c6a.4xlarge_use1-az2': 15, 'c6a.4xlarge_use1-az4': 30, 'c6a.4xlarge_use1-az5': 15, 'c6a.4xlarge_use1-az6': 50, 'c6a.8xlarge_use1-az1': 5, 'c6a.8xlarge_use1-az2': 50, 'c6a.8xlarge_use1-az4': 30, 'c6a.8xlarge_use1-az5': 25, 'c6a.8xlarge_use1-az6': 50, 'c6a.large_use1-az1': 45, 'c6a.large_use1-az2': 50, 'c6a.large_use1-az4': 50, 'c6a.large_use1-az5': 50, 'c6a.large_use1-az6': 20, 'c6a.xlarge_use1-az1': 15, 'c6a.xlarge_use1-az2': 25, 'c6a.xlarge_use1-az4': 25, 'c6a.xlarge_use1-az5': 15, 'c6a.xlarge_use1-az6': 25, 'c6g.12xlarge_use1-az1': 15, 'c6g.12xlarge_use1-az2': 25, 'c6g.12xlarge_use1-az4': 50, 'c6g.12xlarge_use1-az5': 5, 'c6g.12xlarge_use1-az6': 50, 'c6g.16xlarge_use1-az1': 1, 'c6g.16xlarge_use1-az2': 15, 'c6g.16xlarge_use1-az4': 50, 'c6g.16xlarge_use1-az5': 5, 'c6g.16xlarge_use1-az6': 50, 'c6g.2xlarge_use1-az1': 5, 'c6g.2xlarge_use1-az2': 50, 'c6g.2xlarge_use1-az4': 50, 'c6g.2xlarge_use1-az5': 15, 'c6g.2xlarge_use1-az6': 50, 'c6g.4xlarge_use1-az1': 50, 'c6g.4xlarge_use1-az2': 50, 'c6g.4xlarge_use1-az4': 50, 'c6g.4xlarge_use1-az5': 50, 'c6g.4xlarge_use1-az6': 50, 'c6g.8xlarge_use1-az1': 50, 'c6g.8xlarge_use1-az2': 50, 'c6g.8xlarge_use1-az4': 50, 'c6g.8xlarge_use1-az5': 50, 'c6g.8xlarge_use1-az6': 50, 'c6g.large_use1-az1': 5, 'c6g.large_use1-az2': 50, 'c6g.large_use1-az4': 50, 'c6g.large_use1-az5': 50, 'c6g.large_use1-az6': 50, 'c6g.xlarge_use1-az1': 30, 'c6g.xlarge_use1-az2': 50, 'c6g.xlarge_use1-az4': 50, 'c6g.xlarge_use1-az5': 10, 'c6g.xlarge_use1-az6': 50, 'c6gd.12xlarge_use1-az2': 50, 'c6gd.12xlarge_use1-az4': 30, 'c6gd.12xlarge_use1-az5': 1, 'c6gd.12xlarge_use1-az6': 50, 'c6gd.16xlarge_use1-az2': 50, 'c6gd.16xlarge_use1-az4': 30, 'c6gd.16xlarge_use1-az6': 50, 'c6gd.2xlarge_use1-az1': 15, 'c6gd.2xlarge_use1-az2': 50, 'c6gd.2xlarge_use1-az4': 50, 'c6gd.2xlarge_use1-az5': 1, 'c6gd.2xlarge_use1-az6': 50, 'c6gd.4xlarge_use1-az1': 20, 'c6gd.4xlarge_use1-az2': 50, 'c6gd.4xlarge_use1-az4': 50, 'c6gd.4xlarge_use1-az5': 10, 'c6gd.4xlarge_use1-az6': 50, 'c6gd.8xlarge_use1-az1': 25, 'c6gd.8xlarge_use1-az2': 45, 'c6gd.8xlarge_use1-az4': 45, 'c6gd.8xlarge_use1-az5': 1, 'c6gd.8xlarge_use1-az6': 50, 'c6gd.large_use1-az1': 50, 'c6gd.large_use1-az2': 5, 'c6gd.large_use1-az4': 20, 'c6gd.large_use1-az5': 1, 'c6gd.large_use1-az6': 50, 'c6gd.xlarge_use1-az1': 50, 'c6gd.xlarge_use1-az2': 1, 'c6gd.xlarge_use1-az4': 1, 'c6gd.xlarge_use1-az5': 50, 'c6gd.xlarge_use1-az6': 50, 'c6gn.12xlarge_use1-az2': 25, 'c6gn.12xlarge_use1-az4': 50, 'c6gn.12xlarge_use1-az5': 1, 'c6gn.16xlarge_use1-az1': 1, 'c6gn.16xlarge_use1-az2': 50, 'c6gn.16xlarge_use1-az4': 50, 'c6gn.16xlarge_use1-az5': 10, 'c6gn.2xlarge_use1-az1': 5, 'c6gn.2xlarge_use1-az2': 1, 'c6gn.2xlarge_use1-az4': 20, 'c6gn.2xlarge_use1-az5': 1, 'c6gn.4xlarge_use1-az1': 1, 'c6gn.4xlarge_use1-az2': 40, 'c6gn.4xlarge_use1-az4': 35, 'c6gn.4xlarge_use1-az5': 10, 'c6gn.8xlarge_use1-az1': 25, 'c6gn.8xlarge_use1-az2': 35, 'c6gn.8xlarge_use1-az4': 30, 'c6gn.8xlarge_use1-az5': 5, 'c6gn.8xlarge_use1-az6': 5, 'c6gn.large_use1-az1': 5, 'c6gn.large_use1-az2': 25, 'c6gn.large_use1-az4': 10, 'c6gn.large_use1-az5': 15, 'c6gn.large_use1-az6': 1, 'c6gn.xlarge_use1-az1': 5, 'c6gn.xlarge_use1-az2': 10, 'c6gn.xlarge_use1-az4': 15, 'c6gn.xlarge_use1-az5': 5, 'c6gn.xlarge_use1-az6': 1, 'c6i.12xlarge_use1-az1': 15, 'c6i.12xlarge_use1-az2': 15, 'c6i.12xlarge_use1-az4': 30, 'c6i.12xlarge_use1-az5': 5, 'c6i.12xlarge_use1-az6': 5, 'c6i.16xlarge_use1-az1': 5, 'c6i.16xlarge_use1-az2': 15, 'c6i.16xlarge_use1-az4': 25, 'c6i.16xlarge_use1-az5': 10, 'c6i.16xlarge_use1-az6': 30, 'c6i.24xlarge_use1-az1': 5, 'c6i.24xlarge_use1-az2': 5, 'c6i.24xlarge_use1-az4': 10, 'c6i.24xlarge_use1-az5': 1, 'c6i.24xlarge_use1-az6': 15, 'c6i.2xlarge_use1-az1': 20, 'c6i.2xlarge_use1-az2': 50, 'c6i.2xlarge_use1-az4': 50, 'c6i.2xlarge_use1-az5': 5, 'c6i.2xlarge_use1-az6': 50, 'c6i.32xlarge_use1-az1': 10, 'c6i.32xlarge_use1-az2': 5, 'c6i.32xlarge_use1-az4': 50, 'c6i.32xlarge_use1-az5': 1, 'c6i.32xlarge_use1-az6': 40, 'c6i.4xlarge_use1-az1': 10, 'c6i.4xlarge_use1-az2': 40, 'c6i.4xlarge_use1-az4': 50, 'c6i.4xlarge_use1-az5': 15, 'c6i.4xlarge_use1-az6': 50, 'c6i.8xlarge_use1-az1': 10, 'c6i.8xlarge_use1-az2': 45, 'c6i.8xlarge_use1-az4': 50, 'c6i.8xlarge_use1-az5': 10, 'c6i.8xlarge_use1-az6': 50, 'c6i.large_use1-az1': 10, 'c6i.large_use1-az2': 40, 'c6i.large_use1-az4': 30, 'c6i.large_use1-az5': 10, 'c6i.large_use1-az6': 50, 'c6i.xlarge_use1-az1': 50, 'c6i.xlarge_use1-az2': 45, 'c6i.xlarge_use1-az4': 35, 'c6i.xlarge_use1-az5': 10, 'c6i.xlarge_use1-az6': 50, 'c6id.12xlarge_use1-az1': 1, 'c6id.12xlarge_use1-az2': 1, 'c6id.12xlarge_use1-az4': 5, 'c6id.12xlarge_use1-az6': 5, 'c6id.16xlarge_use1-az1': 1, 'c6id.16xlarge_use1-az2': 5, 'c6id.16xlarge_use1-az4': 5, 'c6id.16xlarge_use1-az5': 1, 'c6id.16xlarge_use1-az6': 1, 'c6id.24xlarge_use1-az1': 5, 'c6id.24xlarge_use1-az2': 15, 'c6id.24xlarge_use1-az4': 5, 'c6id.24xlarge_use1-az5': 1, 'c6id.24xlarge_use1-az6': 10, 'c6id.2xlarge_use1-az1': 1, 'c6id.2xlarge_use1-az2': 1, 'c6id.2xlarge_use1-az4': 5, 'c6id.2xlarge_use1-az5': 5, 'c6id.2xlarge_use1-az6': 1, 'c6id.32xlarge_use1-az1': 1, 'c6id.32xlarge_use1-az2': 5, 'c6id.32xlarge_use1-az4': 10, 'c6id.32xlarge_use1-az5': 1, 'c6id.32xlarge_use1-az6': 5, 'c6id.4xlarge_use1-az1': 15, 'c6id.4xlarge_use1-az2': 10, 'c6id.4xlarge_use1-az4': 10, 'c6id.4xlarge_use1-az5': 1, 'c6id.4xlarge_use1-az6': 5, 'c6id.8xlarge_use1-az1': 5, 'c6id.8xlarge_use1-az2': 1, 'c6id.8xlarge_use1-az4': 5, 'c6id.8xlarge_use1-az5': 1, 'c6id.8xlarge_use1-az6': 1, 'c6id.large_use1-az1': 5, 'c6id.large_use1-az2': 5, 'c6id.large_use1-az4': 1, 'c6id.large_use1-az5': 5, 'c6id.large_use1-az6': 5, 'c6id.xlarge_use1-az1': 5, 'c6id.xlarge_use1-az2': 1, 'c6id.xlarge_use1-az4': 5, 'c6id.xlarge_use1-az5': 1, 'c6id.xlarge_use1-az6': 1, 'c6in.12xlarge_use1-az1': 1, 'c6in.12xlarge_use1-az6': 1, 'c6in.16xlarge_use1-az4': 1, 'c6in.24xlarge_use1-az6': 1, 'c6in.2xlarge_use1-az1': 1, 'c6in.2xlarge_use1-az2': 1, 'c6in.2xlarge_use1-az4': 1, 'c6in.2xlarge_use1-az6': 1, 'c6in.32xlarge_use1-az1': 1, 'c6in.32xlarge_use1-az6': 1, 'c6in.4xlarge_use1-az1': 5, 'c6in.4xlarge_use1-az2': 5, 'c6in.4xlarge_use1-az4': 5, 'c6in.4xlarge_use1-az6': 25, 'c6in.8xlarge_use1-az1': 1, 'c6in.8xlarge_use1-az6': 1, 'c6in.large_use1-az1': 5, 'c6in.large_use1-az2': 1, 'c6in.large_use1-az4': 1, 'c6in.large_use1-az5': 1, 'c6in.large_use1-az6': 5, 'c6in.xlarge_use1-az1': 20, 'c6in.xlarge_use1-az2': 1, 'c6in.xlarge_use1-az4': 1, 'c6in.xlarge_use1-az6': 10, 'c7a.12xlarge_use1-az1': 5, 'c7a.12xlarge_use1-az2': 5, 'c7a.12xlarge_use1-az4': 1, 'c7a.12xlarge_use1-az6': 15, 'c7a.16xlarge_use1-az1': 1, 'c7a.16xlarge_use1-az2': 1, 'c7a.16xlarge_use1-az6': 5, 'c7a.24xlarge_use1-az1': 1, 'c7a.24xlarge_use1-az2': 1, 'c7a.24xlarge_use1-az5': 1, 'c7a.24xlarge_use1-az6': 5, 'c7a.2xlarge_use1-az1': 1, 'c7a.2xlarge_use1-az2': 1, 'c7a.2xlarge_use1-az4': 25, 'c7a.2xlarge_use1-az5': 1, 'c7a.2xlarge_use1-az6': 10, 'c7a.32xlarge_use1-az1': 1, 'c7a.32xlarge_use1-az2': 1, 'c7a.32xlarge_use1-az6': 15, 'c7a.48xlarge_use1-az1': 1, 'c7a.48xlarge_use1-az2': 1, 'c7a.48xlarge_use1-az5': 1, 'c7a.48xlarge_use1-az6': 20, 'c7a.4xlarge_use1-az1': 5, 'c7a.4xlarge_use1-az2': 10, 'c7a.4xlarge_use1-az4': 5, 'c7a.4xlarge_use1-az5': 1, 'c7a.4xlarge_use1-az6': 50, 'c7a.8xlarge_use1-az1': 1, 'c7a.8xlarge_use1-az2': 1, 'c7a.8xlarge_use1-az4': 1, 'c7a.8xlarge_use1-az6': 10, 'c7a.large_use1-az1': 15, 'c7a.large_use1-az2': 25, 'c7a.large_use1-az4': 30, 'c7a.large_use1-az5': 10, 'c7a.large_use1-az6': 50, 'c7a.xlarge_use1-az1': 5, 'c7a.xlarge_use1-az2': 5, 'c7a.xlarge_use1-az4': 10, 'c7a.xlarge_use1-az5': 5, 'c7a.xlarge_use1-az6': 15, 'c7g.12xlarge_use1-az1': 15, 'c7g.12xlarge_use1-az2': 50, 'c7g.12xlarge_use1-az4': 15, 'c7g.12xlarge_use1-az5': 1, 'c7g.12xlarge_use1-az6': 50, 'c7g.16xlarge_use1-az1': 25, 'c7g.16xlarge_use1-az2': 40, 'c7g.16xlarge_use1-az4': 50, 'c7g.16xlarge_use1-az5': 10, 'c7g.16xlarge_use1-az6': 50, 'c7g.2xlarge_use1-az1': 50, 'c7g.2xlarge_use1-az2': 50, 'c7g.2xlarge_use1-az4': 50, 'c7g.2xlarge_use1-az5': 50, 'c7g.2xlarge_use1-az6': 50, 'c7g.4xlarge_use1-az1': 50, 'c7g.4xlarge_use1-az2': 50, 'c7g.4xlarge_use1-az4': 50, 'c7g.4xlarge_use1-az5': 50, 'c7g.4xlarge_use1-az6': 50, 'c7g.8xlarge_use1-az1': 50, 'c7g.8xlarge_use1-az2': 50, 'c7g.8xlarge_use1-az4': 50, 'c7g.8xlarge_use1-az5': 50, 'c7g.8xlarge_use1-az6': 50, 'c7g.large_use1-az1': 5, 'c7g.large_use1-az2': 45, 'c7g.large_use1-az4': 30, 'c7g.large_use1-az5': 10, 'c7g.large_use1-az6': 30, 'c7g.xlarge_use1-az1': 50, 'c7g.xlarge_use1-az2': 50, 'c7g.xlarge_use1-az4': 50, 'c7g.xlarge_use1-az5': 50, 'c7g.xlarge_use1-az6': 50, 'c7gd.12xlarge_use1-az1': 5, 'c7gd.12xlarge_use1-az2': 30, 'c7gd.12xlarge_use1-az4': 15, 'c7gd.12xlarge_use1-az5': 15, 'c7gd.12xlarge_use1-az6': 50, 'c7gd.16xlarge_use1-az1': 5, 'c7gd.16xlarge_use1-az2': 30, 'c7gd.16xlarge_use1-az4': 40, 'c7gd.16xlarge_use1-az5': 1, 'c7gd.16xlarge_use1-az6': 50, 'c7gd.2xlarge_use1-az1': 15, 'c7gd.2xlarge_use1-az2': 50, 'c7gd.2xlarge_use1-az4': 50, 'c7gd.2xlarge_use1-az5': 5, 'c7gd.2xlarge_use1-az6': 50, 'c7gd.4xlarge_use1-az1': 30, 'c7gd.4xlarge_use1-az2': 25, 'c7gd.4xlarge_use1-az4': 50, 'c7gd.4xlarge_use1-az5': 1, 'c7gd.4xlarge_use1-az6': 50, 'c7gd.8xlarge_use1-az1': 5, 'c7gd.8xlarge_use1-az2': 15, 'c7gd.8xlarge_use1-az4': 10, 'c7gd.8xlarge_use1-az5': 5, 'c7gd.8xlarge_use1-az6': 20, 'c7gd.large_use1-az1': 1, 'c7gd.large_use1-az2': 25, 'c7gd.large_use1-az4': 5, 'c7gd.large_use1-az5': 10, 'c7gd.large_use1-az6': 20, 'c7gd.xlarge_use1-az1': 15, 'c7gd.xlarge_use1-az2': 50, 'c7gd.xlarge_use1-az4': 5, 'c7gd.xlarge_use1-az5': 15, 'c7gd.xlarge_use1-az6': 25, 'c7gn.12xlarge_use1-az2': 1, 'c7gn.12xlarge_use1-az5': 1, 'c7gn.12xlarge_use1-az6': 1, 'c7gn.16xlarge_use1-az2': 5, 'c7gn.16xlarge_use1-az5': 5, 'c7gn.16xlarge_use1-az6': 20, 'c7gn.2xlarge_use1-az1': 1, 'c7gn.2xlarge_use1-az2': 1, 'c7gn.2xlarge_use1-az5': 1, 'c7gn.2xlarge_use1-az6': 5, 'c7gn.4xlarge_use1-az2': 50, 'c7gn.4xlarge_use1-az4': 1, 'c7gn.4xlarge_use1-az5': 1, 'c7gn.4xlarge_use1-az6': 50, 'c7gn.8xlarge_use1-az2': 1, 'c7gn.8xlarge_use1-az5': 1, 'c7gn.8xlarge_use1-az6': 5, 'c7gn.large_use1-az1': 1, 'c7gn.large_use1-az2': 10, 'c7gn.large_use1-az5': 10, 'c7gn.large_use1-az6': 10, 'c7gn.xlarge_use1-az1': 1, 'c7gn.xlarge_use1-az2': 5, 'c7gn.xlarge_use1-az5': 5, 'c7gn.xlarge_use1-az6': 5, 'c7i-flex.2xlarge_use1-az1': 50, 'c7i-flex.2xlarge_use1-az2': 50, 'c7i-flex.2xlarge_use1-az4': 50, 'c7i-flex.2xlarge_use1-az5': 15, 'c7i-flex.2xlarge_use1-az6': 50, 'c7i-flex.4xlarge_use1-az1': 1, 'c7i-flex.4xlarge_use1-az2': 1, 'c7i-flex.4xlarge_use1-az4': 1, 'c7i-flex.4xlarge_use1-az6': 5, 'c7i-flex.8xlarge_use1-az1': 1, 'c7i-flex.8xlarge_use1-az2': 1, 'c7i-flex.8xlarge_use1-az4': 1, 'c7i-flex.8xlarge_use1-az6': 5, 'c7i-flex.large_use1-az1': 40, 'c7i-flex.large_use1-az2': 50, 'c7i-flex.large_use1-az4': 10, 'c7i-flex.large_use1-az5': 1, 'c7i-flex.large_use1-az6': 50, 'c7i-flex.xlarge_use1-az1': 50, 'c7i-flex.xlarge_use1-az2': 50, 'c7i-flex.xlarge_use1-az4': 50, 'c7i-flex.xlarge_use1-az5': 5, 'c7i-flex.xlarge_use1-az6': 50, 'c7i.12xlarge_use1-az1': 5, 'c7i.12xlarge_use1-az2': 15, 'c7i.12xlarge_use1-az4': 15, 'c7i.12xlarge_use1-az6': 5, 'c7i.16xlarge_use1-az1': 1, 'c7i.16xlarge_use1-az2': 5, 'c7i.16xlarge_use1-az4': 1, 'c7i.16xlarge_use1-az6': 15, 'c7i.24xlarge_use1-az1': 5, 'c7i.24xlarge_use1-az2': 5, 'c7i.24xlarge_use1-az4': 5, 'c7i.24xlarge_use1-az5': 1, 'c7i.24xlarge_use1-az6': 15, 'c7i.2xlarge_use1-az1': 10, 'c7i.2xlarge_use1-az2': 10, 'c7i.2xlarge_use1-az4': 10, 'c7i.2xlarge_use1-az5': 5, 'c7i.2xlarge_use1-az6': 25, 'c7i.48xlarge_use1-az1': 10, 'c7i.48xlarge_use1-az2': 10, 'c7i.48xlarge_use1-az4': 5, 'c7i.48xlarge_use1-az5': 1, 'c7i.48xlarge_use1-az6': 50, 'c7i.4xlarge_use1-az1': 5, 'c7i.4xlarge_use1-az2': 5, 'c7i.4xlarge_use1-az4': 5, 'c7i.4xlarge_use1-az5': 1, 'c7i.4xlarge_use1-az6': 15, 'c7i.8xlarge_use1-az1': 1, 'c7i.8xlarge_use1-az2': 5, 'c7i.8xlarge_use1-az4': 5, 'c7i.8xlarge_use1-az6': 10, 'c7i.large_use1-az1': 45, 'c7i.large_use1-az2': 50, 'c7i.large_use1-az4': 50, 'c7i.large_use1-az5': 5, 'c7i.large_use1-az6': 50, 'c7i.xlarge_use1-az1': 5, 'c7i.xlarge_use1-az2': 10, 'c7i.xlarge_use1-az4': 5, 'c7i.xlarge_use1-az5': 1, 'c7i.xlarge_use1-az6': 5, 'c8g.12xlarge_use1-az1': 1, 'c8g.12xlarge_use1-az2': 5, 'c8g.12xlarge_use1-az4': 1, 'c8g.12xlarge_use1-az6': 25, 'c8g.16xlarge_use1-az1': 10, 'c8g.16xlarge_use1-az2': 5, 'c8g.16xlarge_use1-az4': 1, 'c8g.16xlarge_use1-az6': 50, 'c8g.24xlarge_use1-az1': 5, 'c8g.24xlarge_use1-az2': 10, 'c8g.24xlarge_use1-az4': 1, 'c8g.24xlarge_use1-az6': 25, 'c8g.2xlarge_use1-az1': 5, 'c8g.2xlarge_use1-az2': 5, 'c8g.2xlarge_use1-az4': 50, 'c8g.2xlarge_use1-az5': 1, 'c8g.2xlarge_use1-az6': 50, 'c8g.48xlarge_use1-az1': 1, 'c8g.48xlarge_use1-az2': 5, 'c8g.48xlarge_use1-az6': 50, 'c8g.4xlarge_use1-az1': 35, 'c8g.4xlarge_use1-az2': 15, 'c8g.4xlarge_use1-az4': 20, 'c8g.4xlarge_use1-az5': 10, 'c8g.4xlarge_use1-az6': 50, 'c8g.8xlarge_use1-az1': 1, 'c8g.8xlarge_use1-az2': 5, 'c8g.8xlarge_use1-az4': 5, 'c8g.8xlarge_use1-az6': 50, 'c8g.large_use1-az1': 5, 'c8g.large_use1-az2': 20, 'c8g.large_use1-az4': 5, 'c8g.large_use1-az5': 1, 'c8g.large_use1-az6': 40, 'c8g.metal-24xl_use1-az2': 1, 'c8g.metal-24xl_use1-az6': 20, 'c8g.metal-48xl_use1-az1': 1, 'c8g.metal-48xl_use1-az2': 1, 'c8g.metal-48xl_use1-az6': 50, 'c8g.xlarge_use1-az1': 5, 'c8g.xlarge_use1-az2': 30, 'c8g.xlarge_use1-az4': 5, 'c8g.xlarge_use1-az5': 1, 'c8g.xlarge_use1-az6': 50, 'c8gd.12xlarge_use1-az2': 5, 'c8gd.12xlarge_use1-az4': 5, 'c8gd.12xlarge_use1-az5': 1, 'c8gd.12xlarge_use1-az6': 5, 'c8gd.16xlarge_use1-az2': 10, 'c8gd.16xlarge_use1-az4': 10, 'c8gd.16xlarge_use1-az5': 5, 'c8gd.16xlarge_use1-az6': 50, 'c8gd.24xlarge_use1-az2': 1, 'c8gd.24xlarge_use1-az4': 5, 'c8gd.24xlarge_use1-az5': 1, 'c8gd.24xlarge_use1-az6': 5, 'c8gd.2xlarge_use1-az2': 50, 'c8gd.2xlarge_use1-az4': 50, 'c8gd.2xlarge_use1-az5': 10, 'c8gd.2xlarge_use1-az6': 50, 'c8gd.48xlarge_use1-az2': 1, 'c8gd.48xlarge_use1-az6': 15, 'c8gd.4xlarge_use1-az2': 10, 'c8gd.4xlarge_use1-az4': 30, 'c8gd.4xlarge_use1-az5': 1, 'c8gd.4xlarge_use1-az6': 50, 'c8gd.8xlarge_use1-az2': 1, 'c8gd.8xlarge_use1-az4': 1, 'c8gd.8xlarge_use1-az5': 1, 'c8gd.8xlarge_use1-az6': 5, 'c8gd.large_use1-az1': 1, 'c8gd.large_use1-az2': 40, 'c8gd.large_use1-az4': 35, 'c8gd.large_use1-az6': 50, 'c8gd.metal-24xl_use1-az2': 1, 'c8gd.metal-24xl_use1-az4': 1, 'c8gd.metal-24xl_use1-az5': 1, 'c8gd.metal-24xl_use1-az6': 5, 'c8gd.metal-48xl_use1-az2': 1, 'c8gd.metal-48xl_use1-az6': 1, 'c8gd.xlarge_use1-az1': 1, 'c8gd.xlarge_use1-az2': 20, 'c8gd.xlarge_use1-az4': 20, 'c8gd.xlarge_use1-az5': 15, 'c8gd.xlarge_use1-az6': 50, 'c8gn.2xlarge_use1-az2': 1, 'c8gn.2xlarge_use1-az4': 1, 'c8gn.2xlarge_use1-az6': 1, 'c8gn.4xlarge_use1-az2': 1, 'c8gn.4xlarge_use1-az5': 1, 'c8gn.8xlarge_use1-az2': 1, 'c8gn.8xlarge_use1-az6': 1, 'c8gn.large_use1-az6': 1, 'c8i-flex.12xlarge_use1-az6': 1, 'c8i-flex.16xlarge_use1-az6': 1, 'c8i-flex.2xlarge_use1-az2': 25, 'c8i-flex.2xlarge_use1-az4': 15, 'c8i-flex.2xlarge_use1-az6': 50, 'c8i-flex.4xlarge_use1-az2': 5, 'c8i-flex.4xlarge_use1-az4': 1, 'c8i-flex.4xlarge_use1-az6': 5, 'c8i-flex.8xlarge_use1-az6': 1, 'c8i-flex.large_use1-az4': 20, 'c8i-flex.xlarge_use1-az2': 40, 'c8i-flex.xlarge_use1-az4': 5, 'c8i-flex.xlarge_use1-az6': 50, 'c8i.12xlarge_use1-az2': 1, 'c8i.12xlarge_use1-az4': 1, 'c8i.12xlarge_use1-az6': 1, 'c8i.16xlarge_use1-az6': 1, 'c8i.24xlarge_use1-az6': 1, 'c8i.2xlarge_use1-az2': 10, 'c8i.2xlarge_use1-az4': 5, 'c8i.2xlarge_use1-az6': 20, 'c8i.32xlarge_use1-az2': 1, 'c8i.32xlarge_use1-az4': 1, 'c8i.32xlarge_use1-az6': 5, 'c8i.48xlarge_use1-az2': 1, 'c8i.48xlarge_use1-az6': 1, 'c8i.4xlarge_use1-az2': 5, 'c8i.4xlarge_use1-az4': 5, 'c8i.4xlarge_use1-az6': 5, 'c8i.8xlarge_use1-az2': 1, 'c8i.8xlarge_use1-az4': 1, 'c8i.8xlarge_use1-az6': 5, 'c8i.96xlarge_use1-az2': 1, 'c8i.96xlarge_use1-az6': 5, 'c8i.metal-48xl_use1-az2': 1, 'c8i.metal-96xl_use1-az2': 1, 'c8i.metal-96xl_use1-az6': 5, 'c8i.xlarge_use1-az2': 50, 'c8i.xlarge_use1-az4': 15, 'c8i.xlarge_use1-az6': 50, 'd2.2xlarge_use1-az1': 1, 'd2.2xlarge_use1-az6': 1, 'd2.4xlarge_use1-az2': 1, 'd2.4xlarge_use1-az6': 1, 'd2.xlarge_use1-az6': 1, 'd3.2xlarge_use1-az1': 15, 'd3.2xlarge_use1-az2': 45, 'd3.2xlarge_use1-az4': 40, 'd3.2xlarge_use1-az6': 35, 'd3.4xlarge_use1-az1': 1, 'd3.4xlarge_use1-az2': 5, 'd3.4xlarge_use1-az4': 15, 'd3.4xlarge_use1-az6': 5, 'd3.8xlarge_use1-az1': 1, 'd3.8xlarge_use1-az2': 40, 'd3.8xlarge_use1-az4': 35, 'd3.8xlarge_use1-az6': 20, 'd3.xlarge_use1-az1': 10, 'd3.xlarge_use1-az2': 50, 'd3.xlarge_use1-az4': 45, 'd3.xlarge_use1-az6': 25, 'd3en.12xlarge_use1-az1': 1, 'd3en.12xlarge_use1-az2': 10, 'd3en.12xlarge_use1-az4': 20, 'd3en.12xlarge_use1-az6': 50, 'd3en.2xlarge_use1-az1': 5, 'd3en.2xlarge_use1-az2': 25, 'd3en.2xlarge_use1-az4': 15, 'd3en.2xlarge_use1-az6': 50, 'd3en.4xlarge_use1-az1': 1, 'd3en.4xlarge_use1-az2': 5, 'd3en.4xlarge_use1-az4': 10, 'd3en.4xlarge_use1-az6': 50, 'd3en.6xlarge_use1-az1': 1, 'd3en.6xlarge_use1-az2': 5, 'd3en.6xlarge_use1-az4': 15, 'd3en.6xlarge_use1-az6': 50, 'd3en.8xlarge_use1-az1': 1, 'd3en.8xlarge_use1-az2': 15, 'd3en.8xlarge_use1-az4': 5, 'd3en.8xlarge_use1-az6': 50, 'd3en.xlarge_use1-az1': 5, 'd3en.xlarge_use1-az2': 50, 'd3en.xlarge_use1-az4': 30, 'd3en.xlarge_use1-az6': 50, 'f2.12xlarge_use1-az2': 1, 'f2.12xlarge_use1-az4': 1, 'f2.12xlarge_use1-az6': 1, 'f2.48xlarge_use1-az2': 5, 'f2.48xlarge_use1-az4': 5, 'f2.48xlarge_use1-az6': 1, 'g4ad.16xlarge_use1-az1': 5, 'g4ad.16xlarge_use1-az2': 5, 'g4ad.16xlarge_use1-az4': 5, 'g4ad.16xlarge_use1-az6': 10, 'g4ad.2xlarge_use1-az1': 5, 'g4ad.2xlarge_use1-az2': 10, 'g4ad.2xlarge_use1-az4': 10, 'g4ad.2xlarge_use1-az6': 10, 'g4ad.4xlarge_use1-az1': 10, 'g4ad.4xlarge_use1-az2': 15, 'g4ad.4xlarge_use1-az4': 15, 'g4ad.4xlarge_use1-az6': 5, 'g4ad.8xlarge_use1-az1': 1, 'g4ad.8xlarge_use1-az2': 5, 'g4ad.8xlarge_use1-az4': 5, 'g4ad.8xlarge_use1-az6': 5, 'g4ad.xlarge_use1-az1': 20, 'g4ad.xlarge_use1-az2': 20, 'g4ad.xlarge_use1-az4': 25, 'g4ad.xlarge_use1-az6': 20, 'g4dn.12xlarge_use1-az1': 5, 'g4dn.12xlarge_use1-az2': 15, 'g4dn.12xlarge_use1-az4': 15, 'g4dn.12xlarge_use1-az5': 15, 'g4dn.12xlarge_use1-az6': 50, 'g4dn.16xlarge_use1-az1': 1, 'g4dn.16xlarge_use1-az2': 10, 'g4dn.16xlarge_use1-az4': 1, 'g4dn.16xlarge_use1-az5': 5, 'g4dn.16xlarge_use1-az6': 15, 'g4dn.2xlarge_use1-az1': 45, 'g4dn.2xlarge_use1-az2': 50, 'g4dn.2xlarge_use1-az4': 50, 'g4dn.2xlarge_use1-az5': 50, 'g4dn.2xlarge_use1-az6': 50, 'g4dn.4xlarge_use1-az1': 5, 'g4dn.4xlarge_use1-az2': 40, 'g4dn.4xlarge_use1-az4': 25, 'g4dn.4xlarge_use1-az5': 40, 'g4dn.4xlarge_use1-az6': 40, 'g4dn.8xlarge_use1-az1': 1, 'g4dn.8xlarge_use1-az2': 1, 'g4dn.8xlarge_use1-az4': 10, 'g4dn.8xlarge_use1-az5': 1, 'g4dn.8xlarge_use1-az6': 5, 'g4dn.xlarge_use1-az1': 50, 'g4dn.xlarge_use1-az2': 50, 'g4dn.xlarge_use1-az4': 50, 'g4dn.xlarge_use1-az5': 50, 'g4dn.xlarge_use1-az6': 50, 'g5.12xlarge_use1-az2': 1, 'g5.12xlarge_use1-az5': 10, 'g5.12xlarge_use1-az6': 5, 'g5.16xlarge_use1-az1': 1, 'g5.16xlarge_use1-az2': 1, 'g5.16xlarge_use1-az4': 5, 'g5.16xlarge_use1-az5': 5, 'g5.16xlarge_use1-az6': 10, 'g5.24xlarge_use1-az1': 1, 'g5.24xlarge_use1-az2': 1, 'g5.24xlarge_use1-az4': 1, 'g5.24xlarge_use1-az5': 1, 'g5.24xlarge_use1-az6': 5, 'g5.2xlarge_use1-az1': 25, 'g5.2xlarge_use1-az2': 15, 'g5.2xlarge_use1-az4': 15, 'g5.2xlarge_use1-az5': 50, 'g5.2xlarge_use1-az6': 45, 'g5.48xlarge_use1-az2': 1, 'g5.48xlarge_use1-az5': 5, 'g5.48xlarge_use1-az6': 25, 'g5.4xlarge_use1-az1': 1, 'g5.4xlarge_use1-az2': 50, 'g5.4xlarge_use1-az4': 50, 'g5.4xlarge_use1-az5': 40, 'g5.4xlarge_use1-az6': 50, 'g5.8xlarge_use1-az1': 1, 'g5.8xlarge_use1-az2': 5, 'g5.8xlarge_use1-az4': 10, 'g5.8xlarge_use1-az5': 20, 'g5.8xlarge_use1-az6': 10, 'g5.xlarge_use1-az1': 25, 'g5.xlarge_use1-az2': 50, 'g5.xlarge_use1-az4': 50, 'g5.xlarge_use1-az5': 50, 'g5.xlarge_use1-az6': 50, 'g5g.16xlarge_use1-az1': 1, 'g5g.16xlarge_use1-az6': 5, 'g5g.4xlarge_use1-az6': 1, 'g5g.8xlarge_use1-az1': 1, 'g5g.8xlarge_use1-az4': 1, 'g5g.8xlarge_use1-az6': 1, 'g5g.xlarge_use1-az1': 1, 'g5g.xlarge_use1-az2': 1, 'g5g.xlarge_use1-az4': 1, 'g5g.xlarge_use1-az6': 5, 'g6.12xlarge_use1-az1': 5, 'g6.12xlarge_use1-az2': 1, 'g6.12xlarge_use1-az4': 30, 'g6.12xlarge_use1-az6': 50, 'g6.16xlarge_use1-az1': 1, 'g6.16xlarge_use1-az2': 1, 'g6.16xlarge_use1-az4': 1, 'g6.16xlarge_use1-az6': 5, 'g6.24xlarge_use1-az2': 1, 'g6.24xlarge_use1-az4': 1, 'g6.24xlarge_use1-az6': 1, 'g6.2xlarge_use1-az1': 10, 'g6.2xlarge_use1-az2': 25, 'g6.2xlarge_use1-az4': 50, 'g6.2xlarge_use1-az6': 50, 'g6.48xlarge_use1-az2': 5, 'g6.48xlarge_use1-az4': 30, 'g6.48xlarge_use1-az6': 50, 'g6.4xlarge_use1-az1': 5, 'g6.4xlarge_use1-az2': 10, 'g6.4xlarge_use1-az4': 35, 'g6.4xlarge_use1-az6': 50, 'g6.8xlarge_use1-az1': 5, 'g6.8xlarge_use1-az2': 5, 'g6.8xlarge_use1-az4': 10, 'g6.8xlarge_use1-az6': 15, 'g6.xlarge_use1-az1': 5, 'g6.xlarge_use1-az2': 5, 'g6.xlarge_use1-az4': 5, 'g6.xlarge_use1-az6': 5, 'g6e.16xlarge_use1-az1': 10, 'g6e.16xlarge_use1-az2': 15, 'g6e.16xlarge_use1-az4': 40, 'g6e.16xlarge_use1-az6': 20, 'g6e.2xlarge_use1-az1': 10, 'g6e.2xlarge_use1-az2': 1, 'g6e.2xlarge_use1-az4': 10, 'g6e.2xlarge_use1-az6': 5, 'g6e.48xlarge_use1-az4': 5, 'g6e.48xlarge_use1-az6': 1, 'g6e.4xlarge_use1-az1': 1, 'g6e.4xlarge_use1-az4': 5, 'g6e.4xlarge_use1-az6': 1, 'g6e.8xlarge_use1-az1': 1, 'g6e.8xlarge_use1-az2': 1, 'g6e.8xlarge_use1-az4': 1, 'g6e.8xlarge_use1-az6': 1, 'g6e.xlarge_use1-az1': 1, 'g6e.xlarge_use1-az6': 1, 'g6f.2xlarge_use1-az1': 1, 'g6f.2xlarge_use1-az4': 1, 'g6f.2xlarge_use1-az6': 5, 'g6f.4xlarge_use1-az1': 1, 'g6f.4xlarge_use1-az4': 1, 'g6f.4xlarge_use1-az6': 1, 'g6f.large_use1-az1': 10, 'g6f.large_use1-az2': 15, 'g6f.large_use1-az4': 40, 'g6f.large_use1-az6': 20, 'g6f.xlarge_use1-az1': 1, 'g6f.xlarge_use1-az2': 1, 'g6f.xlarge_use1-az4': 5, 'g6f.xlarge_use1-az6': 10, 'gr6.4xlarge_use1-az2': 1, 'gr6.4xlarge_use1-az4': 1, 'gr6.4xlarge_use1-az6': 1, 'gr6.8xlarge_use1-az1': 1, 'gr6.8xlarge_use1-az2': 1, 'gr6.8xlarge_use1-az4': 1, 'gr6.8xlarge_use1-az6': 1, 'i2.2xlarge_use1-az2': 10, 'i2.2xlarge_use1-az3': 5, 'i2.2xlarge_use1-az4': 10, 'i2.2xlarge_use1-az6': 5, 'i2.4xlarge_use1-az1': 1, 'i2.4xlarge_use1-az2': 10, 'i2.4xlarge_use1-az3': 1, 'i2.4xlarge_use1-az4': 10, 'i2.4xlarge_use1-az6': 5, 'i2.8xlarge_use1-az2': 1, 'i2.8xlarge_use1-az3': 1, 'i2.8xlarge_use1-az6': 1, 'i2.xlarge_use1-az1': 1, 'i2.xlarge_use1-az2': 15, 'i2.xlarge_use1-az3': 1, 'i2.xlarge_use1-az4': 20, 'i2.xlarge_use1-az6': 15, 'i3.16xlarge_use1-az1': 20, 'i3.16xlarge_use1-az2': 50, 'i3.16xlarge_use1-az3': 10, 'i3.16xlarge_use1-az4': 50, 'i3.16xlarge_use1-az5': 10, 'i3.16xlarge_use1-az6': 45, 'i3.2xlarge_use1-az1': 50, 'i3.2xlarge_use1-az2': 50, 'i3.2xlarge_use1-az3': 50, 'i3.2xlarge_use1-az4': 50, 'i3.2xlarge_use1-az5': 50, 'i3.2xlarge_use1-az6': 50, 'i3.4xlarge_use1-az1': 50, 'i3.4xlarge_use1-az2': 50, 'i3.4xlarge_use1-az3': 50, 'i3.4xlarge_use1-az4': 50, 'i3.4xlarge_use1-az5': 50, 'i3.4xlarge_use1-az6': 50, 'i3.8xlarge_use1-az1': 50, 'i3.8xlarge_use1-az2': 50, 'i3.8xlarge_use1-az3': 50, 'i3.8xlarge_use1-az4': 50, 'i3.8xlarge_use1-az5': 25, 'i3.8xlarge_use1-az6': 50, 'i3.large_use1-az1': 50, 'i3.large_use1-az2': 50, 'i3.large_use1-az3': 50, 'i3.large_use1-az4': 50, 'i3.large_use1-az5': 50, 'i3.large_use1-az6': 50, 'i3.xlarge_use1-az1': 50, 'i3.xlarge_use1-az2': 50, 'i3.xlarge_use1-az3': 50, 'i3.xlarge_use1-az4': 50, 'i3.xlarge_use1-az5': 50, 'i3.xlarge_use1-az6': 50, 'i3en.12xlarge_use1-az1': 1, 'i3en.12xlarge_use1-az2': 1, 'i3en.12xlarge_use1-az6': 50, 'i3en.24xlarge_use1-az6': 20, 'i3en.2xlarge_use1-az1': 50, 'i3en.2xlarge_use1-az2': 50, 'i3en.2xlarge_use1-az4': 30, 'i3en.2xlarge_use1-az5': 50, 'i3en.2xlarge_use1-az6': 50, 'i3en.3xlarge_use1-az1': 50, 'i3en.3xlarge_use1-az2': 50, 'i3en.3xlarge_use1-az4': 50, 'i3en.3xlarge_use1-az5': 50, 'i3en.3xlarge_use1-az6': 50, 'i3en.6xlarge_use1-az1': 10, 'i3en.6xlarge_use1-az2': 20, 'i3en.6xlarge_use1-az4': 10, 'i3en.6xlarge_use1-az6': 50, 'i3en.large_use1-az1': 50, 'i3en.large_use1-az2': 50, 'i3en.large_use1-az4': 45, 'i3en.large_use1-az5': 35, 'i3en.large_use1-az6': 50, 'i3en.xlarge_use1-az1': 50, 'i3en.xlarge_use1-az2': 50, 'i3en.xlarge_use1-az4': 50, 'i3en.xlarge_use1-az5': 50, 'i3en.xlarge_use1-az6': 50, 'i4g.16xlarge_use1-az2': 1, 'i4g.16xlarge_use1-az4': 1, 'i4g.16xlarge_use1-az5': 50, 'i4g.16xlarge_use1-az6': 50, 'i4g.2xlarge_use1-az2': 10, 'i4g.2xlarge_use1-az4': 15, 'i4g.2xlarge_use1-az5': 40, 'i4g.2xlarge_use1-az6': 50, 'i4g.4xlarge_use1-az2': 25, 'i4g.4xlarge_use1-az4': 30, 'i4g.4xlarge_use1-az5': 50, 'i4g.4xlarge_use1-az6': 50, 'i4g.8xlarge_use1-az5': 45, 'i4g.8xlarge_use1-az6': 15, 'i4g.large_use1-az1': 5, 'i4g.large_use1-az2': 5, 'i4g.large_use1-az4': 5, 'i4g.large_use1-az5': 25, 'i4g.large_use1-az6': 50, 'i4g.xlarge_use1-az2': 10, 'i4g.xlarge_use1-az4': 1, 'i4g.xlarge_use1-az5': 50, 'i4g.xlarge_use1-az6': 50, 'i4i.12xlarge_use1-az2': 5, 'i4i.16xlarge_use1-az1': 1, 'i4i.16xlarge_use1-az2': 1, 'i4i.16xlarge_use1-az4': 1, 'i4i.16xlarge_use1-az6': 1, 'i4i.24xlarge_use1-az2': 1, 'i4i.2xlarge_use1-az1': 15, 'i4i.2xlarge_use1-az2': 50, 'i4i.2xlarge_use1-az4': 50, 'i4i.2xlarge_use1-az5': 1, 'i4i.2xlarge_use1-az6': 50, 'i4i.4xlarge_use1-az1': 1, 'i4i.4xlarge_use1-az2': 35, 'i4i.4xlarge_use1-az4': 1, 'i4i.4xlarge_use1-az6': 15, 'i4i.8xlarge_use1-az1': 1, 'i4i.8xlarge_use1-az2': 40, 'i4i.8xlarge_use1-az6': 5, 'i4i.large_use1-az1': 50, 'i4i.large_use1-az2': 50, 'i4i.large_use1-az4': 50, 'i4i.large_use1-az5': 50, 'i4i.large_use1-az6': 50, 'i4i.xlarge_use1-az1': 50, 'i4i.xlarge_use1-az2': 50, 'i4i.xlarge_use1-az4': 50, 'i4i.xlarge_use1-az5': 50, 'i4i.xlarge_use1-az6': 50, 'i7i.12xlarge_use1-az1': 1, 'i7i.12xlarge_use1-az2': 1, 'i7i.12xlarge_use1-az4': 1, 'i7i.12xlarge_use1-az5': 1, 'i7i.12xlarge_use1-az6': 1, 'i7i.16xlarge_use1-az2': 1, 'i7i.16xlarge_use1-az4': 5, 'i7i.16xlarge_use1-az5': 1, 'i7i.16xlarge_use1-az6': 1, 'i7i.24xlarge_use1-az2': 1, 'i7i.24xlarge_use1-az4': 1, 'i7i.24xlarge_use1-az5': 1, 'i7i.24xlarge_use1-az6': 1, 'i7i.2xlarge_use1-az1': 1, 'i7i.2xlarge_use1-az2': 50, 'i7i.2xlarge_use1-az4': 45, 'i7i.2xlarge_use1-az5': 20, 'i7i.2xlarge_use1-az6': 10, 'i7i.48xlarge_use1-az2': 1, 'i7i.4xlarge_use1-az1': 1, 'i7i.4xlarge_use1-az2': 15, 'i7i.4xlarge_use1-az4': 20, 'i7i.4xlarge_use1-az5': 5, 'i7i.4xlarge_use1-az6': 20, 'i7i.8xlarge_use1-az1': 1, 'i7i.8xlarge_use1-az2': 1, 'i7i.8xlarge_use1-az4': 5, 'i7i.8xlarge_use1-az5': 1, 'i7i.8xlarge_use1-az6': 1, 'i7i.metal-24xl_use1-az2': 1, 'i7i.metal-24xl_use1-az4': 50, 'i7i.metal-24xl_use1-az6': 35, 'i7i.xlarge_use1-az1': 1, 'i7i.xlarge_use1-az6': 20, 'i7ie.12xlarge_use1-az1': 1, 'i7ie.12xlarge_use1-az4': 1, 'i7ie.12xlarge_use1-az6': 30, 'i7ie.18xlarge_use1-az4': 1, 'i7ie.18xlarge_use1-az6': 20, 'i7ie.24xlarge_use1-az1': 1, 'i7ie.24xlarge_use1-az2': 1, 'i7ie.24xlarge_use1-az4': 1, 'i7ie.24xlarge_use1-az6': 50, 'i7ie.2xlarge_use1-az1': 5, 'i7ie.2xlarge_use1-az2': 1, 'i7ie.2xlarge_use1-az4': 15, 'i7ie.2xlarge_use1-az6': 35, 'i7ie.3xlarge_use1-az1': 5, 'i7ie.3xlarge_use1-az2': 1, 'i7ie.3xlarge_use1-az4': 5, 'i7ie.3xlarge_use1-az6': 30, 'i7ie.48xlarge_use1-az6': 50, 'i7ie.6xlarge_use1-az1': 25, 'i7ie.6xlarge_use1-az4': 20, 'i7ie.6xlarge_use1-az6': 50, 'i7ie.large_use1-az1': 45, 'i7ie.large_use1-az2': 15, 'i7ie.large_use1-az4': 50, 'i7ie.large_use1-az6': 50, 'i7ie.metal-24xl_use1-az4': 1, 'i7ie.metal-24xl_use1-az6': 15, 'i7ie.metal-48xl_use1-az6': 10, 'i7ie.xlarge_use1-az1': 10, 'i7ie.xlarge_use1-az2': 25, 'i7ie.xlarge_use1-az4': 45, 'i7ie.xlarge_use1-az6': 50, 'i8g.12xlarge_use1-az6': 1, 'i8g.24xlarge_use1-az6': 10, 'i8g.2xlarge_use1-az2': 1, 'i8g.4xlarge_use1-az2': 1, 'i8g.8xlarge_use1-az6': 5, 'i8g.large_use1-az2': 10, 'i8g.large_use1-az6': 5, 'i8g.xlarge_use1-az2': 1, 'i8g.xlarge_use1-az4': 1, 'i8g.xlarge_use1-az6': 1, 'i8ge.12xlarge_use1-az4': 1, 'i8ge.12xlarge_use1-az6': 5, 'i8ge.18xlarge_use1-az2': 1, 'i8ge.18xlarge_use1-az4': 1, 'i8ge.18xlarge_use1-az6': 5, 'i8ge.24xlarge_use1-az4': 1, 'i8ge.24xlarge_use1-az6': 5, 'i8ge.2xlarge_use1-az4': 10, 'i8ge.3xlarge_use1-az2': 1, 'i8ge.3xlarge_use1-az4': 5, 'i8ge.48xlarge_use1-az4': 5, 'i8ge.6xlarge_use1-az2': 1, 'i8ge.6xlarge_use1-az4': 1, 'i8ge.large_use1-az2': 5, 'i8ge.large_use1-az4': 50, 'i8ge.metal-24xl_use1-az4': 1, 'i8ge.metal-48xl_use1-az6': 1, 'i8ge.xlarge_use1-az4': 20, 'im4gn.16xlarge_use1-az4': 45, 'im4gn.2xlarge_use1-az1': 10, 'im4gn.2xlarge_use1-az4': 20, 'im4gn.2xlarge_use1-az6': 15, 'im4gn.4xlarge_use1-az1': 5, 'im4gn.4xlarge_use1-az4': 15, 'im4gn.8xlarge_use1-az1': 1, 'im4gn.8xlarge_use1-az4': 5, 'im4gn.large_use1-az1': 35, 'im4gn.large_use1-az2': 10, 'im4gn.large_use1-az4': 50, 'im4gn.large_use1-az6': 10, 'im4gn.xlarge_use1-az1': 25, 'im4gn.xlarge_use1-az2': 50, 'im4gn.xlarge_use1-az4': 30, 'im4gn.xlarge_use1-az6': 40, 'inf1.24xlarge_use1-az1': 1, 'inf1.24xlarge_use1-az2': 1, 'inf1.24xlarge_use1-az4': 10, 'inf1.24xlarge_use1-az5': 5, 'inf1.24xlarge_use1-az6': 20, 'inf1.2xlarge_use1-az1': 15, 'inf1.2xlarge_use1-az2': 15, 'inf1.2xlarge_use1-az4': 30, 'inf1.2xlarge_use1-az5': 40, 'inf1.2xlarge_use1-az6': 40, 'inf1.6xlarge_use1-az1': 1, 'inf1.6xlarge_use1-az2': 1, 'inf1.6xlarge_use1-az4': 5, 'inf1.6xlarge_use1-az5': 5, 'inf1.6xlarge_use1-az6': 10, 'inf1.xlarge_use1-az1': 50, 'inf1.xlarge_use1-az2': 50, 'inf1.xlarge_use1-az4': 40, 'inf1.xlarge_use1-az5': 50, 'inf1.xlarge_use1-az6': 50, 'inf2.24xlarge_use1-az4': 1, 'inf2.24xlarge_use1-az6': 10, 'inf2.48xlarge_use1-az6': 15, 'inf2.8xlarge_use1-az2': 5, 'inf2.8xlarge_use1-az4': 5, 'inf2.8xlarge_use1-az5': 1, 'inf2.8xlarge_use1-az6': 1, 'inf2.xlarge_use1-az2': 5, 'inf2.xlarge_use1-az4': 1, 'inf2.xlarge_use1-az6': 50, 'is4gen.2xlarge_use1-az1': 1, 'is4gen.2xlarge_use1-az2': 50, 'is4gen.2xlarge_use1-az4': 50, 'is4gen.2xlarge_use1-az6': 50, 'is4gen.4xlarge_use1-az1': 1, 'is4gen.8xlarge_use1-az1': 1, 'is4gen.8xlarge_use1-az4': 1, 'is4gen.large_use1-az1': 5, 'is4gen.large_use1-az2': 1, 'is4gen.large_use1-az4': 10, 'is4gen.large_use1-az6': 15, 'is4gen.medium_use1-az1': 50, 'is4gen.medium_use1-az2': 25, 'is4gen.medium_use1-az4': 40, 'is4gen.medium_use1-az6': 30, 'is4gen.xlarge_use1-az1': 1, 'is4gen.xlarge_use1-az2': 1, 'is4gen.xlarge_use1-az4': 15, 'is4gen.xlarge_use1-az6': 1, 'm1.large_use1-az1': 5, 'm1.large_use1-az2': 25, 'm1.large_use1-az4': 20, 'm1.large_use1-az6': 15, 'm1.xlarge_use1-az1': 1, 'm1.xlarge_use1-az2': 10, 'm1.xlarge_use1-az4': 10, 'm1.xlarge_use1-az6': 10, 'm2.2xlarge_use1-az1': 5, 'm2.2xlarge_use1-az2': 10, 'm2.2xlarge_use1-az4': 15, 'm2.2xlarge_use1-az6': 5, 'm2.4xlarge_use1-az1': 1, 'm2.4xlarge_use1-az2': 5, 'm2.4xlarge_use1-az4': 5, 'm2.4xlarge_use1-az6': 5, 'm2.xlarge_use1-az1': 5, 'm2.xlarge_use1-az2': 20, 'm2.xlarge_use1-az4': 20, 'm2.xlarge_use1-az6': 15, 'm3.2xlarge_use1-az2': 25, 'm3.2xlarge_use1-az3': 1, 'm3.2xlarge_use1-az4': 40, 'm3.2xlarge_use1-az6': 45, 'm3.large_use1-az2': 50, 'm3.large_use1-az3': 1, 'm3.large_use1-az4': 50, 'm3.large_use1-az6': 50, 'm3.xlarge_use1-az2': 50, 'm3.xlarge_use1-az3': 1, 'm3.xlarge_use1-az4': 50, 'm3.xlarge_use1-az6': 50, 'm4.10xlarge_use1-az1': 5, 'm4.10xlarge_use1-az2': 10, 'm4.10xlarge_use1-az3': 1, 'm4.10xlarge_use1-az4': 50, 'm4.10xlarge_use1-az5': 1, 'm4.10xlarge_use1-az6': 50, 'm4.2xlarge_use1-az1': 5, 'm4.2xlarge_use1-az2': 20, 'm4.2xlarge_use1-az3': 50, 'm4.2xlarge_use1-az4': 20, 'm4.2xlarge_use1-az5': 1, 'm4.2xlarge_use1-az6': 25, 'm4.4xlarge_use1-az1': 50, 'm4.4xlarge_use1-az2': 50, 'm4.4xlarge_use1-az3': 50, 'm4.4xlarge_use1-az4': 25, 'm4.4xlarge_use1-az5': 10, 'm4.4xlarge_use1-az6': 15, 'm4.large_use1-az1': 30, 'm4.large_use1-az2': 50, 'm4.large_use1-az3': 25, 'm4.large_use1-az4': 50, 'm4.large_use1-az5': 10, 'm4.large_use1-az6': 50, 'm4.xlarge_use1-az1': 15, 'm4.xlarge_use1-az2': 50, 'm4.xlarge_use1-az3': 50, 'm4.xlarge_use1-az4': 50, 'm4.xlarge_use1-az5': 30, 'm4.xlarge_use1-az6': 50, 'm5.12xlarge_use1-az1': 5, 'm5.12xlarge_use1-az2': 25, 'm5.12xlarge_use1-az4': 50, 'm5.12xlarge_use1-az5': 1, 'm5.12xlarge_use1-az6': 40, 'm5.16xlarge_use1-az1': 10, 'm5.16xlarge_use1-az2': 50, 'm5.16xlarge_use1-az4': 50, 'm5.16xlarge_use1-az5': 1, 'm5.16xlarge_use1-az6': 50, 'm5.24xlarge_use1-az1': 5, 'm5.24xlarge_use1-az2': 5, 'm5.24xlarge_use1-az4': 5, 'm5.24xlarge_use1-az5': 1, 'm5.24xlarge_use1-az6': 35, 'm5.2xlarge_use1-az1': 50, 'm5.2xlarge_use1-az2': 50, 'm5.2xlarge_use1-az4': 50, 'm5.2xlarge_use1-az5': 50, 'm5.2xlarge_use1-az6': 50, 'm5.4xlarge_use1-az1': 50, 'm5.4xlarge_use1-az2': 50, 'm5.4xlarge_use1-az4': 50, 'm5.4xlarge_use1-az5': 10, 'm5.4xlarge_use1-az6': 50, 'm5.8xlarge_use1-az1': 50, 'm5.8xlarge_use1-az2': 40, 'm5.8xlarge_use1-az4': 50, 'm5.8xlarge_use1-az5': 1, 'm5.8xlarge_use1-az6': 50, 'm5.large_use1-az1': 50, 'm5.large_use1-az2': 50, 'm5.large_use1-az4': 50, 'm5.large_use1-az5': 50, 'm5.large_use1-az6': 50, 'm5.xlarge_use1-az1': 50, 'm5.xlarge_use1-az2': 50, 'm5.xlarge_use1-az4': 50, 'm5.xlarge_use1-az5': 50, 'm5.xlarge_use1-az6': 50, 'm5a.12xlarge_use1-az2': 1, 'm5a.12xlarge_use1-az4': 1, 'm5a.12xlarge_use1-az6': 1, 'm5a.16xlarge_use1-az2': 1, 'm5a.16xlarge_use1-az4': 1, 'm5a.16xlarge_use1-az6': 1, 'm5a.24xlarge_use1-az1': 1, 'm5a.24xlarge_use1-az2': 1, 'm5a.24xlarge_use1-az4': 1, 'm5a.24xlarge_use1-az5': 5, 'm5a.24xlarge_use1-az6': 5, 'm5a.2xlarge_use1-az1': 10, 'm5a.2xlarge_use1-az2': 25, 'm5a.2xlarge_use1-az4': 25, 'm5a.2xlarge_use1-az5': 5, 'm5a.2xlarge_use1-az6': 45, 'm5a.4xlarge_use1-az1': 5, 'm5a.4xlarge_use1-az2': 10, 'm5a.4xlarge_use1-az4': 5, 'm5a.4xlarge_use1-az5': 10, 'm5a.4xlarge_use1-az6': 15, 'm5a.8xlarge_use1-az1': 1, 'm5a.8xlarge_use1-az2': 20, 'm5a.8xlarge_use1-az4': 20, 'm5a.8xlarge_use1-az5': 1, 'm5a.8xlarge_use1-az6': 5, 'm5a.large_use1-az1': 50, 'm5a.large_use1-az2': 50, 'm5a.large_use1-az4': 50, 'm5a.large_use1-az5': 45, 'm5a.large_use1-az6': 50, 'm5a.xlarge_use1-az1': 10, 'm5a.xlarge_use1-az2': 30, 'm5a.xlarge_use1-az4': 10, 'm5a.xlarge_use1-az5': 20, 'm5a.xlarge_use1-az6': 50, 'm5ad.12xlarge_use1-az1': 1, 'm5ad.16xlarge_use1-az1': 1, 'm5ad.16xlarge_use1-az2': 1, 'm5ad.16xlarge_use1-az4': 1, 'm5ad.16xlarge_use1-az6': 1, 'm5ad.24xlarge_use1-az1': 5, 'm5ad.24xlarge_use1-az2': 1, 'm5ad.24xlarge_use1-az4': 1, 'm5ad.24xlarge_use1-az6': 5, 'm5ad.2xlarge_use1-az1': 1, 'm5ad.2xlarge_use1-az2': 1, 'm5ad.2xlarge_use1-az4': 5, 'm5ad.2xlarge_use1-az6': 1, 'm5ad.4xlarge_use1-az1': 1, 'm5ad.4xlarge_use1-az2': 1, 'm5ad.4xlarge_use1-az4': 1, 'm5ad.4xlarge_use1-az6': 1, 'm5ad.8xlarge_use1-az2': 1, 'm5ad.large_use1-az1': 10, 'm5ad.large_use1-az2': 5, 'm5ad.large_use1-az4': 10, 'm5ad.large_use1-az5': 1, 'm5ad.large_use1-az6': 10, 'm5ad.xlarge_use1-az1': 1, 'm5ad.xlarge_use1-az2': 10, 'm5ad.xlarge_use1-az4': 5, 'm5ad.xlarge_use1-az6': 5, 'm5d.12xlarge_use1-az1': 1, 'm5d.12xlarge_use1-az2': 25, 'm5d.12xlarge_use1-az4': 30, 'm5d.12xlarge_use1-az6': 15, 'm5d.16xlarge_use1-az1': 5, 'm5d.16xlarge_use1-az2': 35, 'm5d.16xlarge_use1-az4': 20, 'm5d.16xlarge_use1-az5': 1, 'm5d.16xlarge_use1-az6': 50, 'm5d.24xlarge_use1-az1': 20, 'm5d.24xlarge_use1-az2': 15, 'm5d.24xlarge_use1-az4': 5, 'm5d.24xlarge_use1-az5': 1, 'm5d.24xlarge_use1-az6': 50, 'm5d.2xlarge_use1-az1': 5, 'm5d.2xlarge_use1-az2': 25, 'm5d.2xlarge_use1-az4': 25, 'm5d.2xlarge_use1-az6': 30, 'm5d.4xlarge_use1-az1': 5, 'm5d.4xlarge_use1-az2': 15, 'm5d.4xlarge_use1-az4': 25, 'm5d.4xlarge_use1-az6': 25, 'm5d.8xlarge_use1-az1': 1, 'm5d.8xlarge_use1-az2': 25, 'm5d.8xlarge_use1-az4': 10, 'm5d.8xlarge_use1-az5': 1, 'm5d.8xlarge_use1-az6': 10, 'm5d.large_use1-az1': 5, 'm5d.large_use1-az2': 50, 'm5d.large_use1-az4': 50, 'm5d.large_use1-az6': 50, 'm5d.xlarge_use1-az1': 50, 'm5d.xlarge_use1-az2': 50, 'm5d.xlarge_use1-az4': 50, 'm5d.xlarge_use1-az5': 1, 'm5d.xlarge_use1-az6': 50, 'm5dn.12xlarge_use1-az1': 1, 'm5dn.12xlarge_use1-az4': 1, 'm5dn.12xlarge_use1-az6': 1, 'm5dn.16xlarge_use1-az1': 1, 'm5dn.16xlarge_use1-az2': 5, 'm5dn.16xlarge_use1-az4': 1, 'm5dn.16xlarge_use1-az6': 1, 'm5dn.24xlarge_use1-az1': 1, 'm5dn.24xlarge_use1-az2': 1, 'm5dn.24xlarge_use1-az4': 1, 'm5dn.24xlarge_use1-az6': 5, 'm5dn.2xlarge_use1-az1': 10, 'm5dn.2xlarge_use1-az2': 5, 'm5dn.2xlarge_use1-az4': 5, 'm5dn.2xlarge_use1-az5': 1, 'm5dn.2xlarge_use1-az6': 15, 'm5dn.4xlarge_use1-az1': 5, 'm5dn.4xlarge_use1-az2': 5, 'm5dn.4xlarge_use1-az4': 1, 'm5dn.4xlarge_use1-az5': 1, 'm5dn.4xlarge_use1-az6': 5, 'm5dn.8xlarge_use1-az2': 1, 'm5dn.8xlarge_use1-az6': 1, 'm5dn.large_use1-az1': 35, 'm5dn.large_use1-az2': 30, 'm5dn.large_use1-az4': 40, 'm5dn.large_use1-az5': 15, 'm5dn.large_use1-az6': 50, 'm5dn.xlarge_use1-az1': 10, 'm5dn.xlarge_use1-az2': 25, 'm5dn.xlarge_use1-az4': 20, 'm5dn.xlarge_use1-az5': 1, 'm5dn.xlarge_use1-az6': 30, 'm5n.12xlarge_use1-az1': 1, 'm5n.12xlarge_use1-az2': 1, 'm5n.12xlarge_use1-az4': 1, 'm5n.12xlarge_use1-az5': 1, 'm5n.12xlarge_use1-az6': 1, 'm5n.16xlarge_use1-az2': 1, 'm5n.16xlarge_use1-az4': 1, 'm5n.16xlarge_use1-az6': 1, 'm5n.24xlarge_use1-az2': 1, 'm5n.24xlarge_use1-az4': 1, 'm5n.24xlarge_use1-az6': 1, 'm5n.2xlarge_use1-az1': 15, 'm5n.2xlarge_use1-az2': 25, 'm5n.2xlarge_use1-az4': 30, 'm5n.2xlarge_use1-az5': 5, 'm5n.2xlarge_use1-az6': 25, 'm5n.4xlarge_use1-az1': 25, 'm5n.4xlarge_use1-az2': 35, 'm5n.4xlarge_use1-az4': 50, 'm5n.4xlarge_use1-az5': 5, 'm5n.4xlarge_use1-az6': 10, 'm5n.8xlarge_use1-az1': 1, 'm5n.8xlarge_use1-az2': 1, 'm5n.8xlarge_use1-az4': 1, 'm5n.8xlarge_use1-az6': 5, 'm5n.large_use1-az1': 5, 'm5n.large_use1-az2': 15, 'm5n.large_use1-az4': 5, 'm5n.large_use1-az5': 5, 'm5n.large_use1-az6': 15, 'm5n.xlarge_use1-az1': 20, 'm5n.xlarge_use1-az2': 50, 'm5n.xlarge_use1-az4': 50, 'm5n.xlarge_use1-az5': 1, 'm5n.xlarge_use1-az6': 50, 'm5zn.12xlarge_use1-az2': 1, 'm5zn.12xlarge_use1-az4': 10, 'm5zn.12xlarge_use1-az5': 1, 'm5zn.12xlarge_use1-az6': 5, 'm5zn.2xlarge_use1-az1': 1, 'm5zn.2xlarge_use1-az2': 1, 'm5zn.2xlarge_use1-az4': 25, 'm5zn.2xlarge_use1-az5': 1, 'm5zn.2xlarge_use1-az6': 5, 'm5zn.3xlarge_use1-az1': 1, 'm5zn.3xlarge_use1-az2': 1, 'm5zn.3xlarge_use1-az4': 5, 'm5zn.3xlarge_use1-az6': 5, 'm5zn.6xlarge_use1-az4': 1, 'm5zn.6xlarge_use1-az6': 1, 'm5zn.large_use1-az1': 5, 'm5zn.large_use1-az2': 5, 'm5zn.large_use1-az4': 30, 'm5zn.large_use1-az5': 15, 'm5zn.large_use1-az6': 20, 'm5zn.xlarge_use1-az1': 1, 'm5zn.xlarge_use1-az2': 1, 'm5zn.xlarge_use1-az4': 20, 'm5zn.xlarge_use1-az5': 5, 'm5zn.xlarge_use1-az6': 5, 'm6a.12xlarge_use1-az1': 5, 'm6a.12xlarge_use1-az2': 5, 'm6a.12xlarge_use1-az4': 15, 'm6a.12xlarge_use1-az6': 10, 'm6a.16xlarge_use1-az1': 5, 'm6a.16xlarge_use1-az2': 5, 'm6a.16xlarge_use1-az4': 5, 'm6a.16xlarge_use1-az6': 5, 'm6a.24xlarge_use1-az1': 1, 'm6a.24xlarge_use1-az2': 1, 'm6a.24xlarge_use1-az4': 1, 'm6a.24xlarge_use1-az6': 1, 'm6a.2xlarge_use1-az1': 50, 'm6a.2xlarge_use1-az2': 35, 'm6a.2xlarge_use1-az4': 45, 'm6a.2xlarge_use1-az5': 15, 'm6a.2xlarge_use1-az6': 50, 'm6a.32xlarge_use1-az2': 1, 'm6a.32xlarge_use1-az4': 1, 'm6a.32xlarge_use1-az5': 1, 'm6a.32xlarge_use1-az6': 1, 'm6a.48xlarge_use1-az2': 1, 'm6a.48xlarge_use1-az4': 1, 'm6a.48xlarge_use1-az6': 1, 'm6a.4xlarge_use1-az1': 45, 'm6a.4xlarge_use1-az2': 40, 'm6a.4xlarge_use1-az4': 25, 'm6a.4xlarge_use1-az5': 5, 'm6a.4xlarge_use1-az6': 50, 'm6a.8xlarge_use1-az1': 25, 'm6a.8xlarge_use1-az2': 15, 'm6a.8xlarge_use1-az4': 50, 'm6a.8xlarge_use1-az5': 10, 'm6a.8xlarge_use1-az6': 50, 'm6a.large_use1-az1': 50, 'm6a.large_use1-az2': 50, 'm6a.large_use1-az4': 50, 'm6a.large_use1-az5': 30, 'm6a.large_use1-az6': 50, 'm6a.xlarge_use1-az1': 50, 'm6a.xlarge_use1-az2': 50, 'm6a.xlarge_use1-az4': 50, 'm6a.xlarge_use1-az5': 35, 'm6a.xlarge_use1-az6': 50, 'm6g.12xlarge_use1-az1': 1, 'm6g.12xlarge_use1-az2': 5, 'm6g.12xlarge_use1-az4': 50, 'm6g.12xlarge_use1-az6': 50, 'm6g.16xlarge_use1-az1': 1, 'm6g.16xlarge_use1-az2': 5, 'm6g.16xlarge_use1-az4': 25, 'm6g.16xlarge_use1-az6': 50, 'm6g.2xlarge_use1-az1': 15, 'm6g.2xlarge_use1-az2': 50, 'm6g.2xlarge_use1-az4': 50, 'm6g.2xlarge_use1-az5': 5, 'm6g.2xlarge_use1-az6': 50, 'm6g.4xlarge_use1-az1': 10, 'm6g.4xlarge_use1-az2': 50, 'm6g.4xlarge_use1-az4': 50, 'm6g.4xlarge_use1-az5': 10, 'm6g.4xlarge_use1-az6': 50, 'm6g.8xlarge_use1-az1': 5, 'm6g.8xlarge_use1-az2': 50, 'm6g.8xlarge_use1-az4': 50, 'm6g.8xlarge_use1-az6': 50, 'm6g.large_use1-az1': 1, 'm6g.large_use1-az2': 50, 'm6g.large_use1-az4': 50, 'm6g.large_use1-az5': 5, 'm6g.large_use1-az6': 50, 'm6g.medium_use1-az1': 5, 'm6g.medium_use1-az2': 5, 'm6g.medium_use1-az4': 10, 'm6g.medium_use1-az5': 1, 'm6g.medium_use1-az6': 15, 'm6g.xlarge_use1-az1': 50, 'm6g.xlarge_use1-az2': 50, 'm6g.xlarge_use1-az4': 50, 'm6g.xlarge_use1-az5': 50, 'm6g.xlarge_use1-az6': 50, 'm6gd.12xlarge_use1-az1': 10, 'm6gd.12xlarge_use1-az2': 40, 'm6gd.12xlarge_use1-az4': 20, 'm6gd.12xlarge_use1-az5': 5, 'm6gd.12xlarge_use1-az6': 50, 'm6gd.16xlarge_use1-az1': 5, 'm6gd.16xlarge_use1-az2': 10, 'm6gd.16xlarge_use1-az4': 10, 'm6gd.16xlarge_use1-az5': 10, 'm6gd.16xlarge_use1-az6': 35, 'm6gd.2xlarge_use1-az1': 1, 'm6gd.2xlarge_use1-az2': 50, 'm6gd.2xlarge_use1-az4': 45, 'm6gd.2xlarge_use1-az5': 1, 'm6gd.2xlarge_use1-az6': 5, 'm6gd.4xlarge_use1-az1': 1, 'm6gd.4xlarge_use1-az2': 5, 'm6gd.4xlarge_use1-az4': 5, 'm6gd.4xlarge_use1-az5': 1, 'm6gd.4xlarge_use1-az6': 15, 'm6gd.8xlarge_use1-az1': 5, 'm6gd.8xlarge_use1-az2': 10, 'm6gd.8xlarge_use1-az4': 15, 'm6gd.8xlarge_use1-az5': 1, 'm6gd.8xlarge_use1-az6': 20, 'm6gd.large_use1-az1': 1, 'm6gd.large_use1-az2': 5, 'm6gd.large_use1-az4': 5, 'm6gd.large_use1-az5': 1, 'm6gd.large_use1-az6': 15, 'm6gd.medium_use1-az1': 1, 'm6gd.medium_use1-az2': 1, 'm6gd.medium_use1-az4': 1, 'm6gd.medium_use1-az5': 5, 'm6gd.medium_use1-az6': 1, 'm6gd.xlarge_use1-az1': 1, 'm6gd.xlarge_use1-az2': 10, 'm6gd.xlarge_use1-az4': 35, 'm6gd.xlarge_use1-az5': 1, 'm6gd.xlarge_use1-az6': 15, 'm6i.12xlarge_use1-az1': 1, 'm6i.12xlarge_use1-az2': 10, 'm6i.12xlarge_use1-az4': 50, 'm6i.12xlarge_use1-az5': 1, 'm6i.12xlarge_use1-az6': 30, 'm6i.16xlarge_use1-az1': 1, 'm6i.16xlarge_use1-az2': 10, 'm6i.16xlarge_use1-az4': 5, 'm6i.16xlarge_use1-az5': 1, 'm6i.16xlarge_use1-az6': 10, 'm6i.24xlarge_use1-az2': 10, 'm6i.24xlarge_use1-az4': 5, 'm6i.24xlarge_use1-az5': 1, 'm6i.24xlarge_use1-az6': 50, 'm6i.2xlarge_use1-az1': 25, 'm6i.2xlarge_use1-az2': 50, 'm6i.2xlarge_use1-az4': 50, 'm6i.2xlarge_use1-az5': 25, 'm6i.2xlarge_use1-az6': 50, 'm6i.32xlarge_use1-az2': 1, 'm6i.32xlarge_use1-az4': 5, 'm6i.32xlarge_use1-az5': 1, 'm6i.32xlarge_use1-az6': 15, 'm6i.4xlarge_use1-az1': 15, 'm6i.4xlarge_use1-az2': 50, 'm6i.4xlarge_use1-az4': 50, 'm6i.4xlarge_use1-az5': 50, 'm6i.4xlarge_use1-az6': 50, 'm6i.8xlarge_use1-az1': 1, 'm6i.8xlarge_use1-az2': 50, 'm6i.8xlarge_use1-az4': 50, 'm6i.8xlarge_use1-az5': 20, 'm6i.8xlarge_use1-az6': 50, 'm6i.large_use1-az1': 25, 'm6i.large_use1-az2': 50, 'm6i.large_use1-az4': 50, 'm6i.large_use1-az5': 50, 'm6i.large_use1-az6': 50, 'm6i.xlarge_use1-az1': 45, 'm6i.xlarge_use1-az2': 50, 'm6i.xlarge_use1-az4': 50, 'm6i.xlarge_use1-az5': 25, 'm6i.xlarge_use1-az6': 50, 'm6id.12xlarge_use1-az1': 1, 'm6id.12xlarge_use1-az2': 1, 'm6id.12xlarge_use1-az4': 1, 'm6id.12xlarge_use1-az6': 1, 'm6id.16xlarge_use1-az1': 1, 'm6id.16xlarge_use1-az2': 1, 'm6id.16xlarge_use1-az4': 1, 'm6id.16xlarge_use1-az6': 1, 'm6id.24xlarge_use1-az1': 10, 'm6id.24xlarge_use1-az2': 15, 'm6id.24xlarge_use1-az4': 35, 'm6id.24xlarge_use1-az5': 5, 'm6id.24xlarge_use1-az6': 15, 'm6id.2xlarge_use1-az1': 5, 'm6id.2xlarge_use1-az2': 5, 'm6id.2xlarge_use1-az4': 5, 'm6id.2xlarge_use1-az5': 1, 'm6id.2xlarge_use1-az6': 5, 'm6id.32xlarge_use1-az1': 10, 'm6id.32xlarge_use1-az2': 15, 'm6id.32xlarge_use1-az4': 5, 'm6id.32xlarge_use1-az5': 1, 'm6id.32xlarge_use1-az6': 50, 'm6id.4xlarge_use1-az1': 15, 'm6id.4xlarge_use1-az2': 10, 'm6id.4xlarge_use1-az4': 5, 'm6id.4xlarge_use1-az5': 1, 'm6id.4xlarge_use1-az6': 10, 'm6id.8xlarge_use1-az1': 1, 'm6id.8xlarge_use1-az4': 5, 'm6id.8xlarge_use1-az5': 1, 'm6id.8xlarge_use1-az6': 1, 'm6id.large_use1-az1': 30, 'm6id.large_use1-az2': 35, 'm6id.large_use1-az4': 15, 'm6id.large_use1-az5': 5, 'm6id.large_use1-az6': 50, 'm6id.xlarge_use1-az1': 20, 'm6id.xlarge_use1-az2': 45, 'm6id.xlarge_use1-az4': 15, 'm6id.xlarge_use1-az5': 5, 'm6id.xlarge_use1-az6': 25, 'm6idn.12xlarge_use1-az2': 1, 'm6idn.16xlarge_use1-az4': 1, 'm6idn.24xlarge_use1-az1': 1, 'm6idn.24xlarge_use1-az2': 1, 'm6idn.24xlarge_use1-az4': 1, 'm6idn.2xlarge_use1-az1': 5, 'm6idn.2xlarge_use1-az2': 10, 'm6idn.2xlarge_use1-az4': 5, 'm6idn.2xlarge_use1-az5': 1, 'm6idn.2xlarge_use1-az6': 5, 'm6idn.32xlarge_use1-az2': 1, 'm6idn.4xlarge_use1-az1': 30, 'm6idn.4xlarge_use1-az2': 10, 'm6idn.4xlarge_use1-az4': 5, 'm6idn.4xlarge_use1-az5': 5, 'm6idn.4xlarge_use1-az6': 5, 'm6idn.large_use1-az1': 25, 'm6idn.large_use1-az2': 35, 'm6idn.large_use1-az4': 15, 'm6idn.large_use1-az5': 10, 'm6idn.large_use1-az6': 10, 'm6idn.xlarge_use1-az1': 15, 'm6idn.xlarge_use1-az2': 50, 'm6idn.xlarge_use1-az4': 20, 'm6idn.xlarge_use1-az5': 5, 'm6idn.xlarge_use1-az6': 10, 'm6in.12xlarge_use1-az4': 1, 'm6in.16xlarge_use1-az2': 1, 'm6in.16xlarge_use1-az4': 1, 'm6in.24xlarge_use1-az1': 1, 'm6in.24xlarge_use1-az2': 1, 'm6in.2xlarge_use1-az1': 10, 'm6in.2xlarge_use1-az2': 20, 'm6in.2xlarge_use1-az4': 10, 'm6in.2xlarge_use1-az5': 1, 'm6in.2xlarge_use1-az6': 5, 'm6in.4xlarge_use1-az1': 1, 'm6in.4xlarge_use1-az2': 1, 'm6in.4xlarge_use1-az5': 1, 'm6in.8xlarge_use1-az1': 1, 'm6in.8xlarge_use1-az2': 1, 'm6in.8xlarge_use1-az4': 1, 'm6in.large_use1-az1': 5, 'm6in.large_use1-az2': 10, 'm6in.large_use1-az4': 5, 'm6in.large_use1-az5': 1, 'm6in.large_use1-az6': 1, 'm6in.xlarge_use1-az1': 5, 'm6in.xlarge_use1-az2': 10, 'm6in.xlarge_use1-az4': 1, 'm7a.12xlarge_use1-az2': 1, 'm7a.12xlarge_use1-az6': 20, 'm7a.16xlarge_use1-az2': 1, 'm7a.16xlarge_use1-az6': 40, 'm7a.24xlarge_use1-az2': 1, 'm7a.24xlarge_use1-az6': 50, 'm7a.2xlarge_use1-az1': 5, 'm7a.2xlarge_use1-az2': 15, 'm7a.2xlarge_use1-az4': 10, 'm7a.2xlarge_use1-az6': 50, 'm7a.32xlarge_use1-az6': 20, 'm7a.48xlarge_use1-az6': 40, 'm7a.4xlarge_use1-az1': 10, 'm7a.4xlarge_use1-az2': 5, 'm7a.4xlarge_use1-az4': 10, 'm7a.4xlarge_use1-az6': 25, 'm7a.8xlarge_use1-az1': 1, 'm7a.8xlarge_use1-az2': 5, 'm7a.8xlarge_use1-az4': 1, 'm7a.8xlarge_use1-az6': 50, 'm7a.large_use1-az1': 15, 'm7a.large_use1-az2': 50, 'm7a.large_use1-az4': 50, 'm7a.large_use1-az5': 5, 'm7a.large_use1-az6': 50, 'm7a.medium_use1-az1': 10, 'm7a.medium_use1-az2': 50, 'm7a.medium_use1-az4': 50, 'm7a.medium_use1-az6': 50, 'm7a.xlarge_use1-az1': 5, 'm7a.xlarge_use1-az2': 40, 'm7a.xlarge_use1-az4': 50, 'm7a.xlarge_use1-az6': 50, 'm7g.12xlarge_use1-az1': 1, 'm7g.12xlarge_use1-az2': 10, 'm7g.12xlarge_use1-az4': 45, 'm7g.12xlarge_use1-az5': 1, 'm7g.12xlarge_use1-az6': 50, 'm7g.16xlarge_use1-az1': 1, 'm7g.16xlarge_use1-az2': 30, 'm7g.16xlarge_use1-az4': 35, 'm7g.16xlarge_use1-az5': 1, 'm7g.16xlarge_use1-az6': 50, 'm7g.2xlarge_use1-az1': 35, 'm7g.2xlarge_use1-az2': 50, 'm7g.2xlarge_use1-az4': 50, 'm7g.2xlarge_use1-az5': 15, 'm7g.2xlarge_use1-az6': 50, 'm7g.4xlarge_use1-az1': 10, 'm7g.4xlarge_use1-az2': 30, 'm7g.4xlarge_use1-az4': 50, 'm7g.4xlarge_use1-az5': 10, 'm7g.4xlarge_use1-az6': 50, 'm7g.8xlarge_use1-az1': 1, 'm7g.8xlarge_use1-az2': 15, 'm7g.8xlarge_use1-az4': 40, 'm7g.8xlarge_use1-az5': 1, 'm7g.8xlarge_use1-az6': 50, 'm7g.large_use1-az1': 10, 'm7g.large_use1-az2': 50, 'm7g.large_use1-az4': 50, 'm7g.large_use1-az5': 30, 'm7g.large_use1-az6': 50, 'm7g.medium_use1-az1': 30, 'm7g.medium_use1-az2': 40, 'm7g.medium_use1-az4': 50, 'm7g.medium_use1-az5': 35, 'm7g.medium_use1-az6': 50, 'm7g.metal_use1-az1': 1, 'm7g.metal_use1-az2': 25, 'm7g.metal_use1-az4': 10, 'm7g.metal_use1-az5': 1, 'm7g.metal_use1-az6': 50, 'm7g.xlarge_use1-az1': 50, 'm7g.xlarge_use1-az2': 50, 'm7g.xlarge_use1-az4': 50, 'm7g.xlarge_use1-az5': 50, 'm7g.xlarge_use1-az6': 50, 'm7gd.12xlarge_use1-az1': 5, 'm7gd.12xlarge_use1-az2': 10, 'm7gd.12xlarge_use1-az4': 1, 'm7gd.12xlarge_use1-az6': 35, 'm7gd.16xlarge_use1-az1': 1, 'm7gd.16xlarge_use1-az2': 30, 'm7gd.16xlarge_use1-az4': 1, 'm7gd.16xlarge_use1-az6': 40, 'm7gd.2xlarge_use1-az1': 15, 'm7gd.2xlarge_use1-az2': 50, 'm7gd.2xlarge_use1-az4': 15, 'm7gd.2xlarge_use1-az6': 25, 'm7gd.4xlarge_use1-az1': 5, 'm7gd.4xlarge_use1-az2': 10, 'm7gd.4xlarge_use1-az4': 1, 'm7gd.4xlarge_use1-az6': 40, 'm7gd.8xlarge_use1-az1': 10, 'm7gd.8xlarge_use1-az2': 50, 'm7gd.8xlarge_use1-az4': 30, 'm7gd.8xlarge_use1-az5': 45, 'm7gd.8xlarge_use1-az6': 50, 'm7gd.large_use1-az1': 5, 'm7gd.large_use1-az2': 50, 'm7gd.large_use1-az4': 5, 'm7gd.large_use1-az6': 50, 'm7gd.medium_use1-az1': 15, 'm7gd.medium_use1-az2': 20, 'm7gd.medium_use1-az4': 15, 'm7gd.medium_use1-az5': 20, 'm7gd.medium_use1-az6': 25, 'm7gd.metal_use1-az1': 5, 'm7gd.metal_use1-az2': 15, 'm7gd.metal_use1-az4': 1, 'm7gd.metal_use1-az6': 15, 'm7gd.xlarge_use1-az1': 5, 'm7gd.xlarge_use1-az2': 10, 'm7gd.xlarge_use1-az4': 10, 'm7gd.xlarge_use1-az5': 1, 'm7gd.xlarge_use1-az6': 25, 'm7i-flex.2xlarge_use1-az1': 50, 'm7i-flex.2xlarge_use1-az2': 50, 'm7i-flex.2xlarge_use1-az4': 15, 'm7i-flex.2xlarge_use1-az5': 10, 'm7i-flex.2xlarge_use1-az6': 50, 'm7i-flex.4xlarge_use1-az2': 5, 'm7i-flex.4xlarge_use1-az4': 5, 'm7i-flex.4xlarge_use1-az6': 25, 'm7i-flex.8xlarge_use1-az1': 1, 'm7i-flex.8xlarge_use1-az2': 5, 'm7i-flex.8xlarge_use1-az4': 5, 'm7i-flex.8xlarge_use1-az5': 1, 'm7i-flex.8xlarge_use1-az6': 10, 'm7i-flex.large_use1-az1': 20, 'm7i-flex.large_use1-az2': 50, 'm7i-flex.large_use1-az4': 25, 'm7i-flex.large_use1-az5': 25, 'm7i-flex.large_use1-az6': 50, 'm7i-flex.xlarge_use1-az1': 50, 'm7i-flex.xlarge_use1-az2': 50, 'm7i-flex.xlarge_use1-az4': 50, 'm7i-flex.xlarge_use1-az5': 15, 'm7i-flex.xlarge_use1-az6': 50, 'm7i.12xlarge_use1-az1': 1, 'm7i.12xlarge_use1-az2': 5, 'm7i.12xlarge_use1-az4': 15, 'm7i.12xlarge_use1-az6': 50, 'm7i.16xlarge_use1-az1': 5, 'm7i.16xlarge_use1-az2': 10, 'm7i.16xlarge_use1-az4': 10, 'm7i.16xlarge_use1-az6': 50, 'm7i.24xlarge_use1-az2': 5, 'm7i.24xlarge_use1-az4': 5, 'm7i.24xlarge_use1-az6': 50, 'm7i.2xlarge_use1-az1': 1, 'm7i.2xlarge_use1-az2': 50, 'm7i.2xlarge_use1-az4': 50, 'm7i.2xlarge_use1-az6': 50, 'm7i.48xlarge_use1-az1': 1, 'm7i.48xlarge_use1-az2': 5, 'm7i.48xlarge_use1-az4': 20, 'm7i.48xlarge_use1-az6': 50, 'm7i.4xlarge_use1-az1': 1, 'm7i.4xlarge_use1-az2': 25, 'm7i.4xlarge_use1-az4': 10, 'm7i.4xlarge_use1-az6': 50, 'm7i.8xlarge_use1-az1': 40, 'm7i.8xlarge_use1-az2': 20, 'm7i.8xlarge_use1-az4': 50, 'm7i.8xlarge_use1-az6': 50, 'm7i.large_use1-az1': 50, 'm7i.large_use1-az2': 50, 'm7i.large_use1-az4': 50, 'm7i.large_use1-az5': 1, 'm7i.large_use1-az6': 50, 'm7i.xlarge_use1-az1': 30, 'm7i.xlarge_use1-az2': 35, 'm7i.xlarge_use1-az4': 50, 'm7i.xlarge_use1-az6': 50, 'm8g.12xlarge_use1-az2': 10, 'm8g.12xlarge_use1-az4': 10, 'm8g.12xlarge_use1-az5': 1, 'm8g.12xlarge_use1-az6': 35, 'm8g.16xlarge_use1-az2': 5, 'm8g.16xlarge_use1-az4': 5, 'm8g.16xlarge_use1-az5': 5, 'm8g.16xlarge_use1-az6': 45, 'm8g.24xlarge_use1-az2': 5, 'm8g.24xlarge_use1-az4': 1, 'm8g.24xlarge_use1-az5': 1, 'm8g.24xlarge_use1-az6': 25, 'm8g.2xlarge_use1-az4': 10, 'm8g.2xlarge_use1-az5': 10, 'm8g.48xlarge_use1-az2': 5, 'm8g.48xlarge_use1-az4': 5, 'm8g.48xlarge_use1-az6': 20, 'm8g.4xlarge_use1-az2': 5, 'm8g.4xlarge_use1-az4': 5, 'm8g.4xlarge_use1-az5': 1, 'm8g.4xlarge_use1-az6': 40, 'm8g.8xlarge_use1-az2': 10, 'm8g.8xlarge_use1-az4': 20, 'm8g.8xlarge_use1-az5': 1, 'm8g.8xlarge_use1-az6': 40, 'm8g.large_use1-az1': 1, 'm8g.large_use1-az2': 20, 'm8g.large_use1-az6': 45, 'm8g.medium_use1-az1': 1, 'm8g.medium_use1-az2': 15, 'm8g.metal-48xl_use1-az2': 5, 'm8g.metal-48xl_use1-az6': 25, 'm8g.xlarge_use1-az1': 1, 'm8g.xlarge_use1-az5': 15, 'm8g.xlarge_use1-az6': 50, 'm8gd.16xlarge_use1-az5': 1, 'm8gd.4xlarge_use1-az2': 5, 'm8gd.4xlarge_use1-az4': 1, 'm8gd.4xlarge_use1-az6': 1, 'm8gd.8xlarge_use1-az5': 1, 'm8gd.8xlarge_use1-az6': 5, 'm8gd.large_use1-az1': 20, 'm8gd.large_use1-az2': 15, 'm8gd.large_use1-az5': 1, 'm8gd.large_use1-az6': 1, 'm8gd.medium_use1-az6': 1, 'm8gd.metal-24xl_use1-az2': 1, 'm8gd.xlarge_use1-az1': 1, 'm8gd.xlarge_use1-az5': 1, 'm8i-flex.16xlarge_use1-az6': 5, 'm8i-flex.2xlarge_use1-az2': 10, 'm8i-flex.2xlarge_use1-az4': 1, 'm8i-flex.2xlarge_use1-az6': 50, 'm8i-flex.4xlarge_use1-az2': 1, 'm8i-flex.4xlarge_use1-az4': 1, 'm8i-flex.4xlarge_use1-az6': 5, 'm8i-flex.8xlarge_use1-az6': 1, 'm8i-flex.large_use1-az2': 5, 'm8i-flex.xlarge_use1-az2': 10, 'm8i-flex.xlarge_use1-az4': 25, 'm8i-flex.xlarge_use1-az6': 50, 'm8i.12xlarge_use1-az6': 1, 'm8i.16xlarge_use1-az4': 1, 'm8i.16xlarge_use1-az6': 1, 'm8i.24xlarge_use1-az6': 1, 'm8i.2xlarge_use1-az2': 10, 'm8i.2xlarge_use1-az4': 1, 'm8i.2xlarge_use1-az6': 10, 'm8i.32xlarge_use1-az2': 1, 'm8i.32xlarge_use1-az6': 5, 'm8i.48xlarge_use1-az2': 1, 'm8i.48xlarge_use1-az6': 5, 'm8i.4xlarge_use1-az2': 5, 'm8i.4xlarge_use1-az4': 1, 'm8i.4xlarge_use1-az6': 5, 'm8i.8xlarge_use1-az2': 1, 'm8i.8xlarge_use1-az4': 1, 'm8i.8xlarge_use1-az6': 20, 'm8i.96xlarge_use1-az6': 1, 'm8i.large_use1-az4': 25, 'm8i.metal-48xl_use1-az6': 1, 'm8i.metal-96xl_use1-az6': 1, 'm8i.xlarge_use1-az2': 30, 'm8i.xlarge_use1-az4': 10, 'p3.2xlarge_use1-az1': 50, 'p3.2xlarge_use1-az2': 50, 'p3.2xlarge_use1-az5': 50, 'p3.2xlarge_use1-az6': 50, 'p3dn.24xlarge_use1-az1': 15, 'p3dn.24xlarge_use1-az6': 50, 'p4d.24xlarge_use1-az2': 1, 'p4d.24xlarge_use1-az6': 1, 'p5.48xlarge_use1-az2': 15, 'r3.2xlarge_use1-az2': 1, 'r3.2xlarge_use1-az4': 1, 'r3.2xlarge_use1-az6': 1, 'r3.4xlarge_use1-az4': 1, 'r3.4xlarge_use1-az6': 1, 'r3.8xlarge_use1-az2': 1, 'r3.8xlarge_use1-az4': 1, 'r3.8xlarge_use1-az6': 5, 'r3.large_use1-az2': 50, 'r3.large_use1-az4': 50, 'r3.large_use1-az6': 50, 'r3.xlarge_use1-az2': 40, 'r3.xlarge_use1-az4': 50, 'r3.xlarge_use1-az6': 50, 'r4.16xlarge_use1-az1': 10, 'r4.16xlarge_use1-az2': 10, 'r4.16xlarge_use1-az3': 50, 'r4.16xlarge_use1-az4': 35, 'r4.16xlarge_use1-az5': 15, 'r4.16xlarge_use1-az6': 10, 'r4.2xlarge_use1-az1': 20, 'r4.2xlarge_use1-az2': 50, 'r4.2xlarge_use1-az3': 50, 'r4.2xlarge_use1-az4': 50, 'r4.2xlarge_use1-az5': 5, 'r4.2xlarge_use1-az6': 50, 'r4.4xlarge_use1-az1': 20, 'r4.4xlarge_use1-az2': 50, 'r4.4xlarge_use1-az3': 40, 'r4.4xlarge_use1-az4': 15, 'r4.4xlarge_use1-az5': 5, 'r4.4xlarge_use1-az6': 50, 'r4.8xlarge_use1-az1': 50, 'r4.8xlarge_use1-az2': 50, 'r4.8xlarge_use1-az3': 25, 'r4.8xlarge_use1-az4': 50, 'r4.8xlarge_use1-az5': 5, 'r4.8xlarge_use1-az6': 50, 'r4.large_use1-az1': 35, 'r4.large_use1-az2': 50, 'r4.large_use1-az3': 10, 'r4.large_use1-az4': 50, 'r4.large_use1-az5': 20, 'r4.large_use1-az6': 50, 'r4.xlarge_use1-az1': 50, 'r4.xlarge_use1-az2': 50, 'r4.xlarge_use1-az3': 50, 'r4.xlarge_use1-az4': 50, 'r4.xlarge_use1-az5': 30, 'r4.xlarge_use1-az6': 50, 'r5.12xlarge_use1-az1': 5, 'r5.12xlarge_use1-az2': 5, 'r5.12xlarge_use1-az4': 50, 'r5.12xlarge_use1-az5': 5, 'r5.12xlarge_use1-az6': 5, 'r5.16xlarge_use1-az1': 5, 'r5.16xlarge_use1-az4': 35, 'r5.16xlarge_use1-az5': 30, 'r5.16xlarge_use1-az6': 5, 'r5.24xlarge_use1-az4': 15, 'r5.24xlarge_use1-az5': 5, 'r5.24xlarge_use1-az6': 5, 'r5.2xlarge_use1-az1': 50, 'r5.2xlarge_use1-az2': 50, 'r5.2xlarge_use1-az4': 50, 'r5.2xlarge_use1-az5': 5, 'r5.2xlarge_use1-az6': 50, 'r5.4xlarge_use1-az1': 50, 'r5.4xlarge_use1-az2': 50, 'r5.4xlarge_use1-az4': 50, 'r5.4xlarge_use1-az5': 5, 'r5.4xlarge_use1-az6': 50, 'r5.8xlarge_use1-az1': 50, 'r5.8xlarge_use1-az2': 50, 'r5.8xlarge_use1-az4': 50, 'r5.8xlarge_use1-az5': 5, 'r5.8xlarge_use1-az6': 5, 'r5.large_use1-az1': 50, 'r5.large_use1-az2': 50, 'r5.large_use1-az4': 50, 'r5.large_use1-az5': 50, 'r5.large_use1-az6': 50, 'r5.xlarge_use1-az1': 50, 'r5.xlarge_use1-az2': 50, 'r5.xlarge_use1-az4': 50, 'r5.xlarge_use1-az5': 50, 'r5.xlarge_use1-az6': 50, 'r5a.12xlarge_use1-az1': 1, 'r5a.12xlarge_use1-az2': 1, 'r5a.12xlarge_use1-az4': 5, 'r5a.12xlarge_use1-az6': 5, 'r5a.16xlarge_use1-az1': 10, 'r5a.16xlarge_use1-az2': 10, 'r5a.16xlarge_use1-az4': 10, 'r5a.16xlarge_use1-az5': 5, 'r5a.16xlarge_use1-az6': 5, 'r5a.24xlarge_use1-az1': 5, 'r5a.24xlarge_use1-az2': 15, 'r5a.24xlarge_use1-az4': 10, 'r5a.24xlarge_use1-az5': 1, 'r5a.24xlarge_use1-az6': 10, 'r5a.2xlarge_use1-az1': 10, 'r5a.2xlarge_use1-az2': 20, 'r5a.2xlarge_use1-az4': 35, 'r5a.2xlarge_use1-az5': 5, 'r5a.2xlarge_use1-az6': 30, 'r5a.4xlarge_use1-az1': 25, 'r5a.4xlarge_use1-az2': 50, 'r5a.4xlarge_use1-az4': 50, 'r5a.4xlarge_use1-az5': 5, 'r5a.4xlarge_use1-az6': 50, 'r5a.8xlarge_use1-az1': 25, 'r5a.8xlarge_use1-az2': 10, 'r5a.8xlarge_use1-az4': 15, 'r5a.8xlarge_use1-az5': 30, 'r5a.8xlarge_use1-az6': 20, 'r5a.large_use1-az1': 50, 'r5a.large_use1-az2': 50, 'r5a.large_use1-az4': 50, 'r5a.large_use1-az5': 25, 'r5a.large_use1-az6': 50, 'r5a.xlarge_use1-az1': 20, 'r5a.xlarge_use1-az2': 50, 'r5a.xlarge_use1-az4': 50, 'r5a.xlarge_use1-az5': 5, 'r5a.xlarge_use1-az6': 50, 'r5ad.12xlarge_use1-az2': 1, 'r5ad.16xlarge_use1-az2': 50, 'r5ad.16xlarge_use1-az4': 10, 'r5ad.16xlarge_use1-az5': 1, 'r5ad.16xlarge_use1-az6': 10, 'r5ad.24xlarge_use1-az2': 25, 'r5ad.24xlarge_use1-az4': 1, 'r5ad.24xlarge_use1-az6': 10, 'r5ad.2xlarge_use1-az1': 1, 'r5ad.2xlarge_use1-az2': 1, 'r5ad.2xlarge_use1-az4': 1, 'r5ad.2xlarge_use1-az5': 1, 'r5ad.2xlarge_use1-az6': 1, 'r5ad.4xlarge_use1-az1': 1, 'r5ad.4xlarge_use1-az2': 10, 'r5ad.4xlarge_use1-az4': 5, 'r5ad.4xlarge_use1-az5': 1, 'r5ad.4xlarge_use1-az6': 1, 'r5ad.8xlarge_use1-az2': 5, 'r5ad.8xlarge_use1-az4': 20, 'r5ad.8xlarge_use1-az5': 1, 'r5ad.8xlarge_use1-az6': 10, 'r5ad.large_use1-az1': 1, 'r5ad.large_use1-az2': 30, 'r5ad.large_use1-az4': 10, 'r5ad.large_use1-az5': 5, 'r5ad.large_use1-az6': 10, 'r5ad.xlarge_use1-az1': 1, 'r5ad.xlarge_use1-az2': 10, 'r5ad.xlarge_use1-az4': 10, 'r5ad.xlarge_use1-az5': 1, 'r5ad.xlarge_use1-az6': 5, 'r5b.12xlarge_use1-az1': 5, 'r5b.12xlarge_use1-az4': 5, 'r5b.12xlarge_use1-az6': 1, 'r5b.16xlarge_use1-az1': 5, 'r5b.16xlarge_use1-az2': 5, 'r5b.16xlarge_use1-az4': 5, 'r5b.16xlarge_use1-az6': 5, 'r5b.24xlarge_use1-az1': 1, 'r5b.24xlarge_use1-az4': 5, 'r5b.24xlarge_use1-az6': 1, 'r5b.2xlarge_use1-az1': 1, 'r5b.2xlarge_use1-az2': 1, 'r5b.2xlarge_use1-az4': 1, 'r5b.2xlarge_use1-az6': 1, 'r5b.4xlarge_use1-az1': 5, 'r5b.4xlarge_use1-az2': 5, 'r5b.4xlarge_use1-az4': 5, 'r5b.4xlarge_use1-az6': 5, 'r5b.8xlarge_use1-az1': 5, 'r5b.8xlarge_use1-az2': 1, 'r5b.8xlarge_use1-az4': 1, 'r5b.8xlarge_use1-az6': 1, 'r5b.large_use1-az1': 1, 'r5b.large_use1-az2': 5, 'r5b.large_use1-az4': 10, 'r5b.large_use1-az6': 5, 'r5b.xlarge_use1-az1': 1, 'r5b.xlarge_use1-az2': 1, 'r5b.xlarge_use1-az4': 5, 'r5b.xlarge_use1-az6': 1, 'r5d.12xlarge_use1-az1': 1, 'r5d.12xlarge_use1-az2': 5, 'r5d.12xlarge_use1-az4': 10, 'r5d.12xlarge_use1-az6': 1, 'r5d.16xlarge_use1-az1': 5, 'r5d.16xlarge_use1-az2': 50, 'r5d.16xlarge_use1-az4': 50, 'r5d.16xlarge_use1-az5': 10, 'r5d.16xlarge_use1-az6': 50, 'r5d.24xlarge_use1-az1': 1, 'r5d.24xlarge_use1-az2': 1, 'r5d.24xlarge_use1-az4': 10, 'r5d.24xlarge_use1-az5': 1, 'r5d.24xlarge_use1-az6': 10, 'r5d.2xlarge_use1-az1': 5, 'r5d.2xlarge_use1-az2': 15, 'r5d.2xlarge_use1-az4': 15, 'r5d.2xlarge_use1-az5': 1, 'r5d.2xlarge_use1-az6': 15, 'r5d.4xlarge_use1-az1': 5, 'r5d.4xlarge_use1-az2': 20, 'r5d.4xlarge_use1-az4': 45, 'r5d.4xlarge_use1-az5': 5, 'r5d.4xlarge_use1-az6': 25, 'r5d.8xlarge_use1-az1': 5, 'r5d.8xlarge_use1-az2': 15, 'r5d.8xlarge_use1-az4': 15, 'r5d.8xlarge_use1-az5': 5, 'r5d.8xlarge_use1-az6': 50, 'r5d.large_use1-az1': 10, 'r5d.large_use1-az2': 50, 'r5d.large_use1-az4': 50, 'r5d.large_use1-az5': 5, 'r5d.large_use1-az6': 50, 'r5d.xlarge_use1-az1': 1, 'r5d.xlarge_use1-az2': 15, 'r5d.xlarge_use1-az4': 15, 'r5d.xlarge_use1-az5': 1, 'r5d.xlarge_use1-az6': 10, 'r5dn.12xlarge_use1-az1': 1, 'r5dn.12xlarge_use1-az2': 1, 'r5dn.12xlarge_use1-az4': 1, 'r5dn.12xlarge_use1-az5': 1, 'r5dn.12xlarge_use1-az6': 1, 'r5dn.16xlarge_use1-az1': 5, 'r5dn.16xlarge_use1-az2': 5, 'r5dn.16xlarge_use1-az4': 15, 'r5dn.16xlarge_use1-az5': 10, 'r5dn.16xlarge_use1-az6': 30, 'r5dn.24xlarge_use1-az2': 5, 'r5dn.24xlarge_use1-az4': 10, 'r5dn.24xlarge_use1-az5': 1, 'r5dn.24xlarge_use1-az6': 25, 'r5dn.2xlarge_use1-az1': 50, 'r5dn.2xlarge_use1-az2': 45, 'r5dn.2xlarge_use1-az4': 30, 'r5dn.2xlarge_use1-az5': 50, 'r5dn.2xlarge_use1-az6': 5, 'r5dn.4xlarge_use1-az1': 5, 'r5dn.4xlarge_use1-az2': 25, 'r5dn.4xlarge_use1-az4': 45, 'r5dn.4xlarge_use1-az5': 5, 'r5dn.4xlarge_use1-az6': 20, 'r5dn.8xlarge_use1-az1': 1, 'r5dn.8xlarge_use1-az2': 5, 'r5dn.8xlarge_use1-az4': 5, 'r5dn.8xlarge_use1-az5': 5, 'r5dn.8xlarge_use1-az6': 50, 'r5dn.large_use1-az1': 50, 'r5dn.large_use1-az2': 50, 'r5dn.large_use1-az4': 50, 'r5dn.large_use1-az5': 50, 'r5dn.large_use1-az6': 50, 'r5dn.xlarge_use1-az1': 5, 'r5dn.xlarge_use1-az2': 15, 'r5dn.xlarge_use1-az4': 15, 'r5dn.xlarge_use1-az5': 15, 'r5dn.xlarge_use1-az6': 15, 'r5n.12xlarge_use1-az2': 1, 'r5n.12xlarge_use1-az4': 1, 'r5n.12xlarge_use1-az6': 1, 'r5n.16xlarge_use1-az1': 1, 'r5n.16xlarge_use1-az2': 10, 'r5n.16xlarge_use1-az4': 35, 'r5n.16xlarge_use1-az5': 1, 'r5n.16xlarge_use1-az6': 20, 'r5n.2xlarge_use1-az1': 5, 'r5n.2xlarge_use1-az2': 5, 'r5n.2xlarge_use1-az4': 15, 'r5n.2xlarge_use1-az5': 1, 'r5n.2xlarge_use1-az6': 1, 'r5n.4xlarge_use1-az1': 5, 'r5n.4xlarge_use1-az2': 25, 'r5n.4xlarge_use1-az4': 15, 'r5n.4xlarge_use1-az5': 5, 'r5n.4xlarge_use1-az6': 35, 'r5n.8xlarge_use1-az1': 10, 'r5n.8xlarge_use1-az2': 20, 'r5n.8xlarge_use1-az4': 35, 'r5n.8xlarge_use1-az6': 15, 'r5n.large_use1-az1': 20, 'r5n.large_use1-az2': 50, 'r5n.large_use1-az4': 50, 'r5n.large_use1-az5': 10, 'r5n.large_use1-az6': 30, 'r5n.xlarge_use1-az1': 1, 'r5n.xlarge_use1-az2': 10, 'r5n.xlarge_use1-az4': 15, 'r5n.xlarge_use1-az5': 1, 'r5n.xlarge_use1-az6': 20, 'r6a.12xlarge_use1-az1': 1, 'r6a.12xlarge_use1-az2': 10, 'r6a.12xlarge_use1-az4': 5, 'r6a.12xlarge_use1-az6': 10, 'r6a.16xlarge_use1-az1': 5, 'r6a.16xlarge_use1-az2': 15, 'r6a.16xlarge_use1-az4': 30, 'r6a.16xlarge_use1-az5': 15, 'r6a.16xlarge_use1-az6': 40, 'r6a.24xlarge_use1-az2': 5, 'r6a.24xlarge_use1-az4': 1, 'r6a.24xlarge_use1-az5': 1, 'r6a.24xlarge_use1-az6': 5, 'r6a.2xlarge_use1-az1': 50, 'r6a.2xlarge_use1-az2': 50, 'r6a.2xlarge_use1-az4': 40, 'r6a.2xlarge_use1-az5': 1, 'r6a.2xlarge_use1-az6': 50, 'r6a.32xlarge_use1-az2': 5, 'r6a.32xlarge_use1-az4': 5, 'r6a.32xlarge_use1-az5': 5, 'r6a.32xlarge_use1-az6': 5, 'r6a.48xlarge_use1-az2': 5, 'r6a.48xlarge_use1-az4': 5, 'r6a.48xlarge_use1-az5': 5, 'r6a.48xlarge_use1-az6': 1, 'r6a.4xlarge_use1-az1': 50, 'r6a.4xlarge_use1-az2': 50, 'r6a.4xlarge_use1-az4': 50, 'r6a.4xlarge_use1-az5': 40, 'r6a.4xlarge_use1-az6': 50, 'r6a.8xlarge_use1-az1': 20, 'r6a.8xlarge_use1-az2': 50, 'r6a.8xlarge_use1-az4': 50, 'r6a.8xlarge_use1-az5': 50, 'r6a.8xlarge_use1-az6': 50, 'r6a.large_use1-az1': 50, 'r6a.large_use1-az2': 50, 'r6a.large_use1-az4': 50, 'r6a.large_use1-az5': 50, 'r6a.large_use1-az6': 50, 'r6a.xlarge_use1-az1': 50, 'r6a.xlarge_use1-az2': 50, 'r6a.xlarge_use1-az4': 50, 'r6a.xlarge_use1-az5': 50, 'r6a.xlarge_use1-az6': 50, 'r6g.12xlarge_use1-az2': 50, 'r6g.12xlarge_use1-az4': 45, 'r6g.12xlarge_use1-az5': 10, 'r6g.12xlarge_use1-az6': 50, 'r6g.16xlarge_use1-az1': 1, 'r6g.16xlarge_use1-az2': 50, 'r6g.16xlarge_use1-az4': 50, 'r6g.16xlarge_use1-az5': 50, 'r6g.16xlarge_use1-az6': 50, 'r6g.2xlarge_use1-az1': 1, 'r6g.2xlarge_use1-az2': 25, 'r6g.2xlarge_use1-az4': 40, 'r6g.2xlarge_use1-az5': 10, 'r6g.2xlarge_use1-az6': 50, 'r6g.4xlarge_use1-az1': 10, 'r6g.4xlarge_use1-az2': 50, 'r6g.4xlarge_use1-az4': 50, 'r6g.4xlarge_use1-az5': 50, 'r6g.4xlarge_use1-az6': 50, 'r6g.8xlarge_use1-az1': 1, 'r6g.8xlarge_use1-az2': 10, 'r6g.8xlarge_use1-az4': 50, 'r6g.8xlarge_use1-az5': 50, 'r6g.8xlarge_use1-az6': 50, 'r6g.large_use1-az1': 10, 'r6g.large_use1-az2': 40, 'r6g.large_use1-az4': 50, 'r6g.large_use1-az5': 5, 'r6g.large_use1-az6': 50, 'r6g.medium_use1-az1': 1, 'r6g.medium_use1-az2': 10, 'r6g.medium_use1-az4': 15, 'r6g.medium_use1-az5': 15, 'r6g.medium_use1-az6': 35, 'r6g.xlarge_use1-az1': 1, 'r6g.xlarge_use1-az2': 50, 'r6g.xlarge_use1-az4': 50, 'r6g.xlarge_use1-az5': 50, 'r6g.xlarge_use1-az6': 50, 'r6gd.12xlarge_use1-az1': 1, 'r6gd.12xlarge_use1-az2': 5, 'r6gd.12xlarge_use1-az4': 10, 'r6gd.12xlarge_use1-az5': 1, 'r6gd.12xlarge_use1-az6': 10, 'r6gd.16xlarge_use1-az1': 5, 'r6gd.16xlarge_use1-az2': 5, 'r6gd.16xlarge_use1-az4': 50, 'r6gd.16xlarge_use1-az5': 1, 'r6gd.16xlarge_use1-az6': 45, 'r6gd.2xlarge_use1-az1': 1, 'r6gd.2xlarge_use1-az2': 20, 'r6gd.2xlarge_use1-az4': 30, 'r6gd.2xlarge_use1-az5': 1, 'r6gd.2xlarge_use1-az6': 1, 'r6gd.4xlarge_use1-az1': 5, 'r6gd.4xlarge_use1-az2': 20, 'r6gd.4xlarge_use1-az4': 50, 'r6gd.4xlarge_use1-az5': 1, 'r6gd.4xlarge_use1-az6': 25, 'r6gd.8xlarge_use1-az1': 1, 'r6gd.8xlarge_use1-az2': 10, 'r6gd.8xlarge_use1-az4': 20, 'r6gd.8xlarge_use1-az5': 1, 'r6gd.8xlarge_use1-az6': 30, 'r6gd.large_use1-az1': 50, 'r6gd.large_use1-az2': 50, 'r6gd.large_use1-az4': 50, 'r6gd.large_use1-az5': 50, 'r6gd.large_use1-az6': 50, 'r6gd.medium_use1-az1': 5, 'r6gd.medium_use1-az2': 1, 'r6gd.medium_use1-az4': 5, 'r6gd.medium_use1-az5': 5, 'r6gd.medium_use1-az6': 1, 'r6gd.xlarge_use1-az1': 1, 'r6gd.xlarge_use1-az2': 1, 'r6gd.xlarge_use1-az4': 5, 'r6gd.xlarge_use1-az6': 10, 'r6i.12xlarge_use1-az1': 5, 'r6i.12xlarge_use1-az2': 5, 'r6i.12xlarge_use1-az4': 5, 'r6i.12xlarge_use1-az5': 1, 'r6i.12xlarge_use1-az6': 10, 'r6i.16xlarge_use1-az1': 1, 'r6i.16xlarge_use1-az2': 1, 'r6i.16xlarge_use1-az4': 10, 'r6i.16xlarge_use1-az5': 10, 'r6i.16xlarge_use1-az6': 1, 'r6i.24xlarge_use1-az4': 10, 'r6i.24xlarge_use1-az5': 1, 'r6i.24xlarge_use1-az6': 5, 'r6i.2xlarge_use1-az1': 15, 'r6i.2xlarge_use1-az2': 35, 'r6i.2xlarge_use1-az4': 50, 'r6i.2xlarge_use1-az5': 5, 'r6i.2xlarge_use1-az6': 50, 'r6i.32xlarge_use1-az4': 1, 'r6i.32xlarge_use1-az5': 1, 'r6i.32xlarge_use1-az6': 1, 'r6i.4xlarge_use1-az1': 30, 'r6i.4xlarge_use1-az2': 20, 'r6i.4xlarge_use1-az4': 20, 'r6i.4xlarge_use1-az5': 10, 'r6i.4xlarge_use1-az6': 40, 'r6i.8xlarge_use1-az1': 5, 'r6i.8xlarge_use1-az2': 10, 'r6i.8xlarge_use1-az4': 10, 'r6i.8xlarge_use1-az5': 5, 'r6i.8xlarge_use1-az6': 10, 'r6i.large_use1-az1': 20, 'r6i.large_use1-az2': 50, 'r6i.large_use1-az4': 50, 'r6i.large_use1-az5': 20, 'r6i.large_use1-az6': 50, 'r6i.xlarge_use1-az1': 15, 'r6i.xlarge_use1-az2': 45, 'r6i.xlarge_use1-az4': 50, 'r6i.xlarge_use1-az5': 10, 'r6i.xlarge_use1-az6': 50, 'r6id.12xlarge_use1-az1': 1, 'r6id.12xlarge_use1-az2': 5, 'r6id.12xlarge_use1-az4': 1, 'r6id.12xlarge_use1-az6': 5, 'r6id.16xlarge_use1-az1': 5, 'r6id.16xlarge_use1-az2': 5, 'r6id.16xlarge_use1-az4': 15, 'r6id.16xlarge_use1-az5': 1, 'r6id.16xlarge_use1-az6': 20, 'r6id.24xlarge_use1-az1': 10, 'r6id.24xlarge_use1-az2': 10, 'r6id.24xlarge_use1-az4': 5, 'r6id.24xlarge_use1-az5': 15, 'r6id.24xlarge_use1-az6': 25, 'r6id.2xlarge_use1-az1': 5, 'r6id.2xlarge_use1-az2': 1, 'r6id.2xlarge_use1-az4': 10, 'r6id.2xlarge_use1-az5': 1, 'r6id.2xlarge_use1-az6': 10, 'r6id.32xlarge_use1-az1': 1, 'r6id.32xlarge_use1-az2': 5, 'r6id.32xlarge_use1-az4': 1, 'r6id.32xlarge_use1-az5': 1, 'r6id.32xlarge_use1-az6': 10, 'r6id.4xlarge_use1-az1': 40, 'r6id.4xlarge_use1-az2': 50, 'r6id.4xlarge_use1-az4': 10, 'r6id.4xlarge_use1-az5': 20, 'r6id.4xlarge_use1-az6': 35, 'r6id.8xlarge_use1-az1': 1, 'r6id.8xlarge_use1-az2': 1, 'r6id.8xlarge_use1-az4': 5, 'r6id.8xlarge_use1-az5': 1, 'r6id.8xlarge_use1-az6': 5, 'r6id.large_use1-az1': 15, 'r6id.large_use1-az2': 10, 'r6id.large_use1-az4': 5, 'r6id.large_use1-az5': 15, 'r6id.large_use1-az6': 30, 'r6id.xlarge_use1-az1': 5, 'r6id.xlarge_use1-az2': 15, 'r6id.xlarge_use1-az4': 10, 'r6id.xlarge_use1-az5': 15, 'r6id.xlarge_use1-az6': 15, 'r6idn.16xlarge_use1-az4': 1, 'r6idn.16xlarge_use1-az5': 1, 'r6idn.16xlarge_use1-az6': 1, 'r6idn.24xlarge_use1-az6': 1, 'r6idn.2xlarge_use1-az1': 1, 'r6idn.2xlarge_use1-az2': 1, 'r6idn.2xlarge_use1-az4': 5, 'r6idn.2xlarge_use1-az5': 1, 'r6idn.2xlarge_use1-az6': 5, 'r6idn.32xlarge_use1-az6': 1, 'r6idn.4xlarge_use1-az1': 15, 'r6idn.4xlarge_use1-az2': 15, 'r6idn.4xlarge_use1-az4': 15, 'r6idn.4xlarge_use1-az5': 5, 'r6idn.4xlarge_use1-az6': 10, 'r6idn.8xlarge_use1-az2': 1, 'r6idn.8xlarge_use1-az4': 1, 'r6idn.8xlarge_use1-az6': 5, 'r6idn.large_use1-az1': 1, 'r6idn.large_use1-az2': 1, 'r6idn.large_use1-az4': 5, 'r6idn.large_use1-az5': 5, 'r6idn.large_use1-az6': 5, 'r6idn.xlarge_use1-az1': 5, 'r6idn.xlarge_use1-az2': 1, 'r6idn.xlarge_use1-az4': 5, 'r6idn.xlarge_use1-az5': 1, 'r6idn.xlarge_use1-az6': 5, 'r6in.12xlarge_use1-az1': 1, 'r6in.12xlarge_use1-az6': 5, 'r6in.16xlarge_use1-az4': 1, 'r6in.16xlarge_use1-az5': 1, 'r6in.16xlarge_use1-az6': 5, 'r6in.24xlarge_use1-az6': 1, 'r6in.2xlarge_use1-az1': 1, 'r6in.2xlarge_use1-az2': 1, 'r6in.2xlarge_use1-az4': 1, 'r6in.2xlarge_use1-az5': 1, 'r6in.2xlarge_use1-az6': 1, 'r6in.4xlarge_use1-az1': 5, 'r6in.4xlarge_use1-az2': 20, 'r6in.4xlarge_use1-az4': 15, 'r6in.4xlarge_use1-az5': 20, 'r6in.4xlarge_use1-az6': 20, 'r6in.8xlarge_use1-az1': 5, 'r6in.8xlarge_use1-az4': 1, 'r6in.8xlarge_use1-az6': 5, 'r6in.large_use1-az1': 45, 'r6in.large_use1-az2': 50, 'r6in.large_use1-az4': 50, 'r6in.large_use1-az5': 40, 'r6in.large_use1-az6': 50, 'r6in.xlarge_use1-az1': 1, 'r6in.xlarge_use1-az2': 1, 'r6in.xlarge_use1-az4': 1, 'r6in.xlarge_use1-az5': 1, 'r6in.xlarge_use1-az6': 1, 'r7a.12xlarge_use1-az1': 1, 'r7a.12xlarge_use1-az2': 1, 'r7a.12xlarge_use1-az4': 5, 'r7a.12xlarge_use1-az6': 20, 'r7a.16xlarge_use1-az1': 1, 'r7a.16xlarge_use1-az2': 15, 'r7a.16xlarge_use1-az4': 30, 'r7a.16xlarge_use1-az6': 50, 'r7a.24xlarge_use1-az2': 10, 'r7a.24xlarge_use1-az4': 10, 'r7a.24xlarge_use1-az6': 35, 'r7a.2xlarge_use1-az1': 1, 'r7a.2xlarge_use1-az2': 5, 'r7a.2xlarge_use1-az4': 25, 'r7a.2xlarge_use1-az6': 1, 'r7a.32xlarge_use1-az2': 1, 'r7a.32xlarge_use1-az4': 1, 'r7a.32xlarge_use1-az6': 50, 'r7a.48xlarge_use1-az2': 5, 'r7a.48xlarge_use1-az4': 5, 'r7a.48xlarge_use1-az6': 50, 'r7a.4xlarge_use1-az1': 5, 'r7a.4xlarge_use1-az2': 25, 'r7a.4xlarge_use1-az4': 50, 'r7a.4xlarge_use1-az6': 50, 'r7a.8xlarge_use1-az1': 5, 'r7a.8xlarge_use1-az2': 20, 'r7a.8xlarge_use1-az4': 50, 'r7a.8xlarge_use1-az6': 50, 'r7a.large_use1-az1': 50, 'r7a.large_use1-az2': 50, 'r7a.large_use1-az4': 50, 'r7a.large_use1-az6': 50, 'r7a.medium_use1-az1': 10, 'r7a.medium_use1-az2': 25, 'r7a.medium_use1-az4': 50, 'r7a.medium_use1-az6': 50, 'r7a.xlarge_use1-az1': 20, 'r7a.xlarge_use1-az2': 50, 'r7a.xlarge_use1-az4': 50, 'r7a.xlarge_use1-az6': 25, 'r7g.12xlarge_use1-az1': 1, 'r7g.12xlarge_use1-az2': 5, 'r7g.12xlarge_use1-az4': 50, 'r7g.12xlarge_use1-az5': 1, 'r7g.12xlarge_use1-az6': 5, 'r7g.16xlarge_use1-az1': 5, 'r7g.16xlarge_use1-az2': 30, 'r7g.16xlarge_use1-az4': 50, 'r7g.16xlarge_use1-az5': 5, 'r7g.16xlarge_use1-az6': 50, 'r7g.2xlarge_use1-az1': 5, 'r7g.2xlarge_use1-az2': 10, 'r7g.2xlarge_use1-az4': 50, 'r7g.2xlarge_use1-az5': 5, 'r7g.2xlarge_use1-az6': 15, 'r7g.4xlarge_use1-az1': 5, 'r7g.4xlarge_use1-az2': 5, 'r7g.4xlarge_use1-az4': 50, 'r7g.4xlarge_use1-az5': 5, 'r7g.4xlarge_use1-az6': 15, 'r7g.8xlarge_use1-az1': 1, 'r7g.8xlarge_use1-az2': 50, 'r7g.8xlarge_use1-az4': 50, 'r7g.8xlarge_use1-az5': 50, 'r7g.8xlarge_use1-az6': 50, 'r7g.large_use1-az1': 20, 'r7g.large_use1-az2': 50, 'r7g.large_use1-az4': 50, 'r7g.large_use1-az5': 40, 'r7g.large_use1-az6': 40, 'r7g.medium_use1-az1': 50, 'r7g.medium_use1-az2': 50, 'r7g.medium_use1-az4': 50, 'r7g.medium_use1-az5': 25, 'r7g.medium_use1-az6': 50, 'r7g.xlarge_use1-az1': 50, 'r7g.xlarge_use1-az2': 50, 'r7g.xlarge_use1-az4': 50, 'r7g.xlarge_use1-az5': 10, 'r7g.xlarge_use1-az6': 50, 'r7gd.12xlarge_use1-az1': 1, 'r7gd.12xlarge_use1-az2': 10, 'r7gd.12xlarge_use1-az4': 35, 'r7gd.12xlarge_use1-az5': 10, 'r7gd.12xlarge_use1-az6': 50, 'r7gd.16xlarge_use1-az1': 5, 'r7gd.16xlarge_use1-az2': 50, 'r7gd.16xlarge_use1-az4': 50, 'r7gd.16xlarge_use1-az5': 50, 'r7gd.16xlarge_use1-az6': 50, 'r7gd.2xlarge_use1-az1': 5, 'r7gd.2xlarge_use1-az2': 25, 'r7gd.2xlarge_use1-az4': 25, 'r7gd.2xlarge_use1-az5': 40, 'r7gd.2xlarge_use1-az6': 50, 'r7gd.4xlarge_use1-az1': 1, 'r7gd.4xlarge_use1-az2': 20, 'r7gd.4xlarge_use1-az4': 25, 'r7gd.4xlarge_use1-az5': 30, 'r7gd.4xlarge_use1-az6': 50, 'r7gd.8xlarge_use1-az1': 1, 'r7gd.8xlarge_use1-az2': 10, 'r7gd.8xlarge_use1-az4': 30, 'r7gd.8xlarge_use1-az5': 20, 'r7gd.8xlarge_use1-az6': 50, 'r7gd.large_use1-az1': 15, 'r7gd.large_use1-az2': 10, 'r7gd.large_use1-az4': 50, 'r7gd.large_use1-az5': 15, 'r7gd.large_use1-az6': 35, 'r7gd.medium_use1-az1': 35, 'r7gd.medium_use1-az2': 15, 'r7gd.medium_use1-az4': 25, 'r7gd.medium_use1-az5': 15, 'r7gd.medium_use1-az6': 20, 'r7gd.xlarge_use1-az1': 1, 'r7gd.xlarge_use1-az2': 10, 'r7gd.xlarge_use1-az4': 25, 'r7gd.xlarge_use1-az5': 10, 'r7gd.xlarge_use1-az6': 50, 'r7i.12xlarge_use1-az4': 1, 'r7i.12xlarge_use1-az6': 10, 'r7i.16xlarge_use1-az1': 5, 'r7i.16xlarge_use1-az2': 15, 'r7i.16xlarge_use1-az4': 45, 'r7i.16xlarge_use1-az5': 5, 'r7i.16xlarge_use1-az6': 50, 'r7i.24xlarge_use1-az1': 1, 'r7i.24xlarge_use1-az2': 1, 'r7i.24xlarge_use1-az4': 5, 'r7i.24xlarge_use1-az5': 5, 'r7i.24xlarge_use1-az6': 5, 'r7i.2xlarge_use1-az1': 5, 'r7i.2xlarge_use1-az2': 5, 'r7i.2xlarge_use1-az4': 10, 'r7i.2xlarge_use1-az5': 5, 'r7i.2xlarge_use1-az6': 50, 'r7i.48xlarge_use1-az2': 1, 'r7i.48xlarge_use1-az4': 5, 'r7i.48xlarge_use1-az5': 1, 'r7i.48xlarge_use1-az6': 5, 'r7i.4xlarge_use1-az1': 5, 'r7i.4xlarge_use1-az2': 20, 'r7i.4xlarge_use1-az4': 10, 'r7i.4xlarge_use1-az5': 1, 'r7i.4xlarge_use1-az6': 50, 'r7i.8xlarge_use1-az1': 5, 'r7i.8xlarge_use1-az2': 25, 'r7i.8xlarge_use1-az4': 25, 'r7i.8xlarge_use1-az5': 5, 'r7i.8xlarge_use1-az6': 50, 'r7i.large_use1-az1': 15, 'r7i.large_use1-az2': 50, 'r7i.large_use1-az4': 50, 'r7i.large_use1-az5': 15, 'r7i.large_use1-az6': 50, 'r7i.xlarge_use1-az1': 5, 'r7i.xlarge_use1-az2': 15, 'r7i.xlarge_use1-az4': 10, 'r7i.xlarge_use1-az5': 15, 'r7i.xlarge_use1-az6': 50, 'r8g.12xlarge_use1-az2': 5, 'r8g.12xlarge_use1-az4': 5, 'r8g.12xlarge_use1-az6': 15, 'r8g.16xlarge_use1-az1': 1, 'r8g.16xlarge_use1-az2': 50, 'r8g.16xlarge_use1-az4': 50, 'r8g.16xlarge_use1-az5': 5, 'r8g.16xlarge_use1-az6': 50, 'r8g.24xlarge_use1-az2': 10, 'r8g.24xlarge_use1-az4': 5, 'r8g.24xlarge_use1-az5': 5, 'r8g.24xlarge_use1-az6': 35, 'r8g.2xlarge_use1-az2': 5, 'r8g.2xlarge_use1-az4': 5, 'r8g.2xlarge_use1-az5': 1, 'r8g.2xlarge_use1-az6': 5, 'r8g.48xlarge_use1-az2': 1, 'r8g.48xlarge_use1-az4': 5, 'r8g.48xlarge_use1-az6': 5, 'r8g.4xlarge_use1-az2': 10, 'r8g.4xlarge_use1-az4': 35, 'r8g.4xlarge_use1-az5': 5, 'r8g.4xlarge_use1-az6': 50, 'r8g.8xlarge_use1-az2': 40, 'r8g.8xlarge_use1-az4': 15, 'r8g.8xlarge_use1-az5': 1, 'r8g.8xlarge_use1-az6': 50, 'r8g.large_use1-az1': 5, 'r8g.large_use1-az2': 30, 'r8g.large_use1-az4': 15, 'r8g.large_use1-az5': 10, 'r8g.large_use1-az6': 20, 'r8g.medium_use1-az1': 15, 'r8g.medium_use1-az2': 30, 'r8g.medium_use1-az4': 20, 'r8g.medium_use1-az5': 5, 'r8g.medium_use1-az6': 15, 'r8g.xlarge_use1-az1': 1, 'r8g.xlarge_use1-az2': 10, 'r8g.xlarge_use1-az4': 5, 'r8g.xlarge_use1-az5': 5, 'r8g.xlarge_use1-az6': 10, 'r8gb.24xlarge_use1-az6': 1, 'r8gb.2xlarge_use1-az2': 1, 'r8gb.2xlarge_use1-az4': 1, 'r8gb.2xlarge_use1-az6': 1, 'r8gb.large_use1-az2': 20, 'r8gb.large_use1-az4': 15, 'r8gb.large_use1-az6': 25, 'r8gb.medium_use1-az2': 50, 'r8gb.metal-24xl_use1-az6': 1, 'r8gb.xlarge_use1-az2': 5, 'r8gb.xlarge_use1-az4': 5, 'r8gb.xlarge_use1-az6': 5, 'r8gd.12xlarge_use1-az5': 1, 'r8gd.12xlarge_use1-az6': 1, 'r8gd.16xlarge_use1-az2': 1, 'r8gd.16xlarge_use1-az4': 1, 'r8gd.16xlarge_use1-az5': 1, 'r8gd.16xlarge_use1-az6': 15, 'r8gd.24xlarge_use1-az2': 1, 'r8gd.24xlarge_use1-az5': 1, 'r8gd.24xlarge_use1-az6': 25, 'r8gd.2xlarge_use1-az2': 25, 'r8gd.2xlarge_use1-az4': 30, 'r8gd.2xlarge_use1-az6': 50, 'r8gd.48xlarge_use1-az6': 50, 'r8gd.4xlarge_use1-az1': 1, 'r8gd.4xlarge_use1-az2': 20, 'r8gd.4xlarge_use1-az5': 1, 'r8gd.4xlarge_use1-az6': 15, 'r8gd.8xlarge_use1-az2': 5, 'r8gd.8xlarge_use1-az4': 1, 'r8gd.8xlarge_use1-az5': 1, 'r8gd.8xlarge_use1-az6': 1, 'r8gd.large_use1-az2': 50, 'r8gd.large_use1-az5': 1, 'r8gd.large_use1-az6': 50, 'r8gd.medium_use1-az1': 5, 'r8gd.medium_use1-az2': 5, 'r8gd.medium_use1-az4': 5, 'r8gd.medium_use1-az5': 10, 'r8gd.metal-24xl_use1-az6': 1, 'r8gd.metal-48xl_use1-az6': 1, 'r8gd.xlarge_use1-az2': 25, 'r8gd.xlarge_use1-az4': 1, 'r8gd.xlarge_use1-az5': 50, 'r8gd.xlarge_use1-az6': 40, 'r8gn.16xlarge_use1-az6': 1, 'r8gn.24xlarge_use1-az2': 1, 'r8gn.2xlarge_use1-az2': 1, 'r8gn.2xlarge_use1-az4': 1, 'r8gn.2xlarge_use1-az6': 1, 'r8gn.48xlarge_use1-az6': 1, 'r8gn.4xlarge_use1-az6': 5, 'r8gn.8xlarge_use1-az2': 1, 'r8gn.8xlarge_use1-az6': 5, 'r8gn.large_use1-az2': 20, 'r8gn.large_use1-az4': 15, 'r8gn.large_use1-az6': 20, 'r8gn.medium_use1-az2': 35, 'r8gn.medium_use1-az4': 40, 'r8gn.metal-24xl_use1-az2': 1, 'r8gn.metal-24xl_use1-az6': 1, 'r8gn.xlarge_use1-az2': 1, 'r8gn.xlarge_use1-az4': 5, 'r8gn.xlarge_use1-az6': 10, 'r8i-flex.2xlarge_use1-az2': 1, 'r8i-flex.2xlarge_use1-az6': 5, 'r8i-flex.4xlarge_use1-az2': 1, 'r8i-flex.4xlarge_use1-az6': 1, 'r8i-flex.large_use1-az2': 1, 'r8i-flex.large_use1-az6': 5, 'r8i-flex.xlarge_use1-az2': 5, 'r8i-flex.xlarge_use1-az6': 1, 'r8i.12xlarge_use1-az2': 1, 'r8i.12xlarge_use1-az6': 1, 'r8i.16xlarge_use1-az2': 1, 'r8i.16xlarge_use1-az6': 1, 'r8i.24xlarge_use1-az6': 1, 'r8i.2xlarge_use1-az2': 5, 'r8i.2xlarge_use1-az6': 5, 'r8i.32xlarge_use1-az2': 1, 'r8i.32xlarge_use1-az6': 1, 'r8i.48xlarge_use1-az2': 1, 'r8i.48xlarge_use1-az6': 1, 'r8i.4xlarge_use1-az2': 1, 'r8i.4xlarge_use1-az6': 5, 'r8i.8xlarge_use1-az2': 1, 'r8i.8xlarge_use1-az6': 5, 'r8i.96xlarge_use1-az2': 1, 'r8i.96xlarge_use1-az6': 1, 'r8i.large_use1-az2': 20, 'r8i.large_use1-az6': 20, 'r8i.xlarge_use1-az2': 5, 'r8i.xlarge_use1-az6': 5, 't2.2xlarge_use1-az1': 50, 't2.2xlarge_use1-az2': 50, 't2.2xlarge_use1-az3': 15, 't2.2xlarge_use1-az4': 50, 't2.2xlarge_use1-az5': 50, 't2.2xlarge_use1-az6': 50, 't2.large_use1-az1': 20, 't2.large_use1-az2': 50, 't2.large_use1-az3': 50, 't2.large_use1-az4': 50, 't2.large_use1-az5': 25, 't2.large_use1-az6': 50, 't2.medium_use1-az1': 50, 't2.medium_use1-az2': 50, 't2.medium_use1-az3': 50, 't2.medium_use1-az4': 50, 't2.medium_use1-az5': 50, 't2.medium_use1-az6': 50, 't2.xlarge_use1-az1': 35, 't2.xlarge_use1-az2': 50, 't2.xlarge_use1-az3': 20, 't2.xlarge_use1-az4': 50, 't2.xlarge_use1-az5': 5, 't2.xlarge_use1-az6': 50, 't3.2xlarge_use1-az1': 50, 't3.2xlarge_use1-az2': 50, 't3.2xlarge_use1-az4': 50, 't3.2xlarge_use1-az5': 50, 't3.2xlarge_use1-az6': 50, 't3.large_use1-az1': 50, 't3.large_use1-az2': 50, 't3.large_use1-az4': 50, 't3.large_use1-az5': 50, 't3.large_use1-az6': 50, 't3.medium_use1-az1': 50, 't3.medium_use1-az2': 50, 't3.medium_use1-az4': 50, 't3.medium_use1-az5': 50, 't3.medium_use1-az6': 50, 't3.xlarge_use1-az1': 50, 't3.xlarge_use1-az2': 50, 't3.xlarge_use1-az4': 50, 't3.xlarge_use1-az5': 50, 't3.xlarge_use1-az6': 50, 't3a.2xlarge_use1-az1': 50, 't3a.2xlarge_use1-az2': 50, 't3a.2xlarge_use1-az4': 50, 't3a.2xlarge_use1-az5': 50, 't3a.2xlarge_use1-az6': 50, 't3a.large_use1-az1': 50, 't3a.large_use1-az2': 50, 't3a.large_use1-az4': 50, 't3a.large_use1-az5': 5, 't3a.large_use1-az6': 50, 't3a.medium_use1-az1': 50, 't3a.medium_use1-az2': 50, 't3a.medium_use1-az4': 50, 't3a.medium_use1-az5': 5, 't3a.medium_use1-az6': 50, 't3a.xlarge_use1-az1': 25, 't3a.xlarge_use1-az2': 50, 't3a.xlarge_use1-az4': 50, 't3a.xlarge_use1-az5': 15, 't3a.xlarge_use1-az6': 50, 't4g.2xlarge_use1-az1': 5, 't4g.2xlarge_use1-az2': 15, 't4g.2xlarge_use1-az4': 5, 't4g.2xlarge_use1-az5': 10, 't4g.2xlarge_use1-az6': 10, 't4g.large_use1-az1': 1, 't4g.large_use1-az2': 15, 't4g.large_use1-az4': 50, 't4g.large_use1-az5': 25, 't4g.large_use1-az6': 35, 't4g.medium_use1-az1': 1, 't4g.medium_use1-az2': 50, 't4g.medium_use1-az4': 50, 't4g.medium_use1-az5': 35, 't4g.medium_use1-az6': 50, 't4g.xlarge_use1-az1': 30, 't4g.xlarge_use1-az2': 15, 't4g.xlarge_use1-az4': 50, 't4g.xlarge_use1-az5': 5, 't4g.xlarge_use1-az6': 10, 'trn1.2xlarge_use1-az5': 5, 'trn1.2xlarge_use1-az6': 20, 'trn1.32xlarge_use1-az6': 50, 'trn1n.32xlarge_use1-az6': 50, 'vt1.3xlarge_use1-az2': 1, 'vt1.6xlarge_use1-az2': 1, 'x1.16xlarge_use1-az2': 1, 'x1.16xlarge_use1-az4': 1, 'x1.16xlarge_use1-az6': 1, 'x1.32xlarge_use1-az2': 1, 'x1.32xlarge_use1-az3': 5, 'x1.32xlarge_use1-az6': 1, 'x1e.16xlarge_use1-az2': 1, 'x1e.16xlarge_use1-az4': 1, 'x1e.16xlarge_use1-az6': 5, 'x1e.2xlarge_use1-az1': 1, 'x1e.2xlarge_use1-az2': 5, 'x1e.2xlarge_use1-az4': 10, 'x1e.2xlarge_use1-az6': 1, 'x1e.4xlarge_use1-az2': 5, 'x1e.4xlarge_use1-az4': 5, 'x1e.4xlarge_use1-az6': 1, 'x1e.8xlarge_use1-az1': 1, 'x1e.8xlarge_use1-az2': 1, 'x1e.8xlarge_use1-az4': 5, 'x1e.8xlarge_use1-az6': 5, 'x1e.xlarge_use1-az1': 10, 'x1e.xlarge_use1-az2': 20, 'x1e.xlarge_use1-az4': 15, 'x1e.xlarge_use1-az6': 5, 'x2gd.12xlarge_use1-az5': 5, 'x2gd.12xlarge_use1-az6': 1, 'x2gd.16xlarge_use1-az5': 1, 'x2gd.16xlarge_use1-az6': 15, 'x2gd.2xlarge_use1-az1': 5, 'x2gd.2xlarge_use1-az4': 1, 'x2gd.2xlarge_use1-az5': 5, 'x2gd.2xlarge_use1-az6': 30, 'x2gd.4xlarge_use1-az1': 1, 'x2gd.4xlarge_use1-az2': 1, 'x2gd.4xlarge_use1-az4': 5, 'x2gd.4xlarge_use1-az5': 1, 'x2gd.4xlarge_use1-az6': 35, 'x2gd.8xlarge_use1-az4': 1, 'x2gd.8xlarge_use1-az5': 1, 'x2gd.8xlarge_use1-az6': 5, 'x2gd.large_use1-az1': 35, 'x2gd.large_use1-az2': 25, 'x2gd.large_use1-az4': 15, 'x2gd.large_use1-az5': 25, 'x2gd.large_use1-az6': 50, 'x2gd.medium_use1-az1': 25, 'x2gd.medium_use1-az2': 35, 'x2gd.medium_use1-az4': 50, 'x2gd.medium_use1-az5': 50, 'x2gd.medium_use1-az6': 50, 'x2gd.xlarge_use1-az1': 5, 'x2gd.xlarge_use1-az2': 1, 'x2gd.xlarge_use1-az4': 20, 'x2gd.xlarge_use1-az5': 15, 'x2gd.xlarge_use1-az6': 25, 'x2idn.16xlarge_use1-az2': 1, 'x2idn.16xlarge_use1-az5': 1, 'x2idn.24xlarge_use1-az4': 1, 'x2idn.24xlarge_use1-az5': 1, 'x2idn.32xlarge_use1-az5': 1, 'x2iedn.24xlarge_use1-az4': 1, 'x2iedn.24xlarge_use1-az6': 1, 'x2iedn.2xlarge_use1-az1': 1, 'x2iedn.2xlarge_use1-az2': 25, 'x2iedn.2xlarge_use1-az4': 15, 'x2iedn.2xlarge_use1-az5': 1, 'x2iedn.2xlarge_use1-az6': 5, 'x2iedn.4xlarge_use1-az1': 1, 'x2iedn.4xlarge_use1-az2': 1, 'x2iedn.4xlarge_use1-az4': 1, 'x2iedn.4xlarge_use1-az5': 1, 'x2iedn.4xlarge_use1-az6': 1, 'x2iedn.8xlarge_use1-az4': 1, 'x2iedn.8xlarge_use1-az6': 1, 'x2iedn.xlarge_use1-az1': 5, 'x2iedn.xlarge_use1-az2': 20, 'x2iedn.xlarge_use1-az4': 10, 'x2iedn.xlarge_use1-az5': 1, 'x2iedn.xlarge_use1-az6': 10, 'x2iezn.12xlarge_use1-az2': 1, 'x2iezn.12xlarge_use1-az4': 20, 'x2iezn.12xlarge_use1-az6': 5, 'x2iezn.2xlarge_use1-az2': 5, 'x2iezn.2xlarge_use1-az4': 10, 'x2iezn.2xlarge_use1-az6': 1, 'x2iezn.4xlarge_use1-az2': 1, 'x2iezn.4xlarge_use1-az4': 5, 'x2iezn.4xlarge_use1-az6': 1, 'x2iezn.6xlarge_use1-az2': 1, 'x2iezn.6xlarge_use1-az4': 5, 'x2iezn.6xlarge_use1-az6': 1, 'x2iezn.8xlarge_use1-az2': 1, 'x2iezn.8xlarge_use1-az4': 10, 'x2iezn.8xlarge_use1-az6': 1, 'x8g.12xlarge_use1-az2': 1, 'x8g.12xlarge_use1-az4': 20, 'x8g.12xlarge_use1-az6': 1, 'x8g.16xlarge_use1-az1': 1, 'x8g.16xlarge_use1-az2': 5, 'x8g.16xlarge_use1-az4': 5, 'x8g.16xlarge_use1-az6': 5, 'x8g.24xlarge_use1-az1': 1, 'x8g.24xlarge_use1-az2': 5, 'x8g.24xlarge_use1-az4': 5, 'x8g.24xlarge_use1-az6': 10, 'x8g.2xlarge_use1-az1': 5, 'x8g.2xlarge_use1-az2': 10, 'x8g.2xlarge_use1-az4': 10, 'x8g.2xlarge_use1-az6': 25, 'x8g.48xlarge_use1-az1': 1, 'x8g.48xlarge_use1-az2': 1, 'x8g.48xlarge_use1-az4': 10, 'x8g.48xlarge_use1-az6': 1, 'x8g.4xlarge_use1-az1': 1, 'x8g.4xlarge_use1-az2': 5, 'x8g.4xlarge_use1-az4': 5, 'x8g.4xlarge_use1-az6': 10, 'x8g.8xlarge_use1-az2': 15, 'x8g.8xlarge_use1-az4': 20, 'x8g.8xlarge_use1-az6': 5, 'x8g.large_use1-az1': 30, 'x8g.large_use1-az4': 50, 'x8g.large_use1-az6': 50, 'x8g.medium_use1-az1': 50, 'x8g.medium_use1-az4': 50, 'x8g.medium_use1-az6': 50, 'x8g.metal-24xl_use1-az1': 1, 'x8g.metal-24xl_use1-az2': 1, 'x8g.metal-24xl_use1-az4': 1, 'x8g.metal-24xl_use1-az6': 10, 'x8g.metal-48xl_use1-az2': 1, 'x8g.metal-48xl_use1-az4': 1, 'x8g.metal-48xl_use1-az6': 1, 'x8g.xlarge_use1-az1': 10, 'x8g.xlarge_use1-az2': 20, 'x8g.xlarge_use1-az4': 40, 'x8g.xlarge_use1-az6': 50, 'z1d.12xlarge_use1-az1': 1, 'z1d.12xlarge_use1-az2': 1, 'z1d.12xlarge_use1-az4': 1, 'z1d.12xlarge_use1-az5': 1, 'z1d.12xlarge_use1-az6': 5, 'z1d.2xlarge_use1-az1': 5, 'z1d.2xlarge_use1-az2': 5, 'z1d.2xlarge_use1-az4': 15, 'z1d.2xlarge_use1-az5': 1, 'z1d.2xlarge_use1-az6': 15, 'z1d.3xlarge_use1-az1': 5, 'z1d.3xlarge_use1-az2': 5, 'z1d.3xlarge_use1-az4': 10, 'z1d.3xlarge_use1-az5': 5, 'z1d.3xlarge_use1-az6': 5, 'z1d.6xlarge_use1-az1': 1, 'z1d.6xlarge_use1-az2': 1, 'z1d.6xlarge_use1-az4': 1, 'z1d.6xlarge_use1-az6': 1, 'z1d.large_use1-az1': 15, 'z1d.large_use1-az2': 5, 'z1d.large_use1-az4': 25, 'z1d.large_use1-az5': 10, 'z1d.large_use1-az6': 25, 'z1d.xlarge_use1-az1': 10, 'z1d.xlarge_use1-az2': 20, 'z1d.xlarge_use1-az4': 30, 'z1d.xlarge_use1-az5': 1, 'z1d.xlarge_use1-az6': 20}"
0.99,27584.45729999996,29752470571,1078595.4658344178,1145833,1145733,"{'c1.xlarge_use1-az1': 5, 'c1.xlarge_use1-az2': 5, 'c1.xlarge_use1-az4': 5, 'c1.xlarge_use1-az6': 1, 'c3.2xlarge_use1-az2': 5, 'c3.2xlarge_use1-az4': 50, 'c3.2xlarge_use1-az6': 15, 'c3.4xlarge_use1-az2': 5, 'c3.4xlarge_use1-az4': 5, 'c3.4xlarge_use1-az6': 5, 'c3.8xlarge_use1-az2': 5, 'c3.8xlarge_use1-az4': 5, 'c3.8xlarge_use1-az6': 1, 'c3.xlarge_use1-az2': 35, 'c3.xlarge_use1-az3': 1, 'c3.xlarge_use1-az4': 50, 'c3.xlarge_use1-az6': 30, 'c4.2xlarge_use1-az1': 5, 'c4.2xlarge_use1-az2': 5, 'c4.2xlarge_use1-az3': 25, 'c4.2xlarge_use1-az4': 15, 'c4.2xlarge_use1-az5': 15, 'c4.2xlarge_use1-az6': 10, 'c4.4xlarge_use1-az1': 5, 'c4.4xlarge_use1-az2': 5, 'c4.4xlarge_use1-az3': 10, 'c4.4xlarge_use1-az4': 5, 'c4.4xlarge_use1-az5': 5, 'c4.4xlarge_use1-az6': 1, 'c4.8xlarge_use1-az1': 1, 'c4.8xlarge_use1-az2': 5, 'c4.8xlarge_use1-az3': 5, 'c4.8xlarge_use1-az4': 15, 'c4.8xlarge_use1-az5': 5, 'c4.8xlarge_use1-az6': 5, 'c4.xlarge_use1-az1': 25, 'c4.xlarge_use1-az2': 40, 'c4.xlarge_use1-az3': 20, 'c4.xlarge_use1-az4': 40, 'c4.xlarge_use1-az5': 50, 'c4.xlarge_use1-az6': 50, 'c5.12xlarge_use1-az1': 50, 'c5.12xlarge_use1-az2': 50, 'c5.12xlarge_use1-az4': 50, 'c5.12xlarge_use1-az5': 50, 'c5.12xlarge_use1-az6': 50, 'c5.18xlarge_use1-az1': 5, 'c5.18xlarge_use1-az2': 50, 'c5.18xlarge_use1-az4': 15, 'c5.18xlarge_use1-az5': 10, 'c5.18xlarge_use1-az6': 1, 'c5.24xlarge_use1-az1': 1, 'c5.24xlarge_use1-az2': 5, 'c5.24xlarge_use1-az4': 5, 'c5.24xlarge_use1-az5': 1, 'c5.24xlarge_use1-az6': 5, 'c5.2xlarge_use1-az1': 50, 'c5.2xlarge_use1-az2': 50, 'c5.2xlarge_use1-az4': 50, 'c5.2xlarge_use1-az5': 50, 'c5.2xlarge_use1-az6': 50, 'c5.4xlarge_use1-az1': 50, 'c5.4xlarge_use1-az2': 50, 'c5.4xlarge_use1-az4': 50, 'c5.4xlarge_use1-az5': 50, 'c5.4xlarge_use1-az6': 50, 'c5.9xlarge_use1-az1': 50, 'c5.9xlarge_use1-az2': 50, 'c5.9xlarge_use1-az4': 50, 'c5.9xlarge_use1-az5': 50, 'c5.9xlarge_use1-az6': 50, 'c5.large_use1-az1': 50, 'c5.large_use1-az2': 50, 'c5.large_use1-az4': 50, 'c5.large_use1-az5': 50, 'c5.large_use1-az6': 50, 'c5.xlarge_use1-az1': 50, 'c5.xlarge_use1-az2': 50, 'c5.xlarge_use1-az4': 50, 'c5.xlarge_use1-az5': 50, 'c5.xlarge_use1-az6': 50, 'c5a.12xlarge_use1-az1': 5, 'c5a.12xlarge_use1-az2': 10, 'c5a.12xlarge_use1-az4': 15, 'c5a.12xlarge_use1-az5': 1, 'c5a.12xlarge_use1-az6': 5, 'c5a.16xlarge_use1-az4': 1, 'c5a.16xlarge_use1-az6': 1, 'c5a.24xlarge_use1-az2': 1, 'c5a.24xlarge_use1-az4': 1, 'c5a.24xlarge_use1-az6': 1, 'c5a.2xlarge_use1-az1': 30, 'c5a.2xlarge_use1-az2': 20, 'c5a.2xlarge_use1-az4': 50, 'c5a.2xlarge_use1-az5': 15, 'c5a.2xlarge_use1-az6': 50, 'c5a.4xlarge_use1-az1': 5, 'c5a.4xlarge_use1-az2': 1, 'c5a.4xlarge_use1-az4': 5, 'c5a.4xlarge_use1-az5': 5, 'c5a.4xlarge_use1-az6': 5, 'c5a.8xlarge_use1-az1': 1, 'c5a.8xlarge_use1-az2': 1, 'c5a.8xlarge_use1-az4': 5, 'c5a.8xlarge_use1-az6': 15, 'c5a.large_use1-az1': 50, 'c5a.large_use1-az2': 50, 'c5a.large_use1-az4': 50, 'c5a.large_use1-az5': 45, 'c5a.large_use1-az6': 50, 'c5a.xlarge_use1-az1': 50, 'c5a.xlarge_use1-az2': 50, 'c5a.xlarge_use1-az4': 50, 'c5a.xlarge_use1-az5': 50, 'c5a.xlarge_use1-az6': 50, 'c5ad.12xlarge_use1-az1': 5, 'c5ad.12xlarge_use1-az2': 5, 'c5ad.12xlarge_use1-az4': 5, 'c5ad.12xlarge_use1-az6': 5, 'c5ad.16xlarge_use1-az1': 1, 'c5ad.16xlarge_use1-az2': 5, 'c5ad.16xlarge_use1-az4': 1, 'c5ad.16xlarge_use1-az6': 1, 'c5ad.24xlarge_use1-az1': 1, 'c5ad.24xlarge_use1-az2': 1, 'c5ad.24xlarge_use1-az4': 1, 'c5ad.24xlarge_use1-az6': 5, 'c5ad.2xlarge_use1-az1': 10, 'c5ad.2xlarge_use1-az2': 5, 'c5ad.2xlarge_use1-az4': 5, 'c5ad.2xlarge_use1-az5': 5, 'c5ad.2xlarge_use1-az6': 15, 'c5ad.4xlarge_use1-az1': 5, 'c5ad.4xlarge_use1-az2': 5, 'c5ad.4xlarge_use1-az4': 1, 'c5ad.4xlarge_use1-az5': 1, 'c5ad.4xlarge_use1-az6': 10, 'c5ad.8xlarge_use1-az1': 1, 'c5ad.8xlarge_use1-az2': 1, 'c5ad.8xlarge_use1-az4': 1, 'c5ad.8xlarge_use1-az5': 1, 'c5ad.8xlarge_use1-az6': 1, 'c5ad.large_use1-az1': 20, 'c5ad.large_use1-az2': 30, 'c5ad.large_use1-az4': 10, 'c5ad.large_use1-az5': 15, 'c5ad.large_use1-az6': 20, 'c5ad.xlarge_use1-az1': 15, 'c5ad.xlarge_use1-az2': 10, 'c5ad.xlarge_use1-az4': 5, 'c5ad.xlarge_use1-az5': 5, 'c5ad.xlarge_use1-az6': 15, 'c5d.12xlarge_use1-az2': 15, 'c5d.12xlarge_use1-az4': 5, 'c5d.12xlarge_use1-az6': 45, 'c5d.18xlarge_use1-az1': 5, 'c5d.18xlarge_use1-az2': 50, 'c5d.18xlarge_use1-az4': 50, 'c5d.18xlarge_use1-az5': 5, 'c5d.18xlarge_use1-az6': 30, 'c5d.24xlarge_use1-az2': 35, 'c5d.24xlarge_use1-az4': 25, 'c5d.24xlarge_use1-az6': 50, 'c5d.2xlarge_use1-az1': 15, 'c5d.2xlarge_use1-az2': 50, 'c5d.2xlarge_use1-az4': 50, 'c5d.2xlarge_use1-az5': 20, 'c5d.2xlarge_use1-az6': 50, 'c5d.4xlarge_use1-az1': 20, 'c5d.4xlarge_use1-az2': 50, 'c5d.4xlarge_use1-az4': 50, 'c5d.4xlarge_use1-az5': 25, 'c5d.4xlarge_use1-az6': 50, 'c5d.9xlarge_use1-az1': 10, 'c5d.9xlarge_use1-az2': 20, 'c5d.9xlarge_use1-az4': 50, 'c5d.9xlarge_use1-az5': 10, 'c5d.9xlarge_use1-az6': 25, 'c5d.large_use1-az1': 50, 'c5d.large_use1-az2': 50, 'c5d.large_use1-az4': 50, 'c5d.large_use1-az5': 35, 'c5d.large_use1-az6': 50, 'c5d.xlarge_use1-az1': 50, 'c5d.xlarge_use1-az2': 50, 'c5d.xlarge_use1-az4': 50, 'c5d.xlarge_use1-az5': 50, 'c5d.xlarge_use1-az6': 50, 'c5n.18xlarge_use1-az1': 30, 'c5n.18xlarge_use1-az2': 5, 'c5n.18xlarge_use1-az4': 10, 'c5n.2xlarge_use1-az1': 5, 'c5n.2xlarge_use1-az2': 10, 'c5n.2xlarge_use1-az4': 15, 'c5n.2xlarge_use1-az5': 10, 'c5n.2xlarge_use1-az6': 10, 'c5n.4xlarge_use1-az1': 5, 'c5n.4xlarge_use1-az2': 1, 'c5n.4xlarge_use1-az4': 5, 'c5n.4xlarge_use1-az6': 1, 'c5n.9xlarge_use1-az1': 10, 'c5n.9xlarge_use1-az2': 1, 'c5n.9xlarge_use1-az4': 5, 'c5n.large_use1-az1': 10, 'c5n.large_use1-az2': 10, 'c5n.large_use1-az4': 25, 'c5n.large_use1-az5': 5, 'c5n.large_use1-az6': 5, 'c5n.xlarge_use1-az1': 1, 'c5n.xlarge_use1-az2': 1, 'c5n.xlarge_use1-az4': 5, 'c5n.xlarge_use1-az5': 1, 'c5n.xlarge_use1-az6': 1, 'c6a.12xlarge_use1-az1': 5, 'c6a.12xlarge_use1-az2': 50, 'c6a.12xlarge_use1-az4': 50, 'c6a.12xlarge_use1-az5': 1, 'c6a.12xlarge_use1-az6': 15, 'c6a.16xlarge_use1-az1': 1, 'c6a.16xlarge_use1-az2': 5, 'c6a.16xlarge_use1-az4': 10, 'c6a.16xlarge_use1-az5': 1, 'c6a.16xlarge_use1-az6': 15, 'c6a.24xlarge_use1-az1': 1, 'c6a.24xlarge_use1-az2': 5, 'c6a.24xlarge_use1-az4': 5, 'c6a.24xlarge_use1-az5': 5, 'c6a.24xlarge_use1-az6': 20, 'c6a.2xlarge_use1-az1': 10, 'c6a.2xlarge_use1-az2': 40, 'c6a.2xlarge_use1-az4': 50, 'c6a.2xlarge_use1-az5': 10, 'c6a.2xlarge_use1-az6': 50, 'c6a.32xlarge_use1-az2': 1, 'c6a.32xlarge_use1-az4': 1, 'c6a.32xlarge_use1-az5': 1, 'c6a.32xlarge_use1-az6': 5, 'c6a.48xlarge_use1-az2': 1, 'c6a.48xlarge_use1-az4': 10, 'c6a.48xlarge_use1-az5': 5, 'c6a.48xlarge_use1-az6': 25, 'c6a.4xlarge_use1-az1': 15, 'c6a.4xlarge_use1-az2': 15, 'c6a.4xlarge_use1-az4': 30, 'c6a.4xlarge_use1-az5': 15, 'c6a.4xlarge_use1-az6': 50, 'c6a.8xlarge_use1-az1': 5, 'c6a.8xlarge_use1-az2': 50, 'c6a.8xlarge_use1-az4': 30, 'c6a.8xlarge_use1-az5': 25, 'c6a.8xlarge_use1-az6': 50, 'c6a.large_use1-az1': 45, 'c6a.large_use1-az2': 50, 'c6a.large_use1-az4': 50, 'c6a.large_use1-az5': 50, 'c6a.large_use1-az6': 20, 'c6a.xlarge_use1-az1': 15, 'c6a.xlarge_use1-az2': 25, 'c6a.xlarge_use1-az4': 25, 'c6a.xlarge_use1-az5': 15, 'c6a.xlarge_use1-az6': 25, 'c6g.12xlarge_use1-az1': 15, 'c6g.12xlarge_use1-az2': 25, 'c6g.12xlarge_use1-az4': 50, 'c6g.12xlarge_use1-az5': 5, 'c6g.12xlarge_use1-az6': 50, 'c6g.16xlarge_use1-az1': 1, 'c6g.16xlarge_use1-az2': 15, 'c6g.16xlarge_use1-az4': 50, 'c6g.16xlarge_use1-az5': 5, 'c6g.16xlarge_use1-az6': 50, 'c6g.2xlarge_use1-az1': 5, 'c6g.2xlarge_use1-az2': 50, 'c6g.2xlarge_use1-az4': 50, 'c6g.2xlarge_use1-az5': 15, 'c6g.2xlarge_use1-az6': 50, 'c6g.4xlarge_use1-az1': 50, 'c6g.4xlarge_use1-az2': 50, 'c6g.4xlarge_use1-az4': 50, 'c6g.4xlarge_use1-az5': 50, 'c6g.4xlarge_use1-az6': 50, 'c6g.8xlarge_use1-az1': 50, 'c6g.8xlarge_use1-az2': 50, 'c6g.8xlarge_use1-az4': 50, 'c6g.8xlarge_use1-az5': 50, 'c6g.8xlarge_use1-az6': 50, 'c6g.large_use1-az1': 5, 'c6g.large_use1-az2': 50, 'c6g.large_use1-az4': 50, 'c6g.large_use1-az5': 50, 'c6g.large_use1-az6': 50, 'c6g.xlarge_use1-az1': 30, 'c6g.xlarge_use1-az2': 50, 'c6g.xlarge_use1-az4': 50, 'c6g.xlarge_use1-az5': 10, 'c6g.xlarge_use1-az6': 50, 'c6gd.12xlarge_use1-az2': 50, 'c6gd.12xlarge_use1-az4': 30, 'c6gd.12xlarge_use1-az5': 1, 'c6gd.12xlarge_use1-az6': 50, 'c6gd.16xlarge_use1-az2': 50, 'c6gd.16xlarge_use1-az4': 30, 'c6gd.16xlarge_use1-az6': 50, 'c6gd.2xlarge_use1-az1': 15, 'c6gd.2xlarge_use1-az2': 50, 'c6gd.2xlarge_use1-az4': 50, 'c6gd.2xlarge_use1-az5': 1, 'c6gd.2xlarge_use1-az6': 50, 'c6gd.4xlarge_use1-az1': 20, 'c6gd.4xlarge_use1-az2': 50, 'c6gd.4xlarge_use1-az4': 50, 'c6gd.4xlarge_use1-az5': 10, 'c6gd.4xlarge_use1-az6': 50, 'c6gd.8xlarge_use1-az1': 25, 'c6gd.8xlarge_use1-az2': 45, 'c6gd.8xlarge_use1-az4': 45, 'c6gd.8xlarge_use1-az5': 1, 'c6gd.8xlarge_use1-az6': 50, 'c6gd.large_use1-az1': 50, 'c6gd.large_use1-az2': 5, 'c6gd.large_use1-az4': 20, 'c6gd.large_use1-az5': 1, 'c6gd.large_use1-az6': 50, 'c6gd.xlarge_use1-az1': 50, 'c6gd.xlarge_use1-az2': 1, 'c6gd.xlarge_use1-az4': 1, 'c6gd.xlarge_use1-az5': 50, 'c6gd.xlarge_use1-az6': 50, 'c6gn.12xlarge_use1-az2': 25, 'c6gn.12xlarge_use1-az4': 50, 'c6gn.12xlarge_use1-az5': 1, 'c6gn.16xlarge_use1-az1': 1, 'c6gn.16xlarge_use1-az2': 50, 'c6gn.16xlarge_use1-az4': 50, 'c6gn.16xlarge_use1-az5': 10, 'c6gn.2xlarge_use1-az1': 5, 'c6gn.2xlarge_use1-az2': 1, 'c6gn.2xlarge_use1-az4': 20, 'c6gn.2xlarge_use1-az5': 1, 'c6gn.4xlarge_use1-az1': 1, 'c6gn.4xlarge_use1-az2': 40, 'c6gn.4xlarge_use1-az4': 35, 'c6gn.4xlarge_use1-az5': 10, 'c6gn.8xlarge_use1-az1': 25, 'c6gn.8xlarge_use1-az2': 35, 'c6gn.8xlarge_use1-az4': 30, 'c6gn.8xlarge_use1-az5': 5, 'c6gn.8xlarge_use1-az6': 5, 'c6gn.large_use1-az1': 5, 'c6gn.large_use1-az2': 25, 'c6gn.large_use1-az4': 10, 'c6gn.large_use1-az5': 15, 'c6gn.large_use1-az6': 1, 'c6gn.xlarge_use1-az1': 5, 'c6gn.xlarge_use1-az2': 10, 'c6gn.xlarge_use1-az4': 15, 'c6gn.xlarge_use1-az5': 5, 'c6gn.xlarge_use1-az6': 1, 'c6i.12xlarge_use1-az1': 15, 'c6i.12xlarge_use1-az2': 15, 'c6i.12xlarge_use1-az4': 30, 'c6i.12xlarge_use1-az5': 5, 'c6i.12xlarge_use1-az6': 5, 'c6i.16xlarge_use1-az1': 5, 'c6i.16xlarge_use1-az2': 15, 'c6i.16xlarge_use1-az4': 25, 'c6i.16xlarge_use1-az5': 10, 'c6i.16xlarge_use1-az6': 30, 'c6i.24xlarge_use1-az1': 5, 'c6i.24xlarge_use1-az2': 5, 'c6i.24xlarge_use1-az4': 10, 'c6i.24xlarge_use1-az5': 1, 'c6i.24xlarge_use1-az6': 15, 'c6i.2xlarge_use1-az1': 20, 'c6i.2xlarge_use1-az2': 50, 'c6i.2xlarge_use1-az4': 50, 'c6i.2xlarge_use1-az5': 5, 'c6i.2xlarge_use1-az6': 50, 'c6i.32xlarge_use1-az1': 10, 'c6i.32xlarge_use1-az2': 5, 'c6i.32xlarge_use1-az4': 50, 'c6i.32xlarge_use1-az5': 1, 'c6i.32xlarge_use1-az6': 40, 'c6i.4xlarge_use1-az1': 10, 'c6i.4xlarge_use1-az2': 40, 'c6i.4xlarge_use1-az4': 50, 'c6i.4xlarge_use1-az5': 15, 'c6i.4xlarge_use1-az6': 50, 'c6i.8xlarge_use1-az1': 10, 'c6i.8xlarge_use1-az2': 45, 'c6i.8xlarge_use1-az4': 50, 'c6i.8xlarge_use1-az5': 10, 'c6i.8xlarge_use1-az6': 50, 'c6i.large_use1-az1': 10, 'c6i.large_use1-az2': 40, 'c6i.large_use1-az4': 30, 'c6i.large_use1-az5': 10, 'c6i.large_use1-az6': 50, 'c6i.xlarge_use1-az1': 50, 'c6i.xlarge_use1-az2': 45, 'c6i.xlarge_use1-az4': 35, 'c6i.xlarge_use1-az5': 10, 'c6i.xlarge_use1-az6': 50, 'c6id.12xlarge_use1-az1': 1, 'c6id.12xlarge_use1-az2': 1, 'c6id.12xlarge_use1-az4': 5, 'c6id.12xlarge_use1-az6': 5, 'c6id.16xlarge_use1-az1': 1, 'c6id.16xlarge_use1-az2': 5, 'c6id.16xlarge_use1-az4': 5, 'c6id.16xlarge_use1-az5': 1, 'c6id.16xlarge_use1-az6': 1, 'c6id.24xlarge_use1-az1': 5, 'c6id.24xlarge_use1-az2': 15, 'c6id.24xlarge_use1-az4': 5, 'c6id.24xlarge_use1-az5': 1, 'c6id.24xlarge_use1-az6': 10, 'c6id.2xlarge_use1-az1': 1, 'c6id.2xlarge_use1-az2': 1, 'c6id.2xlarge_use1-az4': 5, 'c6id.2xlarge_use1-az5': 5, 'c6id.2xlarge_use1-az6': 1, 'c6id.32xlarge_use1-az1': 1, 'c6id.32xlarge_use1-az2': 5, 'c6id.32xlarge_use1-az4': 10, 'c6id.32xlarge_use1-az5': 1, 'c6id.32xlarge_use1-az6': 5, 'c6id.4xlarge_use1-az1': 15, 'c6id.4xlarge_use1-az2': 10, 'c6id.4xlarge_use1-az4': 10, 'c6id.4xlarge_use1-az5': 1, 'c6id.4xlarge_use1-az6': 5, 'c6id.8xlarge_use1-az1': 5, 'c6id.8xlarge_use1-az2': 1, 'c6id.8xlarge_use1-az4': 5, 'c6id.8xlarge_use1-az5': 1, 'c6id.8xlarge_use1-az6': 1, 'c6id.large_use1-az1': 5, 'c6id.large_use1-az2': 5, 'c6id.large_use1-az4': 1, 'c6id.large_use1-az5': 5, 'c6id.large_use1-az6': 5, 'c6id.xlarge_use1-az1': 5, 'c6id.xlarge_use1-az2': 1, 'c6id.xlarge_use1-az4': 5, 'c6id.xlarge_use1-az5': 1, 'c6id.xlarge_use1-az6': 1, 'c6in.12xlarge_use1-az1': 1, 'c6in.12xlarge_use1-az6': 1, 'c6in.16xlarge_use1-az4': 1, 'c6in.24xlarge_use1-az6': 1, 'c6in.2xlarge_use1-az1': 1, 'c6in.2xlarge_use1-az2': 1, 'c6in.2xlarge_use1-az4': 1, 'c6in.2xlarge_use1-az6': 1, 'c6in.32xlarge_use1-az1': 1, 'c6in.32xlarge_use1-az6': 1, 'c6in.4xlarge_use1-az1': 5, 'c6in.4xlarge_use1-az2': 5, 'c6in.4xlarge_use1-az4': 5, 'c6in.4xlarge_use1-az6': 25, 'c6in.8xlarge_use1-az1': 1, 'c6in.8xlarge_use1-az6': 1, 'c6in.large_use1-az1': 5, 'c6in.large_use1-az2': 1, 'c6in.large_use1-az4': 1, 'c6in.large_use1-az5': 1, 'c6in.large_use1-az6': 5, 'c6in.xlarge_use1-az1': 20, 'c6in.xlarge_use1-az2': 1, 'c6in.xlarge_use1-az4': 1, 'c6in.xlarge_use1-az6': 10, 'c7a.12xlarge_use1-az1': 5, 'c7a.12xlarge_use1-az2': 5, 'c7a.12xlarge_use1-az4': 1, 'c7a.12xlarge_use1-az6': 15, 'c7a.16xlarge_use1-az1': 1, 'c7a.16xlarge_use1-az2': 1, 'c7a.16xlarge_use1-az6': 5, 'c7a.24xlarge_use1-az1': 1, 'c7a.24xlarge_use1-az2': 1, 'c7a.24xlarge_use1-az5': 1, 'c7a.24xlarge_use1-az6': 5, 'c7a.2xlarge_use1-az1': 1, 'c7a.2xlarge_use1-az2': 1, 'c7a.2xlarge_use1-az4': 25, 'c7a.2xlarge_use1-az5': 1, 'c7a.2xlarge_use1-az6': 10, 'c7a.32xlarge_use1-az1': 1, 'c7a.32xlarge_use1-az2': 1, 'c7a.32xlarge_use1-az6': 15, 'c7a.48xlarge_use1-az1': 1, 'c7a.48xlarge_use1-az2': 1, 'c7a.48xlarge_use1-az5': 1, 'c7a.48xlarge_use1-az6': 20, 'c7a.4xlarge_use1-az1': 5, 'c7a.4xlarge_use1-az2': 10, 'c7a.4xlarge_use1-az4': 5, 'c7a.4xlarge_use1-az5': 1, 'c7a.4xlarge_use1-az6': 50, 'c7a.8xlarge_use1-az1': 1, 'c7a.8xlarge_use1-az2': 1, 'c7a.8xlarge_use1-az4': 1, 'c7a.8xlarge_use1-az6': 10, 'c7a.large_use1-az1': 15, 'c7a.large_use1-az2': 25, 'c7a.large_use1-az4': 30, 'c7a.large_use1-az5': 10, 'c7a.large_use1-az6': 50, 'c7a.xlarge_use1-az1': 5, 'c7a.xlarge_use1-az2': 5, 'c7a.xlarge_use1-az4': 10, 'c7a.xlarge_use1-az5': 5, 'c7a.xlarge_use1-az6': 15, 'c7g.12xlarge_use1-az1': 15, 'c7g.12xlarge_use1-az2': 50, 'c7g.12xlarge_use1-az4': 15, 'c7g.12xlarge_use1-az5': 1, 'c7g.12xlarge_use1-az6': 50, 'c7g.16xlarge_use1-az1': 25, 'c7g.16xlarge_use1-az2': 40, 'c7g.16xlarge_use1-az4': 50, 'c7g.16xlarge_use1-az5': 10, 'c7g.16xlarge_use1-az6': 50, 'c7g.2xlarge_use1-az1': 50, 'c7g.2xlarge_use1-az2': 50, 'c7g.2xlarge_use1-az4': 50, 'c7g.2xlarge_use1-az5': 50, 'c7g.2xlarge_use1-az6': 50, 'c7g.4xlarge_use1-az1': 50, 'c7g.4xlarge_use1-az2': 50, 'c7g.4xlarge_use1-az4': 50, 'c7g.4xlarge_use1-az5': 50, 'c7g.4xlarge_use1-az6': 50, 'c7g.8xlarge_use1-az1': 50, 'c7g.8xlarge_use1-az2': 50, 'c7g.8xlarge_use1-az4': 50, 'c7g.8xlarge_use1-az5': 50, 'c7g.8xlarge_use1-az6': 50, 'c7g.large_use1-az1': 5, 'c7g.large_use1-az2': 45, 'c7g.large_use1-az4': 30, 'c7g.large_use1-az5': 10, 'c7g.large_use1-az6': 30, 'c7g.xlarge_use1-az1': 50, 'c7g.xlarge_use1-az2': 50, 'c7g.xlarge_use1-az4': 50, 'c7g.xlarge_use1-az5': 50, 'c7g.xlarge_use1-az6': 50, 'c7gd.12xlarge_use1-az1': 5, 'c7gd.12xlarge_use1-az2': 30, 'c7gd.12xlarge_use1-az4': 15, 'c7gd.12xlarge_use1-az5': 15, 'c7gd.12xlarge_use1-az6': 50, 'c7gd.16xlarge_use1-az1': 5, 'c7gd.16xlarge_use1-az2': 30, 'c7gd.16xlarge_use1-az4': 40, 'c7gd.16xlarge_use1-az5': 1, 'c7gd.16xlarge_use1-az6': 50, 'c7gd.2xlarge_use1-az1': 15, 'c7gd.2xlarge_use1-az2': 50, 'c7gd.2xlarge_use1-az4': 50, 'c7gd.2xlarge_use1-az5': 5, 'c7gd.2xlarge_use1-az6': 50, 'c7gd.4xlarge_use1-az1': 30, 'c7gd.4xlarge_use1-az2': 25, 'c7gd.4xlarge_use1-az4': 50, 'c7gd.4xlarge_use1-az5': 1, 'c7gd.4xlarge_use1-az6': 50, 'c7gd.8xlarge_use1-az1': 5, 'c7gd.8xlarge_use1-az2': 15, 'c7gd.8xlarge_use1-az4': 10, 'c7gd.8xlarge_use1-az5': 5, 'c7gd.8xlarge_use1-az6': 20, 'c7gd.large_use1-az1': 1, 'c7gd.large_use1-az2': 25, 'c7gd.large_use1-az4': 5, 'c7gd.large_use1-az5': 10, 'c7gd.large_use1-az6': 20, 'c7gd.xlarge_use1-az1': 15, 'c7gd.xlarge_use1-az2': 50, 'c7gd.xlarge_use1-az4': 5, 'c7gd.xlarge_use1-az5': 15, 'c7gd.xlarge_use1-az6': 25, 'c7gn.12xlarge_use1-az2': 1, 'c7gn.12xlarge_use1-az5': 1, 'c7gn.12xlarge_use1-az6': 1, 'c7gn.16xlarge_use1-az2': 5, 'c7gn.16xlarge_use1-az5': 5, 'c7gn.16xlarge_use1-az6': 20, 'c7gn.2xlarge_use1-az1': 1, 'c7gn.2xlarge_use1-az2': 1, 'c7gn.2xlarge_use1-az5': 1, 'c7gn.2xlarge_use1-az6': 5, 'c7gn.4xlarge_use1-az2': 50, 'c7gn.4xlarge_use1-az4': 1, 'c7gn.4xlarge_use1-az5': 1, 'c7gn.4xlarge_use1-az6': 50, 'c7gn.8xlarge_use1-az2': 1, 'c7gn.8xlarge_use1-az5': 1, 'c7gn.8xlarge_use1-az6': 5, 'c7gn.large_use1-az1': 1, 'c7gn.large_use1-az2': 10, 'c7gn.large_use1-az5': 10, 'c7gn.large_use1-az6': 10, 'c7gn.xlarge_use1-az1': 1, 'c7gn.xlarge_use1-az2': 5, 'c7gn.xlarge_use1-az5': 5, 'c7gn.xlarge_use1-az6': 5, 'c7i-flex.2xlarge_use1-az1': 50, 'c7i-flex.2xlarge_use1-az2': 50, 'c7i-flex.2xlarge_use1-az4': 50, 'c7i-flex.2xlarge_use1-az5': 15, 'c7i-flex.2xlarge_use1-az6': 50, 'c7i-flex.4xlarge_use1-az1': 1, 'c7i-flex.4xlarge_use1-az2': 1, 'c7i-flex.4xlarge_use1-az4': 1, 'c7i-flex.4xlarge_use1-az6': 5, 'c7i-flex.8xlarge_use1-az1': 1, 'c7i-flex.8xlarge_use1-az2': 1, 'c7i-flex.8xlarge_use1-az4': 1, 'c7i-flex.8xlarge_use1-az6': 5, 'c7i-flex.large_use1-az1': 40, 'c7i-flex.large_use1-az2': 50, 'c7i-flex.large_use1-az4': 10, 'c7i-flex.large_use1-az5': 1, 'c7i-flex.large_use1-az6': 50, 'c7i-flex.xlarge_use1-az1': 50, 'c7i-flex.xlarge_use1-az2': 50, 'c7i-flex.xlarge_use1-az4': 50, 'c7i-flex.xlarge_use1-az5': 5, 'c7i-flex.xlarge_use1-az6': 50, 'c7i.12xlarge_use1-az1': 5, 'c7i.12xlarge_use1-az2': 15, 'c7i.12xlarge_use1-az4': 15, 'c7i.12xlarge_use1-az6': 5, 'c7i.16xlarge_use1-az1': 1, 'c7i.16xlarge_use1-az2': 5, 'c7i.16xlarge_use1-az4': 1, 'c7i.16xlarge_use1-az6': 15, 'c7i.24xlarge_use1-az1': 5, 'c7i.24xlarge_use1-az2': 5, 'c7i.24xlarge_use1-az4': 5, 'c7i.24xlarge_use1-az5': 1, 'c7i.24xlarge_use1-az6': 15, 'c7i.2xlarge_use1-az1': 10, 'c7i.2xlarge_use1-az2': 10, 'c7i.2xlarge_use1-az4': 10, 'c7i.2xlarge_use1-az5': 5, 'c7i.2xlarge_use1-az6': 25, 'c7i.48xlarge_use1-az1': 10, 'c7i.48xlarge_use1-az2': 10, 'c7i.48xlarge_use1-az4': 5, 'c7i.48xlarge_use1-az5': 1, 'c7i.48xlarge_use1-az6': 50, 'c7i.4xlarge_use1-az1': 5, 'c7i.4xlarge_use1-az2': 5, 'c7i.4xlarge_use1-az4': 5, 'c7i.4xlarge_use1-az5': 1, 'c7i.4xlarge_use1-az6': 15, 'c7i.8xlarge_use1-az1': 1, 'c7i.8xlarge_use1-az2': 5, 'c7i.8xlarge_use1-az4': 5, 'c7i.8xlarge_use1-az6': 10, 'c7i.large_use1-az1': 45, 'c7i.large_use1-az2': 50, 'c7i.large_use1-az4': 50, 'c7i.large_use1-az5': 5, 'c7i.large_use1-az6': 50, 'c7i.xlarge_use1-az1': 5, 'c7i.xlarge_use1-az2': 10, 'c7i.xlarge_use1-az4': 5, 'c7i.xlarge_use1-az5': 1, 'c7i.xlarge_use1-az6': 5, 'c8g.12xlarge_use1-az1': 1, 'c8g.12xlarge_use1-az2': 5, 'c8g.12xlarge_use1-az4': 1, 'c8g.12xlarge_use1-az6': 25, 'c8g.16xlarge_use1-az1': 10, 'c8g.16xlarge_use1-az2': 5, 'c8g.16xlarge_use1-az4': 1, 'c8g.16xlarge_use1-az6': 50, 'c8g.24xlarge_use1-az1': 5, 'c8g.24xlarge_use1-az2': 10, 'c8g.24xlarge_use1-az4': 1, 'c8g.24xlarge_use1-az6': 25, 'c8g.2xlarge_use1-az1': 5, 'c8g.2xlarge_use1-az2': 5, 'c8g.2xlarge_use1-az4': 50, 'c8g.2xlarge_use1-az5': 1, 'c8g.2xlarge_use1-az6': 50, 'c8g.48xlarge_use1-az1': 1, 'c8g.48xlarge_use1-az2': 5, 'c8g.48xlarge_use1-az6': 50, 'c8g.4xlarge_use1-az1': 35, 'c8g.4xlarge_use1-az2': 15, 'c8g.4xlarge_use1-az4': 20, 'c8g.4xlarge_use1-az5': 10, 'c8g.4xlarge_use1-az6': 50, 'c8g.8xlarge_use1-az1': 1, 'c8g.8xlarge_use1-az2': 5, 'c8g.8xlarge_use1-az4': 5, 'c8g.8xlarge_use1-az6': 50, 'c8g.large_use1-az1': 5, 'c8g.large_use1-az2': 20, 'c8g.large_use1-az4': 5, 'c8g.large_use1-az5': 1, 'c8g.large_use1-az6': 40, 'c8g.metal-24xl_use1-az2': 1, 'c8g.metal-24xl_use1-az6': 20, 'c8g.metal-48xl_use1-az1': 1, 'c8g.metal-48xl_use1-az2': 1, 'c8g.metal-48xl_use1-az6': 50, 'c8g.xlarge_use1-az1': 5, 'c8g.xlarge_use1-az2': 30, 'c8g.xlarge_use1-az4': 5, 'c8g.xlarge_use1-az5': 1, 'c8g.xlarge_use1-az6': 50, 'c8gd.12xlarge_use1-az2': 5, 'c8gd.12xlarge_use1-az4': 5, 'c8gd.12xlarge_use1-az5': 1, 'c8gd.12xlarge_use1-az6': 5, 'c8gd.16xlarge_use1-az2': 10, 'c8gd.16xlarge_use1-az4': 10, 'c8gd.16xlarge_use1-az5': 5, 'c8gd.16xlarge_use1-az6': 50, 'c8gd.24xlarge_use1-az2': 1, 'c8gd.24xlarge_use1-az4': 5, 'c8gd.24xlarge_use1-az5': 1, 'c8gd.24xlarge_use1-az6': 5, 'c8gd.2xlarge_use1-az2': 50, 'c8gd.2xlarge_use1-az4': 50, 'c8gd.2xlarge_use1-az5': 10, 'c8gd.2xlarge_use1-az6': 50, 'c8gd.48xlarge_use1-az2': 1, 'c8gd.48xlarge_use1-az6': 15, 'c8gd.4xlarge_use1-az2': 10, 'c8gd.4xlarge_use1-az4': 30, 'c8gd.4xlarge_use1-az5': 1, 'c8gd.4xlarge_use1-az6': 50, 'c8gd.8xlarge_use1-az2': 1, 'c8gd.8xlarge_use1-az4': 1, 'c8gd.8xlarge_use1-az5': 1, 'c8gd.8xlarge_use1-az6': 5, 'c8gd.large_use1-az1': 1, 'c8gd.large_use1-az2': 40, 'c8gd.large_use1-az4': 35, 'c8gd.large_use1-az6': 50, 'c8gd.metal-24xl_use1-az2': 1, 'c8gd.metal-24xl_use1-az4': 1, 'c8gd.metal-24xl_use1-az5': 1, 'c8gd.metal-24xl_use1-az6': 5, 'c8gd.metal-48xl_use1-az2': 1, 'c8gd.metal-48xl_use1-az6': 1, 'c8gd.xlarge_use1-az1': 1, 'c8gd.xlarge_use1-az2': 20, 'c8gd.xlarge_use1-az4': 20, 'c8gd.xlarge_use1-az5': 15, 'c8gd.xlarge_use1-az6': 50, 'c8gn.2xlarge_use1-az2': 1, 'c8gn.2xlarge_use1-az4': 1, 'c8gn.2xlarge_use1-az6': 1, 'c8gn.4xlarge_use1-az2': 1, 'c8gn.4xlarge_use1-az5': 1, 'c8gn.8xlarge_use1-az2': 1, 'c8gn.8xlarge_use1-az6': 1, 'c8gn.large_use1-az6': 1, 'c8i-flex.12xlarge_use1-az6': 1, 'c8i-flex.16xlarge_use1-az6': 1, 'c8i-flex.2xlarge_use1-az2': 25, 'c8i-flex.2xlarge_use1-az4': 15, 'c8i-flex.2xlarge_use1-az6': 50, 'c8i-flex.4xlarge_use1-az2': 5, 'c8i-flex.4xlarge_use1-az4': 1, 'c8i-flex.4xlarge_use1-az6': 5, 'c8i-flex.8xlarge_use1-az6': 1, 'c8i-flex.large_use1-az4': 20, 'c8i-flex.xlarge_use1-az2': 40, 'c8i-flex.xlarge_use1-az4': 5, 'c8i-flex.xlarge_use1-az6': 50, 'c8i.12xlarge_use1-az2': 1, 'c8i.12xlarge_use1-az4': 1, 'c8i.12xlarge_use1-az6': 1, 'c8i.16xlarge_use1-az6': 1, 'c8i.24xlarge_use1-az6': 1, 'c8i.2xlarge_use1-az2': 10, 'c8i.2xlarge_use1-az4': 5, 'c8i.2xlarge_use1-az6': 20, 'c8i.32xlarge_use1-az2': 1, 'c8i.32xlarge_use1-az4': 1, 'c8i.32xlarge_use1-az6': 5, 'c8i.48xlarge_use1-az2': 1, 'c8i.48xlarge_use1-az6': 1, 'c8i.4xlarge_use1-az2': 5, 'c8i.4xlarge_use1-az4': 5, 'c8i.4xlarge_use1-az6': 5, 'c8i.8xlarge_use1-az2': 1, 'c8i.8xlarge_use1-az4': 1, 'c8i.8xlarge_use1-az6': 5, 'c8i.96xlarge_use1-az2': 1, 'c8i.96xlarge_use1-az6': 5, 'c8i.metal-48xl_use1-az2': 1, 'c8i.metal-96xl_use1-az2': 1, 'c8i.metal-96xl_use1-az6': 5, 'c8i.xlarge_use1-az2': 50, 'c8i.xlarge_use1-az4': 15, 'c8i.xlarge_use1-az6': 50, 'd2.2xlarge_use1-az1': 1, 'd2.2xlarge_use1-az6': 1, 'd2.4xlarge_use1-az2': 1, 'd2.4xlarge_use1-az6': 1, 'd2.xlarge_use1-az6': 1, 'd3.2xlarge_use1-az1': 15, 'd3.2xlarge_use1-az2': 45, 'd3.2xlarge_use1-az4': 40, 'd3.2xlarge_use1-az6': 35, 'd3.4xlarge_use1-az1': 1, 'd3.4xlarge_use1-az2': 5, 'd3.4xlarge_use1-az4': 15, 'd3.4xlarge_use1-az6': 5, 'd3.8xlarge_use1-az1': 1, 'd3.8xlarge_use1-az2': 40, 'd3.8xlarge_use1-az4': 35, 'd3.8xlarge_use1-az6': 20, 'd3.xlarge_use1-az1': 10, 'd3.xlarge_use1-az2': 50, 'd3.xlarge_use1-az4': 45, 'd3.xlarge_use1-az6': 25, 'd3en.12xlarge_use1-az1': 1, 'd3en.12xlarge_use1-az2': 10, 'd3en.12xlarge_use1-az4': 20, 'd3en.12xlarge_use1-az6': 50, 'd3en.2xlarge_use1-az1': 5, 'd3en.2xlarge_use1-az2': 25, 'd3en.2xlarge_use1-az4': 15, 'd3en.2xlarge_use1-az6': 50, 'd3en.4xlarge_use1-az1': 1, 'd3en.4xlarge_use1-az2': 5, 'd3en.4xlarge_use1-az4': 10, 'd3en.4xlarge_use1-az6': 50, 'd3en.6xlarge_use1-az1': 1, 'd3en.6xlarge_use1-az2': 5, 'd3en.6xlarge_use1-az4': 15, 'd3en.6xlarge_use1-az6': 50, 'd3en.8xlarge_use1-az1': 1, 'd3en.8xlarge_use1-az2': 15, 'd3en.8xlarge_use1-az4': 5, 'd3en.8xlarge_use1-az6': 50, 'd3en.xlarge_use1-az1': 5, 'd3en.xlarge_use1-az2': 50, 'd3en.xlarge_use1-az4': 30, 'd3en.xlarge_use1-az6': 50, 'f2.12xlarge_use1-az2': 1, 'f2.12xlarge_use1-az4': 1, 'f2.12xlarge_use1-az6': 1, 'f2.48xlarge_use1-az2': 5, 'f2.48xlarge_use1-az4': 5, 'f2.48xlarge_use1-az6': 1, 'g4ad.16xlarge_use1-az1': 5, 'g4ad.16xlarge_use1-az2': 5, 'g4ad.16xlarge_use1-az4': 5, 'g4ad.16xlarge_use1-az6': 10, 'g4ad.2xlarge_use1-az1': 5, 'g4ad.2xlarge_use1-az2': 10, 'g4ad.2xlarge_use1-az4': 10, 'g4ad.2xlarge_use1-az6': 10, 'g4ad.4xlarge_use1-az1': 10, 'g4ad.4xlarge_use1-az2': 15, 'g4ad.4xlarge_use1-az4': 15, 'g4ad.4xlarge_use1-az6': 5, 'g4ad.8xlarge_use1-az1': 1, 'g4ad.8xlarge_use1-az2': 5, 'g4ad.8xlarge_use1-az4': 5, 'g4ad.8xlarge_use1-az6': 5, 'g4ad.xlarge_use1-az1': 20, 'g4ad.xlarge_use1-az2': 20, 'g4ad.xlarge_use1-az4': 25, 'g4ad.xlarge_use1-az6': 20, 'g4dn.12xlarge_use1-az1': 5, 'g4dn.12xlarge_use1-az2': 15, 'g4dn.12xlarge_use1-az4': 15, 'g4dn.12xlarge_use1-az5': 15, 'g4dn.12xlarge_use1-az6': 50, 'g4dn.16xlarge_use1-az1': 1, 'g4dn.16xlarge_use1-az2': 10, 'g4dn.16xlarge_use1-az4': 1, 'g4dn.16xlarge_use1-az5': 5, 'g4dn.16xlarge_use1-az6': 15, 'g4dn.2xlarge_use1-az1': 45, 'g4dn.2xlarge_use1-az2': 50, 'g4dn.2xlarge_use1-az4': 50, 'g4dn.2xlarge_use1-az5': 50, 'g4dn.2xlarge_use1-az6': 50, 'g4dn.4xlarge_use1-az1': 5, 'g4dn.4xlarge_use1-az2': 40, 'g4dn.4xlarge_use1-az4': 25, 'g4dn.4xlarge_use1-az5': 40, 'g4dn.4xlarge_use1-az6': 40, 'g4dn.8xlarge_use1-az1': 1, 'g4dn.8xlarge_use1-az2': 1, 'g4dn.8xlarge_use1-az4': 10, 'g4dn.8xlarge_use1-az5': 1, 'g4dn.8xlarge_use1-az6': 5, 'g4dn.xlarge_use1-az1': 50, 'g4dn.xlarge_use1-az2': 50, 'g4dn.xlarge_use1-az4': 50, 'g4dn.xlarge_use1-az5': 50, 'g4dn.xlarge_use1-az6': 50, 'g5.12xlarge_use1-az2': 1, 'g5.12xlarge_use1-az5': 10, 'g5.12xlarge_use1-az6': 5, 'g5.16xlarge_use1-az1': 1, 'g5.16xlarge_use1-az2': 1, 'g5.16xlarge_use1-az4': 5, 'g5.16xlarge_use1-az5': 5, 'g5.16xlarge_use1-az6': 10, 'g5.24xlarge_use1-az1': 1, 'g5.24xlarge_use1-az2': 1, 'g5.24xlarge_use1-az4': 1, 'g5.24xlarge_use1-az5': 1, 'g5.24xlarge_use1-az6': 5, 'g5.2xlarge_use1-az1': 25, 'g5.2xlarge_use1-az2': 15, 'g5.2xlarge_use1-az4': 15, 'g5.2xlarge_use1-az5': 50, 'g5.2xlarge_use1-az6': 45, 'g5.48xlarge_use1-az2': 1, 'g5.48xlarge_use1-az5': 5, 'g5.48xlarge_use1-az6': 25, 'g5.4xlarge_use1-az1': 1, 'g5.4xlarge_use1-az2': 50, 'g5.4xlarge_use1-az4': 50, 'g5.4xlarge_use1-az5': 40, 'g5.4xlarge_use1-az6': 50, 'g5.8xlarge_use1-az1': 1, 'g5.8xlarge_use1-az2': 5, 'g5.8xlarge_use1-az4': 10, 'g5.8xlarge_use1-az5': 20, 'g5.8xlarge_use1-az6': 10, 'g5.xlarge_use1-az1': 25, 'g5.xlarge_use1-az2': 50, 'g5.xlarge_use1-az4': 50, 'g5.xlarge_use1-az5': 50, 'g5.xlarge_use1-az6': 50, 'g5g.16xlarge_use1-az1': 1, 'g5g.16xlarge_use1-az6': 5, 'g5g.4xlarge_use1-az6': 1, 'g5g.8xlarge_use1-az1': 1, 'g5g.8xlarge_use1-az4': 1, 'g5g.8xlarge_use1-az6': 1, 'g5g.xlarge_use1-az1': 1, 'g5g.xlarge_use1-az2': 1, 'g5g.xlarge_use1-az4': 1, 'g5g.xlarge_use1-az6': 5, 'g6.12xlarge_use1-az1': 5, 'g6.12xlarge_use1-az2': 1, 'g6.12xlarge_use1-az4': 30, 'g6.12xlarge_use1-az6': 50, 'g6.16xlarge_use1-az1': 1, 'g6.16xlarge_use1-az2': 1, 'g6.16xlarge_use1-az4': 1, 'g6.16xlarge_use1-az6': 5, 'g6.24xlarge_use1-az2': 1, 'g6.24xlarge_use1-az4': 1, 'g6.24xlarge_use1-az6': 1, 'g6.2xlarge_use1-az1': 10, 'g6.2xlarge_use1-az2': 25, 'g6.2xlarge_use1-az4': 50, 'g6.2xlarge_use1-az6': 50, 'g6.48xlarge_use1-az2': 5, 'g6.48xlarge_use1-az4': 30, 'g6.48xlarge_use1-az6': 50, 'g6.4xlarge_use1-az1': 5, 'g6.4xlarge_use1-az2': 10, 'g6.4xlarge_use1-az4': 35, 'g6.4xlarge_use1-az6': 50, 'g6.8xlarge_use1-az1': 5, 'g6.8xlarge_use1-az2': 5, 'g6.8xlarge_use1-az4': 10, 'g6.8xlarge_use1-az6': 15, 'g6.xlarge_use1-az1': 5, 'g6.xlarge_use1-az2': 5, 'g6.xlarge_use1-az4': 5, 'g6.xlarge_use1-az6': 5, 'g6e.16xlarge_use1-az1': 10, 'g6e.16xlarge_use1-az2': 15, 'g6e.16xlarge_use1-az4': 40, 'g6e.16xlarge_use1-az6': 20, 'g6e.2xlarge_use1-az1': 10, 'g6e.2xlarge_use1-az2': 1, 'g6e.2xlarge_use1-az4': 10, 'g6e.2xlarge_use1-az6': 5, 'g6e.48xlarge_use1-az4': 5, 'g6e.48xlarge_use1-az6': 1, 'g6e.4xlarge_use1-az1': 1, 'g6e.4xlarge_use1-az4': 5, 'g6e.4xlarge_use1-az6': 1, 'g6e.8xlarge_use1-az1': 1, 'g6e.8xlarge_use1-az2': 1, 'g6e.8xlarge_use1-az4': 1, 'g6e.8xlarge_use1-az6': 1, 'g6e.xlarge_use1-az1': 1, 'g6e.xlarge_use1-az6': 1, 'g6f.2xlarge_use1-az1': 1, 'g6f.2xlarge_use1-az4': 1, 'g6f.2xlarge_use1-az6': 5, 'g6f.4xlarge_use1-az1': 1, 'g6f.4xlarge_use1-az4': 1, 'g6f.4xlarge_use1-az6': 1, 'g6f.large_use1-az1': 10, 'g6f.large_use1-az2': 15, 'g6f.large_use1-az4': 40, 'g6f.large_use1-az6': 20, 'g6f.xlarge_use1-az1': 1, 'g6f.xlarge_use1-az2': 1, 'g6f.xlarge_use1-az4': 5, 'g6f.xlarge_use1-az6': 10, 'gr6.4xlarge_use1-az2': 1, 'gr6.4xlarge_use1-az4': 1, 'gr6.4xlarge_use1-az6': 1, 'gr6.8xlarge_use1-az1': 1, 'gr6.8xlarge_use1-az2': 1, 'gr6.8xlarge_use1-az4': 1, 'gr6.8xlarge_use1-az6': 1, 'i2.2xlarge_use1-az2': 10, 'i2.2xlarge_use1-az3': 5, 'i2.2xlarge_use1-az4': 10, 'i2.2xlarge_use1-az6': 5, 'i2.4xlarge_use1-az1': 1, 'i2.4xlarge_use1-az2': 10, 'i2.4xlarge_use1-az3': 1, 'i2.4xlarge_use1-az4': 10, 'i2.4xlarge_use1-az6': 5, 'i2.8xlarge_use1-az2': 1, 'i2.8xlarge_use1-az3': 1, 'i2.8xlarge_use1-az6': 1, 'i2.xlarge_use1-az1': 1, 'i2.xlarge_use1-az2': 15, 'i2.xlarge_use1-az3': 1, 'i2.xlarge_use1-az4': 20, 'i2.xlarge_use1-az6': 15, 'i3.16xlarge_use1-az1': 20, 'i3.16xlarge_use1-az2': 50, 'i3.16xlarge_use1-az3': 10, 'i3.16xlarge_use1-az4': 50, 'i3.16xlarge_use1-az5': 10, 'i3.16xlarge_use1-az6': 45, 'i3.2xlarge_use1-az1': 50, 'i3.2xlarge_use1-az2': 50, 'i3.2xlarge_use1-az3': 50, 'i3.2xlarge_use1-az4': 50, 'i3.2xlarge_use1-az5': 50, 'i3.2xlarge_use1-az6': 50, 'i3.4xlarge_use1-az1': 50, 'i3.4xlarge_use1-az2': 50, 'i3.4xlarge_use1-az3': 50, 'i3.4xlarge_use1-az4': 50, 'i3.4xlarge_use1-az5': 50, 'i3.4xlarge_use1-az6': 50, 'i3.8xlarge_use1-az1': 50, 'i3.8xlarge_use1-az2': 50, 'i3.8xlarge_use1-az3': 50, 'i3.8xlarge_use1-az4': 50, 'i3.8xlarge_use1-az5': 25, 'i3.8xlarge_use1-az6': 50, 'i3.large_use1-az1': 50, 'i3.large_use1-az2': 50, 'i3.large_use1-az3': 50, 'i3.large_use1-az4': 50, 'i3.large_use1-az5': 50, 'i3.large_use1-az6': 50, 'i3.xlarge_use1-az1': 50, 'i3.xlarge_use1-az2': 50, 'i3.xlarge_use1-az3': 50, 'i3.xlarge_use1-az4': 50, 'i3.xlarge_use1-az5': 50, 'i3.xlarge_use1-az6': 50, 'i3en.12xlarge_use1-az1': 1, 'i3en.12xlarge_use1-az2': 1, 'i3en.12xlarge_use1-az6': 50, 'i3en.24xlarge_use1-az6': 20, 'i3en.2xlarge_use1-az1': 50, 'i3en.2xlarge_use1-az2': 50, 'i3en.2xlarge_use1-az4': 30, 'i3en.2xlarge_use1-az5': 50, 'i3en.2xlarge_use1-az6': 50, 'i3en.3xlarge_use1-az1': 50, 'i3en.3xlarge_use1-az2': 50, 'i3en.3xlarge_use1-az4': 50, 'i3en.3xlarge_use1-az5': 50, 'i3en.3xlarge_use1-az6': 50, 'i3en.6xlarge_use1-az1': 10, 'i3en.6xlarge_use1-az2': 20, 'i3en.6xlarge_use1-az4': 10, 'i3en.6xlarge_use1-az6': 50, 'i3en.large_use1-az1': 50, 'i3en.large_use1-az2': 50, 'i3en.large_use1-az4': 45, 'i3en.large_use1-az5': 35, 'i3en.large_use1-az6': 50, 'i3en.xlarge_use1-az1': 50, 'i3en.xlarge_use1-az2': 50, 'i3en.xlarge_use1-az4': 50, 'i3en.xlarge_use1-az5': 50, 'i3en.xlarge_use1-az6': 50, 'i4g.16xlarge_use1-az2': 1, 'i4g.16xlarge_use1-az4': 1, 'i4g.16xlarge_use1-az5': 50, 'i4g.16xlarge_use1-az6': 50, 'i4g.2xlarge_use1-az2': 10, 'i4g.2xlarge_use1-az4': 15, 'i4g.2xlarge_use1-az5': 40, 'i4g.2xlarge_use1-az6': 50, 'i4g.4xlarge_use1-az2': 25, 'i4g.4xlarge_use1-az4': 30, 'i4g.4xlarge_use1-az5': 50, 'i4g.4xlarge_use1-az6': 50, 'i4g.8xlarge_use1-az5': 45, 'i4g.8xlarge_use1-az6': 15, 'i4g.large_use1-az1': 5, 'i4g.large_use1-az2': 5, 'i4g.large_use1-az4': 5, 'i4g.large_use1-az5': 25, 'i4g.large_use1-az6': 50, 'i4g.xlarge_use1-az2': 10, 'i4g.xlarge_use1-az4': 1, 'i4g.xlarge_use1-az5': 50, 'i4g.xlarge_use1-az6': 50, 'i4i.12xlarge_use1-az2': 5, 'i4i.16xlarge_use1-az1': 1, 'i4i.16xlarge_use1-az2': 1, 'i4i.16xlarge_use1-az4': 1, 'i4i.16xlarge_use1-az6': 1, 'i4i.24xlarge_use1-az2': 1, 'i4i.2xlarge_use1-az1': 15, 'i4i.2xlarge_use1-az2': 50, 'i4i.2xlarge_use1-az4': 50, 'i4i.2xlarge_use1-az5': 1, 'i4i.2xlarge_use1-az6': 50, 'i4i.4xlarge_use1-az1': 1, 'i4i.4xlarge_use1-az2': 35, 'i4i.4xlarge_use1-az4': 1, 'i4i.4xlarge_use1-az6': 15, 'i4i.8xlarge_use1-az1': 1, 'i4i.8xlarge_use1-az2': 40, 'i4i.8xlarge_use1-az6': 5, 'i4i.large_use1-az1': 50, 'i4i.large_use1-az2': 50, 'i4i.large_use1-az4': 50, 'i4i.large_use1-az5': 50, 'i4i.large_use1-az6': 50, 'i4i.xlarge_use1-az1': 50, 'i4i.xlarge_use1-az2': 50, 'i4i.xlarge_use1-az4': 50, 'i4i.xlarge_use1-az5': 50, 'i4i.xlarge_use1-az6': 50, 'i7i.12xlarge_use1-az1': 1, 'i7i.12xlarge_use1-az2': 1, 'i7i.12xlarge_use1-az4': 1, 'i7i.12xlarge_use1-az5': 1, 'i7i.12xlarge_use1-az6': 1, 'i7i.16xlarge_use1-az2': 1, 'i7i.16xlarge_use1-az4': 5, 'i7i.16xlarge_use1-az5': 1, 'i7i.16xlarge_use1-az6': 1, 'i7i.24xlarge_use1-az2': 1, 'i7i.24xlarge_use1-az4': 1, 'i7i.24xlarge_use1-az5': 1, 'i7i.24xlarge_use1-az6': 1, 'i7i.2xlarge_use1-az1': 1, 'i7i.2xlarge_use1-az2': 50, 'i7i.2xlarge_use1-az4': 45, 'i7i.2xlarge_use1-az5': 20, 'i7i.2xlarge_use1-az6': 10, 'i7i.48xlarge_use1-az2': 1, 'i7i.4xlarge_use1-az1': 1, 'i7i.4xlarge_use1-az2': 15, 'i7i.4xlarge_use1-az4': 20, 'i7i.4xlarge_use1-az5': 5, 'i7i.4xlarge_use1-az6': 20, 'i7i.8xlarge_use1-az1': 1, 'i7i.8xlarge_use1-az2': 1, 'i7i.8xlarge_use1-az4': 5, 'i7i.8xlarge_use1-az5': 1, 'i7i.8xlarge_use1-az6': 1, 'i7i.metal-24xl_use1-az2': 1, 'i7i.metal-24xl_use1-az4': 50, 'i7i.metal-24xl_use1-az6': 35, 'i7i.xlarge_use1-az1': 1, 'i7i.xlarge_use1-az6': 20, 'i7ie.12xlarge_use1-az1': 1, 'i7ie.12xlarge_use1-az4': 1, 'i7ie.12xlarge_use1-az6': 30, 'i7ie.18xlarge_use1-az4': 1, 'i7ie.18xlarge_use1-az6': 20, 'i7ie.24xlarge_use1-az1': 1, 'i7ie.24xlarge_use1-az2': 1, 'i7ie.24xlarge_use1-az4': 1, 'i7ie.24xlarge_use1-az6': 50, 'i7ie.2xlarge_use1-az1': 5, 'i7ie.2xlarge_use1-az2': 1, 'i7ie.2xlarge_use1-az4': 15, 'i7ie.2xlarge_use1-az6': 35, 'i7ie.3xlarge_use1-az1': 5, 'i7ie.3xlarge_use1-az2': 1, 'i7ie.3xlarge_use1-az4': 5, 'i7ie.3xlarge_use1-az6': 30, 'i7ie.48xlarge_use1-az6': 50, 'i7ie.6xlarge_use1-az1': 25, 'i7ie.6xlarge_use1-az4': 20, 'i7ie.6xlarge_use1-az6': 50, 'i7ie.large_use1-az1': 45, 'i7ie.large_use1-az2': 15, 'i7ie.large_use1-az4': 50, 'i7ie.large_use1-az6': 50, 'i7ie.metal-24xl_use1-az4': 1, 'i7ie.metal-24xl_use1-az6': 15, 'i7ie.metal-48xl_use1-az6': 10, 'i7ie.xlarge_use1-az1': 10, 'i7ie.xlarge_use1-az2': 25, 'i7ie.xlarge_use1-az4': 45, 'i7ie.xlarge_use1-az6': 50, 'i8g.12xlarge_use1-az6': 1, 'i8g.24xlarge_use1-az6': 10, 'i8g.2xlarge_use1-az2': 1, 'i8g.4xlarge_use1-az2': 1, 'i8g.8xlarge_use1-az6': 5, 'i8g.large_use1-az2': 10, 'i8g.large_use1-az6': 5, 'i8g.xlarge_use1-az2': 1, 'i8g.xlarge_use1-az4': 1, 'i8g.xlarge_use1-az6': 1, 'i8ge.12xlarge_use1-az4': 1, 'i8ge.12xlarge_use1-az6': 5, 'i8ge.18xlarge_use1-az2': 1, 'i8ge.18xlarge_use1-az4': 1, 'i8ge.18xlarge_use1-az6': 5, 'i8ge.24xlarge_use1-az4': 1, 'i8ge.24xlarge_use1-az6': 5, 'i8ge.2xlarge_use1-az4': 10, 'i8ge.3xlarge_use1-az2': 1, 'i8ge.3xlarge_use1-az4': 5, 'i8ge.48xlarge_use1-az4': 5, 'i8ge.6xlarge_use1-az2': 1, 'i8ge.6xlarge_use1-az4': 1, 'i8ge.large_use1-az2': 5, 'i8ge.large_use1-az4': 50, 'i8ge.metal-24xl_use1-az4': 1, 'i8ge.metal-48xl_use1-az6': 1, 'i8ge.xlarge_use1-az4': 20, 'im4gn.16xlarge_use1-az4': 45, 'im4gn.2xlarge_use1-az1': 10, 'im4gn.2xlarge_use1-az4': 20, 'im4gn.2xlarge_use1-az6': 15, 'im4gn.4xlarge_use1-az1': 5, 'im4gn.4xlarge_use1-az4': 15, 'im4gn.8xlarge_use1-az1': 1, 'im4gn.8xlarge_use1-az4': 5, 'im4gn.large_use1-az1': 35, 'im4gn.large_use1-az2': 10, 'im4gn.large_use1-az4': 50, 'im4gn.large_use1-az6': 10, 'im4gn.xlarge_use1-az1': 25, 'im4gn.xlarge_use1-az2': 50, 'im4gn.xlarge_use1-az4': 30, 'im4gn.xlarge_use1-az6': 40, 'inf1.24xlarge_use1-az1': 1, 'inf1.24xlarge_use1-az2': 1, 'inf1.24xlarge_use1-az4': 10, 'inf1.24xlarge_use1-az5': 5, 'inf1.24xlarge_use1-az6': 20, 'inf1.2xlarge_use1-az1': 15, 'inf1.2xlarge_use1-az2': 15, 'inf1.2xlarge_use1-az4': 30, 'inf1.2xlarge_use1-az5': 40, 'inf1.2xlarge_use1-az6': 40, 'inf1.6xlarge_use1-az1': 1, 'inf1.6xlarge_use1-az2': 1, 'inf1.6xlarge_use1-az4': 5, 'inf1.6xlarge_use1-az5': 5, 'inf1.6xlarge_use1-az6': 10, 'inf1.xlarge_use1-az1': 50, 'inf1.xlarge_use1-az2': 50, 'inf1.xlarge_use1-az4': 40, 'inf1.xlarge_use1-az5': 50, 'inf1.xlarge_use1-az6': 50, 'inf2.24xlarge_use1-az4': 1, 'inf2.24xlarge_use1-az6': 10, 'inf2.48xlarge_use1-az6': 15, 'inf2.8xlarge_use1-az2': 5, 'inf2.8xlarge_use1-az4': 5, 'inf2.8xlarge_use1-az5': 1, 'inf2.8xlarge_use1-az6': 1, 'inf2.xlarge_use1-az2': 5, 'inf2.xlarge_use1-az4': 1, 'inf2.xlarge_use1-az6': 50, 'is4gen.2xlarge_use1-az1': 1, 'is4gen.2xlarge_use1-az2': 50, 'is4gen.2xlarge_use1-az4': 50, 'is4gen.2xlarge_use1-az6': 50, 'is4gen.4xlarge_use1-az1': 1, 'is4gen.8xlarge_use1-az1': 1, 'is4gen.8xlarge_use1-az4': 1, 'is4gen.large_use1-az1': 5, 'is4gen.large_use1-az2': 1, 'is4gen.large_use1-az4': 10, 'is4gen.large_use1-az6': 15, 'is4gen.medium_use1-az1': 50, 'is4gen.medium_use1-az2': 25, 'is4gen.medium_use1-az4': 40, 'is4gen.medium_use1-az6': 30, 'is4gen.xlarge_use1-az1': 1, 'is4gen.xlarge_use1-az2': 1, 'is4gen.xlarge_use1-az4': 15, 'is4gen.xlarge_use1-az6': 1, 'm1.large_use1-az1': 5, 'm1.large_use1-az2': 25, 'm1.large_use1-az4': 20, 'm1.large_use1-az6': 15, 'm1.xlarge_use1-az1': 1, 'm1.xlarge_use1-az2': 10, 'm1.xlarge_use1-az4': 10, 'm1.xlarge_use1-az6': 10, 'm2.2xlarge_use1-az1': 5, 'm2.2xlarge_use1-az2': 10, 'm2.2xlarge_use1-az4': 15, 'm2.2xlarge_use1-az6': 5, 'm2.4xlarge_use1-az1': 1, 'm2.4xlarge_use1-az2': 5, 'm2.4xlarge_use1-az4': 5, 'm2.4xlarge_use1-az6': 5, 'm2.xlarge_use1-az1': 5, 'm2.xlarge_use1-az2': 20, 'm2.xlarge_use1-az4': 20, 'm2.xlarge_use1-az6': 15, 'm3.2xlarge_use1-az2': 25, 'm3.2xlarge_use1-az3': 1, 'm3.2xlarge_use1-az4': 40, 'm3.2xlarge_use1-az6': 45, 'm3.large_use1-az2': 50, 'm3.large_use1-az3': 1, 'm3.large_use1-az4': 50, 'm3.large_use1-az6': 50, 'm3.xlarge_use1-az2': 50, 'm3.xlarge_use1-az3': 1, 'm3.xlarge_use1-az4': 50, 'm3.xlarge_use1-az6': 50, 'm4.10xlarge_use1-az1': 5, 'm4.10xlarge_use1-az2': 10, 'm4.10xlarge_use1-az3': 1, 'm4.10xlarge_use1-az4': 50, 'm4.10xlarge_use1-az5': 1, 'm4.10xlarge_use1-az6': 50, 'm4.2xlarge_use1-az1': 5, 'm4.2xlarge_use1-az2': 20, 'm4.2xlarge_use1-az3': 50, 'm4.2xlarge_use1-az4': 20, 'm4.2xlarge_use1-az5': 1, 'm4.2xlarge_use1-az6': 25, 'm4.4xlarge_use1-az1': 50, 'm4.4xlarge_use1-az2': 50, 'm4.4xlarge_use1-az3': 50, 'm4.4xlarge_use1-az4': 25, 'm4.4xlarge_use1-az5': 10, 'm4.4xlarge_use1-az6': 15, 'm4.large_use1-az1': 30, 'm4.large_use1-az2': 50, 'm4.large_use1-az3': 25, 'm4.large_use1-az4': 50, 'm4.large_use1-az5': 10, 'm4.large_use1-az6': 50, 'm4.xlarge_use1-az1': 15, 'm4.xlarge_use1-az2': 50, 'm4.xlarge_use1-az3': 50, 'm4.xlarge_use1-az4': 50, 'm4.xlarge_use1-az5': 30, 'm4.xlarge_use1-az6': 50, 'm5.12xlarge_use1-az1': 5, 'm5.12xlarge_use1-az2': 25, 'm5.12xlarge_use1-az4': 50, 'm5.12xlarge_use1-az5': 1, 'm5.12xlarge_use1-az6': 40, 'm5.16xlarge_use1-az1': 10, 'm5.16xlarge_use1-az2': 50, 'm5.16xlarge_use1-az4': 50, 'm5.16xlarge_use1-az5': 1, 'm5.16xlarge_use1-az6': 50, 'm5.24xlarge_use1-az1': 5, 'm5.24xlarge_use1-az2': 5, 'm5.24xlarge_use1-az4': 5, 'm5.24xlarge_use1-az5': 1, 'm5.24xlarge_use1-az6': 35, 'm5.2xlarge_use1-az1': 50, 'm5.2xlarge_use1-az2': 50, 'm5.2xlarge_use1-az4': 50, 'm5.2xlarge_use1-az5': 50, 'm5.2xlarge_use1-az6': 50, 'm5.4xlarge_use1-az1': 50, 'm5.4xlarge_use1-az2': 50, 'm5.4xlarge_use1-az4': 50, 'm5.4xlarge_use1-az5': 10, 'm5.4xlarge_use1-az6': 50, 'm5.8xlarge_use1-az1': 50, 'm5.8xlarge_use1-az2': 40, 'm5.8xlarge_use1-az4': 50, 'm5.8xlarge_use1-az5': 1, 'm5.8xlarge_use1-az6': 50, 'm5.large_use1-az1': 50, 'm5.large_use1-az2': 50, 'm5.large_use1-az4': 50, 'm5.large_use1-az5': 50, 'm5.large_use1-az6': 50, 'm5.xlarge_use1-az1': 50, 'm5.xlarge_use1-az2': 50, 'm5.xlarge_use1-az4': 50, 'm5.xlarge_use1-az5': 50, 'm5.xlarge_use1-az6': 50, 'm5a.12xlarge_use1-az2': 1, 'm5a.12xlarge_use1-az4': 1, 'm5a.12xlarge_use1-az6': 1, 'm5a.16xlarge_use1-az2': 1, 'm5a.16xlarge_use1-az4': 1, 'm5a.16xlarge_use1-az6': 1, 'm5a.24xlarge_use1-az1': 1, 'm5a.24xlarge_use1-az2': 1, 'm5a.24xlarge_use1-az4': 1, 'm5a.24xlarge_use1-az5': 5, 'm5a.24xlarge_use1-az6': 5, 'm5a.2xlarge_use1-az1': 10, 'm5a.2xlarge_use1-az2': 25, 'm5a.2xlarge_use1-az4': 25, 'm5a.2xlarge_use1-az5': 5, 'm5a.2xlarge_use1-az6': 45, 'm5a.4xlarge_use1-az1': 5, 'm5a.4xlarge_use1-az2': 10, 'm5a.4xlarge_use1-az4': 5, 'm5a.4xlarge_use1-az5': 10, 'm5a.4xlarge_use1-az6': 15, 'm5a.8xlarge_use1-az1': 1, 'm5a.8xlarge_use1-az2': 20, 'm5a.8xlarge_use1-az4': 20, 'm5a.8xlarge_use1-az5': 1, 'm5a.8xlarge_use1-az6': 5, 'm5a.large_use1-az1': 50, 'm5a.large_use1-az2': 50, 'm5a.large_use1-az4': 50, 'm5a.large_use1-az5': 45, 'm5a.large_use1-az6': 50, 'm5a.xlarge_use1-az1': 10, 'm5a.xlarge_use1-az2': 30, 'm5a.xlarge_use1-az4': 10, 'm5a.xlarge_use1-az5': 20, 'm5a.xlarge_use1-az6': 50, 'm5ad.12xlarge_use1-az1': 1, 'm5ad.16xlarge_use1-az1': 1, 'm5ad.16xlarge_use1-az2': 1, 'm5ad.16xlarge_use1-az4': 1, 'm5ad.16xlarge_use1-az6': 1, 'm5ad.24xlarge_use1-az1': 5, 'm5ad.24xlarge_use1-az2': 1, 'm5ad.24xlarge_use1-az4': 1, 'm5ad.24xlarge_use1-az6': 5, 'm5ad.2xlarge_use1-az1': 1, 'm5ad.2xlarge_use1-az2': 1, 'm5ad.2xlarge_use1-az4': 5, 'm5ad.2xlarge_use1-az6': 1, 'm5ad.4xlarge_use1-az1': 1, 'm5ad.4xlarge_use1-az2': 1, 'm5ad.4xlarge_use1-az4': 1, 'm5ad.4xlarge_use1-az6': 1, 'm5ad.8xlarge_use1-az2': 1, 'm5ad.large_use1-az1': 10, 'm5ad.large_use1-az2': 5, 'm5ad.large_use1-az4': 10, 'm5ad.large_use1-az5': 1, 'm5ad.large_use1-az6': 10, 'm5ad.xlarge_use1-az1': 1, 'm5ad.xlarge_use1-az2': 10, 'm5ad.xlarge_use1-az4': 5, 'm5ad.xlarge_use1-az6': 5, 'm5d.12xlarge_use1-az1': 1, 'm5d.12xlarge_use1-az2': 25, 'm5d.12xlarge_use1-az4': 30, 'm5d.12xlarge_use1-az6': 15, 'm5d.16xlarge_use1-az1': 5, 'm5d.16xlarge_use1-az2': 35, 'm5d.16xlarge_use1-az4': 20, 'm5d.16xlarge_use1-az5': 1, 'm5d.16xlarge_use1-az6': 50, 'm5d.24xlarge_use1-az1': 20, 'm5d.24xlarge_use1-az2': 15, 'm5d.24xlarge_use1-az4': 5, 'm5d.24xlarge_use1-az5': 1, 'm5d.24xlarge_use1-az6': 50, 'm5d.2xlarge_use1-az1': 5, 'm5d.2xlarge_use1-az2': 25, 'm5d.2xlarge_use1-az4': 25, 'm5d.2xlarge_use1-az6': 30, 'm5d.4xlarge_use1-az1': 5, 'm5d.4xlarge_use1-az2': 15, 'm5d.4xlarge_use1-az4': 25, 'm5d.4xlarge_use1-az6': 25, 'm5d.8xlarge_use1-az1': 1, 'm5d.8xlarge_use1-az2': 25, 'm5d.8xlarge_use1-az4': 10, 'm5d.8xlarge_use1-az5': 1, 'm5d.8xlarge_use1-az6': 10, 'm5d.large_use1-az1': 5, 'm5d.large_use1-az2': 50, 'm5d.large_use1-az4': 50, 'm5d.large_use1-az6': 50, 'm5d.xlarge_use1-az1': 50, 'm5d.xlarge_use1-az2': 50, 'm5d.xlarge_use1-az4': 50, 'm5d.xlarge_use1-az5': 1, 'm5d.xlarge_use1-az6': 50, 'm5dn.12xlarge_use1-az1': 1, 'm5dn.12xlarge_use1-az4': 1, 'm5dn.12xlarge_use1-az6': 1, 'm5dn.16xlarge_use1-az1': 1, 'm5dn.16xlarge_use1-az2': 5, 'm5dn.16xlarge_use1-az4': 1, 'm5dn.16xlarge_use1-az6': 1, 'm5dn.24xlarge_use1-az1': 1, 'm5dn.24xlarge_use1-az2': 1, 'm5dn.24xlarge_use1-az4': 1, 'm5dn.24xlarge_use1-az6': 5, 'm5dn.2xlarge_use1-az1': 10, 'm5dn.2xlarge_use1-az2': 5, 'm5dn.2xlarge_use1-az4': 5, 'm5dn.2xlarge_use1-az5': 1, 'm5dn.2xlarge_use1-az6': 15, 'm5dn.4xlarge_use1-az1': 5, 'm5dn.4xlarge_use1-az2': 5, 'm5dn.4xlarge_use1-az4': 1, 'm5dn.4xlarge_use1-az5': 1, 'm5dn.4xlarge_use1-az6': 5, 'm5dn.8xlarge_use1-az2': 1, 'm5dn.8xlarge_use1-az6': 1, 'm5dn.large_use1-az1': 35, 'm5dn.large_use1-az2': 30, 'm5dn.large_use1-az4': 40, 'm5dn.large_use1-az5': 15, 'm5dn.large_use1-az6': 50, 'm5dn.xlarge_use1-az1': 10, 'm5dn.xlarge_use1-az2': 25, 'm5dn.xlarge_use1-az4': 20, 'm5dn.xlarge_use1-az5': 1, 'm5dn.xlarge_use1-az6': 30, 'm5n.12xlarge_use1-az1': 1, 'm5n.12xlarge_use1-az2': 1, 'm5n.12xlarge_use1-az4': 1, 'm5n.12xlarge_use1-az5': 1, 'm5n.12xlarge_use1-az6': 1, 'm5n.16xlarge_use1-az2': 1, 'm5n.16xlarge_use1-az4': 1, 'm5n.16xlarge_use1-az6': 1, 'm5n.24xlarge_use1-az2': 1, 'm5n.24xlarge_use1-az4': 1, 'm5n.24xlarge_use1-az6': 1, 'm5n.2xlarge_use1-az1': 15, 'm5n.2xlarge_use1-az2': 25, 'm5n.2xlarge_use1-az4': 30, 'm5n.2xlarge_use1-az5': 5, 'm5n.2xlarge_use1-az6': 25, 'm5n.4xlarge_use1-az1': 25, 'm5n.4xlarge_use1-az2': 35, 'm5n.4xlarge_use1-az4': 50, 'm5n.4xlarge_use1-az5': 5, 'm5n.4xlarge_use1-az6': 10, 'm5n.8xlarge_use1-az1': 1, 'm5n.8xlarge_use1-az2': 1, 'm5n.8xlarge_use1-az4': 1, 'm5n.8xlarge_use1-az6': 5, 'm5n.large_use1-az1': 5, 'm5n.large_use1-az2': 15, 'm5n.large_use1-az4': 5, 'm5n.large_use1-az5': 5, 'm5n.large_use1-az6': 15, 'm5n.xlarge_use1-az1': 20, 'm5n.xlarge_use1-az2': 50, 'm5n.xlarge_use1-az4': 50, 'm5n.xlarge_use1-az5': 1, 'm5n.xlarge_use1-az6': 50, 'm5zn.12xlarge_use1-az2': 1, 'm5zn.12xlarge_use1-az4': 10, 'm5zn.12xlarge_use1-az5': 1, 'm5zn.12xlarge_use1-az6': 5, 'm5zn.2xlarge_use1-az1': 1, 'm5zn.2xlarge_use1-az2': 1, 'm5zn.2xlarge_use1-az4': 25, 'm5zn.2xlarge_use1-az5': 1, 'm5zn.2xlarge_use1-az6': 5, 'm5zn.3xlarge_use1-az1': 1, 'm5zn.3xlarge_use1-az2': 1, 'm5zn.3xlarge_use1-az4': 5, 'm5zn.3xlarge_use1-az6': 5, 'm5zn.6xlarge_use1-az4': 1, 'm5zn.6xlarge_use1-az6': 1, 'm5zn.large_use1-az1': 5, 'm5zn.large_use1-az2': 5, 'm5zn.large_use1-az4': 30, 'm5zn.large_use1-az5': 15, 'm5zn.large_use1-az6': 20, 'm5zn.xlarge_use1-az1': 1, 'm5zn.xlarge_use1-az2': 1, 'm5zn.xlarge_use1-az4': 20, 'm5zn.xlarge_use1-az5': 5, 'm5zn.xlarge_use1-az6': 5, 'm6a.12xlarge_use1-az1': 5, 'm6a.12xlarge_use1-az2': 5, 'm6a.12xlarge_use1-az4': 15, 'm6a.12xlarge_use1-az6': 10, 'm6a.16xlarge_use1-az1': 5, 'm6a.16xlarge_use1-az2': 5, 'm6a.16xlarge_use1-az4': 5, 'm6a.16xlarge_use1-az6': 5, 'm6a.24xlarge_use1-az1': 1, 'm6a.24xlarge_use1-az2': 1, 'm6a.24xlarge_use1-az4': 1, 'm6a.24xlarge_use1-az6': 1, 'm6a.2xlarge_use1-az1': 50, 'm6a.2xlarge_use1-az2': 35, 'm6a.2xlarge_use1-az4': 45, 'm6a.2xlarge_use1-az5': 15, 'm6a.2xlarge_use1-az6': 50, 'm6a.32xlarge_use1-az2': 1, 'm6a.32xlarge_use1-az4': 1, 'm6a.32xlarge_use1-az5': 1, 'm6a.32xlarge_use1-az6': 1, 'm6a.48xlarge_use1-az2': 1, 'm6a.48xlarge_use1-az4': 1, 'm6a.48xlarge_use1-az6': 1, 'm6a.4xlarge_use1-az1': 45, 'm6a.4xlarge_use1-az2': 40, 'm6a.4xlarge_use1-az4': 25, 'm6a.4xlarge_use1-az5': 5, 'm6a.4xlarge_use1-az6': 50, 'm6a.8xlarge_use1-az1': 25, 'm6a.8xlarge_use1-az2': 15, 'm6a.8xlarge_use1-az4': 50, 'm6a.8xlarge_use1-az5': 10, 'm6a.8xlarge_use1-az6': 50, 'm6a.large_use1-az1': 50, 'm6a.large_use1-az2': 50, 'm6a.large_use1-az4': 50, 'm6a.large_use1-az5': 30, 'm6a.large_use1-az6': 50, 'm6a.xlarge_use1-az1': 50, 'm6a.xlarge_use1-az2': 50, 'm6a.xlarge_use1-az4': 50, 'm6a.xlarge_use1-az5': 35, 'm6a.xlarge_use1-az6': 50, 'm6g.12xlarge_use1-az1': 1, 'm6g.12xlarge_use1-az2': 5, 'm6g.12xlarge_use1-az4': 50, 'm6g.12xlarge_use1-az6': 50, 'm6g.16xlarge_use1-az1': 1, 'm6g.16xlarge_use1-az2': 5, 'm6g.16xlarge_use1-az4': 25, 'm6g.16xlarge_use1-az6': 50, 'm6g.2xlarge_use1-az1': 15, 'm6g.2xlarge_use1-az2': 50, 'm6g.2xlarge_use1-az4': 50, 'm6g.2xlarge_use1-az5': 5, 'm6g.2xlarge_use1-az6': 50, 'm6g.4xlarge_use1-az1': 10, 'm6g.4xlarge_use1-az2': 50, 'm6g.4xlarge_use1-az4': 50, 'm6g.4xlarge_use1-az5': 10, 'm6g.4xlarge_use1-az6': 50, 'm6g.8xlarge_use1-az1': 5, 'm6g.8xlarge_use1-az2': 50, 'm6g.8xlarge_use1-az4': 50, 'm6g.8xlarge_use1-az6': 50, 'm6g.large_use1-az1': 1, 'm6g.large_use1-az2': 50, 'm6g.large_use1-az4': 50, 'm6g.large_use1-az5': 5, 'm6g.large_use1-az6': 50, 'm6g.medium_use1-az1': 5, 'm6g.medium_use1-az2': 5, 'm6g.medium_use1-az4': 10, 'm6g.medium_use1-az5': 1, 'm6g.medium_use1-az6': 15, 'm6g.xlarge_use1-az1': 50, 'm6g.xlarge_use1-az2': 50, 'm6g.xlarge_use1-az4': 50, 'm6g.xlarge_use1-az5': 50, 'm6g.xlarge_use1-az6': 50, 'm6gd.12xlarge_use1-az1': 10, 'm6gd.12xlarge_use1-az2': 40, 'm6gd.12xlarge_use1-az4': 20, 'm6gd.12xlarge_use1-az5': 5, 'm6gd.12xlarge_use1-az6': 50, 'm6gd.16xlarge_use1-az1': 5, 'm6gd.16xlarge_use1-az2': 10, 'm6gd.16xlarge_use1-az4': 10, 'm6gd.16xlarge_use1-az5': 10, 'm6gd.16xlarge_use1-az6': 35, 'm6gd.2xlarge_use1-az1': 1, 'm6gd.2xlarge_use1-az2': 50, 'm6gd.2xlarge_use1-az4': 45, 'm6gd.2xlarge_use1-az5': 1, 'm6gd.2xlarge_use1-az6': 5, 'm6gd.4xlarge_use1-az1': 1, 'm6gd.4xlarge_use1-az2': 5, 'm6gd.4xlarge_use1-az4': 5, 'm6gd.4xlarge_use1-az5': 1, 'm6gd.4xlarge_use1-az6': 15, 'm6gd.8xlarge_use1-az1': 5, 'm6gd.8xlarge_use1-az2': 10, 'm6gd.8xlarge_use1-az4': 15, 'm6gd.8xlarge_use1-az5': 1, 'm6gd.8xlarge_use1-az6': 20, 'm6gd.large_use1-az1': 1, 'm6gd.large_use1-az2': 5, 'm6gd.large_use1-az4': 5, 'm6gd.large_use1-az5': 1, 'm6gd.large_use1-az6': 15, 'm6gd.medium_use1-az1': 1, 'm6gd.medium_use1-az2': 1, 'm6gd.medium_use1-az4': 1, 'm6gd.medium_use1-az5': 5, 'm6gd.medium_use1-az6': 1, 'm6gd.xlarge_use1-az1': 1, 'm6gd.xlarge_use1-az2': 10, 'm6gd.xlarge_use1-az4': 35, 'm6gd.xlarge_use1-az5': 1, 'm6gd.xlarge_use1-az6': 15, 'm6i.12xlarge_use1-az1': 1, 'm6i.12xlarge_use1-az2': 10, 'm6i.12xlarge_use1-az4': 50, 'm6i.12xlarge_use1-az5': 1, 'm6i.12xlarge_use1-az6': 30, 'm6i.16xlarge_use1-az1': 1, 'm6i.16xlarge_use1-az2': 10, 'm6i.16xlarge_use1-az4': 5, 'm6i.16xlarge_use1-az5': 1, 'm6i.16xlarge_use1-az6': 10, 'm6i.24xlarge_use1-az2': 10, 'm6i.24xlarge_use1-az4': 5, 'm6i.24xlarge_use1-az5': 1, 'm6i.24xlarge_use1-az6': 50, 'm6i.2xlarge_use1-az1': 25, 'm6i.2xlarge_use1-az2': 50, 'm6i.2xlarge_use1-az4': 50, 'm6i.2xlarge_use1-az5': 25, 'm6i.2xlarge_use1-az6': 50, 'm6i.32xlarge_use1-az2': 1, 'm6i.32xlarge_use1-az4': 5, 'm6i.32xlarge_use1-az5': 1, 'm6i.32xlarge_use1-az6': 15, 'm6i.4xlarge_use1-az1': 15, 'm6i.4xlarge_use1-az2': 50, 'm6i.4xlarge_use1-az4': 50, 'm6i.4xlarge_use1-az5': 50, 'm6i.4xlarge_use1-az6': 50, 'm6i.8xlarge_use1-az1': 1, 'm6i.8xlarge_use1-az2': 50, 'm6i.8xlarge_use1-az4': 50, 'm6i.8xlarge_use1-az5': 20, 'm6i.8xlarge_use1-az6': 50, 'm6i.large_use1-az1': 25, 'm6i.large_use1-az2': 50, 'm6i.large_use1-az4': 50, 'm6i.large_use1-az5': 50, 'm6i.large_use1-az6': 50, 'm6i.xlarge_use1-az1': 45, 'm6i.xlarge_use1-az2': 50, 'm6i.xlarge_use1-az4': 50, 'm6i.xlarge_use1-az5': 25, 'm6i.xlarge_use1-az6': 50, 'm6id.12xlarge_use1-az1': 1, 'm6id.12xlarge_use1-az2': 1, 'm6id.12xlarge_use1-az4': 1, 'm6id.12xlarge_use1-az6': 1, 'm6id.16xlarge_use1-az1': 1, 'm6id.16xlarge_use1-az2': 1, 'm6id.16xlarge_use1-az4': 1, 'm6id.16xlarge_use1-az6': 1, 'm6id.24xlarge_use1-az1': 10, 'm6id.24xlarge_use1-az2': 15, 'm6id.24xlarge_use1-az4': 35, 'm6id.24xlarge_use1-az5': 5, 'm6id.24xlarge_use1-az6': 15, 'm6id.2xlarge_use1-az1': 5, 'm6id.2xlarge_use1-az2': 5, 'm6id.2xlarge_use1-az4': 5, 'm6id.2xlarge_use1-az5': 1, 'm6id.2xlarge_use1-az6': 5, 'm6id.32xlarge_use1-az1': 10, 'm6id.32xlarge_use1-az2': 15, 'm6id.32xlarge_use1-az4': 5, 'm6id.32xlarge_use1-az5': 1, 'm6id.32xlarge_use1-az6': 50, 'm6id.4xlarge_use1-az1': 15, 'm6id.4xlarge_use1-az2': 10, 'm6id.4xlarge_use1-az4': 5, 'm6id.4xlarge_use1-az5': 1, 'm6id.4xlarge_use1-az6': 10, 'm6id.8xlarge_use1-az1': 1, 'm6id.8xlarge_use1-az4': 5, 'm6id.8xlarge_use1-az5': 1, 'm6id.8xlarge_use1-az6': 1, 'm6id.large_use1-az1': 30, 'm6id.large_use1-az2': 35, 'm6id.large_use1-az4': 15, 'm6id.large_use1-az5': 5, 'm6id.large_use1-az6': 50, 'm6id.xlarge_use1-az1': 20, 'm6id.xlarge_use1-az2': 45, 'm6id.xlarge_use1-az4': 15, 'm6id.xlarge_use1-az5': 5, 'm6id.xlarge_use1-az6': 25, 'm6idn.12xlarge_use1-az2': 1, 'm6idn.16xlarge_use1-az4': 1, 'm6idn.24xlarge_use1-az1': 1, 'm6idn.24xlarge_use1-az2': 1, 'm6idn.24xlarge_use1-az4': 1, 'm6idn.2xlarge_use1-az1': 5, 'm6idn.2xlarge_use1-az2': 10, 'm6idn.2xlarge_use1-az4': 5, 'm6idn.2xlarge_use1-az5': 1, 'm6idn.2xlarge_use1-az6': 5, 'm6idn.32xlarge_use1-az2': 1, 'm6idn.4xlarge_use1-az1': 30, 'm6idn.4xlarge_use1-az2': 10, 'm6idn.4xlarge_use1-az4': 5, 'm6idn.4xlarge_use1-az5': 5, 'm6idn.4xlarge_use1-az6': 5, 'm6idn.large_use1-az1': 25, 'm6idn.large_use1-az2': 35, 'm6idn.large_use1-az4': 15, 'm6idn.large_use1-az5': 10, 'm6idn.large_use1-az6': 10, 'm6idn.xlarge_use1-az1': 15, 'm6idn.xlarge_use1-az2': 50, 'm6idn.xlarge_use1-az4': 20, 'm6idn.xlarge_use1-az5': 5, 'm6idn.xlarge_use1-az6': 10, 'm6in.12xlarge_use1-az4': 1, 'm6in.16xlarge_use1-az2': 1, 'm6in.16xlarge_use1-az4': 1, 'm6in.24xlarge_use1-az1': 1, 'm6in.24xlarge_use1-az2': 1, 'm6in.2xlarge_use1-az1': 10, 'm6in.2xlarge_use1-az2': 20, 'm6in.2xlarge_use1-az4': 10, 'm6in.2xlarge_use1-az5': 1, 'm6in.2xlarge_use1-az6': 5, 'm6in.4xlarge_use1-az1': 1, 'm6in.4xlarge_use1-az2': 1, 'm6in.4xlarge_use1-az5': 1, 'm6in.8xlarge_use1-az1': 1, 'm6in.8xlarge_use1-az2': 1, 'm6in.8xlarge_use1-az4': 1, 'm6in.large_use1-az1': 5, 'm6in.large_use1-az2': 10, 'm6in.large_use1-az4': 5, 'm6in.large_use1-az5': 1, 'm6in.large_use1-az6': 1, 'm6in.xlarge_use1-az1': 5, 'm6in.xlarge_use1-az2': 10, 'm6in.xlarge_use1-az4': 1, 'm7a.12xlarge_use1-az2': 1, 'm7a.12xlarge_use1-az6': 20, 'm7a.16xlarge_use1-az2': 1, 'm7a.16xlarge_use1-az6': 40, 'm7a.24xlarge_use1-az2': 1, 'm7a.24xlarge_use1-az6': 50, 'm7a.2xlarge_use1-az1': 5, 'm7a.2xlarge_use1-az2': 15, 'm7a.2xlarge_use1-az4': 10, 'm7a.2xlarge_use1-az6': 50, 'm7a.32xlarge_use1-az6': 20, 'm7a.48xlarge_use1-az6': 40, 'm7a.4xlarge_use1-az1': 10, 'm7a.4xlarge_use1-az2': 5, 'm7a.4xlarge_use1-az4': 10, 'm7a.4xlarge_use1-az6': 25, 'm7a.8xlarge_use1-az1': 1, 'm7a.8xlarge_use1-az2': 5, 'm7a.8xlarge_use1-az4': 1, 'm7a.8xlarge_use1-az6': 50, 'm7a.large_use1-az1': 15, 'm7a.large_use1-az2': 50, 'm7a.large_use1-az4': 50, 'm7a.large_use1-az5': 5, 'm7a.large_use1-az6': 50, 'm7a.medium_use1-az1': 10, 'm7a.medium_use1-az2': 50, 'm7a.medium_use1-az4': 50, 'm7a.medium_use1-az6': 50, 'm7a.xlarge_use1-az1': 5, 'm7a.xlarge_use1-az2': 40, 'm7a.xlarge_use1-az4': 50, 'm7a.xlarge_use1-az6': 50, 'm7g.12xlarge_use1-az1': 1, 'm7g.12xlarge_use1-az2': 10, 'm7g.12xlarge_use1-az4': 45, 'm7g.12xlarge_use1-az5': 1, 'm7g.12xlarge_use1-az6': 50, 'm7g.16xlarge_use1-az1': 1, 'm7g.16xlarge_use1-az2': 30, 'm7g.16xlarge_use1-az4': 35, 'm7g.16xlarge_use1-az5': 1, 'm7g.16xlarge_use1-az6': 50, 'm7g.2xlarge_use1-az1': 35, 'm7g.2xlarge_use1-az2': 50, 'm7g.2xlarge_use1-az4': 50, 'm7g.2xlarge_use1-az5': 15, 'm7g.2xlarge_use1-az6': 50, 'm7g.4xlarge_use1-az1': 10, 'm7g.4xlarge_use1-az2': 30, 'm7g.4xlarge_use1-az4': 50, 'm7g.4xlarge_use1-az5': 10, 'm7g.4xlarge_use1-az6': 50, 'm7g.8xlarge_use1-az1': 1, 'm7g.8xlarge_use1-az2': 15, 'm7g.8xlarge_use1-az4': 40, 'm7g.8xlarge_use1-az5': 1, 'm7g.8xlarge_use1-az6': 50, 'm7g.large_use1-az1': 10, 'm7g.large_use1-az2': 50, 'm7g.large_use1-az4': 50, 'm7g.large_use1-az5': 30, 'm7g.large_use1-az6': 50, 'm7g.medium_use1-az1': 30, 'm7g.medium_use1-az2': 40, 'm7g.medium_use1-az4': 50, 'm7g.medium_use1-az5': 35, 'm7g.medium_use1-az6': 50, 'm7g.metal_use1-az1': 1, 'm7g.metal_use1-az2': 25, 'm7g.metal_use1-az4': 10, 'm7g.metal_use1-az5': 1, 'm7g.metal_use1-az6': 50, 'm7g.xlarge_use1-az1': 50, 'm7g.xlarge_use1-az2': 50, 'm7g.xlarge_use1-az4': 50, 'm7g.xlarge_use1-az5': 50, 'm7g.xlarge_use1-az6': 50, 'm7gd.12xlarge_use1-az1': 5, 'm7gd.12xlarge_use1-az2': 10, 'm7gd.12xlarge_use1-az4': 1, 'm7gd.12xlarge_use1-az6': 35, 'm7gd.16xlarge_use1-az1': 1, 'm7gd.16xlarge_use1-az2': 30, 'm7gd.16xlarge_use1-az4': 1, 'm7gd.16xlarge_use1-az6': 40, 'm7gd.2xlarge_use1-az1': 15, 'm7gd.2xlarge_use1-az2': 50, 'm7gd.2xlarge_use1-az4': 15, 'm7gd.2xlarge_use1-az6': 25, 'm7gd.4xlarge_use1-az1': 5, 'm7gd.4xlarge_use1-az2': 10, 'm7gd.4xlarge_use1-az4': 1, 'm7gd.4xlarge_use1-az6': 40, 'm7gd.8xlarge_use1-az1': 10, 'm7gd.8xlarge_use1-az2': 50, 'm7gd.8xlarge_use1-az4': 30, 'm7gd.8xlarge_use1-az5': 45, 'm7gd.8xlarge_use1-az6': 50, 'm7gd.large_use1-az1': 5, 'm7gd.large_use1-az2': 50, 'm7gd.large_use1-az4': 5, 'm7gd.large_use1-az6': 50, 'm7gd.medium_use1-az1': 15, 'm7gd.medium_use1-az2': 20, 'm7gd.medium_use1-az4': 15, 'm7gd.medium_use1-az5': 20, 'm7gd.medium_use1-az6': 25, 'm7gd.metal_use1-az1': 5, 'm7gd.metal_use1-az2': 15, 'm7gd.metal_use1-az4': 1, 'm7gd.metal_use1-az6': 15, 'm7gd.xlarge_use1-az1': 5, 'm7gd.xlarge_use1-az2': 10, 'm7gd.xlarge_use1-az4': 10, 'm7gd.xlarge_use1-az5': 1, 'm7gd.xlarge_use1-az6': 25, 'm7i-flex.2xlarge_use1-az1': 50, 'm7i-flex.2xlarge_use1-az2': 50, 'm7i-flex.2xlarge_use1-az4': 15, 'm7i-flex.2xlarge_use1-az5': 10, 'm7i-flex.2xlarge_use1-az6': 50, 'm7i-flex.4xlarge_use1-az2': 5, 'm7i-flex.4xlarge_use1-az4': 5, 'm7i-flex.4xlarge_use1-az6': 25, 'm7i-flex.8xlarge_use1-az1': 1, 'm7i-flex.8xlarge_use1-az2': 5, 'm7i-flex.8xlarge_use1-az4': 5, 'm7i-flex.8xlarge_use1-az5': 1, 'm7i-flex.8xlarge_use1-az6': 10, 'm7i-flex.large_use1-az1': 20, 'm7i-flex.large_use1-az2': 50, 'm7i-flex.large_use1-az4': 25, 'm7i-flex.large_use1-az5': 25, 'm7i-flex.large_use1-az6': 50, 'm7i-flex.xlarge_use1-az1': 50, 'm7i-flex.xlarge_use1-az2': 50, 'm7i-flex.xlarge_use1-az4': 50, 'm7i-flex.xlarge_use1-az5': 15, 'm7i-flex.xlarge_use1-az6': 50, 'm7i.12xlarge_use1-az1': 1, 'm7i.12xlarge_use1-az2': 5, 'm7i.12xlarge_use1-az4': 15, 'm7i.12xlarge_use1-az6': 50, 'm7i.16xlarge_use1-az1': 5, 'm7i.16xlarge_use1-az2': 10, 'm7i.16xlarge_use1-az4': 10, 'm7i.16xlarge_use1-az6': 50, 'm7i.24xlarge_use1-az2': 5, 'm7i.24xlarge_use1-az4': 5, 'm7i.24xlarge_use1-az6': 50, 'm7i.2xlarge_use1-az1': 1, 'm7i.2xlarge_use1-az2': 50, 'm7i.2xlarge_use1-az4': 50, 'm7i.2xlarge_use1-az6': 50, 'm7i.48xlarge_use1-az1': 1, 'm7i.48xlarge_use1-az2': 5, 'm7i.48xlarge_use1-az4': 20, 'm7i.48xlarge_use1-az6': 50, 'm7i.4xlarge_use1-az1': 1, 'm7i.4xlarge_use1-az2': 25, 'm7i.4xlarge_use1-az4': 10, 'm7i.4xlarge_use1-az6': 50, 'm7i.8xlarge_use1-az1': 40, 'm7i.8xlarge_use1-az2': 20, 'm7i.8xlarge_use1-az4': 50, 'm7i.8xlarge_use1-az6': 50, 'm7i.large_use1-az1': 50, 'm7i.large_use1-az2': 50, 'm7i.large_use1-az4': 50, 'm7i.large_use1-az5': 1, 'm7i.large_use1-az6': 50, 'm7i.xlarge_use1-az1': 30, 'm7i.xlarge_use1-az2': 35, 'm7i.xlarge_use1-az4': 50, 'm7i.xlarge_use1-az6': 50, 'm8g.12xlarge_use1-az2': 10, 'm8g.12xlarge_use1-az4': 10, 'm8g.12xlarge_use1-az5': 1, 'm8g.12xlarge_use1-az6': 35, 'm8g.16xlarge_use1-az2': 5, 'm8g.16xlarge_use1-az4': 5, 'm8g.16xlarge_use1-az5': 5, 'm8g.16xlarge_use1-az6': 45, 'm8g.24xlarge_use1-az2': 5, 'm8g.24xlarge_use1-az4': 1, 'm8g.24xlarge_use1-az5': 1, 'm8g.24xlarge_use1-az6': 25, 'm8g.2xlarge_use1-az4': 10, 'm8g.2xlarge_use1-az5': 10, 'm8g.48xlarge_use1-az2': 5, 'm8g.48xlarge_use1-az4': 5, 'm8g.48xlarge_use1-az6': 20, 'm8g.4xlarge_use1-az2': 5, 'm8g.4xlarge_use1-az4': 5, 'm8g.4xlarge_use1-az5': 1, 'm8g.4xlarge_use1-az6': 40, 'm8g.8xlarge_use1-az2': 10, 'm8g.8xlarge_use1-az4': 20, 'm8g.8xlarge_use1-az5': 1, 'm8g.8xlarge_use1-az6': 40, 'm8g.large_use1-az1': 1, 'm8g.large_use1-az2': 20, 'm8g.large_use1-az6': 45, 'm8g.medium_use1-az1': 1, 'm8g.medium_use1-az2': 15, 'm8g.metal-48xl_use1-az2': 5, 'm8g.metal-48xl_use1-az6': 25, 'm8g.xlarge_use1-az1': 1, 'm8g.xlarge_use1-az5': 15, 'm8g.xlarge_use1-az6': 50, 'm8gd.16xlarge_use1-az5': 1, 'm8gd.4xlarge_use1-az2': 5, 'm8gd.4xlarge_use1-az4': 1, 'm8gd.4xlarge_use1-az6': 1, 'm8gd.8xlarge_use1-az5': 1, 'm8gd.8xlarge_use1-az6': 5, 'm8gd.large_use1-az1': 20, 'm8gd.large_use1-az2': 15, 'm8gd.large_use1-az5': 1, 'm8gd.large_use1-az6': 1, 'm8gd.medium_use1-az6': 1, 'm8gd.metal-24xl_use1-az2': 1, 'm8gd.xlarge_use1-az1': 1, 'm8gd.xlarge_use1-az5': 1, 'm8i-flex.16xlarge_use1-az6': 5, 'm8i-flex.2xlarge_use1-az2': 10, 'm8i-flex.2xlarge_use1-az4': 1, 'm8i-flex.2xlarge_use1-az6': 50, 'm8i-flex.4xlarge_use1-az2': 1, 'm8i-flex.4xlarge_use1-az4': 1, 'm8i-flex.4xlarge_use1-az6': 5, 'm8i-flex.8xlarge_use1-az6': 1, 'm8i-flex.large_use1-az2': 5, 'm8i-flex.xlarge_use1-az2': 10, 'm8i-flex.xlarge_use1-az4': 25, 'm8i-flex.xlarge_use1-az6': 50, 'm8i.12xlarge_use1-az6': 1, 'm8i.16xlarge_use1-az4': 1, 'm8i.16xlarge_use1-az6': 1, 'm8i.24xlarge_use1-az6': 1, 'm8i.2xlarge_use1-az2': 10, 'm8i.2xlarge_use1-az4': 1, 'm8i.2xlarge_use1-az6': 10, 'm8i.32xlarge_use1-az2': 1, 'm8i.32xlarge_use1-az6': 5, 'm8i.48xlarge_use1-az2': 1, 'm8i.48xlarge_use1-az6': 5, 'm8i.4xlarge_use1-az2': 5, 'm8i.4xlarge_use1-az4': 1, 'm8i.4xlarge_use1-az6': 5, 'm8i.8xlarge_use1-az2': 1, 'm8i.8xlarge_use1-az4': 1, 'm8i.8xlarge_use1-az6': 20, 'm8i.96xlarge_use1-az6': 1, 'm8i.large_use1-az4': 25, 'm8i.metal-48xl_use1-az6': 1, 'm8i.metal-96xl_use1-az6': 1, 'm8i.xlarge_use1-az2': 30, 'm8i.xlarge_use1-az4': 10, 'p3.2xlarge_use1-az1': 50, 'p3.2xlarge_use1-az2': 50, 'p3.2xlarge_use1-az5': 50, 'p3.2xlarge_use1-az6': 50, 'p3dn.24xlarge_use1-az1': 15, 'p3dn.24xlarge_use1-az6': 50, 'p4d.24xlarge_use1-az2': 1, 'p4d.24xlarge_use1-az6': 1, 'p5.48xlarge_use1-az2': 15, 'r3.2xlarge_use1-az2': 1, 'r3.2xlarge_use1-az4': 1, 'r3.2xlarge_use1-az6': 1, 'r3.4xlarge_use1-az4': 1, 'r3.4xlarge_use1-az6': 1, 'r3.8xlarge_use1-az2': 1, 'r3.8xlarge_use1-az4': 1, 'r3.8xlarge_use1-az6': 5, 'r3.large_use1-az2': 50, 'r3.large_use1-az4': 50, 'r3.large_use1-az6': 50, 'r3.xlarge_use1-az2': 40, 'r3.xlarge_use1-az4': 50, 'r3.xlarge_use1-az6': 50, 'r4.16xlarge_use1-az1': 10, 'r4.16xlarge_use1-az2': 10, 'r4.16xlarge_use1-az3': 50, 'r4.16xlarge_use1-az4': 35, 'r4.16xlarge_use1-az5': 15, 'r4.16xlarge_use1-az6': 10, 'r4.2xlarge_use1-az1': 20, 'r4.2xlarge_use1-az2': 50, 'r4.2xlarge_use1-az3': 50, 'r4.2xlarge_use1-az4': 50, 'r4.2xlarge_use1-az5': 5, 'r4.2xlarge_use1-az6': 50, 'r4.4xlarge_use1-az1': 20, 'r4.4xlarge_use1-az2': 50, 'r4.4xlarge_use1-az3': 40, 'r4.4xlarge_use1-az4': 15, 'r4.4xlarge_use1-az5': 5, 'r4.4xlarge_use1-az6': 50, 'r4.8xlarge_use1-az1': 50, 'r4.8xlarge_use1-az2': 50, 'r4.8xlarge_use1-az3': 25, 'r4.8xlarge_use1-az4': 50, 'r4.8xlarge_use1-az5': 5, 'r4.8xlarge_use1-az6': 50, 'r4.large_use1-az1': 35, 'r4.large_use1-az2': 50, 'r4.large_use1-az3': 10, 'r4.large_use1-az4': 50, 'r4.large_use1-az5': 20, 'r4.large_use1-az6': 50, 'r4.xlarge_use1-az1': 50, 'r4.xlarge_use1-az2': 50, 'r4.xlarge_use1-az3': 50, 'r4.xlarge_use1-az4': 50, 'r4.xlarge_use1-az5': 30, 'r4.xlarge_use1-az6': 50, 'r5.12xlarge_use1-az1': 5, 'r5.12xlarge_use1-az2': 5, 'r5.12xlarge_use1-az4': 50, 'r5.12xlarge_use1-az5': 5, 'r5.12xlarge_use1-az6': 5, 'r5.16xlarge_use1-az1': 5, 'r5.16xlarge_use1-az4': 35, 'r5.16xlarge_use1-az5': 30, 'r5.16xlarge_use1-az6': 5, 'r5.24xlarge_use1-az4': 15, 'r5.24xlarge_use1-az5': 5, 'r5.24xlarge_use1-az6': 5, 'r5.2xlarge_use1-az1': 50, 'r5.2xlarge_use1-az2': 50, 'r5.2xlarge_use1-az4': 50, 'r5.2xlarge_use1-az5': 5, 'r5.2xlarge_use1-az6': 50, 'r5.4xlarge_use1-az1': 50, 'r5.4xlarge_use1-az2': 50, 'r5.4xlarge_use1-az4': 50, 'r5.4xlarge_use1-az5': 5, 'r5.4xlarge_use1-az6': 50, 'r5.8xlarge_use1-az1': 50, 'r5.8xlarge_use1-az2': 50, 'r5.8xlarge_use1-az4': 50, 'r5.8xlarge_use1-az5': 5, 'r5.8xlarge_use1-az6': 5, 'r5.large_use1-az1': 50, 'r5.large_use1-az2': 50, 'r5.large_use1-az4': 50, 'r5.large_use1-az5': 50, 'r5.large_use1-az6': 50, 'r5.xlarge_use1-az1': 50, 'r5.xlarge_use1-az2': 50, 'r5.xlarge_use1-az4': 50, 'r5.xlarge_use1-az5': 50, 'r5.xlarge_use1-az6': 50, 'r5a.12xlarge_use1-az1': 1, 'r5a.12xlarge_use1-az2': 1, 'r5a.12xlarge_use1-az4': 5, 'r5a.12xlarge_use1-az6': 5, 'r5a.16xlarge_use1-az1': 10, 'r5a.16xlarge_use1-az2': 10, 'r5a.16xlarge_use1-az4': 10, 'r5a.16xlarge_use1-az5': 5, 'r5a.16xlarge_use1-az6': 5, 'r5a.24xlarge_use1-az1': 5, 'r5a.24xlarge_use1-az2': 15, 'r5a.24xlarge_use1-az4': 10, 'r5a.24xlarge_use1-az5': 1, 'r5a.24xlarge_use1-az6': 10, 'r5a.2xlarge_use1-az1': 10, 'r5a.2xlarge_use1-az2': 20, 'r5a.2xlarge_use1-az4': 35, 'r5a.2xlarge_use1-az5': 5, 'r5a.2xlarge_use1-az6': 30, 'r5a.4xlarge_use1-az1': 25, 'r5a.4xlarge_use1-az2': 50, 'r5a.4xlarge_use1-az4': 50, 'r5a.4xlarge_use1-az5': 5, 'r5a.4xlarge_use1-az6': 50, 'r5a.8xlarge_use1-az1': 25, 'r5a.8xlarge_use1-az2': 10, 'r5a.8xlarge_use1-az4': 15, 'r5a.8xlarge_use1-az5': 30, 'r5a.8xlarge_use1-az6': 20, 'r5a.large_use1-az1': 50, 'r5a.large_use1-az2': 50, 'r5a.large_use1-az4': 50, 'r5a.large_use1-az5': 25, 'r5a.large_use1-az6': 50, 'r5a.xlarge_use1-az1': 20, 'r5a.xlarge_use1-az2': 50, 'r5a.xlarge_use1-az4': 50, 'r5a.xlarge_use1-az5': 5, 'r5a.xlarge_use1-az6': 50, 'r5ad.12xlarge_use1-az2': 1, 'r5ad.16xlarge_use1-az2': 50, 'r5ad.16xlarge_use1-az4': 10, 'r5ad.16xlarge_use1-az5': 1, 'r5ad.16xlarge_use1-az6': 10, 'r5ad.24xlarge_use1-az2': 25, 'r5ad.24xlarge_use1-az4': 1, 'r5ad.24xlarge_use1-az6': 10, 'r5ad.2xlarge_use1-az1': 1, 'r5ad.2xlarge_use1-az2': 1, 'r5ad.2xlarge_use1-az4': 1, 'r5ad.2xlarge_use1-az5': 1, 'r5ad.2xlarge_use1-az6': 1, 'r5ad.4xlarge_use1-az1': 1, 'r5ad.4xlarge_use1-az2': 10, 'r5ad.4xlarge_use1-az4': 5, 'r5ad.4xlarge_use1-az5': 1, 'r5ad.4xlarge_use1-az6': 1, 'r5ad.8xlarge_use1-az2': 5, 'r5ad.8xlarge_use1-az4': 20, 'r5ad.8xlarge_use1-az5': 1, 'r5ad.8xlarge_use1-az6': 10, 'r5ad.large_use1-az1': 1, 'r5ad.large_use1-az2': 30, 'r5ad.large_use1-az4': 10, 'r5ad.large_use1-az5': 5, 'r5ad.large_use1-az6': 10, 'r5ad.xlarge_use1-az1': 1, 'r5ad.xlarge_use1-az2': 10, 'r5ad.xlarge_use1-az4': 10, 'r5ad.xlarge_use1-az5': 1, 'r5ad.xlarge_use1-az6': 5, 'r5b.12xlarge_use1-az1': 5, 'r5b.12xlarge_use1-az4': 5, 'r5b.12xlarge_use1-az6': 1, 'r5b.16xlarge_use1-az1': 5, 'r5b.16xlarge_use1-az2': 5, 'r5b.16xlarge_use1-az4': 5, 'r5b.16xlarge_use1-az6': 5, 'r5b.24xlarge_use1-az1': 1, 'r5b.24xlarge_use1-az4': 5, 'r5b.24xlarge_use1-az6': 1, 'r5b.2xlarge_use1-az1': 1, 'r5b.2xlarge_use1-az2': 1, 'r5b.2xlarge_use1-az4': 1, 'r5b.2xlarge_use1-az6': 1, 'r5b.4xlarge_use1-az1': 5, 'r5b.4xlarge_use1-az2': 5, 'r5b.4xlarge_use1-az4': 5, 'r5b.4xlarge_use1-az6': 5, 'r5b.8xlarge_use1-az1': 5, 'r5b.8xlarge_use1-az2': 1, 'r5b.8xlarge_use1-az4': 1, 'r5b.8xlarge_use1-az6': 1, 'r5b.large_use1-az1': 1, 'r5b.large_use1-az2': 5, 'r5b.large_use1-az4': 10, 'r5b.large_use1-az6': 5, 'r5b.xlarge_use1-az1': 1, 'r5b.xlarge_use1-az2': 1, 'r5b.xlarge_use1-az4': 5, 'r5b.xlarge_use1-az6': 1, 'r5d.12xlarge_use1-az1': 1, 'r5d.12xlarge_use1-az2': 5, 'r5d.12xlarge_use1-az4': 10, 'r5d.12xlarge_use1-az6': 1, 'r5d.16xlarge_use1-az1': 5, 'r5d.16xlarge_use1-az2': 50, 'r5d.16xlarge_use1-az4': 50, 'r5d.16xlarge_use1-az5': 10, 'r5d.16xlarge_use1-az6': 50, 'r5d.24xlarge_use1-az1': 1, 'r5d.24xlarge_use1-az2': 1, 'r5d.24xlarge_use1-az4': 10, 'r5d.24xlarge_use1-az5': 1, 'r5d.24xlarge_use1-az6': 10, 'r5d.2xlarge_use1-az1': 5, 'r5d.2xlarge_use1-az2': 15, 'r5d.2xlarge_use1-az4': 15, 'r5d.2xlarge_use1-az5': 1, 'r5d.2xlarge_use1-az6': 15, 'r5d.4xlarge_use1-az1': 5, 'r5d.4xlarge_use1-az2': 20, 'r5d.4xlarge_use1-az4': 45, 'r5d.4xlarge_use1-az5': 5, 'r5d.4xlarge_use1-az6': 25, 'r5d.8xlarge_use1-az1': 5, 'r5d.8xlarge_use1-az2': 15, 'r5d.8xlarge_use1-az4': 15, 'r5d.8xlarge_use1-az5': 5, 'r5d.8xlarge_use1-az6': 50, 'r5d.large_use1-az1': 10, 'r5d.large_use1-az2': 50, 'r5d.large_use1-az4': 50, 'r5d.large_use1-az5': 5, 'r5d.large_use1-az6': 50, 'r5d.xlarge_use1-az1': 1, 'r5d.xlarge_use1-az2': 15, 'r5d.xlarge_use1-az4': 15, 'r5d.xlarge_use1-az5': 1, 'r5d.xlarge_use1-az6': 10, 'r5dn.12xlarge_use1-az1': 1, 'r5dn.12xlarge_use1-az2': 1, 'r5dn.12xlarge_use1-az4': 1, 'r5dn.12xlarge_use1-az5': 1, 'r5dn.12xlarge_use1-az6': 1, 'r5dn.16xlarge_use1-az1': 5, 'r5dn.16xlarge_use1-az2': 5, 'r5dn.16xlarge_use1-az4': 15, 'r5dn.16xlarge_use1-az5': 10, 'r5dn.16xlarge_use1-az6': 30, 'r5dn.24xlarge_use1-az2': 5, 'r5dn.24xlarge_use1-az4': 10, 'r5dn.24xlarge_use1-az5': 1, 'r5dn.24xlarge_use1-az6': 25, 'r5dn.2xlarge_use1-az1': 50, 'r5dn.2xlarge_use1-az2': 45, 'r5dn.2xlarge_use1-az4': 30, 'r5dn.2xlarge_use1-az5': 50, 'r5dn.2xlarge_use1-az6': 5, 'r5dn.4xlarge_use1-az1': 5, 'r5dn.4xlarge_use1-az2': 25, 'r5dn.4xlarge_use1-az4': 45, 'r5dn.4xlarge_use1-az5': 5, 'r5dn.4xlarge_use1-az6': 20, 'r5dn.8xlarge_use1-az1': 1, 'r5dn.8xlarge_use1-az2': 5, 'r5dn.8xlarge_use1-az4': 5, 'r5dn.8xlarge_use1-az5': 5, 'r5dn.8xlarge_use1-az6': 50, 'r5dn.large_use1-az1': 50, 'r5dn.large_use1-az2': 50, 'r5dn.large_use1-az4': 50, 'r5dn.large_use1-az5': 50, 'r5dn.large_use1-az6': 50, 'r5dn.xlarge_use1-az1': 5, 'r5dn.xlarge_use1-az2': 15, 'r5dn.xlarge_use1-az4': 15, 'r5dn.xlarge_use1-az5': 15, 'r5dn.xlarge_use1-az6': 15, 'r5n.12xlarge_use1-az2': 1, 'r5n.12xlarge_use1-az4': 1, 'r5n.12xlarge_use1-az6': 1, 'r5n.16xlarge_use1-az1': 1, 'r5n.16xlarge_use1-az2': 10, 'r5n.16xlarge_use1-az4': 35, 'r5n.16xlarge_use1-az5': 1, 'r5n.16xlarge_use1-az6': 20, 'r5n.2xlarge_use1-az1': 5, 'r5n.2xlarge_use1-az2': 5, 'r5n.2xlarge_use1-az4': 15, 'r5n.2xlarge_use1-az5': 1, 'r5n.2xlarge_use1-az6': 1, 'r5n.4xlarge_use1-az1': 5, 'r5n.4xlarge_use1-az2': 25, 'r5n.4xlarge_use1-az4': 15, 'r5n.4xlarge_use1-az5': 5, 'r5n.4xlarge_use1-az6': 35, 'r5n.8xlarge_use1-az1': 10, 'r5n.8xlarge_use1-az2': 20, 'r5n.8xlarge_use1-az4': 35, 'r5n.8xlarge_use1-az6': 15, 'r5n.large_use1-az1': 20, 'r5n.large_use1-az2': 50, 'r5n.large_use1-az4': 50, 'r5n.large_use1-az5': 10, 'r5n.large_use1-az6': 30, 'r5n.xlarge_use1-az1': 1, 'r5n.xlarge_use1-az2': 10, 'r5n.xlarge_use1-az4': 15, 'r5n.xlarge_use1-az5': 1, 'r5n.xlarge_use1-az6': 20, 'r6a.12xlarge_use1-az1': 1, 'r6a.12xlarge_use1-az2': 10, 'r6a.12xlarge_use1-az4': 5, 'r6a.12xlarge_use1-az6': 10, 'r6a.16xlarge_use1-az1': 5, 'r6a.16xlarge_use1-az2': 15, 'r6a.16xlarge_use1-az4': 30, 'r6a.16xlarge_use1-az5': 15, 'r6a.16xlarge_use1-az6': 40, 'r6a.24xlarge_use1-az2': 5, 'r6a.24xlarge_use1-az4': 1, 'r6a.24xlarge_use1-az5': 1, 'r6a.24xlarge_use1-az6': 5, 'r6a.2xlarge_use1-az1': 50, 'r6a.2xlarge_use1-az2': 50, 'r6a.2xlarge_use1-az4': 40, 'r6a.2xlarge_use1-az5': 1, 'r6a.2xlarge_use1-az6': 50, 'r6a.32xlarge_use1-az2': 5, 'r6a.32xlarge_use1-az4': 5, 'r6a.32xlarge_use1-az5': 5, 'r6a.32xlarge_use1-az6': 5, 'r6a.48xlarge_use1-az2': 5, 'r6a.48xlarge_use1-az4': 5, 'r6a.48xlarge_use1-az5': 5, 'r6a.48xlarge_use1-az6': 1, 'r6a.4xlarge_use1-az1': 50, 'r6a.4xlarge_use1-az2': 50, 'r6a.4xlarge_use1-az4': 50, 'r6a.4xlarge_use1-az5': 40, 'r6a.4xlarge_use1-az6': 50, 'r6a.8xlarge_use1-az1': 20, 'r6a.8xlarge_use1-az2': 50, 'r6a.8xlarge_use1-az4': 50, 'r6a.8xlarge_use1-az5': 50, 'r6a.8xlarge_use1-az6': 50, 'r6a.large_use1-az1': 50, 'r6a.large_use1-az2': 50, 'r6a.large_use1-az4': 50, 'r6a.large_use1-az5': 50, 'r6a.large_use1-az6': 50, 'r6a.xlarge_use1-az1': 50, 'r6a.xlarge_use1-az2': 50, 'r6a.xlarge_use1-az4': 50, 'r6a.xlarge_use1-az5': 50, 'r6a.xlarge_use1-az6': 50, 'r6g.12xlarge_use1-az2': 50, 'r6g.12xlarge_use1-az4': 45, 'r6g.12xlarge_use1-az5': 10, 'r6g.12xlarge_use1-az6': 50, 'r6g.16xlarge_use1-az1': 1, 'r6g.16xlarge_use1-az2': 50, 'r6g.16xlarge_use1-az4': 50, 'r6g.16xlarge_use1-az5': 50, 'r6g.16xlarge_use1-az6': 50, 'r6g.2xlarge_use1-az1': 1, 'r6g.2xlarge_use1-az2': 25, 'r6g.2xlarge_use1-az4': 40, 'r6g.2xlarge_use1-az5': 10, 'r6g.2xlarge_use1-az6': 50, 'r6g.4xlarge_use1-az1': 10, 'r6g.4xlarge_use1-az2': 50, 'r6g.4xlarge_use1-az4': 50, 'r6g.4xlarge_use1-az5': 50, 'r6g.4xlarge_use1-az6': 50, 'r6g.8xlarge_use1-az1': 1, 'r6g.8xlarge_use1-az2': 10, 'r6g.8xlarge_use1-az4': 50, 'r6g.8xlarge_use1-az5': 50, 'r6g.8xlarge_use1-az6': 50, 'r6g.large_use1-az1': 10, 'r6g.large_use1-az2': 40, 'r6g.large_use1-az4': 50, 'r6g.large_use1-az5': 5, 'r6g.large_use1-az6': 50, 'r6g.medium_use1-az1': 1, 'r6g.medium_use1-az2': 10, 'r6g.medium_use1-az4': 15, 'r6g.medium_use1-az5': 15, 'r6g.medium_use1-az6': 35, 'r6g.xlarge_use1-az1': 1, 'r6g.xlarge_use1-az2': 50, 'r6g.xlarge_use1-az4': 50, 'r6g.xlarge_use1-az5': 50, 'r6g.xlarge_use1-az6': 50, 'r6gd.12xlarge_use1-az1': 1, 'r6gd.12xlarge_use1-az2': 5, 'r6gd.12xlarge_use1-az4': 10, 'r6gd.12xlarge_use1-az5': 1, 'r6gd.12xlarge_use1-az6': 10, 'r6gd.16xlarge_use1-az1': 5, 'r6gd.16xlarge_use1-az2': 5, 'r6gd.16xlarge_use1-az4': 50, 'r6gd.16xlarge_use1-az5': 1, 'r6gd.16xlarge_use1-az6': 45, 'r6gd.2xlarge_use1-az1': 1, 'r6gd.2xlarge_use1-az2': 20, 'r6gd.2xlarge_use1-az4': 30, 'r6gd.2xlarge_use1-az5': 1, 'r6gd.2xlarge_use1-az6': 1, 'r6gd.4xlarge_use1-az1': 5, 'r6gd.4xlarge_use1-az2': 20, 'r6gd.4xlarge_use1-az4': 50, 'r6gd.4xlarge_use1-az5': 1, 'r6gd.4xlarge_use1-az6': 25, 'r6gd.8xlarge_use1-az1': 1, 'r6gd.8xlarge_use1-az2': 10, 'r6gd.8xlarge_use1-az4': 20, 'r6gd.8xlarge_use1-az5': 1, 'r6gd.8xlarge_use1-az6': 30, 'r6gd.large_use1-az1': 50, 'r6gd.large_use1-az2': 50, 'r6gd.large_use1-az4': 50, 'r6gd.large_use1-az5': 50, 'r6gd.large_use1-az6': 50, 'r6gd.medium_use1-az1': 5, 'r6gd.medium_use1-az2': 1, 'r6gd.medium_use1-az4': 5, 'r6gd.medium_use1-az5': 5, 'r6gd.medium_use1-az6': 1, 'r6gd.xlarge_use1-az1': 1, 'r6gd.xlarge_use1-az2': 1, 'r6gd.xlarge_use1-az4': 5, 'r6gd.xlarge_use1-az6': 10, 'r6i.12xlarge_use1-az1': 5, 'r6i.12xlarge_use1-az2': 5, 'r6i.12xlarge_use1-az4': 5, 'r6i.12xlarge_use1-az5': 1, 'r6i.12xlarge_use1-az6': 10, 'r6i.16xlarge_use1-az1': 1, 'r6i.16xlarge_use1-az2': 1, 'r6i.16xlarge_use1-az4': 10, 'r6i.16xlarge_use1-az5': 10, 'r6i.16xlarge_use1-az6': 1, 'r6i.24xlarge_use1-az4': 10, 'r6i.24xlarge_use1-az5': 1, 'r6i.24xlarge_use1-az6': 5, 'r6i.2xlarge_use1-az1': 15, 'r6i.2xlarge_use1-az2': 35, 'r6i.2xlarge_use1-az4': 50, 'r6i.2xlarge_use1-az5': 5, 'r6i.2xlarge_use1-az6': 50, 'r6i.32xlarge_use1-az4': 1, 'r6i.32xlarge_use1-az5': 1, 'r6i.32xlarge_use1-az6': 1, 'r6i.4xlarge_use1-az1': 30, 'r6i.4xlarge_use1-az2': 20, 'r6i.4xlarge_use1-az4': 20, 'r6i.4xlarge_use1-az5': 10, 'r6i.4xlarge_use1-az6': 40, 'r6i.8xlarge_use1-az1': 5, 'r6i.8xlarge_use1-az2': 10, 'r6i.8xlarge_use1-az4': 10, 'r6i.8xlarge_use1-az5': 5, 'r6i.8xlarge_use1-az6': 10, 'r6i.large_use1-az1': 20, 'r6i.large_use1-az2': 50, 'r6i.large_use1-az4': 50, 'r6i.large_use1-az5': 20, 'r6i.large_use1-az6': 50, 'r6i.xlarge_use1-az1': 15, 'r6i.xlarge_use1-az2': 45, 'r6i.xlarge_use1-az4': 50, 'r6i.xlarge_use1-az5': 10, 'r6i.xlarge_use1-az6': 50, 'r6id.12xlarge_use1-az1': 1, 'r6id.12xlarge_use1-az2': 5, 'r6id.12xlarge_use1-az4': 1, 'r6id.12xlarge_use1-az6': 5, 'r6id.16xlarge_use1-az1': 5, 'r6id.16xlarge_use1-az2': 5, 'r6id.16xlarge_use1-az4': 15, 'r6id.16xlarge_use1-az5': 1, 'r6id.16xlarge_use1-az6': 20, 'r6id.24xlarge_use1-az1': 10, 'r6id.24xlarge_use1-az2': 10, 'r6id.24xlarge_use1-az4': 5, 'r6id.24xlarge_use1-az5': 15, 'r6id.24xlarge_use1-az6': 25, 'r6id.2xlarge_use1-az1': 5, 'r6id.2xlarge_use1-az2': 1, 'r6id.2xlarge_use1-az4': 10, 'r6id.2xlarge_use1-az5': 1, 'r6id.2xlarge_use1-az6': 10, 'r6id.32xlarge_use1-az1': 1, 'r6id.32xlarge_use1-az2': 5, 'r6id.32xlarge_use1-az4': 1, 'r6id.32xlarge_use1-az5': 1, 'r6id.32xlarge_use1-az6': 10, 'r6id.4xlarge_use1-az1': 40, 'r6id.4xlarge_use1-az2': 50, 'r6id.4xlarge_use1-az4': 10, 'r6id.4xlarge_use1-az5': 20, 'r6id.4xlarge_use1-az6': 35, 'r6id.8xlarge_use1-az1': 1, 'r6id.8xlarge_use1-az2': 1, 'r6id.8xlarge_use1-az4': 5, 'r6id.8xlarge_use1-az5': 1, 'r6id.8xlarge_use1-az6': 5, 'r6id.large_use1-az1': 15, 'r6id.large_use1-az2': 10, 'r6id.large_use1-az4': 5, 'r6id.large_use1-az5': 15, 'r6id.large_use1-az6': 30, 'r6id.xlarge_use1-az1': 5, 'r6id.xlarge_use1-az2': 15, 'r6id.xlarge_use1-az4': 10, 'r6id.xlarge_use1-az5': 15, 'r6id.xlarge_use1-az6': 15, 'r6idn.16xlarge_use1-az4': 1, 'r6idn.16xlarge_use1-az5': 1, 'r6idn.16xlarge_use1-az6': 1, 'r6idn.24xlarge_use1-az6': 1, 'r6idn.2xlarge_use1-az1': 1, 'r6idn.2xlarge_use1-az2': 1, 'r6idn.2xlarge_use1-az4': 5, 'r6idn.2xlarge_use1-az5': 1, 'r6idn.2xlarge_use1-az6': 5, 'r6idn.32xlarge_use1-az6': 1, 'r6idn.4xlarge_use1-az1': 15, 'r6idn.4xlarge_use1-az2': 15, 'r6idn.4xlarge_use1-az4': 15, 'r6idn.4xlarge_use1-az5': 5, 'r6idn.4xlarge_use1-az6': 10, 'r6idn.8xlarge_use1-az2': 1, 'r6idn.8xlarge_use1-az4': 1, 'r6idn.8xlarge_use1-az6': 5, 'r6idn.large_use1-az1': 1, 'r6idn.large_use1-az2': 1, 'r6idn.large_use1-az4': 5, 'r6idn.large_use1-az5': 5, 'r6idn.large_use1-az6': 5, 'r6idn.xlarge_use1-az1': 5, 'r6idn.xlarge_use1-az2': 1, 'r6idn.xlarge_use1-az4': 5, 'r6idn.xlarge_use1-az5': 1, 'r6idn.xlarge_use1-az6': 5, 'r6in.12xlarge_use1-az1': 1, 'r6in.12xlarge_use1-az6': 5, 'r6in.16xlarge_use1-az4': 1, 'r6in.16xlarge_use1-az5': 1, 'r6in.16xlarge_use1-az6': 5, 'r6in.24xlarge_use1-az6': 1, 'r6in.2xlarge_use1-az1': 1, 'r6in.2xlarge_use1-az2': 1, 'r6in.2xlarge_use1-az4': 1, 'r6in.2xlarge_use1-az5': 1, 'r6in.2xlarge_use1-az6': 1, 'r6in.4xlarge_use1-az1': 5, 'r6in.4xlarge_use1-az2': 20, 'r6in.4xlarge_use1-az4': 15, 'r6in.4xlarge_use1-az5': 20, 'r6in.4xlarge_use1-az6': 20, 'r6in.8xlarge_use1-az1': 5, 'r6in.8xlarge_use1-az4': 1, 'r6in.8xlarge_use1-az6': 5, 'r6in.large_use1-az1': 45, 'r6in.large_use1-az2': 50, 'r6in.large_use1-az4': 50, 'r6in.large_use1-az5': 40, 'r6in.large_use1-az6': 50, 'r6in.xlarge_use1-az1': 1, 'r6in.xlarge_use1-az2': 1, 'r6in.xlarge_use1-az4': 1, 'r6in.xlarge_use1-az5': 1, 'r6in.xlarge_use1-az6': 1, 'r7a.12xlarge_use1-az1': 1, 'r7a.12xlarge_use1-az2': 1, 'r7a.12xlarge_use1-az4': 5, 'r7a.12xlarge_use1-az6': 20, 'r7a.16xlarge_use1-az1': 1, 'r7a.16xlarge_use1-az2': 15, 'r7a.16xlarge_use1-az4': 30, 'r7a.16xlarge_use1-az6': 50, 'r7a.24xlarge_use1-az2': 10, 'r7a.24xlarge_use1-az4': 10, 'r7a.24xlarge_use1-az6': 35, 'r7a.2xlarge_use1-az1': 1, 'r7a.2xlarge_use1-az2': 5, 'r7a.2xlarge_use1-az4': 25, 'r7a.2xlarge_use1-az6': 1, 'r7a.32xlarge_use1-az2': 1, 'r7a.32xlarge_use1-az4': 1, 'r7a.32xlarge_use1-az6': 50, 'r7a.48xlarge_use1-az2': 5, 'r7a.48xlarge_use1-az4': 5, 'r7a.48xlarge_use1-az6': 50, 'r7a.4xlarge_use1-az1': 5, 'r7a.4xlarge_use1-az2': 25, 'r7a.4xlarge_use1-az4': 50, 'r7a.4xlarge_use1-az6': 50, 'r7a.8xlarge_use1-az1': 5, 'r7a.8xlarge_use1-az2': 20, 'r7a.8xlarge_use1-az4': 50, 'r7a.8xlarge_use1-az6': 50, 'r7a.large_use1-az1': 50, 'r7a.large_use1-az2': 50, 'r7a.large_use1-az4': 50, 'r7a.large_use1-az6': 50, 'r7a.medium_use1-az1': 10, 'r7a.medium_use1-az2': 25, 'r7a.medium_use1-az4': 50, 'r7a.medium_use1-az6': 50, 'r7a.xlarge_use1-az1': 20, 'r7a.xlarge_use1-az2': 50, 'r7a.xlarge_use1-az4': 50, 'r7a.xlarge_use1-az6': 25, 'r7g.12xlarge_use1-az1': 1, 'r7g.12xlarge_use1-az2': 5, 'r7g.12xlarge_use1-az4': 50, 'r7g.12xlarge_use1-az5': 1, 'r7g.12xlarge_use1-az6': 5, 'r7g.16xlarge_use1-az1': 5, 'r7g.16xlarge_use1-az2': 30, 'r7g.16xlarge_use1-az4': 50, 'r7g.16xlarge_use1-az5': 5, 'r7g.16xlarge_use1-az6': 50, 'r7g.2xlarge_use1-az1': 5, 'r7g.2xlarge_use1-az2': 10, 'r7g.2xlarge_use1-az4': 50, 'r7g.2xlarge_use1-az5': 5, 'r7g.2xlarge_use1-az6': 15, 'r7g.4xlarge_use1-az1': 5, 'r7g.4xlarge_use1-az2': 5, 'r7g.4xlarge_use1-az4': 50, 'r7g.4xlarge_use1-az5': 5, 'r7g.4xlarge_use1-az6': 15, 'r7g.8xlarge_use1-az1': 1, 'r7g.8xlarge_use1-az2': 50, 'r7g.8xlarge_use1-az4': 50, 'r7g.8xlarge_use1-az5': 50, 'r7g.8xlarge_use1-az6': 50, 'r7g.large_use1-az1': 20, 'r7g.large_use1-az2': 50, 'r7g.large_use1-az4': 50, 'r7g.large_use1-az5': 40, 'r7g.large_use1-az6': 40, 'r7g.medium_use1-az1': 50, 'r7g.medium_use1-az2': 50, 'r7g.medium_use1-az4': 50, 'r7g.medium_use1-az5': 25, 'r7g.medium_use1-az6': 50, 'r7g.xlarge_use1-az1': 50, 'r7g.xlarge_use1-az2': 50, 'r7g.xlarge_use1-az4': 50, 'r7g.xlarge_use1-az5': 10, 'r7g.xlarge_use1-az6': 50, 'r7gd.12xlarge_use1-az1': 1, 'r7gd.12xlarge_use1-az2': 10, 'r7gd.12xlarge_use1-az4': 35, 'r7gd.12xlarge_use1-az5': 10, 'r7gd.12xlarge_use1-az6': 50, 'r7gd.16xlarge_use1-az1': 5, 'r7gd.16xlarge_use1-az2': 50, 'r7gd.16xlarge_use1-az4': 50, 'r7gd.16xlarge_use1-az5': 50, 'r7gd.16xlarge_use1-az6': 50, 'r7gd.2xlarge_use1-az1': 5, 'r7gd.2xlarge_use1-az2': 25, 'r7gd.2xlarge_use1-az4': 25, 'r7gd.2xlarge_use1-az5': 40, 'r7gd.2xlarge_use1-az6': 50, 'r7gd.4xlarge_use1-az1': 1, 'r7gd.4xlarge_use1-az2': 20, 'r7gd.4xlarge_use1-az4': 25, 'r7gd.4xlarge_use1-az5': 30, 'r7gd.4xlarge_use1-az6': 50, 'r7gd.8xlarge_use1-az1': 1, 'r7gd.8xlarge_use1-az2': 10, 'r7gd.8xlarge_use1-az4': 30, 'r7gd.8xlarge_use1-az5': 20, 'r7gd.8xlarge_use1-az6': 50, 'r7gd.large_use1-az1': 15, 'r7gd.large_use1-az2': 10, 'r7gd.large_use1-az4': 50, 'r7gd.large_use1-az5': 15, 'r7gd.large_use1-az6': 35, 'r7gd.medium_use1-az1': 35, 'r7gd.medium_use1-az2': 15, 'r7gd.medium_use1-az4': 25, 'r7gd.medium_use1-az5': 15, 'r7gd.medium_use1-az6': 20, 'r7gd.xlarge_use1-az1': 1, 'r7gd.xlarge_use1-az2': 10, 'r7gd.xlarge_use1-az4': 25, 'r7gd.xlarge_use1-az5': 10, 'r7gd.xlarge_use1-az6': 50, 'r7i.12xlarge_use1-az4': 1, 'r7i.12xlarge_use1-az6': 10, 'r7i.16xlarge_use1-az1': 5, 'r7i.16xlarge_use1-az2': 15, 'r7i.16xlarge_use1-az4': 45, 'r7i.16xlarge_use1-az5': 5, 'r7i.16xlarge_use1-az6': 50, 'r7i.24xlarge_use1-az1': 1, 'r7i.24xlarge_use1-az2': 1, 'r7i.24xlarge_use1-az4': 5, 'r7i.24xlarge_use1-az5': 5, 'r7i.24xlarge_use1-az6': 5, 'r7i.2xlarge_use1-az1': 5, 'r7i.2xlarge_use1-az2': 5, 'r7i.2xlarge_use1-az4': 10, 'r7i.2xlarge_use1-az5': 5, 'r7i.2xlarge_use1-az6': 50, 'r7i.48xlarge_use1-az2': 1, 'r7i.48xlarge_use1-az4': 5, 'r7i.48xlarge_use1-az5': 1, 'r7i.48xlarge_use1-az6': 5, 'r7i.4xlarge_use1-az1': 5, 'r7i.4xlarge_use1-az2': 20, 'r7i.4xlarge_use1-az4': 10, 'r7i.4xlarge_use1-az5': 1, 'r7i.4xlarge_use1-az6': 50, 'r7i.8xlarge_use1-az1': 5, 'r7i.8xlarge_use1-az2': 25, 'r7i.8xlarge_use1-az4': 25, 'r7i.8xlarge_use1-az5': 5, 'r7i.8xlarge_use1-az6': 50, 'r7i.large_use1-az1': 15, 'r7i.large_use1-az2': 50, 'r7i.large_use1-az4': 50, 'r7i.large_use1-az5': 15, 'r7i.large_use1-az6': 50, 'r7i.xlarge_use1-az1': 5, 'r7i.xlarge_use1-az2': 15, 'r7i.xlarge_use1-az4': 10, 'r7i.xlarge_use1-az5': 15, 'r7i.xlarge_use1-az6': 50, 'r8g.12xlarge_use1-az2': 5, 'r8g.12xlarge_use1-az4': 5, 'r8g.12xlarge_use1-az6': 15, 'r8g.16xlarge_use1-az1': 1, 'r8g.16xlarge_use1-az2': 50, 'r8g.16xlarge_use1-az4': 50, 'r8g.16xlarge_use1-az5': 5, 'r8g.16xlarge_use1-az6': 50, 'r8g.24xlarge_use1-az2': 10, 'r8g.24xlarge_use1-az4': 5, 'r8g.24xlarge_use1-az5': 5, 'r8g.24xlarge_use1-az6': 35, 'r8g.2xlarge_use1-az2': 5, 'r8g.2xlarge_use1-az4': 5, 'r8g.2xlarge_use1-az5': 1, 'r8g.2xlarge_use1-az6': 5, 'r8g.48xlarge_use1-az2': 1, 'r8g.48xlarge_use1-az4': 5, 'r8g.48xlarge_use1-az6': 5, 'r8g.4xlarge_use1-az2': 10, 'r8g.4xlarge_use1-az4': 35, 'r8g.4xlarge_use1-az5': 5, 'r8g.4xlarge_use1-az6': 50, 'r8g.8xlarge_use1-az2': 40, 'r8g.8xlarge_use1-az4': 15, 'r8g.8xlarge_use1-az5': 1, 'r8g.8xlarge_use1-az6': 50, 'r8g.large_use1-az1': 5, 'r8g.large_use1-az2': 30, 'r8g.large_use1-az4': 15, 'r8g.large_use1-az5': 10, 'r8g.large_use1-az6': 20, 'r8g.medium_use1-az1': 15, 'r8g.medium_use1-az2': 30, 'r8g.medium_use1-az4': 20, 'r8g.medium_use1-az5': 5, 'r8g.medium_use1-az6': 15, 'r8g.xlarge_use1-az1': 1, 'r8g.xlarge_use1-az2': 10, 'r8g.xlarge_use1-az4': 5, 'r8g.xlarge_use1-az5': 5, 'r8g.xlarge_use1-az6': 10, 'r8gb.24xlarge_use1-az6': 1, 'r8gb.2xlarge_use1-az2': 1, 'r8gb.2xlarge_use1-az4': 1, 'r8gb.2xlarge_use1-az6': 1, 'r8gb.large_use1-az2': 20, 'r8gb.large_use1-az4': 15, 'r8gb.large_use1-az6': 25, 'r8gb.medium_use1-az2': 50, 'r8gb.metal-24xl_use1-az6': 1, 'r8gb.xlarge_use1-az2': 5, 'r8gb.xlarge_use1-az4': 5, 'r8gb.xlarge_use1-az6': 5, 'r8gd.12xlarge_use1-az5': 1, 'r8gd.12xlarge_use1-az6': 1, 'r8gd.16xlarge_use1-az2': 1, 'r8gd.16xlarge_use1-az4': 1, 'r8gd.16xlarge_use1-az5': 1, 'r8gd.16xlarge_use1-az6': 15, 'r8gd.24xlarge_use1-az2': 1, 'r8gd.24xlarge_use1-az5': 1, 'r8gd.24xlarge_use1-az6': 25, 'r8gd.2xlarge_use1-az2': 25, 'r8gd.2xlarge_use1-az4': 30, 'r8gd.2xlarge_use1-az6': 50, 'r8gd.48xlarge_use1-az6': 50, 'r8gd.4xlarge_use1-az1': 1, 'r8gd.4xlarge_use1-az2': 20, 'r8gd.4xlarge_use1-az5': 1, 'r8gd.4xlarge_use1-az6': 15, 'r8gd.8xlarge_use1-az2': 5, 'r8gd.8xlarge_use1-az4': 1, 'r8gd.8xlarge_use1-az5': 1, 'r8gd.8xlarge_use1-az6': 1, 'r8gd.large_use1-az2': 50, 'r8gd.large_use1-az5': 1, 'r8gd.large_use1-az6': 50, 'r8gd.medium_use1-az1': 5, 'r8gd.medium_use1-az2': 5, 'r8gd.medium_use1-az4': 5, 'r8gd.medium_use1-az5': 10, 'r8gd.metal-24xl_use1-az6': 1, 'r8gd.metal-48xl_use1-az6': 1, 'r8gd.xlarge_use1-az2': 25, 'r8gd.xlarge_use1-az4': 1, 'r8gd.xlarge_use1-az5': 50, 'r8gd.xlarge_use1-az6': 40, 'r8gn.16xlarge_use1-az6': 1, 'r8gn.24xlarge_use1-az2': 1, 'r8gn.2xlarge_use1-az2': 1, 'r8gn.2xlarge_use1-az4': 1, 'r8gn.2xlarge_use1-az6': 1, 'r8gn.48xlarge_use1-az6': 1, 'r8gn.4xlarge_use1-az6': 5, 'r8gn.8xlarge_use1-az2': 1, 'r8gn.8xlarge_use1-az6': 5, 'r8gn.large_use1-az2': 20, 'r8gn.large_use1-az4': 15, 'r8gn.large_use1-az6': 20, 'r8gn.medium_use1-az2': 35, 'r8gn.medium_use1-az4': 40, 'r8gn.metal-24xl_use1-az2': 1, 'r8gn.metal-24xl_use1-az6': 1, 'r8gn.xlarge_use1-az2': 1, 'r8gn.xlarge_use1-az4': 5, 'r8gn.xlarge_use1-az6': 10, 'r8i-flex.2xlarge_use1-az2': 1, 'r8i-flex.2xlarge_use1-az6': 5, 'r8i-flex.4xlarge_use1-az2': 1, 'r8i-flex.4xlarge_use1-az6': 1, 'r8i-flex.large_use1-az2': 1, 'r8i-flex.large_use1-az6': 5, 'r8i-flex.xlarge_use1-az2': 5, 'r8i-flex.xlarge_use1-az6': 1, 'r8i.12xlarge_use1-az2': 1, 'r8i.12xlarge_use1-az6': 1, 'r8i.16xlarge_use1-az2': 1, 'r8i.16xlarge_use1-az6': 1, 'r8i.24xlarge_use1-az6': 1, 'r8i.2xlarge_use1-az2': 5, 'r8i.2xlarge_use1-az6': 5, 'r8i.32xlarge_use1-az2': 1, 'r8i.32xlarge_use1-az6': 1, 'r8i.48xlarge_use1-az2': 1, 'r8i.48xlarge_use1-az6': 1, 'r8i.4xlarge_use1-az2': 1, 'r8i.4xlarge_use1-az6': 5, 'r8i.8xlarge_use1-az2': 1, 'r8i.8xlarge_use1-az6': 5, 'r8i.96xlarge_use1-az2': 1, 'r8i.96xlarge_use1-az6': 1, 'r8i.large_use1-az2': 20, 'r8i.large_use1-az6': 20, 'r8i.xlarge_use1-az2': 5, 'r8i.xlarge_use1-az6': 5, 't2.2xlarge_use1-az1': 50, 't2.2xlarge_use1-az2': 50, 't2.2xlarge_use1-az3': 15, 't2.2xlarge_use1-az4': 50, 't2.2xlarge_use1-az5': 50, 't2.2xlarge_use1-az6': 50, 't2.large_use1-az1': 20, 't2.large_use1-az2': 50, 't2.large_use1-az3': 50, 't2.large_use1-az4': 50, 't2.large_use1-az5': 25, 't2.large_use1-az6': 50, 't2.medium_use1-az1': 50, 't2.medium_use1-az2': 50, 't2.medium_use1-az3': 50, 't2.medium_use1-az4': 50, 't2.medium_use1-az5': 50, 't2.medium_use1-az6': 50, 't2.xlarge_use1-az1': 35, 't2.xlarge_use1-az2': 50, 't2.xlarge_use1-az3': 20, 't2.xlarge_use1-az4': 50, 't2.xlarge_use1-az5': 5, 't2.xlarge_use1-az6': 50, 't3.2xlarge_use1-az1': 50, 't3.2xlarge_use1-az2': 50, 't3.2xlarge_use1-az4': 50, 't3.2xlarge_use1-az5': 50, 't3.2xlarge_use1-az6': 50, 't3.large_use1-az1': 50, 't3.large_use1-az2': 50, 't3.large_use1-az4': 50, 't3.large_use1-az5': 50, 't3.large_use1-az6': 50, 't3.medium_use1-az1': 50, 't3.medium_use1-az2': 50, 't3.medium_use1-az4': 50, 't3.medium_use1-az5': 50, 't3.medium_use1-az6': 50, 't3.xlarge_use1-az1': 50, 't3.xlarge_use1-az2': 50, 't3.xlarge_use1-az4': 50, 't3.xlarge_use1-az5': 50, 't3.xlarge_use1-az6': 50, 't3a.2xlarge_use1-az1': 50, 't3a.2xlarge_use1-az2': 50, 't3a.2xlarge_use1-az4': 50, 't3a.2xlarge_use1-az5': 50, 't3a.2xlarge_use1-az6': 50, 't3a.large_use1-az1': 50, 't3a.large_use1-az2': 50, 't3a.large_use1-az4': 50, 't3a.large_use1-az5': 5, 't3a.large_use1-az6': 50, 't3a.medium_use1-az1': 50, 't3a.medium_use1-az2': 50, 't3a.medium_use1-az4': 50, 't3a.medium_use1-az5': 5, 't3a.medium_use1-az6': 50, 't3a.xlarge_use1-az1': 25, 't3a.xlarge_use1-az2': 50, 't3a.xlarge_use1-az4': 50, 't3a.xlarge_use1-az5': 15, 't3a.xlarge_use1-az6': 50, 't4g.2xlarge_use1-az1': 5, 't4g.2xlarge_use1-az2': 15, 't4g.2xlarge_use1-az4': 5, 't4g.2xlarge_use1-az5': 10, 't4g.2xlarge_use1-az6': 10, 't4g.large_use1-az1': 1, 't4g.large_use1-az2': 15, 't4g.large_use1-az4': 50, 't4g.large_use1-az5': 25, 't4g.large_use1-az6': 35, 't4g.medium_use1-az1': 1, 't4g.medium_use1-az2': 50, 't4g.medium_use1-az4': 50, 't4g.medium_use1-az5': 35, 't4g.medium_use1-az6': 50, 't4g.xlarge_use1-az1': 30, 't4g.xlarge_use1-az2': 15, 't4g.xlarge_use1-az4': 50, 't4g.xlarge_use1-az5': 5, 't4g.xlarge_use1-az6': 10, 'trn1.2xlarge_use1-az5': 5, 'trn1.2xlarge_use1-az6': 20, 'trn1.32xlarge_use1-az6': 50, 'trn1n.32xlarge_use1-az6': 50, 'vt1.3xlarge_use1-az2': 1, 'vt1.6xlarge_use1-az2': 1, 'x1.16xlarge_use1-az2': 1, 'x1.16xlarge_use1-az4': 1, 'x1.16xlarge_use1-az6': 1, 'x1.32xlarge_use1-az2': 1, 'x1.32xlarge_use1-az3': 5, 'x1.32xlarge_use1-az6': 1, 'x1e.16xlarge_use1-az2': 1, 'x1e.16xlarge_use1-az4': 1, 'x1e.16xlarge_use1-az6': 5, 'x1e.2xlarge_use1-az1': 1, 'x1e.2xlarge_use1-az2': 5, 'x1e.2xlarge_use1-az4': 10, 'x1e.2xlarge_use1-az6': 1, 'x1e.4xlarge_use1-az2': 5, 'x1e.4xlarge_use1-az4': 5, 'x1e.4xlarge_use1-az6': 1, 'x1e.8xlarge_use1-az1': 1, 'x1e.8xlarge_use1-az2': 1, 'x1e.8xlarge_use1-az4': 5, 'x1e.8xlarge_use1-az6': 5, 'x1e.xlarge_use1-az1': 10, 'x1e.xlarge_use1-az2': 20, 'x1e.xlarge_use1-az4': 15, 'x1e.xlarge_use1-az6': 5, 'x2gd.12xlarge_use1-az5': 5, 'x2gd.12xlarge_use1-az6': 1, 'x2gd.16xlarge_use1-az5': 1, 'x2gd.16xlarge_use1-az6': 15, 'x2gd.2xlarge_use1-az1': 5, 'x2gd.2xlarge_use1-az4': 1, 'x2gd.2xlarge_use1-az5': 5, 'x2gd.2xlarge_use1-az6': 30, 'x2gd.4xlarge_use1-az1': 1, 'x2gd.4xlarge_use1-az2': 1, 'x2gd.4xlarge_use1-az4': 5, 'x2gd.4xlarge_use1-az5': 1, 'x2gd.4xlarge_use1-az6': 35, 'x2gd.8xlarge_use1-az4': 1, 'x2gd.8xlarge_use1-az5': 1, 'x2gd.8xlarge_use1-az6': 5, 'x2gd.large_use1-az1': 35, 'x2gd.large_use1-az2': 25, 'x2gd.large_use1-az4': 15, 'x2gd.large_use1-az5': 25, 'x2gd.large_use1-az6': 50, 'x2gd.medium_use1-az1': 25, 'x2gd.medium_use1-az2': 35, 'x2gd.medium_use1-az4': 50, 'x2gd.medium_use1-az5': 50, 'x2gd.medium_use1-az6': 50, 'x2gd.xlarge_use1-az1': 5, 'x2gd.xlarge_use1-az2': 1, 'x2gd.xlarge_use1-az4': 20, 'x2gd.xlarge_use1-az5': 15, 'x2gd.xlarge_use1-az6': 25, 'x2idn.16xlarge_use1-az2': 1, 'x2idn.16xlarge_use1-az5': 1, 'x2idn.24xlarge_use1-az4': 1, 'x2idn.24xlarge_use1-az5': 1, 'x2idn.32xlarge_use1-az5': 1, 'x2iedn.24xlarge_use1-az4': 1, 'x2iedn.24xlarge_use1-az6': 1, 'x2iedn.2xlarge_use1-az1': 1, 'x2iedn.2xlarge_use1-az2': 25, 'x2iedn.2xlarge_use1-az4': 15, 'x2iedn.2xlarge_use1-az5': 1, 'x2iedn.2xlarge_use1-az6': 5, 'x2iedn.4xlarge_use1-az1': 1, 'x2iedn.4xlarge_use1-az2': 1, 'x2iedn.4xlarge_use1-az4': 1, 'x2iedn.4xlarge_use1-az5': 1, 'x2iedn.4xlarge_use1-az6': 1, 'x2iedn.8xlarge_use1-az4': 1, 'x2iedn.8xlarge_use1-az6': 1, 'x2iedn.xlarge_use1-az1': 5, 'x2iedn.xlarge_use1-az2': 20, 'x2iedn.xlarge_use1-az4': 10, 'x2iedn.xlarge_use1-az5': 1, 'x2iedn.xlarge_use1-az6': 10, 'x2iezn.12xlarge_use1-az2': 1, 'x2iezn.12xlarge_use1-az4': 20, 'x2iezn.12xlarge_use1-az6': 5, 'x2iezn.2xlarge_use1-az2': 5, 'x2iezn.2xlarge_use1-az4': 10, 'x2iezn.2xlarge_use1-az6': 1, 'x2iezn.4xlarge_use1-az2': 1, 'x2iezn.4xlarge_use1-az4': 5, 'x2iezn.4xlarge_use1-az6': 1, 'x2iezn.6xlarge_use1-az2': 1, 'x2iezn.6xlarge_use1-az4': 5, 'x2iezn.6xlarge_use1-az6': 1, 'x2iezn.8xlarge_use1-az2': 1, 'x2iezn.8xlarge_use1-az4': 10, 'x2iezn.8xlarge_use1-az6': 1, 'x8g.12xlarge_use1-az2': 1, 'x8g.12xlarge_use1-az4': 20, 'x8g.12xlarge_use1-az6': 1, 'x8g.16xlarge_use1-az1': 1, 'x8g.16xlarge_use1-az2': 5, 'x8g.16xlarge_use1-az4': 5, 'x8g.16xlarge_use1-az6': 5, 'x8g.24xlarge_use1-az1': 1, 'x8g.24xlarge_use1-az2': 5, 'x8g.24xlarge_use1-az4': 5, 'x8g.24xlarge_use1-az6': 10, 'x8g.2xlarge_use1-az1': 5, 'x8g.2xlarge_use1-az2': 10, 'x8g.2xlarge_use1-az4': 10, 'x8g.2xlarge_use1-az6': 25, 'x8g.48xlarge_use1-az1': 1, 'x8g.48xlarge_use1-az2': 1, 'x8g.48xlarge_use1-az4': 10, 'x8g.48xlarge_use1-az6': 1, 'x8g.4xlarge_use1-az1': 1, 'x8g.4xlarge_use1-az2': 5, 'x8g.4xlarge_use1-az4': 5, 'x8g.4xlarge_use1-az6': 10, 'x8g.8xlarge_use1-az2': 15, 'x8g.8xlarge_use1-az4': 20, 'x8g.8xlarge_use1-az6': 5, 'x8g.large_use1-az1': 30, 'x8g.large_use1-az4': 50, 'x8g.large_use1-az6': 50, 'x8g.medium_use1-az1': 50, 'x8g.medium_use1-az4': 50, 'x8g.medium_use1-az6': 50, 'x8g.metal-24xl_use1-az1': 1, 'x8g.metal-24xl_use1-az2': 1, 'x8g.metal-24xl_use1-az4': 1, 'x8g.metal-24xl_use1-az6': 10, 'x8g.metal-48xl_use1-az2': 1, 'x8g.metal-48xl_use1-az4': 1, 'x8g.metal-48xl_use1-az6': 1, 'x8g.xlarge_use1-az1': 10, 'x8g.xlarge_use1-az2': 20, 'x8g.xlarge_use1-az4': 40, 'x8g.xlarge_use1-az6': 50, 'z1d.12xlarge_use1-az1': 1, 'z1d.12xlarge_use1-az2': 1, 'z1d.12xlarge_use1-az4': 1, 'z1d.12xlarge_use1-az5': 1, 'z1d.12xlarge_use1-az6': 5, 'z1d.2xlarge_use1-az1': 5, 'z1d.2xlarge_use1-az2': 5, 'z1d.2xlarge_use1-az4': 15, 'z1d.2xlarge_use1-az5': 1, 'z1d.2xlarge_use1-az6': 15, 'z1d.3xlarge_use1-az1': 5, 'z1d.3xlarge_use1-az2': 5, 'z1d.3xlarge_use1-az4': 10, 'z1d.3xlarge_use1-az5': 5, 'z1d.3xlarge_use1-az6': 5, 'z1d.6xlarge_use1-az1': 1, 'z1d.6xlarge_use1-az2': 1, 'z1d.6xlarge_use1-az4': 1, 'z1d.6xlarge_use1-az6': 1, 'z1d.large_use1-az1': 15, 'z1d.large_use1-az2': 5, 'z1d.large_use1-az4': 25, 'z1d.large_use1-az5': 10, 'z1d.large_use1-az6': 25, 'z1d.xlarge_use1-az1': 10, 'z1d.xlarge_use1-az2': 20, 'z1d.xlarge_use1-az4': 30, 'z1d.xlarge_use1-az5': 1, 'z1d.xlarge_use1-az6': 20}"
